-2 -2 -3 -4 -2 -1 -3 -4 -3  0  2 -2  8 -1 -4 -3 -2 -2 -2  0 0 0 1 1 0.91
 0 -2  1  5 -3 -1  1 -2 -2 -4 -4 -1 -3 -4  3  2 -1 -5 -4 -3 0 0 1 1 0.87
-1  2 -1  2 -3  1  1  0 -2 -1 -2  2  0 -3 -2  1  2 -4 -3 -2 0 0 1 1 0.83
-1  1  1  0 -3  0  2  0  2 -3 -3  2 -2 -4  1  0  3 -4 -2 -2 0 0 1 1 0.73
-1  0  1  0 -3  1  2  1  0 -2 -3  2 -2 -3 -2  1  2 -4 -3 -1 0 0 1 1 0.67
 0  1  1  0 -3  1  2 -1  0 -3 -3  2 -1 -3  1  1  1 -4 -3 -2 0 0 1 1 0.64
-1 -1  1  2 -4  1  3 -1 -2 -4 -4  3 -3 -4  1  2  0 -5 -3 -4 0 0 1 1 0.54
 0 -1  2  3 -4  2  3  0  0 -4 -4  0 -2 -4 -1  2 -1 -4 -3 -4 0 0 1 1 0.37
-2  0  3  2 -4  0  3  0  0 -4 -3  3 -3 -4  1  0 -1 -5 -3 -3 0 0 1 1 0.18
-2 -5 -5 -6 -4 -4 -5 -6 -5  1  4 -4  7 -3 -5 -4  0 -4 -2  2 0 1 0 1 0.12
 0 -2 -1  0 -3  2  2 -4 -3  2 -2  1  3 -3 -3  0  0 -4 -2  2 0 1 0 1 0.08
-5  8 -4 -5 -7 -3 -4 -6 -4 -6 -2  3 -5 -6 -6 -4 -5 -7 -5 -6 0 1 0 1 0.05
-4 -6 -6 -6 -4 -6 -6 -6 -5  5 -1 -6  0  6 -6 -5  0 -4 -2  3 0 1 0 0 0.04
-2 -4 -1 -1 -1 -4 -4  3 -4 -5 -5 -4 -1 -6 -4  5  3 -6 -5 -3 0 1 0 1 0.04
-3 -6 -6 -6 -4 -5 -6 -6 -6  5  1 -5  1 -1 -6 -3 -3 -6 -4  5 0 1 0 0 0.03
 0  0 -1 -4 -4 -1 -3 -4  0 -5 -5 -1 -4 -5 -4  6  3 -5  1 -3 0 1 0 1 0.02
-3 -5 -6 -7 -4 -5 -6 -7 -6  4  5 -5  4 -1 -6 -5 -4 -5 -4  2 0 1 0 0 0.01
-4 -5 -1  4 -7 -2  0 -4 -5 -7 -7 -3 -6 -7  7 -2 -3 -7 -7 -6 0 1 0 1 0.01
-1 -1 -1  4 -5  1  4 -1 -2 -5 -4  2 -4 -6 -1  0 -2 -6 -5 -4 1 0 0 1 0.02
-2  0  2  4 -5  2  3 -1 -1 -4 -4  1 -4 -2 -2  1  0 -5 -4 -4 1 0 0 1 0.02
-3 -5 -6 -7 -5 -1 -6 -7 -6  1  6 -5  2 -1 -6 -5 -1 -5 -2  0 1 0 0 0 0.02
 1 -3 -5 -5 -4 -4 -2 -5 -1  1  5 -3  2  0 -5 -3 -2 -4  2  0 1 0 0 0 0.02
 0  2  1  3 -5  1  4 -2  0 -4 -4  1 -2 -5 -4  0 -2 -5 -4 -4 1 0 0 1 0.02
 1  2 -2  0 -3  2  5 -2  0 -4 -2  2 -2 -3 -3 -1 -2 -5 -4 -4 1 0 0 1 0.02
-5 -6 -6 -7 -5 -6 -6 -7 -5  3  4 -6  1  6 -6 -5 -4 -4 -2  2 1 0 0 0 0.03
-6 -5 -1  8 -8 -2  2 -4 -5 -4 -4 -5 -7 -7 -6 -4 -5 -8 -7 -4 1 0 0 1 0.03
 1  3  0  1 -5  2  3 -2 -1 -3 -3  1 -2 -5 -3  0 -1 -5 -3 -3 1 0 0 1 0.04
-1  1 -4 -3  0 -2 -2 -5  0  2  3 -1  3  2 -4 -3 -2  1  2  0 1 0 0 0 0.03
 0 -2 -2 -4  2 -1 -4 -4 -4  4  0 -2  3 -1 -4 -1 -1  2  0  3 1 0 0 0 0.03
 1  2  0  1 -4  1  3 -2  1 -2 -3  2 -1 -2 -2  0  0 -4 -3 -1 1 0 0 1 0.03
 0  3  0  0 -4  1  3 -2  1 -2 -2  2 -1 -4 -2  0  0 -4 -2 -2 1 0 0 1 0.04
-2  4  0 -2 -4  2  0  2  2 -2 -1  2  0 -2 -4 -1 -1  1 -2 -2 1 0 0 0 0.04
-2  0  0 -2  0 -1 -1  6  0 -3 -4 -2 -5 -6 -5 -1 -4 -6 -2 -3 0 0 1 1 0.04
-3 -5 -3 -3 -1 -4 -1 -3  0 -1 -1 -3  1  4 -5 -2 -4 -2  8 -2 0 0 1 0 0.05
 1  0  0  1 -3  1  0 -1 -1 -2 -3  0 -2 -3  2  2  2 -4 -3  0 0 0 1 1 0.03
-3 -4  6  0 -5 -3 -3  1 -3 -6 -6 -2 -5 -6 -4  5  0 -6 -5 -5 0 0 1 1 0.03
-6  8 -5 -6 -8 -3 -4 -7 -2 -4 -4 -1 -5 -7 -6 -3 -5 -7 -6 -4 1 0 0 1 0.03
-3 -5 -4 -5 -5 -4 -4 -5 -5 -7 -7 -4 -6 -7 -5  8 -3 -7 -6 -6 1 0 0 0 0.02
-3  2 -2 -1 -6  2  6 -4 -1 -6 -6  1 -5 -6 -4 -1 -4 -6 -5 -5 1 0 0 0 0.02
 5 -4 -4 -5 -1 -4 -4  0 -4  1  1 -4 -1  2 -4 -2 -2 -4 -2  2 1 0 0 0 0.01
-4 -5 -6 -6 -4 -5 -6 -6 -6  6  1 -5  0  0 -5 -5 -2 -5 -4  4 1 0 0 0 0.01
 0  7 -1 -4 -3  2 -1 -4 -3 -5 -4 -1 -4 -6 -5 -2 -2 -6 -3 -3 1 0 0 1 0.01
-1 -2 -1  6 -6  0  4 -4 -3 -2 -4 -1 -1 -3 -4 -1 -3 -6 -3 -3 1 0 0 0 0.01
 4 -5 -5 -5 -4 -4 -4 -2 -5  0  4 -4  3 -2 -5 -1 -3 -5 -4 -1 1 0 0 0 0.01
 0 -5 -5 -6 -2 -5 -5 -5 -5  5  3 -5  2 -1 -5 -3 -2 -5 -4  2 1 0 0 0 0.01
-2  7  0 -3 -6  1  0 -5 -1 -4 -4  1 -3 -6 -5 -2 -3 -6 -5 -4 1 0 0 0 0.01
 0  0  2  3 -4  0  3 -2  0 -3 -2  1 -1 -4 -3  0  1 -4 -1 -3 1 0 0 1 0.02
 1 -1 -2 -2 -4 -1 -1  0  1 -2  0  0  0  3 -4 -1 -2  1  5 -2 1 0 0 0 0.03
 0 -1  1 -1 -2  1  1 -2 -1  1  1 -1  2  1 -2 -1 -1 -2 -1  1 1 0 0 0 0.04
 1 -1 -1  0 -3  1  0  0  0  0 -1  0  0 -3 -1  0  0 -4 -1  2 1 0 0 0 0.06
-1  1 -1  0  0  2  4 -2  2 -4 -3  1 -1 -2 -1 -1 -1 -4  0 -3 1 0 0 1 0.09
-1 -1  1  1  0  1  2 -2  4 -2 -2  0  0  0 -1 -1 -1 -3  3 -2 1 0 0 0 0.12
 0  1  0 -1 -4  1  3 -2  0 -2 -2  1 -1 -2 -1  1  1 -4 -1 -1 1 0 0 0 0.14
 0  0 -1 -4  0  1 -1 -3 -4 -2  0 -2  0  0 -1 -1 -1 10  0 -2 1 0 0 0 0.14
 0  0 -1  0 -3  1  2 -1  0 -1  0  0  2 -2 -1  0  0  1 -1 -1 0 0 1 1 0.16
 0  0  1  2  0  2  3 -1  1 -2 -2  0 -3 -2 -1  1  0 -4 -3 -2 0 0 1 1 0.17
-1  1  0  3 -4  1  1  1  2 -3 -2  0 -3 -2  1  0 -1 -1 -3 -2 0 0 1 1 0.19
 0  1  0  0 -2  0  1  0  0  0  0  0  0 -1  1  0  0 -2  0  0 0 0 1 1 0.21
 0  0  0  0 -1  1  2  0 -1 -1 -1  1  0 -2  1  0  1 -3 -1 -1 0 0 1 1 0.18
 0  0  0  0  2  1  0  0 -2  0 -1  0 -1  0  1  0  0 -3 -2  0 0 0 1 1 0.14
 0  0  1  2 -3  0  2  0  0 -1 -2  0  0 -1  1  0  1 -3 -2 -1 0 0 1 1 0.10
 0  1  0  0  0  1  2  1  3 -1 -1  0 -1 -3 -2  0  0 -3  0 -1 0 0 1 1 0.06
-1  0  1  0  0  0  2 -1  2 -1 -1  0 -1 -1  1  0 -1 -3 -1  0 0 0 1 1 0.04
-1  0 -2 -2  6 -3 -2 -2  0  0  1 -1  3 -3 -4 -1 -1 -4 -1  2 0 1 0 1 0.02
 2 -1 -1 -4  0 -3 -2 -2 -1  2 -1 -2  3  1 -4 -1 -1 -3  1  3 0 1 0 0 0.02
 3 -5  0 -4  0 -4 -5  6 -5 -3 -1 -2 -4 -5 -5 -1 -2 -5 -5 -4 0 1 0 0 0.01
 0 -4 -2 -3 -1 -4 -2 -3 -5  3  0 -4 -1 -2 -4 -1  4 -5 -2  4 0 1 0 0 0.01
-3 -6 -6 -6 -1 -5 -6 -7 -6  5  3 -6  1 -1 -6 -5 -4 -5 -4  4 0 1 0 0 0.01
-1 -4 -1 -4 -2 -4 -4 -3 -1  2 -2 -4  0 -2 -4  2  5 -5  1  2 0 1 0 0 0.01
-1 -4 -5 -5 -1 -4 -5 -5 -4  3  3 -4  2  1 -5 -2 -3 -3  4  3 0 1 0 0 0.01
-1 -3 -4 -2 -3 -4 -4 -4 -5  4  1 -4  0 -1 -1 -3  0 -1 -3  5 0 1 0 0 0.01
-3 -3 -4 -5 -2 -4 -4 -5  1 -3 -2 -4  0  3 -3 -1 -3 -2  9 -1 0 1 0 0 0.01
-3 -1  3  6 -5 -1  1 -2 -1 -5 -4  0 -4 -5 -4  0 -2 -5 -4 -3 0 0 1 0 0.01
-2 -1 -2 -1  0  0 -2 -3  9 -4 -4 -1 -4 -1  2 -2 -2 -4  1 -3 0 0 1 1 0.01
 0  0 -2  1 -2 -1  2 -1  7 -5 -4 -1 -4 -4 -2  1  0 -5 -3 -4 0 0 1 1 0.01
 0  0  0 -1 -3  2  1 -2  1 -1 -1  2  1 -1 -1  0  1 -3 -1  0 0 0 1 1 0.01
-2  5  0 -1 -2  0  1  0  0 -4 -3  1 -3 -3  0  1  0 -4 -3 -3 0 0 1 1 0.02
-1  0  1  4 -5 -1  4  2 -1 -4 -4 -1 -4 -5 -1 -1 -1 -5 -4 -3 0 0 1 1 0.02
 0 -5 -5 -4 -4 -4 -3 -3 -5  2  4 -5  2 -1 -5 -3 -2 -4 -3  3 1 0 0 0 0.02
 1  0  0  0 -2  1  1  0 -2  0 -1 -1  2 -2  0  2  0 -4 -2  0 1 0 0 0 0.03
-2  2  1  1 -5  2  3 -2  3 -3 -3  2 -3 -5 -2  0 -1 -5 -2 -3 1 0 0 0 0.03
-1  4  0  0 -3  1  1 -2 -1  0 -3  3 -1 -3 -4 -1 -1 -5 -2 -1 1 0 0 1 0.03
-3 -5 -4 -6 -4 -5 -6 -6 -5  3  5 -4  4 -2 -6 -5 -4 -5  0  2 1 0 0 0 0.04
 1 -2 -1 -2 -3  0 -1 -2  1  1 -1 -2  2 -1 -1  1  4 -4 -3  0 1 0 0 0 0.04
-1 -1  0  5 -5  2  4 -1  1 -5 -5  0 -4 -5 -4  0 -1 -6 -5 -5 1 0 0 1 0.05
-1 -3 -3 -4 -3 -3 -2 -4 -1  5  2 -3  0 -2 -4 -2  0 -4  0  2 1 0 0 0 0.05
-3  1 -3 -4 -3  7  2 -4  0 -1 -3  0 -2 -1 -4 -2 -3 -5  0 -3 1 0 0 0 0.05
-4 -2  0 -4 -6 -1  0 -5 10 -6 -2 -3 -5 -1 -5 -2 -5 -5  0 -6 1 0 0 1 0.04
-1  0  1  4 -5  2  3 -2  1 -2 -4  1 -4 -5 -4  1 -2 -5 -4 -4 1 0 0 1 0.03
-2 -1 -1 -4 -3 -2 -4 -6  7 -2 -4 -4 -2  4 -6 -2 -5 -1  7 -4 0 0 1 0 0.03
-2  1  0 -1 -2  1  1 -2  6 -2 -1  2  0 -3 -2  0 -1 -4  0 -2 0 0 1 1 0.02
-2 -3  0  6 -3 -1  2  0  3 -3 -4  0 -5 -6 -3  0 -2 -6 -5 -2 0 0 1 0 0.02
-2 -3 -1 -2 -1  1  1 -5  2  3  2 -2  2 -1 -4 -1 -1 -4 -1  2 0 1 0 1 0.02
-1 -6 -2 -6 -5 -6 -6 -6 -3  6 -1 -6 -3 -2 -6 -2 -1 -6 -5  4 0 1 0 0 0.02
-1  0 -1 -3 -3  1 -1 -4 -4  3  1  0  0 -2 -4 -1  0 -4 -3  3 0 1 0 1 0.02
 3 -5 -1 -4  4 -4 -4 -3 -5 -3 -5 -4 -3 -3 -5  5  2 -6 -3 -2 0 1 0 0 0.02
-1 -1  1 -4 -2  0 -3 -4  1 -2 -3 -3 -1 -2 -4  3  4 -2  2 -1 0 1 0 0 0.01
-3 -4  0 -4 -1  1 -4 -5 -1  0  3 -4  4  0 -5  0  3 -5 -2  0 0 1 0 0 0.01
-5 -3 -2 -6 -8  1 -2 -7 11 -5 -5 -2 -6 -6 -7  0 -6 -7 -2 -7 0 1 0 1 0.01
-1 -3 -2 -5 -4 -2 -4 -4  0  3 -1 -3  1 -1 -4  1  1 -5 -1  4 0 1 0 0 0.01
-3 -1 -2 -5 -2 -1 -4 -6 10 -4 -5 -2 -3 -1  1 -4 -3 -6  2 -5 0 1 0 1 0.01
-2 -3 -5 -5  2 -2 -5 -5 -2  2  4 -4  3  0 -4 -4 -2 -4 -2  2 0 0 1 1 0.01
-3 -3  2  6 -5 -1  2  2 -3 -5 -6 -2 -2 -6 -4  0  0 -6 -5 -4 0 0 1 1 0.01
-1 -1  0  2 -3  0  3  2  7 -6 -5  1 -4 -5 -3 -2 -3 -5 -3 -5 0 0 1 1 0.01
-2  1  2  4 -4 -1  2  0  5 -4 -4  0 -4 -4 -2 -1 -1 -4 -2 -4 0 0 1 1 0.01
-1  1  4 -1 -1  1 -1 -3  3 -3 -2  2 -2  0 -3  0 -1  4  2 -3 0 1 0 0 0.01
-2 -3 -6 -6 11 -6 -6 -6 -6  0 -3  0 -3 -6 -6 -1 -1 -6 -4 -4 0 1 0 0 0.01
-1 -3 -4 -5 -3 -3 -4 -4 -4  2  4 -3  4  1 -4 -3 -1 -3 -2  1 0 1 0 0 0.01
-2  0 -1  1 -5  1  6 -4  1 -4 -2  0 -1 -4 -3 -1 -1 -5 -3 -2 0 1 0 0 0.01
 0 -3 -1 -3  0 -2 -2 -3 -3  3  1 -1  1 -2 -3  0  1 -4 -2  3 0 1 0 0 0.01
 0 -3 -2 -4 -2 -3 -3 -4 -3  4  1 -3  2  3 -3 -1  0 -2  0  2 0 1 0 0 0.01
 1 -3 -3 -4 -2 -3 -3 -2  0  3  1 -3  1  1 -3 -1  0 -3  0  3 0 1 0 0 0.01
-1 -5 -5 -6  2 -5 -5 -6 -5  2  3 -5  3 -1 -5 -4 -2 -5 -3  5 0 1 0 0 0.01
-3  4 -1  0 -5  2  2 -3  0 -4 -3  4 -1 -5 -4 -1 -2 -5 -2 -3 0 1 0 1 0.01
-1 -6 -4 -2 -6 -5 -5  7 -6 -7 -7 -5 -6 -7 -6 -2 -3 -6 -7 -4 0 1 0 0 0.01
 0  0  0  3 -4  1  2 -2 -1 -3 -3  2 -2 -3  3  0  1 -5 -2 -3 0 0 1 1 0.01
 2  0 -2 -3  0 -2 -2  1 -1 -1 -1 -1 -1 -2  0  2  1  2  0  0 1 0 0 1 0.01
 0  0  1  2 -2  1  2  1  0 -3 -3  1 -2 -3 -1  1 -1 -2 -1 -3 1 0 0 1 0.01
 0  4 -1  3 -5  1  3 -4 -1 -3 -3  2 -2 -5 -4 -1 -1 -5 -3 -3 1 0 0 0 0.01
-2 -5 -6 -6 -4 -5 -6 -6 -6  6  2 -5  0 -1 -5 -5 -3  1 -4  4 1 0 0 0 0.01
-1  4 -1 -2 -4  2  2 -2  0 -1 -2  3 -2 -4 -3  0  0 -5 -3 -2 1 0 0 1 0.01
 1  1  0  1 -4  1  4 -2  2 -4 -4  1 -1 -5 -3  0  1 -5 -4 -3 1 0 0 1 0.01
-3 -5 -6 -4 -2 -5 -6 -6 -5  2  4 -5  1  5 -6 -5 -3 -3  0  0 1 0 0 0 0.01
 4 -3 -2 -2  0 -2 -2 -2  1 -1 -2 -3 -1 -2 -3  2  1 -4  1  2 1 0 0 0 0.01
-1  0  3  3 -4  1  3  0  1 -3 -2  1 -2 -4 -3 -1 -1 -4  0 -3 1 0 0 1 0.01
 0  3  0 -1 -4  1  2 -2  1 -4 -3  4 -1 -5 -3  0 -1 -5 -4 -3 1 0 0 1 0.01
-3 -5 -6 -6 -4 -3 -6 -6 -6  4  4 -5  2  1 -6 -4 -3 -5 -4  2 1 0 0 0 0.01
-1  3 -2 -3 -2  0 -1  0 -2  2  0  0  4  0 -4  0  0 -4 -3 -1 1 0 0 1 0.01
 3  1  0 -1 -2 -1 -3  2 -3 -4 -2  0 -2 -3 -2  2  1 -5 -4 -2 0 0 1 1 0.01
-2 -3 -2 -3  0  1  1 -5 -4  3  3 -3  0  0 -4 -2  0 -4 -2  1 0 0 1 0 0.01
-3  5 -1  1 -6 -1 -2 -3 -2 -5 -5  5 -4 -6  0  0 -2 -6 -5 -4 0 0 1 1 0.01
 0 -2  0 -2 -3 -5 -5  7 -3 -7 -7 -2 -6 -7 -6 -2 -5 -2 -6 -6 0 0 1 0 0.01
-4 -5 -6 -6 -4 -5 -6 -7 -6  2 -1 -1  2 -4 -6 -5 -2 -6 -5  7 0 1 0 0 0.02
-3  4 -1 -1 -2  0  1 -3  0  1 -1  4  0 -3 -4 -1 -2 -5 -3 -3 0 1 0 1 0.01
-3  0 -1 -3 -5  0 -3 -5  8 -4 -2 -1 -4  3 -5 -1  0 -3  4 -4 0 1 0 1 0.02
 1 -4 -3  0 -1 -4 -4  4 -4  0 -1 -4 -3 -4 -4  0 -2 -5 -4  3 0 1 0 0 0.02
-2  3  1 -1 -2  2  0 -3  2 -5 -4  5 -4 -5 -2 -1 -1 -5 -4 -5 0 1 0 1 0.04
-3 -5 -6 -6 -4 -5 -6 -6 -5  1  5 -5  0  0 -2 -5 -3 -4  1  2 0 1 0 0 0.06
 0 -3  1 -3 -3  0 -2 -2  2  1 -1 -2  0 -3 -3  2  3 -4 -1  3 0 1 0 0 0.08
-2 -1 -1 -4 -1 -2 -3 -4 -4  2  2  0  3 -1 -1 -1  2 -4 -3  1 0 1 0 1 0.11
 2 -4 -2 -4 -3 -3 -3 -2 -4  3 -1 -3  1 -3 -4  1  3 -5 -3  2 0 0 1 0 0.13
 2 -2 -2 -3 -4 -3 -2  0 -4 -4 -4 -2 -4 -3  5  2  2 -5 -3 -2 0 0 1 1 0.22
 2 -1  0 -1 -2 -1 -1 -2 -2  0 -1  0 -1 -2  2  1  3 -4 -3  0 0 0 1 1 0.35
-1 -3  0  0 -4 -2  0  4 -3  0  0 -2  0  0  1 -1 -2 -3 -1 -2 1 0 0 0 0.47
-3  1 -2  1 -6  3  6 -3 -2 -5 -5  3 -4 -5 -2 -2 -3 -5 -4 -5 1 0 0 0 0.55
-2 -1 -1 -2 -3  1  0 -3  5  0 -2  1 -1  3  0 -1  0 -1  3 -2 0 0 1 0 0.64
-1 -2  4  1 -3 -2 -2  4 -1 -1 -3 -2 -2 -3 -3 -1 -1 -4 -3 -1 0 0 1 1 0.74
-1 -1  0  3 -4  1  6 -2 -1 -4 -4  0 -3 -4 -2  0 -1 -4 -3 -3 0 0 1 1 0.82
