-1 -2 -3 -3 -2 -1 -3 -3 -2  3  2 -2  6  0 -3 -2 -1 -2 -1  2 0 0 1 1 0.91
 2 -1  2  0 -2  0  3  1 -1 -3 -3  0 -2 -3 -1  1  0 -3 -2 -2 0 0 1 0 0.87
-1  2  3  1 -3  1  0 -2 -1 -3 -3  3 -2 -3  0  0 -1 -4 -2 -3 0 1 0 1 0.85
-1  0  1  1 -3  4  4 -1  0 -3 -3  1 -2 -3 -2  0 -1 -3 -2 -3 0 0 1 0 0.81
-1  0  5  0 -3  0  0 -1  2 -3 -3  1 -2 -3  0  1  0 -3  0 -3 0 0 1 1 0.74
-2  6 -2 -3 -4  0 -1 -3  1 -2 -1  1  4 -3 -3 -2 -1 -3 -2 -2 0 0 1 0 0.69
-1 -3 -2 -4 -1 -2 -3 -4 -2  1  3 -3  2  3 -2 -2 -2  3  3  0 0 0 1 0 0.51
-1  0 -1 -3 -2  2 -1 -2 -1  2  0 -1  4 -1 -3 -2 -1  0 -1  2 0 0 1 1 0.44
-1 -1  5  0 -3 -1  0  3  1 -3 -4  0 -3 -2 -2  0  0 -4 -2 -3 0 0 1 1 0.33
 0  0  2  1 -3  1  2  1 -1 -3 -3  1 -2 -3 -1  1  1 -3 -3 -2 0 1 0 1 0.24
-2  0 -2 -3 -3 -1 -2 -3  1 -1  2  2  4  1 -2 -2 -2  2  4 -1 0 0 1 0 0.16
 2 -3 -3 -3 -3 -2 -2 -2 -3 -3 -4 -2 -3 -4  7 -1 -2 -5 -4 -2 0 0 1 0 0.13
-1  3 -2 -2 -4  0 -1 -3 -2 -1 -3  5 -2 -4 -3 -2 -1 -4 -3  1 0 1 0 0 0.11
-3 -4 -5 -5 -3 -4 -5 -5 -5  6  1 -4  2 -2 -4 -4 -2 -4 -3  3 0 1 0 0 0.08
 1 -4 -2 -3 -4 -4 -4  7 -4 -5 -5 -3 -4 -5 -4 -2 -3 -4 -5 -5 0 1 0 0 0.06
-2 -4 -4 -5 -3 -4 -4 -5 -4  5  2 -4  2  2 -4 -3 -2 -3  1  3 0 1 0 0 0.04
-1  4 -3 -4 -3 -2 -3 -4 -3  3  1 -1  3  1 -4 -3 -2 -3 -2  2 0 1 0 0 0.03
-1 -3 -2 -3 -3 -2 -2  0 -3  0 -1 -2  0 -3  5  2  2 -4 -3  0 0 1 0 0 0.03
-2 -3 -3 -4 -3 -3 -4 -4 -3  3  1 -3  3  4 -4 -2  3 -2 -1  2 0 1 0 0 0.03
 1 -2  0 -2 -2 -2 -2  0 -2  3 -1 -2 -1 -2 -2  3  1 -3  0  0 0 0 1 0 0.03
-3  0  1  7 -4 -2  0 -3 -2 -4 -2  0 -3 -4 -3  0 -2 -5 -4 -4 0 0 1 0 0.03
 1 -3 -2 -2 -3  0 -2  6 -3 -4 -4  0 -3 -4  2 -1 -2 -4 -4 -3 0 0 1 0 0.04
-1  7  0  0 -4 -1 -1 -3 -2 -4 -4  0 -3 -4 -3 -2 -3 -4 -3 -4 0 0 1 0 0.04
-2  2 -2  1  2  0  1 -3 -1 -3 -2  1 -1 -1  3 -2 -2  5  1 -3 0 0 1 1 0.05
-1 -1  0  0 -3  0 -1  3  5 -2 -1 -1  0 -1  0 -1  1  2  1 -2 0 0 1 1 0.05
 1 -1  0  1 -2  0  0  2 -1 -2 -2  0 -1  1  1  0 -1 -2 -1 -1 0 0 1 1 0.06
 0 -3 -3 -1 -2  0 -2 -4  1  1  1 -3 -1 -2 -3 -2 -2 -3  1  4 1 0 0 0 0.07
-2  4 -1 -3 -4  1 -1 -3  6 -4 -3  1 -3  0  0  1 -1 -3  1 -3 1 0 0 0 0.08
 0  1  1  0 -3  0  3 -1  1 -1 -3  1 -1 -3  1 -1 -1 -3 -2 -1 1 0 0 1 0.08
-1  1  0  2 -3  0  3 -1 -2 -2  0  0  0 -3 -2  2  0 -3 -3 -2 1 0 0 1 0.08
 0  1  1 -2 -2 -2 -2 -1 -2  1  3 -1  1 -1 -3 -1  0 -2  0  0 1 0 0 0 0.07
-1 -1  1  0 -3  1  4 -1 -1 -1  0  0 -2 -3 -2  0 -1 -3 -3 -1 1 0 0 1 0.06
 0  0  0  2 -3  1  3  1 -1 -3 -3  1 -2 -3  1  0  0 -3 -3 -2 1 0 0 1 0.06
 0 -1 -2  0 -3  4  0 -3 -2  0 -2  2  1  2 -2 -1 -1 -3 -1  0 1 0 0 1 0.06
-2 -3  0 -1  2 -2 -3 -2 -3  1  0 -2 -1 -1  1 -1  5 -4 -3  0 1 0 0 0 0.05
-2  0  0 -3 -3  0 -3 -4 -3 -1  1  1  7  0 -4 -3 -1  3 -2 -1 1 0 0 0 0.04
 0  0  3  0 -3  2  3  1 -1 -4 -4  1 -3 -4 -2  1 -1 -4 -3 -3 1 0 0 1 0.04
 0 -1 -3 -3 -3  1  0 -3 -2 -1  0  2  6  1 -3 -2 -2 -3  1  0 1 0 0 0 0.03
 4 -2 -1 -2 -3  2  0 -1  3 -2 -3 -2 -1 -3  0 -1 -2 -3  0  0 1 0 0 0 0.03
-2  2 -1  2 -4  1  2 -1  1 -3 -2  3 -2 -1 -2 -1 -2 -3  0 -1 1 0 0 1 0.02
 3  2  0  1 -3 -1  0  0 -2 -1 -3  1 -2 -3 -2  1  0 -4 -3 -2 1 0 0 0 0.02
 1 -2 -1 -3  0 -1 -2 -3 -3  2  2 -1  1  0 -3 -2  0  3  0  2 1 0 0 0 0.02
 3 -1 -3 -3 -2  0 -1  0 -3  1 -1  1 -2 -3 -3 -1 -1 -4  0  2 1 0 0 0 0.02
 1  0  1  1  0  0  3 -1 -2 -4 -4  4 -3 -4 -3  0 -1 -4 -3 -2 1 0 0 1 0.02
 2  0 -3 -3 -2 -2  0 -3 -3  0  3 -1  0  1 -3 -1  0  1  0  0 1 0 0 0 0.02
-3 -2 -5 -2 -3 -4 -4 -5 -4  4  4 -4  1  2 -5 -4 -3 -3  0  0 1 0 0 0 0.02
-2  2 -2  0 -4  1  4 -3 -1 -2 -3  1  0 -4 -1  1  1 -4 -3 -3 1 0 0 1 0.02
 1  2  0  0 -3  1  3 -1 -2 -4 -4  1 -3 -4 -2  2  1 -4 -3 -3 1 0 0 1 0.02
 2  1  3  0 -3  0  1 -1  2 -3 -3  0 -2 -1 -2  1  1 -4 -2 -1 1 0 0 1 0.02
-2 -2 -3 -3 -2 -1  0  1  0  2  2  0  0  0 -3 -2 -1 -3 -2  2 0 0 1 0 0.02
-1  4  1 -1 -1  1  2 -3  3 -1 -3  1 -2  0 -1 -1 -1 -3  0 -2 0 1 0 1 0.02
-1  0  0 -1 -3 -2 -1 -3  5 -1 -1 -2 -2  1 -3 -1 -2 -1  6 -1 0 0 1 0 0.02
 0 -2 -1 -1 -2 -2 -2  1 -2  0  0 -2 -1  0  3  1  0 -2 -1  1 0 0 1 0 0.02
 0 -2  2  4  2 -1  1  0 -1 -1 -1  0 -2 -2 -2  0 -1 -3 -2  0 0 0 1 0 0.02
 0 -2  0  2 -3 -2 -1  5  1 -3 -3 -2 -3 -3  0 -1 -1 -3 -3 -3 0 0 1 0 0.02
 0  0  0  0 -2  0  1  1 -1 -2 -2  1 -1 -2  1  1  1 -3  0 -2 0 0 1 1 0.01
 0 -1 -2 -2 -3 -1  2 -1 -2 -3 -2  2 -2  0  5 -1 -2 -3  0 -1 0 1 0 1 0.01
-2 -3 -3 -1 -2 -2 -1 -3 -3  2  0 -1  2  0 -2 -1 -1 -3  0  4 0 0 1 0 0.01
-1  1 -1  1 -4  2  5 -2  1 -4 -3  2 -3 -4 -3 -2 -2 -4 -3 -3 0 0 1 1 0.01
-1 -3 -3 -2  6 -1 -2 -2 -4  1  1 -2 -1 -3 -3 -2 -1 -4 -3  4 0 1 0 0 0.01
-2 -3 -3 -4 -3 -3 -3 -4  3  2  0 -3 -1  0 -3 -3  1  2  0  5 0 1 0 0 0.01
-2  1  0  0 -3 -1  1 -2 -2  3  0  0 -1 -1 -3 -1  1 -3 -2  1 0 1 0 0 0.01
 4 -3  0 -3  1 -2 -2  1 -3 -3 -3 -2 -2  1  2  1 -1 -3 -2 -1 0 0 1 0 0.01
-2 -1  1  5 -4 -1  1  1  2 -4 -4 -1 -3 -4  0  1 -2 -4 -3 -4 0 0 1 1 0.01
-2  1 -1  2 -1  0  2  1 -2 -2 -3  0 -2 -1 -3  0  2 -3 -1 -1 0 0 1 1 0.02
 0 -3  0 -3  3 -1 -2 -1 -3  1  1 -2 -1 -1  0 -1  2 -3 -2  1 0 0 1 0 0.02
 0 -1 -4 -5 -3 -4 -4 -2 -4  5  1 -4 -1 -1 -4 -3 -2 -4 -3  4 0 1 0 0 0.02
 1 -1  0 -1  3 -1 -1  4  0 -3 -4 -3 -3  0 -3 -1  0  3 -3 -1 0 0 1 0 0.03
-1  1  0  0 -3 -2  0  3 -3 -2 -4  1 -3 -4 -3  3  2 -4 -1 -3 0 0 1 0 0.03
 0 -1  0 -1 -2  0 -1 -2 -2  0  0  1  1  0  2 -1 -1 -3 -1  1 1 0 0 1 0.03
 2  1  0  1 -2  1  1  0  0 -1 -3  1 -2 -2 -1  1  0 -3  0 -1 1 0 0 1 0.04
-3  1 -2  3 -4 -1  5 -1 -2 -2 -2  0 -3 -4 -3 -2 -1 -4 -4 -1 1 0 0 0 0.04
 4 -3 -3 -3 -2 -3 -3 -1 -3  2 -1 -3 -2 -3 -3  2 -1 -4 -3  0 1 0 0 0 0.03
 3  1 -1 -1 -3  2  0 -1 -2 -1 -1  2  1 -1 -2 -1  0 -3 -3 -1 1 0 0 1 0.03
 3  2 -1  1 -3  0  1 -2 -2 -1 -1  2  0 -3 -2  0 -2 -4 -3 -2 1 0 0 1 0.03
 3 -3 -3 -4  7  0 -1 -3 -3 -1 -2 -3 -3 -3 -3  0 -1 -4  0  1 1 0 0 0 0.03
 3  1 -1  0  0  0  1  1 -1 -2 -2  0 -2 -3 -2  0 -1 -3 -2  0 1 0 0 1 0.03
 0  2  0  2  0  1  4 -2 -2 -4 -4  2 -3 -4  1 -1 -1 -4 -3 -2 1 0 0 1 0.03
-2  1 -2 -2 -3  2  1 -2  0  0  0  4 -1  0 -2 -1 -1  0  0 -1 1 0 0 0 0.02
-2 -4 -4 -5  0 -4 -4 -4 -3  1  1 -4  2  7 -4 -4 -3 -2  0  1 1 0 0 0 0.02
 1  2  1 -1 -3 -1  1 -1  0 -3 -2  3 -1 -3 -2  1 -1 -3 -3 -2 1 0 0 1 0.02
 1  2  1  1 -3  0  0  0  0 -2 -2  2 -2 -3 -1  1  1 -3 -2 -2 1 0 0 1 0.02
 1  0  1  0  0  2  3 -2  1 -1 -2  1 -1 -2 -2  1 -1 -3 -2 -2 0 0 1 1 0.02
 0  1  2  1 -3  2  1  1  3 -3 -3  1 -2 -3 -2  1 -1 -3 -2 -2 0 0 1 1 0.02
 1 -4 -4 -2  2 -3 -3 -2 -4  2  0 -3 -1 -3  0 -1 -2 -4 -3  5 0 1 0 0 0.01
-2 -1 -1  5  1  0  2  2  0 -4 -4 -1 -2 -4 -3  0 -1 -5 -4 -3 0 1 0 0 0.01
 2 -3 -3 -3  1 -1 -3  2 -3  2  1 -3  0 -2 -3 -1 -2 -3 -3  2 0 1 0 0 0.01
-1 -2 -2  1 -2  0 -1 -3 -2  2  0 -2  1  0  0  0  2 -3 -1  2 0 1 0 0 0.01
-2 -3 -3 -4 -2 -3 -4  0 -4  4  2 -3  0 -2 -3 -3 -1 -3 -2  2 0 1 0 0 0.01
-1 -3 -3 -4  2 -3 -3 -2 -3  2  3 -3  2  2 -3  0  1 -3 -1  1 0 1 0 0 0.01
 0 -3  0 -3  2 -1 -3  0  2  1  0 -3 -1  1 -3 -1 -1 -3  0  3 0 1 0 0 0.01
-1 -2 -2 -3  1  0 -1 -3  1  1  1 -2 -1  1 -1  0  2 -2  3  0 0 1 0 0 0.01
 0 -1 -1 -2  3 -2 -2  0  1 -1 -2 -2 -2 -2  4  0  0  3  2 -1 0 0 1 0 0.01
 1 -2  0 -2  4 -2 -2 -2  2  0  1 -2 -1  1 -2  0  1 -2 -1  1 0 0 1 0 0.01
-1 -2 -2 -2  4 -2 -2 -2 -2  1 -1 -2 -1  2  3 -1  1  6  0  0 0 0 1 0 0.01
 0 -2  2  1  6  2  0 -2 -2 -3 -3 -2 -1 -4 -3  1  1 -4 -3 -2 0 0 1 0 0.01
-3 -4 -4  0  1 -3  0 -3 -1 -3 -1 -4 -2  5 -5 -3 -3  5  7 -3 0 0 1 0 0.01
 0 -3  1 -2 -3 -2 -3  4 -3 -1 -2 -2 -3 -4  3  1 -1 -4 -4 -2 1 0 0 0 0.01
 0  0  1  0  1 -1  1 -2  4 -2 -2 -1  1 -2 -1  1  1 -3  0 -1 1 0 0 1 0.01
 0 -2 -2 -1 -4  0  4 -4  3  0  2 -2 -1  2 -3 -2 -2 -3 -1 -1 1 0 0 1 0.02
 0  1 -2 -3 -2  0 -2 -3 -3  2 -1  0 -1 -3  1  0  3 -4 -3  2 1 0 0 0 0.02
 0 -2  1 -2 -2 -2 -2  0 -2  1  0 -2  2  1  2  0  1 -3 -1  1 0 0 1 0 0.03
 1 -2  1  4 -3 -2 -2 -3 -3  2  2 -3  1 -2 -3 -1 -2 -4 -3  1 0 0 1 0 0.03
 3  1 -3 -1 -3  0 -2 -2 -3 -1  2  1  4 -2 -3 -1 -1 -3 -2  0 0 0 1 1 0.04
 2 -1  2  3 -3 -1  1  0  0 -2 -2 -1 -2 -4 -2  1  1 -4 -3 -1 0 0 1 1 0.04
 1  1 -2 -1 -3  0 -2  0  3 -2  0  1  0 -3  4  0 -1 -4 -3 -2 0 0 1 1 0.03
-1  1  3  2 -3  1  1  0  1 -2 -1  1  0 -1 -3  0 -1 -3  0 -3 0 0 1 1 0.03
 0 -1 -2 -3 -2 -2 -3  1 -3  2  0 -1  1 -1 -2  0  2  1 -2  3 0 0 1 0 0.02
-4 -4 -5 -4 -5  0 -2 -5 -5  1 -4 -1 -4 -6  8 -3 -2 -6 -5 -3 0 0 1 0 0.01
-2  0 -2 -3  1 -1 -2 -1  0  3  1  2  0 -1 -2 -2 -1 -3 -1  2 0 1 0 0 0.01
 2 -4 -4 -4 -3 -3 -3 -2 -4  1  3 -3  1 -2  3 -2 -1 -4 -3  1 0 1 0 0 0.01
-2 -3 -2 -4 -3 -3 -4 -5 -4  3  3 -4  1  0 -4 -2  1 -4 -3  3 0 1 0 0 0.01
 0 -4 -5 -5 -4  0 -4 -5  1 -2  0 -4 -3 -1 -5 -4 -4 10  4  2 0 1 0 0 0.01
 3 -3  0 -3 -3 -3 -3  4 -3 -2 -1 -3 -3 -4 -1  0  0 -4 -4 -3 0 1 0 0 0.01
-2 -3  3  1 -1  0 -3 -3 -2 -3 -1 -3 -2  5 -1 -1 -1  4  1 -2 0 0 1 0 0.01
-1 -1  4  2  1  0 -1  0 -2 -1 -2 -1 -2  0  1  1 -1  4 -2 -3 0 0 1 0 0.01
-1 -2  2  4 -4 -2  0  3  0 -4 -4 -1  0 -5 -3  0 -1 -5 -4 -3 0 0 1 0 0.01
-2 -3 -1 -1 -4 -1  0  1 -3 -4 -4 -2 -3 -5  5  0  4 -5 -4 -3 0 0 1 0 0.01
 0  0  1  2 -4  2  4 -1 -2 -3 -4  0 -1 -4 -1 -1  0 -4 -3 -2 0 0 1 1 0.01
-1  5 -3 -4 -4 -1 -1 -2  0 -2 -4 -1 -3 -2 -1 -3  0  8  2 -4 0 0 1 0 0.01
 1 -2  2  0 -5 -3 -3 -2  0 -5 -5 -3 -5 -5  7 -2 -3  1 -5 -5 0 0 1 0 0.01
 1 -2 -1 -4 -5 -4 -4  7 -4 -6 -6 -4 -1 -5 -4 -1 -4 -5 -5 -5 1 0 0 0 0.01
 3 -1 -2 -4 -3 -2 -3 -3 -3 -1  2 -1  4  0 -3  0  1  0 -2 -1 1 0 0 0 0.01
-2 -5 -5 -5  5 -4 -5 -5 -5  0  1 -4  0 -3 -5 -3  2 -5 -4  6 1 0 0 0 0.01
 0 -4 -3 -4  4 -4 -4  5 -3 -4 -4 -4 -4  0 -4  0 -2 -2  5 -4 1 0 0 0 0.01
-3 -3 -4 -4  1 -2 -2 -5 -4  1  3  0  5  0 -4 -3 -1 -3 -3  1 1 0 0 0 0.01
 3 -3 -1 -4 -2 -3 -3 -3 -1  0  3 -3  1  1 -3  0  2 -3 -2 -1 1 0 0 0 0.01
 4 -3  2 -3  0 -2 -3  0 -3 -3 -3 -3  1 -4 -3  3 -1 -5 -4 -1 1 0 0 0 0.01
 3 -3  1 -3 -2 -1 -3 -2 -3  0  1 -3  1 -3 -3 -1  0 -4 -3  3 1 0 0 0 0.01
 1 -3  2 -1  3 -2 -3  3 -3 -2  2 -2  2 -3 -3  0 -1 -4 -3 -1 1 0 0 0 0.01
 4 -1  2 -3 -3 -2 -3  4 -3 -4 -4  0 -3 -4 -3  0 -2 -4 -4 -3 1 0 0 0 0.01
 4 -3  2 -2 -1 -2 -2  1 -3 -1 -3 -2 -2 -4 -3  2  0 -4 -3  1 1 0 0 0 0.02
-3 -4 -4 -5 -4 -3 -4 -5  6 -1  5 -4  2  1 -4 -4 -3 -3  1 -2 1 0 0 0 0.02
 1  2  3  1 -3  0  1 -2 -1 -3 -3  0 -3 -3 -3  0  3  4 -1 -2 1 0 0 0 0.01
-3  2  0 -2 -5  6  2 -4  1 -4 -2  2 -1 -4 -3 -1 -2 -4 -2 -4 1 0 0 0 0.01
 1 -1 -2 -2 -2 -2 -2 -3 -2  1  1  2  2  1 -3 -1 -1  2  3  0 0 0 1 1 0.01
 0 -4 -3 -4 -5 -4 -4  7 -4 -6 -6  0 -5 -5 -4 -1 -4 -5 -5 -5 0 0 1 1 0.01
-2  0 -4 -4 -3 -3 -3 -4 -1  4  2 -1  1 -1 -4 -3 -1 -3 -1  3 0 0 1 0 0.01
-1  2  1 -1 -1  0  0 -3 -3 -4 -3  2 -1 -3  6 -1 -1 -4 -4 -4 0 0 1 0 0.01
 2 -2 -2 -3  2 -2 -1 -2  4 -1 -1 -2 -2  2 -1 -1  0 -1  4 -1 0 0 1 0 0.01
-1  0 -2 -3 -3 -2  0 -2  3 -2 -2 -1 -2  5 -3  2  0  0  3 -1 0 1 0 0 0.01
 0  3 -2 -2 -3 -1 -2  2 -2 -3 -2  0 -2 -1 -2  2  2 -3  2 -2 0 1 0 0 0.01
-1 -4 -2 -4 -3 -3 -2 -4 -4  5  3 -4  1 -2 -4 -3 -2 -4 -3  2 0 1 0 0 0.01
-3 -3 -3 -4 -4 -2 -3 -4  1 -2 -3 -2 -3  2 -4 -2  2  8  6 -2 0 1 0 0 0.01
-1 -3  0 -2 -3 -2 -1  5 -3 -3 -3 -2 -3 -4 -3  1  1 -4 -4 -2 0 0 1 0 0.01
-1  2  0  0  1  0  1 -2  4 -2 -1  1 -1 -1 -2  1  1 -3 -1 -1 0 0 1 1 0.01
-1 -1  2  4 -3  0  1 -2  5 -1 -2 -1 -2 -2  0  0 -1 -3 -1 -2 0 0 1 1 0.01
-1 -2 -2 -2  0 -2 -2  0 -2  1  0 -1 -1  0  0 -1  1 -2 -1  4 0 0 1 0 0.01
-1  1  0 -1  1  4  1 -2  0 -2 -1  0 -1 -2 -2  0  0 -2 -2  0 0 0 1 0 0.01
 0 -2  1  5 -3 -1  2 -2 -2 -2 -2 -1 -2 -2  0  0 -1 -3 -2 -1 0 0 1 1 0.01
 2 -1 -1 -2 -1  0 -1 -1  0  0  0  0  0  0  2  0  0  1  0  0 0 0 1 1 0.01
 0 -1  1  4 -3 -1  1  2  0 -3 -3 -1 -3 -3 -1  1  0 -3 -1 -2 0 0 1 1 0.02
-2 -2 -1  6 -3 -2  1 -2  0 -3 -3  0 -3 -1 -2  1  0 -4 -3 -3 0 0 1 1 0.02
 0  0  0  0 -2  0  1 -1 -1 -1 -1  0 -1 -1  0  1  2  2 -1  1 0 0 1 1 0.02
 0  0  0  0  0  0  2  0  2 -1 -2  0 -2 -1 -2  2  1 -2 -1 -1 0 0 1 1 0.02
 0 -1 -2 -1 -2 -2 -1 -1 -2  3  1 -1  0  2 -1 -2 -1 -2  0  1 0 0 1 0 0.02
 0 -2 -3 -1 -3 -2 -2 -2 -3  0 -1 -1 -3 -3  6 -2  2 -4 -1 -2 0 0 1 0 0.02
 2 -1  1  2 -1  1  3  0 -2 -3 -2  0 -2 -3 -1  0  0 -3 -3 -2 1 0 0 1 0.01
-1 -1  0  6  0 -2  1 -1  1 -4 -2  1 -3 -4 -3 -2 -2 -4 -3 -3 1 0 0 0 0.01
 0 -3 -3 -1 -2 -3 -3 -4 -4  2  0 -2 -1  1 -3 -2  1 -3 -2  5 1 0 0 0 0.01
 1  1 -1 -1  0  2  1 -1 -2 -1 -1  1  0 -3  1  0  1 -3 -2  0 1 0 0 1 0.01
 0  1  0  2 -4  0  4 -2  2 -3 -3  1  0 -4 -3 -1  0 -4 -3 -1 1 0 0 1 0.01
-1  2  0 -2 -4  0  0 -2  0 -1 -1  5 -2 -4 -3 -2  0  0 -3 -3 1 0 0 0 0.01
-1 -3 -3 -4  0 -3 -2 -1 -3  3  3 -3  1 -2  0 -2  0 -3 -1  2 1 0 0 0 0.01
 0  0 -2 -1 -2  0  0 -1 -2  0  3  1  2 -1 -3  0  0 -3 -2 -1 1 0 0 0 0.01
 1  4 -1  0  0  2 -1 -1  2 -2 -2  0 -2 -3 -1  1  0 -1 -2 -1 1 0 0 0 0.01
-3 -4 -4 -4 -4 -4 -1 -4  3 -3 -1 -4 -2  7 -2 -3 -2  5  3 -1 1 0 0 0 0.01
 3 -3 -3 -3  2 -2 -3  1 -3  1  1 -1 -1 -2 -3 -1 -1 -3 -3  1 1 0 0 0 0.02
-1  6 -2 -2 -4  0 -2  1 -2 -4 -4  3 -3 -4 -3 -2 -1 -4 -3 -4 1 0 0 1 0.02
 4 -1 -2 -3  2 -1  0 -1 -3 -1 -1 -2 -2 -3 -2  0  0 -3 -3  1 1 0 0 0 0.02
 4 -3 -3 -3  4 -1 -3  3 -3 -2 -2 -1 -2 -1 -3  0 -2 -4 -3 -1 1 0 0 0 0.02
 1  2  0 -2 -1  0  0 -2  1  0  2  0  0 -2 -3  0 -1  0 -2  1 1 0 0 0 0.02
 5 -3 -4 -4 -3 -2 -3 -2 -4  0 -1 -3 -2 -4 -3 -1  0 -4 -3  2 1 0 0 0 0.03
 2 -1 -3 -2  0 -3 -2 -2 -4  0 -1 -1 -1 -3 -3 -2 -1 -4 -1  5 1 0 0 0 0.03
 2  2  0  0 -3  0 -1  1  1 -2 -2  1 -1 -3 -2  1 -1 -3 -2 -1 1 0 0 0 0.03
 0  1 -1 -1 -1  0  1  0 -2  0  0  1  0 -2  0  1  1  1 -2 -1 1 0 0 0 0.04
-3 -4 -5 -5 -3 -3 -4 -5 -4  1  4 -4  7  0 -1 -4 -3 -4 -3 -1 1 0 0 0 0.03
-2  5  0 -3 -5  2  0 -4  1 -5 -5  4 -4 -5 -4  0 -3 -5 -4 -5 0 0 1 1 0.03
-1  0  3  2 -4 -1 -1  4  2 -4 -3  0 -1 -4 -3 -2 -2 -4 -4 -4 0 0 1 1 0.03
 0  2 -2 -3 -4  1  0 -2 -3 -2 -1  5 -1 -4 -3  0  1 -4 -3 -1 0 0 1 0 0.02
 1  3  0 -2 -3 -1 -2 -2 -3 -1 -3  2 -3 -4 -3  3  2 -4 -3 -2 0 1 0 0 0.02
-2 -4 -4 -5 -4 -4 -2 -5 -2  3  1 -4  3  3 -2 -4 -3 -2  6  0 0 1 0 0 0.02
 1 -4 -3 -4 -4 -3 -4  5 -4 -2  3 -2  0 -3 -4 -3 -3 -4 -1 -1 0 1 0 0 0.02
 1  0 -1 -2 -2  2 -1 -2 -2  1  1 -1  0 -1 -3  2 -1 -3 -2  1 0 1 0 0 0.02
-3 -5 -5 -5 -4 -5 -5 -5 -4  5  1 -5  3  5 -5 -4 -3  2  0  1 0 1 0 0 0.02
-3 -5 -2  3 -5 -4 -3  6 -4 -6 -5 -4  1 -5 -4 -2 -2 -5 -5 -5 0 0 1 0 0.01
 1 -3  0  0 -3 -2  2  3  1 -4 -4 -2 -3 -3 -1  2  1 -3  0 -3 0 0 1 1 0.01
-2  4 -3 -3  1 -1 -3  2 -1 -1 -2 -1 -2 -1  0 -2  0 -4 -3  3 0 0 1 1 0.01
 0 -3 -2 -2  5 -2 -2  0 -3 -2 -3 -2 -2 -3  5  1  1 -3 -3 -1 0 0 1 0 0.01
 0 -2 -3 -3 -2 -1 -2 -2 -3 -1  1 -2  7  1  1  0  0 -2 -2  0 0 0 1 0 0.01
 1 -3 -2  0 -3 -2 -2  5 -3 -3 -3 -2  1 -3  0 -1 -2 -3 -3 -3 0 0 1 0 0.01
-2 -3 -3 -4 -3 -3 -3 -4 -2  3  1 -3  5  5 -3 -3 -2 -1  2  0 0 0 1 0 0.01
 0 -2  1 -1 -2  0  0  0 -1 -1 -2 -2  1  0 -2 -1  0  4  4 -1 1 0 0 0 0.01
-1 -2  2  0  3  0 -1  2  1 -3 -3 -2 -2 -1  1  1  2 -3 -2 -2 1 0 0 0 0.01
 1 -3 -2 -3  3 -2 -2  2 -3 -2 -1 -2 -2 -1 -3  4  1 -4 -3  0 1 0 0 0 0.01
-1  1 -1 -2  1  0 -2 -3  0  3 -1 -2  4 -1 -1 -1  0 -3  1  1 0 0 1 1 0.01
 1 -3 -3  0  3 -3 -3 -3 -3  2 -1 -3 -1  3 -1 -2 -2 -2  1  3 0 0 1 0 0.01
-3 -2  5  5 -4  0 -1 -1  1 -4 -3 -2 -3 -4  1  1 -2 -4 -3 -4 0 0 1 1 0.01
-1 -2 -2  0 -3  1  4 -2  0 -2 -1 -1  0 -3  4 -1  0 -4 -3 -1 1 0 0 1 0.01
 0 -1  0  3 -3  1  1  0 -1 -1 -1  1  1 -1  1  1 -1 -3 -2 -1 1 0 0 1 0.01
-1  0 -3  0  1  1  1 -2  0 -1  1 -1 -1  5 -1 -2 -2 -2  0 -2 1 0 0 0 0.02
-3 -4 -1 -5 -3 -4 -4 -4 -4  1  4 -4  2  5 -4 -4 -3  6 -1 -2 0 0 1 0 0.02
-2  2 -1 -2 -4  4  2 -3 -2 -2  0  2  3 -2 -3 -1 -2 -4 -1 -1 0 0 1 1 0.02
-2  3  0  2 -2  1  2 -3  2 -5 -4  3 -3 -5  1  1 -2 -5 -3 -4 0 0 1 1 0.02
-1  1 -1 -3 -3  1  0 -3 -1 -2 -2  1 -1  2  0 -1  1  3  6 -1 0 0 1 1 0.03
-3 -4 -5 -5  0 -4 -4 -5 -4  1  4 -4  1  5 -1 -4 -1 -2 -1  0 0 0 1 0 0.03
-3 -5 -2 -1 -6 -3 -3  7 -5 -7 -7 -3 -6 -6 -5 -1 -4 -6 -6 -6 0 0 1 1 0.03
-3 -3 -4 -4 -3  0 -3 -4 -3  3  0 -3  7  0 -4 -1 -1 -3 -3  3 0 0 1 0 0.03
-1  4 -1  3 -4  1  0 -1 -2 -3 -3  1 -1  0 -2  0  0 -3  1 -2 0 1 0 1 0.03
-1 -2  1 -1  1 -2 -1 -3 -3  1  1  1 -1  2 -2 -1  1 -3 -2  3 0 1 0 0 0.03
-2 -3 -3  1 -5  1  6 -4  1  0 -1 -2 -3 -1 -2 -2 -2 -4  0 -1 0 1 0 1 0.03
-1  2 -1 -2 -3  0  0 -2  3 -2 -3 -1  1  1  1  1  0  1  4 -2 0 1 0 1 0.03
-1 -2 -4 -5 -1 -4 -4 -4 -4  4  2 -3  0 -2 -4 -3 -1 -4 -1  4 0 1 0 0 0.02
-2 -4  1  7 -5 -3  0 -3 -3 -5 -5 -3 -5 -5 -1  2 -1 -6 -5 -5 0 0 1 1 0.03
-1 -3 -3 -3  0  5  1 -4  0 -2  1 -2  7 -3 -2 -1 -1 -4 -3 -3 0 0 1 0 0.02
-1 -1 -2 -3  0  0 -2 -3 -3 -1 -2 -1  0  0  1  3  2 -1  3  0 1 0 0 1 0.02
 1 -3 -1  0 -5  1  6 -4 -3 -4 -3 -1 -4 -5 -4 -1 -1  1 -4  0 1 0 0 0 0.03
-3 -5 -6 -6 -4 -5 -5 -6 -5  5  4 -5  1  1 -5 -5 -3 -4 -3  2 1 0 0 0 0.03
-2 -1 -2 -1  2 -2 -2 -3 -3  2  1 -1  1  1 -3 -1  0  0  2  2 1 0 0 1 0.03
-1  6 -2  1 -5  0  0 -1  1 -4 -3  2 -3 -4 -4 -1 -3 -4  0 -3 1 0 0 1 0.03
-1  6 -1 -3 -4 -1  1 -2 -2 -4 -2  2  1 -4 -3  0 -1 -4 -3 -3 1 0 0 0 0.05
 2 -3 -3 -4 -3 -3 -3 -2 -3  3  0 -3  5 -1 -3  0  0  0 -3  1 1 0 0 0 0.04
-1 -2  0  3 -4  2  4 -2 -1 -3 -3  2  1 -4 -3 -1  1 -4 -3 -1 1 0 0 1 0.04
 0  1  0 -1 -3  2  3 -1  0 -2  0  2  0 -1 -2  0 -1  0 -2 -1 0 0 1 1 0.05
 0 -1  0  1 -2  0  2  2  0 -1 -1  1  0 -2 -1  0  0 -2  0 -1 0 0 1 0 0.05
-1 -2 -2 -1 -2 -1 -1 -2 -1  4  1  0  0 -1 -1 -1  1 -2 -2  1 0 0 1 0 0.05
 0 -2  0 -1 -2 -2 -2 -3 -1  1 -1 -1  0  2 -1 -1 -1 -1  5  2 0 0 1 0 0.06
-2 -3  0  6 -4  0  1 -3 -3 -4 -4 -2 -4 -4  1  1 -1 -4 -4 -4 0 0 1 0 0.06
-1 -1 -1  3 -4  1  4 -2  3 -2 -3  1 -3 -4  2 -1 -1 -4 -3 -2 1 0 0 1 0.04
 2 -2 -1  2 -3  1  4 -1 -2 -3 -2  0 -3 -4 -2  0 -1 -4 -2 -2 1 0 0 1 0.04
-1  1 -2  0 -5  0  6 -4 -2 -4 -3  1 -4 -5 -1 -2 -3 -5 -4 -3 1 0 0 0 0.04
 1 -2 -2 -2  0 -3 -3 -4 -2  1  0 -2 -1  3 -2 -2 -1  0  4  3 1 0 0 0 0.02
 0  1 -1  2 -4  2  4 -2 -2 -2 -4  3 -3 -5 -3 -1 -1 -5 -4 -2 1 0 0 1 0.02
 1  3 -2  0  1  0  2 -3  0 -3 -1  3  1 -3 -1 -1 -1 -1 -3 -2 1 0 0 1 0.02
 4 -3 -3 -2  3 -1 -3 -1 -3 -2 -2  0 -1  2 -3 -1 -1 -3 -2  2 1 0 0 0 0.02
-1  2 -3 -4 -3 -2 -3 -3 -2  0  3  0  3  3 -3 -3 -2 -1  2 -1 1 0 0 0 0.01
 2 -1  0  1 -3  2  3 -1 -2 -3 -3  1 -3 -4 -2  1  0 -4 -3 -2 1 0 0 1 0.01
-3 -3 -5 -5 -5 -1 -1 -3 -4 -5 -2 -5 -4  0 -5 -2 -4 12  1 -5 1 0 0 0 0.01
 1 -3 -3 -1  0 -2 -3 -3 -3  2  3 -3  0  0 -3 -2  1 -2  1  2 1 0 0 0 0.01
-2  1  0  1  0  1  2 -3 -1 -2 -1  4 -1 -3 -1  0  0 -3 -3 -2 1 0 0 1 0.01
 1  0  0  1 -3  2  3 -2 -2 -3 -3  3 -2 -4 -2  0 -1 -4 -3 -3 1 0 0 1 0.01
-3  0  5 -2 -4  0 -2 -2  4 -4 -2  3  0 -2 -3 -1 -1 -3  3 -3 1 0 0 1 0.01
 0 -3 -3 -1  6 -3 -3 -1 -3  1  0 -3  3  2 -3 -1  1 -3  1  0 0 0 1 0 0.01
 0  1  0 -2 -3  0  0  0  1 -1  0  1  1 -2  1  0  0  2 -2 -1 0 0 1 1 0.01
 0  1 -2 -1 -3  2  3 -3 -2  0 -1  0  0  1 -1 -1 -1 -3  0  0 0 1 0 1 0.02
 0 -1  0 -3 -3 -3 -2  5  1 -1 -2  0 -1  0 -1 -2 -3 -3 -1 -1 0 0 1 0 0.02
-1 -1 -1  0  1 -1  2 -3  1 -1 -2  0  1  2  2 -1 -1  3  1 -1 0 0 1 1 0.02
-4 -1 -1  7 -5 -3 -1 -1 -3 -4 -3  0 -4 -2 -4 -1  0 -5 -4 -4 0 0 1 0 0.02
-1  0  1 -2  2 -1 -1 -1  0  1 -1  2 -1  2 -1 -2 -1  0  1  1 0 0 1 1 0.03
-3 -1  7 -2 -4 -1 -2 -3  4 -2 -3 -1 -3 -4 -3 -1 -1 -4 -1 -2 0 0 1 0 0.03
 1  1 -1  0 -3 -1 -1 -2 -2 -2 -2  0 -3 -2  5 -1 -1  1  3 -3 0 0 1 1 0.04
 0 -1  0  3 -3 -1  3  0 -2 -3 -2  0  0 -4  3 -1  0 -4 -3 -2 1 0 0 1 0.05
 0 -1  1  1  0  1  2  2  3 -2 -2  0 -2 -1 -1 -1 -1  0  0 -2 1 0 0 1 0.06
-1 -1  1 -1 -1 -1 -1 -2  0  1  1  1  0  1  0 -1  0  0  1  1 1 0 0 1 0.08
-2  3 -3  0 -4  5  0 -2  0 -2 -4  2  1 -4  0 -1 -1 -4 -2 -1 0 0 1 1 0.08
-2  3 -1 -3 -4  0  1 -3  1  0  1  3  1  0 -1 -1 -1 -3  0 -1 0 0 1 0 0.10
-1 -2  1  2 -4 -3 -1 -2 -4 -1 -3 -1  0 -4 -1  3  4 -5 -4 -2 0 0 1 1 0.10
 0  4 -3  1 -1  0  1 -2 -4 -5 -5  0 -4 -5  4 -1  1 -5 -5 -3 1 0 0 1 0.11
 0 -1 -2  1 -4  1  5 -3 -2 -2 -3  1 -3 -2 -3 -1 -2 -4 -3 -2 1 0 0 1 0.09
 0  0 -1 -1 -3  3  2 -1 -2 -1  1  1 -1 -3  0  0  0 -3 -3  0 1 0 0 1 0.09
-1  0  0  0 -3  0 -1 -3 -1 -1  1  4 -1 -1  0 -1  1 -3  0 -1 1 0 0 0 0.09
-1  2 -1  5 -4  0  4 -3 -1 -4 -3  1 -3 -4 -3 -2 -2 -4 -3 -3 1 0 0 1 0.07
 1  2  0 -1 -3  2  2  0 -1 -1 -2  3 -2 -3 -2 -1 -1 -3 -2 -2 1 0 0 1 0.05
-2 -1 -1  3  0  5  1 -2  1  0  0 -1 -2 -1 -3 -2 -1 -1 -2  0 1 0 0 0 0.04
-2 -2 -3 -1  0 -3 -3 -3 -3  1  2 -3 -1  1 -3 -2 -1  9 -1  0 1 0 0 0 0.03
 0  2 -1  0 -3  0  4 -1 -1 -1 -1  0 -1 -3 -2  0  0 -3 -2 -1 1 0 0 1 0.02
-1 -1  0 -1 -2  0  1 -2 -1 -1  0  0  0  4 -2 -1  1  2  2 -1 1 0 0 0 0.01
 0 -1  0 -2  2  2 -1 -2  0  1 -1  0  0 -2 -2  1  0 -2  0  2 1 0 0 0 0.01
 1 -3 -3 -3  3 -1 -2 -3 -3  3  1 -2  0 -1 -2 -1  0 -3 -1  3 1 0 0 0 0.01
 1  2 -2 -2 -3  1 -1 -1 -2 -3 -1  5 -2 -3 -2 -1 -2 -3 -3 -3 1 0 0 0 0.01
-1 -2 -2 -3  0  0 -3 -1  0  0  2 -2  7  0 -3 -1 -2 -3 -1  0 1 0 0 0 0.01
 2 -2 -2 -2 -1 -2 -2  0 -1 -2 -1  0  2  0 -2 -1  2 -1  5 -1 1 0 0 0 0.01
-1 -1 -3 -3  1 -2 -3 -3 -1  2  3 -1  4 -1 -3 -2 -1 -2 -1  1 1 0 0 0 0.01
 2 -2 -3 -3  2  0 -2 -2 -3  4 -1 -2 -1 -1  0 -1  0 -3 -2  1 1 0 0 0 0.01
 1 -3 -1 -3  0 -2 -3 -1 -3  3  0 -2  2  0 -2 -1  0 -3 -1  2 1 0 0 0 0.01
-2  5 -2  0 -3  0 -1 -1 -2 -3 -2  4 -2 -3 -2 -1 -2 -3 -3 -2 1 0 0 0 0.01
-2  0  0  6 -3 -1  2 -2  2 -3 -3 -1 -3 -3 -2 -1  0 -3 -3 -2 1 0 0 0 0.01
-2 -1 -3 -4 -2 -3 -3 -4 -2  3  3 -3  2  0 -3 -3 -2  2  3  1 1 0 0 0 0.01
-1 -2 -3 -3 -3 -2 -1 -3 -2  2  1 -2  7 -1 -3 -2 -2  3  2  0 1 0 0 0 0.01
 2 -1  1 -1 -1  1  0 -1  0  0  0  0  0 -1 -1  0  0 -2  0  1 1 0 0 0 0.02
 0 -1 -1 -1 -2 -1  0  5 -2 -2 -2  0 -2 -3 -2 -1 -1 -2 -2 -1 0 0 1 0 0.03
 0 -1  6  0 -1 -1 -1 -2  0 -2 -2  1 -1 -2 -2 -1 -1 -2  1 -2 0 0 1 0 0.04
 0  1 -1  1 -2  0  0 -2  0 -2 -2  2 -2 -3  4  0 -1 -3 -2 -1 1 0 0 1 0.05
-1  2  1 -1 -2 -1  0 -2 -1  2 -1  3 -1 -2 -2 -1 -1  0 -2  0 1 0 0 1 0.05
 0 -2 -2 -2  0 -2 -2 -2 -2  2  4 -2  0  0 -2 -2 -1 -2 -1  1 1 0 0 0 0.06
 2  0 -1  1 -2  0  1 -1 -1 -2 -2  1 -1  0  1  1 -1  2 -1 -1 1 0 0 1 0.07
 0  0 -1  2 -3  1  5 -2 -1 -2 -2  1 -2 -3 -1 -1 -1 -1 -1 -1 1 0 0 1 0.09
-1  0  0 -1 -2  1  0 -2 -1  0  1  1  3  2 -1 -1 -1  0 -1 -1 0 0 1 1 0.09
 0 -1 -1 -1  1 -1  1  5 -2 -3 -3 -1 -2 -2 -2 -1 -2  3 -2 -2 0 0 1 1 0.09
-1  1 -2 -3  4 -2 -2 -2 -1 -2 -1 -1 -1  4 -2 -1 -2  6  4 -2 0 0 1 1 0.08
 0  0 -1  0 -2  1  2  0  1 -1 -1  2 -1 -2  1  0 -1  0 -1  0 1 0 0 1 0.07
-1  1 -1  0 -3  0  5 -2 -1 -2 -2 -1  0 -2 -1  0  0 -2 -2 -2 1 0 0 1 0.06
-1  0 -1  0 -2  0  5 -2 -1 -2 -2  0 -2  1 -1 -1 -1 -2  0 -2 1 0 0 0 0.06
 2  0 -1 -1 -1  0 -1  0 -1 -1 -1  0  0 -2 -1  2  0 -2 -1  0 1 0 0 0 0.05
 0  0 -1  1  0  1  0 -1 -1  0  1  0  1  0 -1  0  0 -1 -1  0 1 0 0 1 0.04
-1 -1 -1  1 -2 -1 -1  4 -1 -1 -1  0 -1 -2 -1 -1 -1  1 -2 -2 0 0 1 0 0.03
-1  1  0 -1 -2  0 -1 -2  5 -2 -1 -1 -1  2 -1 -1 -1 -1  3 -1 0 0 1 1 0.02
-1 -1  4  1 -2  0  0  2  2 -2 -2 -1 -2 -1 -1  0 -1 -2 -1 -2 0 0 1 1 0.02
 3 -2 -2 -2  4 -2 -2 -1 -2  1  2 -2  0 -1 -2 -1 -1 -2 -1  0 0 1 0 0 0.01
-1 -2 -1  4 -2 -1 -1 -3 -2  3  0 -1 -1  0 -2 -1 -1 -3 -1  1 0 1 0 0 0.01
 4 -1 -2 -3  2 -2 -2 -1 -2 -1 -1 -2  1  3 -2  0  0 -2 -1  1 0 1 0 0 0.01
 2 -3 -2 -3  2 -2 -2  2 -3  1  0 -2  0 -1 -2  1  0 -3 -2  2 0 1 0 0 0.01
 2 -3 -2 -3 -3 -3 -3  6  1 -4 -4 -3 -4 -4 -3  1 -1  2 -3 -4 0 1 0 0 0.01
-2 -4 -5 -5 -3 -4 -5 -5 -4  5  0 -4 -1  6 -5 -4 -2  1  1  1 0 1 0 0 0.01
-3  0 -2  0 -5  7  0 -3 -2 -4 -3  4  0 -5 -2 -2 -3 -4 -4 -4 0 0 1 0 0.01
-1 -3 -2 -4  7 -4 -4  4 -3 -4 -4 -4 -4 -2 -4 -1 -3 -3  4 -4 0 0 1 0 0.01
-3 -1 -2 -2 -4  7 -1 -3  1 -4 -3 -1  1 -1 -3 -1 -2  6  0 -3 0 0 1 0 0.01
-1  5 -1 -2 -4  3 -1 -3 -2 -3 -2 -1 -3 -3  5 -2 -1 -3  0 -3 0 0 1 0 0.01
-1 -1 -1  0  0  4  3  2  2 -4 -3 -1  0 -4 -2  0 -2 -3 -3 -3 0 0 1 1 0.01
-4 -4 -5 -5 -4 -4 -5 -2 -4 -2  4 -4  4 -1 -5 -4 -3  9 -1 -2 0 0 1 0 0.01
 0 -1 -1 -1 -3  1 -1 -1 -2 -3 -2  2 -2 -2  0  2  4 -4 -3 -1 0 0 1 0 0.01
-1 -1  2  6 -4 -1  3 -2 -2 -4 -5 -1 -4 -5 -3 -1 -1 -5 -4 -4 0 0 1 1 0.01
-2 -2 -1 -3 -1 -1 -1 -1  5  0  1 -2 -1  3 -2 -2 -1  3  3 -1 0 0 1 1 0.01
-2 -1 -3 -3  2 -2 -2 -2  1  0  1  0  0  3 -2 -1 -1  3  5 -1 0 0 1 0 0.01
 1 -3 -3 -3  3 -3 -3 -2 -3 -1 -1 -3 -2 -3  6 -2  0  0 -1  1 0 0 1 0 0.01
 2 -2  5  0 -3 -2 -2 -1 -2 -1 -2 -2 -2 -3  0  0  2 -4 -1 -2 0 0 1 0 0.01
 2 -2 -2 -2  1  0 -2  3 -3 -3 -2 -2  2 -1 -1  2 -1 -3 -3 -1 0 0 1 0 0.01
-2 -4 -2  6  7 -3 -2 -2 -4 -4 -4 -3  0 -5 -4 -2 -2 -5 -5 -4 1 0 0 0 0.01
-2 -3 -4 -4 -3 -3 -4 -3 -3  2  3 -3  0  5 -4 -2  0 -2  1  0 1 0 0 0 0.01
 3 -3 -2 -3  1 -2 -2 -2 -3  1  0 -2  3 -2  0  1  2 -3 -2  2 1 0 0 0 0.01
-2 -1 -1 -1 -4  1  6 -4 -2 -4 -3 -1  1 -4  3 -1 -1 -4 -4 -3 1 0 0 0 0.01
 4 -3 -2 -3  1 -2 -3  3 -3 -3 -2 -2 -1 -4 -3  1  1 -4 -3 -2 1 0 0 0 0.02
-1 -3 -4 -4 -3 -3 -4 -4 -4  2  3 -3  4  3 -4 -3  0 -2 -1  1 1 0 0 0 0.02
-2 -4 -4 -5  0 -3 -4 -5 -4  1  5 -4  4  1 -4 -2 -2 -3 -2 -1 1 0 0 0 0.02
-1 -2  7 -1 -1 -2 -2  1 -2 -4 -4 -2  1 -4  1 -1 -1 -5 -4 -4 1 0 0 0 0.02
 0  0  1  2 -2 -1  0 -1 -2 -2 -2 -1 -1  0 -2  3  2 -3 -2 -2 0 0 1 0 0.03
 0 -1  1 -1 -2  0 -1  0  0 -2  0 -1  0 -2  2  3  1 -2 -2 -1 0 0 1 0 0.03
 1  0 -2 -2 -2 -1 -2 -1 -1  0  0 -1  0  5 -2 -1 -1  0  3 -1 0 1 0 0 0.04
-2 -1  1  6 -3 -1  0 -2 -2 -1 -3 -1 -2 -3 -2  0 -1 -3 -2 -2 0 1 0 0 0.06
 0  0 -2 -2 -2 -1  0 -1 -2 -2 -2 -1 -2  0  0 -1 -2  9  0 -2 0 0 1 0 0.06
-2 -1  5  2 -3 -1  1 -1  0 -3 -3  0 -2 -1 -1  0 -1 -3 -2 -3 0 0 1 1 0.06
 0 -2 -1 -2 -3 -1 -1  6 -2 -2 -3 -2 -3 -3 -1 -1  0 -3 -3 -2 0 1 0 1 0.04
 0 -1  0  1 -2 -1  1 -2 -2  2  0  1 -1 -2  2  0 -1 -3 -2  0 0 1 0 1 0.04
-2  6  0 -2 -3  1 -1 -1  0 -3 -3  3 -2 -1 -2 -1 -2 -3 -2 -3 0 0 1 0 0.03
-1 -1 -1 -1 -4  3  5 -3  0 -4 -4  0 -1 -4  4 -1 -1 -4 -3 -3 0 0 1 0 0.02
 0 -3 -3 -3 -4 -3 -2  2 -4 -1 -2 -3 -3 -4  7 -1 -2 -4 -4 -1 0 0 1 0 0.02
-2 -3 -3 -3 -2 -2 -3 -4  0  3  1 -3  0  3 -3 -2  0 -2  3  2 0 0 1 0 0.01
 0 -4 -2 -3 -3 -3 -3 -4 -3  2 -1 -3  0 -1  5 -2  1 -4  0  2 0 0 1 0 0.01
 0 -2 -2 -3  4 -2 -2 -1  2  1  1 -2  1  2 -3  0  0 -2  0  1 0 1 0 0 0.01
 5 -3 -3 -3 -2 -2 -1  0 -3 -1 -2 -2 -2  1  0  0  0 -3 -2 -1 0 1 0 0 0.01
-2 -3  2 -1  7 -2 -3 -3  0 -2 -3 -3  0 -4 -1 -1  5 -4 -3 -1 0 1 0 0 0.01
-3 -2 -2 -1 -5  0  7 -4 -2 -4 -1 -1 -3 -1 -3 -2 -3 -4 -3 -4 0 0 1 0 0.01
 1 -2  5 -1  1 -2 -2  2 -2 -2 -3 -2 -2 -3 -3 -1  1 -4 -3  1 0 0 1 0 0.01
-3 -3 -1  8 -5 -2  1 -3 -3 -5 -5 -3 -5 -5 -3 -2 -3 -5 -5 -5 0 0 1 0 0.01
 0 -2 -1  0 -1 -1  1 -2 -1  2 -1 -2  2 -1 -3  2  1 -3  0  2 1 0 0 0 0.01
-2 -2  0  3  3 -2  0  1  0 -1  2  0 -1 -2 -1 -2 -1 -3  0 -2 1 0 0 0 0.01
 2 -3  5 -1 -4  0  0  3 -2 -4 -4 -2 -3 -4 -3 -1 -1 -5 -4 -2 1 0 0 0 0.01
 3 -3 -2 -3 -2 -3 -1  5 -3 -3 -2 -3 -1 -4 -3 -1  1 -4 -4 -1 1 0 0 0 0.01
-1 -3 -4 -4 -2 -3 -4 -5 -4  3  3 -1  2 -2 -4 -3 -1 -4 -3  4 1 0 0 0 0.01
 2 -2 -1  1  1 -2  1  0 -3 -3 -3 -2 -2 -4 -1  2  4 -4 -3 -2 1 0 0 0 0.01
-1 -3 -3 -4 -3  0 -3  0 -3  0  0 -3  8 -2 -4  0 -2 -3 -3  0 1 0 0 0 0.01
-1 -1 -3 -3 -2  0  0 -3 -2  0  4 -2  2  0 -3 -1 -2 -2  2 -1 1 0 0 0 0.01
 1 -3 -4 -4 -3 -3 -4 -4 -3  2  3 -3  2  4 -4 -3 -2  3  0  1 1 0 0 0 0.01
-1 -2  0  1 -2 -1 -1  3 -2 -1  1 -2  2  0 -3 -1  0 -3 -2 -1 1 0 0 0 0.01
 0  0  0 -2 -4  0  0 -3  5 -3 -2  3 -2  0 -3  0 -1  1  3 -3 1 0 0 0 0.01
 1  0 -1 -3 -3  0 -1 -3 -1 -1  3 -1  1 -1 -3 -1 -1 -2  2 -1 1 0 0 0 0.01
 1 -4 -4 -3  0 -3 -4 -4 -4  2  5 -4  1 -1 -4 -2 -2 -4 -3  1 1 0 0 0 0.01
 0 -2 -2 -3  1 -2 -2 -1 -3 -3  0 -2 -1 -4  1  2  5 -4 -3 -2 1 0 0 0 0.01
-2 -3  4 -1 -2 -1 -1  4  4 -5 -4 -2 -1 -4 -1 -1 -2 -4 -3 -4 0 0 1 0 0.01
 0  3 -1  0  0  2  0 -1 -2 -2 -1  1  0 -3 -2  0  3 -3 -2 -2 0 0 1 0 0.01
 3 -1 -3 -3 -3 -1 -2  0 -3 -3 -3 -2 -3 -4  6  0 -2 -4 -3 -3 0 0 1 0 0.01
 0  0  0 -1 -2  3 -1 -1 -1 -2 -2 -1 -1 -3  2  2  1 -3 -2  1 0 0 1 0 0.01
 0 -2 -2 -3  0 -2 -3 -1 -2  2  2 -2  2  2 -3 -1  1 -2  1  1 0 1 0 0 0.01
-3 -3 -4 -4 -3 -3 -4 -4 -2  2  2 -4 -1  6 -4 -3 -3 -1  4 -1 0 1 0 0 0.01
 2 -2  1 -1  1 -1  0  1  4 -1 -1 -1  0 -2 -2  1  0 -3 -1  0 0 1 0 0 0.01
-3 -2  0  7 -4 -1  2 -2 -2 -4 -4 -2 -3 -4 -2 -1 -2 -4 -3 -4 0 1 0 0 0.01
-1 -2 -3 -3 -1 -2 -3 -3 -3  2  1 -2  2  1 -2 -2 -1 -2 -1  4 0 1 0 0 0.01
-1  5 -1  1 -3  1  0 -1 -1  0 -2  1 -1 -2 -2 -1 -1 -2 -2 -1 0 1 0 0 0.01
 0 -1  1  0  2  0  1 -1  3 -1 -1 -1 -1 -2 -1  0  2 -2 -1 -1 0 1 0 0 0.02
-1 -2 -2 -2  4 -1 -2 -2  1  1 -1 -2 -1  1  0 -1 -1  0  5  0 0 1 0 0 0.02
 0 -2 -2  2 -2 -1 -1 -2 -2 -2 -1 -2 -2  0 -2 -1 -2  9  0 -1 0 1 0 0 0.03
 0 -1  0  1 -2  0  1  2 -1 -2 -2  1 -1 -2 -1  2  0 -2 -2 -2 0 0 1 0 0.04
 0 -1 -1  0 -2  0  2 -1 -1 -1 -1  1 -1 -2  4  0 -1 -2 -2 -1 1 0 0 1 0.06
-1 -1  0  3 -2  0  4 -1  1 -2 -2  0 -2 -2 -1 -1 -1 -2 -2 -2 1 0 0 1 0.07
 3 -1  0  0 -1 -1 -1 -1 -1 -1 -1  0 -1  0 -1  1  1 -1  1 -1 1 0 0 0 0.07
 0 -2 -2  0  0 -1 -1 -1 -2  1  1 -2  0 -1 -1 -1 -1 -2 -1  3 1 0 0 0 0.08
 0  0 -1  0 -2  1  2  0 -1  0  0  1  0 -1 -1  0 -1  0 -1  0 1 0 0 1 0.09
-1  4 -1  0 -2  0 -1 -2 -1 -2 -2  2 -1  0 -1  0  1 -2 -1 -2 1 0 0 1 0.11
 0 -2 -2 -2 -1 -1 -1 -2 -1  1  0 -1  0  0 -1  0  0 -1  2  3 1 0 0 0 0.13
 0 -1  0 -1 -1 -1  0 -1  1  0 -1 -1 -1 -2 -1  1  4  3 -1 -1 1 0 0 0 0.12
 0 -2 -1  0 -2 -1 -2  4 -2  0  0 -2  1 -2 -2 -1 -1 -2 -2  0 0 0 1 1 0.10
-1  1 -1 -2 -1  1  0 -2  1 -1 -1  0 -1  1 -2  0 -1  6  4 -1 0 0 1 0 0.09
-1  1  0  2 -2  0  2 -1  1 -1 -1  2 -1 -2  0  0  0 -2 -1 -1 0 0 1 1 0.09
-1 -1 -2 -2 -2  0  0 -2 -1  2  2 -1  0 -1  3 -1 -1 -2  0  0 0 0 1 0 0.08
 0  0  0  2 -2  0  3 -1 -1 -2  0  0 -1 -2 -1  1  1 -2 -2 -1 0 0 1 1 0.07
-1 -2  0 -1 -2 -2 -2  5 -2 -1 -2 -2 -1  0 -2  0 -1 -2 -2 -1 1 0 0 1 0.06
 0  1  1  1 -2  0  0 -2  2 -1  0  0  1 -1 -1  0  0 -2  1  0 1 0 0 1 0.04
 3 -1  0 -1 -2 -1  2 -1 -2 -1 -1 -1 -1 -1 -1  0  0  0 -1  1 1 0 0 0 0.04
 2 -1  0  2 -2  1  1  1 -1 -2 -2  1 -2 -2  1  0 -1 -2 -2 -1 1 0 0 1 0.03
 0 -1  2  3 -2  0  1  1  1 -1 -2  0 -2 -2  0  0 -1 -2 -1 -2 1 0 0 1 0.02
 0 -2  2  1  1 -2  0  4 -2 -3 -2 -1 -2 -2 -2 -1 -2 -3  0 -3 0 0 1 0 0.01
-1 -3 -3 -3 -2 -3 -3 -3 -3  3  1 -3  1  4 -3 -2  1 -2  1  2 0 1 0 0 0.01
-2 -3 -4 -4 -2 -3 -3 -4 -3  4  2 -3  1 -1 -3 -3 -2  8 -1  1 0 1 0 0 0.01
-3 -2 -1  1 -4 -2 -1 -3  9 -1 -3 -2 -2 -1 -3 -2 -1 -3  1  0 0 1 0 0 0.01
-2 -3 -3  0 -2 -2 -2 -3 -3  1  4 -3  1  3 -3 -2 -2  0 -1 -1 0 1 0 0 0.01
 0 -1 -3 -2  3 -2  0 -3 -3  4  1 -2  0  0  0 -1 -1  2 -2  1 0 0 1 0 0.01
-2  1  6 -1 -3 -1 -2 -2  1  1 -3 -1 -2 -3 -2 -1 -1 -3 -2 -2 0 0 1 0 0.01
-1 -3 -1 -2  6 -2 -2 -2 -3 -3 -3 -2 -3 -3 -3  5  0  2  0 -3 0 0 1 0 0.01
-2 -4 -2 -3 -4 -3 -3  7 -3 -5 -5 -3 -4 -4 -3 -2 -3 -4 -4 -4 0 0 1 0 0.01
 4 -2  1 -2 -2  0  1 -1 -2 -3 -3 -1 -1 -3  0  3  0 -3 -3 -2 0 0 1 0 0.01
 3 -2  0 -2  2  0 -2  0  3 -2 -2 -2  0 -3 -2  1  1 -3 -2  0 0 0 1 0 0.02
 3 -2 -1  0  4 -1 -1 -1 -1 -2 -2 -2  0 -3  1  1  2 -3 -2 -1 0 0 1 0 0.04
 0 -2 -2 -2 -2 -2 -2 -2 -1  1  3 -2  1 -1  0 -1  0 -2  0  0 1 0 0 0 0.06
-2 -2  0  6 -1  0  0 -1 -1 -3 -3  0 -2 -1 -2  0 -1 -2  0 -2 1 0 0 0 0.10
 1 -1 -1 -2  0 -2 -2  4  0 -1 -1 -2 -1 -1 -2 -1 -1 -1 -1 -1 1 0 0 0 0.15
 2 -1  0 -2  4 -1 -1 -1  0 -2 -2  0 -2 -1  0  1  3 -2  0 -1 1 0 0 0 0.16
 0  0 -1 -2  3  0  0  4 -2 -2 -1  0 -1 -3 -1 -1 -2 -2 -2 -2 0 0 1 0 0.18
 2  1 -1 -1 -1  2  2  0 -1 -1 -2  1 -1 -2  0  0 -1  0  0 -1 0 0 1 0 0.17
 1  1 -1  0 -1  2  0 -2  1 -2 -2  2 -1  0  0  0 -1 -2  0 -1 0 1 0 0 0.16
-1 -1  1  4 -2  0  0  0  0 -2 -1  0 -2 -2 -1  1  0 -2 -2 -1 0 1 0 1 0.16
 1  0 -1  0 -1  0  1 -1 -1  1  0  1 -1 -1 -1  0  0  1 -1  0 0 1 0 1 0.16
 0  0  1  2 -2  1  2  0  0 -2 -2  0 -2 -2  1  1  0 -2 -1 -2 0 0 1 1 0.18
-1  0 -1 -2 -2 -1 -2  5 -2 -2 -3 -2 -2 -2 -2 -1 -2 -2 -1 -2 0 0 1 1 0.18
 0  0  2  0 -2  1  1  0  0 -2 -2  2 -1 -1  2  0  0 -2 -1 -1 0 1 0 1 0.17
 1 -1 -1  0 -2 -1 -1  0 -1 -2 -2 -1  0 -3  6  0 -1 -2 -2 -2 0 1 0 0 0.14
 1 -1 -1 -1  2 -1  0 -1 -2  0 -1  0  0 -2  2 -1  1 -2 -2  2 0 1 0 0 0.12
 1 -1 -2 -2 -2  0 -2 -2 -2  2  1 -1  5  0  1 -1 -1 -1 -1  0 0 0 1 0 0.09
 0  1  1 -1 -2  0  0  0 -1 -2 -2  5 -2 -2  0  0 -1 -2 -2 -2 0 0 1 0 0.09
-1 -2 -2 -2 -3 -1  0 -2  4 -2 -2  0 -2  0  6  0  1 -3 -2 -1 0 0 1 0 0.07
 0 -2 -2 -3 -2  0 -2 -3  3 -1 -1 -1  0  4 -2 -2 -2  6  4 -1 1 0 0 0 0.06
-3 -3 -3 -4 -3 -3 -3 -3  1 -3 -1 -3 -2  3 -3 -3 -3  9  6 -3 1 0 0 1 0.05
 2 -1  1  1 -3  1  3 -2  2 -3 -3  0 -2 -3  0  0 -1 -3 -2 -2 1 0 0 1 0.06
 1  1  1 -2 -2 -1  0  1 -2  2  0  0  3 -2 -3 -1  0 -3 -2  1 0 0 1 0 0.07
 0  1  0  0 -2  0  0  0 -2 -1  0  0  1  0 -2  0  2 -2  1 -1 0 0 1 1 0.07
-1 -2 -1  2 -1  2  3 -2  0 -1 -3  0  0 -3  0  2 -1 -1 -2 -2 1 0 0 1 0.08
 0  0 -1  2  2  2  4 -1 -2 -3 -3  0  0 -2  0  0 -1 -3 -1 -3 1 0 0 1 0.07
-3 -3  2  6 -4 -1  4 -3  2 -4 -4 -2 -4 -1 -1 -2 -3 -4 -3 -4 1 0 0 0 0.06
 2  0 -2 -3 -2  1 -2  0  2  1  0 -2  1 -1  2 -1 -2 -3 -2  2 1 0 0 0 0.06
 0  0  0  2  0  3  2 -2 -1 -3 -3  3 -2 -3  1  0 -1 -3 -1 -3 1 0 0 1 0.07
 2  1  0  0 -2  0  1  1 -2 -2 -1  1 -2 -3  0  0  0 -3 -3 -1 1 0 0 0 0.06
 0 -3  3 -1  7 -2 -3  0 -2  0 -1 -2  1 -3 -1  0 -1 -3 -3 -1 1 0 0 0 0.05
-2 -3 -2 -4  0 -3 -3  0 -3  1  5 -3  4  0 -3 -3 -1 -3 -2 -1 1 0 0 0 0.04
 1  0  0  2 -3  2  2 -1 -1 -3 -3  3 -2 -3 -2  0 -1 -3 -2 -2 1 0 0 1 0.03
 3  0  1 -2 -2  0 -1  1  0 -3 -2  1 -2 -3 -2  0 -1 -3 -2 -2 0 0 1 1 0.02
 0 -2 -2 -3 -2 -2 -2 -3 -3  0 -1 -2 -1 -3 -2 -1  5 -3 -2  3 0 0 1 0 0.02
 0  1  0  1 -2  1  1 -1  1 -1 -2  0 -2 -3 -2  0  4 -3 -2 -1 0 1 0 1 0.02
-3 -3 -3 -4 -3 -3 -3 -1 -3  1  1 -3 -1  3 -3 -2 -3  9  0 -1 0 1 0 0 0.01
-2  1  0 -2  5  2 -2 -1  4 -2 -2 -2  0  0 -1 -1 -2 -1  5 -2 0 1 0 0 0.01
 0  2 -2 -2 -3 -1 -2  2 -2 -3 -3 -1  0 -3  6 -1 -2 -3  0 -2 0 1 0 0 0.01
 4 -2  0 -1  0  3  0  0 -2 -3 -3 -1 -2 -3 -2  0 -1 -3 -3 -2 0 0 1 0 0.01
-1 -1  3  2  3 -1 -1 -1 -1  0  0 -1 -1 -2  1  0  0 -2 -2 -1 0 0 1 0 0.01
 0  1  0 -1  0  2  0 -2  1  0  1  0  0  1  0 -1  0 -1  1  0 0 0 1 0 0.01
-1 -1 -1  2 -2  0  3  3 -1 -2 -2 -1  1  0 -2 -1 -1 -2 -2 -2 0 0 1 1 0.01
-1 -2 -3 -3 -3 -2 -3 -3 -1 -1 -1 -3 -2  3 -3 -2 -1  0  8 -2 0 0 1 0 0.01
-3 -3 -3 -3 -3 -3 -3 -1 -2 -2 -1 -3  1  8 -3 -3 -3 -1  2 -2 0 0 1 0 0.01
-1  6 -2 -3 -4 -1 -2 -1 -1 -3 -3  1 -3 -4  4 -2 -2 -3 -3 -3 0 0 1 1 0.01
 1 -2 -1 -2 -3 -1 -2  5 -3 -3 -1  1 -2 -3  0  0 -2 -3 -3 -2 0 0 1 0 0.01
-1 -3 -2 -3 -4 -3 -3  6 -3 -2 -4 -1 -4 -4 -3  0 -2 -4 -4 -4 0 0 1 0 0.01
-2 -4 -3 -3 -4 -4 -4  7 -4 -5 -5 -3 -4 -5 -4 -2 -3 -4 -5 -5 0 0 1 0 0.01
 1 -3 -3 -3  2 -3 -3  2 -2 -1 -1 -3 -1  4 -1  0 -2  1  4 -2 0 1 0 0 0.01
 2 -3 -2 -2 -1 -2 -2 -2  1 -1 -2 -2 -2 -2 -3  5  2 -4 -3 -1 0 1 0 0 0.01
-1 -3 -1 -3 -1 -2 -2 -3 -3  1  1 -2  1  0 -3  3  2 -3 -2  2 0 1 0 0 0.02
 0  3  2  1 -1  1  1 -2  3 -3 -3  1 -2 -3 -2  0  2 -3 -2 -3 0 1 0 0 0.02
-2 -4 -3 -4 -4 -4 -4  2  2 -3 -1 -4 -2  7 -4 -3 -3 -1  5 -3 0 0 1 0 0.02
-1  1 -2 -2 -1  0  0 -1 -2  1  2  0  1 -1 -1 -2  0 -2 -1  1 0 1 0 1 0.01
 1 -3 -1 -1  2 -2 -2 -2 -3 -1 -2 -2 -2 -2 -2  2  5 -4 -3 -1 0 0 1 0 0.01
 1  3 -2 -1 -3  0  1 -3  0 -4 -3  4 -3 -4  3 -1 -1 -4 -3 -3 0 0 1 1 0.01
 2 -4 -3 -3 -2 -3 -3  4 -4 -5 -5 -3 -4 -5  6  0 -2 -5 -5 -4 0 0 1 0 0.01
 0 -3 -1  0  1 -1  1  6 -3 -5 -5 -2 -4 -5  0 -2 -3 -4 -4 -4 0 0 1 1 0.01
 0  1 -2 -2 -2 -1  0 -1  1 -1  0 -1  6 -2 -2 -1  1 -2 -2  0 0 0 1 0 0.01
-2 -2 -3 -2 -4  0  2 -3 -3 -1 -3  2 -3 -4  6 -2  0 -4 -4 -3 0 1 0 0 0.01
 0 -4 -4 -5  0 -4 -4 -4 -4  2  1 -4  3  3 -4 -3 -2 -3 -2  4 0 1 0 0 0.01
-2 -3 -3 -3 -3 -3 -3 -4 -4 -2 -2 -3 -3 -4 -3 -1  7 -4 -4  1 0 1 0 0 0.01
-1 -4 -5 -5 -3 -3 -4 -5 -4  2  2 -4  6  1 -5 -4 -3  7  0  1 0 1 0 0 0.01
 3 -3 -2 -3  2 -2 -3  0  0  1  0 -2  0  0 -3  2  0 -4 -2  0 0 1 0 0 0.01
-2  8 -3 -4 -5 -2 -3 -5 -3 -5 -4  0 -4 -5 -4 -3 -4 -5 -4 -5 0 1 0 0 0.01
-2 -3 -4 -4 -2 -3 -4 -4 -4  3  4 -3  2  1 -4 -3 -1 -3 -2  2 0 1 0 0 0.01
-1 -2  5 -1  4 -2 -2  1 -2  0 -3 -2 -2  0 -3  0  1  2  1 -2 0 1 0 0 0.01
-2  4  0 -3 -3 -2 -2 -1  0  2  2 -1  1  0 -3 -2 -1 -3 -1  0 0 1 0 0 0.01
-1  1  0 -1  0  0 -1 -3 -2  2  0  0  1 -2 -3 -2 -1  1  0  3 0 1 0 0 0.01
 0  0  1  4 -4  0  1 -1 -1 -4 -4  4 -3 -4 -2 -1 -1 -4 -3 -3 0 0 1 1 0.01
-2 -2  0  1 -4 -2 -3  6 -1 -5 -5 -3 -4 -4 -4 -2 -3 -4  0 -5 0 0 1 1 0.01
-1 -1 -1  0 -2  1  0  1 -2  0  1  1  0 -2 -2 -1  0 -3 -2  0 0 0 1 1 0.01
 0 -1 -1 -1 -3 -1  1  4 -2 -3 -1 -1 -2 -1 -2  0 -2 -2  2 -3 0 1 0 0 0.01
-3 -3 -3 -3 -4 -1 -1 -4  2 -3 -1 -1 -3  0  6 -3 -3 -2  5 -2 0 1 0 0 0.01
-1  2 -2 -3 -2 -2 -2 -3  0  1  0  0  0  1 -3 -1  0 -2  0  3 0 1 0 0 0.01
-3 -3 -4 -5 -3 -3 -4 -5 -4  2  4 -4  6  2 -4 -4 -3 -3 -2  0 0 1 0 0 0.01
-2 -2 -1  2 -4  5 -1 -3  3  1 -2 -1 -2  0 -3 -2  1 -3  1 -1 0 1 0 0 0.01
-2 -4 -4 -4 -3 -4 -4 -5 -4  5  3 -4  0  1 -4 -3 -1 -3 -1  2 0 1 0 0 0.01
 3 -3 -3 -2 -2 -2 -3  2 -1  1  0 -2  2 -1 -3 -1 -1 -3 -3  1 0 1 0 0 0.01
-2  2 -2 -1 -4  0  5 -4 -1 -4 -2  0 -3 -4  1 -1  0  1 -3 -2 0 1 0 0 0.01
 1 -4 -3 -3  0 -4 -4  7 -4 -5 -5 -3 -4 -5 -4 -2 -2 -4 -5 -4 0 1 0 0 0.01
-2  0 -2 -1 -4  0  4 -2  1 -3 -3 -1 -1 -1 -3 -1 -2  7  3 -3 0 1 0 0 0.01
 2 -2 -1 -2 -2 -2 -2 -1 -3  0 -2 -2 -2  3 -2  2  3 -3 -1  1 0 1 0 0 0.01
 0 -4 -4 -4  3 -2  0 -4 -4  2  1 -3 -1 -2 -4 -3 -2 -4 -1  5 0 0 1 0 0.01
 0  1  1  3 -4  0  4 -2 -1 -3 -3  0  0 -4 -2  0  0 -4 -3 -2 0 0 1 1 0.01
-3 -2 -4 -4 -3 -3 -2 -4 -3  2  4 -3  1  2  1 -3 -2 -3  1  1 0 0 1 0 0.01
-2 -3  0  4 -4 -2 -1 -1  0 -4 -4 -3 -4 -5  6  0  0 -5 -4 -4 0 0 1 1 0.01
-1  1  0  3 -4  1  4 -1 -1 -4 -4  2 -3 -4  1 -1 -1 -4 -3 -4 1 0 0 1 0.01
 1  0  0  2 -4  1  5 -1  2 -4 -4  1 -3 -4 -3 -1 -2 -4  0 -3 1 0 0 1 0.01
-1 -3 -3 -3  0 -2  0 -2 -3  3 -1 -1  1 -2 -3 -1  1 -3 -2  4 1 0 0 0 0.02
-1  0  2 -1 -3  0  0 -3  6 -3 -2  0 -1  2 -3  0  2 -3 -1 -1 1 0 0 0 0.02
-1  0  0  4 -4  1  3 -1  0 -4 -3  2 -3 -2 -2 -1 -1 -3  0 -3 1 0 0 1 0.02
 0  1 -2 -2 -2  0  0  0 -1  2 -1  1 -1 -2 -1 -1  1 -3 -2  1 1 0 0 1 0.03
-2  1 -3 -3 -2 -2 -3 -4 -3  2  4 -1  2  1 -3 -3 -1  1 -2  1 1 0 0 0 0.03
 0  0  2  3 -2 -1  0 -2 -2 -1 -1  0  1 -2 -2  0  0  6 -1  0 1 0 0 0 0.03
 0  1  0  1 -3  1  3 -1 -1 -2 -2  3 -1 -3 -1  0 -1 -3 -2 -1 1 0 0 1 0.03
 0  6  1 -2 -3  1 -1 -2 -2 -3 -2  1 -2 -3 -3  0 -2 -3 -3 -2 0 0 1 0 0.02
-1 -3  0 -2 -2 -2 -2  0 -3 -1 -3 -2 -2 -3 -2  1  5  3 -3  0 0 0 1 0 0.02
-2 -2  3  5 -3  1  0  0 -2 -1 -3  0 -3 -3 -2 -1  2 -4 -3 -2 0 0 1 0 0.01
-1  1 -1 -2 -3 -1  0 -1  2 -1 -2  1  0 -2  5  0 -2 -3  2 -1 0 0 1 0 0.01
-1 -2  0 -1 -2  3  3 -1 -2 -2 -3  0 -2 -4 -2  0  4 -4 -3 -2 0 0 1 0 0.01
-4 -1 -5 -1 -4 -4 -4 -5 -4 -4 -1 -4 -3  2 -5 -5 -4 12 -1 -4 0 0 1 0 0.01
-3 -1 -4 -4  1 -3 -3 -2 -4 -5 -5 -3 -4 -5  8 -3 -3 -5 -5 -4 0 0 1 0 0.01
-2 -2  0 -1  2 -2 -2  0  5 -1 -2 -1 -2 -3 -3  0  3 -3 -2  0 0 1 0 0 0.01
 1  1  1 -1 -2 -1 -1 -2 -1  1  0 -1  2 -1 -2  0  1 -2 -2  1 0 1 0 0 0.01
-1 -1  1 -1 -2 -1  1 -2  3 -2 -1 -1 -1  3 -2  1 -1  5  2 -2 0 1 0 0 0.01
 1 -2 -2 -2 -2 -2 -2 -1 -2  1 -1 -2  2  5 -2 -1 -1 -1  0  1 0 1 0 0 0.01
 2  1 -2 -2 -1 -1  0 -2 -2  1  0  1 -1 -2 -2 -1  0 -2 -2  2 0 1 0 0 0.01
-1 -2 -2 -1 -2 -2 -1 -3 -2 -1  1 -1  3 -1  5 -1  0 -3 -2  1 0 1 0 0 0.01
-2  4  2  2 -4 -1 -1 -1  3  1 -3  1  0 -3 -3 -2 -2 -4 -2 -2 0 0 1 1 0.01
 0 -2 -2 -3  1 -2 -1  0 -3  2  2 -2  1  0  0 -2  0  2 -1  2 0 0 1 1 0.01
-1  1  0  1  0 -1  0 -1  1  0 -2 -1 -1 -2  1  0  3 -3 -2  0 0 0 1 1 0.02
 2 -2 -2 -1 -2 -2 -2  4  1 -2 -2 -2 -2 -1  0  0  1 -3 -2  0 0 0 1 1 0.02
-1  1 -1  2  1  0  2 -2  0  0 -2  2 -2 -3 -2 -1 -1 -3 -1  0 0 0 1 1 0.02
 0  1 -1  1 -2 -1 -1  4 -2 -2 -1  1 -2 -3 -1  0  0 -3 -2 -1 1 0 0 1 0.02
 2  0  1 -1 -1  0  0 -1 -1 -1 -2  0 -1 -2  3  0 -1  2  0 -1 1 0 0 0 0.02
-1 -2 -2  0 -2 -2 -2  0 -2 -1  0 -2 -1  6  1 -2 -1 -1  0 -1 1 0 0 0 0.02
-1  2 -1  0  2  1  1 -1 -1  0  0  1 -1 -2 -1  0  1 -2 -2  0 0 0 1 1 0.01
-1  0  2  5 -3 -1  0 -2 -2 -1 -3 -1 -2 -3 -2  2  0 -3 -3 -1 0 0 1 1 0.01
 0  1 -2 -2 -1 -1 -2 -3  1  1 -1  1  2 -1  0 -1 -1 -2  2  3 1 0 0 0 0.01
-1 -2 -1  3 -3  1  1 -1 -1 -1 -2  0 -2  0 -2 -1 -2  3  5 -1 1 0 0 0 0.01
-1 -1  0  2 -3  2  1 -2 -1 -1 -3  1 -2 -2 -2  2  1 -3  2 -2 1 0 0 0 0.01
-2 -3 -3 -3 -2  0 -3  0 -3  1  1 -3  1  4 -3 -2  0  1  0  3 1 0 0 0 0.01
-2 -2 -3 -4 -2 -2 -3 -4 -3  2  3  0  7 -1 -3 -3 -2 -3 -2  2 1 0 0 0 0.01
 1  1  2  2 -1  2  1 -1 -1  0 -2  0 -2 -3  0  1 -1 -3 -3 -2 1 0 0 1 0.01
 0  2  3 -1 -1  0  0  0  3 -1 -2  1 -2 -2 -2 -1 -1 -3  1  1 0 0 1 0 0.01
-1 -3 -3 -3 -3 -2  0  0  3 -3 -3 -3  2  2 -4 -3 -3 10  3 -3 0 0 1 0 0.01
-1 -1  0  2 -3  0  0  4 -2 -3 -2  0 -1 -3  2 -1  0 -3 -3 -3 0 0 1 0 0.01
 3 -2 -2  0  1 -2 -1  0 -3 -3 -3 -2 -2 -3  2  3  0 -4 -3 -1 0 0 1 0 0.01
-3 -2  6 -1 -4 -1  1 -2  6 -4 -4 -2 -3 -4 -3 -1 -2 -4 -2 -4 0 0 1 0 0.01
-4 -3 -2 -4 -6 -2 -3 -5 10 -6 -5 -3 -4 -3 -5 -4 -4 -4  3 -6 0 1 0 0 0.01
-1 -3 -3 -4  3 -3 -4  1 -3  3  0 -3  1  2 -4 -2  0  3  3  1 0 1 0 0 0.01
 2 -2  0 -2  2  1 -1 -2  3  0 -1 -1 -1 -2 -2  1  1 -3 -2  1 0 1 0 0 0.01
 0 -3 -2 -3 -2 -2 -3  1 -3  2  1 -2  1  1 -3  0  0 -3 -1  2 0 1 0 0 0.01
 1 -3  0 -3  2 -2 -3  1 -3  1 -2 -2 -1 -3 -3  2  2 -4 -3  3 0 1 0 0 0.01
-1  0 -3 -3  0 -2  0 -4  2 -1 -3  0 -2  1  2 -2 -3  2  7 -1 0 1 0 1 0.01
 1 -3 -2 -3 -4 -3 -1  6 -3 -5 -5 -3 -4 -4 -3  0 -1 -4 -4 -4 0 0 1 0 0.01
-3  0  3  3 -5 -1  0 -3  8 -5 -5 -2 -4 -4 -4 -2 -3 -5 -1 -5 0 0 1 1 0.01
-1 -1 -3 -3 -3 -2 -3 -4  4  3 -1  0 -1  2 -3 -2 -2 -2  3  3 0 0 1 0 0.01
 1  1 -2 -1 -3 -2 -1  4 -3  0 -2 -1 -2 -2 -3 -1  0 -3 -1  1 1 0 0 0 0.01
 3  0  0  3 -3  1  2  0 -2 -3 -3  0 -2 -4 -2  0 -1 -4 -3 -2 1 0 0 0 0.01
 0  0 -1  5  1  0  4 -3 -2 -4 -3 -1 -3 -4 -2 -1  0 -4 -3 -3 1 0 0 0 0.01
-3 -1 -4 -5 -3 -3 -4 -5 -4  1  5 -3  2  2 -4 -4 -2 -3 -2  0 1 0 0 0 0.01
 0  1 -1 -3 -2 -1 -1 -3 -3  4  1  1  1 -2 -3 -2 -1 -3 -2  1 1 0 0 0 0.01
 0 -1  0 -2 -2 -1  0 -1  0 -2 -2  0  2  1 -2  0  4 -2  1 -1 1 0 0 0 0.01
 0 -3 -4 -4 -2 -3 -4 -4 -4  2  4 -3  2  2 -4 -2 -1 -3 -1  2 1 0 0 0 0.01
 5 -3 -1 -3  7 -3 -3 -2 -3 -3 -3 -3 -3 -4 -3  0  0 -4 -4 -1 1 0 0 0 0.01
 2  2 -1  0 -3  0  1  0  0 -3 -3  1 -2 -3 -2  3 -1 -3  1 -3 1 0 0 0 0.01
-2 -3 -2 -4 -3 -1 -1 -4 -3  3  2 -3  7  0 -4 -2 -2  2 -2  0 1 0 0 0 0.01
-1 -3 -4 -5 -1 -3 -4 -4 -4  1  4 -2  2 -1 -4 -3 -1  5 -1 -1 1 0 0 0 0.01
-2  4  1  3 -4 -1  0  4 -2 -5 -4 -1 -3 -4 -3 -1 -2 -4 -4 -4 0 0 1 0 0.01
-3 -4 -5 -5 -3 -4 -5 -5 -5  6  1 -4  1  0 -4 -4 -2 -4 -3  2 0 0 1 0 0.01
-2  2 -1  1 -4 -1  1 -1 -2 -4 -4  0 -3 -5  6 -1 -2 -4 -4 -4 0 0 1 0 0.01
 0 -4 -4 -4 -2 -3 -4 -4 -4  1  2 -3  2 -2 -4 -3 -1 -4 -1  5 0 1 0 0 0.01
 0  0  2  1  5 -1  2 -2  0 -3 -3  0 -2 -3 -2  1 -1 -3  0 -2 0 1 0 0 0.01
 1 -3 -3 -3 -1 -2 -3 -3 -3  2  2 -2  3  2 -3 -2 -1 -2  0  2 0 1 0 0 0.02
-2  1  2 -2 -3 -1 -1 -3  6  0 -2 -1 -1  0 -3 -1 -2 -1  4 -2 0 0 1 0 0.03
-2  0  5  3 -3  0  0 -1  0 -4 -4  2 -3 -4 -2  0 -1 -4 -3 -3 0 0 1 0 0.03
-2 -3 -4 -4 -3 -3 -3 -5 -4  2  2  1  0 -2 -4 -3 -2 -4 -3  5 0 0 1 0 0.03
 0 -2  0  2 -4 -1  4 -3 -2 -3  0 -1 -2 -4  4  0 -1 -4 -3 -3 0 0 1 1 0.04
-1  0 -1  4 -4  0  5 -2 -1 -3 -3 -1 -3 -4 -1 -1 -1 -4 -2 -3 1 0 0 1 0.05
-1 -2  0  3 -3  0  3 -1 -2 -1 -3  1 -2 -4  1  0 -1 -4 -3  2 1 0 0 1 0.05
-1  3  0  2 -4  1  2 -3  0 -4 -3  3 -3 -4 -3 -1 -1 -4 -3 -3 1 0 0 1 0.05
-2 -3  1 -3 -3 -3  0 -4 -3  5  0  0  0 -2 -4 -3 -2 -4 -3  2 0 0 1 0 0.04
-4 -4 -4 -2 -4 -4 -5 -5 -2 -2 -1 -5 -2  8 -5 -4 -4  2  4 -3 0 0 1 0 0.04
-3  8 -2 -3 -5 -1 -2 -4 -2 -5 -4  1 -3 -5 -4 -3 -3 -5 -4 -4 0 0 1 0 0.03
-3 -4 -4 -3 -5 -3 -3 -4 -4 -5 -5 -3 -4 -6  8 -3 -3 -6 -5 -4 0 0 1 0 0.03
 2  2  0 -1 -2 -1 -1 -1  3 -3 -3  1 -2 -3 -2  3  0 -4 -2 -2 1 0 0 0 0.03
 4 -2  0 -2  1 -2 -2 -1 -2  0 -1 -2 -1 -2 -2  2  1 -3  0  0 1 0 0 0 0.02
-5 -5 -6 -6 -4 -4 -5 -5 -4 -4 -3 -5 -3  2 -6 -5 -5 12  0 -2 1 0 0 0 0.03
 1 -1  4  1 -2 -1  0  1 -1 -3 -3 -1 -2 -3 -2  2  0 -4 -1 -2 1 0 0 0 0.04
 4 -3 -2 -3 -2 -1 -2  2 -3 -2 -1 -2  2 -3  0  1 -1 -3 -3 -1 1 0 0 0 0.05
-2 -4 -4 -5  0 -4 -4 -5  4 -1 -1 -4 -1  7 -5 -4 -3 -1  2 -2 1 0 0 0 0.07
-2 -4 -2 -3 -4 -4 -4  7 -4 -6 -6 -3 -5 -5 -4 -2 -3 -4 -5 -5 0 0 1 0 0.07
-1 -2 -2 -1 -2 -1 -1 -2  0 -1 -1 -2  6 -2 -2  1  4 -3 -2 -1 0 0 1 0 0.07
 0  0  0  1 -2  2  2 -1  0 -2 -1  1  0 -2 -1  1  0 -2 -1 -1 0 0 1 1 0.06
-2 -3  2  7  0 -2  1 -2 -2 -5 -5 -2 -4 -5 -3 -1 -2 -5 -4 -4 0 0 1 0 0.07
 0  0 -2 -2 -3 -1 -1 -2 -1  0  2  3  0 -2  3 -1 -1 -3 -2 -1 1 0 0 1 0.07
-3 -2 -2  0 -5  0  7 -4 -2 -2 -4 -1  1 -4 -3 -2 -1 -5 -4 -1 1 0 0 0 0.05
 1 -3 -1 -2 -3 -2 -3  5 -3 -4 -4 -2 -3 -4 -1  2 -1 -4 -4 -3 1 0 0 0 0.05
 5 -2 -2 -2 -2  4 -1 -2 -2 -3 -3 -1 -2 -4 -2  1 -1 -4 -3 -2 1 0 0 0 0.04
-3 -3  0  8 -5 -2  0 -3 -3 -5 -5 -2 -5 -5 -3 -2 -3 -6 -5 -5 1 0 0 0 0.03
-3 -4 -4 -5 -4 -3 -4 -5 -1 -2 -2 -4  1  6 -5 -3 -3  0  7 -2 1 0 0 0 0.03
-1  7  0 -3 -5  0  0 -3 -2 -4 -4  1 -1 -4 -3 -1 -2 -4 -3 -4 1 0 0 0 0.03
 6 -3 -3 -3 -2 -2 -2 -1 -3 -1 -2 -2  0 -3 -2  0 -1 -4  0 -1 1 0 0 0 0.02
-2 -6 -5 -6 11 -5 -6 -5 -5 -3 -3 -5 -3 -4 -5 -3 -3 -4 -4 -3 1 0 0 0 0.02
 3  1  0 -1 -3  3  2 -2 -1 -3 -3  2 -2 -4 -2  0  0 -3 -3 -2 1 0 0 1 0.03
 2 -2  4 -1 -2 -1 -2 -2  0 -1 -1 -1 -2 -1 -2  0  2 -3  0 -1 1 0 0 1 0.02
-3 -3 -4 -5 -4 -3 -4 -5 -1 -2  1 -4 -1  5 -5 -3 -3  0  7 -2 1 0 0 1 0.03
-1 -4 -2 -3 -4 -3 -4  7 -4 -5 -5 -3 -4 -5 -4 -2 -3 -4 -5 -5 0 0 1 0 0.04
-1 -4 -4 -3 -4 -3 -3 -3 -4 -5 -5 -3 -4 -5  8 -2 -3 -5 -5 -4 0 0 1 0 0.07
-3 -3 -4 -5 -2 -2 -4 -5 -4  2  5 -3  3 -1 -4 -3 -2 -3 -2  0 0 0 1 0 0.13
-4 -4 -4 -5 -4 -3 -4 -5  1 -3 -3 -4 -3  2 -5 -4 -3  0  9 -3 0 0 1 0 0.17
-2  4 -1 -2 -4  1  0 -3 -2 -4 -4  6 -2 -4 -2 -1 -2 -4 -3 -3 0 0 1 1 0.26
