-1 -2 -3 -3 -1 -1 -2 -3 -2  2  2 -2  6  0 -3 -2 -1 -2 -1  3 0 0 1 1 0.40
-2 -3 -3 -4 -2 -2 -3 -4 -3  3  3 -3  4  2 -3 -3 -1 -2 -1  1 1 0 0 0 0.38
-1  0 -1  2 -4  1  6 -3 -1 -4 -4  1 -3 -4 -2  0 -1 -4 -3 -3 1 0 0 1 0.27
-1  0  2  3  1  1  4 -2 -1 -4 -3  2 -3 -4 -2  0 -1 -4 -3 -3 1 0 0 1 0.22
-1 -2 -2 -3  2 -2 -3 -3 -3  3  2 -2  2  1 -3  0  2 -2 -1  1 1 0 0 0 0.17
-2 -4 -4 -4 -2 -3 -4 -4 -4  5  2 -3  1  2 -4 -3 -1 -3 -1  2 1 0 0 0 0.17
 0  2 -1 -1 -3  0  0 -1 -1 -3 -1  5 -1 -3 -2  1 -1 -3 -2 -2 1 0 0 1 0.12
-1  2  3  1  0  0  0 -2 -1 -3 -3  3 -2 -3 -2  1  0 -4 -2 -3 1 0 0 1 0.14
 5 -2 -2 -2 -1 -1 -2  0 -2 -2 -2 -1 -2 -3 -2  1 -1 -3 -3 -1 1 0 0 0 0.14
-2 -3 -3 -4  1 -2 -3 -4  0 -2  0 -3 -1  4 -4 -1 -2  5  7 -2 1 0 0 0 0.12
-1 -2 -2  1 -2 -1  0 -1 -2  2  2 -2  0 -1 -3 -1  0  4 -1  1 1 0 0 1 0.15
-2 -1 -1  1 -4  3  6 -3  2 -4 -4  0 -2 -4 -2 -1 -2 -3 -2 -3 1 0 0 1 0.14
 0 -2  0 -1 -2 -1 -1 -1 -2 -3 -3 -1 -2 -3 -2  6  1 -4 -3 -3 1 0 0 0 0.14
 0  0 -3 -3  1 -2 -3 -3 -2  2  2 -2  1  0 -3 -1 -1  4  1  1 1 0 0 0 0.11
-1  0  4  1 -3  0  3 -2  1 -2 -3  1 -2 -3 -2  0  1 -4 -2  0 0 0 1 1 0.11
-1 -2  4  1 -3 -1 -1  4 -1 -4 -4 -1 -3 -4 -3  0 -1 -4 -3 -4 0 0 1 1 0.12
 0  2  2 -1  3  0  0 -2 -1  0 -1  1  0 -2 -2  0  2 -3 -2  0 0 0 1 1 0.12
-2  7 -1 -2 -4  0 -1 -3 -1 -4 -3  1 -2 -4 -3 -2 -2 -4 -3 -3 0 0 1 1 0.15
-2  3  0 -2  1  1  0 -3 -1 -2  0  2  0  2 -3 -1 -1 -2  0 -2 0 0 1 1 0.14
-1 -3 -1 -2 -3 -3 -3  6 -3 -5 -5 -2 -4 -4 -3 -1 -2 -3 -4 -4 0 0 1 1 0.12
-3 -2  1  7 -4 -1  1 -2 -2 -4 -5 -2 -4 -4 -2 -1 -2 -5 -4 -4 0 0 1 1 0.11
-1  2 -1 -1 -3  1  2 -2 -1 -3 -3  4 -2 -4 -2  0  1 -3 -2 -2 0 0 1 1 0.11
 0  1 -1 -1 -2  0  2 -2 -2  1  0  1 -1  0  2  0 -1 -3 -1  0 1 0 0 1 0.12
-2  1 -1  1 -4  1  6 -3 -1 -4 -4  1 -3 -4 -2 -1 -2 -4 -3 -3 1 0 0 1 0.09
-2 -1 -1  1 -5  1  6 -3 -1 -4 -4  0 -3 -4 -2 -1 -2 -4 -3 -3 1 0 0 0 0.09
-1 -3 -3 -3 -1 -2 -3 -3 -3  3  1 -2  0 -1 -3 -1  2 -3 -2  3 1 0 0 0 0.06
 0  2 -1  1 -3  1  4 -2 -1 -3 -1  2  0 -3 -2  0 -1 -3 -2 -2 1 0 0 1 0.04
 2 -1 -1 -1 -2  0  1  1 -1 -2  0  1 -1 -2 -2  0 -1 -2  0 -1 1 0 0 1 0.03
-2 -4 -4 -4 -2 -3 -4 -4 -4  5  2 -3  1 -1 -3 -3 -1 -3 -2  2 1 0 0 0 0.03
-2  5 -1 -2 -4  5  0 -3 -1 -4 -3  2 -2 -4 -2 -1 -2 -3 -2 -3 1 0 0 0 0.02
-1  1  3  1 -3  1  4 -2  0 -4 -3  1 -2 -4 -2  1 -1 -4 -2 -3 1 0 0 1 0.02
-2  1 -2 -3 -3 -1 -2 -3  0  1 -1  1 -1  1 -3 -1  1  0  5  0 1 0 0 0 0.02
-2 -4 -4 -4 -2 -4 -4 -5 -4  6  2 -3  1 -1 -4 -3 -1 -3 -2  2 1 0 0 0 0.02
-1  1 -2 -2 -2 -1 -1 -3 -2  1  2  2  0 -1 -2 -1  0 -3 -2  0 1 0 0 1 0.01
-1 -1  5  0 -3  0 -1  0 -1 -4 -4  1 -2 -3 -2  3  0 -4 -3 -3 0 0 1 1 0.02
 4 -2 -1 -2 -1 -1 -1  1 -2 -2 -2 -1 -2 -3 -1  2  0 -3 -2 -1 0 0 1 0 0.01
-1  2 -1  1 -4  1  1 -2 -1 -3 -3  5 -2 -4 -2 -1 -1 -4 -3 -3 0 0 1 1 0.01
-1  3  2 -1 -3  0  0 -2  1  0 -2  3 -1 -3 -2  0  0 -3 -2 -1 0 1 0 1 0.01
-1 -3 -3 -3 -2 -3 -3  0 -4  5  1 -3  0 -1 -3 -2  0 -3 -2  2 0 1 0 0 0.01
 0 -3 -3 -4 -1 -3 -3 -3 -3  3  0 -3  0 -1 -3 -2  0 -3  1  4 0 1 0 0 0.01
-1 -3 -4 -4 -2 -3 -3 -4 -4  3  0 -3  0 -1 -3 -2 -1 -4 -2  5 0 1 0 0 0.01
 3 -2 -2 -2 -2 -2 -2 -1 -2 -2 -2 -1 -2 -3  5  0  1 -4 -3  0 0 0 1 0 0.01
-1 -1  5  0 -2 -1 -1 -2 -1 -2 -3 -1 -2 -3 -2  1  5 -4 -3 -2 0 0 1 1 0.01
-1  1  4  0  1  0 -1  1  2 -3 -3  2 -2 -2 -2  1 -1  4 -1 -3 0 0 1 1 0.01
-2 -1  7  2 -4 -1 -1 -1  0 -4 -4 -1 -3 -4 -3  0  0 -5 -3 -4 0 0 1 1 0.01
 0  1  0  2 -3  3  3  2 -1 -3 -3  2 -2 -4  0  0 -1 -3 -3 -3 1 0 0 1 0.01
-1  2 -1  1 -4  1  2 -2 -1  0 -2  4 -2 -3 -2 -1 -1 -4 -2 -2 1 0 0 1 0.01
-2  2 -1 -2 -4  1  0 -2 -2 -4 -3  6 -2 -4 -2 -1 -1 -4 -3 -3 1 0 0 0 0.01
-2 -3 -4 -4 -2 -3 -4 -4 -2  1  1 -3  0  6 -4 -3 -2 -1  1  2 1 0 0 0 0.01
 0  2  0  2 -3  0  1 -2 -1 -3 -3  4 -2 -3 -2  0  1 -4 -2 -2 1 0 0 1 0.01
 2 -3 -3 -3 -1 -3 -3 -3 -3  3  0 -3  0 -1 -3 -1 -1 -3 -2  4 1 0 0 0 0.01
 0 -3 -3 -4 -1 -3 -3 -3 -4  4  1 -3  1 -1 -3 -2 -1 -3 -2  3 1 0 0 0 0.01
-1  1  5  0 -3  0 -1 -1  0 -3 -3  2 -2  0 -2  1 -1 -3 -2 -3 1 0 0 1 0.01
-1  0  2  4 -3  0  2 -2 -1 -2 -3  2 -2 -3 -2  0 -1 -4 -3 -2 1 0 0 1 0.01
-1 -3 -3 -3 -2 -3 -3 -4 -4  4  1 -3  0 -1 -3 -2  1 -3 -2  4 1 0 0 0 0.01
-2 -3 -4 -4 -2 -3 -4 -4 -3  3  4 -3  2  0 -3 -3 -2 -2 -2  1 1 0 0 0 0.01
 0  3  0  0 -2  0  0 -2 -1 -1  0  1 -1 -2 -2  3  0 -3 -2 -1 0 0 1 1 0.01
-1  3 -1 -1 -3  1  2 -2  0 -2 -1  2 -1 -3 -2  1 -1 -3 -2 -1 0 0 1 1 0.01
-2 -3 -4 -4 -2 -3 -4 -4 -2  3  2 -3  0  5 -4 -3 -2 -1  2  2 0 0 1 0 0.01
-1 -2  2  1  5 -2 -2  3 -2 -2 -2 -2 -2 -3  0  0  1 -3 -3 -1 0 0 1 1 0.01
-2 -2  3  2 -2 -2 -1 -2 -2  2  2 -2  0 -1 -3 -1 -1 -3 -2  0 0 0 1 0 0.01
 2  1 -2 -2 -2  0 -1 -1  1 -3 -3  1 -2 -3  5  0 -1 -3 -2 -2 0 0 1 1 0.01
-1  1  2  1  1  1  3 -2 -1 -3 -3  2 -2 -3  1  0  0 -3 -2 -3 0 1 0 1 0.01
 3 -2 -1 -3 -1 -2 -2 -2 -3  3  0 -1  0 -2 -2 -1 -1 -3 -2  1 0 1 0 0 0.01
-1  0  0  0 -3  1  3  0 -1 -2 -2  2 -2 -3 -2  2  0 -3 -2 -1 0 1 0 1 0.01
-2 -1  0 -2 -3  2 -1 -3  5  0  0  0  6 -1 -3 -2 -2 -2  1 -1 0 1 0 0 0.01
-2 -3 -4 -4 -2 -3 -4 -4 -4  4  4 -3  1  0 -3 -3 -2 -3 -2  1 0 0 1 0 0.01
-1  1  2  3  1  3  3 -1 -1 -3 -3  1 -2 -4 -2  0 -1 -3 -3 -3 0 0 1 1 0.01
-2 -3 -4 -4 -2 -3 -4 -4 -3  5  2 -3  1  2 -3 -3 -1 -2 -1  2 0 0 1 0 0.01
-2 -2  3  2  1 -1 -1 -2  2 -3 -3 -1 -3 -3  5  0 -1 -3  0 -3 0 0 1 1 0.01
-1 -2 -1 -2 -2 -2 -2 -2 -3 -2 -2 -2 -1 -3 -2  1  6 -3 -3 -1 1 0 0 0 0.01
-2  2  5  2 -4  0  2 -2  0 -4 -4  1 -3 -4 -2  0 -1 -4 -3 -3 1 0 0 1 0.01
 0 -2 -1 -2  1 -1  0 -2 -1  1 -1 -2  1  2 -2  2  0  4  2  0 1 0 0 0 0.01
 4 -2 -2 -3  3 -2 -2 -1 -2 -1 -2 -2 -1  1  1  1 -1 -3 -1  0 1 0 0 0 0.01
-3 -2  1  7 -4 -1  1 -2 -2 -4 -5 -2 -4 -4 -2 -1 -2 -5 -4 -4 1 0 0 1 0.01
 0 -3 -3 -4 -2 -2 -3 -3 -3  1  4 -3  1  1 -3 -1 -1 -2 -1  1 1 0 0 0 0.01
-1 -2  2 -1 -2 -1 -1 -2 -2 -2 -2 -1 -2 -3 -2  2  5 -3 -2 -1 0 0 1 1 0.01
-2  6 -1 -2 -4  0  1 -3 -1 -4 -3  1 -2 -4  1 -1 -2 -4 -3 -3 0 0 1 1 0.01
-1 -2 -2 -3  3 -2 -3 -3 -2  2  1 -2  6  0 -3  0  1 -2 -1  1 0 0 1 0 0.01
-2 -3 -3 -2 -4 -2 -2 -3 -3 -4 -4 -2 -4 -5  8 -2 -2 -5 -4 -3 1 0 0 1 0.01
 5 -2 -2 -2 -1 -1 -2 -1 -2 -2 -2 -1 -1 -3 -2  1  1 -3 -2  0 1 0 0 1 0.01
-1 -3 -4 -4 -2 -3 -3 -4 -3  3  3 -3  1  1 -3 -3 -1 -2 -1  3 1 0 0 0 0.01
 1 -1  3 -1 -2 -1 -1 -1 -1 -2 -2 -1 -2  0 -2  3  3 -3 -1 -2 1 0 0 0 0.01
-2  2 -1 -2 -4  1  0 -2 -2 -4 -3  6 -2 -4 -2 -1 -1 -4 -3 -3 1 0 0 1 0.01
 4 -2 -1 -2 -2 -2 -2  5 -2 -3 -3 -2 -2 -3 -2  0 -1 -3 -3 -2 1 0 0 0 0.01
-2 -3 -4 -4 -2 -3 -4 -4 -3  2  4 -3  2  0 -4 -3 -2 -2 -2  1 1 0 0 0 0.01
 0 -3 -3 -4 -2 -2 -3 -3 -3  4  1 -2  6 -1 -3 -2 -1 -3 -2  1 1 0 0 0 0.01
 5 -2 -2 -2 -1 -2 -2  2 -2 -2 -2 -1 -2 -3 -2  0 -1 -3 -3 -1 1 0 0 0 0.01
-1  1 -3 -4 -2 -2 -3 -4 -3  2  3 -2  1 -1 -3 -2 -1 -3 -2  3 1 0 0 0 0.01
-2 -2  0  6 -4  1  1 -2 -2 -3 -4 -1 -3  1 -2 -1 -2 -4 -2 -4 1 0 0 0 0.01
-1 -2 -2 -2 -2  0 -2 -3 -2  3  0 -2  1  1 -2  1  2 -2 -1  2 1 0 0 0 0.01
 0 -1  0  0  2  0  2 -2 -1 -2 -2  1 -2 -3 -2  3  2 -3 -2 -1 0 0 1 1 0.01
-2 -1  3  5 -4 -1  1  1 -1 -4 -4  1 -3 -4 -2  0 -1 -4 -3 -3 0 0 1 1 0.01
 5 -2 -2 -3  5 -2 -2 -1 -3 -2 -2 -2 -2 -3 -2  0 -1 -3 -3 -1 0 0 1 0 0.01
-3 -2  2  7 -4 -1  1 -2 -2 -4 -5 -1 -4 -4 -2 -1 -2 -5 -4 -4 0 0 1 0 0.01
-2 -3 -4 -4 -2 -3 -3 -4 -3  2  4 -3  1  2 -3 -3 -1 -2 -1  2 0 1 0 0 0.01
-1 -3 -3 -4 -2 -3 -3 -4 -2  3  0 -3  0  0 -3 -2 -1 -1  4  4 0 1 0 0 0.01
-2 -4 -4 -4 -2 -3 -4 -5 -4  6  1 -3  1 -1 -3 -3 -1 -3 -2  3 0 1 0 0 0.01
 5 -2 -2 -2 -1 -1 -1 -1 -2 -2 -2 -1 -2 -3 -1  2  0 -3 -2 -1 0 1 0 0 0.01
-2  7 -1 -2 -4  0 -1 -3 -1 -4 -3  1 -2 -4 -3 -2 -2 -4 -3 -3 0 1 0 0 0.01
-1 -3 -1 -2 -3 -3 -3  6 -3 -5 -5 -2 -4 -4 -3 -1 -2 -3 -4 -4 0 1 0 0 0.01
-2  7 -1 -2 -4  0 -1 -3 -1 -4 -3  1 -2 -4 -3 -2 -2 -4 -3 -3 0 1 0 1 0.01
-2 -3 -4 -4 -2 -3 -4 -4 -4  1  5 -3  2  0 -4 -3 -2 -2 -2  0 0 0 1 0 0.01
-1 -3 -1 -2 -3 -3 -3  6 -3 -5 -5 -2 -4 -4 -3 -1 -2 -3 -4 -4 0 0 1 0 0.01
 1 -3 -3 -3 -1 -3 -3 -3 -3  3  1 -3  0 -1 -3 -2 -1 -3 -2  4 0 0 1 0 0.01
 0 -3 -3 -2 -4 -2 -2 -3 -3 -4 -4 -2 -3 -5  8 -2 -2 -5 -4 -3 0 0 1 0 0.01
-1 -3 -1 -2 -3 -3 -3  6 -3 -5 -5 -2 -4 -4 -3 -1 -2 -3 -4 -4 0 0 1 0 0.01
 0 -2  0 -1 -2 -1 -1 -1 -2 -3 -3 -1 -2 -3 -2  6  1 -4 -3 -3 0 0 1 0 0.01
-1 -3 -1 -2 -3 -3 -3  6 -3 -5 -5 -2 -4 -4 -3 -1 -2 -3 -4 -4 0 0 1 0 0.01
 2 -2  0 -1 -1 -1 -1 -1 -2 -3 -3 -1 -2 -3 -1  5  1 -4 -2 -2 0 1 0 0 0.01
-2 -2 -3 -4 -2 -2 -3 -4 -3  1  3 -3  6  2 -3 -3 -2 -2 -1  0 0 1 0 0 0.01
-2 -3 -3 -4 -2 -2 -3 -4 -3  1  4 -3  1  0 -3 -2  2 -2 -2  0 0 1 0 0 0.01
-1 -3 -4 -4 -1 -3 -3 -4 -4  3  2 -3  1 -1 -3 -3 -1 -3 -2  4 0 1 0 0 0.01
-2 -3 -4 -4 -2 -3 -4 -4 -3  5  1 -3  3  3 -4 -3 -2 -2  0  2 0 1 0 0 0.01
-2 -2 -3 -4 -2 -2 -3 -4 -3  2  2 -2  7 -1 -3 -2 -1 -2 -2  2 0 1 0 0 0.01
-3 -2  1  7 -4 -1  1 -2 -2 -4 -5 -1 -4 -4 -2 -1 -2 -5 -4 -4 0 1 0 0 0.01
 1 -1  2  0  1  0  2  2 -1 -3 -3  1 -2 -3 -2  2  0 -3 -2 -2 0 0 1 1 0.01
-2  3 -1 -2 -4  0  0 -2 -1 -3 -3  5 -2  1 -2 -1 -1 -3 -1 -3 0 0 1 1 0.01
 0 -3 -1 -2  2 -2 -3  6 -3 -4 -4 -2 -3 -4 -3  0 -2 -3 -4 -4 0 0 1 0 0.01
-2  7 -1 -2 -4  0 -1 -3  3 -4 -3  1 -2 -3 -3 -2 -2 -4 -2 -3 0 0 1 0 0.01
-2 -3 -4 -4  1 -3 -4 -4 -4  5  2 -3  1 -1 -3 -3 -1 -3 -2  3 0 1 0 0 0.01
-2 -3 -4 -4 -2 -3 -4 -4 -4  2  5 -3  2  0 -4 -3 -2 -2 -2  1 0 1 0 0 0.01
 0 -2  0 -1 -2 -1 -1 -2 -2 -2 -2 -1 -2 -3 -2  4  5 -3 -2 -1 0 1 0 0 0.02
 4 -2 -2 -2  2 -2 -2  3 -2 -2 -2 -2 -2 -3 -2  0 -1 -3 -3 -1 0 1 0 0 0.02
 3 -2 -1 -2 -1 -1 -1  1 -2 -2 -2 -1 -2 -3 -2  3  0 -3 -2  0 0 1 0 0 0.03
-1 -2 -3 -3 -2 -2 -3 -3 -3  2  3 -2  3 -1 -3 -1  2 -2 -2  1 0 1 0 0 0.03
 0 -2  0 -1 -2 -1 -1 -1 -2 -3 -3 -1 -2 -3 -2  6  1 -4 -3 -3 0 1 0 0 0.04
-2 -3 -3 -2 -4 -2 -1 -3 -3 -4 -4 -2 -3 -5  8 -1 -2 -5 -4 -3 0 0 1 0 0.04
 0 -2 -1 -1 -2 -1 -1 -2 -2 -3 -3 -1 -2 -3  5  4  1 -4 -3 -2 0 0 1 1 0.05
-1 -1  0 -1 -3  0 -1 -2  7 -4 -3 -1 -2 -3 -2  4  0 -3  0 -3 1 0 0 0 0.06
 0 -2 -2 -3 -2 -2 -2 -3  3  3  1 -2  0 -1 -3 -2 -1 -3 -1  3 1 0 0 0 0.06
-2 -3 -4 -4 -2 -3 -4 -4 -3  5  2 -3  1  0 -3 -3 -1 -2  1  2 1 0 0 0 0.06
-2 -1  0 -2 -4  0 -1 -3  9 -4 -4 -2 -3 -2 -3  0 -2 -3  1 -4 1 0 0 0 0.06
 0  2  1 -1 -3  2  2  0 -1 -3 -3  4 -2 -4 -2  0 -1 -3 -2 -3 0 0 1 1 0.07
-1  1  2  0 -3  1  3 -2 -1 -2 -1  2  2  1 -2 -1 -1 -2 -1 -2 0 0 1 1 0.06
 0  0  1  3 -2 -1  0  0 -1 -3 -3 -1 -2 -3  3  3  1 -4 -3 -2 0 0 1 1 0.06
-2 -3 -4 -4 -2 -3 -4 -4 -4  4  2 -3  1 -1 -3 -3 -1 -3 -2  3 1 0 0 0 0.06
-1  0 -1  2 -4  2  5 -3 -1 -4 -3  1 -2 -3 -2  0 -1 -3  0 -3 1 0 0 1 0.05
-1  1  0  3 -3  1  3 -2  1 -3 -3  2 -2 -3 -2  0  1 -4 -2 -2 1 0 0 1 0.05
 3  3 -1 -2 -2  0 -1 -1 -2 -2 -2  1 -1 -3 -2  2  2 -3 -2 -1 1 0 0 0 0.05
-1 -3 -4 -4 -2 -3 -3 -4 -4  3  1 -3  3 -1 -3 -2 -1 -3 -2  4 1 0 0 0 0.05
-1  2  0  0 -3  1  3 -2 -1 -3 -2  3 -2  1 -2 -1  0 -2  2 -2 1 0 0 1 0.04
-1  1 -1  2 -3  0  1 -2  1 -1  1  2  0  0 -2  0 -1 -3 -1 -1 1 0 0 1 0.04
-2 -1 -1  2 -5  1  6 -3 -1 -4 -4  0 -3 -4 -2 -1 -2 -4 -3 -3 1 0 0 0 0.04
 1 -2 -3 -3 -2 -2 -3 -3 -3  2  3 -2  4 -1 -3 -2  0 -2 -2  1 1 0 0 0 0.04
-1 -2  1 -1 -2 -1  1 -3 -2  2  1 -1  0  1 -2 -1  2 -2 -1  1 1 0 0 0 0.04
-2  1  1  3 -4  1  4 -2  2 -2 -3  0 -2 -3 -2  0  0 -3 -2 -2 1 0 0 1 0.05
 5 -2 -2 -3 -1 -2 -2 -1 -2 -2  0 -2 -1 -3 -2  0 -1 -3 -2 -1 1 0 0 0 0.06
-2 -3 -4 -4 -2 -3 -4 -4 -4  1  5 -3  2  0 -4 -3 -2 -2 -2  0 1 0 0 0 0.11
-1  2 -1  0 -3  2  3 -1 -1 -3 -3  3 -2 -3 -2  1 -1 -3 -2 -1 1 0 0 1 0.07
-2  6 -1 -2 -4  0 -1 -3 -1 -4 -3  3 -2 -4 -3 -1 -2 -4 -3 -3 0 0 1 1 0.09
-2 -3 -4 -4 -2 -3 -4 -4 -4  5  2 -3  1 -1 -3 -3 -1 -3 -2  3 0 0 1 0 0.09
-1 -3 -1 -2 -3 -3 -3  6 -3 -5 -5 -2 -4 -4 -3 -1 -2 -3 -4 -4 0 0 1 1 0.13
-2 -3 -4 -4 -2 -3 -4 -4 -3  4  1 -3  2  5 -4 -3 -2 -1  1  1 0 0 1 1 0.20
-1  4 -1 -1 -4  2  0 -2 -1 -3 -3  4 -2 -3 -2 -1 -1 -3 -2 -3 0 0 1 1 0.31
-1  4  0 -1 -3  1  0 -2 -1 -3 -3  4 -2 -3 -2 -1 -1 -3 -2 -3 0 0 1 1 0.51
