 0 -2  0 -1 -3 -2 -2  6 -2 -4 -4 -2 -3 -3 -2  0 -2 -3 -3 -3 0 0 1 1 0.93
-1 -2 -2 -2 -3 -1 -1 -2 -2 -3 -3 -1 -3 -4  8 -1 -1 -4 -3 -2 0 0 1 1 0.89
-2 -2  0  4 -2 -1  0 -2 -2  0  2 -2  0 -1 -2 -1 -1 -3 -2 -1 0 0 1 1 0.91
 0 -2 -1 -1 -3 -2 -2  6 -2 -4 -4 -2 -3 -3 -2  0 -2 -3 -3 -3 0 0 1 1 0.89
 0 -2 -1 -1 -2 -1 -2  3 -2  2 -1 -1 -1 -2 -2  2  0 -3 -2  0 0 0 1 0 0.89
-1 -2 -2 -2 -2 -1 -2 -2 -2 -1  0 -1  3 -2  7 -1 -1 -3 -2 -1 0 0 1 1 0.73
 0 -2 -1  0 -2  0  2  3 -2  0 -1 -1 -1 -2 -2 -1 -1 -3 -2  1 0 0 1 1 0.82
-2 -3 -4 -4 -2 -3 -3 -4 -3  1  4 -3  3  4 -4 -3 -2 -1  0  0 0 0 1 0 0.93
-1 -1 -1  0 -4  3  5 -3 -1 -4 -3  0 -3 -4  3 -1 -2 -4 -3 -3 0 0 1 1 0.91
 1  0 -1 -2 -3 -2 -2  6 -2 -4 -4 -1 -3 -4 -3 -1 -2 -3 -3 -3 0 0 1 0 0.93
 3 -2 -2 -2 -1  1 -1 -1 -2  0  0 -1 -1 -2 -2  1 -1 -3 -2  0 0 0 1 0 0.89
-2 -3 -3 -4 -2 -3 -3 -4 -2  0  2 -3  3  5  2 -3 -2 -1  1 -1 0 1 0 0 0.89
-2  7 -1 -2 -4  0 -1 -3 -1 -4 -3  1 -2 -4 -3  0 -2 -4 -3 -3 0 0 1 1 0.79
 0 -1 -1 -1  3  1  0  1 -2 -2 -2 -1 -2 -3 -2  2  4 -3 -2 -1 0 0 1 1 0.80
 0  3  2 -1 -3  1  0  0  3 -3 -3  2 -2 -3  1 -1 -1 -3 -2 -3 0 0 1 1 0.83
 1  3 -1 -2 -2  0 -1  1 -2 -2 -2  3 -2 -3 -2  0  1 -3 -2  0 0 0 1 1 0.72
 0  2 -2 -3  3 -1 -2 -3 -2 -1 -2 -1 -2 -3  6 -1 -1 -4 -3  1 0 0 1 1 0.74
 1  0  1 -2  4 -1 -1 -1 -2  0 -2 -1 -1 -3  2  1  1 -3 -2 -1 0 0 1 1 0.58
-1 -1 -1  2 -2 -1 -1  2 -2 -1  1  0 -1 -2  2  1  0 -3 -2 -1 0 0 1 1 0.62
-2 -1  7  2 -4 -1 -1 -1  0 -4 -4 -1 -3 -4 -3  0 -1 -5 -3 -4 0 0 1 0 0.57
 1 -2 -1  1 -2 -1 -1  0 -2  0 -1 -1 -1 -2 -2  1  3 -3 -2  2 0 1 0 0 0.52
-1 -1 -3 -3 -2 -2 -3  2 -3  1  0 -2  0 -2 -3 -2 -1 -3 -2  4 0 1 0 0 0.47
 0  0  3 -1 -2 -1 -2  0 -1  0  0 -1 -1  0 -2  1  0 -3 -1  1 0 1 0 0 0.43
 0 -3 -3 -3 -2 -3 -3 -3 -4  3  0 -3  0 -2  2 -2 -1 -4 -2  4 0 1 0 0 0.42
 1 -3 -2  0  2 -2 -2 -2 -2  1  0 -2  0  2 -2 -1  0 -2  1  2 0 1 0 0 0.32
-1 -3 -1  1 -3 -2  0  6 -3 -5 -4 -2 -3 -4 -3 -1 -2 -3 -4 -4 0 1 0 0 0.32
 2  1  0 -1 -2  1  0 -1 -1 -2 -2  0 -2 -3 -2  3  1 -3 -2 -1 0 1 0 0 0.23
 1  0  1 -1 -2  0 -1 -1 -1 -3 -3  2 -2 -3 -2  3  2 -3 -2 -2 0 1 0 0 0.16
-1 -2 -1  0  2 -1  0 -3 -2  0  1 -1  3 -1  1  0  1 -2  1  1 0 0 1 0 0.14
-1 -3 -1 -2 -3 -3 -3  6 -3 -5 -5 -2 -4 -4 -3  0 -2 -3 -4 -4 0 0 1 0 0.11
 0  1  0 -1 -2  1 -1 -2 -2 -2 -3 -1 -2 -3 -2  4  3 -3 -2 -1 0 0 1 0 0.08
 0 -3 -1 -2  1 -3 -3  6 -3 -4 -4 -2 -3 -4 -3 -1 -2 -3 -4 -4 0 0 1 0 0.06
 0 -2 -1 -1 -2 -1 -2  4 -2 -2 -3 -1 -2 -3 -2  2  2 -3 -3  0 0 0 1 0 0.05
-1 -3 -2 -3 -2 -2 -3  3 -3  1  1 -2  0 -2 -3 -2 -1 -3 -2  3 0 1 0 0 0.04
-3 -4 -4 -5 -3 -4 -4 -4 -2  1 -1 -4 -1  7 -5 -3 -3  6  2 -2 0 1 0 0 0.03
-1  2  1  1 -2  0 -1 -2 -2  2 -1 -1 -1 -2 -2  1  3 -3 -2  0 0 1 0 1 0.02
-2  2 -2 -1 -2 -2 -2 -4 -2  3  1 -1  0 -1 -3 -2 -1 -2  1  2 0 0 1 1 0.01
-1 -1  3  4 -3  1  0  2  1 -3 -3 -1 -3 -3 -2  0 -1 -3 -2 -3 0 0 1 1 0.01
 0 -2  3 -1 -3 -1  0  4 -1 -3 -3 -1 -2 -3 -2  1 -1 -3 -3 -2 0 0 1 1 0.01
-2  3  4  3 -3  0  1 -2 -1 -3 -3  2 -2 -3 -2  0 -1 -3 -2 -3 0 0 1 1 0.01
-1  0  1 -1 -2 -1 -1  2  1  0 -2  1 -1 -2  1  1  2 -3 -2  0 0 1 0 0 0.01
-1  1 -2 -3 -2 -1 -2 -3 -1  1  0  0  1  0 -3 -1  2 -1  3  2 0 1 0 0 0.01
-1 -3 -4 -4  4 -3 -4 -4 -4  4  1 -3  0 -1 -3 -2 -1 -3 -2  4 0 1 0 0 0.01
-1 -3 -4 -4 -2 -3 -3 -4 -4  3  3 -3  1 -1 -3 -3 -1 -3 -2  4 0 1 0 0 0.00
-1 -2 -1 -2 -2 -2 -2 -3 -3 -2 -2 -2 -2 -3 -2  0  6 -4 -3 -1 0 1 0 0 0.00
 5 -2  3 -2 -2 -1 -2 -1 -2 -2 -3 -1 -2 -3 -2  0 -1 -4 -3 -1 0 1 0 0 0.00
 2 -2 -1 -2 -2 -1 -1  2  1 -2 -2 -1 -2  0 -2  2  3 -3 -1 -1 0 1 0 0 0.00
-3 -2 -1 -2 -4 -1 -1 -3 10 -5 -4 -2 -3 -3 -4 -2 -3 -4  1 -5 0 1 0 0 0.01
-1 -3 -4 -4 -2 -3 -3 -4 -4  2  1 -3  0 -2 -3 -3 -1 -4 -2  5 0 1 0 0 0.01
-1 -3 -3 -3  2 -2 -3 -3 -3  2  3 -3  1 -1 -3 -2 -1 -3 -2  3 0 1 0 0 0.01
-1  0  3  1 -3 -1  0  4 -1 -3 -3 -1 -2 -3 -2  1  1 -3 -3 -3 0 0 1 1 0.01
 0  1  2  2 -3 -1 -1  5 -2 -4 -4 -1 -3 -4 -3 -1 -2 -4 -3 -3 0 0 1 1 0.01
 2 -2  3  3 -3  0  2  1 -1 -3 -3 -1 -2 -3 -2  0  0 -4 -3 -2 0 0 1 1 0.01
 0 -1  1  2 -2  0  0 -2 -1 -2 -2  1 -2 -2  1  1  2 -2  1 -1 0 0 1 1 0.01
 2 -1 -1  1 -2  1  1  1 -2 -2 -2  0  1 -3 -2  0  1 -3 -2 -1 0 1 0 0 0.01
 0  3 -2 -3 -2 -1 -2 -3 -2  1 -1 -1 -1  1 -3 -2 -1 -2  1  3 0 1 0 0 0.01
 0 -2 -2 -3 -2 -2 -2 -3 -3  1  0  1  1 -2 -3 -1  1 -3 -2  4 0 1 0 0 0.01
-1 -2 -1  2 -2 -1  0 -2 -2  0  0 -1 -1 -2 -2  1  3 -3 -2  2 0 1 0 1 0.01
 0 -1 -1 -2  2 -1 -1  3 -2 -1 -1  1 -1 -2  1  0  0 -2  0  0 0 1 0 0 0.01
 0 -2 -1  1 -2  0  0 -3 -2  1  1 -2  0 -1 -2 -1  2  4 -1  1 0 0 1 1 0.01
 0  0  0  1 -3  1 -1  4 -2 -3 -3  0 -2 -3 -2  2  0 -3 -3 -3 0 0 1 1 0.01
-2 -2 -1  3 -3  1 -1 -3 -1 -1 -2 -2 -1  4 -3 -1  1 -1  4 -2 0 0 1 0 0.01
 1  3  3 -1 -3 -1 -1  1 -1 -3 -3  0 -2  0 -2  1  0 -3 -2 -2 0 1 0 0 0.01
-2  4 -1 -2 -3  3  0 -3  2 -3 -2  1  1 -1 -2 -1  1 -2  2 -2 0 1 0 0 0.01
-1  0 -2 -1  3  0  3 -3 -2  1  0  0  4 -2 -2 -1 -1 -3 -2  1 0 1 0 0 0.01
-1 -2 -3 -3 -2 -2 -3 -3  3  1  2 -2  0  2  1 -2 -1 -2  0  2 0 1 0 0 0.01
-1  0 -1  3 -3  2  0 -2 -1 -2 -2 -1 -2 -1 -2  0  3 -2  3 -1 0 1 0 1 0.01
-1  0 -3 -4 -3 -3 -3  1 -2 -1 -1 -3  2  6 -4 -2 -2 -1  1 -2 0 1 0 0 0.01
-1  1  1  1 -3  0  2 -2  2 -2 -2  3 -2 -3 -2 -1  0 -4 -2  0 0 1 0 1 0.01
 0 -1 -1 -2  1 -1 -1 -2 -2  0 -1  1 -1 -3  3  1  2 -3 -2  2 0 1 0 1 0.01
-1  0  4 -1 -3 -1 -1 -2 -1  0 -2  2 -2 -3 -2  0  2 -4 -2  0 0 0 1 1 0.01
-1 -1 -1 -2 -4 -2 -2  6 -3 -4 -4  2 -3 -4 -3 -1 -2 -3 -4 -4 0 0 1 0 0.01
-3 -2  0  7 -4 -1  1 -2 -2 -4 -4 -2 -4 -4 -2 -1  0 -5 -4 -4 0 0 1 0 0.01
-2 -3 -3 -1 -3 -3 -3 -4 -1  1  0 -3 -1  5 -4 -3 -2  0  5  0 0 1 0 0 0.01
 5 -2 -2 -2 -1 -1 -1 -1 -2 -2 -2  0 -2 -3 -2  1 -1 -3 -3  0 0 1 0 0 0.01
-2 -2 -3 -3 -2 -2  0 -3 -2  1  1 -2  0  2 -3 -1 -1  6  3  1 0 1 0 0 0.01
 3 -2 -2 -2 -1 -2 -2  1 -2  0  1 -2  0 -2 -2  1  1 -3 -2  1 0 1 0 0 0.01
 0  1  1  3 -3  0  1 -2  2 -2 -2  1 -2 -2 -2 -1  0 -3  0  0 0 1 0 1 0.01
 1 -3 -3 -3  3 -2 -3 -3 -3  3  2 -3  1 -1 -3 -1  0 -3 -2  2 0 1 0 0 0.01
 1 -2  2  2 -2 -1 -1  0 -2 -3 -3 -1 -2 -3  4  0  1 -4 -3 -2 0 0 1 1 0.01
 0 -2  3  2 -3 -1  1  3 -1 -2 -3 -1 -2 -3 -2  1 -1 -3 -3 -1 0 0 1 1 0.02
-2 -2  2 -2 -3 -1  1 -3 -1  1  0 -2 -1  0 -3 -2 -2  8  2  0 0 0 1 0 0.02
-1  0  1 -1 -3  3  0 -2  0 -2 -2  2 -1 -1  3 -1 -1 -1  3 -1 0 0 1 1 0.02
 0 -2  1 -1 -3  1 -1  5 -2 -3 -3  0 -2 -3 -2 -1 -1 -3 -3 -1 0 0 1 0 0.03
 1 -1  2  2 -1 -1 -1  1 -1 -1 -2 -1 -1 -2  0  1  0 -3 -2  1 0 0 1 1 0.03
 2 -2 -3 -3 -2 -2 -2 -2 -2 -1  2 -2  0  2 -2 -1 -1  4  2 -1 0 0 1 0 0.03
-2 -3 -2 -2 -3 -2 -2 -3  2 -3 -3 -2 -3 -4  8 -2 -2 -4 -3 -3 0 0 1 0 0.03
 0 -1 -1  0 -2  2  0 -2 -2 -1 -2  2 -1 -2  1  1  2  4 -2  1 0 0 1 1 0.04
 1 -2 -3 -3 -2 -2 -2 -3 -1  0  1 -2  0  1  3 -1 -1 -1  3  2 0 0 1 0 0.04
-1  2  0 -1 -3  2  2 -2  2 -3 -3  4 -2 -3 -2 -1  1 -3 -2 -3 0 0 1 1 0.04
-2 -2 -3 -3 -2  0 -1 -4 -2  1  2 -2  0  4  0 -2 -2 -1  2  1 0 1 0 0 0.06
 3 -2 -2 -2  3 -1 -2  2 -2 -2 -2  0 -2 -3 -2  1 -1 -3 -3  0 0 0 1 0 0.06
-1  0  1  2 -3  1  1 -2  2 -3 -3  3 -2 -2  2  0  1 -3  1 -2 0 0 1 1 0.07
-1  2  1  2 -2  1  1  0 -1 -2 -1  0 -1 -3  1  1 -1 -3 -2 -2 0 0 1 1 0.06
 0 -1  1  0 -2  1 -1  1  1  0 -1 -1 -1  1 -1  0  0 -2 -1  0 0 0 1 1 0.05
 0 -1 -2 -1 -2 -1  1 -2  0 -1  0 -1 -1  2 -2 -1  0  5  4  0 0 0 1 0 0.04
-1  2 -1  2  0  0  1 -3 -2  0  0  0 -1 -2 -2 -1  2 -3 -2  1 0 0 1 1 0.03
-1  0 -1 -2 -3  0 -2  6 -2 -4 -4  0 -3 -4 -3 -1 -2 -3 -4 -4 0 0 1 0 0.03
-2  5 -2 -2 -3 -1 -1 -3 -2 -2 -3  0 -2 -4  4 -1  1 -4 -3 -1 0 0 1 0 0.02
 3 -2 -2 -2  3 -2 -2  2 -2 -1 -2 -2 -1 -2 -2  0 -1 -3 -2  1 0 1 0 0 0.01
-2 -2 -2  0 -3  0  0 -3  0 -1 -1 -2 -1  2 -3  0 -1  0  6  1 0 1 0 0 0.01
-3 -3 -4 -4  3 -3 -3 -3 -3  0 -2 -4 -2  0 -4 -3 -3 11  1  0 0 1 0 0 0.01
 1 -2 -2 -2  2  1 -1 -2 -2  0  2 -1  0 -1 -2  0  0 -2  0  1 0 1 0 0 0.01
 0 -2 -1 -2  3 -2 -2 -2 -3  1 -1 -2 -1 -2  1  1  4 -3 -2  0 0 1 0 0 0.01
 3  1  0 -1 -2  1 -1 -1 -2 -2 -1 -1 -1 -3 -2  3  0 -3 -2 -1 0 0 1 0 0.01
-1 -2  2 -1 -2 -2 -2 -2 -2  2 -1 -2 -1 -2 -2  1  3 -3 -2  2 0 0 1 1 0.01
 1 -3 -1 -2 -3 -2 -1  6 -3 -4 -4 -2 -3 -4 -3  0 -2 -3 -4 -4 0 0 1 1 0.01
-1 -3  0  0 -2 -2 -2 -3 -3  2  0 -2  0 -2 -3  0 -1  2 -2  4 0 0 1 0 0.02
-1 -1 -1  0 -3  0  4 -2 -1 -3 -3  1 -2 -4  1  1  2 -4 -3 -2 0 0 1 1 0.01
 1 -2 -2 -1 -2 -1  2 -2 -2 -2  0 -1 -1 -3  5  0  1 -3 -3 -1 0 0 1 1 0.01
-1 -3 -1  0 -3 -2 -2  6 -3 -3 -4 -2 -3 -3 -3 -1 -2 -3 -3 -2 0 1 0 0 0.01
 0 -3 -3 -3 -2 -2 -3 -3 -3  3  2 -3  0  3 -3 -2 -1 -2  0  3 0 1 0 0 0.01
-2 -3 -4 -4 -2 -3 -4 -4 -4  5  2 -3  1 -1 -3 -3 -1 -3 -2  3 0 1 0 0 0.01
 1 -2 -1 -2 -2  0 -2  4 -2 -2 -3 -1 -2 -3 -2  2 -1 -3 -3  0 0 0 1 0 0.01
 1  0  0  1 -2  0  2  1 -1 -3 -3  1 -2 -3  2  0  1 -3 -3 -2 0 0 1 1 0.01
-1 -1  1  2 -3 -1  1  3 -2 -3 -3  0 -2 -3 -2  1  2 -3 -3 -2 0 0 1 1 0.01
 1 -2 -2 -2 -2 -2 -2  3 -2 -1 -1 -2  1  3 -3  0  1 -1  2  0 0 1 0 0 0.01
 4 -2 -2 -3  5  0 -2 -1 -2 -2 -2 -2 -2 -2  1  0  0 -2  1 -1 0 1 0 0 0.01
-1 -3 -3 -4 -2 -3 -3 -3 -2  1  2 -3  0  5 -3 -2 -2 -1  2  2 0 1 0 0 0.01
 2 -3 -3 -3  6 -2 -3 -2 -3  2 -1 -2 -1 -2 -2 -1 -1 -3 -2  3 0 1 0 0 0.01
-2 -2 -2 -3 -3  1 -2 -3 -1  0 -1 -2 -1  5 -3 -1 -2  4  3 -1 0 1 0 0 0.01
-1 -2 -1 -2 -2 -1 -2 -2 -2 -2 -2 -1 -2 -3 -2  1  6 -3 -2 -1 0 1 0 0 0.01
 1  2  4 -1 -3  0 -1  2  2 -3 -3  1 -2 -3 -2  0  0 -3 -2 -2 0 0 1 0 0.01
-1 -3  1  0  6  0 -2 -3 -2 -3 -3 -2 -3 -4  6  0 -1 -4 -3 -3 0 0 1 0 0.01
-1 -3 -1 -2 -4 -3 -3  7 -3 -5 -5 -3 -4 -4 -3 -1 -3 -4 -4 -4 0 0 1 0 0.01
-2 -2  3  6 -4 -1  0 -2 -2 -2 -2 -2  4 -3 -3 -1 -2 -4 -3 -3 0 0 1 1 0.01
 0 -2  0 -1 -2 -1 -1 -1 -2 -3 -4 -1 -3 -4 -2  6  0 -4 -3 -3 0 0 1 1 0.01
-1 -3 -1 -2 -4 -3 -3  7 -3 -5 -5 -3 -4 -4 -3 -1 -3 -4 -4 -4 0 0 1 0 0.02
 0 -2  0 -1 -2 -1 -1  3 -2 -4 -4 -1 -3 -3 -2  5  0 -4 -3 -3 0 0 1 0 0.02
 0 -3 -3 -3 -4 -2 -2 -3 -3 -4 -4 -2 -4 -5  8 -2 -2 -5 -4 -3 0 0 1 0 0.02
-1 -3 -4 -4 -2 -3 -3 -4 -4  3  2 -3  1 -1 -3 -3 -1 -3 -2  4 0 1 0 0 0.02
-1 -3 -3 -3 -2 -3 -3 -4 -3  3  2 -3  1 -1 -3 -2  1 -3 -2  3 0 1 0 0 0.02
-1 -1  4  1 -2 -1 -1 -1 -1 -2 -3 -1 -2 -3 -2  2  4 -3 -2 -2 0 0 1 0 0.02
-1 -1 -1  1 -3  1  4 -3 -1 -2 -3  1 -2 -3  3 -1  1 -4 -3 -1 0 0 1 1 0.01
 0  1  1  4 -3  2  0  0 -1 -3 -3  0 -2 -4 -2  1  0 -4 -3 -3 0 0 1 1 0.01
-1 -3  1  0 -3 -2 -2  6 -3 -5 -5 -2 -4 -4 -3 -1 -2 -4 -4 -4 0 0 1 1 0.01
 1  2  1  3 -3  0  3 -2 -1 -2 -1  0 -2 -3 -2  0 -1 -3 -2 -1 0 0 1 1 0.01
-2 -3 -4 -4 -2 -3 -3 -4 -3  3  3 -3  1  1 -3 -3 -1 -2 -1  3 0 1 0 0 0.01
-1 -3 -4 -4 -2 -3 -4 -4 -4  4  2 -3  1 -1 -3 -3 -1 -3 -2  4 0 1 0 0 0.01
-1 -3 -1 -2 -4 -3 -3  7 -3 -5 -5 -3 -4 -4 -3 -1 -3 -4 -4 -4 0 1 0 0 0.01
-1 -4 -4 -4 -2 -3 -4 -4 -4  4  0 -3  0 -1 -3 -3 -1 -4 -2  4 0 1 0 0 0.01
-3 -1  3 -2 -4 -1 -1 -3  9 -4 -4 -2 -3 -3 -3 -2 -2 -4  0 -4 0 1 0 0 0.01
-1 -2 -1 -2 -2  2 -1  0 -2 -2 -2 -1 -2 -3 -2  2  5 -3 -2 -1 0 0 1 0 0.02
 2  0 -1 -2 -2  1 -2  5 -2 -3 -3 -1 -2 -3 -2  0 -2 -3 -3 -2 0 0 1 0 0.02
 1 -2  3 -1 -2 -1 -1  1 -1 -3 -3 -1 -2 -3 -2  4  0 -4 -3 -3 0 0 1 0 0.03
-2 -2  5  4 -3 -1  0 -2 -1 -3 -4 -1 -3 -4 -2  0  2 -4 -3 -3 0 0 1 1 0.04
 2  0 -1 -1 -2  1 -1  2 -2 -3 -3  3 -2 -3 -2  1  1 -3 -2 -2 0 0 1 1 0.05
-2  2 -1 -2 -3  4  0 -3 -1 -2  0  1 -1  3 -2  0 -1 -2  0 -2 0 0 1 1 0.06
-1 -2 -1 -2 -3  1 -2  6 -2 -4 -4 -2 -3 -4 -3 -1  1 -3 -3 -3 0 0 1 0 0.07
 0 -2 -1 -2  3  0 -2  2 -2  0  0 -1 -1 -2 -2  2 -1 -3 -2  0 0 0 1 0 0.08
 1 -3 -1 -2 -3 -2 -3  6 -3 -4 -4 -2 -3 -4 -3 -1 -2 -3 -4 -3 0 1 0 0 0.07
 2 -2  0 -2 -2 -2 -2 -2 -2  1  1 -2  2  2 -2 -1 -1 -2  1  1 0 1 0 0 0.06
 0 -3 -3 -4 -2 -3 -3 -3 -3  3  0 -3  0  1 -3 -2 -1 -2  1  4 0 1 0 0 0.05
-1 -2 -1 -2 -2 -2 -2 -2 -2  1 -1 -2 -1 -1 -2  1  5 -2  2  0 0 1 0 0 0.05
-1  1 -1  1 -2 -1 -1 -2 -2 -2 -2  0 -2  1  2  0  4 -3 -1 -1 0 0 1 0 0.04
-1 -2 -2 -2  3 -1 -2 -3  2  1 -2  1 -2 -3  6  0 -1 -4 -2 -1 0 0 1 0 0.03
 0 -1  3  3 -3  0  2  0 -1 -3 -3 -1 -3 -3 -2  3  0 -4 -3 -3 0 0 1 1 0.03
-1 -3 -1  1 -3 -2 -2  6 -3 -4 -4 -2 -3 -4 -3 -1  1 -3 -3 -3 0 0 1 0 0.02
 1  0 -1  0 -2  1  2 -2  1 -1  0  2 -1 -2 -2  0  1 -3 -2  0 0 1 0 1 0.02
-1 -1  1 -1 -2 -1  1 -2 -2 -1  0  1 -1  1 -2  0  3 -2 -1  0 0 1 0 1 0.02
 1 -3 -3 -4  6 -3 -3 -3 -3  2  2 -3  0 -1 -3 -2 -1 -3 -2  2 0 1 0 0 0.02
 0 -2  2 -1 -2 -1 -1  4  2  0 -2 -1 -2 -2 -2  1  0 -3 -2 -1 0 1 0 1 0.02
 0 -1 -2 -2 -1 -1 -2 -2 -1  2  0  1  2  0 -2 -1 -1 -2  1  2 0 0 1 0 0.02
 0  0  0  2 -3  1  0  2 -1 -3 -3  2 -2 -3  2  0  0 -3 -3 -2 0 0 1 1 0.02
-1 -2  3  0 -3 -1  2 -2 -1  0 -2 -1 -2 -3  5 -1  0 -4 -3  0 0 0 1 1 0.02
-1 -2 -2  1 -2 -2 -2 -3 -3  2  1 -2  0 -1 -2 -1  2 -3 -2  3 0 1 0 0 0.02
 1  1 -1 -1 -2  2  0 -2 -1 -2 -2  3 -2 -3  1  1  2 -3 -2 -2 0 1 0 1 0.02
-2  1 -3 -4 -2 -2 -3 -4 -3  1  4 -2  1  2 -3 -3 -2 -2 -1  0 1 0 0 0 0.02
 0 -1  0 -1 -2 -1 -1  2 -2 -3 -3  0 -2 -3 -2  5  0 -3 -3 -3 1 0 0 1 0.03
-1 -1  0  3 -3  1  4 -2 -1 -2 -2  1  2 -3 -2  0 -1 -3 -2 -1 1 0 0 1 0.03
-2  1 -3 -4 -2 -1 -3 -4 -2  1  3 -1  6 -1 -3 -2 -1 -2 -2  0 1 0 0 0 0.04
 2 -2 -1 -2  3 -1 -2  0 -2  1 -1 -1 -1 -2 -2  3  0 -3 -2  1 1 0 0 0 0.04
 0  2 -1 -1 -3  1  1 -2 -1 -3 -3  3 -2 -4  5 -1 -1 -4 -3 -3 1 0 0 1 0.05
-2 -1 -1 -2 -3  2 -1 -3  7 -2  0 -1 -1  2 -3 -2 -2 -1  4 -2 1 0 0 0 0.05
-2 -2 -3 -3 -2 -2 -3 -3  0  1  0 -2 -1  5 -3 -2 -2  1  5 -1 1 0 0 0 0.06
 2 -1 -1  1 -1 -1  0  2 -1 -2 -2 -1 -2 -2 -1  1  1 -2 -2 -1 0 0 1 1 0.08
 0 -2 -1 -2 -3 -2 -2  6 -2 -3 -3 -2 -3 -3 -2 -1 -2 -3 -3 -3 0 0 1 0 0.08
-1 -3 -2 -2 -3 -2 -2 -3 -3 -3 -3 -2 -3 -4  7  1 -1 -4 -3 -1 0 0 1 1 0.08
 0  0  0 -2 -2 -1 -1  1 -2  0  1  0  0  2 -2  2  0 -2 -1 -1 0 0 1 1 0.08
-1 -2 -2 -3 -1  0 -2 -3 -3  2  0 -2  0 -2 -2 -1  3 -3 -2  3 0 0 1 0 0.08
-1  1 -1  0 -3 -1 -1  1 -2 -3 -3  0 -3 -4  6  0  0 -4 -3 -3 0 0 1 1 0.09
 0 -2 -2 -3 -1 -2 -2 -3 -3  2  2 -2  1 -1 -2  0  0 -3 -2  2 0 0 1 0 0.10
-1  1 -1 -2 -3 -1 -1  3 -2 -4 -3  0 -3 -4  5  0 -1 -4 -3 -3 0 0 1 1 0.10
 0 -1  0  3 -2  0  0 -1 -1 -1 -1  1  2 -2 -1  1  1 -2 -2 -1 0 0 1 1 0.09
-1 -2 -2 -2 -1 -2 -2 -3 -3  4  1 -2  0 -1 -2 -1  1 -2 -1  3 0 0 1 0 0.09
-1  2  0  1 -3  0  0 -2  2 -3 -2  3 -2 -3  2  0  1 -3 -2 -2 0 0 1 1 0.09
 0 -2 -3 -4 -2 -2 -3 -3 -3  2  3 -2  3  0 -3 -2 -1 -2 -2  1 0 0 1 0 0.10
-1 -2 -1 -2 -2 -1 -1  1 -2 -3 -3 -1 -2 -4  6  2  2 -4 -3 -2 0 0 1 0 0.12
 1  2  0  1 -2  0  0 -2 -2 -3 -3  2 -2 -3  5  1 -1 -4 -3 -2 0 0 1 1 0.10
 1 -1  4  0 -3  0  1 -1  5 -3 -3 -1 -2 -3  2  0 -1 -4 -1 -3 0 0 1 0 0.10
-1 -3 -3 -3 -2 -3 -3 -4 -3  4  2 -3  1 -1 -3 -2  1 -3 -2  3 0 0 1 0 0.12
 1  1 -2 -3 -2 -2 -2 -3  1  3  0 -2  0 -1 -3 -2 -1 -3 -1  3 1 0 0 0 0.09
 1  1  0 -2 -3  0 -1  0 -2 -2 -2  2 -2 -3  4 -1 -1 -4 -3  0 0 0 1 1 0.12
-2 -2  0  6 -4 -1  2 -2 -2 -4 -4 -1 -4 -4  2 -1 -2 -5 -4 -4 0 0 1 0 0.13
-1  1 -2 -3  2 -2 -2 -3 -3  2  0 -2  0  2 -3 -1  1 -2 -1  3 1 0 0 0 0.14
-1 -1  2  1  2  0  2 -2 -1 -3 -3  0 -2 -3  2  0  2 -3 -2 -2 1 0 0 1 0.12
 1 -1  1 -1 -2  0  1 -1 -1 -2 -2 -1 -2  0  2  3  1 -3 -2 -2 1 0 0 1 0.15
-1 -3 -3  1 -2 -3 -2 -4 -3  2  0 -3  0 -2 -3 -2 -1 -4 -2  5 0 0 1 0 0.18
 0 -3 -3 -2 -3 -2 -2 -3 -3 -4 -4 -2 -3 -4  8  0 -2 -4 -4 -3 0 0 1 0 0.15
 0  1  2  0 -2  2  1 -1  2 -3 -1  0 -1 -3 -2  3  0 -3 -2 -2 1 0 0 1 0.19
-1 -2  0  4 -2 -1  0 -1 -2 -3 -3 -1 -2 -3  1  2  2 -4 -3 -2 1 0 0 1 0.21
-2 -3 -4 -4 -2 -2 -3 -4 -3  1  4 -3  4  0 -3 -3 -2 -2 -2  0 1 0 0 0 0.29
 4 -2 -2 -3  4 -2 -1 -1 -3  0 -1 -2 -1 -2 -2  0 -1 -3 -2  2 1 0 0 0 0.28
 2  2  2 -1 -2  0 -1 -1 -1 -1 -1  0  3 -2 -2  2  0 -3 -2 -1 1 0 0 1 0.36
 0 -3 -3 -4 -1 -2 -3 -3 -3  3  3 -3  1  0 -3 -2 -1 -2 -1  2 1 0 0 0 0.45
-1 -2 -3 -3 -1 -2 -2 -3 -3  2  3 -2  1  0 -2 -2 -1 -2 -1  2 1 0 0 0 0.39
 3 -1  1  2 -2  0  3 -1 -1 -2 -2  0 -2 -2 -1  0 -1 -3 -2 -1 1 0 0 1 0.32
 1 -1  0  1 -1  0  0  2 -1 -2 -2  0 -2 -2 -1  3  0 -2 -2 -2 1 0 0 1 0.36
 0  0 -1 -1 -1  1 -1 -2 -1  0  1  1  0 -1 -1  1  0 -2 -1  1 0 0 1 1 0.38
-1 -3 -2 -2 -3 -2 -2 -3 -3  1  0 -2 -1 -2  6  0 -1 -4 -3  0 0 0 1 0 0.47
 0 -1  3  0 -2  0  3 -2 -1 -1 -2  1 -1 -3 -2  1  0 -3 -2  1 0 0 1 1 0.57
-1  0 -3 -3 -2 -2 -2 -3 -2  2  2 -1  2  0  2 -2  0 -2  2  1 0 0 1 1 0.64
-2 -1 -1  1 -4  1  6 -3 -1 -4 -4  0 -3 -4 -2 -1 -2 -4 -3 -3 0 0 1 1 0.75
