 6 -3 -3 -3 -2 -3 -3 -2 -3 -3 -3 -2 -3 -4 -3  1 -2 -4 -4 -2 0 0 1 1 0.71
 1  1  1  4 -3  1  2 -1 -2 -4 -3 -1 -3 -4 -1  1  0 -4 -3 -3 0 0 1 1 0.52
 1  0  0  2 -3  2  1  0  1 -3 -3  1 -2 -4  2  1 -1 -4 -3 -3 0 0 1 1 0.33
 1 -3 -4 -4 -3 -3 -3 -4 -4  0  3 -3  0 -2  3 -1 -1 -4 -2  3 0 0 1 0 0.18
 1 -3  0  2 -4 -2 -1 -3  3 -4 -4 -2 -4 -5  5  3 -2 -5 -3 -4 0 0 1 1 0.09
 3 -4 -2 -1 -4 -2 -2 -1 -4 -3 -4 -3 -4 -5  7 -2 -1 -5 -5 -2 1 0 0 1 0.06
 0 -1 -1  1 -4  2  4  3 -2 -4 -4  0 -3 -4 -2 -1  0 -4 -3 -3 1 0 0 1 0.04
-2 -4 -4 -5 -3  0 -4 -5 -4  2  4 -4  6 -2 -4 -4 -2 -4 -3  2 1 0 0 0 0.04
-1 -3 -4 -5 -3 -3 -4 -3 -4  2  4 -1  1 -2 -3 -2 -1 -4 -3  4 1 0 0 0 0.04
 2  1 -1  2 -3  0  3 -2  0 -3 -3  0 -3 -1 -1  1  0 -4 -3 -3 1 0 0 1 0.02
 6 -4 -4 -4 -3 -2 -3 -2 -4 -4 -4 -3 -3 -5 -3  0 -1 -5 -4 -2 1 0 0 0 0.02
-2 -4 -5 -6 -4 -4 -5 -6 -5  1  4 -4  8 -2 -5 -4 -3 -4 -4 -1 1 0 0 0 0.02
 0  2 -1 -2 -4  5  2 -1 -2 -4 -3  2 -3 -5 -3 -1 -1 -4 -3 -1 1 0 0 1 0.02
 0  7 -3 -1 -6 -1 -2 -5 -1 -5 -5  0 -4 -5 -5 -3 -4 -5 -4 -3 1 0 0 1 0.02
-3 -4 -1  8 -6 -3  0 -4 -1 -6 -6 -3 -6 -6 -4 -1 -2 -7 -5 -6 1 0 0 1 0.02
-4 -2 -6 -6 -4 -3 -5 -4 -5 -1  6 -5  0  1 -5 -5 -4 -4 -3 -2 0 0 1 0 0.02
-1 -1 -1 -1 -5 -2 -2  6  1 -6 -6  1 -5 -5 -4 -1 -4 -5 -5 -5 0 0 1 1 0.02
-2 -3 -5 -5 -3 -4 -5 -5 -5  3  5 -4  1 -2 -5 -4 -2 -4 -3  2 0 0 1 0 0.02
-2 -3  1  3 -3 -3 -2 -3 -3 -4 -4 -3 -3 -1  0  3  5 -5 -4 -3 0 0 1 1 0.02
 2  2 -2  0 -4 -1  2 -2  0 -4 -3  0 -3 -5  5 -1 -1 -5 -4 -3 1 0 0 1 0.02
 3 -1 -1  2 -3  2  3  0 -2 -4 -3  0 -3 -4 -1  0  0 -4 -3 -3 1 0 0 1 0.03
 1  0 -3 -2 -5  6  4 -2 -2 -5 -5 -1 -3 -6 -4 -1 -2 -5 -4 -4 1 0 0 0 0.03
 6 -4 -4 -4 -3 -3 -4 -3 -4 -2 -1 -3 -3  1 -4 -1 -3 -4  2  1 1 0 0 0 0.02
 1  1 -2 -1 -3  1  2 -2  0 -1  1  0 -1 -2  0 -1  0 -3 -1  0 1 0 0 1 0.03
 2  1 -1  2 -3  2  2 -2 -1 -3 -2 -1 -2 -4  2  0  1 -4 -3 -2 1 0 0 1 0.03
-2  7 -3 -2 -6  1 -3 -5 -1 -3 -1 -1 -2 -5 -5 -3 -3 -5 -1 -4 1 0 0 0 0.03
 0 -3 -4 -4 -3 -3 -4 -4 -4  1  4 -3  0 -2 -4 -1  1 -1 -3  1 1 0 0 0 0.03
 3  1 -2  1 -3  1  0 -1 -3 -2  0  0 -2 -2 -3  0  0 -4 -3  0 1 0 0 1 0.04
 2  2  3 -1 -3  0 -2 -2 -1 -2 -1  0 -2  1 -1  0  1 -3 -2 -1 1 0 0 1 0.05
 1 -2 -2  1 -5  4  5 -2 -2 -5 -5 -1 -4 -5 -2  0 -3 -5 -4 -3 1 0 0 0 0.07
 3  1 -2  1 -3  2  1 -2  1 -3 -2  1 -1 -4 -2  0 -1 -4 -1 -3 1 0 0 1 0.08
 2  2 -2  2 -3  1  2 -1 -1 -2 -2  2 -2 -4 -2  0  0  0 -3 -1 1 0 0 1 0.07
 6 -2 -4 -4 -3  0 -3 -2 -4 -3  1 -3 -1 -4 -4 -1 -2 -5 -4 -1 1 0 0 0 0.07
 2  1 -1 -2 -3  0 -2  2 -3 -1 -2 -2 -1 -2  0  1  1 -4 -3  0 1 0 0 1 0.06
 1  1 -1  2 -3  0  2  0 -2 -3 -3  1 -3 -4  0  0  1 -4 -3 -2 1 0 0 1 0.07
 0  0 -3 -4 -3  0 -3 -2 -3  1  2 -2  0  1 -3 -2  1 -3  0  2 1 0 0 0 0.07
 4 -2 -3  0 -3 -1  3 -1 -1  0 -1 -2 -2 -3 -3 -1 -1 -4 -3 -1 1 0 0 0 0.06
 2  0 -1  1 -3  1  2  1 -2 -4 -4  0 -3 -4  2  1  1 -4 -3 -3 1 0 0 1 0.06
 1  3 -1  0 -3  2  1  0 -1 -1 -2  1 -1 -3 -2  0  2 -4 -3 -2 1 0 0 1 0.05
 2 -4 -5 -5 -3 -4 -4 -4 -4  1  5 -4  1  0 -4 -3 -3  0 -3  1 1 0 0 0 0.05
 1  5 -2 -1 -4  2  1  0 -1 -3 -2  0 -3 -4 -3  0  0 -4 -3 -2 1 0 0 1 0.04
 1  2  1  0 -3  1  1  1 -2 -3 -3  2 -2 -4 -2  1  1 -4 -3 -2 1 0 0 1 0.04
 2  2 -1  1 -3  3  2 -2 -2 -2 -2  0 -2 -4 -3  1  1 -4 -3 -2 1 0 0 1 0.04
 1 -1 -4 -5 -3 -4 -4 -3 -2 -1  5 -4 -1  2 -4 -3 -1 -3 -1 -1 1 0 0 0 0.03
-1 -3 -3 -3 -5 -3 -3  7 -4 -6 -6 -3 -5 -4  1 -2 -3 -5 -5 -5 0 0 1 0 0.02
 2 -3 -1  4 -3 -1  0  1 -1 -3 -3 -1 -2 -4 -3  2  0 -5 -4 -3 1 0 0 1 0.02
 3  3 -1  2 -3  0  0 -1  0 -3 -4  0 -3 -3 -3  2 -1 -4 -2 -2 1 0 0 1 0.01
 0 -4 -3 -2 -4 -3 -4 -2 -3 -3 -2 -4 -3  7 -4 -2  0  0  5 -2 1 0 0 0 0.01
 5 -3 -3 -2 -3 -3 -3  4 -4 -3 -4 -3 -4 -5 -4 -1 -3 -5 -4 -2 0 0 1 0 0.01
-3 -5 -3 -4 -5 -5 -5  7 -5 -7 -6 -4 -6 -6 -5 -3 -5 -5 -6 -6 0 0 1 0 0.01
 4 -3 -2 -3 -3 -2 -3 -1 -2 -2 -3 -3 -3 -4 -3  3  2 -4 -3  0 0 1 0 0 0.01
-6 -3 -6 -7 -6 -5 -6 -6  0 -5 -4 -6 -5  0 -7 -5 -4 11  6 -4 0 1 0 0 0.01
-3 -4 -5 -5 -3 -4 -4 -5 -3  2  2 -4  1  4 -5 -4 -2 -2  4  2 0 1 0 0 0.01
-1  0  0  6 -3 -2  1 -3  1 -3 -4 -2 -3 -2 -3  0  0 -4 -1 -2 0 1 0 1 0.01
 3  0  0  1 -2  0 -1  3 -1 -2 -2 -1 -2 -2  0  0 -1 -3 -2 -2 0 0 1 1 0.01
 2 -1  2  2 -2  0  1  0 -2 -2 -2  1 -2 -3 -1  1  0 -3 -2 -2 0 0 1 1 0.01
 1  0 -1  1 -2  0  2  1  0 -2 -1  0 -2 -3 -1  0  2 -3 -2 -2 0 0 1 1 0.01
 0 -1  0  3 -2  1  0  1 -2 -3 -3  1 -2 -3 -2  2  1 -3 -2 -2 0 0 1 1 0.01
 1  0 -2 -1 -3  1 -2  5 -3 -3 -2 -1 -3 -3 -1 -1 -1 -3 -3 -1 0 0 1 1 0.01
-1  2  0  0 -3  1  1  0  0 -1 -1  2 -1 -3 -1  0  2 -3 -2  0 0 0 1 1 0.01
-2 -3 -4 -5 -3  0 -3 -4 -2  0  4 -4  0  0  1 -3 -1 -4 -1  2 0 1 0 0 0.01
-1 -1  0 -4 -3 -2 -3 -2  1  0  0 -1  0 -2 -4 -2  3 -4 -1  4 0 1 0 0 0.01
-2 -5 -1 -4 -4 -5 -5 -6 -5  2  0 -5  0 -3 -5 -4 -3 -5 -4  6 0 1 0 0 0.01
 4 -3  2 -2 -3 -3 -3  2 -3 -2 -2 -3 -1 -4 -3  0  0 -5 -4  2 0 1 0 0 0.01
 1 -4 -2 -3 -3 -3 -3  0 -4  1 -1 -4 -2 -3 -4 -1  3 -5 -4  5 0 1 0 0 0.02
 0 -4 -3 -1 -3 -3 -3  0 -4 -2 -1 -3 -1 -4 -1  0  6  0 -4  0 0 1 0 0 0.02
-3 -1  1  6 -5 -2 -1 -2 -2 -5 -5 -2 -5 -5 -1  0  2 -6 -5 -3 0 1 0 0 0.02
 3 -1  0  3 -3  1  2 -2 -3 -4 -4  0 -3 -4  3  1 -1 -5 -4 -3 0 0 1 0 0.02
 4 -1  0  1 -3 -1  1  1 -3 -4 -4 -1 -3 -4 -1  1  0 -4 -4 -3 1 0 0 1 0.03
 4 -2 -1  3 -3 -1  0 -1 -2 -3  0 -1 -2 -4 -3  0  0 -5 -4 -1 1 0 0 0 0.03
 4  1 -2 -3 -3 -1 -2 -2 -2  1 -2 -2 -1 -2 -3 -1  0 -4 -3  2 1 0 0 1 0.04
 2  1 -1  2 -3  0  2  0 -2 -3 -2  1 -3 -4  1  0 -1 -4 -3 -1 1 0 0 1 0.04
 3  1 -2  0 -3  2  2 -1 -1 -1 -1  0 -1 -4 -3  0  1 -4 -3 -1 1 0 0 1 0.04
 2 -5 -5 -5 -3 -4 -4 -5 -5  3 -1 -4 -2 -2 -3 -2 -2 -5 -4  5 1 0 0 1 0.06
 0  5 -2 -1 -4  0  3 -3 -2 -4 -3  1 -2 -4 -3 -1  2 -5 -4 -2 1 0 0 1 0.04
 5  2 -3 -1 -3  0  0 -2 -3 -3 -3  1 -3 -4 -2  0 -2 -5 -4 -1 1 0 0 0 0.04
 5 -1 -3 -1 -3  1 -1  0 -3 -2 -1 -2 -3 -4 -3  0  1 -5 -4 -2 0 0 1 1 0.03
-3 -6 -4 -3 -6 -5 -5  7 -5 -7 -7 -5 -6 -6 -5 -2 -5 -6 -6 -6 0 0 1 1 0.03
 6 -4 -4 -5 -3 -4 -4 -1 -4 -2 -2 -4 -3  1 -4 -2 -3 -4  0  1 0 0 1 0 0.03
-1  2 -2  0 -4  1  3 -4 -1 -2 -3  2 -3 -4 -3 -1  3 -4 -3  0 0 0 1 1 0.02
 4 -4 -4 -4 -3 -3 -3 -2 -4 -2 -3 -3 -3 -4  5 -1  1 -5 -4  2 1 0 0 0 0.02
 0  5 -2 -1 -4  1  1 -4  0 -2 -3  3 -1 -3 -3 -2  0 -4 -3  1 1 0 0 1 0.02
-1  0 -1 -1 -3 -1  0 -4 -1  2  1 -2  1 -2 -1 -2  0 -4 -2  4 1 0 0 0 0.02
 0 -3 -6 -6 -4 -5 -5 -6 -6  0 -2 -5  1 -3 -2 -4 -2 -6 -4  7 1 0 0 0 0.02
 2  2 -2  2 -4  0  1 -1 -2 -4 -4  2 -3 -4  1  1  0 -4 -4 -3 1 0 0 1 0.03
-2  4  3 -2 -5 -1 -1 -4  7 -4 -3 -1 -3  0 -4 -2 -1 -4  1 -1 1 0 0 0 0.03
-1 -4  0 -2 -4 -3 -3  1 -4 -5 -5 -3 -4 -5  0  6  3 -5 -5 -4 1 0 0 0 0.03
 2 -2 -3 -3 -3 -1  0 -2 -3 -1  3 -2  3 -1 -2 -1  0  1 -2  0 1 0 0 0 0.03
 3  2 -1  1 -3  0  0  0 -3 -3 -4  1 -3 -4 -2  2  0 -4 -3 -2 1 0 0 1 0.03
 0  1 -2  2 -4  3  4 -1 -2 -4 -4  1 -3 -3 -3 -1  0 -4 -4 -3 1 0 0 1 0.03
-4 -5 -6 -6 -4 -5 -6 -6 -6 -1  6 -5 -1 -1 -3 -5 -4 -4 -4 -2 1 0 0 0 0.03
-1  2  1  4 -4  2  3 -2  0 -4 -4  1 -3 -5 -3 -1  0 -5 -4 -3 1 0 0 1 0.03
 4  1 -1  0 -3  1  0  0 -3 -3 -4  1 -3 -4 -3  2  0 -2 -3 -2 1 0 0 1 0.04
 4 -1 -3 -2 -2 -1 -2 -1 -3  1 -1 -2  0 -2 -3  0  0 -1 -3  2 1 0 0 0 0.04
 1  2 -2 -2 -4  0  0 -2  0 -2 -1  4  1 -3 -3 -1  0 -4 -3  0 1 0 0 0 0.03
 3  0  0  1 -3  1  1 -1 -2 -2 -2  1 -2 -4 -2  0  1 -4 -3 -2 1 0 0 1 0.03
 2  2 -1  1 -3  1  1  0 -1 -2 -2  1 -2 -3 -2  0  2 -4 -3 -2 1 0 0 1 0.04
-2 -4 -5 -3 -3 -4 -4 -5 -5  1  5 -4  1  0 -5 -4 -3 -4 -3  1 1 0 0 0 0.05
-1 -1  2  6 -4 -1  0 -2 -2 -4 -4  0 -3 -4 -3 -1  0 -4 -4 -4 1 0 0 1 0.05
 2  2 -1  1 -3  1  0 -1  2 -3 -3  1 -2 -3 -2  1  0 -3 -2 -2 1 0 0 1 0.07
 2  0  0 -1 -2 -1 -1 -1 -1 -1  0  0 -1 -1 -2  0 -1  5 -2  0 1 0 0 1 0.08
 3 -1 -1 -1 -2 -1 -1 -1 -1  1  0 -1  0  0 -1 -1  0 -2 -2  1 1 0 0 0 0.09
 2  0  1  0 -2  0  0  0 -1 -1 -2  0 -1 -2  0  0  1  0 -2 -1 1 0 0 1 0.14
 1  0 -1  0 -1  0  0  1  0  0  0  0 -1 -2 -1  1  1 -2 -1  0 1 0 0 1 0.24
 0  2  0  1 -2  1  0 -1  0 -1  0  0  0 -2  2  0  0 -2 -1 -1 0 0 1 1 0.33
 0  1  0  0 -2  0 -1  1 -1 -1 -1 -1 -1 -2  3  0  0 -2 -2 -1 0 0 1 1 0.37
 1  1  0 -1 -1  0  1  0  0 -1 -1  1 -1 -2  2  0  1 -2 -1 -1 0 0 1 1 0.37
 2  0  0  0 -1  0  1  1  0 -1 -1  0 -1 -2  0  0  1 -2 -1 -1 0 0 1 1 0.37
 1  1 -1  0 -1  0 -1  0 -1  0  0  0  0  0  0  0  0 -1 -1  0 0 0 1 1 0.35
 1  1  0  1 -1  0  0 -1  0 -2 -2  0 -1 -2 -1  2  1 -2 -1 -1 0 0 1 1 0.32
 1  1  0  1 -1  0  0 -1  0 -1 -1  1 -1 -2  0  1  1 -2 -1  0 0 0 1 1 0.39
 3  0 -1 -1 -1  0 -1  0 -2 -1  0 -1  0 -2  3  0 -1 -2 -2  0 0 0 1 0 0.37
 0  0 -1  0 -2 -1 -1 -1 -1  0  0 -1 -1 -1  4  0  1 -2 -1  0 0 0 1 1 0.26
 1  1  1  1 -2  0  1  0 -1 -1 -1  0 -1 -2  0  0  0 -1 -1  0 0 0 1 1 0.15
 1 -1 -1  1 -2 -1 -1  3 -2 -2 -2 -1 -2 -2  0  1  0 -2 -2 -1 0 0 1 1 0.08
 1 -2 -2 -2 -2 -2 -2  0 -1  2  0 -2  1 -2 -2 -1 -1 -2 -2  4 0 0 1 0 0.05
 1 -1 -1 -2 -2  0 -2 -2  2 -2 -2 -1  0 -3  3  1  4 -3 -1 -1 0 1 0 0 0.02
 2 -2 -1 -2 -2 -2 -2  2 -2 -2 -1 -2 -2 -3 -2  3  0 -3 -2  0 0 1 0 0 0.02
-4 -1 -4 -4 -4 -3 -4 -4 -3 -2 -3 -4 -3  0 -4 -3 -4 12  2 -4 0 1 0 0 0.01
 1  0 -2 -3 -3 -2 -3  0  3 -3 -3 -3 -2  1 -3  0 -2  2  7 -2 0 1 0 0 0.01
-1 -5 -5 -5 -3 -3 -5 -5 -5  3 -1 -4 -1 -2 -2 -2 -1 -5 -4  6 0 1 0 0 0.01
-3 -5 -1  8 -6 -2 -1 -4 -4 -6 -6 -4 -6 -6 -4 -2 -4 -7 -6 -4 0 1 0 0 0.01
-2 -4 -4 -2 -4 -3 -2 -5 -3  0  0 -4 -2 -4  6 -2  0 -5  0  4 0 0 1 0 0.01
 2  4 -2 -3 -3  0  0 -3 -3 -1 -1  2  0 -4  1 -1  1 -4 -3  1 0 0 1 1 0.00
 2  0  1 -1 -3 -2 -1 -2 -3 -3 -3 -2 -3 -4 -1  3  4 -5 -4 -3 0 0 1 0 0.01
-4 -4  8  1 -6 -3 -2 -1 -1 -6 -6 -3 -5 -6 -5 -1 -3 -7 -5 -4 0 0 1 0 0.01
 0  2 -2 -2 -4  3  0 -2 -2 -4 -3  4 -2 -4 -3  2  2 -4 -3 -2 0 1 0 1 0.01
-3 -5 -5 -6 -4 -5 -3 -6 -6  2  1 -5 -2 -3 -5 -3 -3 -5 -4  6 0 1 0 0 0.01
-1 -2 -2 -5 -3 -2 -4 -5 -5  1 -1 -3 -2 -4 -5 -2  1 -5 -4  6 0 1 0 0 0.01
-3 -5 -6 -6 -3 -5 -5 -6 -6  2  2 -5  0 -1 -5 -4 -3 -5 -4  6 0 1 0 0 0.01
-2  1  0  1 -3  2  2 -2  0 -2 -1  0 -2 -3 -3  0  3  0 -2 -1 0 1 0 0 0.02
 4 -4 -3 -4 -3 -3 -2 -1 -4  0 -1 -3 -2 -3 -3  0  1 -5 -3  4 0 1 0 0 0.03
 1  1 -1  4 -3 -1  0 -2 -2 -1  0 -1 -2 -3  0  0  0 -4 -1  1 0 0 1 0 0.05
 1  2  2  2 -3  0  1 -1  0 -3 -3  0 -2 -4  2  1  0 -4 -3 -3 0 0 1 1 0.09
 0  0 -1  1 -3 -1 -1  4 -2 -3 -3 -1 -3 -3  1  1  2 -3 -3 -2 0 0 1 1 0.13
 2  0  0 -1 -2  0  0  0 -1 -2 -2  0 -1 -3  0  2  0 -4 -3  2 1 0 0 0 0.17
 1  2 -1  1 -3  1  1 -1 -1 -1 -3  0 -1 -3  0  1  2 -1 -3  0 1 0 0 1 0.15
 3 -2  0  2 -3 -1  0  3 -3 -3 -3 -1 -2 -3  0  0  0 -4 -3 -2 1 0 0 1 0.21
 4  0 -2  2 -3  2  0 -1  1 -3 -3 -1 -3 -4 -1  0  0  0 -3 -2 1 0 0 1 0.21
 4  0 -2  0 -3 -2 -1  1 -3 -2 -1  0 -1 -3 -3  0  1  0 -3  0 1 0 0 0 0.23
 0  2 -2  1 -3  0  2 -2 -1 -2  0  1 -1  0 -1 -1  0  5 -1 -1 1 0 0 1 0.27
 3  1  0  3 -3  0  0 -1 -1 -2 -2  0 -2 -4 -3  1 -1 -4 -3 -2 1 0 0 1 0.30
-1  0 -3 -2 -3 -3 -3 -2 -3 -1  3  0  0  5 -4 -2 -1  0 -1 -2 1 0 0 0 0.31
 1 -2 -3 -3 -2 -3 -2 -3 -3  2  2 -2 -1 -1 -1 -1  0 -3 -2  3 1 0 0 0 0.22
 3  2 -1  1 -3 -1  2 -1 -3 -3 -2  2 -1 -4 -3  0  0 -4 -3 -2 1 0 0 1 0.23
 3  2 -1  0 -3  0  0 -1 -3 -2 -1  1 -2 -3 -2  0  0 -4 -3  0 1 0 0 1 0.20
 5 -2 -3 -3 -3 -3 -2 -2 -2 -2 -2 -2 -3 -4 -2  2  1 -4 -4  0 0 0 1 0 0.19
 1 -1 -2  0 -3 -1 -1  5 -3 -3 -3 -1 -3 -2 -2 -1 -2 -4 -3 -2 0 0 1 1 0.16
 2  1 -2 -2 -2 -2 -2  0 -3  0  1 -1 -1 -2 -3 -1 -1 -3 -2  3 0 0 1 0 0.15
 0  0  0  4 -3  0  1 -1  0 -1 -1  1 -1 -3  1  0 -1 -3 -2 -2 0 0 1 1 0.16
 3  1 -1  0 -3 -1 -1  3 -3 -3 -3 -1 -1 -4  1  1  0 -4 -3 -2 0 0 1 1 0.14
 1 -1 -2  3 -4 -2  0  4 -3 -3 -4 -2 -4 -5 -2  2 -1 -5 -4 -2 0 0 1 1 0.16
 3 -1 -1  0 -2 -1  0 -1 -2 -2  0 -1  1  0  2  1  0 -3 -2 -1 0 1 0 1 0.15
 0 -5 -5 -5 -3 -3 -5 -5 -5  1 -1 -5 -1  0 -5 -3 -2 -5 -1  6 0 1 0 0 0.16
-2  6 -2 -1 -5  0  1 -3 -1 -3 -4  0 -3 -5 -4  0  3 -5 -4 -3 0 1 0 1 0.17
-3 -5 -5 -6 -3 -4 -5 -6 -2  3 -1 -5  4 -1 -5 -4 -2 -5 -2  6 0 1 0 0 0.19
-1  2 -2 -2 -4  1  4 -3 -2 -2 -2  1  0 -4 -3 -2  0 -4 -3  3 0 1 0 1 0.19
-1  3 -1 -1 -4  1  2 -2  1 -3 -2  1 -2 -3  1  0  2 -4 -1  0 0 1 0 1 0.17
 0 -1 -2 -3 -3 -2 -1 -1 -2 -1 -3 -3 -1 -4 -2  4  3 -5 -4  2 0 1 0 0 0.26
 2  0 -1  2 -3  0  1 -1 -3 -4 -4  0 -3 -4  4  0  1 -5 -4 -3 0 0 1 1 0.32
 2 -2 -2  0 -4  0  4  4 -1 -5 -4 -2 -4 -5 -3 -1 -1 -5 -4 -4 0 0 1 1 0.50
 2  2 -2 -2 -3  3  0 -2 -2 -3 -2  1  1 -4 -3  0  2 -4 -3 -1 0 0 1 1 0.65
-1 -5 -5 -4 -5 -4 -3 -5 -5 -3  0 -4 -1  3  7 -3 -3 -5 -2 -3 0 0 1 1 0.65
-1  6 -2 -3 -4  2  0 -4 -2 -4 -4  2 -3 -5  0  0  2 -5 -4 -3 0 0 1 1 0.77
-2 -2 -2 -3 -3 -3 -3 -4 -4 -3 -4 -3 -3 -4 -3  1  7 -5 -4 -2 0 0 1 1 0.84
 0 -2  0 -2 -1 -1 -1 -2 -2 -1 -2 -1 -1 -3 -2  2  6 -3 -2 -1 0 0 1 1 0.88
