-1  5  0 -2 -3  1  0 -2  0 -3 -2  2 -1 -3 -2 -1 -1 -3 -2 -2 0 0 1 1 0.89
 0 -3 -1 -1 -3 -2 -2  6 -2 -4 -4 -2 -3 -3 -2  0 -2 -3 -3 -3 0 0 1 1 0.84
 1 -2 -1 -2 -1 -1 -1 -2 -2  2  0 -1  0 -2 -2  2  2 -3 -2  2 0 0 1 1 0.83
-2 -1  5  3 -3 -1  0 -2  2 -3 -2 -1 -2  2 -3  0 -1 -2  2 -3 0 1 0 0 0.73
-1  0 -2 -2 -2  1  1 -3 -1  2  1  1  2  2 -2 -1 -1 -2  1  0 0 0 1 1 0.67
 2 -1  1 -2 -2 -1 -1  0 -1 -2 -2  1 -2 -2  4  0 -1 -2  1 -2 0 0 1 1 0.61
-1  1 -3 -3 -2 -2 -2 -3 -2  2  1 -2  0  2  4 -2 -2 -2 -1  0 0 0 1 1 0.59
 1 -2 -2 -2 -2 -2  0 -3 -3  4  1 -2  0 -1 -2 -1  2 -3 -2  1 0 0 1 1 0.45
-2 -1  1  5 -4  1  3 -2 -1 -1 -3  2 -3 -4 -2 -1 -2 -4 -3 -3 0 0 1 1 0.31
-1  3  2  2 -3  1  2  0 -1 -3 -3  2 -2 -4 -2  0  0 -4 -3 -3 0 0 1 0 0.38
 0 -3 -3 -1 -3 -3 -2 -3 -3 -2  1 -2 -2 -3  6 -2 -2 -4 -3  0 0 0 1 1 0.25
-2 -1 -2 -1 -3  1  3 -4 -2  2  1  1  1  1 -3 -2 -2 -3 -2  1 0 0 1 1 0.19
-3  0  3  7 -5 -2  0 -3 -2 -4 -2 -1 -4 -5 -3 -2 -2 -5 -4 -4 0 0 1 0 0.21
-2 -4 -5 -5 -4 -4 -2 -5 -3 -2 -2 -4 -2  8 -5 -4 -4  4  2 -1 0 0 1 0 0.25
-1  1 -2 -1 -3  1  2 -3  1  0  0  2 -1  3 -2 -1 -2 -2 -1 -1 0 0 1 1 0.22
-1  1 -1  2 -4  0  3  0  1 -1 -3  3 -2 -4 -2  0  0  1 -3 -3 0 0 1 1 0.19
-2  0  3  5 -4 -1  2 -3 -2 -4 -4  0 -4 -4  1  0 -1 -4 -1 -4 0 0 1 1 0.24
-2  2 -1  0 -4  0  2 -1  2 -3 -1  4  0 -3  1 -1  0 -4 -3 -3 1 0 0 1 0.17
-1  0 -1  2 -4  1  5 -2 -2 -4 -4  1 -3 -5 -1  0 -1 -4 -4 -4 1 0 0 1 0.15
 0 -1  1  1 -4  1  4 -3 -2 -4 -2  4 -3 -1 -2 -1 -2 -4 -3 -3 1 0 0 1 0.16
 5 -3 -1 -3 -2 -2 -3  0 -3  1 -3  0 -2 -4 -3  0 -2 -4 -3  0 1 0 0 0 0.16
-2  2  1  0 -4  0  2 -2  0 -2 -2  4 -2 -4 -3 -1  0 -4 -3 -3 1 0 0 1 0.17
 1  0  2  0 -4  2  3 -1 -1 -2 -3  3 -3 -4 -2  0 -1 -4 -3 -3 1 0 0 1 0.15
-4 -5 -5 -5 -4 -4 -1 -2 -4 -2 -2 -5 -3  1 -5 -4 -4 12  1 -4 1 0 0 0 0.17
 1 -3 -2  0 -3 -2  1  5 -3 -1 -2 -1 -3 -4 -3 -1 -2 -4 -4 -3 1 0 0 0 0.15
-1  2  2  0 -4  1  2 -1 -2 -2 -3  3 -2 -4 -2  0  0  2 -3 -2 1 0 0 1 0.14
 0  1  1  0 -4  1  3 -1 -2 -2 -4  4 -3 -4 -2  0 -2 -4 -3 -3 1 0 0 1 0.15
-1  1  0  1 -3  3  2 -2  1 -2  0  2 -2 -1  0 -1 -1 -3  0 -2 1 0 0 0 0.16
 0 -3 -1 -1 -3 -2  0 -4 -1  0  0 -3 -2  4 -4  0 -2 -1  6 -1 1 0 0 0 0.20
-1 -1  2  2 -4  0  3 -1  2 -4 -3  4 -3 -4 -3  0 -2 -4 -3 -4 1 0 0 1 0.14
-1  3  2  1 -4  2  3 -1 -2 -3  0  2 -2 -4 -3 -1 -2 -4 -3 -2 1 0 0 1 0.15
-4 -4 -4 -2 -4 -3 -4 -4 -3  0 -3 -1  1 -1 -5 -2 -1 11  3 -2 1 0 0 0 0.13
-1  2  0  0 -3  1  2 -2 -1  0 -2  3 -2  0 -2 -1 -1  3  0 -2 1 0 0 1 0.11
 0  0  1 -1 -3  1  2  0 -1 -2 -3  3 -2 -3  0  0  0  3 -2 -2 0 0 1 1 0.09
-1  0  2 -2 -3  1 -1  0 -2 -2 -1  3 -2 -3 -2  3  0 -4 -3  0 0 0 1 1 0.10
-3 -4 -5 -5 -3 -4 -4 -5 -4  0  5 -4  0 -1 -5 -4 -1 -3  1  1 0 0 1 0 0.10
-1 -1  2 -1 -3 -2  0  0 -3 -3 -4  0 -3 -4 -1  3  5 -4 -3 -3 0 0 1 1 0.09
 1  0  1  0 -3  0  0 -2 -2 -1  0  2 -1 -2  1  1  0 -3 -1 -1 1 0 0 1 0.09
-1 -1  1  2 -3 -1  2 -2 -2 -2  0  0 -2 -3 -1  3  1 -4 -1 -1 1 0 0 1 0.09
-2 -2 -2  2 -6  1  7 -4 -2 -5 -5 -1 -4 -6  0 -2 -3 -5 -4 -5 1 0 0 0 0.08
-2  2  1 -2 -4  1  0 -3 -2  0 -2  5 -2 -4  0 -1 -1  3 -3 -3 1 0 0 1 0.07
-1  1  1  2 -4  2  4 -1 -2 -2 -2  1 -2 -4 -2  1 -1 -4 -3 -2 1 0 0 1 0.07
 4 -1 -2  0 -2  0  1 -2  1 -2  0  0 -2 -1 -2  2 -1 -4 -2 -2 1 0 0 0 0.09
-3 -4 -5 -5 -3 -4 -5 -5 -4  5  4 -4  3  2 -4 -4 -3 -3 -2  1 1 0 0 0 0.07
-2  2  2  1 -4  0  4 -3  2 -3 -4  2 -3 -1 -3 -1  1 -3  1 -2 1 0 0 1 0.05
-1 -2  1  2  1  1  1  1 -1 -1  0 -1  0  0 -2  1 -1 -2  1 -1 1 0 0 1 0.04
-4 -4 -4 -5 -4 -4 -4 -5 -1 -3 -1 -4 -3  4 -5 -4 -3  0  8  0 1 0 0 0 0.04
-2 -2 -1 -2 -3 -1  0 -3 -3 -2  1  2  0 -3 -3  0  4 -3 -3 -1 1 0 0 0 0.04
 0  1  2  2 -3  1  0  1  0 -3 -3  3 -3 -4 -2  1  1 -4 -3 -3 1 0 0 1 0.04
 0 -1  3  3 -3  0  0 -2 -1 -1 -2  1 -2 -2 -2  1  0 -3  2 -2 0 0 1 1 0.05
 1 -2  0 -1 -2 -1  0  2 -2 -1 -2  0  0 -2 -2  2  1 -2  0  0 1 0 0 1 0.05
-1 -1  0  1 -2 -1  0 -1 -1  0 -1 -1 -1  2  0  1  0 -1  2  0 1 0 0 1 0.04
 0  1  0  0 -3  1  1  1  0 -2 -2  2  0 -1  2  0 -1 -3 -2 -2 1 0 0 1 0.05
-2 -1 -1 -2 -3 -3 -3 -4  0  6  1 -3 -1  1 -3 -3 -2 -3  1  0 1 0 0 0 0.05
-1 -1  5  0 -3  0 -1 -1 -2 -2 -2  2 -2 -1 -3  1  0  4 -2 -2 1 0 0 0 0.05
 0  1  2  2 -3  1  1 -1  1 -3 -2  2 -2 -3 -2  0  1 -3 -2 -2 1 0 0 1 0.06
-1 -2  1 -1 -3 -2  0 -3  1 -1 -2  0 -2  2 -3 -1 -1 -1  6 -1 1 0 0 0 0.09
-1  0  0  1 -3 -2 -2  1  1  1  2 -2 -1 -1 -3  1 -1 -2  2 -1 1 0 0 0 0.10
-1  3  0 -1 -3  1  1 -1  0 -1  0  2 -1 -2  2  0 -1 -3 -1 -1 1 0 0 1 0.09
-1 -2  0 -2 -2  0  1  0 -2  1  2  0  0 -2 -2 -1  2 -3 -2  0 1 0 0 1 0.10
-3  4  4  2 -4 -1  1 -2  0 -1 -3  2 -3 -4 -3 -2 -1 -5 -3 -2 1 0 0 0 0.11
 0 -1  2  1 -3  2  3  0 -1 -1 -1  1 -2 -3 -2  0 -1 -3 -1 -2 1 0 0 0 0.12
-1 -1  2  0 -3 -2 -2  1  1  0  0  0 -1  0 -3  0 -2 -1  5 -1 1 0 0 0 0.16
-2 -1  1  0 -3  0 -1 -1  0  1  1  2 -1  1 -1  0  0 -2  0 -1 0 0 1 0 0.19
-1  3  1 -2 -3 -1 -2  2  1 -3 -1  1 -2  0 -1 -1 -1 -2  3 -3 0 0 1 0 0.18
-1 -2  2  3 -3  0  1  1 -2 -3 -4  0 -3 -3  0  2 -1 -4 -1 -2 1 0 0 1 0.17
-1 -1  0 -1 -2 -2 -1 -2 -1  2  1 -1  2  1 -3 -1  0 -1  3  1 1 0 0 0 0.16
 0  0  2  0 -3  1  2 -2 -1 -2 -3  2 -2 -3  3  0  0 -3  0 -2 1 0 0 1 0.16
-1 -2 -1  0 -2 -2 -1  2 -2  1  1  0 -1  0  1 -1  0 -2  1  0 1 0 0 0 0.16
 0  0 -1  1 -3 -1  1 -1 -2 -1  0  1 -1  1  1  1  0 -3 -1 -1 1 0 0 1 0.16
 1 -1  1  1 -2  0  1 -1 -1 -1 -1  0 -1  0  2  1  1 -2  0 -1 0 0 1 1 0.18
 0 -1  3  1 -3 -1  2 -2  1  0 -2  0 -2 -1  1  1  0 -3 -2 -1 0 0 1 1 0.17
-1  0  0  3 -3 -1  0 -1 -2 -1 -1  1  0  0  0  1  0 -3 -2 -1 0 0 1 1 0.15
-2  1 -1 -2 -3 -1 -1 -2 -2  3  1  2  2 -2 -3 -1 -1 -3 -1  1 1 0 0 1 0.18
-1  1  3  1 -4  1  3 -3 -2  1 -2  2 -2 -3 -3 -1 -2 -4 -3 -2 1 0 0 0 0.18
-2  1  1  2 -4  1  1 -3 -2 -3 -2  4 -3 -4 -3  1 -2 -4 -3 -2 1 0 0 1 0.15
-2  1  0  3 -4  2  3 -3  1 -1 -3  2 -2 -2 -2  0  0 -4 -2 -2 1 0 0 0 0.17
-2 -1  0 -4 -3 -3 -3 -4 -3  5  0 -1 -1  0 -4 -1 -2 -3  2  3 1 0 0 0 0.16
 0  1  0  1 -3  2  2 -3  0 -2  0  3 -2 -3 -2 -1 -1 -3  0 -2 1 0 0 1 0.12
-1  1  3  1 -3  0  2 -1  3  0  0  0 -2 -3 -3  0 -1 -4 -2 -1 1 0 0 0 0.14
-3 -4 -5 -5 -3 -4 -4 -5 -5  5  4  0  2 -2 -5 -4 -3 -4 -3  0 1 0 0 0 0.13
-2  1  0  6 -5 -2  2 -3 -3 -5 -5  2 -4 -5 -3  0 -3 -6 -5 -5 1 0 0 1 0.14
 0  1  2 -1 -3  0  1 -2  1 -3 -2  3 -2 -4  0  2  2 -4 -3 -3 1 0 0 1 0.13
 4 -2 -2 -3 -2 -2  0  0 -3 -1  0 -1  1  1 -3  1  0 -3 -2  0 1 0 0 0 0.12
-3 -4 -1 -4 -3 -4 -4 -2 -4  3  3 -4  0  4 -4 -2 -3 -3 -1  0 1 0 0 0 0.11
-1  0  3  2 -3  1  1 -2 -2 -2 -1  2  1 -3 -2  2 -1 -4 -3 -3 1 0 0 1 0.11
-1  2 -2 -1 -5  0  1 -3 -3 -5 -4  6 -3 -5 -3  1 -2 -5 -4 -4 1 0 0 1 0.12
 2 -2  3 -2 -2 -2 -2 -1 -2 -2 -2  0  1 -1 -3  2  1 -4 -3  0 0 0 1 0 0.13
-2  1  2  0 -3  0  0 -3 -2 -2 -3  4 -1 -4 -2  2  1 -4 -3 -3 0 1 0 1 0.13
-1 -4 -4 -4 -2 -3 -4 -4 -4  4  3 -3  3 -2 -4 -1  2 -4 -3  2 0 0 1 0 0.10
-2 -2  1  4 -4 -2  1 -3  2 -4 -5  0 -4 -5  5  1  0 -5 -4 -4 0 0 1 1 0.08
-2  0  1  3 -4  0  3 -2 -2 -3 -3  2 -1 -4  0  1  1 -4 -1 -2 0 0 1 0 0.06
-2 -2  3  3 -3 -2 -1  0  1 -4 -2 -1 -3 -1  2  3  0 -4 -3 -3 0 0 1 0 0.05
-1 -4 -4 -1 -3 -4 -4 -4 -4  6  1 -4  2 -2 -4 -3 -2 -4 -3  3 0 1 0 0 0.04
-1 -2 -1 -3 -3  0 -2 -3  2  3 -1  1  2 -1 -3 -2  0 -2  3  2 0 1 0 0 0.02
-1 -3 -3 -4 -2 -3 -3  0 -4  0  1 -3 -1  0 -3 -1  1 -4 -2  5 0 1 0 0 0.02
-3 -4  1 -4 -4 -3 -4 -4 -1 -3 -3 -4 -3  4 -4  0 -3 -1  8 -3 0 1 0 0 0.02
-3  6 -2 -3 -4 -1 -2 -4 -2 -1 -3  2 -3 -3 -3 -1 -1 -3  3 -2 0 1 0 0 0.02
-2  2  2 -2 -3 -2 -2  2  0 -2 -1 -1 -2  3 -3 -1 -2  4  2 -1 0 1 0 0 0.02
-1 -2 -2  1 -2 -2  1 -1 -3  1  1 -2  0  0 -3 -1  2 -3 -2  2 0 0 1 0 0.02
-1 -2  1  4 -3 -1  1  1 -2 -3 -4  1 -3 -4  0  2  2 -4 -3 -2 0 0 1 1 0.02
 0  0 -1  0 -3  1  2  2 -2 -3 -1 -1 -2 -3  4  0  0 -3 -3 -2 1 0 0 0 0.03
 0  0  0  1 -3  1  2 -1 -1 -1 -2  2 -2 -1  0  1  1  0 -1 -2 1 0 0 1 0.03
 1 -1 -1  1 -2  1  1 -1 -1  1 -2  1 -1 -2  0  0  1 -2  2 -1 1 0 0 0 0.04
-2 -3 -3 -3 -3 -3 -3 -3 -3  1  3 -3  0  5 -3 -1  0 -1  0  1 1 0 0 0 0.05
 1 -2 -1  1 -3 -2 -2  5 -2 -1 -3 -1 -3 -3  1  1 -2 -3 -3 -2 0 0 1 0 0.05
-2 -2 -3 -1 -3 -2  0 -3 -2  2  0  0  0  4  0 -1 -1 -2  0  1 0 0 1 0 0.07
-2  0  4  0 -3  1  2 -2  2 -3 -2  1 -2 -3  1  0  0 -3  0 -2 0 0 1 1 0.09
 0 -1  3  1 -3  0  0 -2  0 -2 -2  2 -2  2 -2  0  0 -2  1 -2 0 0 1 1 0.09
-1  0  0  2 -3  1  2  1 -1 -1 -1  0 -2 -3  0  1 -1  3 -2 -1 0 0 1 1 0.09
-2 -1  1  1  2 -1  1 -3  0  3  1 -2 -1  1 -1 -1  0 -2  0  0 0 0 1 0 0.08
-1  2  1 -2  0  0 -1 -2 -1 -1  2  0 -1  1 -2  0  1 -2  0 -1 0 0 1 0 0.09
-1  0  0 -1 -2  0  2 -2 -1  1  0  1 -1  0 -2  1  1 -2  0  0 0 0 1 1 0.10
 0  1  1  2 -3  0  2  0 -1 -2 -1  2  0 -1  0  0  0 -3 -1 -2 0 0 1 1 0.10
 0 -1  4  1 -2  1 -1  0 -1 -1  0  1 -1 -2 -2  0 -1 -2 -1 -2 0 0 1 1 0.11
-2  0  2  2 -3  3  1  0  1 -2 -1  1 -2 -1  1  0 -1 -3 -2 -2 0 0 1 1 0.11
-2 -1  5  0  1  1 -2  2  0 -4 -4 -1 -1 -4  0  0  0 -4 -1 -4 0 0 1 1 0.10
-1 -1  0  0 -3 -1  1 -1 -2  0 -2  3 -2 -1  0 -1  3 -3 -2 -2 0 0 1 1 0.09
-2 -3 -1 -4 -2 -3 -4 -4 -3  6  1 -3  0 -1 -3 -3 -2 -3  0  2 0 0 1 0 0.09
-2 -2  6  3 -3 -1 -1  0 -1 -2 -4  0 -3 -4 -3  2 -1 -4 -3 -3 0 0 1 1 0.08
-1  3 -1  2 -3  0  1 -2  0 -1  0  2  0 -3  1  0 -1 -3 -2 -2 1 0 0 1 0.07
-1 -1  0  3 -4  0  5 -3 -2 -4 -3  1 -3 -4  0  0  0 -4 -3 -3 1 0 0 1 0.07
 1  0  1  0 -2  1  0 -1 -2 -1  0  1 -1 -2 -2  0  0 -3 -1  1 1 0 0 1 0.06
-1 -3 -3 -1 -2 -1 -1 -3 -2  2  2 -2  1  4 -3 -2 -2 -1  3  0 1 0 0 0 0.05
 0  2  2  1 -3  1  1 -1  0 -3 -3  2  0 -3  0  1 -1 -3 -1 -3 1 0 0 1 0.04
-2  0 -1  0 -3  3  3 -2 -1 -1 -2  4 -2 -2  0 -1 -1 -3 -2 -1 1 0 0 1 0.04
 0 -2 -3 -3 -2 -2 -3 -3 -2  2  2 -2  0  4 -3 -1  0 -1  1  1 1 0 0 0 0.03
 0  2  1 -1 -3  0  1 -2 -1 -2 -1  4 -2 -2 -2  0  0 -3  0 -1 1 0 0 1 0.03
 0 -1  3  1 -3  3  3 -2 -1 -3 -2  2 -2 -3  0  0 -1 -3 -3 -3 1 0 0 1 0.03
 0  1  2  1 -2  1  1 -2  1 -1 -2  1  0 -2 -2  0  2 -3 -2 -1 1 0 0 0 0.03
-2 -3 -3 -4 -3 -3 -3 -4 -2  2  1 -3  3  6 -3 -3 -2 -1  3 -1 1 0 0 0 0.03
-1 -1  2 -1 -2  3  2 -2 -1  0  1  1  1 -2 -2 -1  0 -2 -2  0 0 0 1 1 0.02
-1 -1  2  1 -3 -2 -1  4  1 -3 -3 -1 -3  1 -3  0 -2 -2  1 -2 0 0 1 1 0.03
-2  2 -1 -2 -4  1  1 -1  0 -2 -3  5 -2 -4 -2  0  1 -4 -3 -3 0 0 1 0 0.03
-1 -2 -1  2 -2 -1  1 -1 -2  1  1  0  1 -1 -2 -1  1 -2  1  1 0 1 0 0 0.03
-2  1  0 -3 -3  0 -1 -1 -1  2  0  0  0  3 -3 -2 -2  3  3  0 0 1 0 0 0.03
-2  0 -1 -2 -3  1  0 -3  2  1  0  3 -1  2 -2 -1  2 -3 -1  0 0 1 0 0 0.03
-2 -1  1  3 -4  3  4 -3 -1 -3 -3  0 -2  1 -2  0 -2 -3  1 -3 0 1 0 0 0.03
 0  0  1  3 -3 -1  0 -2  2 -2 -2  1 -2  3 -1 -1 -2 -1  3 -2 0 1 0 0 0.03
 1 -2  0 -1 -2 -2 -2  4 -2 -2 -3 -2 -2  0 -2  2  0 -3 -2 -1 0 1 0 0 0.03
-3 -3 -3 -4 -3 -1 -3 -1 -1  0 -2 -3 -2  5 -4 -1 -2  0  6  0 0 1 0 0 0.03
-1 -2 -2  0 -2 -1 -2 -3 -2  2  2  0  3 -1 -2  1  0 -3 -2  2 0 1 0 0 0.03
-1 -2  0  4 -3  1 -1 -2 -2 -3 -4  1 -3 -4 -2  4 -1 -4 -3 -3 0 1 0 1 0.05
-1 -3 -2 -3  2 -2 -3 -3 -3  2  0 -2  3 -2  0 -1  5 -3 -3  1 0 1 0 0 0.06
 0 -2  1 -1 -3  1  0 -2  5 -3 -3 -1 -2 -2 -2  4  1 -3  1 -3 0 1 0 0 0.07
-1 -2 -3 -3 -2  0 -1 -3 -3  1  4 -2  1 -1 -3 -1  0 -3 -2  0 0 0 1 0 0.09
 0 -2  0 -2 -2 -2 -1 -1 -2  1  1 -1  1  0 -3  0  2 -2  1  2 0 0 1 0 0.10
-1  1  0  0 -3  2  1 -2 -1 -1  1  2 -1 -1 -2  1 -1 -2  0 -1 0 0 1 0 0.12
-1 -1  2  3 -3  1  1  0  0 -1 -1  1 -2 -3  1 -1  1 -3 -2 -2 0 0 1 0 0.15
 0  0  2  0 -2  2  1  1 -1 -2 -1  0 -1 -1  2  0  1 -3 -2 -2 0 0 1 1 0.16
 0 -2  2  1 -2 -1 -1  0  2  0 -2  0 -1 -1  1  0  0 -3  0  1 0 0 1 1 0.16
 0 -2 -1  0 -2  0  0  2  1 -2 -1 -1 -2 -1 -2  3  0 -3  0 -1 0 0 1 1 0.16
 1 -2  1  2 -2  0  0  1 -2  0 -1 -1  0 -3 -2  2 -1 -3 -3 -1 0 0 1 0 0.15
-2  1  1  1 -3  0  2  0 -1 -2 -1  1 -2  3 -3 -1  0 -2  1 -2 0 0 1 1 0.13
 0  1  1  0 -3  1  2  0  1 -3 -2  2  0 -3 -1  1 -1 -3  0 -3 0 0 1 0 0.13
 0  1  0  1 -2  1  0  0  0 -1 -2  1 -1 -3  2  2  1 -3 -2 -2 0 0 1 1 0.11
 1  1 -1 -1  1 -1 -1  0  0  0  0  0  1  1 -2 -1  0  1  2  0 0 0 1 0 0.07
-2 -1  1  1 -3 -2 -2 -3 -2 -3 -2  1 -3 -4  6  0 -1 -4 -3 -1 0 0 1 0 0.04
-1 -3 -1 -4 -2 -3 -3 -1 -3  4  1 -3  0 -1 -3 -1  0 -3  0  3 0 1 0 0 0.03
-2 -1 -3 -3 -3  0  0 -4 -3  3  3  1  1 -2 -3 -2 -1 -3 -2  1 0 1 0 0 0.02
-3 -3 -4 -4 -3 -3 -1 -4 -3  2  3 -3  3  1 -4 -3  0  4  2  0 0 1 0 0 0.01
 0  2  0  1 -3  2  2 -2  3 -3 -2  3 -2 -3 -2 -1 -1 -4 -2 -1 0 1 0 0 0.01
-1 -3 -4 -4 -2 -3 -4 -4 -4  4  3 -3  1  2 -4  0 -1 -3 -2  1 0 1 0 0 0.01
-2  0  3 -1 -3  0  0 -2  2 -4 -4  4 -3 -4 -2  1  2 -4 -3 -3 0 1 0 1 0.01
 0 -3 -1 -3 -2 -3 -3 -3 -3  2  3 -3  0 -1 -3 -2 -1 -3 -2  3 0 1 0 0 0.01
 0 -4 -4  0 -4 -3 -3 -1 -4 -4 -3 -3 -4 -1  8 -2 -3 -5 -4 -4 0 0 1 1 0.01
-1  1 -1 -1 -3 -1  0 -1 -2 -1 -1  5 -2 -4 -2  1  2 -4 -3 -2 0 0 1 1 0.01
-2 -1  2 -1 -4  1 -2  5  1 -4 -2 -1 -3 -4 -3 -2 -2 -4 -4 -4 0 0 1 1 0.01
 0 -1 -2 -2 -3  0  0 -2 -2  0 -2  2 -2 -1 -2  1  4 -4 -2  0 0 0 1 0 0.02
-1  0 -1  1 -3 -1 -1  3  3 -2 -3  2 -2 -3  0  0 -1 -3 -2 -3 0 1 0 0 0.02
 2 -1  0 -2 -2 -1 -2  0  1 -1 -1  0  3  1 -2  1  0 -2  1  1 0 0 1 0 0.02
 1 -3 -2  0 -2 -2 -2  3 -3  1  0 -2 -1  2 -3 -1 -1  3 -1  0 0 1 0 0 0.03
 1 -3  0  2  0 -2 -1 -1  0 -2 -2 -2 -2  0  3  0 -1 -2  3  1 0 1 0 0 0.03
-3 -3 -1 -4 -3 -1 -3 -4  1  2  1 -2 -1  1 -2  0 -2 -1  6  0 0 1 0 0 0.03
 0 -2 -1 -1 -2 -2 -1 -3 -2  3  1  0  1  1 -3  0  0  2 -1  1 0 1 0 1 0.03
-2 -2  4  4 -4 -1  1  0 -1 -3 -4  0 -3  0 -3 -1  0 -3  1 -3 0 1 0 1 0.03
-1 -1  1  3 -3 -1 -1  0 -2 -3 -3  2 -3 -1  2  1  0 -4 -3 -1 0 0 1 1 0.03
-2 -2  4  0 -4 -1  2  2 -2  0  0  1 -2 -4 -3  1 -2 -4 -3 -3 0 0 1 1 0.03
-3 -2  0  3 -5  2  5 -2  1 -1 -4  0 -3 -4 -3 -2 -2  0  0 -3 0 1 0 1 0.04
-1 -2  0  1 -2 -1 -2 -1 -2  1  1  0  0  2 -2 -1 -1  2  2  1 0 1 0 0 0.03
-1  1 -2 -1 -4  1  4  0  0 -2 -2  2  0 -4 -3  1  0 -4 -3 -3 0 1 0 1 0.03
 0 -2 -1 -1 -2 -2  0 -3 -3  1  2 -1  3  0  0 -1  1 -3 -2  2 0 1 0 0 0.03
-1 -1 -1 -3 -3 -1 -3 -4 -3  1  4 -1  0  0 -1  0 -2 -3  1  0 0 1 0 0 0.03
 0 -1 -3 -3 -2  0 -2 -3 -2  2  2  0  1  2 -1 -2 -2 -2  0  1 0 1 0 0 0.03
 0 -2  3  3 -4  0  1  1 -2 -1 -3  1 -3 -4  2  1 -2 -4 -3 -2 0 1 0 0 0.03
-1  4  2 -2 -4  4  0 -3  2  0 -3  0 -2 -4 -3 -1  1 -4 -3 -3 0 1 0 0 0.05
 1 -2  3  1 -3  0  0  3  0  0 -3 -2 -3 -3 -3  0  0 -4 -3 -2 0 1 0 1 0.04
-1 -1  0  1 -3  1  0 -2 -1  0 -1  0 -1  1 -2  1  1 -1  4 -1 0 1 0 0 0.04
 0  0  0  0 -2 -1  0  0 -2  0 -1  0 -1  0  0  2  2 -3 -2  0 0 1 0 0 0.05
-2 -2  0  0 -2 -1 -1 -1 -1  1  2 -2  1  2 -3 -2  0 -1  3  1 0 1 0 0 0.06
-2  1  0 -2 -3  1  1 -3  2  0  0  3  2 -2 -2  0  0 -3  1 -1 0 1 0 1 0.06
-1 -2 -2 -3 -2 -2 -2 -3 -2  3 -1  1  1  1  2  0  0 -3  1  2 0 1 0 0 0.06
-1  1  1  3 -3  2  2 -1  2 -1 -1  1 -2 -3 -2  0  0 -3 -2 -2 0 1 0 1 0.08
 0 -1  3  1 -3 -1  1  0 -1 -1 -2  2 -2 -3  0  1  0 -3 -2 -1 0 1 0 1 0.07
 0 -2 -2 -2 -2  1  0 -2 -2  1  0 -1  2  1 -2  0  1  4 -1  1 0 1 0 0 0.07
 0  0 -1  0 -2  0  1 -1  1  0 -1  1 -1 -2  0  1  0 -2  2  0 0 1 0 1 0.08
-1  1 -2  0 -3  1  0  0 -2  0  0  0  1 -1  1  0 -1  4  1  0 0 1 0 1 0.08
 0 -2  0  0 -2 -2 -1 -1 -2  2  1 -1  1  1  0  0  0 -3 -1  2 0 1 0 0 0.08
 0 -1  0 -1 -2 -2 -1 -1 -3  2 -1  0 -1 -2  1  0  2 -4 -2  3 0 1 0 1 0.07
 0  0  0  1 -2  1  1 -3 -2  1  0  1 -1 -2 -2  0  1 -3 -2  1 0 1 0 0 0.08
-1  1  0  2  0  2  2 -2  1 -4 -4  4  0 -4 -3  0 -1 -5 -3 -2 0 0 1 1 0.07
 1 -3 -1  0  1 -2  2  4 -3 -4 -4  0 -3  0 -1 -1  1 -4 -3 -3 0 0 1 1 0.08
-2  2 -1  0 -4  1  1 -4 -2  0 -2  4  1  0  0 -1 -1 -3  2 -3 0 1 0 0 0.06
 0  1  0 -1 -4  2  4 -3  0  1 -1  1  0 -4 -3 -2  0 -4 -3 -1 0 1 0 0 0.06
-1  1  1 -3  3  0 -1 -4  4  0 -3  0  0  1 -4  0 -2 -2  5 -2 0 1 0 0 0.06
 1 -3 -1 -1 -3 -1 -3 -3 -4  4  2 -3 -1 -2 -3  1  1 -4 -3  1 0 1 0 0 0.06
-1 -1  1  1 -3  1  0 -3 -2  1 -1  2  0  0 -1 -1 -1 -3  0  1 0 1 0 0 0.08
 1 -2  2 -1 -2 -2 -2 -1 -2  1  0 -2  1 -2  0  1  0 -3  0  2 0 1 0 0 0.07
 0  1  1  1 -4  3  3 -3 -2  0 -3  2  0 -4  0  1  0 -4 -3 -2 0 1 0 1 0.07
 1 -1  1 -1  2  0  2  2 -2 -1 -3  2 -2 -3 -2  0  0 -4 -3 -1 0 1 0 0 0.07
-1  0  1  1 -3  0  1 -1  2 -1 -2  1  1  0 -1  1  1 -3 -2 -1 0 1 0 0 0.08
 0 -2  0 -2 -2  0 -1 -3 -2  1  1  0  2  1 -3  0 -1  3  1  1 0 1 0 0 0.08
 0  0 -1  0 -2  1  0  0  1  0  0  0  1  0  1  0  0 -3 -1  0 0 1 0 0 0.09
 0  1  1  1 -2  1  1  0 -1 -1  0  1  1 -2 -2  0  0 -2  1  0 0 0 1 1 0.11
 0  1  0  0 -1 -1  0  1  1 -2 -1  1 -2 -3  2  1  1 -3 -2 -1 0 0 1 0 0.10
-2  1  1 -2 -2 -1 -2 -1 -2  2  1  1  0  0 -3  0  1 -3  0  0 0 1 0 1 0.10
-1  0  1  3 -3  1  0 -2  3 -1 -1  0 -2 -2 -2  0  1 -3  2 -2 0 0 1 0 0.08
-3 -3  0 -4 -4 -3  0 -4 -3  0  0  0  1  5  2 -3 -3  3  1  1 0 0 1 0 0.09
 0  0  1  0 -3  1  0  0  2  0 -1  0  1  0  1  0  0 -2  1 -2 0 0 1 0 0.08
-1 -2  2  3 -4  0  0 -2  0  0 -4  1 -3 -2  2  1  1  0 -2 -3 0 0 1 1 0.08
-2 -1  3  4  0  0  1 -2 -2 -4 -2  1 -1 -3 -3  1  0 -4  1 -3 0 0 1 1 0.09
 0  1 -1 -3 -1 -2  0 -1  1  2  1  0  2 -1 -1  0  0 -3 -2  1 1 0 0 0 0.07
-3 -1  1  3 -5  1  4 -2 -3 -1 -4  2 -4 -5 -3  2 -1 -5 -4 -3 1 0 0 1 0.06
 2 -1  1 -1 -4  1  4 -2 -3 -4 -2  3 -1 -2 -3  0 -3 -5 -4 -4 1 0 0 1 0.05
 5 -2 -1 -2 -1 -2 -1  1 -3 -1 -3 -1 -3 -1  0  1 -1 -4 -3 -1 1 0 0 0 0.05
-1  1  1  3 -4  1  2 -2  1 -3 -2  3 -3 -2 -3 -1  0 -4 -3 -2 1 0 0 0 0.04
 2 -1  2  0 -3  1  2  0 -2 -2 -2  2 -2 -1 -1  0  0 -4 -3 -1 1 0 0 1 0.04
-4 -2 -3 -6 -5 -4 -3 -3 -1 -5 -2 -2  2  1 -6 -3 -1 11  4 -2 1 0 0 0 0.03
 1 -3 -3 -2 -1  0 -2  4 -1  1 -1 -2 -1  2 -4 -1 -2  1 -2 -2 1 0 0 0 0.03
 1  1  3  0 -4  1  2 -3 -3 -1 -3  4  0 -4 -2  0  0 -5 -2 -3 1 0 0 1 0.02
 1  0  1  2 -5  2  3 -4  0 -3 -4  4 -4 -5 -4  0 -2 -5 -4 -3 1 0 0 1 0.02
 0  0  2  1 -1  1  0 -1  3  0 -1  0 -2 -1 -3  0 -1 -3  3 -1 1 0 0 1 0.02
-1 -4 -3 -3 -1 -3 -4 -3  1 -2 -1 -4 -1  4 -3  1 -2  5  7 -3 1 0 0 0 0.02
 0 -1  2  2 -4  0  1  0  0 -4 -3  3 -3 -2 -2  1 -1 -5 -2 -3 0 0 1 1 0.02
-2  1  2  3 -4  1  1 -1 -1 -2 -2  3 -3 -3  0 -1 -1 -5 -4 -2 0 0 1 1 0.02
-2  0  0 -6 -5 -3 -5 -5 -5 -5 -3 -3 -2  3 -6 -3 -4 11  3 -3 1 0 0 0 0.02
 1  1  0 -1 -3  1  0 -1 -1  0 -1  1 -2 -1 -1  1 -1  0 -1  0 1 0 0 0 0.02
-1  0  2  1 -4  1  1 -1 -1 -3 -4  4 -2 -4  0  1 -1 -1 -2 -2 1 0 0 1 0.02
-1  1  2  0 -2  1  0  0  1 -3 -3  4 -3 -5 -3  2  0 -5 -4 -1 1 0 0 1 0.02
-5 -6 -6 -6 -5 -5 -4 -7 -6  2  5 -6  3  2 -6 -4 -4 -5  1 -1 0 0 1 0 0.02
-3 -3  1  0 -5 -3 -3 -3  0 -2 -3 -2 -5 -6  0  4  5 -6 -5 -4 0 0 1 1 0.02
 0 -1  0  3 -4 -1  1 -2 -2 -2 -2  1 -4 -2  3  2 -1 -5 -1 -3 1 0 0 1 0.02
 0 -1  2  3 -5  0  3 -2 -3 -4 -3  1 -4 -4 -2  2  0 -5 -2 -4 1 0 0 1 0.02
-3 -4 -4  1 -2  4  6 -3 -1 -6 -6 -2 -6 -7 -5 -2 -5 -7 -6 -1 1 0 0 0 0.02
-1  2 -1 -3 -4  2 -1 -4  0  1 -1  3  0 -1 -4 -1 -1 -4  2  1 1 0 0 1 0.02
 1  1  0  2 -4  1  2 -1 -2 -2 -2  2  0 -3 -2  0  0  1 -4 -2 1 0 0 1 0.01
 6 -5 -3 -3 -5 -3 -2 -1 -2  0 -2 -2 -2 -4 -3  2 -3 -6 -5 -3 1 0 0 0 0.02
-3 -6 -7 -7 -5 -6 -2 -7 -6  5  4 -6  2  1 -6 -6 -3 -5 -2  2 1 0 0 0 0.01
-1  3  2  0 -5  0  2 -1  3 -4 -3  2 -2 -3 -4 -1 -1 -2  3 -3 1 0 0 1 0.01
 0  1  0  2 -1  0  0  0  1 -2  0  1 -1 -1 -3  0  0 -1  1 -2 1 0 0 1 0.01
-7 -7 -7 -8 -8 -7 -7 -8 -4 -6 -4 -3 -6  2 -8 -4 -7  1 10 -3 0 0 1 0 0.01
-1 -1 -2 -2  2 -2 -3 -1 -5 -2 -1 -3  0 -1 -5  2  5 -5 -5 -1 0 0 1 0 0.01
 0  1  0  2  0  0 -2  3  1 -2 -3  0 -1 -4 -4  1  0  0 -1 -2 0 0 1 1 0.01
-1 -1  3  2  1  0  0  1 -1 -2 -3 -1 -3 -1 -1  2  0 -1 -2 -1 0 0 1 1 0.01
 0  0  0  2 -4 -1  0  3  0 -2 -3 -1 -1 -3 -3  1 -1 -5 -2 -3 0 0 1 0 0.01
-1 -5 -1 -3 -5 -3 -5 -2  1 -3 -4 -5 -5  3 -3 -1 -4 -3  8 -3 1 0 0 1 0.01
-1  2 -1  0 -4  2  0 -1  0 -1 -2  1 -2 -1 -3  1  1 -4  1  0 1 0 0 1 0.01
 0  1  0  2 -4  0  1 -2  0 -2 -2  2 -1 -1  2  1  0  0  0 -1 1 0 0 1 0.01
-2 -7 -2 -7 -6 -7 -7 -8 -6  7  1 -7  3  1 -7 -6 -5  0  2  0 1 0 0 0 0.01
-4 -2  9 -4 -8 -2 -6 -3 -5 -8 -8 -5 -7 -8 -7 -5 -3 -8 -7 -8 1 0 0 0 0.01
 0  1  2  2 -4  0  2  1  0 -2 -3  1 -4 -3  0  0  0 -5 -2 -4 1 0 0 1 0.01
 1 -3 -1 -2 -2 -1 -3 -2  2 -1 -1 -1  1  2  1  0 -1  0  5  0 1 0 0 0 0.01
-3 -6 -7 -7 -1 -6 -4 -7 -6  1  6 -6  2  0 -6 -4 -5 -6 -2 -1 1 0 0 0 0.01
-3  7 -2 -5 -2 -2 -1 -3  1 -1 -1  0  0 -6 -6 -3 -3 -6 -2 -3 1 0 0 1 0.01
 0 -1  2  0 -4  1  1  3  0 -2 -1  0 -3 -2 -3  1 -1 -4 -2 -2 0 0 1 1 0.02
-2  1  4  0 -1  0  1  2  1 -2 -3  0 -1 -4 -1 -1  0 -4 -1 -3 0 0 1 1 0.03
-1  1  0  1 -4 -1  1  3 -1 -2 -2  2  0 -2 -2 -1 -1 -3  2 -2 1 0 0 0 0.03
-1 -2  0  1 -3  0  0  2  0 -1 -2  0 -1 -1  2  0 -1  0  2 -1 1 0 0 1 0.05
 0 -1  0  1 -1 -1  0 -1 -1  0  1  0  0  0  0  0  0  0 -1 -1 1 0 0 1 0.06
-1 -1  2  2 -3  0  1 -1 -2 -1 -1  1 -1 -1 -2  1  1 -3  0 -1 1 0 0 1 0.07
-1  0  1  0 -3  1  0  0  2  0 -2  1 -2 -2  1  0  0 -1  1 -1 0 0 1 1 0.09
 0 -1 -1  1 -3 -1  0  0 -1  0  0  0 -2  1  2  0 -1 -1  0 -1 0 0 1 1 0.07
 0 -2  3  1 -3  0 -1  0 -1 -1 -1  0 -2 -2  0  2  2 -3  0 -1 0 0 1 1 0.06
 1 -2 -1  1 -4  0  2 -2 -3 -2 -4  2 -4 -3  4  1 -1 -4  0 -2 1 0 0 1 0.04
-1  1  1  2 -4  0  3 -1 -1 -2 -2  2 -1 -2 -2  0 -1 -4 -1 -2 1 0 0 1 0.04
-1 -3 -3 -2 -3 -2 -2 -5 -4  3  3 -2  3  0 -4 -2  0 -1  1  2 1 0 0 0 0.03
-1  2  1  2 -4  2  2 -2 -2 -3 -2  3  0 -4 -1  0 -1 -1 -4 -2 1 0 0 1 0.02
 1  1  1  1 -3  1  2 -1  0 -2 -2  2 -2 -3 -1  0  0 -4  0 -1 1 0 0 1 0.02
-1  1  1  0 -3  1  0 -3  2 -1 -1  1  1  1 -2 -1  1  0  1  0 1 0 0 0 0.01
-1 -3 -5 -5 -4 -5 -5 -5 -5  6  0 -5 -2  0 -5 -3 -1 -5 -1  4 1 0 0 0 0.01
 0  1  1  2 -4  1  2 -3  0 -2 -2  3 -2 -3 -2  1 -1 -4 -2 -3 1 0 0 1 0.01
 0  0  4  1  0  1  0  0  4 -1 -1 -1 -3 -2 -4 -1  0 -4 -1 -3 1 0 0 0 0.01
-1 -5 -5 -6 -4 -4 -5 -6 -5  5  4 -5  5 -1 -5 -3 -1 -5 -4  1 1 0 0 0 0.01
-2  1  1  5 -2  0  0 -3 -1 -3 -3  1  0 -4 -3  0  1 -5 -2 -3 1 0 0 0 0.01
 0  1  2  0 -4  1  1 -1 -2 -4 -4  3 -3 -4 -3  3  1 -4 -2 -2 1 0 0 1 0.01
 4 -4 -3 -2 -1 -3 -2  3 -4  0 -1 -3 -1 -4 -2  0 -1 -5 -2  1 1 0 0 0 0.01
-4 -4 -5 -5  1 -4 -5 -5 -5  3  4 -4  3  3 -5 -4  0 -4 -2  0 1 0 0 0 0.01
 0  0  1  1 -3  0  1  0  2 -2 -2  2 -1 -2 -1  2 -1 -4 -3 -2 0 0 1 1 0.01
 0  2  0 -2 -4 -1 -1 -2 -3 -2 -3  5 -3 -2 -3  0  0 -5 -4 -2 0 0 1 1 0.01
 1 -1  0 -2 -1 -1 -1 -1  0 -1  1  0  1  2  1  0  0 -2  1 -1 0 0 1 0 0.01
-1  0 -1 -3 -5 -2  0 -3 -1 -4 -5  3 -3 -6  6  0  0 -6 -5 -2 0 0 1 1 0.02
-1 -1 -2 -2 -1 -1 -1 -3 -3  3  2 -2  0  0 -2 -1  1 -3  1  1 0 0 1 0 0.01
-2 -2  1  2 -4  0  1 -4  0 -3 -3  1 -4 -2  5  0  0 -4  0 -3 0 0 1 1 0.01
-2  0 -1  2 -4  2  4 -3 -1 -1 -4  2 -2 -2 -1 -1 -1  1  1 -3 0 0 1 1 0.01
-1 -2  3  4 -4 -2 -1  2  0 -4 -3  0 -4 -4  2  0 -1  0 -4 -3 0 0 1 1 0.02
-2 -3 -3 -2 -3 -2 -2  1 -2  4  1 -2  2  0 -3 -2  0 -3 -2  2 0 1 0 0 0.01
-2 -2 -2 -2 -1 -1  0 -3  0  2 -1  1  1 -2 -2 -1  3  2  0  2 0 1 0 0 0.01
-1 -4 -4 -4 -3 -4 -4 -3 -4  0  3 -4 -2 -3 -4 -2  0 -4 -1  5 0 1 0 0 0.01
-2 -2 -3 -5 -5 -1 -4 -5  0 -3 -4 -2 -1  3 -5 -2 -3  5  8 -1 0 1 0 0 0.01
-5  8 -2 -5 -7  0 -4 -6  0 -6 -6  0 -5 -6 -6 -5 -5 -6 -5 -3 0 1 0 0 0.02
-1  1  0 -4 -1 -3 -4  5  0 -3 -3 -2 -2 -1 -4 -2 -4  4  2 -1 0 1 0 0 0.02
-1 -2 -2  1  2 -1 -2 -2 -3  1  0 -1  1 -2 -3  1  3 -4 -3  2 0 1 0 0 0.03
 0  0  0  2 -3  0  1  2  0 -3 -3  0 -3 -3 -1  2  0 -3 -1 -1 0 0 1 0 0.04
-1  0  0 -1 -1  1  0  0 -1  0  0  0  1  1  1  0  0  1  0  0 1 0 0 0 0.06
 1  0  1  1 -2  1  1 -1  0 -2 -1  1 -2 -1  1  0 -1  0 -1 -1 1 0 0 1 0.10
 0 -1  0  0 -1  0  2  0  2  0 -1 -1  0 -2  1  0  0  0  2 -1 1 0 0 0 0.14
-1  0 -2 -2 -2 -1 -2 -2  0  0  2 -1  0  4 -1 -1 -1 -1  1  0 1 0 0 0 0.19
 0 -1  0  1 -2 -1 -1  4 -2 -1 -1  1 -2 -2 -1  0 -1 -2 -2 -2 0 0 1 1 0.24
 0  1 -1  0 -1  0  0 -1 -1  0  0  1  1  0 -1  0  0  1  1  0 0 0 1 0 0.24
 0  0  0  1 -2  0  1 -1 -1  0 -1  1  0 -1  1  1  0  0 -1 -1 0 0 1 1 0.25
 0 -2  0 -1 -2 -1 -1 -1 -2  1  1 -1  0  2  1 -1 -1  0  1  0 0 0 1 1 0.24
 0  1  1  0 -2  1  1  1 -1 -1  0  0 -1 -1 -1  0  1 -2  0 -1 0 0 1 1 0.34
-1 -1  2  2 -2  0  1  0 -1 -2 -2  0 -1 -1  0  2  0 -2 -1  0 0 0 1 0 0.38
 0  0  0 -1 -2  0  0 -1  0  0  0  1  0 -1  2  0  1 -2 -1 -1 1 0 0 1 0.37
 0  0  1  1 -1  0  0 -1  1  0  0  0  0  0  0  0  0  0  0  0 1 0 0 1 0.37
-1 -1  0  0 -2 -1  0 -1  0 -1  0  1  0  2 -1 -1  0  1  3 -1 1 0 0 0 0.33
 0  1  2  2 -1  0  0 -1 -1  0 -1  1 -1  0 -1  0 -1 -2  1 -1 0 0 1 1 0.30
-1 -1 -1 -1 -2 -1 -1  1 -1  0  1  0  0  4 -1 -1  0 -1  1 -1 0 0 1 0 0.26
-1  0  3  2 -1  1  0 -1  0 -1 -1  0  0 -1 -1  1  0 -2  0 -1 0 0 1 1 0.23
-1 -1  2  1 -2  0  0  0  0 -1 -1  2  1 -1 -1  0  0 -2  0 -1 0 0 1 1 0.23
 0  0 -1 -1 -1  0  0 -1  0  1  1  0  0  1  0  0  0  1  1  0 1 0 0 1 0.22
 0 -1  1  1 -1  0  2  0 -1  0 -1  0 -1 -1  1  0 -1  0 -1  0 1 0 0 1 0.21
-1  0  3  1 -2  0  0 -1  0 -2 -1  1  0 -1 -1  1  0 -2  0 -1 1 0 0 0 0.18
 0  0  0  0  0  0  0  0 -1  0  0  0  0  0  0  0  0 -1  0  0 1 0 0 0 0.19
-1  0  2  3 -3  0  2 -1  0 -2 -3  1  0 -2 -2  1  0 -3 -3 -3 1 0 0 1 0.17
 1 -1  0  0 -2  0  1 -1 -1  0  0  1  0  1 -1  0 -1 -2  1  0 1 0 0 1 0.15
-1 -2 -1 -1 -3 -2 -1 -2 -2  1  2 -1  2  4 -1 -2 -1 -2  1 -1 1 0 0 0 0.12
-1  1  1  0 -1  1  1 -1 -2 -1 -1  2  0 -1  1  1 -1 -3 -1 -1 1 0 0 0 0.10
-1  0  2  1 -2  2  2 -1  0  0 -2  2 -2 -1  0  0  0 -1 -1 -1 1 0 0 1 0.08
-1  0  0  0 -1  0  0 -1  0  1  0  2  2  0 -2 -1 -2 -2  1  0 1 0 0 1 0.08
-1 -1 -1 -1 -2  0 -1 -2 -1  1  1  1  1  3 -3 -1 -1  2  1  0 1 0 0 0 0.05
-2 -1  0 -1 -3  0  3 -2 -3  1  0  1 -1 -2  0 -1 -1 -4 -3  2 0 0 1 0 0.05
-2 -5  2 -1 -6 -5 -2  6 -1 -6 -6 -2 -6 -6 -5  0 -3 -6 -1 -6 0 0 1 1 0.04
-1  0  1  2 -4  2  1  1 -1 -3 -3  3 -1 -5 -3  0  2 -5 -4 -4 0 0 1 1 0.04
-2 -1 -1 -2 -3 -2  0 -2 -1  3  0 -1  0 -1 -2 -1  2  1  1  2 0 1 0 1 0.04
-4 -1 -2 -5 -4 -1 -3 -1 -1  3  0 -1  1  4 -4 -3 -2  0  4  2 0 1 0 0 0.05
-1  0  0  0 -3  1  1 -2  1  0 -1  1 -1 -1 -2  1  2 -4  0  0 0 1 0 1 0.05
-3 -2  1  5 -5 -1  3 -3  0 -4 -4 -1 -5 -1 -1  0 -2 -5  2 -4 0 1 0 0 0.05
-2  1  0  1 -5 -1 -1 -1  2 -3 -1  4 -2 -2  2 -2 -2 -4  2 -1 0 0 1 1 0.05
 3 -4  1  0 -5 -1 -4  4 -4 -3 -5 -1 -2 -2 -3  0 -2 -5 -3 -3 0 0 1 0 0.05
-2 -2 -6 -6 -6 -2 -3 -6 -4 -3 -1 -3  1  7 -3 -3 -5 -3  6 -2 0 0 1 0 0.06
-1 -3 -2 -4 -1 -3 -1 -3 -4  2  2 -2  5  1 -4  0  2 -4 -1  0 0 1 0 0 0.08
-2 -5  1  0 -5 -4 -2 -1  0 -6 -4 -4 -5 -2 -5  6 -1 -7 -5 -6 0 1 0 1 0.10
 0 -2 -4 -5  2 -2 -3 -2 -5  0 -3 -4 -1 -3 -2  0  6  0 -3 -1 0 1 0 0 0.11
 0 -4 -1 -1 -4 -2 -1 -2  2 -2 -5 -2 -4 -2 -4  5  3 -5 -1  0 0 1 0 0 0.10
-1 -1 -3 -2 -3 -1 -1 -3 -1  2  2 -1  0  1  0 -1  1 -3 -1  1 0 0 1 0 0.10
 1 -2  1  3 -2 -1  0  1  0 -1 -1  1 -2 -3 -3  0  0 -4 -3  0 0 0 1 0 0.11
-1  1  0  0 -3  0  0 -2  0 -1 -1  3 -1 -2  3  1 -1 -4 -1 -1 0 0 1 0 0.11
 0 -1  1  1 -2  0  1  0  0 -1 -1  1  0 -1 -2  1  1 -3  0  0 0 0 1 0 0.13
-1 -1  0  0 -3 -1 -1 -2 -2  2 -1  0  0  0  1 -1  0  0  0  2 0 0 1 0 0.12
 3 -2  1  0 -3 -1 -1  0  1 -1 -2  0 -1 -1  2  0  0 -1  0 -1 0 0 1 1 0.10
 0  0  0 -1 -2  2  2  1  0 -2 -1  1 -1 -1 -1  1  0 -4 -1 -2 1 0 0 0 0.09
 2 -1  2  1 -4  1  1  2 -3 -4 -3 -1 -2 -5 -2  2 -1 -5 -4 -2 1 0 0 1 0.08
-3 -2 -1 -2 -5 -5 -2 -4 -4 -2 -2 -1  1  7 -6 -3 -3 -1  3 -2 1 0 0 1 0.08
 2 -2  0  1 -3  0  0  1 -2 -3 -3  0  0 -2  0  2  0 -4 -1 -3 0 0 1 0 0.06
 0 -1 -1  0 -3  0  0  3  1 -2 -2  2 -2 -1 -2  1 -1 -2  0 -1 0 0 1 1 0.04
-1  2  1  1 -1  1  0  1  1 -2 -2  1  0 -2 -2  0  0 -3  0 -1 0 0 1 1 0.03
-2  0  2  2 -4 -1  0  1  0 -3 -2  0 -3 -2  5 -1 -1 -4 -1 -2 0 0 1 0 0.02
-2 -3 -2 -3 -1 -3 -2 -4 -2  5 -1 -3  0  0 -2 -3  0 -4  0  4 0 1 0 0 0.01
-1  0 -2 -3 -2  0 -1 -2  0  3  2 -1  2 -1 -3 -1 -1 -2 -1  1 0 1 0 0 0.01
-2 -4 -4 -4 -2 -2 -4 -5 -4  2  3 -4  4  2 -5 -2  0  2  1  2 0 1 0 0 0.01
-2  3 -1 -1 -4  1  3 -2  3  0 -3  2 -2 -4 -2 -1  0 -5 -2 -1 0 1 0 0 0.01
-4 -5 -6 -6 -1 -5 -6 -6 -5  6  2 -3  1  2 -3 -5 -2  1  0  1 0 1 0 0 0.01
-2  3  2 -1 -3  1  0 -4  2  0 -2  3 -3 -1 -4 -1  1 -4  1 -1 0 1 0 0 0.01
 0 -4 -3 -2  1 -4 -4 -2 -2  4  1 -4 -1 -3 -3 -3 -1 -4 -1  4 0 1 0 0 0.01
-1 -2 -1 -1 -2 -3 -2 -1 -4 -3 -2 -1 -4 -5  7 -1 -1 -1 -2 -2 0 0 1 1 0.01
 0  0  0 -1 -4  0  1 -1 -2 -3 -2  5 -3 -3 -2  0 -1  0 -4 -2 0 0 1 1 0.01
-1 -2  1 -3 -6 -5 -3  6 -5 -3 -6 -1 -6 -3 -5  0 -3 -6 -4 -4 0 0 1 1 0.01
 0 -1 -1 -3 -3 -1 -1 -2  0  1 -1  0  0 -1 -4  2  3 -4  0  1 0 0 1 0 0.01
-1  1  1 -1 -5  0 -1 -2  5 -2 -5  4 -4 -5  2  2 -1 -5 -1 -3 0 0 1 0 0.01
 3 -4 -3 -3 -2 -3 -4  5 -4 -2 -4 -4  1 -3 -3 -1 -3 -5 -4  1 0 0 1 0 0.01
 3  1 -3 -3 -3 -2 -3  1 -1  1  1 -1  0 -1 -2 -1 -1 -3 -1  1 0 1 0 0 0.01
-2 -4 -1  2  1 -2 -3 -3  1  0 -3 -2 -1  0  0 -2 -3  4  7 -2 0 1 0 0 0.01
-2 -4 -4 -5 -3 -4 -4 -5 -2  5  2 -4  2 -3 -1 -3 -1 -4 -3  4 1 0 0 0 0.01
 0 -3  1  3 -4 -1  2  3 -3 -4 -3  0 -4 -4 -2  2 -1 -4  0 -4 1 0 0 0 0.01
 0 -1  1  2 -3 -1  0  0  0 -2 -1  0 -2  0  3  1  1  0 -1 -2 1 0 0 0 0.01
-2 -2 -1 -3 -3 -3 -4 -3 -3  4  3 -3  1  2 -4 -3 -2 -1  2  1 0 0 1 0 0.01
 0 -2 -1 -2 -4 -4 -3 -1 -4 -4 -3 -3 -3 -4 -2  6  1 -6 -5 -5 0 0 1 1 0.02
 0  0  1  1 -3  0  1  1  1 -2 -2  1  0 -1 -2  0  0 -1 -1 -2 0 0 1 1 0.01
-3 -3  2 -2 -4 -3 -2 -4  4 -1 -1  0  0  4 -4 -2 -3  3  6 -2 0 0 1 0 0.01
 1  0  0 -3 -4  0 -1  0 -2 -3 -2  2 -3 -3  5  1 -1 -5 -3 -3 0 0 1 1 0.01
-2  0  3  2 -4 -2  1  3  1 -4 -4  0 -1 -2 -3  1 -1 -1  0 -3 0 0 1 1 0.01
-5 -3 -3 -2 -8  2  7 -5 -1 -7 -7 -3 -6 -7 -6 -5 -4 -2 -6 -7 0 0 1 1 0.01
 2  1  1  1  2  2  0 -1 -1 -3 -2  1  1 -1 -3  0 -1 -4  1 -2 0 0 1 1 0.01
-6 -2 -5 -4 -8  0  8 -7  0 -8 -8 -4 -7 -8 -6 -5 -6 -8 -7 -7 0 1 0 0 0.01
-3 -4 -6 -6 -2 -5 -6 -6 -1  4  2 -5  2  2 -6 -5 -3 -1  0  5 0 1 0 0 0.01
-6 -7 -8 -8 -5 -7 -7 -8 -7  4  6 -7 -2  0 -7 -7 -4 -6 -5 -2 0 1 0 0 0.01
-4 -6 -7 -7 -5 -6 -6 -5 -2  3  5 -6 -1  4 -7 -6 -3 -4  1 -1 0 1 0 0 0.01
-1 -3  2  1 -6  1 -1 -1 -5 -6 -3  2 -2 -6  6 -1 -4 -7 -3 -6 0 0 1 0 0.01
-2  6 -3 -1 -3 -2 -4 -5  2 -5 -6  2 -1 -6  3 -1 -3 -7 -3 -5 0 0 1 0 0.01
-2 -5  5  0 -6 -3 -1  5 -1 -7 -5 -4 -6 -7 -6 -2 -4 -6 -6 -6 0 0 1 1 0.01
-1 -2 -2 -4  0  2 -4 -4  0 -2 -1 -4 -2 -3 -5  3  6 -5 -2 -2 0 1 0 0 0.01
-2  1 -1 -1 -2  1  0 -1  0  0 -2  3  1 -3  0 -1  1 -4  0  0 0 1 0 1 0.01
-6 -6 -7 -5 -6 -6 -7 -7 -5  0  2 -7  3  7 -7 -6 -6 -1  5 -1 0 1 0 0 0.01
-3  4 -1 -2 -6 -1  1 -5 -1  1 -1  5 -4 -3 -5 -4 -2 -5  0 -2 0 1 0 1 0.01
-5 -7 -7 -7  2 -6 -7 -7 -7  6  0 -6 -1  0 -7 -6 -3 -6 -3  5 0 1 0 0 0.01
-2 -2  2  2 -4 -2  2 -3 -1  0  0  1 -2 -3 -3 -1  3 -4 -3  0 0 1 0 0 0.01
 0  1  2  0 -4 -1  1  0 -1 -3 -3  4 -3 -4 -3  1 -1 -4 -4 -4 0 1 0 0 0.02
 0 -4 -5 -6 -4 -3 -5 -6 -5  5 -1 -4  3  0 -5  0 -2 -5 -2  4 0 1 0 0 0.02
-1  0  1  2 -4  1  2 -1  1 -3 -3  2 -2 -2 -1  1  1 -3  1 -2 0 1 0 1 0.04
 0  0  0  1 -3  0  1 -2  0  1 -1  2 -1 -2  0  0  0  1  0  0 0 1 0 1 0.06
 0 -2  0  1 -3 -1 -1  1  1  2 -1 -1 -1 -1 -2  0  0 -3  2  1 0 1 0 0 0.08
 0  0  0  3 -3  0  1  0 -2 -1 -2  2 -2 -3 -1  1  0 -4 -2  0 0 1 0 1 0.10
-1 -1  3  4 -4  0  2 -2 -1 -1 -3 -1 -3 -2 -2  1  0 -4  0 -1 0 1 0 0 0.09
-2 -1  3  0 -5 -2  0  4  2 -3 -4  2 -4 -5 -3 -1  1 -5 -4 -3 0 0 1 1 0.10
-2 -1  0  1 -4 -1 -1  4 -3 -1 -3  2  0 -4 -2 -1  2 -2 -2 -1 0 0 1 1 0.07
-1  2  0 -1 -3 -1 -1 -1 -2  2  0  2  1 -1 -1 -1  2 -3 -1  1 0 1 0 1 0.06
-1  1  0 -1 -3  0  2 -1 -3 -1 -1  1 -1 -4  1  0  3 -1 -3 -2 0 1 0 0 0.06
-2  3  1 -2 -1  1 -1 -2  1 -1 -3  3 -2 -2 -4 -1  1 -3  3 -1 0 1 0 0 0.04
-3 -3 -4 -5 -3 -2 -2 -3 -1  4  2 -3  1 -1 -5 -4 -1  3  1  3 0 1 0 0 0.04
-3 -1 -2 -2 -3 -2  0 -4 -1  3  1  2  1 -1 -4 -2 -2  0  2  1 0 1 0 0 0.04
-3 -4 -5 -5 -4 -2  0 -6 -5  4  2 -4  3 -3 -5 -4 -3 -5 -4  4 0 1 0 0 0.03
-3 -3 -1  4 -5  1  5 -4 -3 -4 -5  0 -4 -2 -4 -2  1 -5 -2 -1 0 1 0 0 0.02
 5 -1 -4 -4  3 -3 -1  0 -4 -2 -1 -3 -1 -4 -3 -2 -1 -4 -1  1 0 1 0 0 0.03
-1 -1 -1  1 -4  0  4 -3 -3 -4 -3  0 -1 -4 -3  1  4 -5 -4 -2 0 1 0 0 0.04
-1 -4 -5 -5 -3 -4 -2 -5 -5  3  4 -4  1 -2 -4 -4 -2 -4 -3  3 0 1 0 0 0.06
-2 -4 -4 -5 -3 -4 -4 -5 -4  4  3 -4  2 -1 -4 -3  0 -4 -3  3 0 0 1 1 0.10
-1 -2  3  3 -3 -1  1  2 -1 -3 -4 -1 -3 -4 -2  1  2 -4 -3 -3 0 0 1 1 0.20
