-3 -3  0  7 -5 -1  1 -3 -2 -5 -5 -2 -5 -5 -3 -2 -2 -6 -5 -5 0 0 1 1 0.94
-2 -1  2 -1  0  3  2 -3  2 -4 -3  0 -2 -3  3  2 -1 -3  0 -3 0 0 1 1 0.93
-1 -3  1  4 -3 -1  1 -1 -2 -1 -1 -2  1 -3  2  1 -1 -4 -3  2 0 0 1 1 0.90
-3  0  4  4 -5  3  3 -3  2 -4 -3  1 -3 -4 -3 -1 -2 -5 -3 -4 0 0 1 1 0.91
 0 -2  2  0 -3 -2 -2  4  1 -3  0  0 -1 -3 -3  1 -1 -4 -3 -2 0 0 1 1 0.93
-2 -2 -2  3 -3 -2  0 -4 -3  1  0 -1 -1 -2  1 -1 -2 -4  1  4 0 0 1 1 0.89
-1 -2 -1 -2  4  1 -1  0  0  0 -1  0  1  1 -1  2  0 -3 -1 -1 0 1 0 1 0.91
-2 -3 -2  0  7  1  0 -2  2 -2 -1 -3  0  0 -2  1  2 -4  0 -1 0 1 0 1 0.95
-2  1  0  2  2  1  2 -1 -2 -3 -2  0 -2 -3  3  1 -1 -4  0 -1 0 0 1 1 0.95
-2 -4 -4 -2 -5 -2 -2 -2 -4 -1 -3 -1 -4 -5  7 -1  1 -5 -1 -1 0 0 1 1 0.85
-2 -1 -1 -2 -3 -2  0 -2 -3 -1 -1 -3 -1 -3 -1  0  5 -4  1  1 0 0 1 1 0.82
 0  2 -1  0 -3  1  1 -2  0 -1 -1  1 -1  0  0 -1  0  1  1 -1 0 0 1 1 0.78
-2 -2 -1  5 -5 -1  2  1  3 -4 -4  0 -4  0 -2 -2 -1 -4  0 -2 0 0 1 1 0.72
 0 -1 -1 -1 -4 -1 -3  5  1 -3 -3 -1 -4 -1 -4  0  2 -4 -4 -3 0 0 1 1 0.79
-2 -1  5 -1 -4  2 -2  0  1 -1 -3 -2  0 -4  4  0  0 -5 -4 -1 0 0 1 1 0.60
 2 -2 -1 -2  3 -2 -2 -2 -3  0 -2 -2 -1  0  1  2  0  0 -2  1 0 0 1 1 0.53
 0 -1  2  0 -3  1  0  0  2 -1  0  0 -1 -1  1  0  1 -2  1 -1 0 0 1 1 0.33
 0 -1  1  0 -2  0  1 -1 -2  0  0 -1 -1  0 -2  0  3 -2  0  1 0 0 1 1 0.25
 2 -2 -1 -1 -1 -1  1 -2 -2 -1 -2 -1 -2  0  1  3  1 -3 -2  1 0 0 1 1 0.17
-1 -1  1  4 -4  0  2  0  3 -3 -3  0 -2 -3  1  0 -1 -4 -1 -3 0 0 1 1 0.12
-3 -3 -2  1 -6 -2 -1  7 -5 -4 -6 -3 -6 -4 -2 -2 -3 -6 -3 -4 0 0 1 1 0.09
 2  1 -1  0 -4  2  2 -1 -1 -3 -3  3  0 -4  0  0 -1 -5 -3 -2 0 0 1 1 0.04
-1 -2 -2 -2  2 -1  0 -3 -3 -4 -3  0 -2 -5  7 -2  0 -6 -4 -4 0 0 1 1 0.03
-6 -9 -8 -9 12 -8 -9 -8 -8 -6 -6 -8 -7 -8 -8 -6 -6 -8 -8 -6 0 0 1 0 0.02
 0 -1 -3 -4 -4 -1  1 -4  3  1 -2  1  0 -1 -4 -1 -1 -4  0  4 0 0 1 1 0.01
-7 -7 -8 -8 -7 -8 -8 -8 -6 -1 -2 -8 -4  9 -8 -7 -7 -4 -1 -3 0 0 1 1 0.01
-6 -7 -7 -6 -8 -6 -6 -7 -7 -8 -8 -6 -8 -9  9 -6 -6 -9 -8 -7 0 0 1 1 0.01
-7 -7 -7 -8 -7 -8 -8 -8 -6 -5 -4 -8 -5  9 -8 -2 -3 -4 -1 -5 0 1 0 0 0.01
-2  2  1 -2 -3  1 -1 -4 -1  2  1  2  0 -2 -2 -2  2 -4  0  1 0 1 0 1 0.01
-6 -5 -5 -7 -6 -3 -6 -7  2 -2 -3 -6 -3  6 -7 -5 -6 -2  8 -2 0 1 0 0 0.01
-2  2  4  1 -5  3  0  2  0 -4 -2  3 -1 -5 -4 -1 -3 -5 -3 -5 0 0 1 1 0.02
-4  1  4  1 -6 -2 -2  6 -1 -7 -7 -1 -3 -7 -5 -1 -3 -6 -6 -6 0 0 1 1 0.02
-2  3 -1 -3 -5  2  0 -3  0 -1 -3  4 -1 -4 -4  0  2 -5 -3  0 0 1 0 1 0.02
-1 -1 -2 -4 -4  1 -1 -4 -4  0  0 -1  1 -2 -2  1  2  8 -2  0 0 1 0 1 0.02
-6 -3 -5 -6 -7 -3  0 -7  6 -2 -2 -6 -1  3 -7 -6 -6  2  8 -4 0 1 0 0 0.02
 0 -3  1  0 -5 -2  0 -3  6 -3 -3  1 -3  2 -4  1  0 -2  4 -3 0 0 1 0 0.02
-1 -1  2  3 -5 -1  3 -1 -1 -5 -5  0 -3 -5 -3  3  1 -6 -4 -5 0 0 1 0 0.02
-6 -9 -8 -9 12 -8 -9 -8 -9 -2 -6 -9 -7 -8 -8 -6 -6 -8 -8 -2 0 0 1 0 0.03
-3 -5 -5 -6 -5 -2 -5 -6 -6  4 -1 -5  3 -5 -1 -3  6 -6 -5  0 0 1 0 0 0.02
-1  2  0 -2 -2 -1 -1 -3  1 -2  0  1  0 -3  0  2  2 -4 -1 -1 0 0 1 1 0.02
 0 -2 -1  4 -4 -1  3 -3  2 -1 -3 -1 -2  0 -4 -1  0 -4  2  0 0 0 1 0 0.02
-2 -2  2  2 -6 -4 -1  6  1 -4 -5  1 -5 -6 -2 -1 -3 -6 -4 -6 0 0 1 1 0.02
-1  4 -1 -2 -4 -1 -2  0  1 -3 -3  0 -1 -3 -3  3  1 -1 -3 -2 0 0 1 1 0.02
-1  0  1  1 -3  0 -1  1 -1 -2 -1  0 -3  0 -1  2  1 -4 -3 -2 0 0 1 1 0.02
-1  1 -1  3 -3  0  0  1  1 -2 -1  0 -1  1 -2 -1 -2  0  2 -2 0 0 1 1 0.02
-1  0  0  1 -3 -2 -1  0 -1 -3  1  0 -2 -1  4  0 -1  0 -1 -3 0 0 1 0 0.02
-2 -6 -6 -7 -5 -5 -6 -6 -6 -1 -1 -6 -4 -1 -6 -6 -5 12 -2 -2 0 1 0 0 0.02
-2 -3 -5 -6 11 -5 -6 -5  1 -5 -2 -1 -5 -5 -6 -3 -4 -5 -5 -4 0 1 0 0 0.02
 3  0 -2 -3 -3  1 -2  0 -3 -2 -2 -1 -3 -4 -1  4 -2 -4 -2 -3 0 1 0 0 0.03
-1  0 -1 -3 -3 -1 -2  0 -3  1  0 -1 -1 -2 -2 -1  4  0 -3  0 0 0 1 0 0.03
-1  0  1  1 -3 -2  0  0 -3 -2 -3 -1 -3 -4 -2  0  5 -4 -3 -1 0 0 1 0 0.04
 1  1  0  0  0 -1  0 -1  0 -2 -1  0 -1 -1  2  1  0 -3  0 -1 0 0 1 1 0.05
-2 -2  4  4 -2 -1 -1 -1  0 -1 -2 -1 -2 -4 -1  0  0 -4 -2 -1 0 1 0 1 0.06
-3 -3 -5 -4 -5 -4 -4 -5  2 -4 -2 -3 -2  4  0 -1 -2 -2  8 -4 0 0 1 1 0.13
-3  0 -1  5  0  2  2 -3  0 -5 -2 -2 -2 -4 -4  0 -1 -4  3 -3 0 0 1 1 0.08
 0  1  1  0 -4  1  2  3  0 -5 -4  2 -4 -5 -3  0  0 -5 -2 -3 0 0 1 1 0.07
-2  2  0  2  1  1 -1 -4 -1  1 -1  2  1 -3  2 -2 -2 -4  1 -1 0 0 1 1 0.06
-4 -3 -6 -6 -5  0 -5 -5  0 -5 -1 -3 -4  1 -6 -3 -5 11  6 -3 0 1 0 1 0.05
 0  1 -1  0 -2  1 -1  0 -2  0 -2  0 -1  1  1  0  0  4 -1  0 0 1 0 0 0.04
-1  0 -1 -1 -3  0 -1 -3  0  1  1 -2 -1  2 -1 -1  0  2  4  1 0 1 0 1 0.03
 0  1  1  1  3  1  1  0 -1 -1 -1  1 -1 -3 -2 -1  0 -3 -2  0 0 0 1 0 0.03
 0  0  0  0 -2  1  0  0 -2  0  0  0  1  0  1  0  0 -3 -2  0 0 0 1 1 0.02
 0 -1  1  0 -2  1  0  0  2  0  0  0  1  0  1  0  0 -3 -1  0 1 0 0 1 0.01
 0  0  0  0  2  0  0  0 -1  0 -1  0  1  0  1  0  0 -2  1  0 1 0 0 1 0.01
-1 -1  2  4 -4  0  1  0  3 -2 -3 -1 -3  0  0  0 -1 -4  0 -2 0 0 1 1 0.01
-1 -1  0 -1 -4 -1 -1  5  1 -1 -2  0 -3 -1  0 -1 -1 -4  1 -2 0 0 1 1 0.01
 0  0  0  0 -3  1  0  0  1  0 -1  0  1  0  1  0  0 -2  1  0 0 0 1 0 0.01
-2  0 -1 -2  3 -1 -1 -3 -4 -3  0  1 -2 -5  6 -2 -1 -5 -4 -3 0 0 1 1 0.01
-5 -9 -8 -9 12 -8 -9 -8 -8 -6 -6 -8 -7 -8 -8 -3 -6 -7 -8 -6 0 0 1 0 0.01
 0 -2 -2 -4 -4  0  1 -4  3  2 -2  0  0 -2 -4 -1  0 -5 -1  4 0 0 1 1 0.01
-7 -7 -8 -8 -7 -8 -8 -8 -6 -2 -1 -8 -4  9 -8 -7 -6 -3  0 -3 0 0 1 0 0.01
-6 -7 -7 -6 -8 -6 -6 -7 -7 -8 -8 -6 -7 -9  9 -3 -6 -9 -8 -7 0 0 1 1 0.01
-7 -7 -7 -8 -7 -1 -7 -8 -6 -5 -4 -7 -4  9 -8 -4 -7 -4  0 -5 0 1 0 0 0.01
-2  1 -2 -3 -3  1 -1 -4 -2  2  1  2  0  0 -4 -2  3  2  0  1 0 1 0 1 0.01
-6 -4 -5 -7 -6 -1 -6 -7  0 -3 -2 -6 -3  6 -7 -5 -5  3  8 -2 0 1 0 0 0.01
-3  2  4  1 -5  1  0  0  1 -3  0  2  0 -4 -4  0 -3 -5 -2 -4 0 0 1 1 0.02
-1  0  2  1 -6 -1 -2  6  1 -7 -6  0 -3 -6 -5 -1 -3 -6 -5 -6 0 0 1 1 0.02
-2  2 -1 -2 -5  3  0 -4  0 -2 -2  5  0 -5 -4 -1  1 -5 -4  0 0 1 0 1 0.02
-3 -1  1 -4 -4 -2  1 -5 -4  1  0 -1  0 -3 -3  2  1  8 -1  0 0 1 0 1 0.03
-6 -3 -6 -7 -7 -1 -6 -7  5 -1 -2 -6 -2  3 -7 -6 -6  1  9 -4 0 1 0 0 0.03
-1 -2  2  1 -4 -1  0 -3  6 -3 -4 -1 -3 -1 -4  1  1  2  3 -3 0 0 1 1 0.04
 0  0  0  2 -4  0  3  0  0 -4 -4  1 -3 -4 -3  2  1 -4 -3 -4 0 0 1 1 0.05
-3 -4 -6 -6 12 -6 -6 -6 -6 -5 -5 -6 -5 -6 -6 -3 -5 -6 -6 -5 0 0 1 1 0.14
-2 -5 -4 -5 -4 -4 -4 -5 -5  4  0 -4 -1 -4 -3 -2  6 -5 -4  0 0 1 0 0 0.14
-1  1  0  0 -1  0 -1 -2  0 -2 -1  1  1 -3  1  2  3 -4 -2 -1 0 0 1 1 0.12
-1  0 -1  4 -4 -1  2 -2  0  0 -3  0 -2 -2 -3  0  0 -5 -4  1 0 0 1 1 0.13
-2 -3  0  2 -4 -2  1  5 -2 -4 -3 -2 -4 -5  1  0 -1 -4 -4 -4 0 0 1 1 0.14
-2  3  1  1 -4 -1  0 -2  2 -3 -4 -1 -4  0 -2  3 -1 -1  0 -4 0 0 1 1 0.14
 0  0  2  4 -3 -1  0 -2  1 -1 -1 -1 -1 -1  0  0  0 -4 -2 -1 0 0 1 1 0.13
-1 -1  1 -1 -3 -1 -2  5  0 -3 -2 -1 -3  1 -2  0 -1  0 -1 -1 0 0 1 1 0.13
-3  4 -1 -3 -4  1 -2  1  0 -3 -1  3  1 -1 -4 -2 -2  3  2 -3 0 0 1 1 0.12
-1  0 -3 -2 -3 -2 -1 -3 -1 -1  2  1  1 -1  4  0 -1 -1  0 -1 0 0 1 0 0.10
-6 -3 -7 -7 -6 -6 -4 -6 -6 -6 -6 -6 -6 -2 -7 -4 -6 13 -3 -7 0 1 0 0 0.18
-5 -7 -7 -7 12 -7 -7 -6 -7 -6 -2 -7 -6 -6 -7 -5 -5 -6 -6 -5 0 1 0 0 0.18
 5 -4 -4 -4 -4 -4 -4  0 -4 -5 -5 -4 -4 -2 -1  4 -3 -5  2 -3 0 1 0 0 0.21
-3 -5 -4 -5 -4 -4 -5 -4 -5  0  1 -3 -1 -4 -3 -2  7  0 -2  0 0 0 1 0 0.23
-2 -3 -2  0 -4 -4  0 -4 -5 -3 -5 -2 -4 -5 -3  1  7 -5 -5 -3 0 0 1 0 0.26
 1 -1 -1  0 -3  0  1 -2  2 -3 -2  0 -1 -2  2  2  0 -4  0 -2 0 0 1 1 0.29
-4 -1  6  4 -6 -3 -2 -4 -1 -3 -5 -2 -5 -5 -5  1 -2 -6 -1 -1 0 1 0 1 0.33
-3 -6 -6 -3 -6 -5 -6 -4 -2 -5 -2 -6 -2  6 -4 -4 -3  1  8 -4 0 0 1 0 0.38
-3 -4  2  7 -6 -1  3 -3 -4 -6 -6 -1 -6 -6 -3 -2 -2 -7 -4 -4 0 0 1 1 0.39
-1  3 -1  1 -4  2  1  0  0 -3 -2  2 -1 -3 -3  1  1 -4  1 -2 0 0 1 1 0.46
-3 -3  1  7 -7  0  1 -1 -1 -7 -6 -2 -4 -7 -5 -3 -3 -7 -3 -6 0 0 1 1 0.36
-2  3 -1 -3 -5  3  1  2  2 -3 -4  3 -4 -3 -2 -1 -3 -5 -3 -3 0 0 1 1 0.27
 1  2 -3 -3 -5  2  0 -4 -3 -2 -1  5 -2 -2 -4 -1  0 -5 -4 -2 0 0 1 0 0.15
-7 -5 -4 -6 -7 -6 -7 -7 -6 -6 -6 -2 -2  1 -7 -7 -4 12  3 -7 0 1 0 1 0.14
-2 -1 -3  0 -5 -2 -4  6 -2 -4 -5  2 -5 -6 -5 -1 -1 -6 -5 -3 0 1 0 1 0.14
-4 -4 -2 -3 -6 -1 -2 -6 -1  0 -2 -4 -2  6 -3 -5 -3 -2  7 -2 0 1 0 1 0.15
-6 -9 -8 -9 12 -8 -9 -8 -8 -6 -6 -8 -7 -8 -8 -6 -6 -8 -8 -6 0 0 1 1 0.23
