-1 -2 -3 -3 -1 -1 -2 -3 -2  2  2 -2  4  0 -3 -2  0 -2 -1  3 0 0 1 1 0.51
-1  0 -1 -1 -4  7  1 -2  0 -4 -3  1 -1 -4 -2  0 -1 -3 -2 -3 0 0 1 1 0.46
-2 -2 -1 -2 -4  0 -1 -3  7 -3 -2 -2 -2 -3  6 -2 -2 -4  0 -3 0 0 1 1 0.36
-2 -2 -2 -3  1  0 -2 -3  3 -1 -2 -2 -1  4 -3  0  0  0  6 -2 0 1 0 0 0.22
-2 -2 -4 -4 -2 -3 -3 -4 -2  0  4 -1  1  2 -4 -3 -2 -1  3  0 0 1 0 0 0.17
-2  4 -2  0 -3  1 -1 -3  4 -1  2  0 -1 -2  0 -2 -2 -3 -2 -2 0 0 1 1 0.23
-2  0 -4 -4 -2 -3 -4 -5 -4  3  4 -3  1 -1 -4 -3 -2 -3 -2  1 0 0 1 0 0.22
-3  7 -2 -3 -5  2 -1 -4 -2 -5 -4  1 -3 -5 -4 -2 -3 -4 -3 -4 0 0 1 1 0.29
-1 -1 -3  0 -4 -2 -2 -1 -3 -3 -4  0 -3 -5  7 -2 -2 -5 -4 -1 0 0 1 1 0.23
 0  0 -2  0 -2  1 -1 -2 -2  2  1  0  0 -2 -2  1 -1 -3 -2  2 0 0 1 1 0.20
-2 -3  0 -3 -4  0 -2 -4 -3 -5 -5  0 -4 -5  8 -1 -2 -5 -4 -4 0 0 1 1 0.15
 0 -2  1 -1 -2 -1  0 -1  1 -4 -4 -1 -3 -4 -2  5  1 -4 -3 -3 0 0 1 1 0.18
-1  0  1  5 -4 -1  1 -1  1 -3 -3  0 -3  0 -2  0 -1 -3  0 -2 0 0 1 1 0.23
-1  0  3  2 -3 -1 -1  1  1 -1 -3  0 -2 -3  1  2  1 -4 -2 -2 0 0 1 1 0.17
-1 -1 -2  1 -3 -1 -2 -1  1  0  4 -2  0 -1  0 -2 -2 -3 -2  0 0 0 1 0 0.15
-2  0 -3 -3 -4 -2 -2 -2 -3 -4 -3  0  2 -4  8 -2 -3 -5 -4 -3 0 0 1 1 0.19
-2 -3 -3 -3 -2 -3 -2 -4 -2  1  2 -3  0 -1  3 -3 -2 -2  3  3 0 0 1 0 0.19
-1  0 -2 -2 -3  1  0 -3 -2  0  0  1 -1 -2  4 -1  0 -3  0  2 0 0 1 1 0.16
-2  2 -1  4 -4 -1  2 -3 -2 -2  0  0 -2 -3  0  0 -2 -4 -3 -1 0 0 1 1 0.19
-1 -3 -4 -1 -3 -3 -4 -4 -4  2  5 -3  0 -1 -4 -1 -1 -3 -3  1 0 0 1 0 0.21
-1 -1 -1  0 -2 -1 -2 -2  1  3  0  0 -1 -2 -1  1  0 -3 -2  1 0 0 1 1 0.19
-2 -2  2  0 -5  1  6 -3 -2 -4 -1  0 -3 -4 -3 -1 -1 -4 -4 -4 0 0 1 1 0.14
 0 -1  1  2 -3  1  0 -2  5 -2 -3  0 -1 -3  3  0 -1 -3  0 -1 0 0 1 1 0.14
-2 -4  0 -2 -4 -3  0 -4 -4 -1 -1 -3 -3 -5  7 -2 -1 -5 -4 -3 0 0 1 1 0.12
-2 -1  3  6 -4 -1  1 -1  2 -4 -4 -2 -4 -4 -3  1 -2 -4 -3 -4 0 0 1 1 0.13
-1 -3 -3 -1  2 -3 -2 -3  0 -3 -1 -3 -3  0  6  0 -2 -3  3 -3 0 0 1 1 0.15
 0  0  2  1 -3  1  1 -2  3  1  0 -1 -1 -2 -2 -1 -1 -3  0  0 0 0 1 1 0.14
-1 -3 -3 -4 -3 -2 -3 -4  2 -1  1 -3 -1  5 -1 -3 -1 -1  5  1 0 0 1 0 0.12
-1  1  1  5 -4 -1 -1  0 -2 -1 -2  2  1  0 -3  0 -1 -4 -3 -3 0 0 1 1 0.10
-3 -5 -5 -4 -5 -4 -4 -5 -5 -1 -2 -4 -4 -6  8 -3 -4 -6 -5 -4 0 0 1 0 0.11
-2  3  2 -1 -4 -1  0  0  1 -3 -1  4 -2 -4 -1  0 -1 -4 -3 -3 0 0 1 1 0.08
 0 -1 -2  0 -4  0  4 -3 -2  0 -1  0  0 -3  4  0 -1 -4 -2 -2 0 0 1 1 0.08
 0  3  1  0 -3  3  0 -3  2 -3 -3  3 -2 -4 -2  1  2 -4 -3 -3 0 0 1 1 0.07
-1 -2  1  5 -1  0  2 -3  3 -4 -4 -2 -3 -4  2  1 -1 -4 -3 -4 0 0 1 1 0.07
-3  0 -1 -4 -3 -3 -2 -4 -3  2  4 -1  1 -1  0 -2 -2 -3 -3 -1 0 0 1 0 0.07
-2  1  5  4 -4  0 -1 -3  0 -3 -3  0 -3 -4 -3  1  0 -5 -4 -4 0 0 1 1 0.04
 0  1 -1  0 -3  0  3 -2  0  0 -1  0 -2 -2  2 -1 -1 -3  0  1 1 0 0 0 0.04
 0  3  0 -1 -3  2  1  0  0 -3 -3  2 -2 -4 -1  0  3 -4 -3 -3 1 0 0 1 0.03
 0  2 -2 -2 -3 -1  2 -3 -2  0  1  3  1 -3 -3  0  0 -4 -3 -2 1 0 0 1 0.03
-4 -5 -6 -6 -4 -5 -5 -6 -5 -1  6 -5  2 -2 -5 -5 -4 -4 -4 -2 1 0 0 0 0.02
-2  5  1 -3 -4  1  0 -3 -2 -1  1  2  0 -3 -3 -1 -1 -4  0 -2 1 0 0 0 0.02
 0  3  0 -2 -3  1 -1  0  0 -1 -1  3  0 -3 -3  1 -1 -4 -1 -3 1 0 0 1 0.02
-2 -1 -2 -4 -3 -3 -3 -4  0  4  3  2  0  0 -4 -3  0 -4 -2  0 1 0 0 1 0.01
-4 -1 -2 -6 -4 -4 -5 -6 -5  1  6 -4  2  0 -5 -4 -3 -4 -3 -1 1 0 0 0 0.01
-1 -2 -3 -2 -5 -2 -4  6  2 -5 -3 -2 -4 -5 -4 -2 -4  2 -4 -3 0 0 1 1 0.01
 1  0  1  0 -3  1  1  2 -2 -3 -3  1 -2 -4  0  2 -1 -4 -3 -2 0 0 1 1 0.01
 1  1  3  4 -4  0 -1  0  5 -4 -4  0 -3 -4 -3  1 -2 -4 -1 -4 0 0 1 1 0.01
-4  0 -5 -6 -4 -4 -5 -6 -3 -2  2 -4 -2  7 -6 -4 -4 -1  5 -3 0 0 1 0 0.01
-4 -3  4  7 -5  0  1 -4 -3 -5 -3 -3 -4 -5 -4 -2 -3 -6 -5 -2 0 0 1 0 0.01
-1  0  0  0 -4  0  1 -2  1 -4 -3 -1 -3 -1  5  2  0 -4 -3 -3 0 0 1 1 0.01
-1  2  4  1 -4  1  1  0  0 -3 -3 -1  0  1 -3  0  0 -3 -1 -2 0 0 1 1 0.01
-5 -5 -6 -6  0 -5 -6 -6 -3 -3 -1 -5 -3  6 -6 -5 -5  9  5 -2 1 0 0 0 0.01
-1 -4 -4 -5 -4  0 -4 -5 -4  0  1 -4  8 -3 -5 -2  1 -4 -4  0 0 1 0 0 0.02
 3  0 -2 -3 -3  0 -3 -3 -3 -5 -5 -2 -4 -5 -3  6 -1 -5 -4 -4 0 1 0 0 0.03
-1 -4 -4 -4 -3 -3  0 -5 -4  5  1 -2  2 -1 -1 -2  0 -4 -3  2 0 1 0 0 0.04
 0 -1  1  1 -3 -1  2 -1  1 -2 -2 -2 -2 -1 -3  1  3 -3  1 -2 0 0 1 1 0.05
-1  1 -2  1 -3  1  0 -2  0 -2 -1  2 -2 -1  4 -1  0 -3 -2 -1 0 0 1 1 0.07
-3  0 -4 -4 -5 -3 -3 -4 -4 -5 -5 -3 -5 -5  8 -1 -3 -5 -5 -5 0 0 1 1 0.11
 0  1  0  1 -3  1  2  0  2 -2 -2  1 -2  0  0  0  0  1 -1 -2 0 0 1 1 0.20
 0  0  0  2 -3  2  3 -1 -1 -1 -2  1 -2 -3  1  0  0 -3 -2  0 0 0 1 1 0.34
 1  1 -1  0 -2  0  0  0 -2  0  0  0  2 -2  1  0 -1 -3 -1 -1 0 0 1 1 0.50
-2  0  3 -2 -3 -1 -1 -1 -1  0  0  0 -1 -1  3  0  0 -2  2 -2 0 0 1 1 0.53
 1  0  1  0 -2  1  1  1  0 -1  0  0  1 -2  1 -1  0 -2 -1 -1 0 0 1 1 0.55
-1  0  0  0 -3  0  0  1  0 -2 -2  0 -2 -2  1  3  0 -3  1 -2 0 0 1 1 0.63
 0 -2  0  0 -2  0  0  2  0 -1 -1 -1 -1 -2  1  1  1 -2  0 -1 0 0 1 1 0.61
 0  1  3  1 -2  0  0  0  0 -2 -3  0 -2 -2  1  1 -1 -3  0 -1 0 0 1 1 0.63
-1  1  1  0 -1  1  0  1 -1 -1  0  0 -1 -1  1  1  0 -2 -1  0 0 0 1 1 0.70
-1  0  1  0 -2 -1  0 -2 -1 -1  0 -1 -1  0  2  1  1 -2 -1  1 0 0 1 1 0.81
 1 -1 -1 -1  1 -1  0  0 -2  1  1 -1 -1  0  1  0  0 -2 -1  0 0 0 1 0 0.75
-1  0  2 -1 -2 -1  0  2  0 -1 -2  0 -2 -1  2  0  1 -2  3 -1 0 0 1 1 0.69
 0 -1  2  1 -2 -1  0  1  0 -2  0  0  0 -1  1  1  1 -2 -1 -1 0 0 1 0 0.71
 0  1  1  0 -2  0  0 -1 -1 -1  0  0  1  0  0  1  0 -2 -1 -1 0 0 1 0 0.64
-1  3  0  0 -2  1  2 -1 -1 -1 -1  1 -1  0  1  0  0 -2 -2  0 0 0 1 1 0.55
 0  0  2  3 -2  1  1 -2 -1 -1 -2 -1  0  0 -2  1  0 -2 -1 -1 0 0 1 1 0.51
-2 -1 -2 -1 -2 -2 -1 -2 -2  0  2 -1  0  0  1 -1  1 -2  2  1 0 0 1 0 0.48
 1 -1  0  1 -2  0  0 -1 -1  0  0  0 -1  1  0  0  0 -1  0  0 0 0 1 0 0.43
 0 -1  1  3 -2  1  2 -1 -1 -2 -2  0 -2 -2  0  1  0 -2 -1 -1 0 0 1 1 0.41
 0  0 -1  0 -2  0  0 -1 -1  1  1 -1  0 -1  0  1 -1  1  0  1 1 0 0 1 0.45
-1 -1  1  4  0  0  0 -2  1 -1  0 -1 -2 -1  2  0  0 -2 -2 -2 1 0 0 1 0.44
 0  0  0  0 -2  1  0  0 -1  0  0 -1 -1  0  0  1  0  0  0  0 1 0 0 1 0.36
-1  1 -1  0 -2  0  0 -1 -1  0  1  0  0  1  1 -1 -1 -1  1  0 1 0 0 1 0.27
 0 -1  0  0 -2  0  0 -1 -1 -1  1  0  2  1 -1  0  0 -1  2  0 1 0 0 1 0.24
-1  4 -1  2 -3  0  1 -2  1 -1 -1  2 -2 -3 -1 -1 -2 -3 -2 -1 0 0 1 1 0.20
 0  0  1  1 -1  2  0 -1 -1 -1  0  1  0 -2  0  0  0 -2 -2 -1 0 0 1 1 0.18
-2  3  3 -1 -3  1 -1 -1  2 -2 -2  2 -1 -1 -2  0  0  0 -1  0 0 0 1 1 0.19
-1 -1  1 -1 -2 -1 -1  0 -2  0  0 -1 -1  0  4 -1 -1  0 -1  1 0 0 1 1 0.18
 0  1  0  1 -2 -1  0  0 -2 -1 -1  0 -2 -1  2  2  0 -2 -2  0 0 0 1 1 0.16
 2  0 -1 -1 -2 -1 -2  3 -2 -2  0  1 -2 -3 -2  2 -1 -3 -2 -1 0 0 1 1 0.13
 2  1 -1 -1 -2 -1  0 -2 -2 -2 -1  1 -1 -1  1  1 -1  5  0 -1 0 0 1 1 0.12
-2 -3  0 -1 -3 -2 -1 -1  0  2  3 -1  5 -2 -1 -2 -2 -3 -1  0 0 0 1 0 0.09
 0  1 -1 -1 -3 -2 -1 -3 -1 -2 -2  0 -1 -1  5  0  0  1 -3 -2 1 0 0 1 0.07
-1  2  2  1 -3  1  1 -1 -1 -2 -2  2 -2  0 -1  1  0  2 -2 -2 1 0 0 1 0.06
-1  0  0  1 -3  2  3 -1  1 -3 -2  0 -2  0 -1  0  0 -1 -2 -2 1 0 0 1 0.05
 0 -2 -3 -2 -2 -1 -3 -3 -3  3  2 -3  1  4 -3 -2 -2 -2 -1  1 1 0 0 0 0.04
-1  2 -1 -1 -4  4  0 -1 -2 -2 -2  3 -2 -4 -1 -2  0  1 -3 -1 1 0 0 1 0.03
 1  0  3  1 -3  0  0  0 -2 -2  0  1  1  0 -2  0 -1 -3 -1 -2 1 0 0 1 0.03
-3  2 -3 -4 -3 -1 -3 -4 -3  0  4  1  1  1 -4 -3  0  2 -2  0 0 0 1 0 0.04
-1  0  3  3 -3  0  3 -2  0 -2 -3  1 -3 -3 -1 -1  1 -4  0 -1 0 0 1 1 0.04
-3 -2 -3 -1 -3 -3 -3 -4  0  0  3 -1  1  5 -2 -3  0 -2  2 -1 0 0 1 0 0.05
-1  1  0  0 -3  0  1  1 -2 -2 -2  1 -2  0  0  1  2 -3 -1 -1 0 0 1 1 0.07
-1  1  0  2 -3 -1  2 -1  0 -2 -1  1 -2  1  1  0 -1 -2 -1 -2 0 0 1 1 0.10
-1  1  1  0 -2  0  0  1  1 -1 -1  1 -1  1  0  0  0 -2  0 -1 0 0 1 1 0.10
 0 -1  1  1  2 -1 -1 -1 -2  0  1  0  1  1  0  0 -1 -2 -1  0 0 0 1 1 0.12
 0  0  1 -1 -2  1  0 -1  1 -1 -2  0  0 -1  2  1  0 -2  0  0 0 0 1 1 0.15
-1  1  2  2 -3  0 -1 -2  0 -2 -1  1  0  1  2 -1  0  0  2 -1 0 0 1 1 0.16
-2  0  1 -2 -3  0 -1  5 -2 -2 -2 -1 -2  0 -3  0 -1 -3 -3 -2 0 0 1 1 0.14
 0  2  0  0 -3  1  1 -2 -2 -2 -1  2  0 -1 -1  0  0 -3 -2  0 0 0 1 1 0.16
-2  3  0 -2 -3  0  0 -1  2 -1  0  3  1 -3  0  0 -2 -3 -1 -1 0 0 1 1 0.17
-1  1  0  0 -3  1  1  0  2  0  0  0  0  0  0 -1  0 -2  1  0 0 0 1 1 0.16
-2  3  3 -1 -4  1  1 -2 -2 -2 -3  3 -3 -2 -2  1  0 -4 -2 -2 0 0 1 1 0.17
-2 -1 -3 -4 -2 -1 -3 -4 -1  2  3 -3  2  1  1 -2  0 -3 -2  1 0 0 1 0 0.20
 0  0  0 -2 -3 -2 -2  2  0 -3 -3  0 -3 -4  1  3  2 -4 -3  0 0 0 1 1 0.16
-1  3 -1  0 -3  2  1 -1 -1 -2 -2  3 -1 -2  1  1 -1 -4 -3 -2 1 0 0 1 0.11
-1  1  1  1 -4  2  1  0  1 -4 -4  4 -3 -4 -1 -1 -1 -4 -3 -4 1 0 0 1 0.12
 1  0 -2 -1 -2  0 -1 -2 -1  1  2 -1  2  0 -2  0  0 -2 -1  1 1 0 0 0 0.10
 0  4 -2 -1 -3  0  0 -3 -2  1 -1  1 -1 -3 -3  0  0 -4 -3  1 1 0 0 0 0.07
 1  5  1  2 -4  0  1 -1 -2 -4 -3  1 -3 -2 -3  0  0 -4 -3 -3 1 0 0 1 0.06
-1  2 -2 -2 -3 -1 -1 -3  0  0  0  3  2 -1 -1  1  0 -3 -1 -1 1 0 0 0 0.04
-1 -2 -4 -5 -3 -3 -4 -5 -4  3  3 -4  4  3 -4 -3 -1 -3  0  1 1 0 0 0 0.03
-3  5 -1 -3 -5  4  0 -4  0 -1  0  2  0 -4 -4 -3 -3 -4 -3 -3 1 0 0 0 0.02
-1  3  0 -1 -3  3  0 -2  0 -3 -1  0  1 -3  1  1  0 -3 -1 -2 1 0 0 1 0.02
-5  1 -6 -7 -5 -4 -5 -5  0 -4 -2 -5 -4  3 -6 -5 -5 11  1  0 1 0 0 0 0.01
-3 -3 -3  1 -3 -3 -3 -4 -4  0  5 -3  3 -2  0 -3  0 -3 -3  1 1 0 0 0 0.01
-2  1 -1 -1 -3 -2  0 -1 -3  0  0 -2  0 -2 -4 -1 -1  9 -1  2 1 0 0 0 0.01
 1  0  2  2 -3  2  2 -1  1 -3 -2  0 -2 -3 -2  1 -1  1 -2 -3 1 0 0 1 0.01
-1  2 -2 -2 -3  3  1 -3 -1 -3 -1  1 -2  1 -2  0  0 -2  4 -2 1 0 0 1 0.01
 2 -2  3 -1 -2 -1 -1 -1 -2 -2 -1 -2 -2 -3  0  2  3 -3 -3 -2 0 0 1 0 0.01
 0 -1  2 -2 -3 -1 -1  0  2 -2 -2  0 -2  2  2  1  1  0  1 -2 0 0 1 1 0.01
-4 -7 -6 -7 11 -6 -7 -6 -6 -4 -4 -6 -4  2 -6 -4 -4 -5 -4 -4 0 0 1 0 0.01
-2  1 -2 -3 -4  1 -1 -3 -1 -2 -3  2 -3 -4  6  0  1 -5 -4 -2 0 0 1 1 0.01
-2 -4 -4 -4 -3 -3 -2 -4 -4  1  2 -3  3 -2 -4  1 -1 -4 -3  5 0 1 0 0 0.01
-1  1 -1  1 -3  0  1 -3  2  0  1  1  0  0 -3 -1  1 -2  2  0 0 1 0 1 0.01
-1 -2 -4 -5 -4  0 -4 -5  3  1 -2 -3 -3  1 -5  0 -3 -1  8 -2 0 1 0 0 0.01
 0  0  2 -1 -2  1  0 -1  0  1 -1  1 -1 -2 -2  1  1 -3  0  0 0 1 0 1 0.01
-5 -5 -5 -6 -5 -4 -5 -5 -5 -5 -4 -5 -4 -2 -5 -5 -5 12 -1 -5 0 1 0 0 0.01
-1  0  1 -2 -3  1  1 -3  1  2 -2  3 -2 -3 -3 -1  0 -4  0  1 0 1 0 1 0.01
-4 -1  0  8 -6 -3  1 -4 -3 -6 -6 -3 -5 -6 -4 -3 -4 -6 -1 -6 0 0 1 1 0.01
-2 -4 -5 -5 -3 -1 -4 -5 -5 -1  6 -2  3  0 -5 -4 -3 -4 -3  0 0 0 1 0 0.01
-2 -1 -1  0 -5 -4 -2  7 -4 -6 -6 -3 -5 -6 -4 -2 -4 -5 -5 -5 0 0 1 1 0.01
-1 -2  0  0 -3  2  1  0 -2 -1  0 -1 -2 -3  5  0 -1 -4 -3  0 0 0 1 1 0.01
-1  3  3 -1 -3 -1 -2 -3  4 -2  0  0 -1 -3 -3  0  1 -4 -1 -2 0 0 1 1 0.01
-4 -2 -4 -5 -4 -4 -4 -5  3  0 -2 -4 -2  7 -5  0 -4 -1  4 -3 0 0 1 0 0.01
-5 -5 -6 -6 -5 -5 -5 -5 -5 -5 -4 -6 -4  5 -6  0 -5 11 -1 -5 0 0 1 0 0.01
-3  1 -5 -4 -6 -4 -4 -5 -5 -6 -6 -3 -5 -6  8 -4 -4 -7 -6 -5 0 0 1 0 0.01
-4  8 -3 -1 -6  0 -2 -5 -3 -6 -5  0 -4 -5 -1  0 -3 -5 -4 -5 1 0 0 0 0.01
-4 -5 -5 -6 -5 -4 -5 -2 -2 -4 -4 -5 -4  3 -6  0 -4 10  7 -4 1 0 0 0 0.01
-3 -1 -5 -5 -3 -4 -4 -5 -4  5  2 -4  0  0 -4 -4 -2 -3  0  3 0 1 0 0 0.01
-1  5  0 -3 -5 -1 -2 -4 -3 -5 -2  6 -3 -5 -3 -1 -3 -5 -4 -4 0 1 0 1 0.01
 0  2  0 -1 -3  2  3 -1  3 -1 -3  1 -1 -3 -3  1  0 -4 -2  0 0 1 0 1 0.01
-1 -1 -3 -3 -4 -3 -4  6 -4  0 -4 -3 -3 -4 -4 -2  1 -5 -4  0 0 0 1 0 0.01
-1  1  0  0 -3  0  2 -2  1  0 -1  1 -2 -1 -2  2  2 -3 -1  0 0 0 1 1 0.01
-4 -7 -6 -7 11 -6 -7 -6 -6 -4 -4 -6 -5 -6 -6 -4 -4 -6 -6 -4 0 1 0 0 0.01
-1 -2 -1 -1 -2 -2 -1 -3 -1  1  2 -1  1  2 -3  0  0 -2  1  1 0 0 1 1 0.01
 2  0  4 -1 -3  0  0  0 -2 -4 -4 -1 -3 -4  0  3  1 -4 -3 -3 0 0 1 1 0.01
-2  2  0 -1 -4  0  3  0  0  0 -2  3 -2 -4 -1  0  1 -4 -3 -2 0 0 1 1 0.01
-2  4 -1 -2 -4  2  0 -3  3 -4 -3  4 -1 -4 -1 -1  0 -4 -2 -2 0 0 1 1 0.01
 0 -2  1  0 -2 -1 -1 -1 -2 -2 -3 -1 -2 -3  1  5  1 -3 -2 -2 0 0 1 0 0.01
-3 -5 -5 -5 11 -5 -5 -5 -5 -4 -4 -5 -4 -5 -5 -3 -3 -4 -5 -3 0 0 1 0 0.01
-1 -2 -1 -2 -2 -2 -2 -2 -2 -3 -3 -2 -3 -3 -2  6 -1 -4 -3 -3 0 0 1 0 0.01
-4 -5 -6 -6 -4 -5 -5 -5 -4  3 -1 -5 -2  3 -5 -5 -4 10  2  2 0 0 1 0 0.01
-4 -5 -4 -1 -5 -4 -4 -5 -4 -5 -5 -4 -5  0  8 -3 -4 -4  3 -5 0 0 1 1 0.01
 0  1 -2  0 -4 -1  2  2 -3 -4 -4 -1 -4 -5  5  1 -2 -5 -4 -4 0 0 1 1 0.01
-2 -4 -2 -1 -5 -3 -4  6  4 -6 -4 -1 -4 -5 -4 -1 -4 -5 -4 -5 0 0 1 1 0.02
-3 -4 -4 -5 -4  0 -4 -5  3 -2  1 -4  9  3 -5 -4 -1 -3  1 -2 0 0 1 0 0.02
 0  0  1 -2 -2  1  0 -2  0 -1  0  1 -1  1 -2  1  1 -3  0  0 0 1 0 1 0.01
-3 -6 -5 -6 11 -6 -6 -5 -6 -4 -4 -6 -4 -5 -6  0 -4 -5 -5 -4 0 0 1 0 0.01
-2  3 -2 -3 -4  0  0 -2  3 -3 -3  5 -1 -4 -3 -1 -1  2 -3 -1 0 0 1 1 0.02
 1  1 -3 -3 -4  0  1 -2 -1 -4 -2 -2 -3 -5  7 -1 -3 -5 -4 -4 0 0 1 1 0.02
 3 -2  0  1 -2 -1 -1  0 -2 -2 -2  0 -2 -3 -1  3  0 -3 -1 -1 0 0 1 1 0.02
-2  2  1  1 -4  2  1  1  0 -4 -4  4 -3 -4 -3  0 -1 -4 -3 -4 0 0 1 1 0.02
 0 -2 -1 -2 -3  0 -1 -2  2 -2 -1  0  0 -1 -1  4  1  1  0 -2 0 0 1 1 0.02
 0  2 -2 -1 -3 -1 -2 -2 -1 -1  0  2  0  2 -3 -1  2 -3 -1  0 0 0 1 1 0.02
-1  0  2 -1 -3 -1 -1 -3  4 -3 -2  0  0 -2 -3  0  4 -3  2 -1 0 1 0 1 0.01
-2 -2 -4 -4 -3 -3 -3 -5 -4  3  3  2  0  0 -4 -3 -2 -4 -2  3 0 1 0 0 0.01
-1  1  1 -1 -3  0 -1 -3  1 -2 -3  3  0 -4 -3  0  4 -4 -1 -2 0 1 0 1 0.01
-2 -4 -4 -5 -3 -4 -4 -5 -1  4  3 -4  2  1 -4 -3 -2 -3 -1  3 0 1 0 0 0.01
-4 -5 -6 -6 -4 -5 -5 -6 -5 -1  6 -5  0  0 -5 -5 -4 -4 -3 -1 0 1 0 0 0.01
 1  6 -2 -3 -5  1 -1 -4  0 -4 -3  1 -3 -2  1 -2 -2 -4 -2 -4 0 1 0 0 0.01
-5  3 -5 -6 -5 -4 -4 -3 -4 -5 -4 -3 -4  1 -6 -5 -4 11  3 -5 0 1 0 0 0.01
-1  2 -1  0 -3 -1 -1 -3  6 -1 -2  1 -2  0 -3 -1  1 -3  1 -1 0 1 0 0 0.01
-3 -5 -5 -5 11 -5 -6 -5 -5 -4 -4 -5 -4 -2 -5  0 -3 -5 -5 -3 0 0 1 0 0.01
-1  2 -2 -2 -3  4  1 -1 -1  0  0  0  2 -2  1 -2 -2  4  0 -2 0 0 1 1 0.01
-1  3  0  0 -3 -1  1  2 -2 -2 -2  2 -2 -3 -1  0 -1 -3 -1 -1 0 0 1 1 0.01
-1  3 -2  1 -4 -1  1 -3  0  0 -3  1 -2 -1  1 -1 -2  6 -2 -3 0 0 1 1 0.01
 0  2  1 -1 -3 -1 -2  1 -2 -2 -2  1 -1  0 -2  2  0  4  0  0 0 0 1 1 0.01
 0  1  0  2 -3 -1 -1  3 -2 -3 -2 -1 -1 -4  1  1  1 -4 -3 -2 0 0 1 1 0.01
-2  0 -2  0 -4  4  0  0  3 -3  0  3 -2 -3  1 -2 -2 -3  2 -3 0 0 1 1 0.01
-2  4  1  2 -4  1 -1 -3  2 -3 -2  3 -2 -4 -1 -1  0  2 -2 -2 0 0 1 1 0.01
-3 -6 -5 -6 11 -6 -6 -5 -6 -4 -4 -6 -4  0 -6 -4 -4 -5 -4 -3 0 1 0 0 0.01
 2  0 -1 -2 -2  1 -1  1 -2 -1 -1  2 -2 -3 -2  1  2 -3 -3 -1 0 1 0 1 0.01
-6 -6 -7 -7 -5 -5 -6 -5 -5 -6 -5 -6 -4 -2 -7 -6 -5 13 -1 -6 0 1 0 0 0.01
-3  4 -3 -4 -3 -2 -3 -4  2  4  1 -2 -1  0 -4 -3 -2 -3  3  0 0 1 0 0 0.01
-2  2 -2 -2 -4  2  0 -3  0 -4 -3  4  2 -4  5 -2 -2 -4 -1 -3 0 1 0 1 0.01
-1 -3 -4 -4 -2 -3 -3 -4 -4  3  0  0  3  3 -4 -3 -1 -3 -1  4 0 0 1 0 0.01
-2  1 -2 -2 -4  4  1 -3  3 -4 -2  0 -2  0  4  0 -1 -3  2 -3 0 0 1 1 0.01
-3 -3 -4 -5  0 -3 -4 -5  4  0 -1 -4 -2  2 -5 -3 -3  0  7  1 0 0 1 0 0.01
-3 -4 -1 -3 -5 -3 -3 -4 -4 -4 -1 -3 -4 -5  8  0 -3 -6 -5 -2 0 0 1 0 0.01
-2 -4 -5 -5 -2 -4 -4 -5 -4  5  2 -4  0  1 -4 -4 -2 -4 -2  4 0 1 0 0 0.01
-2 -4 -4 -4 -2 -3 -4 -4 -4  5  2 -3  0 -2 -4 -2  2 -4 -3  3 0 1 0 0 0.01
 0  0 -1 -2  1 -2 -1 -2 -3 -2 -2 -2 -2  1 -3  3  4 -3 -2 -1 0 1 0 1 0.01
 1  1 -1  2  3  2  5 -3 -2 -4 -4 -1 -3 -4 -2  1  0 -4 -3 -3 0 1 0 1 0.01
-3 -6 -5 -6 11 -6 -6 -2 -6 -4 -4 -6 -4 -5 -5 -3 -3 -5 -5 -3 0 1 0 0 0.01
-1  2 -1  0 -3  0  1 -1 -2 -2 -3  4 -1 -4 -2  2  1 -4 -3 -3 0 1 0 1 0.02
-3 -6 -5 -6 11 -5 -6 -5 -6 -4 -4 -6 -4 -5 -5 -1 -3 -5 -5 -3 0 0 1 0 0.03
 2 -2  0 -1 -2  1 -1  1 -2 -4 -4 -1 -3 -4 -2  4  1  2 -3 -3 0 0 1 1 0.05
-3 -6 -5 -6 11 -6 -6 -5 -6 -4 -4 -6 -4 -5 -5 -3 -3 -5 -5 -3 0 0 1 1 0.12
