-5 -6 -6 -7 -6 -5 -6 -7 -6 -3 -2 -6 11 -4 -7 -6 -5 -6 -5 -3 0 0 1 1 0.70
 3 -3 -2 -3 -2 -1 -3  4 -3 -5 -5 -1 -4 -5  1  3 -1 -5 -4 -3 0 0 1 1 0.25
-3  2  0  0 -5  0 -1 -4  0 -5 -5  7 -3 -5 -4 -2 -1 -5 -3 -5 0 0 1 1 0.10
 0  1  5 -1 -3 -1 -2 -3  1 -3 -4  2 -3 -3 -2  2  2 -4  1 -3 0 1 0 0 0.04
-5 -6 -7 -7 -5 -6 -6 -7 -6 -1  6 -6 -1 -3 -6 -6 -5 -5 -4  1 0 1 0 0 0.03
-4 -6 -7 -7 -4 -6 -6 -7 -7  3  0 -6 -3 -4 -6 -5 -4 -6 -5  7 0 1 0 0 0.02
-5 -7 -7 -7 -5 -7 -7 -8 -7  8 -2 -6 -2 -4 -7 -6 -4 -6 -5  2 0 1 0 0 0.03
-4 -7 -7 -7 -5 -6 -6 -7 -7 -1 -3 -6 -3 -5 -6 -6 -4 -7 -5  8 0 1 0 0 0.06
-5 -4 -4 -2 -8 -2  8 -6 -4 -8 -7 -3 -6 -8 -5 -4 -5 -7 -6 -7 0 0 1 0 0.06
-3 -5 -3 -4 -5 -4 -4 -4 -5 -7 -7 -4 -6 -7 -5  8 -3 -7 -6 -6 0 0 1 1 0.06
-3 -6 -6 -6 -7 -5 -5 -6 -7 -7 -7 -5 -7 -8  9 -5 -5 -8 -7 -6 1 0 0 0 0.04
 6 -5 -3 -5 -4 -4 -4 -3 -3 -5 -5 -3 -4 -6 -4  1  3 -6 -5 -3 1 0 0 1 0.05
-5 -2 -4 -5 -7 -3 -3 -6 -5 -7 -7  8 -6 -7 -5 -4 -5 -7 -6 -6 1 0 0 1 0.06
 7 -5 -5 -5 -3 -4 -4 -3 -5 -2 -5 -4 -3 -6 -4 -1 -3 -6 -5  1 1 0 0 0 0.08
-4  3 -3 -4 -7 -2 -3 -5 -3 -6 -6  7 -5 -7 -5 -4 -4 -7 -6 -6 1 0 0 1 0.09
-3 -5 -4 -5 -5 -4 -5 -5 -5 -4 -5  0 -4 -6 -5  0  8 -6 -6 -4 1 0 0 1 0.14
-5 -7 -7 -7 -5 -7 -7 -8 -7  8  0 -7 -2 -4 -7 -6 -4 -6 -5 -1 1 0 0 0 0.12
 0  0  4 -1 -5  1  3  1 -2 -5 -5  2 -4 -5 -4  1 -2 -5 -4 -4 1 0 0 0 0.06
-4  1  1 -4 -6 -1 -2  0 -4 -6 -6  7 -5 -7 -2 -2 -4 -6 -5 -6 1 0 0 1 0.04
-6 -6 -6 -7 -6 -6 -6 -7 -2 -1 -4 -6  0  6 -7 -6 -6 -2  9 -4 1 0 0 0 0.03
-5 -6 -7 -7 -5 -6 -7 -7 -7 -2  7 -6 -1 -3 -7 -6 -5 -5 -5 -2 1 0 0 0 0.02
-4 -6 -4 -4 -6 -6 -6  7 -6 -8 -8 -5 -7 -7  0 -3 -5 -6 -7 -7 0 0 1 1 0.02
-1  2  1  1 -5 -1 -1 -2 -2 -5 -5  5 -4 -5  2  3 -1 -6 -4 -5 0 0 1 1 0.02
-3 -2  4  5 -6  0  0  2 -3 -6 -6  0 -5 -6 -4 -1 -2 -6 -5 -5 0 0 1 1 0.02
-6 -6 -6 -7 -5 -6 -6 -7 -2 -5 -5 -6 -5  5 -7 -6 -6  0  9 -5 0 1 0 0 0.01
-2  0 -1 -1 -4  1  2 -4  0  2 -2  3 -1 -3 -3 -2  2 -5 -3  1 0 1 0 0 0.02
-4 -6 -7 -7 -5 -6 -6 -7 -7  0 -3 -6 -3 -3 -6 -6 -4 -7 -5  8 0 1 0 0 0.02
-1  0 -3 -1 -4 -1  3 -4 -3  1  2  3  2 -2 -4 -3 -1 -4 -2  1 0 1 0 0 0.02
 6 -5 -4 -5 -4 -4 -4 -3 -5 -5 -5 -4 -5 -6 -4  4 -3 -6 -5 -4 0 1 0 0 0.03
-3 -5 -3 -4 -3 -4 -4 -4 -5 -6 -7 -4 -6 -7 -5  7 -1 -7 -6 -6 0 1 0 0 0.04
-3 -2 -1 -5 -3 -3 -4 -5 -3  1 -1  0  6  2 -5 -4 -3 -3  4  4 0 1 0 0 0.04
-4 -6 -4 -5 -7 -6 -6  8 -6 -8 -8 -6 -7 -7 -6 -4 -6 -7 -7 -7 0 0 1 0 0.06
-6 -5 -4 -6 -8 -4 -5 -7 11 -8 -8 -5 -6 -6 -7 -6 -6 -7 -3 -8 0 1 0 0 0.15
-4 -6 -6 -7 -4 -6 -6 -7 -7  6  0 -6 -2 -4 -6 -5 -4 -6 -5  5 0 1 0 0 0.15
-2  8 -4 -6 -3 -3 -4 -6 -4 -1 -6  0 -3 -7 -6 -4 -5 -7 -6 -4 0 1 0 0 0.20
-4 -6 -3  9 -8 -4 -3 -6 -5 -7 -8 -5 -7 -8 -6 -4 -5 -9 -7 -7 0 1 0 1 0.27
-5 -6 -7 -7 -5 -6 -7 -8 -7 -2  7 -6  0 -2 -7 -6 -5 -5 -5 -3 0 0 1 0 0.29
-3 -6 -6 -5 -6 -5 -5 -6 -6 -4 -6 -1 -6 -7  9 -4 -5 -7 -6 -5 0 0 1 1 0.28
 0  1 -1 -3 -4  1 -1 -3 -3 -4 -4  5 -3 -5  0  0  2 -5 -4 -2 0 0 1 1 0.37
-1 -1  0 -2 -3 -2  0  0 -2 -4 -4  4 -3 -4 -2  5 -1 -4 -3 -3 0 0 1 1 0.50
 1 -1  1  2 -1  0  0  2 -1 -2 -2  0 -1 -2 -1  1  0 -2 -1 -1 0 0 1 1 0.48
 1 -1  0  0 -1  0  0  2 -1 -1 -1  0 -1 -1  0  1  0 -1 -1 -1 0 0 1 1 0.54
 0  0  0  1 -1  0  1  1 -1 -1 -1  0 -1 -1  0  2  0 -1 -1 -1 0 0 1 0 0.61
 0  0  0  0 -1  0  0  0 -1  0  0  0  0 -1  0  0  0 -1  0  0 0 0 1 1 0.63
 0  0  0  0 -1  0  0  0  0 -1 -1  0 -1 -1  3  0  0 -1 -1 -1 0 0 1 1 0.58
 1  0  0  0 -1  0  0  0  0  0  0  0  0 -1  1  0  0  0  0  0 0 0 1 1 0.69
 0  0  0  0 -1  0  0  0  0  0  0  0  0 -1  0  0  0  0  0  0 0 0 1 0 0.82
 0  0  0  0 -1  0  0  0  0  0  0  0  0 -1  1  0  0  0  0  0 0 0 1 1 0.77
 0  0  0  0 -1  0  0  0  0 -1  0  1  0 -1  1  0  0  0  0  0 0 0 1 1 0.80
 0  0  0  0 -1  0  0  0  0  0  0  0  0 -1  1  0  0  0  0  0 0 0 1 0 0.78
 0  0  0  0  0  0  0  0  0  0  0  0  0  0  1  0  0  0  0  0 0 0 1 1 0.81
 0  0  0  0 -1  0  0  0  0  0  0  0  0  0  1  0  0  0  0  0 0 0 1 0 0.82
 0  0  0  0 -1  0  1  0  0  0  0  0  0  0  1  0  0  0  0  0 0 0 1 0 0.83
 0  0  0  0 -1  0  1  0  0  0  0  0  0 -1  0  0  0  0  0  0 0 0 1 1 0.82
 0  0  0  0 -1  0  0  0  0  0  0  1  0 -1  0  0  0  0  0  0 0 0 1 0 0.79
 1  0  0  0 -1  0  0  0  0  0  0  0  0 -1  1  0  0  0  0  0 0 0 1 0 0.76
 0  0  0  0 -1  0  0  0  0  0  0  1  0  0  1  0  0  0  0  0 0 0 1 1 0.70
 0  0  0  0 -1  0  1  0  0  0  0  0  0  0  0  0  0  0  0  0 0 0 1 0 0.64
 0  0  0  0 -1  0  0  0  0  0  0  0  0  0  0  0  0  0  0  0 0 0 1 0 0.57
 0  0  0  0 -1  0  0  0  0  0  0  1  0 -1  2  0  0  0  0  0 0 0 1 1 0.51
 0  0  0  0 -1  0  1  0  0 -1 -1  1  0 -1  1  0  0  0  0  0 0 0 1 1 0.50
 0  0  0  1 -1  0  1  0  0 -1 -1  1 -1 -1  0  0  0 -1  0 -1 0 0 1 1 0.44
 0  0  0  0 -1  0  1  0  0 -1  0  0  0  0  0  0  0  0  2  0 0 0 1 1 0.40
 0  1  0  0 -1  1  0 -1  0 -1 -1  3 -1 -1  0  0  0  0  0 -1 0 0 1 1 0.33
 0  0  0  0 -1  0  0  1  0 -1 -1  1 -1 -1  0  0  0 -1 -1 -1 0 0 1 1 0.26
 1  0  0  0 -1  1  1  0  0 -1 -1  0 -1 -1  0  0  0 -1  0 -1 0 0 1 1 0.18
 0  0  0  0 -1  0  0  0 -1  0  1  0  0  0  2  0  0 -1 -1  0 0 0 1 1 0.13
 0 -1 -1 -1 -1  0  0 -1  0  0  0 -1  0  0  0 -1  0  6  1  1 0 0 1 1 0.10
 1  0  1  0 -1  0  0  1  0 -1 -1  0 -1 -1  0  0  0 -1 -1 -1 0 0 1 1 0.07
-2  4  0 -1 -3  3  2 -2 -1 -2 -2  3 -2 -2 -2 -1 -1 -2 -1 -2 0 0 1 1 0.05
-3 -3 -3 -4 -3 -3 -3 -4 -3  1  4 -3  6  3 -3 -3 -2 -2 -2 -1 0 0 1 0 0.04
 0 -3 -2 -3 -3 -3 -3  6 -3 -4 -4 -3 -4 -4 -3  0 -3 -4 -4 -4 0 0 1 1 0.03
-4 -6 -6 -7 -4 -6 -6 -7 -6  5 -1 -6 -2 -3 -6 -5 -4 -6 -5  7 0 0 1 0 0.02
-5 -1  3  8 -7 -4 -1 -5 -4 -6 -4 -1 -6 -7 -5 -3 -4 -7 -6 -6 0 0 1 1 0.02
-3 -5 -5 -5 -4 -4 -3 -5 -5  4 -1 -4 -2  0  5 -4  1 -5 -4  4 0 0 1 0 0.01
-2 -3 -1  5 -6 -1  6 -4 -3 -6 -6 -2 -5 -5 -4 -3 -3 -4  0 -6 0 0 1 1 0.01
-1 -2  6  2 -5  0  1 -2  6 -6 -6  1 -5 -5 -5 -2 -3 -6 -4 -5 0 0 1 1 0.01
-4 -4  4  6 -6 -2 -1  3  1 -6 -6 -3 -6 -6 -5 -2 -3 -6 -5 -6 0 0 1 1 0.01
-6 -7 -7 -7 -6 -7 -7 -7 -5 -4 -3 -7 -4  9 -7 -6 -6  6  4 -5 0 0 1 0 0.01
 2 -1 -1  0 -5  2  5 -4 -2 -3 -4  2 -3 -4 -4 -1  0 -5 -4 -3 0 0 1 1 0.01
 1 -6 -6 -6 -6 -5 -5 -6 -6 -4 -4 -5  6 -5  8 -4 -4 -7 -6 -5 0 0 1 0 0.01
-2  1  0  0 -4  1  1 -4  3 -1  0  4 -2 -3 -3 -1  0 -4  1 -2 0 0 1 1 0.01
-6 -6 -7 -8 -7 -6 -7 -8 -3 -6 -4 -6 -5 -1 -8 -6 -6  6 10 -6 0 1 0 0 0.01
-2 -2 -4 -1 -4  2  3 -5 -2  5 -2 -1 -1 -4 -4 -2 -2 -5 -3  3 0 1 0 1 0.01
-2 -4  2 -3 -4 -4 -4 -5 -5  4 -1 -3 -2 -4 -3 -1  3 -5 -4  4 0 1 0 0 0.02
-2 -4 -1  1 -4 -4 -3 -3 -3  5  1 -3  0 -3  2  1 -2 -5 -1  0 0 0 1 1 0.02
 0  5 -2  0 -5 -1  0 -3 -3 -5 -5  2 -4 -5  4  0 -1 -2 -3 -4 0 0 1 1 0.02
-2  0 -1  4 -6 -3  0  5 -4 -6 -6  1 -5 -5 -4 -2 -4 -6 -6 -6 0 0 1 1 0.03
-2  1  1 -4 -6 -2 -3 -3  0 -6 -6  7 -5 -7 -5  0 -4 -7 -5 -6 1 0 0 1 0.04
 1  0 -2 -2 -5  1  3  3 -3 -5 -5  4 -4 -5 -4 -1 -2 -5 -5 -4 1 0 0 1 0.03
-1  0 -2  3 -6 -1  1 -3 -2 -6 -5  6 -4 -6  2  0 -3 -6 -5 -5 1 0 0 1 0.03
-3  0 -4 -5 -4  0 -4 -5  4  3  2 -1 -2 -3 -4 -3  1 -5 -1  4 1 0 0 0 0.04
-3 -6 -6 -6 -3 -5 -6 -7 -6  5  2 -5  0 -3 -6 -5 -3 -6 -4  5 1 0 0 0 0.03
 1  1  2  1 -4  0  0 -3 -3 -5 -5  5 -4 -5 -3  2  0 -5 -4 -4 1 0 0 1 0.03
 1 -1  0  2 -5  1  5 -2 -2 -5 -5  2 -4 -6 -4  0 -2 -6 -5 -5 1 0 0 0 0.05
-5 -6 -7 -7 -5 -6 -6 -7 -6  4  6 -6 -1 -3 -6 -6 -4 -5 -5 -2 1 0 0 0 0.05
 1  3 -3 -4 -5  1 -2 -4 -3 -4 -5  6 -4 -6 -4 -2 -2 -6 -4 -2 1 0 0 1 0.04
 1  1 -1  2 -5  0  1 -2 -2 -5 -5  5 -4 -5 -4  1 -1 -6 -4 -4 1 0 0 1 0.04
 4 -3 -3 -1 -3 -1  3 -3 -1 -2  2  0 -2 -4 -4 -1 -2 -5 -2 -2 1 0 0 0 0.03
 5 -4 -5 -5 -4 -4 -4 -3 -5 -2  2 -4 -1 -4 -4 -1 -3 -5 -2  1 1 0 0 0 0.02
 0  1 -1 -3 -6 -1  0 -3 -3 -6 -6  7 -5 -6 -4 -2 -3 -6 -5 -4 1 0 0 1 0.02
-1 -1  2  2 -5  0  2  1 -2 -5 -5  5 -4 -6 -3  0 -1 -6 -4 -4 1 0 0 1 0.02
 6 -5 -4 -2  1 -4 -4 -3 -5 -4 -4 -4 -4 -5 -4  2 -2 -6 -5  1 0 0 1 0 0.01
-4 -2  0  7 -6 -2  2 -4 -2 -6 -6  2 -6 -7 -4  0 -2 -7 -6 -6 0 0 1 1 0.01
 0  1  0 -1 -2  1  3 -2  3 -3 -4  3 -1 -4 -3 -1  1 -5 -2 -2 0 1 0 0 0.01
-4 -6 -6 -6 -4 -5 -6 -7 -6  5  3 -6 -2 -3 -6 -5 -3 -5 -4  5 0 1 0 0 0.01
-5 -6 -6 -7 -6 -5 -6 -7 -3  2  1 -6 -3  3 -7 -6 -5  4  8 -2 0 1 0 0 0.02
-5 -6 -7 -7 -5 -6 -7 -7 -7  1  7 -6 -1 -3 -7 -6 -5 -5 -5 -2 0 1 0 0 0.02
 7 -5 -6 -6 -3 -5 -5 -3 -6 -5 -6 -5 -5 -6 -5 -2 -4 -7 -6 -4 0 1 0 0 0.05
 0 -5 -4 -5 -5 -4 -4 -4 -5 -5 -5 -4 -5 -6  1  2  7 -6 -5 -4 0 0 1 0 0.07
-6 -6 -3  9 -8 -5 -3 -6 -5 -8 -8 -5 -8 -8 -6 -5 -5 -9 -8 -8 0 0 1 0 0.09
-4 -5 -3 -3 -6 -4  3 -3 -5 -6  0 -4 -4 -5  8 -4 -5 -7 -6 -6 0 0 1 0 0.09
-6 -6 -3  9 -8 -5 -3 -6 -5 -8 -8 -5 -8 -8 -6 -5 -5 -9 -8 -8 0 0 1 1 0.10
-6  9 -5 -6 -8 -3 -4 -7 -5 -7 -7 -2 -6 -7 -7 -5 -5 -7 -6 -7 1 0 0 1 0.13
-5 -4 -5 -3 -8 -2  8 -7 -4 -8 -7 -3 -6 -8 -5 -4 -5 -7 -6 -7 1 0 0 1 0.16
-4 -6 -4 -5 -7 -6 -6  8 -6 -8 -8 -6 -7 -7 -6 -4 -6 -7 -7 -7 1 0 0 0 0.24
-5 -4 -5 -3 -8 -2  8 -7 -4 -8 -7 -3 -6 -8 -5 -4 -5 -7 -6 -7 1 0 0 0 0.18
 7 -5 -5 -6 -4 -5 -5 -4 -6 -5 -5 -5 -5 -5 -5  0 -4 -7 -6 -4 1 0 0 0 0.17
-5 -7 -8 -7 -5 -7 -8 -8 -8  8 -2 -7 -3 -4 -7 -7 -5 -7 -6 -1 1 0 0 0 0.16
 5 -5 -4 -5 -2 -4 -4 -1 -5 -5 -5 -4 -5 -6 -4  5 -3 -6 -5 -4 1 0 0 0 0.13
-6 -8 -9 -9 -7 -6 -8 -8 -5 -8 -7 -8 -5 -1 -9 -8 -7 13  1 -8 1 0 0 0 0.15
-6 -5 -3 -6 -8 -4 -5 -7 11 -8 -8 -5 -6 -6 -7 -5 -6 -7 -3 -8 1 0 0 0 0.13
-4 -6 -7 -7 -4 -5 -6 -7 -6  3  6 -6 -1 -3 -6 -6 -4 -5 -4  2 1 0 0 0 0.08
 3  1 -3 -3  0  1 -2 -2 -2 -1  1  0  0 -1 -3  1 -1 -3  0 -1 1 0 0 0 0.05
-2 -1  2  0 -6  3  5 -5  5 -5 -5  0 -4 -3 -4 -2 -2 -5  1 -5 1 0 0 1 0.04
 2 -4 -4 -4 -3 -2  1 -4 -4  3  2 -3  0 -3 -4 -1  0 -4 -1  3 1 0 0 0 0.03
-4 -6 -7 -7 -5 -6 -6 -7 -6  3  6 -5  0 -3 -6 -6 -4 -5 -4 -2 1 0 0 0 0.02
-2  1  1  1 -5  0  0  4 -3 -5 -5  5 -4 -5 -4 -2 -2 -5 -5 -5 0 0 1 1 0.02
-1 -2 -2 -2 -2 -1 -1  1 -2  1  3  1  0 -1 -1 -1 -1 -3 -2  0 0 0 1 1 0.03
-3 -2  0  5 -5 -2  1 -3 -3 -5 -5  3 -5 -6  4 -2 -2 -6 -5 -4 0 0 1 1 0.03
-2  0  1  3 -4 -1  2 -1 -2 -2 -3  3 -2 -5  3 -1 -1 -5 -4 -3 0 0 1 1 0.03
-1 -1  1  1 -4  0  1 -2 -1  0 -2  3 -2 -4 -2  1  1 -5 -3  2 0 0 1 1 0.03
-1  1  0  2 -5  0  1 -3 -1 -4 -4  3 -3 -5  5  0  0 -5 -4 -3 0 0 1 1 0.03
-2 -3 -1 -2 -2 -2 -2 -4 -2  2 -1  1  0  1  1 -2  1 -3  1  4 0 1 0 0 0.02
-3  2  3 -2  4  1  0 -4  2 -3 -3  3 -3 -2 -1  0 -2 -4  1 -3 0 1 0 1 0.02
-6  9 -5 -6 -8 -3 -4 -7 -5 -7 -7 -2 -6 -7 -7 -5 -5 -7 -6 -6 0 1 0 0 0.02
-3 -6 -6 -7 -4 -5 -6 -7 -6  5 -1 -6  5 -4 -6 -5 -4 -6 -5  6 0 1 0 0 0.01
-2 -3 -4 -5 -4 -2  1 -5 -4 -1 -1 -4  0 -4 -5 -1  3 -6 -4  6 0 1 0 0 0.01
-7 -7 -7 -8 -7 -8 -8 -8 -6 -4 -4 -8 -3  9 -8 -7 -7 -3 -1 -5 0 1 0 0 0.01
-5 -4  7 -3 -7 -3 -4 -4  8 -7 -6 -4 -6 -6 -5 -3 -3 -7 -1 -7 0 1 0 0 0.02
 0 -4 -4 -2 -7 -2  8 -6 -4 -7 -7 -3 -6 -7 -5 -2 -5 -7 -6 -6 1 0 0 1 0.01
-5 -7 -7 -7 -5 -7 -7 -8 -7  8 -1 -7 -3 -4 -7 -6 -5 -7 -5  0 0 0 1 0 0.02
-4 -5 -4 -5 -5 -5 -5 -6 -6 -5 -6 -5 -5 -7 -5 -3  8 -7 -6 -4 0 0 1 0 0.01
-3  1 -4 -4 -4  1  1 -5 -3 -6 -6  7 -5 -7  1 -3 -4 -7 -5 -6 1 0 0 1 0.01
-2  1  3  3 -4  1  2 -2 -1 -5 -5  2 -4 -5  0  1  0 -5 -4 -4 1 0 0 1 0.02
 7 -5 -4 -5 -4 -4 -5 -1 -5 -5 -5 -4 -5 -6 -5 -1 -1 -6 -6 -3 1 0 0 0 0.02
-4 -6 -7 -7 -5 -6 -7 -7 -7  7 -2 -6 -2 -4 -6 -6 -4 -6 -5  5 1 0 0 0 0.04
-2  1 -1 -2 -5  4  0 -3 -2 -2  1  4 -2 -5 -4 -2  1 -5 -4 -3 1 0 0 1 0.03
 1  1  2  2 -5  2  4 -3  2 -5 -5  2 -4 -5 -4 -1 -1 -5 -3 -4 1 0 0 1 0.04
 7 -5 -5 -5 -4 -4 -4 -1 -5 -5 -5 -4 -5 -6 -5  1 -3 -6 -6 -4 1 0 0 0 0.03
-1 -5 -6 -6 -4 -5 -5 -6 -5  4  3 -5  4  5 -5 -5 -4 -4 -2  2 1 0 0 0 0.02
 1  0  0  0 -5  2  3 -2 -2 -5 -4  5 -4 -5 -4  0 -2 -5 -4 -4 1 0 0 1 0.04
-2 -2  6 -1 -5  1  1 -4  6 -6 -6  1 -4 -5 -5  0  0 -6 -3 -5 0 0 1 1 0.03
-1 -6 -6 -5  1 -5 -5 -5 -6 -4 -5 -4 -5 -7  8 -3  1 -7 -6 -4 0 0 1 0 0.03
-3  8 -4 -4 -7 -2 -2  0 -2 -7 -5 -1 -3 -6 -6 -3 -2 -6 -5 -6 0 0 1 1 0.03
 0 -1 -1  3 -3  2  3 -2  1 -4 -4  2 -3 -5  1  0  0 -5 -4 -3 0 0 1 1 0.03
-5 -6 -7 -7 -5 -6 -6 -7 -7  7  3 -6 -1 -3 -6 -6 -4 -6 -5  1 0 0 1 1 0.04
-3 -5  5  7 -7 -4 -1 -5 -3 -7 -7 -4 -6 -7 -5 -1 -4 -8 -6 -6 0 0 1 1 0.06
-2 -1 -2 -2 -4  2  0 -3  0  1  1 -1  7 -2 -3 -3  0 -4  1 -1 1 0 0 1 0.13
-1 -1  5  5 -6 -1  0 -3  1 -6 -5 -1 -5 -5  1  0 -3 -6 -4 -5 1 0 0 1 0.08
-4  2 -5 -6 -4 -3 -5 -4 -5 -2  6  0  2 -3 -6 -3 -4 -5 -4 -2 1 0 0 0 0.06
-4 -6 -7 -7 -5 -6 -6 -7 -7  1 -3 -6 -3  0 -6 -6 -3 -6 -2  7 1 0 0 0 0.06
-5 -1  5  6 -7 -1  1 -4  2 -7 -6 -3 -6 -6 -5 -3 -4 -7 -2 -6 1 0 0 1 0.06
 7 -5 -5 -6 -4 -5 -4 -4 -5 -5 -5 -5 -5 -6 -5  1 -4 -7 -6 -4 1 0 0 0 0.06
-5 -3 -5 -5 -7  9 -3 -6 -4 -7 -6 -3 -5 -6 -6 -5 -5 -6  3 -7 1 0 0 0 0.09
-5 -2 -4 -4 -7  8  3 -6 -4 -6  0 -1 -2 -6 -5 -4 -5 -6 -5 -6 1 0 0 1 0.11
 6 -5 -5 -5 -4 -4 -4 -3 -5 -5 -5 -4 -4 -6 -4 -1  4 -6 -5 -4 1 0 0 0 0.06
-6  9 -5 -6 -8 -3 -4 -7 -5 -7 -7 -2 -6 -7 -7 -5 -5 -7 -6 -7 1 0 0 0 0.06
-6  9 -5 -6 -8 -1 -4 -7 -4 -7 -7 -2 -6 -7 -6 -4 -5 -7 -6 -6 1 0 0 1 0.05
 2 -5 -5 -5 -3 -5 -4 -3 -5  5  0 -4  0  2 -5 -3 -3 -5 -3  4 1 0 0 0 0.06
-5 -6 -7 -7 -5 -6 -7 -7 -7 -1  7 -6  3 -3 -7 -6 -5 -5 -5 -2 1 0 0 0 0.06
-6 -6 -3  9 -8 -5 -3 -6 -5 -8 -8 -5 -8 -8 -6 -5 -5 -9 -8 -8 1 0 0 0 0.09
-6  8 -5 -6 -7 -3 -4 -7 -3 -7 -6 -1 -5 -5 -6 -5 -5 -5  5 -6 1 0 0 0 0.06
-4 -6 -7 -7 -4 -5 -6 -7 -6  3  6 -6  1 -3 -6 -6 -4 -5 -4  1 1 0 0 0 0.05
-3 -6 -7 -7 -5 -6 -6 -7 -6  0 -3 -6 -2 -2 -6 -5 -4 -5  4  7 1 0 0 0 0.04
-4 -6 -4 -5 -7 -6 -6  8 -6 -8 -8 -6 -7 -7 -6 -4 -6 -7 -7 -7 1 0 0 0 0.03
-6 -6 -7 -8 -7 -6 -7 -7 -3 -5 -5 -6 -5  6 -7 -6 -6 -1  9 -5 0 0 1 0 0.03
-3 -1  3 -2 -5  1  3 -3 -3 -4 -4  3  3 -5 -3  1  2 -5 -4 -4 0 0 1 1 0.03
-4 -6 -6 -6 -4 -5 -6 -6 -6  5  4 -6 -1 -3 -6 -5 -4 -5 -4  3 1 0 0 0 0.05
-3 -5 -4 -4 -5 -4 -4 -5 -5 -7 -7 -4 -6 -7 -5  8 -3 -7 -6 -6 1 0 0 0 0.04
-5 -6 -6 -6 -7 -3 -5 -7 -7 -7 -7 -3 -7 -8  9 -4 -6 -8 -7 -7 1 0 0 1 0.04
-4 -5 -6 -6 -4 -5 -6 -7 -6  3  5 -5 -1  1 -6 -5 -4 -2 -4  4 1 0 0 0 0.05
-5 -6 -7 -8 -5 -6 -7 -8 -7 -1  7 -6 -2 -3 -7 -6 -5 -5 -5 -3 1 0 0 0 0.06
-5 -7 -3 -9 -7 -3 -8 -6 -6 -8 -7 -7 -6 -4 -9 -3 -7 13 -3 -8 1 0 0 0 0.07
-1  5 -1 -1 -6  1 -1 -5 -3 -5 -5  6 -4 -6 -4 -1 -2 -6 -4 -5 1 0 0 1 0.11
-5  0 -3 -5 -7 -2 -3 -5 -5 -7 -6  8 -5 -7 -4 -3 -3 -7 -6 -4 1 0 0 1 0.20
-4 -6 -6 -6 -4 -6 -6 -7 -6  5  2 -6 -2 -2 -6 -5 -3 -6 -4  6 1 0 0 0 0.22
 2  3 -3 -4 -2  1 -2 -2 -3 -5 -3  4  2 -5  2 -1 -3 -5 -3 -4 0 0 1 1 0.24
-2  5 -2 -4 -5 -1 -3  2 -3 -6 -5  3 -4 -5  3 -1 -3  3 -1 -5 0 0 1 1 0.28
 1 -1 -2 -5 -4 -4 -5  7 -4 -7 -7 -1 -6 -6 -5  0 -4 -6 -6 -6 0 0 1 1 0.21
-5  1 -6 -7 -5 -5 -6 -7 -6 -1  6  0 -1 -3 -6 -5 -3 -5 -5 -3 0 0 1 0 0.25
-3 -5 -4 -4 -5 -4 -4 -5 -5 -7 -7 -4 -6 -7 -5  8 -3 -7 -6 -6 0 0 1 0 0.30
 7 -6 -6 -6 -4 -5 -5 -3 -6 -5 -6 -5 -4 -6 -5 -3 -4 -7 -6 -4 0 0 1 0 0.34
-4 -6 -4 -5 -7 -6 -6  8 -6 -8 -8 -6 -7 -7 -6 -4 -6 -7 -7 -7 0 0 1 0 0.31
-6  9 -5 -6 -8 -3 -4 -7 -5 -7 -7 -2 -6 -7 -7 -5 -5 -7 -6 -7 1 0 0 1 0.30
-4 -7 -7 -7 -5 -6 -7 -7 -7 -1 -3 -6 -3 -5 -7 -6 -4 -7 -5  8 1 0 0 0 0.29
-5 -3 -5 -5 -8  9 -3 -6 -4 -8 -7 -3 -5 -8 -6 -5 -5 -7 -6 -7 1 0 0 0 0.19
-3 -5 -2 -4 -5 -4 -4 -4 -5 -7 -7 -4 -6 -7 -5  7 -1 -7 -6 -6 1 0 0 0 0.21
-1 -6 -6 -7 -5 -6 -6 -6 -7  0 -3 -6 -3 -5  1 -3 -3 -7 -5  7 1 0 0 0 0.23
 7 -5 -5 -6  0 -5 -5 -3 -5 -5 -5 -5 -5 -6 -5 -1 -1 -6 -6 -2 1 0 0 0 0.20
-4 -5 -6 -6 -3 -5 -5 -6 -6 -1  5 -5 -1 -3 -5 -4  2 -5 -4  4 1 0 0 0 0.16
-5  8 -3 -5 -7 -3 -3 -4 -3 -7 -5  4 -4 -7 -6 -4 -5 -3 -5 -6 1 0 0 0 0.12
-4 -6 -7 -7 -5 -5 -6 -7 -6  3  6 -6  4 -3 -6 -6 -4 -5 -4 -1 1 0 0 0 0.12
-4 -6 -7 -7 -3 -6 -7 -7 -7  7  1 -6 -2 -4 -6 -6 -4 -6 -5  4 1 0 0 0 0.09
-2 -6 -6 -5  8 -6 -6 -6 -7  2 -3 -6 -2 -5 -6 -4 -3 -6 -5  6 1 0 0 0 0.06
-3 -3 -2  6 -7  1  6 -5 -4 -7 -6 -2 -6 -7 -5 -3 -4 -7 -6 -6 1 0 0 1 0.05
-6  9 -5 -6 -8 -3 -4 -7 -4 -7 -5  0 -6 -7 -6 -5 -5 -7 -6 -7 1 0 0 0 0.03
-5 -4 -4 -2 -8 -1  8 -6 -4 -8 -7 -3 -6 -8 -5 -4 -5 -7 -6 -7 1 0 0 0 0.03
-1  5  2  0 -5  0  2 -4 -1 -4 -2  2  0 -5 -4 -1 -3 -5 -3 -4 1 0 0 1 0.04
-1 -4 -4 -1 -7  0  8 -6 -3 -4 -6 -2 -6 -7 -5 -4 -5 -7 -6 -6 1 0 0 1 0.07
-5  3 -6 -7 -5 -5 -6 -7 -6  8 -2 -5 -3 -3 -6 -6 -4 -6 -5 -1 1 0 0 0 0.08
-2  3  1  0 -5  2  4 -4 -2 -1 -2  3  3 -4 -4 -2 -3 -5 -3 -3 1 0 0 1 0.06
 5  0  2 -1 -4 -1 -1 -2 -2 -4 -4  0 -4 -5 -4  0 -2 -5 -4 -2 0 0 1 1 0.05
-7 -7 -8 -8 -7 -8 -8 -8 -3 -4 -4 -8 -4 10 -8 -7 -7 -3 -1 -5 0 0 1 0 0.03
-3  2 -1 -2 -3  0  0 -5 -1  3 -2  3 -2 -4 -4 -3 -1 -5 -4  4 0 0 1 1 0.03
 0 -2 -4 -4 -5 -2 -2 -5 -5 -4 -6 -2 -5 -7  7  2  0 -7 -6 -4 0 0 1 1 0.03
 1  1 -3 -1 -5  3  5 -2 -2 -3 -4  0 -4 -5 -4 -2 -2 -5 -4 -1 0 0 1 1 0.02
-2 -4 -2 -1 -7 -1  7 -4 -3 -7 -6 -2 -6 -7 -3  0 -1 -7 -6 -5 0 1 0 1 0.02
-6 -6 -6 -7 -7 -6 -6 -7 -1 -6 -5 -6 -5  2 -7 -3 -5  0 10 -6 0 1 0 0 0.01
-7 -8 -9 -9 -7 -6 -8 -8 -4 -7 -7 -8 -6  0 -9 -8 -7 13  1 -8 0 1 0 0 0.01
-2 -1  0  3 -4 -1  0 -2 -2 -4 -3  0 -4 -5 -3  3  4 -5 -3 -3 0 1 0 1 0.01
-4 -6 -6 -6 -4 -5 -6 -7 -5  6  3 -5  0 -1 -6 -5 -3 -5 -4  3 0 1 0 0 0.01
 0 -1  0  3 -4 -1  2 -2  3 -2 -3  1 -3 -2 -2  0  2 -4 -2 -2 0 1 0 0 0.02
 6 -5 -4 -5 -1 -4 -4  2 -5 -2 -2 -4 -2 -5 -4 -1 -1 -6 -5  0 0 1 0 0 0.02
-1  0  1  3 -3  1  2 -3  1  0  0  0 -1 -3 -3  0  1 -2 -2  0 0 1 0 1 0.02
-3 -5 -5 -5  0 -5 -5 -5 -3 -1  4 -5  1  6 -5 -4 -1 -3  0 -1 0 1 0 0 0.02
 1  0  0  0 -3  2  1 -1  0 -1  0  3 -2 -2 -3  1  0 -4 -3 -2 0 1 0 1 0.02
 1 -1  1 -1 -3 -1 -1 -1  1 -2 -3  3 -2 -4  0  0  3 -4 -2 -1 0 0 1 1 0.03
 1 -1  0  1 -3  1  1  2 -1 -3 -3  1 -2 -4  3  0 -1 -4 -3 -2 0 0 1 1 0.03
 0  2  2  3 -4  1  2  1 -2 -4 -4  2 -3 -4 -3  1 -1 -4 -4 -3 0 0 1 1 0.04
 0  0  1 -1 -4  0 -1  3 -2 -2 -3  3 -3 -3  2  1 -1 -4 -3 -3 0 0 1 1 0.03
 0  1 -1  1 -4  2  2 -3 -1 -2 -4  3 -3 -4  1  0  0 -4 -4 -3 0 0 1 1 0.03
 1  0 -1  0 -2  0  0 -1 -2 -2 -2  1 -1 -1  3  1  1 -3 -2 -1 0 1 0 1 0.02
-4 -5 -6 -6 -5 -5 -3 -7 -5  1  1 -3 -2  8 -7 -4 -5 -3  0 -1 0 1 0 0 0.02
 0  1  0  0 -3  1  2 -2 -1 -2 -2  2 -2 -3  0  1  2 -1 -2 -1 0 1 0 1 0.02
 6 -3 -4 -5 -3 -4 -4 -2 -5 -2 -1 -3  1 -1 -4  0 -1 -5 -3 -1 0 1 0 1 0.02
-2  4  0  0 -5  1  2 -3  0 -4 -2  4 -1 -4 -3  0 -1 -5 -2 -3 0 1 0 1 0.02
-3 -5 -6 -6 -4 -5 -6 -6 -4  0  5 -5  1  4 -6 -5 -4 -2  1  1 0 1 0 0 0.02
 0 -2 -1 -2 -3 -2 -1 -3  1  0 -2 -1 -1  0 -3  0  3  1  4  2 0 0 1 1 0.02
 0  1 -1 -2 -3  1  0  3  3 -4 -3  2 -2 -3 -3  1  0 -3 -2 -2 0 0 1 1 0.02
-1 -1 -2 -1 -2  0 -1 -3  0  1  1  0  0  2 -3 -2 -1  2  2  2 0 0 1 1 0.02
 0 -1  3  5 -5  1  1  1 -1 -4 -3  2 -4 -3 -3 -1 -2 -5 -3 -4 0 0 1 1 0.02
-2 -4  2  1 -5 -3 -2  6 -3 -3 -4 -1 -4 -5 -4 -2 -3 -5 -5 -5 0 0 1 1 0.02
-2  1 -1 -1 -5  1  3 -2 -3 -5 -5  6 -4 -6 -4 -2 -3 -5 -4 -3 0 0 1 1 0.03
-1  2 -1  0 -6 -1 -2 -4 -4 -5 -5  7 -4 -6  0 -3 -2 -6 -5 -4 0 0 1 1 0.03
-1 -3 -4 -4 -3 -2 -4 -4 -3  3  2 -1  1  5  0 -3 -1 -1  0  1 0 0 1 0 0.04
 1  1  0  3 -4 -1  3 -3 -1 -3 -2  2 -3 -4 -2  1  1 -5 -4 -2 0 0 1 1 0.04
-3 -4 -5 -5 -2 -3 -4 -5 -2  5  3 -3 -1  0  2 -4 -2 -4 -3  2 0 0 1 0 0.05
 0 -1  1 -1 -3 -1  0  0  1 -1  1  2 -1 -3  2  0  1 -4 -3  0 0 0 1 1 0.04
-3 -3  6  4 -4 -3 -2 -2 -2 -6 -6 -2 -5 -6 -5  2  2 -7 -5 -5 0 0 1 1 0.05
 0  0  0 -1 -6  2  5  0 -1 -5 -5  3 -4 -6 -4 -2 -3 -6 -4 -4 1 0 0 1 0.05
 3 -2 -1  2 -4  1  4 -2 -3 -3 -4  1 -4 -4 -3 -1  0 -5 -4 -2 1 0 0 1 0.04
 0  0 -2  2 -5  4  4 -2 -1 -4 -3 -1 -3 -5 -4  0  0 -5 -4 -4 1 0 0 0 0.03
 5 -4 -4 -5 -2 -2 -4 -3 -5 -2 -2 -4  0 -5 -4 -1  1 -6 -4  3 1 0 0 0 0.03
-1  1  2  3 -4  3  2 -2  0 -3 -2  2  0 -3 -3 -1 -1 -4 -3 -3 1 0 0 1 0.03
 3  1 -1  1 -4  1  2 -2 -1 -3 -2  2 -2 -3 -3  0  0 -5 -3 -2 1 0 0 1 0.02
 2 -4 -5 -5 -3 -4 -4 -5 -2  5  2 -4 -1  1 -5 -3 -2 -4 -2  2 1 0 0 0 0.03
 1  0 -3 -4 -2 -1 -1 -4 -3  2  3  0  1 -2 -4 -2 -1 -4 -2  3 1 0 0 0 0.02
 2  0  0  2 -4  2  3 -1 -1 -4 -4  2 -3 -5 -3  1 -1 -5 -4 -3 1 0 0 1 0.02
 2  2  0  1 -3  1  2 -1 -1 -2 -1  1 -1 -3 -3  0  0 -4 -3 -1 1 0 0 1 0.02
-3 -5 -2 -5  2 -5 -6 -6 -5  4  5 -5  1 -2 -6 -4 -3 -5 -4  2 1 0 0 0 0.01
 0  1  0  1 -3  2  3 -2 -1 -2 -2  3 -2 -4 -3  0  0 -5 -3 -3 0 0 1 1 0.01
 0 -1  2  2 -3  1  0  3 -1 -4 -4  2 -3 -5 -2  1 -1 -2 -4 -3 0 0 1 1 0.01
 3  0  0  0 -2  1  0  1 -1 -3 -2  1 -3 -4 -2  1 -1 -4 -3 -2 0 0 1 1 0.02
 0  1  1  3 -4  1  1 -2 -1 -3 -3  1 -3 -4  2  1  1 -5 -4 -2 0 0 1 1 0.02
-2 -5 -6 -7 -1 -5 -6 -6 -2 -3  1 -6 -1  7 -5 -5 -4  5  5 -3 0 1 0 0 0.02
 0  1 -1 -1 -2  1  0 -3  0  1 -1  2 -1 -2 -3  1  3 -3 -2  1 0 1 0 1 0.04
-3 -6 -7 -7 -5 -6 -6 -7 -7  3 -2 -6 -3 -4 -6 -5 -3 -7 -5  7 0 1 0 0 0.04
 1  0 -1  1 -1  0  1 -1 -2 -1 -1  1 -1 -3 -3  2  2 -4 -3  0 0 1 0 1 0.05
 0  0  2  3 -3  0  2 -1 -2 -5 -5  3 -4 -5 -3  3 -1 -5 -4 -4 0 1 0 1 0.08
-2  1 -5 -6 -2 -4 -5 -6 -6  4  0 -4 -1 -2 -5 -4 -3 -5 -2  6 0 1 0 0 0.13
-2 -1 -2  1 -6  0  6 -5 -3 -4 -5  3 -4 -6 -4 -2  1 -6 -5 -1 0 1 0 1 0.21
 0  2 -1  1 -4  0  2 -4 -2 -3 -4  4 -3 -5 -2  0  1 -5 -4 -2 0 1 0 1 0.27
-3  3 -3 -4 -5 -1 -3  0 -4 -6 -6  7 -5 -6 -5 -1 -1 -6 -5 -5 0 0 1 1 0.45
-3 -1 -2 -1 -6  1  4 -5 -2 -3 -5  1 -4 -6  5 -2 -1 -6 -5 -2 0 0 1 1 0.38
 0  5 -3 -4 -4  0 -2 -3 -2 -2 -3  3 -2 -2 -4 -1  2 -4  3  0 0 0 1 1 0.42
-2  3 -1 -3 -5  1 -2 -4 -2 -2 -3  5 -3 -4 -4  1  2 -5 -3 -2 0 0 1 1 0.46
-4  7 -2 -4 -6 -1 -3 -5 -4 -4 -5  3 -5 -6 -5  0 -2 -6 -5 -4 0 0 1 1 0.29
-2  3  5 -2 -5  1 -2 -3  1 -5 -5  4 -2 -2 -4  1 -1 -5 -2 -5 0 0 1 1 0.43
 2 -6 -6 -6 -6 -4 -5 -6 -6 -7 -7 -5 -6 -7  8 -2 -3 -8 -7 -6 0 0 1 1 0.37
 3 -2 -2 -3 -4  1 -3 -2 -3 -3 -2 -1 -3 -2  4  1 -2 -3  3 -1 0 0 1 1 0.53
 4 -4 -3 -5 -5 -4 -4 -4 -5 -3  0 -2 -3 -5  6 -2 -4 -6 -5 -4 0 0 1 1 0.49
-3 -7 -7 -6 -7 -6 -6 -7 -7 -7 -7 -5 -7 -8  9 -5 -5 -8 -8 -5 0 0 1 0 0.53
-6 -7 -7 -8 -7 -7 -7 -7 -5 -4 -3 -7 -4  9 -8 -7 -6 -3  3 -5 0 0 1 0 0.53
-4 -2 -4 -5 -5 -4 -4 -6 -6  4 -3 -2  3 -5 -5 -3  6 -6 -5 -2 0 0 1 1 0.45
-4 -5 -4 -5 -5 -5 -5 -6 -6 -5 -6 -5 -5 -7 -5 -3  8 -7 -6 -4 1 0 0 0 0.48
-2 -5 -3 -4 -5 -4 -4 -4 -5 -7 -7 -4 -6 -7 -5  7 -1 -7 -6 -6 1 0 0 1 0.44
-4 -3 -4 -5 -5 -3 -5 -5 -5 -5 -3 -1 -4 -6 -5  1  7 -6 -6 -4 1 0 0 1 0.41
-5 -6 -7 -7 -5 -6 -6 -7 -6 -2  6 -6  5 -3 -7 -6 -5 -5 -5 -3 1 0 0 0 0.45
-5 -3 -5 -5 -8  9 -2 -6 -4 -6 -7 -3 -5 -8 -6 -5 -5 -7 -6 -6 1 0 0 0 0.42
-5 -3 -5 -5 -8  9 -3 -6 -4 -7 -7 -3 -1 -8 -6 -5 -5 -7 -6 -7 1 0 0 1 0.31
 1 -3 -3  3 -6 -1  6 -5 -4 -6 -5 -3 -5 -6 -4 -1 -1 -6 -5 -3 1 0 0 1 0.32
 7 -5 -5 -6 -3 -5 -5 -2 -6 -5 -5 -5 -5 -6 -5 -1 -4 -7 -6 -4 1 0 0 0 0.31
 3 -4  3 -3 -4 -3 -3  0 -2 -3 -5 -3 -4 -4 -4  5 -2 -3 -1 -1 1 0 0 0 0.33
-4  7  3 -4 -6 -1 -3 -3 -2 -4 -4  2 -4 -6 -5  0  2 -6 -4 -5 1 0 0 1 0.29
-2  4 -3 -4 -6  0 -3 -5 -1 -5 -5  7 -5 -6 -5 -3 -3 -6 -3 -4 1 0 0 1 0.28
-5 -6 -7 -7 -5 -6 -7 -7 -4  0  6 -6  0  0 -7 -6 -5 -5 -3 -3 0 0 1 0 0.24
-3  2  4 -4 -5 -3 -4  6  1 -6 -6 -2 -5 -5 -5 -1 -4 -5  0 -6 0 0 1 1 0.17
-6 -6 -7 -7 -6 -6 -7 -7 -5 -3  0 -7  4  9 -7 -6 -6  0  3 -4 0 0 1 0 0.20
-1  1  0 -3 -4 -2 -3  2 -3 -5 -5 -1 -3 -5 -1  5  3 -5 -5 -4 0 0 1 1 0.17
 4 -4 -4 -4 -3 -4 -4 -3 -5 -2 -3 -4 -3 -5  1  2  3 -6 -4  2 1 0 0 0 0.14
-1  4 -3 -1 -5  2 -1 -2 -3 -5 -5  5 -4 -6 -4  2 -2 -6 -4 -5 1 0 0 1 0.09
-3  5 -2 -2 -6  2 -1 -5  0 -5 -5  6 -3 -5 -5 -3 -3 -6 -4 -4 1 0 0 1 0.09
-2 -5 -4 -5 -1 -5 -5 -6 -6 -4 -5 -5 -5 -6 -5 -2  8 -7 -6 -3 1 0 0 0 0.07
-5 -6 -7 -8 -6 -5 -7 -8 -6 -4 -3 -6 11 -5 -7 -6 -5 -6 -6 -4 1 0 0 0 0.08
-2  5 -1 -4 -5  3 -3 -3 -3 -3 -2 -1  6 -2 -5  1 -1 -5 -3 -3 1 0 0 1 0.12
 0 -5 -5 -5 -1 -4 -5 -5 -5  4  2 -5  2 -3 -5 -4  1 -5 -3  4 1 0 0 0 0.15
 7 -6 -6 -6 -4 -5 -5 -4 -6 -5 -6 -5 -5 -6 -5 -3 -4 -7 -6 -4 1 0 0 0 0.13
-5 -3 -5 -5 -8  9 -3 -6 -4 -8 -7 -3 -5 -8 -6 -5 -5 -7 -6 -7 1 0 0 0 0.10
-3  5 -1 -3 -6  6  0 -1 -1 -5 -5  3 -3 -5 -4  0 -2 -5 -5 -5 1 0 0 1 0.07
-5 -6 -7 -8 -5 -6 -7 -8 -7 -2  7 -6 -1 -3 -7 -6 -5 -6 -5 -3 1 0 0 0 0.06
-6 -6 -7 -8 -7 -6 -7 -8 -3 -6 -6 -7 -6  0 -8 -6 -6 -2 10 -6 1 0 0 0 0.06
-5 -4 -4 -3 -8 -1  8 -6 -4 -8 -7 -3 -6 -8 -5 -4 -5 -7 -6 -7 1 0 0 1 0.04
 1 -2  2 -3 -5 -2 -2  6 -4 -6 -6 -3 -5 -6 -5 -2 -4 -6 -6 -5 0 0 1 1 0.03
-2 -6 -4 -5 -7 -6 -6  8 -6 -8 -8 -6 -7 -7 -6 -4 -6 -7 -7 -6 0 0 1 1 0.02
-3 -4 -5 -6 -5 -5 -5 -6  3 -1  5 -4 -1  1 -6 -5 -4 -3  4 -1 0 0 1 0 0.02
-5 -7 -7 -7 -5 -7 -7 -8 -7  8 -2 -7 -3 -4 -7 -6 -5 -7 -5  0 0 1 0 0 0.03
-4 -5 -4 -5 -5 -5 -5 -6 -6 -5 -6 -5 -5 -6 -5  0  8 -7 -6 -4 0 1 0 0 0.04
-6 -6 -7 -8 -7 -6 -7 -8 -3 -6 -6 -7 -6 -1 -8 -6 -6 -2 10 -6 0 0 1 0 0.05
-5 -6 -7 -8 -6 -5 -7 -7 -6  1  0 -6 11 -4 -7 -6 -5 -6 -6 -4 0 0 1 0 0.06
-6  9 -5 -6 -8 -3 -4 -7 -5 -7 -7 -2 -6 -7 -7 -5 -5 -7 -6 -7 0 0 1 0 0.05
-4 -5 -4 -5 -5 -5 -5 -6 -6 -5 -6 -5 -5 -7 -5 -2  8 -7 -6 -4 0 0 1 0 0.05
-6 -6 -3  9 -8 -5 -3 -6 -5 -8 -8 -5 -8 -8 -6 -5 -5 -9 -8 -8 0 0 1 1 0.05
-2 -5 -3 -4 -5 -4 -4  1 -5 -7 -7 -4 -6 -6 -5  7 -3 -7 -6 -6 0 0 1 0 0.05
-3 -5 -3 -5 -3 -3 -5 -5 -5  0  0 -3 -2 -2 -2 -2  6 -6 -4  4 0 0 1 1 0.06
-2  6  4 -1 -6  1 -3 -4  2 -5 -5 -1 -3 -3 -5 -1  1 -5 -2 -4 0 0 1 1 0.07
-4 -5 -6 -6 -4 -5 -6 -7 -6  5  4 -5  3 -3 -6 -5 -3 -5 -4  2 0 0 1 0 0.09
 3 -5 -2 -1 -4 -4 -3 -3 -5 -6 -6 -4 -5 -6 -4  6 -2 -6 -5 -4 0 0 1 1 0.08
 0 -1  1  3 -5  3  3 -1 -2 -4 -4  1 -4 -5  3  0 -1 -5 -4 -3 1 0 0 1 0.06
-3 -3 -2  3 -5  2  5 -3 -2 -2 -3 -2 -4 -5 -4  0  0 -6 -3  0 1 0 0 1 0.05
 7 -5 -5 -6 -2 -5 -5 -2 -6 -4 -5 -5 -1 -2 -5 -2 -4 -6 -5 -3 1 0 0 0 0.03
-2 -1 -4 -1 -4  3 -2 -5 -3  4  1  1  0 -3 -4 -3 -1 -5 -3  3 1 0 0 0 0.03
 2 -1  2  1 -4  1  2 -1  1 -3 -3  1 -1 -3 -3  1  1 -4 -3 -2 1 0 0 1 0.02
 4 -3 -1  0 -4  1  3 -1 -2 -4 -4 -1  2 -5 -4  0 -2 -4 -4 -3 1 0 0 1 0.02
 6 -5 -5 -5  2 -4 -4 -3 -5  1 -2 -4 -2 -4 -4 -1 -1 -6 -5  2 1 0 0 0 0.01
-1  7 -3 -4 -6 -1 -2 -5 -1 -4 -2  2 -4 -5 -5 -1 -3 -3 -3 -4 1 0 0 1 0.01
 1  0  1  3 -4  1  3  0  0 -4 -4  1 -3 -5 -3  1  0 -5 -4 -3 1 0 0 1 0.01
-1 -3 -4 -5  2  2 -1 -5  1 -2 -1 -3 -1  5 -5 -3 -3  2  6  0 1 0 0 0 0.01
 0 -6 -7 -7 -5 -6 -7 -7 -7  8 -1 -6 -2 -4 -6 -5 -4 -6 -5  2 1 0 0 0 0.01
 1  1 -1 -1 -3  1  2  1  1 -1 -1  1 -2 -3 -2  0  1 -4 -3 -1 1 0 0 1 0.01
 0  0  1  2 -5  3  4 -1 -1 -5 -4  2 -3 -5 -3  1 -1 -5 -3 -4 1 0 0 1 0.01
-1  2  2 -1 -4  1  1 -3  2 -2  0  2  0 -2 -3  0  1 -4 -2 -1 1 0 0 1 0.01
-5 -6 -6 -7 -6 -6 -6 -7 -1 -1 -3 -6 -2  6 -7 -6 -6  2  8 -4 1 0 0 0 0.01
-3 -6 -4 -2 -6 -6 -5  7 -6 -8 -8 -5 -7 -7 -4 -3 -5 -6 -7 -7 0 0 1 1 0.01
 2 -1  0  2 -4  1  2 -2 -2 -4 -4  3 -3 -5  1  1 -1 -5 -4 -3 0 0 1 1 0.02
 0  0  2  3 -5  1  4 -3 -1 -5 -5  2 -4 -5 -2 -1 -2 -6 -4 -4 0 0 1 1 0.03
-4 -5 -3 -6 -6 -5 -6 -6  0 -5 -5 -5 -4  4 -7 -4 -5 -2  9 -5 0 0 1 0 0.05
 0 -3 -5 -5  0 -4 -4 -5 -4  1  4 -3  0 -2 -4 -2 -2 -3  0  4 0 0 1 0 0.05
 0 -3 -3 -4 -3 -1 -3  0 -1 -4 -3 -2 -4 -5  7  1 -3 -5 -5 -4 0 0 1 1 0.09
 1 -2  0  2 -4  0  2 -1  0 -3 -4  2 -3 -3  2  1 -1 -4 -3 -2 0 0 1 1 0.16
 0  0  0 -2 -2  2  2  0  0 -4 -4  4 -3 -4 -3  1  0 -5 -2 -3 0 0 1 1 0.17
 1 -2 -2 -4 -5 -2 -2 -2 -2 -4 -5 -1 -4 -5  7 -2 -2 -6 -4 -2 0 0 1 1 0.23
-2  6  3 -3 -6 -1 -3 -4 -1 -1 -4  2 -3 -5 -2 -2 -2 -6 -3 -1 0 0 1 1 0.24
-1  0  0 -2 -3  3  0 -3  2  1 -1  1  0  1 -3 -1  0 -3  0  2 0 0 1 1 0.25
-3 -3 -3 -4 -6 -3 -2 -2  0 -4 -4 -1 -4  4 -5 -3 -3 -1  8 -2 0 0 1 1 0.26
 1  0 -1 -2 -4  0 -1 -1 -3 -4 -4  5 -4 -5 -3  2  2 -5 -4 -2 0 0 1 1 0.43
 0  0  3 -2 -4 -2 -2  0 -3 -3 -3  2 -1 -5 -3  3  3 -5 -4 -2 0 0 1 1 0.46
-2  1 -1 -2 -6  0 -2 -1 -4 -6 -6  7 -5 -6 -2  0 -2 -6 -5 -5 0 0 1 1 0.41
 0 -1 -1 -2 -6  1  2 -1 -4 -6 -5  6 -4 -6 -4  0 -3 -6 -5 -4 0 0 1 1 0.47
-2 -1  6 -1 -5 -3 -3  4 -1 -6 -6  1 -3 -6 -5  0 -2 -6 -4 -6 0 0 1 1 0.38
 6 -5 -5 -4 -4 -4 -4 -3 -5  1 -4 -4 -3 -5 -4  1 -1 -6 -5  0 0 0 1 1 0.49
-5 -3 -4 -5 -7  9 -2 -6 -4 -7 -6 -3 -5 -8 -6 -5 -5 -6 -6 -7 0 0 1 1 0.47
-5 -4 -3  6 -7 -2  6 -4 -4 -7 -7 -3 -6 -7 -5 -4 -5 -7 -6 -6 0 0 1 1 0.59
 7 -5 -5 -6 -4 -5 -5 -3 -6 -5 -5 -5 -5 -6 -5 -3 -4 -6 -6 -4 0 0 1 0 0.50
-6 -5 -4 -6 -8 -4 -5 -7 11 -8 -7 -5 -6 -6 -7 -6 -6 -7 -3 -8 0 0 1 0 0.43
-5 -4 -4 -3 -8 -2  8 -6 -4 -7 -7 -3 -6 -7 -5 -4 -5 -7 -6 -7 0 0 1 1 0.40
 7 -5 -5 -6  3 -5 -5 -1 -5 -5 -5 -5 -5 -6 -5 -3 -4 -6 -6 -4 0 0 1 0 0.25
-5 -7 -7 -7 -5 -7 -7 -8 -7  8 -2 -7 -3 -4 -7 -6 -5 -7 -5  1 0 0 1 0 0.36
-6  9 -5 -6 -8 -3 -4 -7 -4 -7 -6 -2 -6 -7 -6 -5 -5 -7 -6 -7 0 0 1 0 0.26
-5 -7 -7 -6 -7 -6 -6 -7 -7 -7 -8 -6 -7 -8  9 -5 -6 -8 -8 -7 0 0 1 0 0.19
 2 -5 -3 -4 -3 -4 -4 -4 -5 -3 -5 -4 -4 -6 -4  3  7 -6 -5 -2 0 0 1 0 0.14
-3 -3  2  5 -5 -3 -1  2 -1 -5 -5 -3 -1 -5 -4  3 -3 -5  1 -5 0 0 1 1 0.15
-1 -3 -3 -3 -2 -3 -1 -5 -1  3  1 -3  2  1  0 -1  0 -4 -3  4 0 0 1 1 0.15
 0  0  2  0 -3  0  1 -2 -1 -2 -1  0  0  2 -3  1  1 -1  0 -2 0 0 1 1 0.10
-3  6 -1 -4 -4 -2 -3 -5  0  0  1  0  0  3 -5 -3 -3 -3  0  0 0 0 1 1 0.13
-2  1 -1  1 -4 -1 -1 -4  2 -2 -1  0 -1 -4 -2  0  6 -5 -4 -2 0 0 1 1 0.09
 0 -5 -3 -4 -6 -4 -5 -5 -3 -5 -5 -4 -3 -7  8 -1  0 -7 -6 -5 0 0 1 1 0.08
 1 -2  0  4 -4  0  4  0 -3 -2 -4  0 -4 -4  1 -1 -2 -5 -3 -2 1 0 0 1 0.06
 1 -1  0  1 -4  3  1 -2 -1 -2 -2  1  0 -4 -3  3 -1 -4 -3 -2 0 0 1 1 0.05
 0 -4 -4 -4 -3 -2 -1 -5 -4  3  3 -3  2 -2 -4 -3 -2 -4 -3  4 1 0 0 1 0.05
 0  2 -1 -2 -5  1 -1 -3 -2 -3 -4  6 -4 -5 -4  0  1 -5 -4 -3 0 0 1 1 0.04
-1 -2  0  2 -4 -1  2  2  2 -4 -3 -1 -3 -1 -1  0 -2 -3  4 -3 0 0 1 1 0.05
-4 -5 -6 -6 -3 -5 -6 -3 -6 -1  6 -5  3 -2 -6 -4 -3 -4 -3 -1 0 0 1 0 0.04
-2 -2  1  3 -4 -1  2 -2 -3 -5 -4  0 -4 -5 -1  3  3 -5 -4 -4 0 0 1 1 0.04
 1  4  0  0 -4 -1 -1  1 -2 -4 -4  2 -3 -4  3  0 -1 -5 -4 -3 1 0 0 1 0.03
-4 -1 -2  8 -7  0  2 -5 -5 -6 -7 -3 -6 -7 -4 -3 -4 -8 -6 -5 1 0 0 1 0.03
 0 -3 -4 -1 -4  7  3 -4 -2 -6 -3 -3 -2 -6 -5 -3 -4 -6 -4 -5 1 0 0 0 0.02
-1  0 -4 -5 -4  0 -2 -4  1 -2  2 -1  0  5 -5 -3 -4  1  5 -2 1 0 0 0 0.02
-1  6 -3 -4 -6 -1 -3 -5 -4 -6 -5  6 -4 -6 -5 -2 -4 -6 -5 -5 1 0 0 1 0.02
-5 -6 -7 -8 -5 -6 -7 -8 -7 -1  7 -6 -1 -3 -7 -6 -5 -5 -5 -2 1 0 0 0 0.02
-6 -6 -7 -8 -7 -6 -7 -8 -3 -6 -6 -7 -6 -1 -8 -6 -6 -2 10 -6 1 0 0 0 0.02
-2  1  0  3 -5  2  4 -3 -3 -5 -5  2 -4 -5 -4  0  1 -5 -4 -4 1 0 0 1 0.03
-5 -6 -7 -8 -5 -6 -7 -8 -7 -1  7 -6  1 -3 -7 -6 -5 -5 -5 -3 1 0 0 0 0.02
-5 -7 -7 -7 -5 -7 -7 -8 -7  8 -2 -7 -3 -4 -7 -6 -5 -7 -5  0 1 0 0 0 0.02
-7 -3 -9 -9 -7 -7 -8 -7 -7 -7 -7 -8 -6 -2 -9 -8 -7 13  3 -8 1 0 0 0 0.02
-2  2  3 -1 -4  2  2 -4 -3 -5 -5  5 -2 -6 -4  0 -2 -6 -4 -5 1 0 0 0 0.02
-5  8 -4 -6 -8  2 -4 -6 -4 -7 -6 -1 -5 -7 -6 -4 -5 -7 -5 -7 1 0 0 0 0.03
 0 -6 -5 -6 -5 -5 -6 -5 -5 -4 -3 -5 -1  7 -6 -3  5 -4 -1 -3 1 0 0 0 0.03
-2 -5 -6 -6 -4 -5 -6 -6 -6  3  2 -5  3 -3 -5 -5 -2 -5 -4  6 1 0 0 0 0.03
 7 -5 -5 -6 -4 -5 -4 -4 -6 -4 -5 -5 -5 -6 -5  0 -4 -7 -6 -4 1 0 0 0 0.03
-2 -5 -4 -5  7 -4 -4 -4 -5 -6 -6 -4 -5 -6 -5  7 -1 -7 -6 -5 1 0 0 0 0.03
-5  0 -4 -5 -7  9 -2 -6 -3 -7 -3 -3 -1 -5 -6 -4 -5 -6 -6 -6 1 0 0 0 0.04
-6 -6 -7 -8 -6 -5 -7 -8 -6 -3 -2 -6 11 -5 -7 -6 -5 -6 -6 -4 0 0 1 0 0.04
 4 -2  0 -3 -3  0  1 -3 -3 -2 -3  0 -1 -5 -2  2  2 -5 -4 -1 0 0 1 1 0.03
 1 -4  0  4 -5 -1  0 -3  0 -5 -6 -3 -4 -6  5  2 -2 -6 -5 -4 0 0 1 1 0.02
 7 -5 -5 -5  1 -2 -2 -4 -5 -5 -5 -4 -3 -6 -5 -1 -3 -6 -4 -2 0 0 1 0 0.02
-2  3 -3 -3 -4  2  1 -4 -3  2 -1  2 -2 -4 -4 -2  0 -5 -4  3 0 1 0 1 0.02
-3 -4 -4 -5 -4 -1 -5  1 -2  1  2 -4  1  4 -5 -2 -2 -2  5 -1 0 1 0 0 0.01
-2 -2  1  5 -5  0  4 -4 -1 -4 -3 -1 -3 -3 -4 -1  1 -2 -3 -4 0 1 0 1 0.01
-1  2  0 -2 -4  3 -2 -4 -1 -3 -2 -1 -1 -3 -4  2  5 -5 -3 -1 0 1 0 1 0.01
-1 -4 -2 -4 -4 -1 -3 -5 -3  1  0 -3  4 -3 -4 -1  5 -5 -4  3 0 1 0 0 0.01
 1  0  1 -3 -4 -1 -2 -3 -4 -3 -4  0 -3 -5 -4  3  5 -5 -4 -1 0 1 0 1 0.01
 1 -5 -6 -6 -3 -5 -5 -6 -6  4  1 -5  0 -3 -5 -4 -2 -5 -2  6 0 1 0 0 0.01
-3  1  0  4 -5  0  2 -4 -1 -2 -2  2 -2 -3 -4  0  3 -4 -3 -2 0 1 0 1 0.01
-2 -6 -6 -6 -2 -5 -6 -6 -6  6  3 -5 -1  0 -6 -4 -3 -5 -3  3 0 1 0 0 0.01
 1 -1 -1  0 -3  1  2  1 -2 -2 -2  1 -1 -3 -3  1  1 -4 -3 -1 0 1 0 1 0.01
 4 -3  1 -2  1  1 -3  1 -3 -2 -4 -3 -3 -4 -3  2 -1 -5 -3  1 0 1 0 0 0.01
 0 -1  3  2 -5 -2  1  5 -2 -5 -5  0 -4 -5 -3 -1 -2 -5 -4 -4 0 0 1 1 0.01
-2  0  1  4 -5  1  2  2 -2 -4 -4  1 -3 -5 -1 -1 -1 -5 -4 -4 0 0 1 1 0.01
 2 -4 -2 -4  1 -3 -3 -1  2 -1 -1 -3 -2  2 -4 -2 -1 -2  5  2 0 1 0 1 0.01
-2  0 -1 -1 -3  1  2  0 -2  1  1  0  0 -2 -3 -1  2 -3 -2  1 0 1 0 1 0.01
-5 -6 -7 -7 -4 -6 -7 -7 -5 -3  3 -7 -1  8 -7 -5 -5  1  1 -4 0 1 0 0 0.01
-2  6 -1 -4 -5  0 -3 -3 -2 -3 -4  3 -4 -6 -5  0  1 -6 -3 -2 0 1 0 1 0.01
 6 -5 -5 -5 -4 -3 -4 -2 -5 -2 -3 -3 -3 -5 -4  0  0 -6 -5  0 0 1 0 0 0.01
-1 -1  4 -3 -4 -2 -3 -3 -2 -4 -4  1 -4 -5 -4  4  4 -6 -4 -3 0 1 0 1 0.01
-1 -6 -4 -5 -6 -5 -4  7 -4 -6 -7 -5 -6 -7 -6 -3 -3 -6 -4 -6 0 0 1 0 0.01
-2  3 -1 -3 -5  2  1 -4 -3 -5 -5  1 -3 -5 -4  5  1 -5 -2 -4 0 1 0 1 0.01
-2  2 -2 -4 -3  0 -2 -4 -2  2 -2  2 -1 -4 -4 -1  3 -5 -3  4 0 1 0 1 0.01
-4 -5 -5 -6 -3 -3 -4 -6 -6  5  3 -5  2 -3 -5 -4 -1 -5 -3  4 0 1 0 0 0.01
-1  2 -2  0 -3 -1 -1 -4 -2  0  0  4 -1 -3 -4 -2  2 -5 -4  0 0 1 0 1 0.01
-6 -7 -5 -4 -7 -7 -3 -7 -2 -4 -4 -6 -4  9 -8 -5 -6 -3 -1 -5 0 1 0 1 0.01
 0 -1 -2  6 -6 -2  0 -4 -1 -5 -5  0 -5 -6  5 -2 -4 -7 -5 -5 0 0 1 1 0.01
-4 -6 -4 -5 -7 -6 -6  8 -6 -8 -8 -6 -7 -7 -6 -4 -6 -7 -7 -7 0 0 1 0 0.01
-6 -7 -7 -8 -6 -7 -7 -7 -1 -4 -4 -7 -4  9 -8 -6 -6  5  4 -5 0 0 1 0 0.01
-4 -2 -3 -5 -4 -3 -5 -5 -4  0  4 -4  6  1 -5 -3  3 -4  1 -2 0 1 0 1 0.01
 2  4 -2 -3 -4 -1 -1 -3 -3 -3 -4  5 -3 -5 -4  0 -1 -5 -4 -2 0 1 0 1 0.02
 2 -5 -6 -6 -4 -5 -5 -5 -6  1  1 -5 -1 -3 -5 -4 -3 -6 -4  6 0 1 0 0 0.04
-5 -5 -5 -5 -6 -1 -5 -6 -2 -4 -1 -5  1  0 -6 -5 -4  2  9 -4 0 1 0 0 0.06
-1  0  0  0 -3  1  2 -1 -2  0 -1  0  0 -3  2  0  0 -4 -3  2 0 0 1 1 0.09
 0 -2 -2  2 -5  0  6 -2 -2 -3 -3 -1 -3 -2  0 -1 -2 -4 -1 -2 0 0 1 1 0.22
 1 -2 -1  0 -3  0  0  4 -1 -2 -1 -1 -1 -3 -3  1 -1 -4 -1 -2 0 0 1 1 0.26
-1  3  1  1 -4  1  2  0 -1 -3 -3  2 -2 -4 -2  1  0 -4 -2 -2 0 0 1 1 0.26
-1 -1 -1  6 -5 -1  2 -2 -3 -5 -5  3 -4 -5 -4 -1 -2 -6 -5 -4 0 0 1 1 0.25
-2 -2  0  5 -5 -1  3 -1 -3 -4 -4  1 -4 -5 -3  0 -1 -5 -4 -4 0 0 1 1 0.29
-2 -2  1  5 -5  0  4 -2 -3 -5 -5  0 -4 -5 -2 -1 -2 -6 -5 -4 0 0 1 1 0.31
 0  0 -1  2 -5  2  4 -2 -3 -5 -5  3 -4 -5 -3 -1 -2 -5 -3 -3 0 0 1 1 0.30
-2 -3  2  5 -5  0  5 -1 -2 -4 -5 -1 -4 -5 -3 -1 -2 -6 -5 -4 0 0 1 1 0.32
-1  2  2 -1 -4  1  1 -1 -1 -1 -2  3 -2 -3 -3  0  1 -4 -3  0 0 0 1 1 0.31
-1  3 -2 -2 -3 -1 -1 -4 -1  2  2  0  3 -1 -1 -1  0 -3 -2  0 0 0 1 1 0.28
-4 -6 -7 -7 -3 -6 -6 -7 -6  0  6 -6 -1 -1 -6 -6 -4 -5 -4 -1 0 0 1 0 0.22
-4 -6 -4 -5 -7 -4 -5 -4 -6 -7 -7 -3 -6 -6  9 -5 -5 -8 -6 -6 0 0 1 1 0.16
 1 -1  1  2 -4  1  2 -2  0 -2 -3  0 -2 -4  3  0 -1 -5 -3 -1 0 0 1 1 0.10
-3 -5 -6 -6 -4 -5 -6 -6 -6  2  5 -5  5 -1 -5 -5 -4 -5 -4  2 0 0 1 0 0.09
 1  0  1  0 -3  1  3 -3  0 -3 -4  3 -1 -4 -3  1  1 -5 -4 -1 0 0 1 1 0.07
 0 -2 -2 -1 -5  2  5 -4 -3  0 -3  2 -2 -5 -1 -2 -1 -5 -4  2 0 0 1 1 0.06
-3 -3  1  0 -6 -2 -2  7 -3 -7 -7 -2 -6 -7 -5 -3 -5 -6 -6 -6 0 0 1 1 0.05
-3 -3 -2  5 -6  3  5 -4 -2 -5 -5 -2 -1 -6 -4 -1  0 -6 -5 -4 0 0 1 1 0.04
 1  0 -1 -1 -2  1  1 -2  0  0 -1  1 -1 -3  1  0  1 -3 -2  1 0 1 0 1 0.03
-1 -5 -6 -6 -1 -5 -5 -6 -6  1  5 -5  1 -2  0 -4 -3 -5 -3  3 0 1 0 0 0.03
 0  0  1  2 -4  1  1 -2  0 -2 -2  3 -3 -3  0  0  2 -4 -3 -2 0 1 0 1 0.03
 0  0 -1 -3  2 -2 -3 -3 -3  0  3  0  0 -1 -1 -1 -1 -3 -2  1 0 1 0 0 0.03
-1  1  0  1 -4  2  2 -2  0  0 -1  2 -2 -3 -3  0  0 -3 -3  0 0 1 0 1 0.04
 0  0  1  2 -4  1  3 -1 -2 -5 -4  3 -3 -3 -3  1 -1 -4 -2 -4 0 1 0 1 0.04
-2 -5 -3 -5 -2 -4 -5 -5 -4  4  4 -4  0  0 -4 -3 -1 -2 -3  3 0 1 0 0 0.05
-1  0  1  3 -4  0  3 -3 -1  0 -1  1 -1 -3 -3  0  2 -4 -1 -1 0 1 0 1 0.08
 3 -3 -3 -3 -5 -2 -1  0 -3 -4 -4  0 -3 -5  6  0 -1 -6 -5 -3 0 1 0 0 0.10
-1 -1  1  2 -4  0  4 -3 -2 -2 -2  2 -3 -5 -3  0  1 -5 -4 -2 0 1 0 1 0.14
-4 -2 -4 -4 -7  8  0  1 -4 -7 -6 -2 -5 -6 -5 -2 -4 -6 -4 -6 0 0 1 1 0.19
-4  0 -2 -4 -7 -3 -4 -6 11 -6 -7  0 -4 -4 -6 -3 -6 -7 -2 -7 0 0 1 1 0.28
-4 -5 -6 -5 -6 -2  0 -7 -2 -4 -4 -6 -4  9 -7 -2 -2 -2  0 -4 0 0 1 1 0.33
-4 -5 -4 -5 -5 -5 -5 -6 -6 -5 -5 -5 -5 -6 -5 -2  8 -7 -6 -4 0 0 1 1 0.28
-3  1  0 -3 -6  7  3 -5 -3 -6 -4  3 -3 -6 -4 -1 -1 -6 -5 -5 0 0 1 1 0.42
-3 -6 -6 -6 -7 -6 -6 -4 -3 -7 -7 -5 -7 -8  9 -5 -5 -8 -7 -7 0 0 1 0 0.33
-3 -6 -6 -6 -7 -5 -5 -7 -7 -6 -5 -3 -7 -8  9 -4 -4 -8 -7 -5 0 0 1 1 0.39
 5 -5 -5 -5 -5 -4 -4 -3 -5 -5 -4 -4 -5 -6  6 -1 -4 -6 -2 -5 0 0 1 1 0.34
-6  8 -4 -6 -8 -3 -4 -7  2 -7 -5 -2 -6 -7 -6 -5 -5 -7 -5 -7 0 0 1 1 0.40
-6 -6 -7 -8 -7 -6 -7 -7 -3 -5 -5 -6 -5  6 -7 -6 -6 -2  9 -5 0 0 1 0 0.43
-3 -5  1 -4 -5 -3 -4 -3 -5 -5 -5 -4 -5 -6 -5  4  6 -6 -5 -4 0 0 1 1 0.37
-5 -4 -4  0 -8 -2  8 -6 -4 -7 -7 -3 -6 -8 -5 -4 -5 -7 -6 -6 1 0 0 0 0.51
 7 -5 -5 -6 -4 -5 -5 -3 -6 -5 -6 -5 -5 -6 -3 -1 -4 -7 -6 -4 1 0 0 0 0.38
 0  0 -2 -4 -4 -4 -4 -3 -4 -5 -5 -2 -3 -6 -4  6  3 -6 -5 -5 1 0 0 1 0.50
-5 -6 -7 -8 -5 -6 -7 -8 -7 -1  7 -6 -1 -2 -7 -6 -5 -5 -5 -3 1 0 0 0 0.45
-4 -6 -7 -7 -5 -6 -6 -7 -7  4 -2 -6 -3 -4 -6 -5 -3 -7 -5  7 1 0 0 0 0.28
-3  3 -4 -5 -7 -2 -3 -5 -1 -7 -6  8 -5 -7 -5 -3 -5 -7 -6 -6 1 0 0 1 0.37
 2  1 -3 -2 -4 -1  3 -4 -3 -3 -3  3  0 -4 -4 -1  3 -5 -4 -1 1 0 0 0 0.41
-5 -6 -7 -7 -5 -5 -6 -7 -6 -2  6 -6  6 -3 -7 -6 -5 -5 -5 -3 1 0 0 0 0.40
-5 -4 -4 -1 -8 -2  8 -6 -4 -8 -7 -3 -6 -8 -5 -4 -5 -7 -6 -7 1 0 0 1 0.36
-2 -2 -2  0 -7 -1  7 -5 -3 -7 -6  3 -5 -7 -5 -1 -4 -6 -6 -6 1 0 0 1 0.47
-2  2  2 -2 -4  0  1 -4 -1 -1  3  2  0 -1 -4 -2 -3 -4  1 -2 0 0 1 1 0.35
-3 -5 -3 -3 -6 -5 -2  7 -6 -8 -8 -4 -7 -7 -6 -3 -5 -6 -7 -7 0 0 1 1 0.28
-5 -7 -7 -7 -5 -7 -7 -8 -7  8 -2 -7 -3 -4 -7 -6 -4 -7 -5  2 0 0 1 0 0.26
-4 -6 -4 -5 -7 -6 -6  8 -6 -8 -8 -6 -7 -7 -6 -4 -6 -7 -7 -7 0 0 1 0 0.35
-6  9 -5 -6 -8 -3 -4 -7 -5 -7 -7 -2 -6 -7 -7 -5 -5 -7 -6 -7 0 0 1 1 0.26
-5 -7 -7 -6 -7 -6 -6 -7 -7 -7 -8 -6 -7 -8  9 -5 -6 -8 -8 -7 0 0 1 1 0.25
-3 -5 -4 -4 -5 -4 -4 -5 -5 -7 -7 -4 -6 -7 -5  8 -3 -7 -6 -6 0 0 1 0 0.24
-4 -5 -4 -5 -5 -5 -5 -6 -6 -5 -6 -5 -5 -7 -5 -3  8 -7 -6 -4 0 0 1 0 0.18
-6 -6 -7 -8 -7 -6 -7 -8 -3 -6 -6 -7 -6  0 -8 -6 -6 -2 10 -6 1 0 0 0 0.12
 7 -5 -5 -6 -4 -5 -5 -3 -5 -5 -5 -5 -4 -6 -4  0 -3 -6 -6 -3 1 0 0 0 0.11
 1 -5 -3 -4 -5 -2 -4 -4 -5 -4 -5 -4 -3 -6  6  4  1 -6 -5 -4 1 0 0 1 0.10
-4 -6 -5 -6 -5 -5 -6 -6 -6  7 -3 -5 -3 -4 -6 -4  5 -6 -5 -1 1 0 0 0 0.07
-5 -6 -7 -7 -5 -6 -6 -7 -6  7  3 -6  2 -2 -6 -6 -3 -6 -4  1 1 0 0 0 0.05
-1 -2  1  2 -4  1  1  1 -3 -5 -5  0 -4 -5 -4  4  1 -5 -4 -4 1 0 0 1 0.03
-4 -5 -3 -5 -5 -4 -5 -6 -6 -2 -3 -2 -4 -6 -5 -2  7 -6 -5  1 1 0 0 1 0.02
-5 -6 -7 -7 -5 -6 -7 -7 -7  7  4 -6 -2 -3 -6 -6 -4 -6 -5 -1 1 0 0 0 0.01
-3  0 -3 -4 -3  7 -1 -5 -3  1  1  0 -1 -4 -5 -2 -2 -5 -3  0 1 0 0 1 0.01
 0  0  1  6 -5  0  2 -2 -3 -5 -5  2 -5 -4 -4  0 -1 -6 -5 -5 1 0 0 1 0.02
-6  9 -5 -6 -8 -3 -4 -7 -4 -7 -7  0 -6 -7 -6 -5 -5 -7 -6 -7 0 0 1 0 0.02
-2  0  2  1 -5 -1  2  5 -1 -6 -4  0 -4 -4 -4 -2 -3 -4  2 -5 0 0 1 1 0.02
-6 -6 -7 -8 -7 -6 -7 -8 -3 -6 -6 -7 -6 -1 -8 -6 -6 -2 10 -6 0 0 1 0 0.02
 0 -6 -6 -7 -4 -6 -6 -6 -7  1 -2 -6 -2 -4 -6 -4 -2 -6 -5  7 0 1 0 0 0.03
-1  3 -1 -1 -4  1  3 -3  0 -1 -2  2 -2 -1 -3 -1  1  0 -1  1 0 1 0 1 0.04
-3  2 -3 -4 -4 -1 -2 -5 -2  1  3  4  1 -2 -3 -2 -1 -5 -3  1 0 1 0 1 0.06
-2  1 -1  3 -6  1  5 -4 -2 -3 -4  2 -4 -5 -4 -2 -2 -6 -5 -1 0 0 1 1 0.07
 0 -1  3  1 -5  1  1  3 -3 -5 -5  4 -4 -5 -4  0 -2 -5 -5 -5 0 0 1 1 0.07
-3  4  3 -3 -6  1 -2  0 -2 -6 -5  5 -4 -6 -4 -1 -2 -6 -5 -5 0 0 1 1 0.05
 2  5  0 -4 -5  2 -2 -4  0 -4 -4  3 -3 -4 -4 -1 -1 -5 -1 -2 0 1 0 1 0.05
-5 -6 -7 -7 -5 -6 -7 -7 -5  1  4 -6 -1  7 -7 -6 -5 -3 -2 -3 0 1 0 0 0.04
-2 -1 -3 -4 -3 -2 -1 -5  0  3 -1  0  0  2 -4 -2 -1 -3  4  3 0 0 1 1 0.03
 1 -6 -6 -6 -6 -5 -5 -5 -6 -4 -5 -5 -3 -7  8 -4 -4 -8 -7 -2 0 0 1 0 0.02
-3 -4 -2 -2 -5 -1  3 -5 -4 -5 -5 -3 -4 -6 -5  2  7 -6 -5 -4 0 0 1 0 0.02
-2 -3 -2  4 -6 -1  5 -5 -3 -5 -5  1 -3  1 -1 -3 -3  6 -3 -4 1 0 0 1 0.02
-3 -1 -4 -5 -4 -2 -4 -5 -5  2  4  0  3 -3 -4 -3  1 -4 -4  1 1 0 0 1 0.02
 2 -6 -4 -5 -6 -5 -6  7 -6 -7 -7 -5 -6 -7 -6 -3 -5 -6 -7 -6 1 0 0 0 0.02
-3  3 -2  0 -4 -1  3 -4 -3  0 -2  0  2  5 -4 -3 -2 -3 -1 -2 1 0 0 0 0.01
 2 -4 -3 -3 -3 -3 -3 -4 -5  5  1 -3  0 -2 -4 -1  0 -3 -4  3 1 0 0 0 0.01
-4 -6 -7 -7 -5 -6 -6 -7 -7  1 -2 -6 -2 -5 -6 -5  0 -7 -5  7 1 0 0 0 0.01
-2 -4  5 -1  1 -2 -3 -4 -2  1 -3 -3 -3 -5 -4  0  4 -6 -4  1 1 0 0 0 0.01
 1  1  1  4 -4  1  2  0 -2 -2 -4  1 -3 -5 -3  0 -1 -5 -4 -3 1 0 0 1 0.01
-4  1 -5 -6 -4 -2 -4 -6 -4  2  4 -2  3  5 -5 -4 -3 -3 -1 -1 1 0 0 0 0.01
-5 -6 -7 -7 -5 -5 -6 -7 -6  1  6 -6  4 -3 -6 -6 -3 -5 -4  0 1 0 0 0 0.01
-2 -2 -1 -1 -2  0  4 -4 -3 -1 -2  2 -1 -4 -4  0  1 -5 -4  2 1 0 0 1 0.01
-1  0  2  1 -5  3  5 -2 -2 -5 -5  2 -3 -6 -4  0 -1 -5 -4 -4 1 0 0 1 0.01
-3 -3  4 -4 -3 -2 -4 -4  7 -5 -4 -3 -4  4 -5  1 -3 -3  4 -5 1 0 0 0 0.01
-7 -7 -8 -8 -7 -8 -8 -8 -6 -4 -3 -8 -4  9 -8 -7 -7 -3 -1 -5 0 0 1 0 0.01
-1 -1  0  0 -4 -1  0  0 -1 -5 -5  0 -4 -6  6  1  0 -6 -4 -4 1 0 0 1 0.01
-2  3  2  4 -5  1  2 -2  0 -5 -5  1 -3 -5 -2  0 -1 -4 -3 -4 1 0 0 1 0.01
-4 -5 -6 -6 -3 -5 -5 -7 -4  5  3 -5 -1 -1 -6 -5 -4 -2  5  1 1 0 0 0 0.01
-3 -5 -6 -6 -4 -5 -6 -6 -6  3  1 -5  5  0 -6 -5 -2 -5 -4  6 0 0 1 0 0.01
-3 -5  4  7 -7 -2  1 -3 -4 -7 -7 -4 -6 -7 -5 -1 -4 -7 -6 -6 0 0 1 1 0.01
-2 -5 -5 -5 -5 -4 -3 -6 -3  1 -1 -3 -2  0 -2 -2  1 -2  7  4 1 0 0 1 0.01
-2 -2  3  5 -5  0  2  1  0 -5 -5  1 -4 -5 -3  0 -1 -6 -4 -5 1 0 0 1 0.02
-7 -7 -7 -8 -7 -8 -8 -8 -5 -4 -4 -7 -4  9 -8 -7 -6 -3  2 -5 1 0 0 0 0.04
-4 -5 -4 -5 -5 -5 -5 -6 -6 -5 -6 -5 -5 -7 -5 -2  8 -7 -6 -4 1 0 0 0 0.03
 7 -5 -5 -6 -4 -5 -5 -4 -5 -5 -5 -5 -4 -6 -5  0 -4 -7 -6 -3 1 0 0 1 0.03
-1  2  3  2 -4  2  1  0  2 -4 -4  2 -3 -4 -3  1 -1 -5 -3 -4 1 0 0 1 0.04
-5 -6 -7 -7 -5 -5 -6 -7 -6 -1  4 -6  9 -3 -7 -6 -5 -5 -5  0 1 0 0 0 0.06
-5 -4 -5 -3 -8 -2  8 -7 -4 -8 -7 -3 -6 -8 -5 -4 -5 -7 -6 -7 1 0 0 0 0.08
-1 -1  2  4 -5  2  4  0 -1 -5 -5  1 -4 -5 -4  0  0 -5 -4 -4 1 0 0 1 0.15
-2  0  0  3 -4  3  3 -2 -1 -3 -1  2 -2 -4 -3  0  0 -3 -4 -3 1 0 0 0 0.20
-5 -6 -7 -8 -5 -6 -7 -8 -7 -2  7 -6 -2  1 -7 -6 -5 -5 -4 -3 1 0 0 0 0.17
-6 -6 -3  9 -8 -5 -2 -6 -5 -8 -8 -5 -7 -8 -6 -5 -5 -9 -8 -8 1 0 0 1 0.18
 0  1  0  3 -4  2  3 -2  0 -4 -2  2 -2 -4 -3  0 -2 -5 -3 -3 1 0 0 1 0.17
-4 -6 -7 -7 -5 -6 -7 -7 -7  7 -2 -6 -2 -4 -6 -6 -4 -6 -5  5 1 0 0 0 0.22
 5 -4 -4 -3 -4 -3  4 -2 -4 -5 -5 -3 -4 -6 -4  3 -2 -6 -5 -4 1 0 0 1 0.20
 1  1  1  2 -4  0  4 -1  0 -3 -3 -1 -2 -5 -3  0  0 -5 -4 -2 0 0 1 1 0.18
-2 -5  1 -2 -6 -5 -5  7 -2 -7 -7 -3 -6 -7 -6 -3 -5 -6 -7 -7 0 0 1 1 0.17
-2  1  2  1 -5  2  4 -2 -1 -5 -5  4 -3 -5 -4 -1  0 -5 -4 -4 0 0 1 1 0.15
 1  1 -2  0 -3  1  2 -3 -2  0  0  2  0 -3 -3 -2 -1 -4 -3  1 0 0 1 1 0.13
-1 -1  3  4 -5  2  3 -2 -1 -4 -5  1 -4 -4  0  0 -1 -5 -3 -3 0 0 1 1 0.10
-4  1 -6 -8 -7 -5 -6 -4 -4 -7 -6 -4 -3 -3 -6 -4 -6 12  2 -7 1 0 0 0 0.06
-2  1 -2 -3 -4  2 -1 -3 -1  1  0  4 -2 -4 -2 -2  1 -5 -3  2 1 0 0 1 0.04
 0  0  1  2 -4  1  2 -2  0 -4 -4  3 -4 -5  3  0  0 -5 -3 -3 1 0 0 1 0.03
-2 -5 -5 -6 -4 -4 -3 -6 -5  1  2 -5  2 -1 -5 -4 -1  5  2  5 1 0 0 0 0.02
-4 -5 -6 -7 -4 -5 -6 -7 -6  3  5 -5  4 -3 -6 -5 -4 -5 -4  2 1 0 0 0 0.02
-1  3  1  3 -5  1  1 -1  0 -5 -4  2 -4 -4 -3  0  0 -2 -3 -4 1 0 0 1 0.01
 0  2  2  3 -5  1  3  0 -1 -4 -4  0 -3 -5 -3  1 -1 -5 -3 -4 1 0 0 1 0.01
-7 -7 -7 -8 -7 -8 -8 -8 -6 -4 -4 -8 -4  9 -8 -5 -6 -3  0 -5 1 0 0 0 0.01
-6 -6 -6 -6 -5 -6 -6 -6 -3 -6 -5 -6 -5  2 -7 -5 -4  8  9 -5 1 0 0 0 0.01
-1  1  0  1 -4  2  1  1  0 -3 -3  3 -2 -2  1  0  0 -4 -1 -2 1 0 0 1 0.02
-2 -2 -1  4 -5 -1  0  2  0 -4 -4  0 -4 -5  5 -1 -2 -5 -5 -3 1 0 0 1 0.03
-5 -7 -6 -6 -6 -6 -6 -7 -5 -3  2 -6 -3  9 -7 -5 -6 -3 -1 -4 1 0 0 0 0.04
 0  0  1  0 -4  0  3 -1  3 -1 -3  2  0 -3 -3  2  0 -4 -1 -2 1 0 0 1 0.07
 1  0  0  0 -4  1  2  0  1 -3 -4  3 -3 -4  3  0  0 -5 -3 -2 1 0 0 1 0.10
 1  1  0  1 -3  3  2 -3 -1 -2 -1  1 -2 -3 -3  0  1 -2 -3 -2 1 0 0 0 0.15
-3 -5 -5 -4 -3 -4 -5 -5 -3  3  4 -5  0 -3 -5 -4 -2 -5 -4  4 1 0 0 0 0.19
 0 -1  0  3 -5  1  4 -2 -1 -4 -4  2 -4 -4 -3  0 -1 -5 -4 -3 1 0 0 1 0.22
-1  0  1  1 -4  1  2 -2  1 -1 -2  3 -2 -4 -2  0  0 -4 -2  0 1 0 0 1 0.31
 6  0 -4 -4 -4 -3 -3 -1 -4 -2 -4  0 -3 -4 -4 -2  0 -5 -4  1 1 0 0 0 0.39
-1 -1 -2  1 -5  1  5 -2 -3 -4 -4  3 -1 -5 -3 -1 -2 -5 -1 -4 1 0 0 1 0.48
-1  0 -1  0 -4  1  4 -1 -2 -3 -2  4 -3 -5 -3  1  0 -5 -4 -3 1 0 0 1 0.54
-1 -1  3  2 -3  1  4 -2 -1 -1 -3  0 -3 -4 -1  0  0 -5 -3 -2 1 0 0 1 0.55
 1 -4 -4 -4 -3 -2 -1 -3 -4  3  1 -3  6 -3  2 -2 -2 -4 -3  1 1 0 0 0 0.59
-1  2 -2  2 -5  1  5 -2  0 -4 -3  1 -4 -5 -2  0 -1 -5 -4 -4 1 0 0 1 0.65
-1  2 -2  1 -3  1  4 -3  1 -4 -4  5 -4 -5  0 -1 -3 -5 -4 -4 1 0 0 1 0.74
 0 -4 -3 -3 -3 -3 -2  3 -4  3 -2 -2 -1 -3 -3 -1 -2 -4 -2  4 0 0 1 1 0.80
-1 -2  0 -1 -4  2  2  5 -2 -3 -3  1 -3 -5 -2 -2 -1 -4 -4 -2 0 0 1 1 0.74
-1 -4 -4 -3 -4 -3  1 -4 -4  4  2 -3  6 -2 -3 -2 -3 -4 -3  0 0 0 1 1 0.76
-3  5 -2 -2 -5  2  2 -4 -2 -5 -4  5 -2 -5  1 -2 -2 -5 -4 -4 0 0 1 1 0.73
 1 -1 -2  0 -3 -1  0 -3 -3 -1  1 -2 -2 -3  5  0  1 -4 -3 -1 0 0 1 0 0.76
-3  1  6  2 -5  1  3 -2 -2 -4 -5 -2 -4 -5 -4 -1 -2 -5 -4 -2 0 0 1 1 0.79
-2 -2  0  0 -5  4  6 -4  1 -5 -5  0 -3 -5 -1  1 -2 -5 -4 -4 0 0 1 1 0.82
-2 -4 -4 -5 -2 -3 -4 -5 -4  3  3 -3  5 -1 -4 -3 -2 -3 -2  3 0 0 1 1 0.82
