-3  5 -2 -2 -5  5  0 -4 -2 -4 -4  3 -3 -5 -3 -2 -2 -4 -3 -4 0 0 1 1 0.44
-1 -4 -4 -5 -3 -4 -4 -4 -3  3  2 -4  0  3 -4 -3 -2 -2  2  4 0 0 1 1 0.37
 4 -3 -3 -4 -2 -1 -3 -3 -3  1  2 -1 -1 -1 -2 -1 -1 -4 -1  2 0 0 1 1 0.46
-1 -1  1 -3 -3 -1 -1  0 -3 -1 -2 -1 -1 -4 -3  2  5 -5 -4 -1 0 0 1 1 0.37
-1  1  0  0 -3  2  2 -2  1 -1 -1  1 -2 -3 -1  1  1  0 -2 -1 0 1 0 1 0.37
 0 -1  3  3 -4  1  2 -2 -2 -4 -3  1 -3 -4 -2  1 -1 -5 -4 -3 1 0 0 1 0.27
-1 -1  0  2 -3  1  2 -3  1  0 -1  1 -1 -1  0 -1 -1  4  0  0 1 0 0 0 0.22
 1 -4 -3 -3 -3 -3 -2 -4 -4  3  2 -3  1  0  0 -2 -2 -3  1  3 1 0 0 1 0.20
 0  0  1  2 -3  0  0 -1 -2  0 -1  0  1 -3  1  1  1 -4 -3 -1 1 0 0 0 0.17
 1  0  1  4 -4  0  2 -2 -2 -3 -3 -1 -3 -4 -2  3 -1 -1 -4 -3 1 0 0 1 0.20
 2  1  0 -2  1 -2 -2  1 -1 -2 -2 -1 -2 -3 -2  2  2 -4 -2 -1 1 0 0 1 0.12
-1 -4 -4 -3  0 -2 -3 -4 -1  3  2 -3  3  2 -1 -1  0 -3  2  3 0 0 1 1 0.08
-3 -4 -6 -3 -6 -2 -4 -6 -6 -4 -4 -5  1 -3  8 -2 -3 -7 -3 -4 0 0 1 1 0.05
 0 -4 -5 -6 -1 -5 -4 -6 -6  5  1 -4  0 -4  0 -2 -1 -6 -4  5 0 0 1 0 0.03
-1 -7 -5 -6 -7 -7 -7  7 -7 -8 -6 -6 -7 -8 -7 -3 -4 -7 -8 -8 0 0 1 1 0.02
 1 -3 -3 -2 -1  2  3 -2 -3  0 -2 -3  2 -1 -4  1  2 -3 -3  0 0 0 1 1 0.01
-3 -6 -6 -6 -3 -5 -6 -6 -7  6 -2 -6  0 -3  3 -5  0 -7 -5  3 0 1 0 1 0.01
 0  2 -2 -3  1  0 -2 -3 -2  3  0 -1  3 -1 -4 -2 -2 -2 -3  2 0 1 0 1 0.01
 1 -4 -4 -2 -3 -2 -3 -5 -3  1  1 -4  5 -1  4 -1 -1  2  2 -2 0 1 0 1 0.01
-4 -6 -7 -7 -2 -6 -3 -5 -3 -4 -3 -6 -1  7 -6 -5 -2  9  3 -1 0 1 0 1 0.01
 4 -4 -4 -5 -3 -4 -1  2 -3 -4 -3 -4 -2 -3  5  0 -2  1 -2 -3 0 0 1 1 0.01
-1 -1 -2 -3 -1 -2 -3  3 -2 -2  0 -2  2  3 -1  1  0 -1  1 -1 0 0 1 1 0.01
 1  0  4  3 -4  1  0 -1 -1 -4 -3 -2 -2 -3 -1  1  1 -5 -3 -2 0 0 1 1 0.01
 0 -1  1 -2 -4 -1 -1 -3 -2 -1 -3 -1 -3  4 -2  1  3  3  2 -1 0 0 1 1 0.01
 3 -3 -1 -2  2 -2 -3 -2 -2  1  0 -3 -1  0  0 -1  1 -2 -2  1 0 0 1 1 0.01
-3 -2 -4 -3 -3 -5 -4 -6 -3 -1 -5 -5 -6 -7  8 -4 -4 -7 -3 -3 0 0 1 1 0.01
 1  3 -2 -2 -3  0 -1 -2  0 -2 -3 -1 -2 -3  5  1  0 -4 -3  0 0 0 1 1 0.01
 1 -1  2  2 -2  0  1  0 -1 -2 -2  0 -1 -1  1  0  0 -2  0 -1 0 0 1 1 0.01
-2 -4 -1 -3 -2 -3 -3  7 -2 -5 -4 -3 -1 -5 -5 -2 -2 -5 -3 -4 0 0 1 0 0.01
-6 -7 -7 -8 -2 -3 -7 -5 -3 -6 -3 -7 -5  3 -7 -7 -4 12  5 -6 0 1 0 0 0.01
 3 -2 -4 -5 -2 -2 -3 -4 -2  1  4 -2  2 -1 -5 -1 -2 -4 -2  0 0 1 0 1 0.01
 0 -2 -3 -3 -4  0  0 -4 -3  2  2  2  0  2  1 -2 -2  0 -1  0 0 1 0 1 0.01
 1 -6 -4 -7 10 -6 -7 -5 -4 -4 -2 -7  2  0 -5 -4 -4 -6 -4 -4 0 0 1 0 0.01
-3 -3  6  5 -4  2 -1 -4  0 -4 -4 -2 -2 -4 -5 -3 -2 -2 -3 -4 0 1 0 1 0.01
-2 -6 -3 -3 -7 -6 -6  7 -6 -8 -8 -6 -7 -7 -6 -3 -6 -7 -7 -7 0 0 1 0 0.01
 2  1 -2 -3 -5  6 -1  0 -2 -5 -4 -1 -4 -5 -3  1  1 -5 -3 -3 0 0 1 1 0.01
 2 -2  0 -2 -3  0  0 -3 -3  0  2 -1  0 -2  0  1  2 -1 -2  0 0 1 0 1 0.01
-3 -4 -5 -5 -2 -3 -3 -5 -4  1  3 -3  2  4 -5 -3 -3  0  2  3 0 0 1 0 0.01
 0 -2  2  2 -4  0  0 -1 -3 -3 -2 -1 -3 -4  2  3  1 -5 -2 -3 0 0 1 1 0.01
 0  3 -2 -2 -2 -1 -1 -2 -2  3 -1  2 -1 -3 -1  0  0 -3 -3  0 0 0 1 0 0.01
 2 -1  2  0 -3  1  0 -1 -2 -3 -3 -1 -1 -4 -3  3  2 -4 -1 -2 0 0 1 1 0.01
 0  0 -1  2 -4  4  1 -1 -1 -3 -2  0 -1 -3 -3 -1  1 -4 -3 -1 0 0 1 1 0.01
-3 -3  4 -4  0 -3 -3 -5  0 -5 -4 -5 -2  2 -6 -4 -1  3  8 -5 0 0 1 0 0.01
 0 -2 -2 -1 -5  2 -1 -1 -4 -3 -4 -2 -3 -5  7  0  0  0 -5 -4 1 0 0 1 0.01
 3  0 -1  2 -3  0  2 -2 -2 -2 -1  0 -2 -3 -2 -1 -1 -2 -3 -1 1 0 0 1 0.01
-5 -5 -2 -6 -4 -5 -6 -6 -5 -1  6 -5  2 -1 -6 -5 -4 -5 -1 -1 1 0 0 0 0.01
 2  0 -3 -5 -2 -4 -4 -4 -1  0 -1 -4 -3  6 -2 -3 -3  5  5 -2 1 0 0 0 0.01
 3  0  0 -1 -1  0  0 -1 -3 -1 -3  0 -2 -4 -3  3  0 -4 -3 -1 1 0 0 1 0.01
 2 -1  0 -3  0 -2 -3 -3  0  0  3 -2  0 -2 -3 -1 -1  0  1  2 1 0 0 1 0.01
-1 -3 -3 -4 -3 -3 -3 -4 -3  4  3 -3  1  1 -3 -2 -1  0 -1  2 1 0 0 0 0.01
-1 -2  0 -1 -2 -1  0  6 -2 -3 -4 -2 -3 -4 -3  0 -2 -1 -2 -2 0 0 1 0 0.01
-1 -2  1  0 -3 -2 -1  0 -2 -1 -2 -1 -2 -1 -1  0  4 -2  3 -1 0 0 1 1 0.01
 0  1  0 -1 -2  0 -1  0 -1 -1 -1  1 -1 -1  0  0  3 -2  0 -1 0 0 1 1 0.01
-2 -3 -3 -2 -3 -3 -3 -2  0 -3 -2 -3 -3  5 -3 -2 -1  7  7 -3 0 0 1 1 0.01
-1 -2  0 -2 -3 -3 -3  6 -3 -4 -4 -2 -3 -4 -2 -2 -2 -3 -2 -4 0 0 1 1 0.01
 0 -2  0  2 -3 -1 -1  5 -2 -3 -3 -1 -3 -3 -2  1 -1 -1 -3 -3 0 1 0 1 0.01
 0 -1  1  3 -2 -1  0  1 -1  0 -2 -1 -2 -2 -1  1  1 -1 -2 -1 0 0 1 1 0.02
 0 -2 -1 -1 -4  0 -1  4 -2 -4 -3 -1 -3 -2 -1  1 -2  0  4 -2 0 0 1 1 0.02
 0 -1  3  1 -3  0 -1 -1  0 -4 -4 -2 -3 -4  4  1  3 -4 -3 -2 0 0 1 1 0.02
-1 -2  2  0 -3 -1 -1 -2 -1 -1 -2  0 -2 -2 -3  2  4 -1  0  1 0 0 1 1 0.01
-2 -4 -1 -3 -1 -4 -4  1 -2 -2 -1 -3 -1  7  2 -2 -3 -3  0 -3 0 1 0 0 0.01
 1  2  2 -2 -2  1 -2  1  0 -1 -1  2 -1 -1 -2 -1 -1 -3  1  0 0 1 0 0 0.01
-1 -3 -5 -6 -4 -4 -5 -4 -5  2  5 -2  0 -3 -5 -4 -1 -5 -4  2 0 0 1 0 0.01
-2 -6 -6 -6 -7 -5  0 -6 -6 -2 -3 -2 -6 -8  8 -5 -5 -8 -7 -3 0 0 1 0 0.01
-5 -3  3  8 -7 -4  0 -5 -1 -7 -5 -2 -6 -7 -5 -3 -4 -7 -6 -7 0 1 0 1 0.01
-2 -2 -4 -3 -1 -3 -4 -4 -4 -1  5 -4  5  2 -4 -3 -2  1  1 -1 0 0 1 0 0.01
-3  7 -1 -4 -2  2 -2 -2 -3 -3 -3  0  0 -4 -3 -2 -2 -4 -2 -3 0 0 1 1 0.01
-1 -4  0 -1 -2 -4 -2  6 -4 -5 -5 -2 -4 -5 -3 -1 -3 -4 -5 -4 0 0 1 1 0.01
-2  5 -2 -2 -2  0  2 -5 -1 -2  0  0  1 -4 -4 -2 -3  1  1 -1 0 0 1 1 0.01
 0 -4 -4 -5 -1 -4 -4 -4 -2 -1 -1 -4 -1  6 -3 -1  1 -1  2  2 0 0 1 1 0.01
 1 -2 -4 -4 -4 -3 -4 -3 -5  4  1 -3  1 -3  5 -2 -2 -5 -4  1 0 0 1 1 0.01
-1  6 -3 -4  0 -1 -2 -5 -3  2 -1  0  2 -3 -4 -3 -2 -2 -2  2 0 0 1 1 0.01
-1 -4  1 -3  0 -2 -3  6  4 -4 -4 -4 -2 -2 -3 -2 -4 -2 -4 -5 0 0 1 1 0.01
 2 -2 -2 -2 -1  2 -2 -2 -1 -1 -1  0  0 -1 -1  0  0  7 -1  0 0 0 1 1 0.01
-2 -4  0  4 -5 -2 -2  5 -3 -4 -5 -2 -3 -5 -2  0 -2 -2 -5 -5 0 0 1 1 0.02
 0  0  3  3 -3  3  0 -2  2 -2 -2 -1 -1 -3 -2  1  1 -2 -1 -2 0 0 1 1 0.03
-1 -3  0 -2 -3 -2 -3  6 -1 -4 -3 -2 -1 -3 -2  0 -1 -1 -4 -3 0 0 1 1 0.03
-1  4 -1 -1 -3 -1 -1  0  0 -2 -1  0 -1 -2  3  0  0 -3 -1 -1 1 0 0 1 0.05
 0 -1  1  0 -3 -1 -1  5  1 -2 -4 -1 -2 -3 -1  0  0 -2 -2 -3 1 0 0 1 0.06
-1 -2 -2 -2 -2 -2 -1 -2 -1  2  3 -2  0 -1 -2 -1  0 -3 -1  2 1 0 0 1 0.09
-1 -1  0  3 -2 -1 -1  1 -2 -1  0 -2 -1 -2 -1  1  2 -1 -2  0 1 0 0 1 0.12
 1 -1  3  1 -2  0  0 -1  0 -1 -1 -1 -1 -1  1  1  0 -2 -1 -1 0 0 1 1 0.20
 0  1  0  0 -2  0  0  0  0 -1 -1  0 -1 -1  2  0  0  0  1 -1 1 0 0 1 0.26
 0  1  1  0 -2  0  0  0  0 -1 -1  0 -1 -1  0  0  0  0  0  0 1 0 0 1 0.33
 1 -1 -1 -1 -1  0 -1  0 -1  1  1 -1  0 -1  0  0  0  0 -1  1 1 0 0 1 0.41
 0  0  0  1 -1  0  0  2  0 -1 -1  0  0 -1  0  0  0 -2 -1 -1 0 0 1 0 0.40
 0 -1  0 -1 -2  1  0  4 -1 -2 -1 -1 -2 -1 -1  0 -1 -2 -1 -1 0 0 1 1 0.39
 0  0  1  0 -2  1  0  0 -1  0 -1  0 -1 -1  0  1  1 -2  0  0 0 1 0 1 0.39
 0  0  0  2 -2  0  0  0  0 -1 -1  1  0 -1  0  0  0  2  0 -1 0 0 1 1 0.45
 1  0  0 -1 -2  2  0  2  0 -1 -1  0 -1 -1  0  1  0 -2  0 -1 0 0 1 1 0.51
 0  0  0  0 -1  0  0  0  1  0  0  0  0  0  1  0  0 -1  0  0 0 0 1 1 0.53
 0  0  1  1 -2  0  0  2  0 -1 -1  0 -1 -1  0  1  1 -2 -1 -1 0 0 1 1 0.57
 0  0  0  0 -1  0  0  0  1 -1 -1  1 -1 -1  0  1  1 -1  0 -1 0 0 1 1 0.52
 1 -1  0  0 -1 -1  0  0  2  0 -1 -1 -1 -1  2  0  0 -2  0  0 0 1 0 1 0.46
 0  2  0 -1 -2  0 -1  0 -1  0  0  0  0 -1  0  1  1  0 -1 -1 0 0 1 1 0.39
 0 -1  0 -1 -2 -1 -1  0  2  0  2 -1  1 -1 -1  0  0 -2  0  0 0 0 1 1 0.38
 0 -1 -1 -1 -2 -1 -1  3  0  0 -1 -1 -1 -1 -1  1  1  0 -1  0 0 0 1 0 0.38
 1 -1  1  0 -1  1  0  1  0 -1 -1  0 -1 -1 -1  1  0 -1 -1  0 0 0 1 1 0.33
 1 -1  1  1 -2  0  0  3  0 -2 -2 -1 -1 -2 -1  1  0 -2 -2 -1 0 0 1 1 0.29
 1 -1  2  0  0  1  0  0 -2  0 -1 -1  0 -1 -1  1  2 -1 -1  0 0 0 1 1 0.25
 0 -2  0  0 -2 -2 -2  3 -1 -1 -2 -2  0 -1 -2  2  1 -4 -2  1 0 0 1 1 0.21
 0 -3  0 -1 -4 -2 -1  5 -2 -3 -3 -2 -3 -4  0  1  0 -5 -2 -3 0 0 1 0 0.17
 1  1  1  0 -3 -1  1  1  0 -2 -1 -1 -1  0 -1  0  1 -2 -1 -1 0 0 1 0 0.13
 1 -2  1  2 -4  0  2  0  4 -2 -2 -2 -3 -1  0  0  0 -2  2 -1 0 0 1 1 0.12
 0 -3 -1 -3 -3  0 -2 -3  0  0  1 -2 -1 -1 -3  0  2 -4  1  3 0 0 1 1 0.11
-1 -3 -1 -3 -3 -2 -3  4  5 -2 -1 -3 -3 -3 -4 -1  0 -2 -3  1 0 0 1 1 0.10
 0 -3  0 -1 -2  1 -1 -1 -2 -3 -2 -3 -2 -4 -4  3  5 -5 -3 -2 0 0 1 1 0.08
 0 -2 -2 -3 -4 -2 -3 -2 -1  1  3  0  1  0 -3 -2  0  0  0  1 0 0 1 1 0.09
-2 -2  1 -2 -5  5 -1 -2 -2 -3 -1 -2 -1 -3  0  1  3  1 -3 -3 0 0 1 1 0.08
 1 -2 -1  0 -1  0  0  0 -2  0 -1 -1  0 -2  0  1  2 -4 -2  0 0 0 1 1 0.09
 1 -3  2  4 -4  2 -2 -1 -1 -3 -3 -3 -3 -2 -2  2  1 -3 -3 -2 0 0 1 1 0.10
 2 -2  1  0 -2  4  3 -1 -2 -3 -3 -2  1 -4 -3  1  0 -5 -3 -4 0 0 1 1 0.13
-2 -3 -2 -4 -3 -2 -4 -3 -4  4  2 -3  5  2 -4 -1  1 -3 -2  1 0 0 1 1 0.13
-1  1 -2 -2 -5  1 -2  2 -1 -4 -4  1 -2 -4  6 -1 -2 -6 -3 -4 0 0 1 1 0.14
 2 -1  1  0 -3 -1 -1  0  0 -2 -2  0 -1 -1  0  2  0  1  1 -1 0 0 1 1 0.17
-3 -4 -2 -3 -6 -2 -4 -3 10 -4 -4 -4 -4 -2 -4 -3  0 -6 -1 -4 0 0 1 1 0.17
 0 -1  3  0 -4  1 -1 -2 -2 -2 -2  0 -2 -1 -2  1  4 -3 -1 -1 0 0 1 1 0.18
-3 -4  0 -3 -6 -3 -4 -2 10 -3 -5 -4 -5 -4 -4 -1 -2 -6 -2 -4 0 0 1 1 0.19
 2  0  0 -1 -3 -1 -1  0 -2  0 -1 -1 -1 -3  0  2  2 -2 -1  0 0 0 1 1 0.22
 1 -1  0  0 -1 -1 -1  2  0  0  0 -1  0  0 -1  0  0 -2 -1  1 0 0 1 1 0.22
 0 -2  1 -1 -2  0 -2  3  0 -2 -2 -1 -3 -2  1  1  2 -2 -2 -1 0 0 1 1 0.21
 1 -2 -1 -1 -1 -2 -2 -1 -2  0  0 -2  0  2 -1  0  1  6  0  0 0 0 1 1 0.23
 0 -1  1  0 -2 -2 -2  4  2 -1 -2 -2 -1  0  0  0  0  0 -1 -1 0 0 1 1 0.23
 0 -1  1  1 -3  0  1  0  0 -2 -2 -1 -2 -3  0  1  2 -1 -1 -1 0 0 1 1 0.28
 1 -2  1 -1 -1 -1 -2  0  4 -1 -2 -2 -3  0 -1  2  1 -1  2 -1 0 0 1 1 0.23
 0 -1  2  1 -3  0 -1  1 -1 -2 -2 -2 -3 -2  0  2  2 -1  0 -1 0 0 1 1 0.26
 1 -1  2  1 -4  0 -1  1  3 -1 -2 -2 -2 -2 -1  1  1 -2 -2 -1 0 0 1 1 0.23
 1 -2  1  0 -4 -1 -1  1  0 -3 -2 -1 -3 -2  1  3  1 -2  0 -1 0 0 1 1 0.26
 1 -2  1  0 -3 -1 -1  2 -1 -1 -2 -1 -1  0  0  1  1 -3 -2 -1 0 0 1 1 0.28
 2  0  0 -2 -2  0 -2 -1 -1  0 -1 -1 -1 -2  2  1  2  0 -2 -1 0 0 1 1 0.24
-1 -3 -1 -2 -4 -1 -2 -1  0  0  0 -2 -2  4  2  0  1  0  3  0 0 0 1 1 0.26
 1 -2  0  0 -4  1 -2  4  0 -2 -2 -1 -2 -3  0  0  0  0 -1 -1 0 0 1 1 0.26
 1 -1  3  1 -2 -1 -2  2  0 -1 -3 -1 -2 -3 -1  0  0 -1 -2 -1 0 0 1 1 0.27
 0 -2  0 -2 -3 -1 -2  2 -1 -1 -2 -1 -2 -2  2  1  4 -3 -2 -1 0 0 1 1 0.31
 1 -1  0 -1 -3  1 -1  0 -1 -1 -1 -1 -1 -1  0  1  1  3  1  1 0 0 1 1 0.29
 0  1  1  0 -2 -1 -1  1  1 -1 -1  0 -2 -2  1  1  1  0 -1 -1 0 0 1 1 0.29
 2 -2  3 -1 -4  0 -1  0 -1 -3 -3 -2 -3 -2  0  2  1  0 -1 -1 0 0 1 1 0.34
 0 -2  3  0 -2  0 -2  3  0 -2 -2 -2 -1 -2  0  1  0 -4 -1 -2 0 0 1 1 0.29
 0  0  0  0 -4 -1 -2 -2  1 -1 -1 -2 -1  2  2  0  0 -1  5 -1 0 0 1 1 0.28
 1 -2  0  0 -1 -1 -2  0 -1  1  0 -2  0 -1  0  1  0  3  1  1 0 0 1 1 0.26
 2 -1 -1 -2 -4 -2 -3  4 -2 -2 -1 -2 -3 -2 -1  0  0 -1 -2 -1 0 0 1 1 0.24
 1 -1  1  0 -4 -1 -1  1 -4 -3 -3 -2 -2 -2 -2  3  3 -2 -2 -1 0 0 1 1 0.23
 1  1  1  0 -3  0 -1  2  1 -1 -2 -1 -1 -1 -1  0  0 -4 -2 -1 0 0 1 1 0.22
 1  0  1  0 -3  0 -1  1 -1 -1 -1  1 -1 -1  1  1  1 -1  0 -1 0 0 1 1 0.20
 0 -1  1 -1 -4 -1 -2  3  0 -1 -2 -2 -2 -1  0  2  1 -3  0  0 0 0 1 1 0.18
 1 -1  0 -1 -3 -1 -2  1 -2  0  0 -2 -1 -2  0  1  2 -1 -1  1 0 0 1 1 0.20
 0 -1  2  4 -3 -1  0  0  0 -3 -3 -1 -3 -2  2  1  0 -2 -1 -2 0 0 1 1 0.20
 0  0  0 -2 -2 -1 -2  0  0 -1 -1 -1 -1  1 -1  2  1  5  1 -1 0 0 1 1 0.18
 0  0  1  3 -2 -1 -1  0 -2 -1 -2 -1 -1 -3  2  1  1 -1 -1 -1 0 0 1 1 0.16
 0 -2  5  1 -4 -1 -2  1  1 -2 -2 -2 -2 -3 -2  1  1 -3 -1 -3 0 0 1 1 0.14
 0  1  1 -1 -2  0 -1  1  1 -2 -2 -1 -2 -1  1  1  1 -1  1 -2 0 0 1 1 0.12
 1 -1  0  0 -3  0 -1  0  0  0 -1 -1  0 -2  0  1  1  2 -1 -1 0 0 1 1 0.10
 1 -2  0 -1 -3 -1 -2  0  1 -1 -1 -2  1  2  1 -1  0 -1  4 -1 0 0 1 1 0.10
 0 -1 -1 -2 -2 -1 -2  0  1  0  0 -2 -1  2 -1  0  2  0  3  0 0 0 1 1 0.12
 0 -2  1 -1 -3 -1 -2  1  0 -1 -2 -3 -2 -2  1  1  4 -2 -1  0 0 0 1 1 0.14
 0 -1  4  1 -4  0 -2  0 -1 -2 -2 -1 -1  0 -1  1  2 -3 -2 -1 0 0 1 1 0.14
 0 -2  2  3 -3 -1  0 -1  1 -1 -2  0  0 -2 -1  1  2 -2 -1 -1 0 0 1 1 0.15
 2 -3  0  0 -3 -3 -3  5 -3 -2 -4 -2 -1 -4  1  0  0 -2 -2 -2 0 0 1 0 0.16
 1 -2  0 -1 -3 -1 -2  1  1  0 -1 -1 -1  0 -1  1  2 -1  1  0 0 0 1 1 0.21
 0  0  0  0 -2  0  1  0  2 -1 -1 -1 -2 -2  2  1  0  0 -1 -1 0 0 1 1 0.24
 0 -2 -1 -1 -2 -2 -2 -1 -1  2  0 -2  0  1 -1  1  3 -2  0  2 0 0 1 1 0.33
 0 -2  2  2 -2  0 -1  2  2 -1 -3 -2 -1 -3  1  0  1 -3 -2  0 0 0 1 1 0.41
 1 -2  1 -1 -4 -1 -3  2 -1 -2 -2 -1 -1 -1  4  1  1 -3 -2 -1 0 0 1 1 0.41
 2 -2  0  1 -3 -1 -1  1 -1  0 -1 -2  0 -2 -1  1  1 -3 -2  1 1 0 0 1 0.45
 1 -2  1 -1 -4 -1 -2  4 -1 -3 -3 -1 -2 -1 -2  2  0  1 -1 -2 1 0 0 1 0.46
 1 -1  1  0 -2  1 -1 -1  0  1 -1 -2  2 -2  1  1  1 -1 -1  0 1 0 0 1 0.47
 0  1  0 -1 -3  1 -2  2  5 -2 -2  0 -1 -1 -2 -1 -1  3  0 -1 0 0 1 1 0.50
 1 -2  2  1 -3  0 -1  0 -1 -2 -2 -3 -1 -2  2  2  2 -2 -1 -2 0 0 1 1 0.60
 0 -2  1 -1 -4 -1 -1  0  6 -2 -2 -2 -2 -2  2  1  0 -2 -1 -1 1 0 0 1 0.60
 1  0  1 -1 -2 -1 -1  1  0 -1 -1  0  0  0  0  1  1  0  1  0 1 0 0 1 0.53
 0 -2  0 -1 -3 -1 -2  0  4  1  0 -2  2  0 -1  0  1 -2 -1  1 1 0 0 1 0.51
 0 -3  0  0 -2 -2 -2 -1 -2 -1 -2 -2 -2 -3  0  2  5 -3 -2  0 0 0 1 1 0.46
 0 -2 -1 -2 -2 -2 -3 -1 -2  3  1 -2  1 -1  0 -1  0 -1 -1  2 0 0 1 1 0.51
 1 -2  4 -1 -4 -1 -2 -1  0 -1 -3 -2  1 -3 -1  2  3 -3 -2 -1 0 0 1 1 0.41
 1  0  0 -2 -3 -1 -2  2 -2  1 -1 -1 -2 -2 -2  1  2 -4 -3  1 0 0 1 1 0.43
 0 -2  1  0 -3  0  0  2 -1 -1 -2 -1 -1 -3 -1  1  2 -2 -2  0 0 0 1 1 0.31
 1 -2  0 -1 -3 -1 -1  4 -2 -2 -2 -2 -2 -3  1  1 -1 -3 -2  0 0 0 1 1 0.23
 1  0  0  0 -2  0 -1  0 -1  0  0 -1  0 -1  0  1  2 -1 -1  0 0 0 1 1 0.20
 0 -3 -1 -1 -3  1 -2  4 -2  1 -2 -2  0 -2  0 -1  2 -1 -1  0 0 0 1 1 0.15
 3 -4  1 -1 -3 -3 -2  5  3 -4 -4 -3 -4 -2 -1 -1 -3 -1 -2 -3 0 0 1 1 0.13
 1 -3  5  1 -4 -3 -2  1  4 -2 -3 -2 -4 -3 -2  1  1 -5 -2 -2 0 0 1 1 0.09
-3 -3  3 -1 -6 -1  7 -4 -2 -4 -6 -3 -4 -6 -5 -3 -3 -6 -6 -3 0 0 1 1 0.06
-1 -4  5 -5 -6 -3 -5 -5 -3 -3 -4 -5  2 -5 -4  0  6 -7 -6  0 0 0 1 1 0.03
-4  8 -4 -7 -4  3 -6 -7 -2 -5 -6 -4  1 -8 -6 -4  2 -8 -7 -5 0 0 1 1 0.02
-5 -8 -8 -8 -9  1 -7 -8 -3 -4 -8 -7  0 -9  8 -5 -6 -9 -9  1 0 0 1 1 0.01
-3  6 -2 -3 -5 -3 -5 -6 -1 -3 -3  3 -5 -1  3 -4 -5  2  1  0 0 0 1 1 0.01
-3 -6  8 -4 -7 -3 -5 -5 -1 -7 -7 -5 -5 -2 -5  2 -1 -4  3 -5 0 0 1 1 0.01
-3 -4 -8 -8 -6 -4 -7 -7 -7  6  2 -5  3 -4 -7 -6 -3 -7  0  3 0 0 1 1 0.01
 6 -5 -2 -7 -2 -4 -5 -2 -6 -1 -5 -4 -4 -6 -6  1  1 -7 -1  0 0 0 1 1 0.01
-5 -7 -8 -8 -7 -7 -4 -5 -7  1  3 -8  2  6 -8 -7 -5 -2 -1  4 0 0 1 1 0.01
-3 -3  7 -3 -2 -4 -6 -5 -1 -2  1  0  1 -5 -6 -2 -3 -5 -1 -1 0 1 0 0 0.01
 0 -8 -8 -9 -5 -5 -8 -9 -3 -5 -2 -5 -7  5 -2 -7 -8  4  9 -6 0 1 0 0 0.00
-2 -8 -9 -9  7 -6 -9 -5 -9  7 -1 -4  2 -5 -8 -7 -3 -8 -5 -2 0 1 0 0 0.01
-7 -9 -9 -9 -7 -8 -9 -10 -9  7 -3 -8  1 -6 -9 -8 -4 -9 -6  5 0 1 0 0 0.01
-1  7 -6 -7 -1 -2 -4 -8 -6 -9 -8  6 -7 -9 -7 -4 -7 -9 -4 -8 0 1 0 0 0.02
 5 -6 -7 -7 -5 -6 -6 -5 -3  0  2 -6 -2 -2 -6 -4  0 -4 -6  2 0 0 1 0 0.03
-2  4 -3 -2 -6  3  4 -4 -3 -5 -5  5 -4 -6 -4 -3 -3 -5 -4 -5 0 0 1 0 0.07
-1 -1  1  5 -4  1  4 -2 -1 -3 -3  0 -3 -4 -1  0 -1 -4 -3 -3 0 0 1 1 0.22
