-3 -3  2  7 -5 -1  3 -3 -2 -5 -5 -2 -5 -5 -3 -2 -3 -6 -5 -5 0 0 1 1 0.46
 0  0 -1 -2 -3 -2 -1  5 -3 -4 -4 -2 -3 -4 -3  2  1 -4 -4 -3 0 0 1 1 0.19
-1 -2 -2 -3  2 -1 -3 -4 -3  3  0  0  2 -2 -2 -1  0 -4 -2  4 0 0 1 1 0.09
-3  2 -1 -3 -5  3 -1 -4 -1 -5 -4  6 -1 -5 -3 -2 -3 -5 -4 -4 0 0 1 1 0.04
-6 -2 -7 -7 -6 -5 -6 -6 -5 -6 -5 -6 -5 -2 -7 -6 -6 13 -1 -6 0 0 1 0 0.03
-2  2  1  0 -3  1  2 -3  0 -3 -3  2 -1 -4 -3  0  3 -4 -2 -2 0 0 1 1 0.02
-2 -3 -2 -3 -3  2 -1 -4 -2 -3 -3 -1 -2  2 -3  1  5 -3  3 -1 0 0 1 1 0.02
-3 -4 -5 -5 -3 -4 -5 -5 -5 -1  6 -4  1  0 -5  0 -3 -4 -3 -1 0 1 0 0 0.05
-2  2 -2 -1 -2  2  5 -4 -1 -2 -3  0 -2 -4 -3  0 -2 -5 -4  0 0 1 0 1 0.04
-4  1 -2 -4 -6 -2 -3 -5 10 -6 -6 -3 -4 -4 -5 -4 -4 -5  1 -6 0 0 1 1 0.03
-2  1  6 -1  0 -1 -1 -3  4 -5 -5  3 -2 -4 -4  0 -2 -5 -3 -4 0 0 1 1 0.02
-1 -4 -3 -3 -5 -4 -4  7 -4 -6 -6 -4 -5 -5 -4  0 -3 -5 -5 -5 0 0 1 0 0.03
-2 -4 -4 -4 -3 -4 -4 -5 -5  1  0 -4  1 -3  5 -3 -2 -5 -4  4 0 0 1 0 0.03
 0 -3 -4 -4 -1 -3 -3 -4  1  2  2 -2  3  0 -4 -2 -1  2  3  2 0 1 0 0 0.04
-4 -5 -6 -6  2 -6 -6 -6 -4 -1  0 -6  1  8 -6 -5 -4 -2  0 -3 0 0 1 0 0.05
 3 -4 -3 -1 -4 -2 -2 -1 -4 -4 -4 -3 -4 -5  7 -1 -1 -5 -4 -1 0 0 1 0 0.05
-1 -4 -4  0 -5 -3  0 -4 -4 -5 -5 -3 -5 -5  8 -2 -3 -6 -1 -5 0 0 1 0 0.05
 0 -2 -2  0 -4  0  3 -2 -1 -3 -1 -1 -3 -3  6 -2  0 -4 -1 -3 0 0 1 1 0.06
-5 -4 -3 -6 -5 -4 -5 -6  2 -4 -4 -5 -4  2 -6 -4 -4  3  9 -4 0 0 1 0 0.07
-1 -1 -1  0 -4  3  5 -3 -2 -2 -1  2 -2 -3 -2 -1 -1 -4 -3  0 0 0 1 1 0.09
 0  1 -2 -2 -2  0 -1 -2 -2 -2 -2  0 -2 -2  6  0 -1 -2 -2 -1 0 0 1 1 0.16
-1 -1 -2 -2 -2 -2 -2 -2 -2  1  4 -1  1  0 -2 -2  0 -2 -1  1 0 0 1 0 0.19
-3 -2 -3 -3 -4 -1 -3 -1 -3 -4 -4 -2 -4 -4  8 -2 -3 -4 -4 -4 0 0 1 1 0.14
-1  0 -1  1 -4  0  1 -1  6 -2 -3  2 -3 -4  0  1 -2 -4 -2 -3 0 0 1 1 0.11
-2 -2  3  1 -1  0 -1  4  3 -5 -5 -1 -4 -4 -4  0 -2  3 -1 -4 0 0 1 1 0.08
-1 -4 -5 -5 -3 -4 -4 -5 -5  4 -1 -1 -1  0 -4 -4 -1 -5 -3  6 0 0 1 0 0.06
-2  2 -1 -3 -1  1 -2 -2  2 -3 -3  4 -1 -2  3 -1 -2 -4 -2  0 0 0 1 1 0.05
 0 -3 -3  0 -2 -3 -3 -3 -3  3  1 -3  3  3 -1 -2  0 -2 -1  1 0 1 0 0 0.04
-2  1 -2 -3  0 -1 -1 -3  0  0  2  2  1  1 -3 -2  0 -2  3  0 0 1 0 1 0.03
-3 -3 -3 -4 -3 -3 -3 -4  3  0 -2 -3 -2  2 -4  0 -2  4  8 -1 0 1 0 0 0.02
-1  0  1  5  0  0  0 -1  0  0 -3  2 -1 -3 -2 -1 -2 -4 -3 -2 0 0 1 1 0.02
 0  0  0 -1 -4 -2 -2  6 -4 -5 -5 -2 -4 -5 -4 -1 -3 -4 -5 -5 0 0 1 1 0.02
-2  1 -1 -2 -1  2  2 -3  0 -1 -2  5 -1 -4 -3 -1 -1 -4 -3 -1 0 1 0 1 0.01
 0 -2 -2 -1 -4 -1  1 -4 -1 -1 -1  1 -3 -4  6 -1 -1 -5 -4 -1 0 1 0 1 0.01
-2 -3  0 -4 -3 -3 -4 -4 -3  3  1 -3  4  2 -4 -3 -2 -3  2  4 0 1 0 0 0.01
-1  1  1  2 -3  0  1 -2  2 -2 -2  2  0  1 -1  0  1 -3 -2 -1 0 0 1 1 0.01
-3 -4 -5 -5 -3 -4 -4 -5 -4  2  5 -4  3  1 -4 -4 -3 -3 -3  0 0 0 1 0 0.01
-1 -1  1  0 -3 -1  0 -2  1 -2 -2  0 -2 -3  3  3  2 -4 -3  0 0 0 1 1 0.01
 0 -1 -2 -1 -4 -1  0 -4 -1 -1  1 -1 -2  1  6 -2 -1  0 -3 -1 1 0 0 1 0.01
 1 -2  0  2 -4  1  4 -1  1 -2 -2  0 -3 -4  2 -1 -1 -4 -2 -2 1 0 0 1 0.01
 3 -2 -2 -2 -2  3  0 -2 -2  0  0 -1 -1 -3 -2  0  1 -3 -2 -1 1 0 0 0 0.01
-3  1 -2 -1 -5 -1  7 -4 -2 -4 -4 -1 -4 -4 -3 -2 -3 -4 -4 -4 1 0 0 1 0.01
-3  1 -2 -1 -5 -1  7 -4 -2 -4 -4 -1 -4 -4 -3 -2 -3 -4 -4 -4 1 0 0 0 0.01
 0 -3 -3 -3  0 -3 -3  0 -3  3  0 -2  1 -2 -3 -2 -2 -3 -2  4 1 0 0 0 0.01
 4 -3 -3 -3  3 -2 -3  0  2  1 -1 -2  1 -3 -3  1 -1 -4 -3  0 1 0 0 0 0.01
-1 -2  0 -2  2  0 -2  0 -1 -1 -1 -2  2  1 -2  1  2  3  3 -1 1 0 0 0 0.01
-1 -3 -4 -4 -4 -1 -4 -4 -1  0  0 -2  3  7 -4 -3 -3 -1  3 -2 1 0 0 0 0.01
-1 -4 -4 -5 -4 -4 -4 -4 -2 -2 -2 -4 -1  6 -4 -3 -3  7  6 -1 1 0 0 0 0.01
 4 -3 -2 -3  2 -2 -2  3 -3 -2 -3 -2 -2 -3 -2  0  0 -4 -3  0 1 0 0 0 0.01
 2  0 -1 -2 -2  1  0  0 -1 -2 -2  2  1 -2 -2  1  0 -3 -2  0 1 0 0 1 0.01
-2 -1 -3 -4 -3 -1 -3 -4 -3  1  2 -1  7  0 -3 -1 -1 -3  0  0 0 0 1 0 0.01
-2  0 -3 -3 -2  0 -2 -3  0  1  3  0  3  0 -1 -2  0 -3 -2  0 0 0 1 0 0.01
-2 -2  3  3 -3  0  2  1  3 -2 -1 -1 -1 -3 -2  0 -1 -4 -2 -1 0 0 1 1 0.02
 0  0 -1 -2 -2 -1  0  1  3 -2 -2 -2 -2 -3 -2  2  4 -3 -2 -1 0 0 1 1 0.02
-1 -2  2  4 -4  0  3 -2  2 -3 -3  0 -1 -4  2  0  0 -4 -3 -2 1 0 0 1 0.02
-3  0  0 -3  1  0 -2 -1  6 -3 -1 -2 -2  1  1 -2 -3  3  6 -3 1 0 0 0 0.02
 1 -2 -2 -2  3 -1 -1  0 -2  0  1  0  1 -1 -1  0  1 -2  0  1 1 0 0 1 0.02
-1  0  0  0 -3  3  2 -1  0 -1 -3  1 -2 -2 -2  0  3 -3 -2 -1 1 0 0 1 0.02
-1  1  5  1 -3  0 -1 -2 -1 -3 -3  3  0 -4 -3  0  0 -4 -3 -3 0 0 1 1 0.02
-1 -1 -2  2 -4  0  4 -3 -2 -3 -3  1 -3 -4  5 -1 -2 -4 -3 -3 1 0 0 1 0.02
-1  0 -1 -3  0 -1 -1 -3 -3  3 -1  1 -1 -2 -3 -2  2 -3 -2  3 1 0 0 1 0.02
-4 -4 -4 -5 -4 -4 -5 -5 -3 -2 -1 -4 -2  8 -5 -4 -4 -1  3 -3 1 0 0 0 0.02
-2  3  3 -2  0  4 -1 -3 -2  0 -2  1 -2 -3 -3 -1 -2  2 -2 -1 1 0 0 1 0.02
-1  2  2  1 -4  1  2 -2 -1 -3 -2  4 -2 -3 -2 -1 -1 -4 -2 -2 1 0 0 1 0.03
-4 -3  8  1 -4 -2 -2 -3 -2 -5 -5 -3 -4 -5 -4 -2 -2 -5 -4 -5 1 0 0 0 0.03
-3 -4 -5 -5 -4 -5 -5 -5 -3 -2 -2 -5 -2  8 -5 -4 -4  2  1 -1 1 0 0 0 0.03
-3 -1 -4 -4 -3 -3 -4 -4 -3 -1 -1 -2  2  7 -4 -2 -2  6  1 -2 1 0 0 0 0.03
 0  1  3  1 -3  1  1 -1  1 -3 -3  2 -1 -3 -2  1  1 -3 -2 -2 1 0 0 1 0.03
-1 -3  0  7 -5  0  1 -2 -3 -4 -5 -2 -4 -2 -3 -1 -1 -5 -4 -3 1 0 0 0 0.04
-4 -4 -5 -5 -4 -4 -5 -5 -4 -3 -1 -2 -3  7 -5 -3 -4  9  0 -4 1 0 0 0 0.04
-1  4 -1 -2  1  2  0 -3  0 -1  0  3  0 -3 -3 -1 -1 -3 -3 -1 1 0 0 0 0.08
 0  0  0  0 -2  1  2 -2 -1 -2 -2  4  1 -4 -2  1  0 -4 -3 -2 1 0 0 1 0.09
-1 -2 -1 -2  0 -1  1 -3 -1  2  1 -1  0 -1 -3  0  1 -3  0  2 1 0 0 1 0.07
-3 -3 -4 -4  0 -3 -2 -4 -4  1  4 -3  5  1 -4 -3 -1 -3 -2  1 1 0 0 0 0.06
-1  0  0  1 -3 -1  0  2 -2 -3 -2  2 -2 -3  1  0  2 -3 -3 -2 0 0 1 1 0.07
-1  0 -1  1 -3  0  3 -2  0 -3 -3  3 -2 -2 -1  0 -1 -3 -2 -1 0 0 1 1 0.07
 0  0  2  1  0  0  2  0  2 -2 -2  1 -2 -3 -2  0  1 -3 -1 -2 0 0 1 1 0.09
-2 -1  0  0 -3  1  2  3  5 -3 -3  1 -2  0 -1 -1 -2 -3 -1 -3 0 0 1 1 0.09
 0  2 -1 -2 -3 -1 -1  2  2 -1 -2  2 -1 -1  2 -1 -1 -2 -2 -2 0 0 1 1 0.09
 1  0  0 -2  1  1  0 -1 -2 -1 -1  2 -2 -3  3  0  0 -3 -2 -1 0 0 1 1 0.08
-1  0 -1 -1  0  0  0 -1  0  0  1  1  1  1  0 -1  0 -1  0  0 0 0 1 1 0.06
 0  1  2  1 -1  1  2 -1  0 -2 -2  1 -1 -2  0  0 -1 -2 -1 -2 0 0 1 1 0.06
 0  1  2  1 -2  0  0  2  0 -2 -2  2 -2 -2  0  1 -1 -2 -2 -2 0 0 1 1 0.04
-1 -1 -1 -1 -1 -1  1 -1 -1  2  0  0  1 -1 -1 -1  0 -2 -1  2 0 1 0 1 0.03
 0  1  0  1 -2  1  1 -2  0  0 -1  1  0 -2  0  0  1 -2 -2  0 0 1 0 1 0.03
-2  0 -4 -4 -3 -4 -4 -4 -4  7  1 -3  1 -1 -2 -4 -3 -4 -3  1 0 0 1 0 0.02
-2  0  0 -2  0  2  0 -3 -1 -2 -2  5 -2 -4 -3 -1  3 -4 -3 -2 0 0 1 1 0.01
-2  0  2  4 -1 -1  2 -1  1 -4 -4  1 -3 -4 -2  1  0 -4 -3 -3 0 0 1 1 0.01
-4 -4 -5 -5 -4 -4 -5 -5 -4  1  3 -5  0  7 -5 -4 -4  2  1  0 0 0 1 0 0.01
-1 -1  0  4 -4  0  3 -2  2 -4 -4  3 -4 -4 -3  1 -1 -5 -3 -4 0 0 1 1 0.01
-1  0 -2  1 -5 -1  0 -3 -1 -4 -1  6 -3  2 -4 -2 -3 -4 -1 -4 0 0 1 1 0.01
-2 -6 -5 -6 10 -6 -6 -1 -6  1 -1 -6  1 -1 -6 -1 -4 -5 -2 -2 0 1 0 0 0.00
-2 -4  3  7 -6 -3 -1 -4 -4 -6 -7 -4 -6 -7 -5 -1 -4 -7 -6 -6 0 1 0 1 0.00
-2 -6 -6 -7 -6 -6 -7 -6 -5 -2 -3 -6  0  9 -7 -6 -5  1  0 -4 0 0 1 0 0.00
-2  2 -1 -2 -1  0 -1 -1 -3 -4 -3  1 -1 -1 -3  3  4 -2  0 -3 1 0 0 1 0.00
-1  0 -2  0 -5  0  3 -4  1 -3 -1  3 -3 -5  5 -2 -2 -5 -3 -4 1 0 0 1 0.01
-1 -5 -6 -6 -4 -5 -6 -6 -5  6  1 -5  7 -2 -6 -5 -4 -5 -4  0 1 0 0 0 0.01
 0  0 -1 -2 -2 -2 -3 -4  6 -4 -3  1 -3  4 -4 -1 -3  0  5 -3 1 0 0 0 0.01
 1  0  1  3 -4  2  3 -3 -2 -3 -2  2 -1 -2 -3 -1 -1 -4 -3 -3 1 0 0 1 0.01
-5 -3 -5 -6 -6 -4 -5 -6  7 -3 -2 -5  1  1 -6 -5 -5  6  8 -5 1 0 0 0 0.01
-3 -4 -3 -5 -1 -2 -4 -5  4  0  2 -2 -2  5 -3 -3 -3  3  3  0 1 0 0 0 0.01
-1 -1 -1  2 -3  2  3 -1 -2 -1  0  1  1 -2 -3 -1 -1 -4 -3  0 1 0 0 1 0.02
 1  0 -1  1  0  2  2  0 -2 -2 -1  1  1 -3  0  0 -1 -3 -3 -1 1 0 0 1 0.04
-2  0 -2 -1 -2  5  4 -4 -2 -2  0  3 -1 -4 -3 -2 -1 -4 -3 -3 1 0 0 1 0.05
 0  4  0 -2 -4  1 -1 -2 -2 -3 -3  4 -1 -4 -3  0  0 -4 -3 -2 1 0 0 1 0.08
 0 -2 -1  1 -4  1  6 -3 -2 -3 -3  1 -3 -2 -3 -1 -1 -4 -3 -2 1 0 0 1 0.09
 2  2 -1  0 -3  1  2 -2 -2 -1 -1  3 -1 -3 -2 -1 -1 -3 -3 -1 1 0 0 1 0.12
-3  4  0 -2 -4  1  0 -3  0 -3 -4  6 -3 -4 -3 -2 -2  0 -2 -4 1 0 0 1 0.14
-2  2 -1 -2 -4 -1 -1 -3 -3 -3 -1  6 -3 -4 -3 -1 -2 -4 -3 -1 0 0 1 1 0.15
 2 -1  3  0 -3  2  1 -1 -1 -3 -2  0  0 -3 -2  1  0 -4 -3 -2 0 0 1 1 0.16
 0  2 -1 -3 -3  1 -2 -3 -2  0  3  0  5 -2 -3 -1 -1 -3 -2 -1 0 0 1 1 0.17
 0 -2  0 -1  0 -2 -1 -2 -3 -2 -3 -1 -3 -4  3  3  3 -4 -3 -2 0 0 1 1 0.19
 1  2 -1  0 -3  0  0 -2 -2 -1 -1  4 -2 -3  1  0  0 -4 -3 -1 1 0 0 1 0.19
 2 -2  0  0 -4  0  5 -2 -1 -4 -3 -1 -2 -4 -3 -1 -2 -4 -1 -3 1 0 0 1 0.22
-2 -1 -2  0 -5  2  6 -2 -2 -5 -4  0 -1 -1 -3 -2 -3 -4 -1 -4 1 0 0 1 0.24
-3  2  0 -3 -5 -1  0 -1 -2 -4 -4  6 -3 -4 -3 -2 -1 -4  1 -4 1 0 0 1 0.26
-1  1 -1 -1 -4  3  0 -3 -2 -3 -1  5 -1 -4 -3 -2 -2 -4 -3  0 1 0 0 1 0.26
 3  1 -2 -2 -3  2  1 -2 -2 -2 -1  3 -1 -3 -1 -1 -1 -4 -3 -1 1 0 0 1 0.29
 0  0 -1 -2 -2  0  1 -3 -2  2  2  0  0 -2 -2 -2 -2 -3 -2  0 1 0 0 0 0.24
-1  2 -2 -3 -4  1 -1 -3 -2 -1 -2  6 -3 -4 -3 -1 -1 -4 -3 -3 1 0 0 1 0.18
 1  0 -1  1 -3  2  3 -2 -2 -1 -1  1  0 -3 -2 -1  0 -3 -3 -1 1 0 0 1 0.18
 0 -1 -2  0  0  1  5 -2 -2 -1 -2  1  0 -4 -2 -1 -1 -4 -3 -1 1 0 0 1 0.18
-1  3  2  0 -4  1  0 -3 -2 -4 -3  4  0 -4 -3  0  0 -4 -3 -3 1 0 0 1 0.16
 0  0  0  3 -4  0  4 -2 -2 -3 -2  1 -1 -4 -1 -1 -1 -4 -3 -3 1 0 0 1 0.16
 2  1 -2  0 -3  2  3 -2 -2 -2 -2  4  0 -3 -2 -1 -2 -3 -1 -3 1 0 0 1 0.18
 0  0 -1 -2  0  1  1 -3 -2  1  2  0  1  0 -3 -1 -1 -3 -1 -1 1 0 0 0 0.16
-1  0 -2  1 -4  3  4 -2 -2 -1 -1  1  0 -3 -3 -1 -2 -3 -1  0 1 0 0 1 0.16
 1 -1  1  0 -3  1  3 -2  2 -3 -1  2 -2  0 -2  0 -1 -3  0 -2 1 0 0 1 0.20
-2  1 -2 -1 -4  0  3 -3  0 -1 -3  3 -2 -2  5 -2 -1 -4 -1 -3 1 0 0 1 0.16
-4 -4 -1 -5 -5 -4 -4 -5  2 -3 -3 -4  0  4 -5 -3 -4  2  8 -2 0 0 1 0 0.07
 0 -1 -1 -3 -1 -1 -3  5 -3 -2 -1  2  2 -3 -3 -1  0 -4 -3 -2 0 0 1 0 0.05
-3 -3 -2 -4 -1 -3 -4 -2  1  0 -2 -2 -2  4 -4 -1 -1  6  6 -1 0 1 0 0 0.03
 4 -3 -4 -5  9 -4 -4 -2 -4 -3 -2 -4  0 -4 -4 -1 -3 -5 -3 -1 0 1 0 0 0.03
-2 -2 -2 -3 -3 -1 -1 -4 -3  3  3 -1  2  0 -3 -2  0 -1  1  1 0 1 0 0 0.04
-2 -3 -4 -4 -2 -3 -3 -4 -4  3  2 -3  2 -1 -3 -3 -2  5 -2  4 0 1 0 0 0.03
-3 -3  1  8 -5 -2 -1 -3 -3 -5 -5 -3 -4 -5 -3 -2 -3 -5 -4 -5 0 0 1 0 0.03
-2 -4 -1 -2 -4 -3 -2  6 -1 -5 -5 -3 -4 -2 -4 -2 -3  3 -3 -4 0 0 1 0 0.02
-2  3 -1 -2 -2 -1  0 -2  5  0 -2  1 -2 -1 -3  0 -2 -3  0  0 0 1 0 1 0.02
-2  4 -2 -2 -1  0  1 -3 -2 -2 -1  4 -1 -3 -1 -1 -2 -3 -3 -1 0 1 0 1 0.02
-2  0 -2 -1 -4  3  6 -3  3 -4 -4 -1 -3 -3 -3 -2 -2 -4 -3 -1 0 1 0 1 0.02
-1  3  0  0 -3  1  1 -2 -1 -3 -2  4 -1 -3 -1 -1 -1 -3 -2 -2 0 1 0 1 0.02
-1 -2 -3 -3 -1 -2 -2 -3 -3  4  0 -2  0  0 -2 -2  0 -2 -1  4 0 1 0 0 0.02
 1 -2  0 -1 -2 -1 -2  5 -2 -3 -3 -2 -2 -3  1  0  0 -3 -3 -3 0 0 1 0 0.02
-2 -1  6  0 -3  2 -1 -1  2 -3 -3 -1 -2 -3 -1  1 -1 -3 -2 -3 0 0 1 1 0.03
-2 -3 -1 -3 -3 -3 -3 -3 -1 -1 -1 -3 -1  7 -2 -2 -2  3  4 -1 0 0 1 0 0.03
-1  5  0 -2 -3  0 -1 -2 -1 -2 -1  3  1 -2 -2  0  0 -3 -2 -1 0 1 0 1 0.03
 0 -2 -2 -2 -1 -2 -2 -2 -2  3  1 -2  1  1 -2 -1  0 -2 -1  3 0 0 1 0 0.03
-1 -1 -1  1 -3  1  5  0 -1 -3 -3  1 -2 -3 -2  0 -1 -3 -2 -3 0 0 1 1 0.03
-1  0 -2 -2 -3 -1 -2  0 -2 -2 -3 -1 -2 -3  7  0  1 -3 -3 -2 0 0 1 0 0.04
-2 -3 -2 -2 -3 -2 -2 -3 -3 -3 -3 -2 -3 -4  8 -1  1 -4 -3 -3 0 0 1 0 0.04
 0  0 -1 -1 -2 -1 -2  5 -2 -3 -3 -1 -2 -3 -2  1 -1  1 -2 -2 0 0 1 0 0.06
-1 -2 -3 -3 -2 -2 -3 -3 -3  2  4 -2  1  0 -3 -2 -1 -2 -2  1 0 1 0 0 0.08
-2 -3 -3 -3  3 -3 -3 -3 -2 -1 -1 -3 -1  6 -3 -2 -2  0  3  1 0 0 1 0 0.11
-1  5 -1 -2  4  2 -1 -2  0 -1  0  1  0 -2 -2 -1 -1 -2 -2 -2 0 0 1 0 0.15
-1  1 -1  0 -3 -1 -2  5 -2 -3 -3 -1 -3 -3  2 -1 -2 -3 -3 -3 0 0 1 0 0.20
-1  6 -1 -2  0  0 -1 -2 -1 -3 -3  1 -2 -2 -2  1 -1 -3  0 -3 0 0 1 1 0.25
-1 -2 -1 -2 -3 -2 -2  6 -2 -3 -3  0 -3 -3 -2 -1 -2  4 -2 -3 0 0 1 1 0.33
 0  1  0  2 -1  1  2  0 -1 -2 -1  0 -1  0 -1  0 -1 -2 -1 -2 0 0 1 1 0.51
 0 -1  0 -2 -2 -1 -1 -2  8 -2 -2 -1 -2 -1 -2  0 -1 -2  2 -2 0 0 1 0 0.51
-1 -2 -2 -2 -3 -2 -2 -2 -2 -3 -3 -2 -3 -3  7  2  0 -3 -3 -3 0 0 1 1 0.56
-1  1 -1 -2 -3  0  0 -2 -2 -2 -1  5  0 -3 -2 -1  1 -3 -2 -2 0 0 1 1 0.56
-1  1  0  1 -2  1 -1 -2 -1  0  0  0  5 -1 -2  0  2 -2 -1 -1 0 0 1 1 0.54
-1 -2 -1 -2 -3 -2  0  6 -2 -3 -3 -2 -3 -3  1 -1 -2 -3 -3 -3 0 0 1 1 0.53
-1  2 -1 -2  0  1 -1 -2  0 -1  0  2  4 -1 -2  0  0 -2 -1 -1 0 0 1 1 0.34
-1 -2 -3 -3 -2 -2 -2 -3 -2  2  3 -2  1  0 -2 -2 -1  3  0  2 0 1 0 0 0.24
-2  2 -1 -2 -4  0  0 -2 -2 -3 -3  6 -2 -4 -2 -1 -2 -3 -3 -3 0 1 0 1 0.18
-1  3 -1 -2 -3  0  0 -1 -1 -2 -2  3 -1 -2  2 -1 -1 -3 -2 -1 0 0 1 1 0.14
-3  7  0 -4 -2 -1 -2 -4 -2  0 -4  0 -3 -4 -4 -3 -3 -5 -2 -4 0 0 1 0 0.10
-2 -4 -4 -5 -3 -4 -4 -1 -5  5  0 -4  0 -2 -4 -3 -1 -4 -3  5 0 0 1 0 0.06
-1  1 -1 -2 -1  2 -1  0  0 -1  0 -1  2  2 -2  0  0  0  3 -1 0 0 1 0 0.03
 0 -4 -4 -3 -5 -3 -2 -4 -4 -5 -5 -3 -4 -6  8  0 -2 -6 -5 -4 1 0 0 0 0.03
-1 -1 -1  0 -2  2  6 -2  1 -5 -4  1 -3 -4 -3  1 -2 -4 -2 -4 1 0 0 1 0.02
-2 -3  0  7 -5  3  1 -3 -1 -4 -2 -2 -2 -5 -3 -1 -2 -5 -4 -4 1 0 0 0 0.01
-2 -5 -5 -5 -3 -4 -5 -5 -5  5  0 -4 -1 -2 -4 -4 -2 -4 -3  5 0 0 1 0 0.01
 0 -3 -1 -3 -2 -2 -3 -3  0  3 -1 -3  0 -3 -3  0  4 -4 -3  2 0 1 0 0 0.01
-3 -4 -5 -5 -3 -4 -5 -5 -5  6  3 -4  0 -2 -4 -4 -2 -4 -3  2 0 1 0 0 0.01
-4 -3  8 -1 -5 -2 -3  0 -2 -6 -6 -2 -5 -5 -4 -2 -2 -6 -5 -5 0 1 0 0 0.01
-2 -4 -4 -5  7 -4 -4 -5 -1  4  3 -4  0 -2 -4 -3 -2 -4 -3  1 0 0 1 0 0.02
 0 -3 -2  1 -4 -3 -2  5 -3 -5 -5 -3 -4 -5 -3  4 -1 -5 -4 -4 0 0 1 0 0.02
 0  1 -2 -2 -4  1  2 -3 -2 -2 -3  5 -3 -4 -2 -1 -1 -5 -4 -3 0 0 1 1 0.02
-2 -3  2  6 -5  0  2  1 -2 -5 -4 -1 -4 -4 -3 -1 -2 -5 -1 -4 0 0 1 1 0.02
 4 -2 -1 -1 -1 -2  0 -2  0 -3 -3 -2  0 -4 -2  3 -1 -4 -3 -1 0 0 1 0 0.03
-1  0 -1 -2 -1 -1  0 -2 -2 -2 -4  4 -2 -5  5 -1 -1 -5 -4 -2 0 0 1 1 0.03
 0 -4 -4 -4 -2 -3 -4 -4 -2  4  0 -4 -1  0  1 -3 -1  1 -2  4 0 0 1 0 0.04
-4 -5 -5 -4 -6 -4 -2 -5 -5 -6 -6 -4 -5 -7  9 -4 -4 -7 -6 -5 0 0 1 1 0.07
 0  0 -2  0 -1  1  4 -2 -2  0 -3  2 -1 -4  3 -1 -1 -4 -3 -1 0 0 1 1 0.05
 0 -4 -4 -4  6 -3 -3 -3 -2 -3 -3 -3 -4 -5  7 -1 -3 -5 -4 -1 0 0 1 0 0.06
-3 -4  0 -2 -4 -3 -3 -3 -3 -1 -1 -2 -3 -4  7 -1 -2 -5 -1 -3 0 0 1 1 0.08
 1 -2 -2  0  0 -1  2 -3 -3 -2 -3  0  0 -4  6 -1 -1 -4 -3 -2 0 0 1 1 0.10
-2 -4 -1 -3 -4 -3 -4  7 -4 -5 -5 -3 -4 -5  0 -2 -3 -4 -5 -5 0 0 1 1 0.13
-3 -1 -2 -3 -5  0  1  1  9 -5 -3 -2 -4 -4 -3 -2 -1 -4  0 -5 0 0 1 1 0.18
 0  2  2 -1 -4  2  0 -1  0 -4 -3  4 -2 -4 -3  1  0 -4 -3 -3 0 0 1 1 0.32
-6 -6 -7 -8 -6 -5 -6 -6 -5 -6 -5 -6 -5 -2 -7 -6 -6 13  1 -6 0 0 1 0 0.33
 0  0 -1 -3 -3 -1 -1  2 -3 -5 -4  6 -3 -5 -3 -1 -2 -5 -4 -4 0 0 1 1 0.33
 1 -1 -1  3 -4  1  4 -1 -2 -4 -4  2 -3 -4 -2  1 -1 -4 -3 -3 0 1 0 1 0.20
-2 -4 -5 -5 -3 -4 -5 -5 -5  5  0 -4 -1 -2 -4 -4 -2 -4 -3  5 0 1 0 0 0.16
-2  3 -2 -3  0  1 -1 -2 -2  1 -1  1 -1 -1 -3 -2  1 -3 -1  2 0 1 0 1 0.11
-3 -3  0 -3  2 -2 -1 -4 10 -5 -5 -3 -4  0 -4  0 -2 -4  0 -5 0 0 1 0 0.09
-3  0  1  6 -5  0  1 -3 -2 -4 -4  0 -4 -5 -3  1 -2 -5 -4 -4 0 0 1 1 0.07
-2  1  5  2 -1  1  1 -2  2 -4 -4  2 -3 -2  1 -1 -1 -4 -3 -4 0 0 1 1 0.05
-1  1  1  2 -3  0  0 -2 -2 -3 -3  3 -2 -3 -2  1  4 -4 -1 -2 0 0 1 1 0.04
 2 -1 -3 -3 -2 -2 -3  0 -3  0 -1 -2 -1 -1 -3  0  0 -4 -2  4 0 0 1 0 0.02
-1  2 -1  0 -2  0 -1 -3 -2  0  0 -1  1 -3 -2  0  4 -3 -2 -1 0 0 1 0 0.01
-3 -4 -4 -4 -3 -3 -4 -3 -3 -4 -3 -4 -3 -1 -4 -4 -3 12  0 -4 0 0 1 0 0.01
-2 -2 -3 -3 -2 -2 -3 -3 -3  1  5 -3  1 -1 -3 -1 -2 -2 -2  1 0 0 1 0 0.01
 4 -2 -2 -2  2 -2 -2 -1 -2 -1 -2 -2 -1 -1 -2  0 -1  3  1  0 0 1 0 0 0.01
 0 -1 -1 -2 -1 -1 -2 -1 -1 -2 -2  1  4  1 -3  3  1  1  1 -2 0 1 0 0 0.01
-5 -3 -5 -5 -5 -4 -5 -5 -4 -5 -4 -5 -4  0 -5 -5 -5 12  3 -5 0 1 0 0 0.01
-1  1  1 -1 -1  1  0 -3  1 -1 -2  2  1 -3 -2 -1  3 -3 -1  0 0 1 0 1 0.01
-3 -3 -2  6  1 -1  5 -3 -3 -4 -4 -1 -4 -5 -3 -2 -3 -5 -4 -4 0 0 1 1 0.01
-1 -2  6 -1 -3 -2 -2 -1 -1 -1 -3  1 -3 -2  2  1  0 -4 -1 -2 0 0 1 1 0.01
-3 -4 -4 -4 -3 -4 -4 -4 -4  6  2 -4 -1 -2 -4 -2 -1 -4 -3  3 0 0 1 0 0.01
-1 -1  4 -1 -3  3 -1 -2  1 -1 -1  0 -1 -2 -1  1  2 -3 -2 -2 0 0 1 1 0.01
-1 -1  3  1 -4  1 -1  5 -2 -4 -4  1 -3 -4 -1 -1 -2 -4 -4 -4 0 0 1 1 0.01
-1  0  4  0  0  3  0 -1  1 -4 -2  3 -3 -3 -3  2 -1 -5 -3 -3 0 0 1 1 0.01
-2  0  0 -2  0 -3 -2 -2  2  2 -1 -3  1  4 -2 -1  0  1  2  1 0 1 0 0 0.01
-4 -1 -3 -4 -6 -2 -2 -5  2 -6 -6  8 -5 -6 -4 -3 -4 -6  0 -6 0 1 0 0 0.01
-1 -5 -5 -6 -6 -5 -5 -6  3 -5 -5 -5 -4  0 -6 -5 -5 -1 10 -5 0 1 0 0 0.01
-3 -5 -5 -5 -3 -4 -5 -6 -5  4 -1 -5  2 -1 -5 -4 -1 -5 -3  6 0 1 0 0 0.01
-3  1 -4 -5 -4  1 -4 -5 -3 -2 -1 -2  7  5 -5 -1 -2  6  0 -3 0 0 1 0 0.02
-4 -4 -6 -6 -4 -4 -5 -6 -5 -1  6 -5  0  3 -2 -5 -3 -3 -2 -1 0 1 0 0 0.03
 5 -3  4 -1 -3 -2 -2  1 -1 -4 -4 -2 -3 -4 -3  1 -2 -5 -4 -3 0 0 1 1 0.07
 6 -3 -3 -3 -2 -2 -2 -1 -3 -3 -3 -2 -3 -4 -2  2 -1 -4 -3 -2 0 0 1 1 0.21
