 0 -3 -1 -2 -3 -2 -3  6 -3 -4 -4 -2 -3 -4 -3 -1 -2 -3 -4 -4 0 0 1 1 0.87
 1 -2 -3 -3 -1 -2 -2 -3 -3  1  3 -2  1 -1 -2 -1  1 -3 -2  2 0 1 0 1 0.86
-3 -3  0  7 -5 -2  0 -3 -3 -5 -5 -2 -4 -5  1  0 -2 -6 -4 -4 0 1 0 1 0.82
 0  1  4  2 -3 -1 -1  0 -1 -2 -2  1  0 -3 -2  1  1 -4 -3 -1 0 1 0 0 0.75
 0 -2 -1  2 -3  0  2 -2 -2 -3 -3  0 -2 -1 -2  3  3 -4 -3 -1 0 1 0 1 0.66
 0  2 -2 -2 -3  2  0 -3 -2  2  2  0  0 -2 -3 -1 -1 -3 -2  0 0 1 0 1 0.53
 0 -2  2 -1 -2 -2 -2 -2  0 -1 -3  0 -2 -4 -2  3  5 -4 -3  0 0 1 0 1 0.38
-1  1 -2 -1 -3  2 -2 -2  0  0  2  0  0 -2 -3 -1  3 -3 -2  1 0 1 0 0 0.36
-2  0 -3 -3 -3 -3 -1 -4 -4  2 -2 -2 -2 -3  5 -2  3 -4 -3  3 0 1 0 1 0.26
-3 -3 -1  6 -4 -2  0 -3 -3 -3  0 -1 -3 -4 -3 -1  3 -5 -4 -1 0 0 1 0 0.15
 0 -1 -2  2 -4 -2  0  5 -3 -4 -2 -2 -3 -4  0  0 -2 -4 -4 -2 0 0 1 1 0.09
-3 -1  0  4 -4  1  1  0  0 -4 -3 -1 -3 -3 -4 -2 -3  9 -2 -4 0 0 1 1 0.06
-1 -1 -1  1 -3  0 -2  6  2 -3 -3 -2 -3 -3 -2 -1 -2 -3 -3 -3 0 0 1 1 0.04
-1  1  0 -2 -2 -1 -2 -1  1 -1 -1 -1 -1 -1 -2 -1  2  7  1  1 0 0 1 0 0.03
 0  1  1 -2 -2  0  1 -2 -1 -1 -1  0 -1 -3  0  0  3 -3 -2  1 0 1 0 1 0.02
-1 -4 -5 -5 -3 -4 -4 -5 -4  3  4 -4  2  0 -4 -4 -2 -4 -3  4 0 1 0 0 0.02
 0  1  0  0 -3  0  1 -2  1 -2 -2  0 -2 -4 -3  0  5 -4 -3  0 0 1 0 0 0.02
 0 -4 -5 -5 -3 -4 -4 -5 -5  3  2 -4 -1 -2 -4 -3 -2 -4 -3  5 0 1 0 0 0.01
 1  1  1  0 -3  2  0  2 -2 -2 -3  0 -2 -3 -2  1  1  2 -2 -1 0 1 0 0 0.02
 2  0 -2 -3 -3  3 -1  0  1 -1  1  1 -1 -3 -3 -1  0 -3 -2  0 0 1 0 0 0.02
-1  2 -1  0 -3  0  0 -2 -2 -3 -2  2 -2  0 -3  1  2  4  1 -2 0 1 0 1 0.03
-3 -1  3  6 -5  0  1  1 -1 -5 -5  1 -4 -5 -3  0 -2 -5 -4 -5 0 1 0 1 0.03
-2 -2  0 -1 -4  2  5 -4  2 -3 -1 -1  0 -4 -1 -2  2 -4 -3 -2 0 1 0 0 0.04
 0  0 -2 -2 -3  0 -1 -3 -2 -2 -2  0 -1  3 -3  2  3  1  1  0 0 1 0 1 0.04
 2 -1 -3 -3 -2  3 -2 -3  0  2  1 -2  0 -2 -3 -1 -1 -3 -1  2 0 1 0 0 0.04
-2  3  5 -1 -4  0 -1 -3 -1 -1 -1 -1 -1 -2 -3 -1  1 -4 -1  0 0 1 0 1 0.05
 0 -2 -1 -1 -3 -2 -2  1 -1  1 -1 -2 -2 -3  4  2 -1 -4 -3  0 0 1 0 1 0.05
 0 -3 -2 -4 -3 -1 -3 -3 -4  3 -1 -3  1  0 -4  2 -1 -4  0  4 0 1 0 1 0.05
 2 -1 -2 -4 -4  0 -3 -4 -4 -1 -4 -2 -4  1  7 -1 -3 -5 -4 -3 0 0 1 1 0.05
 1 -4  3 -3 -4 -3 -3 -2 -4 -5 -5 -3 -4 -5  7  2 -3 -6 -5 -4 0 0 1 0 0.05
-3 -4 -5 -6 -3 -4 -5 -6 -5  1  5 -4  5 -2 -5 -4 -3 -4 -3  0 0 0 1 0 0.05
 2 -3  1  3 -3 -2 -2  2 -3 -3 -3 -2 -3 -4 -3  0  4 -4 -4  0 0 0 1 0 0.04
 1  1  2 -1 -3  0 -1  2 -2 -3 -4 -1 -3 -4 -1  2  3 -4 -3 -3 0 0 1 1 0.04
 3 -3  2 -1 -2 -2 -1 -1 -3 -2 -1 -2  0 -3 -3  3  3 -4 -3  0 0 0 1 1 0.03
 0  0 -1 -3 -4  1 -3 -2 -3  0  1 -2 -2 -2  6 -1 -1 -4 -3 -1 0 0 1 1 0.02
 0 -3  1 -3 -3 -1 -2 -3 -3 -2  2 -1  0  3 -3  2  2  3 -1 -1 0 0 1 1 0.02
-2 -3  0 -1 -3 -2 -2 -3  4 -4 -4 -3 -3 -4 -3  5  4 -5 -3 -3 0 0 1 0 0.02
-3  8 -3 -4 -6 -2 -3 -3 -3 -5 -5  1 -4 -2 -5 -3 -4 -5 -1 -2 0 1 0 0 0.01
-3 -3  3  2 -6 -1  6 -4 -2 -5 -3 -2 -4 -6 -4 -2 -3 -6 -5 -5 0 1 0 0 0.01
 3 -3 -3 -4 -3 -3 -3  0 -2 -1 -1 -3 -1  2 -3 -1 -2  5  4  1 0 1 0 0 0.01
-4 -2 -5 -5 -4 -3 -3 -5 -3 -1  1 -4  0  6 -5 -4 -3  8  3  0 0 1 0 0 0.01
 1 -4 -3 -4 -3 -3 -3 -3  4  2  0 -3 -1 -1 -4 -1 -2 -4 -2  5 0 1 0 0 0.01
 0 -2  2  1 -3 -1 -2  2 -3 -4 -4 -2 -3 -4 -3  4  2 -4 -4 -3 0 1 0 0 0.01
 0 -4 -1 -3 -4 -2 -3  6 -4 -3  0 -3  0 -2 -4  0 -3 -4 -4 -3 0 1 0 0 0.01
-1  3 -1  0 -3 -1 -1 -3 -2  0 -1  2 -2 -3 -3  1  3 -4  0 -1 0 1 0 0 0.01
 3 -4 -3 -4 -3 -3 -3  2 -3 -1 -1 -3 -2  4 -4 -1 -1 -2  2  1 0 1 0 0 0.01
 0  2  1  0 -3  0  0 -1 -1 -1 -2  0 -1 -2 -2  1  3  0 -1  0 0 1 0 1 0.02
 3 -4 -3 -4 -3 -3 -4  3 -3 -1 -3 -3 -2 -3 -4 -1 -2 -4  1  3 0 1 0 0 0.02
 1  1  1  0 -3 -1  0  0  0  0 -2  1 -2 -3 -2  2  2  0 -3 -1 0 1 0 1 0.02
-1 -4 -4 -5 -3 -4 -4 -5 -4  5  2 -4  0 -2 -4 -2 -1 -4 -3  4 0 1 0 0 0.03
 1  0 -1  1 -3 -1  1  0 -2 -3 -2 -1 -2 -3 -2  2  3 -4 -3 -1 0 1 0 1 0.04
-1 -1  0 -1 -4 -3 -3  6 -2 -5 -5  0 -4 -5 -4 -1 -3 -5 -5 -5 0 0 1 1 0.05
 1 -1  0  0 -3  0  0  2 -1 -1 -2  1 -2 -3  4  0 -2 -4 -3 -2 0 0 1 1 0.05
 0 -1  0  0 -3 -1  0  4 -2 -3 -4  0 -3 -4 -1  1  0 -4 -3 -2 0 0 1 1 0.05
 3  0  0  0 -2 -1  0  1 -2 -2 -2  1 -2 -3 -1  1  1 -3 -3 -1 1 0 0 0 0.05
 1 -2  0  2 -3  0  2 -2 -2 -1 -3  1 -2 -3  3  0  1 -3 -2 -2 1 0 0 1 0.04
 0 -1 -1  1 -2  0  1 -1 -1  1 -1  1 -1 -1  2  0  0 -3 -2  0 1 0 0 1 0.04
 0 -2 -1 -1 -2 -1 -1 -1 -2  1  0 -1  0  2  1  0  1 -2  0  1 0 0 1 0 0.04
 0  0 -1  1 -3  0  1  3  0 -2 -3  1 -3 -4 -2  1  1 -4 -3 -2 0 1 0 1 0.04
 2 -4 -3 -3 -4 -4 -4  6 -4 -3 -5 -3 -4 -5 -4  1 -1 -5 -5 -4 0 1 0 0 0.02
 0 -1  0 -2 -3 -1 -1 -3 -3  0  0  0 -2 -2 -3  2  4 -4 -2  1 0 1 0 0 0.02
-3 -4 -5 -5 -3 -4 -4 -5 -4  3  4 -4  1  3 -4 -4 -3 -3 -2  2 0 1 0 0 0.01
-2 -2 -2  1 -4  1  5 -3 -2  0 -2  0 -3 -4 -3  0  1 -4 -1  0 0 1 0 0 0.01
 2 -3 -3 -4 -2 -1 -3 -3 -1  1  1 -3  2 -1  1 -1  0 -4 -2  4 0 1 0 0 0.01
-3 -5 -3 -4 -5 -5 -5  7 -5 -6 -6 -4 -5 -3 -5 -3 -4 -5 -6 -4 0 1 0 0 0.01
-5 -5 -5 -6 -5 -4 -3 -6 -1 -4  0 -5 -3  2 -6 -5 -4 -1  9 -2 0 1 0 0 0.01
-1 -1 -3 -1 -5  7  1 -4 -2  0 -1 -2 -2 -4 -4 -3 -2 -4 -4  1 0 1 0 0 0.01
-2 -5 -5 -5 -3 -4 -5 -5 -5  5  2 -4 -1  0 -5 -4 -2 -4 -3  4 0 1 0 0 0.01
 2 -4 -2 -4 -4 -2 -4  6 -4 -6 -6 -4 -5 -5 -4 -1 -3 -5 -5 -5 0 1 0 0 0.01
-4 -6 -6 -7 10 -6 -6 -6 -5 -4 -4 -6 -4  2 -6 -4 -4  2  4 -4 0 0 1 1 0.01
-1 -2  0 -3 -4  5 -2  3 -3 -4 -4 -2  0 -5  3 -1 -2 -4 -4 -4 0 0 1 1 0.01
 0 -3 -3 -4 -2 -3 -3 -1 -4  4  0 -3  1 -1 -3  0  0  4 -2  3 0 1 0 1 0.01
-1 -3  2  5 -4 -2  0 -3 -3 -2 -4 -1  0 -4 -3  3  1 -5 -4 -3 0 1 0 1 0.01
-2 -3 -4 -1 -3 -2 -3 -2 -4  2  3 -3  4  2 -4 -3 -2 -3 -2  3 0 1 0 1 0.01
 1 -3  1  1 -3 -2 -1  4 -3 -4 -4 -2 -3 -4 -3  3  0 -4 -3 -3 0 1 0 1 0.02
 1 -2 -1 -1 -2 -1 -1  2 -2 -2 -2 -1 -2 -2  2  1  2 -1 -2  1 0 1 0 1 0.02
 1 -2 -1 -2 -3 -1  1  5 -2 -2 -3 -2 -3 -2 -2  2 -1 -3 -3 -3 0 1 0 1 0.03
 2 -2  1 -1 -2 -1 -1  0 -2  1  1 -2 -1 -2 -2 -1 -1  1 -2  1 0 1 0 1 0.05
-1 -2  3  0 -3  0 -1  3 -2 -2 -3  0 -2 -3 -2  0  2 -3 -3 -2 0 1 0 1 0.06
 1 -2 -2 -2 -2 -2 -2  1 -2  1  1 -2 -1  2 -1 -1 -1 -2  0  2 0 1 0 1 0.07
 0 -2  1  0 -2 -1 -1  2 -2 -1 -2 -1 -2 -2 -2  3  1 -3 -1  1 0 1 0 1 0.07
 1 -2  0 -2 -2 -1 -1  0 -1  0  1 -1  2  1 -2  0 -1  2  2  1 0 1 0 1 0.08
 0 -1  1  0 -2  0  0  1  1  0 -1 -1 -1 -2 -1  1  1 -2 -2  0 0 1 0 1 0.10
 0 -2  1  0 -2 -1 -1  0 -2 -1 -2 -1 -2 -2 -1  2  4 -3 -2 -1 0 0 1 1 0.11
 0 -3 -2 -1 -3 -2 -2  3 -3 -2 -3 -2 -3 -3  6 -1 -1 -3 -3 -2 0 0 1 1 0.13
 0 -2  3  1 -3  1 -1  2 -2 -3 -2 -1 -2 -3 -2  3  0 -3 -3 -1 0 0 1 1 0.14
 1 -3 -1 -2 -2 -1 -3  0 -3  2  2 -2  1 -2 -2 -2  0 -3 -2  2 0 0 1 0 0.17
 1 -1  1 -1 -2 -1 -1  3 -2 -1 -1  0 -1 -1 -2  1  0  1 -1 -1 0 1 0 1 0.17
 0 -3 -2 -1 -2 -2 -2  0 -3  2  1 -2  0  1 -1 -1  0  1 -2  2 0 1 0 0 0.21
 0 -2  1  1 -2  0  0  0 -2  0 -1 -1 -1 -2  1  2  1 -3 -2 -1 0 0 1 1 0.28
 0 -1  0 -1 -3 -1 -1  3 -2  0 -2 -2 -1 -1  3  0  0 -3  0 -1 0 0 1 1 0.29
 1 -2  0 -2 -3 -1 -2  4 -3 -1 -2 -2 -2 -3 -1  1  1 -1 -2 -2 0 0 1 1 0.27
 1 -2 -1  2 -2 -2  0  2 -2  0  0 -1 -1 -2 -1  0 -1 -3 -1  0 0 0 1 1 0.31
 0 -2  1 -2 -2 -1 -1  2 -2  1  0 -1 -1 -2 -1  1  1 -3 -2  1 0 0 1 1 0.37
 1 -2  0  0 -2 -1 -1  0 -2  1  0 -2  0  0  1  0  0 -2  0  1 0 0 1 1 0.37
 1  0  0  0 -2  0 -1  2 -2 -1 -2  0 -2 -2  2  1  1 -3 -2 -1 0 0 1 1 0.37
 0 -2  0 -1 -3 -1 -1  2 -3  0  0 -2 -1 -2  4 -1  0  0 -3  0 0 0 1 1 0.39
 1 -1  1  1 -2  1  0  2 -2 -2 -2 -1 -2 -2  2  1  1 -3 -2 -1 0 0 1 1 0.39
 0 -2 -1 -1 -2 -1 -1  1 -2  1  0 -2 -1  1  2  0  0 -2  0  1 0 0 1 1 0.42
 0 -3  1  0 -3 -1 -1  5 -3 -2 -3 -2 -3 -4  0  1 -1 -4 -4 -1 0 0 1 0 0.34
 2 -2 -2 -2 -2 -1  0  1 -3  1  0 -2 -1 -2  0  0  1 -3 -2  2 0 0 1 1 0.38
 0 -2  2  1 -3 -1  0  3 -2 -1  0 -2 -1 -3  0  1  0 -3 -3 -1 0 0 1 1 0.38
 2 -3 -2 -2 -2 -2 -2  1 -3  0  0 -2 -1  0  3  0  0 -3 -2  1 0 0 1 0 0.37
 0 -2 -1 -1 -2 -1 -1  3 -3  1 -1 -1 -1 -1  0  1  1 -3 -1  0 0 1 0 0 0.34
 1 -3 -3 -4 -2 -2 -2  0 -4  3  2 -3  0 -1 -2 -2 -1 -3 -2  3 0 1 0 0 0.34
 1 -2  0 -1 -2  0  0  2 -2 -1  0 -1 -2 -3 -2  2  3 -3 -3 -1 0 0 1 0 0.31
 1 -3 -1 -2 -3 -2 -2  3 -3 -1 -1 -2 -1 -3  5  0  1 -4 -3  0 0 0 1 0 0.26
-1 -2  1  2 -3  0 -1  2 -2 -2 -2 -2 -2 -1  0  1  2 -3  0 -1 0 0 1 1 0.26
 0 -2 -3 -3 -2 -1 -1 -2 -3  3  3 -2  1 -1 -1 -1 -1 -2  0  2 0 0 1 1 0.23
 0 -1 -2 -1 -2  0 -1  2 -2  1  0 -1 -1  1 -1  0  0 -2 -1  1 0 0 1 1 0.19
 0 -3 -3 -2 -3 -1 -1  1 -3 -2 -1 -1 -3 -2  6 -2 -1 -4 -3 -2 0 0 1 1 0.15
 0 -1  2 -1 -3  1 -1  3 -2 -3 -3 -1 -2 -3  1  2  1 -3 -3 -3 0 1 0 1 0.14
 1 -2 -1 -2 -2  3 -1  1 -2  1  0 -1 -1 -2 -1 -1 -1 -3  1  2 0 1 0 1 0.13
 0 -2  1  0 -2  0  0  1 -2 -1 -2  0 -1 -1  1  2  1  1 -1 -1 0 1 0 1 0.08
 1 -3 -1 -3 -2 -1 -3  1 -3  3  1 -3  0 -1 -3 -1  0 -3  0  2 0 1 0 1 0.07
 0 -2  2  2 -3  0  0  2 -2 -1 -3  0 -2 -3 -2  2  0 -4 -3  0 0 1 0 1 0.06
 0 -3 -2 -2 -2 -2 -3 -1 -2  2  1 -2  1  2 -1 -1  0  1  1  2 0 1 0 0 0.04
-2  0  1  3 -3  0  2 -1 -2 -1 -2  0 -2 -3  1  1  2 -4 -3 -1 0 1 0 1 0.03
-1 -1 -3 -4 -2 -3 -2 -2 -3  2  3 -3  1  0 -1 -2  0 -3 -1  2 0 1 0 1 0.03
 1  0  0 -2 -3 -1  0  4 -1 -3 -2  0 -3 -1  0  0  0 -3  0 -3 0 1 0 1 0.02
-1 -3  2  0 -3 -1 -2 -3  0  0  1 -1 -1 -3  5 -1  0 -4 -3  0 0 1 0 1 0.02
 1  1  0  0 -3  0 -2  4 -1 -4 -4  2 -3 -2 -2  0 -2  1 -3 -3 0 0 1 1 0.01
-1  0 -2 -1 -3  1 -1 -1 -2 -3 -3  0 -3 -3  6 -2  2 -3  0 -2 0 0 1 1 0.01
 1 -2 -1 -2 -2 -1 -1  5  0 -2 -2 -1 -2  0 -2  0 -1 -2 -2 -1 0 0 1 0 0.01
-1 -3 -2 -3 -2 -3 -3 -2 -3  5  0 -2 -1  0  0 -3 -1 -3  1  3 0 1 0 0 0.01
 0 -1  0 -1 -2  2  1  0 -2  1 -2  1 -1 -2 -1  0  2 -3 -1  1 0 1 0 1 0.01
-1 -1  2  3 -3 -1  3 -2 -2 -1 -2 -1 -1 -3 -1 -1  2  0 -1  0 0 1 0 1 0.01
-1 -4 -4 -4 -3 -3 -2 -3 -1  2  1 -3 -1  0 -4 -2 -1 -3  1  5 0 1 0 1 0.01
 1 -3 -2 -2 -3  0  0 -3  1 -3 -3 -2 -1 -4  6  1  0 -4 -3  0 0 1 0 1 0.01
-1 -3 -3 -3 -2 -2 -2 -4 -3  1  1 -3  2  0 -1 -1  2 -3 -1  4 0 1 0 1 0.02
 1 -2  0  0 -2 -1 -2  2 -2 -1  0 -2  0  1 -1  1  1 -3 -2  1 0 1 0 0 0.02
-1  1  1  1 -3  0  2 -1 -2 -3 -3  3 -3 -4 -1  2  0 -4 -2 -2 0 1 0 1 0.03
-2  0 -1 -2 -3  1 -1 -1  0  0 -1  4  0  1 -3 -2 -2  1  0  1 0 1 0 0 0.03
 0  0  0  2 -3  1  3 -2 -2 -3 -3  1 -3 -4  1  1  2 -4 -3 -3 0 1 0 1 0.03
-3 -4 -3 -5 -1 -4 -5 -5 -3  0  3 -4  2  6 -3 -4 -3 -2  2  1 0 1 0 0 0.04
 0  1 -1  2 -4  1  2 -3  0 -3 -4  3 -3 -2 -3  0  2 -4 -3 -3 0 1 0 1 0.04
-1 -2  0 -3 -4 -2 -2  6 -4 -5 -5  0 -4 -5 -2  0  0 -5 -5 -5 0 0 1 0 0.04
 2 -2  1  1 -3 -1 -1  0 -2 -3 -4  0 -3 -4  4  1  1 -4 -3 -3 0 0 1 0 0.04
 0  1  2  2 -3  0  1 -1  2 -3 -3  2 -2 -1 -1  1  1 -4 -2 -3 0 1 0 1 0.04
 2 -3 -3 -3 -1 -3 -3  4 -3 -3 -4 -1 -3 -2  3 -1  0 -4 -4 -1 0 1 0 1 0.03
 1  2 -1 -2 -3 -1  0  2 -2 -2 -3 -1 -1 -3 -3  2  0  5  0 -2 0 1 0 0 0.03
-1 -4 -5 -5 -3 -2 -4 -5 -5  3  2 -4 -1  0 -4 -3  0 -4 -3  5 0 1 0 0 0.03
 0  1 -1  1 -3  0 -1 -1 -2 -1 -2 -1  2 -1 -3  1  3 -3 -1  1 0 1 0 0 0.02
-1 -3 -3 -4 -2 -3 -3 -4 -2  2  2 -3  1  2 -3 -1  0  3  3  3 0 1 0 0 0.02
 0  2  0  1 -2  1  0  0 -1 -3 -3  1 -2 -3 -2  3  2 -4 -3 -2 0 1 0 0 0.01
-1 -1  4  4 -4  0  1  3 -2 -4 -4 -1 -3 -4 -3 -1 -2 -4 -4 -4 0 1 0 0 0.01
 0 -1 -2 -2 -2  0  0 -1 -2  1  0 -1 -1  2 -2  0  1 -2  0  2 0 1 0 0 0.01
-3  4  0 -2 -4  0  1 -3  7 -4 -4  0 -3 -3 -3 -2  1 -4  0 -4 0 1 0 1 0.01
-1 -3 -3 -4 -2 -3 -4  1 -3  4  1 -3  1  2 -3 -2 -2 -3 -1  3 0 1 0 0 0.01
 0  0  0 -1 -3  1  0  1  2 -3 -3  3 -1 -3 -2  2  1 -3 -1 -3 0 1 0 1 0.01
 0 -4 -4 -4 -2 -3 -4 -4 -4  4  0 -3  1 -2 -3 -2  0 -4 -2  5 0 1 0 0 0.01
-1 -2  1  5 -3  0  1 -2 -2 -3 -4 -1 -3 -4 -2  1  2 -4 -2 -3 0 0 1 1 0.01
 1 -3  1 -1 -3 -1 -2  5  0 -4 -4 -2 -3 -4 -3  1 -2 -4 -3 -3 0 0 1 1 0.01
 2 -5 -4 -5 10 -4 -4 -3 -4 -3 -3 -4 -1 -4 -4 -2 -1 -4 -4 -1 0 0 1 0 0.01
 2 -3 -3 -3 -2 -2 -3  1 -3  2  1 -2  1 -2 -1 -1 -1 -3 -2  2 0 0 1 1 0.01
-1 -4 -2 -3 -4 -4 -4  7 -4 -6 -5 -3 -4 -5 -4 -2 -3 -4 -5 -5 0 0 1 1 0.01
 0  0 -2  0 -3  2  0  1 -1 -3 -3 -1 -2 -2  4  0  0 -2  3 -3 0 0 1 0 0.01
 3 -3 -2 -3 -2 -2 -2 -2 -3  1 -1 -2 -1 -2 -3  2  1 -4 -2  4 0 0 1 0 0.01
 0 -2  0  0 -3  3 -1 -1 -2 -2  0 -1  0  3 -2  2  2 -2  0 -2 0 1 0 0 0.01
 2 -3 -4 -4 -2 -3 -3 -3 -4  4  1 -3  1 -2 -3 -2 -1 -3 -2  3 0 1 0 0 0.01
-3  7 -2 -3 -5  2 -2 -4 -2 -4 -4  1 -3 -4 -4 -2 -3 -4 -3 -2 0 1 0 0 0.01
 2 -3 -2 -2 -2 -2 -2 -2 -3 -2 -2 -2 -2  0  5  3  0 -4 -3 -1 0 1 0 0 0.01
-3 -2 -4 -5 -4 -3 -4 -5 -1  0 -2 -2 -2  5 -5 -3 -3  0  7 -2 0 1 0 0 0.01
 4 -3 -3 -3 -2 -2 -2 -2 -3  0 -1 -2 -1 -3 -2  1  1 -4 -3  2 0 1 0 0 0.02
-1  3  0 -2 -3  1 -1 -3 -1  0 -1  2 -1  0 -3  0  2 -3  0  0 0 1 0 0 0.02
 1 -3 -4 -4 -2 -3 -3 -3 -3  2  3 -3  1  1 -3 -2 -1  1 -1  3 0 1 0 0 0.03
 0  0 -1 -2 -2 -2 -1 -3 -3  1 -1  0 -1 -3 -2  2  4 -4 -3  0 0 1 0 1 0.04
 1  0 -2 -1 -2 -2 -2 -1 -1  1 -1 -1 -1 -2  1  1  2 -3 -2  2 0 1 0 0 0.05
 1  0 -1  1 -2  0  2 -2 -2 -3 -3  1 -2 -3 -2  3  2 -4 -3 -2 0 0 1 1 0.07
 0 -2  2  0 -2 -2  0 -2  0 -2 -3 -2 -2 -3 -2  1  5 -4 -3  0 0 0 1 1 0.06
 0 -1  0  5 -3 -1  0  3 -2 -4 -4 -1 -3 -4 -3  0  0 -4 -4 -3 0 0 1 0 0.06
-1 -1  3  5 -4  1  1 -2  0 -4 -4  0 -3 -4 -2  0  0 -5 -3 -4 0 0 1 0 0.04
 1 -2  1  1 -2  0 -1 -1 -2 -1 -2 -1  0 -3 -2  2  3 -3 -1  1 0 1 0 0 0.04
-2 -3 -2 -4 -2 -3 -2 -2  0  3  0 -1  0  0 -3 -3 -1 -3  1  4 0 1 0 0 0.04
 1 -2  0 -2 -2 -2 -2 -2  1  0  1 -2  0  0 -2  0  3 -3  0  2 0 1 0 0 0.03
 1 -2 -2 -3 -2 -1 -2 -2 -3  1  1 -2 -1 -2 -2  1  3 -3 -1  2 0 1 0 0 0.05
-4 -4 -4 -5 -4 -4 -4 -5 -1 -3 -2 -4 -3  2 -5 -4 -4  6  8 -3 0 1 0 0 0.05
-1 -4 -2 -3 -4 -3 -3  7 -3 -5 -5 -3 -4 -5 -4  0 -3 -4 -5 -5 0 0 1 0 0.03
-1  0  0  3 -3  2  2 -3 -2 -2 -2  2 -1 -3  2 -1 -1 -4 -3  1 0 0 1 1 0.03
-1 -3 -3 -3 -4 -3 -3 -3 -4 -2 -3 -2 -3 -4  8 -2  1 -5 -4 -1 0 0 1 1 0.04
-1  1 -3 -3 -3  1 -2 -3 -2  1  0  0  0  5 -3 -2 -2  7  1 -1 0 1 0 1 0.07
-1  2  2  0 -3  1  0 -2 -1 -3 -3  2 -2 -3 -2  2  2 -3 -2 -2 0 1 0 1 0.11
-2 -3 -4 -4 -2 -3 -4 -4 -4  3  3 -3  3 -1 -3 -3 -1 -3 -2  2 0 0 1 0 0.22
-2  0  6  1 -3  0  0 -1  0 -3 -3  1 -2 -3 -2  0  0 -4 -2 -3 0 0 1 1 0.32
