-2 -1  5 -1 -4  3  0 -2  6 -4 -3 -1 -2 -2 -3 -1 -1 -3  2 -3 0 0 1 1 0.96
-1  1  3  0 -3  0  3 -2  2 -3 -3  2 -2  2 -2  0  0 -3 -1 -3 0 0 1 1 0.93
 0  0  2  1 -3  2  2 -2  2  0 -2  0 -2 -2 -1  0  1 -3  0 -1 0 0 1 1 0.89
-1  0  2  3 -3  0  2 -2  2 -2 -3  2 -2  0 -2  0  0 -3 -1 -3 0 0 1 1 0.86
-1  0  1  1 -1  2  2 -1  2 -2 -2  1  0  0 -2  1  0 -2  1 -2 0 0 1 1 0.84
-1 -1  3  2 -4  2  3 -2  1 -3 -2  0  0 -3 -2  0 -1 -4 -2 -3 0 0 1 1 0.81
-1 -1  1 -1 -2 -1 -1 -1  0  1  1  0  1  1 -2  0  0 -1  0  0 0 0 1 1 0.80
 0 -1  3  2 -3  1  1 -2 -1 -2 -3  1 -1 -3 -2  2  2 -4 -3 -2 0 0 1 1 0.82
-1 -1  2  2 -2  1  2 -2  0 -1  0  0 -1 -1 -2  0  0 -3 -2 -1 0 0 1 1 0.76
-2 -3 -4 -5 -3 -2 -4 -5 -4  1  4 -2  5  2  1 -3 -3 -2 -1 -1 0 0 1 0 0.69
-2 -2 -2 -3 -2 -2 -3 -4 -4 -3 -3  3 -3 -4 -3  1  6 -5 -3 -2 0 0 1 1 0.64
-4 -5 -5 -4 -6 -4 -4 -5 -5 -6 -6 -4 -5 -7  9 -4 -4 -7 -6 -5 1 0 0 1 0.60
 1  5 -1 -2 -4  2  0 -2  0 -3 -3  3 -2 -4 -2  0 -2 -4 -3 -1 1 0 0 1 0.54
-1  1 -2  1 -5  3  6 -3 -1 -5 -4  1 -2 -5 -3 -1 -2 -5 -3 -4 1 0 0 1 0.56
-3 -5 -5 -5 -3 -5 -5 -6 -5  7  1 -5  1 -2 -5 -4 -2 -5 -3  2 1 0 0 0 0.58
-2  0 -3 -4 -1 -2 -3 -4 -1  0 -1  3 -1 -1 -4 -3 -1 -4 -1  5 1 0 0 0 0.49
 2  0  0  1 -3  1  3 -2  1 -3 -3  1 -2 -4 -2  2 -1 -4 -3 -2 1 0 0 1 0.41
-1 -1 -2 -1 -3  0  4 -3  2  0 -1  0  0  2 -3 -2 -2 -2  3  0 1 0 0 1 0.37
-4 -4 -6 -6 -3 -4 -5 -6 -5  0  6 -5  1 -2 -5 -5 -3 -4 -3 -1 1 0 0 0 0.34
-4 -4  2  8 -6 -2  0 -3 -3 -5 -6 -3 -5 -6 -4 -1 -3 -7 -5 -5 1 0 0 1 0.33
-2  4  0  1 -5  3  2 -3 -1 -4 -4  3 -3 -4 -3 -1 -2 -4 -3 -4 0 0 1 1 0.38
-4 -3 -3 -4 -5 -3 -4 -5  5 -4 -3 -4 -3  4 -5 -4 -4  0  8 -4 0 0 1 1 0.39
-3 -5 -5 -5 -3 -5 -5 -6 -5  6  0 -4 -1 -2 -5 -4 -2 -5 -3  5 0 0 1 0 0.38
-3 -5 -5 -5 -3 -5 -5 -6 -5  6  0 -4  0 -2 -5 -4 -2 -5 -3  4 0 0 1 0 0.43
-2 -4 -2 -3 -5 -2 -3  7 -4 -6 -6 -2 -5 -5 -4 -2 -4 -5 -5 -5 0 0 1 1 0.49
-3 -2 -3 -3 -6  9 -1 -5 -1 -6 -5 -1 -3 -6 -4 -3 -3 -5 -4 -5 0 0 1 0 0.50
 0 -1  1  3 -4  1  3 -2  1 -3 -3  1 -2 -4 -2  0  1 -4 -2 -2 1 0 0 1 0.50
 1  1  1  4 -4  2  3 -2  0 -4 -3  1 -2 -4 -1  0 -1 -4 -2 -3 1 0 0 1 0.51
 6 -4 -4 -4  0 -3 -3 -2 -4 -4 -4 -3 -3 -4 -1 -1 -2 -5 -4 -2 1 0 0 0 0.49
-3  0 -3 -3 -6 -1 -1 -4 -3 -5 -5  8 -4 -6 -3 -3 -3 -6 -4 -5 1 0 0 0 0.48
-3  6 -2 -3 -2 -1 -1 -4 -2 -4 -4  5 -2 -5 -4 -2 -3 -5 -4 -4 1 0 0 1 0.48
 4 -3 -2 -3 -1 -2 -2 -2 -3  0 -2 -2  0 -3 -3  1  1 -4 -2  2 1 0 0 0 0.48
-2 -4 -5 -5 -2 -4 -4 -5 -5  2  3 -4  0 -1 -4 -4 -2 -4 -3  5 1 0 0 0 0.44
 6 -3 -3 -3 -2 -2 -3 -2 -3 -4 -4 -2 -3 -4 -3  3 -1 -5 -4 -2 1 0 0 0 0.40
-2 -4 -3 -5 -3 -4 -4 -5 -5  5  0 -4 -1 -2 -4 -3 -1 -5 -3  5 1 0 0 1 0.36
 6 -4 -4 -4 -3 -3 -3 -2 -4 -4 -4 -3 -3 -5 -3  0 -2 -5 -4 -2 1 0 0 0 0.34
-2 -4 -5 -5 -3 -4 -4 -5 -4  1  4 -4  1  1 -4 -4 -2 -3 -2  4 1 0 0 0 0.32
-4  6 -3 -4  0 -2 -3 -5  0 -4 -4 -1 -3  0 -5 -3 -3 -2  6 -3 1 0 0 0 0.34
-4 -3  8  1 -5 -2 -2 -3  0 -5 -5 -2  1 -5 -4  0 -2 -6 -4 -5 1 0 0 1 0.34
-4  7 -2 -4 -6 -1 -2 -5  8 -5 -5 -1 -4 -4 -4 -3 -4 -5 -2 -5 1 0 0 0 0.37
-4 -4 -5 -5 -5 -3 -5 -5 -1 -2 -3 -4 -2  2 -6 -4 -3 10  7 -3 1 0 0 1 0.32
-3  6 -1 -3 -5  0 -2 -4 -2 -3 -4  4 -3 -5 -4  0 -3 -5 -4 -4 1 0 0 1 0.29
-4  8 -3 -4 -6  0 -3 -5 -3 -6 -5  0 -4 -5 -5 -3 -4 -2 -4 -5 1 0 0 0 0.33
 0  0 -1 -2 -3  2 -1 -3  2  2  1  0  3 -2 -3 -1 -1 -3 -2  1 0 0 1 1 0.30
-1  2  1 -2 -3  5 -1 -3  1 -3 -1  2  0 -2 -3 -1 -1  4 -1 -3 0 0 1 1 0.28
 0 -2 -2 -4  2 -2 -3 -3  0  2  3 -2  1 -1 -3 -1 -1 -3 -1  1 0 0 1 1 0.23
 0 -1  0  2 -3  0  1  0 -2 -3 -3  0 -1 -4  5  1 -1 -4 -3 -3 0 0 1 1 0.26
 0  0  0  3 -3  1  3  0 -1 -3 -3  1 -1 -3  2  0 -1 -4 -3 -2 1 0 0 1 0.22
 1  0  1  3 -2  0  3  0  0 -3 -3  1 -2 -3  1  1 -1 -2 -2 -2 1 0 0 1 0.17
-1 -2 -1  0 -2 -1  0 -1 -2  1  3 -2  3 -1 -3 -1  0 -1 -2  0 1 0 0 1 0.16
-2  5 -1  3 -4  2  0 -1 -1 -4 -3  1 -2 -4 -1 -1 -2 -4 -3 -3 1 0 0 1 0.15
 0  0  0  4 -3  1  2 -2  0  0 -2  0 -2 -3 -2 -1 -1 -4 -2  2 1 0 0 1 0.15
-3 -2 -2  2 -5  0  7 -4  0 -4 -4 -1 -4 -5 -3 -2 -3 -3 -4 -2 1 0 0 1 0.14
-2 -4 -4 -4 -2 -3 -4 -4 -4  5  3 -4  0 -1 -4 -3 -2 -3  0  3 0 0 1 1 0.15
 0 -1 -1 -1 -2  2  0  0 -1  0 -1 -1  1 -2 -2  1  2 -3 -1  1 0 0 1 1 0.11
-3 -2 -3 -3 -5 -2 -2 -4 -3 -4 -4  5 -4 -5  7 -2 -3 -5 -4 -4 0 0 1 0 0.08
-1  0  0 -2 -3  0 -1 -3 -2 -4 -4  5 -1 -4 -2  4 -1 -4 -3 -3 0 0 1 1 0.07
-4 -3  8 -1 -5 -2 -3 -3 -2 -5 -5 -2 -4 -5 -4 -2 -2 -5 -4 -5 0 0 1 0 0.06
-3 -4 -5 -5 -3 -4 -5 -5 -5  7  0 -4  0 -2 -4 -4 -2 -4 -3  2 0 1 0 0 0.05
-2 -4 -4 -5 -1 -3 -4 -5 -4  2  5 -4  1 -1 -4 -3 -2 -3 -3  0 0 1 0 0 0.05
-3 -3 -4 -5 -1 -3 -4 -5 -4 -1  3 -4  9 -1 -4 -4 -3 -3 -3 -1 0 1 0 0 0.04
-2 -4 -4 -4 -3 -4 -3 -5 -4  6  1 -3  1 -1 -4 -3 -2 -4 -3  3 0 1 0 0 0.04
-2 -4 -2 -3 -4 -4 -4  7 -4 -5 -5 -3 -4 -5 -4 -2 -3 -4 -5 -5 0 0 1 0 0.03
-2 -4 -3 -3 -4 -3 -3 -4 -2 -5 -5 -3 -4 -5  8  0 -3 -5 -5 -4 0 0 1 1 0.03
-2 -3 -2 -3 -3 -3 -3 -3 -4 -3 -3 -3 -3 -4 -3  1  7 -4 -4 -2 0 0 1 1 0.03
-2 -4 -2 -3 -4 -4 -4  7 -4 -5 -5 -3 -4 -5 -4 -2 -3 -4 -5 -5 0 0 1 1 0.02
-2 -4 -3 -4  6 -3 -4 -4 -4  0 -2 -4 -2 -3 -4  2  1 -5 -3  5 0 0 1 0 0.03
-2 -5 -3 -4 -5 -4 -5  7 -5 -6 -6 -4 -5 -6 -5 -3 -4 -5 -6 -6 0 0 1 0 0.03
-3  0 -3 -3 -6 -1 -2 -4 -3 -5 -5  8 -4 -6 -4 -3 -3 -6 -4 -5 1 0 0 0 0.03
-3 -4 -3 -4 -3 -3 -3 -4 -4 -3 -4 -3 -3 -5 -4  0  8 -5 -4 -3 1 0 0 0 0.03
-3 -3 -3 -1 -5 -1  6 -4  1 -3  2 -2 -2 -1 -4 -3 -3 -3  3 -3 1 0 0 1 0.03
-3 -5 -5 -5 -3 -4 -5 -6 -5  6  3 -4  1 -1 -5 -4 -3 -4 -3  1 1 0 0 0 0.03
 6 -4 -4 -4 -3 -3 -3 -2 -4 -3 -3 -3 -2 -4 -3  0 -1 -5 -4 -1 1 0 0 0 0.02
-3  7 -2 -3 -5  4  0 -4 -2 -5 -4  1 -3 -5 -4 -2 -2 -5 -4 -5 1 0 0 1 0.02
-3  6 -2 -3  2 -1 -2 -4 -1 -3 -4 -1 -3 -5 -4  0  3 -5 -4 -3 1 0 0 1 0.02
-3 -4 -5 -6 -3 -4 -5 -6 -5  1  6 -4  3 -2 -5 -4 -3 -4 -3 -1 1 0 0 0 0.02
 7 -4 -4 -4 -3 -3 -3 -2 -4 -4 -4 -3 -3 -5 -3  0 -2 -5 -4 -3 1 0 0 0 0.02
-2  4 -2  0 -5  0  0 -3 -2 -5 -4  6 -3 -5 -3 -2 -2 -5 -4 -4 1 0 0 1 0.02
-2 -3 -4 -5  2 -3 -4 -5 -3  4  3 -2  3  0 -4 -3 -2 -3 -2  2 1 0 0 0 0.02
 2 -3 -3 -3 -1 -2 -3 -3 -3  1  3 -2  1 -1 -3  0  1 -3 -2  2 1 0 0 0 0.02
-2  0  4  3 -4  0  1  2  0 -4 -4  0 -3 -3 -3 -1 -2 -3  2 -4 0 0 1 1 0.02
 4 -4 -4 -4 -1 -3 -3 -3 -4  0 -1 -3 -2 -3 -3  0 -2 -4 -3  4 0 0 1 0 0.03
-4 -5 -5 -4 -6 -4 -4 -5 -5 -6 -6 -4 -5 -7  9 -4 -4 -7 -6 -5 0 0 1 0 0.03
-5 -5 -6 -6 -5 -6 -6 -6 -4  0 -1 -6  0  9 -6 -5 -5 -2  1 -3 0 1 0 0 0.03
 2 -4 -3 -4 -1 -3 -3 -3 -2  3  1 -3 -1 -2 -3 -1 -1 -4 -2  4 0 1 0 0 0.04
-3 -1 -3 -3 -4 -1 -2 -4 -3  3 -2  6  1 -4 -3 -2 -1 -5 -4 -1 0 1 0 1 0.07
 3 -4 -4 -4  0 -2 -4 -3 -4  1 -1 -3 -1 -3 -4 -1 -1 -5 -3  5 0 1 0 0 0.05
-3  0 -2  5 -6 -1  6 -4 -3 -5 -5 -2 -4 -5 -3 -2 -3 -5 -4 -4 0 1 0 1 0.07
 6 -4 -4 -4  2 -3 -3 -2 -4 -4 -4 -3 -3 -5 -3 -1 -2 -5 -4 -2 1 0 0 0 0.10
-2 -3 -2 -3 -3 -3 -3 -4 -4 -3 -4 -1 -3 -5 -3  1  7 -5 -4 -3 1 0 0 1 0.19
 0  1 -2 -3 -4  0 -1 -3 -3 -3 -2  5 -3 -4 -1  1  2 -5 -3 -3 1 0 0 1 0.19
-4 -4 -5 -5 -4 -4 -5 -5 -3 -1  3 -5 -1  6 -5 -4 -3 -1  4  0 1 0 0 0 0.21
-2 -3 -2 -3 -3 -3 -3 -4 -4 -1 -4 -1 -3 -5 -4  0  7 -5 -4 -2 0 0 1 1 0.21
-2  0 -3 -1 -6  2  7 -4 -2 -6 -5 -1 -4 -6 -4 -2 -3 -5 -4 -5 0 0 1 1 0.23
 3 -4 -4 -4  0 -3 -3 -3 -4  1 -1 -3 -1 -3 -3  0 -1 -5 -3  5 0 0 1 1 0.22
-1 -4 -2 -3 -4 -4 -4  7 -4 -5 -5 -3 -4 -5 -4 -2 -3 -4 -5 -5 0 0 1 1 0.21
-2 -4 -4 -5 -4 -4 -4 -5 -1 -2 -3 -4 -3  4 -5 -4 -4  0  9 -3 0 0 1 1 0.14
-1 -4 -4 -4 -1 -3 -4 -4  3  1 -1 -3 -1 -2 -4 -3 -2 -4  0  6 0 0 1 1 0.19
-2 -4 -1 -3 -4 -4 -4  7 -4 -5 -5 -3 -5 -5 -4 -2 -4 -4 -5 -5 0 0 1 1 0.20
-1  5 -2  1 -5  1  4 -3 -2 -4 -4  2 -3 -4 -2 -2 -2 -4 -3 -4 0 0 1 1 0.19
-4 -4  0  8 -5 -2  1 -3 -3 -5 -5 -3 -5 -5 -4 -2 -3 -6 -5 -5 0 0 1 1 0.22
 0 -4 -4 -5 -3 -4 -4 -5 -5  1 -1 -4 -1 -3 -4 -3 -1 -5 -3  7 0 0 1 0 0.18
-3 -2 -2  4 -5  0  6 -4 -2 -5 -5 -1 -4 -5 -3 -2 -3 -5 -4 -4 0 0 1 1 0.11
-1 -2  4  0 -3  2 -1 -2  1 -4 -4 -1 -3 -4 -3  4  1 -4 -3 -3 1 0 0 0 0.14
-2 -4 -4 -5  1 -3 -4 -5 -4  6  0 -4  6 -2 -4 -3 -2 -4 -3  2 1 0 0 0 0.18
-2 -4 -4 -4  0 -4 -4 -4 -4  5  2 -4  0 -2 -3 -3 -2 -4 -3  3 1 0 0 0 0.10
-2  6 -1 -3 -4  0 -1 -2  2 -2  2  1 -2 -3 -3 -2 -2 -4 -3 -2 1 0 0 0 0.07
-3  2 -1  6 -5 -1  1 -3 -2 -4 -4  3 -4 -4 -3 -2 -2 -5 -2 -4 1 0 0 1 0.07
-3 -4 -5 -5  0 -4 -4 -5 -4  0  6 -4  0 -1 -4 -4 -3 -3 -3 -1 1 0 0 0 0.05
 0 -3 -4 -4 -2 -3 -3 -4 -4  3  2 -3  2 -2 -3 -2  0 -3 -1  4 1 0 0 0 0.04
-1  0  0  3 -3  4  4 -3 -1 -3 -3  0 -1 -4 -3 -1 -2 -4 -3 -3 1 0 0 1 0.03
 3 -1  2 -2 -2  0 -1 -2 -2  1 -1 -1  0 -2 -2  0  1 -3 -2  1 1 0 0 1 0.04
 5 -3 -2 -3  0 -1 -2  0 -3 -3 -3 -2 -3 -4 -2  3 -1 -4 -3 -2 0 0 1 0 0.04
-2  1 -2 -2 -2 -1 -1 -4  1  3  0  0  1 -1 -3 -2 -1  0  2  3 1 0 0 1 0.03
-1  1  2 -1 -3  1 -1  4  0 -3 -3  1 -2 -2 -3  0  0  0 -3 -1 0 0 1 1 0.03
-2 -2 -2  0 -4  2 -1 -4 -1  2  2 -1  6 -2 -5 -2 -1 -4 -4 -1 0 0 1 1 0.05
-1 -3 -2 -2 -3  0  0 -2 -1  2  0 -2  0 -2 -4 -2  2 -4 -2  4 1 0 0 0 0.06
-3  6 -3 -2 -1 -1  0 -5  1 -5 -3  4 -1 -2 -4 -3 -2 -5  1 -5 1 0 0 1 0.09
 0  0  0  1 -1  2  4 -2 -1  0 -2  1 -1 -4 -3  0  0 -4 -2 -1 1 0 0 1 0.11
-1  3  0  2 -4  4  3 -4  0 -2 -2  1 -1 -3 -3 -1 -1 -1 -1 -2 1 0 0 1 0.12
 1  1 -2 -1 -1  2  3 -3  0 -1 -1  1  3 -2 -3 -1 -2 -1 -2 -2 1 0 0 1 0.10
-1  4 -2 -3 -4  0  0 -3 -2  2 -1  1  5  0 -4 -1  0 -4  0  0 1 0 0 1 0.12
 0  1 -1  2 -4  1  4 -1 -1 -2 -3  2 -3 -4 -3 -1 -1 -4 -4 -2 1 0 0 1 0.14
 0  2  0  1 -4  1  2 -1 -3 -2 -2  4 -2 -4 -3 -1 -1 -4 -3 -2 1 0 0 1 0.15
-2 -2  1 -4 -1 -2 -3 -5  1  2 -1 -2  1 -1 -4 -3 -3 -5 -2  6 1 0 0 0 0.15
 0  5 -1 -2 -4  2  1 -3  0 -3 -3  3 -2 -3 -3 -1 -1 -2 -1 -3 1 0 0 1 0.14
 1  1 -1  2 -3  0  2 -2  0 -2 -2  1 -2 -1  0  0  0 -4 -1 -1 1 0 0 1 0.15
-1  4 -1 -1 -5  2  1 -3 -1 -3 -3  5 -1 -3 -2 -2 -2 -5 -3 -3 1 0 0 1 0.12
 6 -5 -5 -5 -2 -4 -3 -3 -5  1 -3 -4 -2 -3 -3  0 -3 -6 -5 -1 1 0 0 0 0.13
-1  1 -2  0 -5  1  5 -4  2 -3 -2  0 -1 -3 -3 -1 -1 -5 -2 -2 1 0 0 1 0.16
 0  0  2  3 -5  1  3 -2  0 -2 -2  2 -1 -4 -2 -1 -2 -5 -3 -2 1 0 0 1 0.13
 3  1  1 -2 -3  0  0 -2  0  0  1  0  1 -1  1 -1 -1 -4  0 -1 1 0 0 0 0.11
 6 -5 -5 -5 -4 -4 -3 -3 -2  1 -4 -4 -4 -5 -4  1 -1 -6 -5  2 1 0 0 0 0.08
-4 -2  2  0 -6 -2  6 -4 -3  3 -1 -2 -1 -4 -5 -3 -3 -6 -4 -2 1 0 0 1 0.06
-2 -1  1  4 -5  0  5 -4 -2 -4 -4  1 -4 -5 -4 -2  2 -3 -3 -5 1 0 0 1 0.03
-3  7 -3 -4 -4  0 -2 -5 -3 -1 -4  2 -2 -6 -5 -3 -3 -6 -5 -4 0 0 1 1 0.03
-3 -5 -5 -5 -4 -5 -4 -4 -5  6  3 -5 -1 -3 -5 -5 -4 -5 -4  3 0 0 1 0 0.02
 1 -4 -4 -4 -3 -4 -3 -4 -4  3  4 -4  0  1 -4 -2 -1 -3  1  2 1 0 0 0 0.02
-1  0  1  5 -5  1  2 -1  1 -5 -5  1 -2 -5 -3  0 -1 -5 -2 -3 1 0 0 1 0.02
 2 -2 -2 -1 -1 -2 -1  0 -1  2  1  0  1 -1 -3  0 -1 -3  0  0 0 1 0 1 0.03
-4 -5 -5 -5 -4 -4 -5 -5 -4  2  5 -5  3  1 -5 -5 -4  5  1  0 0 0 1 0 0.03
 0 -1 -2 -2  2 -2 -2 -2  1  1  2 -1  0  0 -3 -1 -1  1 -1  3 0 0 1 0 0.04
 0  0  1  0  2 -1  0  0 -1  0 -2  0 -2  1  1  0  0 -2  1  0 0 0 1 1 0.05
-1  1 -1 -1 -3  1 -1  0  0 -1 -1  0  0  0  3  0  0 -3  0 -1 0 0 1 1 0.06
 1  0  0 -1 -3  0 -1  0  0 -1 -1  0  0  0  3  0  0 -3 -2  0 0 0 1 1 0.08
 0  1  0  1 -3  1  1 -1  1 -1 -1  1  0  0  1  0  0 -3  0 -1 0 0 1 1 0.15
 0  0  1  1 -3  1  0  0  1 -1 -1  1  1 -1  1  0  0  2 -2 -1 0 0 1 1 0.29
 0  0  1  0 -3  1  0  1  0 -1 -1  0  0  0  0  1  0  1  0 -1 0 0 1 1 0.47
 1 -1  0 -1 -3  1  0  0  0 -1 -2  0 -1  2  0  0  0  4  0 -1 0 0 1 1 0.64
 0 -2  1  0 -3  0  0  4  1 -3 -2  0 -1 -1  0  1 -1  0 -2 -2 0 0 1 0 0.68
 0 -1  0  2 -4  3  3  0 -1 -3 -3 -1 -2 -2  1  1  0 -1 -2 -2 0 0 1 1 0.70
 0 -1  1  1 -3  0  1 -1  0 -1 -2  0  0 -2  2  1  1 -3 -2 -1 0 0 1 1 0.69
 0 -2  1  2 -4  3  4 -2 -2 -3 -3 -2 -3 -3  1  1 -1 -4 -2 -2 0 0 1 1 0.69
 0  0  0  1 -4  2  3 -2 -1 -3 -3  1 -2 -3  1  1 -1 -4 -2 -1 0 0 1 1 0.70
 0  0  1  1 -4  1  2 -2  0 -2 -3  1 -1 -1  2  1  1 -4 -2 -2 0 0 1 1 0.73
 0  0  1  3 -5  2  4 -1 -1 -2 -3  0 -2 -5  0  0 -1 -5 -3 -2 0 0 1 1 0.74
 0  0  0  2 -4  1  3 -1  0 -2 -2  0  0 -3 -1  1  0 -4 -2 -2 0 0 1 1 0.68
-1 -1  1  2 -3 -1  1 -1 -1  1  0 -1  0 -1  1  1 -1 -3  1  0 0 0 1 0 0.60
 1  1  1  1 -2  1  2 -2 -1 -3 -2  0 -2 -3  0  2  0 -4 -3 -2 1 0 0 1 0.38
 1  1  1  1 -3  0  2 -1 -1 -2 -3  0 -2 -3 -1  1  1 -4 -2 -1 1 0 0 1 0.23
 0  0  0 -1 -4 -1  2 -1 -3 -3 -3  1 -3 -5 -1  2  5 -5 -4 -2 1 0 0 0 0.16
-4  7  0 -5 -6 -1 -2 -5 -1 -3 -2  1 -2  0 -5 -3 -4  0  0 -1 1 0 0 0 0.12
-1  1  0  1 -5  3  4 -2 -3 -1 -2  0 -1 -2 -1 -1 -2 -4 -1 -3 1 0 0 1 0.08
 0  1  0  0 -3  1  1 -2 -1  0 -1  3  0 -1 -3  0  0  1 -2 -1 1 0 0 1 0.05
-2 -4 -5 -3 -2 -3 -2 -5  0  2  2 -3  4  5 -3 -4 -2  4  0  1 1 0 0 0 0.04
 0  6 -2 -3 -2 -1 -1 -3 -1 -3  0  2 -1 -2  0 -2 -2 -1 -1 -3 1 0 0 0 0.03
-1  1 -1  0 -4  2  4 -2  0 -3 -3  3 -1 -1 -3 -1  0  0 -2 -2 1 0 0 1 0.02
-2  3 -1 -1 -4  2  0 -3  2 -3  1  4  3 -3 -1 -2 -2 -4 -1 -3 1 0 0 0 0.02
-3 -2 -5 -5 -3 -4 -4 -5 -4  3  4 -4  2  1 -1 -4 -3  2  2  1 0 0 1 0 0.02
 0  4  0 -1  1  0  0 -3  1 -2 -1  2  0 -1 -3  0 -1 -3 -1 -1 0 0 1 1 0.02
 1  2  1  0  0  2  1 -1  0 -3 -2  1  0 -1 -3  0  0 -3 -2 -3 0 0 1 1 0.02
 0 -1  1 -3  1 -1 -1  5  1 -4 -2 -1  0 -4 -1 -1 -3 -4 -4 -4 0 0 1 1 0.03
 1  0 -2  0 -2  2  4 -3 -1 -3 -1  2 -1 -1 -2 -1 -1 -4 -2 -2 0 0 1 1 0.04
-2 -3 -2 -4 -3 -3 -1 -4  0  1  4 -1  2  2 -4 -3 -1  1  1  0 0 0 1 0 0.05
-1 -3  1  5 -4 -1  3 -1 -3 -4 -2  0 -4 -4 -3 -1 -1 -5 -4 -4 0 0 1 1 0.07
-1  0  3  5 -4  0  1 -1  2 -4 -2  0 -3 -4 -3  0  0 -5 -3 -2 0 0 1 1 0.08
-1  4  0  0 -3  1  1 -1  1  0 -1  1  0 -3 -3 -1  0 -3  0  0 0 0 1 1 0.09
-1  0  0  1 -3  0  2 -2  0  0 -1  1  2 -1 -1  0  0  1  0 -1 0 0 1 1 0.13
-1 -1 -3 -1 -2 -2 -1 -3 -3  3  0  0 -1  0 -3 -1  0  3 -2  3 0 0 1 0 0.16
-1  1  1  1 -3  1  1  0  2  0 -2  1  1 -3  1  0  0 -3 -2  0 0 0 1 1 0.17
 0  0 -2  0 -2  1  0 -2 -2  0  0 -1  2  1 -2  0  0  4 -1  0 0 0 1 1 0.24
-3 -1 -1  4 -2  1  6 -4 -3 -6 -5 -1 -4 -6 -3 -1 -1 -6 -4 -4 0 0 1 1 0.27
-3 -5 -5 -6 -4 -4 -5 -6 -6  3  2 -4  1 -2 -4 -3 -1 -1 -4  5 0 0 1 0 0.28
 2  0 -1  1 -4  1  3 -3  0 -4 -4  0 -4 -4  3  1  0 -5 -4 -2 0 0 1 1 0.32
 0 -1  0  4 -4  3  3 -3 -1 -3 -2  1 -2 -5 -1  0 -1 -5 -4 -2 0 0 1 1 0.42
 0  0  1  0 -4  2  0  1  0 -3 -3  2 -2 -4  1  2  2 -4 -3 -3 0 0 1 1 0.46
 0 -1  1  0 -4  1 -2  1 -1 -4 -4  1 -1 -4  5  1 -1 -5 -3 -3 0 0 1 1 0.48
 0 -1  1 -1 -3  1 -1  0 -2 -1 -1  0  2 -1  3  1  0 -1 -2  0 0 0 1 1 0.58
-1 -1  1  0 -3  1  0  3 -1 -3 -2 -1  2 -2  3  1 -1 -3 -3 -2 0 0 1 1 0.64
-2 -4  1 -3 -4 -2 -3 -1 -2  2  1 -3  5  3  0 -2 -1 -4 -2  2 0 0 1 0 0.61
-2 -2  1  3 -5  1  3  1 -3 -1 -2 -1  0 -3  2 -1 -2 -1 -3 -2 0 0 1 1 0.66
-1 -3 -1 -2 -4 -3 -3  1 -2  4  0 -1  4  1 -1 -1 -1 -4 -3  1 0 0 1 0 0.75
-1 -2  2 -2 -4 -2 -2 -1 -3  1  0 -2  4  3  3 -1 -2 -4 -2 -1 0 0 1 0 0.77
 1 -2  0  1 -3 -1 -1  4 -3 -2 -1 -1  0 -3 -2  1  0 -4 -4 -1 0 0 1 1 0.80
-1 -3  1 -1 -4  0 -2  3 -4  0 -2 -3  4 -2  4 -1 -1 -5 -4 -2 0 0 1 1 0.83
-1 -4  0  0 -2  0 -2  1 -2 -1 -2 -2  0 -2  5  1  0 -5 -3 -2 0 0 1 1 0.84
-2 -3  1 -1 -5  0  0  6 -2 -4 -4 -2  1 -4 -3  0 -3 -2 -3 -2 0 0 1 1 0.85
-1 -2 -2  0 -3  0 -3  0 -4  1  0 -1  6 -1 -1  0 -1 -2 -4  1 0 0 1 0 0.90
-1 -2  1  1 -3  1  4  1 -1 -2 -3 -1  1 -2  0 -1 -1 -5 -4 -1 0 0 1 1 0.84
-1 -1  1  2 -5  2  4  1 -2 -2 -2  1  1 -4 -1 -1 -2 -5 -3 -2 0 0 1 1 0.84
-1 -4 -2 -3 -4 -1 -1  2 -4  1  1 -1  7 -1 -3 -2 -2 -4 -3  0 1 0 0 0 0.76
 0 -2  0  0 -3  2  0  2 -2  0 -1 -2  2 -4 -1  0  2 -4 -3  1 1 0 0 0 0.67
-2 -2  1  0 -3  1  1 -1 -3  2  0 -1  3 -1  0  0 -2 -4  0  0 1 0 0 0 0.57
-2 -2  4  2 -4  2 -1  0 -1 -1  0 -2 -2 -2 -2  1 -1 -5 -2 -2 1 0 0 0 0.58
 0 -5 -2 -5 -4 -2 -5 -4 -5  3  4 -4  4  2 -5 -1 -2 -1 -3  1 1 0 0 0 0.66
 0  0  0  1 -5  5 -1  1 -3 -2 -2  0 -3 -3 -1  1 -1 -1 -4 -2 1 0 0 0 0.52
-3  0  1  4 -5  0  3  1 -2 -4 -3  1 -1 -5 -2  2 -1 -6 -5 -3 1 0 0 1 0.61
-2 -4 -3 -4 -5 -5 -4 -3 -5  3  3 -4  7  0 -3 -4 -2 -2 -2  0 1 0 0 0 0.54
-1 -4 -5 -6 -4 -4 -3 -2 -2  1  4 -3  3  5 -4 -3 -3 -1  0 -1 0 0 1 0 0.47
-1  0  0  0 -4  1  0  3  0 -4 -1  2 -3 -1 -1  2  0  1 -3 -2 0 0 1 1 0.43
 0  0  2  0  0  1 -1  1  0 -1 -1  2  0 -1 -1  0 -1 -4 -3 -1 0 0 1 1 0.43
-1 -1 -3 -2 -3 -1 -2 -1 -3  2  2 -2  4  2 -1 -2  0  1  0  0 0 0 1 0 0.42
-1 -1  1 -2 -3  0 -2  3  0 -2  0 -1  3  2 -1  0 -1 -3 -2 -2 0 0 1 1 0.25
-1 -1  0 -1 -4  0 -1  3 -4 -4 -2 -1 -3 -5  5  1 -1 -5 -4  0 0 0 1 1 0.27
 0  1  1  0 -4  2  0  2 -1 -2 -3  3 -1 -2  2  0 -1 -4 -2 -2 0 0 1 1 0.23
-1  3  0 -1 -4  1  0 -1  0 -4 -2  4  0  0  1 -1 -1 -4 -3 -2 0 0 1 1 0.23
 0  1  0  0 -3  0  0 -1  1 -1 -1  2  0 -3  0  0  1 -3  0 -1 0 0 1 1 0.22
-1  1  0  0 -3  1  0 -1  1  0 -1  3  1 -1  0  0  0 -4 -2 -1 0 0 1 1 0.22
 0  0  0  0 -2  1  0  0  1  0 -1  0  1  0  1  0  0 -2  1  0 0 0 1 0 0.25
-2  5 -2  0 -1  0 -1 -2 -1 -2 -1  3  2 -4 -3 -2 -2 -4 -3  0 0 0 1 0 0.22
-1  3 -1 -2 -4 -1  0 -3 -1 -2 -1  4 -1 -4  1 -1  1 -4 -3 -1 0 0 1 1 0.22
 0  1 -2 -3 -2 -1 -2  0  1  0  1  0  3  1 -3 -1  1 -2 -1  1 0 0 1 1 0.17
 0  1  0 -2 -2  0 -1  1  0  0  0  1  0 -1  0  0  1 -3 -2  1 0 0 1 1 0.15
-1 -3 -3 -1 -2 -2 -3 -1 -3  3  0  0 -1 -2 -3 -1  0 -4 -3  4 1 0 0 0 0.11
 2  2 -2 -3 -2  0 -1 -2 -1 -3 -3  4 -3 -4 -1  1  1 -5 -3 -2 1 0 0 1 0.08
-2 -2 -1  5 -6  1  5 -3 -2 -5 -5  0 -2 -6 -4 -2 -2 -6 -5 -3 1 0 0 1 0.05
 7 -5 -5 -5  1 -4 -4 -3 -5 -5 -5 -4 -5 -6 -3  0 -3 -6 -5 -3 1 0 0 0 0.03
-3  4 -3 -4 -4 -1 -2 -1  0 -1  1  2  1  1 -4 -3 -1  2  2 -2 1 0 0 0 0.03
-1  1 -1  0 -5  1  3 -2 -1 -3 -4  3 -2 -4  1 -1  0 -4  1 -2 1 0 0 1 0.02
 1 -2 -3 -3 -3 -1 -2 -2 -2  3  2 -1  0 -1 -2 -2 -1 -4  0  3 1 0 0 0 0.02
-2 -5 -6 -6 -4 -5 -6 -1 -5  1  5 -5  1  0 -6 -5 -1 -4  0  1 1 0 0 0 0.01
 0  0 -3 -1 -1  0  2 -3 -1  2  0  0  1 -1 -3 -1  2 -4 -2  1 1 0 0 0 0.01
 0 -1  0  3 -5  4  4 -2  0 -3 -4  1 -2 -3 -1 -1 -2 -5 -2 -3 1 0 0 1 0.01
-3 -2 -1  2 -6  2  5 -2  0  0 -3 -3  1 -5 -2 -2 -2 -6 -5  0 1 0 0 1 0.01
 0 -2 -2  0 -4  1  5 -4  1 -1 -4  0 -3 -1 -3 -1 -1 -3  2 -1 1 0 0 0 0.02
 2 -1  0 -2  1 -1 -1 -1 -2  0  1 -1  0 -1 -2  1  0 -3 -1  0 1 0 0 0 0.02
 0  0  1  3 -3  1  3  0  0 -1 -2  0 -2 -3 -2  0 -1 -4 -3 -1 1 0 0 1 0.02
 0  1  1  1 -2  1  0  0  2  0  0  0  1 -2 -2  0  0 -3 -2  0 1 0 0 1 0.02
-3 -1 -3 -5 -1 -3 -4 -5 -2  2  5 -3  4 -1 -5 -3 -3 -4  0 -1 1 0 0 0 0.02
-3 -3 -4 -4 -3 -3 -2 -4 -4  4  3 -2  1  0 -4 -3 -1 -3 -1  3 0 0 1 0 0.02
-4 -1  4  6 -5  2  0 -4 -3 -5 -5  0 -4 -5 -1 -1 -1 -6 -5 -1 0 0 1 1 0.01
 0  0  0  1  0  1  1 -2  1 -1 -1  0  3 -1 -1  1  0 -3 -1  0 0 0 1 1 0.01
-1 -3  0  4 -4  0  4 -2 -3 -2 -2 -1 -4 -4  0 -1  0  1 -4 -2 1 0 0 1 0.02
 0  1  1  0 -2  1  0 -2  2  0  0  0  1  0 -2  0  0 -3 -1  0 1 0 0 1 0.02
-1 -4 -4 -2 -3 -1 -4 -3 -4  3  2 -4  1  1 -4 -2 -1 -3  2  3 1 0 0 0 0.02
-1  0  2  1 -1  0 -1 -2  0  1 -1  2 -1 -3 -3  0  0 -3  0  1 1 0 0 0 0.02
 1  2 -1  0  1  3  1 -2  1 -1 -1  1  0 -3 -1  0  0 -4 -3 -1 1 0 0 1 0.02
 0  1  0  2 -4  1  4 -2  0 -1 -1  1 -1 -4 -3 -1 -1 -4 -3 -2 1 0 0 1 0.02
 6  1 -2 -3 -4 -3 -3  0 -4 -4 -2  0 -4 -5 -4 -1 -2 -5 -2 -3 0 0 1 1 0.02
-3 -1 -2  3 -3 -2 -3 -3 -4  4  2 -2  0  0 -4 -3 -1 -4 -3  2 1 0 0 0 0.02
-1  2 -1  0 -2  3  2 -2  1 -2 -3  1 -2 -2 -3 -1  0 -1  2 -1 1 0 0 1 0.02
 0  4  0  1 -3 -1 -1 -2 -1 -2 -1  1  1 -3  2  0 -1 -2 -2 -2 1 0 0 1 0.02
 3 -2 -3 -3  2 -1 -2 -2 -3  0 -2  1 -2 -3 -3  1  0 -4 -3  3 1 0 0 0 0.03
 0 -1 -2  0 -1  2  6 -2 -2 -4 -4  1 -1 -4 -2 -1 -1 -4 -3 -3 1 0 0 0 0.03
-1  0  3  0 -3  6  2 -2  0 -3 -3  0 -1 -3 -2 -1 -1 -3 -1 -3 1 0 0 1 0.03
-1  1  2  1 -1  1  3 -1  1 -2 -2  0 -1 -2 -2  0  0  0 -1 -2 1 0 0 1 0.03
 0 -1  0 -1 -2 -1 -1  5  4 -3 -3 -1 -2 -2 -2  0 -1 -2 -1 -2 0 0 1 0 0.04
-1  0 -2 -3 -1 -2 -2 -3 -2  4  2 -2  2  0 -2 -2 -1 -2 -1  2 0 1 0 0 0.05
-1 -2 -2 -2 -1 -2 -2  1 -2  2  1 -2  0  0 -2 -1 -1 -1  2  2 0 1 0 0 0.06
-2 -2 -2 -3  2 -2 -2 -3 -1  0  1 -2  0  5 -2 -2 -1  0  4  0 0 1 0 0 0.07
-2 -3 -3 -3 -2 -3 -3 -3 -3  5  3 -3  0 -1 -3 -2 -1 -2 -2  1 0 1 0 0 0.09
-2 -2  0  7 -3 -1  1 -2 -2 -3 -3 -2 -3 -3 -2 -1 -2 -3 -3 -3 0 1 0 0 0.13
-2 -2 -2  1 -5  0  7 -3 -2 -4 -4 -1 -3 -4 -3 -2 -2 -4 -3 -4 0 0 1 1 0.18
-3 -4 -4 -4 -3 -4 -4 -5 -4  7  0 -4  1  1 -4 -4 -3 -4 -3  1 1 0 0 0 0.29
-3 -3 -1  7 -4 -2 -1 -3 -2 -4 -4 -2 -4 -4 -3 -2 -2 -4 -4 -4 1 0 0 0 0.29
-2  0 -2 -2 -4 -1 -1 -3 -2 -3 -3  7 -3 -4 -2 -2 -2 -3 -3 -3 1 0 0 1 0.37
-2 -3 -3 -3 -2 -3 -3 -3 -3  6  1 -3  0 -1 -3 -3 -1 -3 -2  3 1 0 0 0 0.41
 4 -2 -2 -2  5 -2 -2 -1 -2  0 -2 -2 -2 -3 -2  0  1 -3 -2  1 0 0 1 0 0.42
 1  1  0 -1 -2  0  0  1 -1 -2 -2  1 -1 -2 -1  2  2 -3 -2 -1 0 0 1 1 0.57
-1  4  0 -1 -3  0  0  0 -1 -3 -3  3 -2 -3  1  1 -1 -3 -2 -2 0 0 1 1 0.78
 0 -1  1  1 -2  0  1  2 -1 -3 -3 -1 -2 -3 -1  3  0 -3 -2 -2 0 0 1 0 0.82
-2 -1  0  2 -4  2  4  2 -1 -4 -4  1 -3 -5  0  0 -1 -4 -2 -3 0 0 1 1 0.86
 0  1  2 -1 -3  0 -1  1  0 -1 -3 -1 -2 -3  1  3  0 -4 -2 -2 0 0 1 1 0.86
 0  1  1 -1 -3  0 -2  2  4  1 -3  1 -2 -3 -2  3 -1 -4 -2 -2 0 0 1 1 0.78
-2 -2  0 -2 -4 -1  1  5 -2 -5 -5 -2 -4 -2 -4  0  2 -5 -4 -4 0 0 1 1 0.77
 2  4 -2 -3 -4  0 -2  1 -1 -3 -4 -1 -3 -2  4  0 -2 -4 -4 -3 0 0 1 1 0.83
-3 -3 -1  6 -5  0  3  0 -3 -5 -5 -2 -4 -2 -3 -1 -3 -5 -4 -4 1 0 0 0 0.85
 1 -2 -4 -4 -3 -3 -3 -4 -4  1 -1 -3 -2 -3  0 -1  1 -4 -3  5 1 0 0 1 0.85
 0 -3 -1 -2 -3 -2  1 -1 -3 -4 -4 -1 -4 -4 -3  6 -1 -5 -4 -4 1 0 0 1 0.85
-2  6 -2 -3 -4 -1 -2  3 -2 -4 -4  0 -3 -3 -4 -1 -2 -3  3 -4 1 0 0 0 0.83
-3  0 -3  0 -6  2  7 -2 -1 -6 -5  2 -5 -6 -4 -2 -2 -6 -5 -3 1 0 0 1 0.71
-3 -6 -4 -5 -6 -5 -5  7 -5 -7 -7 -5 -6 -7 -1 -4 -5 -6 -6 -7 1 0 0 1 0.61
-2 -6 -6 -6 -4 -5 -6 -6 -6  3 -2 -5 -2 -4 -5 -5 -3 -6 -4  7 1 0 0 0 0.55
-4 -3 -4 -4 -7  8  2 -5 -3 -6 -6 -2 -4 -7  1 -4 -4 -6 -5 -6 1 0 0 0 0.35
-4  7 -3 -3 -6  4  1 -5 -3 -6 -5  1 -4 -6 -4  0 -3 -5 -4 -5 1 0 0 1 0.27
 1 -3 -1  7 -4 -2  1 -1 -3 -4 -5 -3 -4 -5 -3 -2 -3 -5 -4 -4 1 0 0 1 0.21
-3 -4 -5 -5 -3 -4 -4 -5 -4  4  5 -4  0  0 -4 -4 -3 -3 -3  0 1 0 0 0 0.16
-3 -4 -5 -5 -3 -4 -5 -5 -5 -1  6 -4 -1 -2 -5 -4 -3 -4 -3  1 1 0 0 0 0.07
 1  2 -1 -1 -2  0  1 -1 -1 -2 -2  1 -2 -3  3  1  1 -3 -2 -2 1 0 0 1 0.06
-3 -4 -5 -5 -3 -4 -4 -5 -4  5  3 -4  1  0 -4 -4 -2 -3 -2  1 1 0 0 0 0.06
 0 -3 -3 -4 -2 -3 -3 -4 -4  3  2 -3  1 -1 -3 -1  0 -3 -2  4 1 0 0 0 0.05
-3 -2 -2  0 -6  0  7 -4 -2 -5 -5 -1 -4 -5 -3 -2 -3 -5 -4 -5 1 0 0 1 0.04
 1 -4 -2 -3 -4 -3 -4  7 -4 -5 -5 -3 -4 -5 -4 -2 -3 -4 -5 -4 0 0 1 1 0.04
 0  1 -1 -2  2 -2 -2 -2 -3 -3 -3  1 -2 -3 -2  3  4 -4 -3 -1 0 0 1 1 0.03
-1  1  1 -1 -2  0  0 -2 -2  0 -1  1  1 -3 -2  1  3 -3 -2  1 0 1 0 1 0.03
 2 -3 -3 -4  0 -1 -3 -3 -4  1  0 -3 -1 -2 -3 -1  0 -4 -3  5 0 1 0 0 0.02
-1 -1  4  0 -3  0 -1 -1  0 -2 -2  0 -1 -2  1  2  2 -3  0 -2 0 1 0 1 0.02
 0 -3 -2 -3 -2 -2 -3 -3 -3  0 -1 -2  0 -3 -3  0  5 -3 -3  3 0 1 0 0 0.02
-1  2 -2 -2 -4  0  0 -3 -2 -3 -1  6 -2 -4  0  0 -2 -4 -3 -3 0 0 1 1 0.02
-2 -2  1  0 -2 -2 -1 -2  6 -2 -2 -3 -3  0 -3  0 -2  1  6 -3 0 0 1 1 0.01
 0 -1 -1 -3 -4 -3 -3  5 -3 -1 -1 -3 -3 -3  3 -2 -2 -4 -1 -1 0 1 0 1 0.01
-1 -1  0 -1 -3  3 -1 -2  1  0 -1 -1  3 -2  2 -1  2 -3 -2  0 0 1 0 1 0.01
-2 -4 -4 -4 -3 -3 -2 -4 -4  4  0 -3  0  0 -3 -3  0 -4 -2  4 0 1 0 0 0.01
-2  1  2  5 -4 -1 -1 -3 -1 -4 -4  3 -3 -4  1  0 -1 -4 -2 -3 0 1 0 1 0.01
 0 -1 -2 -3 -3 -3 -3 -3 -4 -3 -3 -3 -3 -4 -1 -1  7 -4 -4 -2 0 0 1 0 0.01
-2  1  0  6 -4 -1  0 -1 -2 -4 -4  0 -3 -4 -3  1  2 -4 -4 -3 0 0 1 1 0.01
-3 -1  4  0 -4  1 -2 -2  8 -4  0 -1 -3 -2 -3 -2 -1 -4  1 -4 0 0 1 0 0.01
-3 -4 -4 -4 -3 -4 -4 -5 -4  7  0 -4  2 -2 -4 -4 -2 -4 -3  3 0 0 1 0 0.01
-3  0 -4 -4 -3 -3 -3 -4 -4 -1  5 -3  1 -1 -4  0 -2 -3 -3 -1 0 1 0 0 0.01
-5 -5 -5 -6 -5 -5 -5 -5 -4 -3 -2 -5  0  9 -6 -5 -4 -2  0 -2 0 1 0 0 0.01
-2 -3 -3 -3 -2 -3 -3 -4 -4  6  0 -3  1 -2 -3 -3 -2 -3 -2  2 0 1 0 0 0.01
 3 -2 -2 -2  6 -2  0  0 -3 -1 -1 -2 -2 -3 -2 -1 -1 -3 -3  1 0 1 0 0 0.01
 3 -2 -2 -2 -1 -2 -2  4 -2 -3 -3 -2 -1 -3 -2  3 -1 -3  1 -2 0 1 0 0 0.02
-2 -4 -2 -3 -4 -3 -3  7 -3 -4 -4 -3 -4 -4 -3 -2 -3 -4 -4 -4 0 1 0 0 0.02
 6 -2 -2 -3 -2 -2 -2 -1 -3 -2 -3 -2 -2 -3 -2  0  0 -3 -3 -2 0 0 1 1 0.03
-3 -3 -3 -4 -3 -4 -4 -4 -3 -2 -2 -4 -2  8 -4 -3 -3 -1  1 -2 0 0 1 0 0.03
 0  0  0  1 -3  1  1 -2  7 -3 -2  0 -2 -3 -2  1 -1 -3 -1 -2 0 0 1 1 0.04
 0 -1  0  1 -1  1  0  1  0  0  0  0  1 -1 -2  0  0 -2 -1  1 0 0 1 1 0.04
 2 -2 -1 -1  3 -1 -1 -2 -1  1  0 -1  0 -1 -2  2  0 -2 -2  2 0 0 1 0 0.06
-1  1 -1 -1 -3  1  2 -2 -1 -1 -1  5  0 -1 -1 -1 -1 -3 -2 -2 0 0 1 1 0.10
-1 -2 -2 -1 -3 -2 -1 -3 -3 -3 -3 -1 -3 -4  7 -2 -2 -4 -3 -2 1 0 0 0 0.11
-1 -2 -1  0 -3  1  3 -2 -2 -4 -4 -2 -3 -1 -3  5 -1 -4  0 -3 1 0 0 1 0.18
-4 -5 -2  8 -6 -3 -1  1 -4 -6 -6 -4 -6 -6 -4 -3 -4 -7 -6 -6 1 0 0 0 0.19
-4 -5 -6 -6 -4 -5 -6 -6 -6  0  6 -5  5 -2 -6 -5 -4 -4 -4 -2 0 0 1 0 0.22
-4 -6 -6 -6 -4 -5 -3 -6 -6  7  2 -5  1 -2 -6 -5 -3 -5 -4  0 0 0 1 0 0.23
 0 -6 -4 -5 -6 -5 -5 -5 -6 -6 -6 -4 -6 -7  8 -3 -4 -7 -6 -6 1 0 0 1 0.35
-4 -4 -4 -2 -7 -1  8 -6 -4 -7 -6 -3 -6 -7 -5 -4 -4 -6 -6 -6 1 0 0 1 0.57
-5 -5 -6 -7 -4 -5 -6 -7 -5 -1  5 -6  0  5 -6 -5 -4 -4 -2 -2 1 0 0 0 0.49
-4 -3 -4 -4 -5  7 -2 -6 -4  4 -2 -3 -3 -5 -5 -4 -4 -5 -5  3 1 0 0 1 0.50
-3 -6 -4 -5 -6 -5 -6  8 -6 -7 -7 -5 -6 -7 -6 -4 -5 -6 -7 -7 1 0 0 1 0.47
-5  9 -4 -5 -7 -3 -4 -6 -4 -7 -6 -1 -5 -7 -6 -5 -5 -7 -6 -6 0 0 1 0 0.54
-4 -5 -6 -6 -4 -5 -6 -6 -5  0  4 -5  1  6 -6 -5 -4 -3 -1  1 0 0 1 0 0.43
-4 -6 -3 -5 -7 -5 -5 -6 -1 -7 -7 -5 -6 -8  9 -5 -5 -8 -7 -6 0 0 1 1 0.29
-3 -6 -6 -6 -4 -5 -6 -6 -6  7  0 -5  0 -3 -5 -3 -3 -5 -4  4 0 1 0 1 0.25
-3  6 -2 -3 -5 -2 -3 -5 -2  2 -1 -1 -1 -3 -5 -3 -1 -5 -4  1 0 1 0 1 0.14
 1 -5 -5 -5 -2 -5 -4 -4 -6  0 -2 -5 -2 -4 -5 -2  1 -6 -4  6 0 1 0 0 0.10
-1 -3  0 -1 -5  0  6 -3 -1 -5 -4 -2 -3 -3 -2  0  3 -5 -3 -2 0 1 0 1 0.12
-5 -6 -7 -7  0 -5 -6 -7 -6 -1  6 -6  0 -1 -6 -6 -4 -5 -4  0 0 0 1 0 0.14
-2  0  2  3 -5  3  3 -2  1 -4 -4  2 -3 -5 -3  1  0 -5 -4 -4 0 0 1 1 0.10
 3 -2  0  1 -4  0  1 -1 -1 -4 -4 -1 -2 -4  3  3 -2 -5 -4 -3 0 0 1 1 0.07
-5 -6 -7 -7 -5 -6 -6 -7 -2 -1  7 -6 -1 -3 -6 -6 -5 -5 -4 -3 0 0 1 0 0.07
-2 -2  0  4 -4 -2  0  0 -2 -4 -5  0 -2 -5 -4  3  4 -5 -4 -3 0 0 1 1 0.06
 0  1 -2 -2 -3  0  4 -3 -2 -1 -2  2 -2 -4 -1 -1 -1 -3 -3  1 1 0 0 0 0.06
 0 -3  0  4 -6  0  5 -2 -1 -6 -6  0 -5 -6 -2  0 -2 -6 -5 -4 1 0 0 1 0.06
 2 -4 -1  7 -6 -2  0 -4 -2 -4 -5 -4 -2 -6 -4 -1 -3 -7 -6 -4 1 0 0 0 0.07
-5 -6 -6 -7 -5 -6 -6 -7 -5 -2  4 -6  2  7 -6 -6 -5 -3  0 -3 1 0 0 0 0.06
-2  1 -3 -4 -3 -1  1 -4 -1  2 -1  1  0 -1 -4 -3 -2 -2  3  4 1 0 0 0 0.05
-2  7 -1 -2 -3  2 -1 -5 -1 -6 -3  3 -3 -6 -5 -1 -3 -6 -4 -5 1 0 0 1 0.07
-5 -7 -7 -7 -5 -6 -7 -8 -7  8 -1 -6 -2 -4 -7 -6 -4 -6 -5  1 1 0 0 0 0.07
-4 -6 -7 -7 -5 -5 -6 -7 -6  0  6 -6  1 -2 -6 -6 -4 -5 -4 -2 1 0 0 0 0.11
-3  0 -3 -4 -1 -2 -3 -4 -4 -2 -3  2 -1 -5 -4  0  7 -6 -4  0 1 0 0 1 0.18
-2 -2 -2  0 -7  1  7 -3 -2 -6 -5  0 -3 -4 -4 -2 -3  0 -4 -4 0 0 1 1 0.19
-4 -6 -5 -5 -6 -5 -5 -6 -6 -6 -6 -5 -6 -7  8 -3  2 -7 -7 -4 0 0 1 0 0.19
-3  2  1  2 -6  1  3 -4  1 -5 -5  5 -4 -5 -3 -1 -2 -5 -4 -4 0 0 1 1 0.20
 2 -4  7 -1 -3 -2 -3 -2  1 -4 -4 -3 -2 -2 -5  0 -2 -5  1 -4 0 0 1 1 0.20
 5 -4  3 -4  1 -3 -3 -2 -4 -5 -5 -3 -4 -5 -4  4 -2 -6 -5 -4 0 0 1 0 0.19
-4 -5 -6 -7 -4 -4 -6 -7 -6  2  6 -5  1 -2 -6 -5 -4 -5 -4  0 1 0 0 0 0.24
-2 -4 -4 -5 -2 -4 -4 -5 -5  4  2 -4 -1 -2 -2 -3  4 -5 -4  3 1 0 0 0 0.21
-1  3 -2 -2 -6  0  1 -4 -2 -4 -3  6 -1 -4 -4 -2 -2 -3 -2 -3 1 0 0 1 0.21
-5 -3 -4 -5 -7  9 -2 -6 -4 -7 -7 -3 -5 -8 -6 -4 -5 -6 -6 -7 1 0 0 1 0.20
-4 -5 -2 -6 -4  2 -5 -7  0 -5 -5 -5 -2  0 -7 -4 -4 -2  9 -5 1 0 0 0 0.13
-2  1 -3 -3 -3  5  1 -3 -2  0 -3  3 -1 -4 -4 -1  1 -5 -4  1 1 0 0 1 0.08
 5  0 -3 -3 -4 -1  2 -3 -2 -4 -3  3 -2 -5 -4 -1 -2 -5 -1 -3 1 0 0 1 0.06
-4 -5 -6 -7 -4 -3 -6 -7 -6  0  6 -5  4 -1 -6 -3 -3 -5 -3 -2 1 0 0 1 0.08
-4 -5 -6 -6 -4 -5 -6 -6 -5  1  5 -5  5  5 -6 -5 -3 -4 -2 -2 1 0 0 0 0.06
 3  0 -1 -1 -4  0  3  1 -2 -4 -3  3 -3 -5 -3  0 -2 -5 -3 -3 1 0 0 1 0.05
 0 -3 -3 -4 -4 -1 -3 -5 -4 -1  1 -3  3 -1 -4 -1  6 -5 -1  0 1 0 0 1 0.04
-4 -4 -3  5 -7 -1  7 -5 -4 -7 -6 -3 -6 -3 -5 -3 -4 -6 -2 -6 0 0 1 1 0.03
-3 -4  3  2 -4 -2  0  6 -1 -6 -6 -2 -4 -6 -5 -2 -4 -6 -5 -6 0 0 1 1 0.02
-3 -5 -6 -6 -1 -5 -6 -6 -6  4  0 -4 -1 -2 -5 -4 -2 -6 -4  6 0 0 1 0 0.02
-1  0  1  2 -3  1  4 -3  0 -3 -4  2 -3 -4 -3  0  2 -5 -2 -3 0 1 0 1 0.01
-4 -5 -6 -6 -4 -5 -6 -7 -6  3  6 -5  0 -3 -6 -5 -3 -5 -4  2 0 1 0 0 0.01
-1 -1  0  1 -2  0  4 -3  0 -1 -3  0 -3 -4 -3  0  2 -5 -3  0 0 1 0 1 0.01
-6 -6 -7 -7 -6 -7 -7 -7 -5  0 -2 -7 -2  9 -7 -6 -5 -3  0 -2 0 1 0 0 0.01
 0 -2 -2  0 -3 -1  1 -3 -2 -4 -4 -1 -3 -5 -3  1  6 -5 -4 -3 0 0 1 1 0.01
-1 -2 -1  5 -5  1  4 -3 -2 -3 -5  1 -3 -5  3 -2 -2 -6 -4 -4 1 0 0 1 0.01
-1 -3 -1  6 -2 -1  4  0 -3 -6 -5 -1 -5 -6 -3 -1 -3 -6 -4 -5 1 0 0 1 0.01
 6 -5 -4 -5 -2 -4 -4  3 -5 -5 -5 -4 -4 -5 -4  0 -3 -6 -5 -3 1 0 0 0 0.01
-4 -5 -4 -6 -4 -5 -6 -6 -6  6  4 -5  0 -2 -6 -5 -3 -5 -4  2 1 0 0 0 0.01
-1  4 -1  2 -2  1  3 -3  0 -3 -3  2 -3 -4 -3 -1 -1 -1 -2 -2 1 0 0 1 0.01
 3  3 -3 -2 -3 -1  4 -4 -1 -4 -4  1 -3 -4 -4 -1 -2 -5 -3 -4 1 0 0 1 0.01
-2 -6 -6 -6 -4 -5 -6 -6 -6  7  3 -5  2 -2 -6 -5 -4 -5 -4  2 1 0 0 0 0.01
 7 -5 -5 -5 -1 -5 -5 -3 -5 -5 -5 -4 -5 -6 -5 -1 -3 -6 -5 -2 1 0 0 0 0.01
-1  3  0  2 -4  1  4 -3  1 -3 -4  2 -4 -4 -4 -1 -2 -5 -3 -3 1 0 0 1 0.01
-1 -1 -3 -3 -3  0  0 -4 -3  4  1  1  1  0 -4 -2  0 -4  0  1 1 0 0 0 0.02
 7 -5 -5 -5 -3 -4 -4 -3 -5 -5 -5 -4 -5 -6 -4  1 -1 -6 -5 -3 1 0 0 0 0.02
 1 -3 -4 -4 -1 -1 -1 -3  0  2  0 -3  0  3 -4 -2 -1  5  3  1 1 0 0 1 0.03
 0  1 -1  2 -4  3  4 -3  1 -3 -2  2 -2 -4 -3 -1 -1 -4 -2 -3 1 0 0 1 0.04
 0 -1 -2 -3 -1 -1 -1 -3 -3  1  0 -2  1 -1 -2 -1 -1 -3 -1  5 1 0 0 0 0.06
-3 -1  8 -1 -3 -1 -2 -2 -2 -3 -2 -2 -3 -3 -3 -2 -2 -3 -3 -3 1 0 0 0 0.06
 1  1 -1  0 -2  2  4 -1  1 -2 -2  0 -2 -2 -2  1  0 -2 -2 -2 1 0 0 1 0.07
 0  2  1  0 -2  1  1 -1 -1 -2 -1  2 -1 -2 -1  1  1 -2 -1 -2 1 0 0 0 0.12
 0 -2  0 -2 -2 -1 -1 -2 -2  0  0 -1  1 -2 -2  0  4 -3 -2  2 0 0 1 1 0.15
-3  4 -2  1 -7  2  6 -4 -2 -6 -6 -1 -5 -6 -5 -3 -4 -6 -5 -6 0 0 1 1 0.26
-4 -3  7  2 -6 -2 -2  1 -2 -6 -6  3 -5 -6 -5 -2 -3 -7 -5 -6 0 0 1 1 0.27
-3 -5 -5 -5 -4 -5 -5 -6 -6  7 -1 -5 -1 -4 -5 -3  4 -6 -5 -1 0 0 1 1 0.27
-3 -6 -4 -5 -6 -6 -6  8 -6 -8 -8 -5 -7 -7 -6 -4 -5 -6 -7 -7 0 0 1 0 0.30
 7 -5 -5 -5 -4 -4 -5 -3 -5 -5 -5 -4 -5 -6 -4 -2 -4 -6 -5 -3 0 0 1 0 0.18
-5  9 -4 -6 -8 -3 -4 -6 -4 -7 -6 -2 -5 -7 -6 -5 -5 -7 -6 -7 1 0 0 1 0.34
-2  7 -4 -5 -6 -3 -4  4 -4 -7 -6 -2 -5 -6 -5 -4 -5 -6 -5 -6 1 0 0 0 0.24
-5 -6 -7 -7 -5 -6 -6 -7 -6 -1  7 -6 -1 -3 -6 -6 -5 -5 -5 -2 1 0 0 0 0.27
-2  5 -2 -4 -6  1 -3 -5  8 -3 -5 -1 -3 -3 -5 -2 -4 -5  2 -5 1 0 0 1 0.25
 2 -4 -3 -4 -4 -4 -3 -1 -3 -4 -5 -4 -2 -5 -4  2  6 -6 -5 -3 1 0 0 1 0.23
-3 -6 -6 -6 -3 -5 -6 -6 -6  6  0 -5  1 -3 -6 -5 -2 -6 -4  5 1 0 0 0 0.20
-4 -5 -6 -6 -2 -4 -5 -6 -5  3  3 -5  7  0 -5 -5 -2 -4 -4  1 1 0 0 0 0.17
-4 -4 -3 -2 -7 -2  8 -6 -4 -7 -7 -3 -6 -7 -5 -2 -3 -7 -6 -6 1 0 0 1 0.19
-2  4  1 -1 -4  0  2 -2  1 -4 -4  4 -3 -5 -4 -1 -1 -5 -3 -4 1 0 0 1 0.16
-1 -5 -5 -5 -1 -4 -5 -5 -5  3  4 -5  0 -2 -5 -3 -1 -5 -3  4 1 0 0 0 0.18
-4 -5 -6 -6 -3 -5 -6 -6 -5  0  5 -5  6 -1 -6 -5 -2 -5 -4  0 0 0 1 0 0.20
-2 -1 -2  2 -5  0  5 -4 -2 -2  1 -1  3 -4 -4 -2 -2 -5 -4 -3 1 0 0 1 0.19
-4 -3  0  6 -6  0  4 -3 -3 -6 -6 -2 -5 -6  0 -2 -3 -7 -6 -5 1 0 0 1 0.18
-2 -5 -5 -5 -3 -5 -5 -6 -5  5  3 -5 -1 -1 -4 -4  0 -4 -1  4 1 0 0 0 0.23
-2 -2 -1 -4 -4 -3 -4 -4 -4 -3  0 -2  7 -3 -5  5 -2 -5 -4 -4 1 0 0 1 0.24
-6 -4 -6 -7 -6 -6 -7 -7 -4 -4 -3 -6 -4  8 -7 -6 -6 -2  6 -5 1 0 0 1 0.22
-2 -2  2  4 -1  0  5 -3  0 -5 -5 -1 -4 -5 -4  0  0 -5 -3 -4 1 0 0 1 0.21
 5 -4 -4 -5  1 -4 -4 -1 -4  2  0 -4 -1 -4 -4 -2 -2 -5 -4  1 1 0 0 0 0.21
-2 -5 -3  0 -2 -2 -2 -2 -1 -6 -6 -3 -5 -6  8  1 -1 -6 -4 -5 1 0 0 1 0.26
-2 -2  0  5 -5 -2  3 -1 -2 -5 -5 -1 -5 -5 -4  2 -1 -5 -1 -5 1 0 0 1 0.26
-2  4 -1 -1 -3  0 -1 -3  1  0  1  1  3 -2 -2 -1 -1 -2  1 -1 0 0 1 1 0.28
 0 -1  1  2 -3  1  1  0 -1 -3 -3  2 -3 -4  0  2  1 -3 -3 -2 0 0 1 1 0.19
-2 -3  1  3 -4 -1  0  4 -3  1 -1 -2  1 -4 -2 -2 -2 -5 -4 -1 0 0 1 1 0.16
 0  0 -1  0 -3  3  3  0 -2 -4 -4  3 -2 -4 -3  0  0 -3 -3 -2 0 0 1 1 0.10
-1  1 -1  0 -3  0  2 -3  0 -3 -4  4 -3 -3 -2  1  3 -5 -2 -2 0 1 0 1 0.09
-3 -4 -5 -6  4 -5 -5 -6 -4  4  1 -5 -1  1 -5 -5 -3 -5 -1  5 0 1 0 0 0.06
-2  0 -2 -2 -3 -2  0 -4 -3  2 -1 -1 -1 -3 -2 -1  3 -5 -3  4 0 1 0 1 0.06
-4 -7 -7 -7 -5 -6 -7 -7 -7  7 -2 -6 -2 -2 -6 -6 -4 -6 -5  4 0 1 0 0 0.09
-4 -5  2  6 -6 -4 -2 -3 -3 -5 -5 -4 -5 -6 -5 -2  5 -7 -6 -5 0 0 1 1 0.08
 3  1 -3 -1 -4  0  2 -1 -3 -3 -3  3 -3 -5  0  0 -2 -5 -4 -2 1 0 0 1 0.13
 2 -2  1  4 -5  1  4 -2 -1 -4 -4  1 -4 -5 -1 -1 -2 -5 -4 -4 1 0 0 1 0.09
-1 -4 -3 -2  0 -3 -4 -5  0 -2 -1 -3  2  2 -5 -2  1 -1  7  2 1 0 0 1 0.16
-3 -6 -7 -7 -5 -6 -6 -7 -7  2 -2 -6 -2 -5 -6 -5 -4 -7 -5  7 1 0 0 0 0.31
-1  3  2  3 -4  1  2 -3 -1 -3 -2  2 -3 -5 -3  0  0 -5 -3 -3 1 0 0 1 0.40
-1  0  1  2 -5  1  4  0 -1 -5 -4  3 -3 -5 -3  1 -1 -5 -4 -4 1 0 0 1 0.41
-1  4  1 -3 -4  2 -2 -3  4 -4 -4  4 -3 -5 -2 -1 -1 -5 -2 -4 1 0 0 0 0.48
-1 -4 -4 -5 -3 -4 -2 -3 -2  1  5 -1  0 -1 -5 -2 -2 -5 -4  2 0 0 1 0 0.53
 1 -1  1  1 -3  1  2  3 -2 -4 -4  2 -3 -5  0  1 -2 -5 -4 -4 0 0 1 1 0.55
 0 -3  0  3 -5 -1  2 -1 -2 -4 -4  0 -3 -5  4  0 -1 -5 -4 -4 0 0 1 1 0.59
-3 -5 -5 -4 -4 -5 -3 -6 -5  5  4 -4  1 -1 -5 -4 -1 -5 -2  2 0 0 1 1 0.57
 2 -2 -3 -4 -3 -3 -3 -4 -3  2  2 -2  2 -2 -4  0 -1 -4 -2  3 0 0 1 1 0.63
 0  1 -1 -1 -4  3  3 -1 -1 -1 -2  3 -2 -3 -3  0  0 -4 -2  0 0 0 1 1 0.56
-3 -1  5  5 -5  0  0 -3 -2 -5 -5  2 -4 -4 -2  0 -2 -5  1 -5 0 0 1 1 0.59
 0  2 -2 -1 -5  2  4 -3 -1 -2 -3  2 -2 -3 -2  0  1 -5 -2 -1 0 0 1 1 0.56
-5 -6 -1  8 -8 -4 -1 -5 -5 -7 -8 -4 -7 -8 -6 -3 -5 -8 -7 -7 0 0 1 1 0.41
-3 -3 -6 -7 -4 -5 -6 -7 -6  0  6 -5  0 -2 -4 -4 -2 -5 -1 -1 1 0 0 0 0.44
 1 -1 -1 -2 -2 -2 -3 -3 -3 -5 -5 -1 -4 -6 -4  6  0 -6 -4 -4 1 0 0 1 0.28
-3  7 -2 -4 -7  2 -2 -5  0 -6 -6  4 -3 -6 -5 -3 -4 -6 -2 -6 1 0 0 1 0.28
-6 -6 -6 -7 -6 -6 -6 -7 -2 -5 -4 -6 -4  6 -7 -6 -6 -2  9 -5 1 0 0 1 0.19
-5 -6 -7 -7 -5 -6 -7 -7 -7  8  0 -6 -2 -4 -6 -6 -4 -6 -5  3 0 0 1 0 0.16
-5 -6 -7 -7 -5 -6 -6 -7 -6  1  7 -6 -1 -3 -6 -6 -5 -5 -5 -2 0 0 1 1 0.22
