 3 -2 -1 -1 -1 -1 -1 -1 -2 -2 -3 -1 -2 -3 -1  4  2 -3 -2 -1 0 0 1 1 0.83
 0 -1 -1 -3 -2 -2 -2 -1 -3  2  3 -2  3  0 -3  0 -1 -3 -2  1 0 0 1 1 0.74
 1 -1  0 -1 -3  1  4 -2 -2 -4 -4 -1 -3 -4 -1  2  3 -4 -3 -3 0 0 1 1 0.69
 1 -2  0  2 -3  0  2 -2 -2 -2 -3 -1 -3 -4  3  2  2 -4 -3 -3 0 0 1 1 0.60
 0  1  1  2 -3  2  1 -1  1 -3 -3  0 -2 -2  0  1  2 -4 -2 -2 0 0 1 1 0.42
 0 -2  2  2  0  1  1 -1  1 -1 -2 -1 -2 -4  4  0 -1 -4 -3 -2 0 0 1 1 0.19
 0 -2 -1 -1 -3 -2 -1 -3  2  0  1 -1 -1 -1  3  2  0 -3  0 -1 1 0 0 1 0.09
 0 -5 -3 -4 -5 -4 -5  7 -5 -6 -6 -4 -5 -6 -5 -3 -4 -5 -6 -6 1 0 0 0 0.07
-1 -1 -1  1 -5  3  5 -3  0 -3 -2  1 -1 -5 -3 -1 -2 -5 -4 -2 1 0 0 1 0.03
 1  1  0 -1 -3  3  0 -1  4 -1  0  0  0 -3 -3  0 -1 -4 -2  0 1 0 0 1 0.02
-5 -6 -6 -7 -6 -6 -6 -6 -4 -1 -1 -6 -3  9 -7 -6 -5 -2  0 -4 1 0 0 0 0.02
-3 -4 -5 -5 -3 -4 -4 -5 -1  3  3 -4  4  1 -5 -4 -2  7  0  2 1 0 0 0 0.01
 2  0  1  3 -3  3  1 -1  0 -3 -2 -1 -1 -4 -2  0  0 -4 -3 -2 1 0 0 1 0.01
-7 -7 -8 -8 -6 -6 -7 -7 -6 -7 -6 -7 -5 -3 -8 -7 -6 13 -2 -7 1 0 0 0 0.01
-3 -5 -6 -6 -1 -5 -5 -6 -5  2  6 -5  1  0 -5 -5 -3 -4 -3  0 1 0 0 0 0.01
 0  4 -2 -1 -4  2 -1 -3 -1 -1 -2  4 -3 -4 -3  0 -1 -5 -3  0 1 0 0 1 0.01
 1  1  1  2 -4  3  2 -2  1 -3 -2  1 -1 -4 -3  0  0 -4 -3 -2 1 0 0 1 0.01
-1 -1  0 -3 -4 -2 -2  6  1 -5 -5 -1 -4 -5 -4  2 -3 -5 -4 -3 1 0 0 0 0.01
-2 -5 -5 -5  1 -4 -5 -6 -5  5  3 -5 -1 -2 -5 -4 -1 -4 -3  3 1 0 0 0 0.01
 1  2  0  1 -3  2  0 -1 -1 -1  0  1  0 -2 -2  0  0 -3 -1 -1 0 0 1 1 0.01
 1  0  1  1 -3  2  1  0  0 -4 -3  0 -3 -4 -3  3  2 -4 -3 -3 0 0 1 1 0.02
-2  3  2 -1 -5  0 -1  5  4 -5 -5  1 -4 -5 -4 -2 -3 -5 -4 -5 0 0 1 1 0.02
 0  3 -1  0 -3  0  1 -2  1 -3 -2  3 -1 -4 -3  1  1 -4 -3 -1 0 1 0 1 0.02
-3 -4 -5 -5 -3 -4 -5 -5 -1  4  4 -4  1  1 -5 -4 -1 -4 -3  0 0 1 0 0 0.02
 1 -1 -1 -2 -3 -2 -1 -3 -3  2 -1 -1  0 -2  2  2  2 -4 -3  0 0 1 0 1 0.02
-2 -5 -5 -5 -3 -4 -5 -5 -4  5  0 -4  0  2 -1 -4 -1 -4  1  4 0 1 0 0 0.02
-5 -4  9 -2 -6 -3 -4 -4 -3 -7 -7 -4 -6 -7 -5  0 -3 -7 -6 -6 0 0 1 0 0.02
-1  0  1  4 -4  1  3 -1 -2 -3 -4  1 -3 -4 -3  0  2 -4 -4 -2 0 0 1 1 0.01
 2  1 -1 -3 -3  0 -1 -1  0 -1 -2  2  0 -1  3  1  0 -4 -3 -1 0 0 1 1 0.01
-1 -1  1  4 -5 -2  1  2 -3 -5 -5  3  0 -5 -4 -1  0 -5 -5 -4 0 0 1 1 0.01
 4 -5 -3  2 -4 -4 -4  2 -5 -5 -6 -4 -5 -6 -4  4 -3 -6 -5 -5 0 0 1 0 0.01
-1  2  0 -3  1  0 -2 -2  2  0  0  2  1  0  1 -1 -1 -3  0  0 0 1 0 0 0.01
 0 -4 -5 -5  2 -4 -4 -5 -4  3  2 -4  2  0 -4 -3 -2 -4 -3  5 0 1 0 0 0.01
-4 -3  1 -4 -6 -3 -3 -5 10 -6 -5 -4 -4  2 -5 -4 -4 -4  2 -6 0 1 0 0 0.01
-1 -1 -3 -3  0 -2 -3 -3 -3  3  1  0  2  1 -3 -1  2 -3 -2  2 0 1 0 0 0.01
-1 -4 -5 -5  1 -1 -4 -5 -5  2  1 -4  2 -3 -4 -3  0 -5 -3  6 0 1 0 0 0.01
 2 -1  1  2  2  0  1 -1 -2 -3 -3  0  0 -4  0  1 -1 -4 -3 -2 0 0 1 0 0.01
-2  0  1  2 -4  2  1  4  2 -5 -5 -2 -4 -5 -3  0 -3 -5 -4 -5 0 0 1 0 0.01
-1 -1 -1 -3  0 -1 -2  2  3 -3 -2  0 -2  3 -3  0  3 -2  3 -3 0 1 0 0 0.01
 1 -3 -4 -4 -2 -3 -3 -3 -4  2  2 -3  4 -1 -3 -2 -1  0 -1  4 0 1 0 0 0.01
-1 -4 -4 -5 -4 -4 -4 -4 -3  0  1 -4  0  7 -5 -4 -3 -1  4 -2 0 1 0 0 0.01
-3 -4 -5 -5  0 -4 -4 -5 -4  3  4 -4  3 -1 -4 -4 -2 -3 -3  2 0 1 0 0 0.01
-1 -1 -3 -3  3  0 -1 -4 -3  1 -1 -2  0 -3  0  1 -1 -4 -3  4 0 1 0 0 0.01
 0 -2 -1 -2 -2  0 -2 -2 -3 -2 -2 -1 -1 -3 -3  4  3 -4 -3  0 0 0 1 0 0.01
-3 -4 -4 -4 -5 -3 -3 -4 -4 -5 -3 -3 -4 -5  8 -3  0 -5 -5 -4 1 0 0 0 0.01
 1  0  0  2 -2 -1  1  4 -1 -3 -3 -1 -3 -4 -3  0  0 -4 -3 -2 1 0 0 1 0.01
 0 -4 -4 -4  3 -4 -4 -4 -4  5  0 -4  2 -2 -4 -2 -1 -4 -3  3 1 0 0 0 0.01
-2 -5 -5 -6 -5 -5 -6 -5 -4 -2 -2 -5  1  9 -6 -5 -4 -2  1 -3 1 0 0 0 0.01
-3  2 -1 -1 -4  4  0 -4  1 -3 -3  2  0  3 -3 -2 -2 -2  3 -3 1 0 0 0 0.01
-1  4 -2  1 -3  2  1 -3 -2 -1  1  1  1 -3 -3 -1 -1 -4 -3 -1 1 0 0 1 0.01
-4 -4 -5 -5 -4 -4 -5 -5 -1 -3 -3 -4 -3  6 -5 -4 -4  2  8 -3 1 0 0 0 0.01
 2 -3 -3 -2  2 -1 -2 -1 -3  2  2 -2  1  0 -3 -1 -1 -3 -1  1 1 0 0 0 0.01
 0  1  0  0 -3  4  1 -1  0 -2 -2  2 -1 -3 -2  1  0 -3 -2 -2 1 0 0 1 0.02
 0 -1 -1  0 -3  1  5 -3 -2 -1 -1  0 -1 -2 -2  1 -1 -3 -3 -2 1 0 0 1 0.03
-1  0  1 -2  1  0  0 -2  6 -2 -1  1 -2  0 -2 -1  0 -2  2 -2 0 0 1 0 0.04
-1 -1  1  0  1  0 -1  2 -2 -2 -1  0 -2 -2  4  0 -1  0 -2 -1 0 0 1 1 0.07
 0  1  1  0 -1  3  1  0  0 -1  0  0 -1 -2 -1  0  0 -2  0 -1 0 0 1 1 0.10
 0 -1  0  0 -2  0  0  0  0  0  0 -1 -1 -1  1  0  0 -2  0  1 0 0 1 1 0.14
 1 -1  0 -1  1 -1  0  1  0 -1 -1  0 -1 -1  2  0  0 -2  1  0 0 0 1 0 0.18
 1  1  0  0 -1  0  0  0  1 -1 -1  0  0  0 -1  1  1 -1 -1  0 0 0 1 1 0.20
 0  0  0  0 -1  0  0  0  0  0  1  0  0  0  0  0  1 -1 -1  0 0 0 1 1 0.22
 3 -1  1  0 -2  0  0  1  0 -2 -1  0 -1 -2  0  0 -1 -2  0 -1 0 0 1 1 0.21
 0  0 -1  0 -1  0  0  0  0  0  0  2  0 -2  0  0  1 -2 -2 -1 0 0 1 1 0.20
-1  0  0  1 -2  3  1  1  2  0 -2  1 -1 -1  0 -1 -1 -2 -2 -2 0 0 1 1 0.20
 0  0  1  3 -3 -1  4 -1 -2  0 -3 -1 -3 -3  0  0 -1  0 -1 -2 0 0 1 1 0.18
 0  1  1  1 -4  1  0  0 -2 -1 -1  2 -2 -3  0  1  0 -4  0 -1 0 0 1 1 0.16
-1  0  0  0  1  2  1 -1  0  0  0  0  1  0 -1  0  1 -3  0  0 1 0 0 1 0.11
 1  0  1  3 -1  2  2 -1  0 -3 -2  1 -1 -3  1  0 -1 -3 -1 -3 1 0 0 1 0.07
-1  2 -3  2 -4 -1 -2  1 -3  0 -2  2 -3 -3 -1 -3 -3  8  0 -3 1 0 0 0 0.04
-1  2  1  0 -4  1  1 -1  0 -3 -2  1 -3 -3  1  0 -1  7 -2 -1 1 0 0 1 0.03
-1  1  0  0 -3  2  0  0  0 -1  0 -1 -1 -2 -1  0 -1  7  0 -1 1 0 0 1 0.03
 0 -4 -5 -5 -3 -4 -4 -5 -5  3  3 -4  2 -3 -4 -3  0 -4 -3  4 1 0 0 0 0.02
-3 -2 -3  0 -5  8 -1 -4  2 -1 -4 -2 -3 -5 -4 -3  0 -4 -4 -4 1 0 0 0 0.02
-1  3 -1 -2 -4  1  0 -3  0 -3 -3  4 -3 -3 -3  1  1 -3  2 -3 1 0 0 1 0.02
 1  2  0  0 -3  0  0  1  1 -3 -2  0 -1 -3  1  2 -1 -3 -2 -2 1 0 0 0 0.02
-4 -4 -4 -5 -4 -4 -4 -4 -3 -1  0  0 -2  8 -5 -1 -4 -2  0 -1 1 0 0 0 0.02
-3  1  1 -1 -4  4  5 -3  1 -1 -2 -1 -3 -4 -3 -2 -2 -4 -3 -2 1 0 0 1 0.02
 1  3 -1  0 -4  1  0 -2 -2 -3 -3  4 -3 -4 -1  0 -1 -4 -3 -1 1 0 0 1 0.03
-1 -3 -3 -4  1 -2 -3 -5 -2  1  4 -1  4 -2 -4 -1 -2 -4 -3 -1 1 0 0 0 0.03
-1  2  2  1 -1  1  1  3  0 -5 -4  2 -3 -4 -3 -1 -2 -4 -3 -4 0 0 1 1 0.04
 0  0 -3 -4  0 -1 -3 -4 -2  2  3  1  0 -1 -4 -3 -2  2  0  1 0 0 1 1 0.04
-3 -3  0 -4 -5 -2 -3 -1 10 -5 -1 -3 -4 -4 -1 -3 -4 -5 -1 -5 0 0 1 0 0.04
-1  1 -1 -2 -3  1  0  0  2  0  0  0  1  1 -2  0 -1 -2  2  0 0 1 0 1 0.04
-1  2  0 -2  1 -1 -1  0 -2  0 -2  3  0 -3  1  0  1 -4 -3  0 0 1 0 1 0.03
-1  3  1  0  0  2 -1  0  1 -3 -3  1 -2 -4  2  0  0 -4 -3 -2 0 0 1 1 0.03
-1  0  3  4 -4  0  0 -1  2 -4 -4  1 -3 -4  0  1  0 -5 -3 -4 0 0 1 1 0.03
 0  1  1  1 -4 -2  0  5 -3 -4 -4 -1 -3 -4 -3  0 -1 -4 -4 -2 0 0 1 1 0.02
-1  0 -2 -2 -3  1  0  1 -1  0  1  2  1 -2 -2  0  0 -3 -1 -1 0 0 1 1 0.02
-2  3  5 -1 -1  0 -2  2 -2 -4 -4 -1 -3  0 -3 -1  0 -4 -1 -4 0 1 0 1 0.02
-1 -4  0 -4  1 -3 -4 -4  0  4  1 -3  1  4 -4 -3 -2 -2 -1  1 0 1 0 0 0.02
-3 -3 -4 -4  1 -3 -4 -2  3  0 -1 -4 -2  3 -4 -3 -3  9  4 -1 0 1 0 0 0.02
-1  2  1 -2  1  1 -1 -3  4 -1 -2  1 -1  0 -3  1  3 -3  0 -2 0 1 0 0 0.03
 1 -2 -3 -4  8 -3 -4 -3 -3 -2 -1 -3 -2  0 -4  0 -2 -2  4 -1 0 1 0 0 0.03
 0  3 -1 -1  0  1  0 -2  5 -2 -1  1 -2 -2 -2  0  0 -2  1  0 0 1 0 0 0.04
-1  0  0 -2 -2 -1 -2 -3 -2  2  2  1  0 -1 -2 -2 -1 -2 -2  2 0 1 0 0 0.05
-1  0 -2 -2  0 -1 -2 -2  1  0  0  0 -1  1 -2 -1  0 -1  5  2 0 1 0 0 0.07
-1  0  0  2  0  1  2  0  1 -2 -1  0  0 -1 -1  1  0 -2 -1 -2 0 1 0 1 0.10
 1  1  1  0 -2  0  2  0 -1 -2 -1  0 -1 -2 -1  2  1 -2  0 -1 0 0 1 1 0.12
 0 -1 -1 -1 -2  0  1  0 -2  0 -2  0 -1 -2  3  0  1 -3 -2  1 0 0 1 1 0.17
 0  0  2  2 -3  0  1  2 -1 -1 -2  1 -1 -3 -2  0  1 -3 -3 -2 0 0 1 1 0.18
 0  3  0 -2 -2 -2 -2  4 -1 -2 -3  2 -3 -4 -3 -2 -2 -4 -3 -1 0 0 1 1 0.19
 0  1 -2  1 -1  0  0 -1 -2 -2 -3  0 -3 -4  5  1  1 -4 -3 -2 0 0 1 1 0.16
 0  4  1 -2 -4 -1 -2  4 -1 -4 -3  0 -3 -4 -3 -1 -2 -3 -2 -3 0 0 1 1 0.17
 0  4 -1 -1 -3  0 -1  1  1 -4 -3  4 -3 -4 -2  1 -1 -4 -3 -3 0 0 1 1 0.17
-1 -1 -1 -2 -1  0 -1 -1  2 -1  0 -1 -1  3 -2  1  1 -1  4 -1 0 1 0 0 0.14
 0  3 -1 -2 -3  1  0 -1 -2 -1 -3  3 -2 -3  0  2  1 -3 -3 -2 0 1 0 1 0.10
-1  3 -1 -2  1  3  0 -3 -1 -2 -1  3 -1 -2 -1  0  1 -3 -2 -1 0 1 0 1 0.05
-3 -1 -4 -5 -3 -4 -4 -5 -4  2  4 -4  1  1 -4 -3 -1 -3 -1  3 0 1 0 0 0.03
-1  0  2 -2 -3 -1 -1 -3  4 -2 -3  3 -2 -1 -3  2  1 -3  2 -1 0 1 0 1 0.02
 0 -4 -3 -4  2 -4 -4  6 -4 -4 -3 -4 -4 -5 -4 -2 -3 -4 -5 -1 0 1 0 0 0.02
-4 -4 -4 -5 -4 -4 -4 -5 -1  0 -2 -4  1  2 -5 -4 -4 -1  9  0 0 1 0 0 0.01
-4 -4 -5 -6 -3 -4 -5 -6 -5  0  5 -3  4  0 -5 -4 -3 -4 -3  0 0 1 0 0 0.01
-3 -4 -5 -5 -3 -4 -5 -5 -5  5  3 -4  1  1 -5 -4 -2 -4 -3  4 0 1 0 0 0.01
 0  1 -1  1 -4  0  2 -3 -2 -3 -3  4 -2 -4  3 -1  0 -5 -4 -3 0 0 1 1 0.01
 1 -1  2  3 -3 -1  1  0  0 -2 -1  0 -1 -3  1  1  0 -4 -3 -2 0 0 1 1 0.01
-1  1  0 -1 -4 -2  0 -2 -2 -2 -4  0 -3 -4  5  1  2 -2 -4 -1 0 0 1 1 0.02
 0  1  0  0 -3  0  2  0  1  0  1  0 -1 -1 -2  0  0 -3 -1 -1 0 1 0 1 0.02
-1  0 -3 -2 -3 -2 -2 -3 -1  3  3 -2  0  1 -2 -2 -1  2  0  1 0 1 0 0 0.02
-3 -4 -4 -5  0 -4 -4 -5 -3  1  3 -4  2  5 -3 -3 -3  2  4  1 0 1 0 0 0.02
 0  1 -2 -2 -4  1 -3  1 -1 -1 -1 -1 -2  5 -1 -1  1 -2 -1 -2 0 0 1 1 0.02
 1  0  2  1 -2  0  0  2  0 -2 -2  0 -1 -2  0  0  0 -3 -1 -2 0 0 1 1 0.02
-1 -1  1  2 -2 -1  0  2  0 -1 -1  0 -2 -2  1  0  0 -3 -2 -1 0 0 1 1 0.03
 0  0  1  1 -3  1  2 -1 -1 -2 -3  1 -2 -4  2  1  0 -4 -3 -1 0 0 1 1 0.02
-1 -1 -2 -3  3 -1 -2 -3 -3  2  1 -2  2 -1  2 -1 -1 -3 -1  3 0 0 1 0 0.02
-3 -4 -2 -4 -5 -2 -4 -5 -4 -4  0 -4 -4 -5  8 -3 -4 -5 -5 -2 0 0 1 1 0.02
 1 -1 -1  1 -1  0  1  0 -2 -1 -1 -1 -2 -1  4  0  0 -3 -1 -1 0 0 1 1 0.02
-1 -4  5  6 -5 -3  0 -3 -2 -6 -6 -3 -5 -6  0  1 -3 -6 -5 -5 0 0 1 1 0.02
-3 -3  7 -2 -5 -3 -3 -3 -3 -6 -6 -3 -5 -6  0  4  0 -6 -5 -5 0 0 1 0 0.04
 0 -1 -1 -3 -4 -1 -2 -3 -1 -1  0  0 -1 -4  7 -1 -1 -5 -4 -3 0 0 1 0 0.04
-4 -4 -2 -1  0 -3 -4 -5  4 -2  1 -4 -1  4 -5 -2 -3  6  6  0 0 1 0 0 0.04
-4 -5 -6 -6 -4 -5 -5 -6 -5  3  6 -5  1  0 -5 -5 -4 -4 -3 -1 0 1 0 0 0.05
-1  1 -1 -2 -2  0  0 -3 -2 -1 -1  3  0  2 -3  2  2 -3 -2  0 0 1 0 0 0.07
-3 -4 -5 -5 -3 -4 -5 -5 -5  4  4 -4  0 -2 -1 -4 -3 -4 -3  3 0 1 0 0 0.09
 0 -3  0 -2 -2 -2 -1 -3 -3  3  1 -2  1 -1 -3  2 -1 -3 -2  2 0 1 0 1 0.18
-1 -1  5  3 -3 -1  0 -1 -1 -4 -4 -1 -3 -4 -2  2  0 -4 -3 -3 0 0 1 1 0.26
