-1  1  0  0 -3  5  2 -2  0 -3 -2  1  0 -3 -1  0 -1 -2 -1 -2 0 0 1 1 0.59
-2 -3 -3 -3 -2 -3 -3 -3 -1  0  0 -3  0  6 -3 -2 -2  1  3 -1 0 1 0 1 0.51
-1 -2 -3 -3 -1 -2 -3 -3 -3  1  4 -2  2  0 -3 -2 -1 -2 -1  1 0 1 0 0 0.52
-2 -3 -3 -4 -2 -3 -3 -3 -2  1  3 -3  1  5 -3 -3 -2  0  2  0 0 1 0 0 0.46
 1 -1  0 -1 -2 -1 -1  4 -1 -3 -3 -1 -2 -3 -1  3  0 -3 -2 -2 0 1 0 0 0.44
-1 -2 -3 -3 -1 -1 -2 -3 -2  1  3 -2  4  0 -3 -2 -1 -2 -1  1 0 1 0 0 0.41
 1 -1  1  0 -1  0  0  0 -1 -3 -3  0 -2 -3 -1  4  1 -3 -2 -2 0 0 1 1 0.38
 0 -1  0 -1 -1 -1 -1 -2 -2 -1 -1 -1 -1 -2 -1  1  5 -3 -2  0 0 0 1 1 0.34
 0 -3 -1 -2 -3 -2 -2  6 -2 -4 -4 -2 -3 -3 -2 -1 -2 -3 -3 -4 0 0 1 0 0.28
 0 -1 -1 -1 -2 -1 -1 -1 -1 -2 -2 -1 -1 -2  6  1  0 -2 -2 -1 0 0 1 1 0.21
 1 -1 -1 -1 -1  0  0  0 -1  0  0 -1  0  3  0  0  0  0  1  0 0 1 0 0 0.14
 3 -1 -1 -1 -1 -1 -1  0 -1  1  0 -1  0 -1 -1  0  0 -1 -1  1 0 1 0 1 0.08
-1 -4 -4 -4 10 -4 -5 -3 -4 -2 -2 -4 -2 -3 -4 -2 -2 -3 -3 -2 0 1 0 0 0.05
 1 -3 -3 -3 -1 -2 -2 -3 -3  3  0 -2  0 -1 -2 -1  1 -3 -2  4 0 1 0 1 0.03
-1 -3 -4 -4 -1 -3 -3 -4 -4  2  1 -3  0  0 -3 -2 -1 -3 -1  4 0 1 0 0 0.03
-1 -1 -1 -2 -2  1 -1 -2 -2  0 -1  1 -1  2 -2  0  3 -2 -1  1 0 0 1 1 0.02
 0 -1  1  5 -3 -1  0  2 -2 -4 -4  1 -3 -4 -2 -1 -1 -4 -3 -3 0 0 1 1 0.02
-2 -1  6  0 -3 -1 -1 -1  0 -3 -4 -1 -3 -2 -2  2  0 -3  2 -3 0 0 1 0 0.01
-1  0 -1 -1 -2  3  1 -2 -1  0  0  2  0 -2 -2  0  2 -3 -2  1 0 1 0 0 0.01
-2 -2 -1 -3 -2 -2 -3 -4 -3  1  4 -1  1  0 -3 -2 -1 -2 -2  1 0 1 0 0 0.01
-3 -2 -3 -4 -3  0 -3 -4 -1 -1 -1 -1 -1  6 -4 -2 -2  1  5 -2 0 1 0 0 0.01
 3 -2 -2 -3 -1 -2 -2 -1 -2  1  1 -2  0 -2 -2  1  0 -3 -2  2 0 1 0 0 0.01
 1 -1  5  0 -3  1 -1 -1  5 -3 -3 -1 -2 -3 -2  0 -1 -4 -1 -3 0 1 0 0 0.02
-1 -2  2  1 -3 -2 -1  5 -2 -4 -4 -2 -3 -4 -2  1 -1 -3 -3 -3 0 0 1 1 0.02
-2 -2  1 -3 -2 -2 -3 -3 -1  1  1 -2  0  4 -3 -2 -1  0  3  1 0 0 1 0 0.02
-1  2 -1 -2 -3 -1 -1 -2 -1 -1  0  1 -1  3  3  1 -1 -1  1 -2 0 0 1 1 0.02
 0 -1 -3 -3 -2 -1 -2 -3 -3  1  2  1  1 -1 -3 -2 -1  5 -1  1 1 0 0 0 0.02
-1  6 -1 -2 -3  0 -1 -3 -1 -3 -3  1 -2 -3 -2 -1  2 -3 -2 -2 1 0 0 1 0.02
-1  0  1  0 -3  2  3 -2 -1  0  0  2  2 -2 -2 -1 -1 -3 -2  0 1 0 0 1 0.02
-2 -3 -4 -4 -2 -3 -4 -4 -3  2  5 -3  1  0 -3 -3 -2 -2 -2  1 0 0 1 0 0.03
-1  0  2 -1 -2  0  1 -2 -1 -2 -2  2 -2 -3 -2  1  3 -3 -2 -2 0 0 1 1 0.04
 1 -1  0  3 -2  1  2  1 -1 -3 -3  1 -2 -3 -2  1  0 -3 -2 -2 0 0 1 1 0.05
-1  3  0  3 -4  0  2 -1  4 -4 -3  0 -2 -3 -2  0 -1 -4 -2 -3 0 0 1 1 0.06
-2  1 -1  2 -4  3  5 -3 -1 -4 -3  0 -2 -4 -2 -1 -1 -4 -3 -3 0 0 1 1 0.06
-1 -1 -1 -1 -2  2  2 -2 -1  1  1 -1  2 -1 -2 -1 -1 -2 -1  1 1 0 0 0 0.06
-1  0  2  1 -2  2  0 -1  3 -2 -2  2 -1 -2 -1  1 -1 -2 -1 -2 1 0 0 1 0.06
-1 -1 -1 -1 -2  0  2 -2 -1  2  1 -1  0 -1 -1  0  0 -2 -1  1 1 0 0 1 0.08
 0  1 -2 -2 -3  2 -1  0 -1 -1  0  1 -1  4 -3 -1 -2 -1  0 -2 1 0 0 0 0.08
 1  3  1  1 -2  1  1 -1 -1 -3 -3  2 -2 -3 -2  1 -1 -3 -2 -2 1 0 0 1 0.09
-1  3  0  0 -3  1  3 -2 -1 -3 -3  2 -2 -3 -2  2  1 -3 -2 -2 1 0 0 1 0.10
-2 -3 -3 -4 -3 -2 -3 -4  0  0  2 -3  2  3 -4 -3 -2  1  6 -1 1 0 0 0 0.10
 3  0 -1 -1 -2  3  1 -1 -1 -2 -2  2  0 -3 -1  1  0 -3 -2 -2 1 0 0 1 0.09
 1  0 -1 -1 -2  2  0  2  3 -3 -3  2 -2 -3 -2  0  0 -3 -1 -2 1 0 0 1 0.10
-1  2  0  2 -3  2  2 -2  0 -3 -3  2 -2 -1 -2  0 -1 -1  3 -3 1 0 0 1 0.13
-1 -2 -3 -3 -2 -2 -1 -1 -3  2  3  0  1 -1 -3 -2 -1 -3 -2  3 1 0 0 0 0.13
-1  1  1  0 -3  2  4 -1  2 -3 -3  1 -2 -3 -2  1 -1 -3 -2 -3 1 0 0 1 0.14
 1  0  1  3 -3  1  3 -1 -1 -3 -3  1 -2 -3 -2  0  0 -3 -2 -2 1 0 0 1 0.16
 1 -2 -2 -2  4  0 -2 -2 -1 -1 -1 -2 -1  3 -2  1 -1 -1  3  0 1 0 0 0 0.17
-1  1  3 -1 -3  2  1 -2 -1 -2 -3  4 -2 -3 -2  0  1 -3 -2 -1 1 0 0 1 0.20
-1  1  3  2 -3  1  1 -1 -1 -3 -3  2 -2 -3 -2  1  1 -4 -2 -3 0 0 1 1 0.23
 0 -1 -1 -2 -2  1 -1 -2 -1  1  0 -1  0  0  0  1  1 -1  3  1 0 0 1 0 0.26
 0  0  1 -1 -2  0  0 -1 -1 -1  0  3 -1 -2 -1  2  1 -3 -2 -1 0 0 1 1 0.19
-1  1  2  0 -3  2  2 -2  4 -2 -2  0 -2 -3 -2  1 -1 -3 -1  0 0 0 1 1 0.19
-1 -1  1  3 -3  1  3 -2 -1 -3 -3  0 -2 -4  2  1 -1 -4 -3 -3 0 0 1 1 0.21
-2 -2 -2  1 -2 -1  0 -3 -2  1  1 -2  3  3  2 -2 -1 -2  0  1 0 0 1 0 0.19
 0 -1 -1  2 -2 -1 -1 -2 -2 -1  2  1  3 -1 -2  1 -1 -3 -2 -1 0 0 1 1 0.19
-1 -2  1 -1 -3 -1  0 -2 -2 -3 -3 -1 -2 -4  6  1  1 -4 -3 -1 0 0 1 1 0.20
 0  0  1 -1 -2  0  0 -2 -1  0 -2  3 -1 -3 -2  3  1 -3 -2 -1 0 0 1 1 0.20
 1  1 -2 -3  4 -2 -2 -2 -2 -1  1 -1 -1  2  3 -1 -1 -2 -1 -1 0 0 1 0 0.17
-1 -2 -2 -1 -3 -1  2 -3 -2 -3 -3 -1 -3 -4  7 -1  2 -4 -3 -3 0 0 1 1 0.15
-1  0 -1  0 -3  2  3 -2 -1 -3 -3  3 -2 -3 -2  0  3 -3 -2 -2 0 0 1 1 0.14
 0  2 -2 -2 -3  0 -1 -2 -2  1  0  3 -1 -2  3 -1 -1 -3 -2 -1 0 0 1 1 0.10
-2  2 -3 -2 -4 -2 -2 -3 -3 -4 -4 -1 -3 -4  7 -2 -2 -4 -4 -3 0 0 1 1 0.09
 0 -1  0 -1 -2  1  0 -1 -1 -3 -3  2 -2 -3  2  4  0 -3 -2 -2 0 0 1 1 0.08
-3 -4 -4 -4 -3 -4 -4 -4 -2 -1  0 -4 -1  8 -5 -3 -3  0  2 -2 0 0 1 0 0.05
-1 -5 -4 -5 10 -4 -5 -4 -4 -2 -2 -4 -3 -4 -4 -2 -2 -3 -4 -2 0 0 1 0 0.03
 0 -2  1 -1 -2 -1 -2  3 -2 -2 -3 -1 -2 -3 -2  2  4 -3 -3 -2 0 0 1 0 0.02
 2 -2 -1 -1 -2 -1  0  3 -2 -3 -3 -1 -2 -3  3  1  0 -3 -3 -2 0 0 1 1 0.02
 1 -1  2  3 -3  1  2  1 -1 -3 -3  0 -2 -3 -2  0 -1 -3 -3 -1 0 0 1 1 0.01
-2 -2  0  7 -4 -1  1 -2 -2 -3 -4 -1 -3 -4 -2 -1 -2 -5 -4 -1 0 0 1 1 0.01
-1 -2 -1 -2 -2 -1 -2 -2 -2  0 -1 -1  2 -2 -2  2  5 -3 -2  0 0 0 1 0 0.01
-1 -1 -1 -2 -2 -1 -1 -2 -2  1 -1  2 -1 -2 -2  0  5 -3 -2  0 0 1 0 1 0.01
-2  0 -1 -1 -3  5  2 -3 -1 -2 -1  0  5 -3 -2 -1 -1 -3 -2 -2 1 0 0 0 0.01
-2 -3 -3 -4 -3 -3 -3 -4  0 -1 -1 -3 -1  4 -4 -3 -2  1  7  1 0 1 0 0 0.01
-2 -2  2 -2 -2 -2 -2 -3  0  2 -1 -2 -1  2 -3 -2 -1  0  5  2 1 0 0 0 0.01
-3 -4 -4 -4 -3 -4 -4 -4 -2 -1  1 -4  0  7 -4 -3 -3  0  2 -1 1 0 0 0 0.01
 0 -2  0  6 -3 -1  1  1 -2 -2 -3 -1 -3 -4 -2 -1 -1 -4 -3 -1 0 1 0 0 0.01
 1 -3 -1 -2 -2 -2 -2  5 -2 -4 -4 -2 -3 -4 -2  1 -1 -3 -3 -3 0 1 0 0 0.01
-1 -5 -4 -5 10 -4 -5 -4 -4 -2 -2 -4 -3 -4 -4 -2 -2 -3 -4 -2 0 1 0 0 0.01
-1 -2 -2 -3 -2 -2 -3 -3 -3  3  1 -2  6 -1 -3  0  1 -3 -2  1 0 1 0 0 0.01
-1 -3 -4 -4 -2 -3 -3 -4 -4  2  0 -3  0 -2 -3 -2 -1 -4 -2  5 0 1 0 0 0.01
-2  2 -1 -2 -3  6  1 -3 -1 -2  1  0 -1 -3 -2 -1 -2 -3 -2 -2 0 1 0 0 0.01
-2 -2  6  1 -3 -1 -1  3 -1 -4 -4 -1 -3 -4 -3  0 -1 -4 -3 -4 0 0 1 0 0.01
-2 -1  7  1 -4 -1 -1 -1  0 -4 -4 -1 -3 -4 -3  0 -1 -5 -3 -4 0 0 1 1 0.01
-2  2 -1 -2 -4  1  0 -2  4 -4 -3  5 -2 -3 -2 -1 -2 -4 -2 -3 1 0 0 1 0.01
-1 -3 -4 -4 -1 -3 -3 -4 -4  3  2 -3  1 -1 -3 -2 -1 -3 -2  4 1 0 0 0 0.01
-3 -3 -3 -4 -3 -3 -3 -4  1 -2 -2 -3 -2  4 -4 -3 -3  1  8 -2 1 0 0 0 0.01
-1 -2 -3 -3 -2 -2 -3 -4 -3  3  0  0  0 -1 -3 -2 -1 -3 -2  4 0 0 1 1 0.01
-1 -3  1  1 -3 -2 -2  6 -2 -4 -4 -2 -3 -4 -3 -1 -2 -3 -4 -4 0 0 1 1 0.01
-1  2  3  2 -3  2  0  3 -1 -4 -3  0 -2 -4 -2  0  0 -3 -3 -3 0 0 1 1 0.01
 0  0  1 -1 -2  2  1 -2  3 -1 -2  1  0 -2 -2  0  2 -3 -1  0 0 0 1 1 0.01
-2 -2 -3 -4 -3 -2 -3 -4  3 -1  2 -3  1  4 -4 -2 -2  0  5 -1 1 0 0 1 0.01
 3 -2 -3 -3 -1 -2 -2 -2 -3  2  0 -2  0 -2 -2  0 -1 -3 -2  3 0 1 0 0 0.01
-2  7 -1 -2 -4  0 -1 -3 -1 -4 -3  1 -2 -4 -3 -2 -2 -4 -3 -3 1 0 0 1 0.01
-2 -2  0  6 -4 -1  2 -2 -2 -4 -4 -1 -3 -4  3 -1 -2 -5 -4 -4 1 0 0 1 0.01
-2 -3 -4 -4 -2 -3 -4 -4 -4  1  5 -3  1  0 -4 -3 -2 -2 -2  0 0 0 1 0 0.01
-1 -2  0  1 -2 -1  1 -2 -2 -2 -2 -1 -2 -3 -2  1  5 -3 -2 -1 0 0 1 1 0.01
 1 -1  2  0 -2  2  1 -1 -1 -3 -3  0 -2 -3  4  1  0 -3 -2 -2 0 0 1 1 0.02
-2  0  1  4 -3  0  1 -2 -1 -3 -2  2 -2  2  1  0 -1 -3 -1 -3 0 0 1 1 0.02
-2 -1 -1  3 -4  1  6 -3 -1 -4 -4  0 -3 -4 -2 -1 -2 -4 -3 -3 0 0 1 1 0.02
-1  0 -2 -2 -2 -1 -1 -3  3  3  0  2  0 -2 -2 -1 -1 -3 -1  2 0 0 1 1 0.02
 1  0  0 -1 -2  3  2  1 -1 -2 -2  1 -1 -3 -2  1  0 -3 -2 -2 0 0 1 1 0.02
-1  0 -1  0 -4  3  5 -2 -1 -4 -3  3 -2 -4 -2 -1 -1 -3 -2 -3 0 1 0 1 0.03
-2 -3 -4 -4 -2 -3 -3 -4 -3  3  4 -3  1  0 -3 -3 -1 -2 -2  2 1 0 0 0 0.03
 1  1 -1 -1 -3  5  1 -2 -1 -3 -3  4 -1 -4 -2 -1 -1 -3 -2 -2 1 0 0 1 0.03
-1 -1  1  2 -2  0  2 -2 -2 -1  0 -1 -1 -2 -2  1  3 -3 -2  0 1 0 0 1 0.03
-3 -3 -4 -4 -3 -4 -4 -4 -2  0  0 -4 -1  7 -4 -3 -2  0  3  1 1 0 0 0 0.04
 1  2  0  4 -3  0  2 -2 -1 -3 -3  2 -2 -3 -2  1 -1 -4 -3 -3 1 0 0 1 0.05
 1  0 -1 -1 -2  1  1 -2 -1 -1 -1  3  2 -2 -2  0  1 -3 -2 -1 1 0 0 1 0.07
-1  3 -1 -1 -4  3  0 -2 -1 -3 -3  5 -2 -4 -2 -1 -1 -3 -2 -3 1 0 0 1 0.08
-1  2 -2 -2 -2  3 -1 -3 -1  1  1 -1  4  1 -3 -2 -1 -2 -1  1 1 0 0 0 0.10
 2 -1 -1  1 -1 -1 -1 -2 -2 -1 -1  0  2 -2 -2  1  3 -3 -2 -1 1 0 0 1 0.13
 3 -2 -2 -2 -1 -1  1 -1 -1 -1 -1 -1 -1 -1 -2  0 -1 -2  2  1 1 0 0 1 0.18
-2 -3 -3 -3 -3 -2 -3  1  0 -2 -2 -3 -2  3 -4 -2 -2  1  7 -2 1 0 0 0 0.24
-1  0 -1  0 -4  6  4 -3  0 -4 -3  0 -2 -4 -2 -1 -1 -3 -2 -3 1 0 0 1 0.31
-1  0  2  2 -3  2  2 -2 -1 -3 -3  3 -2 -3 -2  1 -1 -3 -2 -3 1 0 0 1 0.43
-2  0 -1 -2 -3  5  0 -3  0 -3 -2  2 -1  0 -2 -1 -2  0  5 -2 1 0 0 1 0.48
 0  2 -1 -1 -2  3  0 -2 -1  0 -1  1 -1 -2 -2  2  0 -3 -2  1 1 0 0 1 0.49
 0  0 -1  0 -3  4  2 -2 -1 -3 -3  2 -1 -3 -2  1  0 -3 -2 -2 1 0 0 1 0.57
-1  2  2 -1 -2  0 -1 -2 -1  1  0  1  2 -2 -2  0  1 -3 -2  0 0 0 1 1 0.65
-1  0 -1 -1 -3  5  1 -2 -1  1 -2  1 -1 -3  1  0 -1 -3 -2 -1 0 0 1 1 0.72
 1  2 -1 -1 -2  2  0 -1 -1 -3 -3  2 -2 -3  3  1  0 -3 -2 -2 0 0 1 1 0.79
-1  2  1 -1 -3  5  0 -2 -1 -3 -3  0 -2 -4  4 -1  0 -3 -2 -3 0 0 1 1 0.79
 0 -2  2 -1 -1 -1 -1 -2 -2  0 -1 -1  1 -2 -2  2  2 -3 -2  2 0 0 1 1 0.79
 0  0  1  2 -2  1  0  0 -1 -2 -3  0 -2 -3 -2  3  3 -3 -2 -2 0 0 1 1 0.83
 1 -1  1  0 -2  0  1  3 -1 -3 -3  1 -2 -3 -2  1  1 -3 -2 -2 0 0 1 1 0.84
 0 -2 -2 -3 -2 -2 -2 -3 -3  1  3 -2  4 -1 -3  0  1 -2 -2  0 0 0 1 0 0.90
-2 -3 -2  1 -3 -2  0 -3 -2 -1 -1 -2 -1  4  5 -1  0 -1  0 -1 0 0 1 1 0.93
 1 -2 -1 -2 -2 -1 -2  4  4 -1 -1 -2 -2 -2 -2  0 -1 -3 -1 -1 0 0 1 1 0.93
 0 -2 -1 -1 -2 -1  0  4 -2 -2 -1 -1 -1 -3  2  2 -1 -3 -3 -2 0 0 1 0 0.93
 2 -1 -1 -1 -1  0  2 -1 -1 -2 -2  0 -1 -3 -1  2  2 -3 -2 -1 0 0 1 0 0.94
-1 -2 -1  2 -2 -1 -1 -2 -2  0  1 -1  0 -2 -2  1  2 -3 -2  1 0 0 1 0 0.91
-1 -2  0 -2 -2 -2 -2 -2 -2 -2 -2 -1 -2  2  5  0  3 -2 -1 -1 0 0 1 1 0.86
 1 -1 -1 -1 -2  2  2 -2 -1 -1  1  0  0 -2  2  0 -1 -3 -2 -1 0 0 1 1 0.83
 2 -1  0  2 -2  0  1  2 -1 -2 -2 -1 -2 -3 -1  1  0 -3 -2 -1 0 0 1 1 0.73
 3 -2 -2 -2 -2 -2 -2  2 -2 -3 -3 -1 -2 -3  5  0 -1 -3 -3 -2 0 0 1 1 0.71
-1 -3 -3 -3 -2 -2 -2 -3 -3  1  1 -2  0 -1  5 -2 -1 -3 -2  2 0 0 1 0 0.69
-1 -1 -1  2 -3  1  4 -2 -1 -3 -3  0 -2 -4  4  1 -1 -3 -3 -3 0 0 1 1 0.57
 2  0 -1 -1 -2  3  0 -1 -1 -2 -2  1  1 -3  3  0 -1 -3 -2 -1 0 0 1 1 0.40
-1 -3 -3 -2 -3 -2 -2 -3 -3 -3 -4 -2 -3 -4  8 -1 -2 -4 -4 -3 0 0 1 1 0.36
 1 -1  1  0 -2  0  2 -2 -1 -2 -3  0 -2 -3  4  0  2 -3 -2 -2 0 0 1 1 0.40
 1 -2 -2 -2 -1 -1 -2  0 -2  0 -1 -1 -1 -2  4  0  2 -3 -2  2 0 0 1 1 0.48
-1 -3 -3 -2 -3 -2 -2 -3 -3 -3 -4 -2 -3 -4  8 -1 -2 -4 -4 -3 0 0 1 1 0.42
-1 -1  4  0 -2  2  0 -1  3 -3 -3  0 -2 -3 -2  2  0 -3 -1 -3 0 0 1 1 0.49
-3 -3 -4 -4 -3 -4 -4 -4 -2 -1  0 -4 -1  7 -4 -3 -3  0  3 -1 0 0 1 0 0.36
-1 -4 -3 -4 10 -4 -4 -3 -4 -2 -2 -4 -2 -3 -4 -2 -2 -3 -3 -1 0 1 0 0 0.20
-1 -2 -1 -2 -1 -2 -2 -3 -3  2  0 -2  0 -2 -2  0  4 -3 -2  1 0 1 0 1 0.22
 4 -2 -2 -2 -1 -1 -1  0 -2  0 -1 -1 -1 -2 -1  1  0 -3 -2  1 0 1 0 1 0.33
-1  0  0  1 -3  4  4 -2  0 -3 -3  1 -1 -3 -1  0 -1 -3 -2 -2 0 0 1 1 0.44
