 1 -1  0 -1 -1  0 -1 -1 -1 -3 -3 -1 -2 -3 -1  5  2 -3 -2 -2 0 0 1 1 0.52
 0 -1 -1  2 -2  0 -1 -2 -2  0  2  0  0 -1 -2  0  2 -3 -2  0 0 0 1 1 0.32
-2 -2 -3 -2 -4 -2 -2 -3 -3 -4 -4  0 -3 -4  8 -1 -2 -5 -4 -3 0 0 1 1 0.24
-1 -2 -3 -3 -2  1 -2 -4 -3  3  3 -2  1 -1 -3 -2 -1 -3 -2  2 1 0 0 1 0.17
-1 -3 -3 -3 -1 -2  0 -3 -3  3  0 -2  0 -1 -3 -1  2 -3 -2  4 1 0 0 0 0.10
 0 -2 -1 -2  2 -1 -1 -2 -1 -2 -2 -1 -2  1 -2  4  3 -2  2 -2 1 0 0 0 0.08
 3 -1 -2 -2 -2 -1 -1  1 -2 -2 -1  2 -1 -3  2  1 -1 -3 -2 -1 1 0 0 0 0.08
 0 -4 -5 -5 -3 -3 -4 -3 -3 -3  0 -4 -2  2 -4 -3 -3 11  2 -3 1 0 0 0 0.14
-2 -1 -1 -1 -5  7  4 -3 -1 -4 -4  0 -2 -5 -3 -1 -1 -4 -3 -4 1 0 0 1 0.11
 1  3 -1 -2 -3  0 -1 -2 -2 -3 -2  4  0 -3 -2  0  1 -4 -3 -2 1 0 0 1 0.10
 5 -3 -2 -3 -2 -2 -2  4 -3 -3 -3 -2 -3 -4 -2  0 -2 -4 -3 -1 1 0 0 0 0.07
-2  1 -4 -4 -3  0 -3 -4 -3  0  2 -2  8 -2 -4 -3 -2 -3 -3  1 1 0 0 0 0.05
 0 -1  0  3 -4  2  5 -1 -1 -4 -4  2 -3 -4 -2 -1 -2 -4 -3 -3 1 0 0 1 0.04
 1 -3 -3 -4 -2 -2 -3 -3 -2  2  2 -3  2  1 -3 -2 -1 -2  2  2 1 0 0 0 0.03
 3 -3 -3 -4 -2 -2 -3 -3 -3  1  2 -2  4 -1 -3 -1 -1 -3 -2  2 1 0 0 0 0.03
 1 -1  0 -2  0 -1 -1  0  3 -1  0 -1  0 -1 -2  0  1 -2  1  1 1 0 0 0 0.02
 0  0  0 -2 -2  1 -1  0 -2 -1 -1  3  1 -3 -2  2  1 -3 -2  0 1 0 0 1 0.03
-2 -3 -4 -4 -2 -3 -4 -5 -4  3  4 -3  3  2 -4 -3 -2 -2 -1  1 1 0 0 0 0.02
-1 -3 -3 -3  5 -1 -3  1 -3 -1  1 -3  5  2 -3  0 -1 -2 -2 -1 1 0 0 0 0.02
 0 -1  0  2 -3  1  4 -2 -1 -2 -1 -1 -2 -3 -2  0  0 -4 -3  0 1 0 0 1 0.02
 1  1 -2 -2  0 -1 -1 -2  1 -1 -1  2 -2 -3  4  0 -1 -3  0 -1 1 0 0 1 0.02
-1 -3 -4 -4 -2 -3 -3 -4 -1  1  3 -3  0  3 -4 -3 -2 -1  5  0 0 0 1 0 0.02
-1  2 -1  2 -4  1  0  1  3 -4 -4  4 -3 -4 -2 -1 -2 -4 -2 -3 0 0 1 1 0.02
-1 -4 -4 -4  4 -3 -4 -4 -4  2  1 -3  3 -2 -4 -3 -1 -4 -2  5 0 0 1 0 0.02
-2  0  0  5 -3  1  3 -2 -1 -3 -3 -1 -3 -3 -2  0 -1 -3 -3 -3 0 0 1 1 0.02
-1 -1  2  0 -2  0 -1  0  3 -2 -2  0 -1  1 -1  0  2  4  0 -1 0 0 1 1 0.02
 0  0  0  2 -1  1  1  0  0 -1  0  0 -1 -1  0  0  0 -1 -1 -1 0 0 1 1 0.02
 0  1  0  0 -1  0  1  0 -1  0  0  0  0 -1  1  0  0 -1 -1 -1 1 0 0 0 0.02
 0  2 -1 -1 -2  1  0 -1 -1  0 -1  1 -1 -1  2  0 -1  3 -1 -1 1 0 0 1 0.02
 2  0  1 -1 -2  1  0 -1 -1 -2 -2  3 -2 -3 -2  2  1 -3 -2 -1 1 0 0 1 0.02
 0  0  1  3 -3  2  2  2  2 -3 -3  0 -2 -3 -2  0 -1 -3 -2 -3 0 0 1 1 0.02
-1 -3 -3 -3  3 -3 -3  0 -3  0  2 -3  2  4 -3 -2 -2 -1  0  2 0 0 1 0 0.02
-1  0  2 -2  2  2 -1 -2  1 -3 -3  2 -2 -3 -2  0  4 -3 -2 -2 0 0 1 1 0.02
-2 -3 -4 -5 -2 -3 -4 -4 -3  2  3 -4  2  5 -4 -3 -2 -2  0  1 0 0 1 0 0.02
-2  0 -1 -3 -3 -1  0 -4  4  0  3 -2  3 -1 -3 -2 -2 -3 -1  0 0 0 1 0 0.02
-1 -4 -4 -3 -5 -3 -3 -4 -4 -5 -5 -3 -4 -5  8 -2 -3 -6 -5 -4 0 0 1 0 0.01
-2 -2 -1  5 -4  1  3 -3 -2 -3 -2 -1 -3  0 -2 -1  1 -4 -3 -2 1 0 0 1 0.01
 0 -1  0  3 -3  3  1 -2 -2 -3 -3 -1 -2 -4 -2  3  2 -4 -3 -3 1 0 0 0 0.01
 0 -1 -1 -2 -1 -1 -1  1  1  0  1 -1  1  0  0  0  0 -1  0  0 1 0 0 0 0.01
 1  1  0  2 -3  0  4  0 -1 -4 -3  0 -3 -4 -1  0 -1 -4 -3 -3 1 0 0 1 0.01
 0 -3 -3 -4  6  1 -3 -3 -3  2  1 -3  1  2 -3 -2 -2 -2  0  1 1 0 0 0 0.01
-3 -3 -3 -3 -3 -2 -1 -3 -2 -1  1 -3  0  5 -3 -3 -2  8  4 -2 1 0 0 0 0.01
 0  4 -1  0 -3  1  1 -2  0 -3 -3  3 -2 -3 -2  1  1 -4 -2 -3 1 0 0 1 0.01
 0  3 -2 -2 -4  0 -1 -1 -2 -3 -2  6 -2 -4 -2 -1 -2 -4 -3 -3 1 0 0 1 0.01
 1 -3 -3 -4 -2 -3 -3 -1 -3  3  2 -3  2  1 -3 -2 -1 -3 -2  2 1 0 0 0 0.01
 2 -3 -3 -3  7 -3 -3  0 -3 -1 -2 -3 -2  1 -1  0 -1 -3 -2  2 1 0 0 0 0.01
-1  0  0 -1 -4  4  2  2  4 -4 -4  2 -2 -4 -2  0 -1 -3 -2 -3 1 0 0 1 0.01
 2 -2  1 -2 -2  1 -1 -1 -2 -1 -1 -1 -1 -3 -2  1  3 -3 -2  0 1 0 0 1 0.01
-3 -4 -4 -5 -4 -3 -4 -2 -1 -3 -2 -4 -2  3 -4 -3 -3 10  6 -3 1 0 0 0 0.01
-2 -3 -4 -4  0 -2 -3 -4 -3  2  4 -3  4 -1 -3 -3 -2 -3 -2  2 1 0 0 0 0.01
-2  2  4 -1 -3  0 -1  0 -1 -3 -1  2 -2 -3 -3  0  1 -4 -3 -2 1 0 0 1 0.01
-1  1  1  1 -4  2  3 -2 -1 -4 -3  3 -2 -4  1  0  0 -4 -3 -3 0 0 1 1 0.01
-1  2  1  0 -3  1  2 -2  0 -2 -2  1  0  1 -2  0  0 -3 -1 -1 0 0 1 1 0.01
 0  3 -1 -2 -4  0 -1 -3  6 -3 -2  4 -2  1 -3 -2 -2  2 -1 -3 0 0 1 1 0.01
-2  3 -1 -2 -3  0  0 -3  1  0 -1  2  0 -3  4 -1  0 -4 -2 -1 0 0 1 1 0.01
-1  0  0  2 -1 -1  1  2  1 -2 -2 -1 -2  1 -2  0 -1 -2  3  0 0 0 1 1 0.01
-2 -3 -3 -3  2 -3 -3 -4  2  2  2 -3  0  3  3 -2  0 -2 -1  1 0 0 1 0 0.01
-1  2  2 -1 -3  3 -1 -2 -1 -3 -3 -1 -2 -1  5  0  1 -3 -2 -3 0 0 1 1 0.01
-3 -3 -4 -4 -2 -3 -4 -5 -3  1  5 -3  1  0 -4 -3 -2 -2  1  0 0 1 0 0 0.01
-1 -2  1 -2 -2 -2 -2 -3 -3 -2 -3 -2 -2 -3 -2  0  7 -4 -3 -2 0 1 0 0 0.01
-3 -4 -1 -5 -4 -4 -4 -5 -2  1 -1 -4 -1  7 -5 -4 -3  0  4 -2 0 1 0 0 0.01
 0 -2 -1 -2 -2 -2 -2 -2 -3 -3 -3 -2 -3 -4 -2  5  4 -4 -3 -2 0 0 1 0 0.01
 0 -2  2 -2 -2 -1 -2 -2 -2 -3 -3 -2 -2 -4 -2  4  4 -4 -3 -2 0 0 1 0 0.01
 1  0  0 -2 -3  4 -1 -2  1 -2  0 -1  0  2  2 -1 -2 -2  2 -2 1 0 0 0 0.01
-2  2 -1  2 -4  0  1 -3 -2 -4 -4  6 -3 -4 -2 -1 -1 -4 -3 -4 1 0 0 1 0.01
-1 -2 -1 -2 -2 -2 -2 -2 -3 -3 -3 -2 -3 -4 -2  5  4 -4 -3 -2 1 0 0 0 0.01
-3 -4 -4 -5 -3 -4 -4 -5 -3 -1  2 -4  3  7 -5 -4 -3 -1  1  0 1 0 0 0 0.01
 0 -1  1 -2 -2  1 -1 -1  2 -1  0 -1 -1 -1 -2  0  2 -2  2  1 1 0 0 0 0.01
 0 -2  0 -1  0 -1  1 -1  6 -1 -2 -1  1 -3 -2  1  2 -3 -1 -1 1 0 0 0 0.01
-2 -2 -3 -3 -3  3 -2 -4 -2  1  1 -2  5  2 -3 -2 -2 -2  0  3 1 0 0 0 0.01
 0 -3 -3 -4 -2 -2 -3  1 -3  0  1 -3  6 -2 -3 -2  1 -3 -2  2 1 0 0 0 0.01
 2 -4 -2 -3 -3 -3 -3  6 -3 -5 -5 -3 -4 -4 -3 -1 -3 -4 -4 -4 1 0 0 0 0.01
-3  8 -2 -3 -5 -1 -2 -4 -2 -5 -4  1 -3 -5 -4 -2 -3 -5 -3 -4 1 0 0 0 0.01
-3 -4 -4 -5 -3 -4 -4 -5 -3  2  2 -4  3  7 -5 -4 -3 -1  1 -1 1 0 0 0 0.01
-2 -3 -5 -5 -2 -3 -4 -5 -4  1  5 -4  1 -1 -4 -3 -2 -3 -2  2 1 0 0 0 0.01
 2 -1 -1 -3 -2  2 -2 -2  1 -1  1 -2  0  3 -3 -1 -2  2  3 -1 1 0 0 0 0.01
 2 -2 -1  2 -2  1 -1  2  1 -3 -3 -1 -2 -2 -2  2  0 -3  1 -2 1 0 0 0 0.01
 1 -3 -4 -4 -3 -3 -3 -3 -1  0  1 -3  3  5 -4 -2 -2  0  5 -1 1 0 0 0 0.01
-2 -3 -4 -4 -2 -3 -4 -4 -3  4  1 -3  2 -1 -4 -3  0 -3  1  4 1 0 0 0 0.01
 0 -2 -2 -3  4  0 -1 -3  3  0  1 -2  0  0 -3 -2 -2 -1  4 -1 1 0 0 0 0.01
 1  1  2 -1 -3  2  0  0 -1 -3 -2  2 -2 -3 -2  1  0 -3 -2 -2 1 0 0 1 0.01
 1 -1 -2  0 -3  1  1 -2  2 -2 -1  0  0  1 -2 -1 -1 -1  4 -1 1 0 0 0 0.01
 4 -2 -2 -2 -2 -2 -2 -1 -3  0 -2 -2 -2 -3 -2  2  1 -4 -3  1 0 0 1 0 0.01
-1  0 -1  2 -4  0  2  5 -2 -5 -4  0 -3 -4 -3 -1 -2 -4 -4 -4 0 0 1 1 0.01
-1 -3 -4 -4 -2 -3 -3 -4 -4  3  4 -3  1  1 -3 -3 -2 -3 -2  2 0 0 1 0 0.01
 1 -1  0  1  0  0  2  0 -1 -1 -2  0 -2 -3 -2  1  1  1 -2 -1 0 0 1 1 0.01
-1 -2  0 -2  3 -1 -1 -3  3 -3 -3 -1 -3  1  6 -1  0 -3  0 -3 0 0 1 0 0.01
-1  1  1 -1 -2  0  0  0  1 -2 -1  2 -1 -2  3  0  0 -3 -2 -1 0 0 1 1 0.01
-1 -1  4  1 -2 -1  0  1  2 -1 -2  0 -2 -1 -2  1  0 -2  0 -1 0 0 1 1 0.01
-2 -1 -3 -4  0 -3 -3 -3  0 -1 -1 -3 -2  5 -4 -3 -2  9  1 -2 0 0 1 0 0.01
-2 -2  6  1 -4 -1  3 -2 -1 -3 -4 -1 -3 -4 -3  0  0 -5 -3 -1 0 0 1 1 0.01
 0 -3 -3 -3  3 -3 -3 -3 -4 -1 -1 -3 -2 -4  7 -1 -1 -4 -3  1 0 0 1 0 0.01
 0 -2  0 -2  0 -2 -1  1 -3 -2  0 -2 -1 -3 -2  2  4 -3 -3 -1 0 0 1 0 0.00
-1 -4 -2 -3 -4 -3 -4  7 -4 -5 -5 -3 -4 -5 -4 -2 -3 -4 -5 -5 0 0 1 0 0.00
 2 -4 -4 -4  9 -4 -4 -3 -4 -2 -3 -4 -3 -4 -4  0 -2 -4 -4  0 0 1 0 0 0.00
 2 -2  0 -2  1 -2 -1 -2  3  0 -1 -2 -1 -1 -3  0  0 -2  2  3 0 1 0 0 0.00
 0 -3 -4 -4 -2 -3 -4 -4 -4  3  2 -3  1 -1 -3 -3 -1 -3 -2  4 0 1 0 0 0.00
-5 -5 -6 -7 -5 -4 -5 -5 -5 -5 -4 -5 -4 -1 -6 -5 -5 12  0 -5 0 1 0 0 0.01
-1  3  0  0 -3  1  2 -3 -1 -1 -1  1 -1 -2 -1 -1 -1 -3  0  0 0 1 0 0 0.01
-3 -2 -1 -3 -5  2 -2 -4 10 -5 -5 -2 -3 -3 -4 -3 -3 -4  0 -5 0 1 0 0 0.01
-1  1  2  0 -3  1 -1  4  3 -4 -3  1 -2 -3  0 -1 -2 -3 -2 -3 0 0 1 1 0.01
-1 -4 -2 -4  8 -3 -3 -3 -3 -3 -3 -3 -2 -2 -4  0 -1  9 -1 -1 0 0 1 0 0.01
 1 -1  1  2 -2  0  2  1 -1 -2 -2 -1 -2 -2  0  0  2 -2 -2 -1 0 0 1 1 0.01
-1  0  0  3 -3  1  4 -2 -1 -2 -2  0 -2  0 -2  0  0 -3 -2 -1 0 0 1 1 0.01
 0  0  0  0 -2  1  0  2 -1 -1  0  0 -1 -1 -1  0  0 -1  0  0 0 0 1 1 0.01
 0 -1  0  1 -2  2  3  0 -1 -1 -1  0 -1 -2 -1  0  0 -2 -1  0 0 0 1 1 0.01
 0 -1  1  2  0 -1 -1  4 -1 -2 -2 -1 -2 -2  0  0  0 -2 -2 -1 0 0 1 1 0.01
-1  1  1  2 -3  1  2 -1 -1 -2 -2  1  1 -1 -2  0  0 -3 -2 -1 0 0 1 1 0.01
-2 -3 -4 -4 -2 -3 -4 -4 -4  2  4 -3  0 -1  3 -3 -2 -3 -2  1 0 1 0 0 0.01
-2  5 -1 -2 -4  0 -1 -3  4 -3 -3  4  1 -2 -3 -1 -2 -3  0 -3 0 1 0 0 0.01
-2 -6 -5 -6 11 -5 -6 -5 -5 -3 -3 -5 -3 -4 -5 -3 -3 -4 -5 -3 0 1 0 0 0.01
-3 -3 -4 -5 -3 -3 -4 -5 -2  0  4 -4  1  4 -4 -3 -3 -1  4 -1 0 1 0 0 0.01
-4 -2 -1 -3 -5 -1 -2 -4 10 -5 -5 -3 -4 -3 -4 -3 -4 -4  0 -5 0 0 1 0 0.01
-1 -4 -2 -3 -4 -3 -3  7 -3 -5 -5 -3 -4 -5 -4  0 -3 -4 -5 -5 0 0 1 0 0.01
-1 -1  0  1 -2  0  2 -2 -2  0  1 -1  1 -2 -2  1  1 -3 -2  0 0 0 1 1 0.01
 0 -1 -1 -1 -3 -1  0 -1 -2  0 -2  1  0  0  4  0  1 -3 -2  0 0 0 1 1 0.01
-3 -3 -4 -5 -3 -2 -4 -5 -4 -1  0 -3 10 -2 -5 -4 -3 -3 -3 -1 0 1 0 0 0.02
-2 -4 -4 -4  1 -3 -4 -4 -4  4  2 -3  1  1 -4 -1 -1 -3 -2  3 0 1 0 0 0.02
 0  1  2 -1  0  2  0 -2  0 -2  0  1 -1 -3 -1  1  1 -3 -2 -2 0 1 0 1 0.04
-2  2 -2 -2 -4  0 -1 -3 -2 -3 -4  6 -3 -4 -3 -2 -2 -5 -3 -1 0 0 1 1 0.07
-2 -2 -1  2 -4  0  4 -3 -2 -3 -4  0 -3 -4  4  0 -1 -4 -3 -1 0 0 1 1 0.09
-2  3  2 -2 -4  4 -1 -3  6  1 -3  0 -2 -3 -3 -2 -2 -4 -1 -2 0 0 1 0 0.10
-1 -2 -2 -2 -2  0  0 -3  0  2  1  0  1 -2 -2  0  2 -3 -2  1 0 1 0 0 0.12
-2 -3 -4 -4 -2 -3 -1 -4 -3  4  0 -3  0 -1 -4 -3 -1 -3  3  4 0 1 0 0 0.14
-2 -2  1  1 -5  0  7 -3 -2 -5 -5 -1 -4 -5 -3 -1 -2 -5 -4 -4 0 1 0 1 0.17
-3 -3 -4 -5 -3 -2 -4 -5 -4  0  4 -3  8 -1 -4 -3 -2 -3 -3  0 0 1 0 0 0.25
-1 -2  2  5 -3 -1  0 -2 -2 -3 -3 -2 -1 -4 -1  2  1 -5 -3 -2 0 0 1 1 0.31
-1 -3 -3 -3 -3 -2  0 -4 -4  1 -1 -3 -1 -3  5 -2 -2 -4 -3  4 0 0 1 1 0.35
 0 -2  3 -1 -2  0  0 -1 -2 -3 -3 -1 -2 -3 -2  2  4 -4 -3 -2 0 0 1 1 0.35
 0 -2 -1 -2 -2 -2 -2 -2 -2 -3 -1 -2 -2 -4 -2  6  1 -4 -3 -3 0 0 1 0 0.40
 0 -2 -2  1 -5  0  6 -3 -2 -4 -4 -1 -3 -5 -3 -2 -2 -4 -4 -2 1 0 0 1 0.46
 2 -2  5  0 -3 -1  2  0 -1 -3 -3 -1  0 -4 -2  1 -1 -4 -3 -3 1 0 0 1 0.65
 2 -3 -2 -3 -3 -3 -3  6 -3 -4 -4 -3 -4 -4 -3 -1 -2 -4 -4 -4 1 0 0 0 0.81
-2  0 -2 -2 -4  6  0 -3 -2  1 -2  2  1 -3  1 -2 -2 -4 -3  1 1 0 0 1 0.76
-1  7 -2 -3 -4  3 -1 -3 -2 -4 -4  1 -3 -4 -3  0 -2 -4 -3 -4 1 0 0 1 0.72
 6 -3 -3 -3 -2 -2 -2 -1 -3 -2 -3 -2 -2 -3 -2  0 -1 -3  1 -1 1 0 0 0 0.72
-3 -3 -4 -5 -3 -3 -4 -5  2  2  5 -4  1 -1 -4 -4 -2 -3 -2  0 1 0 0 0 0.70
 2  1 -1 -2 -3  0 -1  0 -2 -3 -3  5 -2 -4 -2  0 -1 -4 -3 -3 1 0 0 1 0.68
-2 -1 -1  1 -4  0  6 -3 -1 -4 -3 -1 -3 -4  1 -1 -2 -3 -3 -3 0 0 1 1 0.75
-1 -1  3 -1 -2  4  0  0  1 -2 -2  0 -1 -3 -1  1  2 -2 -2 -2 0 0 1 1 0.74
 1 -2  1 -2 -2 -1 -1  1 -2 -3 -3 -1 -2 -3  6  1  0 -3 -3 -2 0 0 1 1 0.74
-1  1 -1  0 -3  1  2  3  0 -3 -3  0 -2 -3  0  1 -1 -3 -2 -3 0 0 1 1 0.72
-1  5  0 -1 -3  1  2 -2 -1 -3 -2  4 -2 -3 -2 -1 -2 -3 -2 -3 0 0 1 1 0.72
 3 -2 -2 -2 -2 -2  0  4 -3 -3 -3 -2 -2 -3 -2  0  1 -3 -3 -2 0 1 0 0 0.64
-1  3 -1 -2  0  1 -1 -3 -2 -1 -1  5 -2 -3 -2 -1 -1 -4 -3  0 0 1 0 1 0.58
-2 -4 -4 -4 -2 -3 -4 -5 -4  4  2 -4  0 -1 -4 -3 -2  4 -2  3 0 1 0 0 0.57
 0  0 -2 -1  1  0  3 -3 -2 -1 -2 -1  0 -3 -2  1  2 -4 -2  2 0 1 0 1 0.51
 0  1  1 -1 -3  4  0 -2 -1 -1 -3  3 -2 -4 -2  1  2 -3 -3 -2 0 1 0 1 0.45
-3  1  7  0 -4 -1 -1  2 -1 -5 -5 -1 -4 -5 -3 -1 -2 -5 -4 -4 0 0 1 1 0.43
-3  6 -2 -2 -5  2  0 -3 -2 -4 -4  3 -3 -4 -3 -2 -2 -4 -3 -4 0 0 1 1 0.25
-4 -4  1 -4 -4 -3 -4 -2  0 -3 -2 -4  1  4 -5 -3 -3 10  2 -4 0 0 1 1 0.18
-1 -3  2 -2 -4  1  0  6 -2 -5 -5 -2 -4 -4 -3 -1 -2 -4 -4 -4 0 0 1 1 0.16
-3  6 -2 -3 -5  0 -1 -3 -2 -4 -4  4 -3 -4 -3 -2 -2 -4 -3 -4 0 0 1 1 0.11
-2 -1  5  2 -3  4  0 -2 -1 -4 -4 -1 -3 -4 -3  3 -1 -4 -3 -4 0 1 0 1 0.08
-2 -4 -4 -5 -2 -4 -4 -5 -5  2  1 -4  0 -2 -4 -3 -1 -4 -3  6 0 1 0 0 0.05
-2 -4 -5 -5 -2 -4 -4 -5 -5  2 -1 -4 -1 -2 -4 -3 -2 -4 -3  6 0 1 0 0 0.04
-2  2 -2 -2 -4  5  0 -3 -1 -2 -3  3 -2 -4 -3 -2 -2 -4 -3  2 0 1 0 1 0.02
-2 -3 -4 -4 -2 -3 -4 -5 -4  4  4 -3  2  0 -4 -3 -2 -3 -2  2 0 1 0 0 0.01
 0  4 -2 -2 -3 -1 -1 -3 -2 -1 -2  3 -2 -3 -2  0  2 -4 -3  1 0 1 0 0 0.01
-2 -2  6 -1 -4  2 -1 -2  0 -3 -3 -1 -2  2 -3 -1 -2  4  1 -3 0 1 0 0 0.01
-1 -2  2  3 -4  0  4 -3  0 -3 -3 -1 -3  1 -1  0 -1 -2  3 -3 0 0 1 1 0.01
-1  0  4  5 -4  0  0  0  1 -4 -4  0 -3 -4 -3  0 -2 -5 -3 -4 0 0 1 1 0.01
 4 -2  3 -2 -2 -2 -2 -1  0 -3 -3 -2 -2 -1 -2  1 -1 -3  1 -2 0 0 1 0 0.01
 1  3 -3 -3 -2 -1 -2 -3 -2  1  0 -1  4  0 -3 -2 -1 -2  1  2 0 1 0 0 0.01
-1 -4 -4 -4  7 -4 -4 -4 -4  3  0 -4 -1 -2 -4 -1 -2 -4 -3  3 0 1 0 0 0.01
-2 -6 -5 -6 11 -5 -6 -5 -5 -3 -3 -5 -3 -4 -5 -3 -3 -4 -5 -3 0 1 0 0 0.01
 1 -2 -2 -2 -2  1 -2 -2 -1 -1 -1 -2  1  1  4  1 -1 -2  1  1 0 1 0 0 0.01
-2  0  1 -1 -4  0  3 -3  6 -3 -1  2  2  0 -3 -2 -2 -3  1 -3 0 0 1 1 0.01
-3 -3  0  8 -5 -2  0 -3 -3 -5 -5 -2 -5 -5 -3 -2 -3 -6 -5 -5 0 0 1 0 0.01
 3 -2 -3 -3 -2 -2 -2 -2 -3  1  2  0  0 -2 -2  0 -1 -3 -2  1 0 0 1 0 0.01
 1  0  3 -1 -3  2 -1  3  0 -4 -4  0 -2 -4 -1  2 -1 -4 -3 -3 0 0 1 1 0.01
-1 -3 -1 -3  6  0 -3  0 -3  0  0 -2  2  2 -3  0  0 -2 -1  1 0 0 1 0 0.02
 1  2 -1 -2 -3  1 -1  1 -2 -1 -3 -1 -2 -4  5  1 -1 -4 -3 -2 0 0 1 1 0.02
 1 -2  1  0 -2 -2 -2  0  0 -1 -1 -2 -1  3 -1  0  0  5  2 -2 0 0 1 1 0.03
-2 -3  5 -1 -4 -2 -2  4 -2 -2 -4 -2 -3 -4  4 -1 -2 -4 -4 -4 0 0 1 1 0.03
 0 -1  2 -1 -3  4 -1 -2  4 -2 -2 -1  0 -3 -2  1  2 -3 -2  1 0 0 1 0 0.03
 1 -3 -3 -4  2 -3 -3 -3  5 -2 -2 -3 -2  6  1 -2 -3 -1  1 -1 0 0 1 0 0.03
 0 -2 -1 -2 -2 -2 -2 -2  0 -1 -3 -2 -3 -4 -2  6  1 -4 -3 -3 0 0 1 0 0.02
 1 -2  3 -1 -3 -2 -2  4 -2 -3 -4 -2 -3 -4  2  2  0 -4 -3 -3 0 0 1 1 0.02
-1  2  1  0 -3  1  1 -2 -1 -2 -2  3 -2 -2 -2  1  1 -2  1 -2 0 0 1 1 0.01
 0 -2 -1 -2 -3 -2 -2 -2 -3 -4 -4 -2 -3 -4 -2  6  0 -5 -3 -3 0 0 1 0 0.01
-2 -6 -5 -6 11 -5 -6 -5 -5 -3 -3 -5 -3 -4 -5 -3 -3 -4 -5 -3 0 0 1 0 0.01
 0 -4 -2 -3 -4 -3 -3  7 -4 -5 -5 -3 -4 -5 -4 -2 -3 -4 -4 -4 0 0 1 0 0.01
-2 -3 -4 -5 -3 -2 -4 -4 -3  1  3 -3  6  1 -4 -3 -2  4  1  1 0 1 0 0 0.01
-1  0  3 -2  2 -2 -3 -3 -2 -1 -2 -2 -2  5 -4  0 -2 -2  0  0 0 1 0 0 0.01
-4 -4 -4 -5 -4 -4 -4 -5 -1 -2 -1 -4 -2  7 -5 -4 -4  0  6 -2 0 1 0 0 0.01
 0 -2  1 -2 -2 -1 -2  1 -2 -3 -3 -2 -2 -4 -2  4  4 -4 -3 -2 0 0 1 0 0.02
-3 -2  2  6 -5 -1  4 -3 -2 -5 -5 -1 -4 -5 -3 -1 -2 -5 -4 -4 0 0 1 1 0.02
 1 -2 -1 -2 -3 -2  0  5 -3 -4 -4  0 -3 -4 -3  0 -2 -4 -4 -2 1 0 0 1 0.02
 1  1  0  1 -3  1  2 -1  0 -2 -2  1 -1 -3  2  1  0 -3 -2 -1 1 0 0 1 0.01
-2  1 -2 -2 -5  2 -1 -3 -2 -4 -4  7 -3 -5 -3 -2 -2 -5 -3 -4 1 0 0 1 0.01
 6 -3 -3 -3 -2 -2 -2 -1 -3 -2 -2 -2  0 -3 -2  0 -1 -4 -3  0 1 0 0 0 0.01
-2  2 -2 -2 -3  4  0 -3 -2 -1  2  3  0 -2 -3 -2 -2 -3 -2  1 1 0 0 1 0.01
 0 -1 -1 -1 -2  3  1 -2 -2  0  0  0  2 -2 -2  2  1 -3 -2  0 1 0 0 1 0.01
 6 -3 -3 -3 -2 -2 -2  1 -3 -3 -3 -2 -2 -4 -2  0 -2 -4 -3 -2 1 0 0 0 0.01
-3 -4 -4 -5 -4 -3 -4 -4  2 -1  0 -4  5  7 -5 -3 -3 -1  2 -2 1 0 0 0 0.01
 0  3 -1 -2 -1  3  1 -3 -1 -3 -1  4 -2 -3 -2 -1 -2  0 -1 -3 1 0 0 1 0.01
-3 -1  3 -2 -5  6  0 -3  6 -5 -4 -1 -2 -4 -3 -2 -2 -4 -2 -4 1 0 0 0 0.01
 1 -3  1  1 -2 -2 -2 -3 -2  3  1 -2  1 -1 -3 -1 -1 -2  2  0 1 0 0 0 0.01
 0 -1 -2 -1 -2  0  1 -2  2  1  1  0  3  0 -2 -1  1 -3 -1  0 1 0 0 0 0.01
 4 -2 -2  2 -2  0  2 -1 -2 -3 -3 -1 -2 -4 -2  0 -1 -4 -3 -2 1 0 0 1 0.01
-3 -4 -4 -5 -4 -4 -4 -4 -2 -2  0 -4 -2  6 -5 -3 -1  8  4 -2 1 0 0 0 0.01
-2 -2 -2 -3 -3  4 -1 -3 -2  0  0 -1  4 -2 -3 -1  4 -3 -2  1 1 0 0 0 0.01
 0  3 -1 -2 -3  3  0 -2 -1 -3  0  4  0 -3 -2  0 -1 -3 -3 -2 1 0 0 1 0.01
 6 -3 -3 -3 -2 -2 -2 -1 -3 -3 -3 -2 -2 -4 -2  0 -1 -4 -3 -2 1 0 0 0 0.01
 0 -3 -3 -2  5 -2 -1 -3 -3  1  2 -3  4 -2 -3 -1 -1 -3 -2  2 1 0 0 0 0.01
-4 -4 -4 -5 -4 -3 -4 -5  0 -3 -2 -4 -2  5 -5 -4 -3  0  8 -3 1 0 0 0 0.01
-2 -3 -3 -3 -4 -3 -2 -3 -3 -4 -4 -2 -4 -5  8 -1 -2 -5 -4 -4 0 0 1 1 0.01
-2  2  3 -1 -3  3  0  0  2 -3 -3  3 -2 -3 -2  0 -1 -3  0 -3 0 0 1 1 0.01
 4 -2 -3 -3 -2 -2 -2 -2 -3  0 -1 -2  6 -2 -2  0 -1 -3 -2 -1 1 0 0 0 0.01
 0  2  1  0 -3  2  1 -1 -1 -3 -3  3 -2 -4  1  0  1 -3 -3 -2 1 0 0 1 0.01
 1  3  1 -2 -2  0 -1 -1  1 -1 -2  2  0 -3 -1  0  2 -3 -2 -1 1 0 0 1 0.01
 3 -3 -1  2  1 -2 -1  3 -3 -3 -1 -2 -2 -3 -2  0 -1 -4 -3 -2 1 0 0 0 0.01
-1  1  1  0 -4  3  3  2  2 -3 -2  0  1 -3 -2 -1 -2 -3 -2 -3 0 0 1 1 0.01
 0  0 -1  0  2  2  3  0 -1 -3 -3  2 -2 -3 -2  1  0 -3 -2 -2 0 0 1 1 0.01
-2  3 -1 -3  3  0 -1 -3  6 -3 -1  2  3 -2 -3 -2 -2  2 -1 -3 0 1 0 0 0.01
-2 -3 -4 -4  3 -3 -4 -4 -4  2  4 -3  5 -1 -4 -3 -2 -3 -2  2 0 1 0 0 0.01
-1 -3 -4 -5 -2 -3 -4 -4 -4  3  4 -4  1  2 -4 -3 -2 -2 -1  1 0 1 0 0 0.01
-2 -3 -4 -4 -2 -3 -4 -5 -4  5  2 -3  6 -1 -4 -3 -2 -3 -2  1 0 1 0 0 0.01
-1 -3 -3 -3  2 -3 -3 -3 -3  0 -1 -2 -2 -3  6  1 -2 -4 -3  1 0 1 0 0 0.01
-1 -3 -2 -3 -2 -2 -3  0 -3  2  3 -2  2 -1 -3 -1  2 -3 -2  1 0 1 0 0 0.00
-1  4  1 -2  1  2 -1 -2  2 -3 -3  3 -2 -3 -2 -1 -1 -4 -2 -1 0 1 0 1 0.00
-2 -6 -5 -6 11 -5 -6 -5 -5 -3 -3 -5 -3 -4 -5 -3 -3 -4 -4 -3 0 1 0 0 0.01
-2  0  2  3 -4  0  4 -3 -1 -3 -2 -1 -2  2 -3 -1 -2 -2  2 -3 0 1 0 0 0.01
-2 -6 -5 -6 11 -5 -6 -5 -5 -3 -3 -5 -3 -4 -5 -3 -3 -4 -4 -3 0 1 0 0 0.01
-3 -2  8  0 -4 -2 -2 -1 -1 -4 -1 -2 -3 -4 -4 -1 -2 -5 -4 -4 0 0 1 0 0.01
-3 -3  0 -4 -4 -3 -3 -4  4 -3 -3 -3 -2  3 -4 -1 -3  8  7 -3 0 0 1 0 0.01
 2 -1  1 -1 -2 -1 -1  3  0 -2 -1  2 -2 -2 -2  0 -1 -3 -2 -2 0 0 1 1 0.01
 1 -1 -1 -1  1  0 -1  0  4 -1 -2 -1 -1 -1  3  0  0 -2 -1  0 0 0 1 1 0.01
 0  0  1  3 -3  0  0  3  1 -3 -3 -1 -2 -3 -2  0 -1 -3 -2 -3 0 0 1 1 0.01
 0 -1  1 -1  2  1  1  2  1 -3 -2 -1 -2 -2 -1  1  0  1 -1 -2 0 0 1 1 0.02
 1  1 -2 -2 -2  1 -1 -1 -2  1  1  1  1 -2 -2  0  0 -3 -2  2 0 0 1 1 0.02
-2 -3 -3 -3 -3 -1 -2 -3 -3 -3 -1 -2  0 -4  8 -2 -2 -4 -3 -3 0 0 1 0 0.02
-1  1 -2 -3 -2  3 -1 -3 -2  2  2 -1  2  0 -3 -2  0 -3 -2  1 0 1 0 0 0.02
-1 -3 -3 -3 -2 -2 -3 -2 -3  1  4 -2  3 -1 -3  1  0 -3 -2  0 0 0 1 0 0.03
-1 -4 -2 -3 -4 -3 -4  7 -4 -5 -5 -3 -4 -5 -4 -2 -3 -4 -5 -5 0 0 1 0 0.04
-3  7 -2 -3 -5  0 -1 -4 -2 -5 -4  3 -3 -4 -3 -2 -3 -4 -3 -4 0 0 1 1 0.05
-3 -1 -2 -2 -5  8  0 -4 -1 -5 -4  0 -2 -5 -3 -2 -3 -4 -3 -4 0 0 1 0 0.04
-1 -3 -3 -3 -2 -2 -3 -4 -3  2  2 -3  2  0 -3 -1  3 -3 -2  2 0 0 1 0 0.03
-2 -5 -4 -5 10 -4 -5 -4 -5 -3 -3 -4 -3 -4  3 -1 -2 -4 -4 -3 0 0 1 0 0.03
-2  3 -2 -2 -4  0 -1 -3 -2 -4 -3  6  2 -4 -3 -2 -2 -4 -3 -3 0 0 1 1 0.03
-1 -3 -4 -4 -2 -2 -3 -4 -3  3  2 -3  6 -1 -1 -3 -2 -3 -2  3 0 0 1 0 0.02
-2 -3 -2 -3 -2 -2 -3 -3 -3  0 -3 -2 -2 -4 -3  0  7 -4 -3 -1 0 0 1 0 0.02
 2 -4 -3 -3 -4 -3 -3 -3 -4 -3 -4 -2 -3 -5  7 -2 -2 -5 -4  0 0 0 1 0 0.02
-3 -4 -4 -4 -4 -3  0 -5 -1 -2 -1 -4 -2  7 -5 -3 -3  0  5 -2 0 0 1 0 0.02
 2  0  1 -1 -2  1  1  0  2 -3 -3  1 -2 -3 -2  2  1 -3 -2 -2 0 1 0 1 0.02
-2 -3 -4 -4 -2 -3 -4 -5 -4  4  4 -3  3 -1 -4 -3 -2 -3 -2  1 0 0 1 0 0.02
 1 -2  1 -1 -2  0  0 -2 -2 -3 -3 -1 -3 -4  3  4  1 -4 -3 -2 0 0 1 1 0.03
 0 -2  3 -1 -3 -1  0  4 -2 -4 -3 -2 -3 -4 -3  1  0 -4 -3 -3 0 0 1 1 0.04
 3 -2 -2 -3 -2 -2 -2  0 -3  0 -1 -2 -1 -3 -2  1  2 -4 -3  2 0 0 1 0 0.05
 0 -1  2  2 -4  0  5 -1 -1 -4 -4 -1 -3 -4 -2  1 -1 -4 -3 -2 0 0 1 1 0.05
-1 -2  2  5 -3  0  1  2  1 -4 -3 -1 -3 -4 -2  0 -1 -4 -3 -3 0 0 1 1 0.06
-2 -3 -4 -4 -2 -3 -4 -4 -4  5  3 -3  1 -1 -4 -3 -2 -3 -2  2 0 0 1 0 0.07
-1  0  0  6 -3 -1  1 -2 -2 -3 -1  0 -3 -4 -2  0  1 -4 -3 -2 0 0 1 1 0.07
 1  2 -1 -1 -2  1  1 -1  0 -1 -2  1 -1 -3  3  0  0 -3 -2  0 1 0 0 1 0.08
-1 -1  0  3 -3  1  3  1 -1 -4 -4  1 -3 -4  1  1 -1 -4 -3 -3 1 0 0 1 0.07
-1 -2  0  2 -3  1  2 -1  0 -1  1 -1  2 -2 -2  0  1 -3 -2 -1 1 0 0 1 0.07
 0 -3 -3 -4  1 -3 -3 -3 -3  3  2 -3  2 -1 -3 -2 -1 -3 -2  4 0 0 1 0 0.06
 0  1  0  2 -2  1  2 -2  1 -1 -2  0 -1 -2 -1  1  2 -3 -2 -1 0 0 1 1 0.05
-2 -2  1  7 -4  0  1 -2 -2 -4 -4 -2 -4 -4 -2  0 -2 -4 -4 -4 0 0 1 1 0.04
 1  2 -2  0  1  0  0 -3 -2 -4 -3  1 -3 -4  6 -1 -2 -4 -3 -3 1 0 0 1 0.04
 0  0 -2 -2 -2 -1 -2  0 -2  0 -1  2  2 -2  0  0  1 -3 -2  3 1 0 0 1 0.03
 2 -2 -2  1 -2  1 -1 -2 -2  1  1 -1  3 -2 -2 -1 -1 -3 -2  1 1 0 0 0 0.03
 1  0 -3 -4 -2  1 -2 -3 -3  0  4 -1  4 -1 -3 -2 -2 -3 -2 -1 1 0 0 0 0.03
 6 -3 -3 -3 -2 -2 -2 -1 -3 -2 -3 -2 -2 -4 -2  0 -1 -4 -3  0 1 0 0 0 0.02
 0 -2 -1 -2 -2 -1 -2 -1  4 -3 -3 -2 -2 -3 -2  4  4 -3  0 -2 0 1 0 1 0.02
 0 -1 -3 -3 -2 -1 -2 -1  0  2  2  0  0 -1 -3 -2 -1 -3 -2  4 0 0 1 0 0.01
-2  1  2  2 -4  1  1 -2  3 -3 -2  4  0 -3 -2 -1  0 -4 -2 -3 0 0 1 1 0.01
-3 -2  3 -2 -4 -2 -2 -3  8 -4 -3 -2 -3  2 -4 -2 -3 -2  5 -4 0 0 1 0 0.01
-2 -1 -3 -3 -5  0 -2 -4 -3 -4 -4  0 -4 -5  8 -2 -3 -5 -4 -4 0 0 1 0 0.01
 3 -2 -2 -3  4 -2 -2 -2  4 -2 -2 -2 -2 -2 -2  2 -1 -2  3  0 0 1 0 0 0.01
-1 -3 -3 -3 -2 -3 -3 -4 -3  2  2 -3  2 -1 -3 -2  3 -3 -2  3 0 1 0 0 0.00
-2 -3 -4 -5 -3 -3 -4 -4 -3  1  4 -3  5  4 -4 -3 -2 -2  1  0 0 1 0 0 0.00
-2 -4 -4 -4 -2 -4 -4 -5 -5  1 -1 -4 -1 -2 -4 -3  1 -4 -3  6 0 1 0 0 0.00
-2 -4 -4 -5 -4 -4 -4 -4 -2 -2 -1 -4 -2  8 -5 -2 -3  0  4 -2 0 1 0 0 0.00
-2 -1 -1 -2 -4  7  0  0 -1 -4 -2  0 -2 -4 -3  0  1 -4 -3 -3 0 1 0 0 0.01
-2 -5 -5 -6 11 -5 -6 -5 -5 -3 -3 -5 -3 -4 -5 -3 -3 -4 -4 -3 0 1 0 0 0.01
 1 -5 -4 -5 10 -4 -5 -4 -4 -3 -3 -4 -3 -4 -4 -2 -2 -4 -1 -2 0 0 1 0 0.02
-3 -2  8  0 -4 -2 -2 -2 -1 -5 -5 -2 -4 -5 -4 -1 -2 -6 -4 -5 0 0 1 0 0.03
-1 -3 -3 -3 -4 -2 -2 -3 -3 -3 -3 -2 -3 -1  8 -2 -2 -4 -3 -2 0 0 1 0 0.05
-1 -2 -2 -2 -2  2 -1 -3 -2  1 -1 -2  0 -2 -2  0  1 -3 -2  4 0 0 1 1 0.09
-1 -1 -2 -3 -3 -2 -2 -1  0 -2 -1 -2 -1  4 -3 -1 -2  0  6 -2 0 0 1 1 0.14
-1  5 -1 -2 -3  1 -1 -3 -1 -3 -3  2 -2 -3  3  0 -1 -3 -3 -3 0 0 1 1 0.22
-1 -1  5  0 -3  0 -1  1  1 -4 -4  0 -3 -3  1  1 -1 -4  0 -3 0 0 1 1 0.24
 2 -2  0 -2 -2  0 -1  0 -2 -2 -2  0 -2 -1 -2  3  2 -3 -2  0 0 0 1 0 0.30
-1  5 -1 -2 -4  0 -1  3 -2 -4 -2  3 -2 -4 -3 -1 -2 -4 -3 -3 0 0 1 1 0.29
 4  2 -2 -1 -2 -1 -2  3 -2 -3 -3  0 -2 -3 -2  0 -1 -3 -3 -1 0 0 1 1 0.22
 1  1 -1 -1 -1  2  0  0 -1  0 -1  2 -1 -2 -1  0  0 -2 -1  0 0 0 1 1 0.18
-1  0  4  1  1 -1  0  2 -1 -3 -3  1 -2 -3 -2  1  0 -4 -3 -2 0 0 1 1 0.25
 1 -1  2 -1 -3  1  0  0 -2 -3 -3 -1 -2 -4  5  0  2 -4 -3 -2 0 0 1 1 0.34
 0 -1 -1  0 -3  4  1  3  2 -2 -3  0 -2 -3 -2 -1  0 -3 -2 -2 0 0 1 1 0.20
-2  2 -1 -2 -4  0 -1 -3 -2 -3 -3  5 -2 -4  4 -1  0 -4 -3 -3 0 0 1 1 0.10
-2  1  5 -1 -3  0 -1 -2  3 -3 -3 -1 -3  0 -3  2  1 -4 -2 -3 0 0 1 1 0.06
-2 -5 -5 -6 11 -5 -6 -5 -5 -3 -2 -5 -3 -4 -5 -3 -3 -4 -4 -3 0 0 1 0 0.04
 0 -1  0  6 -4 -1  2 -2  2 -4 -4 -1 -4 -4 -3 -1 -2 -5 -3 -4 0 0 1 1 0.02
-4 -4 -5 -5 -4 -4 -4 -4 -3 -2  1 -4  2  7 -5 -4 -3  8  1 -2 0 1 0 0 0.02
-2  3 -1 -2 -5  2  0 -3 -2 -4 -4  6 -3 -4 -2 -2 -2 -4 -3 -4 0 1 0 1 0.01
-3 -4 -5 -5 -2 -4 -4 -5 -4  6  3 -4  0 -1 -4 -4 -2 -4 -2  1 0 1 0 0 0.01
 0 -2 -1 -2 -2 -2 -2 -2 -2 -4 -4 -2 -3 -4 -2  6  0 -4 -3 -3 0 0 1 0 0.01
 3 -2 -2 -3 -2 -2 -2  0  1 -1  0 -2  2 -2 -2  1  0 -3  1  0 1 0 0 0 0.01
-1 -3 -3 -3 -3 -2 -3 -3 -3  1 -1 -2  3 -3  6 -2  0 -4 -3  2 1 0 0 0 0.01
-3 -3  0  8 -5 -2  0 -3 -3 -5 -5 -2 -5 -5 -3 -2 -3 -6 -5 -5 1 0 0 0 0.01
-2 -3 -4 -4 -2 -3 -4 -4 -4  2  4 -3  4 -1 -4 -3 -2 -3 -2  3 1 0 0 0 0.01
-2  3 -3 -4 -2 -2 -3 -4 -3  2  3 -1  3 -1 -3 -3 -2 -3 -2  2 1 0 0 0 0.01
 0 -1  1 -2 -2  2 -1  1  2 -2  1 -1  1 -2 -2  1  1 -2  1 -2 1 0 0 0 0.01
 5 -3 -3 -3  5 -2 -2 -1 -3 -2 -3 -2 -2 -3 -2  0 -1 -4 -3  0 1 0 0 0 0.01
-1 -3 -4 -4 -2 -3 -3 -4 -2  1  4 -3  2  0 -4 -3 -2 -1  4  1 1 0 0 0 0.01
-2  0  0 -2 -3  6  0 -3 -1 -1 -2  2 -1 -4 -3 -1  0 -4 -3  1 1 0 0 1 0.01
-2 -3 -4 -4 -2 -3 -4 -4 -3  2  4 -3  3  3 -4 -3 -1 -2 -1  0 1 0 0 0 0.01
 4 -2 -2 -3 -2 -2 -2 -2 -3 -1 -2 -2 -1 -3 -2  2  1 -4 -3  2 1 0 0 0 0.01
-2  5  0 -2 -4  2 -1 -1 -1 -4 -3  4 -2 -4 -3 -1  0 -4 -3 -3 1 0 0 1 0.01
-2  1  2  2 -4  4  2 -2  0 -4 -3  3 -2 -4 -2  1 -1 -4 -3 -3 1 0 0 1 0.01
-2 -3 -4 -4 -2 -3 -4 -4 -3  3  3 -3  5  3 -4 -3 -2 -2 -1  0 1 0 0 0 0.01
-4 -4 -5 -6 -4 -4 -5 -5 -4  0 -3 -5 -3  1 -5 -4 -4 11  2  0 1 0 0 0 0.01
 0  0  2 -1 -2  2 -1 -1  2 -2  0  0 -1  0 -2  1  1 -3 -1 -2 1 0 0 1 0.01
 0 -1  1  2 -3  1  3 -2  3 -3 -3  2 -2 -4 -2  1  0 -4 -2 -3 1 0 0 1 0.01
 0 -2  2 -2  3 -2 -2 -2 -1  1  1 -2  1  1 -3  0  0 -3 -1  1 1 0 0 0 0.01
-2 -2 -1 -3 -2 -2 -3 -3 -2  2  2 -1  4  3 -3 -1  0 -2  0  1 0 0 1 0 0.01
-1 -2  1  2 -3 -1  0  4 -2 -4 -4 -1 -3 -4  2 -1  0 -4 -4 -3 0 0 1 1 0.01
-1 -1  0  2  0  1  2 -1 -1 -2 -2 -1 -2 -3  1  1  2 -3  0 -1 0 0 1 1 0.01
-1  0 -1 -2 -3  0 -1  0 -2 -1  1  0 -1 -2  5 -1 -2 -3 -3 -1 0 0 1 1 0.01
 1 -3 -3 -3 -3 -2 -1 -3 -3 -1 -1 -2  2  0  6 -1 -1 -4 -2 -1 0 0 1 0 0.01
-1  2 -1 -2 -4 -1 -1 -3 -2 -2 -3  3 -3 -4  6  0 -2 -4 -3 -2 0 0 1 1 0.01
-2 -3 -3 -4 -2 -3 -3 -4 -3  3  3 -3  2  2 -3 -2  1 -2 -1  1 0 0 1 0 0.01
 0  1 -1 -2 -2  2 -1 -2  2  0 -1  1  1 -1  1 -1  0 -3 -1  1 0 1 0 1 0.01
-2 -3 -4 -4 -2 -3 -4 -4 -3  3  2 -3  1  4 -4 -3 -2 -2  0  3 0 1 0 0 0.01
-2 -1 -3 -2 -4  0 -1 -3 -3 -4 -4 -2 -4 -5  8 -1 -2 -5 -4 -4 0 0 1 1 0.01
 0  0 -1  0 -4  2  6 -3 -1 -3 -1  0 -2 -4 -2 -1 -2 -4 -3 -1 0 1 0 1 0.01
-1 -4 -4 -5 -3 -4 -4 -4  0 -1  0 -4 -1  8 -5 -3 -3  0  2 -2 0 1 0 0 0.01
 0  4 -1 -2 -3  0  0 -2  0 -3 -3  5 -2 -4 -2  0 -1 -4 -2 -1 0 1 0 1 0.01
-4 -4 -5 -6 -4 -4 -5 -4 -4 -4 -3 -5 -3  3 -5 -4 -4 12  1 -4 0 0 1 0 0.01
-1  1  3  2 -3  2  0 -1  3 -3 -2 -1 -1 -3 -2  2 -1 -3 -2 -3 0 0 1 1 0.01
 0 -2  0  2 -3  3  0 -2 -2 -3 -3 -1 -3 -4  6  0  0 -4 -3 -3 0 0 1 1 0.01
-1  4 -1 -1  0  3  2 -1 -1 -3 -3  2 -2 -3 -2  1 -1 -3 -2 -2 0 0 1 1 0.01
-3 -2 -3 -4 -3 -2 -3 -4  5 -1  2 -3 -1  4 -4 -3 -2  0  5 -2 0 1 0 0 0.01
 1  2 -1 -2  3  5  0  0 -1 -3 -3  1 -2 -4 -2  1 -1 -3 -2 -2 0 1 0 1 0.02
-2 -3 -3 -4 -3 -3 -3 -4  1 -1 -1 -3 -1  5 -4 -3 -2  0  6  2 0 1 0 0 0.02
-2  4 -1 -2 -4  4  0 -3 -1 -4 -3  5 -2 -4 -2 -1 -2 -4 -3 -3 0 1 0 1 0.04
-2  1  5  0 -3  2 -1 -2 -1 -3 -3 -1 -2 -4  0  1  2 -4 -3 -3 0 1 0 0 0.07
 2  0 -2 -2 -2 -1  1 -2 -2  0 -1 -1 -1 -2 -2  0  3 -3 -2  2 0 1 0 1 0.09
 0 -3 -3 -3 -1 -2 -3 -3 -3  3  1 -2  1 -1 -3  0  0 -3 -2  3 0 1 0 0 0.12
-2 -3 -4 -4 -2 -3 -4 -4 -4  2  4 -3  1  1 -4 -3 -2 -2 -1  2 0 1 0 0 0.15
 2 -3 -3 -3  2 -2 -2 -3 -3 -3 -3 -2 -3 -4  7 -1 -1 -4 -4 -3 0 0 1 0 0.21
 2 -1  0 -2 -2  3  0 -2 -2 -1 -2 -1 -2 -3  3  1  2 -3 -3  0 0 0 1 1 0.28
 1 -2  0 -1  0  1 -2  3  2  0 -2 -2 -2 -3 -3  0 -1 -3 -2  1 0 0 1 1 0.38
-1 -1 -1  0  1  3  2 -3  6 -3 -3  0 -2 -3 -2  0  0 -3  0 -1 0 0 1 1 0.51
-1 -2  0  1 -3 -1  1  0  2 -1 -1 -2 -2 -2  3  0 -1 -3  0  2 0 0 1 1 0.43
-2 -2  0  6  0 -1  3 -3 -2 -1 -1 -2 -3 -4 -3 -2 -2 -5 -4 -1 0 0 1 1 0.46
 1 -2  0  2  0  0  2  0 -1 -2 -2  0 -1 -1 -1  2  1 -3  1 -1 0 0 1 1 0.40
-1  2  1  5  0  1  2 -2  1 -4 -4 -1 -3 -4 -2  1  0 -4 -3 -3 0 0 1 1 0.48
 0 -1 -1  4 -3  2  3  0 -2 -2  0  0  0 -3 -2  0 -1 -4 -3 -1 0 0 1 1 0.61
-1 -2  4  4  2  0  1 -2 -1 -3 -4 -1 -3 -4 -2  2 -1 -4 -3 -2 0 0 1 1 0.68
 0 -3 -4 -3 -3 -3 -3 -3 -4 -1  2 -3 -1 -3  7 -2 -2 -4 -3  0 0 0 1 1 0.76
-4 -5 -5 -5 -4 -5 -5 -5 -3 -2 -1 -5 -2  8 -6 -4 -4 -1  1 -3 0 0 1 0 0.61
-1 -2  0  5 -4 -1  2  3 -2 -4 -4 -1 -3 -4 -2 -1 -2 -4 -3 -4 0 0 1 1 0.58
-2 -3 -3 -4 -2 -3 -3 -4 -2  0  2 -3  3  6 -4 -3 -2  0  2  0 0 0 1 1 0.53
