-1 -1 -2 -3 -1  0 -2 -3 -1  1  2 -1  5  0 -2 -1 -1 -1 -1  1 0 0 1 1 0.93
 0 -1  0 -1 -1 -1 -1 -2 -2 -1 -1 -1 -1 -2 -1  1  4 -2 -2  0 0 0 1 1 0.91
 0 -2  0 -1 -2 -2 -2  5 -2 -4 -3 -1 -3 -3 -2  0 -2 -2 -3 -3 0 0 1 1 0.92
-1 -2 -2 -1 -3 -1 -1 -2 -2 -3 -3 -1 -2 -3  7 -1 -1 -3 -3 -2 0 0 1 1 0.92
-1  0  0  1 -3  2  5 -2  0 -3 -3  1 -2 -3 -1  0 -1 -3 -2 -2 0 0 1 1 0.93
-1 -2 -2 -1 -3 -1 -1 -2 -2 -3 -3 -1 -2 -3  7 -1 -1 -3 -3 -2 0 0 1 1 0.90
 0 -2 -3 -3 -1 -2 -2 -3 -3  2  1 -2  1 -1 -2 -2  0 -3 -1  4 0 0 1 0 0.83
-1 -2 -2 -1 -3 -1 -1 -2 -2 -3 -3 -1 -2 -3  7 -1 -1 -3 -3 -2 0 0 1 1 0.92
 4 -1 -1 -2  0 -1 -1  0 -2 -1 -1 -1 -1 -2 -1  1  0 -2 -2  0 0 0 1 1 0.94
 0 -2  0 -1 -2 -2 -2  5 -2 -4 -3 -1 -3 -3 -2  0 -2 -2 -3 -3 0 0 1 1 0.94
-1 -2 -2 -1 -3 -1 -1 -2 -2 -3 -3 -1 -2 -3  7 -1 -1 -3 -3 -2 0 0 1 1 0.93
-1 -2 -2 -1 -3 -1 -1 -2 -2 -3 -3 -1 -2 -3  7 -1 -1 -3 -3 -2 0 0 1 1 0.93
-1 -2 -2 -1 -3 -1 -1 -2 -2 -3 -3 -1 -2 -3  7 -1 -1 -3 -3 -2 0 0 1 1 0.90
-1 -1  1  5 -4  1  4 -2 -1 -3 -3  0 -3 -3 -1  0 -1 -4 -3 -3 0 0 1 1 0.78
 2 -2 -2 -2 -2 -1 -1 -1 -2 -2 -2 -1 -2 -3  6  0 -1 -3 -3 -1 0 0 1 1 0.78
 0 -2  0 -1 -1 -1 -1  3 -2 -1 -2 -1 -1 -3 -1  1  4 -3 -2 -1 0 0 1 1 0.79
-1  3 -1 -2 -3  0 -1 -2 -1 -1  0  0  3 -2  5 -1 -1 -3 -2 -1 0 0 1 1 0.66
 0 -1  0 -1 -1 -1 -1 -1 -2 -2 -2 -1 -2 -3  5  2  3 -3 -2 -1 0 0 1 1 0.53
 0  5  0 -1 -2  1  0 -2 -1 -3 -2  2 -1 -3 -2  2  0 -3 -2 -2 0 0 1 1 0.47
-1  3  0  0 -3  3  3 -2  0 -3 -3  3 -1 -3 -1  0 -1 -3 -2 -2 0 0 1 1 0.44
 3  2 -1 -2 -2  0 -1  2 -1 -2 -2  0 -1 -3 -1  0 -1 -3 -2 -1 0 0 1 1 0.43
 0 -2 -1 -1 -3 -2 -2  6 -2 -4 -4 -2 -3 -3 -2  0 -2 -3 -3 -3 0 0 1 1 0.42
 0  1  0  0 -2  5  1 -1  0 -3 -2  1 -1 -3 -1  2  0 -2 -2 -2 0 0 1 1 0.40
 0 -2 -3 -3 -1 -2 -3 -3 -3  2  1 -2  3 -1 -3 -2  0 -3 -1  4 0 1 0 0 0.30
-3 -3 -4 -4 -3 -2 -3 -3 -2 -2 -1 -3 -1  3 -4 -3 -3 10  2 -2 0 1 0 0 0.25
 4 -1 -1 -2 -1 -1 -1  0 -2 -1 -2 -1 -1 -2 -1  1  2 -3 -2  0 0 1 0 1 0.23
-2  0  0 -1 -3  0  0 -2  8 -4 -3 -1 -2 -1 -2 -1 -2 -3  2 -3 0 1 0 0 0.19
 2 -2 -3 -3 -1 -2 -2 -2 -3  2  0 -2  0 -1 -2 -1  0 -3 -1  4 1 0 0 0 0.17
 0 -1  0 -1 -3  2 -1  5 -1 -4 -3 -1 -2 -3 -2  0 -1 -3 -3 -3 1 0 0 0 0.13
-1  1  0 -1 -3  5  1 -2  4 -3 -3  1 -1 -3 -2  0 -1 -2  0 -3 0 0 1 1 0.10
 4 -1 -1 -2 -1 -1 -1  0  3 -2 -2 -1 -1 -2 -1  1  0 -3 -1 -1 0 0 1 1 0.08
-2 -3 -3 -4 -2 -3 -3 -3 -2  0  2 -3  1  6 -4 -3 -2  0  2  0 0 0 1 0 0.07
-1  1 -1 -2 -2 -1 -1 -2 -2 -1 -2  1 -1 -3  6 -1  1 -3 -2  0 0 0 1 1 0.07
-2 -1  2  4 -4  1  4 -2 -1 -3 -4  0 -3 -4 -2  0 -1 -4 -3 -3 0 0 1 1 0.06
-1 -1 -1 -1 -2  1  1 -2  2 -2 -2 -1 -2 -3  4  0  4 -3 -2 -2 0 0 1 1 0.05
 1 -1  0  2 -2  2  3  0 -1 -3 -3  0 -2 -3 -1  2  1 -3 -2 -2 0 0 1 1 0.03
 1 -2 -3 -3 -2 -2 -2 -3  0 -2 -2 -2 -1  3 -3 -1 -2  1  7 -2 0 1 0 0 0.02
-2 -2  1  7 -4 -1  2 -2 -2 -4 -4 -1 -4 -4 -2 -1 -2 -5 -4 -4 0 1 0 0 0.02
-1 -3 -3 -3 -1 -3 -3 -4 -4  3  0 -3  0 -1 -3 -2  1 -3 -2  5 0 1 0 0 0.01
 0 -3 -3 -4  3 -3 -3 -3 -3  4  1 -3  1 -1 -3 -2 -1 -3 -2  3 0 1 0 0 0.01
-1 -3 -4 -4 -2 -3 -3 -4 -4  4  1 -3  0 -1 -3 -3 -1 -3 -2  4 0 1 0 0 0.01
 0 -3 -4 -4 -1 -3 -3 -4 -4  4  1 -3  0 -1 -3 -2 -1 -3 -2  4 0 1 0 0 0.01
 0 -3 -1 -2 -3 -3 -3  6 -3 -5 -4 -2 -3 -4 -3 -1 -2 -3 -4 -4 0 1 0 0 0.01
 4 -2 -2 -2 -1 -2 -2  2 -2 -2  0 -2 -1 -2 -2  0 -1 -3 -2 -1 1 0 0 0 0.02
 0 -3 -1 -2 -3 -3 -3  6 -3 -5 -4 -2 -3 -4 -3 -1 -2 -3 -4 -4 1 0 0 0 0.02
-1  2 -2 -2 -2 -1 -2  1 -2  2  0 -1 -1 -2  4  0 -1 -3 -2  0 1 0 0 0 0.02
 2 -2 -2 -3 -1 -1 -2 -2 -2  0  1 -2  5 -1 -2  0 -1 -3 -2  1 1 0 0 0 0.02
 0 -3 -1 -2 -3 -3 -3  6 -3 -5 -4 -2 -3 -4 -3 -1 -2 -3 -4 -4 1 0 0 0 0.03
 0 -2 -2 -2  3 -1 -2 -2 -2  0  2 -2  2 -1 -2  2  0 -2 -2  0 1 0 0 0 0.03
 3 -1  2 -1 -1 -1 -1 -1 -1 -2 -2 -1 -2 -3 -1  3  2 -3 -2 -1 1 0 0 0 0.03
 4 -2 -2 -3  4 -2 -2 -1 -2  0 -1 -2 -1 -2 -2  0  1 -3 -2  0 1 0 0 0 0.04
 5 -2 -2 -2 -1 -2 -2  1 -2 -2 -2 -1 -2 -3 -2  0 -1 -3 -3 -1 1 0 0 0 0.03
 0 -2 -2 -2 -1 -1 -2 -2  2  2  1 -2  0  2 -2 -1  1 -1  2  1 1 0 0 0 0.03
-2  2 -1 -2 -3  1 -1 -3  5 -2 -2  0 -1  2 -2 -1 -2  0  5 -2 1 0 0 0 0.03
-2 -2 -3 -4 -2 -2 -3 -4 -3  1  5 -3  1  0 -3 -3 -2 -2 -1  0 1 0 0 0 0.03
 1  4 -1 -2 -2  0  0 -1 -1 -3 -2  3 -2 -3 -2  1  1 -3 -2 -2 1 0 0 0 0.02
-1  4 -1 -1 -3  4  2  0  0 -3 -2  1 -1 -3 -2 -1 -1 -2 -2 -2 1 0 0 1 0.02
-1  1 -2 -2 -1 -1 -2 -2 -2  1  4 -1  1  0 -2 -2 -1 -2 -1  0 1 0 0 0 0.03
 2 -1  0  3 -1  0  0  1 -1 -2 -2 -1 -1 -2 -1  1 -1  3 -1 -1 0 0 1 0 0.02
 1  2 -2 -2 -2 -1 -1 -2 -2 -2 -2  0 -2 -3  6 -1 -1 -3 -2 -1 0 0 1 1 0.02
 0 -2  0  3 -3  0  1  4 -2 -4 -4 -1 -3 -4 -2  0 -1 -3 -3 -3 0 0 1 1 0.02
 1  1 -2 -2 -1 -1 -2 -2  2  2  1 -1  0 -1 -2 -1 -1 -2 -1  1 0 0 1 0 0.03
-1  3  1  3 -3  0  1 -2 -1 -3 -3  0 -2 -3 -2  2  0 -4 -3 -3 0 1 0 0 0.03
-1 -3 -3 -3 -1 -3 -3 -4 -3  2  1 -3  0 -1 -3 -2  2 -3 -2  5 0 1 0 0 0.03
-1 -3 -3 -4  3 -2 -3 -4 -3  1  3 -3  1 -1 -3 -2  0 -2 -2  2 0 1 0 0 0.03
-1 -3 -3 -4 -2 -3 -3  0 -3  2  3 -3  1 -1 -3 -2 -1 -3 -2  3 0 1 0 0 0.04
-1 -3 -4 -4 -1 -3 -3 -4 -3  2  3 -3  1  0 -3 -2 -1 -2 -2  2 0 1 0 0 0.05
-2 -1  0  4 -4  1  5 -2 -1 -4 -4  0 -3 -4 -2 -1 -2 -4 -3 -3 0 1 0 1 0.06
 0  3 -1 -1 -3  2  2 -2 -1 -3 -3  3 -2 -3  2  0 -1 -3 -2 -2 0 0 1 1 0.09
-1 -3 -1  2 -3 -2 -1  4 -2 -3 -2 -2 -2  3 -3  0  0 -2 -1 -3 0 0 1 1 0.11
 1 -2 -1  1 -2 -1 -1  3 -2 -2 -2 -1 -2 -2  2  0  0 -2 -2 -1 0 0 1 1 0.13
-1 -1 -1 -2 -1 -1 -1 -2 -1  1  2 -1  2  2  2 -1 -1 -1  0  0 0 0 1 0 0.14
 0 -2 -2 -2 -2 -1 -1 -2 -2 -2 -2 -1 -2 -3  7 -1 -1 -3 -3 -2 0 0 1 0 0.16
 0  1  2 -1 -2 -1 -1 -1 -1 -1 -2  0 -1 -3 -2  3  2 -3 -2  0 0 0 1 1 0.16
-1 -1  0  0 -3  1  5 -2  5 -3 -3  0 -2 -3 -2  0  1 -3 -1 -2 0 0 1 1 0.18
-1 -1  2  2 -2  0  1  1  2 -1 -2  1 -1  1 -2 -1 -1 -2 -1  0 0 0 1 1 0.19
 0  1 -1 -2 -3 -2 -2  6 -2 -4 -4 -1 -3 -4 -3  0 -2 -3 -3 -4 0 0 1 0 0.18
 3 -2 -1  1 -2 -1  1  1 -2 -2 -3 -1 -2 -3 -1  2  0 -3 -2 -1 0 1 0 0 0.18
 0 -1  0 -1 -2 -1 -1  1  4 -2 -2 -1 -2 -3 -2  2  4 -3 -1 -1 0 1 0 0 0.12
-1  0 -2 -2 -2 -2 -2  0 -2  3  2 -1  0 -1 -3  0  1 -3 -2  1 0 1 0 0 0.14
-2  1 -1 -3 -2 -1 -2 -3  6  0  3 -1  0 -1 -3 -2  1 -3  0 -1 0 1 0 0 0.12
 3 -2 -1 -2 -1 -1 -1  2 -2 -2 -1 -1 -1 -2  2  2  0 -3 -2 -1 0 0 1 0 0.12
 0  2 -1 -2 -3 -1 -1  3 -2 -3 -3  0 -2 -3  4  1 -1 -3 -3 -3 0 0 1 0 0.10
 2 -2 -1 -2 -2 -2 -2  5  2 -3 -3 -2 -3 -3 -2  1 -1 -3 -2 -3 0 0 1 0 0.08
 0  1 -2 -3 -1 -2 -2 -3 -2  2  1 -1  0 -1 -2 -1 -1 -3 -1  3 0 0 1 0 0.06
-1 -1 -3 -3 -2 -1 -2 -3 -2  1  1  0  2  0 -3 -2 -1  7  2  1 0 1 0 0 0.05
 0 -1  0  3 -2  1  0  0  1 -2 -2 -1 -2  1 -2  1  2 -2 -1 -2 0 0 1 0 0.05
 1  2 -1 -2 -2  1 -1  1 -2 -1  0  0 -1 -2  2  0  0 -3 -2  0 0 0 1 0 0.04
 0  1 -1 -2  1  2 -1  1 -1  0  0  0  1 -2 -2  0  1 -3 -2  1 0 0 1 1 0.03
 2  0  0  3 -2 -1 -1  3 -2 -3 -3 -1 -2 -3 -2  1 -1 -3 -3 -2 0 0 1 1 0.04
-1 -2 -2 -2 -2 -1  0 -3 -2  1  3 -2  1  0  2 -2 -1 -1  2  0 0 0 1 0 0.04
-1 -2  0  2 -3 -1 -1  1 -1 -3 -3 -1 -2  1  5  0 -1 -2  2 -3 0 0 1 1 0.04
 3 -1 -2 -2 -1 -1 -1  0 -1 -1 -1  0 -1 -1  0  1 -1 -2  1  0 1 0 0 1 0.05
 2 -2 -1  3 -2 -1 -1  2 -2 -1  0 -2 -1 -2 -2  0 -1 -3 -3  0 1 0 0 0 0.06
-2  0 -2 -2 -3  0  1 -3 -1 -2  0 -1  2  0  1 -1  1  7  2 -2 1 0 0 1 0.06
 2  2 -1  0 -2  1  3 -1 -1 -3 -3  1 -2 -3 -2  1 -1 -3 -2 -2 1 0 0 1 0.07
 1  2  1  1 -2  2  2 -2 -1 -2 -2  1 -2 -3 -2  0 -1 -3 -2  0 1 0 0 0 0.07
-1  3 -1 -1 -3  1  3 -3 -1  0  0  1 -1  1 -2 -1 -1 -2 -1  0 1 0 0 0 0.07
 4 -2 -2 -2 -2 -1  1  2 -2 -2 -3 -1 -2 -3 -2  0 -1 -3 -3 -1 1 0 0 0 0.07
 3  1 -1  1 -2 -1  0  1 -2 -2 -1 -1  1 -2 -1  0 -1 -3 -2 -1 1 0 0 1 0.08
 0  1 -2 -2 -2 -1 -2 -2 -1 -2 -2 -1 -2 -1  3  1  0  8  2 -2 1 0 0 0 0.08
-1 -2 -1 -2 -1 -1 -2 -2 -2  2  1 -2  0 -1 -2  1  3 -2  1  2 1 0 0 0 0.11
-1  5 -1 -2 -3  0 -1  1  4 -4 -3  2 -2 -3 -2  0  0 -3 -2 -3 1 0 0 0 0.11
-1  4  1 -1 -3  1  0 -2  1  0 -2  0 -1  1 -2  0  2 -3 -1 -1 1 0 0 1 0.12
 0  1 -1  2 -3  1  2 -2 -1 -1  1  0 -1 -2  0 -1 -1 -3 -2 -1 1 0 0 0 0.11
-1 -3 -3 -3 -2 -2 -3  0 -2  1  1 -2  0  0 -3  0 -1  6  2  2 1 0 0 0 0.12
 2 -1 -1 -1 -2  0  1 -1 -2 -1  0  0 -1  1 -2  2  0 -2 -1 -1 1 0 0 0 0.12
-1  3  1  1 -3  1  1 -1  1 -1 -2  1  1 -3 -2  0  1 -3 -2 -1 0 0 1 1 0.12
 0 -2 -1  2 -2 -1  1 -2 -2  1  2 -2  0 -1  0 -1 -1 -3 -2  1 0 0 1 0 0.16
-1 -2 -2 -1 -2 -1  2 -3 -2  0  2 -1  0  3 -3  0 -1 -2  0  1 0 0 1 1 0.17
-1 -3 -1  1 -3 -2 -2  5 -3 -3 -4 -2 -3 -4  1 -1  0 -3 -4 -2 0 0 1 1 0.17
 1 -2  0  1 -3  0  3  4 -1 -4 -4 -1 -3 -4  0  0 -1 -3 -3 -3 0 0 1 1 0.16
 2  1 -1  2 -2 -1 -1  2 -2 -1 -2 -1 -1 -3 -2  0  1 -3 -2  0 0 0 1 0 0.15
-1 -2 -1 -2 -2 -2 -2  4 -2 -1  0 -1  2 -2  1 -1 -2 -3 -3 -1 0 0 1 1 0.14
 0  2 -1 -1 -2  2  0 -2  3 -1 -2  0 -1 -2 -2  0  2 -2 -1  0 0 1 0 0 0.13
 0 -1 -2 -2 -2  1 -1  1 -2  1  1  0  0  1 -2 -1 -1 -2 -1  1 0 0 1 0 0.16
 0  3 -1  1 -2  0  2 -2 -1 -2 -1  0 -1 -2  1  1  0 -3 -2 -2 0 0 1 1 0.12
-2 -3 -3 -3 -2 -3 -3 -3 -2  0  0 -3 -1  5  3 -2 -2  4  3  0 0 0 1 0 0.10
-1 -1  2  3 -3  1  1  0  3 -3 -3 -1 -2  1  2 -1 -1 -2 -1 -3 0 0 1 1 0.09
-1  1  1  2 -3  0  3 -2 -1 -3 -3  0  0 -3  2  1 -1  5 -2 -3 0 0 1 1 0.07
-1  3 -1 -2 -3  1 -1 -3 -2 -2  0  0 -1  0  4  0  1  3 -1 -2 0 0 1 1 0.06
-1 -2 -1  0 -3 -2 -2  3 -3 -3 -3 -2 -3 -4  6  0  1 -4 -3 -3 0 0 1 1 0.05
-2 -3 -3 -4 -2 -2 -3  0 -2  1  3 -3  2  3 -3 -2 -2 -1  2  1 1 0 0 0 0.05
 0  1 -3 -3 -2 -2 -2 -3 -3  2  3 -1  2 -1  1 -2  0 -3 -2  1 1 0 0 0 0.07
-1 -1  2  3 -3  1  2 -2  3 -3 -3 -1 -2  0  1  1 -1 -3 -1 -3 1 0 0 0 0.09
 0 -2  0 -3 -2 -2 -3 -3 -2  1  3 -2  2  2 -3 -2 -1 -1  1  1 1 0 0 0 0.12
 1  1 -1 -2 -1 -1 -1 -1  3 -1  0 -1  1 -2  2  0  1 -2 -1  0 0 0 1 0 0.13
-1  1  1 -1 -3  1  0 -2  3 -3 -2  0 -2  0  5 -1  0 -3 -1 -2 0 0 1 1 0.14
 2 -2  1 -2 -2 -1 -1 -1 -1 -2 -2 -1 -2 -1  2  1  1  5  2 -1 0 0 1 1 0.15
-1 -1  0  2 -3  1  2  3  2 -3 -3 -1 -2 -3  2  0  0 -3 -2 -3 0 0 1 1 0.15
-1 -1 -1  0 -3  0  3  2  2 -1  0 -1 -1 -2 -2 -1 -1 -3 -2  0 0 0 1 1 0.18
 1 -2 -1 -2 -1 -1 -1  1 -2  0  0 -1  1 -1  3  0  0 -2 -2  1 0 0 1 0 0.17
 1  2  0  1 -2  1  1 -1  3 -2 -2  0 -2 -2  2  1  0 -3 -1 -2 0 0 1 1 0.17
 0 -2 -1 -1 -2 -1  1  4 -2 -2 -1 -1 -1 -2  1  0  0 -2 -2 -2 0 0 1 1 0.18
-1  3 -2 -3 -2 -1 -2 -3 -2  0  2  0  3 -1  1 -1  0 -2 -2 -1 0 0 1 0 0.17
-1  2  0 -1 -2  1  2 -3 -1 -1  1  0  2 -2 -2 -1  1 -3 -2  0 0 0 1 1 0.16
 0 -2  0  5 -3  1  2 -2 -2 -3 -4 -1 -3 -4  3 -1 -1 -4 -3 -3 0 0 1 1 0.16
 1 -1  1 -1 -2 -1  1 -2 -1 -2 -2  1 -1  3  1  0  2 -2  0 -1 1 0 0 0 0.18
 1 -1 -1  1 -2 -1 -1 -2 -2 -1  1  1  0 -2  1  0  1 -3 -2 -1 1 0 0 0 0.14
 1  1  0  3 -3  2  3 -2 -1 -3 -3  0 -2 -3 -2  0 -1 -3 -3 -2 1 0 0 1 0.10
 0  1 -1  1 -2 -1 -1  0 -2  1  2 -1  0 -1 -2  0  1 -3 -2  0 1 0 0 0 0.08
-1  3 -2 -2 -2  2 -1 -3 -1 -1  2  0  0  1 -3  0 -1 -2 -1 -1 1 0 0 0 0.05
 3  4 -2 -2 -2 -1 -1 -1 -2 -2 -2  0 -1 -3 -2  0 -1 -3 -2  0 1 0 0 1 0.04
 0  2  0  3 -3  1  2 -2 -1 -3 -3  1 -2 -3 -2  1  0 -3 -2 -2 1 0 0 1 0.03
-2 -3 -4 -4 -3 -3 -4 -4 -1  0  2 -3  0  6 -4 -3 -2  0  4 -1 1 0 0 0 0.02
 2 -2 -2 -2 -2  1 -1  1 -2 -3 -3 -1 -2 -4  6  0 -1 -3 -3 -2 1 0 0 1 0.02
 0 -1 -1 -1 -2  0  2 -2 -2  0  0  1  0 -2 -2  0  2 -3 -2  1 1 0 0 1 0.02
 2 -2 -2 -2 -2 -1  1 -2 -2 -1  2 -1  0 -2  2  0  2 -3 -2  0 1 0 0 0 0.02
 2 -2 -2 -2 -1 -1 -2 -1 -2  0  0 -2  0  1 -2  0  0  5  0  2 1 0 0 0 0.02
 0 -1  0  1 -2 -1  1  3 -1  0 -2 -1 -1 -2 -1  1  0 -2 -2 -1 1 0 0 0 0.02
-1 -2 -3 -3 -1 -2 -2 -3 -2  2  3 -2  3  0 -2 -2 -1  4 -1  1 1 0 0 0 0.02
-1 -2 -2 -2  2 -1  1 -2 -2  1  1 -1  2  2 -2 -1 -1 -1  0  1 0 0 1 0 0.01
 0  1  2  5 -3  1  1 -2  2 -3 -3  0 -3 -3 -2 -1 -1 -4 -2 -3 0 0 1 0 0.02
-1 -3 -2 -2 -3 -2 -2 -3 -3 -3 -3 -2  1 -4  7 -1  1 -4 -3 -2 1 0 0 0 0.02
 2 -1 -1  0 -2  0  3 -1  2 -3 -3  0 -2 -3 -1  2  0 -3 -2 -2 0 0 1 0 0.02
 2  2  1  1 -2  0  1  1  3 -3 -3  0 -2 -3 -2  0 -1 -3 -1 -2 0 0 1 1 0.03
-2 -2 -2  1 -2 -1  0 -3  2  1  3 -2  1 -1 -3 -2 -1 -3 -1  0 0 0 1 0 0.03
 1 -1 -1 -1 -3  1  1  1 -2 -3 -3  1 -2 -4  5 -1 -1 -3 -3 -2 0 0 1 1 0.03
 1  0 -2 -3 -2 -2 -2  1 -2  1  1 -2  0  2 -3 -1 -1 -2 -1  3 0 1 0 0 0.03
 4 -1 -2 -2 -1  2 -1 -1 -2 -1 -2 -1 -1 -3 -2  0 -1 -3 -2  1 0 1 0 0 0.03
 0  2 -1  1 -2 -1  0 -2 -2  0  1  0  0 -2 -2 -1  0 -3 -2  0 0 1 0 1 0.03
 1 -2 -3 -3 -1 -2 -2 -2 -2  1  2 -2  0  1  2 -1 -1 -1  1  2 0 1 0 0 0.03
-1  0  0  4 -3  0  2 -2 -1 -3 -3 -1 -2  1 -2  1 -1 -3 -1 -3 0 1 0 1 0.02
 0  1 -1  3 -3  2  0 -2 -1 -2 -1  1 -1 -3  4 -1 -1 -3 -2 -1 0 1 0 0 0.02
-1  2 -1  1 -3  1  1 -3 -1  0 -1  2 -1 -1 -2 -1 -1 -2  2  0 0 1 0 0 0.02
 4 -1 -1  1 -1 -1 -1 -1 -2 -1 -2  1 -1 -3 -1  0 -1 -3 -2  0 0 1 0 0 0.02
 1 -3 -1 -2 -2 -2 -2  5 -3 -1  0 -2 -1 -2 -2 -1 -2 -3 -3  0 0 1 0 0 0.01
-1 -2 -2 -3 -2 -2 -2  1 -3 -1  2 -2  0 -1 -3 -1  3  7 -1 -1 0 1 0 0 0.01
-2 -3 -3 -4  4 -3 -3 -4  0  0 -1 -3 -1  4 -3 -2 -2  0  5  2 0 0 1 0 0.01
-2  4  0  3 -4  0  2 -2  0 -3 -3  1 -2 -2 -2 -1 -2 -2  2 -3 0 0 1 1 0.01
-1 -3 -2 -2 -3 -2 -2 -3 -3 -3 -4 -2 -3 -4  8  1 -1 -4 -3 -3 1 0 0 0 0.01
-1 -1  2  0 -2  0  1  3 -1 -3 -3 -1 -2 -1  3  0 -1 -2  2 -2 1 0 0 0 0.01
 1 -1  2  0 -2  0  2  1 -1 -2 -2 -1 -2 -3 -2  1  3 -3 -2 -1 1 0 0 1 0.01
 0 -2 -2  1 -2 -2 -2 -3 -2  1  2 -2  3  0 -2 -1 -1 -2  2  2 1 0 0 0 0.01
 3 -2 -2 -2 -1 -2 -2  3 -2  0  0 -2 -1 -2 -2  0  0 -3 -2  1 1 0 0 0 0.01
 2 -1 -2 -2 -2  3 -1 -2 -1  0  2 -1  0  0 -2 -1 -1 -1  2 -1 1 0 0 0 0.01
 2  0 -1 -2 -1 -1 -2  1 -2  0  1 -1  0 -2 -2  1  1 -3 -2  1 1 0 0 0 0.02
 0 -2 -2 -3  4 -2 -2 -2  3  0  2 -2  0  2 -3  0 -1 -1  2 -1 1 0 0 0 0.02
 2 -2 -1 -2 -2 -2 -2  3 -2 -1  1 -2  0 -2 -2  1 -1 -3 -2 -1 1 0 0 0 0.02
-1  2 -1  1 -3  4  2 -3  0 -2 -2  0 -1 -2 -2 -1 -1 -2  1  0 1 0 0 0 0.02
 1  1 -1 -1 -2  3  1 -2 -1 -1  0  1  0 -2 -2 -1 -1 -3 -2  0 1 0 0 0 0.02
 5 -2 -2 -3  4 -2 -2 -1 -2 -2 -2 -2 -2 -3 -2  0 -1 -3 -2 -1 1 0 0 0 0.03
-1  1 -2 -3  4 -2 -2 -3 -3  2  0 -1  0 -2 -3 -1  1 -3 -2  3 1 0 0 0 0.02
 1  4  0  2 -2  2  0  0 -1 -3 -3  1 -2 -3 -2  1 -1 -3 -2 -2 1 0 0 1 0.02
 3 -1 -1 -1 -2  3  1 -1 -1 -2 -1  0 -1 -3 -2  0  1 -3 -2 -1 1 0 0 0 0.02
-1 -3 -1 -2 -3 -2 -3  5 -2 -2  0 -2 -2 -1 -3 -1 -2 -2  2 -2 0 0 1 0 0.02
 5  1 -2 -2 -1 -1 -1 -1 -2 -2 -2 -1 -2 -3 -2  0 -1 -3 -2 -1 1 0 0 0 0.02
 0  1  0  4 -3  0  3  0 -1 -3 -3  0 -3 -4 -2  0 -1 -4 -3 -3 1 0 0 1 0.02
-1 -2 -2 -2 -2 -1  1 -3 -3  2  3 -2  1 -1 -3 -2  1 -2 -2  1 1 0 0 0 0.02
 2  1 -2 -2 -2 -1 -2 -2  3  1  1 -1  1 -1 -2 -1 -1 -3 -1  0 1 0 0 0 0.02
-2  1 -2 -3 -2 -2 -2 -3 -2  0  3 -1  3  2 -3 -2  1 -2  0  0 1 0 0 0 0.02
 0 -1  5  2 -3  0  3 -1  0 -3 -3  0 -2 -4 -2  0 -1 -4 -3 -3 1 0 0 0 0.02
 0  3 -1 -1 -2  0  1 -2  3 -2 -2  0 -1 -3 -2  0  4 -3 -1 -1 1 0 0 0 0.02
-1  4 -1 -1 -3  0  2  1  2 -2 -2  1 -2 -3 -2 -1 -1 -3 -2  0 1 0 0 1 0.01
 4 -2 -2 -3 -1 -2 -2 -1 -2 -1 -2 -2 -1 -2 -2  0 -1  6 -1  1 1 0 0 0 0.01
 1  1 -1  0 -2  0  3  1  2 -3 -3  1 -2 -3 -2  0  1 -3 -2 -2 1 0 0 1 0.01
-2 -3 -4 -4 -2 -3 -3 -4 -3  2  3 -3  1  2  3 -3 -2 -2 -1  0 0 0 1 0 0.01
-1 -2 -2  1 -2 -2 -2 -3 -2  1  1 -2  0  0 -3 -1  1 -2  2  3 0 0 1 1 0.01
 0  2 -2  1 -3 -1 -1 -2 -2 -3 -3 -1 -3 -4  7 -1 -1 -4 -3 -3 0 0 1 1 0.02
 0 -2  0  2 -2 -1 -1  4  3 -3 -3 -1 -2 -3 -2  1 -1 -3 -2 -3 0 0 1 1 0.02
 0 -2 -1 -2 -2 -2 -2  5 -1 -3 -3 -2 -2 -2 -2  1  1 -2  2 -3 0 0 1 1 0.02
 0  1 -2 -2 -1 -1 -2  1 -2  1  0 -1  0 -2 -2 -1  1 -3 -2  3 0 1 0 0 0.02
-1  4 -1 -2 -2  1 -1 -2 -1 -1 -2  1 -1 -2 -2  0  2 -2 -2  0 0 1 0 1 0.02
-1 -2 -2 -2 -1 -1  1 -3 -2  1  2 -2  1 -1 -2 -2 -1 -2 -1  3 0 1 0 0 0.02
-1  2  0  2 -3  0  1 -2  5 -3 -2  0 -2 -2 -2  0  1 -3 -1 -2 0 1 0 1 0.02
-1  4 -1 -1 -2  0  1 -1 -1 -1 -1  1 -1 -2 -1  1  0 -2 -1  0 0 1 0 1 0.02
 1 -1 -2 -1 -1 -1  1 -2 -1  1  2 -1  1 -1 -1 -1 -1 -2 -1  1 0 1 0 0 0.03
-1 -2 -1  1 -1 -1 -1 -2 -2  0 -1 -1 -1 -2 -1  1  5 -3 -2  1 0 1 0 1 0.03
 1 -2 -2 -1 -1 -1  1 -2 -2  1  1 -1  0 -1  2 -1 -1 -2 -2  2 0 1 0 0 0.03
-1 -1  2  0 -2  0  1 -1 -1 -2 -2 -1 -1 -1 -1  0  3  5 -1 -1 0 0 1 1 0.04
-1 -1  5  0 -2  0 -1  2  0 -3 -3 -1 -2 -2 -2  0  0 -3 -2 -2 0 0 1 1 0.04
 1  1  0 -1 -1 -1 -1 -1 -2 -1 -2 -1 -1 -2 -1  2  4 -2 -2 -1 0 0 1 1 0.06
 0 -1 -1 -2 -2 -1 -1  1  6 -1 -2 -1 -1  0 -2 -1 -1 -1  3  0 0 1 0 0 0.06
-1  2 -1 -1 -2  4  1 -2  0 -1 -1  1 -1 -2 -1  0 -1 -2 -1  0 0 1 0 0 0.06
 1 -2 -1 -1 -1 -1 -1  1 -2  2  0 -1  0 -1 -1  0  1 -2 -1  1 0 1 0 0 0.07
 0 -2 -2 -2 -1 -2 -2 -2 -2  2  0 -2  0 -1 -2 -1  0 -2 -1  4 0 1 0 0 0.06
-1  1 -1 -1 -1  0 -1 -2 -1  1  0  1  0 -1 -1  0  1 -2 -1  2 0 1 0 0 0.06
 1 -1  0 -1 -1 -1 -1 -1  5 -2 -2 -1 -1 -2 -1  0  3 -2  0 -1 0 1 0 0 0.06
-1  1  0  2 -3  1  3  1 -1 -3 -3  0 -2 -3 -1  1 -1 -3 -2 -2 0 1 0 1 0.07
-1 -1  2  2 -2 -1  1  1 -1 -1 -2 -1 -1 -2 -1  0  2 -2 -2  0 0 1 0 1 0.06
-1  1  0 -1 -3  0  0  4  3 -3 -3  0 -2 -2 -2 -1 -1 -2 -1 -3 0 1 0 1 0.05
 0 -1  0  2 -2  2  3 -1 -1 -2 -2  0 -1 -2 -1  2  0 -2 -2 -1 0 1 0 1 0.04
-1 -2 -3 -3 -1 -2 -2 -3 -2  2  2 -2  1  2 -2 -2 -1 -1  0  2 0 0 1 0 0.03
-1  3  0  2 -3  0  2 -2  4 -3 -3  0 -2 -3 -2  0  1 -3 -1 -2 0 0 1 1 0.02
 5 -2 -2 -3  4 -2 -2 -1 -2 -2 -2 -2 -2 -3 -2  0 -1 -3 -2 -1 0 0 1 0 0.01
-1 -2  2  4 -3 -1  0  3 -2 -4 -4 -1 -3 -4  3 -1 -1 -4 -3 -3 0 0 1 0 0.01
-1  1 -1 -1  4  3  1 -3 -1 -1 -1  0 -1 -2 -2  0  2 -3 -2  1 0 1 0 0 0.01
-1 -3 -4 -4 -1 -3 -3 -4 -3  2  2 -3  1  2 -3 -2 -1 -2 -1  4 0 1 0 0 0.01
-1 -3 -4 -4 -1 -3 -3 -4 -4  4  1 -3  0 -1 -3 -2 -1 -3 -2  4 0 1 0 0 0.01
-1 -3 -4 -4 -1 -3 -3 -4 -4  3  1 -3  0 -1 -3 -2 -1 -3 -2  5 0 1 0 0 0.01
 4 -2 -2 -2  4 -1 -2 -1 -2 -2 -2 -1 -2 -3 -2  2  0 -3 -2 -1 0 1 0 0 0.01
 3 -2 -2 -2 -1 -1 -1 -1 -2 -1  0 -1  1 -2  3  0  1 -3 -2 -1 0 1 0 0 0.01
-1 -3  2 -1 -3 -2 -2  6 -2 -4 -4 -2 -3 -4 -3 -1 -2 -3 -4 -4 0 0 1 0 0.01
 4 -2 -2 -3 -1 -2 -2 -1 -2  1 -1 -2 -1 -2 -2  0 -1  5 -1  0 0 0 1 1 0.01
 0  1 -2  1 -3 -2 -2  2 -2 -3 -3 -1 -2 -1 -3 -1 -2  9  0 -3 0 0 1 1 0.01
 2 -2 -1 -2 -1 -1 -1  3 -2 -1 -2 -1 -1 -3 -2  2  1 -3 -2  0 0 0 1 0 0.01
-1  1 -2 -2 -3 -1 -2  1 -2 -3 -3 -1  1 -4  7 -1 -2 -4 -3 -3 1 0 0 0 0.01
 0  1  0  1 -3  3  1 -2  2 -3 -3  0 -1 -2 -2  1  1 -2  1 -2 1 0 0 1 0.01
 1 -3 -3 -4 -1 -2 -3 -3 -3  1  3 -3  1  0 -3 -2 -1 -2 -2  2 1 0 0 0 0.01
 2 -2 -3 -3 -1 -2 -2  1 -3  1  2 -2  1 -1 -2 -1 -1 -2 -2  1 1 0 0 0 0.01
 1 -1 -1  0 -3  0  4  1 -1 -2  0  0 -1 -3 -2  0  1 -3 -2 -2 1 0 0 1 0.01
-1  0  0 -1 -2  2  0 -2  4 -1 -2  1 -1 -2  2  1 -1 -2 -1  0 0 0 1 1 0.01
-1 -2  0  4 -2 -1  1  3 -1 -3 -3 -1 -2 -3 -1  1 -1 -3 -2 -3 0 0 1 1 0.01
-2 -3 -4 -4 -2 -2 -3 -4 -3  1  5 -3  3  0 -3 -3 -2 -2 -2  0 0 0 1 0 0.02
 1 -2 -1  2 -3 -2 -1  4 -2 -3 -4 -2 -3 -4  4 -1 -2 -3 -3 -3 0 0 1 0 0.01
-1 -3 -4 -4 -1 -3 -3 -4 -3  2  3 -3  1 -1 -3 -2 -1 -3 -2  4 0 1 0 0 0.01
-2 -2 -1 -2 -3 -1 -1 -3  7  0 -3 -1 -2 -2  5 -1 -2 -3  0 -2 0 1 0 0 0.02
-1  1 -1 -2 -2 -1 -2 -3 -2  1  0 -1  0  2 -2  0  3 -2 -1  1 0 0 1 0 0.02
 2  2 -1 -2 -2 -1 -1 -2 -2 -2 -2  0 -2 -3  4  0  3 -3 -2 -1 0 0 1 1 0.02
-1 -2 -1 -2 -3 -1 -1 -3  6  1 -1 -2 -1 -2  4 -2 -1 -3  0  1 0 0 1 0 0.02
 0 -2 -1 -1 -2  0  2  3 -2 -1 -1 -1  2 -2 -2 -1 -1 -3 -2  0 0 0 1 0 0.03
-2  6 -1 -2 -4  0 -1 -3  4 -4 -3  1 -2 -3 -3 -1 -2 -3 -1 -3 0 0 1 1 0.03
 3  2 -1 -1 -2  2  0 -1 -1 -2 -2  2 -1 -2 -1  0 -1 -2 -2 -1 0 1 0 0 0.03
 0 -2 -2 -3 -2 -2 -2 -2  0 -1 -1 -2 -1  4 -2 -1 -1  1  6 -1 0 1 0 0 0.03
 0  2 -1 -1 -2  0  1 -2 -1  0 -1  0 -1 -2 -1  0  1 -2 -2  1 0 1 0 1 0.03
 1  0 -1 -1 -3  5  1 -2  3 -2 -1  0  3 -2 -2 -1 -1 -2 -1 -2 0 1 0 0 0.04
-1  0 -2 -3 -2 -2 -2 -3 -1  0  0 -2  0  2 -3 -1  1  6  4  1 0 0 1 0 0.04
-2 -2 -2 -2 -3 -1  1 -3 -2 -1 -1 -1  2  3  5 -2 -2 -2  0 -2 0 0 1 0 0.05
-1  3 -1 -1 -3  3  0 -2  0 -3 -2  1 -1 -1 -2  1  1 -2  2 -2 0 0 1 1 0.06
 0 -2 -3 -3 -2 -2 -3 -3 -3  0  3 -2  1  0 -3 -1  1  5 -1  0 0 0 1 0 0.07
-2  2  2  4 -4  0  1 -2 -1 -3 -3  0 -2  1 -2 -1 -1 -3 -1 -3 0 0 1 1 0.09
-1 -1 -1  0 -2  3  3 -2 -1  0  0  0 -1 -2 -2  0  2 -3 -2  1 0 0 1 0 0.11
 1 -2 -2 -2 -2 -2 -2 -2 -2 -1  1 -2 -1 -2  6  0 -1 -3 -3 -1 0 0 1 0 0.13
 1 -1 -1 -2 -2 -1 -1 -1 -2  1  0  1  0 -2  2  2  0 -3 -2  0 0 0 1 1 0.15
 0 -2  0  3 -3 -1  1  2 -1 -2 -2 -1 -2  1 -2  0  0 -2 -1 -2 0 0 1 1 0.15
 2 -2 -1  1 -2 -1 -1  1 -2 -3 -3 -1 -2 -3  5  2  0 -3 -3 -2 0 0 1 1 0.19
 2 -1 -1 -2 -1  1 -1  1  2 -1  0 -1 -1 -2 -2  1  1 -3 -1 -1 0 0 1 1 0.17
 0 -1 -1 -1 -2  0  1  1 -2 -2 -1 -1 -1 -2  3  1  2 -3 -2 -1 0 0 1 0 0.17
-1 -2 -2 -2 -2 -1 -1 -2 -2 -2 -2 -1 -2  2  7 -1 -1 -2 -1 -2 1 0 0 0 0.15
 1 -1 -1 -1 -1 -1 -1 -1 -2  1  1 -1  0 -1 -1  0  1 -2 -1  2 1 0 0 0 0.15
-1  0 -1 -2 -1 -1 -1 -2 -1  0  3  1  1  0 -1 -1 -1 -1 -1  0 1 0 0 0 0.15
 0  5  0  2 -2  0  0 -1 -1 -2 -2  1 -1 -2 -1  0 -1 -2 -2 -2 1 0 0 1 0.14
 3 -2 -2 -2 -1 -1 -1 -1 -2  0  1 -1  0  2 -1  0 -1 -1  0  0 1 0 0 1 0.14
 0 -1  0  2 -2  1  0  2 -1 -2 -2  0 -2 -3  3  1  0 -2 -2 -2 0 0 1 0 0.10
 0  2  0  1 -2 -1 -1  4 -1 -3 -3  0 -2 -3 -2  0 -1 -2 -2 -3 0 0 1 1 0.09
-2 -2 -3 -3 -2 -2 -2 -3 -2  1  3 -2  1  4 -2 -2 -1 -1  1  0 0 0 1 0 0.06
 1 -1 -1 -1 -1 -1 -1 -1 -2  1  0 -1  0 -1 -1  1  3 -2 -1  0 0 1 0 0 0.04
-2 -3 -4 -4 -2 -3 -3 -4 -3  1  3 -3  1  4 -3 -3 -2 -1  1  1 0 1 0 0 0.03
-1  6 -1 -2 -3  1  0 -2 -1 -3 -3  2 -2 -3 -2  1 -1 -3 -2 -3 0 1 0 0 0.03
-1 -2 -2 -2 -3 -2 -2 -3 -3 -3 -3 -1 -3 -4  7 -1  1 -4 -3 -2 0 0 1 0 0.02
 0  0 -1  0 -3  3  3 -2 -1 -2 -1  0 -1 -3  3  0 -1 -3 -2 -2 0 0 1 1 0.02
 1 -1  4  2 -2 -1  0  2  2 -3 -3 -1 -2 -3 -2  0 -1 -3 -2 -2 0 0 1 1 0.02
 1 -2  0 -1 -2 -1 -1  4  3 -3 -3 -1 -2 -3 -2  1 -1 -3 -2 -3 0 0 1 0 0.02
-1 -2 -1 -1 -3 -1  0  5 -1 -3 -3 -1 -3 -2  3 -1 -2 -2  1 -3 0 0 1 1 0.02
-2 -2 -3 -4 -2 -2 -3 -4  0  0  1 -3  0  4 -3 -2 -2  1  5  1 0 1 0 0 0.02
 0  1 -1 -2 -2 -1 -1 -2  0 -1 -2 -1 -1  0 -2  0  3  0  4 -1 0 1 0 0 0.02
-1 -3 -2 -3 -2 -2 -3  3 -3  2  2 -2  1 -1 -3 -2 -1 -2 -2  1 0 1 0 0 0.02
-1 -2 -2 -3 -2 -2 -2 -3 -2  0  1 -2  0  3 -3  0 -1  6  2  2 0 1 0 0 0.02
-1 -2 -2 -1 -3 -1  1 -3 -2 -1  1 -1 -1 -2  6 -1 -1 -3 -3 -1 0 0 1 0 0.02
 0 -1  0  2 -2 -1  0 -1 -1 -2 -2 -1 -2 -3  5  1  0 -3 -2 -2 0 0 1 0 0.03
 1 -3 -3 -3 -1 -2 -3 -3 -3  3  1 -2  0 -1  2 -1 -1 -3 -2  3 0 0 1 0 0.04
 1  0  2 -1 -2  3  0 -2  5 -2 -2  0 -1 -2 -2  0 -1 -3 -1  0 0 0 1 1 0.05
 0 -1  0 -1 -2 -1 -1  4  5 -4 -3 -1 -2 -3 -2  2 -1 -3 -1 -3 0 0 1 0 0.07
 1  3  0  2 -2  0  0 -1 -1 -1 -2  0 -1 -3 -2  1  0 -3 -2  0 0 0 1 1 0.09
-1 -1  0  5 -4  2  2  2 -1 -4 -4  0 -3 -4 -2  0 -1 -4 -3 -3 0 0 1 0 0.09
-1 -2 -2 -2 -2 -1 -1 -2 -2 -1 -2 -1 -1 -2  7 -1 -1 -3 -2  1 0 0 1 0 0.10
-1  2  0 -1 -3  0 -1 -2  7 -2 -2  0 -1  0 -2 -1 -1 -1  3 -2 0 0 1 1 0.09
 0 -2 -1 -1 -2 -2 -2  6 -2 -3 -3 -1 -2 -3 -2  0 -1 -2 -3 -3 0 0 1 1 0.09
-2 -2 -2 -3 -2 -2 -2 -3  0 -1 -1 -2 -1  5 -2 -2 -2  1  6 -1 0 0 1 0 0.08
 1  1 -1 -2 -2  1 -1 -2  2  0 -1  0 -1 -2  3 -1 -1 -3 -1  2 0 0 1 0 0.07
 1 -1 -2 -2 -2 -1 -1 -2 -2 -3 -3  2 -2 -4  6  0 -1 -4 -3 -2 0 0 1 0 0.07
 0 -2 -2 -2 -1  1 -1 -2 -2  3  0 -1  0 -1 -2  0  2 -3 -2  2 0 0 1 0 0.06
 1 -2  0  2 -3 -2 -1  5 -2 -3 -4 -1 -3 -3 -2  0 -1 -3 -3 -3 0 0 1 0 0.06
 0  2 -1 -2 -3 -1 -2  5 -2 -4 -4 -1 -3 -3 -2 -1 -2 -3 -3 -3 0 0 1 0 0.05
-1  4  0 -1 -3  0  0 -2  5 -3 -3  1 -2 -3  3  0 -1 -3  0 -3 0 1 0 1 0.04
-2 -2 -1  2 -2 -1  2 -3 -2  0  3 -1  1 -1 -2 -2 -1 -2 -2  0 0 1 0 0 0.04
-1 -2 -1 -2 -1 -1 -2 -2 -2  0  1 -1  2 -1 -2  0  4 -2 -2  0 0 0 1 0 0.03
 0 -3 -1 -2 -3 -2 -2  6 -2 -4 -4 -2 -3 -4 -2 -1 -2 -3 -3 -4 0 0 1 0 0.03
 1 -2 -3 -3 -1 -2 -2 -2 -3  2  2 -2  1 -1 -2 -1  0 -3 -1  3 0 0 1 0 0.03
-1  0 -2 -1 -3  2  0 -2 -2 -3 -3  2 -2 -4  7 -1 -1 -4 -3 -3 0 0 1 1 0.03
-1 -2 -2 -3 -1 -2 -2 -3 -3  2  2 -2  1 -1 -2 -1  2 -3 -1  3 1 0 0 0 0.02
 2 -2 -1 -2 -2 -2 -2  5 -2 -3 -3 -1 -2 -3 -2  0 -1 -3 -3 -2 1 0 0 0 0.02
-1 -2 -2 -3 -2 -2 -3 -3 -2  1  3 -2  1  3 -3 -1  1 -1  0  1 1 0 0 0 0.02
-2  5 -1 -2 -3  0 -1 -3 -1 -2 -1  1 -1  3 -3 -1 -2 -1  0 -2 1 0 0 0 0.02
-2  6 -1 -2 -4  1  0 -3  0 -3 -2  2 -2 -3 -2 -1 -1 -3 -2 -3 1 0 0 0 0.02
-1  0  0  1 -4  2  5 -2  0 -4 -3  1 -2 -4 -1  0 -1 -3 -2 -3 1 0 0 1 0.02
-1 -2 -1 -2 -1 -1 -2 -3 -2  1  2 -2  1 -1 -2  0  3 -2 -2  1 1 0 0 0 0.02
-2 -3 -4 -4 -1 -2 -3 -4 -3  3  4 -3  2  0 -3 -3 -1 -2 -1  1 1 0 0 0 0.01
-1 -1  0  4  4  0  3 -2 -1 -3 -3  0 -3 -3 -2  0 -1 -4 -3 -3 1 0 0 1 0.01
 1  2  0  4 -2  0  1 -1 -1 -3 -3  0 -2 -3 -2  1  0 -3 -2 -2 1 0 0 1 0.01
-1 -2 -2 -3 -1 -2 -2 -3 -2  1  3 -2  3  0 -2 -1  2 -2 -1  0 1 0 0 0 0.01
-1 -3 -3 -4 -1 -2 -3 -4 -3  2  3 -3  1  0 -3 -2 -1 -2 -1  3 1 0 0 0 0.01
 1  1 -1 -1 -2 -1 -1  1 -1 -2 -2  0 -1 -2  5  0 -1 -2 -2 -1 1 0 0 1 0.01
-2  2 -1 -2 -2  0 -1 -3  6  0  2 -1  0 -1 -3 -2 -2 -2  0 -1 0 0 1 1 0.02
-1 -1 -2 -1 -2  0  2 -3 -1  0  2 -1  5 -1 -2 -1 -1 -2 -1  0 0 0 1 0 0.02
 0 -1  1  5 -3  0  2 -1 -1 -3 -3 -1 -3 -4 -2  0 -1 -4 -3 -3 0 0 1 1 0.02
 2 -1 -2 -1 -2  0  2 -1 -1 -1  0 -1 -1 -2  3  0 -1 -3 -2 -1 0 0 1 1 0.02
-1 -2 -3 -4 -1 -2 -3 -4 -3  2  3 -3  2  0 -3 -2 -1 -2 -1  3 0 0 1 0 0.03
-1  2 -2 -2 -3 -1 -1 -2 -2 -3 -3  0 -2 -4  7 -1 -1 -4 -3 -3 1 0 0 0 0.03
 3 -2 -2 -2 -1 -1 -1 -1 -2  0 -1 -1 -1 -2  2  0  0 -3 -2  2 1 0 0 0 0.04
-2 -2 -3 -4 -2 -2 -3 -4 -3  1  4 -2  4  0 -3 -2 -1 -2 -1  1 1 0 0 0 0.04
 3 -2 -2 -2 -1 -1 -1  2 -2 -1 -1 -1  2 -2 -1  1  0 -3 -2  0 1 0 0 0 0.05
-1 -1  0  3 -2 -1  0  1  3 -2 -2 -1 -2 -3 -2  0  3 -3 -1 -2 1 0 0 1 0.06
 1 -1  0  2 -2  0  2  2 -1 -2 -2  0 -2 -2 -1  0 -1 -2 -2 -2 0 0 1 1 0.06
 2  2 -1 -1 -1  0 -1  2 -1 -2 -1  0 -1 -2 -1  0  0 -2 -1 -1 1 0 0 0 0.06
-1 -2 -2 -2 -1 -1 -2 -2 -2  1  4 -2  2  0 -2 -2 -1 -1 -1  1 0 0 1 0 0.06
-1 -1  2  1 -3  1  3  1  4 -4 -3  0 -2 -3 -2  0 -1 -3 -1 -3 0 0 1 1 0.06
-1 -2 -3 -4 -1 -2 -3 -3 -3  2  3 -2  4  0 -3 -2 -1 -2 -1  2 0 0 1 0 0.05
 0 -2  0 -1 -2 -1 -2  5 -2 -4 -4 -1 -3 -3 -2  2 -1 -3 -3 -3 0 0 1 0 0.05
-2  5  0 -2 -4  1  0 -2  3 -3 -3  3 -2 -3 -2 -1 -1 -3 -1 -3 0 0 1 1 0.04
 2 -2  0 -1  5 -1 -1 -1 -2 -2 -2 -1 -2 -3 -1  3  1 -3 -2 -1 0 1 0 0 0.04
-1 -2 -2 -3 -1 -2 -3 -3 -3  3  2 -2  1  0 -3  0  0 -3 -1  2 0 0 1 0 0.03
 3 -2 -1 -2 -1 -1 -1 -1 -2 -2 -2 -1 -2 -3  5  1  0 -3 -2 -1 0 0 1 0 0.02
-2 -2  1  6 -4 -1  1 -2 -1 -3 -4 -1 -3 -4 -2  0 -1 -5 -3 -3 0 0 1 1 0.02
-1 -3 -3 -4 -1 -2 -3 -4 -3  2  2 -3  1 -1 -3 -2  0 -3 -1  4 0 0 1 0 0.01
-1 -2 -2 -1 -3 -1  1 -2 -2 -3 -3 -1 -3 -4  7 -1 -1 -4 -3 -3 0 0 1 1 0.01
 0 -3 -1 -2 -3 -2 -2  6 -2 -4 -4 -2 -3 -3 -2  0 -2 -3 -3 -3 0 0 1 0 0.01
 4 -2 -2 -2 -1 -1 -1  0 -2 -2 -2 -1 -1 -2 -1  1  0 -3 -2  0 0 0 1 0 0.01
-3 -3 -4 -4 -3 -3 -3 -3 -2 -2 -1 -3 -1  4 -4 -3 -3 10  2 -3 1 0 0 0 0.01
-2 -2 -3 -2 -2 -1  1 -4 -2  1  4 -2  2  0 -3 -2 -1 -2 -1  0 0 1 0 0 0.02
 3 -2 -2 -2 -1 -1 -1  2 -2  0 -1 -1 -1 -2 -1  0  0 -3 -2  1 0 0 1 0 0.03
-2  2 -3 -3 -2 -1 -2 -3 -2  1  3 -1  1  0 -3 -2 -1 -2 -1  0 0 0 1 0 0.02
-1 -2 -2 -2 -3 -1 -1 -2 -2 -3 -3 -1 -3 -4  8 -1 -1 -4 -3 -3 0 0 1 0 0.03
 0 -1 -1 -1 -2  0  1  3  4 -1 -2 -1 -1 -2 -2 -1 -1 -3 -1  1 0 0 1 1 0.03
 0 -3 -1 -1 -3 -2 -2  6 -2 -4 -4 -2 -3 -3 -2  0 -2 -3 -3 -3 0 0 1 1 0.04
 0  3  0 -1 -2  0  0  2 -1 -2 -2  1 -1 -2 -1  1  0 -2 -1 -2 0 0 1 1 0.06
 1 -1 -1 -1 -2 -1 -1 -1 -2 -2 -2 -1 -2 -2  6  0 -1 -2 -2 -1 0 0 1 1 0.07
-1 -1  0  4 -2 -1  0  2 -1 -2 -2 -1 -2 -2 -1  0  2 -2 -2 -1 0 0 1 1 0.10
 1 -2  0 -1 -2 -1 -1  4  4 -3 -3 -1 -2 -2 -2  0  1 -3 -1 -2 0 0 1 0 0.07
 1  2 -2 -2 -2 -1 -1 -2 -2 -3 -2  0 -2 -2  5 -1 -1  7 -1 -2 0 0 1 0 0.06
-1 -2 -2 -2 -3 -1 -1 -2 -2 -3 -3 -1 -3 -4  8 -1 -1 -4 -3 -3 1 0 0 0 0.05
-1 -1 -2 -2  4  3  0 -3 -1  0  2 -1  1 -1 -2 -1 -1 -2 -2  0 1 0 0 0 0.05
 2 -1  0 -2 -2  0 -1 -1  7 -3 -2 -1 -1 -2 -2  0 -1 -3  1 -2 1 0 0 0 0.04
-1  0  0  1 -4  4  4 -2  0 -3 -3  1 -1 -3 -1  0 -1 -3 -2 -3 1 0 0 1 0.04
 2  2 -1 -1 -2  0  2 -1  3 -2 -2  0 -1 -2 -1  0 -1 -3 -1 -2 1 0 0 1 0.03
-1 -2 -3 -4 -1 -2 -3 -4 -3  2  3 -3  1  0 -3 -2 -1 -2 -1  3 1 0 0 0 0.02
 3 -2 -1 -2 -1 -1 -1 -1 -2 -2 -2 -1 -1 -3  3  1  1 -3 -2 -1 1 0 0 0 0.02
-1 -2  0  4 -3  0  2  2 -1 -3 -4 -1 -3 -4  3  0 -1 -4 -3 -3 0 0 1 1 0.01
 0 -3 -1 -1 -3 -2 -2  6 -2 -4 -4 -2 -3 -3 -2  0 -2 -3 -3 -3 0 0 1 1 0.01
 1 -2 -3 -3 -1 -2 -2 -2 -3  2  1 -2  1 -1 -2 -1  0 -3 -1  3 0 0 1 0 0.01
-2 -1  0 -2 -3  0 -1 -2  7 -3 -3 -1 -2 -1 -3 -1 -2  7  2 -3 0 1 0 0 0.01
-2 -2 -4 -4 -1 -2 -3 -4 -3  1  4 -3  2  0 -3 -3 -1 -2 -1  1 0 1 0 0 0.01
-2 -2 -4 -4 -1 -2 -3 -4 -3  1  4 -3  2  0 -3 -3 -1 -2 -1  1 0 1 0 0 0.01
-2 -2 -4 -4 -1 -2 -3 -4 -3  1  4 -3  2  0 -3 -3 -1 -2 -1  1 0 1 0 0 0.01
 0 -3 -1 -1 -3 -2 -2  6 -2 -4 -4 -2 -3 -3 -2  0 -2 -3 -3 -3 0 0 1 0 0.01
 0 -3 -1 -1 -3 -2 -2  6 -2 -4 -4 -2 -3 -3 -2  0 -2 -3 -3 -3 0 0 1 0 0.01
 0 -2 -1 -1 -2 -1 -1 -2 -2 -3 -3 -1 -2 -4  7  1  0 -4 -3 -2 0 0 1 1 0.02
-1 -2 -2 -3 -2 -2 -3  4 -3  0  2 -2  1 -1 -3 -1 -1 -2 -2  0 0 0 1 1 0.02
 4 -2 -2 -2 -1 -1 -1  0 -2  0 -1 -1 -1 -2 -1  1  0 -3 -2  1 0 0 1 0 0.02
-2 -2  1  6 -4  0  1 -1 -1 -3 -4 -1 -3 -4 -2  0 -1 -5 -3 -3 0 0 1 0 0.02
 0 -1 -1 -1 -2  2  0 -2 -1  0 -1  0 -1 -2  3  0  3 -3 -2  1 0 0 1 1 0.03
-1 -2 -3 -4 -1 -2 -3 -4 -3  2  4 -3  2  0 -3 -2 -1 -2 -1  2 0 0 1 0 0.03
 0 -3 -1 -1 -3 -2 -2  6 -2 -4 -4 -2 -3 -3 -2  0 -2 -3 -3 -3 0 0 1 0 0.04
-1 -2 -3 -3 -2 -2 -2 -3 -3  1  3 -2  1  0  4 -2 -1 -2 -2  0 1 0 0 0 0.04
 3 -1  0 -1 -1 -1 -1  2 -1 -2 -2 -1 -2 -3 -1  3  0 -3 -2 -1 1 0 0 0 0.04
 1 -2 -2 -3 -1 -2 -2 -2 -3  1  1 -2  1 -1 -2  0  2 -3 -1  2 1 0 0 0 0.07
 4 -2 -2 -2 -1 -1 -1  0 -2  0 -1 -1 -1 -2 -1  1  0 -3 -2  1 1 0 0 0 0.07
-2  2 -1 -2 -3  0 -1 -3  4 -2 -2  0 -1  2 -3 -1 -2  1  6 -2 1 0 0 1 0.10
-2 -1  1  5 -4  1  4 -2 -1 -3 -4  0 -3 -4 -1  0 -1 -4 -3 -3 1 0 0 1 0.14
-2 -2 -4 -4 -1 -2 -3 -4 -3  1  4 -3  2  0 -3 -3 -1 -2 -1  1 1 0 0 0 0.20
 4 -2 -2 -2 -1 -1 -1  0 -2  0 -1 -1 -1 -2 -1  1  0 -3 -2  1 1 0 0 0 0.22
 3 -1 -1 -1 -1  2  0  2 -1 -2 -2  0 -1 -3 -1  1 -1 -3 -2 -1 1 0 0 1 0.28
 0  3  0 -1 -2  0 -1 -2 -1 -2 -2  1 -1 -3 -1  2  3 -3 -2 -1 1 0 0 1 0.47
-1 -2 -3 -4 -1 -2 -3 -3 -3  2  3 -2  3  0 -3 -2 -1 -2 -1  2 1 0 0 0 0.56
 4 -1 -1 -1 -1 -1 -1  0 -2 -2 -2 -1 -1 -2 -1  2  0 -3 -2 -1 1 0 0 0 0.58
 2 -2 -1 -2 -2 -1 -2  5 -2 -3 -3 -1 -2 -3 -2  0 -1 -3 -3 -2 1 0 0 1 0.73
 1 -1  1  0 -1  0  0  0 -1 -2 -2  0 -1 -2 -1  4  1 -3 -2 -2 1 0 0 0 0.82
-1 -2 -3 -3 -1 -2 -3 -3 -3  1  4 -2  2  0 -3 -2 -1 -2 -1  1 1 0 0 0 0.87
-1  0  0  1 -3  2  5 -2  0 -3 -3  1 -2 -3 -1  0 -1 -3 -2 -2 1 0 0 1 0.87
-2  0  1 -1 -3  0  0 -2  7 -3 -3 -1 -1 -1 -2 -1 -2 -2  2 -3 1 0 0 1 0.90
-2  0  1 -1 -3  0  0 -2  7 -3 -3 -1 -1 -1 -2 -1 -2 -2  2 -3 0 0 1 1 0.94
-2  0  1 -1 -3  0  0 -2  7 -3 -3 -1 -1 -1 -2 -1 -2 -2  2 -3 0 0 1 1 0.94
-2  0  1 -1 -3  0  0 -2  7 -3 -3 -1 -1 -1 -2 -1 -2 -2  2 -3 0 0 1 1 0.94
-2  0  1 -1 -3  0  0 -2  7 -3 -3 -1 -1 -1 -2 -1 -2 -2  2 -3 0 0 1 1 0.95
-2  0  1 -1 -3  0  0 -2  7 -3 -3 -1 -1 -1 -2 -1 -2 -2  2 -3 0 0 1 1 0.95
