-2 -3 -3 -4 -3 -2 -3 -4 -3  0  1 -3  9 -1 -4 -3 -2 -3 -2  0 0 0 1 1 0.71
-1 -3 -2 -2 -4 -2 -2  0 -3 -4 -4 -2 -3 -4  8  0 -2 -4 -4 -3 0 0 1 1 0.38
-2 -3 -4 -4 -2 -3 -4 -4 -3  4  3 -3  1  3 -4 -3 -2 -2  0  1 0 1 0 0 0.28
-1  1  0 -2 -2 -1 -1 -2  5 -2 -2 -1 -2 -1 -2  2  3 -2  2 -2 0 1 0 0 0.24
-1 -4 -4 -4 -2 -3 -4 -4 -4  5  1 -3  0 -1 -3 -3 -1 -3 -2  4 0 1 0 0 0.39
-1 -3 -1 -2 -3 -3 -3  7 -3 -5 -5 -2 -4 -4 -3 -1 -2 -3 -4 -4 0 0 1 0 0.34
-1  2  4  0 -3  2  0 -1 -1 -3 -3  1 -2 -3 -2  2  1 -3 -2 -2 0 0 1 1 0.30
-1 -2  2 -1 -3 -2 -2  6  2 -4 -4 -2 -3 -4 -3  0 -2 -3 -3 -4 0 0 1 0 0.44
-2 -3 -3 -4  6 -3 -3 -4  1 -1  0 -3 -1  5 -4 -2 -2  0  4 -1 0 0 1 0 0.29
-2 -3 -4 -4 -2 -3 -4 -4 -3  1  4 -3  1  5 -4 -3 -2 -1  1  0 0 1 0 0 0.28
-1  2 -1 -2 -3  0 -1 -2 -2 -3 -3  3 -2 -4  5  0  1 -4 -3 -2 0 1 0 1 0.35
 3 -1 -1 -1 -1 -1  1 -1 -2 -2 -3 -1 -2 -3 -1  4  2 -3 -2 -2 0 1 0 0 0.48
-1 -1 -1  0  1  0  4 -2 -1 -2 -3  1 -2 -3 -2  2  2 -3 -3 -2 0 1 0 1 0.42
-2 -4 -4 -4 -2 -3 -4 -5 -4  6  1 -3  3 -1 -4 -3 -2 -3 -2  2 0 1 0 0 0.45
-1 -2  1 -2 -2 -2 -2 -2 -2 -1  1 -2 -1  3 -2  4  1 -2 -1 -2 0 0 1 0 0.53
 0 -2  3 -1 -2 -1 -2 -2  2  2 -1 -1 -1 -2  2  1  0 -4 -2  0 0 0 1 1 0.49
-1  1  3  0 -3  2  1  0 -1 -3 -2  0 -2 -3  1  1  1 -3 -2 -2 0 0 1 1 0.50
 0  3  2  1 -3 -1 -1 -2 -1 -3 -3  0 -2 -3  4  1 -1 -4 -3 -1 0 0 1 1 0.42
 0 -2 -2 -2 -2  1  0 -3 -2  3  0 -2  0  1  3 -1  0 -3 -1  0 0 0 1 1 0.42
 1  0  2 -1 -2 -1  0  1  1  0 -2  1 -1 -2  1  1  0 -2  1 -1 0 0 1 1 0.32
 0  2  3  0  1  0  1 -1  1  0 -2  1 -1 -2 -2  1  0 -3 -2 -1 0 0 1 1 0.30
 0  0 -1 -2 -2 -2 -2 -2 -3  3 -1 -1 -1 -2 -2  2  3 -3 -2  0 0 0 1 1 0.38
 2  1 -1 -1 -3  4  1 -2 -1 -3 -2  3 -1 -3 -2  0  0 -3 -2 -2 0 0 1 0 0.38
-2  3  2 -1 -3  1  3 -2 -1 -3 -3  2 -2 -3 -2  0 -1  4 -2 -1 0 0 1 0 0.29
 2 -2  1 -1 -2 -1 -1 -1  2 -3 -2 -1 -2 -3  2  4  1 -3 -2 -2 1 0 0 1 0.28
 0 -2  2  1  0 -2 -1  0 -2 -2 -1 -2 -2  2  2  0  0  6  0 -2 1 0 0 1 0.24
-1  0 -1 -2  1 -1  1  0 -2 -2 -2  0 -2  2 -2  1  2  6  0 -2 1 0 0 0 0.19
-1  0 -2 -2 -3  0  1 -3 -2 -2 -2  3  0 -3  5 -1  1 -3  0 -2 1 0 0 1 0.11
 0 -2 -2 -2 -2 -2 -1 -2 -2  2  2 -2  0  1 -2  2  0 -3 -1  1 1 0 0 1 0.06
-2 -3 -4 -4 -2 -3 -3 -4 -3  3  4 -3  1  0 -3 -1 -1 -2  1  2 1 0 0 0 0.04
-4 -2 -5 -6 -4 -4 -5 -1  0 -5 -4 -4 -3 -1 -5 -4 -4 12  0 -5 1 0 0 0 0.04
-2 -1  2  1 -5  0  6 -1 -1 -5 -4  1 -3 -5 -2 -1 -2 -4 -3 -4 1 0 0 1 0.02
 0  2  0 -2 -4  0 -1 -3 -2 -4 -4  6 -3 -4 -2  0 -2 -4 -3 -3 0 0 1 1 0.02
-2 -4 -1 -4  0 -3 -4 -3 -4  5  1 -3  2  0 -4 -2 -1 -3 -2  2 0 0 1 0 0.02
-2  2 -1 -2 -4  2  0 -3  1 -4 -4  6 -3 -4 -2  0 -2 -4 -3 -4 0 0 1 1 0.01
 1  0 -1  5 -3 -1  2 -1 -2 -2 -2 -1 -2 -1 -2 -1  0 -4 -3 -1 0 0 1 1 0.01
-3 -4 -4 -5  1 -4 -4 -4 -2  0  0 -4 -1  7 -5 -1 -3  4  3 -2 0 0 1 0 0.01
-4 -4 -5 -5 -4 -5 -5 -5 -3 -2  0 -5 -1  8 -5 -4 -4 -1  2 -2 0 0 1 0 0.01
-2 -4 -4 -4  8 -4 -4 -4 -3 -2 -2 -4 -2  5  1  0 -2 -2  0 -2 0 0 1 1 0.01
 0 -2 -1  0  1  0 -1  1 -2 -3 -1 -1 -2 -3 -2  4  1 -4 -3 -2 1 0 0 1 0.01
-2 -2  1 -2 -3 -1  2 -3 -2 -2 -1 -2 -2 -3 -2  0  6 -4 -3 -2 1 0 0 1 0.01
-1 -1  2 -2 -4  1 -1  3  7 -4 -4 -2 -3 -2 -3 -1 -2 -3  1 -4 1 0 0 0 0.01
-2  3 -1 -2 -4  5  0 -3  2 -4 -3  3 -2 -3 -2 -1  0 -3  2 -3 1 0 0 1 0.01
 3 -2 -1 -1 -2  1  2 -2 -2  0 -2 -1 -1 -3 -2  2  1 -3 -2  1 1 0 0 1 0.01
 0 -1 -1  1 -4  0  5 -3 -1 -4 -4  3 -3 -4 -2 -1  0 -4 -3 -3 1 0 0 1 0.01
 6  0 -3 -3 -2 -2 -2 -1 -3 -3 -3 -2 -2 -4 -2  0 -1 -4 -3 -1 1 0 0 0 0.01
-2 -2 -1  3 -3  3 -1 -3 -2 -1  3 -1  0 -1 -3 -2  0 -3  1 -1 1 0 0 0 0.01
-1  2  2  1 -3  3  3  0 -1 -1 -3  0 -2 -3 -2  1 -1 -3 -3 -1 1 0 0 1 0.01
-2 -4 -4 -5  9 -4 -4 -4 -3 -2 -3 -1 -3 -2 -4 -3 -2 -2  4  0 1 0 0 0 0.01
-2 -4 -4 -4 -2 -4 -4 -5 -4  5  3 -4  1 -1 -4 -3 -2 -3  1  1 1 0 0 0 0.01
 1  1 -2 -3 -3 -1 -2 -2  5 -2 -2  1  1  2 -3  0 -2  5  3 -2 1 0 0 1 0.01
-1  1 -1  2 -4  2  4 -3 -1 -3 -3  2 -2 -3 -2 -1  1 -3  1 -3 1 0 0 1 0.01
-2 -3 -4 -4  2 -3 -2 -4 -4  3  4 -3  3 -1 -4 -3 -2 -3 -2  0 1 0 0 0 0.01
-2 -4  0 -4  9 -3 -4 -4  1 -2  1 -4 -2  1 -4 -2  0 -2  2 -2 1 0 0 0 0.01
-3 -2  2  1 -4  0 -1 -3  8 -3 -1 -2 -2  2 -4 -2 -3 -2  2 -3 0 0 1 0 0.02
 1 -3 -3 -3 -3 -1 -1 -3  2 -1  0 -2 -2 -3  6 -1 -1 -4 -3  0 0 0 1 0 0.02
 0 -2  1  2 -2 -1  1 -2 -2 -1  0 -1 -2 -3  3  1  1 -4 -3 -2 0 0 1 1 0.03
 1  1  1  1  0  0  1  0 -1 -2 -1 -1 -2 -3  2  1  0 -3 -2 -1 0 0 1 1 0.03
-1 -1  2  0 -3 -1  0  3 -2 -3 -3  1 -3 -4  4 -1  1 -4 -3 -2 0 0 1 0 0.03
-1 -2 -2 -2 -2  0 -2 -3 -3 -1  0 -2  0 -3  5  0  4 -4 -3  0 0 0 1 0 0.03
-1 -2  1  3 -2 -2 -1 -1  1 -2 -2 -2 -2 -3 -2  2  4 -4 -3  0 0 0 1 1 0.03
 1  5 -2 -2 -3 -1  0 -3 -2 -3 -1  0 -2 -3  4  0  0 -4 -3 -2 1 0 0 0 0.03
-2 -1 -1  2 -4  2  5 -3 -1  0 -3 -1 -2 -4 -2  0 -1 -4 -3 -1 1 0 0 1 0.03
 0  3  1  2 -3  1  3 -1  2 -3 -3  0 -2 -3 -2  0 -1 -3 -2 -2 1 0 0 0 0.03
 1 -3 -4 -4 -2 -3 -3 -3 -3  3  3 -3  0  0 -3 -2 -1 -3 -2  3 1 0 0 0 0.02
 1  1  0 -1 -2  0  1 -1 -1 -1 -1  1 -1  2 -2  0  1 -2 -1  0 1 0 0 0 0.02
-1  0  2  2  0  0  1  2 -1 -4 -4  2 -3 -4 -2  2 -1 -4 -3 -3 1 0 0 0 0.02
 0  2 -2 -3 -3  0 -1 -3  2  2  1  2  0  0 -3 -1  0  2 -1  0 1 0 0 0 0.01
-4 -4 -5 -5  2 -5 -5 -5 -2 -2  0 -5 -1  8 -5 -4 -4 -1  3 -2 1 0 0 0 0.01
-1 -2  1 -1  4 -1  3 -2 -1  0  0  0 -1  3 -3 -1 -1 -2  2 -2 1 0 0 0 0.01
 0  2 -1 -1  1  3  2 -3  1 -3 -1  2 -2 -3 -2 -1  0  0 -1 -2 1 0 0 1 0.01
-3 -3 -5 -5 -3 -3 -4 -5 -4  0  6 -4  1 -1 -4 -4 -2 -3 -2  0 1 0 0 0 0.01
-2  4 -1 -2 -4  0  1 -3 -1 -4 -3  5 -2 -2 -3 -2 -2 -3  2 -3 1 0 0 0 0.01
 2  0 -1  1 -3  1  3  0 -1 -2 -2  1  1 -3 -2  0  1 -3 -3 -2 1 0 0 1 0.01
-3 -3 -4 -5 -2 -3 -4 -5 -4  0  5 -4  3  2 -4 -4 -2 -2 -1  0 1 0 0 0 0.01
 5 -2 -2 -3 -2 -2 -2 -1 -3 -2 -3 -2 -2 -3 -2  2  0 -4 -3 -1 0 0 1 0 0.01
 1 -3 -2 -3  6 -2 -2 -2 -2 -2 -2 -2 -2  3 -3  3 -1 -1  4 -2 0 0 1 1 0.01
 2 -3 -3 -1 -3  0  0 -3 -3 -4 -4 -2 -3 -4  7 -1 -1 -4 -4 -3 1 0 0 1 0.01
 2 -2 -1 -2 -2 -1  0  4 -2 -4 -4  0 -3 -4 -2  2  0 -3 -3 -3 1 0 0 1 0.02
-3 -3 -3 -4  6  1 -2 -4  4 -3 -3 -3 -2  0 -4 -2 -3  6  6 -3 1 0 0 0 0.02
 0  3 -1 -1 -4  2  2 -3 -1 -3 -3  4  1 -4 -2 -1 -1 -4 -3 -3 1 0 0 1 0.02
-2 -2  2  5 -4  0  4  0 -1 -4 -4 -1 -3 -4 -2  0 -2 -4 -3 -4 0 0 1 1 0.02
-2  3  5 -1 -4  1 -1 -2  2 -4 -3  1  1 -4 -3  0 -1 -4 -2 -3 0 0 1 0 0.03
-3 -4 -4 -5 -3 -4 -5 -5 -3  4  0 -4 -1  6 -5 -4 -3 -1  1  0 0 1 0 0 0.04
-1  0 -1 -1 -2  4  0 -2  4  0 -1  0 -1 -2 -2  1 -1  4 -1 -1 0 1 0 0 0.05
 0 -1 -1 -1  3 -1  0 -2 -1  1  0 -1  0 -1 -1  1  0 -2  0  1 0 1 0 0 0.09
-1 -1  2  1 -3  1  1  2  4 -1 -3 -1 -2 -1 -2  0 -2 -2  3 -2 0 1 0 1 0.09
-2  3  2  0  2  0 -1 -2 -1  0  0  0 -1  2  0  0 -1 -2 -1 -2 0 0 1 0 0.08
 0 -1  0  0 -3  2  1 -1  3 -3 -3  0 -2 -2  3  0 -1 -2  1 -2 1 0 0 1 0.08
-2 -1  1  2 -4 -1  1  4  6 -4 -4 -2 -3 -3 -3 -1 -2 -3  0 -4 1 0 0 1 0.07
-1 -1  1  1 -3  1  3  0  1 -1 -2 -1 -2 -1 -2  0  0 -2  3 -2 1 0 0 1 0.07
-1 -1  6  2 -3 -1  1 -2  1 -4 -4  2 -3 -4 -3  1  0 -4 -3 -3 0 0 1 1 0.07
-2  0  1  5 -4  3  0 -2  2 -3 -3 -1 -3 -2 -2  0 -2 -3  2 -3 0 0 1 0 0.07
 1 -1 -1  0 -2  1  0  2 -1 -2 -2  0 -1  3 -2  1 -1 -1  1 -2 0 0 1 0 0.06
-1 -2  0 -1  6 -1  3 -3 -2 -1 -1 -2 -2 -2 -3 -1  2 -3  1 -2 0 0 1 0 0.06
-2 -2 -3  0  5  0 -2 -4 -2  4  0  0  0 -1 -3 -2 -2 -2  2  0 0 1 0 0 0.05
-2 -2  0 -2 -2 -2 -2 -3  2  3  1 -2  1  0 -3 -2  0 -1  3  1 0 1 0 0 0.04
-1 -1 -1 -2 -1 -1 -1 -2 -1  0  1  0  0  3 -1 -1  1  0  1  0 0 1 0 0 0.04
 0  2  3  0 -2  0 -1 -1  1 -1 -1  0 -1  0 -1  1  0 -2 -1  0 0 1 0 0 0.05
-1 -2 -2 -2 -1  0 -1 -2 -2  3  1 -1  0  2 -2 -1 -1 -1  0  1 0 1 0 0 0.05
-1 -1  1 -1  2  0  0 -1 -1  0  0  0  2  0 -1  0  1 -1  0  0 0 1 0 0 0.06
-1  0  0  3 -2 -1  0  0 -2  1  0  1 -1 -2 -1  0 -1 -2 -2 -1 0 0 1 1 0.09
-2 -1  1  4 -4  3  3  0 -1 -4 -4  2 -3 -4 -2  0 -1 -4 -3 -3 0 0 1 1 0.09
 0 -1  4  4 -3  0  2 -2 -1 -3 -3  1 -3 -3 -2  0 -1 -4 -3 -3 0 0 1 1 0.09
-1 -2  2  3 -3 -1  2  3 -1 -3 -3 -1 -3 -3 -2  0 -1 -3 -3 -1 0 0 1 1 0.08
 0  0  1  0 -2  1  2  1 -1 -1 -2  0 -2 -3 -2  2  0 -3 -2 -2 0 0 1 1 0.08
-2  0  2  3 -3  3  2 -2 -1 -1 -2  1 -2 -1 -2  0 -1 -3 -2 -2 0 0 1 1 0.08
-2  0 -1  1 -3  0  5 -3 -2  2 -2 -1  1 -3 -2 -1  0 -3 -3 -1 0 1 0 0 0.07
-1 -3 -3 -3 -2 -2 -3 -4 -3  3  2 -1  1  1  2 -2 -1 -3 -1  2 0 1 0 0 0.05
-2 -2 -3 -4 -2 -3 -3 -4 -3  1  4 -1  1  2 -3 -1 -2 -2 -1  0 0 1 0 0 0.03
 0  2 -1  1  3 -1 -1 -2 -2 -1 -2 -1 -2 -3 -2  3  0 -4 -3  1 0 1 0 0 0.02
-1 -4 -4 -4 -2 -3 -4 -4 -3  5  0 -3  0 -1 -3 -3 -1 -3  2  4 0 1 0 0 0.02
-1 -2  0 -2 -2 -1 -2 -1 -2  0  0 -1  1 -1 -2  2  3 -2  1  1 0 1 0 0 0.02
-1 -2 -2 -3 -2  2 -2  1 -2  3  1  0  0  2 -3 -1 -1 -2 -1  0 0 1 0 0 0.01
-2  2  4  4 -4 -1  1  0 -1 -4 -4 -1 -3 -4 -2  1 -1 -4 -3 -4 0 0 1 1 0.01
 1 -1 -1  3 -2  2  1 -2 -2 -2 -3 -1 -2 -3  1  1  3 -3 -3 -1 0 0 1 1 0.01
 0 -1  2  5 -4  1  2  1 -1 -4 -4  1 -3 -4 -2 -1 -1 -4 -3 -3 0 0 1 1 0.01
-1  0  2 -1 -2 -1 -1  0  5 -1 -2 -1 -2  1 -2  0  2 -2  0 -2 0 1 0 0 0.01
-3 -3 -4 -4  3 -3 -4 -4  0 -1 -1 -3 -2  5 -4 -3 -3  0  7  0 0 1 0 0 0.01
-1 -2  2 -2 -2 -1 -2 -2  1 -2 -1 -2 -2 -1 -2  3  4 -2  3 -2 0 1 0 0 0.01
-2 -4 -4 -4  6 -3 -4 -4 -2  2  0 -3 -1  0 -4 -2 -2 -1  4  3 0 1 0 0 0.01
 0  1  2  1 -3  2  3 -2 -1 -1 -3  1 -2 -3 -2  0  1 -3 -2 -1 0 1 0 1 0.01
 0 -3 -3 -3  4 -2 -1  1 -2  3 -1 -3 -1 -1 -3 -2  0  6  1  1 0 1 0 0 0.01
-2 -2 -2 -2 -3  1  1  1  3 -1  1 -1  5 -1  1 -2 -2 -2  1 -2 0 0 1 0 0.01
-1 -2  3  2 -3 -2 -1  5 -2 -4 -4 -2 -3 -4 -3  0  0 -4 -4 -4 0 0 1 1 0.01
-1  2  2 -1  2  0  2  1 -1 -2 -3  2 -2 -2 -2 -1 -1 -2  1 -1 0 1 0 0 0.01
 1 -1 -1 -1 -2 -1  0  0 -2 -1 -2  0 -2 -3 -2  2  4 -3 -2 -1 0 1 0 0 0.01
 0 -2 -3 -3 -2 -2 -1 -3  2  2 -1  0 -1  2 -3 -2 -1 -1  5  2 0 1 0 0 0.01
 0 -3 -3 -3 -2 -2 -3 -3 -2  0  2 -3  2  4 -3 -1  2 -1  0 -1 0 1 0 0 0.02
-1 -2 -2 -3  5 -2 -2 -3  2  0  1 -2 -1  2 -3  0  2 -1  3 -1 0 1 0 0 0.02
 0 -3 -2  0 -2 -2 -2  0 -3  2  1 -2  4 -1 -3 -2  0 -3 -2  2 0 1 0 0 0.02
 0  1 -1  3 -3  0  1 -2 -1 -2 -1  2 -2  1 -2 -1 -2 -2  2 -2 0 1 0 0 0.02
 0 -2 -1  2 -2 -1  1  0 -2 -2 -1 -1 -1 -3 -2  1  4 -3 -3 -1 0 0 1 0 0.02
-2  2 -1 -1  0  5  3 -3 -1 -3 -3  1 -2 -3 -2 -1  1 -3  1 -3 0 0 1 1 0.02
 0 -3 -2 -2 -3 -2  1 -3 -3 -3 -4 -2 -3 -4  7  1  1 -4 -4 -3 0 0 1 1 0.02
 1  2 -1  2 -3 -1  0  4 -2 -3 -3  0 -2 -3 -2  0 -1 -3 -3 -1 0 0 1 1 0.03
-1 -2 -2 -2  2 -2 -2 -3  3  2  1 -2  0 -1 -3  0  0 -3 -1  2 0 0 1 0 0.03
-2 -2 -3 -3 -2 -2  0 -4 -1  0  3 -2  1  1 -3 -2 -2 -1  4  0 0 0 1 0 0.03
-1  3 -1 -1 -3  0  0  1 -1 -3 -3  4 -2 -4 -2  1 -1 -3 -2 -3 0 0 1 1 0.03
 1  2 -1 -2 -2 -1 -1 -2 -2 -1  0  0 -1 -2  2  2  2 -3 -2 -1 0 0 1 1 0.02
-2 -1 -1 -2 -3 -1 -1 -2  7 -2 -2 -1 -2  1 -2 -1 -2  0  5 -2 0 0 1 0 0.02
-1 -2 -1 -1 -2 -1 -1 -2 -2 -2 -3 -1 -2 -3  7  1 -1 -3 -2 -2 0 0 1 1 0.02
-2  0  0  5 -4  5  1 -2 -1 -4 -3  0 -2 -4 -2 -1 -1 -3 -3 -3 0 0 1 1 0.02
-1 -3 -3 -4 -2 -2 -3 -4 -3  4  1 -2  5  0 -3 -2 -1 -2 -2  2 0 0 1 0 0.02
-1  0  2 -1 -2 -1 -1 -2 -1 -1 -2 -1  0 -3 -2  1  4 -3 -2 -1 0 1 0 1 0.02
 1 -2 -3 -3 -2 -2 -2 -2 -1  2  1 -2  0  2 -3 -1 -1  0  4  1 0 1 0 0 0.01
-1  0  2 -1 -2  0 -1 -2 -1  0 -1  3  3 -2 -2  0  1 -3 -2  0 0 1 0 0 0.01
 1 -2 -3 -3 -1 -2 -2 -2 -3  3  2 -2  1 -1 -2 -1  1 -3 -2  2 0 1 0 0 0.01
 0 -1  4  0 -2  0 -1  1 -1 -3 -3  0 -2 -3 -2  2  2 -3 -2 -2 0 1 0 0 0.01
 0  3  0 -1 -2  0  0 -2 -1 -2 -2  2 -1 -3 -1  2  3 -3 -2 -2 0 1 0 0 0.01
-2  4 -2 -3 -3  0 -1 -3  1 -2 -2  1 -2  1 -3 -2 -2  0  6 -2 0 1 0 1 0.01
-1 -2 -3 -4 -2 -2 -3 -4  0  1  1 -2  0  2 -3 -2 -1  0  5  2 0 1 0 1 0.01
 0 -2 -1 -1  6  0  2 -2 -2 -2 -3 -1 -2 -3 -2  3  0 -3 -2 -2 0 1 0 0 0.01
-1 -1 -1  2 -4  2  6 -3 -1 -4 -3  0 -3 -4 -2 -1 -1 -3 -3 -3 0 0 1 1 0.01
-1 -2 -2 -2 -2 -2  0 -3 -3  2  1 -2  0 -1  4 -1  1 -3 -2  1 0 0 1 0 0.01
 0 -1 -2 -3 -2 -1 -2 -3 -3  1  2  1  1 -1 -2 -2 -1 -3 -2  2 0 0 1 0 0.01
-1 -1  0  4  6  2  1 -2 -1 -3 -3  0 -2 -3 -2 -1 -1 -3 -3 -2 0 0 1 1 0.01
-1 -2  2 -2  6 -2 -2 -2  0 -2 -2 -2 -2  0 -3  1 -1  0  4 -2 0 1 0 0 0.01
-1 -2 -2 -2 -2 -2 -2 -3 -3  0  2 -2  0 -2  6  0 -1 -3 -2 -1 0 1 0 0 0.01
-2 -3 -4 -4 -2 -3 -3 -4 -3  3  3 -3  1  4 -3 -3 -2 -1  1  1 0 1 0 0 0.01
-1 -3 -3 -2 -3 -2 -2 -3 -3  1 -2 -2 -2 -3  7 -2 -1 -4 -3 -1 0 1 0 0 0.01
 0 -1  3  1 -2  0  3 -1 -1 -3 -3  0 -2 -3 -1  3  1 -3 -2 -2 0 1 0 0 0.01
-1  4  3 -1 -2  0 -1 -2 -1 -2 -2  1 -2 -3 -2  0  3 -3 -2 -2 0 1 0 0 0.01
-2 -1 -3 -3 -2 -1 -2 -4 -3  1  4  1  1  0 -3 -2 -1 -2 -2  0 0 1 0 0 0.01
-1 -3 -3 -3  7  1 -2 -3 -3  2  1 -2  0 -1 -3 -2 -1 -3 -2  0 0 1 0 0 0.01
-2 -2 -4 -4 -2 -2 -3 -4 -3  1  4 -3  4  0 -3 -3 -1 -2 -1  1 0 1 0 0 0.01
-1  0  5  0 -2  0  0 -1  0 -3 -3  1 -2 -3 -2  2  1 -4 -2 -3 0 1 0 1 0.01
-2 -3 -3 -3 -2 -2 -2 -3 -3  0  3 -2  1 -1  6 -2 -1 -3 -2  0 0 0 1 0 0.01
 3 -2 -1 -2 -1 -1 -1 -1 -2  0 -1 -1 -1 -2  2  2  0 -3 -2  1 0 0 1 1 0.01
 0 -3 -1  1 -3 -2 -2  6 -2 -4 -4 -2 -3 -4 -3 -1 -2 -3 -4 -4 0 0 1 1 0.01
 2 -2 -1  1 -2 -1  1  3 -2 -2 -2 -1 -2 -3 -1  0  1 -3 -2 -1 0 0 1 1 0.01
-1 -3 -3 -2 -2 -2 -2 -3 -3  2 -1 -2 -1 -2  6 -2 -1 -4 -3  0 0 0 1 1 0.01
-1 -2 -1 -2 -1 -1 -2 -2 -2  0  0 -1  2  3 -2  0  4 -2  0  0 0 0 1 1 0.01
-2 -3 -4 -4 -2 -3 -3 -4 -2  1  3 -3  1  4 -3 -3 -2 -1  1  0 0 1 0 1 0.01
 1 -1  0 -1 -1  0  0 -1 -1 -3 -3 -1 -2 -3  2  4  1 -3 -2 -2 0 1 0 1 0.01
-1 -3 -3 -4 -1 -3 -3 -4 -4  3  1 -3  1 -1 -3 -2  0 -3 -1  4 0 1 0 0 0.01
-1 -2  0  3 -3 -1  0 -2 -2 -3 -3 -1 -3 -4  6  2  0 -4 -3 -3 0 1 0 1 0.01
-2 -2 -4 -4 -2 -2 -3 -4 -3  1  4 -3  2  0 -3 -3 -1 -2 -1  1 0 0 1 0 0.01
-2  0  3  4 -3  0  1 -1  3 -3 -3  2 -2 -3 -2  0 -1 -4 -2 -3 1 0 0 1 0.01
-1 -1  6  1 -3  0  1 -1  0 -4 -4  0 -2 -3 -2  1  0 -4 -2 -3 1 0 0 1 0.01
-2 -3 -4 -4 -2 -3 -4 -4 -4  5  1 -3  1  0 -3 -3 -1 -3 -2  2 1 0 0 0 0.01
-1  0 -1  2 -3  1  3 -2 -1 -1  0  2 -1 -2 -2 -1 -1 -3 -2 -1 1 0 0 0 0.01
-1  1  0  0 -3  1  3  4 -1 -4 -3  1 -2 -3 -2  0 -1 -3 -3 -3 1 0 0 1 0.01
-1 -2 -1 -2 -2 -1 -2 -3  0 -1  0 -2 -1  1 -2  0  3  1  5 -1 1 0 0 1 0.01
-2 -2 -4 -4 -1 -2 -3 -4 -3  2  4 -3  2  0 -3 -3 -1 -2 -1  1 1 0 0 0 0.01
-2 -2  1 -2 -2 -2 -2 -3  0  3  0 -2  0  2 -3 -2 -1  0  5  1 1 0 0 0 0.01
 2 -1  0 -1 -1 -1 -1  1 -1 -2 -2 -1 -2 -3 -1  3  1 -3 -2 -1 1 0 0 1 0.01
-1 -1 -1  0 -3  2  4 -3 -1 -1  0  0  4 -2 -2 -1 -1 -2 -2 -1 1 0 0 0 0.01
 2 -2 -3 -3 -1 -2 -2 -2 -2 -1  1 -2  0  0 -2 -1 -1  8  0 -1 1 0 0 1 0.01
-1  4  0  1 -4  1  3 -2  0 -3 -3  1 -2 -2 -2 -1 -1 -2  2 -3 0 0 1 1 0.01
-1  2  2  0 -3  1  0 -2 -1 -3 -3  5 -2 -3 -1  0 -1 -3 -2 -3 0 0 1 1 0.01
 0  0 -1 -2 -3 -2 -2  5 -2 -3 -3 -1 -3 -3 -2  0  0 -3 -3 -3 0 0 1 1 0.02
-2 -1  6  1 -3  0 -1 -1  2 -3 -3 -1 -2 -3 -2  0  1 -4 -2 -3 0 0 1 1 0.02
-1 -2 -3 -3 -1 -2 -3 -3 -3  1  4 -2  2  0 -3  0 -1 -2 -1  0 0 0 1 0 0.02
-1 -2  0  4  6 -1  0 -2 -1 -2 -2 -1 -2 -1 -2 -1 -1 -2  1 -2 1 0 0 1 0.02
 0  0  0  4 -3  1  4  0 -1 -3 -3  1 -2 -3 -1  1 -1 -3 -3 -3 1 0 0 1 0.03
-3 -3 -4 -5 -3 -2 -3 -3 -3 -3 -2 -4 -2  1 -4 -3 -3 12  2 -3 1 0 0 0 0.03
-1  2  0 -1 -3  1  1 -2 -1 -3 -3  5 -2 -4 -1  0 -1 -3 -2 -3 1 0 0 1 0.03
 2 -1 -1  0 -2  0  3 -1 -1 -2 -2  0 -1 -3 -1  1  3 -3 -2 -1 1 0 0 1 0.03
-1  1  0 -1 -3  6  2 -2  0 -3 -3  1 -1 -4 -2  0 -1 -2 -2 -3 1 0 0 0 0.03
-1  0 -1  1 -4  2  6 -3  0 -4 -3  1 -2 -4 -1  0 -1 -3 -2 -3 1 0 0 0 0.04
-1  4  0 -1 -4  1  0 -2 -1 -3 -3  4 -2 -3 -2 -1 -1 -3 -2 -3 1 0 0 1 0.04
 2  0 -1 -2 -2  0 -1 -1 -2  1 -1  3 -1 -2 -1  0  0 -3 -2  1 1 0 0 0 0.05
 2 -1  2 -1 -1 -1 -1 -1 -1  0 -1 -1 -1 -2 -1  1  3 -3 -2  0 1 0 0 0 0.04
 2 -2 -2 -3 -2 -1 -2 -2  1 -2 -2 -2 -1  2 -2  0 -1  1  6 -1 1 0 0 0 0.05
-2 -3 -4 -4 -1 -3 -3 -4 -3  3  4 -3  2  0 -3 -3 -1 -2 -1  2 1 0 0 0 0.04
 3 -1 -1 -1 -1  0  0  0 -1 -2 -2 -1 -1 -3 -1  3  0 -3 -2 -1 1 0 0 0 0.04
 3 -1  0 -1 -1  0  1  0 -1 -2 -2  0 -1 -3 -1  3  2 -3 -2 -1 1 0 0 1 0.04
-1  4  0 -1 -4  1  0 -2 -1 -3 -3  4 -2 -3 -2 -1 -1 -3 -2 -3 1 0 0 0 0.03
-2 -3 -4 -4 -2 -3 -4 -4 -4  5  1 -3  1  0 -3 -3 -1 -3 -2  2 1 0 0 0 0.04
-1  3  4  0 -3  4  1 -1  0 -3 -3  1 -1 -3 -2  0 -1 -3 -2 -3 1 0 0 1 0.03
 0 -1  0 -1 -1 -1 -1 -1 -2 -1  1 -1  0 -1 -2  3  2 -3 -2 -1 1 0 0 1 0.03
 0 -3 -1 -2 -3 -2 -2  6 -2 -4 -4 -2 -3 -4 -2 -1 -2 -3 -3 -4 1 0 0 0 0.02
-2 -3 -4 -4 -2 -3 -4 -4 -4  5  1 -3  1  0 -3 -3 -1 -3 -2  2 1 0 0 0 0.03
 2 -1 -1  0 -2  1  4 -1 -1 -3 -2  1 -2 -3 -1  0  0 -3 -2 -2 1 0 0 1 0.02
-1  2  2 -1 -3  3  1 -2  0 -3 -3  4 -1 -3 -2  0 -1 -3 -2 -3 1 0 0 1 0.03
 3 -2 -1 -2 -1 -1 -1 -1 -2  0 -1 -1 -1 -2 -1  1  3 -3 -2  1 1 0 0 0 0.03
 0 -2 -1  1 -2 -1 -1  3 -2  0 -1 -1  2 -2 -2  0  2 -3 -2 -1 1 0 0 0 0.03
-1  4 -1 -2 -2  1 -1 -3  3  0  0  1  0 -2 -2 -1 -1 -3 -1  2 1 0 0 1 0.02
-1 -1 -1 -1 -1 -1 -1 -1 -2  3  1 -1  0 -1 -1  0  1 -1 -1  1 1 0 0 1 0.02
-1 -1 -2 -2 -1 -1 -1 -2 -2  1  3 -1  1  0 -1 -1 -1 -1 -1  0 0 0 1 1 0.03
-1  1  0 -1 -2  3  0 -1  4 -2 -1  0 -1 -1 -1  0 -1 -1  2 -1 0 0 1 1 0.03
-1  0  0  0 -2  2  0 -1  6 -2 -1  0 -1 -1 -1  0 -1 -1  1 -1 0 0 1 1 0.03
 3 -2 -1 -2 -1 -1 -1 -1 -2 -1 -2 -1 -1 -3  3  1  3 -3 -2  0 0 0 1 0 0.04
 1 -1  4  1 -2  0  0 -1  3 -3 -3 -1 -2 -3  3  0 -1 -4 -2 -2 0 0 1 1 0.05
-2 -3 -4 -4 -1 -3 -4 -4 -4  5  1 -3  1  0 -3 -3 -1 -3 -2  3 0 0 1 0 0.06
 0 -1  1  4 -2  0  1 -1 -1 -3 -3 -1 -2 -3 -1  3  0 -4 -3 -3 0 0 1 1 0.06
-1  0  0  4 -4  1  4 -2 -1 -3 -3  1 -3 -4 -1  0 -1 -4 -3 -3 1 0 0 1 0.07
 3 -1  0 -1 -1 -1 -1  0 -1 -2 -2 -1 -1 -3 -1  3  1 -3 -2 -1 1 0 0 1 0.08
-1 -2 -1 -2 -1 -2 -2 -3 -2  3  0 -2  1 -1 -2  0  3 -3 -2  1 1 0 0 0 0.07
-1  2  0 -1 -3  5  1 -2  0 -3 -3  3 -1 -3 -1  0 -1 -3 -2 -3 1 0 0 0 0.07
-1  0  4  0 -3  4  1 -1  0 -3 -3  1 -1 -3 -2  0 -1 -3 -2 -3 1 0 0 1 0.07
-1  3  3  0 -3  0  0 -1  0 -1 -2  3 -1 -3 -2  0  0 -3 -2 -1 1 0 0 1 0.06
 3 -2 -2 -3 -1 -2 -2 -1 -3  3  0 -2  0 -1 -2  0 -1 -3 -2  1 1 0 0 0 0.06
 3 -2 -2 -3 -1 -2 -2 -1 -2 -1  0 -2  0  5 -2  0 -1 -1  1 -1 1 0 0 0 0.06
 2 -2 -2 -2 -1 -1 -2 -1 -2  0  3 -2  1 -1 -2  1  0 -2 -2  0 1 0 0 1 0.05
-1  1  0  0 -4  1  4 -2 -1 -3 -3  4 -2 -3 -1  0 -1 -3 -2 -3 1 0 0 1 0.04
 1 -2 -1 -2 -1 -1 -2 -2 -2  1 -1 -1  0 -2 -2  1  4 -3 -2  2 1 0 0 0 0.03
-1 -2 -3 -3 -2 -2 -3 -4 -3  3  2 -2  5  0 -3 -2 -1 -2 -1  2 1 0 0 0 0.02
 1 -1  0  0 -2  1  3 -1 -1 -2 -2  0 -2 -3 -1  2  2 -3 -2 -1 1 0 0 1 0.03
 0 -1  3  1 -2 -1 -1 -2 -1  0  1 -1  4 -1 -2  0 -1 -3 -2  0 1 0 0 1 0.03
 1 -2 -2 -2  7 -2 -2 -2 -3 -1 -2 -2 -1 -3 -2  0  3 -3 -2 -1 1 0 0 1 0.03
-1 -2  4  2 -3 -1 -1  4 -1 -4 -4 -1 -3 -3 -2  0 -1 -3 -3 -3 0 0 1 1 0.02
-2 -2 -4 -4 -2 -2 -3 -4 -3  1  4 -3  2  0 -3 -3 -1 -2 -1  1 0 0 1 0 0.02
-1  2  0 -1 -3  1  0 -2 -1 -3 -3  5 -2 -3 -1  0  1 -3 -2 -2 0 0 1 1 0.02
-1  0  4  0 -3  3  0 -1  0 -3 -3  0 -2 -3  3  1  0 -3 -2 -3 0 0 1 1 0.03
 2 -2 -2 -2 -1 -1 -2 -1 -2  1  1 -1  0 -1 -2  0  2 -3 -2  1 0 0 1 1 0.03
 1 -1 -1  0 -2  1  4 -2 -1  1 -1  0 -1 -2 -2  0  0 -3 -2  0 0 0 1 0 0.03
-1 -2 -2 -3 -2 -2 -3 -3 -1  2  0 -2  0  4 -3 -1  2  0  3  1 0 0 1 1 0.03
-1 -1  0  2 -3  0  3 -2 -1 -3 -3  0 -2 -4  5  1 -1 -4 -3 -3 0 0 1 1 0.03
 1 -2 -2 -2 -3 -1 -1 -2 -2 -3 -3 -1 -3 -4  8 -1 -1 -4 -3 -2 0 0 1 1 0.03
-1 -1  4  0 -3 -1 -1 -1 -1 -3 -3 -1 -3 -4  6  0 -1 -4 -3 -3 0 0 1 1 0.03
-2 -1 -1 -2 -3 -1 -1 -3  6 -3 -2 -1 -2  1  2 -1 -2  0  5 -2 0 0 1 1 0.03
 2 -1 -1 -1 -1 -1 -1 -1 -2 -1 -2 -1 -1 -2 -1  1  4 -3 -2  0 0 0 1 1 0.03
-1  0  0 -1 -3  4  1 -2  7 -3 -3  0 -1 -2 -2 -1 -1 -2  0 -3 0 0 1 0 0.02
 0 -2 -1 -2 -1 -1 -1 -2 -2  3  0 -1  0 -1 -2  3  0 -3 -2  1 0 0 1 1 0.02
 0 -2 -1 -1 -2 -1 -1 -1 -2 -3 -3 -1 -2 -3  6  3  0 -4 -3 -2 0 0 1 1 0.02
-1 -3 -3 -3 -1 -3 -3 -4 -4  4  1 -3  1 -1 -3 -2 -1 -3 -1  3 1 0 0 0 0.02
-1 -1 -1  0 -2  0  3 -2 -1  0 -1  0  2 -2 -2  0  3 -3 -2  1 1 0 0 1 0.01
-1  2  0 -1 -3  4  1 -2  0 -3 -3  4 -1 -3 -1  0 -1 -3 -2 -3 1 0 0 1 0.01
-1 -2 -3 -3 -2 -2 -3 -4 -3  3  2 -2  5  0 -3 -2 -1 -2 -1  2 1 0 0 0 0.01
 0 -3 -3 -4 -1 -3 -3 -4 -4  3  1 -3  1 -1 -3 -2  0 -3 -1  4 1 0 0 0 0.01
-1 -1 -1  0 -3  1  3 -3  1 -2 -2  0 -2  1 -2 -1 -1  0  5 -2 1 0 0 1 0.01
 0 -1  0  0 -2  1  3 -1 -1 -2 -2  0  1 -3 -1  3  0 -3 -2 -2 1 0 0 1 0.01
 0 -3 -3 -4  7 -3 -3 -3 -3  1  0 -3  0 -2 -3 -2 -1 -3 -2  3 1 0 0 0 0.01
-2 -2 -4 -4 -2 -2 -3 -4 -3  1  4 -3  2  0 -3 -3 -1 -2 -1  1 1 0 0 0 0.01
-2 -3 -4 -4 -2 -3 -3 -4 -2  1  3 -3  1  5 -4 -3 -2  0  1  0 1 0 0 1 0.01
 3  1 -1 -1 -2  1  1 -1 -1 -2 -2  3 -1 -3 -1  0 -1 -3 -2 -1 0 0 1 1 0.01
-2 -1  5  5 -3  0  1 -1  0 -4 -4 -1 -3 -4 -2  0 -1 -4 -3 -3 0 0 1 0 0.01
-1  1  0  2 -4  2  3 -2 -1 -3 -3  3 -2 -3 -1  0 -1 -3 -2 -3 0 0 1 1 0.01
 0 -1 -2 -2 -1 -1 -2 -3 -2  3  0  0  0 -1 -2  0  2 -3 -2  2 0 0 1 1 0.01
-2 -3 -4 -4 -2 -3 -3 -4 -2  1  3 -3  1  5 -4 -3 -2  0  2  0 0 0 1 0 0.01
 1  0 -1 -1 -2  4  0 -2 -1 -1  0  2  4 -2 -2  0 -1 -2 -2 -1 1 0 0 1 0.01
 2  1  4  0 -2  0 -1 -1  0 -2 -2  0 -2 -3 -2  1  1 -3 -2 -1 1 0 0 1 0.01
-2 -2 -3 -4  2 -2 -3 -3 -2  0  2 -3  4  5 -3 -2 -2  0  1  0 1 0 0 0 0.01
-2 -2 -4 -4 -2 -2 -3 -4 -3  1  4 -3  2  0 -3 -3 -1 -2 -1  1 1 0 0 1 0.01
 0 -1 -2  0 -2  0  3 -3 -1  0 -1 -1 -1 -1 -2 -1 -1 -2  2  2 0 0 1 1 0.02
-1 -1  1  1 -2  1  4 -2 -1 -2 -2  0 -2 -3 -1  1  3 -3 -2 -1 0 0 1 1 0.02
-1 -1  3  4 -3  0  2 -1 -1 -3 -3  0 -3 -3 -2  2  0 -4 -3 -3 0 0 1 1 0.02
 2 -1 -1 -1 -1 -1 -1 -1 -2 -2 -2 -1 -2 -3  4  2  2 -3 -2 -1 0 0 1 1 0.02
 1 -1  2  0  4 -1 -1 -1 -1 -3 -3 -1 -2 -3 -1  4  1 -3 -2 -2 0 0 1 1 0.02
 2 -1 -1 -2 -2 -1 -1 -1  5 -1 -2 -1 -1 -1 -2  0  1 -1  2  0 0 0 1 0 0.02
 0  1  2  2 -2  0  0  2 -1 -3 -3  0 -2 -3 -2  2  0 -3 -2 -3 0 0 1 1 0.03
-1 -1 -2 -2 -2  4  0 -3 -1  0  3  0  1 -1 -2 -1 -1 -2 -1  0 1 0 0 1 0.03
 0 -1  1 -1 -1 -1 -1 -2 -2  0  2 -1  0 -1 -2  2  0 -3 -2 -1 1 0 0 1 0.03
-1 -3 -3 -4  7 -2 -3 -3 -3  1  1 -2  5 -1 -3 -2 -1 -2 -2  0 1 0 0 0 0.03
-2 -2 -3 -3 -2  0 -2 -4 -3  1  4 -2  2  0 -3 -2 -1 -2 -1  0 1 0 0 1 0.03
 3 -1  4  0 -2 -1 -1  1 -1 -2 -3 -1 -2 -3 -2  1  0 -3 -2 -1 1 0 0 1 0.03
-1 -1  0  3 -4  1  5 -2 -1 -4 -3  0 -3 -4 -1  0 -1 -3 -3 -3 1 0 0 0 0.03
-2 -3 -4 -4 -1 -3 -3 -4 -3  3  3 -3  2  0 -3 -3 -1 -2 -1  2 1 0 0 0 0.02
 1 -2 -2 -2 -1 -2 -2 -2 -3  3  0 -2  0 -1 -2  0  2 -3 -2  2 1 0 0 0 0.02
-1  0 -1  1 -4  2  6 -2  0 -4 -3  1 -2 -4 -1  0 -1 -3 -2 -3 1 0 0 1 0.02
 1 -2 -2 -3 -2 -1 -2 -2  0  0 -1 -2 -1  1 -2  0  1  0  5  0 1 0 0 0 0.02
-1 -3 -3 -4 -1 -3 -3 -4 -3  3  2 -3  1 -1 -3 -2 -1 -3 -1  4 1 0 0 0 0.02
 3 -1  0 -1 -1  0 -1  0 -1 -2 -2 -1 -1 -2 -1  3  1 -3 -2 -1 1 0 0 0 0.02
-2 -2  0  5 -2 -1  0 -2 -2 -1  1 -1  0 -2 -2 -1 -1 -3 -2 -1 1 0 0 0 0.02
-1  1  2  0 -3  5  1  1  0 -3 -2  1 -1 -3 -1  0 -1 -2 -2 -2 1 0 0 0 0.02
-1 -2 -3 -3 -1 -2 -2 -3 -3  3  1 -2  1 -1 -2 -2  0 -3 -1  4 1 0 0 0 0.02
-2 -2 -1 -2 -3 -1 -2 -3  5 -1 -1 -2 -1  5 -3 -2 -2  0  2 -2 1 0 0 0 0.02
-2  2  4  0 -3  0  0 -1  6 -3 -3  0 -2 -2 -2  0 -1 -3  0 -3 1 0 0 0 0.02
 3 -2 -1  1  3 -1 -1  0 -2 -2 -2 -1 -1 -3 -1  2  0 -3 -2 -1 1 0 0 0 0.01
-2 -3 -4 -4 -1 -3 -3 -4 -3  3  4 -3  2  0 -3 -3 -1 -2 -1  1 1 0 0 0 0.02
-3 -3 -3 -4 -3 -3 -4 -4 -2  0  1 -3  0  7 -4 -3 -2  1  3 -1 1 0 0 0 0.02
-1  5  0 -1 -3  1  0 -2 -1 -3 -3  1 -2 -3 -2  2  0 -3 -2 -3 0 0 1 1 0.02
-1 -2 -1 -1 -2  0  2 -3 -2  2  0 -1  0 -2 -2  0  2 -3 -2  1 0 0 1 0 0.03
 0 -2  3  5 -3 -1  1 -1 -1 -3 -3 -1 -3 -4 -2  0 -1 -4 -3 -3 0 0 1 1 0.03
-1 -2 -3 -2 -3 -2 -2 -3 -3 -1  1 -2 -1 -2  7 -1 -1 -3 -3 -1 1 0 0 0 0.04
 0  0  0 -1 -2  5  1 -1  0 -3 -3  1 -1 -3 -1  3  0 -3 -2 -2 1 0 0 1 0.06
 3 -1 -1 -1 -1 -1 -1  1 -2 -1 -2 -1 -1 -2 -1  3  0 -3 -2  0 1 0 0 1 0.09
 0 -3 -3 -3 -1 -3 -3 -3 -3  4  3 -3  1  0 -3 -2 -1 -3 -1  2 1 0 0 0 0.10
-1  2 -1 -1 -2  5  1 -3 -1  0 -1  1  0 -3 -2 -1 -1 -3 -2  1 1 0 0 0 0.12
-1  1 -1  0 -3  1  3 -2  0 -3 -3  4 -2 -2 -1  0 -1 -2  1 -2 1 0 0 1 0.15
-1 -2 -2 -3 -2 -1 -2 -3 -2  1  1 -1  5 -1 -2  0  2 -2 -1  1 1 0 0 1 0.13
 4 -2 -1 -2 -1 -1 -1  0 -2 -1 -2 -1 -1 -3 -1  1  2 -3 -2  0 1 0 0 0 0.15
-1  0  0  1 -4  2  5 -2  0 -3 -3  2 -2 -4 -1  0 -1 -3 -2 -3 1 0 0 0 0.17
-1  1  3  1 -4  1  4 -2  0 -3 -3  2 -2 -3 -2  0 -1 -3 -2 -3 1 0 0 1 0.15
 0  0  0  0 -3  5  4 -2  0 -3 -3  1 -1 -3 -1  0 -1 -3 -2 -2 1 0 0 0 0.14
-1 -2 -4 -4 -1 -2 -3 -4 -3  2  4 -3  2  0 -3 -2 -1 -2 -1  2 1 0 0 0 0.15
 0 -1  2 -1 -1 -1 -1 -2 -1 -1 -2 -1 -1 -2 -1  1  5 -3 -2  0 1 0 0 1 0.20
 0  0  0 -1 -1  0 -1 -2 -2 -1 -2  1 -1 -2 -1  1  5 -3 -2  0 1 0 0 1 0.21
-2 -2 -4 -4 -1 -2 -3 -4 -3  2  4 -3  2  0 -3 -3 -1 -2 -1  1 1 0 0 0 0.16
-2 -1  0 -2 -3  0  0 -2  8 -3 -3 -1 -2  0 -3 -1 -2 -1  4 -3 1 0 0 1 0.18
-1 -3 -3 -3 -1 -2 -3 -3 -3  3  1 -2  2 -1 -3 -2  0 -3 -1  4 1 0 0 1 0.12
-2  5 -1 -2 -3  1 -1 -3  0 -3 -2  2 -1  2 -3 -1 -1 -2  0 -2 1 0 0 1 0.10
 2 -1  0 -1 -1 -1 -1 -1 -1 -2 -2 -1 -2 -2 -1  3  1  6 -1 -2 1 0 0 1 0.10
-1  0 -1  2 -3  2  4 -2 -1 -1  1  0  0 -2 -2 -1 -1 -3 -2 -1 1 0 0 1 0.09
-1  3  0 -1 -3  4  1 -2  0 -3 -2  1 -1 -3 -2  0  1 -2 -2 -2 0 0 1 1 0.08
-1  1  2  0 -3  5  2 -2  0 -3 -3  1 -1 -3 -2  0 -1 -2 -2 -3 0 0 1 1 0.08
 0  1  0 -1 -2  0  0  3 -1 -3 -3  1 -2 -3 -1  3  0 -3 -2 -2 0 0 1 1 0.11
 0 -3 -1 -2 -3 -2 -2  5 -2 -4 -3 -2 -3 -2 -3 -1 -2  6 -1 -3 0 0 1 1 0.07
 0 -2 -1 -2  6  1 -1  3 -1 -2 -2 -1 -2 -1 -2 -1 -1 -1  2 -2 0 0 1 0 0.08
-2 -2 -4 -4 -1 -2 -3 -4 -3  2  4 -3  2  0 -3 -3 -1 -2 -1  1 0 1 0 0 0.08
-1  1 -2 -3  9 -2 -3 -3 -3 -2 -2 -2 -2 -3 -3 -1 -1 -3 -3 -1 0 1 0 0 0.12
 0 -3 -2 -3  9 -3 -4  1 -3 -2 -2 -3 -2 -3 -3 -1 -1 -3 -3 -1 0 1 0 0 0.18
-2 -3 -3 -4 -3 -3 -3 -3 -1  0  0 -3  0  7 -4 -3 -2  1  3 -1 0 0 1 1 0.16
-2 -2 -4 -4 -1 -2 -3 -4 -3  2  4 -3  2  0 -3 -3 -1 -2 -1  1 0 0 1 1 0.26
