-4 -5 -6 -6 -4 -5 -6 -6 -5  1  5 -5  6  0 -6 -5 -4 -5 -4  3 0 0 1 1 0.96
 4 -4 -4 -4  2 -4 -4  1 -4 -4 -2 -4 -2 -5 -4  3  2 -5 -5 -1 0 1 0 0 0.97
-1 -5 -5 -5  0 -4 -4 -1 -5  1  4 -5  3  2 -4 -2  0 -3 -3  1 0 1 0 0 0.97
 2 -4 -1 -3  2 -3 -3  3 -4 -2 -1 -3  0  0  0  2  1 -4 -4 -1 0 1 0 0 0.95
 2 -3 -1 -3  1 -2 -3  2 -3 -2  0 -2  1  1 -2  2  2 -3 -3  0 0 0 1 0 0.91
 4 -4 -2 -3  3 -2 -3  1 -3 -2 -2 -3 -1 -3 -2  2  1 -4 -4 -1 0 0 1 0 0.87
 4 -3 -3 -2  0 -1 -1  3 -3 -3 -3 -3 -2 -3 -2  1  1 -4 -4 -1 0 0 1 0 0.86
 1 -1  0 -2 -1  1 -1  1  0 -3 -2 -1 -1  0  2  2  1  2 -2 -2 0 0 1 1 0.86
 6 -4 -3 -5 -2 -1 -2  0 -4 -4 -4 -2 -3 -5 -2  1  0 -5 -5 -1 0 0 1 0 0.76
 2 -1 -2  0 -3  3  0 -1  1 -2  0  0  1  1 -2  1 -1  0  0 -1 0 0 1 1 0.67
 5 -3 -1  1 -3 -1 -1  1 -3 -3 -4 -2 -4 -3 -3  2  0 -5 -4 -3 0 0 1 1 0.44
 4 -2 -2  1 -4  2  1  2 -3 -4 -4  0 -4 -5 -2  1 -2 -5 -4 -3 0 0 1 1 0.22
-2 -3  1  6 -5  0  4  0 -4 -5 -5  1 -4 -5 -3 -1 -1 -6 -5 -4 0 0 1 1 0.09
-1 -4 -3 -1 -4 -3  1 -4 -4 -3 -4 -2 -3 -5  5 -1  4 -5 -4  2 0 0 1 1 0.04
-4 -7 -7 -8 -5 -7 -7 -8 -7  7  0 -7 -3 -3 -7 -6 -5 -5 -1  4 0 1 0 0 0.02
-4  2 -2 -5 -7 -3 -4 -6 -5 -3 -2  7 -4 -6 -3 -4 -1 -4 -5  1 0 1 0 0 0.01
-6 -7 -8 -8 -6 -7 -8 -8 -8  7  1 -7 -2 -1 -7 -7 -5 -4 -6  3 0 1 0 0 0.01
 0 -7 -6 -7 -8 -7 -7  8 -7 -9 -9 -7 -8 -8 -6 -5 -7 -8 -8 -7 0 1 0 0 0.01
 1 -5 -3 -5 -1 -3 -3  0  2  1  1 -4  0  2 -5 -1 -1 -2  0  4 0 1 0 0 0.01
 1 -4  1 -3 -3 -1 -3 -3 -3  3  1 -3  1  0  0  0 -1 -4 -1  2 0 1 0 0 0.01
 2 -4 -2 -4 -2 -2 -1  3 -1 -1  1 -4  0  2 -4 -1 -1 -1  0  0 0 1 0 0 0.01
 1 -5 -4 -3 -4 -4  2 -4 -6 -6 -7 -5 -7 -6  7  2 -4 -4 -5 -7 0 0 1 0 0.01
-3 -5 -5 -5 -5 -1 -3 -6 -1  1  5 -3  5  0 -6 -5 -1 -5 -1  0 0 0 1 0 0.01
-4 -6 -3 -4 -5 -4 -5 -6 -6 -6 -6 -4 -5 -7 -6  4  7 -7 -6 -5 0 0 1 1 0.01
-3 -7 -5 -5 -7 -6 -6  8 -6 -8 -7 -6 -7 -5 -5 -4 -5 -7 -7 -7 0 0 1 1 0.02
 2 -3  0  2 -5  1 -1  1 -4 -4 -4 -1 -4 -3  5  0 -1 -6 -5 -3 0 0 1 1 0.02
 2 -3  2 -3 -3  1 -1  0 -2  0  0 -3  0  0 -3  0 -1  0  2  2 0 0 1 0 0.02
 6 -6 -4 -6 -5 -4 -5 -1 -6 -6 -5 -4 -6 -7 -2  3 -1 -7 -6 -4 1 0 0 0 0.02
 2 -1  0 -1 -3  2 -1 -1  2 -1 -2 -1 -1  1 -1  1  0 -2 -1  0 1 0 0 1 0.02
-2 -5 -2  1 -5 -2 -1 -2 -3  0  1 -5  1  3 -3 -2 -1  1  6 -1 1 0 0 0 0.02
-3 -8 -6 -4 -8 -7 -5  8 -2 -9 -9 -7 -6 -8 -7 -5 -7 -8 -8 -8 1 0 0 0 0.02
 0  0  0  1 -5  3  2 -3 -2  0 -2  2 -3 -4 -3 -1  1 -3 -3  0 1 0 0 1 0.02
 1 -3  0  3 -4  2  0 -1 -1 -3 -2 -2  2 -2  2  2 -2 -2 -1 -3 1 0 0 0 0.02
 0 -3  0 -2 -1  0  2 -2  0  2  0 -3  4  0 -3  0  1 -1  0  1 1 0 0 0 0.01
-1  3 -1 -2 -5  2  1 -4 -2 -2  0  3  0 -1 -2 -2 -2  2 -1  0 1 0 0 1 0.01
-2  2  6  1 -6  2  1 -4 -1 -4 -4  2 -3 -4 -5 -3 -2 -2 -3 -5 1 0 0 1 0.01
 2 -7 -5 -6 -5 -6 -6  7 -6 -4 -7 -6 -4 -6 -6 -1  0 -7 -7 -4 1 0 0 0 0.01
 4 -5 -5 -6 -3 -5 -4 -4 -5  3  1 -5  1  1 -5 -2 -1 -5  0  3 1 0 0 0 0.01
-3  3 -1  1 -6  4  4 -5 -3 -3 -2  3  0 -6 -5 -2 -1 -6 -5 -3 1 0 0 1 0.01
-3 -6 -7 -8 -6 -1 -7 -8 -6  1  5 -6  7 -2 -7 -6 -3 -6 -4 -2 1 0 0 0 0.01
 7 -5 -6 -7 -5 -5 -5 -4 -6 -4 -1 -3 -1 -5 -6 -4 -4  1  0 -2 1 0 0 0 0.01
 2 -3 -3 -6 -2 -3 -3 -6 -1  4  0 -3 -1 -1 -6 -4 -3 -5 -3  5 1 0 0 0 0.01
 0 -3 -1  5 -7  0  5 -4 -5 -7 -7  2 -6 -7 -5 -3 -4 -7 -6 -6 1 0 0 1 0.01
-3 -1 -3  3 -7  4  6 -6 -2 -5 -4  0 -2 -6 -5 -4 -3 -4 -5 -5 1 0 0 1 0.01
 0 -4 -6 -6 -4 -4 -5 -6 -6  7  1 -4 -1 -1 -6 -5 -3  1 -1  2 1 0 0 0 0.01
-6 -5  9 -4 -7 -3 -5 -5 -4 -8 -8 -3 -7 -8 -3 -4 -5 -8 -6 -8 1 0 0 0 0.01
 6 -2 -3 -1 -5 -1  1 -3 -4 -6 -6  2 -5 -6 -4 -1 -3 -6 -4 -4 1 0 0 1 0.01
 4  0  1 -1 -5  2  0 -2 -3 -5 -5  4 -2 -6 -4  0 -2 -6 -4 -4 0 0 1 1 0.01
-3 -5 -3 -5 -7 -5 -6  7 -2 -7 -7 -3 -7 -6 -1 -4 -6 -7 -6 -6 0 0 1 1 0.01
-3 -5 -4 -4 -6 -4 -3  7 -6 -5 -4 -1 -5 -6 -4 -3  0 -6 -5 -4 0 0 1 0 0.01
-3 -6 -6 -5 -5 -6 -7 -7 -7  6  0 -5 -2 -3 -5 -6 -3 -4 -5  6 0 1 0 0 0.01
-1 -3  4  1 -5 -2 -3  1 -2 -1  3  1 -1 -3 -3 -3 -4 -5 -3 -3 0 0 1 1 0.01
-4 -6 -4 -3 -7 -6 -6  7 -6 -6 -7 -3 -7 -7 -6 -4 -6 -7 -7 -5 0 0 1 1 0.01
-2  4 -2 -1 -3  1  0 -3  1 -5 -4  5 -2 -3 -5 -3 -3 -4 -2 -4 0 1 0 1 0.01
-5 -1 -3 -3 -7  4 -1 -6 -4 -7 -6  6 -1 -7  4 -4 -1 -7 -6 -6 0 0 1 1 0.01
-4 -7 -7 -7 -5 -7 -7 -8 -7  6  3 -7 -2  0 -7 -6 -4 -6 -4  4 0 1 0 0 0.01
-2  0 -2 -1 -7  2  6 -5 -3 -5 -6  2 -5 -7 -5 -3 -1 -7 -6  0 0 1 0 1 0.01
-1 -6 -7 -7 -5 -6 -6 -4 -5  2  5 -6  0  1 -1 -5 -4 -1  0  2 0 1 0 0 0.02
-3 -3 -3 -2 -5 -2 -1 -6 -3  4 -1 -1 -1 -1 -6 -3 -2 -6 -3  6 0 1 0 0 0.02
 0 -2 -2 -3 -2 -1  0 -3 -2  2  0 -1  0  1 -1  0  1 -1  2  2 0 1 0 0 0.03
 1 -1 -4 -3 -2  1  4  0 -2 -2 -1 -1  1 -1 -4 -3 -3 -4  5  0 0 1 0 0 0.06
-7 -7 -2  9 -9 -6 -4 -7 -7 -9 -9 -6 -9 -9 -7 -5 -7 -10 -9 -9 0 1 0 1 0.05
-3 -5  4  6 -2 -4 -1 -3 -1 -4 -7 -4 -6 -5 -5  1  2 -5 -3 -3 0 0 1 0 0.06
 2  1 -3 -2 -4  4  2  0 -1 -6 -5  4 -4 -5 -4 -3 -3 -6 -5 -3 0 0 1 1 0.05
 1 -4 -1 -1  5 -4 -4  3 -3 -4 -3 -3 -4 -5 -4  4  0 -6 -5 -4 0 0 1 0 0.05
-4 -1  2  6 -6 -1  2 -3 -4 -4 -3  2 -3 -5 -4  0 -1 -6 -5 -2 0 0 1 1 0.05
 1 -4  1 -2 -5 -2 -3 -3 -4 -4 -5  1 -5 -5  6  1 -1 -1 -5 -3 0 0 1 1 0.05
 2  1 -1 -2 -3 -1  0 -2 -3 -2 -3  2 -2 -3  1  0  2 -4 -3  1 1 0 0 0 0.06
-3 -3  0  2 -5  4  5 -3 -3 -5 -5  1 -4 -5 -4 -2 -1 -5 -5 -5 1 0 0 1 0.04
 2  0 -1 -1 -2  0 -1  0 -2 -1 -1  0 -1 -2 -1  2  2 -3 -2  0 1 0 0 0 0.03
 6 -6 -4 -6 -2 -5 -5  3 -6 -4 -5 -5 -4 -6 -4 -2 -2 -7 -6  2 1 0 0 0 0.03
 0  0 -2 -3 -3  0 -3 -3 -3  2  0 -1  1 -3 -2 -1  2 -4 -3  4 1 0 0 0 0.02
 2  0  4 -2 -4  3 -2 -2 -3 -3 -3 -1 -2 -5 -2  2  1 -5 -4 -2 1 0 0 1 0.02
 5 -5 -3 -4 -1 -3 -1 -2 -5  1 -1 -2 -2 -1 -5 -2 -2 -6 -4  4 1 0 0 0 0.02
 6 -6 -4 -6 -3 -4 -5 -4 -5 -1 -4 -5  1  2 -5 -3  0 -6  2  2 1 0 0 0 0.02
-2  2  4 -2 -6  5  2 -5 -3 -4 -4  2 -3 -6 -4 -1  2 -6 -5 -5 1 0 0 1 0.01
-4  5 -2 -4 -7  1 -2 -6 -4 -5 -5  6 -3 -7 -5 -2 -3 -3 -4 -6 1 0 0 1 0.01
-2 -6 -7 -7 -2 -5 -7 -7 -7  0  6 -6  3  1 -7 -6 -5 -6 -4 -1 1 0 0 0 0.01
 1 -5 -6 -6 -1 -6 -5 -6 -6  6  0 -4  0 -4 -6 -4 -1 -6 -5  5 1 0 0 0 0.01
-1 -3  3  4 -5 -1  2 -1 -2 -4 -4 -2 -4 -3 -4  2  3 -6 -3 -2 1 0 0 1 0.01
 0  1  1  2 -4  4  1 -2 -1 -3 -3  2 -3 -4 -3  1 -2  0 -3 -1 0 0 1 1 0.01
-3 -3  0  6 -5 -1  3 -3 -1 -5 -5  0 -3 -5 -1 -2 -3 -5 -4 -4 0 0 1 1 0.01
-3  1  2 -1 -6  0 -1  3 -1 -6 -6  6 -5 -6 -4 -3 -4 -6 -5 -5 0 0 1 1 0.01
-1 -7 -7 -8 -2 -6 -7 -8 -8  2 -3 -7 -1 -6 -6 -6 -4 -8 -6  7 0 0 1 0 0.01
 1 -2  1  2 -2 -1 -3 -3  1  0 -1  0 -1 -3 -1  0 -1 -5 -3  3 0 0 1 0 0.01
 5 -6 -5 -6 -4 -5 -5  2 -5 -1 -2 -5  0  2 -5 -3 -3 -6 -1  2 0 1 0 0 0.01
-3 -7 -7 -7 -5 -5 -4 -6 -7  5  1 -6  2 -3 -7 -5 -3 -6 -4  5 0 1 0 0 0.01
-2 -6 -6 -6 -5 -5 -5 -5 -3  6  1 -6  2  0 -6 -3 -2 -6 -5  4 0 1 0 0 0.01
-1 -7 -2 -6 -3 -7 -7  7 -7 -9 -9 -7 -8 -8 -7 -2 -5 -8 -8 -8 0 0 1 0 0.01
 0 -5 -3  0 -2 -4 -1  2  6 -5 -6 -4 -3 -3  5  1  0 -6 -2 -5 0 0 1 0 0.01
 0 -5 -1 -4 -4 -3 -4 -5 -1  0  1 -5  0  4 -3  0  0  4  5  1 0 0 1 0 0.01
 0 -1  3 -3  5 -1 -4  0 -1 -1 -2 -3 -2 -3 -4  2  4 -5 -1 -3 0 0 1 0 0.01
-3 -6 -4 -6 -6 -5 -5 -5 -6 -4 -5 -6 -7 -4 -6  7  2 -8 -7 -7 0 0 1 1 0.01
 1 -4 -1 -3 -6 -4 -1  5 -5 -6 -5 -2 -4 -5 -1  3  0 -3 -6 -5 0 0 1 0 0.02
 2 -3  1 -2  2 -1 -1 -3 -3  0 -1 -3 -2 -3  1  1  2 -5 -4  3 0 0 1 1 0.02
 2 -3 -2 -4  1 -3 -3 -2 -4 -3 -4 -4  0 -4 -4  3  5 -6 -4  0 0 0 1 0 0.03
-2 -2 -1 -4 -4  0 -1 -5 -4  4  3  0  4  0 -4 -3 -2 -5 -2  0 0 0 1 0 0.03
 6 -5 -4 -6 -5 -4 -4 -3 -6 -5 -5 -5 -6 -7  5 -1 -1 -7 -6 -2 1 0 0 0 0.04
 5 -5 -3 -4 -3 -2 -3 -1 -3  1 -1 -4  3 -3 -4  0  0 -6 -4  2 1 0 0 0 0.05
 2 -3 -3 -3 -4  1 -2  1 -1  0 -1 -1  2 -4 -4  3 -1 -5 -2 -1 1 0 0 0 0.04
-1  1 -1  2 -6  2  2 -1 -4 -4 -5  1 -5 -6  5 -1 -2 -7 -6 -4 1 0 0 0 0.04
-1 -4 -1 -4 -4 -4 -3 -6 -4  5  0 -2  0 -1 -2 -4  0  1 -1  4 1 0 0 0 0.04
 4 -5 -4 -6  0 -5 -5 -5 -4  0 -1 -5  0  1 -5  0 -1 -3  6  1 1 0 0 0 0.03
 2 -2  2  1 -5  3  4 -2  0 -5 -4  0 -2 -4 -4  0 -1 -6 -3 -3 1 0 0 0 0.02
 0  3  1  4 -6  3  3 -3 -4 -6 -4  3 -4 -6 -3 -1 -3 -6 -5 -6 1 0 0 1 0.02
 4 -2  2 -1 -2 -2  1 -1  0 -4 -2 -2 -2 -3 -5  0 -2 -3  4 -4 1 0 0 0 0.01
-3  0  1 -3 -6  1  0  5  0 -7 -7  5 -5 -7 -5 -3 -4 -7 -6 -7 0 0 1 0 0.01
-2 -4 -6 -6 -2 -6 -6 -5 -7  5  0 -3  2 -4 -4 -5  1 -6 -4  5 0 0 1 0 0.01
-2 -7 -7 -7 -7 -6 -6 -7 -7  1  0 -6 -4 -3  8 -5 -4 -8 -6  2 0 1 0 0 0.01
-1 -4 -3 -4 -4  3 -2 -5 -1 -1  1 -4  6  3 -6 -3 -2  0  2  1 0 1 0 0 0.01
-4 -6 -6 -7 -4 -6 -7 -7 -7  6  2 -6  2  1 -6 -6 -3 -2 -3  3 0 1 0 0 0.01
 1 -3  0 -3 -2 -2 -1  1  1 -1 -3 -3 -1 -2 -3  3  3 -1 -1  0 0 1 0 0 0.01
 1 -3 -2 -1  1 -2 -2  0 -2 -1 -1 -3 -1 -2  6 -1  0 -1 -3 -1 0 0 1 0 0.02
 2 -3  1 -1 -1 -2 -2  3 -3 -3 -3 -3 -3 -3 -3  3  2 -2 -3 -2 0 0 1 0 0.02
 3 -3  0 -2 -3 -2 -2  2 -3 -3 -3 -2 -3 -3  1  3  3 -4 -3 -2 0 0 1 0 0.03
 1 -3 -2 -2 -1 -1 -3  0 -3 -2 -2 -3  0 -3 -2  1  5  1 -1  1 0 0 1 0 0.03
 5 -2  0 -2 -2  0 -2  0 -2 -2 -3 -3 -3 -4  0  3 -2 -4 -4 -1 1 0 0 0 0.04
 1 -1  0 -1  0  0 -1 -1 -2 -1 -2 -1 -2 -1  1  1  3 -1 -2  1 1 0 0 1 0.05
 0 -2  4  0 -3 -1 -1  0  3  0 -2 -1 -1 -2 -2  2  0 -3 -2 -1 1 0 0 0 0.06
-1 -3  1  2 -4 -3 -2 -3 -1  0 -2 -2 -2 -3  5 -1  1 -4 -1  1 1 0 0 0 0.06
-1  0  0  3 -4  1  2 -1 -2 -3 -3  2 -2 -4  1  0  2 -3 -3 -2 1 0 0 1 0.05
-2 -2 -2 -2 -3 -2 -3 -3 -2  4  2 -2  1  1  0 -3  0 -3  1  2 1 0 0 0 0.04
-2 -3 -3 -1 -4 -4 -4 -3 -5  1 -2 -3 -2  0 -4 -2  6 -5 -2  3 1 0 0 0 0.03
 0  1  1  0 -4  2  3  0  0 -4 -3  3 -2 -4 -2 -1  1 -5 -3 -2 1 0 0 1 0.03
 0  2  0  1 -4  4  1  0  0 -2 -2  2 -1 -4  1  0 -2 -5 -3 -3 1 0 0 0 0.02
-2 -2  1  2 -4 -2 -2  5 -2 -3 -4 -1 -4 -4 -2 -1 -1 -4 -4 -2 0 0 1 0 0.02
-1 -1  1  1  0 -1 -1  1  0 -2 -1  1 -1  0  3 -1 -1  0  2 -1 0 0 1 1 0.02
 0  0  1  2 -2  1  1  0 -1 -2 -2  2 -1 -1  0  0  0  0  0 -1 0 0 1 1 0.01
-1  1  1 -1 -2  0 -1 -1  0 -1 -1  1 -1  0  0  0  0  2  2  0 0 0 1 0 0.01
-2 -1  0 -3 -3 -1 -3 -3  0  0  0  0  0  4 -2 -2 -2  0  6  0 0 0 1 0 0.01
-1  1 -1  0 -3 -1  0 -2 -1 -2 -2  3 -2  3  2  0 -2  4 -1 -2 0 0 1 0 0.01
-2  2  3 -3 -2 -2 -2 -1  1 -3 -2 -3 -2  0 -3 -2  1  5  6 -3 0 0 1 0 0.01
 0 -4 -4 -4  1 -4 -4 -3 -4  4 -1 -4  1  1 -4 -1  3 -1 -2  4 0 1 0 0 0.01
-5 -6 -5 -7  4 -7 -7 -7 -6 -2 -3 -6 -1  9 -7 -6 -5 -2  2 -4 0 1 0 0 0.01
-4  7 -4 -5 -4  1 -4 -1  1 -4 -5  1 -1  2 -5 -3 -4 -6 -2 -5 0 1 0 0 0.01
 0 -2  1 -3 -3 -3 -3 -2 -2  3  0 -4  1 -2 -3 -1  4 -2 -1  2 0 0 1 0 0.01
 0 -2  0  3  7 -2 -3 -2 -1  0 -3 -3 -1 -4  0  0  0 -2 -1  0 0 0 1 0 0.01
 2 -4 -2 -1 -5  0 -3  1 -1 -3 -2 -4 -3  4  5 -2  0 -3 -1 -2 0 0 1 0 0.01
-1  1  2 -1 -4  0 -1 -2 -1  0 -1 -1 -1  0  1  2  3  0 -1 -1 0 0 1 0 0.01
-1 -5  1  7 -6  2  0 -1 -5 -4 -4 -4 -4 -4 -4  0 -2 -7 -6 -4 0 0 1 0 0.01
 1 -1  0  2 -4 -1 -1  1 -1 -2 -3 -1 -3 -4  2  2  1 -3 -1 -1 1 0 0 1 0.01
 0 -2 -1  0 -4  3 -1 -3  1  0  0 -1  2  3 -2 -2  0  1  2  0 1 0 0 0 0.01
 1 -3 -1 -4 -5  6  0 -3 -2 -3 -1 -3  0  0 -4 -3 -2  0  3  1 1 0 0 0 0.01
 3 -5 -4 -4 -1 -3 -4  5 -5 -1 -3 -5  0 -3 -4 -1 -2 -6 -5  0 1 0 0 0 0.01
 2  0 -1 -1 -4  1  1  0 -2 -2 -3  1 -3 -4  3  0  1  0 -2 -1 1 0 0 1 0.01
 2  0  0 -1 -3 -1 -1  0 -2  0 -1  0  0 -1 -2  0  1 -4 -2  2 1 0 0 0 0.01
 2 -4 -3 -4 -2 -2 -4 -3 -3  2  2 -4  4  2 -3 -1  0 -2  2  0 1 0 0 0 0.01
 5 -5 -5 -4  0 -4 -3  1 -5  0  0 -4 -1  0 -2 -1 -2 -2  0  1 1 0 0 0 0.01
-1  1  2  3 -4  2  1 -2 -1 -2 -2  3 -2 -4 -2  0  0 -3 -2 -2 1 0 0 0 0.01
-2 -3 -2 -1 -3 -3 -3 -4  0 -1 -1 -3  1  6 -4 -3 -2  3  6 -2 1 0 0 0 0.01
 4 -3 -3 -4 -2 -3 -3 -3 -4  2  2 -3  3  0 -3 -2 -2 -4 -3  1 1 0 0 0 0.01
 1  0 -1  0 -2  1  0 -1  0  0  0  2  0 -1 -1  0  0 -2  0  1 1 0 0 1 0.02
-1 -1  1  3 -2  1  3 -2 -1 -3 -3  2 -2 -2 -1  0 -1 -1 -1 -3 1 0 0 1 0.02
 0 -1  0 -1 -1  0  0 -1  0  1  1  0  1  0  0  0  0 -1  0  1 1 0 0 0 0.03
 0  0  0  0 -1  0  0  0  0  0  0  0  0  0  0  0  0 -1  0  0 1 0 0 0 0.03
 0  0  0  1 -1  0  1  0  0 -1 -1  0  0 -1  0  0  0 -1  0  0 1 0 0 1 0.04
 0  0  0  0 -1  1  0  0  0 -1 -1  0  0 -1  1  0  0  0  0 -1 0 0 1 1 0.06
 0  0  0  0 -1  0  0  1  0 -1  0  0  0  0  0  0  0  0  0  0 0 0 1 1 0.06
 0  0  0  0 -1  0  0  0  0  0  0  0  0  0  0  0  0 -1  0  0 0 0 1 0 0.05
 0  0  0  0 -1  0  0  0  0  0  0  0  0  0  0  0  0  3  0  0 0 0 1 0 0.05
 0  0  2  1 -3  0  1  0  0 -3 -2  3 -2 -3 -2  0  1 -3 -2 -2 0 0 1 1 0.04
-2  1 -2 -2 -3  0 -2 -3 -1 -1  3  2  1  0  1 -2 -2 -1  0 -1 0 0 1 1 0.03
-1 -1  1 -3 -5 -1 -2  4  1 -4 -3  5 -3 -4  0 -2 -3 -5 -4 -4 0 0 1 1 0.02
 3 -2  0 -1 -2 -2 -3 -1 -1  1  0  0  0  1  0 -1 -2  1  2  0 0 0 1 1 0.02
-2  1  0 -2 -6  0 -1 -5 -4 -6 -4  7 -3 -6 -4 -2  1 -6 -6 -5 0 0 1 1 0.01
-2  4  1 -4 -6 -3 -4 -5 -3 -6 -6  6 -5 -7 -5  0  3 -7 -6 -5 0 1 0 1 0.01
 2 -6 -6 -7 -5 -6 -6 -6 -6  4 -1 -5 -2  0 -4 -5 -3 -2 -4  5 0 1 0 0 0.01
 6 -6 -6 -4 -5 -5 -5  0 -1 -3 -5 -5 -4 -1 -5 -3 -3 -6  0  0 0 1 0 0 0.01
-4 -7 -7 -7 -5 -6 -7 -7 -7  6  1 -6  1  0 -7 -6 -4 -2 -1  5 0 1 0 0 0.01
-3 -6 -7 -7 -4 -6 -7 -7 -6  5  4 -6  3  0 -7 -6 -4 -6 -2  3 0 1 0 0 0.01
 0 -2 -1  3 -4  0 -3 -1  5 -3 -4 -3 -3  0 -5  1  1 -3  5 -2 0 1 0 0 0.01
-2 -3  1  6 -6  0  3 -1 -5 -2 -4 -3 -2 -6 -2  0 -3 -7 -6 -1 0 0 1 0 0.01
-1  2  4  3 -5  1 -1 -2 -3 -6 -6  2 -3 -5 -3  2  0 -3 -4 -5 0 0 1 1 0.01
-1 -4  3  2 -5  1 -3  0 -2 -3 -5 -3 -5 -5 -4  3  4 -1 -1 -3 0 0 1 1 0.01
 3 -5 -1  6 -6 -1 -1  0 -5 -4 -4 -3 -4 -6  1 -1  0 -7 -6 -3 1 0 0 1 0.01
-6 -7 -8 -9 -8 -3 -8 -8 -1 -5 -5 -7 -4  5 -9 -7 -7  6  9 -6 1 0 0 1 0.01
 1 -6 -3 -3  0 -5 -4  6 -4 -7 -7 -5 -2 -7 -2  3  0 -7 -7 -4 1 0 0 0 0.01
-2  2 -3 -1 -5  5  0 -5 -1  0 -3  4 -2 -5 -5  0  1 -6 -4  1 1 0 0 1 0.01
 0 -5 -1  0 -6 -4 -3  6 -6 -6 -4 -4 -5 -7 -1  2  0 -4 -6 -4 1 0 0 1 0.01
-1 -4 -4 -6 -4 -3 -3  1 -5  2  4 -4  1 -1 -4 -2 -1 -2 -3  2 1 0 0 0 0.01
 5  1 -2 -2 -3 -2 -3 -1 -2 -2 -2 -1 -1 -2 -4  0  0 -4  0 -1 1 0 0 0 0.01
 0  0  2  4 -6  1  3 -3 -3 -5 -5  3 -5 -6 -3 -1  0 -6 -4 -4 1 0 0 0 0.01
 2 -2 -1 -1 -2  1  2  0 -2  0 -2 -2 -2  2 -3  0  0 -1  1  0 1 0 0 0 0.01
-1 -6 -5 -7  0 -4 -4 -6 -5  0  1 -6  1  7 -7 -4  1 -1  1  1 1 0 0 0 0.01
 0  2 -2 -3 -5  1  2 -4 -3 -1 -2  5 -1 -5 -4 -2  0 -6 -4  0 1 0 0 0 0.01
 2 -1 -1  1 -6  1  3 -3 -3 -4 -5  5 -4 -6 -2 -1 -2 -6 -4 -4 1 0 0 1 0.01
 3  0  0 -1  0  1  1 -1 -2 -2 -1  0  0  0 -3  1  1 -2  1 -1 1 0 0 0 0.01
 3 -5 -6 -6 -2 -5 -5 -5 -5  0  3 -5  0  5 -5 -3 -3 -1  0  0 1 0 0 0 0.01
 0 -1  0 -1 -6  1  3 -2 -4 -3 -5  5 -5 -6  1 -3  0 -6 -5 -2 1 0 0 1 0.01
 3  0 -1  0 -5  1  3 -2 -3 -5 -5  5 -4 -6 -4 -1 -2 -6 -5 -4 1 0 0 1 0.01
 1  0  1 -1 -3  0 -1  0  1 -2  1  1  0  0 -3 -1 -2 -2  2 -2 1 0 0 1 0.01
-4 -5 -1 -4 -7 -4 -5  7 -4 -7 -7 -1 -7 -7 -6 -4 -2 -7 -7 -7 0 0 1 1 0.01
 0 -5 -4 -5 -4 -4 -5  4 -5  3  1 -3  1  0 -5 -3 -3  2  0  2 0 0 1 0 0.01
-3 -2  2  1 -6  3  4 -5 -4 -6 -6  4 -4 -7 -2 -2  3 -6 -5 -4 0 1 0 1 0.01
-3 -6 -7 -6 -5 -6 -1 -7 -7  5  0 -6 -2 -3 -1 -5 -3 -7 -5  5 0 1 0 1 0.01
 1 -6 -6 -6 -3 -4 -4 -4 -7  0  0 -4 -2 -5 -5 -3  0 -7 -4  7 0 1 0 1 0.01
 3 -2 -2  0 -3 -3 -1  1 -3  0  0 -1  1 -1 -2  1  0 -4 -1 -1 0 1 0 0 0.01
-2  1 -1  2 -5  0  2 -4  2 -1 -3  0 -2  2 -3 -1  1 -2  2  0 0 1 0 1 0.01
-2 -4 -4  2 -7  2  7 -4 -4 -1 -3 -3 -3 -7 -5 -3 -2 -7 -4 -1 0 1 0 0 0.01
 1  0  0 -1 -4 -1 -1  1 -1 -2 -3  1 -2  1 -1  1  2 -3  2 -2 0 1 0 1 0.01
-3 -6 -6 -7 -5 -5 -6 -6 -1  2 -1 -6 -1  5 -4 -4  1 -3  7  1 0 0 1 0 0.01
 0 -1  4  0 -5  2 -1  0 -2 -4 -3  0 -2 -5  2  1  3 -6 -5 -2 0 0 1 1 0.01
 2 -1 -1  2 -4  0  0 -2 -2 -1 -2  0 -1 -3  3  1  1 -5 -2 -2 0 0 1 1 0.01
-3 -2  0  1 -6 -1 -2  5 -3 -6 -7  3 -6 -7 -1 -2 -1 -7 -6 -6 0 0 1 1 0.01
 2 -5 -2  6 -6 -1  2 -2 -2 -4 -5 -3 -5 -5 -5  0  2 -7 -4 -1 0 0 1 0 0.01
-2  0 -1 -3 -5  3 -3 -2 -4 -2 -4  3 -3 -5 -2  1  4 -6 -5  1 0 0 1 1 0.01
-6 -6  0  8 -9 -3 -1 -7 -6 -9 -9 -6 -8 -9 -7 -4 -4 -3 -8 -9 0 0 1 1 0.01
-5 -7 -8 -8 -7 -7 -8 -8 -4 -5 -1 -8  4  8 -8 -7 -6  4  5 -3 0 0 1 0 0.01
-2  2  1 -3 -5 -1 -3 -1 -4 -5 -5  2 -2 -6 -5  4  4 -6 -4 -4 1 0 0 1 0.01
 5 -4 -4 -3 -5 -3 -5 -2 -6 -6 -6 -5 -4 -7  4  3  1 -7 -6 -3 1 0 0 1 0.01
-2 -4 -4 -5 -5  6 -1 -5 -3  4  1 -4 -1 -3 -4 -4  0 -6 -1  2 1 0 0 0 0.01
-3 -7 -7 -8 -3 -6 -7 -8 -7  3  6 -7  0 -1 -7 -6 -5 -6 -4  2 1 0 0 0 0.01
 0 -3  0 -3 -5  1 -4 -4 -6 -3 -1 -4 -5 -4 -6  1  7 -7 -5 -4 1 0 0 1 0.01
-1  3  1 -2 -7  1  0 -4 -4 -6 -6  6 -5 -5 -4 -1 -2 -7 -5 -5 1 0 0 1 0.01
 0 -7 -7 -7 -5 -6 -7 -7 -7  6  3 -6  1 -2 -7 -6 -5 -4 -5  2 1 0 0 0 0.01
-1  4 -2 -5 -7  1 -1 -5 -2 -2 -3  7 -3 -5 -6 -3 -5 -7 -6 -5 1 0 0 1 0.01
 3  0  2  0 -5  2  0  1 -3 -5 -5  0 -4 -6 -3  2 -2 -6 -5 -4 1 0 0 1 0.01
 4 -2 -1 -1 -4  0  0 -3 -3 -3  0  3 -1 -2 -4  2  1 -3 -4 -2 0 0 1 1 0.01
-1 -1  5  1 -6  1 -2  3  0 -7 -7  3 -6 -7 -2 -2 -4 -7 -6 -5 0 0 1 1 0.01
 3 -7 -7 -5 -7 -6 -6 -3 -7 -2 -6 -6 -6 -1  7 -3 -4 -8 -3  0 0 0 1 0 0.01
-3 -6 -3  8 -4  2  2 -3 -6 -6 -8 -4 -7 -8 -6 -4 -5 -9 -8 -3 0 0 1 0 0.01
 4 -5 -5 -5 -3 -2 -4 -2 -5  1  0 -5  0  1 -5 -3 -2 -3 -3  4 0 1 0 0 0.01
-2 -7 -7 -7 -5 -6 -7 -7 -7  6  2 -7 -1 -3 -7 -6 -4 -5 -4  5 0 1 0 0 0.01
-2 -6 -6 -7 -3 -6 -6 -6 -2  3  0 -6  3  6 -7 -5 -4 -3  6  2 0 1 0 0 0.01
-1 -5 -2 -4  2 -2 -5 -4 -3  3  1 -5  2  3 -2 -3 -1  2  3  2 0 1 0 0 0.01
 0 -5 -1 -2 -2 -4 -4  3 -3 -1 -4 -4 -3 -4  4  0  1  4  0 -1 0 0 1 0 0.01
 0 -5 -1  0 -5 -3 -4  6  2 -2 -2 -5 -1 -2 -3  1 -1 -4 -2 -4 0 0 1 0 0.01
-1 -5 -1 -3 -3 -3 -4 -2 -3 -1  0 -5  3  1 -5 -2 -1  1  8 -1 0 0 1 1 0.01
-2 -4  0  1 -5 -4 -3  1  5 -2 -2 -4 -2  2 -4 -3 -3 -3  7 -1 0 0 1 1 0.01
 2 -2 -1  0 -3 -1  0  1 -2 -3 -3 -1 -3 -2  4  0  2 -3 -2  0 1 0 0 0 0.01
 0 -3  2 -1 -5  5  5 -2 -3 -5 -5 -1 -2 -5 -3  0  0 -5 -4 -4 1 0 0 1 0.01
 1 -2  0  3 -1 -1  3  1 -2 -2 -2 -1 -2 -2  1 -1  0 -3 -2 -2 1 0 0 0 0.01
 3 -4 -3 -4 -3 -2 -4  3 -4  0 -1 -4  1 -4  0  0  0 -5 -2  2 1 0 0 0 0.01
 4 -5 -4 -4 -5 -4 -4  3 -5  0 -2 -4 -2 -5  2  0 -2 -6 -3  0 1 0 0 0 0.01
-1 -2 -1 -5 -4  1 -4 -5 -3  2  4 -1  3 -3  0 -3 -2 -5 -3  0 1 0 0 1 0.01
-1 -5 -6 -6 -4 -4 -5 -6 -5  6  2 -5  2  4 -5 -4 -3  1 -3  2 1 0 0 0 0.01
 2 -1 -3 -4 -1 -1 -4 -4 -2  2  1 -2  3 -1 -4 -1  1 -3 -3  3 1 0 0 0 0.01
-2  5  1 -3 -7  2 -3 -5 -4 -4 -5  6 -5 -7 -3 -2 -1 -7 -6 -5 1 0 0 1 0.01
-2 -3  2 -5 -8  8 -1 -3 -5 -8 -6 -2 -3 -7 -6 -5 -2 -7 -7 -7 1 0 0 0 0.01
 4 -2 -5 -6 -3 -1 -4 -4 -4 -1  0 -3  6  1 -5 -2 -3  2  1 -1 1 0 0 0 0.01
 1  6 -2 -4 -6  0 -2 -5  0 -4 -4  4  0 -5 -5 -2 -3 -6 -2 -2 0 0 1 1 0.01
 0 -1 -2  3 -6  5  5 -3 -3 -6 -4  0 -4 -7 -2 -1 -2 -6 -6 -4 0 0 1 1 0.01
 0 -2 -2 -2 -5  2 -4 -3 -5  0  4 -1  4 -2 -5 -3 -4 -5 -3  0 0 0 1 1 0.01
-3 -2  0 -2 -7 -2 -6  7 -5 -8 -6 -2 -4 -8  1 -4 -5 -7 -5 -6 0 0 1 1 0.01
-3 -5 -4 -6 -5 -4 -5 -4 -5  5  3 -5  4  1 -3 -4 -2  3  1  1 0 0 1 0 0.01
-2  0  3  2 -5 -1 -1 -3 -2 -4 -5  4 -3 -4  0  0  2 -4 -3 -4 0 0 1 1 0.01
 3 -3 -3 -2 -1  0 -3 -1 -3  1 -1 -1 -1 -1  1  0  1 -5 -4  2 0 0 1 0 0.01
-2  0 -3 -3 -6  2 -4 -5 -4 -1  0  2  0 -5  6 -3  0 -5 -1 -1 0 1 0 0 0.01
-3 -5 -6 -4 -5 -6 -6 -7 -4  4  3 -5  2  5 -3 -5 -3  0 -1  2 0 1 0 0 0.01
-2 -5 -6 -6 -4 -5 -6 -2 -5  3  2 -5  5  2 -6 -4 -3 -2  3  3 0 1 0 0 0.01
 0 -5 -4 -5 -5  0 -4  6 -2 -2 -1 -5  2 -2 -5  0 -1 -6 -2 -2 0 1 0 0 0.01
 1 -4 -1 -2  0  0 -3  5 -1 -2 -3 -4 -4 -3  1  2  0 -6 -5 -2 0 0 1 0 0.01
-2 -4  1  6 -6 -4  1  1  3 -5 -5 -4 -4 -4 -4 -1 -3  0  1 -3 0 0 1 1 0.01
 1 -6 -2 -2 -2 -2 -4  6 -4 -7 -6 -5 -2 -6 -2  0 -1 -7 -7 -6 1 0 0 0 0.01
 1 -5 -2 -5 -2 -2 -5 -3 -3  1  0 -4  2  3  1 -2 -2  7  1  2 1 0 0 0 0.01
 1 -2  1  3  3 -1  0  1 -3 -2 -2 -1 -1 -2 -1  1  0 -2  1  0 1 0 0 1 0.01
-1 -3  3  3 -4 -1 -1 -1  0 -3 -3 -3  0 -4 -3  4  2 -1 -3 -1 0 0 1 1 0.01
 0 -2 -2  1 -5  1  1 -2 -4 -2 -4  0 -4 -5  6  0 -1 -4 -5 -3 1 0 0 1 0.01
 0 -2  0  3 -5  1  4 -1 -4 -4 -4  3 -2 -3 -3  0  1 -6 -4 -3 1 0 0 1 0.01
-3 -6 -5 -6 -4 -4 -6 -5 -5  1  3 -6  2  7 -6 -5 -1 -3  3 -1 1 0 0 0 0.01
 0 -1 -3 -3 -2 -2 -2 -2 -4  4  1 -3  1 -1 -1 -2 -1  4  0  2 1 0 0 0 0.01
 0 -1  0  2 -6  1  4 -2 -2 -4 -5  4 -3 -5 -3 -1 -1 -5 -5 -5 1 0 0 1 0.01
 0 -4  0 -2 -4 -1 -2 -4 -5  4  4 -2  0 -3 -4 -2 -1 -5 -4  1 1 0 0 1 0.01
 5 -5 -5 -5 -1 -3 -4  2 -5 -3 -1 -4 -1 -3 -5 -1  1 -6 -5 -1 1 0 0 0 0.01
-2 -4 -1 -3 -7 -3 -4  7 -5 -8 -7 -2 -5 -7 -2 -3 -4 -2 -7 -7 1 0 0 0 0.01
 1 -2  0  4 -5  0  2  0 -3 -5 -5  3 -5 -5  2  0 -1 -6 -4 -4 1 0 0 1 0.01
 5 -3  2  1 -5 -2 -1 -1 -4 -4 -3 -1 -3 -4 -5  0 -2 -4 -1 -3 1 0 0 1 0.01
 5 -5 -1 -5  0 -4 -5  0 -5  0 -1 -4  0 -5 -4  1  0 -5 -4  2 1 0 0 0 0.01
-1 -3  2  2 -6  0  6 -4 -2 -3 -1 -1 -3 -5 -5 -2 -2 -6 -2 -3 0 0 1 1 0.01
-4 -5  3  0 -5 -6 -4  7 -4 -7 -6 -3 -5 -4 -6 -4 -4 -7  0 -5 0 0 1 0 0.01
 0 -3  0 -1 -1 -2 -3 -2 -1  2  0 -3  2  1 -4 -1  1 -3 -1  4 0 0 1 0 0.01
-2  0 -4 -5  1 -2 -4 -5 -1  2  2 -4  2  2 -4 -2  1 -2  4  2 0 1 0 0 0.01
 0 -4 -3 -2  1 -3 -4 -2 -1  0  0 -4  3  4 -5 -1 -1  3  5  1 0 1 0 0 0.01
 1 -4 -2 -3  1 -3 -2 -1 -4  0 -1 -4 -2  1  2  1  3  1 -1  1 0 1 0 0 0.01
 2 -4  0 -2 -2 -1 -2  0 -3 -3 -1 -3 -1  1 -3  2  4  0 -2  0 0 1 0 1 0.01
 0 -3  1 -2 -4 -1 -1  1  3 -2 -2 -3 -1  1  3  0  0  1  1  0 0 0 1 0 0.01
 1 -2 -4 -4 -4 -2 -4 -1  3 -1  0  0 -2  3  2 -1 -2  5  3 -2 0 0 1 0 0.01
 0 -2  0  2 -3 -1 -1  1 -1 -2 -2 -2 -2  0  2  1  0 -1  2 -2 0 0 1 0 0.01
 1 -2 -1  1 -4 -1 -1 -2 -3 -2  0 -2 -2  0  3  1  1 -2 -1  0 0 0 1 0 0.01
 1 -1 -1  2 -3 -1  0 -2 -3 -1  0 -1 -1 -2  2  1  0 -2  0  0 0 0 1 0 0.01
 1 -1  0  1 -4  2  1 -2 -2 -2 -1  2 -2 -3  2  0  0 -4 -3 -1 0 0 1 1 0.01
-2 -1  3  5 -5 -2 -1 -3 -3 -3 -3  0  0 -4 -2  1  3 -2 -2 -3 0 0 1 1 0.01
 0 -4 -3  1 -7  0  3 -3 -5 -7 -6  1 -6 -7  7 -2 -4 -7 -3 -5 1 0 0 1 0.01
 1  0  0 -1 -4  0  2  1 -2 -1  0  3  0 -3 -2 -1 -1 -1 -3 -1 1 0 0 1 0.01
 3 -2  2 -3 -3 -3 -4  2 -4 -1 -1 -3  0 -4  0  0  1 -4 -1  2 1 0 0 0 0.01
 1  1 -2  0 -4  5  0 -5 -3 -3 -3  5 -1 -6 -3 -2 -1 -6 -5 -1 1 0 0 1 0.01
 3 -1  1  2 -5  0  2 -2 -1 -4 -4  3 -4 -6  1 -1 -1 -5 -4 -3 1 0 0 1 0.01
-3 -7 -8 -7 -7 -8 -7 -8 -6 -1 -1 -6 -3  9 -7 -7 -7  2  3 -1 1 0 0 0 0.01
 1  0 -2 -3 -4 -2 -1 -4 -4  3  0  0  0 -1 -5 -2  0 -3 -2  4 1 0 0 0 0.01
 2  0  0  2 -6  1  3 -3 -4 -5 -6  4 -4 -6 -4 -1  0 -6 -5 -4 1 0 0 1 0.01
 4  2  0  1 -5 -1  0 -2 -4 -5 -3  3 -2 -5 -4 -1 -2 -6 -4 -3 1 0 0 1 0.01
-6 -7 -7 -7 -8 -7 -7 -8 -1 -3 -3 -6 -3  6 -8 -7 -7  3  9 -5 1 0 0 0 0.01
-3  2 -2 -3 -6  2  2 -5 -2 -4 -4  6 -3 -4 -5 -3  0 -5 -4 -2 1 0 0 1 0.01
 4 -2 -2  1 -6  0  2 -3 -5 -6 -6  4 -5 -6 -4 -1 -1 -7 -6 -4 1 0 0 1 0.01
 1  4 -4 -3 -5 -1  1 -5 -3 -4 -4  6 -3 -6 -5 -3 -1 -6 -5 -4 1 0 0 1 0.01
-4 -5 -2 -5 -5 -5 -5 -3  1 -5 -4 -3 -4  5 -5 -4 -2  3  8 -4 1 0 0 0 0.01
-2 -3  3 -2 -4 -2 -2  5 -1 -5 -5  2 -4 -2  0 -2 -3 -4 -2 -4 0 0 1 1 0.02
-1  0  2  1 -4  1  2  1  2 -3 -3  3 -2 -4 -2  0  0 -4 -1 -3 0 0 1 1 0.02
 0 -2 -1  2 -3  0  2 -2 -2  0 -1  0 -1  0 -1 -1  1 -4  1  1 0 0 1 1 0.03
 0 -3 -3  1 -2 -3  1 -5 -4 -4 -5 -4  0 -3  7 -2 -2 -7 -4 -1 0 0 1 0 0.03
-1 -2 -1  2 -4  0  0  1 -3 -1 -2 -1  0 -3  4  1  0 -4 -2  0 0 0 1 1 0.02
 0 -2  2  2 -2  0  1  0 -1 -1 -2 -1 -1 -3 -1  1  1 -2  0 -1 1 0 0 0 0.02
 2 -3 -1 -3 -1  0 -2  0  0  0  0 -3  3  2  0  0  1 -2  2  0 1 0 0 1 0.01
-1 -4  0 -2 -3 -1 -2 -2  4 -3 -2 -3 -1  6 -4 -1 -2  2  5 -1 1 0 0 0 0.01
 4 -5 -2 -3 -2 -2 -3  3 -5 -4 -5 -4 -5 -6 -2  2  2 -6 -4 -1 1 0 0 0 0.01
 4 -4 -4 -3 -1 -4 -4  1 -4 -2  1 -3 -1 -1  2 -2 -3  2  1  0 1 0 0 0 0.01
-2 -2  0 -2 -2  2  0 -1  2 -2  2 -3  0  1 -2 -1  0 -2  4 -2 1 0 0 0 0.01
 5 -5 -2 -4 -4 -4 -4  4 -2 -5 -5 -4 -3 -4 -4  2  1 -6 -3 -3 1 0 0 0 0.01
-4 -6 -7 -7 -8 -5 -7 -5  0 -5 -6 -7 -5  0 -8 -6 -5  4 10 -5 1 0 0 0 0.01
 1 -6 -2  8 -5 -4 -1 -4 -6 -6 -6 -5 -3 -6 -6 -1 -1 -8 -7 -2 1 0 0 0 0.01
 6 -3 -3 -4  0 -3 -3  2 -5 -3 -4 -5 -3 -6 -5  2  0 -6 -6 -3 1 0 0 0 0.01
 2 -5 -5 -6 -4 -5 -5 -3 -5  2  1 -5  3  1 -5 -4  1 -3  1  4 1 0 0 0 0.01
-3  1  1 -4 -5  2 -2 -2  2 -2 -1  0  4  0 -5 -3 -2  3  5 -3 1 0 0 0 0.01
 1 -4 -5 -5 -4 -4 -5 -5 -3  3  3 -5  3 -1 -4 -2 -1 -1 -1  3 1 0 0 0 0.01
 0 -6 -6 -6 -3 -5 -6 -5 -5  4  4 -5  3  1 -6 -4 -3  3  1  1 1 0 0 0 0.01
 4 -2 -5 -5 -2 -2 -3 -3 -3  1  1  2  0 -1 -5 -2 -2 -5 -2  2 1 0 0 0 0.01
 2 -1  1  4 -5  2  2 -3  0 -4 -3  1 -2 -5 -4 -2 -1 -4 -2 -4 1 0 0 1 0.01
 7 -6 -6 -6 -5 -5 -5  0 -7 -5 -6 -6 -6 -7 -6 -2 -4 -7 -7 -3 1 0 0 0 0.01
 0 -6 -7 -7 -4 -5 -6 -7 -6  6  1 -6  5 -1 -6 -5 -4  2 -3  2 1 0 0 0 0.01
 0  0  0 -2 -6  2  5 -3 -1 -5 -5  5 -3 -6 -4 -3 -2 -6 -4 -4 1 0 0 1 0.01
 1  5  0 -1 -5  2  0 -2 -3 -3 -3  4 -1 -5 -4 -1 -1 -5 -4 -3 1 0 0 1 0.01
 6 -5 -4 -5 -2 -4 -4 -2 -4 -4 -4 -4 -4 -5 -5 -1 -1 -3 -3  0 0 0 1 0 0.01
 0 -3 -1 -2 -3 -2 -2  6 -3 -3 -3  0 -3 -3 -3 -2 -3 -3 -3 -3 0 0 1 1 0.02
 1 -1  0  0 -1  0  0  1 -1 -1 -1  1 -1 -1  0  1  1 -1 -1 -1 0 0 1 0 0.03
 1  0  0  0 -1  0  0  0 -1 -1 -1  0 -1 -1  1  1  1  0 -1  0 0 0 1 0 0.04
 0  0  0  1  0  0  0  1  0 -1 -1  0  0 -1  0  0  0 -1  0  0 0 0 1 0 0.05
 0  0  0  0  0  0  0  1  0 -1 -1  0  0 -1  0  0  0  0  0 -1 0 0 1 1 0.07
 0  0  0  0 -1  0  0  0  0  0  0  0  0 -1  1  0  0  0  0  0 0 0 1 0 0.07
 0  0  0  0 -1  0  0  0  0  0  0  0  0 -1  1  0  0  0  0  0 0 0 1 1 0.06
-1  0  2  2 -1  0  0  0  0 -1 -1  1 -1 -1  0  0  0 -1 -1 -1 0 0 1 1 0.05
-1 -2  0  1 -2 -1  0 -2 -2 -3 -2  0 -2 -2  0  5 -1 -3 -2 -2 1 0 0 1 0.04
 1 -2 -1  0 -3 -2  0 -2 -3  0  0 -1 -1  0 -1 -1  5 -3 -2  0 1 0 0 1 0.03
-2 -4 -1  7 -3  0  2 -4 -4 -4 -5 -2 -5 -5 -4 -2  0 -6 -4 -4 1 0 0 1 0.02
-1  3 -1 -4 -3 -2 -3  0 -1 -4 -3  1 -4 -1  6  0 -1 -3 -2 -3 1 0 0 0 0.02
 3  0 -2  3 -5  1  3 -3 -3 -4 -4  2 -3 -4 -2 -1 -1 -5 -4 -2 1 0 0 1 0.01
 4 -1 -3 -1 -4  0 -2 -2 -4 -4 -5  5 -5 -6 -4 -2 -3 -6 -5 -2 1 0 0 1 0.01
-3 -6 -5 -7 -4 -6 -6 -6 -6  6  2 -6  0  0 -6 -5 -4 -5  2  5 1 0 0 0 0.01
 2  5 -1 -4 -1  0 -3 -3 -4  0 -1  1 -1 -5 -4 -2  0 -5 -4  1 1 0 0 0 0.01
 2 -2  0  5 -6  0  3 -3 -3 -5 -5  2 -5 -5  1 -2 -1 -6 -5 -5 1 0 0 1 0.01
 6 -3 -2 -3 -5 -2  1 -1 -2 -5 -5 -2 -4 -3 -5 -2 -2  3  2 -2 1 0 0 1 0.01
-4 -6 -7 -7 -5 -6 -7 -7 -7  4  6 -6  4 -2 -7 -6 -5 -6 -5 -1 1 0 0 0 0.01
 3  2 -2 -2 -5  0  3 -3  2 -4 -3  2 -3 -5 -1 -1 -2 -1 -2 -4 1 0 0 0 0.01
 2 -1  2 -1 -5  1  1 -1 -2 -5 -5  4 -4 -6 -4  1  1 -6 -5 -4 1 0 0 1 0.01
-3 -4  1 -4 -4 -3 -3 -1 -1  3  1 -1  2 -3 -4 -1  4 -5 -4  1 0 0 1 0 0.01
-2 -2  1  5 -6  1  1 -2 -2 -3 -6  3 -4 -5  1  1  0 -5 -4 -4 0 1 0 1 0.01
-4 -5 -5 -6 -6 -6 -5 -5  1  0  0 -5  2  6 -4 -6 -5  3  6  1 0 1 0 0 0.01
-1  0  0  3 -5  2  2 -3 -1 -3 -4  2 -1 -5  2 -1  0 -5 -4  0 0 1 0 1 0.01
-1 -6 -3 -5 -3 -5 -6  6 -6 -5 -5 -5 -2 -6 -5 -1  3 -7 -4 -3 0 1 0 0 0.01
 1 -6 -5 -6 -4 -5 -5 -5 -5  2  0 -4 -2 -2  2 -4  0 -6 -5  5 0 0 1 0 0.01
-1 -2  0 -3 -1 -3 -2 -2 -2  1 -1 -4  1  0 -4  1  5 -3  0 -1 0 0 1 0 0.01
-2 -6 -5 -4 -7 -5 -6  7 -7 -8 -8 -3 -4 -7 -7 -4 -4 -7 -8 -7 0 1 0 0 0.01
-1  1  0 -1 -3  0  0 -3  0  0 -3  3 -1 -3  2  0  3 -2 -2  0 0 1 0 0 0.01
-4 -5 -5 -6 -4 -5 -6 -6 -5  5  1 -3  3  3 -6 -4  1 -1  2  2 0 1 0 0 0.01
 1  1  1 -1 -3  0 -1 -2 -2 -5 -4  2 -4 -3 -4  3  4 -5 -2 -3 0 1 0 0 0.01
-5 -7 -7 -8 -7 -7 -7 -7 -6  1 -2 -7  4  8 -8 -7 -5  4  3 -3 0 1 0 0 0.01
-2 -2  2  7 -6 -2 -1 -1 -1 -6 -6 -3 -3 -6 -3  1  0 -7 -1 -6 0 0 1 0 0.01
 2 -2 -1  1 -5  0  3 -1 -3 -5 -5  2 -4 -6  4 -1 -2 -6 -4 -4 0 0 1 1 0.01
-2 -1  4  2 -5  1  1 -2  0 -5 -5  4 -4 -5 -1  0  0 -6 -2 -5 0 0 1 1 0.01
-3  0  1  2 -6 -4 -3  5  5 -6 -6 -3 -5 -4 -5 -2  0 -2 -1 -4 0 0 1 0 0.02
-3 -1  3  5 -6  3  1 -3  5 -6 -4 -2 -5 -4 -4 -3 -3 -6 -3 -6 0 0 1 0 0.02
 2  1  3 -1 -2 -1  0 -1  0 -1  0 -1  0 -2  0  0  0  0 -2  0 0 1 0 0 0.03
 2 -1 -1 -2 -2 -1 -2  3 -2 -1 -2  0 -2 -3  0  0  1 -3 -2  2 0 1 0 0 0.03
 0  0 -1 -2 -2 -1 -2 -1  1  0  2  0  0  0 -1  0 -1  3  1  1 0 0 1 1 0.04
 0 -1  0  2 -3  0  0  1  2 -2 -2  0 -2 -2  2  1  1 -3 -2 -2 0 1 0 0 0.04
 0 -2 -1  1 -2 -1 -1  0  0 -1 -1  1 -1  3  0 -1  0  0  4 -1 0 1 0 0 0.04
-1 -1  0  3 -3  0  0 -2 -2 -2 -2 -1 -2  0  4 -1  0 -1  4 -1 0 0 1 0 0.03
 1 -1  0  1 -2 -1 -1  0  1  1  0 -1  0  0  0  0  0 -2  0  1 0 0 1 1 0.03
-1 -2  0  0 -2  0  0  0 -2  0  0 -1  3  2 -1 -1  0  0  0  1 0 0 1 1 0.04
 0  0 -1 -1 -2  0 -1  0  0  1  0  0 -1 -2 -1  0  2 -2  0  2 0 0 1 0 0.04
-1  0  2  0 -1  0  0 -1  3  0  0  0  4  0 -1 -1 -1 -2  0  0 0 0 1 1 0.04
-1 -1  1  4 -3  2  1 -1 -1 -2 -2  1 -2 -2 -2  0 -1  2 -1 -1 0 0 1 1 0.03
 0 -2  1  0 -2 -1 -1  0  0  1  0 -1  0  0  3 -1 -1 -2 -1  0 0 0 1 0 0.03
-1  1  1  0 -2  0  1 -1 -1 -1 -2  3  0 -2  0  1  0 -2 -2  0 0 0 1 1 0.02
-1 -1  0  1 -2  0  0  1 -1  1  1  0  0 -1 -1 -1  0  1  0  0 0 0 1 1 0.02
 0 -2 -1 -1 -3 -1 -3  5 -2 -2 -2 -1 -3 -1 -2  0  0 -3  0 -2 0 0 1 0 0.02
 0 -1 -1  0 -2  1  0 -1  0  1  0  2  3 -2 -1  0 -1 -3 -1  0 0 1 0 0 0.01
 1 -1 -1  0 -3 -2 -1  1 -3 -1 -3 -1 -3 -3  5  0  0 -3  1  0 0 1 0 0 0.02
-2 -1 -1 -3 -3  2 -1  0  5  1 -1 -2  1  1 -3 -2  1  0  3 -1 0 0 1 0 0.01
 0 -3 -3 -3 -1 -2 -2 -2 -3  2  2 -2  1  1 -1 -1  0 -2  2  3 0 1 0 0 0.01
-1 -1 -3 -2 -3  1 -3 -2 -1  2  0 -2  2  2 -4 -3 -2  3  2  3 0 1 0 0 0.01
 0 -2  0 -2 -2  0 -1 -1 -2  0  0 -1  1  3 -3 -1  0  2  4  1 0 1 0 0 0.01
-2  0 -1 -3 -5  7  0 -3 -3 -3 -3 -1  0 -5 -4 -2  0  2 -2 -1 0 1 0 0 0.01
-2 -4 -4 -4 -4 -2 -2 -5 -3  4  0 -2  1  1 -4 -3 -3  8  0  3 0 0 1 0 0.01
-2  0 -1  0 -2  6  0 -3  0  0 -2  2 -1 -1 -3 -2 -1  0 -3 -1 0 0 1 1 0.02
-1 -2  2  5 -4  0  0  2 -3 -4 -4 -1  0 -4  0 -1 -2 -4 -1 -1 0 0 1 1 0.02
-2 -3 -1  0 -5  4 -2  5  0 -2 -2  1 -4 -5 -1 -3 -3 -4 -4 -4 0 0 1 1 0.02
-1  0 -1 -3 -4  1  1  1 -3 -3 -3  4 -3 -2 -3 -1 -2  7 -2 -2 0 0 1 1 0.02
-1  0  1 -1 -3  4  1  0  0 -3  0  1 -2 -2  2 -1 -1 -3  0 -2 0 0 1 1 0.02
-1  1  1  3 -3  1  2 -2 -1 -2 -3  1 -2 -3 -1  0 -1 -3 -1 -1 0 0 1 1 0.02
 0  0 -1 -2 -2 -1 -1  2  2 -1  0 -1 -1  0  1 -1  0  2  1  0 0 0 1 0 0.02
 0  1 -2 -2 -3  0  0 -3  0  0 -2  3 -2 -3 -2 -1 -2 -4 -1  4 0 1 0 0 0.02
 0 -3 -2 -4 -3 -2 -3 -4 -2  3  1 -3  1 -1  0 -1  2 -3  0  3 0 1 0 0 0.02
-3 -5 -6 -6 -4 -5 -5 -3 -6  4  1 -5 -1 -3 -2 -4 -2 -5 -4  6 0 1 0 0 0.02
 0 -3 -5 -3 -1 -4 -4 -1 -3 -4 -3 -1 -2  2 -4 -1 -2  9  5 -3 0 1 0 0 0.02
-4 -5 -5 -5 -6 -5 -4 -2 -3 -4 -6 -2 -6 -7  8 -4 -5 -7 -6 -3 0 0 1 0 0.02
 1 -1 -1  2 -4  1  3 -1 -2 -4 -4  2 -3  0  1 -1 -2  3 -1 -4 0 0 1 1 0.02
 1 -2  1  1 -4  0  2 -2 -1 -4 -3  0 -3 -3  4  2 -1 -1 -3 -2 0 0 1 1 0.03
 0 -2 -2 -3 -3 -1 -1 -3 -2  2  1 -1  0  2 -4 -2 -1 -2  4  2 0 0 1 0 0.04
 5  1 -1 -2 -3 -2 -2 -1 -3 -4 -3  3 -3 -4 -3  0 -1 -5 -2 -2 0 0 1 1 0.04
-1  0  2  0 -3  1  3 -2 -2 -1 -3  2 -3 -4 -1  1  2 -4 -3 -1 0 0 1 1 0.04
 3 -2 -1 -3 -1 -1 -1  3 -3 -3 -3  0 -3 -2  1  0 -1 -4 -3 -1 0 0 1 1 0.03
 0  0  0  2 -4  0  2  0 -2 -2 -3  3 -3 -4  1  0 -1 -4 -3 -1 0 0 1 1 0.03
-2 -4 -3 -5 -4 -4 -4 -5 -1  2  2 -4  2  5  1 -4 -3  3  4 -1 0 0 1 0 0.02
-2  2 -2 -3 -4  1  0 -4 -3  1 -2  3 -2 -4  4 -2 -1 -5 -3  2 0 0 1 1 0.05
-1 -3 -3 -4 -3 -1 -3 -2 -2  0  2  0  3  3  0 -2  0  2  4 -2 0 0 1 1 0.04
-1 -5 -5 -5 -6 -2 -4 -3 -5 -6 -6 -4 -5 -6  8 -4 -2 -6  0 -5 0 0 1 0 0.04
 2 -1 -2  2 -4  0  0 -1 -3 -4 -3  0 -3 -5  5  1 -2 -5 -4 -3 0 0 1 1 0.05
-4 -6 -7 -7 -6 -5 -6 -6 -5 -5 -5 -6 -4  3 -7 -6 -3 12  0 -6 0 0 1 0 0.07
 1 -3 -3 -4  1 -2 -2 -3 -2  3  0 -3  5  0 -3  0 -1 -2  2  2 0 0 1 1 0.09
-1  2 -2 -2 -5  3  2 -3 -2 -4 -4  5 -3 -5  1 -2 -2 -4 -3 -4 1 0 0 1 0.17
-1 -3 -2 -2 -3 -2 -3  5 -3  0  0 -2 -1  1  1  0 -2 -3 -2 -2 1 0 0 1 0.59
-1  3 -1  2 -4  1  3  1 -1 -4 -3  2 -2 -4  2 -1 -1 -4 -3 -3 1 0 0 1 0.68
 2 -2 -1 -2 -2 -2 -2  5 -2 -3 -3 -2 -2 -3 -2  0 -1 -3 -3 -2 0 0 1 0 0.64
-2  0  1 -1 -3  0  0 -2  7 -3 -3 -1 -2 -1 -2 -1 -2 -2  2 -3 0 0 1 1 0.68
-2  0  1 -1 -3  0  0 -2  7 -3 -3 -1 -2 -1 -2 -1 -2 -2  2 -3 0 0 1 1 0.81
-2  0  1 -1 -3  0  0 -2  7 -3 -3 -1 -2 -1 -2 -1 -2 -2  2 -3 0 0 1 0 0.82
-2  0  1 -1 -3  0  0 -2  7 -3 -3 -1 -2 -1 -2 -1 -2 -2  2 -3 0 0 1 1 0.85
-2  0  1 -1 -3  0  0 -2  7 -3 -3 -1 -2 -1 -2 -1 -2 -2  2 -3 0 0 1 1 0.92
-2  0  1 -1 -3  0  0 -2  7 -3 -3 -1 -2 -1 -2 -1 -2 -2  2 -3 0 0 1 1 0.89
