 4 -1 -2 -2  0 -1 -1  0 -2 -1 -1 -1 -1 -2 -1  1  0 -3 -2  0 0 0 1 1 0.60
-1 -1  0  0 -2  1  3 -2 -1 -2 -2  0 -1 -3 -1  1  3 -3 -2 -1 0 0 1 1 0.49
 0 -1  0 -1 -1 -1 -1 -1 -2 -2 -2 -1 -1 -3  4  2  3 -3 -2 -1 0 0 1 1 0.53
-1 -1  0  4 -3  0  3 -2 -1  0 -2 -1 -1 -3 -2 -1 -1 -3 -2  1 1 0 0 1 0.51
 1  0 -1  1 -3  1  4 -2 -1 -3 -3  2 -2 -3 -1  0 -1 -3 -2 -2 1 0 0 1 0.50
 1 -1  0  2 -2  0  2 -1 -1  1 -1 -1 -1 -2 -1  1  0 -3 -2  0 1 0 0 1 0.42
-1 -4 -3 -4  9 -3 -4 -3 -3 -2 -2 -3 -2 -3 -3 -1 -1 -3 -3 -1 1 0 0 0 0.39
-1 -2 -2 -1 -2 -1  1 -3 -2  2  3 -1  1  0 -2 -2 -1 -2 -1  1 1 0 0 1 0.52
 3 -1 -1 -1 -1 -1 -1  0 -1 -2 -2 -1 -1 -2 -1  3  0 -3 -2 -1 1 0 0 1 0.45
-1  3  0 -1 -3  1  0 -2 -1 -3 -3  4 -2 -3 -1  0 -1 -3 -2 -2 0 0 1 1 0.52
-1 -2 -2 -2 -3 -1 -1 -2 -2 -3 -3 -1 -3 -4  7  0 -1 -4 -3 -2 0 0 1 1 0.58
 2 -2 -1 -2 -2 -1 -1 -1  4  0 -1 -1 -1 -2  4  0 -1 -3 -1  0 0 0 1 1 0.63
-1 -1 -1 -1 -2  0  2 -3 -1  1  1 -1  0  2 -2 -1  1 -1  0  0 0 1 0 0 0.54
 1  0  0  3 -3  2  3 -1 -1 -3 -3  0 -2 -3 -1  0 -1 -3 -2 -2 0 1 0 1 0.48
 0 -1  2 -1 -3 -1 -1  4 -1 -4 -3  1 -2 -3 -2  0 -1 -3 -3 -3 0 1 0 1 0.50
 0 -1  0 -1 -1 -1 -1 -1 -2  0 -1 -1 -1 -2 -1  3  3 -3 -2  1 0 1 0 1 0.45
-2 -2 -3 -4 -2 -3 -3 -3 -1  0  2 -3  1  5 -3 -2 -2  0  3  0 0 1 0 1 0.50
 0 -1  3  0 -1  0  0 -1 -1 -2 -2  0 -2 -3 -1  3  2 -3 -2 -2 0 0 1 1 0.52
-1 -1  5  1 -3  0 -1  2  0 -3 -4 -1 -2 -3 -2  0  0 -4 -2 -3 0 0 1 1 0.57
 1 -2 -2 -3 -1 -2 -2 -2 -3  2  0 -2  0 -1 -2  0  1 -3 -1  3 0 0 1 0 0.59
-1 -2 -2 -2 -2 -2 -2 -2 -1 -2 -1 -2 -1  3 -2  0 -1  8  3 -2 0 1 0 1 0.66
-1  3  0 -1 -3  1  0 -2 -1 -2 -2  4 -1 -3 -1  0 -1 -2 -2 -2 0 1 0 1 0.64
-1 -1  0  3 -2  0  2 -1 -1  0 -1  0 -1 -2 -1  1  0 -3 -2 -1 0 1 0 1 0.60
-1 -2  0  4 -3 -1  0  3 -2 -3 -4 -1 -3 -3 -2  1 -1 -3 -3 -3 0 0 1 1 0.60
-1  0  2  4 -3  0  1 -1  0 -3 -3  1 -2 -2 -2  1 -1 -2  1 -3 0 0 1 1 0.57
 0  0  0  3 -2  0  1 -1 -1 -2 -2  1 -2 -3 -1  2  3 -3 -2 -1 0 0 1 0 0.51
-1 -2 -1 -2 -2 -1 -2  3 -1 -1  1 -2  0  0 -2 -1 -1  6  2 -1 0 0 1 1 0.41
 0 -1  2  2 -1  0  0  2  0 -2 -2  0 -1 -1 -1  0  0 -1 -1 -1 0 1 0 1 0.35
-1  4  0 -1 -2  0  0 -1  0 -2 -1  2 -1  1 -1 -1 -1 -1  0 -1 0 1 0 0 0.31
-2 -2 -2 -3 -3 -2 -2 -3  1 -2 -1 -2 -1  3 -3 -2 -2  2  7 -2 0 1 0 0 0.27
 3 -2 -2 -2 -1 -2 -2 -1 -2  2  0 -2  0 -1 -2  0  0 -3 -2  2 0 1 0 0 0.24
-1 -1  5  0 -2 -1 -1 -1  0 -1 -2 -1 -1 -1 -2  0  1 -2  1  0 0 1 0 1 0.21
-2 -2 -3 -3 -2 -2 -3 -3  0  1  0 -2  0  4 -3 -2 -1  1  5  1 0 1 0 1 0.18
-1 -1  3  3 -3  1  4 -2  3 -3 -3  0 -2 -3 -2  0 -1 -3 -1 -3 0 0 1 1 0.18
 0 -2  2 -1 -3 -2 -2  5 -2 -4 -4 -1 -3 -3 -2  0 -1 -3 -3 -3 0 0 1 1 0.19
-1 -4 -3 -4  9 -3 -4 -3 -3 -2 -2 -3 -2 -3 -3 -1 -1 -3 -3 -1 0 1 0 0 0.11
-1 -1 -2 -1 -2  1  1 -3 -2  3  1 -1  1 -1 -2 -2 -1 -2 -2  1 0 1 0 0 0.09
-2 -2 -3 -4 -3 -2 -2 -3  1 -2 -1 -2 -1  2 -3 -2 -2  6  7 -2 0 1 0 0 0.07
-1 -1  2  1 -3  1  4 -2 -1  0 -1  0  2 -2 -2 -1 -1 -3 -2 -1 0 1 0 0 0.07
 4 -2 -2 -2 -1 -1 -1  0 -2 -1  1 -1  0 -2 -1  1  0 -3 -2  0 0 1 0 0 0.09
 0 -1  0 -1 -1  0 -1 -1 -2 -1 -2  1 -1 -2 -1  2  4 -3 -2 -1 0 1 0 1 0.10
 0 -3 -1 -2 -3 -2 -2  6 -2 -4 -4 -2 -3 -3 -2 -1 -2 -3 -3 -3 0 1 0 1 0.12
-1 -3 -3 -3 -1 -2 -3 -3 -3  3  1 -3  1 -1 -3 -2  0 -3 -1  4 0 1 0 1 0.10
-1 -3 -2 -3 -1 -2 -3  1 -3  3  1 -2  0 -1 -2 -1  1 -3 -2  2 0 1 0 0 0.13
 0 -2 -2 -3 -1 -2 -2 -3 -3  3  0 -2  0 -1 -2  0  0 -3 -1  4 0 1 0 1 0.13
 0 -3 -2 -2  7 -3 -3  4 -3 -2 -2 -2 -2 -3 -3 -1 -1 -3 -3 -2 0 1 0 1 0.16
 0 -1  0 -1 -2  2  0  1  0 -2 -2  0 -1 -1 -2  2  2 -1  3 -2 0 1 0 1 0.15
-1 -1  3  2 -3  0  1  3 -1 -3 -4 -1 -3 -3 -2  0 -1 -3 -3 -3 0 0 1 1 0.15
-2 -1  3  5 -3  0  1 -1 -1 -3 -3 -1 -3 -3 -2  0  1 -4 -3 -3 0 0 1 1 0.13
 0 -2  0  2 -3  0  2  4 -1 -3 -3 -1 -3 -3 -2  1 -1 -3 -3 -3 0 0 1 1 0.09
 0 -1  0  2 -1 -1 -1 -2 -2 -1 -2 -1 -1 -3 -1  1  5 -3 -2 -1 0 0 1 1 0.11
 0 -1 -1 -2 -2  2 -1 -2  3  1  0 -1  0 -1 -2  1  0 -3 -1  2 0 1 0 1 0.13
 1 -2 -2 -3  8 -2 -2 -2 -2 -1 -1 -2 -1 -2 -2 -1 -1 -2 -2 -1 0 1 0 0 0.20
 3 -1  2 -1 -1 -1 -1 -1  0 -2 -2 -1 -1 -1 -1  1  0 -1  3 -1 0 1 0 1 0.30
 2 -2 -1 -1 -1 -1 -1  3 -2 -2 -2 -1 -2 -3 -1  1  1 -3 -2 -1 0 1 0 0 0.31
-1 -1  2  2 -2  0  0 -1  3 -2 -2 -1 -1 -2 -2  1  3 -3 -1 -1 0 1 0 1 0.30
-3 -3 -4 -5 -3 -2 -3 -3 -3 -3 -2 -3 -2  0 -4 -3 -3 11  2 -3 0 1 0 0 0.30
-1  0 -1 -2 -2  0  0 -2 -2  1 -1  3  0 -2 -2  0  1 -3 -2  1 0 1 0 1 0.34
-1 -2 -2 -2 -3 -2 -1 -2 -2 -3 -3 -1 -3 -4  7 -1 -1 -4 -3 -3 0 1 0 0 0.36
-1 -2 -2 -2 -1 -2 -2 -3 -3  2  1 -2  1 -1 -2 -1  2 -3 -1  2 0 1 0 0 0.40
 1  2 -1 -2 -2 -1 -1  4 -2 -3 -3  0 -2 -3 -2  0  1 -3 -2 -2 0 1 0 0 0.38
 3 -1 -2 -2 -1 -1 -1 -1 -2  0  1  1  0 -1 -1  0  0 -2 -2  1 0 0 1 1 0.35
 2 -2 -1  2 -1 -1 -1 -1 -1  0 -1 -1 -1  0 -2  0 -1 -1  3  1 0 0 1 1 0.36
-1 -2 -2 -1 -2 -1  1 -3 -2  2  0 -1  0 -2  4 -1 -1 -3 -2  2 0 0 1 1 0.42
 0 -1 -1  0 -2  0  2 -2 -1 -3 -3  0 -2 -3  6  1  0 -3 -2 -2 0 0 1 1 0.55
-1 -1 -1  1 -3  1  4 -2  1 -3 -2  0 -2  0 -2 -1 -1  0  4 -2 0 0 1 0 0.68
 0 -1  4  1 -2  0  0  0  0 -3 -3  0 -2 -3 -1  3  1 -3 -2 -2 0 0 1 1 0.75
-1 -1  1  4 -4  1  4 -2 -1 -3 -3  0 -2 -3 -1  0 -1 -3 -2 -3 0 0 1 1 0.85
 0  0  0 -1 -3  0  0  4 -1 -3 -3  3 -2 -3 -2  0 -1 -3 -2 -3 0 0 1 1 0.90
 0 -1  0  0 -3  0  3  4 -1 -3 -3  0 -2 -3 -2  0 -1 -3 -3 -3 0 0 1 1 0.92
-1 -2  0  4 -3 -1  0  4 -2 -3 -4 -1 -3 -3 -2  0 -1 -3 -3 -3 0 0 1 1 0.94
 1 -1  0 -1 -1  0  0 -1 -1 -1 -2  0 -1 -2 -1  3  3 -3 -2 -1 0 0 1 1 0.96
-1  0  0  1 -4  2  5 -2  0 -3 -3  1 -2 -3 -1  0 -1 -3 -2 -2 0 0 1 1 0.97
-1 -2  0  4 -3 -1  0  4 -2 -3 -4 -1 -3 -3 -2  0 -1 -3 -3 -3 0 0 1 1 0.98
 0  0  0 -1 -3  0  0  4 -1 -3 -3  3 -2 -3 -2  0 -1 -3 -2 -3 0 0 1 1 0.98
 0 -2  0 -1 -2 -2 -2  6 -2 -4 -4 -2 -3 -3 -2  0 -2 -2 -3 -3 0 0 1 1 0.98
 0 -1  1  4 -2  0  1 -1 -1 -3 -3  0 -2 -3 -1  3  1 -3 -2 -2 0 0 1 1 0.98
 0  0  0  1 -2  1  4 -1  0 -3 -3  0 -2 -3 -1  2  0 -3 -2 -2 0 0 1 1 0.98
 0 -2  0 -1 -2 -2 -2  6 -2 -4 -4 -2 -3 -3 -2  0 -2 -2 -3 -3 0 0 1 1 0.98
-1 -2  0  4 -3 -1  0  4 -2 -3 -4 -1 -3 -3 -2  0 -1 -3 -3 -3 0 0 1 1 0.98
 0 -2  0 -1 -2 -1 -1  4 -2 -2 -2 -1 -2 -3 -2  1  3 -2 -2 -1 0 0 1 0 0.97
 0 -1  1  4 -2  0  1 -1 -1 -3 -3  0 -2 -3 -1  3  1 -3 -2 -2 0 0 1 0 0.97
-1 -1  1  4 -4  1  4 -2 -1 -3 -3  0 -2 -3 -1  0 -1 -3 -2 -3 0 0 1 1 0.95
 0  0  0 -1 -3  0  0  4 -1 -3 -3  3 -2 -3 -2  0 -1 -3 -2 -3 0 0 1 1 0.94
 0 -2  0 -1 -2 -2 -2  6 -2 -4 -4 -2 -3 -3 -2  0 -2 -2 -3 -3 0 0 1 1 0.91
 0 -1  4  0 -3 -1 -1  4 -1 -3 -3 -1 -2 -3 -2  0 -1 -3 -3 -3 0 0 1 1 0.90
-1 -1  4  0 -2  0 -1 -1  0 -2 -2  0 -1 -2 -1  1  3 -3 -2 -1 0 0 1 1 0.87
 0  1  0 -1 -3  0  0  4 -1 -3 -3  3 -2 -3 -1  0 -1 -3 -2 -3 0 0 1 1 0.85
-1 -1  4  0 -3 -1 -1 -1 -1 -3 -3 -1 -2 -3  6  0 -1 -4 -3 -3 0 0 1 0 0.82
 0 -2 -1 -1 -2 -1 -1 -2 -2 -2 -2 -1 -2 -3  6  0  3 -3 -2 -1 0 0 1 0 0.77
-1 -1  1  4 -4  1  4 -2 -1 -3 -3  0 -2 -3 -1  0 -1 -3 -2 -3 0 0 1 1 0.80
-1 -2 -1 -2 -2 -2 -2  3  1 -2 -2 -2 -2  1 -3 -1 -2  1  5 -2 0 0 1 1 0.75
 0 -2  0 -1 -2 -2 -2  6 -2 -4 -4 -2 -3 -3 -2  0 -2 -2 -3 -3 0 0 1 0 0.75
-2 -2  1  6 -3  0  1 -1 -1 -3 -4 -1 -3 -3 -1  0 -1 -4 -3 -3 0 0 1 1 0.69
 0 -1  0 -1 -1 -1 -1 -2 -2 -1 -1 -1 -1 -2 -1  1  5 -2 -2  0 0 0 1 0 0.65
-1 -2 -2 -1 -3 -1 -1 -2 -2 -3 -3 -1 -2 -4  7 -1 -1 -4 -3 -2 0 0 1 0 0.57
-1 -3 -3 -3 -1 -3 -3 -4 -3  4  2 -3  1  0 -3 -2 -1 -3 -1  3 0 0 1 0 0.45
-1 -2 -2 -1 -3 -1 -1 -2 -2 -3 -3 -1 -2 -4  7 -1 -1 -4 -3 -2 0 0 1 1 0.41
 0 -2  0 -1 -2 -2 -2  6 -2 -4 -4 -2 -3 -3 -2  0 -2 -2 -3 -3 0 0 1 0 0.34
-2 -2 -2 -3 -2 -1 -2 -3  2 -1 -1 -2 -1  3 -3 -2 -2  2  7 -1 0 0 1 0 0.31
 0 -1  0 -1 -1 -1 -1 -2 -2 -1 -1 -1 -1 -2 -1  1  5 -2 -2  0 0 1 0 0 0.27
-2 -2 -2 -3 -2 -1 -2 -3  2 -1 -1 -2 -1  3 -3 -2 -2  2  7 -1 0 1 0 0 0.26
-1 -3 -3 -3 -1 -3 -3 -4 -3  4  2 -3  1  0 -3 -2 -1 -3 -1  3 0 1 0 0 0.25
-2  0  6  1 -3  0  0  0  1 -3 -3  0 -2 -3 -2  1  0 -4 -2 -3 0 0 1 0 0.27
-1 -2 -2 -1 -3 -1 -1 -2 -2 -3 -3 -1 -2 -4  7 -1 -1 -4 -3 -2 0 0 1 0 0.28
-1 -2 -3 -4 -1 -2 -3 -4 -3  2  4 -2  2  0 -3 -2 -1 -2 -1  1 0 0 1 0 0.30
-2 -2  1  6 -3  0  1 -1 -1 -3 -4 -1 -3 -3 -1  0 -1 -4 -3 -3 0 0 1 1 0.35
 0 -2  0 -1 -2 -2 -2  6 -2 -4 -4 -2 -3 -3 -2  0 -2 -2 -3 -3 0 0 1 0 0.40
 0 -1  0 -1 -1 -1 -1 -2 -2 -1 -1 -1 -1 -2 -1  1  5 -2 -2  0 0 0 1 1 0.43
-2 -2 -2 -3 -2 -1 -2 -3  2 -1 -1 -2 -1  3 -3 -2 -2  2  7 -1 0 0 1 0 0.47
-1 -2 -2 -1 -3 -1 -1 -2 -2 -3 -3 -1 -2 -4  7 -1 -1 -4 -3 -2 0 0 1 0 0.56
-1 -2 -2 -1 -3 -1 -1 -2 -2 -3 -3 -1 -2 -4  7 -1 -1 -4 -3 -2 0 0 1 1 0.58
 0 -2  0 -1 -2 -2 -2  6 -2 -4 -4 -2 -3 -3 -2  0 -2 -2 -3 -3 0 0 1 1 0.64
 0 -1  0 -1 -1 -1 -1 -2 -2 -1 -1 -1 -1 -2 -1  1  5 -2 -2  0 0 0 1 1 0.74
-1  0  0  1 -4  2  5 -2  0 -3 -3  1 -2 -3 -1  0 -1 -3 -2 -2 0 0 1 1 0.78
-1  1  0  0 -3  5  2 -2  0 -3 -2  1  0 -3 -1  0 -1 -2 -1 -2 0 0 1 1 0.81
-2  0  6  1 -3  0  0  0  1 -3 -3  0 -2 -3 -2  1  0 -4 -2 -3 0 0 1 0 0.79
-1 -2 -2 -1 -3 -1 -1 -2 -2 -3 -3 -1 -2 -4  7 -1 -1 -4 -3 -2 0 0 1 1 0.78
 4 -1 -2 -2  0 -1 -1  0 -2 -1 -1 -1 -1 -2 -1  1  0 -3 -2  0 0 0 1 1 0.77
-2  0  6  1 -3  0  0  0  1 -3 -3  0 -2 -3 -2  1  0 -4 -2 -3 0 0 1 1 0.77
-1 -2 -2 -1 -3 -1 -1 -2 -2 -3 -3 -1 -2 -4  7 -1 -1 -4 -3 -2 0 0 1 1 0.80
-2  0  6  1 -3  0  0  0  1 -3 -3  0 -2 -3 -2  1  0 -4 -2 -3 0 0 1 1 0.79
-1 -2 -2 -1 -3 -1 -1 -2 -2 -3 -3 -1 -2 -4  7 -1 -1 -4 -3 -2 0 0 1 0 0.80
 1 -1  1  0 -1  0  0  0 -1 -2 -2  0 -1 -2 -1  4  1 -3 -2 -2 0 0 1 1 0.78
-1 -2 -3 -4 -1 -2 -3 -4 -3  2  4 -2  2  0 -3 -2 -1 -2 -1  1 0 0 1 1 0.79
-1  0  0  1 -4  2  5 -2  0 -3 -3  1 -2 -3 -1  0 -1 -3 -2 -2 0 0 1 1 0.76
-1  0  0  1 -4  2  5 -2  0 -3 -3  1 -2 -3 -1  0 -1 -3 -2 -2 0 0 1 1 0.71
 1 -1  1  0 -1  0  0  0 -1 -2 -2  0 -1 -2 -1  4  1 -3 -2 -2 0 0 1 0 0.67
-1  1  0  0 -3  5  2 -2  0 -3 -2  1  0 -3 -1  0 -1 -2 -1 -2 0 0 1 1 0.62
-1 -2 -2 -1 -3 -1 -1 -2 -2 -3 -3 -1 -2 -4  7 -1 -1 -4 -3 -2 0 0 1 0 0.55
-1 -2 -3 -4 -1 -2 -3 -4 -3  2  4 -2  2  0 -3 -2 -1 -2 -1  1 0 0 1 0 0.45
-2  0  6  1 -3  0  0  0  1 -3 -3  0 -2 -3 -2  1  0 -4 -2 -3 0 0 1 0 0.40
 0 -1  0 -1 -1 -1 -1 -2 -2 -1 -1 -1 -1 -2 -1  1  5 -2 -2  0 1 0 0 0 0.37
-2 -3 -3 -3 -2 -3 -3 -3 -1  0  0 -3  0  6 -4 -2 -2  1  3 -1 1 0 0 0 0.33
-1 -1 -2 -3 -1  0 -2 -3 -2  1  2 -1  5  0 -2 -1 -1 -1 -1  1 1 0 0 0 0.31
-2 -3 -3 -3 -2 -3 -3 -3 -1  0  0 -3  0  6 -4 -2 -2  1  3 -1 1 0 0 0 0.32
-1  1  0  0 -3  5  2 -2  0 -3 -2  1  0 -3 -1  0 -1 -2 -1 -2 0 0 1 0 0.33
-2  0  6  1 -3  0  0  0  1 -3 -3  0 -2 -3 -2  1  0 -4 -2 -3 0 0 1 1 0.33
-2  0  6  1 -3  0  0  0  1 -3 -3  0 -2 -3 -2  1  0 -4 -2 -3 0 0 1 0 0.35
-1  5  0 -2 -3  1  0 -2  0 -3 -2  2 -1 -3 -2 -1 -1 -3 -2 -2 1 0 0 1 0.36
-2 -3 -3 -3 -2 -3 -3 -3 -1  0  0 -3  0  6 -4 -2 -2  1  3 -1 1 0 0 0 0.37
-1  5  0 -2 -3  1  0 -2  0 -3 -2  2 -1 -3 -2 -1 -1 -3 -2 -2 1 0 0 1 0.36
-2  0  6  1 -3  0  0  0  1 -3 -3  0 -2 -3 -2  1  0 -4 -2 -3 1 0 0 1 0.37
-1  5  0 -2 -3  1  0 -2  0 -3 -2  2 -1 -3 -2 -1 -1 -3 -2 -2 0 0 1 1 0.38
-1  1  0  0 -3  5  2 -2  0 -3 -2  1  0 -3 -1  0 -1 -2 -1 -2 0 0 1 0 0.36
 0 -2  0 -1 -2 -2 -2  6 -2 -4 -4 -2 -3 -3 -2  0 -2 -2 -3 -3 0 0 1 0 0.35
 4 -1 -2 -2  0 -1 -1  0 -2 -1 -1 -1 -1 -2 -1  1  0 -3 -2  0 0 1 0 0 0.32
-1 -2 -3 -4 -1 -2 -3 -4 -3  2  4 -2  2  0 -3 -2 -1 -2 -1  1 0 1 0 0 0.30
 0 -1  0 -1 -1 -1 -1 -2 -2 -1 -1 -1 -1 -2 -1  1  5 -2 -2  0 0 1 0 0 0.28
 0 -2 -3 -3 -1 -2 -2 -3 -3  3  1 -2  1 -1 -2 -2  0 -3 -1  4 0 1 0 0 0.29
-2 -2 -2 -3 -2 -1 -2 -3  2 -1 -1 -2 -1  3 -3 -2 -2  2  7 -1 0 1 0 0 0.29
 0 -1  0 -1 -1 -1 -1 -2 -2 -1 -1 -1 -1 -2 -1  1  5 -2 -2  0 0 1 0 0 0.27
 0 -2  0 -1 -2 -2 -2  6 -2 -4 -4 -2 -3 -3 -2  0 -2 -2 -3 -3 0 0 1 1 0.26
 0 -1  0 -1 -1 -1 -1 -2 -2 -1 -1 -1 -1 -2 -1  1  5 -2 -2  0 0 1 0 1 0.27
 0 -2 -3 -3 -1 -2 -2 -3 -3  3  1 -2  1 -1 -2 -2  0 -3 -1  4 0 1 0 0 0.27
 0 -1  0 -1 -1 -1 -1 -2 -2 -1 -1 -1 -1 -2 -1  1  5 -2 -2  0 0 0 1 1 0.28
-1  1  0  0 -3  5  2 -2  0 -3 -2  1  0 -3 -1  0 -1 -2 -1 -2 0 0 1 1 0.30
 0 -2  0 -1 -2 -2 -2  6 -2 -4 -4 -2 -3 -3 -2  0 -2 -2 -3 -3 0 0 1 1 0.31
 0 -1  0 -1 -1 -1 -1 -2 -2 -1 -1 -1 -1 -2 -1  1  5 -2 -2  0 0 0 1 1 0.33
-2 -2  1  6 -3  0  1 -1 -1 -3 -4 -1 -3 -3 -1  0 -1 -4 -3 -3 0 0 1 1 0.30
-1 -2 -2 -1 -3 -1 -1 -2 -2 -3 -3 -1 -2 -4  7 -1 -1 -4 -3 -2 0 0 1 1 0.31
 0 -2 -3 -3 -1 -2 -2 -3 -3  3  1 -2  1 -1 -2 -2  0 -3 -1  4 0 0 1 1 0.30
-1  2  0 -1 -3  1  1 -2 -1 -3 -2  4 -1 -3 -1  0 -1 -3 -2 -2 0 1 0 1 0.29
 0 -1  0 -1 -1 -1 -1 -2 -2 -1 -1 -1 -1 -2 -1  1  5 -2 -2  0 0 1 0 1 0.29
-2 -2 -2 -3 -2 -1 -2 -3  2 -1 -1 -2 -1  3 -3 -2 -2  2  7 -1 0 1 0 0 0.29
-2 -2 -2 -3 -2 -1 -2 -3  2 -1 -1 -2 -1  3 -3 -2 -2  2  7 -1 0 1 0 0 0.29
-1  1  0  0 -3  5  2 -2  0 -3 -2  1  0 -3 -1  0 -1 -2 -1 -2 0 1 0 1 0.27
-2 -2 -2 -3 -2 -1 -2 -3  2 -1 -1 -2 -1  3 -3 -2 -2  2  7 -1 0 1 0 0 0.30
 0 -1  0 -1 -1 -1 -1 -2 -2 -1 -1 -1 -1 -2 -1  1  5 -2 -2  0 0 0 1 1 0.30
-1 -2 -2 -1 -3 -1 -1 -2 -2 -3 -3 -1 -2 -4  7 -1 -1 -4 -3 -2 0 0 1 1 0.32
 0 -2 -3 -3 -1 -2 -2 -3 -3  3  1 -2  1 -1 -2 -2  0 -3 -1  4 0 0 1 1 0.34
 1 -1  1  0 -1  0  0  0 -1 -2 -2  0 -1 -2 -1  4  1 -3 -2 -2 0 0 1 0 0.36
 1 -1  1  0 -1  0  0  0 -1 -2 -2  0 -1 -2 -1  4  1 -3 -2 -2 0 0 1 0 0.37
-1  2  0 -1 -3  1  1 -2 -1 -3 -2  4 -1 -3 -1  0 -1 -3 -2 -2 1 0 0 1 0.36
 4 -1 -2 -2  0 -1 -1  0 -2 -1 -1 -1 -1 -2 -1  1  0 -3 -2  0 1 0 0 0 0.37
-1 -1 -2 -3 -1  0 -2 -3 -2  1  2 -1  5  0 -2 -1 -1 -1 -1  1 1 0 0 0 0.36
-2 -2 -2 -3 -2 -1 -2 -3  2 -1 -1 -2 -1  3 -3 -2 -2  2  7 -1 1 0 0 0 0.37
-2 -2  1  6 -3  0  1 -1 -1 -3 -4 -1 -3 -3 -1  0 -1 -4 -3 -3 1 0 0 1 0.36
 4 -1 -2 -2  0 -1 -1  0 -2 -1 -1 -1 -1 -2 -1  1  0 -3 -2  0 1 0 0 0 0.35
-2 -2 -2 -3 -2 -1 -2 -3  2 -1 -1 -2 -1  3 -3 -2 -2  2  7 -1 1 0 0 0 0.34
-3 -3 -4 -4 -2 -2 -3 -2 -2 -3 -2 -3 -1  1 -4 -3 -2 10  2 -3 0 0 1 1 0.32
-2  0  6  1 -3  0  0  0  1 -3 -3  0 -2 -3 -2  1  0 -4 -2 -3 0 0 1 1 0.32
 0 -2  0 -1 -2 -2 -2  6 -2 -4 -4 -2 -3 -3 -2  0 -2 -2 -3 -3 0 0 1 0 0.33
-1  2  0 -1 -3  1  1 -2 -1 -3 -2  4 -1 -3 -1  0 -1 -3 -2 -2 0 0 1 1 0.33
-2 -3 -3 -3 -2 -3 -3 -3 -1  0  0 -3  0  6 -4 -2 -2  1  3 -1 0 0 1 0 0.31
-1  5  0 -2 -3  1  0 -2  0 -3 -2  2 -1 -3 -2 -1 -1 -3 -2 -2 0 0 1 1 0.31
-2 -2  1  6 -3  0  1 -1 -1 -3 -4 -1 -3 -3 -1  0 -1 -4 -3 -3 0 0 1 1 0.32
 0 -3 -3 -3  9 -3 -4 -2 -3 -1 -1 -3 -1 -2 -3 -1 -1 -2 -2 -1 0 0 1 0 0.30
 4 -1 -2 -2  0 -1 -1  0 -2 -1 -1 -1 -1 -2 -1  1  0 -3 -2  0 0 1 0 0 0.31
-2 -3 -3 -3 -2 -3 -3 -3 -1  0  0 -3  0  6 -4 -2 -2  1  3 -1 0 1 0 0 0.33
-2  0  1 -1 -3  0  0 -2  7 -3 -3 -1 -2 -1 -2 -1 -2 -2  2 -3 0 0 1 1 0.20
 1 -1  1  0 -1  0  0  0 -1 -2 -2  0 -1 -2 -1  4  1 -3 -2 -2 0 0 1 0 0.26
 0 -2  0 -1 -2 -2 -2  6 -2 -4 -4 -2 -3 -3 -2  0 -2 -2 -3 -3 0 0 1 1 0.28
-2 -3 -3 -3 -2 -3 -3 -3 -1  0  0 -3  0  6 -4 -2 -2  1  3 -1 0 0 1 0 0.26
-2  0  6  1 -3  0  0  0  1 -3 -3  0 -2 -3 -2  1  0 -4 -2 -3 0 0 1 1 0.23
-1  0  0  1 -4  2  5 -2  0 -3 -3  1 -2 -3 -1  0 -1 -3 -2 -2 0 0 1 1 0.25
-2 -2  1  6 -3  0  1 -1 -1 -3 -4 -1 -3 -3 -1  0 -1 -4 -3 -3 0 0 1 1 0.27
-1 -2 -3 -2 -2 -2 -2 -3 -3  2  0 -2  0 -1  5 -1 -1 -3 -2  1 0 0 1 0 0.25
-2 -3 -3 -3 -2 -3 -3 -3 -1  0  0 -3  0  6 -4 -2 -2  1  3 -1 0 1 0 0 0.30
 0 -2 -3 -3 -1 -2 -2 -3 -3  3  1 -2  1 -1 -2 -2  0 -3 -1  4 0 1 0 1 0.34
 0 -3 -3 -3  9 -3 -4 -2 -3 -1 -1 -3 -1 -2 -3 -1 -1 -2 -2 -1 0 1 0 0 0.29
-1  0  0  1 -4  2  5 -2  0 -3 -3  1 -2 -3 -1  0 -1 -3 -2 -2 0 1 0 1 0.23
-2 -2 -2 -3 -2 -1 -2 -3  2 -1 -1 -2 -1  3 -3 -2 -2  2  7 -1 0 1 0 0 0.23
-1  1  0  0 -3  5  2 -2  0 -3 -2  1  0 -3 -1  0 -1 -2 -1 -2 0 0 1 1 0.24
 0 -2  0 -1 -2 -2 -2  6 -2 -4 -4 -2 -3 -3 -2  0 -2 -2 -3 -3 0 0 1 1 0.26
-1  1  0  0 -3  5  2 -2  0 -3 -2  1  0 -3 -1  0 -1 -2 -1 -2 0 0 1 1 0.47
 1 -1  1  0 -1  0  0  0 -1 -2 -2  0 -1 -2 -1  4  1 -3 -2 -2 0 0 1 1 0.54
 1 -1  1  0 -1  0  0  0 -1 -2 -2  0 -1 -2 -1  4  1 -3 -2 -2 0 0 1 1 0.56
-2 -2  1  6 -3  0  1 -1 -1 -3 -4 -1 -3 -3 -1  0 -1 -4 -3 -3 0 0 1 1 0.60
-1 -2 -3 -4 -1 -2 -3 -4 -3  2  4 -2  2  0 -3 -2 -1 -2 -1  1 0 0 1 0 0.63
-1 -2 -2 -1 -3 -1 -1 -2 -2 -3 -3 -1 -2 -4  7 -1 -1 -4 -3 -2 0 0 1 1 0.62
-1  1  0  0 -3  5  2 -2  0 -3 -2  1  0 -3 -1  0 -1 -2 -1 -2 0 0 1 1 0.69
-1 -2 -2 -1 -3 -1 -1 -2 -2 -3 -3 -1 -2 -4  7 -1 -1 -4 -3 -2 0 0 1 1 0.72
-1 -2 -2 -1 -3 -1 -1 -2 -2 -3 -3 -1 -2 -4  7 -1 -1 -4 -3 -2 0 0 1 1 0.72
 0 -2 -3 -3 -1 -2 -2 -3 -3  3  1 -2  1 -1 -2 -2  0 -3 -1  4 0 0 1 1 0.60
-2  0  6  1 -3  0  0  0  1 -3 -3  0 -2 -3 -2  1  0 -4 -2 -3 0 0 1 1 0.66
 4 -1 -2 -2  0 -1 -1  0 -2 -1 -1 -1 -1 -2 -1  1  0 -3 -2  0 0 0 1 1 0.77
