-1 -1 -2 -3 -2  0 -2 -3 -2  1  2 -1  6  0 -3 -2 -1 -2 -1  1 0 0 1 1 0.91
 4 -1 -2 -2  0 -1 -1  0 -2 -1 -2 -1 -1 -2 -1  1  0 -3 -2  0 0 0 1 1 0.87
-1  6  0 -2 -4  1  0 -2  0 -3 -2  2 -1 -3 -2 -1 -1 -3 -2 -3 0 0 1 1 0.83
-1  2  0 -1 -3  4  1 -2  0 -3 -2  4 -1 -3 -1  0 -1 -3 -2 -2 0 0 1 1 0.81
-2  5  4  0 -3  1  0 -1  0 -3 -3  1 -2 -3 -2  0 -1 -3 -2 -3 0 0 1 1 0.79
 0 -1  0 -1 -1  0  0 -1 -1 -2 -2  0 -1 -2  5  2  0 -2 -2 -1 0 0 1 1 0.76
-2 -1  6  1 -3  0  0 -1  1 -3 -4  0 -2 -3 -2  1  0 -4 -2 -3 0 0 1 1 0.68
 0 -2  0 -1 -1 -1 -1 -1 -2  2  0 -1  0 -2 -2  3  2 -3 -2  1 1 0 0 0 0.67
-2 -2 -3 -4 -2 -2 -2 -3  1  0  2 -2  0  2 -3 -2 -2  1  6  0 1 0 0 0 0.52
-1  4 -1 -2 -3  1  0 -2 -1 -2  0  4 -1 -2 -2 -1 -1 -3 -2 -2 1 0 0 1 0.40
 0 -1  4  1 -2  0  2 -1  0 -3 -3  0 -2 -3 -2  2  2 -3 -2 -2 0 0 1 1 0.34
-1 -3 -3 -2 -2 -1  1 -4 -3  4  1 -2  1 -1 -3 -2 -1 -3 -2  2 1 0 0 0 0.35
-1 -1  5  1 -2  0 -1  2  0 -3 -4 -1 -2 -3 -2  2  0 -4 -2 -3 0 0 1 0 0.30
-1  3  0  2 -3  1  2 -2 -1 -3 -3  3 -2 -3 -1  0  1 -3 -2 -2 1 0 0 1 0.27
-1  2 -3 -3 -2 -2 -2 -4 -3  4  1 -1  0 -1 -3 -2 -1 -3 -2  3 1 0 0 0 0.23
-1  0 -1 -2  6  3  0 -3 -1 -1 -1  2 -1 -3 -2 -1 -1 -3 -2  1 1 0 0 0 0.16
 1  3 -1 -2 -2  0 -1 -2 -1  0  1  0  0 -1 -2 -1 -1 -2 -1  1 1 0 0 0 0.14
-2  1  0  3 -3  2  2 -2  4 -2 -2  0  1 -3 -2 -1 -1 -3 -1 -2 0 0 1 1 0.12
-2  4  2 -1 -4  1  0 -2  4 -3 -3  3 -2 -3 -2 -1 -1 -3 -1 -3 1 0 0 1 0.10
-1  4 -1 -1 -3  4  0  2  0 -4 -3  1 -1 -3 -2 -1 -1 -3 -2 -3 1 0 0 1 0.09
 1 -1  5  0 -2 -1 -1  2  0 -3 -3 -1 -2 -3 -2  0  1 -4 -2 -2 1 0 0 1 0.07
-2  4 -1 -2 -3  2 -1 -3  0 -1  1  1  0  0 -3 -1 -1 -1  3 -1 1 0 0 0 0.05
-2 -3 -4 -4 -2 -3 -3 -4 -3  0  3 -3  0  4 -4 -3 -2  8  1 -1 1 0 0 0 0.06
-2 -1  2 -1 -3 -1  1 -2 -1 -2 -1  1 -1  5 -3 -1 -2  0  3 -2 1 0 0 0 0.06
-2  3 -2 -3 -2 -1 -2 -3  3  2  2  0  0  0 -3 -2 -1 -2  2  0 1 0 0 0 0.05
-2 -2 -1 -3 -2 -1 -2 -3  5  1  2 -2  3 -1 -3 -1  0 -2  0  0 1 0 0 0 0.04
-2 -2 -3 -4 -3 -2 -3 -4  1 -1 -1 -2  3  2 -4 -2 -2  1  7 -1 1 0 0 0 0.04
-1  2 -1 -1 -2  1  0 -2  0 -1  0  1  0  2 -2  1 -1 -1  2 -1 1 0 0 0 0.03
-2  4  4  0 -3  2  0 -2  0 -3 -3  1 -2 -3 -2  0 -1 -3 -2 -3 1 0 0 1 0.04
-1  2 -1 -1 -2  3  0 -2  1 -2 -1  0 -1  1 -2 -1 -1  0  5 -2 1 0 0 0 0.05
-1 -2 -2 -2 -1 -2 -2 -2 -1  2  2 -2  1  1 -2 -2 -1 -1  2  2 1 0 0 0 0.05
-1  0 -1 -1  2  1  1 -2 -1 -1  1  2  2  1 -2 -1 -1 -2 -1 -1 1 0 0 1 0.06
 0 -1  0  2 -2  0  1  1 -1 -1  0 -1 -1  2 -2  2  0 -2 -1 -1 1 0 0 1 0.05
-2 -2 -3 -3 -2 -2 -2 -4 -2  2  3  0  4  2 -3 -2 -1 -2 -1  0 1 0 0 0 0.04
 3 -2 -3 -3  3 -2 -2 -2 -3  0  1 -2  0 -2  2  0 -1 -3 -2  1 1 0 0 0 0.03
-1 -2 -3 -3  3 -2 -3 -3 -1  1  2 -2  0  0  2 -1  1 -1  3  1 1 0 0 0 0.02
-1  0  4  0 -2  3  0 -1  0 -2  0  0 -1 -2 -2  1  0 -3 -2 -2 1 0 0 0 0.02
-2  2 -3 -3 -2 -1 -2 -4 -2  1  3 -1  2  0 -3 -2 -1 -2  2  1 1 0 0 0 0.01
-3 -4 -4 -4 -3 -4 -4 -4 -2  2  0 -4  0  7 -4 -3 -2  0  2  0 0 1 0 0 0.01
-1  0  2  0 -3  1  2 -2 -1 -3 -3  3 -2 -3 -1  1  2 -3 -2 -2 0 1 0 1 0.01
-3 -3 -4 -5 -3 -3 -3 -4 -1 -3 -2 -3 -2  1 -4 -3 -3 10  6 -3 0 1 0 0 0.01
-1 -1 -1  1 -4  2  5 -3 -1 -3 -3  0 -2 -4 -2  0  1 -3 -3 -3 0 0 1 1 0.01
-1  0  5  0 -3 -1 -1  4 -1 -4 -4 -1 -3 -4 -3  0 -1 -4 -3 -4 0 0 1 1 0.01
-2  1 -3 -4 -2 -2 -3 -4 -2  1  4 -2  3  0 -3 -2 -2 -1  2  0 0 0 1 0 0.01
-1 -2 -2  2 -3 -1 -1 -2 -2 -3 -3 -1 -3 -3  7 -1 -1 -3 -3 -3 0 0 1 0 0.01
-1 -1  4  0 -2 -1 -1 -1 -1 -2 -2  1 -2 -3  4  0  2 -3 -2 -2 0 0 1 1 0.02
 0 -2  0  3 -2 -1 -1  4 -2 -3 -3 -1 -2 -3 -2  1  2 -3 -3 -2 0 0 1 1 0.02
-2 -3 -4 -4 -2 -3 -3 -4 -4  4  3 -3  1  0 -3 -3 -1 -3 -2  2 0 0 1 0 0.02
-2 -2  3  6 -4  0  3 -2 -1 -4 -4 -1 -3 -4 -2 -1 -1 -4 -3 -4 0 0 1 1 0.02
 0 -2 -1 -1 -2 -1  1 -2 -2 -2 -2 -1 -2  1  5  2  1 -3 -1 -2 1 0 0 1 0.02
 0  3 -2 -2 -2 -1 -1 -2 -2  1  1  0  0 -1 -2  1 -1 -3 -2  0 1 0 0 1 0.02
-2 -1 -2 -2 -3  3 -1 -3  4 -1  1 -1  0  4 -3 -2 -2 -1  3 -2 1 0 0 0 0.02
-2 -3 -4 -4 -2 -3 -4 -4 -4  4  3 -3  1  0 -3 -3 -1 -3 -2  2 1 0 0 0 0.03
-2 -1 -1  1 -4  1  6 -3 -1 -4 -4  0 -3 -4 -2 -1 -2 -4 -3 -3 1 0 0 0 0.03
 1  0  2  1 -2  0  0 -1 -1 -3 -3  3 -2 -3 -1  2  1 -3 -2 -2 1 0 0 1 0.02
 1 -1 -1 -2 -2  1 -1 -2 -1 -1 -1  0  2  3 -2  1  1 -1  3 -1 1 0 0 0 0.02
-2 -3 -4 -4 -2 -3 -4 -4 -3  3  4 -3  1  0 -3 -3 -2 -2 -2  1 1 0 0 0 0.02
-2  4 -1 -3 -3 -1 -1 -3  5  0 -1  0 -1  4 -3 -2 -2 -1  1 -2 1 0 0 0 0.02
 1  0  2  0 -3  5  3 -2  0 -3 -3  0 -2 -4 -2  0 -1 -3 -2 -3 1 0 0 1 0.02
-2  1  4 -1 -3 -1 -1  1  3 -2 -2 -1  2  2 -3 -1 -1 -2  0 -2 0 0 1 1 0.02
-1 -3 -1 -2 -3 -2 -3  5 -2  0 -2 -2 -2 -1 -3 -1 -2 -2  2 -2 0 0 1 0 0.01
-1 -1  2 -1 -3  2 -1  2  3 -3 -2 -1 -2  2 -3 -1 -2 -1  4 -3 0 0 1 0 0.01
-1 -3 -3 -3  3 -3 -3 -3 -3  2  0 -3  0 -2 -3  0  0 -3 -2  5 0 1 0 0 0.01
 2 -3 -2 -3  3 -2 -2  3 -3  0 -1 -2 -1  1 -2  0 -1 -2 -1  1 0 1 0 0 0.01
-2 -3 -4 -4 -2 -3 -4 -4 -2  2  0 -3  0  6 -4 -3 -2  0  2  2 0 1 0 0 0.01
-1 -3 -2 -3 -3 -2 -3  3  0 -2 -2 -2 -2  4 -3 -2 -2  0  6 -2 0 1 0 0 0.01
-1  1  2 -1 -4  1  2 -2  3 -3 -3  4 -2  1 -2 -1 -1 -3 -1 -3 0 1 0 1 0.01
 0 -2  0  6 -3 -1  1 -2 -2 -3 -3 -1 -3 -4 -2  0  1 -4 -3 -3 0 0 1 0 0.01
-1  1  0  3 -3  0  3  1 -1 -3 -3  0 -2 -4  3  0  1 -3 -3 -3 0 0 1 1 0.01
-1  1  3 -1 -2  0 -1 -2 -1 -1  0  2  3 -2 -2 -1  1 -3 -2  0 0 0 1 1 0.01
-2 -2 -3 -3 -2 -2 -3  0 -2  2  2  0  1  3 -3 -2 -2 -1  2  0 0 0 1 0 0.01
-1 -2  0  3 -3  1  1  4 -2 -4 -4 -1 -3 -4 -2  0 -1 -3 -3 -3 0 0 1 0 0.01
-2 -3 -3 -4 -2 -2 -3 -4  0  1  2 -3  2  3 -3 -2 -2  0  5  1 0 1 0 0 0.01
-1 -3 -3 -4 -2 -2 -3 -4 -3  3  2 -3  4 -1 -3 -2 -1 -3 -2  3 0 1 0 0 0.01
 2 -3 -2 -3  5 -2 -3  2 -3  1 -1 -2 -1  1 -2 -1 -1 -2 -1  0 0 1 0 0 0.01
 0 -2 -3 -3  4  0 -2 -3 -2  0  2 -2  2  0 -3 -2 -1 -1  2  1 0 1 0 0 0.01
-1 -2  0 -2  3  1 -1  4 -2 -3 -3 -1 -3 -4  4 -1 -2 -3 -3 -3 0 1 0 0 0.01
 1  0 -1 -2  3 -1 -2  3 -1  0 -1 -1 -1 -1 -2  1 -1 -2  1  0 0 0 1 0 0.01
 2 -2 -1 -2 -1 -1 -1 -1  2  0 -1 -1 -1 -2 -2  2  3 -3 -1  2 0 0 1 0 0.02
-2  0  3  1 -3 -1 -1  0 -1  1  1 -1  2 -2 -3 -1 -1 -3 -2 -1 0 0 1 1 0.02
 0 -1  3  0 -2  0  1  1 -1 -2 -1 -1 -1 -3 -2  3  2 -3 -2 -2 0 0 1 1 0.02
 0 -2  2 -1 -3 -1  0  4 -2 -2 -1 -1 -2 -3 -2  1  1 -3 -3 -2 0 0 1 1 0.02
-1  1 -1  1 -3  2  1  0  0 -3 -3  1 -2 -1  2 -1  0 -1  3 -2 0 0 1 1 0.02
-2  0 -3 -4 -2 -2 -3 -4 -1  1  3 -2  1  2 -3 -3 -2  0  4  1 0 1 0 0 0.02
-2 -1  5  4 -4  2  0 -1  0 -4 -4 -1 -3 -4 -2  0 -1 -4 -3 -4 0 0 1 0 0.02
-1 -2 -2 -2 -2 -2 -2 -3  3  3  2 -2  1 -1  2 -2 -1 -2 -1  1 0 1 0 0 0.02
-2 -2 -2 -3 -3  1 -2 -3  0  1 -1 -2 -1  3 -3 -2 -2  1  6 -1 0 0 1 0 0.02
-1 -1  3  2 -3  1  0  4 -1 -4 -4  1 -3 -4 -2  0 -1 -3 -3 -3 0 0 1 0 0.02
 0  1  3  3 -3  3  2 -2 -1 -3 -1  0 -1 -3 -2  0 -1 -3 -2 -2 0 0 1 0 0.02
 0 -3  1 -2 -3 -2 -2 -3 -3 -4 -4 -2 -3 -4  8 -1 -2 -5 -4 -3 0 0 1 0 0.02
-1 -2  2  0 -2 -1 -1 -2 -2  0  1 -1  0 -2 -2  1  3 -3 -2  0 0 0 1 0 0.02
-1  1 -1 -2 -3  2 -1  0 -1 -1  0  2 -1  2 -2 -1  0 -2  0 -1 0 1 0 1 0.03
-1 -3 -2 -3 -2 -2 -3  1 -1  1  0 -3 -1  4 -3  0 -2  0  4 -1 0 1 0 0 0.03
-1  2  0  1 -3  1  0 -2  2 -3 -3  2 -2 -2 -2  1  0 -2  2 -2 0 1 0 0 0.03
 2 -2  1  1 -2 -1 -1  1 -2  2  0 -2  1 -2 -2  0 -1 -3 -2  1 0 1 0 0 0.04
 0 -2  1 -1 -2 -1 -1 -2 -1  1 -1 -1 -1  2 -2  2  1 -2  2  0 0 1 0 0 0.04
 1 -1  4  0 -2 -1 -1 -1 -1 -3 -3 -1 -2 -3  2  3  2 -4 -2 -2 0 0 1 0 0.04
-1  1  1 -1 -2  1 -1  1 -1 -1 -1 -1  1  3  2 -1 -1 -1  0 -1 0 0 1 0 0.05
-1 -1  2 -1 -2  1 -1  0 -1  1 -1 -1  0  1 -2  1  1 -2 -1  0 0 0 1 0 0.05
-2 -2 -2 -3 -3 -2 -2  0  3 -1  0 -2 -1  4 -3 -2 -2  1  5 -1 0 0 1 0 0.05
-1  0  2  0 -2  4  1 -2  0 -2 -2  0 -1  1 -2  1  1 -2 -1 -2 0 0 1 0 0.05
-1  2  2 -1 -2  0  0 -2  0 -1 -2  3 -1 -1 -2  1  0 -2  1  0 0 0 1 1 0.05
 1  2 -1 -1 -2  2  2 -2 -1  0 -1  1 -1 -2 -1  0  0 -2 -2 -1 0 0 1 1 0.05
-1 -1  2 -1 -2 -1 -2 -2 -1  0  2 -1  2  3 -2 -1 -1 -1  0  1 0 0 1 0 0.04
-1  0 -1 -1 -2  0  1 -2 -2 -1 -2  3 -2 -3  3  2  1 -3 -2 -1 0 1 0 1 0.05
 0 -1  1 -2 -2 -1 -1 -2 -2  2  2  2  0 -1 -2 -1 -1 -3 -2  1 0 0 1 0 0.05
 0 -2  1 -1 -2 -1  2  2  0  0 -2 -1 -2 -1 -2  1 -1 -1  3 -1 0 0 1 0 0.05
-2 -1  3  4 -3 -1  0 -2 -1 -3 -3  1 -2 -3 -2  0  2  4 -2 -3 0 0 1 1 0.04
-2 -2  1 -2 -2 -2 -2  0  0  0 -1 -2 -1  4 -3 -2 -2  1  5 -1 0 0 1 0 0.04
-1  3 -1 -1 -3  0  1 -2  0 -3 -2  3 -2 -1 -2  1 -1 -2  2 -2 0 0 1 1 0.03
-1 -1  2  4 -3  0  2 -2 -1 -2 -2  1 -2  1 -2 -1 -1 -3 -1 -1 0 0 1 1 0.03
-1 -1 -2 -1 -1 -1  1 -2 -2  2  2 -1  2 -1 -2 -1  1 -2 -1  1 0 0 1 1 0.03
-1  0  1  2 -2  0  1 -2 -1  0 -1  2 -1 -2 -1  0  1 -2 -2  0 0 0 1 0 0.02
-1  1  2  0 -3  0  3  1 -1 -3 -2  0 -2 -3  4  0 -1 -2 -2 -2 0 0 1 1 0.02
-1  0  0  3 -2  0  1 -1  0 -2 -2  3 -2 -1 -1  1 -1 -1  2 -2 0 0 1 1 0.02
-1  1  1  3 -2 -1  0  0  0 -2 -2 -1 -2  0 -1  1 -1 -1  3 -2 0 0 1 1 0.02
-1  0 -1  1 -2  1  0 -1 -1 -1  0  2  2 -1  2 -1 -1 -2 -1 -1 0 0 1 1 0.01
 1 -2 -1 -2  3 -2 -2  4 -2  0 -1 -2 -1 -2 -2  1 -1 -3 -2  0 0 1 0 0 0.01
-1 -3 -4 -4 -2 -3 -3 -4 -4  4  0 -3  0 -1 -3 -2 -1 -3 -2  5 0 1 0 0 0.01
 0  1 -3 -3  3 -2 -2 -3 -3  2  0  0  0 -2 -3 -2 -1 -3 -2  4 0 1 0 0 0.01
-1 -3 -3 -3  3 -3 -3  0 -3  3  1 -3  2  2 -3 -2 -1 -2 -1  1 0 1 0 0 0.01
-2  2 -2 -3 -3  1 -1 -3  0 -2 -2 -1  2  1  1 -2 -2  5  5 -2 0 1 0 0 0.01
 0 -1  6  2 -3 -1 -1  1  0 -4 -4 -1 -3 -4 -3  0 -1 -4 -3 -3 0 0 1 0 0.01
-2  0  6  0 -3  0 -1 -1  0 -3 -4  2 -2 -4 -2  0  1 -4 -3 -3 0 0 1 0 0.01
-2  1  1  3 -3  1  0 -2  3 -3 -1  0 -2 -3  3 -1 -1 -4 -2 -3 0 0 1 1 0.01
 0 -2  0 -2 -2 -2 -1 -3 -2  1  2 -2  1  3 -3 -1 -1 -2  0  1 0 0 1 0 0.01
 1  2 -2 -3  3 -1 -2 -2  0 -1  0  0 -1  2 -3 -1 -1  0  4 -1 0 0 1 0 0.01
 0 -2  1 -1  2  0  2 -2 -1  0  1 -1  1  0 -2 -1 -1 -2 -1  0 0 0 1 0 0.01
-1 -2 -1 -2  4 -1 -1 -2 -2 -2 -2 -1 -2 -3  6  1  1 -3 -3 -2 0 0 1 0 0.01
-1 -2  0  4 -3 -1  1  1 -1 -2 -3 -1 -2 -2 -2  0  3 -3  1 -2 0 0 1 1 0.01
-1 -2 -2 -3 -2 -2 -2 -3 -1  2  2  0  0  0 -3  0  0 -1  3  1 1 0 0 0 0.01
-1 -1  2  3 -3  0  2  0  2 -4 -4 -1 -3 -3  2  1 -1 -4 -2 -3 1 0 0 1 0.01
-1 -3 -3 -4 -2 -3 -3 -3 -2  3  1 -3  0  2 -3 -2  0  5  3  1 1 0 0 0 0.01
-1 -3 -4 -4 -2 -3 -3 -4 -4  3  3 -3  1  0 -3 -3 -1 -3 -2  3 1 0 0 0 0.01
-1 -1  2  0 -3  1  4 -2 -1 -2 -1  0 -2 -3 -2  1  1 -3 -2 -2 1 0 0 0 0.01
-2 -2 -1 -2 -3 -1 -2 -3  6 -1  2 -2  2  0 -3  0 -2 -2  2 -1 1 0 0 0 0.01
-3 -3 -3 -4 -3 -3 -3 -4  0 -1  0 -3 -1  4 -4 -3 -2  1  7 -2 1 0 0 0 0.01
 3 -2 -2 -3  5 -2 -2 -1 -3  0 -1 -2 -1 -2 -2  0  1 -3 -2  2 1 0 0 0 0.01
 1 -1 -1  1  3  3  1 -2 -1 -2 -1  1  3 -3 -2 -1 -1 -3 -2 -1 1 0 0 1 0.01
-1  2  1  1 -4  2  4 -2 -1 -4 -3  3 -2 -4 -2 -1 -1 -3 -2 -3 1 0 0 0 0.01
-2 -3 -4 -4 -2 -2 -3 -4 -3  1  4 -3  5  0 -3 -3 -2 -2 -2  0 1 0 0 0 0.01
 4 -2 -1  1 -1 -1 -1 -1 -2 -2  0 -1 -1 -3 -2  1  0 -3 -2 -1 1 0 0 0 0.01
-1 -1  0  3 -3  2  4 -2 -1  0 -2  0 -2 -3 -2 -1  1 -4 -3 -2 1 0 0 1 0.01
-2 -3 -4 -4 -2 -3 -4 -4 -4  4  3 -3  1  0 -3 -3 -1 -3 -2  2 1 0 0 0 0.02
 1  0 -1  2 -3  1  4 -2 -1 -3 -3  3 -2 -4 -2  0 -1 -3 -3 -2 1 0 0 1 0.02
 0  1  1 -1 -2  0  2 -2 -1 -1  1  0 -1 -2 -2  0  3 -3 -2 -1 1 0 0 1 0.02
 2 -2 -1 -2 -1 -1 -1 -1 -2  1 -1 -1 -1 -2 -2  2  3 -3 -2  1 1 0 0 0 0.02
-1  1 -2 -2 -2 -1  1 -3 -2  4  0  1  0 -1 -2 -2 -1 -3 -2  1 1 0 0 0 0.02
 0  3 -1 -1 -3  1  1 -2  0  0 -2  1 -1 -1 -2  0 -1 -1  3 -1 1 0 0 1 0.02
 0  0 -1  1 -2 -1 -1 -2 -2  1  1 -1  2  1 -2  0 -1 -2 -1  1 1 0 0 0 0.03
-2 -1  6  2 -3 -1 -1 -1 -1  0 -3 -1 -2 -3 -3  1 -1 -4 -3 -2 1 0 0 0 0.03
-1  1 -2 -2 -2  2 -1 -3 -2  1  2 -1  1 -1 -2  0 -1 -3 -2  1 1 0 0 0 0.03
-2  1  4 -1 -3 -1 -1 -2 -1  2  0  1  2 -2 -3 -1 -1 -3 -2  0 1 0 0 1 0.03
 2  0  1 -1 -2  3  0 -2 -1 -1  0  1  2 -2 -2  0 -1 -3 -2 -1 1 0 0 1 0.03
 0  0 -1 -1 -3  5  2 -2 -1 -2  0  0  2 -3 -2 -1 -1 -3 -2 -2 0 0 1 1 0.02
 0  3 -1 -2 -3  0 -1 -2 -2  0 -1  4  1 -2 -2 -1 -1 -3 -2  0 0 0 1 1 0.02
-1  0  1 -1 -2  2  0 -2 -1 -1 -2  3 -1 -3 -2  1  3 -3 -2  0 0 0 1 1 0.02
-2 -3  1 -2 -4 -2 -2 -3 -2 -3 -3 -2 -3  1  7 -1 -2 -4 -2 -3 0 0 1 0 0.02
-1 -2 -2 -3 -2 -2 -2 -3 -1  0  1 -2  2  2 -3  0  1  0  4  1 0 1 0 0 0.02
-2 -2 -3 -3 -2 -2 -3 -3 -2  2  1  0  0  4 -3 -2  1 -1  1  0 0 1 0 0 0.02
 0 -3 -4 -4 -2 -3 -3 -4 -4  5  1 -3  0 -1 -3 -2 -1 -3 -2  3 0 1 0 0 0.02
 1  2 -2 -2 -2 -1 -1 -2 -2  1 -1  2 -1  2 -2 -1  0 -2  0  0 0 1 0 0 0.02
 4 -1 -1 -2  3 -1 -1  1 -2 -2 -2  1 -1 -2 -1  0 -1 -3 -2 -1 0 1 0 0 0.03
-1 -1  3  3 -2  0  0  0 -1 -3 -3  1 -2 -3 -2  2  2 -4 -3 -2 0 0 1 1 0.03
-2  0  3  4 -4  2  3 -2 -1 -4 -4  1 -3 -4 -2  0 -1 -4 -3 -3 0 0 1 1 0.03
-1 -1  4  2 -3 -1 -1  1  0  0 -2  1 -2 -1 -2  0  0 -2  2 -2 0 0 1 1 0.03
-2 -1  6  1 -3  1 -1  2  0 -4 -4 -1 -3 -4 -3  0 -1 -4 -3 -4 0 0 1 1 0.04
-1  1  0  3 -3  3  0 -2 -1 -1  0  1 -1 -2 -2  1 -1 -3 -2  0 0 0 1 1 0.04
-2 -1 -3 -2 -2 -1  0 -3 -2  0  3  0  1  3 -3 -2 -2 -1  2  0 1 0 0 0 0.04
 0 -1  0  2 -2 -1  0 -1 -1 -2 -3 -1 -2 -3 -1  4  2 -3 -2 -2 1 0 0 0 0.03
 0 -3 -3 -3 -2 -2 -3  1 -3  2  2 -2  3 -1 -3 -2 -1 -3 -2  2 1 0 0 0 0.03
-1  1  2  2 -4  4  1 -2 -1 -3 -3  4 -2 -4 -2 -1 -1 -3 -2 -3 1 0 0 1 0.03
-1 -1  4  0 -3  3  1 -2 -1 -1 -2  0 -1 -3 -2  1  0 -3 -2  1 1 0 0 0 0.03
-2 -3 -4 -4 -2 -3 -3 -4 -3  3  3 -3  3  0 -3 -3 -1 -3 -2  2 1 0 0 0 0.02
 0 -2 -3 -3 -2  1 -2 -3 -1  2  0 -2  0  2 -3 -2 -1 -1  3  2 1 0 0 0 0.02
-1 -1  6  2 -3 -1 -1 -1 -1 -4 -4 -1 -3 -4 -2  3  0 -4 -3 -3 1 0 0 1 0.02
-1  2  2  3 -4  2  3 -2 -1 -3 -3  3 -2 -4 -2  0 -1 -4 -2 -3 1 0 0 1 0.02
-2 -2 -3 -3 -2  1 -2 -4 -1  3  1 -2  0  1 -3 -2 -1 -1  4  1 1 0 0 0 0.01
 0 -1 -1  1 -3  2  3 -2  0 -2 -2 -1 -2  2 -2  1 -1 -1  3 -2 1 0 0 1 0.01
-1 -1  5  2 -3 -1 -1  2 -1 -4 -4 -1 -3 -4 -2  1 -1 -4 -3 -3 0 0 1 1 0.01
-1 -2  3 -1 -3 -2 -2  5 -2 -3 -2 -2  2  1 -3 -1 -2 -3 -2 -3 0 0 1 1 0.01
 2 -1 -1  2 -2  0  3 -2 -1 -2 -2  1 -2 -3 -2  0 -1 -3 -2  0 0 0 1 1 0.01
-2  1 -2  1 -3 -1  1 -3 -2 -3 -1 -1 -2 -3  7 -1 -2 -4 -3 -3 0 0 1 1 0.01
-1 -3 -3 -4 -2 -3 -3 -4 -2  1  0 -3  0  3 -3 -2 -1 -1  3  4 0 1 0 0 0.01
-1 -3 -3 -3 -1 -3 -3 -4 -4  4  0 -3  0 -1 -3 -2  1 -3 -2  4 0 1 0 0 0.01
 0 -1 -2 -3 -2 -1 -2  0 -2  1 -1  2 -1  3 -3 -1 -1  5  2 -1 0 1 0 0 0.01
 1 -2 -2 -3 -1 -2 -2  0 -3  2  1 -2  2 -1 -2 -1  1 -3 -2  2 0 1 0 0 0.02
-1 -1  1  2 -3  0  1  0  3 -2 -2 -1 -2  1 -2  1  2 -2 -1 -2 0 1 0 0 0.02
-1  0 -1  0 -3  1  3 -2 -1 -3 -3  3 -2 -4  4  1 -1 -4 -3 -3 0 0 1 1 0.02
 0  0  1  1 -2  1  0  2 -1 -2 -2  2  1 -3 -2  1  1 -3 -2 -2 0 0 1 1 0.03
 0 -2 -2 -3 -2 -2 -2 -3 -2  0  3  0  0  4 -3  0 -1 -1  0  0 0 0 1 0 0.03
-1 -2  3  4 -3 -1  0  3 -1 -4 -4 -1 -3 -4 -2  1 -1 -4 -3 -4 0 0 1 1 0.03
 1 -1 -1 -1 -2  0  2 -1 -1 -2 -1  1 -1 -3  2  1  2 -3 -2 -1 1 0 0 1 0.03
-2 -2  2  6 -4  0  3 -2 -1 -4 -4 -1 -3 -4 -2 -1 -2 -5 -3 -4 0 0 1 1 0.03
-1 -1  1  2 -3  0  1  2 -1 -3 -3  1 -2 -2 -2  1  1 -2  1 -2 0 0 1 1 0.03
-1 -2 -2 -2 -1 -2 -2 -3 -2  3  2 -2  1  3 -2 -2 -1 -1  0  1 0 0 1 0 0.03
-1  0  0  3 -4  2  3  1  3 -4 -3  3 -2 -3 -2 -1 -1 -3 -2 -3 0 0 1 1 0.02
-1 -2 -3 -3 -2 -2 -2  0 -3  3  0  0  2 -1 -3 -2 -1 -3 -2  4 0 1 0 0 0.02
-2 -3 -3 -4 -2 -3 -3 -4  3  1  3 -3  1  4 -4 -3 -2 -1  1  0 0 1 0 0 0.01
-1  1  0  3 -3  1  0 -2 -1 -3 -3  3 -2 -3  2  1  1 -3 -2 -2 0 0 1 1 0.01
-1 -2 -2 -3 -2 -2 -2 -3 -3  0  3 -2  0  2 -3  0  4 -2 -1  0 0 0 1 0 0.01
-1 -2  5  4 -3 -1  0  2 -1 -4 -4 -1 -3 -4 -2  0  1 -4 -3 -3 0 0 1 1 0.01
 3 -1  1 -1 -1  1 -1 -1 -1 -1 -1 -1 -1 -2 -1  1  0 -3 -2  1 0 0 1 0 0.01
 0 -1  3  0 -2  0  2 -2 -1  0 -2 -1 -2 -3  4  0 -1 -3 -2 -1 1 0 0 1 0.01
 0 -2  1 -1 -2 -1 -1 -2  0 -2 -2 -1 -1  2 -2  2 -1  0  5 -2 1 0 0 0 0.01
 1 -3 -3 -3 -2 -2 -3  0 -2  1  2 -2  0  0 -3 -2 -1 -2  2  3 1 0 0 0 0.01
 1 -3 -3 -3 -1 -2 -3 -3 -3  3  1 -2  0 -1 -2 -1  1 -3 -2  3 1 0 0 0 0.01
-2 -2  0  6 -4 -1  0  1 -2 -4 -4 -1 -3 -4  2  1 -1 -4 -4 -4 1 0 0 1 0.02
 1  2 -1 -2 -2  0  0 -2 -1 -2 -2  4 -1  1 -2  0  1 -2 -1 -2 1 0 0 1 0.02
-2 -3 -3 -4 -2 -2 -3 -4 -2  1  4 -3  1  0 -3 -2  1 -1  2  1 1 0 0 0 0.03
-1  1  2 -1 -3  2  1 -2  2 -3 -3  0 -2 -3  4  1  2 -3 -2 -2 1 0 0 1 0.03
 2 -1  0  2 -2  0  2 -1 -1 -2 -2  1  0 -3 -1  2  0 -3 -2 -2 1 0 0 1 0.03
-1 -1 -1 -1 -3  3  3 -3 -1 -1  2  0  2 -2 -2  0 -1 -3 -2 -1 1 0 0 0 0.04
-1  2 -1 -1 -3  2  1 -2 -1  0 -2  4 -1  0 -2 -1 -1 -3 -1 -2 1 0 0 0 0.04
-1  4  3  0 -3  0  1 -2 -1 -3 -1  2 -1 -3 -2  1 -1 -3 -2 -2 1 0 0 1 0.04
 2  1 -1  1 -2  0  2 -1 -1  0 -2  1 -1 -3 -2  1  0 -3 -2 -1 1 0 0 1 0.04
-1  1 -2 -2 -2  2  1 -3 -1  1 -1  0  0 -1 -2 -1  1 -2  2  2 1 0 0 0 0.03
-2 -1 -2 -2 -3  3  2 -3 -1 -2  0 -1  2  2 -3 -2 -2  8  0 -2 1 0 0 0 0.03
-1 -1  6  0 -3  0 -1  1 -1 -4 -4  1 -3 -4 -2  2  0 -4 -3 -3 1 0 0 1 0.03
 0 -1 -1  1 -4  2  6 -3 -1 -4 -3  0 -2 -4 -2 -1 -1 -4 -3 -3 1 0 0 1 0.03
 2 -2 -3 -3 -1 -2 -2 -2 -3  1  3 -2  3 -1 -3 -1 -1 -2 -2  1 1 0 0 0 0.02
-1 -2  1 -2 -2 -2 -2 -3 -1  0  3 -2  3  0 -3  0 -1 -1  2  0 1 0 0 0 0.02
 1 -1  2 -1 -2 -1  1 -2 -2 -2 -2 -1 -2 -3 -2  1  4 -3 -2 -1 1 0 0 1 0.02
-2  1 -3 -4 -3 -2 -3 -4 -1 -1  1 -2  4  4 -4 -2 -2  0  4 -1 1 0 0 0 0.02
-2 -3 -4 -4 -2 -3 -4 -4 -3  2  4 -3  1  2 -4 -3 -2 -2 -1  0 1 0 0 0 0.02
-1 -3 -1 -2 -3 -3 -3  6 -3 -5 -5 -2 -4 -4 -3 -1 -2 -3 -4 -4 0 0 1 0 0.02
-2 -3 -4 -4 -2 -3 -4 -4 -4  5  3 -3  1 -1 -3 -3 -1 -3 -2  2 0 0 1 0 0.02
-1 -1  4  1 -2  0 -1 -1  0 -2 -2  1  1 -2 -2  2  0 -2  2 -2 0 0 1 0 0.03
-1 -1  6  0 -3 -1 -1 -1 -1 -3 -3 -1 -2 -3 -2  1  3 -4 -3 -3 0 0 1 0 0.05
 2 -2  3 -1 -2 -1 -2 -2 -2  0  1 -2  0 -2 -2  0 -1 -3 -2  1 0 0 1 0 0.06
 0 -2  5  0 -3 -1 -1  1 -1 -2 -3 -1 -2 -3  3  0 -1 -4 -3  0 0 0 1 1 0.08
 0 -2 -1 -2 -1 -1  0 -2 -2  1  1 -1  2 -1 -2  1  2 -3 -2  2 0 0 1 1 0.10
-2 -1  0  5 -4  2  4 -2 -1 -4 -4  0 -3 -4 -2 -1 -2 -4 -3 -3 0 0 1 1 0.13
-2  1 -1 -2 -4  1  0 -2 -2 -4 -3  6 -2 -4 -2 -1 -1 -4 -3 -3 1 0 0 1 0.18
-1  3 -1 -1 -4  1  3 -2 -1 -4 -3  5 -2 -4 -2 -1 -1 -4 -2 -3 1 0 0 1 0.18
-1 -1 -1  1 -4  1  5 -2 -1 -4 -4  0 -3 -4 -2  2 -1 -4 -3 -3 1 0 0 1 0.19
-2  6 -1 -2 -4  0 -1  2 -1 -4 -3  1 -2 -4 -3 -1 -2 -3 -3 -3 0 1 0 1 0.18
-1 -3 -3 -4 -2 -2 -3 -4 -3  1  3 -3  5 -1 -3 -2 -1 -3 -2  3 1 0 0 0 0.21
-1 -3 -2 -3 -1 -2 -2 -3 -3  3  2 -2  1 -1 -3  1  0 -3 -2  3 0 1 0 0 0.26
-1 -1 -1  3 -2  2  2 -2 -2  0 -1 -1 -1 -3 -2  0  2 -3 -2  2 1 0 0 1 0.26
-1  1  2  3 -3  0  2 -2 -1  0 -2  0 -2 -3 -2  2  0 -4 -2 -2 1 0 0 1 0.28
-2 -1 -1  1 -5  1  6 -3 -1 -4 -4  0 -3 -4 -2 -1 -2 -4 -3 -3 1 0 0 0 0.27
 3 -2 -2 -3 -1  1 -1 -1 -2  0 -1 -1 -1 -2 -2  0 -1 -3 -2  3 1 0 0 0 0.26
-1  0  2  1 -2  2  1 -2 -1  0  0  1 -1 -2 -2  2  0 -3 -2 -1 1 0 0 1 0.25
 2 -2  0 -1 -1 -1 -1  1 -2 -3 -3 -1 -2 -3 -1  4  2 -3 -2 -2 0 0 1 0 0.28
-2 -1  7  0 -4  2 -1 -1  0 -4 -4 -1 -3 -4 -3  0 -1 -4 -3 -4 0 0 1 0 0.30
-1  1  5  2 -3  0  1 -1  0 -3 -3  0 -2 -3 -2  1  1 -4 -3 -3 1 0 0 1 0.29
 1 -1 -1  1 -3  2  3  3  3 -3 -3  0 -2 -3 -2  0 -1 -3 -2 -3 1 0 0 1 0.26
-2 -2 -2 -3 -3  3 -1 -3 -1  1  0 -1  0  4 -3 -2 -1 -1  2  1 1 0 0 0 0.22
-1 -2 -2 -3 -2 -2 -2 -3 -3  4  0  0  0 -1 -2  0  1 -3 -2  2 1 0 0 0 0.15
-1  0  3  0 -3  1  3 -2 -1 -2 -1  1 -1 -3 -2  1  1 -3 -2 -2 1 0 0 1 0.13
 2 -2 -1 -2 -1 -1 -2  2 -2 -1  1 -1 -1 -2 -2  2  1 -3 -2 -1 1 0 0 0 0.11
-1 -1  5  0 -2 -1 -1 -1 -1 -2 -2 -1  2 -3 -2  2  0 -4 -2  0 0 0 1 0 0.11
 0  1 -1 -1 -2 -1  1  2 -1  0  1 -1 -1 -1 -2  0 -1 -2  2 -1 1 0 0 0 0.08
 0 -1  4  3 -3  0  2 -1 -1 -3 -3 -1 -2 -3 -2  1  0 -4 -3 -2 1 0 0 1 0.08
-1 -3 -2 -2 -2 -2  0 -3 -3  4  1 -2  2 -1 -3  0 -1 -3 -2  2 1 0 0 0 0.07
-2  1 -2 -2 -3 -1  0  0  0 -2 -2  1 -2  3 -3 -2 -2  0  6 -2 1 0 0 0 0.04
 0 -2 -3 -4 -2 -2 -3 -3 -1  0  3 -3  2  2 -3 -2 -2  4  4  0 1 0 0 0 0.03
 0  1  2 -1 -3  0  0  1 -1 -3 -3  5 -2 -4 -2 -1 -1 -4 -3 -3 1 0 0 1 0.02
 1 -2 -1 -2 -2 -1 -2  2 -2  0 -1 -1  2 -2  3  1  1 -3 -2 -1 1 0 0 0 0.02
-2  7 -1 -3 -4  0 -1 -3 -1 -4 -3  1 -2 -4 -3 -2 -2 -4 -3 -3 1 0 0 0 0.02
-1  1  1 -1 -2  3  1 -2 -1  0  2  0  0 -1 -2 -1 -1 -2 -2 -1 1 0 0 1 0.01
-2  0 -1  2 -3  1  4 -3  3 -2  0  2 -1 -2 -2 -1 -1 -3 -2 -2 1 0 0 1 0.01
 4 -2 -2 -3 -1 -2 -2 -1 -2 -2 -2 -2 -1  3  2  0 -1 -2 -1 -1 1 0 0 0 0.01
-1 -3 -3 -4  7 -3 -4 -4 -3  2  1 -3  2 -1 -3 -2 -1 -3 -2  2 1 0 0 0 0.01
-1  1  2  2 -3  1  3 -2 -1  0 -2  1 -2 -3 -2  0  1 -4 -2 -2 1 0 0 1 0.01
-2 -1 -1  1 -3  1  1 -3 -2  0  2  1  2  1 -2 -1 -1 -2 -1 -1 1 0 0 1 0.01
-2 -3 -4 -4 -2 -3 -4 -4 -4  5  3 -3  1 -1 -3 -3 -1 -3 -2  2 1 0 0 0 0.01
-1 -1  6  0 -3  1 -1 -1  0 -3 -3 -1 -2 -4 -2  2  1 -4 -3 -3 1 0 0 0 0.01
-1  0  2  0 -4  1  4 -2 -1 -3 -1  4 -2 -3 -2 -1 -1 -3 -2 -2 1 0 0 1 0.01
 0  2 -2 -2  3  0 -1 -2 -1  1  0  2  0 -1 -2 -1 -1 -2  1  1 1 0 0 1 0.01
-3 -3 -3 -4 -3 -3 -3 -4  0 -2 -1 -3 -1  6 -4 -3 -3  1  7 -2 0 0 1 0 0.01
-1 -3 -1 -2 -3 -2 -3  6 -3 -4 -4 -2 -3 -4  2 -1 -2 -3 -4 -4 0 0 1 1 0.01
-1 -2 -2 -3 -2 -2 -2 -3 -2  1  4 -2  3  0 -2 -1  2 -2 -1  0 0 0 1 0 0.01
-2 -1  5  3 -3 -1  1  2 -1 -4 -4 -1 -3 -4 -2  0 -1 -4 -3 -4 0 0 1 1 0.01
-2 -4 -4 -4 -2 -3 -4 -4 -4  5  1 -3  1 -1 -3 -3 -1 -3 -2  3 0 1 0 0 0.01
-1  1  0 -1 -3  0  0 -2  3 -3 -3  4 -2 -3 -2  2  1 -3 -2 -2 0 1 0 1 0.01
 1 -3 -3 -3  6 -3 -3 -3 -3  1 -1 -3 -1 -2  2 -1 -1 -3 -2  3 0 1 0 0 0.01
-1  0 -1  0 -3  2  3 -2 -1 -2 -2  3 -1 -2 -2  1 -1 -2  2  0 0 1 0 1 0.01
-2 -2 -3 -3 -2 -2 -3 -3 -1 -1  1 -2  0  3 -3 -2 -2  7  5 -1 0 0 1 0 0.01
 0  4  3  2 -3  0  0 -2 -1 -3 -3  1 -2 -3  2  0 -1 -4 -2 -3 0 0 1 0 0.01
 0 -1 -1  3 -2 -1  0 -2 -1 -1 -1  0  2  0 -2 -1 -1 -1  2  0 1 0 0 1 0.01
-1 -1  2  4 -3  1  4 -2 -1 -4 -4  0 -3 -4 -2  1 -1 -4 -3 -3 1 0 0 1 0.01
-1 -2 -2 -2 -2 -1 -2 -3 -1  2  1 -2  3  0 -2  0  3 -1  2  0 1 0 0 0 0.02
-1 -3 -3 -3 -1 -2 -3 -3 -3  3  1 -2  1 -1 -3 -1  1 -3 -2  4 1 0 0 0 0.02
 2 -1 -1  0 -2  2  3  1 -1 -3 -3  0 -2 -3 -1  1  0 -3 -2 -2 1 0 0 1 0.02
-1  1  2  0 -3  4  2 -2  0 -3 -3  2 -1 -3 -2  1 -1 -3 -2 -3 1 0 0 1 0.04
-2 -2 -3 -3 -2 -2 -3 -3 -2  2  2 -2  4  4 -3 -2 -1 -1  1  1 1 0 0 0 0.05
-2  2  2 -1 -2 -1 -1 -2 -1 -1 -1  0 -1  4 -2 -1 -1 -1  1 -2 1 0 0 0 0.05
-1  3 -1 -2 -2  0 -1 -2 -1 -1  1  2  0 -1 -2 -1 -1 -2 -1 -1 1 0 0 1 0.08
-1 -1  2  4 -2  0  2 -1 -1 -3 -3  0 -2 -3 -1  2  0 -3 -2 -2 1 0 0 1 0.10
 1 -2 -2 -2 -1 -1 -2 -2 -2  1  3 -2  1  0 -2 -1 -1 -1 -1  0 0 0 1 0 0.13
-1  3  0 -1 -3  3  0  4 -1 -3 -3  1 -2 -3 -2  0 -1 -3 -2 -3 0 0 1 1 0.17
 0  0  0  0 -3  4  2  1  0 -3 -3  0 -1 -3 -1  2  0 -3 -2 -2 0 0 1 1 0.24
-1 -3 -3 -4 -1 -3 -3 -4 -3  4  3 -3  2  0 -3 -3 -1 -2 -1  2 0 0 1 1 0.29
-1  0  0  1 -4  1  4 -2  5 -3 -3  0 -2 -2 -2  0 -1 -3  0 -3 0 0 1 1 0.35
-2 -1  6  1 -3  0  0  0  1 -3 -4  0 -2 -3 -2  1  0 -4 -2 -3 0 0 1 1 0.47
 2 -2 -2 -3 -1 -2 -2 -2 -3  2  0 -2  0 -1 -2  0  0 -3 -1  3 0 0 1 0 0.56
 0 -2  0 -1 -1 -1 -1 -1 -2  2  0 -1  0 -1 -1  3  1 -3 -2  1 0 0 1 1 0.72
-1  5  0  0 -4  1  3 -2  0 -3 -3  2 -2 -3 -2 -1 -1 -3 -2 -3 0 0 1 1 0.78
 0 -2  0 -1 -3 -2 -2  6 -2 -4 -4 -2 -3 -3 -2  0 -2 -3 -3 -3 0 0 1 1 0.83
-1 -1  4  0 -2  0 -1 -1 -1 -2 -2 -1 -1 -3 -1  1  4 -3 -2 -1 0 0 1 1 0.87
 1 -1  0 -1 -1 -1 -1 -1 -1 -1  1 -1  0 -1 -1  3  1 -3 -2 -1 0 0 1 1 0.86
 0 -2  0  3 -3 -1  0  5 -2 -4 -4 -1 -3 -3 -2  0 -2 -3 -3 -3 0 0 1 1 0.90
 0 -2  0 -1 -3 -2 -2  6 -2 -4 -4 -2 -3 -3 -2  0 -2 -3 -3 -3 0 0 1 1 0.94
-1  0  0  2 -4  2  5 -2  0 -3 -3  1 -2 -3 -1  0 -1 -3 -2 -3 0 0 1 1 0.94
 0 -1  0 -1 -1 -1 -1 -2 -2 -1 -1 -1 -1 -2 -1  1  5 -3 -2  0 0 0 1 1 0.94
-2  0  6  1 -3  0  0  0  1 -3 -4  0 -2 -3 -2  1  0 -4 -2 -3 0 0 1 1 0.95
-1  0  0  1 -4  2  5 -2  0 -3 -3  1 -2 -3 -1  0 -1 -3 -2 -2 0 0 1 1 0.95
