 1 -1  0 -1 -2 -1 -1  1 -2 -3 -3 -1 -2 -3 -1  5  1 -3 -2 -2 0 0 1 1 0.86
-2  7 -2 -3 -5  3 -1 -3 -1 -4 -3  1 -2 -4 -3 -2 -2 -4 -3 -4 0 0 1 1 0.82
-2 -4 -3 -3 -4 -3 -1 -4 -4 -4 -4 -2 -4 -5  8 -2 -3 -5 -5 -4 0 0 1 1 0.77
-1 -2 -1  1 -3  1  1 -2 -2 -4 -4 -1 -3 -4 -2  5  0 -4 -3 -3 0 0 1 1 0.71
-1  2  0  5 -3  1  1 -2 -1 -2 -3 -1 -2 -2 -2 -1 -1 -3  1  0 0 0 1 1 0.75
 1  0  0 -2 -3 -2 -2 -2 -2 -2 -1 -2 -2  3 -3  4 -1 -2  3 -2 0 0 1 1 0.72
-3 -2  3  6 -5  1  3 -3 -2 -5 -5 -1 -4 -5 -3  0 -2 -5 -4 -4 0 1 0 1 0.72
 1  1 -2 -1 -2  0  0 -3 -1  1  2  0  0 -2 -2 -1 -1 -3 -2  2 0 1 0 1 0.78
-1 -1 -1  0 -2 -1  0 -2 -2  0 -3  1 -2 -3 -2  5  1 -3  0 -2 0 0 1 1 0.74
-2 -3 -4 -4  0 -3 -2 -1 -4  3  4 -3  0  2 -4 -3 -2 -3 -2  1 1 0 0 1 0.73
-3 -2 -2  3 -5  2  5 -2  3 -5 -5 -2 -4 -5 -3 -1 -3 -5 -3 -4 1 0 0 1 0.73
-1 -2 -2  3  1  0  5 -1  0 -2 -4  1 -3 -4 -3  1 -2 -4 -1 -3 1 0 0 1 0.74
-3  0  1  4 -4  0  4 -3 -2 -1  1  1 -2 -4 -3 -2 -3 -4 -4 -3 0 0 1 0 0.63
-1  5 -3 -3 -4  1 -2 -2 -3  2  0  1  2 -3 -2 -1 -2 -4 -3 -1 0 0 1 1 0.56
-3 -2  0  0 -6  4  6 -4  1 -5 -5  1 -4 -2 -4 -2 -3 -5 -4 -5 0 0 1 1 0.48
 2  0 -1  0 -3  2  1 -1 -2 -1 -2  0  1 -3 -2  2  0 -3  0 -2 0 0 1 1 0.52
 1 -1  0 -3 -1  0 -1 -1  0  1  2 -1  2 -2  0  0 -1 -3 -1  1 0 0 1 0 0.50
-3  6 -3 -2 -5 -1 -3 -1 -3 -1 -3  1  3 -4 -1 -2 -3 -4 -1 -1 0 0 1 1 0.53
-1  3  2  0 -3  3 -1 -1  0  0 -1  0 -2 -1 -2 -1 -1 -3 -1  1 0 0 1 1 0.53
 0 -2 -2  1 -4  3  4 -1  2 -1 -3  0  1 -4 -1  1 -1 -4 -3 -2 1 0 0 1 0.56
 1  1 -2 -1 -2 -1 -1 -3 -3  0  0  0  2 -3 -1  1  1 -3 -3  2 1 0 0 1 0.60
-1  0 -2  0 -3  1  4  0 -2  1  0  1  0 -3 -2  0 -2 -4 -3  0 1 0 0 1 0.55
-1  3  0  0 -3  3  1  0  2 -2 -2  1 -1 -3 -2  0 -1 -3  1 -2 1 0 0 1 0.45
-2  2  1 -1 -4  5  1 -2  0 -2 -1  1 -1 -2 -1  1 -1 -4 -3 -1 1 0 0 1 0.44
 4 -2 -2 -3 -3  2 -3  1 -3 -1 -1 -2  0 -4  1  0  1 -4 -1 -1 1 0 0 0 0.42
 0  0 -2 -2 -3  1  1 -2 -2  0  2 -1  1  0  1  1  0  0 -1  0 1 0 0 1 0.35
 1  0  0 -1  2  1  1  0 -2 -1  0  0  1 -3  0  1  0 -3 -3  0 1 0 0 1 0.35
-1  0  0  0 -4  4  2  1  0 -1 -3  1 -3 -1 -3  1  0 -4 -3 -1 1 0 0 0 0.34
-2 -1 -1 -2 -3 -1  0 -2 -3  1  4 -2  1  0 -2 -3  0 -3  0  0 1 0 0 0 0.30
-2  1  1  2 -4  2  3 -1  2 -3 -1  1  0  0 -1 -2 -2 -4 -3 -3 1 0 0 1 0.30
-1  4  1 -3 -4  1  0 -1  0 -1 -2  2  0 -4  0  0  0 -4 -1 -2 1 0 0 1 0.31
 3  1 -1  0 -3 -1 -1 -1 -3 -1 -1  0 -1 -1  2  2  0 -4 -1 -1 1 0 0 0 0.28
 0  3  0 -1 -4  2 -1 -3  2 -1 -3  3 -3 -4  1  1  1 -4 -3 -1 0 0 1 1 0.21
 0  1  0  0 -3  0  0 -1  2  0 -1  1 -2 -2  2  1  0 -3  0  0 0 0 1 1 0.17
 0  0  0  0 -2  1  0  0  2  0 -1  0  1 -2  1  0  0 -2  1  0 0 0 1 1 0.12
-1 -1 -2 -2 -4  0 -1  2 -1 -3 -3  1 -3 -4  6  0  0 -4 -4 -3 0 0 1 1 0.07
-2 -1 -2  2  1 -1 -2 -3 -2  0  0 -1 -1 -3  1 -1  2 -4 -2  4 0 0 1 0 0.04
 3 -2 -2 -1 -1  1  0 -1 -1 -2 -1  0 -1 -3  0  1  0 -2 -2  0 0 0 1 1 0.03
-3 -2 -4 -4  0 -3 -4 -4 -3  3  0 -3  2  7 -4 -3 -2 -2  0  0 0 1 0 0 0.02
 2 -2  0 -3  1 -3 -3 -3  3 -3 -2 -2 -1  2 -3  1  0 -2  6 -1 0 1 0 0 0.01
 0 -5 -5 -5 -2 -4 -5 -5 -5  3  0 -4  3 -1 -4 -4 -3 -4 -1  6 0 1 0 0 0.01
-2  7 -3 -4 -3 -1 -3 -5 -2 -5 -5  3  0 -5 -5 -1 -3 -5 -5 -5 0 1 0 0 0.01
 5 -4 -3 -4  3 -3 -3 -2 -4 -3 -2 -2  1 -4  1  0  3 -5 -4 -3 0 1 0 0 0.01
-3 -2  3  1 -4  1  0 -1  4 -3  2 -2  2 -2 -4 -1 -3 -4  0 -3 0 0 1 1 0.01
-3 -2 -5 -5 -3 -1 -2 -5 -4  0 -1 -2 -2  7 -5 -4 -3 -3  1  3 0 0 1 1 0.01
-1 -3  1  5 -4 -2  1  0 -1 -1 -4 -2 -4 -3 -1  2  1  0 -4 -4 0 0 1 1 0.01
-5 -5 -5  0 -5 -5 -5 -1  0 -5 -4 -5 -4  3 -6 -5 -5 -2  9 -5 0 1 0 0 0.01
-3 -2  3  6  2 -3  0 -1 -2 -1 -4 -2 -4 -4 -2  0 -2  0 -2 -2 0 0 1 1 0.01
 0 -1 -3 -4 -3 -1 -3  3 -4 -2 -4  1  0 -5  6 -2 -3 -5 -3 -2 0 0 1 1 0.02
 1  0  1 -1 -2  0  0  1 -2 -2 -1  0 -1 -1 -1  2  0  0 -1 -1 0 0 1 1 0.02
-1  1  0  1  0  1  1 -2  0  0  0  1 -1 -2  0  0 -1  0 -1  0 1 0 0 1 0.03
-1 -2 -1  6 -1 -2  1 -1 -1 -4 -4  0 -4 -3 -2 -2 -3 -4  2 -3 1 0 0 1 0.03
-2 -1  1  4 -1 -1  2 -1  1 -3 -3  0 -1 -3  2  0  0 -4 -3 -2 1 0 0 0 0.03
-1  0  1  4  0 -1  1 -1  1 -2  1  1 -1 -2 -2 -1 -2 -1  1 -2 0 0 1 1 0.03
 0 -3 -1 -3  5  0 -1 -2 -1  3  1 -2  1 -2 -3  1 -1 -3 -2  2 0 0 1 0 0.03
-2 -4  0 -3  1 -3 -3  1 -4 -4 -4 -3 -4 -5  7 -1  0 -5 -4 -3 0 0 1 0 0.04
-1 -2 -3 -4  8 -3 -2 -4 -4  0  1 -3 -1  1 -4 -2  1 -3 -3  2 0 0 1 0 0.05
 0  2 -2 -2 -4  2  0 -2  1 -3 -1  3 -2 -4  4 -1 -2 -4 -3 -2 0 0 1 1 0.04
 0 -2  0  1 -4  0  4  3  0 -4 -4  0 -3 -4 -3  1 -1 -4 -3 -4 0 0 1 1 0.04
 2  0 -1  0  2  1 -1  0  2  0 -1  1  1 -1 -2 -1 -1 -3  0 -1 0 0 1 1 0.04
 2 -2 -2  0 -2 -1  0  5 -3 -4 -3 -1 -2 -4 -3 -1 -1 -4 -4 -2 0 1 0 0 0.03
-2 -3 -4 -4 -3 -3 -1 -4  1  3  4 -1  2  0 -4 -3 -2 -3 -2  2 0 0 1 0 0.03
 1  0  0 -1  3 -1 -1 -1 -1 -2  0  1 -1 -2  1  3  1 -3 -3 -2 0 0 1 1 0.02
-4 -4 -5 -5 -4 -5 -5 -5 -4 -1 -1 -5 -2  8 -5 -4  0 -2  0 -1 0 1 0 0 0.02
-1  3  1  0 -1  2  2 -2  2 -2 -2  2 -2 -3 -2  0 -1 -3 -2  0 0 0 1 1 0.01
 1  1 -1 -2 -1 -1 -1 -2 -1  0 -1  2 -1  0 -1  1  0 -1  1  0 0 0 1 1 0.01
-2  0  1 -1 -4  1  0  5  0 -4 -4  2 -3 -4 -3 -1 -2 -4 -3 -2 0 0 1 1 0.01
-3  0  0  7 -5 -1  2 -3 -1 -5 -5 -2 -4 -5  1 -2 -3 -5 -4 -4 0 0 1 0 0.01
-2 -4 -4 -4 -1 -3 -4 -4 -3  4  1 -3 -1  3  0 -3 -1 -3  1  2 0 1 0 0 0.01
 0 -3 -3 -4 -2 -3 -3 -4 -3  2  4 -3  0  1 -3  0  0 -3 -2  1 0 1 0 0 0.01
-3  0 -2 -2 -1  3  2 -3  7 -2 -3 -1  1 -1  1 -2 -3 -3  0 -2 0 1 0 0 0.01
-2 -3 -3  0 -3  1 -3 -4 -4  5  1 -3 -1 -2 -3 -3 -2 -4 -3  4 0 1 0 0 0.01
 0  1 -2 -1 -2 -1  0 -3  2  1  0  2  1  0 -2 -1  0 -3  0  2 0 1 0 0 0.01
-1  0  3  2  0  0  2 -1  1 -3 -3  1 -3 -3 -2  1 -1  2 -2 -1 0 1 0 0 0.01
 1  1  0 -1  2  2  0 -1 -3 -1 -2  3  1 -4 -4  0  0  2 -4 -1 0 1 0 1 0.01
 0  0  0  0  2  0  0 -1  1  0 -1  0  1  0  0  0  0 -2  1  0 0 0 1 1 0.01
-1 -4  2  6 -6 -3  1 -2  1 -5 -6 -4 -5 -5  0  0 -1 -6  0 -2 0 0 1 1 0.01
-1 -1  3  2  0  2  1  1  1 -4 -3 -1 -1 -2  2 -1 -1 -4 -3 -2 0 0 1 1 0.01
-2 -2  4  2 -4 -1  2 -1  1 -1 -1 -1 -3 -2 -4  0  0 -4  1 -3 0 0 1 1 0.01
-6 -6 -7 -7  1 -6 -6 -6 -6 -6 -6 -7 -6 -4 -7 -3 -6 12  0 -2 0 1 0 0 0.01
-3 -6 -7 -7 -6  1 -6 -6 -6 -3 -3 -6 -6 -1 -7 -2 -6 12 -3 -3 0 1 0 0 0.01
-2 -3 -4 -4 -5  7 -1 -5 -4  2 -2 -2  0 -5 -2  0 -2 -5 -5  0 0 1 0 0 0.01
 5 -5 -4 -5 -4 -4 -4  3 -5 -4 -1 -4 -4  0  1 -3 -1 -5 -4 -1 0 1 0 0 0.01
-3  6 -1  0  2 -1 -2 -4  0 -3 -4  2 -4 -3 -5 -1 -2 -1  1 -5 0 1 0 0 0.01
-1  2  1 -3 -4  0  0 -4  3  1  0  2 -1 -1 -2 -2 -2 -1 -1  1 0 1 0 0 0.01
-1 -2  0  0  0 -1  2 -1 -3  1  0 -3  0 -3 -2 -2 -1  0  0  4 0 0 1 0 0.02
 0  1  1  0 -1 -1 -1  4  0 -3 -3  1 -3 -2  0  1 -1 -4 -1 -3 0 0 1 1 0.02
-1 -1  0  3  0  1  3 -1  0 -2 -2 -1 -3 -2  0  1 -1  1 -3 -2 0 0 1 1 0.04
 0 -2  2  0  1  0  0  2  1 -1 -2  0  0 -1  0  1  0 -3  0 -1 0 0 1 1 0.05
 0 -1  0  1  2  1  2  0  1 -1 -1  0  1 -3  1  0  0 -4 -3 -2 0 0 1 1 0.06
-1  2 -1  2 -2  2  3 -1 -1 -3 -1  2 -2 -4  0  0 -1  1 -3 -2 0 0 1 1 0.05
 0  0  0 -1  0 -1 -1 -1 -2  1  1 -1  1  1  1 -1 -1 -2 -1  1 0 0 1 0 0.05
-1  2 -2 -1  2 -2 -3  5 -3 -3 -4 -2 -3 -3 -3  1  0 -3  0 -1 0 1 0 0 0.05
-1  0 -2  1  0  0 -1 -3  0  0  0  1  0  3 -2 -1  0  1  2 -1 0 1 0 0 0.05
 0 -2 -2  1 -2 -2 -2  1  1  2  0 -2 -1  1  0  0  0 -3 -1  1 0 1 0 0 0.06
 0  1  1 -1 -2  1 -1  1 -1 -2 -2 -1 -2  1  2  1 -1 -1  2 -2 0 1 0 0 0.06
 0  0  1 -2  2 -1  0  0  2 -2 -1  0 -1  1  1  0  0 -2  1  0 0 0 1 0 0.06
 0  1 -1 -3 -4  1  0 -2  0 -2 -3  3  1 -1  5 -1 -1 -4  0 -4 1 0 0 1 0.05
-1  0  0  0  2  0  0 -1  2  0 -1  0  2  1  0 -1  0  4  1 -1 1 0 0 1 0.05
-1  4  0 -1 -1  0  0 -2 -3 -4  1  2  1  0 -2  0 -2 -5 -1 -1 1 0 0 0 0.06
-1  0 -4 -2 -1  1  1 -2  0  0  2 -2  2 -1  0 -2  0  3 -1  1 1 0 0 0 0.07
 0 -2 -1  1 -7  2  5 -1  1 -3 -4  0  0 -2 -1 -2 -2  1 -5 -2 1 0 0 1 0.07
-1  3  2 -2 -1  1  0 -1  3 -2 -1  2 -2 -2 -2  1 -1  2 -2 -2 1 0 0 1 0.08
-3  3 -3 -1 -1 -1  0 -3  0  2  1  1  2  0 -3  0 -1  2 -2 -2 1 0 0 0 0.10
-1  0  0  0  2  0  0 -1  2  0 -1  0  2  1  0 -1  0  4  1 -1 1 0 0 1 0.11
 0  1 -1 -1  2  0 -1 -2  0  1  1 -1  1 -1 -1 -1 -1  3  1  1 1 0 0 1 0.11
-1  0  0  0  2  0  0 -1  2  0 -1  0  2  0  0 -1  0  3  1 -1 1 0 0 1 0.15
 0  2 -1  0  1  2  0 -2  1 -1 -1  1  0  0 -1 -1 -1  2  0 -1 1 0 0 1 0.17
-1  0  0  0  2  0  0 -1  2  0 -1  0  2  1  0 -1  0  4  1 -1 1 0 0 1 0.18
 1  1  0  0  1  3 -1 -1 -1 -1 -2  2  0 -2  0  0  0  0 -4 -1 1 0 0 1 0.19
 0  1  0  1 -4  1  1  0  0 -2 -2  1 -1 -1  2  1  0 -4 -1 -2 1 0 0 1 0.23
 0  1  0  0  0  0  1 -1  0 -2 -1  1  0 -2  1  0  0  1 -1 -1 0 0 1 1 0.24
 0  0  0  0 -2  1  0  0  1  0 -1  0  1  0  1  0  0 -2  1  0 0 0 1 1 0.30
-1  2  0  1  2  1  1 -2  1 -1 -2  1  1  0  0  0  0  3  0 -2 0 0 1 1 0.42
 0  0  0  0  2  0  0 -1  1  0 -1  0  1  0  0  0  0 -2  1  0 0 0 1 1 0.41
-1  2  0  0  1  0  0  1  0 -1 -2  2  0 -1 -1  1  1  1  0 -1 0 0 1 1 0.44
 0  0  0  0  2  0  0 -1  1  0 -1  0  1  0  0  0  0 -2  1  0 0 0 1 1 0.44
-1 -1  1 -1  2  1 -1 -1  2  0 -2  0  0  1  0  1  0  3  0  0 0 0 1 1 0.47
 0  0  0  0  2  0  0 -1  1  0 -1  0  1  0  0  0  0 -2  1  0 0 0 1 1 0.46
-1  1  0  0  1  0  0 -1  1 -1 -1  2  0  1  0  1  0  2  0 -1 0 0 1 1 0.49
 0  0  0  0  2  0  0 -1  1  0 -1  0  1  0  0  0  0 -2  1  0 0 0 1 1 0.48
-1  1  1  0  1  0  0 -1  1 -1 -1  1  1  1 -1  1  0 -5  0 -1 0 0 1 1 0.37
-1  0 -1  1  3  0  0  0  1 -1 -1  1  1  0  0  0  0  3  0 -1 0 0 1 1 0.32
-2 -1  0 -1  2 -1 -2 -1 -1  2 -1  2  1  2  0  1 -1  1  1 -1 0 0 1 1 0.27
-1 -1  2  1  0  0 -1 -3 -2 -1 -1 -1  1 -1  4  0 -1 -1 -1 -2 0 0 1 1 0.32
-3  0  0  0  0 -1 -3 -1 -1  1  0  0  1  4 -2  1 -1  1  1  0 0 0 1 1 0.32
-2  2 -1  0  0  1  0 -1  2 -2 -1  0  0  2 -1  1 -2  1  3 -2 0 0 1 1 0.39
-1  1 -1  0  3  0  1  0  0 -2 -1  2  0 -1 -1  0 -1  2  0 -1 0 0 1 1 0.32
 0  0  0  0  2  0  0  0  1  0 -1  0 -1  0  1  0  0 -2  1  0 0 0 1 1 0.27
-1  0  0  0  2  0  0 -1  2  0 -1  0  2  1  0 -1  0  4  1 -1 0 0 1 1 0.28
 0  0  0  0  2  0  0 -1  1  0 -1  0  1  0  0  0  0 -2  1  0 0 0 1 1 0.29
 0  1  2 -1  1  0  0 -1  2 -2 -1  1  0 -1  0  0  0  1  2 -1 0 0 1 1 0.27
 0  0  0  0  2  0  0 -1  1  0 -1  0  1  0  0  0  0  3 -2  0 0 0 1 0 0.25
 0  0  0  0  2  0  0 -1  1  0 -1  0  1  0  0  0  0 -2  1  0 0 0 1 0 0.28
 0  0  0  0  2  0  0 -1  1  0 -1  0  1  0  0  0  0 -2  1  0 0 0 1 0 0.25
-1  0  0  0  2  0  0 -1  2  0 -1  0  2  1  0 -1  0  4  1 -1 0 0 1 0 0.22
 0  0  0  0  2  0  0  0  1  0 -1  0 -1  0  1  0  0 -2  1  0 0 0 1 1 0.21
 0  1  0 -1  1  0  0  0  1  0 -1  0  0 -2  2  0  0 -3  0  0 0 0 1 0 0.24
 0  0  0  0  2  0  0  0  1  0 -1  0  1  0  1  0  0 -3 -1  0 0 0 1 0 0.22
 0  0  0  0  2  0  0 -1  1  0 -1  0  1  0  0  0  0 -2  1  0 0 0 1 0 0.19
 0  2  1 -1  2  1 -1 -1  0 -3 -2  1 -2 -1  1  2  0  0  2 -3 0 0 1 1 0.20
 1  0  1 -1 -1  0  1 -2  0 -1  0  0  2  0  1  1 -1  2  1 -1 0 0 1 0 0.19
-2  3  1 -1 -4  0  0 -2  0 -2 -1  2  0 -1  1  0 -1  1  0 -1 0 0 1 0 0.20
 1  1 -1  1  2  0  0 -1  1 -1 -2  0 -2 -1  4 -1  0 -4 -3 -1 0 0 1 0 0.23
 0  0  1  0 -2  1  0 -2 -1  0  0  0  1  1  1  0 -1 -2  1  0 0 1 0 0 0.27
 0 -1 -2 -1 -2  0 -1 -1  0  1  0 -1  1  0 -3 -2  1  2  1  2 0 1 0 0 0.23
-2  1 -2  1  0 -2  0 -2  2  1  1 -1  1  1 -3 -1 -1 -2  1  1 0 1 0 0 0.18
-1  0 -1 -1  0 -1 -1 -1 -2  1  1  0  1  1  0 -1  0 -2  1  2 0 1 0 0 0.17
 1  0  0  0 -3  0  0  3 -2 -2 -1  0  0 -2 -2  0  1 -3  0 -1 0 0 1 0 0.15
-1 -2 -2  1  1  0  0 -1 -2  0  0  1 -2  0  3 -1  0 -3  1 -1 0 0 1 0 0.16
 0 -2  0  0  0  1 -1  1  0 -2 -1 -1  0 -1  1  2  1 -3  0  0 0 0 1 0 0.14
 0 -1  0 -1 -2 -1 -1  2 -1  0  1 -1  1  0 -1  0 -1 -3 -1  0 0 0 1 0 0.14
 0  0 -2 -1  0  0  1 -2 -3  0  0  2 -2 -2 -1  1  0 -3 -3  2 0 0 1 1 0.12
-2 -1 -1 -3  0 -2 -2  5  1 -4 -1  0  0 -2 -4 -2  0 -4  0 -2 0 0 1 1 0.12
 0  2 -1 -1  1  0 -1 -1  0 -1  0  1  0  1  1  0 -1 -2  2  0 0 0 1 0 0.10
 0  2  0  0 -3  1  1  1  1 -1 -2  0  0 -3  1  0  0 -3 -1  0 0 0 1 1 0.09
 0  0  0 -2  2  1  0  0 -1  0  0  0  1  1 -2  0  0 -2  1  0 0 0 1 0 0.08
-1  2  0  0 -2  0  0 -1  0  0  0  2 -1 -1 -2  0  1 -2  0  0 0 0 1 1 0.07
-2  1  1  3 -3  1  2  0 -2 -3 -1  0 -2 -2  0  0 -1 -3 -3 -2 1 0 0 1 0.06
 0  3 -1 -1 -3  0  0 -2  2 -1  1  1  1 -2 -2  0  0 -3 -1  0 1 0 0 1 0.04
-2 -1 -2 -2 -1 -3 -2 -2  0  3  3  0  3  0 -4 -3 -2  1 -1  1 1 0 0 0 0.04
-1  2  2 -1 -2  2  1 -2  1  0 -1  2  0 -2 -1 -1 -1 -3 -1 -2 1 0 0 1 0.03
-1  2  2  3 -4  1  1 -2  0 -1 -1  3 -3 -4 -3 -1 -1 -4 -3 -3 1 0 0 1 0.02
 1  2 -1  1 -1  0 -1  0  0 -2  0  2  1 -2  0 -1  0 -3 -2 -1 1 0 0 0 0.02
-2 -4 -4 -3 -1 -3 -3 -3 -4  1  5 -3  1  0 -4 -2  1 -4 -3  1 1 0 0 0 0.02
-1 -1 -3 -4 -3 -3 -2 -3 -3  3  1 -1  3  3 -1 -2 -2 -3  1  2 1 0 0 0 0.02
 0 -1  2  3 -2  0  2 -1 -1 -2 -3  1 -2 -3 -2  1  0 -4 -2  0 1 0 0 1 0.02
-2  0  0  1 -2 -1  4 -3 -1 -2 -1  0 -1  2 -2  0 -1  0  2 -1 1 0 0 0 0.02
-2 -3  2  1 -1 -1  0 -4  2 -1  2 -3 -1  3 -1 -1 -2 -3  3  0 1 0 0 0 0.02
-2  0 -2 -2 -5  0 -1 -2 -4 -2 -2  1 -3 -5  6 -1 -2 -6 -5  0 1 0 0 1 0.02
-1  1  0  4 -5  0  2 -1  5 -4 -2  1 -2 -4 -2  0 -1 -5 -2 -3 1 0 0 1 0.03
-2  5 -2 -4 -2 -1 -1 -3  3 -2 -1  3 -1  0 -2 -1  0 -4  0 -2 1 0 0 1 0.03
-4 -2 -5 -1 -5 -5 -5  1  0 -2 -1 -5 -3  7 -1 -2 -1 -3  3 -2 0 0 1 0 0.03
 0  0 -1  1  0  0 -1  2 -2 -1 -2  0 -2 -1  2  0  0 -3 -1  0 0 0 1 1 0.04
 0  0  0 -1  0 -1 -1  2 -1 -1 -2  0 -2  2 -1  1  1 -3  0 -1 0 0 1 1 0.05
 1  3 -3 -3  4  0 -1 -2  1 -1 -2  0 -1 -2  1  0  0 -4  0  0 0 1 0 1 0.07
-1  0 -2 -3  0 -3 -4 -2 -4  3  0 -2  0  2  1 -1 -1 -4  0  3 0 1 0 0 0.09
-1 -2 -1 -1 -2 -2  1 -2  6 -1 -3  0 -4 -2  4  1 -2 -5 -1 -1 0 1 0 1 0.10
-1  0  0  0 -3  1  0  0  2  0 -1  0  1  1  1  0  0 -2  1  0 0 1 0 0 0.13
-2 -2 -2 -3 -5 -2 -2 -3 -5 -5 -2  0 -1 -1 -3 -1  7 -6  0 -3 0 1 0 1 0.13
-2  6 -1 -4 -4  0 -2 -1  1 -3 -3  0 -1 -4 -1 -1  0 -4  1 -1 0 1 0 1 0.14
-1  1 -2 -3 -1  0 -1 -2 -2  0 -1  0  0 -2  4 -1  1 -4 -2  2 0 1 0 0 0.16
-1  2 -1 -2 -2 -1 -1  0  0 -1 -2  2  0  0  3  0  1 -3  0  0 0 1 0 1 0.18
 2  4 -2 -2 -4 -1  0 -2  0 -2 -4  1 -1 -4  1  0  0 -4  0 -1 0 0 1 1 0.16
-1  0  1  4 -4 -1  2 -2  1 -2 -3 -1 -2 -2  1 -1  0 -4 -1 -2 0 0 1 1 0.18
-2 -1 -1 -1  1 -1 -1  0  0  2  0 -1  1  0 -1 -2  1  1  4 -1 1 0 0 0 0.20
-1  2 -2 -2 -2 -1  4  0  2 -4 -4  0  1 -1 -1  2  0 -4 -2 -2 1 0 0 1 0.19
 0  0  0 -2  2  1  0 -3  2  0 -1  0  1  1  0  0  0  3  1  0 1 0 0 0 0.20
 2  0  1  3 -4 -1  0  1 -1 -4 -4 -3 -1 -5  1  1  0 -2 -3 -1 0 0 1 0 0.20
-3  3 -4 -2 -6  1  0  4  0 -6 -6  4 -2 -6  0 -1 -2 -6 -5 -6 0 0 1 1 0.18
-3  6 -1 -1 -3  3  3 -3 -2 -4 -3  2 -2 -6 -2 -3 -3 -6 -5 -3 0 0 1 1 0.15
 0 -3  2  4 -4  1  2  0  0 -3 -3 -1  0 -5 -2  2  0 -5 -2 -3 0 0 1 1 0.17
-2 -3 -3 -4 -5 -2  1  0 -1  0 -1 -2  4  2 -3 -3 -1 -3  6  1 0 0 1 0 0.16
-3 -1 -1  0 -1  0  3 -5  5 -1  0  1  2  0 -1 -3 -2 -2  1 -1 0 0 1 1 0.13
-1  1  3  2 -5  1  1 -2 -1 -2 -3 -1 -4  5 -5 -1 -2 -4  1 -2 0 0 1 1 0.12
-1 -1  2  2 -4 -1 -1  1  2 -2 -2 -1 -1  0 -2 -1  0 -2 -1  2 0 0 1 1 0.10
-1  0 -1 -1 -3  0  0  1 -1  2 -1  0 -1  0  2  1  0 -3 -1  0 0 0 1 1 0.08
 0  0  0  2 -3  1  0  0  0 -2 -2  1  0 -1 -1  1  0 -4 -2  0 0 0 1 1 0.05
-2  2  1  0 -5  0  3 -3  2 -2 -3  3 -1 -2 -2  0 -2 -4  2 -2 1 0 0 1 0.05
-2  3 -1 -1  0  1  0  0  6 -4 -4  1 -2  0 -3 -2 -2  1  3 -5 1 0 0 1 0.03
 1  0 -1 -1  0  0  1 -1  0 -1  0  1  0  1 -1  0  0  0  1 -1 1 0 0 1 0.03
-2 -1 -3 -3 -5 -2 -1 -5  0  2  0 -2  2  6 -1 -2 -1 -4  0  1 1 0 0 0 0.03
-1 -3 -5 -3 -2 -4 -3 -2 -5  4  1 -2  5  1 -1 -1 -1 -5 -4  2 1 0 0 0 0.04
-3 -3  0  2 -2  1  6 -5 -1 -1 -2 -2 -2 -3 -5  1  0 -6 -3 -3 1 0 0 1 0.04
 1  3  0  1 -2  0  0 -3  3 -1 -2  2 -3 -1 -4  0 -2  0  0 -2 0 0 1 1 0.04
 0  0  0  0  2  0  0 -1  1  0 -1  0  1  0  0  0  0 -2  1  0 0 0 1 1 0.05
 0  0  1  0 -3  1  1 -1  2  1 -1  1  2  0 -3  0  0  2  1 -1 0 0 1 1 0.05
 1  0  0 -1 -3  0  0 -1  0 -1 -1  0  1  2 -1  0  1 -2  1 -1 0 0 1 1 0.07
 0  4  1 -2 -3  2  3 -1  0 -3 -4  1  0  1 -4 -1 -1 -4  1 -4 0 0 1 1 0.07
-1  0  1  1  0  0  0  2  1 -3 -3  0 -3 -1 -3  2  0 -4 -1 -2 0 0 1 1 0.07
 0 -1  2  2 -2 -1  1  1  2 -1 -3  0 -2 -2 -3  2  0 -4 -2 -3 0 0 1 1 0.07
-1 -1 -2 -2 -2 -2 -2  1  1  2  2 -1  1  1 -4 -1  0 -1  0 -1 1 0 0 0 0.05
 2 -1  1 -1  1  0  0 -1  1  0  0 -1 -1  0 -1  0 -1 -3 -1 -1 1 0 0 1 0.05
-1 -1  1  1 -4  0  4 -1 -1 -2 -2  0  2  1 -3 -1 -1 -3  2 -3 1 0 0 1 0.03
-3 -6 -4 -2 -6 -2 -2 -2 -4 -2 -3 -3 -1  1 -7 -3 -4 -3  8  3 1 0 0 0 0.03
-2 -1 -1 -5 -6  3 -2  6 -2 -1 -6 -1 -5 -6 -5 -3 -3 -6 -6 -1 1 0 0 0 0.02
-1 -2 -1 -3 -1  1  0 -3 -1 -1 -4 -3 -5 -6 -5  1  6 -6 -5 -1 1 0 0 1 0.02
-1  1 -1  0 -5 -3  3 -3  0 -3 -5  2 -5 -3 -4  4  1 -6 -3 -3 1 0 0 0 0.02
-2 -4 -4 -6 -2 -3 -5 -5 -1  5  2  1 -1  1 -5 -4 -1 -1  0  3 1 0 0 0 0.01
 1 -1 -1  3 -6  3  5 -4 -3 -3 -5  1 -2 -6 -4 -1 -3 -6 -5 -3 1 0 0 1 0.01
 3  4  0 -1 -4 -3 -2 -3 -1 -5 -3 -2 -4 -5 -4  4  2 -6 -5 -4 1 0 0 0 0.01
-4 -5 -5 -5 -4 -5  0 -6 -5  5  0 -5 -2 -3 -5 -5 -4 -5  1  5 1 0 0 0 0.01
-2  3 -1 -1  0  1  1 -2  2 -2 -2  1  0  2 -3 -1 -1  2  2 -2 1 0 0 0 0.01
 0  0  0  0 -2  1  0  0  2  0  0  0  1  0 -2  0  0 -2  1  0 1 0 0 1 0.01
-2 -4 -2 -4  0 -2 -3 -4 -4  3  1 -4  0  0 -2 -2 -1 -4 -3  5 1 0 0 0 0.01
 2 -1 -1 -2  0  1 -1 -1  3  1  0 -1  1 -1 -3  0  0 -3 -2  1 1 0 0 0 0.01
 1  2  1  1  0  2  2 -1  1 -3 -2  1  0 -4 -2  1 -1 -4 -3 -3 1 0 0 1 0.01
 0  0  1  0  0  3  1 -1  0 -2 -2  2  0 -4 -1  1  1 -4 -3 -3 0 0 1 1 0.01
-1 -2  1 -1 -4 -1  0  5 -1 -3  1 -2  1 -3 -3 -1 -2 -4 -3 -3 0 0 1 0 0.01
-2  2  1 -2  1  3  0 -2  1 -3 -1  4  0 -2 -3 -1 -2 -3  0 -2 0 0 1 1 0.01
-1 -1 -2 -3 -1 -1 -2 -3  3  3  2  0  2 -1 -3 -2  0 -3 -2  2 0 1 0 0 0.01
 0 -5 -4 -5  9 -4 -5 -4 -5  1 -1 -4 -2 -4  0 -2 -1 -4 -4  2 0 1 0 0 0.01
-1 -4 -4 -4  3 -3 -4 -4 -4  4  2 -3  0 -2 -4 -3 -2 -4 -2  4 0 1 0 0 0.01
-3 -4 -5 -5 -3 -4 -4 -5 -4  1  5 -4  2  0 -4 -4 -3 -3 -2  1 0 1 0 0 0.01
-2 -2  1  6 -4 -1  0 -2  0 -3 -2 -1 -3  1 -3 -1 -1 -4 -2 -3 0 1 0 0 0.01
 1 -2 -2 -2  3 -2  0 -2 -3  2  1 -2  1 -2 -2  0  0 -3 -2  2 0 0 1 0 0.01
-2 -1  1  5 -3  0  3 -2 -1 -3 -2 -1  0 -3  2 -1 -2 -3 -2 -2 0 0 1 1 0.01
 0 -2 -1 -2 -1 -1 -1  0  3 -1 -2 -2  3 -2  3  1  2 -3 -2  0 0 0 1 1 0.02
 0 -1 -2 -2 -1  1  0  1 -1  2 -1  0 -1 -2  2 -1 -1 -1 -1  1 0 0 1 0 0.02
-1 -1  4  0 -4  4  0  1  3 -4 -3  0 -3 -3 -2 -1 -2 -3 -2 -3 0 0 1 1 0.02
 3 -2 -1 -3 -2 -1 -3  3  5 -2 -2 -2 -3 -4 -3  0  0 -4 -2 -1 0 0 1 0 0.02
 0 -3 -4 -4  0 -1 -3 -3 -4  3  1 -1 -1 -3  5 -2 -3 -4 -4  2 1 0 0 0 0.03
-1  2 -1 -1 -4  2  1 -3  0 -1 -2  4 -1 -4 -1  0 -1 -4 -3 -2 1 0 0 1 0.03
 0  3  0 -2 -3  4 -1 -2 -1  0  0  0 -1 -3 -3  0 -1 -4 -1  1 1 0 0 1 0.03
-2 -1 -4 -3 -3 -4 -4 -5  0  2  4 -1  0 -2 -4 -4 -2 -4 -3  3 1 0 0 0 0.03
 1  4  0 -2 -3  2 -1 -1  2 -3 -3  3 -1 -4 -3 -1 -2 -4 -1 -2 1 0 0 1 0.02
 0  1  0 -1 -2  0  0 -3  1 -1 -2  3 -1 -3 -3  1  2 -4 -2  0 1 0 0 1 0.02
 2 -2 -2 -3 -2 -3 -2  0 -2 -2  0 -1 -2 -2  0  2  4 -1 -2 -1 0 0 1 0 0.02
-1  1  0  2 -2  2  2  0  2 -3 -4 -1 -2 -1  0  2 -2 -4 -1 -3 0 0 1 1 0.01
-2 -4 -5 -3 -4 -3 -3 -5 -4  1  5 -4  1  3 -2 -1  0 -4 -1 -2 0 0 1 0 0.01
 2  0  2 -1 -2  1 -1 -2  2 -3 -1  2  2 -2 -1  0 -2 -2  2 -2 0 0 1 0 0.01
 2 -5 -3 -1 -2 -4 -2 -5 -5 -6 -6 -2 -5 -6  8 -3 -4 -6 -6 -3 0 0 1 0 0.01
-3  1 -4 -2  0 -4 -3 -3 -1  4  1 -2 -1  2 -4 -4 -1 -3  4  1 0 1 0 0 0.01
 0 -4 -3 -4  0 -2 -4 -3 -2  2 -1 -1  1  2 -4 -2 -1 -3  4  3 0 1 0 0 0.01
-2 -5 -5 -5 -2 -5 -5 -5 -5  5  1 -5 -1  0  0 -3 -3 -5 -4  4 0 1 0 0 0.01
-5 -5 -5 -6 -2 -3 -5 -3  0 -4  0 -5  0  7 -6 -2 -5  0  5 -3 0 1 0 0 0.01
-4 -5 -3 -5 -4 -5 -3 -5 -5  6  1 -5 -1 -2 -2 -4 -2 -5 -4  4 0 1 0 0 0.01
 2  2  0 -3  0  2 -1 -3 -1 -1 -3  4 -2 -2 -3  0 -1 -4 -3 -1 0 1 0 0 0.02
 1 -3 -3 -3 -3 -2 -3 -3 -3  2  0 -3 -1  0  5 -1 -1 -3  1  2 0 0 1 0 0.03
-1 -1  0 -1 -3 -2 -2 -3 -2 -1 -3  0 -1 -2  6  2  1 -4 -3  0 0 0 1 1 0.05
 1 -2  1  0 -2 -1 -1  1 -3 -3 -4 -1 -2 -4  0  5  0 -4 -3 -3 0 0 1 1 0.08
 0 -3 -2 -2 -4 -1 -3 -4 -2  1  1 -2  4  1  5 -2 -2 -4  1 -1 1 0 0 0 0.09
 0  0  1  0 -3  1  0  0  2 -2 -1  0  1 -2  1  0  0 -2  1  0 1 0 0 1 0.13
-1 -1  0 -1  3  0  1 -1  0  1 -2 -1  0 -1 -1  1  0  2 -1  1 1 0 0 0 0.18
 0  0 -2 -2 -2  1  0 -3 -2  0  0  0  1  1  1  0  0  4  1  0 1 0 0 0 0.27
 0  1  0  1 -3  1  2 -1  3 -1 -2  1  0 -3  0  0 -1 -3 -2 -1 1 0 0 0 0.27
 0  3  1  1 -3  2  1 -1  0 -1 -1  1 -2 -3  1  0 -1  0 -3 -2 1 0 0 1 0.29
-1  1 -1 -2 -3  0 -1 -2 -2  2  2 -1  1 -1 -2  0 -1 -3 -2  0 1 0 0 0 0.35
-1  0 -1 -1  1  0 -2 -3  0  1  2  0  3  0 -3 -1  0 -3 -1  0 1 0 0 0 0.32
-1  3 -1  1 -2  1  3  0  0 -3 -3  2 -1 -2 -3  0 -1 -4 -1 -2 1 0 0 1 0.44
 0 -1  2  0 -3 -1 -1  0 -1 -1  0  0  2 -2 -1  2  1  2 -1 -1 1 0 0 1 0.40
-1  5  3  1 -2 -1  0 -3 -1 -3 -2  0 -2 -4 -1 -1  1 -5 -2 -3 0 0 1 1 0.52
 0  1  0  0 -4  0  1  3  0 -2 -3  2  0 -2  0  0 -1 -4 -3 -3 0 0 1 1 0.43
-1  4 -3 -1 -4  0 -1 -3 -3 -2 -2  3 -1 -5 -1  0  2 -1 -4 -2 0 0 1 1 0.39
 0 -2 -1 -1 -2  1  2 -2 -1  0  1 -2  2  0 -1  1  0 -3 -1 -1 1 0 0 1 0.37
 0  1  0  0 -2  3 -1 -2 -2 -4 -2  1 -1 -3 -2  1  4 -5 -4 -3 1 0 0 1 0.28
 0 -2 -1  2 -5  0  4 -2  0 -2 -1  0 -1 -2 -1  0 -1 -5 -2 -2 1 0 0 0 0.31
-2  1 -2  1 -6  0  5 -4 -2 -4 -4  3  0 -1 -3 -2 -2 -6 -3 -3 1 0 0 1 0.30
-2  0  1  2 -5  4  2 -3  4 -3 -3 -1 -1 -2 -2  1 -1 -4  0 -3 0 0 1 1 0.33
 2 -2 -4 -2 -1 -1 -1 -3 -4  0  3 -3  2  0 -2  0 -1 -1 -2 -1 0 0 1 0 0.36
-1  3  2 -1 -4  4  0 -2  1 -3 -2  3 -2 -3 -3  0 -2 -4 -4 -3 0 0 1 1 0.30
-1  1 -1  0 -4  0  2 -3 -2 -1 -2  4 -1 -2 -3  0 -1 -4 -3  1 1 0 0 0 0.24
-2  2 -2  0 -2  4  0 -3 -2  2 -1 -1  3 -4 -3 -1  2 -4 -3 -1 1 0 0 0 0.19
-2  1 -2 -2  1  0 -1 -2 -3  1  2 -1  2  1 -3 -2 -1  1  1  0 1 0 0 0 0.17
 1  0  1  2  0  1  1 -1  0 -1 -1  0  1 -3 -2  0  0 -3 -1  0 1 0 0 0 0.13
 2  1  1  0 -3  0  1 -1 -2 -1 -1  0  0  1 -2  1  0 -3  0 -1 1 0 0 0 0.11
 5 -2 -1 -2  1 -3 -2  0 -4 -2 -1 -2 -3 -4 -4  2  0 -5 -1 -2 1 0 0 0 0.08
 0  1  0  1 -1  2  4 -2  2 -2 -2  0  1 -4 -3  0 -1 -4 -1 -2 1 0 0 1 0.07
-1  3 -1 -1 -4  0  1 -2 -1 -1 -1  4  1 -1 -3  0 -1 -4 -3 -1 1 0 0 1 0.05
-2 -1 -3  1 -4 -2  1 -3  1  3  3 -3  4 -1 -4 -3 -2 -4  0 -1 1 0 0 0 0.04
 0 -1 -1  0 -2  1  4 -2 -1 -1 -1 -2  1  1 -2 -2 -2 -4  2 -2 1 0 0 1 0.03
 1  1  0 -1 -5  4  1 -1  0 -2 -2  0 -4  0 -4  0 -2 -4  2 -2 1 0 0 1 0.03
 1  0  0  0  3  1  1 -1  0 -1  0  0  0 -1 -1  0  0 -3  0 -1 0 0 1 0 0.02
-1 -2  0 -1  0  0 -1 -2  1 -2 -2 -1  0  3  0  0  0  3  5 -2 0 0 1 0 0.02
 0  0  0  0 -2  1  0  0 -2  0 -1  0  1 -2  1  0  0  3 -2  0 1 0 0 1 0.01
-1  0  0  1 -5  0  3  1  5 -5 -2 -1 -4 -1 -1  0 -1 -4  0 -4 0 0 1 1 0.01
-1 -1  0 -3  1  0 -1  0  1  0  1 -1  1  2 -1 -1 -1  2  2  0 0 0 1 0 0.01
-2 -5 -1 -5  1 -5 -5 -5  3 -1 -1 -5 -3  7 -5 -4 -4  3  2  0 0 0 1 0 0.01
-1 -4  0  6 -5 -1  0 -2  1 -5 -6 -3 -5 -6 -4  0  2 -6 -5 -5 0 1 0 0 0.01
 1  0 -2 -2 -1  0 -1 -1  2  0  1  0  2  0 -3  0  0 -3  1  1 0 1 0 0 0.01
-2 -2 -4 -5  0 -2 -3 -5 -4  5  0 -3  0  0 -2 -2  0 -4  0  4 0 1 0 0 0.01
-2 -2 -5 -5 -4 -4 -2 -5 -5  5  3 -2 -1 -1 -5 -4 -3 -4  0  3 0 1 0 0 0.01
-1 -1  0  1 -3  1  1 -3  0  1 -2 -1 -2 -1 -3  0  0 -1  0  3 0 0 1 1 0.01
-1 -1  6 -2 -5 -1  2  2  0 -5 -2  0 -4 -5 -4 -1 -3 -5 -4 -5 0 0 1 1 0.01
-2 -2  4  5  0  0  1 -1 -1 -4 -5 -2 -3 -5 -4 -1  0 -6 -2 -3 0 0 1 1 0.01
-2  0  2  5 -5  2  0 -1 -2 -2 -4 -1 -4 -5 -3  0  1 -5 -4 -1 0 0 1 1 0.01
-2 -4 -4 -5 -4 -3 -3 -4 -2  2  5 -4  2  2  0 -2 -2 -4 -2  0 1 0 0 0 0.01
-3 -1  0  5 -6  0  5 -2 -2 -5 -5 -1 -5 -4 -1  0 -2 -6 -5 -3 1 0 0 1 0.01
-1  0  0  4 -4  0  3 -3 -1 -2 -3  1 -2 -1 -3  1 -1 -5 -2 -1 1 0 0 1 0.01
 4 -4 -4 -4  1 -2 -4 -2 -1  2 -1 -3 -2 -4 -2  1  2  3 -4  0 1 0 0 0 0.01
-2 -5 -5 -6  6 -5 -2 -4 -3 -1 -1 -5 -4  3 -5 -2 -2  0  7 -1 1 0 0 0 0.01
 0  2  1  0 -2  1  4 -1  2 -3 -3  0 -2 -3 -3  1  0 -1 -2 -3 1 0 0 1 0.01
-1  1 -1  0 -2  3  3 -3  5 -2 -3  2 -2 -5 -4 -1 -1 -5 -3 -3 1 0 0 1 0.01
-3 -5 -6 -6  0 -2 -5 -6 -5  2  5 -5  1  1 -5 -2 -3 -4 -3  2 1 0 0 0 0.01
 2  3 -2 -3  0  0  0 -2 -1 -1 -2  4 -1 -3 -3 -1 -2 -5 -4 -1 1 0 0 0 0.01
 0  0  1  2 -2  2  3 -1  0 -4 -3  0 -2 -4 -3  1  0 -4 -3 -2 1 0 0 1 0.01
 1 -3 -4 -3 -2 -2 -3 -4 -2  2  1 -4  0  3 -4 -2 -1  1  4  2 1 0 0 0 0.01
-3 -4 -5 -5 -1 -1 -4 -5 -5  5  4 -4  1 -1 -5 -4 -3 -4 -3  3 1 0 0 0 0.01
-3 -1 -2  4 -5  1  6 -4 -1 -5 -4  0 -2 -5 -4 -1 -2 -5 -4 -5 1 0 0 1 0.01
 3 -1 -1 -1 -3  2  3 -1 -2 -3 -3  2 -3 -4  0  0  0 -4 -3 -2 1 0 0 1 0.02
-1 -3 -3 -2 -3  0 -1 -3  4 -2 -1 -3 -2  3 -3 -3 -3  3  6  0 1 0 0 0 0.03
-3 -2 -3 -1 -3 -1 -1 -2 -3  3 -1 -3 -2 -1 -4 -2 -3 10  1 -2 1 0 0 0 0.05
 0  3  1  0 -3  1 -1 -1  2 -2 -1  2  1 -3 -2  0  0 -3 -2  0 1 0 0 1 0.09
 4 -1 -2  1 -2  1 -1 -1 -3 -3 -2  0 -2 -4  1  1  0 -4 -3 -1 1 0 0 0 0.13
 0 -2 -2 -2  4  0  1 -3 -3  0 -1 -2 -2 -2 -3  1  4 -4 -3  0 0 0 1 0 0.27
-1 -2 -1 -1 -4  1  0  0  8 -4 -4 -2 -3 -4 -3  2  1 -4 -1 -4 0 0 1 0 0.36
-2  0 -2 -1 -4  0  1 -2  1 -4 -3  1 -3 -4  6  1  1  1 -3 -3 0 0 1 0 0.47
-1 -3 -3 -2 -4 -3 -2 -4  0 -4 -4 -2 -4 -2  7  0  2 -5 -2 -2 0 0 1 1 0.52
 0 -1 -1 -1  2  4  1  0  1  0 -2  0 -1 -3  0  1 -1 -1 -2  1 0 0 1 1 0.63
-1 -1 -2 -1  0  1  1 -2  0 -3 -3  1  0 -2 -1  2 -1  9 -1 -3 0 0 1 1 0.75
 0 -2  1 -1 -2 -2  0 -1 -3 -1 -2 -2 -2 -3  0  2  2  3 -2  3 0 0 1 1 0.73
-2 -3 -4 -3 -4 -3 -3 -4 -1 -2  0 -3 -3 -4  7 -1 -1  1 -3  0 0 0 1 1 0.83
 1 -1 -2 -2 -3 -2 -2 -1 -3 -2 -1 -2 -1 -3  5  3  1 -4 -3 -1 0 0 1 1 0.88
-2  1  3  3 -3  1  0 -2  0 -3 -3  2 -2 -4  0  0  2 -4 -3 -3 0 0 1 1 0.84
 1 -2 -2  2 -3 -1  1 -2 -2 -3 -3 -1 -3 -4  6 -1 -2 -4 -3 -2 0 0 1 1 0.84
-1 -3 -3 -3 -2 -2 -3 -3 -3  1  3 -3  1  3 -3  0 -1 -2  0  1 0 0 1 1 0.91
-2 -3 -4 -4 -2 -3 -3 -4 -3  1  4 -3  3  0 -3 -3 -2 -2 -2  1 0 0 1 1 0.93
