-1 -3 -2 -2 -3 -2 -2 -3 -3 -3 -3 -1 -3 -4  8 -1 -2 -4 -3 -3 0 0 1 1 0.67
 0 -3 -1 -2 -3 -2 -2  6 -2 -4 -4 -2 -3 -4 -3 -1 -2 -3 -3 -4 0 0 1 1 0.68
 0 -3 -1 -2 -3 -2 -3  6 -3 -4 -4 -2 -3 -4 -3 -1 -2 -3 -4 -4 0 0 1 0 0.55
-1  0  2 -1 -2  0 -1 -2 -1  1  0  3  0 -2 -2 -1 -1 -3 -2  1 0 1 0 0 0.61
 3 -2 -1 -2  4 -1 -1 -1 -2 -2 -2 -1 -2 -3  3  2  0 -3 -2 -1 0 1 0 0 0.49
-3 -3 -4 -5 -3 -3 -4 -3 -2 -2 -1 -4 -1  5 -4 -3 -3 10  2 -3 0 1 0 0 0.50
-1  1 -1 -2 -1 -1 -1 -2 -2  1 -1 -1 -1 -2 -2  0  4 -3 -2  1 0 1 0 0 0.60
 0 -2 -3 -3 -2 -2 -2 -3 -3  1  3 -2  1 -1  3 -2 -1 -2 -2  0 0 1 0 0 0.76
-1 -3 -3 -3 -1 -3 -3 -4 -3  4  1 -3  1 -1 -3 -2  1 -3 -2  3 0 1 0 0 0.80
-1 -2  1  5 -3  0  2  1 -1 -3 -4 -1 -3 -3 -2  2  0 -4 -3 -3 0 0 1 1 0.68
 0 -2  0  3 -3 -1 -1  3 -2 -3 -4 -1 -3 -4  4  0 -1 -4 -3 -3 0 0 1 1 0.69
 0 -1  2  0 -2  1  1 -1 -1  0 -1  0  2 -2 -2  1  2 -3 -2 -1 0 0 1 1 0.67
-1  1 -1 -2 -2 -1 -2  1 -2  0  2 -1  0 -1 -2  0  3 -3 -2  0 0 0 1 1 0.62
-1 -1  4  4 -3  0  0 -1 -1 -3 -3 -1 -3 -3  1  2  0 -4 -3 -3 0 0 1 1 0.73
 2 -2 -2 -2 -1 -1 -1 -2 -2 -1 -2 -1 -1 -3  5  0  3 -3 -2  1 0 0 1 0 0.70
 1 -1  1  0 -1 -1 -1 -1 -1 -2 -2 -1 -1  1 -1  3  3 -2 -1 -1 0 0 1 1 0.76
 3 -2  0  3 -1 -1  0 -1 -2 -2 -3 -1 -2 -3 -1  2  0 -3 -2 -1 0 0 1 0 0.75
 1 -3 -2 -2 -3 -2 -2 -2 -3 -3 -3 -1 -3 -4  7 -1 -1 -4 -3 -2 1 0 0 0 0.75
 1 -2  0 -1 -2 -1 -1  4 -2 -3 -3 -1 -2 -2 -1  2  0 -2 -2 -2 1 0 0 0 0.79
 3 -1 -1 -1 -1 -1 -1  0 -2 -2 -2 -1 -2 -3 -1  3  0 -3 -2 -1 1 0 0 0 0.69
-1 -2 -3 -3 -1 -2 -3 -3 -3  2  4 -2  2  0 -2 -2 -1 -2 -1  1 1 0 0 0 0.70
-2  5 -1  1 -3  2  0 -3 -1 -2 -2  1 -2 -3 -2 -1 -1 -3 -2 -1 1 0 0 1 0.56
-2  3 -2 -3 -2  1 -1 -3 -2  0  3  0  3 -1 -3 -2 -1 -2 -2  0 1 0 0 1 0.58
 1 -1 -2 -3 -2 -1 -2 -3 -2  1  2  1  5 -1 -2 -1 -1 -2 -2  1 1 0 0 0 0.72
 0 -2 -1 -1 -2 -1 -1 -2 -2 -2 -2 -1 -1 -3  3  2  5 -3 -2 -1 0 0 1 0 0.69
 0 -2  0 -1 -1 -1 -1  1 -2 -2 -2 -1 -1 -3 -1  3  4 -3 -2 -1 0 0 1 0 0.68
 2  2 -1 -2 -2  0  0 -1 -1 -1  0  1 -1 -2 -2  0 -1 -3 -2  0 0 0 1 1 0.53
-2 -2  1  6 -3 -1  1 -2 -2 -2  0 -1 -2 -3 -2  1 -1 -4 -3 -2 0 0 1 1 0.53
-1 -2  1 -2 -2 -2 -2 -3 -1  2  2 -2  0  1  2 -2 -1 -2  2  2 0 0 1 0 0.49
 1 -2 -1 -2 -2 -1 -1 -2 -2 -3 -3 -1 -2 -4  6  2 -1 -4 -3 -2 0 0 1 0 0.53
 0 -1  2 -1 -2  2  1 -2 -1  0 -1  0 -1 -2 -2  1  3 -3 -2  0 0 1 0 1 0.63
 0 -2 -1  1 -2  0 -1  2 -2  0  1 -1  0 -2 -2  0  1 -3 -2  0 0 1 0 0 0.61
 2  0  1 -1 -2  0 -1 -1 -1 -1  1  2  0 -2 -2  2  0 -3 -2 -1 0 1 0 0 0.66
-1 -1 -2 -2 -2  1  0  0 -2  1  1  0  0  2 -2 -1  0 -2  0  1 0 1 0 0 0.61
-1 -2 -1 -2  3 -1 -1 -2 -1  0 -1 -1 -1  0  2  1  1  5  3 -1 0 1 0 0 0.56
 1  1  3  0 -2  2  0  1  0 -2 -2  0 -1 -2 -1  1  0 -2 -2 -2 0 1 0 0 0.48
 1 -2 -2 -2 -1 -1 -1 -2 -2  1  1 -1  0 -1  2  0  2 -2 -1  1 0 0 1 0 0.47
 0  1  1  1 -2  0  1  1 -1 -1  0  0 -1 -1 -2 -1 -1 -2  0  0 0 0 1 1 0.54
 1 -1  5  2 -3 -1 -1  2 -1 -3 -3 -1 -3 -3 -2  0 -1 -4 -3 -3 0 0 1 0 0.49
 0 -1  0 -1 -2  1 -1  3 -1 -3 -3  0 -2 -3  2  2  1 -3 -2 -2 0 0 1 1 0.41
 0 -1  1 -1 -1 -1 -1 -1 -2 -2 -2 -1 -2 -3 -2  3  4 -3 -2 -1 0 0 1 1 0.33
 1 -2 -1 -2 -3 -2 -2  5  3 -2 -3 -2 -2 -3 -2 -1 -2 -3 -2 -1 0 0 1 1 0.31
 1  1 -2 -2 -2 -1 -1 -2 -2 -1  0  0  2  3  2 -1 -1 -1  0 -1 0 0 1 0 0.32
 0 -2 -2  1 -2 -2 -2  0 -3  2  2 -2  1 -1 -2 -1  0 -3 -2  1 0 0 1 0 0.29
 0 -2 -2 -2 -3 -2 -2 -2 -3  0 -2 -2 -2 -3  7  1 -1 -4 -3 -2 0 0 1 1 0.28
 0 -1  3  2 -2 -1  0  1 -1 -2 -2 -1 -2 -3 -2  2  2 -3 -2 -1 0 0 1 0 0.26
 0 -1  3  2 -2  0  1 -1 -1 -3 -3 -1 -2 -3 -2  4  0 -4 -2 -3 0 0 1 1 0.23
-1 -2  0  0 -2 -2 -2  3 -2 -1  2 -2  0 -1 -3  0 -1 -3 -2 -1 0 0 1 0 0.20
 1 -1 -2 -2 -2  2  1 -2 -1  1  0 -1  4 -2 -2 -1 -1 -3 -2  1 0 1 0 0 0.15
-2 -3 -3 -4 -2 -3 -3 -4 -1  2  2 -3  0  4 -3 -3 -2  0  4  0 0 1 0 0 0.12
 1 -3 -3 -3 -1 -2 -3 -3 -3  2  2 -2  1 -1 -3 -2 -1 -3 -2  3 0 1 0 0 0.08
-1 -1 -1 -2 -2 -1 -1 -2  2  1  0  0  1 -2  2  1  1 -3 -1  2 0 1 0 1 0.08
 0 -1  1  4 -3 -1  0 -1 -1 -3 -3  0 -2 -2  2  1  0 -2  1 -2 0 0 1 1 0.08
 1  1  2 -1 -2 -1 -1 -1 -1  0 -1 -1 -1 -2  0  1  2 -3 -2  1 0 0 1 1 0.07
-1  0  0  2 -3  1  0 -2 -1 -2 -2  3 -2  0 -2  1  1 -3 -1 -1 0 0 1 1 0.05
-1 -1 -1  1 -4  1  5  2 -1 -4 -4  0 -3 -4 -2  1 -1 -3 -3 -3 0 0 1 1 0.04
-1 -1 -1  1 -2  1  2 -2 -2 -1 -2 -1 -1 -3  4  0  2 -3 -2  0 0 1 0 1 0.03
-2 -3 -3 -4 -2 -2 -3 -4  0  0  3 -3  0  3 -3 -3 -2  0  5  0 0 1 0 0 0.02
 0 -2  2 -1  3 -1 -1 -2 -2  0 -1 -1 -1  2 -2  2  1 -2 -1  0 0 1 0 0 0.02
 1 -3 -3 -3 -2 -2 -3 -3 -1  1  0 -2  0  2 -3 -2 -1  0  4  3 0 1 0 0 0.02
-1 -3 -3 -4 -1 -2 -3 -4 -3  3  3 -3  2  0 -3 -2 -1 -3 -1  3 0 1 0 0 0.02
-1 -1  1 -1 -2 -1  0 -2 -2 -2 -2 -1 -2 -3  2  1  4 -3 -2 -1 0 1 0 0 0.03
-1  1  2  2 -4  2  4 -1 -1 -4 -3  0 -2 -4  2  0 -1 -3 -3 -3 1 0 0 1 0.02
-2 -1  3  2 -3  0 -1  0  7 -4 -4 -1 -2 -2 -2  0 -1 -3  0 -4 1 0 0 0 0.02
 4 -2 -2 -2 -1 -1 -2 -1 -2 -1 -1 -1  3 -2 -2  0  1 -3 -2  0 1 0 0 0 0.02
-2  2 -3 -3 -2 -2 -3 -4 -3  4  1 -1  2 -1 -3 -2 -1  5 -1  1 1 0 0 0 0.03
 1 -1 -1  0  2  0  3 -1 -1 -3 -3  0 -2 -3 -1  2  1 -3 -2 -2 1 0 0 1 0.03
-1  0  2  0 -2  4  1 -2 -1 -3 -2  0 -1 -3 -2  1  3 -3 -2 -2 1 0 0 0 0.04
-2 -3 -4 -4 -3 -3 -4 -4 -2  0  2 -3  2  6 -4 -3 -2  0  2 -1 1 0 0 0 0.05
-1 -1  1  1 -3  2  4  0 -1 -3 -3  0 -2 -3 -2  2  1 -3 -2 -2 1 0 0 1 0.05
-1  2 -1 -1 -4  1  0 -2 -1 -3 -3  6 -2 -4 -2 -1 -1 -4 -3 -3 1 0 0 1 0.05
 2 -2 -2 -2 -1 -2 -2 -2 -2  0  3 -2  1 -1 -2  1  0 -2 -2  0 1 0 0 0 0.07
 1 -1 -1 -1 -2  4  3 -2 -1 -1  0  0 -1 -2 -2  0 -1 -2  0  0 1 0 0 0 0.06
-1 -2  2 -1 -2 -1 -2  1 -1  0  1 -2  4  1 -3  0  1 -2 -1 -1 1 0 0 1 0.07
 4 -2 -1  2 -1 -1  1 -1 -2 -2 -2 -1 -2 -3 -1  0 -1 -3 -2  0 1 0 0 0 0.06
-1 -3 -3 -3  7 -3 -3 -3 -3  2  1 -3  0 -1 -3 -1  1 -2  0  2 1 0 0 0 0.05
-2 -1  4  1 -4  1  5 -2  0 -4 -4  0 -3 -4 -2  0 -1 -4 -3 -3 1 0 0 1 0.04
-1 -2 -3 -3 -2 -2 -3 -3 -3  2  3 -2  3  2 -3  0 -1 -2 -1  1 1 0 0 0 0.04
-3 -2  3  4 -3 -1  0 -2 -2 -4 -3 -2 -3 -2 -3 -1 -2  9  0 -4 1 0 0 0 0.04
-2  5 -1 -1 -4  3  2 -3 -1 -4 -3  1 -2 -4 -2 -1 -1 -3 -2 -3 1 0 0 0 0.03
 1 -2 -1  3 -3 -1  2 -2 -2 -3 -3 -1 -3 -4  5  0 -1 -4 -3 -3 1 0 0 1 0.05
-2 -2 -3 -4 -2 -2 -3 -4  0  0  2 -3  2  3 -3 -2 -2  1  6 -1 1 0 0 0 0.04
-2 -3 -4 -4 -2 -3 -4 -4 -3  1  4 -3  1  5 -4 -3 -2 -1  1  0 1 0 0 0 0.04
 0 -1  2  4 -3  2  1 -1 -1 -3 -3  0 -2 -3 -2  2  0 -4 -3 -3 1 0 0 1 0.06
 4 -1 -2 -2 -1 -1  0 -1 -2 -1 -2  1 -1 -3 -1  0  1 -3 -2  1 1 0 0 1 0.07
-1  3  2 -1 -2  1 -1 -2 -1  0  0  1  1 -2 -2  0  2 -3 -2 -1 0 0 1 1 0.07
-1  1 -1 -2 -3 -1 -2  4 -2 -2 -2  1  1  1 -2 -1 -2 -2 -1 -2 0 0 1 1 0.08
-1 -2 -2 -2 -1 -1  0 -3 -2  2  1 -2  0 -1 -2  0  2 -3 -2  3 0 0 1 1 0.09
 0 -2 -1 -2 -2 -1 -2  3 -2 -1  1 -2  0 -2 -2  2  1 -3 -2 -1 0 0 1 0 0.08
-1 -3 -2 -2  7 -2 -2 -2 -3 -2 -2 -2 -2 -3  5  1  1 -3 -3 -2 0 0 1 0 0.07
 0 -1 -1  0 -2  1  3  3 -1 -2 -2  0 -2 -3 -2  1  0 -3 -2  0 0 0 1 1 0.07
 0 -2 -1 -1 -2 -1 -1 -1 -2 -2 -3 -1 -2 -3  4  3  3 -3 -2 -2 0 0 1 0 0.06
 0 -3 -3 -3 -2 -2 -3 -3 -3  2  1 -2  0  2  2 -2 -1 -2 -1  3 0 0 1 0 0.04
-1  0  3  1 -3  2  0 -2 -1 -1 -2  2 -1 -3 -2  0 -1 -3 -2  0 0 1 0 1 0.04
-2 -3 -3 -4 -2 -3 -3 -4 -2  2  3 -3  1  3 -3 -3 -1 -1  2  1 0 0 1 0 0.03
 1  2  0  0 -2  0  0  1  3 -3 -3  1 -2 -3 -2  3  0 -3 -1 -2 0 0 1 1 0.02
-2 -1  4  4 -3  0  0 -1  3 -4 -4 -1 -3 -3 -2  1 -1 -4 -2 -3 0 0 1 1 0.02
-2 -3 -3 -4 -3 -2 -3 -4  0 -1  0 -3 -1  5 -4 -3 -2  1  7 -1 0 1 0 0 0.01
-1 -2 -2 -3 -1 -2 -2 -3 -2  2  1 -2  0  0 -2 -1  3 -1  2  1 0 1 0 0 0.01
-1 -2 -1  1 -1 -2 -1 -3 -2  1 -1 -2  0 -1 -2  0  3 -2  1  3 0 1 0 0 0.01
-1 -2 -1 -2  1 -1  1 -3  3  0 -1 -1 -1  0 -2  0  3  0  5 -1 0 1 0 0 0.01
-1 -2 -2 -3 -2 -2 -2 -3  3  2  0 -2  2  1 -3  0  1 -2  0  3 0 1 0 0 0.01
 0  0  0  4 -2 -1  0 -1 -1 -3 -3 -1 -2 -3 -2  3  2 -4 -3 -2 0 1 0 0 0.01
 1 -3 -2 -3  8 -3 -3  3 -3 -2 -2 -3 -2 -3 -3 -1 -2 -3 -3 -2 0 0 1 0 0.01
-2 -3 -3 -4  2 -2 -3 -4  1 -2 -1 -3 -1  4 -4 -2 -2  1  7 -2 0 1 0 0 0.01
-1 -3 -4 -4 -1 -3 -3 -4 -4  2  0 -3  0 -1 -3 -2 -1 -4 -2  5 0 1 0 0 0.02
 0 -3 -1 -2 -3 -2 -3  6 -3 -4 -4 -2 -3 -4 -3 -1 -2 -3 -4 -4 0 0 1 0 0.02
 2 -3 -3 -3 -1 -2 -2 -2 -3  1  1 -2  0 -1 -2 -1 -1 -3 -2  4 0 0 1 0 0.03
 0 -1  0 -1 -1 -1 -1 -1 -2 -3 -3 -1 -2 -3 -1  5  3 -3 -2 -2 0 0 1 0 0.05
 4 -2 -2 -2 -1 -1  1 -1 -2 -2 -2 -1 -2 -3  2  0 -1 -3 -2 -1 1 0 0 0 0.06
-1  4 -1  1 -3  0  2  0 -1 -3 -3  1 -2 -3  2  1 -1 -3 -2 -3 1 0 0 1 0.05
 0  0  0  3 -3  5  1 -2 -1 -3 -3  0 -2 -4 -2  0 -1 -3 -2 -3 1 0 0 1 0.06
 5 -2 -2 -2 -1 -1 -1  0 -2 -2 -2 -1 -2 -3 -1  1 -1 -3 -2 -1 1 0 0 0 0.07
 2 -2 -2 -2 -1 -2 -2 -2 -2  0  2 -2  0  3 -2  1 -1 -2  0  0 1 0 0 0 0.07
-1  2  2  2 -3  0  0 -1 -1 -2 -3  2 -2 -3 -2  1  0 -3 -2 -2 1 0 0 1 0.08
-2 -1  6  0 -3 -1 -1  1  0 -4 -4  1 -3 -4 -3  0 -1 -4 -3 -3 1 0 0 1 0.08
-2 -3 -3 -4 -2 -3 -3 -4 -1  0  1 -3  0  5  1 -2 -2  0  4  0 1 0 0 0 0.07
-1  1 -2 -2  1  3 -1 -3 -2  2  0 -1  0 -2 -2 -1 -1 -3 -2  3 0 0 1 0 0.06
-1  2  0  1 -3  2  2 -2 -1 -3 -3  3 -2 -3 -1  1  1 -3 -2 -2 0 0 1 1 0.07
-1  0  3  3 -3  2  0 -1  3 -3 -3  1 -2 -3 -2  1 -1 -4 -2 -3 0 0 1 1 0.07
 1 -3 -2 -3 -2 -2 -2  4 -3  1 -1 -2 -1 -2 -2 -1 -1 -3 -2  3 0 0 1 0 0.06
-1 -1 -2 -2 -3 -1 -1 -2 -2 -1 -2  1 -2 -3  6  0 -1 -4 -3  1 0 0 1 1 0.06
-1 -3 -3 -4 -2 -3 -3 -4 -3  2  0 -3  0  4 -3 -2  0 -1  1  3 0 1 0 0 0.06
-2 -3 -3 -3 -2 -2 -3 -4 -3  4  2 -3  4 -1 -3 -2  0 -3 -2  2 0 1 0 0 0.06
 1 -1  0 -1 -1 -1 -1 -1 -2 -2 -2 -1 -2 -3 -1  3  4 -3 -2 -1 0 0 1 0 0.06
 0  1  0 -1 -2  0  0 -2 -1 -2 -2  3 -2 -3  2  2  3 -3 -2 -2 1 0 0 1 0.05
 0  3  0 -1 -2  0 -1 -2 -1 -1 -2  0  1 -2 -2  3  1 -3 -2  0 1 0 0 1 0.06
-2  5 -1 -1 -4  4  0 -1  3 -3 -3  2 -2 -3 -2 -1 -1 -3 -2 -3 1 0 0 1 0.06
 0 -2 -2 -3 -2  1 -2 -3 -2  2  2 -1  4 -1 -2 -1  0 -2 -2  1 1 0 0 0 0.06
-1 -1 -1 -2 -2 -1 -1 -3 -2  1  0  2  4 -2 -2  0  3 -3 -2  0 1 0 0 1 0.06
 0 -1  4  0 -2  2  1 -1  0 -2 -2  0  2 -3 -2  2  0 -3 -2 -2 1 0 0 1 0.06
-2 -3 -3 -4 -3 -3 -3 -4  0 -1  1 -3  0  5 -4 -3 -2  1  5 -1 1 0 0 0 0.07
-1 -1 -2 -3 -2  2 -1 -3 -2  1  0  1  4  3 -3 -2 -1 -1  0  1 1 0 0 0 0.05
 0  1  0  1 -2 -1 -1  1 -2 -1  0  1 -1 -2 -2  1  3 -3 -2 -1 1 0 0 1 0.05
 1 -2 -1 -1 -1 -1 -1 -1 -2  0 -1 -1  2 -2 -2  3  3 -3 -2 -1 1 0 0 0 0.05
 2 -3 -3 -3 -1 -2 -3 -2 -3  3  2 -2  1 -1 -2 -1 -1 -3 -2  2 1 0 0 0 0.04
 1  0 -1 -1 -3  5  1  1 -1 -3 -3  0 -1 -3 -2  1 -1 -3 -2 -2 1 0 0 0 0.03
 2 -1  5  0 -2  1 -1 -1  0 -3 -3 -1 -2 -3 -2  0 -1 -4 -2 -2 1 0 0 1 0.03
 2  4 -2 -2 -2 -1 -1 -2 -2  1 -1  0  0 -2 -2 -1 -1 -3 -2  1 1 0 0 0 0.02
-2 -3 -3 -4  3 -2 -3 -4 -3  1  4 -3  4  0 -3 -2 -1 -2 -2  0 1 0 0 0 0.02
 1  2 -1 -1 -2  3  1 -2 -1 -2 -2  2 -1 -3 -1  1  1 -3 -2 -2 1 0 0 1 0.02
 2  1 -1  2 -2  1  0 -1 -2  0  0 -1 -1 -2 -2  0 -1 -3 -2  1 1 0 0 1 0.02
-2 -3 -4 -4 -2 -3 -3 -4 -3  3  4 -3  1  0 -3 -3 -1 -2 -2  2 1 0 0 0 0.01
 2 -1  1 -1 -2  0  1  3 -1 -3 -3  1 -2 -3 -2  1 -1 -3 -2 -2 1 0 0 1 0.01
-1  0 -1 -2 -3  2  0  1 -2  0 -1  2 -1 -3  4 -1 -1 -3 -2 -1 1 0 0 1 0.01
-4 -4 -5 -5 -3 -3 -4 -4 -3 -4 -3 -4 -2  0 -5 -4 -3 12  1 -4 1 0 0 0 0.02
-1  0  2  1 -3  3  4 -2  0 -4 -3  0 -2 -4 -2  1 -1 -3 -2 -3 1 0 0 1 0.02
-1  2 -1 -1 -2  1  1 -2 -1  1 -1  2  1 -2 -2  0 -1 -3 -2  1 1 0 0 1 0.02
 1 -2  0  4 -3 -1  0 -1  4 -3 -3 -1 -2 -3 -2  2 -1 -4 -2 -3 1 0 0 0 0.02
-1 -3 -4 -4 -2 -3 -3 -4 -3  3  3 -3  1  0 -3 -3 -1 -3 -2  2 1 0 0 0 0.02
-2  6  2  2 -4  0  0 -2 -1 -4 -3  1 -2 -4 -3 -1 -2 -4 -3 -3 1 0 0 1 0.02
-1 -1 -1  0 -3  3  3 -2 -1 -1 -2  0 -1 -3 -2  0  2 -3 -2  0 1 0 0 1 0.02
 3 -2 -3 -3 -1 -2 -2 -1 -3  1  1 -2  0 -1 -2  0 -1 -3 -2  2 1 0 0 0 0.02
 0 -2 -3 -3 -2  1 -2 -3 -2  0  2 -2  6 -1 -3 -2 -1 -2 -2  0 1 0 0 0 0.03
 1 -1  2 -1 -1 -1 -1 -1 -2 -2 -2 -1 -1 -3 -2  2  5 -3 -2 -1 1 0 0 1 0.03
-2 -3 -3 -4 -2 -2 -3 -4 -3  3  3 -3  4  1 -3 -3 -1 -2 -1  1 1 0 0 0 0.04
-2 -3 -4 -4 -2 -3 -3 -4 -3  3  4 -3  3  0 -3 -3 -1 -2 -2  1 0 0 1 0 0.04
-1 -2 -2 -2 -3 -2 -2 -3 -3 -3 -3 -2 -2 -4  7 -1  3 -4 -3 -2 0 0 1 0 0.05
 0 -2 -1 -2 -2 -1 -1 -2 -2 -1 -1 -1  2 -2  4  1  3 -3 -2  0 0 0 1 1 0.08
-1 -1  2  4 -2 -1  0 -1 -1 -3 -3 -1 -2 -3 -2  3  2 -4 -3 -2 0 0 1 1 0.07
-1 -2 -1 -2 -1 -2 -2 -3 -3  1  1 -2  0 -2 -2  0  4 -3 -2  2 0 0 1 0 0.08
-1 -2 -1 -2 -2 -1 -1 -2 -2 -2  0 -1 -1 -3  6  2  2 -3 -3 -2 0 0 1 1 0.08
 3 -2 -2 -3 -2 -2 -2 -1  3  0 -1 -2 -1  3 -2  0 -1 -1  2  0 0 0 1 1 0.09
 0 -3 -1 -2 -3 -2 -3  6 -3 -4 -4 -2 -3 -4 -3  0 -2 -3 -4 -4 0 0 1 0 0.08
 0  1  0  1 -2  0  2 -1 -1 -3 -3  2 -2 -3 -1  3  1 -3 -2 -2 0 0 1 1 0.10
 0 -2 -2 -3 -1 -2 -2  0 -3  2  2 -2  1 -1 -2 -1  1 -3 -2  2 0 1 0 0 0.10
 0  0  1 -1 -2  0  0 -1  2 -2 -2  1 -2 -3 -1  3  2 -3 -2 -2 0 1 0 1 0.07
-1 -4 -3 -4 10 -4 -4 -3 -4 -2 -2 -4 -2 -3 -4 -2 -2 -3 -3 -1 0 1 0 0 0.06
-2 -1  2  5 -4  0  1 -2 -1 -3 -4  1 -3 -4  2 -1 -1 -4 -3 -3 0 0 1 1 0.04
-2 -2 -3 -4 -2 -1 -3 -3 -2  0  1 -2  6  0 -4 -3 -2  8  0 -1 1 0 0 0 0.03
-1  3  0 -1 -3  2  0 -2 -1 -3 -2  4 -1 -3 -2  0  1 -3 -2 -2 1 0 0 1 0.02
 1 -1  0 -1 -1 -1 -1 -1 -1 -3 -3 -1 -2 -3 -1  5  1 -3 -2 -2 1 0 0 0 0.02
-1 -3 -3 -4 -1 -3 -3 -4 -3  2  2 -3  1 -1 -3 -2 -1 -3 -2  4 1 0 0 0 0.02
-1 -3 -3 -4 -1 -3 -3 -4 -3  2  3 -3  1 -1 -3 -2 -1 -3 -1  4 1 0 0 0 0.02
 1  3  0 -1 -2  2  1 -1 -1 -3 -2  2 -1 -3 -1  0  0 -3 -2 -2 1 0 0 1 0.02
-2 -3 -3 -4 -3 -3 -3 -4 -1  0  1 -3  2  6 -4 -3 -2  0  4 -1 1 0 0 0 0.02
 0 -2 -3 -3 -1 -2 -3 -3 -3  2  2 -2  2  0 -3 -2 -1  5 -1  2 1 0 0 0 0.02
-2 -1  1  5 -4  2  2  0 -1 -4 -4  1 -3 -4 -2 -1 -1 -4 -3 -3 1 0 0 1 0.02
 0 -1  0  4 -3  0  3 -2 -1 -2 -3  1 -2 -3 -2  0 -1 -4 -3 -1 1 0 0 1 0.03
-1  0  4  0 -3  4  0 -2  0  1 -1  0 -1 -2 -2 -1 -1 -3 -2  1 0 0 1 1 0.03
-2 -3 -4 -4 -2 -3 -3 -4 -3  1  5 -3  2  0 -3 -3 -2 -2 -1  0 0 0 1 0 0.02
-1 -2 -2 -2 -3 -1 -1 -2 -2 -3 -3 -1 -3 -4  7  2 -1 -4 -3 -3 0 0 1 1 0.02
-1 -2  0  4 -3  0  2 -2 -1 -1  0 -1 -1 -2 -2  0 -1 -3 -2  0 0 0 1 1 0.02
-1 -2  0  5 -3  0  2 -2 -1 -2 -3 -1 -2 -3 -2  0  1 -4 -3 -1 0 0 1 1 0.02
-1 -1  5  0 -2  0 -1 -1  4 -3 -3 -1 -2 -3 -2  3  0 -4 -1 -3 0 0 1 0 0.02
-1 -2 -3 -3 -2 -2  0 -4 -3  1  4 -2  1  0  1 -2 -1 -2 -2  1 1 0 0 0 0.02
-1 -4 -3 -4  8 -3 -4 -3 -4  1 -1 -3 -1 -2 -3 -2 -1 -3 -2  2 1 0 0 0 0.02
-2  5 -1 -2 -3  0 -1 -3 -1 -2  0  2 -1 -2 -2 -1 -1 -3 -2 -2 1 0 0 1 0.02
-1  1 -1 -2 -2  2 -1 -3 -1  0  2  0  1  0 -2  0  0 -1  2 -1 0 0 1 0 0.02
-2 -2 -3 -4 -3 -2 -3 -4  1 -2 -1 -3 -1  4 -4 -2 -2  2  7 -2 0 0 1 0 0.02
-1 -2 -2 -2 -3  1 -1 -3 -2 -3 -3 -1 -3 -4  7 -1 -2 -4 -3 -3 1 0 0 0 0.02
-1  0  3  2 -3  2  3 -2  0 -3 -3  1 -2 -1 -2  0 -1 -2  2 -3 1 0 0 1 0.02
 2 -1 -1  0  4  1  4 -2 -1 -3 -2  0 -2 -3 -2  0 -1 -3 -2 -2 1 0 0 0 0.02
 4 -2 -2 -3 -1 -2 -2 -1 -2  0 -1 -2 -1  3 -2  0 -1 -2  0  1 1 0 0 0 0.02
 4 -2 -2 -3 -1 -1 -2 -1  0 -2 -2 -2 -1  1 -2  0 -1  0  5 -1 1 0 0 0 0.02
 2 -1  1 -1  2 -1  1 -1 -2 -1  0 -1 -1 -2 -2  1  2 -3 -2  0 1 0 0 1 0.02
 3 -2 -2 -2 -1 -1 -1 -1 -2  1 -1 -1 -1 -2 -2  2  0 -3 -2  3 1 0 0 0 0.02
 2 -2 -3 -3 -1 -2 -2 -2 -3  3  1 -2  0 -1 -2 -1 -1 -3 -2  2 1 0 0 0 0.02
 3 -2 -2 -2 -1 -1 -2 -1 -2  1  1 -1  0 -2 -2  1  0 -3 -2  1 1 0 0 0 0.02
-1  3 -1 -2  3  1  0  0  2 -2 -2  3  1 -3 -2 -1 -1 -3 -2 -2 1 0 0 1 0.02
-2  6 -1 -2 -3  0 -1 -3 -1  0 -2  2 -1 -3 -3 -1 -1 -3 -2 -1 1 0 0 0 0.03
-2 -1  5  0 -3 -1 -1 -2  1 -3 -3 -1 -2  0 -3  0  1  0  5 -2 0 0 1 0 0.04
-1 -3 -1 -2 -3 -2 -2  5 -3 -4 -4 -2 -3 -4  5 -1 -2 -3 -4 -3 0 0 1 0 0.06
 3 -2 -1 -2 -2 -2 -2  4 -2 -3 -3 -1 -2 -3 -2  0 -1 -3 -3 -2 0 0 1 0 0.07
-2 -3 -4 -4 -2 -3 -3 -4 -3  4  3 -3  1  0 -3 -3 -1 -3 -2  2 0 1 0 0 0.10
-2  6 -1 -2 -4  2  0 -3 -1 -3 -3  3 -2 -3 -2 -1 -1 -3 -2 -3 0 1 0 0 0.12
-2 -2 -3 -3 -2 -2 -2 -2 -2 -2 -2 -2 -2  2  4 -2 -2  9  1 -2 0 1 0 0 0.18
-1  1 -1 -1 -2  0  0  1 -1 -2 -1  3  1 -2  3 -1 -1 -2 -2 -2 0 0 1 1 0.23
 1  0  0  4 -3  1  2 -1 -1 -3 -3  0 -2 -3 -2  1  0 -4 -3 -2 0 0 1 1 0.25
 0  0 -1 -2 -2 -1 -1  1 -2 -1 -1 -1 -1 -2  4  0  2 -3 -2  1 0 0 1 0 0.30
-1  0  2  3 -3  1  1 -1 -1 -3 -3  2 -2 -3 -2  1  1 -3 -2 -2 0 0 1 1 0.28
 0  1  0 -1 -2  0  1 -1 -1 -1 -1  0 -1 -2 -1  3  2 -3 -2  0 0 0 1 1 0.28
 0 -2  0  3 -3 -1 -1  4 -2 -3 -4 -1 -3 -4  3 -1 -1 -4 -3 -3 0 0 1 1 0.28
-1 -1  0  3 -3  0  3 -2 -1 -2 -1  0 -2 -3  2  1  1 -3 -2 -2 0 0 1 1 0.28
 2 -2 -2 -2 -1 -1 -2 -1 -2  0  0 -1  0 -2  4  0  2 -3 -2  1 0 0 1 1 0.30
 0 -2 -2 -2 -2  2 -1 -2 -2 -1  1 -1  2 -2  5 -1 -1 -3 -2 -1 0 0 1 0 0.31
 2 -1  2 -1 -1 -1 -1 -1 -1 -2 -1 -1 -1 -2  1  3  0 -3 -2 -2 1 0 0 1 0.35
-1 -1  1  2 -3  1  1  0  3 -1  1 -1  1 -2 -2 -1 -1 -3 -1 -1 1 0 0 1 0.36
 3 -2 -2 -2 -1 -1 -1 -1 -2 -1 -2 -1 -1 -3  4  0 -1 -3 -2  1 1 0 0 0 0.33
-1 -2 -2 -3 -1 -2 -2 -3 -3  1  2 -2  0 -1 -2  0  2 -3 -2  3 1 0 0 0 0.36
-1 -1  5  0 -3 -1 -1  4 -1 -4 -4 -1 -3 -4 -3  0 -1 -4 -3 -4 1 0 0 0 0.38
 1 -1  0  3 -2  0  3 -1 -1 -1 -2 -1 -2 -3 -2  1 -1 -3 -2  0 1 0 0 0 0.41
-1 -3 -3 -4 -1 -3 -3 -4 -4  3  2 -3  1 -1 -3 -2 -1 -3 -2  4 1 0 0 0 0.36
 4 -2 -2 -2 -1 -1 -1  0 -2 -1 -2 -1 -1 -3 -1  1  1 -3 -2  0 1 0 0 0 0.33
 3 -2 -1 -2  3 -1 -2  3 -2 -2 -2 -1 -2 -3 -2  2  0 -3 -2 -1 1 0 0 0 0.34
 2 -2 -1 -1 -1 -1 -1  2 -2 -1 -2 -1 -1 -2 -2  3  0 -3 -2  1 1 0 0 0 0.34
 2 -2 -1 -2 -1 -1 -2 -1 -2 -1 -1 -1  1  2 -2  0  3 -2 -1  0 1 0 0 0 0.34
 1 -1  3 -1 -2  1 -1  1 -1 -1  1 -1  3 -2 -2  0  0 -3 -2 -1 0 0 1 0 0.36
 3 -2 -1 -2 -2 -1 -2  4 -2 -3 -3 -1 -2 -3 -2  1 -1 -3 -3 -2 0 0 1 0 0.35
 3 -2 -2 -2 -1 -1 -1  0 -2 -1 -2 -1 -1 -3  4  0  1 -3 -2  0 0 0 1 0 0.44
-1 -2 -1 -2 -1 -1 -2 -2 -2  1  2 -2  1 -1 -2  1  3 -2 -2  0 0 0 1 0 0.47
 4 -2 -1 -2 -1 -1 -1  1 -2 -2 -2 -1 -2 -3 -1  2  0 -3 -2 -1 0 0 1 1 0.48
-1 -1  5  1 -2  0  2 -1  0 -3 -3  0 -2 -3 -2  3  0 -4 -2 -3 0 0 1 1 0.56
 2 -2 -1 -2 -1 -1 -2  1 -2  0 -1 -1 -1 -2 -2  1  2 -3 -2  2 0 0 1 1 0.59
 0 -2 -1 -2 -2 -2 -2  2 -3  1  0 -2  0 -2  2  0  2 -3 -2  1 0 0 1 0 0.62
 0 -2 -1 -1 -2 -1 -1 -2 -2 -2 -1 -1 -2 -3  6  3  0 -4 -3 -2 0 0 1 1 0.62
-2 -2 -3 -4 -2 -2 -3 -4 -3  1  4 -2  4  0  1 -2 -1 -2 -2  0 0 0 1 0 0.63
 2 -2 -1 -1 -1 -1  1  1 -2  0 -1 -1 -1 -2 -2  1  0 -2  0  2 0 0 1 1 0.64
-1 -1 -1  1 -4  1  4  2 -1 -4 -3  0 -3 -2 -2 -1 -1 -2  1 -3 0 0 1 1 0.55
 0  1  0 -1 -3  0  0  1 -1 -3 -3  4 -2 -3 -1  1 -1 -3 -2 -2 0 0 1 1 0.59
 1 -2  0 -1 -1 -1 -1  1 -2 -1 -2 -1 -2 -3 -2  4  1 -3 -2  0 0 0 1 0 0.54
 1 -1  3  1 -2  0  0 -1 -1 -2 -3  1 -2 -3 -1  2  2 -3 -2 -2 1 0 0 1 0.55
 1  1 -1 -2 -1 -1 -1 -2 -2  0  1 -1  0 -1 -2  2  2 -3 -2  0 1 0 0 0 0.56
 0 -2  2 -1 -2 -1 -2  2 -2 -1  1 -1  0 -2 -2  1  2 -3 -2 -1 1 0 0 0 0.59
-1  1 -1  0 -3  1  4 -2 -1 -1 -2  0 -2 -3 -2  1  1 -3 -2 -1 1 0 0 1 0.49
-1  0  0  2 -3  4  4 -2  0 -3 -3  1 -2 -4 -2  1 -1 -3 -2 -3 1 0 0 1 0.39
 3 -2 -1 -2 -1 -1 -1 -1 -2 -1 -2 -1 -1 -2 -1  3  0 -3 -2  1 1 0 0 0 0.35
-1 -2 -2 -3 -2 -1 -2 -3 -2  2  2 -2  6 -1 -3  0 -1 -2 -2  1 1 0 0 0 0.31
 0  4  2  2 -3  0  0 -2 -1 -3 -3  1 -2 -3 -2  1 -1 -3 -2 -3 1 0 0 1 0.27
-1 -2 -2  0 -2 -2 -2 -3 -3  2  3 -2  1 -1 -2 -1  2 -2 -2  1 1 0 0 0 0.25
-1 -3 -3 -4 -1 -2 -3 -4 -3  2  3 -3  2  0 -3 -2 -1 -2 -1  3 1 0 0 0 0.27
 3 -2  2  1 -1 -1 -1  0 -1 -2 -2 -1 -2 -3 -1  1  2 -3 -2 -1 1 0 0 1 0.22
 1 -1  0  2 -2  0  1  1 -1 -2 -2  1 -2 -3 -1  2  0 -3 -2  0 1 0 0 1 0.21
 3  0 -1 -2 -1  0 -1 -1 -2 -1 -2  2 -1 -2 -1  2  0 -3 -2  1 0 0 1 0 0.22
-1 -1  3  4 -3  0  2  2 -1 -3 -2 -1 -2 -3 -2  1 -1 -4 -3 -3 0 0 1 1 0.20
-1 -3 -3 -3 -2 -2 -3 -3 -3  2  2 -2  1 -1  3 -2 -1 -3 -2  3 0 0 1 0 0.19
-2 -2  1  6 -4  0  2 -2 -2 -4 -4 -1 -4 -4 -2 -1 -2 -5 -4 -4 0 0 1 1 0.14
-2 -3 -4 -4 -2 -3 -3 -4 -3  4  3 -3  1  0 -3 -3 -1 -3 -2  2 0 1 0 0 0.15
 0 -3 -3 -3 -1 -2 -3 -3 -3  3  2 -2  2 -1 -3 -2  0 -3 -1  3 0 1 0 0 0.13
 1 -2 -1 -1  7 -1  1 -2 -2 -2 -2 -1 -2 -3 -2  1  1 -3 -2 -1 0 1 0 0 0.16
 2 -1  0 -1 -1 -1 -1 -1 -2 -3 -3 -1 -2 -3 -1  4  1 -3 -2 -2 0 0 1 0 0.17
-1  3  0  3 -3  0  1 -2 -1 -2 -1  0 -1 -3 -2  2 -1 -3 -2 -2 0 0 1 1 0.17
 3  2 -1 -2 -1  0 -1  0 -1 -1 -2  0 -1 -3 -2  0  1 -3 -2  0 0 0 1 1 0.14
-1 -3 -3 -2 -4 -2 -2 -3 -3 -3 -4 -2 -3 -4  8 -1 -2 -4 -4 -3 0 0 1 1 0.15
-1 -3 -3 -3 -1 -3 -3 -4 -3  3  2 -3  1 -1 -3 -2  0 -3 -2  3 0 0 1 0 0.16
 1 -2  0 -1 -2 -1 -1 -2 -2 -2 -2 -1  1 -3  6  2  0 -3 -3 -2 0 0 1 1 0.16
 2 -2 -1 -2 -1 -1 -2  1 -2  0 -1 -1 -1 -2 -2  2  0 -3 -2  2 0 0 1 0 0.17
 1 -1  0 -1 -2 -1 -1 -1 -2 -3 -3 -1 -2 -3  2  5  1 -3 -2 -2 0 1 0 1 0.15
 1 -3 -3 -3 -1 -2 -2 -3 -3  2  0 -2  0 -1 -2 -1  1 -3 -2  4 0 1 0 0 0.15
-3 -3 -4 -4 -3 -3 -4 -4 -2 -1  2 -3  0  5 -4 -3 -2  9  2 -1 0 1 0 0 0.13
 2  1 -1 -1 -1 -1 -1 -1 -2 -2 -2  0 -1 -3 -1  2  2 -3 -2 -1 0 0 1 1 0.12
-1  4 -1 -2 -3  0 -1 -3 -2  0 -1  0  1 -2  4 -1  1 -3 -2 -1 0 0 1 1 0.12
 0 -2 -1 -1 -2 -1 -1 -2 -2 -2 -1 -1 -1 -3  4  3  3 -3 -2 -1 0 0 1 1 0.12
-1 -3 -3 -3 -2 -2 -2 -3 -3  1  2 -2  2 -1  4 -2 -1 -3 -2  3 0 0 1 0 0.10
 2 -1 -1  0 -2  0  3 -2 -1 -1 -2  1 -1 -3  2  0 -1 -3 -2  0 0 0 1 1 0.08
-1 -2 -2 -1 -3 -1  1 -3 -2 -3 -3 -1 -3 -4  7  0 -1 -4 -3 -3 0 0 1 1 0.08
 0  4 -1 -2 -3  2  0 -2 -1 -2  0  3 -1 -2 -2 -1 -1 -3 -2 -2 0 0 1 1 0.07
 0 -1  0  4 -2  1  0 -1 -1 -3 -3 -1 -2 -3 -1  3  1 -4 -2 -2 0 0 1 1 0.07
-3 -2 -3 -4 -3 -2 -3 -4  1 -2 -2 -3 -2  2 -4 -2 -2  2  8 -2 0 0 1 0 0.06
-2  3  5  0 -3  2  0 -1  0 -4 -3  0 -2 -4 -2  0 -1 -4 -2 -3 0 0 1 1 0.05
-1 -3 -3 -3 -2 -2 -3 -3 -3  3  0 -2  0 -2  5 -2 -1 -4 -2  2 1 0 0 0 0.04
 2  5 -1 -2 -2  0 -1 -2 -1 -3 -2  1 -2 -3 -2  1 -1 -3 -2 -2 1 0 0 1 0.03
 2 -2 -1 -2 -1 -2 -2 -2 -2 -1 -1 -2 -1  3 -2  0  3 -1  0 -1 0 0 1 0 0.02
-2 -3 -4 -4 -2 -3 -3 -4 -3  3  4 -3  1  0 -3 -3 -1 -2 -2  1 0 0 1 0 0.02
-1  3  0  1 -3  0  0 -2 -1 -3 -3  3 -2 -3  3  1 -1 -3 -2 -3 0 0 1 1 0.02
 1 -2 -2  1 -1 -2 -1 -2 -3  2  0 -2  0 -2  3 -1 -1 -3 -2  3 1 0 0 0 0.01
 1  0  0  2 -2  2  3 -2 -1 -2 -1  1 -1 -3 -1  1  0 -3 -2 -2 0 0 1 1 0.01
-1 -1  0  4 -3  1  4 -2 -1 -3 -3  0 -2 -3 -2  1  1 -4 -3 -2 1 0 0 1 0.01
 4 -2 -2 -2 -1 -1 -1 -1 -2 -2 -2 -1 -1 -3 -1  1  2 -3 -2 -1 0 0 1 0 0.01
 0 -1 -2 -2 -2 -1 -2 -2  2  0  2  0  3 -1  2 -1  1 -2 -1  0 1 0 0 0 0.01
-4 -4 -5 -5 -3 -3 -4 -3 -3 -4 -3 -4 -2  0 -5 -4 -3 12  1 -4 1 0 0 0 0.01
-2 -3 -4 -4 -2 -3 -3 -4 -3  2  4 -3  1  0 -3 -3 -1 -2 -1  2 1 0 0 0 0.01
 0  5 -1 -2 -3  0 -1 -2 -1 -2 -2  1 -1 -3 -2 -1  1 -3 -2  0 1 0 0 0 0.01
-1  2 -1  0 -3  3  3 -2 -1  0 -1  0  2 -2 -2  1  1 -3 -2 -1 1 0 0 1 0.01
-1 -3 -2 -3  5 -2 -3 -3 -2  2  1 -2  0  2 -3  0  0 -1  2  1 0 0 1 0 0.01
-1 -1  1 -1 -3  3  0  0 -1 -3 -3  0 -2 -2  4  0  2 -2  1 -2 0 0 1 1 0.01
 1 -1  1  1 -2  1  0  1 -1 -2 -2  1 -1 -3  2  0  1 -3 -2 -1 0 0 1 1 0.01
 0 -1  1 -1 -2 -1 -1 -2 -1 -2 -2  0  0 -1 -2  2  4 -2  1 -1 0 0 1 1 0.01
 0 -1  0 -1 -1  1 -1 -2 -2  0 -1 -1  2 -2  0  1  3 -3 -2  1 0 1 0 0 0.01
 1 -2  0 -1 -2 -1 -2  4 -1 -2 -1 -1 -2 -1 -2  1 -1 -2  1 -2 0 1 0 1 0.01
-2 -3 -3 -3 -2 -3 -3 -3 -2  2  0 -3  0  6 -3 -2  2  0  1  0 0 1 0 0 0.01
-2  2  0  5 -4  0  3 -2 -1 -3 -2  0 -2 -3  1 -1 -1 -4 -3 -3 0 1 0 1 0.01
 0 -1 -2 -3 -2 -1 -2 -3 -2  2  0  1  0  2 -2 -2 -1 -2  2  3 0 1 0 0 0.01
 1 -1  0 -1 -2  2  1  1 -1 -2 -2  0 -1 -3 -1  2  3 -3 -2 -1 0 1 0 1 0.01
-2 -2 -3 -3 -2 -2 -2 -3 -1  1  0 -2  0  3 -3 -2 -2  6  4  1 0 1 0 0 0.01
-1  0  0  2 -2  3  2 -2 -1 -2 -2  0  0 -3 -1  0  2 -2 -2 -1 0 1 0 1 0.01
-1 -2  1 -2 -1 -1 -2 -2 -1  1  2 -2  1  0 -2 -1 -1 -1  1  2 0 1 0 0 0.01
 0 -2 -1 -1 -2 -1  0  2 -2 -2 -2 -1 -2 -3  4  0  3 -3 -2 -1 0 0 1 1 0.01
-1 -1  0  4 -3  0  2 -2 -1 -2 -3  1 -2 -3  2  0  2 -3 -2 -2 0 0 1 1 0.02
 0 -1  1  0 -1  1  1  1 -1 -1  0  0 -1 -2 -1  0  1 -2 -1 -1 0 0 1 1 0.02
 0 -1  0 -1 -1 -1 -1 -1 -1 -1 -1 -1 -1  1 -1  3  3 -2 -1 -1 0 0 1 1 0.02
 1  0  1 -1 -2  0  0  2  3 -2 -2  1 -1 -2 -1  0 -1 -2 -1 -2 0 0 1 1 0.02
 1 -1  1 -1 -1 -1 -1 -1 -1 -1 -2  1 -1 -2 -1  1  4 -2 -2 -1 0 0 1 1 0.02
-1  1  3  0 -2  2  0 -1  1 -2 -2  2 -1 -3 -1  0  2 -3 -2 -2 0 1 0 1 0.01
-2  0 -1 -2 -3  0 -1 -2  2 -2 -2  3 -1  1 -2 -1 -2  5  5 -2 0 1 0 0 0.01
 0 -1 -1 -2 -2 -1 -1 -2  7 -2 -2 -1 -2  0 -2  0 -1 -1  4 -2 0 1 0 0 0.01
-2 -3 -3 -3 -2 -3 -3 -3 -2  1  2 -3  0  5 -3 -2 -1  0  1  2 0 1 0 0 0.01
 0 -1  3  0 -3  2  1 -2 -1 -3 -2 -1 -2 -1 -2 -1 -1  7  0 -2 0 1 0 1 0.01
-1 -2 -2 -3 -1 -2 -2 -3 -3  3  3 -2  1  0 -2  0 -1 -2 -1  1 0 0 1 0 0.01
-1  2  0  0 -3  2  0  3 -1 -3 -3  2 -2 -3 -2  0  0 -2 -2 -2 0 0 1 1 0.01
-1  0 -1 -2 -3  0 -1  4 -2 -3 -2  2 -2  1 -2 -1  0 -2 -1 -2 0 0 1 1 0.01
 1 -3 -1 -2 -3 -2 -2  5 -3 -4 -4 -2 -3 -4  3 -1 -2 -3 -3 -3 0 0 1 0 0.01
 0 -2  0  2 -2 -1 -1 -2 -2 -1 -2 -1  1 -3  0  2  4 -3 -2 -1 0 0 1 0 0.01
-1  3 -1 -2 -3  0  0 -2 -1 -1  0  3 -1 -2 -2  0  2 -3 -2 -1 0 1 0 0 0.01
 2 -3 -3 -3 -1 -2 -2 -3 -3  2  0 -2  3 -1 -2 -1 -1 -3 -2  4 0 1 0 0 0.01
-2 -3 -4 -4 -2 -3 -3 -4 -4  4  2 -3  1  0 -3 -3 -1 -3 -2  3 0 1 0 0 0.01
-2 -1  4  4 -4 -1  0 -2  3 -3 -3 -1 -3  0 -2  0 -1 -3 -1 -3 0 1 0 0 0.02
-2 -2 -4 -4 -2 -2 -3 -4 -3  1  4 -3  5  0 -3 -3 -2 -2 -2  0 1 0 0 0 0.02
-2  0  4  3 -4  0  3 -2  0 -4 -4  1 -3 -4 -2  0 -1 -4 -3 -3 1 0 0 1 0.02
 1  3 -1 -1 -3  4  1 -2 -1 -3 -3  1 -1 -3 -2  1 -1 -3 -2 -2 1 0 0 1 0.02
-1 -2 -2 -3 -2 -1 -2 -3 -2  2  2 -2  5 -1 -3 -1  2 -2 -2  1 0 0 1 0 0.02
 1 -2 -1 -2 -2 -2 -2  4 -2  1 -1 -2 -1 -2  2  0 -1 -3 -2  1 0 0 1 0 0.02
 1 -2  0  3 -2 -1  0 -1 -2 -3 -3 -1 -2 -3  2  3  0 -4 -3 -2 0 0 1 1 0.02
 1 -2 -2 -3  5 -1 -2 -2 -2  0  0 -2  6 -1 -3  1 -1 -2 -2  0 0 0 1 0 0.02
-1  1  2  2 -2 -1 -1  1 -1  0  0  0  3 -2 -2 -1 -1 -3 -2  1 0 1 0 1 0.02
-2 -3 -4 -4 -2 -3 -3 -4 -3  1  3 -3  1  4 -3 -3 -2 -1  1  1 0 1 0 0 0.02
-1 -1 -1  0 -2  0  3 -2 -2  0  1 -1  0 -2 -2  1  1 -3 -2  0 0 1 0 0 0.02
-1 -3 -3 -4 -2 -2 -3 -4 -2  2  3 -3  1  0 -3 -2 -1 -1  2  3 0 1 0 0 0.02
-2 -1  4  5 -3 -1  0 -1 -1 -4 -4 -1 -3 -4 -2  1 -1 -4 -3 -3 0 1 0 0 0.01
-1 -3 -3 -4 -2 -3 -3 -4 -2  2  2 -3  1  2 -3 -2 -1 -1  1  3 0 1 0 0 0.02
 0  2  0 -1 -2  0  1  2 -1 -3 -3  1 -2 -3 -2  3  0 -3 -2 -2 0 0 1 1 0.02
-1 -2  2  1 -3 -2 -2  6 -2 -4 -4 -2 -3 -4 -3 -1 -2 -3 -3 -4 0 0 1 1 0.02
-1  1 -1 -2 -3  0  0 -2 -2  1 -1  4  2 -2 -2 -1  1 -3 -2 -1 0 0 1 1 0.02
-1 -2  2  3 -3 -1  0 -2 -2 -3 -3 -1 -3 -4  5  2 -1 -4 -3 -3 0 0 1 1 0.03
-2 -3 -3 -4 -3 -2 -3 -4  1  1 -1 -3 -1  3 -4 -2 -2  1  7 -1 0 0 1 0 0.03
-1  0  1  3 -3  1  1 -2 -1 -3 -3  3 -2 -3 -2  1  1 -4 -2 -2 0 0 1 1 0.03
 1  0 -1 -1 -2  0  2 -2 -1 -2 -2  2 -2 -2 -2  0  2  5 -1 -2 0 0 1 1 0.04
-1 -2  3  1 -3 -1 -1  2 -1 -3 -3 -1  0 -3  3  0  1 -3 -3 -2 0 0 1 1 0.04
 0 -1  2  0 -2  1 -1  1 -1 -2  0 -1 -1 -2 -2  2  1 -3 -2 -1 0 0 1 1 0.04
-2 -2  0 -2 -2 -2 -2 -2 -2 -1 -1 -2 -1  5  3 -1  1  5  1 -1 0 0 1 0 0.04
 0 -2  2  6 -3 -1  1 -1 -1 -3 -4 -1 -3 -4  1  0 -1 -4 -3 -3 0 0 1 1 0.04
 1 -2 -2  0 -3 -2 -1 -2 -2 -2  0 -2 -1 -2  6 -1 -1 -3  1 -2 0 0 1 0 0.04
 0 -1  3  3 -2  0  0 -1 -1 -3 -3  1 -2 -2 -2  2  0 -3  1 -2 0 0 1 1 0.04
-1 -2  2 -1 -2 -1 -1  3  3 -2  0 -1 -1 -2 -2  1  2 -3 -1 -2 0 0 1 0 0.03
 2  1 -1 -1 -2  0  0 -1  1 -3 -2  3 -2 -3 -1  2  0 -3 -2 -2 0 0 1 1 0.04
-1  1 -1 -2 -2  1 -1 -3  0  1 -1  3  0 -2 -2 -1  0 -3 -2  2 0 1 0 0 0.04
 1 -3 -3 -3 -1 -2 -2 -3 -3  1  2 -2  0 -1  3 -1 -1 -3 -2  3 0 1 0 0 0.04
 2 -2 -2 -2 -1 -2 -2  2 -1  0 -1 -2 -1 -1 -2  0 -1 -2  2  2 0 1 0 0 0.04
-2 -3 -4 -4 -2 -3 -3 -4 -3  2  4 -3  1  4 -3 -3 -2 -1  0  1 0 1 0 0 0.04
-1 -3 -4 -4 -1 -3 -3 -4 -3  2  4 -3  1  0 -3 -3 -1 -2 -1  3 0 1 0 0 0.05
-1 -3 -3 -4 -1 -2 -3 -4 -3  2  3 -3  3  0 -3 -2 -1 -2 -1  3 0 1 0 0 0.06
-1 -2 -3 -4 -2 -2 -3 -4 -3  2  3 -3  4  2 -3 -2 -1 -2 -1  2 0 1 0 0 0.07
-1  0 -1 -1 -3  6  3 -2  0 -3 -3  1 -1 -4 -2  0 -1 -3 -2 -3 0 1 0 0 0.07
 1 -1  0 -1 -1 -1 -1 -1 -2 -2 -2 -1 -2 -3 -1  4  3 -3 -2 -1 0 1 0 0 0.06
 1  3 -1 -1 -3  1  0 -2 -1 -3 -3  4 -2 -3 -2  0 -1 -3 -2 -2 0 0 1 1 0.06
-1 -2 -3 -3 -2 -2 -2 -4 -3  4  2  0  1 -1 -3 -2 -1 -3 -2  3 0 0 1 1 0.07
-2 -3 -3 -2 -4 -2 -2 -3 -3 -4 -4 -2 -3 -4  8 -2 -2 -5 -4 -3 0 0 1 0 0.07
 0 -3 -3 -4 -2 -3 -3 -3 -2  1  2 -3  0  5 -3 -2 -2 -1  1  0 0 0 1 0 0.08
-1 -1  0  0 -3  2  4 -2  2 -3 -3  0 -2 -3 -2  2 -1 -3 -2 -3 1 0 0 1 0.10
 1 -1  0  1 -2  2  2 -1 -1 -2  0  0 -1 -2 -1  2  0 -3 -2 -1 1 0 0 1 0.09
-2 -3 -3 -3 -3 -2  1 -3 -3  2 -1 -3 -1  0 -3 -3 -2  9  0  1 0 1 0 0 0.07
 0 -1 -1 -1 -2 -1  0 -2 -2  1 -1  0 -1 -2 -2  2  4 -3 -2  0 0 0 1 1 0.06
 2  1 -1 -2 -2  1 -1  0 -2 -1 -2  1 -1 -2 -2  1  2 -3 -2  0 0 0 1 1 0.05
 4 -2 -2 -2 -1 -1 -1 -1  0 -2 -2 -1 -2 -3  3  0 -1 -3 -2 -1 1 0 0 0 0.04
 2 -1  0  1 -2  0  3 -1 -1 -3 -3  0 -2 -3 -1  3  0 -3 -2 -2 1 0 0 1 0.03
-2 -1  2  5 -4  4  1 -2 -1 -4 -4  0 -2 -4 -2 -1 -1 -4 -3 -3 1 0 0 1 0.03
-2 -4 -4 -4 -2 -3 -4 -4 -4  5  1 -3  1 -1 -3 -3 -1 -3 -2  2 1 0 0 0 0.03
-1 -1 -1  1 -2  2  1  0 -1  1  0 -1  2 -2 -2  0  2 -3 -2  0 0 0 1 1 0.02
 2 -2 -1 -2 -2  1 -1  5 -2 -3 -3 -1 -2 -3 -2  0  0 -3 -3 -2 0 1 0 1 0.02
 0 -3 -3 -3 -2 -3 -3 -3 -4  5  1 -3  1 -1 -3 -2 -1 -3 -2  3 0 1 0 0 0.02
 2 -2 -1 -2 -1 -1 -1 -1 -2  0  0 -1  0 -2 -2  2  3 -3 -2  0 0 1 0 1 0.02
-1 -1 -2 -2 -2  3  1 -3 -2  1 -1 -1  0 -2  2 -1 -1 -3 -2  3 0 1 0 0 0.02
-1 -3 -4 -4 -1 -3 -3 -4 -4  2  1 -3  0 -1 -3 -2 -1 -3 -2  5 0 1 0 0 0.02
 3 -2  1 -1 -1 -1 -1  2 -2 -2 -2 -1 -2 -3 -1  2  0 -3 -2 -1 0 1 0 0 0.03
 1 -1  1  1 -2  0  2 -1 -1 -2 -2 -1 -2 -2 -1  2  1 -2  1 -2 0 1 0 0 0.04
 1 -2 -1  1 -1 -1 -1 -2 -2  1 -1 -2  0 -2 -2  1  1 -3 -2  3 0 1 0 0 0.06
-1 -1 -1 -1 -2  1  1  0 -2  0 -2  1 -1 -3  3  0  2 -3 -2  0 0 1 0 1 0.07
 0 -2 -3 -3 -1 -2 -3 -3 -3  2  3 -2  1  0 -3 -1 -1 -2 -2  2 0 1 0 0 0.08
-1  1  2 -1 -2  0 -1 -2  5 -3 -3 -1 -2 -1 -2  2  0 -1  3 -2 0 1 0 1 0.09
 4 -2 -2 -2 -1 -1 -2 -1 -2  1 -1 -1 -1 -2 -1  0  1 -3 -2  0 0 1 0 0 0.10
 2 -2 -2 -1 -2 -1  2  0 -2  1 -1 -1  0 -2 -2  0  0 -3 -2  2 0 1 0 1 0.12
-1 -1  3  3 -3  1  2 -1 -1 -3 -3  0 -2 -3  1  1  1 -4 -3 -3 0 0 1 1 0.14
 0 -2  0 -1 -1 -1 -1  1 -2 -2  0 -1 -1 -2 -2  4  2 -3 -2 -1 0 0 1 0 0.12
 1 -1  0 -1 -1 -1 -1  2 -2 -3 -3 -1 -2 -3 -1  4  2 -3 -2 -2 0 0 1 1 0.11
-1 -2 -2 -3 -2 -2 -2 -3 -2  1  1 -2  0  4 -3 -1  3 -1  1  1 0 0 1 0 0.09
-1 -1  3 -1 -3  1 -1  1 -1 -2 -3 -1 -2 -1  4  0  1 -2  2 -1 0 0 1 1 0.08
 0 -1  4  1 -2 -1  0  3 -1 -2 -3 -1 -2 -3 -2  0 -1 -3 -3 -1 0 0 1 1 0.07
 0  3  0 -1 -2  4  0 -2 -1  0 -1  0 -1 -3 -2  0  2 -3 -2 -1 1 0 0 0 0.06
-1  2  0 -1 -3  0  0 -2  2 -3 -3  3 -2 -3  3  2  1 -3 -2 -2 1 0 0 1 0.05
-2  1  1 -2 -2 -2 -2 -3 -2  3  1 -1  0  2 -3 -2 -1 -2 -1  1 1 0 0 0 0.04
-2 -3 -4 -4 -2 -3 -4 -4 -3  4  2 -3  1  2 -3 -3 -1 -2  0  2 1 0 0 0 0.03
 1 -2  1  3 -2 -1  1  3 -1 -3 -3 -1 -2 -3 -2  0  1 -3 -3 -2 1 0 0 0 0.02
 0 -1 -1  2 -2  0  3 -2 -1 -1 -1 -1  4 -2 -2  0  2 -3 -2 -1 1 0 0 1 0.02
-1 -2 -1 -2 -2 -2 -2 -3 -2  0  2 -2  0  2 -2  0  4 -2 -1  0 1 0 0 0 0.02
 1 -1  0 -1 -2  0 -1 -1  5 -3 -3 -1 -2 -3 -2  4  0 -3 -1 -2 0 1 0 0 0.01
-2 -3 -4 -4 -2 -2 -3 -4 -3  1  4 -3  3  0 -3 -3 -2 -2 -2  0 0 1 0 0 0.01
 1  2  2 -1 -2  1  0 -1  2 -3 -3  0 -2 -3 -2  3  1 -3 -2 -2 0 1 0 0 0.01
 2 -2 -2 -3 -2 -2 -2 -2  0 -1 -1 -2 -1  1 -2 -1  1  0  5  1 0 1 0 0 0.01
-1 -2  1 -2 -2 -2 -2 -3 -2  2  3 -2  2 -1 -3 -1  2 -2 -2  1 0 1 0 0 0.01
-3 -3 -4 -4 -3 -3 -4 -4 -1 -1  0 -4 -1  7 -4 -3 -3  6  4 -2 0 1 0 0 0.01
-2 -1 -1  1 -4  1  6 -3 -1 -4 -4  0 -3 -4 -2 -1 -2 -4 -3 -3 0 0 1 0 0.01
-2  5 -1 -2 -4  0 -1 -3 -1 -3 -3  2 -2 -4  4 -1 -2 -3 -2 -3 1 0 0 1 0.01
-2 -1 -1  1 -4  1  6 -3 -1 -4 -4  0 -3 -4 -2 -1 -2 -4 -3 -3 0 0 1 1 0.02
-1 -2 -1 -2 -2  1 -1 -2 -2  0  0 -1 -1 -2 -2  0  5 -3 -2  1 1 0 0 0 0.02
-1 -3 -4 -4 -1 -3 -3 -4 -4  4  2 -3  1 -1 -3 -3 -1 -3 -2  3 0 0 1 0 0.02
 1 -1  1  0 -1  0  0 -1 -1 -1 -2  0 -1 -2 -1  2  3 -2 -1 -1 0 0 1 1 0.03
 2 -1 -1 -1 -2  0  1  1 -2 -2 -2  1 -2 -3  1  0  2 -3 -2 -1 0 0 1 1 0.03
 2 -2 -1 -2 -1 -1 -1  1 -2  1 -1 -1 -1 -2 -2  2  1 -3 -2  0 0 0 1 1 0.03
-1  0  3  3 -2  0  0  2 -1 -3 -3  1 -2 -3 -1  1 -1 -3 -2 -2 0 0 1 1 0.02
-1 -1 -1  2 -2 -1  0 -2 -2 -2 -2  0 -2 -3  5  0  2 -3 -2 -2 0 0 1 1 0.02
-1 -1 -1  0 -3  1  4 -2  0 -2 -2  0 -2  0 -2  0 -1  0  4 -2 0 0 1 1 0.02
-1 -2 -3 -3 -1 -2 -2 -3 -3  4  1 -2  2 -1 -2 -2 -1 -2 -1  3 0 1 0 0 0.01
-1 -1  5  1 -2  0  0 -1  2 -2 -2  0 -2 -2 -1  0  0 -2 -1 -2 0 0 1 0 0.01
 0 -1  0 -1 -1 -1 -1 -1  0 -1 -1 -1 -1  0 -1  2  3  0  4 -1 0 1 0 0 0.01
-3 -3 -3 -4 -3 -2 -3 -4  1 -2 -2 -3 -2  2 -4 -2 -2  2  8 -2 0 1 0 0 0.01
-1 -2 -2 -3 -2 -2 -3  3 -3  0  3 -2  3 -1 -3 -2 -2 -2 -2  0 0 1 0 0 0.01
-2 -3 -4 -4 -2 -3 -3 -4 -3  2  4 -3  1  2 -3 -3 -2  5  0  0 0 1 0 0 0.01
 1 -3 -2 -3  7 -3 -3  3 -3 -2 -3 -2 -2 -3  2 -1 -1 -3 -3 -2 0 1 0 0 0.01
-1 -2 -1 -2  3 -1 -2 -2 -2 -1 -1 -1  1 -3 -2  1  5 -3 -2 -1 0 1 0 0 0.01
-2 -3 -4 -4 -2 -3 -3 -4 -2  0  1 -3  0  5 -4 -3 -2  8  2  1 0 1 0 0 0.02
-1  1 -2 -2 -2  3 -1 -3 -2  2  2 -1  1 -1 -3 -2 -1 -2 -2  1 0 1 0 0 0.04
-1 -2 -1  1 -2  0 -1  1 -2  1  2 -1  0 -1 -2  1  0 -3 -2  0 0 0 1 0 0.06
-1 -2  1  5 -3 -1  0 -2 -2 -2  0 -1 -2 -3  3  0 -1 -4 -3 -2 0 0 1 1 0.08
 2 -1  0  1 -2  2  1 -1 -1 -2 -2  0 -2 -3 -1  2  1 -3 -2 -2 0 0 1 1 0.11
 1 -1 -1 -1 -2  0  0  1 -2 -1 -2  0 -2 -3  4  1 -1 -3 -2 -1 0 0 1 0 0.13
 0  1 -1 -2  1  2 -1 -2 -1  0 -1  0  2 -2 -2  0  3 -3 -2  0 0 0 1 1 0.15
 0 -1  1 -1 -1 -1  0 -2 -2 -1 -2 -1 -1 -2 -2  2  3 -3 -2  1 0 0 1 0 0.18
 1 -1  2  2 -2 -1  0  1 -1 -3 -3  0 -2 -3  2  2  0 -3 -2 -2 0 0 1 1 0.22
 1 -2  0  2 -2 -1 -1  2 -2 -2 -3 -1 -2 -3 -1  2  2 -3 -2 -2 0 0 1 1 0.23
-1 -1  5  1 -3 -1 -1  2  0 -3 -4 -1 -2 -3 -2  1  1 -4 -3 -3 0 0 1 1 0.16
 0 -1  2 -1 -2 -1  0 -1 -1 -1 -1 -1  1  2 -2  1  2 -1  2 -1 0 0 1 0 0.15
 1  1 -1 -2  2 -1 -1 -2 -2  2 -1 -1 -1 -2  1  1  1 -3 -2  1 0 0 1 0 0.14
-1 -1  3 -1 -3  1 -1 -2 -1 -3 -3 -1 -2 -1 -3  1  1  8  0 -3 0 0 1 0 0.10
-1 -2 -2 -2 -3 -1 -2 -3 -2 -3 -3 -2 -2  1  7 -1  1 -3 -2 -2 0 0 1 0 0.06
-1 -2  0  5 -3 -1  0 -2 -2 -3 -3 -1 -2 -3 -2  1  3 -4 -3 -2 0 0 1 0 0.03
 3 -2 -3 -3 -1 -2 -2 -2 -3  0  2 -2  0 -1 -2  0 -1 -3 -2  1 0 0 1 0 0.03
 0 -3 -4 -4 -2 -2 -3 -3 -3 -2 -1 -3  4  0 -4 -2 -2 10  1 -2 0 0 1 0 0.02
-2 -2  3  6 -4 -1  1 -2 -1 -4 -4 -1 -4 -4 -2 -1 -1 -5 -4 -4 0 0 1 0 0.01
 3 -2 -1 -2 -2 -2 -2  4 -2 -3 -3 -2 -2 -3 -2  0 -1 -3 -3 -2 0 0 1 0 0.01
-2  1  2 -1 -2 -1  0 -3 -1  2  2 -1  0 -1 -3 -1 -1 -3 -2  1 0 1 0 1 0.01
-1 -2 -2 -3 -2 -2 -2 -3 -3  0  3 -2  2 -1 -2  0  4 -2 -2  0 0 1 0 0 0.01
-1  2 -1 -2 -2 -1 -1 -2 -2 -2 -2 -1 -1 -3 -2  1  5 -3 -2 -1 0 1 0 0 0.01
-1 -3 -3 -4 -2 -2 -3 -4 -3  2  2 -3  2  2 -3 -2 -1 -2  0  3 0 1 0 0 0.01
 1 -2 -1 -2 -1 -1 -1 -2 -2 -1 -2 -1 -1  1 -2  2  4 -2  1 -1 0 1 0 0 0.01
-1 -3 -3 -2 -3 -2 -2 -3 -3 -3 -3 -2  1 -4  8 -1 -2 -4 -3 -3 0 1 0 0 0.01
-2 -3 -4 -4 -2 -3 -3 -4 -3  2  4 -3  2  0 -3 -3 -1 -2 -2  1 0 0 1 0 0.01
-1 -2 -1  1 -2 -1 -1 -2 -2  0  2 -1  0 -2 -2  1  4 -3 -2  0 0 0 1 1 0.01
 2 -2 -2 -3 -1 -2 -2 -2 -2  0  3 -2  1 -1 -2  1  0 -2 -2  0 0 0 1 0 0.02
-1  3 -1 -2 -3 -1 -2  5 -2 -3 -3  0 -2 -3 -2 -1  1 -3 -3 -3 0 0 1 1 0.02
-1 -1  0  3 -3  0  4 -2  3 -3 -3  0 -2 -3 -2  0  2 -3 -2 -2 0 1 0 1 0.02
 1 -2 -2 -3 -1 -2 -2 -2 -3  1  0 -2  0 -2 -2  0  3 -3 -2  4 0 1 0 0 0.02
 0 -2 -1 -2 -1 -1 -1 -2 -2 -1  0 -1 -1 -2 -2  2  5 -3 -2 -1 0 1 0 0 0.02
-1 -2 -2 -3 -2 -2 -2 -3  3  2  1 -2  0  1 -3 -2 -1 -1  4  3 0 1 0 0 0.02
-1  1  3 -1 -4  1  0 -2 -1 -3 -3  5 -2 -4 -2 -1 -1 -4 -2 -3 0 1 0 1 0.02
 0 -3 -1 -2 -3 -2 -3  6 -3 -4 -4 -2 -3 -4 -3 -1 -2 -3 -4 -4 0 1 0 0 0.02
 2 -1 -1 -1 -2  0  2 -2 -1 -1 -1 -1 -1 -1 -2  1  2 -2  2  1 0 1 0 1 0.02
 0 -2 -1 -2 -1 -2 -2 -2 -3  2  0 -2  0 -2 -2  2  2 -3 -2  3 0 1 0 1 0.02
-1 -3 -3 -3 -1 -2 -3 -3 -3  2  0 -2  0 -1 -3 -1  2 -3 -2  4 0 1 0 0 0.01
-1  0  0  4 -3  0  3 -2  2 -3 -3  0 -3 -3 -2  1 -1 -4 -2 -3 0 1 0 1 0.01
 1  2  0  0 -2  1  2 -1 -1 -3 -3  1 -2 -3 -1  2  2 -3 -2 -2 0 1 0 1 0.01
-1 -3 -4 -4 -1 -3 -3 -4 -4  4  1 -3  1 -1 -3 -2 -1 -3 -2  4 0 1 0 0 0.01
-1 -2 -2 -3 -1 -2 -2 -3 -3  2  0 -2  0 -2 -2  0  3 -3 -2  4 0 0 1 0 0.01
-2 -3 -3 -2 -4 -2 -2 -3 -3 -4 -4 -2 -3 -4  8 -2 -2 -5 -4 -3 0 0 1 0 0.02
 2 -2 -1 -1 -1 -1 -1 -1 -2 -1 -2 -1 -1 -2 -1  3  2 -3 -2  0 1 0 0 0 0.02
-1 -2  0  5 -3  0  2 -2 -2 -1 -2 -1 -2 -3 -2  0  0 -4 -3 -1 1 0 0 1 0.02
-1 -3 -4 -4 -1 -3 -3 -4 -3  2  3 -3  1  0 -3 -3 -1 -2 -1  3 1 0 0 0 0.04
-1 -3 -3 -4 -2 -2 -3 -4 -3  3  2 -3  3  2 -3 -2 -1 -2  0  2 1 0 0 0 0.04
 1 -3 -1 -2 -3 -2 -2  6 -3 -4 -4 -2 -3 -4 -2 -1 -2 -3 -3 -3 0 0 1 0 0.06
 1 -1  4  0 -2 -1 -1 -1 -1 -2 -3 -1 -2 -3 -2  3  0 -4 -2 -1 0 0 1 1 0.06
 0 -1 -2 -3 -3  2 -1 -3  4 -2 -2 -1 -1  1 -3 -1 -2  1  6 -2 0 0 1 0 0.05
 0 -2 -1 -2 -1 -1 -1 -2 -2 -1 -2 -1 -1 -3 -2  2  5 -3 -2 -1 0 0 1 0 0.05
-1 -2 -2 -2 -3 -1 -1 -2 -2 -3 -3 -1 -3 -4  7  2 -1 -4 -3 -3 1 0 0 1 0.04
-2 -1 -1  2 -4  1  6 -3 -1 -4 -4  0 -3 -4 -2 -1 -1 -4 -3 -3 1 0 0 1 0.05
 1 -1 -1  0 -2  0  3 -2 -1  1 -2  0 -1 -2 -2  2  0 -3 -2  0 1 0 0 1 0.05
-1 -2 -3 -4 -2 -2 -3 -4 -3  2  3 -2  4  0 -3 -2 -1 -2 -1  2 1 0 0 0 0.05
 3  1  2 -1 -2  0 -1 -1  3 -2 -2  0 -2 -3 -2  1  0 -3 -1 -1 1 0 0 1 0.05
 3 -2 -1 -1 -1 -1 -1 -1 -2 -1 -2 -1 -1 -2 -1  3  0 -3 -2  1 1 0 0 1 0.05
 5 -2 -2 -2 -1 -1 -1  0 -2 -2 -2 -1 -2 -3 -1  2  0 -3 -2 -1 1 0 0 0 0.04
-2 -3 -4 -4 -2 -3 -3 -4 -3  1  5 -3  2  0 -3 -3 -2 -2 -2  0 0 0 1 0 0.03
 2 -3 -2 -2 -3 -2 -2 -2 -3 -3 -3 -2 -3 -4  7 -1 -1 -4 -3 -2 1 0 0 0 0.02
 0 -1  6  0 -3 -1 -1 -1  0 -4 -4 -1 -3 -4 -2  0 -1 -4 -3 -3 1 0 0 1 0.02
-2 -2  1  6 -4  0  2 -2 -2 -4 -4 -1 -4 -4 -2 -1 -2 -5 -4 -4 1 0 0 1 0.02
 5 -2 -2 -2 -1 -1 -2 -1 -2 -1 -2 -1 -1 -3 -1  0 -1 -3 -2  1 1 0 0 0 0.02
 1 -3 -2 -2 -2 -2 -2  4 -3  1  0 -2  0 -2 -2 -1 -1 -3 -2  1 1 0 0 0 0.01
-1  1  0 -2 -2 -1  0 -3 -2  1  2 -1  1 -1 -2 -1  1 -3 -2  2 1 0 0 1 0.01
 0 -3 -3 -3  3 -3 -3 -3 -3  3  2 -3  1 -1 -3 -2 -1 -3 -2  1 1 0 0 0 0.02
-1 -2 -3 -4 -2 -2 -3 -4 -3  2  2 -2  4  2 -3 -2 -1 -2  0  2 1 0 0 0 0.02
 2 -1 -1 -1 -2  0  1  1 -2  0 -2  1 -1 -2 -1  1  1 -3 -2 -1 1 0 0 1 0.02
 1  1  3  3 -2  0  0  0 -1 -1 -2  0 -2 -3 -2  0 -1 -3 -2 -2 1 0 0 1 0.03
-1  4  0 -1 -3  2  0 -2  2 -3 -3  3 -2 -3 -2  1 -1 -3 -2 -3 1 0 0 0 0.04
 3 -2 -3 -3 -1 -2 -2 -2 -2  0  3 -2  3 -1 -2 -1 -1 -2 -2  0 1 0 0 0 0.04
 1  0  1  0 -2  1  1 -1 -1 -2 -2  1  1 -3 -1  1  2 -3 -2 -1 1 0 0 1 0.05
-1  2 -1 -1 -3  1  2 -2 -1 -1 -1  3 -1 -3 -2  0  1 -3 -2 -1 1 0 0 1 0.07
-1 -3 -3 -4 -1 -3 -3 -4 -3  3  3 -3  2  0 -3 -2 -1 -3 -1  3 1 0 0 0 0.07
 5 -2 -2 -2 -1 -1 -1  0 -2 -2 -2 -1 -2 -3 -1  1 -1 -3 -2 -1 1 0 0 0 0.09
-1  0  2  2 -3  0  3  0 -1 -3 -3  1 -2 -3 -2  2  1 -3 -2 -2 1 0 0 1 0.11
 4 -2 -3 -3 -1 -2 -2 -1 -3  1 -1 -2 -1 -2 -2  0  0 -3 -2  3 1 0 0 0 0.17
-1 -3 -4 -4 -2 -3 -3 -4 -4  5  1 -3  1 -1 -3 -3 -1 -3 -2  3 1 0 0 0 0.15
-1  0 -1 -1 -3  0 -1  4 -2 -3 -3  4 -2 -4 -2 -1 -1 -3 -3 -3 1 0 0 1 0.20
 0  3  3  2 -3  0  0 -1 -1  0 -2  2 -2 -3 -2  0 -1 -3 -2 -1 0 0 1 1 0.32
 2 -1 -1  3 -2  0  3 -1 -1 -2 -2 -1 -2 -3 -2  0 -1 -3 -2  0 0 0 1 1 0.36
-2 -2  0  5 -3 -1  0 -2 -2  1  0 -2 -1 -2 -2 -1 -1 -4 -3  1 0 0 1 0 0.38
-1 -2  2  4 -3 -1  0 -2 -1 -3 -4 -1 -3 -4  4  1 -1 -4 -3 -3 0 0 1 1 0.43
 1 -2 -1 -2 -1 -1 -1 -2 -2  1 -1 -1 -1 -2  2  2  2 -3 -2  1 0 0 1 1 0.45
 2 -2  3 -1 -2 -1 -2  1 -1  0 -1 -1  1 -2 -2  0  0 -3 -2  2 0 0 1 1 0.37
 0 -2 -1  1 -2 -1 -1 -2 -2  1 -1 -1 -1 -2  4  2  0 -3 -2  1 0 0 1 1 0.40
-1 -1  0  5 -3  0  1  2 -2 -4 -4  0 -3 -4 -2  1 -1 -4 -3 -3 0 0 1 1 0.36
 1 -1 -1  0 -3  1  5 -2 -1 -2  0  0 -1 -3 -2  0  0 -3 -2 -2 0 0 1 1 0.39
 1 -2  0  3 -2 -1  0 -2  3 -2 -1 -1 -1 -1 -2  2  0 -2  2 -1 0 0 1 1 0.37
 1 -2  0  3 -2 -1  0 -1 -1 -3 -3 -1 -2 -3 -1  4  0 -4 -3 -2 0 0 1 0 0.43
 0 -2 -2 -2 -2 -2 -1 -2 -2 -2 -2 -1 -2 -3  6  1 -1 -4 -3  0 0 0 1 0 0.41
 2 -2  1 -2 -2 -2 -2 -1 -1 -1 -1 -2 -1  4 -2  1 -1  0  3 -1 0 0 1 0 0.39
 0 -1  0 -1 -1 -1 -1 -1 -2 -2 -3 -1 -2 -3 -1  4  3 -3 -2 -2 0 0 1 0 0.38
 2 -2 -1 -2 -1 -1 -1  1 -2 -1 -2 -1 -1 -2 -2  2  3 -3 -2  1 0 0 1 0 0.30
 1 -2 -2 -2 -2 -1 -1 -2 -2 -3 -3 -1 -2 -3  6  1  1 -4 -3 -2 1 0 0 0 0.25
-1 -3 -4 -4 -2 -3 -4 -4 -4  5  1 -3  1 -1 -3 -3 -1 -3 -2  3 1 0 0 0 0.17
-1 -1 -2 -2 -2  4  0 -3 -1  0  1 -1  0 -2 -2 -1  1 -3 -2  2 1 0 0 0 0.16
 0 -2 -1 -2 -3 -2 -2  6 -2 -4 -4 -2 -3 -4 -2  2 -1 -3 -3 -3 1 0 0 0 0.15
-1  4 -1 -2 -3  2 -1 -3 -1  0 -1  1 -1 -3  2 -1 -1 -3 -2  1 1 0 0 0 0.16
-2 -3 -4 -4 -2 -3 -3 -4 -3  1  5 -3  2  0 -3 -3 -2 -2 -2  0 1 0 0 0 0.17
 4 -2 -2 -2 -1 -1 -2 -1 -2  1 -1 -1 -1 -2 -2  0  0 -3 -2  0 1 0 0 0 0.16
-1 -3 -4 -4 -1 -3 -3 -4 -3  4  2 -3  1 -1 -3 -2 -1 -3 -2  3 1 0 0 0 0.22
 0  0  0  0 -3  5  3 -2  0 -3 -3  1 -1 -3 -2  1  0 -3 -2 -2 1 0 0 1 0.21
-1  1  2  0 -3  5  2 -2  2 -3 -3  1 -1 -3 -2  0  0 -3 -2 -3 1 0 0 1 0.25
 1  1 -1 -2 -2  0 -1 -2  1 -1  1  3  0 -1 -2 -1  0 -2 -1 -1 0 0 1 1 0.22
 1  2  0  2 -2  1  2 -2 -1 -2 -1  0 -1 -3 -2  0  1 -3 -2 -1 0 0 1 1 0.18
 0 -1  2 -1 -2  2  0 -2  2  0 -2 -1 -1 -2 -2  2  3 -3 -2 -1 0 0 1 1 0.19
 0 -1  0 -1 -2  1  0  2 -2 -1 -2 -1 -1 -3 -2  2  3 -3 -2  0 0 0 1 0 0.19
-1  4 -1 -2 -3  0 -1  1 -1  0 -1  2 -1 -1 -2 -1 -1 -2  1  1 0 0 1 1 0.17
 0  0  0  1 -2 -1 -1  5 -2 -3 -3 -1 -2 -2 -2  0  0 -2 -2 -2 0 0 1 1 0.18
 1 -1 -1 -1 -1  0 -1 -1 -2  1  0 -1  0 -2 -1  2  2 -2 -1  2 0 0 1 0 0.20
 1  5 -1 -2 -2  0 -1  0 -1 -2 -2  1 -1 -3 -2  0  0 -2 -2 -2 0 0 1 1 0.21
 1 -1  1 -1 -1 -1 -1  1 -1  1 -1 -1  1 -2 -1  2  1 -2 -2  0 0 0 1 1 0.20
-1 -3  0 -2 -2 -2 -2  0 -2  1  1 -2  0  1  5 -2 -1  4 -1  0 0 0 1 1 0.19
-1  1  3  2 -3  2  0 -2  3 -1 -2  1 -2 -3  1  0  0 -3 -2 -2 0 0 1 1 0.17
-1 -2  0 -2 -3 -2 -2 -3  2 -3 -3 -1 -3 -4  7 -1  0 -4 -3 -3 0 0 1 0 0.11
-1  1 -2 -2 -3 -1 -1  0 -2 -1 -2  1 -2  2  5 -1 -1 -3 -1  0 1 0 0 1 0.11
 0  0  0 -1 -2 -1 -1  4 -2 -3 -3 -1 -2 -3  1  2  0 -3 -3 -3 1 0 0 1 0.09
 0 -2 -1  1 -2  0 -1 -2 -2  1  0 -2  0  2 -2 -1  1  4  0  0 1 0 0 0 0.07
-2 -3 -4 -4 -2 -3 -3 -4 -3  1  5 -3  2  0 -3 -3 -2 -2 -2  0 1 0 0 0 0.06
-2 -1 -2 -2 -3  0 -1 -2 -1 -2 -2  2 -2  1 -2  0 -1  9  2 -2 1 0 0 0 0.07
-1  3 -1 -2 -3  0  0 -2 -1  0 -2  4 -1 -3 -2 -1  0 -3 -2 -1 1 0 0 1 0.07
 0  2 -2 -2 -2  1 -1 -2 -2  2  1  1  0 -1 -2 -1 -1 -3 -2  1 1 0 0 0 0.07
 5 -2 -2 -2 -1 -1 -2  2 -2 -2 -2 -1 -2 -3 -1  1 -1 -3 -2 -1 1 0 0 0 0.09
 0  2  0 -1 -2  0  0 -1 -1 -3 -3  3 -2 -3 -1  4  0 -3 -2 -2 1 0 0 1 0.08
-2  7 -1 -2 -4  0 -1 -3 -1 -4 -3  2 -2 -4 -3 -1 -2 -3 -2 -3 1 0 0 1 0.07
 5 -2 -2 -2 -1 -1 -2  2 -2 -2 -2 -1 -2 -3 -1  1 -1 -3 -2 -1 1 0 0 0 0.06
 2 -2 -3 -3 -1 -2 -2 -2 -3  1  3 -2  3 -1 -2 -1 -1 -2 -2  1 1 0 0 0 0.05
-1 -1  2 -1 -3  2  0 -2  6 -3 -3  0 -2 -3 -2  2 -1 -3  0 -3 1 0 0 0 0.05
 0 -2 -3 -4 -2 -1 -3 -3 -2  1  3 -2  6 -1 -3 -2 -1 -2 -2  0 1 0 0 0 0.05
-3 -4 -4 -4 -3 -4 -4 -4 -2 -1  0 -4 -1  7 -4 -3 -3  0  2 -2 1 0 0 0 0.05
 0 -3 -3 -4 -1 -2 -3 -3 -3  2  3 -2  2  0 -3 -2 -1 -2 -1  3 0 0 1 0 0.04
 1 -2 -1 -1 -2 -1 -2  5 -2 -3 -3 -1 -2 -3 -2  2 -1 -3 -3 -3 0 0 1 0 0.03
-1  1  4  4 -3  0  0 -1 -1 -3 -4  0 -3 -4 -2  1 -1 -4 -3 -3 0 0 1 1 0.04
-1 -3 -3 -2 -4 -2 -2 -3 -3 -4 -4 -2 -3 -4  8 -1 -2 -4 -4 -3 0 0 1 0 0.04
 1  1  0 -1 -2  2  1 -1  1 -3 -3  3 -2 -3 -1  2  0 -3 -2 -2 1 0 0 1 0.04
 1 -1  0 -1 -1 -1 -1 -1 -2 -1  0 -1 -1 -2 -1  4  2 -3 -2 -1 1 0 0 0 0.06
 1 -3 -2 -3 -1 -2 -2 -2 -3  3  0 -2  0 -1 -2  0  0 -3 -2  3 1 0 0 0 0.06
-2 -3 -4 -4 -2 -2 -3 -4 -3  2  4 -3  3  0 -3 -3 -1 -2 -1  1 1 0 0 0 0.06
-1  1 -1 -1 -3  4  1 -2 -1 -2 -1  3 -1 -3 -2  1  1 -3 -2 -2 0 1 0 1 0.07
 0 -1 -1 -1 -2  4  0 -2 -1  0 -1  0 -1 -2 -2  1  1 -3 -2  2 0 0 1 0 0.09
 1 -2 -1 -2 -2  1 -1  4 -2 -2 -3 -1 -2 -3 -2  0  2 -3 -3 -2 0 0 1 0 0.10
 1 -2 -1 -2 -1 -2 -2 -2 -3  1  0 -2  0 -2 -2  0  4 -3 -2  3 0 0 1 1 0.09
-1 -3 -3 -2 -4 -2 -2 -3 -3 -4 -4 -2 -3 -4  8 -1 -2 -4 -4 -3 0 0 1 0 0.09
-1 -3 -3 -4 -1 -3 -3 -4 -4  3  1 -3  0 -1 -3 -2 -1 -3 -2  5 0 1 0 0 0.07
-2 -2 -4 -4 -2 -2 -3 -4 -3  1  4 -3  3  0 -3 -3 -1 -2 -1  1 0 0 1 0 0.06
 2  2 -1 -1 -2  0  0  1 -1 -3 -2  2 -2 -3 -1  1  1 -3 -2 -2 0 0 1 1 0.06
-2 -2  1  6 -3  1  1 -2 -1 -4 -4 -1 -3 -4 -2  1 -1 -4 -3 -3 0 0 1 0 0.05
 1 -1 -1 -1 -2 -1 -1 -1 -2 -3 -3  1 -2 -3  5  3  0 -3 -3 -2 1 0 0 1 0.04
 1 -1  2  1 -2  0  1  3 -1 -3 -3 -1 -2 -3 -2  2  0 -3 -3 -3 1 0 0 1 0.03
-1 -3  1 -3 -1 -2 -3 -3 -3  2  0 -2  2 -1 -3 -2 -1 -3 -2  4 1 0 0 0 0.03
-2 -3 -4 -4 -2 -2 -3 -4 -3  1  2 -3  2  0 -4 -3 -2  9  0  0 1 0 0 0 0.02
 0 -2 -1  2 -1 -1 -1 -2 -2  1 -1 -1 -1 -2 -2  1  3 -3 -2  1 1 0 0 0 0.02
 3 -2 -1 -2 -2 -1 -1  4 -2 -3 -3 -1 -2 -3 -2  2 -1 -3 -3 -2 1 0 0 0 0.03
-2 -3 -4 -4 -2 -3 -3 -4 -3  1  4 -3  1  4 -4 -3 -2 -1  0  0 1 0 0 0 0.03
 1 -2 -1 -2 -1 -2 -2 -2 -2  2  1 -2  0 -2 -2  0  3 -3 -2  1 1 0 0 0 0.04
 0  0  0 -1 -3  5  1  1 -1 -3 -3  0 -1 -3 -2  2  0 -3 -2 -3 1 0 0 1 0.05
 1 -3 -1 -2 -3 -2 -2  6 -2 -4 -4 -2 -3 -4 -2  0 -2 -3 -3 -3 0 0 1 0 0.06
 2 -3 -3 -3 -1 -2 -2 -2 -3  2  0 -2  0 -1 -2 -1  0 -3 -2  4 1 0 0 0 0.06
-1  4 -1 -2 -3  0 -1  2 -1 -3 -3  2 -2 -2 -2  0  1 -2  1 -2 1 0 0 1 0.10
-1 -2  0  4 -2 -1  0 -2 -2 -2 -3 -1 -2 -3 -2  0  4 -4 -3 -2 1 0 0 1 0.12
 3 -2 -1 -1 -2 -1 -1  4 -2 -3 -3 -1 -2 -3 -2  2  0 -3 -3 -2 1 0 0 0 0.14
-2 -3 -4 -4 -2 -3 -3 -4 -3  4  3 -3  1  0 -3 -3 -1 -3 -2  2 1 0 0 0 0.15
-2  6  2 -1 -4  0 -1 -2 -1 -4 -3  1 -2 -3 -3  0 -1 -3 -2 -3 0 0 1 1 0.17
-1 -1  3 -1 -2 -1 -1 -2 -2 -2 -2 -1 -1 -3 -2  1  5 -3 -2 -1 0 0 1 1 0.16
-1  1 -1 -1 -3  0 -1  4 -2 -4 -3  4 -2 -4 -2 -1 -1 -3 -3 -3 0 0 1 1 0.15
 0 -1  2  2 -2 -1  0 -1 -1 -3 -3 -1 -2 -3 -1  4  1 -4 -2 -2 0 0 1 1 0.19
-2 -3 -3 -4 -2 -2 -3 -4 -3  3  4 -3  4  0 -3 -3 -1 -2 -1  1 0 0 1 0 0.19
 0 -2  0 -1 -2 -1 -1  4 -2 -3 -3 -1 -2 -3 -2  4  0 -3 -3 -3 0 0 1 1 0.23
 3  0 -1 -2 -1  0 -1 -1 -2 -2 -2  2 -1 -3 -1  1  1 -3 -2 -1 0 0 1 1 0.27
 0 -2 -1 -1 -3 -2  0  5 -2 -4 -4 -2 -3 -4  2 -1 -2 -3 -3 -3 0 0 1 1 0.34
-1 -3 -3 -3 -2 -3 -3 -4 -3  3  0 -3  0 -1  2 -2 -1  4 -1  4 1 0 0 0 0.23
-1  4 -1 -1 -3  2  0 -2 -1 -2  0  2 -1 -2 -2  0  0 -3 -2 -2 1 0 0 1 0.27
-1 -1  0  3 -2  0  2 -2 -1  0 -2  1 -2 -3 -2  2  1 -3 -2 -1 1 0 0 1 0.31
 4 -2 -2 -2 -1 -1 -2 -1 -2  0 -1 -1 -1 -2 -2  1  0 -3 -2  2 1 0 0 0 0.28
 0 -2  1 -2 -2 -1 -2 -2 -1  0  0 -1  0  0 -2  1  1 -1  3  1 1 0 0 1 0.26
 1 -1  2  3 -2  0  1 -1 -1 -3 -3 -1 -2 -3 -1  3  0 -4 -2 -2 1 0 0 1 0.26
-1  2  3 -1 -3  0  0 -2  1  0 -2  3 -1 -3 -2  1 -1 -3 -2 -1 1 0 0 1 0.28
-1  1 -3 -3 -2 -2 -3 -4 -3  2  3 -2  1  0 -3 -2 -1 -2 -1  2 1 0 0 0 0.18
 1  2  2 -1 -2  0 -1  1 -1 -2 -2  1 -2 -3 -2  2  2 -3 -2 -2 1 0 0 1 0.18
 5 -2 -2 -2 -1 -1 -1  0 -2 -2 -2 -1 -1 -3 -1  2  0 -3 -2 -1 1 0 0 0 0.18
 1  4 -1 -2 -2  0 -1 -2 -1 -1 -1  1  1 -2 -2  1  1 -3 -2  0 1 0 0 1 0.18
-1  2  2  0 -3  5  2 -2  0 -2 -2  1 -1 -3 -2 -1 -1 -3 -2  0 1 0 0 1 0.20
 2 -1  0 -1 -1 -1 -1 -1 -1 -3 -3 -1 -2 -3 -1  5  1 -3 -2 -2 1 0 0 0 0.22
-1 -3 -3 -3 -1 -3 -3  1 -3  2  1 -3  0 -1 -3 -2 -1 -3 -2  4 1 0 0 0 0.18
-1  1  0 -1 -3  4  0  1 -1 -3 -2  1 -1 -3 -2  0  2 -3 -2 -2 1 0 0 1 0.10
 0 -1  1 -1 -2  1  0 -2 -1  0  2  1  0 -1 -2  0  1 -3 -2  0 1 0 0 1 0.11
 0 -3 -4 -4 -2 -2 -3 -3 -3 -1  2 -3  0  0 -3 -2 -2  9  0 -1 1 0 0 0 0.09
-1  4 -1 -1 -3  1  0 -2  3 -3 -3  4 -2 -3 -2 -1  1 -3 -2 -2 1 0 0 1 0.07
-1  1 -1 -1 -4  7  1 -2  0 -3 -3  2 -1 -4 -2 -1 -1 -3 -2 -3 1 0 0 1 0.05
 0  1  0 -1 -3 -1 -1  5 -2 -3 -3  1 -2 -3 -2  0  0 -3 -3 -3 1 0 0 1 0.04
-2 -3 -4 -4 -2 -3 -3 -4 -2  1  1 -3  0  6 -4 -3 -2  0  2  2 1 0 0 0 0.04
-2 -3 -4 -4 -2 -2 -3 -4 -2  1  3 -3  3  4 -3 -3 -2 -1  0  0 1 0 0 0 0.04
-1 -1  2  3 -2 -1  0  1 -1 -3 -3  0 -2 -3 -2  2  1 -4 -3 -2 1 0 0 1 0.05
-1  1 -1 -1 -4  2  2 -2 -1 -3 -3  5 -2 -4 -2 -1 -1 -3 -2 -3 1 0 0 1 0.05
-1 -3 -4 -4 -1 -3 -3 -4 -4  4  2 -3  1 -1 -3 -2 -1 -3 -2  3 1 0 0 0 0.07
 1  0 -1  0 -3  4  3  0 -1 -3 -3  0 -1 -3 -2  1 -1 -3 -2 -2 1 0 0 1 0.08
 0  2  0 -1 -2  0  2 -2 -1 -2 -2  2 -1 -3 -1  1  3 -3 -2 -1 1 0 0 1 0.09
-2 -2 -3 -3 -2 -2 -3  0  2  0  3 -2  1  1 -3 -2 -2 -1  3  0 1 0 0 1 0.08
-3 -3 -4 -4 -3 -3 -3 -3 -1 -2 -1 -3 -1  5 -4 -3 -3  9  4 -2 0 0 1 0 0.16
-1 -1 -2 -2 -3 -1 -1 -3 -2 -3 -3  3 -3 -4  7 -1 -1 -4 -3 -3 0 0 1 1 0.28
 1 -2 -2 -2 -2 -2 -2  0 -2 -2 -3 -1 -2 -3  6  0 -1 -4 -3  0 0 0 1 1 0.28
-1 -2 -3 -2 -2 -2 -2 -3 -3  0  2 -2  0 -1  6 -2 -1 -3 -2 -1 0 0 1 1 0.28
-1  2  0  0 -3  1  3 -2 -1 -3 -3  4 -2 -3 -1  0 -1 -3 -2 -2 0 0 1 1 0.27
-1 -2 -2 -2 -3 -1 -1 -2 -2 -3 -3 -1 -3 -4  8 -1 -1 -4 -3 -2 0 0 1 1 0.23
-2 -2  1  6 -4  0  2 -1 -1 -3 -4 -1 -3 -4 -2  0 -1 -4 -3 -3 0 0 1 1 0.36
 0 -4 -3 -4  9 -3 -4 -3 -3 -1 -1 -3 -1 -2 -3 -1 -1 -2 -3 -1 0 0 1 0 0.62
-1 -2 -2 -2 -3 -1 -1 -2 -2 -3 -3 -1 -3 -4  8 -1 -1 -4 -3 -2 0 0 1 1 0.75
 0 -1  0 -1 -1 -1 -1 -2 -2 -1 -1 -1 -1 -2 -1  1  5 -3 -2  0 0 0 1 1 0.82
 0 -1  4  1 -2  0  0  0  0 -3 -3  0 -2 -3 -1  3  1 -3 -2 -2 0 0 1 1 0.84
 0 -2  0 -1 -3 -2 -2  6 -2 -4 -4 -2 -3 -3 -2  0 -2 -3 -3 -3 0 0 1 1 0.85
-2 -2  1  6 -4  0  2 -1 -1 -3 -4 -1 -3 -4 -2  0 -1 -4 -3 -3 0 0 1 1 0.79
 1 -1  0 -1 -2 -1 -1  4 -1 -3 -3 -1 -2 -3 -1  3  0 -3 -2 -2 0 0 1 1 0.80
 1 -1  0 -1 -2 -1 -1  4 -1 -3 -3 -1 -2 -3 -1  3  0 -3 -2 -2 0 0 1 1 0.89
-1  0  0  2 -4  2  5 -2  0 -3 -3  1 -2 -3 -1  0 -1 -3 -2 -3 0 0 1 1 0.93
 0 -1  0 -1 -2 -1 -1 -1 -2 -3 -3 -1 -2 -3  6  2  0 -3 -2 -2 0 0 1 1 0.90
 1 -1  1  0 -1  0  0  0 -1 -2 -3  0 -2 -2 -1  4  1 -3 -2 -2 0 0 1 1 0.86
 2 -1  4  0 -1  0 -1  0  0 -2 -2  0 -2 -3 -1  1  0 -3 -2 -1 0 0 1 0 0.86
-1  6  0 -2 -4  1  0 -2  0 -3 -2  2 -1 -3 -2 -1 -1 -3 -2 -3 0 0 1 1 0.83
-1  6  0 -2 -4  1  0 -2  0 -3 -2  2 -1 -3 -2 -1 -1 -3 -2 -3 0 1 0 1 0.86
 0 -3 -3 -3 -1 -2 -3 -3 -3  3  1 -2  1 -1 -2 -2  0 -3 -1  4 0 1 0 0 0.85
-1  2  0 -1 -3  1  1 -2 -1 -3 -3  5 -1 -3 -1  0 -1 -3 -2 -2 0 1 0 1 0.90
-1  6  0 -2 -4  1  0 -2  0 -3 -2  2 -1 -3 -2 -1 -1 -3 -2 -3 0 0 1 1 0.84
-2 -2  1  6 -4  0  2 -1 -1 -3 -4 -1 -3 -4 -2  0 -1 -4 -3 -3 0 0 1 1 0.75
 1 -1  1  0 -1  0  0  0 -1 -2 -3  0 -2 -2 -1  4  1 -3 -2 -2 0 0 1 1 0.69
-2 -2 -2 -3 -3 -1 -2 -3  2 -1 -1 -2 -1  3 -3 -2 -2  2  7 -1 0 0 1 0 0.64
 4 -1 -2 -2  0 -1 -1  0 -2 -1 -2 -1 -1 -2 -1  1  0 -3 -2  0 0 0 1 1 0.72
 0 -2  0 -1 -3 -2 -2  6 -2 -4 -4 -2 -3 -3 -2  0 -2 -3 -3 -3 1 0 0 1 0.74
 0 -3 -3 -3 -1 -2 -3 -3 -3  3  1 -2  1 -1 -2 -2  0 -3 -1  4 0 1 0 0 0.83
 0 -3 -3 -3 -1 -2 -3 -3 -3  3  1 -2  1 -1 -2 -2  0 -3 -1  4 0 1 0 0 0.64
-1  2  0 -1 -3  1  1 -2 -1 -3 -3  5 -1 -3 -1  0 -1 -3 -2 -2 0 1 0 1 0.58
-1  6  0 -2 -4  1  0 -2  0 -3 -2  2 -1 -3 -2 -1 -1 -3 -2 -3 0 0 1 1 0.52
 0 -2  0 -1 -3 -2 -2  6 -2 -4 -4 -2 -3 -3 -2  0 -2 -3 -3 -3 0 0 1 1 0.57
-2 -2 -2 -3 -3 -1 -2 -3  2 -1 -1 -2 -1  3 -3 -2 -2  2  7 -1 0 0 1 1 0.70
 0 -1  0 -1 -1 -1 -1 -2 -2 -1 -1 -1 -1 -2 -1  1  5 -3 -2  0 0 0 1 1 0.70
-1  6  0 -2 -4  1  0 -2  0 -3 -2  2 -1 -3 -2 -1 -1 -3 -2 -3 0 0 1 1 0.80
