1
10
11
12
16
19
23
24
25
26
33
37
39
40
44
46
48
51
53
55
56
61
62
64
65
66
73
74
75
78
79
80
83
84
87
89
90
92
94
97
98
101
102
106
107
108
109
110
113
117
124
127
129
130
131
132
134
135
142
145
157
160
161
164
165
168
171
173
176
179
180
182
184
185
186
187
190
192
194
198
201
205
206
207
214
216
218
223
224
227
228
230
231
233
234
237
238
241
244
247
249
252
257
259
262
263
265
267
268
274
276
277
278
287
288
289
293
300
301
302
304
309
314
315
317
318
319
322
324
325
327
330
332
333
340
342
343
345
346
350
351
354
355
357
359
360
361
364
366
367
369
373
375
377
378
381
383
385
386
390
392
394
396
398
399
409
411
412
420
422
424
429
434
436
437
438
439
442
443
445
447
448
449
455
456
459
460
462
463
464
465
468
469
472
475
476
477
478
479
480
482
485
490
491
497
500
501
503
504
505
506
507
509
511
513
514
515
516
517
519
521
522
523
527
528
529
530
532
533
535
537
539
541
542
543
544
548
549
553
554
560
563
566
570
571
572
573
575
587
591
594
595
601
604
606
607
609
611
613
614
616
622
625
628
631
633
637
639
644
647
652
654
656
658
659
660
662
663
668
670
671
674
676
677
678
679
685
687
690
695
696
697
699
703
709
713
716
717
718
720
721
723
725
726
728
731
732
735
739
741
742
745
746
748
751
753
755
756
757
761
764
765
766
767
768
769
773
774
775
777
778
780
784
786
787
788
789
793
795
796
797
799
800
804
805
806
808
811
812
813
815
816
820
821
822
825
827
829
832
833
834
839
841
845
850
851
853
857
858
859
862
864
874
875
877
878
879
881
882
884
888
890
894
897
898
899
901
903
904
906
909
910
911
913
919
921
923
924
925
930
932
934
938
940
942
945
948
950
951
952
953
960
963
964
966
968
973
978
979
980
984
986
987
989
990
993
999
1001
1002
1003
1006
1007
1010
1011
1012
1016
1020
1023
1025
1026
1029
1031
1033
1034
1035
1036
1037
1038
1049
1053
1054
1055
1056
1058
1063
1064
1067
1068
1070
1071
1074
1078
1081
1082
1084
1085
1087
1088
1089
1090
1092
1093
1096
1099
1102
1103
1104
1105
1106
1108
1109
1110
1111
1112
1116
1117
1118
1119
1121
1125
1127
1128
1129
1132
1133
1134
1135
1136
1137
1141
1142
1144
1145
1147
1148
1152
1154
1155
1163
1165
1166
1167
1169
1174
1176
1179
1181
1182
1183
1184
1185
1186
1187
1189
1192
1194
1195
1198
1199
1200
1202
1205
1206
1207
1208
1212
1215
1216
1217
1218
1219
1221
1222
1228
1231
1234
1236
1238
1240
1241
1242
1244
1245
1247
1249
1251
1254
1256
1257
1258
1260
1264
1265
1266
1268
1269
1272
1273
1276
1278
1279
1280
1281
1284
1285
1286
1287
1289
1291
1292
1293
1296
1297
1298
1299
1302
1303
1305
1307
1310
1311
1312
1313
1314
1315
