2
3
4
5
6
7
8
9
13
14
15
17
18
20
21
22
27
28
29
30
31
32
34
35
36
38
41
42
43
45
47
49
50
52
54
57
58
59
60
63
67
68
69
70
71
72
76
77
81
82
85
86
88
91
93
95
96
99
100
103
104
105
111
112
114
115
116
118
119
120
121
122
123
125
126
128
133
136
137
138
139
140
141
143
144
146
147
148
149
150
151
152
153
154
155
156
158
159
162
163
166
167
169
170
172
174
175
177
178
181
183
188
189
191
193
195
196
197
199
200
202
203
204
208
209
210
211
212
213
215
217
219
220
221
222
225
226
229
232
235
236
239
240
242
243
245
246
248
250
251
253
254
255
256
258
260
261
264
266
269
270
271
272
273
275
279
280
281
282
283
284
285
286
290
291
292
294
295
296
297
298
299
303
305
306
307
308
310
311
312
313
316
320
321
323
326
328
329
331
334
335
336
337
338
339
341
344
347
348
349
352
353
356
358
362
363
365
368
370
371
372
374
376
379
380
382
384
387
388
389
391
393
395
397
400
401
402
403
404
405
406
407
408
410
413
414
415
416
417
418
419
421
423
425
426
427
428
430
431
432
433
435
440
441
444
446
450
451
452
453
454
457
458
461
466
467
470
471
473
474
481
483
484
486
487
488
489
492
493
494
495
496
498
499
502
508
510
512
518
520
524
525
526
531
534
536
538
540
545
546
547
550
551
552
555
556
557
558
559
561
562
564
565
567
568
569
574
576
577
578
579
580
581
582
583
584
585
586
588
589
590
592
593
596
597
598
599
600
602
603
605
608
610
612
615
617
618
619
620
621
623
624
626
627
629
630
632
634
635
636
638
640
641
642
643
645
646
648
649
650
651
653
655
657
661
664
665
666
667
669
672
673
675
680
681
682
683
684
686
688
689
691
692
693
694
698
700
701
702
704
705
706
707
708
710
711
712
714
715
719
722
724
727
729
730
733
734
736
737
738
740
743
744
747
749
750
752
754
758
759
760
762
763
770
771
772
776
779
781
782
783
785
790
791
792
794
798
801
802
803
807
809
810
814
817
818
819
823
824
826
828
830
831
835
836
837
838
840
842
843
844
846
847
848
849
852
854
855
856
860
861
863
865
866
867
868
869
870
871
872
873
876
880
883
885
886
887
889
891
892
893
895
896
900
902
905
907
908
912
914
915
916
917
918
920
922
926
927
928
929
931
933
935
936
937
939
941
943
944
946
947
949
954
955
956
957
958
959
961
962
965
967
969
970
971
972
974
975
976
977
981
982
983
985
988
991
992
994
995
996
997
998
1000
1004
1005
1008
1009
1013
1014
1015
1017
1018
1019
1021
1022
1024
1027
1028
1030
1032
1039
1040
1041
1042
1043
1044
1045
1046
1047
1048
1050
1051
1052
1057
1059
1060
1061
1062
1065
1066
1069
1072
1073
1075
1076
1077
1079
1080
1083
1086
1091
1094
1095
1097
1098
1100
1101
1107
1113
1114
1115
1120
1122
1123
1124
1126
1130
1131
1138
1139
1140
1143
1146
1149
1150
1151
1153
1156
1157
1158
1159
1160
1161
1162
1164
1168
1170
1171
1172
1173
1175
1177
1178
1180
1188
1190
1191
1193
1196
1197
1201
1203
1204
1209
1210
1211
1213
1214
1220
1223
1224
1225
1226
1227
1229
1230
1232
1233
1235
1237
1239
1243
1246
1248
1250
1252
1253
1255
1259
1261
1262
1263
1267
1270
1271
1274
1275
1277
1282
1283
1288
1290
1294
1295
1300
1301
1304
1306
1308
1309
