-6 -6 -7 -8 -6 -5 -7 -8 -6  1 -3 -6 11 -5 -7 -6 -5 -6 -6 -4 1 1 1 35
 5 -5 -5 -5 -4 -4 -4 -3 -5 -2 -2 -3 -3 -5  1  0 -1 -6 -5  4 1 1 1 35
-5  7 -5 -6 -7 -3 -4 -7  3 -5 -4 -2 -5  3 -6 -4 -4 -5  4 -6 1 1 1 55
-4 -7 -5 -7 -5 -7 -7 -8 -7  8  1 -7 -3 -1 -7 -6 -5 -6 -5  2 1 1 1 5
 4 -4 -2 -4 -2 -2 -3 -1 -4 -1  2 -4  1  1 -3  1 -3 -5 -3 -1 1 1 0 0
-4 -2  1 -2 -7 -2 -5  7 -3 -8 -8 -5 -7 -7 -6 -3 -5 -7 -7 -6 0 1 1 45
-1 -3 -5 -6 -4 -4 -5 -6 -6  3 -3  0 -3 -3 -5 -2  2 -6 -5  6 0 1 1 75
-3  0  5  6 -6 -3  1 -3 -1 -5 -5 -2 -6 -3 -3 -1 -3 -7 -3 -5 1 1 1 15
-5 -6 -6 -7 -1 -6 -6 -7 -6  5  4 -6 -2  3 -6 -2 -4 -5 -4  0 1 1 1 55
-3 -4 -1  0 -7 -4 -5 -5 -1 -5 -6  0 -6 -5  8 -1 -3 -8 -5 -1 1 1 1 5
-1  3  3  2 -5 -1  2  1 -1 -3 -3  1 -3 -5  0  0 -1 -5 -4 -2 1 1 1 60
-3  0  6  4 -6  1  1 -2  3 -6 -6  1 -5 -6 -5 -1 -2 -6 -4 -6 1 1 0 60
-4 -1 -2 -4 -7  0  0 -6 -2 -6 -4  8 -5 -5 -5 -4 -4 -4 -6 -6 1 1 0 45
-2  6 -2 -4 -3  2 -2 -5  4 -3  0  2 -4 -5  0 -1 -2 -5 -2 -2 1 0 1 35
 0 -5 -5 -6 -3 -5 -5 -1 -6  4  1 -5  1 -4 -5 -4 -1 -6 -4  5 0 0 1 0
-2  2 -2 -1 -4  0  4 -4 -2 -1 -2  1 -2  0 -1 -2 -2  0  0  2 0 0 1 10
-3 -3 -3 -6 -5 -1 -4 -6 -3  6 -2  0 -1  2 -5 -4 -2  0  3  2 0 0 1 30
 6 -5 -4 -5 -4 -4 -3  3 -5 -5 -6 -4 -5 -6 -5  3 -3 -6 -6 -4 0 0 1 0
-5 -6 -7 -7 -2 -6 -7 -7 -7 -1  7 -6 -2 -4 -7 -1 -5 -6 -5 -1 0 0 1 0
-1  0 -3 -5 -1  3 -1 -4 -5 -4 -4 -2 -2 -6 -2 -1  7 -6 -5 -4 0 1 1 35
 0 -2 -3 -2 -6  0 -2 -2  1 -4 -5  2 -5 -2 -5  1 -3 -3  8 -4 0 1 1 55
-4 -7 -7 -7 -5 -7 -7 -8 -7  7  0 -7  1  3 -7 -6 -5 -6 -2  1 1 1 0 0
-6 -4 -5 -1 -5 -5 -6 -6  4 -5 -4  0 -5  4 -6 -4 -5  0  9 -4 0 1 1 40
-2 -7 -3 -6 -7 -6 -7  8 -7 -8 -8 -6 -7 -8 -7 -5 -6 -7 -8 -8 0 1 1 15
-5 -7 -8 -8 -5 -7 -7 -8 -8  8  0 -7 -3 -4 -7 -7 -5 -7 -6  3 1 1 1 5
-4 -7 -2 -6 -4 -6 -7  8 -7 -8 -8 -6 -7 -8 -7 -3 -6 -7 -8 -6 1 1 1 35
-3  5  0 -2 -4 -1 -1 -4  1 -1  0  2 -3 -3  3 -1 -2 -2 -1 -3 0 0 1 60
 0 -1  0 -3 -3  0 -2 -3  1 -4 -4  2 -3 -1 -1  3  4 -3  0 -2 0 0 1 40
-2  4 -1 -4 -4  0 -3 -4 -1 -2  0  2  0 -1 -4  1  4 -5 -3 -2 0 0 1 35
 6 -5 -5 -5 -1 -5 -5 -3 -5 -6 -6 -5 -5 -6 -5  4 -2 -7 -6 -4 0 0 1 0
 0  3  1 -1 -3  3  0 -3  1  0 -1  3  0 -3 -4 -1 -1 -4 -1 -3 0 0 1 60
 0  2 -1 -1 -3  4  3 -3 -1 -2 -2  4 -1 -4 -4 -1 -2 -5 -3 -3 0 0 1 35
-4 -7 -7 -7 -5 -6 -7 -7 -7  7  1 -6 -2 -2 -7 -5 -2 -6 -5  2 0 0 1 0
-4 -1 -7 -7  9 -6 -7 -7 -7  0  4 -6  2 -3 -7 -4 -3 -6 -5 -1 0 0 1 0
 3  1  1  2 -1 -1  2 -3 -1 -3 -3  2 -2 -3 -3  1 -1 -4  0 -2 0 0 1 65
 2  2  0  0 -4  1  1 -2 -1 -3 -2  4 -2 -5 -4  0 -1 -5 -2 -1 0 0 1 65
 3 -4 -3 -5  0 -4 -4 -4 -3  0  3 -4 -1 -1 -4 -1  3 -2  0  1 0 1 1 10
-2 -4  2 -2 -1  0 -1  6 -1 -7 -5  0 -6 -5 -5 -1 -4 -6 -4 -6 0 1 1 60
-4 -6 -5 -7 -5 -6 -6 -7 -6  6  2 -6  0  2 -6 -5 -4 -5 -3  4 1 1 1 0
-1 -3  3  5 -2 -3 -1 -1  4 -5 -5 -3 -4 -3  0  2 -1 -5  0 -4 1 1 1 55
-2 -2 -1 -1 -2 -2  2 -1 -3 -4 -3  0 -3 -1  6 -1 -2  0 -1 -3 0 1 1 30
-2 -1  4  4 -5  0  1 -2 -1 -4 -4  0 -1 -2 -4  0  1  1 -2 -4 0 1 1 35
 0  1 -3 -4  2 -2 -3 -4 -4  2  0  3  3 -2 -4 -1  3 -5 -2  1 1 1 0 25
-4  6 -2 -5 -7 -2 -3 -5 -3 -5 -3  6 -3 -5 -4 -4 -1 -6 -3 -5 1 0 1 40
 0 -4 -5 -5  0 -4 -5 -3 -5  3  0 -4  3 -2 -4 -2  1 -5 -4  5 0 0 0 5
-2  3  2  0 -2  0 -2  2  2 -4 -4  4 -3 -4 -3  0 -3 -5 -2 -4 0 0 0 50
-3 -4  1  6 -6  2  3 -4 -1 -6 -6 -1 -3 -2 -4 -1 -1 -6  0 -5 0 0 0 60
-5 -6 -7 -7 -2 -6 -7 -7 -7  0  6 -6 -1 -2 -4 -5 -5  4 -4 -1 1 1 1 15
-2 -3  2  0 -4 -2 -2 -3 -3 -4 -4 -2 -4 -3 -1  4  5 -6 -5 -4 1 1 1 50
-2 -2  0  5 -6  0  4 -3 -3 -6 -5  1 -4 -2  1 -1 -2 -6 -3 -4 0 0 1 70
 1 -2  0  3 -5  0  4 -2 -2 -4 -4  0 -4 -2  0  0 -1 -5  1 -4 0 0 1 50
-4 -3 -2  2 -3  6  5 -5  2 -5 -5  0 -5 -6 -5 -3 -2 -6 -2 -5 0 0 1 20
-2 -4 -5 -5 -4 -3 -2 -3 -3  5  3 -4  0 -2 -5 -3 -1 -2 -4  3 0 0 1 5
 0 -1  2  2 -3  0  1 -1  0  0 -1  0  0 -3 -3  1  1 -4 -1 -1 0 0 1 35
 1  3 -1 -1 -4  2  0 -3 -2 -1 -1  4 -2 -4 -3  1  0 -5 -4 -2 0 0 1 40
-5 -4 -7 -7 -5 -6 -6 -5 -6  6  5 -6  0 -2 -6 -6 -4 -5 -4  0 0 0 1 0
-1  6  0 -2 -3 -2  2 -3 -3 -2 -3 -1 -1 -5 -5  0  1 -6 -5 -3 0 0 1 25
 1  0  2  2 -3  3  3 -2 -1 -4 -4  3 -4 -5 -3  0  0 -5 -3 -3 0 0 1 55
 1 -3 -2 -2 -3  0  2 -3  0  2  0 -2  1  1 -4 -2 -1 -1  3  1 0 0 1 20
-3 -4 -6 -6 -4 -5 -5 -6 -6  6  3 -5  0 -3 -4 -5 -3 -5 -4  3 0 0 1 0
 0 -1  0  3 -3  1  4  0 -2 -4 -3 -1 -4 -5 -2  2 -1 -5 -3 -3 0 0 1 45
 1  0  2  2 -1  3  2 -1  0 -4 -4  3 -3 -4 -3  0 -1 -4 -2 -3 0 1 1 80
-2  0  4  2 -3  0  1 -1  1 -2 -2  1  0 -2  0  0  1 -3 -1 -2 0 1 1 45
-3 -3 -5 -6 -2 -2 -4 -4  6  1  1 -5  2  3 -5 -4 -4  0  7 -2 1 1 0 15
-2  0 -1 -1 -3  0 -1 -3 -1  0  2  2  1 -2 -1 -1  2 -4 -3  1 1 1 1 40
-3 -5 -5 -5 -3 -4 -5 -4 -5  5  1 -4 -2 -2 -5 -4  1 -5 -4  5 1 1 1 5
-2 -2 -2  0 -6 -1  6  2  2 -6 -5 -3 -5 -6 -4 -2 -2 -5 -5 -5 0 0 1 15
 0 -4  0 -1 -4  0 -3  5 -1 -4 -4 -2 -4 -5 -3  1 -1  4 -4 -3 0 0 1 50
-3 -3  0  6 -6 -1  3 -3  0 -5 -4 -1 -1 -5 -3 -2 -4 -6 -5 -4 0 0 1 60
-1 -4 -6 -6 -2 -5 -5 -6 -5  0  6 -3  0 -2 -5 -5 -4 -5 -4 -1 0 0 1 20
-3  7 -3 -2 -6  0 -1 -5 -1 -2 -4  4 -2 -3 -5 -3 -3 -5 -3 -3 0 0 1 45
-2  7 -2 -2 -3  0 -3 -3 -2 -2 -3  3  1 -2 -5 -1 -2 -5 -2 -4 0 0 1 55
-1 -1 -1  0 -2  2  4 -1 -2  0 -2  1 -2  1 -3  0 -1 -2  0  0 0 0 1 40
-2 -2  0 -4 -4  0  1 -5 -2  4 -1  1 -1 -3 -4 -3  0  0 -2  4 0 0 1 40
 1  3  1 -2 -4  3 -1 -1 -1 -3 -2  2 -1 -3 -3  1  0 -4 -3 -2 0 0 1 50
 1  0  0  1 -4  1  2 -3 -3 -1  2 -1  4 -2 -3 -1 -2 -4 -2 -1 0 0 1 50
-1 -1  6  5 -6 -3 -2 -3 -1 -2 -5 -2 -5 -6 -5  0 -3 -7 -5 -5 0 0 1 45
-5 -6 -7 -7 -5 -6 -7 -7 -7  8  0 -4  0 -1 -6 -4 -3 -6 -5  1 0 0 1 30
-1  2  2 -1 -5  2  2 -3 -3 -5 -5  6 -2 -6 -4 -1 -2 -6 -5 -4 0 0 1 55
-4  7 -1 -5 -3 -1 -1 -5  1 -6 -3  0 -2 -3 -5 -2 -2 -6 -5 -6 0 0 1 40
-4 -4 -6 -6 -5 -1 -3 -6 -3 -1  6  0  2  0 -6 -4 -3 -5 -1 -2 0 0 1 5
-2  2 -2 -4  0  0 -3 -4 -4  3 -1  2  6 -3 -4 -2 -1 -4 -2  2 0 0 1 25
-2  1 -1  5 -5  0  4 -2 -3 -5 -4  1 -1 -5 -4  1 -1 -5 -3 -4 0 0 1 55
-4 -6 -3 -6 -4 -6 -6 -7 -6  7  1 -6  3 -3 -6 -4 -1 -6 -4  0 1 1 0 10
-1  1  1 -2 -5  0 -3  5 -1 -5 -5  1 -2 -5 -4  1 -3 -5 -3 -4 1 1 1 45
 0 -1 -3 -5  9 -4 -5 -4 -5 -3 -4 -4 -5 -6 -3  4  1 -6 -5 -4 1 1 1 0
-5 -4 -2 -7 -6 -4 -6 -7  0 -3 -4 -6 -5  0 -7 -4 -4  2 10 -3 0 0 1 40
-2  8 -4 -5 -7  0 -2 -6 -4 -6 -6  1 -5 -6 -5 -3 -4 -6 -5 -2 0 0 1 25
-3 -6 -4 -5 -6 -5 -6  7 -6 -7 -7 -5 -6 -7 -6 -3 -5 -6 -7 -5 0 0 1 0
-3  2 -3 -4 -3 -2 -3 -5 -4  4  3  0  2  1 -4 -2 -1 -4 -1  1 0 0 1 25
-5  8 -4 -5 -7 -3 -4 -6  0 -7 -6 -2 -2 -7 -6 -5 -5 -7 -5 -6 0 0 1 15
-6 -2 -4 -5 -7 -2 -4 -6 11 -7 -5 -3 -6 -3 -6 -5 -6 -3 -1 -5 0 0 1 20
 1  6 -1 -3 -5  1  0 -3 -3  0 -3  1 -1 -5 -4 -1  0 -5 -3 -2 0 0 1 55
-1  4  0  1 -4  2 -1 -4 -1 -2  1  3  2 -2 -4 -2 -2 -2 -2 -2 0 0 1 50
-2 -2  1 -2 -4 -3 -4  6  2 -6 -6 -1 -5 -6 -5  0 -4 -6 -5 -6 0 1 1 25
-4 -5 -6 -6 -4 -4 -6 -6 -5 -2  6 -5  0 -1 -6 -1 -2 -5 -1 -2 1 1 1 15
-5 -4 -6 -5  0 -5 -5 -6 -6 -7 -7 -1 -6 -8  9 -4 -5 -8 -7 -6 1 1 1 5
-2 -5 -6 -6  4 -5 -5 -6 -6 -1  1 -2 -1 -4 -5 -3 -2 -6 -4  6 1 1 0 15
-5  8 -2 -5 -7 -2 -4 -6  2 -7 -6 -1 -5 -6 -6 -4 -5 -2 -5 -6 1 1 0 70
-3 -6 -4 -5 -6 -5 -5  7 -5 -7 -7 -5 -6 -7 -6 -1 -5 -6 -7 -7 1 1 0 85
-4 -2 -3 -4 -6  9 -2 -5  1 -6 -5 -2 -4 -6 -5 -3 -4 -5 -5 -5 1 1 1 50
-4  7  1 -4 -4 -1 -3 -3  0 -5 -5  1 -4 -5 -4 -2 -3 -5 -4 -4 1 1 1 60
-3 -5 -3 -5 -4 -4 -4 -5 -5 -4 -5 -4 -4 -6 -5  0  8 -6 -5 -4 1 1 1 40
-3  5 -3 -4 -6  0 -2 -4  7 -5 -5  5 -4 -5 -4 -2 -4 -5 -3 -5 1 1 0 90
-3 -3  3 -3 -2 -3 -3 -3 -3 -4 -4  0 -4 -5 -4  1  7 -6 -4 -3 1 1 0 45
-5 -4  8 -2 -6  0 -3 -4 -3 -5 -7 -3 -5 -6 -5 -2  0 -7 -5 -6 1 1 1 70
 6 -4 -3 -4  1 -3 -4  0 -2 -2 -4 -3 -3  0 -4  0 -2 -5 -4 -3 1 1 1 10
-3  7 -2 -4 -4 -1 -2 -2 -2 -6 -5  3 -3 -6 -5 -2 -3 -6 -3 -5 0 0 1 25
-3 -3 -1 -4 -4 -3 -3 -4 -4 -3 -4 -2 -3 -5 -4  0  7 -5 -4 -2 0 0 1 95
 2  7 -3 -4  0 -1 -2 -4 -3 -3 -3  0 -3 -4 -4 -1 -2 -3 -4 -2 0 0 1 35
-3  4 -3 -3 -6 -1 -2 -3 -1 -5 -5  7 -4 -5 -4 -3 -3 -5 -4 -5 0 0 1 35
-2 -2 -2 -3 -5  1 -2  6 -4 -5 -4  2 -4 -4 -4 -2 -3 -5 -5 -5 1 1 1 30
-1  1 -3 -3 -4 -1 -2 -2  0  1  0  2 -1 -3  6  0 -2 -4 -3 -1 1 1 0 80
-1  5  1 -3 -4 -1 -2 -2 -2 -3 -4  4 -2 -5 -3 -1  0 -5 -4 -3 1 1 1 65
-2  3 -2 -3 -5  0 -2 -3 -3 -2 -1  6 -1 -4 -1 -2 -2 -5 -4  1 1 1 1 70
 1 -2 -1 -3 -3 -2 -3  1 -3 -2 -2 -2 -2 -4  2  0  5 -4 -4 -2 1 1 1 90
-1 -4 -3 -5 -3 -4 -4 -3 -5  4  0 -3  0 -1 -4 -3 -2 -4 -3  5 1 1 1 90
 4 -1 -1 -3 -2 -1 -2  2 -3 -1 -2 -1 -1 -4 -2  1  0 -4 -3  0 1 1 1 90
 0  2  3 -2 -2  0 -2  4 -2 -2 -4  0 -2 -4 -3  0 -2 -4 -4 -1 1 1 1 85
-2  3 -2 -3 -5  0 -2 -3 -3 -4 -3  6 -3 -3 -3 -1 -1 -5 -4 -3 1 1 1 80
-2  3 -2 -3 -5  0 -1 -4 -3 -5 -4  7 -4 -5 -3 -1 -1 -5 -4 -4 1 1 1 85
-2  1 -1 -2 -5  0 -1 -2 -3 -3 -4  7 -3 -5 -1 -2 -2 -5 -4 -3 1 1 0 85
 4  0 -3 -3 -2 -2 -1 -2 -3  0 -2  0 -2 -3  1  0  0 -4 -3  0 1 1 0 50
 0  0  0 -2 -3 -2 -2  1 -3 -2 -3  1 -3 -4  4  0  4 -4 -3 -2 1 1 1 70
-1  4  1 -2 -4  1 -1 -1 -2 -4 -3  5 -2 -4 -3 -1 -2 -4 -3 -3 1 1 1 80
-2  1 -2 -2 -5  2 -1 -3 -2 -4 -4  7 -3 -5 -3 -2 -2 -5 -3 -4 1 1 1 80
