-2 -5 -3 -4 -5 -4 -5  7 -5 -6 -6 -4 -5 -6 -5 -3 -4 -5 -6 -6 1 1 1 95
 0  0  0 -1 -4  0 -2 -1 -4 -4 -5  1 -4 -3 -2  6 -1 -5 -2 -4 1 1 1 85
 0  1  2 -2 -6  6 -1 -4  5 -6 -4  0 -3 -5 -3 -2 -2 -5  0 -5 1 1 1 90
 0  5  0 -1 -5  1  0 -3 -3 -1 -2  2 -1 -2 -2 -1 -2 -3 -4 -2 1 1 1 75
 1 -2  0  5 -3 -2 -1 -3 -4 -1 -3 -3 -2 -5  1  0 -1 -5 -4  2 1 1 1 70
-1  0 -2  1 -6  2  3 -4 -2 -6 -5  1 -3 -6  6 -1 -2 -6 -5 -5 1 1 0 70
 2  1  0 -1 -2 -3 -2  3 -4 -5 -5  0 -4 -4  0  3  1 -3 -4 -4 1 1 1 80
 1 -1  1 -1 -3  1  0  0 -2 -2  0  1 -2 -3 -1  2  1 -3 -3 -1 1 1 1 80
-1  4 -1  2 -6  1  4 -2 -3 -5 -5  1 -4 -5  0 -1 -1 -6 -4 -4 1 1 0 70
 1  1  0  2 -4  0  2 -2 -3 -4 -4  2 -3 -3  2  2  0 -5 -4 -2 1 1 1 40
 0  1  0  0 -3  0  1  0 -1 -3 -2  1 -2 -3  1  2  2 -4 -2 -2 1 1 0 65
 0 -2  0  2 -4  1  3  2 -1 -4 -3  1 -3 -4  2  0  1 -5 -4 -2 1 1 0 15
 0  0  0  1 -4  0  0 -1  0 -2 -3  1 -1  2  3  1  0 -4 -2 -1 1 1 0 70
 2  3  1 -3 -2 -2 -2  1 -1 -3 -2  1 -2  1 -2 -1  2 -3 -2 -2 1 0 0 35
-3  0  5 -3 -2 -3 -4 -3 -2 -4 -5  2 -3 -6 -5  2  5 -6 -5 -3 1 0 0 25
-4 -6 -7 -7 -5 -6 -6 -7 -7  3  4 -6  2 -4 -6 -6 -4 -6 -5  4 1 0 0 5
-7 -7 -7 -8 -7 -7 -7 -8 -5 -3 -4 -7 -4  8 -8 -7 -7  2  7 -3 1 0 0 15
-2 -7 -7 -7  1 -6 -7 -7 -7  4 -1 -6 -2 -2 -7 -6 -4 -7 -5  7 1 0 0 0
-3  1 -2 -5 -6 -1 -4  6 -5 -6 -5  4  0 -5 -5  0 -4 -3 -5 -5 1 0 0 5
-5 -1  8  1 -7  2 -3  1 -3 -7 -7 -4 -6 -7 -5  0 -4 -7 -4 -7 1 1 1 40
-6 -7 -8 -8 -6 -7 -7 -8 -7  1  7 -7  0 -2 -7 -7 -5 -6 -5 -2 1 1 1 0
 0 -4  1  4 -5 -3 -2 -2  2 -5 -4 -3 -5 -2  4  3 -3 -6 -4 -4 1 1 1 15
 0 -1 -3 -2 -4 -1  0 -4 -2 -4 -3  1 -4  3  3 -2 -2  7  3 -3 0 1 1 55
 0  1  3  4 -5 -1  0 -2 -2 -5 -5 -1 -5 -6 -4  3  1 -6 -5 -5 0 1 1 80
 1 -5 -5 -6  0 -5 -5 -5 -5  4  0 -1  1 -2 -5 -3  2 -4 -2  4 1 1 0 50
-4  1  0  5 -6 -2 -1 -4 -5 -5 -5 -3 -5 -6 -4  2  5 -7 -6 -5 1 1 1 45
 0 -2  3  3 -5 -1  4 -3 -1 -4 -5  0 -4 -2 -2  2  0 -1 -4 -3 0 0 1 20
 1  1 -1  3 -6  1  4 -3 -1 -5 -5  3 -5 -6 -2  0 -2 -6 -5 -3 0 0 1 55
 1 -1 -2  4 -2  1  2 -3  0 -1 -2  0  1 -2 -4  0 -1  4 -3 -2 0 0 1 45
-6 -6 -8 -8 -5 -6 -7 -8 -7  2  6 -7  0 -1 -7 -7 -5 -6 -5  0 0 0 1 0
 1  1 -2 -3 -3  0  1 -3  2 -3 -2  4 -2  0 -4 -2  0  2  4 -3 0 0 1 20
-1  0  0  4 -6  2  4 -2 -3 -3 -5  1 -2 -6 -4 -1 -1 -6 -3 -4 0 0 1 50
 0 -3 -3 -3 -2 -2  0 -3  1  1  2 -1  1  4 -4 -2  2 -3  2  0 0 0 1 20
-5 -8 -8 -8 -4 -8 -8 -8 -6  0 -1 -8  0  9 -8 -6 -7 -4 -2 -3 0 0 1 0
 1 -2  0 -1 -1  1  3  0 -2 -4 -4 -1 -3 -6 -4  5  0 -6 -5 -2 0 0 1 30
 1 -1 -1  0 -3  4  3 -2  0 -5 -4  2 -2 -4  0  0 -1 -3 -4 -3 0 0 1 55
 1 -5 -4 -6  3 -5 -5 -3  1  2 -2 -4 -2  6 -5 -2 -3 -3  3  1 0 0 1 25
-2 -7 -4 -4 -7 -6 -5  7 -6 -7 -5 -4 -7  1 -6 -4 -4 -4 -1 -5 0 0 1 0
 0 -1  2 -1 -5 -1  2 -1 -1 -2 -4  1 -3 -4  4  0  2 -5 -4 -1 0 0 1 60
-3 -5 -6 -6 -1 -5 -4 -6 -6  5 -1  1 -2 -4 -3 -4 -2 -3 -5  5 0 0 1 75
-1  0  0 -2 -3 -1  1 -3  2  0  1  1 -1 -3 -3  0  2 -4 -3  1 1 0 0 30
 0 -2  1  3 -4 -1 -1  0 -2 -2 -4 -1  0 -5 -4  4 -1 -6 -5 -2 0 1 1 80
 3 -3 -5 -6  7 -5 -5 -4 -6  1 -1 -5 -3 -2 -5 -2  0 -6 -5  4 1 1 1 10
-2  4 -2 -2 -5  0  2 -5 -1 -2 -3  4 -4 -1 -4 -2  0 -5 -2  1 1 1 1 35
-4 -6 -7 -7 -5 -5 -7 -7 -7  5  0 -6  2 -1 -6 -6 -4 -6 -5  6 1 1 1 20
 1 -3 -4 -5  3 -2 -4 -5 -5  3  0 -3  5 -3 -1 -2  0 -5 -4  3 1 1 1 30
-4  1  1  6  1  0 -1 -4 -3 -4 -4  1 -2 -3 -3 -1  2 -5  0 -3 1 0 0 25
-3  3  0  5 -4  0  0 -2 -1 -3 -3  1  0 -4  0 -1 -3 -3 -3 -1 1 0 0 20
 0  1  1  1 -4  0  3 -2  0  0 -3  2 -1 -2 -1 -1 -1 -4 -1  0 1 0 0 50
-2  0  2  1 -3 -1 -2 -4 -1 -2 -3 -1 -1 -3 -4  2  5 -6 -4 -3 1 0 0 30
-3  1  0  0 -6 -1 -3  6 -3 -5 -6  1 -4 -5 -6 -2 -5 -6 -6 -6 1 0 0 5
-1  5  1 -3 -4  1 -1 -2 -1 -4 -1  3  0 -4 -4 -1  0 -5 -3 -3 0 1 1 70
-3 -5  0 -3  2 -4 -4 -3  1 -5 -6 -4 -4 -1 -3  7 -1 -7 -5 -6 0 1 1 65
-4  6 -4 -3 -7  0 -3 -6 -4 -6 -1  5 -1 -3 -5 -3 -5 -6 -4 -4 0 1 1 45
-4 -2 -1 -5  2 -5 -5  7 -6 -8 -8  0 -5 -7 -2 -4 -5 -7 -7 -7 0 1 1 50
-6 -7 -7 -8 -3 -7 -7 -8 -3  0 -4 -7 -2  8 -8 -5 -5 -3  7 -1 1 0 0 25
 3 -6 -5 -3  2 -6 -6  7 -6 -7 -7 -6 -6 -7 -6 -4 -5 -7 -7 -6 1 0 0 0
-7 -7 -7 -8 -7 -7 -7 -8  0 -5 -4 -7 -5  8 -8 -7 -5 -3  7 -6 1 0 0 25
-3 -7 -8 -8 -4 -7 -7 -8 -8  2 -3 -7 -3 -5 -7 -6 -5 -7 -6  8 1 0 0 0
-4 -2  3  2 -6  1  4 -5  4 -5 -3 -3 -5 -6 -5 -1  3 -6 -4 -5 1 0 0 0
-7 -7 -7 -8 -7 -7 -7 -8 -5 -4 -2 -7  4  9 -8 -7 -6 -4  4 -4 1 0 0 0
 2  0 -1  0 -2  1  3 -3 -1 -4 -3  2 -2 -2 -2  2  0 -3 -1 -2 1 1 0 55
-2 -2  3  3 -3  0  0 -3 -1 -5 -4  0  0 -6 -4  3  4 -6 -5 -4 1 1 0 25
 2 -2 -2 -2 -4  1  2 -3  3  0 -2 -1 -2 -4  3  0 -2 -5 -4  1 0 0 1 45
 1 -2 -2  2 -7  0  6 -4 -1 -6 -6 -3 -3 -6 -4 -1 -4 -2 -4 -4 0 0 1 65
 3 -4 -2  5 -2 -1  2 -3 -2 -5 -5 -4 -4 -5 -5  2 -2 -6 -3 -4 0 0 1 10
 6 -5 -6 -6  0 -3 -5 -4 -6 -3 -2 -5  0 -4 -5 -3 -4 -7 -5  3 0 0 1 20
 1 -1  2  2 -5  4  4 -4 -2 -3 -3  1 -3 -5  0 -1 -1 -6 -5 -2 0 0 1 60
 2  3  0 -3 -4  0  0 -4 -3 -3 -2  5 -1 -5 -4 -2 -2 -4 -1 -2 0 0 1 45
 7 -6 -6 -6 -2 -5 -5 -4 -6 -5 -5 -5 -5 -4 -5 -1 -4 -7 -5  0 0 0 1 0
-2 -4 -6 -6 -2 -5 -5 -6 -4  5  3 -2  2 -2 -6 -5 -3 -5 -1  2 0 0 1 60
 0 -2 -2  2 -6  3  5 -1 -2 -6 -6  3 -5 -7 -5 -2 -3 -6 -5 -6 0 0 1 75
-2 -5 -4 -5 -5  0 -3 -6 -4  0  5 -1  6  1 -6 -4 -2 -4  0  0 0 0 1 20
-3 -4  7  2 -4  0 -2 -3  2 -6 -4  1  1 -5 -4  0  1 -7 -4 -5 0 1 1 55
-3 -1  2  1 -6 -2  0  6 -1 -5 -6 -1 -2 -3 -5 -2 -3 -6 -2 -6 0 1 1 55
-1  1 -2 -3 -3  2 -1 -3  3 -2 -1  3  3  0 -4  0  1 -4  1 -2 1 1 1 5
-2  1 -2  1 -4  1  3 -4 -1 -2 -1  4 -1 -3  0 -2 -1 -1 -3 -1 1 1 1 55
-4 -5 -6 -5 -2 -5 -6 -5 -3  4  4 -5  0  2 -6 -5 -4  0  0  3 1 0 1 0
-3 -2  3  3 -1 -1  1  0  1 -3  0  0  2  2 -4 -1 -3 -4  1 -4 0 1 1 45
-4 -6  0  1 -6 -3 -3  7 -6 -7 -7 -4 -7 -7 -6 -2 -5 -7 -7 -3 0 1 1 70
-4  6  0 -4 -1  1 -3 -3  1 -1 -4  4 -3 -5 -5 -2 -4 -6 -4 -2 1 0 1 35
-1  1 -1 -1 -5  1  2 -4  2 -2 -2  2 -3 -2  4 -2  0 -2 -3 -1 1 1 1 50
-2 -5 -5 -7 -1 -6 -6 -7 -6  6  3 -5  3 -2 -5 -5 -4  1 -4  3 1 1 1 0
-3  4  1 -2 -5 -1 -1 -4 -1  0 -3  3  0  1 -2 -2  0 -4  3 -1 1 0 0 50
-2 -2 -4 -5 -1 -5 -5 -6 -6  3  1 -1 -1 -2 -2 -3 -2 -5 -4  6 1 0 0 20
-1  0  4  3 -5  2  2  1 -3 -5 -4  1  2 -5 -4 -1 -2 -5 -4 -4 1 0 0 40
-2  2 -2  0 -4 -1 -1 -4  0 -1 -1  3  0  2  0 -2 -2  6  2 -1 1 1 1 60
 4  0 -2 -2 -1 -3 -2 -3 -1 -4 -5 -1 -4 -1  3  3  1 -5 -4 -3 1 1 1 35
-1  2  0 -1 -5  4  2 -3  0 -4 -4  3 -2 -3 -3 -1  1 -5 -2 -3 1 1 1 60
 1  2 -1 -3 -4  0  1  0 -2 -4 -4  2 -4 -5  3  2 -1 -5 -4 -3 1 1 1 70
-1  5 -1  2 -6  0  2 -4 -1 -5 -5  4 -2 -2  0 -1 -2 -6 -4 -4 1 1 1 80
-1  0  0  2 -4  1  2  0  0 -3 -3  2  0 -1  3  0 -1 -5 -3 -3 1 1 1 50
 1  2  3  0 -4  1  2  0 -2 -3 -4  0 -3 -4  0  2  0 -5 -3 -3 1 1 1 60
 0  3  1 -1 -4  1  1 -1 -1 -1 -1  1  1 -2  0  0  0 -4 -1 -1 1 1 0 65
 0  2  0 -1 -4  1  1 -2 -1 -3 -2  3  1 -2  2  0  0 -4 -1 -3 0 1 1 80
 0  1  1  1 -3  1  1 -2  0 -2 -3  3 -1 -2  1  1 -1 -4 -2 -1 0 1 1 40
 0  2  0  1 -4  1  2 -1 -1 -2 -2  1 -1 -2  2  1 -1 -3  1 -1 0 1 1 55
-1 -2  0  1 -4  1  1  2 -2 -4 -2  1 -2 -5  4  1  0 -5 -4 -3 0 0 0 20
 1 -2 -2 -3 -2 -1 -1  1 -3 -3 -4  0 -3  3  3  2  1 -4  0  0 0 0 0 20
-1  3  1  0 -4 -1 -1  0  2 -3 -3  1  0 -1  0  0  2 -4  0 -2 1 1 1 30
-4  2  6 -3 -2 -1 -3 -5  0 -3 -6  3 -5 -6 -4 -2  4 -7 -5 -5 1 0 0 10
-3 -6 -7 -7 -3 -6 -6 -7 -6  3  5 -6 -1 -2 -6 -6 -4 -6 -5  4 1 0 0 0
-6 -7 -7 -8 -4 -7 -7 -8 -3  2 -1 -7 -4  7 -8 -6 -6 -2  7 -4 1 0 0 10
-1 -7 -7 -7 -2 -6 -7 -7 -7  5 -1 -6 -1 -2 -6 -6 -4 -7 -5  6 1 0 0 -5
-4  2 -4 -5 -7 -3 -4  5 -5 -7 -7  5 -6 -7 -6 -2 -3 -7 -6 -5 1 0 0 30
-6 -5  8  0 -6 -4 -5  1 -4 -8 -8 -4 -7 -8 -5 -1 -5 -8 -6 -8 1 1 0 40
-6 -6 -5 -8 -5 -6 -7 -8 -7  2  6 -7  0  2 -7 -7 -5 -5 -4 -2 1 1 1 0
 0 -4  0  3 -5 -4 -3  0  4 -6 -6 -4 -5 -6  5  3 -3 -7 -4 -5 1 1 1 20
-3 -3 -2  1 -6 -3  0 -5 -2 -4 -3  0 -4  5  2 -2 -2  7  3 -2 1 1 0 60
-2 -2  3  3 -4  0  2  0 -2 -5 -5  0 -5 -5 -4  3  1 -6 -3 -4 1 1 0 80
 1 -5 -5 -6  2 -4 -5 -5 -5  4  0 -5  3 -2 -5 -3  1 -4 -3  4 1 1 1 5
-3 -2  1  5 -6 -3 -2 -2 -5 -6 -6 -2 -5 -7 -3  1  5 -7 -6 -5 1 1 1 45
-3 -1  2  4 -6  1  5 -4 -2 -6 -6 -1 -5 -5 -2  0 -1  0 -5 -4 0 0 1 40
-1 -1  0  5 -6  1  5 -3 -2 -6 -5  1 -3 -5 -3 -1 -2 -6 -3 -4 0 0 1 60
 0  1  0  3 -3  2  2 -2  0 -2 -2  1  2 -4 -3  0  0 -3 -3 -2 0 0 1 25
-5 -6 -7 -7 -5 -6 -7 -7 -6  2  6 -6  1  1 -7 -6 -5 -5 -4  0 0 0 1 0
-2  4  0 -3 -4  2  1 -3  1 -4 -3  4 -3 -1 -4 -1 -1  0  2 -3 0 0 1 45
-1 -2  1  3 -6  3  5 -1 -2 -6 -5  1 -5 -6 -3 -2 -1 -6 -5 -4 0 0 1 60
 0 -4 -4 -4 -3 -3 -1 -5  1  2  3 -3  2  1 -4 -3  1 -4  1  2 0 0 1 10
-6 -8 -8 -8 -1 -8 -8 -8 -6 -4 -4 -8 -4 10 -8 -7 -7 -4 -2 -6 1 1 1 0
 1  1 -1 -1 -4  0  3  2 -3 -5 -4  0 -4 -5 -4  4 -1 -5 -5 -4 0 0 1 70
 0 -2  0  2 -2  1  3 -2 -1 -4 -4  2 -4 -5  4  0 -1 -5 -4 -3 1 1 0 45
-1 -5 -5 -6  4 -3 -6 -6  3 -1 -3 -3 -3  7 -5 -3 -4 -2  5  0 1 1 1 15
-1 -6 -5 -5 -6 -6 -5  7 -6 -3 -2 -3 -2 -6 -6 -3 -4 -6 -6  0 1 1 0 55
-3  1  1  2 -5  0  4 -4  0 -4 -5  3 -4 -6 -2  1  1 -6 -5 -4 1 0 0 40
-1 -6 -5 -7  1 -6 -6 -7 -7  6  0 -6 -3 -4 -6 -5 -4 -6 -5  5 1 0 0 10
-1  3 -1 -3 -5 -1  1 -4 -3 -1 -2  3  3 -5 -1 -1  2 -5 -4  0 1 0 0 50
-2  1 -3 -4 -4 -2 -2 -4 -4  2  1 -1  4  1 -4  1  0  2  1  3 1 0 0 30
 0 -1 -3  4 -1 -4 -3 -5 -5  1 -2 -3  3 -2  2 -3 -2 -6 -4  4 1 0 0 30
-3  3 -1  3 -2  0 -2 -2 -1 -4 -4  1  1 -3  3  1  2 -5 -2 -4 1 1 1 30
-2  1  0  4 -6  1  4 -2 -2 -6 -5  2 -2 -6  1 -1 -3 -6 -2 -4 1 1 0 60
-2 -3  2  3 -5 -1  0 -2 -3 -4 -4 -1 -4 -5 -3  2  5 -6 -5 -4 1 1 0 90
-4 -4  1 -3 -6 -3 -3  7 -5 -7 -6 -3 -6 -7 -5 -2 -5 -6 -7 -7 1 1 0 75
-2  5  1 -4 -5  2 -1 -3  1 -3 -3  5 -2 -5 -3 -1 -2 -4 -2 -2 1 1 1 70
-2 -1 -1 -4  0 -4 -4 -4 -1 -5 -2 -3  1 -3  2  6 -3 -6 -5 -4 1 1 1 25
-3  6 -4 -5 -4 -2 -3 -5 -5 -7 -6  6 -4 -7 -6 -2 -4 -7 -6 -6 1 1 1 45
-5 -3 -5 -6 -1 -7 -7  8 -5 -7 -8 -5 -7 -8 -7 -5 -6 -7 -8 -8 1 0 0 10
-6 -5 -7 -8 -7 -7 -7 -8 -5  0 -3 -7 -2  8 -8 -3 -4 -3  6 -3 1 0 0 15
 3 -6 -5 -6  0 -6 -6  7 -6 -5 -7 -6 -6 -7 -6 -3 -5 -7 -7 -3 1 0 0 -5
-7 -5 -7 -8 -3 -7 -7 -8  2 -4 -4 -7 -5  9 -8 -5 -5 -3  5 -5 1 0 0 30
-1 -7 -7 -7 -3 -7 -7 -7 -7  4 -3 -7 -1 -4 -7 -6 -4 -7 -6  7 1 0 0 0
-1 -1  2  1  3  3  2 -4  1 -4 -4 -3 -4 -5 -4  2  3 -3 -3 -3 1 0 0 20
-7 -7 -8 -8 -4 -7 -8 -8 -5 -4 -2 -7  2  9 -8 -7 -7 -3  5 -4 1 1 1 0
 0  1 -1  0 -3 -1  2 -1 -1 -3 -2  2 -3 -3 -2  2  0 -5 -2 -2 1 1 0 60
-2 -1  3  3 -4 -2  0 -1 -2 -5 -5  0 -3 -6 -4  3  3 -6 -5 -5 1 1 0 30
 0  1 -2 -2 -3  0  3 -3  3 -1 -2  1 -1 -1  3 -1 -2 -5 -3  1 0 0 1 35
 1 -3 -1  3 -4 -1  6 -4 -3 -5 -3  0 -5 -5 -3 -1 -2 -2 -5 -5 0 0 1 55
 1 -4  1  4  1  0  4 -2 -1 -4 -6 -3 -4 -5 -2  3 -2 -6 -5 -4 0 0 1 20
 7 -6 -6 -6 -5 -4 -5 -4 -6 -4 -3 -5  1 -3 -5 -1 -4 -7 -6  1 0 0 1 0
 0  1  1  1 -5  2  3 -2 -2 -3 -4  3 -3 -4 -3  0  1 -3 -4 -3 0 0 1 40
 2  2  2 -1 -5  0  0 -4 -1 -4 -4  5 -2 -6 -4 -1 -1 -6 -5 -3 0 0 1 55
 7 -6 -4 -6 -1 -5 -5 -2 -6 -3 -5 -5 -3 -7 -5 -3 -2 -7 -6 -2 0 0 1 5
-4 -5 -6 -5 -3 -4 -6 -6 -4  4  4 -3  3  1 -6 -4 -4 -5 -1  3 0 0 1 5
 0 -2  1  2 -5  1  5 -3 -3 -4 -3  0 -3 -6 -4  0  0 -6 -5 -2 0 0 1 60
 3 -2  0 -1 -4  2  3 -1 -1 -2 -3  2 -3 -4 -3  1  0 -5 -3 -3 0 0 1 60
-2 -5 -3 -6 -4 -4 -4 -5 -5 -1  4  0  7 -1 -5 -5 -2 -5 -4  0 0 0 1 30
-4 -3  7  2 -7  2 -1 -3  1 -7 -7 -2 -2 -7 -6 -1 -3 -7 -5 -6 0 1 1 40
-3 -3  0 -1 -3 -3 -2  7 -4 -7 -5 -5  0 -5 -6 -3 -4 -6 -5 -6 0 1 1 35
 0  0 -3 -4 -4  2  0 -4  1 -3 -3  4  3  2 -4  0  1 -4 -1 -1 1 0 0 20
-2 -2 -2  3 -3 -1  5 -5 -1 -1 -1 -1  2 -2 -3 -1 -1  3  1 -1 1 0 0 80
-4 -6 -6 -7 -3 -6 -5 -7 -5  5  4 -6  1  1 -1 -5 -4 -4 -2  2 1 0 0 10
 1 -2  2  3  0 -1  2  2  0 -5 -3  0 -1 -3 -4 -1 -3 -5  1 -4 0 1 1 35
-4 -3  1  0 -7 -3 -3  7 -6 -8 -7 -5 -7 -7 -6  0 -3 -7 -6 -7 0 1 1 85
-5  7 -3 -4 -3  1 -4 -6 -1 -7 -6  4 -5 -4 -6 -4 -5 -3 -2 -5 1 0 0 45
 1  0 -1 -3 -2  2  0 -4 -3 -2 -3  1 -2 -5  5  0  2 -6 -5 -1 1 0 0 40
-4 -6 -7 -7  0 -6 -6 -6 -6  5  4 -6  3 -3 -6 -5 -4 -1 -4  3 1 0 0 0
 0  5 -2 -5 -4 -2 -1 -5 -1 -2 -4  1 -2  1 -5  0 -1 -1  5 -2 1 0 0 15
-3 -6 -7 -7  1 -6 -6 -7 -7  1  2 -6 -1 -4 -6 -5 -1 -6 -5  7 1 0 0 0
 1 -3  3  5 -1 -2 -1  3 -2 -6 -6 -1 -3 -5 -4  0 -2 -4 -1 -5 1 0 0 50
-4  3 -3 -6 -5 -3 -2 -6  1 -1  1 -2 -1  3 -3 -4 -3  7  5 -1 1 0 0 40
 6 -4 -4 -5 -4 -4 -5 -1 -1 -4 -5 -4 -5 -3 -5  2  0 -6 -4  0 1 1 1 15
-1 -1  1 -2 -5  5  0  1 -1 -3 -3  0 -3 -2 -4 -1  2 -5 -1  1 1 1 0 30
-2  3 -3  2 -3  0  3 -3 -2 -5 -6  4 -5 -6  4 -1 -3 -6 -5 -5 1 1 0 75
-5  5 -5 -5 -8 -2 -4 -5 -2 -7 -7  7 -6 -7 -6 -4 -5 -7 -6 -7 1 1 1 75
 4 -5 -4 -4 -4 -4 -4  6 -5 -5 -6 -4 -5 -6 -4 -2 -4 -6 -5 -4 1 1 1 85
