-1 -2 -3 -4 -2 -2 -3 -4 -3  2  3 -2  6  0 -3 -2 -1 -2 -2  2 1 1 1 70
 3 -3 -1 -3 -3 -3 -3  5 -3 -3 -4 -2 -3 -4 -3  2 -2 -4 -4 -3 1 1 1 50
-3 -4  4  3 -5 -1 -2  3  4 -4 -6 -3 -5 -1 -4  2 -2 -5 -2 -5 1 1 1 45
-4 -3 -3 -6 -2 -3 -6 -7 -3  3  5 -1  1 -2 -6 -5 -2 -5 -4  1 1 1 1 95
-3  0  1 -4 -3 -2 -4  0 -3  3 -1  3 -1 -4 -5  0 -2 -6 -4  4 1 1 1 75
-5  4 -1 -6 -8 -2 -4 -6 -5 -8 -6  8 -6 -8 -6 -5 -5 -8 -7 -7 1 1 1 80
-3  1 -2 -4 -6 -2 -3  6 -5 -5 -6  1 -4 -1 -6 -2  0 -6 -6 -1 1 1 0 60
 0  3 -2 -3 -5  1  0 -2  1 -4 -4  2 -4 -4  5  0  0 -2 -3 -4 1 1 1 80
-9 -9 -10 -11 -9 -8 -9 -9 -9 -9 -8 -9 -8 -1 -10 -9 -9 13 -4 -9 1 1 1 15
-3 -1 -1 -2 -5 -2 -5 -4 -6 -6 -4 -3 -5 -7 -6  3  7 -7 -6 -4 1 1 1 45
 0  1 -2  0 -5  0  2 -4  1 -4 -4  2 -1 -3  5 -1 -1 -6 -4 -3 0 0 1 70
 0 -3 -2  1 -7  1  7 -4 -1 -6 -6  0 -4 -5 -5 -2 -3 -7 -3 -5 0 0 1 70
-4 -4 -5 -1 -4 -1  8 -7 -5 -8 -5 -3 -3 -8 -6 -4 -4 -8 -7 -7 0 0 1 15
-6 -6 -2  8 -7 -3 -2 -6 -5 -4 -7 -4 -7 -7 -6 -3 -3 -7 -7 -3 0 0 1 5
 1  1  1  2 -3  3  4 -3  0 -3 -3  0 -1 -5 -4  0 -1 -5 -3 -2 0 0 1 45
-1  2 -2 -4 -2  1 -2 -4 -2  2  2  3  2 -3 -4 -2 -1 -4 -2  0 0 0 1 35
-5 -6 -7 -7 -5 -6 -6 -7 -6  0  7 -6  0 -2 -6 -6 -5 -5 -5 -1 0 0 1 0
-1  4 -2 -4 -2  1 -2 -4 -2  2 -1  2  1 -2 -4 -1  1 -3 -3  1 0 0 1 30
 0  1  0  2 -2  3  3 -2 -1 -3 -3  2 -3 -4 -3  0 -1 -3 -1 -3 0 0 1 60
 2 -4 -4 -5  0 -2 -3 -2 -1  0  4 -4  0 -1 -5 -2 -3 -1  4 -1 0 0 1 10
-3 -4 -6 -6 -2 -4 -5 -6 -2  3 -2 -4  3 -2 -5 -5 -3 -5  1  6 0 0 1 0
 0  1  1  1 -2  3  3 -2  0 -2 -2  2 -2 -4 -3  0  0 -4 -2 -3 0 0 1 65
-1  2  0 -2 -2  3  2 -3  0 -1 -1  4  0 -4 -3 -1  0 -4 -3 -2 0 0 1 65
-4 -2  1 -3  1 -1 -1 -3  7 -3 -2 -4  0  3 -5 -1 -3 -1  6 -3 0 0 1 50
-3 -1  0 -2 -5 -1 -3  6 -3 -4 -4  0 -2 -5 -1 -2 -4 -3 -3 -4 1 1 1 30
 1 -1  0 -1 -1  1  2  0  3 -1 -2 -1 -2 -3  3  0  1 -4 -2 -1 1 1 0 45
-2  3  0  0 -2  0 -1  3 -1 -2 -3  3 -3 -4 -1 -1 -1 -1 -2 -3 0 1 1 85
-3  0  6  3  0 -1 -1 -3 -1 -5 -5  2 -5 -5 -2  1 -3 -6 -5 -5 1 1 1 45
-7 -7 -8 -8 -7 -7 -7 -7 -7 -7 -6 -7 -6 -2 -3 -7 -7 13  0 -7 0 0 1 5
-1  3  2 -1 -1  1  0 -2 -1 -2 -3  3 -2 -5 -1  2  1 -5 -4 -3 0 0 1 60
 1  0 -1 -1 -2  1  1 -2 -1  0  0  2  0 -1 -2  1  0  0 -1  0 0 0 1 35
-4 -6 -6 -6 -5 -6 -6 -6 -6  7  2 -4 -1 -2 -6 -5 -4 -6 -5  3 0 0 1 0
 6 -5 -4 -5 -1 -1 -4 -2 -3 -3 -4 -4 -3 -5  2  2 -3 -6 -5 -2 0 0 1 10
 0  2  0 -1 -2  2  3 -2 -1 -4 -3  3 -1 -4 -1  1  0 -4 -1 -3 0 0 1 70
 0  0  1 -3  2  1 -1 -1  5 -2 -1  1 -1  1 -3  0 -1 -3  2 -2 0 0 1 55
 0 -4 -4 -4 -3 -4 -4 -2 -4  2  3 -4  4  3 -4 -2 -1 -3 -2  1 1 1 0 0
-2 -1  0 -1 -2  0  1  2 -1 -3 -2  0 -4 -4  5 -1 -1 -5 -2 -3 0 1 1 65
-1 -2  2  2 -4  0 -1  5  0 -4 -2 -2 -1 -2 -2 -1 -1 -4 -2 -4 0 1 1 85
-3  8 -4 -5 -6 -1 -2 -5  0 -6 -5  0 -5 -6 -2 -4 -3 -6 -5 -3 1 1 1 5
-2 -4  3 -1  6 -2 -3 -3 -4 -1 -2 -2 -1 -2 -4  2  4 -5 -4 -1 1 1 1 45
 0 -2  0  2 -2 -1  1  4  0 -3 -4 -3 -2 -5  3 -1 -2 -5 -5 -3 0 0 1 35
-2 -1 -1 -3 -5  2 -1 -3 -2 -1 -2  5 -1 -4 -2  1  0 -5 -4  1 0 0 1 45
-3 -3 -4  1 -6  8  0 -5 -2 -5 -6 -3 -3 -7 -5  3 -4 -6 -6 -6 0 0 1 40
-5 -8 -8 -8 12 -8 -8 -8 -8 -3 -3 -8 -6 -7 -8 -6 -5 -7 -5 -2 0 0 1 15
 0  6 -3 -4 -1  2 -2 -5 -2 -2  1 -1  2 -3 -5  0 -3 -5 -4 -4 0 0 1 35
-2 -2  0 -2 -4  4  2 -4  5 -3  2  1 -1 -3 -4 -2 -2 -4  1 -3 0 0 1 50
-6  9 -5 -6 -8 -2 -5 -7 -1 -7 -7 -1 -6 -7 -7 -5 -5 -7 -6 -7 0 0 1 30
-8 -8 -9 -9 -8 -7 -8 -7 -7 -8 -7 -8 -7 -3 -7 -8 -8 13  1 -8 0 0 1 25
-1  1  0 -2  3  2  0 -4  4 -1 -1  2 -1  0 -3 -2  2 -3 -1 -2 0 1 0 45
-3  3  6 -3 -6 -2 -2 -4  2 -6 -6  5 -3 -4 -5 -3 -3 -6 -1 -4 0 1 0 60
-2 -2 -2 -4 -2  2 -3 -3  4  2 -2 -2 -1 -3 -4  1  0 -4  3  4 0 1 0 45
-4 -5 -3 -6 -2 -3 -5 -6 -4  0  6  0  0 -2 -5 -3 -4 -5 -4  1 0 1 0 40
-1  3  5  3 -1 -1 -2 -2  2 -4 -5  1 -4 -5 -1  1 -2 -6 -4 -4 1 1 1 50
-4 -6 -3 -4 -7 -3 -4 -1 -2 -7 -6 -2 -6 -3  8 -3 -4 -5 -4 -5 1 1 1 80
-1 -1  2  4 -3 -1  2  3 -1 -3 -4  0 -4 -5 -3  1  0 -5 -4 -4 1 1 1 85
-3  1 -3 -4 -3 -3 -4 -5 -5  3  4 -2  0 -2 -4 -4 -3 -5 -4  2 1 1 1 65
-3  2  1 -3 -4 -2 -3 -5 -3  2 -3  4 -2 -3 -4 -1 -1 -5 -4  3 1 1 1 50
-5  4 -3 -5 -7 -3 -3 -6 -2 -5 -5  7 -5 -7 -5 -4 -4 -7 -6 -6 1 1 1 70
-3 -1 -3 -3 -4  0 -4  7 -1 -7 -7 -1 -3 -6 -5 -3 -3 -6 -6 -6 1 1 0 50
 0  0 -2 -4 -4  2 -3 -3  3 -3 -3  1 -4 -2  6  1 -1 -6 -3 -4 1 1 1 85
-8 -8 -9 -10 -8 -8 -9 -8 -8 -8 -7 -9 -7  0 -9 -8 -8 13 -3 -8 1 1 1 20
-2 -1 -2 -4 -4 -3 -2 -5 -5 -5 -4 -2 -5 -6 -5  4  7 -6 -6 -4 1 1 1 45
 0  0 -3  0 -5  1  1 -4 -3 -3 -2  3 -3 -3  5 -1 -1 -5 -4 -2 0 0 1 80
-1 -4 -3  1 -7  1  7 -4 -2 -5 -6 -1 -6 -6 -5 -2 -2 -7 -2 -4 0 0 1 55
-5 -4 -4 -2 -7 -1  8 -6 -4 -7 -7 -3 -6 -7 -5 -4 -5 -7 -6 -6 0 0 1 10
-6 -6 -1  8 -7 -5 -3 -5 -5 -7 -7 -5 -7 -7 -6 -4 -5 -8 -7 -7 0 0 1 10
 1  1 -1  2 -4  4  4 -3 -1 -3 -4  1 -2 -5 -4 -1 -2 -5 -3 -3 0 0 1 45
-1  2 -3 -4 -1  0 -2 -4 -2  2  2  4  0 -3 -4 -2 -1 -5 -3 -1 0 0 1 40
-4 -5 -6 -7 -4 -5 -6 -7 -6  3  6 -6  0 -3 -6 -5 -4 -5 -4  3 0 0 1 0
-2  2 -3 -4 -3 -1 -2 -3 -3  3  2  1  1 -2 -4 -1  1 -3 -3  2 0 0 1 25
 0  2  0  2 -3  2  4 -3  0 -3 -3  2 -2 -3 -3  0 -2 -2 -2 -1 0 0 1 55
 2 -4 -4 -5 -1 -4 -5 -1 -2 -1  4 -3  2  0 -5 -2 -3  1  3 -2 0 0 1 10
-4 -6 -6 -6 -4 -5 -6 -6 -1  3 -3 -5 -1 -1 -6 -4 -1 -5  0  7 0 0 1 0
 1  0  1  0 -4  3  3 -2  0 -3 -3  2  1 -3 -3  0  0 -4 -3 -2 0 0 1 70
-1  2 -1 -2 -3  3  2 -3 -1 -1 -1  4 -2 -4 -1 -1  0 -5 -4 -2 0 0 1 65
-3 -3  0 -4  2 -1 -2 -4  7 -2 -2 -4 -4  3 -5 -3 -4 -3  6 -3 0 0 1 35
-3 -3 -4 -4 -5 -5 -4  7 -5 -6 -6 -4 -2 -6 -4 -3 -2 -4 -6 -6 1 1 1 20
 1 -1 -1 -1 -1  1  1 -3  3 -2 -3  0 -2 -2  5 -1  1 -4 -2 -2 1 1 0 40
-3  4 -1 -3 -3  2 -2  2  0 -4 -4  4 -3 -3 -4 -1 -1 -2 -1 -4 1 1 1 65
-1  2  5  0  0  0 -2 -3  0 -4 -4  3 -4 -5 -4  1 -2 -5 -3 -3 1 1 1 50
-8 -8 -10 -10 -8 -8 -9 -8 -8 -8 -7 -9 -7 -5 -9 -8 -8 13 -3 -3 0 0 1 15
 0  2  1 -3 -2 -1 -2  0 -1 -2 -2  0  0 -3 -2  4  2 -3 -2 -2 0 0 1 65
 1  0 -2 -1 -2  1  0 -3 -1 -1  1  2  2 -1 -3  0  0 -4 -1  0 0 0 1 35
-4 -6 -6 -6 -3 -6 -6 -3 -6  7  1 -6 -1 -4 -2 -4 -4 -6 -5  3 0 0 1 0
 6 -2 -4 -5  1 -1 -3 -2 -5 -5 -5 -1 -4 -6  2  2 -2 -6 -5 -4 0 0 1 10
-1  3  0 -2 -2  3  1 -3 -2 -5 -3  4 -2 -5 -4  1  0 -5 -3 -4 0 0 1 70
-1 -1  0 -3  0  1  1 -2  6 -2  0  0 -1  1 -1  0 -2 -2  1 -1 0 0 1 45
 0 -5 -5 -2 -4 -4 -5 -4 -5  4  4 -5  3  0 -5 -3 -2 -5 -3  3 1 1 0 5
-3 -3 -1 -1 -4  0  0  2 -2 -6 -5  2 -5 -7  7 -2 -2 -6 -5 -5 0 1 1 75
-3 -3  2 -4 -4 -1 -4  6 -2 -6 -2 -4 -4 -6 -4 -1 -1  0 -6 -6 0 1 1 30
-6  8 -5 -6 -8 -3 -3 -7 -5 -4 -6 -1  0 -7 -7 -3 -6 -7 -6 -7 1 1 1 10
-1 -4  0 -4  5 -3 -4 -4 -5  3 -1 -3 -1 -1 -4  3  4 -5 -4  0 1 1 1 50
 0 -5 -2  2 -6 -2 -4  6 -5 -6 -6 -4 -6 -6 -3  0 -4 -6 -4 -6 0 0 1 15
-2 -1 -1  2 -6 -1 -2 -4 -4 -4 -5  7 -2 -6 -4 -1 -1 -6 -5 -2 0 0 1 65
-3 -3 -2 -4 -6  8 -3 -5 -4 -6 -6 -2 -4 -6 -5  4 -4 -6 -5 -6 0 0 1 25
-3 -7 -6 -7 11 -6 -7 -6 -7  1 -2 -7 -5 -6 -6 -5 -5 -6 -5  0 0 0 1 0
-1  8 -3 -5 -6 -3 -4 -5 -4 -6 -5 -2 -1 -4 -5  0 -4 -1 -5 -5 0 0 1 35
-4  0 -3  0 -6 -2  6 -3 -4 -4  2  1 -3 -5 -4 -4 -3 -5 -5 -4 0 0 1 40
-6  8 -5 -6 -7 -3 -2 -6  0 -7 -6 -1 -6 -7 -6 -5 -5 -7 -6 -7 0 0 1 25
-7 -7 -8 -4 -7 -6 -7 -7 -6 -7 -6 -7 -6  1 -8 -7 -7 12  5 -7 0 1 0 5
-2  0 -1 -4  4 -1 -3 -3  6  1  0 -1  0  1 -4 -1  1 -3  0  0 0 1 0 35
-5 -2  8  0 -7 -2 -2 -2  1 -4 -7 -3 -6 -7 -6 -4 -4 -7 -6 -7 0 1 0 40
-2 -2 -1 -4  2  3 -3 -5  8 -2 -5  0 -2 -1 -5 -1 -3 -4  4  0 0 1 0 45
-5 -6 -7 -7  1 -6 -6 -7 -6 -1  7 -6 -2 -3 -6 -5 -5 -5 -5 -2 0 1 0 25
-4  3  5  6 -5 -2 -2 -4  1 -6 -4 -2 -5 -6 -5  1 -3 -6 -5 -6 1 1 1 35
-5 -5 -6 -6 -7 -3 -4 -4 -6 -4 -7 -4 -7 -4  9 -3 -5 -3 -7 -6 1 1 1 60
 0  0  3  4 -3  1  1 -1  2 -4 -3 -1 -2 -5 -3  2  1 -5 -3 -3 1 1 1 70
-4 -6 -5 -6 -4 -5 -6 -6 -6  6  3 -4 -1 -3 -6 -5 -3 -5 -4  3 1 1 1 45
-3  1  4  1 -3 -1 -1 -4 -3 -2 -3  6  0 -6 -4 -1 -3 -6 -5 -3 1 1 1 65
-4  5  0 -3 -3 -1 -3 -5  3 -5 -5  6 -3 -3 -5 -3 -2 -2 -4 -4 1 1 1 65
-2  1  0  3 -1 -1  1  4 -2 -4 -4 -1 -4 -4 -4  2  1 -5 -4 -4 1 1 0 65
 2  0  0 -1  1 -1  1 -2 -2 -3 -5  1 -3 -5  5  1 -2 -4 -5 -3 1 1 1 60
-7 -7 -8 -9 -7 -7 -8 -8 -7 -6 -4 -2 -3  6 -9 -7 -7 12  1 -7 1 1 1 20
-3 -2 -1 -3 -5 -4 -3 -2 -5 -5 -5 -4 -5 -6 -5  4  7 -7 -6 -4 1 1 1 40
 0 -1 -2  1 -4  1  4 -4 -2 -4 -2  1 -2 -3  3  0 -1 -5 -2 -3 0 0 1 65
-1 -3 -2  2 -7  1  6 -5  1 -6 -4 -1 -4 -5 -4 -2 -3 -4  0 -4 0 0 1 60
-2 -5 -5 -1 -8 -3  8 -7 -5 -8 -7 -4 -7 -8 -6 -4 -5 -7 -7 -7 0 0 1 15
-5 -5 -1  7 -3 -3  4 -6 -4 -7 -8 -4 -4 -8 -6 -4 -5 -8 -7 -6 0 0 1 20
 0  3  1  0 -3  3  3 -4  0 -2 -1  2  0 -4 -4 -1 -2  1 -2 -3 0 0 1 45
-1  1 -3 -4 -3 -1 -2 -4 -3  4  1  1  1 -2 -4 -2  1 -3 -3  2 0 0 1 30
-5 -6 -7 -7 -5 -6 -7 -7 -7  6  5 -6 -1 -3 -6 -6 -4 -6 -5  0 0 0 1 0
-2 -1 -4 -5 -1 -2 -3 -5 -3  4  2 -2  2  2 -5 -3 -2  1  1  2 0 0 1 50
 0  1  1  2 -5  3  4 -3  1 -4 -2  2 -3 -4 -4 -1 -1 -3 -2 -4 0 0 1 50
 4 -4 -3 -5 -1 -1 -2 -2 -1 -2  2 -2  2 -1 -4 -1 -2 -2  1 -2 0 0 1 5
-5 -3 -4 -5 -2  3 -3 -6  9  0 -5 -5 -3 -1 -6 -5 -3 -5  4  2 0 0 1 15
 2  2 -1 -1 -3  2  1 -1 -1 -2 -2  3 -1 -3 -3  1 -1 -4 -3 -2 0 0 1 70
-1  2 -1 -2 -4  2  1 -3  0  1  0  3  0 -3 -3  0 -1 -4 -3  0 0 0 1 70
-4 -4 -2 -5 -2 -2 -4 -4  5  0  3 -2  2  3 -5 -4 -4  3  4 -1 0 0 1 30
-4 -5 -4 -6 -7 -4 -6  7 -6 -8 -6 -5 -7 -5 -2 -3 -6 -7 -7 -7 1 1 1 20
-3  0  7 -3 -4 -4 -4  1  0 -7 -7 -2 -3 -4  1  0 -1 -7 -2 -5 1 1 0 65
-2  5 -1 -4  0  1 -2 -5  1 -5 -6  6 -5 -6 -5  0 -4 -6 -5 -4 1 1 1 60
-8 -9 -10 -10 -8 -8 -9 -8 -8 -8 -7 -9 -7 -5 -10 -9 -8 13 -3 -9 0 0 1 10
 4 -2 -3 -4  1 -3 -4 -2 -5 -4 -4 -1 -4 -6 -4  4  1 -6 -5 -1 0 0 1 55
 1  0 -2  0 -3  2  3 -4 -2 -1 -1  3  0 -3 -3 -1  0 -5 -1 -1 0 0 1 40
-5 -2 -6 -7 -5 -7 -7 -8 -7  8 -1 -6  2 -4 -7 -6 -4 -7 -5  0 0 0 1 0
 6 -3 -5 -5 -2 -1 -4 -2 -5 -5 -5 -3 -4 -6 -1  3 -2 -6 -5 -1 0 0 1 10
 0  3  0 -2 -5  1  0 -3 -2 -5 -4  5 -4 -6 -1  0  0 -6 -5 -4 0 0 1 70
-1  1 -1 -3 -1  1  0 -3  5 -2  2 -1  2  1 -4 -2 -2 -2  2 -1 0 0 1 60
-2 -6 -7 -7 -5 -6 -6 -7 -6  1  6 -6  3  3 -6 -6 -5 -5 -4 -1 1 1 0 5
-4 -3  0 -3 -5 -1 -1 -4 -1 -3 -6  0 -4 -7  8 -1 -2 -7 -6 -3 0 1 1 85
-3 -2  0 -4  2 -2 -5  7  0 -7 -5 -3 -6 -7 -2 -4 -2 -6 -6 -6 0 1 1 55
-6  9 -5 -6 -8 -4 -5 -7 -5 -8 -7 -2 -6 -8 -7 -5 -6 -3 -6 -7 1 1 1 15
-3 -5 -4 -5 -2 -5 -5 -4 -6 -2 -5 -5 -5 -6  2  2  7 -7 -6 -4 1 1 1 35
-2 -3 -2  7 -7 -3  4  0 -3 -7 -7 -3 -6 -7 -1 -2 -4 -7 -4 -6 0 0 1 35
-4 -5  8  0 -2 -2 -4 -5 -4 -5 -1 -1 -6 -7 -6 -1 -4 -8 -6 -3 0 0 1 40
 4 -3 -1  0 -1  3  2 -3  0 -3 -4 -3  2 -4 -4  2 -1 -5 -4 -3 0 0 1 20
-2 -7 -7 -7  7 -6 -7 -7 -7  6 -2 -6 -3 -4 -6 -5 -3 -6 -5  4 0 0 1 -5
-4  2 -4 -5 -7  0 -3 -6 -5 -6 -3  7 -2 -5 -5 -3 -5  2 -5 -6 0 0 1 35
-4  1  8 -3 -7 -1 -1 -4 -4 -1 -6 -2 -6 -7 -6 -1 -4 -8 -6 -6 0 0 1 55
-5  6 -4 -5 -7  0 -3 -6  8 -6 -5 -1 -5 -1 -6 -5 -5 -5  2 -4 0 0 1 5
-7 -7 -8 -9 -4 -7 -8 -5 -2 -7 -6 -8 -6  4 -8 -7 -7 12  3 -7 0 0 1 10
-5  1  7 -3 -2 -3 -4 -5  4 -4 -5  2 -2 -2 -5 -2 -2 -5  4 -5 0 0 1 45
 1 -2  2 -3  0 -1 -2 -3 -2 -1 -3  0 -4 -5 -4  5  2 -5 -3 -1 0 0 1 55
-2 -1  0 -4  0 -2 -3 -3  5  0  1 -2  0 -1 -4  1  3 -4  1  0 0 1 1 55
-3 -2 -3 -5  0 -1 -3 -6 -5  3  4 -1  5 -2 -5 -2 -2 -5 -4  1 1 1 0 15
-2  6  1  2 -5 -1 -2 -5 -4 -6 -5  5 -5 -5 -5 -2 -3 -6 -4 -5 1 1 1 65
-4  6 -1 -4 -7 -1 -3 -2 -3 -6 -6  5 -5 -7  4 -2 -4 -7 -5 -5 0 1 1 80
-4  5  1  0 -6  2  0 -4 -2 -6 -5  5 -3 -6 -4  1 -3 -6 -5 -5 1 1 1 70
-4 -5 -6 -6  1 -5 -6 -6 -6  4  4 -5  1  1 -5 -5 -3 -5 -3  3 1 1 1 80
