 0 -1  0 -1 -1 -1 -1 -2 -2 -1 -1 -1 -1 -2 -1  1  5 -3 -2  0 1 1 1 90
-2 -1  3  5 -3  0  1 -1 -1 -3 -4 -1 -3 -3 -2  0 -1 -4 -3 -3 1 1 1 90
-1  2  0  0 -3  1  3 -2 -1 -3 -3  4 -2 -3 -1  0 -1 -3 -2 -2 1 1 1 70
 4 -2 -2 -2  0 -1 -1  0 -2 -1 -2 -1 -1 -2 -1  1  0 -3 -2  0 1 1 1 30
 0 -1  0 -2 -2 -1 -1 -2  4 -2 -2 -1 -1  1 -2  2  0  1  5 -2 1 0 0 50
 0 -3 -3 -3 -1 -2 -3 -3 -3  2  1 -3  0 -1 -3 -2  0 -3 -1  5 1 0 0 60
 4 -2 -2 -2 -1 -1 -1  0 -2 -1 -1 -1 -1 -2 -1  1  0 -3 -2  1 1 1 1 5
-1  3 -1 -1 -3  2  0 -2 -1 -3 -3  2 -2 -3  5  1 -1 -3 -2 -2 1 1 0 75
-1 -1 -1  0 -3  1  4 -3 -1 -1  1  0  2 -2 -2 -1 -1 -3 -2 -1 1 1 0 80
 0  0  0 -1 -3  0  0  3 -1 -3 -3  3 -2 -3 -2  1 -1 -3 -2 -3 1 1 1 65
-2 -3 -3 -4 -2 -3 -3 -4 -2  0  2 -3  3  6 -4 -3 -2  0  2 -1 1 0 1 5
 1  0  2 -1 -2  0  0  1 -1 -3 -3  3 -2 -3 -1  2  0 -3 -2 -2 0 1 1 20
 0 -1  0  3 -3  1  4 -1 -1 -3 -3  0 -2 -3 -1  3  0 -3 -2 -3 0 1 1 75
-1  4 -1 -1 -4  1  0 -2  3 -3 -3  4 -2 -3 -2 -1 -1 -3 -1 -3 1 0 1 5
-1 -3 -3 -4 -1 -3 -3 -4 -3  3  2 -3  1 -1 -3 -2 -1 -3 -1  4 1 1 1 40
-2 -2 -3 -4 -2 -2 -3 -4 -3  1  4 -3  3  3 -3 -3 -2 -1  0  0 1 0 0 0
 2 -1  0 -1 -1  1 -1 -1  2 -2 -2 -1 -1 -3 -1  2  3 -3 -1 -1 1 0 0 10
-2  1 -3 -3 -3 -2 -2 -3 -2 -2 -1 -2  2  3 -3 -2  1  9  1 -2 1 0 0 5
-2 -3 -4 -4 -2 -3 -3 -4 -3  1  5 -3  2  0 -3 -3 -2 -2 -1  0 0 0 1 0
 2 -2 -1 -1 -2 -1 -1  4 -2 -3 -3 -1 -2 -3 -2  2  1 -3 -2 -2 0 1 1 0
-1  2  0 -1 -3  3  0 -2  5 -3 -3  4 -2 -3 -2 -1 -1 -3 -1 -3 1 1 1 40
-1 -2 -3 -4 -1 -2 -3 -4 -3  3  2 -2  4  0 -3 -2 -1 -2 -1  3 1 1 1 0
-1 -3 -3 -2 -3 -2 -2 -3 -3 -3 -4 -2 -3 -4  8 -1 -2 -4 -4 -3 1 1 1 20
-2 -3 -4 -4 -2 -3 -3 -4 -3  1  4 -3  2  2 -3 -3 -2 -2  0  0 1 1 1 40
-2 -3 -4 -4 -2 -3 -3 -4 -3  1  4 -3  1  4 -3 -3 -2 -1  0  0 0 1 1 10
-1  3  1 -1 -3  1  0 -2 -1 -3 -3  5 -2 -3 -2  0 -1 -3 -2 -3 0 1 1 80
-2 -1  6  2 -3  0  0 -1  4 -4 -4 -1 -3 -3 -2  0 -1 -4 -1 -3 1 1 1 45
-1 -2 -1 -2  5 -1  1 -3 -2  0  1 -1  0 -2 -2  0  3 -3 -2  0 0 0 1 60
 0 -1  3  3 -3  2  3 -2  0 -3 -3  0 -2 -3 -2  0 -1 -3 -2 -3 0 0 1 70
 4 -2 -2 -2 -1 -1 -1 -1 -2 -1 -1 -1 -1 -2 -1  1  0 -3 -2  1 0 0 1 45
-1 -3 -3 -4 -1 -3 -3 -4 -4  3  1 -3  0 -1 -3 -2 -1 -3 -2  5 0 0 1 0
-1  4 -1 -1 -4  6  1 -2  0 -3 -3  1 -1 -4 -2 -1 -1 -3 -2 -3 0 0 1 35
-1  3  0  2 -3  1  2 -2 -1 -3 -3  3 -2 -3 -2  0  1 -3 -2 -2 0 0 1 55
-2  1 -1 -3 -3 -1 -2 -3  5 -2 -2 -1 -1  3 -3 -2 -2  0  6 -2 0 0 1 25
 2  1 -2 -2 -1 -1 -2 -2 -2  1  0 -1  1 -2 -2  0  2 -3 -2  2 0 0 1 0
 0  0  3  1 -3  3  4 -2  0 -3 -3  0 -2 -3 -2  0 -1 -3 -2 -2 0 0 1 55
 0  2  3  0 -3  2  0  1  0 -3 -3  2 -2 -3 -2  0 -1 -3 -2 -2 0 0 1 75
 1 -1 -2 -2 -1  1 -1 -2 -2  2  2 -1  1 -1 -2 -1  1 -2 -2  1 1 1 0 10
 1  4  2 -1 -2  0 -1 -1  2 -3 -2  1 -2 -3 -2  1  1 -3 -2 -2 1 1 1 95
-1  1 -2 -1 -2 -1  1 -3 -2  2  1 -1  0 -1 -2 -1  1 -3 -2  2 1 1 1 10
-1  0  0  2 -3  3  3  0 -1 -3 -3  0 -2 -3 -2  1  1 -3 -2 -2 1 1 0 75
-2 -1  5  3 -3 -1  0 -1  0 -2 -3 -1 -2 -3 -2  0 -1 -4 -3  0 1 1 1 35
-1  3 -1 -2 -3  4  0 -3  0 -2  0  2  0 -1 -2 -1 -1 -1  2 -2 0 0 1 30
-1  3 -1 -1 -3  3  0 -2  0 -3 -2  4 -1 -2 -2 -1 -1 -2  2 -3 0 0 1 70
 0 -1 -1 -2 -1 -1 -1 -2 -2  2  0  1  0 -2 -2  0  3 -3 -2  2 0 0 1 20
-2  1 -3 -4 -2 -2 -3 -4 -3  1  4 -2  1  0 -3 -3 -2 -2 -2  0 0 0 1 0
-1  2  0 -1 -3  3  2  3 -1 -3 -3  0 -2 -3 -2  0  1 -3 -2 -2 0 0 1 10
-1 -2 -2 -3 -1 -2 -2 -3 -3  2  0 -2  0 -2 -2 -1  3 -3 -2  4 0 0 1 25
-3 -3 -4 -4 -3 -4 -4 -4 -2 -1  0 -4 -1  7 -4 -3 -3  0  2 -1 0 0 1 -5
-1 -2 -3 -3 -2 -2 -2 -4 -3  1  4  0  1  0 -3 -2 -1 -2 -1  2 0 0 1 0
-1  2  1 -1 -3  3  1 -2  2 -2  0  1  0 -2 -2  0 -1 -3 -1 -2 0 0 1 45
 4 -2 -1 -2 -1 -1 -1  0 -2 -2 -2 -1 -1 -3 -1  2  1 -3 -2 -1 0 0 1 -5
-2 -3 -4 -4 -2 -3 -3 -4 -3  1  5 -3  2  0 -3 -3 -2 -2 -1  0 0 0 1 0
 3 -1 -1 -1 -1 -1 -1 -1 -2 -2 -2  1 -1 -3 -1  2  3 -3 -2 -1 0 0 1 35
 0  0  0  0 -3  2  3 -2  4 -2 -2  2 -2 -3 -2 -1 -1 -3 -1 -1 0 0 1 25
-1  4 -1 -1 -3  1  2 -2 -1 -2 -2  3 -1 -3 -2 -1 -1 -3 -2  0 0 1 1 15
-2  0 -3 -4 -3 -2 -2 -4  1 -2 -1 -2 -1  4 -4 -2 -2  1  7 -2 0 1 1 40
 0 -3 -1  1 -3 -2 -2  6 -2 -4 -4 -2 -3 -4 -3 -1 -2 -3 -4 -4 1 1 0 45
 0 -1 -1  2 -3  1  3 -2  3 -2  0  0 -1 -2  1 -1 -1 -3 -1 -2 0 0 1 85
 1  0  0  2 -2  1  3 -1 -1 -3 -3  2 -2 -3 -1  1  1 -3 -2 -2 0 0 1 65
 2 -2 -1 -2 -2 -2 -2  2 -1  0 -1 -2 -1  3 -2  1  1 -1  2 -1 0 0 1 20
 3 -2 -1 -2 -1 -1 -1 -1 -2  0 -1 -1 -1 -2 -1  1  1 -3 -2  2 0 0 1 50
-1  1  3  0 -3  2  1  0 -1 -2  0  1 -1 -2 -2  0 -1 -3 -2 -2 0 0 1 50
 2  0  1  3 -2  3  1 -1 -1 -3 -3  2 -2 -3 -1  0 -1 -3 -2 -2 0 0 1 30
 3 -2 -2 -2 -1 -1 -2 -1 -2  1  0 -1  1 -2 -2  0  1 -3 -2  2 0 0 1 50
 1 -2 -2 -2 -1 -2 -2 -2 -2  1  2 -2  1  3 -2 -1  0 -1  0  1 0 0 1 55
-1 -1  2  3 -2 -1  0 -2 -1 -1  0 -1 -1 -1  2 -1 -1 -2  1 -2 0 0 1 35
 0  0 -2 -2 -2  0 -1 -2 -1 -1  0  2  5  0 -2 -1 -1 -1  3 -1 0 0 1 15
 1 -1 -1 -2 -2  1 -1  2 -2  0  1 -1  2 -2 -2  1  0 -2 -2  1 0 0 1 55
 1  1  0  5 -3 -1  0  1 -1 -3 -3 -1 -3 -3 -2  1 -1 -4 -3 -2 0 0 1 70
-2  2 -3 -3 -2 -2 -2 -4 -2  2  2 -1  1  2 -3 -2 -1 -1  1  1 0 0 1 35
 0  2  3  0 -2  0  0 -1  0 -3 -2  0 -2 -2 -1  3  0 -3 -2 -2 1 1 1 10
 1 -2 -1  3 -2 -1 -1  3 -2 -2 -2 -1  2 -3  2 -1 -1 -3 -3 -2 1 1 1 45
-1  0  2 -1 -3  2  0  3  3 -3 -3  1 -2 -3 -2  1 -1 -3 -2 -3 1 1 1 75
 1  0 -1 -1 -2  0  0 -1 -2 -2 -2  3 -1 -3 -1  1  3 -3 -2 -1 1 1 1 35
-1 -3 -3 -2 -3 -2 -2 -3 -3 -3 -4 -2 -3 -4  8 -1 -2 -4 -4 -3 1 1 1 45
-2 -3 -4 -4 -2 -3 -3 -4 -3  1  4 -3  2  2 -3 -3 -2 -2 -1  0 0 0 0 5
 1 -2  0  2 -1 -1 -1 -2 -2 -1 -2 -1 -1 -3 -1  1  4 -3 -2 -1 0 0 0 50
 1  2 -1 -1 -2  3  0 -2 -1 -2  0  0 -1 -2  3  1 -1 -3 -2 -1 0 0 0 75
-2  5 -1 -2 -3  0 -1 -3  4 -1 -2  1 -1 -2 -3 -1 -1 -3 -1  1 1 1 0 5
-1  3 -1 -2 -2  0 -1 -3 -2  0  2  2  2 -1 -2 -1  1 -2 -2 -1 1 1 1 70
 0 -3 -3 -3 -1 -3 -3 -3 -3  3  2 -3  1 -1 -3 -2 -1 -3 -2  3 1 0 0 25
-1  3 -1  0 -3  3  3 -3 -1 -1 -2  1 -1 -3 -2 -1 -1 -3 -2  0 1 0 0 30
-2  0  3 -1 -3  4  1 -2  3 -3 -2  0 -1  2 -2 -1 -1 -2  0 -2 1 0 0 20
-1 -3 -3 -4 -1 -2 -3 -4 -3  4  2 -3  3  0 -3 -2 -1 -2 -1  2 1 1 1 0
 0 -2 -1 -2 -1 -1 -1 -2 -2  0 -1 -1 -1 -2  3  0  4 -3 -2  1 0 0 1 30
-1  0  0  0 -3  4  3 -2  0 -3 -3  1 -1 -3 -1  2  0 -3 -2 -2 0 0 1 15
-1  2 -1  1  5 -1 -1 -3 -2  2  0  1  2 -2 -2 -1 -1 -3 -2  0 0 0 1 0
 2 -2 -2 -2  3 -1 -2 -1 -2  1 -1 -2  0 -2 -2  1  0 -3 -2  2 0 0 1 20
-1  1 -1  0 -3  1  3 -2 -1 -2 -2  3 -1 -3 -1 -1 -1 -3 -2  0 0 0 1 30
 3 -2 -1  2 -1 -1 -1  2 -2 -2 -2 -1 -2 -3 -1  1  1 -3 -2 -1 0 0 1 0
 3 -2 -2 -2 -1 -1 -2  2 -2  0 -1 -1 -1 -2 -2  0  0 -3 -2  1 0 0 1 20
-1 -1  0  4 -4  1  4  2 -1 -3 -3  0 -3 -3 -2  0 -1 -3 -3 -3 0 0 1 60
-1  0  0  3 -3  1  3  2 -1 -3 -3  2 -2 -3 -1  0 -1 -3 -2 -3 0 1 1 40
 0  0  0 -1 -2  0 -1  4 -1 -3 -3  2 -2 -3 -2  1  0 -3 -2 -3 0 1 1 20
-2 -3 -1  3 -3 -2 -1 -3 -1 -1  0 -2 -1  5 -3 -2 -2  0  2 -2 0 0 1 0
 2 -2 -1 -2 -1 -1 -2 -1 -2  2  0 -1  0 -1 -2  1  0 -3 -2  1 0 0 1 0
-1  1  4  0 -3  1  0 -1  0 -3 -3  3 -2 -3 -2  0  0 -3 -2 -3 0 0 1 50
 0 -2  0  2 -2 -1  0 -2 -2  1  2 -1  0 -1 -2  1  0 -3 -2  0 0 0 1 0
-1 -3 -3 -3 -1 -3 -3 -4 -3  4  1 -3  1  0 -3 -2 -1 -3 -1  3 0 0 1 10
-1  3  3  0 -3  1  0 -1  0 -3 -3  3 -2 -3 -2  0 -1 -3 -2 -3 0 0 1 40
 1 -1  3  0 -1  0  0  0  0 -3 -3  0 -2 -3 -1  4  1 -3 -2 -2 0 0 1 15
 2  1 -1 -1 -2  1  0 -1 -1 -2 -2  4 -1 -3 -1  0 -1 -3 -2 -2 0 1 1 50
-2 -1  1  5 -3  3  2 -2 -1 -3 -3  0 -2 -4 -2  0 -1 -4 -3 -3 0 1 1 70
-2  0  6  1 -3  0  0  0  1 -3 -4  0 -2 -3 -2  1  0 -4 -2 -3 1 1 1 95
