 3 -6 -5 -6 -6 -6 -6  7 -6 -7 -7 -5 -6 -7 -6 -4 -5 -7 -7 -6 1 1 1 95
 0 -3  3 -3  7 -2 -1 -3 -2 -5 -5 -2 -5 -6  0  3  3 -6 -3 -4 1 1 1 85
 2 -1 -1 -4  9 -5 -2 -1 -3 -5 -5 -3 -4 -6  1  2  1 -7 -5 -1 1 1 1 90
 1 -1 -2 -3 -1 -1 -1 -3  0  1  0 -1 -1 -1  2  0  2  0 -2  2 1 1 1 85
 1 -1  3 -3 -5 -2 -1  1  1 -4 -4  0 -4 -4  4  1  0 -3 -2 -3 1 1 1 65
-1  2  1  2 -1  0  1 -3  3 -3 -2  2 -4 -4  2  1  0 -5 -4 -1 0 1 1 90
-3  1  0 -3 -2  2  1 -2  0 -5 -5  1 -5 -6  2  1  4 -5 -2 -2 1 1 1 65
-7 -11 -10 -11 12 -10 -11 -10 -10 -8 -6 -10 -8 -9 -10 -8 -8 -9 -9 -8 1 1 1 30
 1  1 -1  0 -4  0  0  0  0 -3 -2  0 -1 -3  2  2  1 -5 -1 -3 1 1 1 65
 0 -1  0  1 -3 -1  2 -3 -2 -5 -4  0 -3 -5  4  2  0 -2 -3 -2 1 1 0 75
-1 -3  4  4 -6 -2  0  2  2 -5 -5 -1 -5 -3 -4  1  0 -6 -1 -5 1 1 0 70
-5 -3 -2  1 -8  6  6 -6  0 -7 -5 -1 -1 -3 -6 -3 -2 -7 -2 -6 1 0 0 25
-3 -3 -9 -9 -8 -8 -9 -9  1 -4 -5 -6 -2  9 -9 -6 -6  1  1 -4 1 0 0 10
-1  4 -3 -5 -1  5 -2 -6  0 -5 -3  2  0 -6 -2 -1  2 -6 -4 -2 1 0 0 55
-7 -11 -10 -11 12 -10 -11 -10 -10 -8 -8 -10 -8 -9 -4 -8 -8 -9 -9 -8 1 1 1 0
 1  2  2  1 -5  0 -1  1  2 -4 -2  2 -3 -4 -3  1  0 -2 -4 -3 1 1 0 80
-6 -5  7  4 -7 -5 -3 -4 -2 -7 -8 -5 -5 -8 -7  3  0 -9 -5 -5 1 1 0 45
-5  0 -1 -4 -8 -2 -4  7  0 -9 -7 -1 -8 -8 -6 -2 -3 -8 -5 -8 1 1 0 35
-2  5 -1 -2 -6  3  1 -3  3 -3 -2  3  0 -1 -4 -1 -1 -2 -3 -3 1 1 1 50
-7 -11 -10 -11 12 -10 -11 -10 -10 -8 -8 -10 -8 -9 -10 -8 -8 -9 -10 -8 1 0 0 20
-6 -8 -8 -8 -7 -6 -7 -7 -8  8  0 -2 -3 -6 -8 -7 -5 -8 -5  3 1 0 0 0
-1  1 -1  0 -7 -3 -3 -4 -2 -5 -2 -2 -5 -4  7  2 -1 -8 -4 -5 1 0 0 25
 0  1  1  1 -4  1  0  0  0 -1  0  2  0 -2 -1  0 -1  0  0 -1 0 0 0 45
-1  2  0  1 -4  0  1 -1  3 -2 -3  1 -2  0 -3  2  0 -2  0 -2 0 0 0 80
-7 -3 -2 -7 -8 -2 -8 -7 -4 -7  0 -5 -4  2 -8 -5 -6 12  2 -7 0 0 0 45
-2  4 -4 -5 -5  2 -2 -5  1  0  0  2 -1 -2 -6 -4 -2 -1 -1  4 0 1 1 0
-6 -8 -8 -8 12 -8 -8 -8 -8 -7 -7 -8 -7 -8 -8 -7 -7 -8 -8 -7 0 1 1 20
-7 -7  2  8 -8 -6 -3 -6 -6 -8 -8 -6 -8 -8 -7 -6 -6 -8 -8 -8 1 1 0 55
-4 -2  1 -3 -7 -2 -4  7  1 -7 -6 -2 -5 -4 -6 -1 -3 -5 -2 -6 1 1 0 65
-3  0 -2  4 -5  2  3 -4  1 -1 -3 -1  1  0 -4 -2 -1  2  0  0 1 1 0 60
 0  0  4  3 -5 -1  0 -3  2 -2 -4  1 -3 -2  2 -1 -1 -5 -1 -2 1 1 1 45
-6 -6  0  8 -8 -3  1 -6  0 -8 -8 -6 -7 -8 -6 -5 -6 -8 -7 -8 1 1 1 25
-6 -8 -8 -8 12 -8 -8 -8 -8 -7 -7 -8 -7 -8 -8 -7 -7 -8 -8 -7 1 1 0 0
 0  0 -1 -1 -4  0  0  4 -1 -3 -1  0 -2 -2  2  0 -1 -1 -3 -2 1 1 0 85
-6 -5 -1  8 -7 -3 -3 -4 -4 -7 -7 -6 -7 -5 -6 -4 -6 -3 -4 -7 1 1 0 50
-2 -1  3 -3 -6 -2 -3  6  1 -6 -3 -1 -1 -1 -6 -3 -5  1 -1 -6 1 1 0 35
-3 -5 -5 -3 -6 -4  0 -4 -6 -7 -6 -5 -6 -3 -6  7  1 -7 -6 -5 1 1 1 10
-7 -7 -3  9 -8 -6 -4 -5 -4 -4 -8 -6 -8 -8 -7 -6 -6 -8 -8 -8 0 1 1 0
-7 -6 -7 -5 -10 -4  8 -9 -6 -10 -9 -5 -8 -10 -4 -6 -7 -9 -4 -9 0 1 1 40
 1  0 -1  2 -3  0  1 -2  0 -1  0  1  0 -2 -1  1  1 -2 -2 -1 0 1 1 45
 0 -2  5  2 -2  0  0 -1  2 -2 -2 -1 -2 -4  2  0 -2 -4 -2 -2 0 1 1 65
-1 -3 -2  0  9 -1  3 -3 -2 -3 -3 -2 -4 -4 -3 -1 -2 -3 -3 -1 1 1 1 70
 0 -1  1  0  1  0  0  0  0  0 -1  0 -1 -2  0  1  2 -3 -1  0 1 1 1 30
 0 -2 -1 -3 10 -4 -3 -3 -5 -3 -4 -2 -4 -4  0 -3 -3 -4 -4 -2 1 1 1 10
 0 -1  0 -1 -1  0  0  0  2 -1 -1  0  0  0  3  1  1 -2 -1 -1 1 1 1 70
 0 -1  2 -1  0  0 -1 -1  0 -2 -2  0  0 -1  3  2  1 -4  0 -2 1 1 1 70
-1  2 -1 -2 -1  2 -1 -1  3 -1 -1  1 -1 -3  2  0  0  0  0  1 1 1 1 50
-2 -1 -1 -2  0  0  0  0 -2 -2 -3  0 -2 -3  1  2  4 -2 -4  0 1 1 1 85
-6 -7 -5 -5 12 -7 -7 -7 -5 -5 -4 -5 -6 -7 -7 -6 -5 -7 -7 -6 1 1 1 20
 0  1  0  0 -3  0  1  1 -1 -4 -3  1 -2 -2  4  2  0 -3 -4 -3 1 1 1 85
 1 -2 -1  1 -2 -1  2 -2  0 -2 -3 -2 -3 -2  4  2  0 -2 -1 -1 0 1 1 75
-2 -3  4  4 -3 -1  0  2  1 -5 -4 -2 -3 -1 -2  1  0 -3  0 -4 0 1 1 45
-2 -2 -2  0 -7  5  5 -4  1 -6 -3 -1  0 -2 -5 -1 -2 -1 -1 -5 1 0 0 35
-6 -5 -5 -8 -8 -6 -8 -8  0 -2 -2 -8  0  9 -5 -7 -7  2  3 -2 1 1 1 15
-1  3 -2 -3 -5  4  0 -5  1 -4 -2  2 -1 -4 -1  2  1 -3 -3 -4 1 1 1 40
-7 -6 -9 -10 12 -9 -10 -9 -4 -8 -8 -6 -8 -9 -9 -7 -7 -9 -5 -7 1 1 1 10
 1  0  1  0 -1  1  0  2  0 -2 -2  1 -2 -3  1  0 -1 -4 -3 -2 1 1 0 45
-1 -3  6  2  1 -2 -2  1 -1 -3 -4 -3 -1 -4 -1  3 -2 -4 -4 -3 1 1 0 90
-1  2  0  1 -2  1  0  1  0 -2 -1  1 -1 -1  0  1  0  0 -1 -1 1 1 0 40
 0  0  1  0 -1  0  0  0 -1 -1 -1 -1 -1 -1  0  2  1 -1  1  0 1 1 0 25
-3 -2  3 -1 -4 -4 -3  6  1 -3 -5 -2 -4 -5 -3 -1  0 -4 -4 -4 1 1 0 65
-1  4 -1 -2 -5  3  1 -3  4 -2 -2  2 -1 -4 -3 -1 -1 -3 -1 -2 1 1 1 50
-7 -11 -10 -11 12 -10 -11 -10 -10 -8 -8 -10 -8 -9 -10 -8 -8 -9 -10 -8 1 0 0 15
-3 -8 -8 -8 -6 -7 -8 -9 -8  8  0 -3 -2 -5 -8 -7 -4 -8 -4  3 1 0 0 0
-2 -3 -3 -1 -7 -2 -4 -5  0 -4 -2 -4 -3 -3  8  1 -4 -8 -4 -6 1 0 0 35
 0  1  0 -1 -4  1  0  0  0 -2  0  2  0 -3 -1  1 -1 -2 -1 -1 0 0 0 65
 0  2  0  0 -4 -1  0 -2  2 -3 -2  0 -2  0 -3  3  1  0  0 -3 0 0 0 85
-3 -1 -5 -9 -8 -1 -5 -6  0 -7 -1 -3 -2  3 -6 -3 -7 11  2 -5 0 0 0 30
-3  5 -4 -5 -6  2 -1 -6  2 -2  1  3  0 -4 -6 -4 -4  0 -4  2 1 1 0 50
-7 -10 -9 -10 12 -10 -10 -9 -10 -8 -8 -10 -8 -9 -10 -5 -8 -9 -9 -7 1 1 0 35
-8 -7  2  9 -9 -6 -4 -7 -7 -9 -10 -7 -9 -10 -7 -6 -7 -10 -9 -9 1 1 0 55
-3 -1 -2 -2 -7 -1 -4  7  1 -8 -5 -3 -3 -4 -7 -2 -4 -7 -3 -5 1 1 0 30
-1  0  1  3 -6  2  4 -4  2 -1 -4  0 -2 -1 -5 -1 -2 -1  0  0 1 1 0 60
-1  1  3  3 -5  0  0 -3  0 -1 -3  1 -2 -2  2 -1 -1 -4 -1 -1 1 1 1 60
-8 -7 -1  9 -10 -3 -3 -7 -1 -9 -10 -7 -9 -10 -7 -6 -7 -10 -9 -9 1 1 1 20
-7 -10 -10 -10 12 -10 -11 -9 -10 -8 -8 -10 -8 -9 -10 -8 -8 -9 -9 -8 1 1 0 0
 0  0 -1  0 -4  0  1  3 -1 -1 -2  0 -2 -2  2  1 -1 -1 -2 -3 1 1 0 65
-5 -5  2  8 -9 -4 -3 -1 -3 -9 -9 -6 -8 -3 -7 -2 -6 -5 -4 -9 1 1 0 75
-2 -1  3 -4 -7 -3 -3  6  2 -7 -4  0 -1 -4 -6 -2 -5 -1 -2 -7 1 1 0 25
-1 -3 -5 -3 -6 -3  2 -4 -5 -6 -5 -4 -5 -7 -6  7  1 -8 -5 -6 0 0 0 35
-8 -8 -3  9 -10 -6 -3 -7 -7 -9 -10 -7 -9 -10 -8 -6 -7 -11 -9 -9 1 1 1 0
-7 -6 -6 -4 -10 -4  8 -8 -6 -10 -9 -5 -8 -10 -7 -6 -7 -9 -8 -9 0 1 1 35
 1  1 -2  0 -4  2  2 -3  1  0  0  1  0 -2 -4  0  0 -3 -2 -1 1 1 0 65
-2 -3  6  3 -7 -1 -2  3  1 -6 -7 -3 -6 -5 -6  0 -3 -7 -3 -7 1 1 1 60
-7 -10 -9 -10 12 -10 -10 -9 -10 -8 -8 -10 -8 -9 -10 -8 -8 -9 -9 -7 1 1 1 85
