 2 -2  1 -1 -2 -1 -1 -1 -2 -3 -3 -1 -2 -3 -2  4  3 -3 -2 -2 1 1 1 95
-3  0 -3 -4 -4 -1 -3 -4  1 -3 -2 -3 -2  2 -4 -2 -3  1  8 -2 1 1 1 90
-2  5 -1 -2 -4  1 -1 -1 -2 -4 -4  4 -3 -4 -3  2 -1 -4 -3 -4 1 1 1 75
 0 -3 -3 -2  5 -1  3 -3 -3  0 -2 -2 -2 -3 -3  0 -1 -4 -3  3 1 1 1 45
-1  0 -2 -2 -3  0 -1 -3  0  0  0  3 -1 -2 -3  1  2 -2  3 -1 1 1 1 45
-4 -7 -6 -7 11 -6 -7 -6 -6 -5 -5 -6 -5 -6 -6 -4 -4 -6 -6 -4 1 0 0 5
-3  2 -3 -4 -3 -3 -3 -4 -2  1 -1  1  0  5 -4 -1 -1 -2  3  2 1 0 0 75
-3 -3  2  6 -6 -1  4 -2 -3 -5 -6 -2 -5 -6 -1 -1 -3 -6 -5 -5 1 0 0 5
-1 -1 -1 -1 -4  2  3  1  0 -3 -3  0 -3 -4  3  0  1 -4 -1 -2 0 1 1 85
-2 -1 -1 -2 -4  4  0 -3 -2 -2 -2  3 -2 -2  1  0  2 -3  3 -1 0 1 1 70
-2  2  0 -3  3 -2 -3 -4  2 -2  2 -1 -2 -1 -3  0  4 -4 -3 -2 0 1 1 40
-1 -1 -2 -3 -3  3 -2  2  1 -2  2 -1 -1  0 -1  0 -2 -2  4 -2 0 1 1 75
 0  2  0 -2 -3  3  2 -3  1  1 -2  0  3 -3 -1 -1  0 -4 -3 -2 1 0 0 50
-3 -3 -1 -4 -3 -1 -3 -4  2  2  0 -3  0  4  1 -2  0 -1  4  1 1 0 0 55
-4  0 -4 -5  4 -4 -5 -5 -1 -1 -1 -4 -2  6 -5 -4 -4 -1  6 -2 1 0 0 10
-2  0  0  2 -4  4  3 -1  5 -2 -4  0 -3 -4 -2  0 -2 -4 -2 -3 1 1 1 55
 0 -1 -2 -2  3  3  2 -2  1  1 -1 -1 -1 -1  1  0  0 -3 -2  0 0 1 1 40
-2  1  4  1 -4 -1 -2  3  3 -4 -4  1 -3 -1 -3 -1 -2 -4 -3 -1 0 1 1 65
-3 -2 -2  5 -5  2  5 -1 -3 -5 -5 -1 -4 -5 -3 -2 -1 -5 -4 -2 1 1 1 35
-1  0 -1 -3  5 -2 -1 -2 -1  1  0 -1  1 -3 -3  3  2 -4 -3 -1 1 0 0 40
-4 -6 -1 -7 -6 -5 -6 -6 -6 -3 -5 -6 -5 -3 -7 -3 -6 13 -1 -6 1 0 0 5
 1  0 -3 -4  1 -2 -3 -1  1 -1  3 -2  0  1 -3  1 -1 -2  2 -1 1 0 0 35
-4  8  1 -2 -6 -1 -3 -5 -3 -6 -5  1 -4 -6 -5 -3 -4 -6 -5 -5 1 0 0 25
 0 -1 -1 -1 -2  0 -1 -1  2  0 -2 -1 -2 -1  5  0  0 -2  2 -1 1 1 1 55
 0 -1 -1  0  3  0  1  1  1 -1  0 -1  0 -1  0 -1 -1 -2  0  1 1 1 1 35
-1 -2 -2 -4  2 -2 -3 -4 -2  2  3 -3  1  0 -3 -2  0  5  0  2 1 1 0 75
-2  5  1 -1 -4  1  2 -3  3 -4 -3  2 -2 -4 -3  0 -2 -4 -1 -3 1 1 0 95
 0 -2  0 -1 -2  3 -1  4 -1 -4 -4 -1 -3 -5  3  1 -2 -4 -3 -3 1 1 0 65
 1 -1  4  0 -4  1 -1  4 -3 -4 -4 -1 -3 -4  0  0 -2 -4 -3 -3 1 1 0 70
 0  5 -1 -3 -2  0 -3  3  2 -4 -4  1 -4 -4 -4 -1  0 -4 -2 -2 1 1 1 45
-1 -3 -3 -5  0 -1 -3 -1 -5  1 -1 -3 -1 -2 -4 -2  1 -5 -1  6 1 0 0 25
 2 -1 -1  0 -3  0  5 -3  2 -4 -3 -2 -3 -2 -3 -1 -1 -4  3 -1 1 0 0 20
-4  4 -3 -5 -6  3 -1 -5  4 -4 -4  3 -1  2 -5 -3 -3  0  5 -1 1 0 0 30
-7 -10 -9 -10 12 -9 -10 -9 -9 -8 -8 -10 -8 -9 -9 -7 -1 -9 -2 -7 1 0 0 0
-1  3 -2  1 -5  2  1 -3  0  0 -1  0 -2 -3 -4  1  1  2 -1 -1 1 0 0 30
-7 -10 -1 -10 12 -9 -10 -9 -9 -8 -8 -10 -8 -9 -9 -7 -7 -9 -9 -7 1 1 1 -5
 1  1  0  0 -4  1 -1 -3 -2 -2  0  1 -1 -2  4 -1  0 -2 -2  0 1 1 0 35
-1  1 -2  0  0 -1  0  1  0 -4 -4 -3 -3 -3  5  1  0 -6 -1 -4 1 1 0 40
-4 -4 -3 -6 -8 -7 -6  7 -7 -6 -9 -3 -8 -8  3 -3 -5 -8 -5 -8 1 1 0 45
-6  1 -4  0 -4  0 -3 -2 -1 -5 -1 -4 -5  6 -7 -5 -5  6  6 -6 1 1 0 70
 2 -2 -3 -3 -4 -1  1 -3 -2  0 -4  2  0 -4  0  1  3 -6 -3  0 1 1 1 30
-3  3 -1  2 -6  3 -2  4  4 -5 -3 -2 -5 -5 -6 -3 -3 -1 -4 -4 1 0 0 35
-2 -4 -4 -6 11 -3 -6 -6 -8 -2 -3 -4 -7 -5 -4 -3 -2 -8 -6 -3 1 0 0 35
-4 -2  0  0 -2  3  4 -4  7 -6 -4  0 -3 -4 -5 -3 -1 -6 -4 -5 1 0 0 40
-2  2 -1  1  3  1  1 -2 -1  1 -1 -1 -2 -3 -1  2  0 -1 -2 -2 1 0 0 45
-1 -2 -2 -1 -2 -1 -1 -2 -2  2  1 -1  0 -2 -3  0  1 -4 -2  3 1 0 0 35
 1  0  3  3 -5 -1  1 -3  0 -3 -4 -2 -3 -5  5 -2 -1 -5 -3 -3 1 1 1 45
-2 -3 -2 -3 -2 -3 -4 -3  0  4 -1 -3  0 -1 -2  1 -2 -5  1  4 1 0 0 55
-3  0  4  4 -5  3 -1 -2 -1  0 -4  0 -3 -4 -2 -1  1 -5 -3 -4 1 1 1 80
 1  0  1  3  1 -1  4 -1 -1 -3 -3 -1 -2 -4  0  0 -2 -2 -2 -2 1 1 1 85
-2 -3  0 -5 11 -5 -5 -5 -5 -5 -5 -1 -5 -5 -5 -4  0 -5 -5 -5 1 1 1 10
 2 -1  1  0 -3  0  0 -1  0 -1 -1  0 -1 -2 -2  2  0 -1  0 -1 1 1 0 90
-1 -1  1  1 -1 -1  2 -1  0 -2 -3 -1 -3 -4  1  4  1 -4 -2 -2 1 1 0 70
-2 -2  5  2  3  2 -1 -1  0 -4 -3  0 -2 -3 -1  1 -2  0 -2 -2 1 1 1 60
-2 -2 -2 -3  4 -2 -3 -3 -1 -4 -4 -2 -2 -3  7 -2 -2 -1  1 -5 1 1 1 50
-1 -6 -6 -6 11 -6 -6 -6 -6 -5 -5 -6 -5  0 -6 -5 -5 -5  1 -5 1 1 0 0
-1  1 -1 -2 -3  2 -1 -1  1 -1  2 -1  1  2 -3 -1 -1  1  1  0 1 1 1 50
-5 -4  8 -2 -5 -2 -4  1  3 -6 -4 -4 -5 -1 -5 -2 -4 -6 -5 -5 0 1 1 35
-2  0  1 -1 -5 -2 -2  6 -1 -5 -5 -1 -4 -5 -4 -2 -4 -5 -2 -5 0 1 1 65
 0 -5 -4 -5 -5 -5 -5  7 -5 -6 -6 -5 -5 -6 -5 -1 -5 -5 -5 -5 1 1 1 5
-1  0 -1 -1 -4 -1  0 -4 -1 -1 -1 -1 -1 -4 -4  1  6 -4 -2 -1 1 0 0 50
-1 -7 -6 -7 11 -6 -7 -2 -6 -5 -5 -6 -6 -6 -6 -5 -5 -6 -6 -5 1 0 0 0
-1  1 -1 -2 -3  1  0 -3  3  0  0  1  0  0 -3 -1  0  0  3  1 1 0 0 25
-2  3  2  5 -4  1  1 -2  0 -4 -1 -1 -2 -3 -2  0 -1 -4 -3 -2 1 0 0 20
 1  0 -1 -1 -3  0 -1  3 -1  0  0 -1 -1 -2 -1  0  0 -3 -1 -1 1 0 0 5
 0 -1 -1  0 -2  0  1 -1 -1  1  0 -1  0 -2 -1  0  2 -3 -1  2 1 1 0 50
 0  0  0 -1 -2  1 -1  0  3 -1 -2 -1 -1  1 -1  0 -1  3  3 -1 1 1 0 70
 0  0  0  0 -2  0  0  0 -1 -1 -1 -1 -1  2  0  2  1 -2  0 -1 1 1 0 30
-1 -1  5  2 -4 -1 -2  3 -1 -4 -4 -2 -4 -4  0  2 -1 -4 -4 -4 1 1 0 75
-1  0  1  3 -3  0  0  3  2 -3 -3  0 -2 -3 -3  1  0 -2 -2 -3 1 1 1 25
-5 -3 -4 -5 -5 -4 -3 -5 -1 -2 -3 -4 -3  7 -3 -3 -1 -1  7 -4 1 0 0 30
-1  0 -2 -2 -3  0 -2 -3  0  2  0 -1  0 -1 -3  1  2 -2  0  2 1 0 0 20
-5 -7 -6 -7 12 -6 -7 -6 -6 -5 -5 -6 -6 -6 -6 -5 -5 -6 -6 -5 1 0 0 25
 0  0  1  0 -3  3  1 -2  5 -1 -2  0 -3 -4 -4  1  1 -5 -2 -1 1 0 0 45
-6 -9 -9 -9 12 -9 -10 -8 -9 -7 -7 -9 -7 -8 -9 -7 -7 -8 -8 -7 1 1 1 30
-2 -1 -6 -4 -7 -3 -4 -5 -1 -4 -2 -3 -3 -8  8 -3 -3 -8 -7 -3 1 1 1 55
 0 -2 -1  0 -4 -1  1 -2  0 -2 -2  0 -2 -2  5  0 -1 -5 -2  1 0 1 1 55
-3 -3 -1 -3 -5 -3 -4  7 -4 -5 -6 -2 -7 -6 -1 -3 -5 -7 -7 -7 0 1 1 70
-7 -4 -4 -8 -7 -7 -7 -8 -1 -3 -4 -7 -5  8 -8 -6 -5  3  7 -3 1 1 1 15
 1 -1 -2 -3 -4  0  0 -2 -1 -1 -3 -1 -1 -2 -4  2  5 -5 -2  0 1 0 1 45
-5 -4 -5 -4 -8 -7 -7  8 -7 -9 -9 -6 -8 -8 -7 -4 -6 -8 -8 -8 1 1 0 60
-1  2 -2  1 -5  1  1 -3  0 -2 -3  3 -2 -5  3  0  1 -3 -3 -2 1 1 0 65
-3  3  2 -3 -4  0 -3 -4  6 -3  0 -1 -1  4 -5 -2  0  0  2 -3 1 1 0 15
-6 -9 -9 -9 12 -9 -10 -8 -9 -7 -7 -9 -7 -8 -9 -7 -7 -8 -8 -7 1 1 1 -5
-4 -3  1  3 -8  1  7 -4 -3 -8 -7 -4 -6 -8 -6 -3 -4 -7 -6 -7 1 1 1 55
-3 -2 -2 -3 -4 -2 -2 -5 -3  5  1 -3 -1 -1 -5 -3  1 -5 -1  3 1 0 1 55
-4 -2  5  7 -7 -1  1 -3 -2 -6 -6 -3 -4 -6 -4 -1 -4 -7 -6 -3 1 1 1 40
 1 -2 -2 -3 -2 -1 -2 -4 -3  2 -1 -2 -2 -2 -1  1  4 -5 -4  2 1 1 0 85
-2  2  5  0 -2  1  1 -2 -1 -5 -4  2 -3 -5 -4  2 -1 -2 -3 -5 1 1 0 75
 4 -2 -3 -3 -2 -1  5 -4 -4 -5 -5  0 -2 -6 -2  1 -2 -6 -5 -3 1 1 1 35
-2 -3 -2 -3 -3 -3 -3 -3 -4 -3 -4 -3 -3 -5 -3  3  7 -5 -4 -3 1 1 1 95
