 2 -2 -1 -2 -2 -2 -2  5 -2 -3 -3 -1 -2 -3 -2  0 -1 -3 -3 -2 0 0 1 1 0.80
-2 -1  5  4 -3  0  0 -1  0 -3 -4  0 -3 -3 -2  0  0 -4 -3 -3 0 0 1 1 0.69
-1  0 -1 -2 -2  0 -1 -2 -1  0  2  3  4 -1 -2 -1 -1 -2 -1  0 0 0 1 0 0.52
 1 -2 -2 -2 -2 -1 -2 -2  0 -1  0 -1  2  1 -2  0  1  0  4  0 0 1 0 0 0.32
-1 -2 -2 -3 -2 -2 -2 -3 -2  0  1 -2  2  5 -3 -1  1  0  2  0 0 1 0 1 0.17
-1  2  0  0 -3  4  3 -2  0 -3 -3  3 -1 -3 -1  0 -1 -3 -2 -3 0 0 1 1 0.10
 1 -1  0 -1 -2 -1 -1 -1  2 -2 -2 -1 -2 -3  4  2  1 -3 -1 -2 0 1 0 1 0.06
-1 -2  1 -2 -1 -2 -2 -3  3  2  0 -2  0 -1 -3 -1  0 -3 -1  4 0 1 0 0 0.04
 1 -1  0  1 -2  0  2 -1 -1 -3 -3  0 -2 -3  1  3  1 -3 -2 -2 0 1 0 1 0.03
-2 -4 -4 -4 -2 -3 -4 -4 -4  5  1 -3  0 -1 -4 -3 -1 -4 -2  4 0 1 0 0 0.02
-1 -2 -2 -3  4  0 -1 -3 -2  1  0 -1  0 -1 -3 -1  2 -2  1  3 0 1 0 0 0.01
-1 -4 -4 -4 -2 -4 -4 -5 -4  3  0 -4  0 -2 -4 -3 -1 -4 -2  6 0 1 0 0 0.01
-3 -3 -4 -5 -4 -3 -4 -5  0 -3 -2 -4 -2  4 -5 -3 -3  1  9 -3 0 1 0 0 0.01
-1 -4 -2 -3 -4 -3 -4  7 -3 -5 -5 -3 -4 -5 -4 -2 -3 -4 -5 -5 0 1 0 0 0.01
 5 -2 -2 -3 -2 -2 -2 -1 -3 -2 -3 -2 -2 -3 -2  1  2 -4 -3 -1 0 0 1 0 0.01
 0 -1 -1  4 -4  0  5 -2 -2 -4 -4  1 -3 -4 -2  0 -1 -4 -3 -3 0 0 1 1 0.01
-1 -1 -1 -2 -3  4  1 -3 -2  1 -1 -1  0 -2 -3 -1  0 -3 -2  3 0 1 0 1 0.01
-2 -2 -3 -3 -2 -1 -2 -4 -3  4  2  1  1 -1 -1 -2  0 -3 -2  3 0 1 0 1 0.01
-2 -5 -5 -5 11 -5 -6 -4 -5 -3 -3 -5 -3 -4 -5 -3 -3 -4 -4 -3 0 0 1 0 0.01
 5 -3 -3 -3 -2 -2 -2 -1 -3 -3 -3 -2 -2 -4  4  0 -1 -4 -3 -2 0 0 1 0 0.01
 0 -2 -1 -2 -2 -1 -2 -2 -2 -4 -4 -2 -3 -4 -2  6  0 -4 -3 -3 0 0 1 0 0.01
-2 -5 -5 -5 11 -5 -6 -4 -5 -3 -3 -5 -3 -4 -5 -3 -3 -4 -4 -3 0 0 1 0 0.01
-1 -4 -4 -5 -2 -4 -4 -5 -5  3  0 -4  0 -2 -4 -3 -1 -4 -2  6 0 0 1 0 0.01
-2 -2  6  0 -4  0 -1  3  4 -5 -4 -1 -3 -4 -3  0 -2 -4 -2 -4 0 0 1 1 0.01
 4 -3 -3 -4 -2 -2 -3 -2 -3  0  3 -2  3 -2 -3 -1 -1 -3 -2  0 0 0 1 0 0.01
-2 -4 -4 -3 -5 -3 -3 -4 -4 -4 -5 -3 -4 -5  8 -2 -3 -5 -5 -4 0 0 1 1 0.02
 0 -2 -1 -2 -2 -1 -1  0 -2 -3 -3 -1 -2 -4 -2  5  3 -4 -3 -2 0 0 1 1 0.02
 3 -2 -1 -2 -2 -1 -1 -1 -2 -3 -3 -1 -3 -4 -2  5  0 -4 -3 -2 0 0 1 1 0.02
-1  1 -1 -2 -4  0  1 -3 -2 -1 -2  5 -2 -3 -2 -1  0 -3  1 -2 1 0 0 1 0.02
-2 -2  2  5 -5  0  5 -3 -1 -4 -4 -1 -4 -5 -2 -1 -2 -5 -4 -4 1 0 0 1 0.02
-1 -3 -2 -3 -2 -2 -2 -3 -3  1 -2 -2 -2 -3 -3  0  7 -4 -3 -1 1 0 0 0 0.02
 0 -2 -3 -4 -3 -2 -1 -4  1 -2 -2 -1  2  4 -4 -2 -2  0  7 -2 1 0 0 0 0.02
-2 -1 -1  3 -4  1  6 -3 -1 -4 -4 -1 -3 -4 -2  0 -2 -4 -3 -2 1 0 0 1 0.02
-5 -5 -6 -6 -4 -4 -5 -5 -4 -5 -4 -5 -3 -1 -6 -5 -5 12  0 -5 1 0 0 0 0.02
-3 -3 -5 -5 -2 -3 -4 -5 -4  2  5 -4  1 -1 -4 -4 -2 -3 -2  0 1 0 0 0 0.02
-2  1 -1  0 -4  5  4 -2 -1 -4 -3  1 -2 -4 -2  0 -1 -4 -3 -3 1 0 0 1 0.01
 5 -3 -3 -3 -2 -2 -2 -1 -3 -3 -3 -2 -2 -4  3  1 -1 -4 -3 -2 1 0 0 1 0.01
 5 -3 -1 -3 -2 -2 -2 -1 -3 -1  1 -2 -1 -2 -2  0 -1 -3 -3  0 1 0 0 0 0.01
-1 -3 -4 -4 -2 -3 -4 -4 -4  4  4 -3  1 -1 -4 -3 -2 -3 -2  2 1 0 0 0 0.01
 0  1 -1 -1 -3  0  0  3 -2 -2 -2  2 -2 -3 -1  2  0 -3 -3 -2 1 0 0 1 0.01
-3  8 -2 -3 -5  0 -2 -4 -2 -5 -4  1 -3 -4 -4 -2 -3 -4 -3 -4 1 0 0 1 0.01
-2  1 -2 -2 -5  0 -1 -3 -2 -4 -4  7 -3 -5 -2 -2 -2 -5 -3 -4 0 0 1 1 0.01
-3 -3 -4 -5 -4 -3 -4 -5  0 -2 -2 -4 -2  5 -5 -3 -3  1  8 -3 0 0 1 0 0.01
-1 -3 -3 -2 -4 -2  1 -1 -3 -3 -4 -1 -3 -4  7 -1 -2 -5 -4 -1 0 0 1 1 0.01
-2 -1  3  3 -3  2  2  1  0 -3 -4 -1 -2 -4 -2  0  0 -4 -3 -2 0 0 1 1 0.01
-1  0 -1  1 -3  5  1 -3  3  1  0  1 -1 -3 -2 -1 -2 -3 -2 -2 0 0 1 1 0.01
-1  0  1  0 -3  2  1 -2  2 -3 -3  0 -1 -4  5  1  1 -4 -2 -3 0 0 1 1 0.01
-3 -4 -4 -5 -3 -4 -4 -5 -3  1  0 -4 -1  7 -5 -4 -3 -1  2  0 0 1 0 0 0.01
 0  1  1  1 -3  1  2 -2  1 -2 -2  2 -2 -2 -2  1  0 -3 -2 -1 0 1 0 1 0.01
-2 -3 -4 -4 -3 -3 -4 -4 -2  3  0 -3  3  4 -4 -3 -2 -1  4  2 0 1 0 0 0.01
-1  2 -1  0 -2  1  1 -3  0 -1 -2  0 -2 -3 -2  1  4 -3 -2  1 0 1 0 1 0.01
-3 -3 -3 -1 -4 -3 -3 -5  2 -3 -3 -3 -3  1 -5 -3 -3  1  9 -3 0 1 0 0 0.01
-2 -4 -4 -4  2 -4 -4 -4 -4  5  0 -4  0  1 -4 -2 -1 -3 -2  4 0 1 0 0 0.01
-3 -3  0  7 -5 -2  1 -3 -2 -5 -5 -2 -5 -5 -3 -2 -2 -6 -5 -5 0 1 0 0 0.01
-1 -4 -4 -4 -3 -4 -4 -5 -4  6  0 -4  0  3 -4 -3 -2 -3 -1  1 0 1 0 0 0.01
 0  0  2  0 -2  2  2 -2  2 -2 -1  0  0  3 -2 -1 -1 -1  1 -2 0 0 1 1 0.02
 0  1  2  0 -2  1  2  0  2 -2 -2  2 -2 -2  1  0 -1 -2 -1 -2 0 0 1 1 0.03
 0 -2  0  3 -3  0  0 -2  1 -2 -3 -1 -2 -3  5 -1 -1 -3 -2  0 0 0 1 1 0.03
 0 -1  2 -1 -3  2  1 -1  2 -1 -2  0 -2 -3  4  0  1 -3 -2 -1 0 0 1 1 0.04
-1 -1  1  4 -4  0  4 -1  1 -4 -3  0 -3 -3  2  0 -1 -3 -1 -3 0 0 1 1 0.05
-2 -1  4  3 -3  0  1 -1 -1 -2 -2  0 -2 -3  3  0 -1 -3 -2 -2 0 0 1 1 0.06
 0 -1 -1 -1  0  1  1 -1 -1  0  1 -1  0 -1  0  0  0 -1  0  0 0 0 1 1 0.05
 0  0  0  1 -1  0  0  0 -1 -1 -1  0 -1 -2 -1  1  2 -2 -2 -1 0 0 1 1 0.06
-2  0  0  5 -4  1  3 -2  1 -3 -2  1 -2 -3 -2 -1 -1 -3 -3 -2 1 0 0 1 0.05
-1  1  0  0 -3  2  3 -2  6 -3 -3  1 -2 -3  0 -1 -2 -3 -1 -2 1 0 0 1 0.05
-1 -1  0  4 -3  1  2 -2  0 -1 -2  2 -2 -3 -1  0  0 -3 -2 -2 1 0 0 1 0.04
-1  2 -1 -1 -2  3  1 -2 -1  0  0  3  1 -2 -1 -1 -1 -2 -2 -1 1 0 0 1 0.03
 1  1  0  0 -3  4  3 -2  0 -3 -2  0 -2 -3 -2  1 -1 -3 -2 -2 1 0 0 1 0.02
-3 -3 -4 -4 -3 -3 -3 -4 -2  0  1 -3 -1  6 -4 -3 -3  6  4 -1 1 0 0 0 0.02
 4 -3 -3 -3 -1 -2 -2 -2 -3  3 -1 -2 -1 -2 -2  1 -1 -3 -2  1 1 0 0 0 0.02
-1  1  2  1 -4  3  4 -2 -1 -3 -3  1 -1 -4 -2  0  0 -4 -3 -3 1 0 0 1 0.01
 1  5 -1 -2 -3  2  0 -2 -1 -3 -3  3  0 -4 -2 -1  0 -4 -3 -3 1 0 0 1 0.01
-2 -4 -4 -4 -2 -4 -4 -5 -4  5  1 -4  1 -1 -4 -3 -2 -4 -2  3 1 0 0 0 0.01
-1  0 -1 -2 -2  2  1 -3 -1  2  1  0  1 -1 -3 -2 -1 -3 -2  1 1 0 0 0 0.01
-2 -1  3  4 -4  1  5 -3  0 -4 -4 -1 -3 -4 -2  0 -2 -4 -3 -4 1 0 0 1 0.01
-2 -2  0  5 -5  0  5 -3 -2 -4 -5 -1 -4 -5 -2 -1 -2 -5 -4 -4 0 0 1 1 0.01
-2 -2  0  5 -5  0  5 -3 -2 -4 -4 -1 -3 -4 -2 -1 -2 -5 -4 -2 0 0 1 1 0.01
-3 -3 -4 -5 -3 -3 -4 -4 -1  0  3 -3  3  2 -4 -3 -2  4  5 -1 0 0 1 0 0.01
-3 -4 -4 -5 -4 -4 -4 -4 -3  0 -1 -4  1  7 -5 -4 -3  5  2 -1 0 0 1 0 0.01
-4 -3 -4 -5 -4 -3 -4 -5  0 -3 -3 -4 -3  2 -5 -3 -3  1  9 -3 0 0 1 0 0.01
-2 -4 -4 -3 -5 -3 -3 -4 -4 -4 -5 -3 -4 -5  8 -2 -3 -5 -5 -4 0 0 1 0 0.01
-2 -3 -4 -4 -2 -3 -4 -4 -4  2  4 -3  1 -1 -4 -3 -2 -3 -2  3 0 1 0 0 0.01
-1 -4 -4 -4 -2 -3 -4 -4 -4  4  0 -3  0 -2 -4 -3 -1 -4 -2  5 0 1 0 0 0.01
-1 -3 -3 -3 -2 -2 -3 -4 -3  1  2 -3  1  0 -3 -1  2 -3 -2  3 0 1 0 0 0.01
-2 -3 -4 -4 -2 -3 -4 -4 -3  4  2 -3  4  0 -3 -3 -1 -3 -2  3 0 1 0 0 0.01
-2 -2  5  4 -4  0  3 -1 -1 -4 -4 -1 -3 -2 -3  0 -1 -4 -3 -4 0 0 1 1 0.01
-2 -3  1  5 -4 -2 -1  5 -2 -5 -5 -2 -4 -4 -3 -1 -2 -4 -4 -4 0 0 1 1 0.01
-1 -1  0  0 -4  2  6 -3 -1 -4 -4  2 -1 -4 -2 -1 -1 -4 -3 -2 0 1 0 1 0.01
-2 -3 -4 -4 -2 -3 -3 -4 -2  4  1 -3  2  0 -2 -3 -1 -2  4  3 0 1 0 0 0.01
-1 -4 -4 -4 -2 -3 -4 -4 -4  3  0 -3  0 -2 -4 -2 -1 -4 -2  6 0 1 0 0 0.01
 4 -3 -2  1 -2 -2 -2  4 -3 -3 -3 -2 -2 -4 -2  0 -1 -4 -3 -2 0 0 1 1 0.01
-2 -2 -1  4 -5  0  6 -3 -1 -4 -4 -1 -3 -5 -2 -1 -2 -4 -3 -4 0 0 1 1 0.01
-1 -4 -2 -3 -4 -3 -3  7 -3 -5 -5 -3 -4 -4 -3 -1 -3 -4 -4 -5 0 0 1 0 0.01
-3 -2  6 -1 -3 -2 -2 -2  0 -1 -3 -2 -2  0 -3 -1 -2 -1  5 -2 0 0 1 1 0.01
-2 -3 -3 -3 -3 -3 -3 -4 -4  3 -2 -3 -2 -3  7 -2 -2 -4 -3  2 1 0 0 0 0.01
-2  4  0 -2 -4  5  0 -3  2 -4 -3  3 -2 -4 -2 -1 -1 -3 -2 -3 1 0 0 1 0.01
-2 -3 -3 -4 -2 -3 -3 -4 -3  1  5 -3  1 -1 -3 -1  1 -3 -1  0 1 0 0 0 0.01
-2  1 -1 -2 -4  0  0 -3 -2 -4 -4  6 -3 -4 -1 -1 -2 -4 -3 -4 1 0 0 1 0.01
-1  0  1  3 -3  3  1 -2 -1 -3 -3  1 -1 -3  2  0  1 -4 -3 -2 1 0 0 1 0.02
-2 -4 -4 -4 -2 -4 -4 -5 -4  5  1 -4  0 -1 -4 -3 -1 -4 -2  4 1 0 0 0 0.02
-1 -2 -2 -3  2  0 -2 -3  0 -2 -2 -1 -2  2 -3 -1  3  0  6  0 1 0 0 0 0.02
 1  3  0 -1 -3  2  3 -2  2 -3 -3  2 -2 -3 -2  0 -1 -3 -2 -2 1 0 0 1 0.02
 1 -1 -2 -1 -3  0  2 -2 -2 -1 -1  1 -1  4 -2 -1  0 -2  0  0 1 0 0 1 0.03
-2 -3 -4 -4 -2 -3 -3 -4 -3  4  2 -3  5  0 -3 -3 -1 -3 -2  2 1 0 0 0 0.06
-2 -1 -1  4 -5  1  5 -3 -1 -4 -4  1 -3 -4 -2 -1 -2 -4 -3 -4 1 0 0 1 0.05
 1  2  1 -1 -3  3  2 -2 -1 -3 -3  4 -2 -4 -2  0 -1 -3 -2 -3 1 0 0 1 0.08
-1  3  0 -2 -3  1 -1 -2  5 -1 -2  1 -1 -1 -2 -1 -1 -2  3 -2 1 0 0 1 0.12
-2 -3 -3 -3 -2 -3 -3  1 -2  1  3 -3  1  3 -3 -2 -2 -1  1  0 1 0 0 0 0.21
 1 -2 -2 -2 -1 -1  1 -2 -2  2  0 -1  1  1 -2 -1 -1 -2  0  2 1 0 0 1 0.28
-1  0  5  2 -3  2  0 -1  0 -3 -3  0 -2 -3 -2  1  0 -3 -2 -3 0 0 1 1 0.39
-1  0  0  2 -4  2  5 -2  0 -3 -3  1 -2 -3 -1  0 -1 -3 -2 -3 0 0 1 1 0.50
