-1 -1 -2 -3 -2  0 -2 -3 -2  1  2 -1  6  0 -3 -2 -1 -2 -1  1 0 0 1 1 0.96
-2 -1  0  5 -4  0  4 -2 -1 -1 -3  0 -3 -4 -2 -1 -1 -4 -3 -2 0 0 1 1 0.96
-1 -2  0  4 -3 -1  1  4 -2 -2 -3 -2 -3 -3 -2 -1 -2 -4 -3  0 0 0 1 1 0.95
 0 -1  3  3 -2  1  2  0 -1 -1 -3 -1 -2 -3 -2  1  1 -3 -2 -2 0 0 1 1 0.93
-2 -1  0  5 -4  2  4 -2 -1 -4 -4  0 -3 -4 -2 -1 -2 -4 -3 -3 0 0 1 1 0.89
-2  1  2  0 -4  2  4 -3  2 -3 -2  1 -2 -3 -2 -1 -1 -3  0 -3 0 0 1 1 0.87
 0 -1  1 -1 -2  0  1 -2 -2 -1 -1  0  2 -2  2  0  3 -3 -2  0 0 0 1 0 0.84
-1 -2  0  4 -3 -2 -1  3 -2 -3 -2 -2 -3 -3  0  1 -1 -3 -1 -3 0 0 1 1 0.81
 0 -1  2  4 -3  1  2  0 -1 -2 -3 -1 -2 -3 -2  2  1 -4 -3 -2 0 0 1 1 0.66
 1 -2  0  2 -2 -1  2 -2 -1  0 -1 -1 -1 -2 -2  2  2 -3 -1 -1 0 1 0 0 0.49
 1 -1  0 -1  2  0  2 -1 -2 -2 -1  0 -1 -3  0  1  3 -3 -2 -1 0 0 1 1 0.37
-2 -1  0  1 -3  5  2 -3 -1 -2  0  0 -1 -3  2 -1 -1 -3 -2 -2 0 0 1 1 0.23
 0  1  2  0 -3  0  2  0 -1 -1 -2  3 -2 -3 -2  0  0 -3 -2 -2 0 0 1 1 0.15
-1  2 -1 -1 -3  1  3 -3  0 -3 -2  1 -2 -3  4  0 -1 -3 -1 -3 0 0 1 1 0.09
-2 -3 -3 -4 -3 -3 -3 -1 -1 -1  0 -3 -1  5 -3 -3 -2  0  6  0 0 0 1 0 0.06
 0  1 -1 -1 -3  3  2  1 -1 -3 -3  3 -2 -3 -2  0  0 -3 -2 -2 0 1 0 1 0.05
-2 -4 -4 -5 -2 -4 -4 -5 -5  1 -1 -4 -1 -2 -4 -3 -1 -4 -3  6 0 1 0 0 0.05
-1 -2 -1  2 -2 -1  1 -2 -2 -1 -3 -1  1 -3 -2  4  0 -4 -1 -2 0 1 0 1 0.04
-3 -4 -5 -5 -3 -4 -5 -5 -4  6  0 -4  0  1 -4 -4 -2 -4 -2  2 0 1 0 0 0.02
 0 -2 -1 -2 -2 -2 -2 -2 -2 -4 -4 -2 -3 -4 -2  6  0  4 -3 -3 0 1 0 1 0.02
-1  1 -2 -3 -4 -2 -3  6 -3 -5 -5  0 -4 -4 -3 -2 -3 -4 -4 -4 0 0 1 1 0.02
-1  0  1 -1 -2 -2 -2 -3 -3 -1 -3 -2 -2 -4 -3  0  6 -4 -3 -2 0 0 1 1 0.02
-1  2 -1 -1 -2  0  0 -2  0 -3 -3  1 -2 -3 -2  2  5 -4 -3 -2 0 1 0 1 0.03
-2 -4 -4 -5 -2 -4 -4 -5 -5  2  0 -4 -1 -2 -4 -3 -1 -4 -3  6 0 1 0 0 0.02
-1 -1 -1 -2 -2 -1  2 -3 -2  0 -2  1  0 -3 -2  0  4 -4 -3  2 0 1 0 1 0.02
-2 -3 -4 -4 -2 -3 -4 -5 -4  2  4 -3  2 -1 -4 -3 -2 -3 -2  2 0 1 0 0 0.03
-2  0 -2 -3 -2 -2 -2 -3 -3 -2 -1 -1  1 -3 -3  0  6 -4 -3 -1 0 1 0 0 0.03
-2 -5 -4 -5 11 -4 -5 -4 -4 -3 -3 -4 -3 -4 -4 -2 -2 -4 -4 -2 0 0 1 0 0.03
-2 -3 -3 -3 -4 -3 -3 -3 -3 -4 -4 -2 -4 -1  8  1 -2 -4  2 -4 0 0 1 1 0.03
-2  0 -2  0 -3  2  2 -3 -2  0  3  0  0 -1 -2 -2 -1 -3 -2  0 0 0 1 1 0.04
 0  1  1  3 -2  0  2 -1  0 -2 -2  1 -2 -2 -1  1 -1 -2  0 -1 0 0 1 1 0.02
 0 -2  0  1 -2 -1  0  0 -1 -2 -1 -1 -1  2  3  2  0 -2 -1 -2 0 0 1 1 0.02
 0 -1  0  1 -3  0  3  3 -1 -3 -3 -1 -2 -3  0  2 -1 -3 -3 -3 0 0 1 1 0.02
 0 -1  1  2  2  0  2  2  1 -3 -3  0 -2 -3 -2  1  0 -3 -1 -2 0 0 1 1 0.02
-1 -1  1  3 -3  2  3 -1 -1 -3 -2 -1 -2 -2  0  0  2 -3 -2 -2 0 0 1 0 0.02
-1 -3 -3 -3 -2 -3 -3 -3 -3  5  1 -3  1 -1 -3 -2  0 -3 -2  3 0 1 0 0 0.02
-1  1  1 -1 -3  2  1 -3  2  0 -1  3 -1 -3 -2 -1  2 -3 -2 -1 0 1 0 0 0.02
-4 -4 -5 -5 -4 -3 -4 -4 -4 -4 -3 -4  1 -1 -5 -4 -4 12  0 -4 0 1 0 0 0.02
-1  1  1  0 -3  2  3 -1 -1 -3 -2  3 -2  0 -2 -1 -1 -3 -2 -2 0 1 0 0 0.02
-2  3 -1 -2 -3  1  0 -2  4 -2 -3  4 -2 -3  2 -1 -1 -3 -2 -2 0 1 0 0 0.02
-2 -1  5  3 -3 -1 -1 -1 -1 -2 -3  0 -2 -3  0  0  0 -3 -2 -2 0 0 1 1 0.03
-1 -1  2  4 -3  0  1  1 -1 -3 -3  1 -2 -3  1  0 -1 -3 -2 -2 0 0 1 1 0.04
-1  0  0 -1 -2  1  1 -2 -1 -1 -1  4  0 -2  2 -1 -1 -2 -2  1 0 1 0 1 0.05
-1 -1  1  1 -2  1  1 -2 -1  0  1  0  1 -1 -2 -1  0 -2  0  1 0 1 0 0 0.07
-1 -1 -2 -2 -2 -1 -2 -2 -2  2  2  0  1  0 -2 -1  1 -2  1  2 0 1 0 0 0.08
-1  0  1  0 -2  0  1 -1 -1 -2 -2  1 -2 -2  4  1  1 -2 -1 -2 0 0 1 0 0.13
 0 -1  1  3 -3  0  2  3 -1 -3 -3 -1 -2 -3 -1  0 -1 -3 -2 -2 0 0 1 0 0.13
-1 -1  0  1  2  1  3  0  1 -2 -2  0 -1 -1 -1  0  0 -1  1 -1 0 0 1 1 0.14
-1  0  1  0 -2  1  2 -1  2 -1 -1  0 -1 -1  1  0  0 -1  1 -1 0 0 1 1 0.16
-1  0  0  3 -2  1  0  0 -1 -1 -1  1 -1  0 -1  0  0 -1 -1  0 0 0 1 1 0.14
 0  0  0  0  1  0  0  0  0  0 -1  1 -1  0  0  0  0  0  2  0 0 0 1 1 0.15
 0  0  0  0 -1  0  1 -1 -1  1  0  2  0 -1  0  0  0 -1 -1  0 0 0 1 1 0.14
 0  0  0  0 -1  0  0 -1 -1  0 -1  0  0  1  2  0  0 -1  0  0 0 0 1 1 0.16
 0  0  1  1 -1  0  2 -1  0  0  0  0  0 -1  0  0  0 -1 -1  0 0 1 0 0 0.15
 0  0  0  0 -1  0  0  0  1 -1  0  0  0  0  1  0  1 -1  1 -1 0 1 0 1 0.13
 0 -1  0  3 -1  0  1 -1  1 -1 -1  0 -1 -1 -1  0  0 -2 -1  0 0 1 0 0 0.12
-1 -1  4  2 -2  0  0  1 -1 -2 -2  1 -2 -2 -1  1  1 -2 -2 -2 0 1 0 1 0.09
-1  0  2  1 -2  1  2  0  1 -2 -2  2 -2 -2 -1  1  0 -2 -1 -2 0 0 1 1 0.08
-1  1  1  2 -3  0  1  0 -1 -2 -3  3 -2 -3  0  0  0 -3 -1 -1 0 0 1 1 0.06
-1  0  1  0 -2  3  1 -2  3 -2 -2  0 -1 -1  0  0  0 -2  2 -1 0 1 0 1 0.05
-2 -3 -3 -3 -2 -2 -3 -3 -3  2  4 -3  2 -1 -3 -1 -2 -2 -2  0 0 1 0 0 0.04
-1 -2  1  0 -2 -1  0 -2 -2  2  1 -2  0  0  0  0  2 -3 -1  2 0 1 0 0 0.02
-2 -1 -3 -4 -2  0 -3 -4 -3  2  4 -2  1 -1 -3 -3 -2 -2 -2  1 0 1 0 0 0.03
-1  0  1  2 -3  2  3 -2 -1 -2 -1  2 -2 -3  0  0  0 -3 -2 -2 0 0 1 1 0.02
-1 -1  4  3 -2  0  1 -1  2 -3 -3 -1 -2 -2 -2  0  1 -2  0 -2 0 0 1 1 0.02
-2 -2 -2 -1 -2 -2 -2 -3 -1 -1  0 -2 -1  6 -2 -2 -2  0  4 -1 0 0 1 0 0.03
 0 -1  2 -1 -2 -1 -1 -1 -1 -2 -2  0 -2 -2 -1  4  1 -3 -2 -2 0 0 1 1 0.03
-1 -1 -1  1 -3  1  5 -2 -1 -3 -3  0 -2 -3 -1  1 -1 -3 -2 -2 1 0 0 1 0.04
-1 -1 -1 -2 -1 -1 -1 -2 -2  1  1 -1  4 -1 -1  0  2 -2 -1  2 1 0 0 1 0.03
-1 -1 -1  2 -3  2  5 -1 -1 -2 -2  0 -2 -2 -1 -1 -1 -2 -2 -2 1 0 0 1 0.03
-2 -1  4  3 -3  1  0 -1  3 -3 -2 -1 -2 -2 -2  0 -1 -2  2 -2 1 0 0 0 0.02
 0  0  3  1 -2 -1 -1 -1 -1 -2 -2 -1 -2 -2 -1  4  0 -3 -2 -2 0 0 1 0 0.02
-1 -3 -1 -2 -3 -2 -2  6 -2 -4 -4 -2 -3 -3 -2 -1 -2 -3 -3 -3 0 1 0 0 0.01
-2  1 -2 -2 -3 -1  0 -3  3 -2  0 -1  1  1 -2 -2 -2  0  6 -2 0 1 0 0 0.01
-3 -3 -3 -4 -3 -2 -3 -4  0 -2 -1 -3 -2  3 -3 -3 -2  1  8 -2 0 1 0 0 0.02
 1 -1 -1 -2 -2  1 -1 -2  4 -1 -2  0 -1  0 -2  1  2 -3 -1  0 0 1 0 0 0.02
-2 -5 -5 -5 11 -5 -5 -4 -5 -3 -3 -5 -3 -4 -1 -3 -3 -4 -4 -3 0 1 0 0 0.03
-1 -1 -1 -2  1 -1  0 -2  0 -1  0 -1  1  1 -2 -1  0  0  5 -1 0 1 0 0 0.03
 0  0 -1 -1 -1  0  0 -1 -1 -1 -1  1  0 -1  1  1  2 -1  1  0 0 0 1 0 0.04
 0  1  0  2 -1  0  1  0 -1 -1 -1  1 -1 -2  0  1  1 -2 -1 -1 0 0 1 0 0.06
 0 -1  2  1 -2  0  1  2  0 -2 -2  0 -2 -2  0  1  0 -2 -1 -2 0 0 1 0 0.09
 0  0  1 -1  1 -1 -1  1 -1 -1 -2 -1 -1 -2 -1  3  1 -2 -2  0 0 0 1 1 0.11
-1  1  2 -1 -2  0  1 -1 -1 -2 -2  2 -2 -3  1  1  2 -3 -2 -1 0 0 1 0 0.12
 1  0  2  0 -2  0  1  0 -1 -2 -2  1 -1 -2  2  1  0 -3 -2 -1 1 0 0 0 0.11
-1  0  0  2 -2  0  2  2 -1 -3 -3  1 -2 -3 -1  1  0 -3 -2 -2 1 0 0 1 0.12
 0 -1  3  3 -2  0  2  0 -1 -3 -3  0 -2 -3 -1  1  0 -3 -2 -2 1 0 0 1 0.10
 1  1  1  1 -2  0  2 -1 -1 -1 -2  2 -1 -2 -1  0  0 -2 -2 -1 0 0 1 0 0.07
-1  0  3  0 -2  0  1  1  1 -2 -2  1 -2 -2  1  1  0 -2  0 -2 0 0 1 1 0.06
 0 -2 -1 -2 -2 -1 -2 -2  6  0 -1 -2 -1  1 -2 -1  0 -1  4 -1 0 1 0 0 0.03
-1 -1 -1  0 -3 -2 -2 -3  5 -1 -2 -2 -2  2 -3 -2  0  0  6 -2 0 1 0 0 0.02
-3 -3 -4 -5 -3 -3 -4 -5 -4  0  5 -4  4  3 -4 -3 -2 -2 -1  0 0 1 0 0 0.01
-4 -4 -4 -5 -4 -3 -4 -5  0 -3 -3 -4 -3  1 -5 -4 -3  1  9 -3 0 1 0 0 0.01
-2 -3 -5 -5 -2 -3 -4 -5 -4  1  5 -4  1 -1 -4 -4 -2 -3 -2  2 0 1 0 0 0.01
-2  2  1 -2 -4  2  0 -3 -2 -4 -4  6 -3 -4 -2 -1 -2 -4 -3 -4 0 1 0 0 0.00
 5 -3 -3 -3 -2 -2 -2  1 -3 -2 -3 -2 -2 -3 -2  0 -1 -4 -3  0 0 1 0 0 0.00
-3  6 -2 -3 -5  0 -1 -3 -1 -4 -4  4 -3 -3 -3 -2 -2 -4  1 -4 0 0 1 1 0.01
-2 -4 -4 -5 -2 -4 -4 -5 -5  1 -1 -4 -1 -2 -4 -3 -1 -4 -3  6 0 0 1 1 0.01
-2 -5 -5 -6 11 -5 -6 -4 -5 -3 -3 -5 -3 -4 -5 -3 -3 -4 -4 -3 0 0 1 1 0.01
 0 -1 -1  2 -4  1  5 -3  1 -4 -4  0 -3 -4 -2 -1  1 -4 -3 -3 0 0 1 1 0.01
-1 -2  7  0 -3 -1 -2  1 -1 -4 -4 -1 -3 -4 -3  2 -1 -4 -1 -4 0 0 1 1 0.01
-2 -5 -5 -6 11 -5 -6 -4 -5 -3 -3 -5 -3 -4 -5 -3 -3 -4 -4 -3 0 0 1 0 0.01
-2  1 -3 -3 -3 -2  0 -4 -3  1  1 -2  6  1 -3 -2 -2 -3 -2  3 0 0 1 1 0.03
-2 -2 -2  0 -5  0  7 -4 -2 -5 -5 -1 -4 -5 -3 -2 -2 -5 -4 -4 0 1 0 1 0.07
-2 -3 -4 -4 -2 -3 -4 -4 -4  1  3 -3  3 -1 -4 -3 -1 -3 -2  5 0 0 1 1 0.16
-3 -2  3  7 -5 -1  2 -2 -2 -4 -5 -2 -4 -5 -3 -1 -2 -5 -4 -4 0 0 1 1 0.32
