-2 -2 -3 -4 -2 -2 -3 -4 -3  1  4 -2  6  0 -3 -3 -2 -2 -2  0 0 0 1 1 0.75
-2 -1  2  5 -4  5  1 -2 -1 -4 -4  0 -2 -4 -2 -1 -1 -4 -3 -3 1 0 0 1 0.56
-1  0  3 -1 -3  3  0 -2  3 -3 -3  2 -1 -3 -2  0  3 -3 -2 -2 1 0 0 1 0.41
-2 -3 -4 -4 -2 -2 -3 -4 -3  2  4 -3  5  0 -3 -3 -1 -2 -2  1 1 0 0 0 0.37
-2 -2 -3 -4 -2 -2 -3 -4 -3  1  4 -3  6  0 -3 -3 -2 -2 -2  0 1 0 0 0 0.25
-1  1  4  0 -3  0  0 -2 -1 -3 -3  4 -2 -4 -2  1 -1 -4 -2 -3 1 0 0 1 0.19
 0  2  2 -1 -2  0 -1  1  3 -3 -3  0 -2 -3 -2  3  0 -3 -1 -3 1 0 0 1 0.20
-2 -3 -4 -4 -2 -3 -4 -4 -4  1  5 -3  2  0 -4 -3 -2 -2 -2  0 1 0 0 0 0.25
 5 -2 -2 -2 -1 -1 -2  0 -2 -2 -2 -1 -2 -3 -1  1 -1 -3 -2 -1 1 0 0 0 0.21
 2 -1  1  0 -2  0  2 -1 -1 -2 -2  0 -1 -3 -1  2  2 -3 -2  0 1 0 0 1 0.16
 0  3  1 -1 -2  0 -1 -2 -1 -2 -2  1 -1 -3 -2  1  3 -3 -2 -1 1 0 0 1 0.15
-2 -3 -4 -4 -2 -3 -4 -4 -4  1  5 -3  2  0 -4 -3 -2 -2 -2  0 0 0 1 0 0.11
 0 -2 -1 -1 -3 -1  0  6 -2 -4 -4  0 -3 -4 -3 -1 -2 -3 -4 -4 0 0 1 1 0.11
-1  2 -1 -2 -2  4  0 -3 -1  1 -1  0  0 -2 -2 -1  0 -3 -2  2 0 0 1 1 0.09
-1  1 -1 -1 -3  0  1  5 -2 -4 -4  2 -3 -4 -2 -1 -2 -3 -3 -3 0 0 1 1 0.07
-1 -2 -1  2 -3 -2 -1  0 -2 -3 -1 -2 -2 -3  6 -1  0 -4 -3 -2 0 0 1 0 0.06
-3 -4 -4 -4 -3 -4 -4 -4 -2 -1  0 -4 -1  8 -5 -3 -3  0  2 -2 0 1 0 0 0.05
-1 -3 -3 -3 -1 -3 -3 -4 -4  4  1 -3  0 -1 -3 -2  1 -3 -2  4 0 1 0 0 0.05
 4 -2 -2 -2 -1 -1 -1 -1 -2 -2 -2 -1 -2 -3  3  2  0 -3 -2 -1 0 1 0 0 0.04
-1 -2  2  5 -3 -1  0  0 -1 -4 -4 -1 -3 -4 -2  2 -1 -4 -3 -3 0 0 1 0 0.04
 0  3  2  0 -3  1  2 -2 -1 -2 -2  2 -2 -3 -2  0 -1 -3 -2  0 0 0 1 1 0.04
-2  0  5  0 -3  5  0 -2  0 -3 -3  0 -2 -4 -2  0  1 -3 -2 -3 0 0 1 1 0.03
 0 -3 -1 -2 -3 -3 -3  6 -3 -5 -4 -2 -3 -4 -3 -1 -2 -3 -4 -4 0 0 1 0 0.02
 1  0 -1 -1 -2  0 -1 -2  3  0 -2  2 -1 -2 -2  2  0 -3 -1  1 0 1 0 1 0.02
-3 -3 -3 -4 -3 -2 -3 -4  1 -2 -2 -3 -2  2 -4 -3 -3  2  8 -2 0 1 0 0 0.02
-2  2  2  3 -4  0  1 -2  6 -4 -3  0 -2 -3 -2 -1  0 -3  0 -3 0 1 0 0 0.01
-2 -3 -4 -4 -2 -3 -4 -4 -4  4  4 -3  1  0 -3 -3 -1 -3 -2  1 0 1 0 0 0.01
-1  3 -1  0 -4  1  4 -3  3 -3 -3  1 -2 -3 -2 -1  1 -3 -1 -3 0 1 0 1 0.01
-1 -3 -4 -4 -1 -3 -3 -4 -4  4  2 -3  1 -1 -3 -3 -1 -3 -2  4 0 1 0 0 0.01
-3 -2  1  7 -4 -1  1 -2 -2 -4 -5 -1 -4 -4 -2 -1 -2 -5 -4 -4 0 0 1 1 0.01
-1  0  2 -1 -3  4  0  3 -1 -4 -3  2 -2 -4 -2  0 -1 -3 -3 -3 0 0 1 1 0.01
-2 -2 -2 -3 -3  1 -2 -3  3 -1  1 -2  3  2 -3 -2 -2  0  5 -1 0 0 1 0 0.01
-1 -2  3 -1 -2 -1 -1 -2 -1 -1  1 -1 -1 -2  4  2  1 -3 -2 -1 0 1 0 0 0.01
-1 -3 -4 -4 -2 -3 -3 -4 -3  2  4 -3  1  0 -3 -3 -1 -2 -2  3 0 1 0 0 0.01
-2 -2  1 -2 -2 -1  0 -3 -1 -1  1 -2  2  4 -3 -1  2 -1  1 -1 0 1 0 0 0.01
-2 -3 -4 -4 -2 -3 -3 -4 -3  3  3 -3  1  1 -3 -3 -1 -2 -1  2 0 1 0 0 0.01
 0  4 -1 -2 -2  0 -1 -2 -1 -1  1  3  0 -2 -2 -1  1 -3 -2 -1 0 1 0 0 0.01
-1  2 -1 -1 -4  5  1 -3 -1 -3 -3  1 -2 -4  5 -1 -1 -3 -2 -3 0 0 1 1 0.01
-2  3  0 -1 -4  4  0 -3  7 -4 -3  0 -2 -3 -2 -1 -2 -3  0 -3 0 0 1 1 0.01
 1 -2  1 -1 -2 -1 -1  4  1 -3 -3 -1 -2 -3  1  3  0 -3 -2 -3 0 0 1 1 0.01
 0 -1  2  1 -2 -1 -1  1 -1 -3 -3 -1 -2 -3 -2  4  2 -3 -2 -2 0 0 1 1 0.01
-2 -2 -2  1 -4  0  4 -3 -2 -4 -3 -1 -3 -1 -3 -2 -2  9  0 -3 0 0 1 1 0.01
-2 -3 -4 -4 -2 -3 -3 -4 -3  3  4 -3  1  1 -3 -3 -1 -2 -1  2 0 1 0 0 0.01
-1 -3 -4 -4 -2 -3 -3 -4 -3  2  4 -3  1  0 -3 -3 -1 -3 -2  3 0 1 0 0 0.01
-2 -3 -4 -5 -2 -3 -4 -4 -3  0  3 -3  0  0 -4 -3 -2  9  0  0 0 1 0 0 0.01
 0  2  0  0 -3  1  4 -2 -1 -3 -3  0 -2 -3 -2  3  0 -3 -2 -3 0 1 0 1 0.01
 1 -2  0 -1 -1 -1 -1 -2 -2 -2 -2 -1 -1 -3 -2  3  5 -3 -2 -1 0 0 1 0 0.01
 0 -2 -2 -2 -3 -1  0 -3 -3  0 -2 -1 -2 -3  6 -1  0 -4 -3  0 0 0 1 0 0.01
-2 -3 -4 -4 -2 -3 -4 -4 -3  2  5 -3  2  0 -4 -3 -2 -2 -2  1 0 0 1 0 0.01
 1 -2  1  2 -3 -1  1 -2 -2 -3 -3 -1 -2 -4  6  0 -1 -4 -3 -2 0 0 1 1 0.02
 1 -2 -2 -3 -2 -2 -2 -2  2 -1  0 -2 -1  4 -3  1 -1  6  1 -2 0 0 1 0 0.02
 1  3 -1 -1 -2  3  0 -2  2 -3 -3  0 -2 -3  2  1 -1 -3 -2 -2 0 0 1 0 0.03
-1 -2 -2 -3 -3  0 -2 -1  3 -1  0 -2  2  5  1 -2 -2 -1  1  0 0 0 1 1 0.05
-1  0  2  1 -2  0  1  0 -1  0  1  0  1 -2 -2 -1  0 -3 -2  0 0 0 1 1 0.06
-1  2  2  0 -3  3  2 -2  0 -2 -1  2 -1 -3 -2  0 -1 -3 -2 -2 0 0 1 1 0.07
-1  0  0  3 -4  1  2 -2  5 -4 -3  0 -2 -3  2 -1 -1 -3 -1 -3 0 0 1 1 0.08
 1 -2 -2 -2 -2 -1 -2  2 -2  0  2  0  0 -1  2 -1 -1 -2 -2  0 0 0 1 1 0.09
-1 -1  3  5 -4  2  1 -2 -1 -4 -4  0 -3 -4 -2  0 -1 -4 -3 -3 0 0 1 1 0.07
-1  1  1 -2 -3  1 -1 -2  0 -2 -1 -1 -1  1  1  0  0  0  5 -2 0 0 1 1 0.06
-1 -1  0  2 -3  4  1 -2  1 -1  0  0 -1 -2 -2  0  0 -3 -2  0 0 0 1 1 0.06
-1  0  2  2 -3  4  1  0 -1 -3 -3  1 -2 -4 -2  1 -1 -3 -2 -3 0 0 1 1 0.05
 0 -1 -1  0 -3  2  4 -2 -1 -2 -2  0 -2 -3  4 -1  0 -3 -2  0 1 0 0 1 0.04
 1  0 -1 -1 -2  4  2  1 -1 -2 -2  0 -1 -3 -2  1  1 -3 -2 -1 1 0 0 1 0.03
 2 -2 -3 -3 -1 -2 -2 -2 -3  0  3 -2  2 -1 -2  0 -1 -2 -2  0 1 0 0 0 0.02
-2 -3 -4 -4 -2 -3 -4 -4 -4  1  5 -3  2  0 -4 -3 -2 -2 -2  0 1 0 0 0 0.02
-1  4 -1 -1 -4  2  0 -2 -1 -3 -3  5 -2 -4 -2 -1 -1 -3 -2 -3 1 0 0 1 0.01
-1  4 -1 -2 -3  0 -1 -2  3  0 -2  1 -1 -2 -2  1  0 -3 -1  0 1 0 0 1 0.01
-2 -3 -4 -4  7 -3 -4 -4 -4  0  3 -3  1 -1 -4 -2 -2 -3 -2  0 1 0 0 0 0.01
-2 -2 -3 -4 -2 -2 -3 -4 -3  1  4 -2  6  0 -3 -3 -2 -2 -2  0 1 0 0 0 0.01
-1  0 -1 -1 -4  7  1 -2  0 -4 -3  1 -1 -4 -2  1 -1 -3 -2 -3 1 0 0 1 0.01
-2  1 -2 -2 -3  5  0 -3 -1 -1  3  0  0 -2 -3 -1 -1 -2 -2 -1 1 0 0 1 0.01
 2 -2 -1 -2 -1 -1 -1 -1 -2  0 -1 -1 -1 -2 -2  3  0 -3 -2  3 1 0 0 0 0.01
 0 -2 -3 -3 -1 -2 -3 -3 -3  1  3 -2  1 -1 -3 -1  1 -2 -2  2 1 0 0 0 0.01
 2  2 -1 -2 -2  0  0 -1 -1 -2 -2  4 -1 -3 -2  1 -1 -3 -2 -1 1 0 0 1 0.01
-2 -3 -2 -3 -2 -2 -3 -3 -3 -2 -2 -3 -2 -1 -3 -1  4 10  0 -2 1 0 0 0 0.01
 1 -2 -2 -2 -2 -2 -2  3 -3  1  1 -2  0 -1 -2  0 -1 -3 -2  1 1 0 0 0 0.01
-2  6 -1 -2 -4  1 -1 -3 -1 -4 -3  3 -2 -4 -3 -1 -2 -4 -2 -3 1 0 0 1 0.01
-2  3  1  3 -4  0  1 -2  5 -4 -3  0 -2 -2 -2 -1 -2 -3  1 -3 1 0 0 1 0.01
 2 -2 -1  0 -2 -1 -1  1 -1 -2 -2 -1 -2  0 -2  0  2 -1  3 -1 0 0 1 0 0.01
-1 -2 -2 -2  2  2 -1  0 -2 -3 -3  0 -3 -4  7 -1 -2 -4 -3 -3 0 0 1 0 0.01
-1  0  0 -1 -3  4  2  0  4 -3 -3  0 -2 -3 -2  2 -1 -3 -1 -3 0 0 1 0 0.01
 3 -2 -1 -2 -1 -1 -2 -1 -2 -1 -1 -1 -1 -2 -2  1  3 -3 -2  1 0 1 0 0 0.01
-2 -3 -4 -4 -2 -3 -4 -4 -3  2  4 -3  2  0 -3 -3 -2 -2 -2  1 0 1 0 0 0.01
-1 -2 -2 -2 -1 -2 -2 -3 -3  1 -1 -2  0 -2 -2  0  4 -3 -2  3 0 1 0 0 0.01
-1 -3 -3 -4 -2 -2 -3 -4 -3  1  4 -3  1  0 -3 -2  1 -2 -2  2 0 1 0 0 0.01
-2 -2  4  6 -4 -1  1 -2 -1 -4 -4 -1 -3 -4 -2  0 -1 -5 -3 -4 0 0 1 0 0.01
 1 -1  0  4 -3  0  3 -2  2 -3 -3  1 -2 -3 -2  0 -1 -4 -2 -3 1 0 0 1 0.01
-1 -1  2  3  4  1  1 -2 -1 -1  1 -1 -1 -2 -2  1 -1 -3 -2 -2 0 0 1 1 0.01
-1 -1  1  0 -3  3  3  4 -1 -4 -4  0 -2 -4 -2 -1 -1 -3 -3 -3 1 0 0 0 0.01
-2  3  4  0 -4  5  1 -2  0 -4 -3  1 -2 -4 -2  0 -1 -3 -2 -3 1 0 0 1 0.01
-2 -3 -4 -4 -2 -3 -4 -4 -4  1  5 -3  2  0 -4 -3 -2 -2 -2  0 1 0 0 0 0.01
-1 -2 -3 -3 -2  2 -1 -4 -2  3  1 -2  2 -1 -3 -2 -1 -3 -2  2 1 0 0 0 0.01
-2 -3 -4 -4 -2 -3 -3 -4 -3  1  4 -3  1  0 -3 -3 -1 -2 -2  2 1 0 0 0 0.01
-1  0 -1  0 -4  5  4 -3  0 -4 -3  1 -2 -4 -2 -1 -1 -3 -2 -3 1 0 0 0 0.01
 4 -2 -1 -2 -1 -2 -2  4 -2 -3 -3 -1 -2 -3 -2  1 -1 -3 -3 -2 1 0 0 0 0.01
-2  5 -1 -2 -4  1  0 -3 -1 -4 -3  4 -2 -4 -2 -1 -1 -4 -2 -3 1 0 0 1 0.01
 1 -2 -3 -4 -2 -2 -3 -3 -3  1  4 -2  4  0 -3 -2 -1 -2 -2  1 1 0 0 0 0.01
 1  2  2 -1 -2  0  0  1 -1 -2 -2  0  0 -3  2  1 -1 -3 -2 -2 1 0 0 1 0.01
-2 -2 -3 -4 -2 -2 -3 -4  1  2  3 -3  4  2 -3 -2 -1 -2  0  1 1 0 0 0 0.01
-2 -1  0  4 -4  2  4 -2 -1 -3 -3  0 -2 -4 -2 -1 -1 -4 -3 -1 1 0 0 1 0.01
-1 -1  2  1 -3  1  1  1 -1 -3 -3 -1 -2 -2 -2  1  0  6 -1 -3 0 0 1 1 0.01
 0 -2 -3 -3  3 -2 -3 -3 -3  1  3 -2  2 -1 -3 -1  1 -2 -2  0 0 0 1 0 0.02
 0 -2  0  5 -3 -1  0 -1 -2 -3 -3 -1 -3 -4 -2  2  1 -4 -3 -2 0 0 1 1 0.01
 0 -1  1 -1 -2  1  2 -2 -1 -1 -2 -1 -1 -3  2  1  2 -3 -2  1 1 0 0 1 0.01
 0 -1  0  1 -3  3  3 -2  5 -2 -3  0 -2 -3 -2 -1 -1 -3 -1 -1 1 0 0 1 0.01
 0  2 -1 -2 -2  2  0  1 -1  1  0  0  0 -2 -2 -1 -1 -3 -2  0 1 0 0 1 0.02
-2 -3 -4 -4 -2 -3 -4 -4 -3  1  4 -3  1  4 -4 -3 -2 -1  0  0 1 0 0 0 0.02
 1 -1 -1  0  3  2  3 -2 -1 -3 -3  0 -2 -2  2  1 -1 -2  1 -2 1 0 0 1 0.01
 2  1 -1  0 -2  2  3 -1 -1 -2 -2  0 -1 -3 -1  1  0 -3 -2 -1 1 0 0 1 0.01
 0  1 -2 -2 -2  1  0 -3  1  0  2 -1  2  0 -2 -1 -1 -2 -1  1 1 0 0 0 0.01
-2 -3 -4 -4 -2 -3 -4 -4 -4  3  4 -3  2  0 -3 -3 -2 -2 -2  1 1 0 0 0 0.01
 2 -1  2 -1 -2 -1 -1  1 -1 -3 -3 -1 -2 -3 -1  4  1 -3 -2 -2 1 0 0 1 0.01
 0  1 -1 -1 -3  5  1 -2 -1 -1 -1  3 -1 -3 -2 -1 -1 -3 -2 -2 1 0 0 1 0.01
-2 -1  0 -2 -4  3  0 -3  9 -4 -4 -1 -2 -2 -3 -1 -2 -3  1 -4 1 0 0 0 0.01
 0 -3 -3 -4 -1 -3 -3 -3 -4  3  2 -3  1 -1 -3 -2 -1 -3 -2  4 1 0 0 0 0.01
 2 -1  4  2 -2 -1 -1  1 -1 -3 -3 -1 -2 -3 -2  0  0 -4 -3 -2 1 0 0 1 0.01
-2 -3 -4 -4 -2 -3 -3 -4 -3  1  4 -3  3  0 -3 -3 -2 -2 -2  1 1 0 0 0 0.01
-1 -3 -4 -4  6 -3 -4 -4 -3  1  3 -3  1 -1 -3 -2 -1 -3 -2  2 1 0 0 0 0.01
 0 -1 -1  1 -4  1  6 -3 -1 -4 -4  0 -3 -4 -2 -1 -1 -4 -3 -3 1 0 0 1 0.01
 0  3 -1 -2 -3  4  0 -2  2 -2 -1  1 -1 -1 -2 -1 -1 -1  3 -2 1 0 0 1 0.01
-2 -3 -3 -4 -2 -3 -3 -4 -1  1  3 -3  1  3 -3 -3 -2  0  4  1 1 0 0 0 0.02
 1 -2 -1 -1 -2  0  2 -2 -2  2  0 -1  2 -2 -2  2  0 -3 -2  0 1 0 0 1 0.02
 1 -2 -1  1 -3  0  2  0 -2 -3 -3 -1 -2 -4  6  0  0 -4 -3 -2 0 0 1 1 0.03
-1 -1 -2 -2 -2  3  1 -3 -1  1  2 -1  2 -1 -2 -1 -1 -2 -2  1 0 0 1 1 0.04
-2 -3 -4 -4 -2 -3 -4 -4 -4  1  5 -3  2  0 -4 -3 -2 -2 -2  0 0 0 1 0 0.06
-1 -1  2  1 -3  1  4 -2 -1 -3 -3  0 -2 -3 -2  1  2 -3 -2 -2 0 0 1 1 0.09
-1 -1 -1  0 -4  2  4 -3  5 -4 -3  0 -2 -3  4 -1 -1 -3 -1 -3 1 0 0 1 0.14
 2 -1 -1 -1 -2  2  1 -2 -1 -1  0 -1  0  2 -2  0  1 -2  0 -1 1 0 0 0 0.24
 2  2  0 -1 -2  2  0 -1 -1 -3 -2  0 -1 -3 -1  3  0 -3 -2 -2 1 0 0 1 0.40
 0 -2 -2 -3 -1 -2 -2 -3 -3  2  2 -2  2 -1 -2  1  0 -3 -2  3 1 0 0 0 0.54
 4 -1  2 -1 -1 -1 -1  0 -1 -2 -2 -1 -1 -2 -1  1  0 -2 -2 -1 0 0 1 0 0.67
-1 -1 -1 -1 -2 -1 -1 -2  4 -2 -2 -1 -2 -2  6  1 -1 -3 -1 -2 0 0 1 1 0.73
 0  3  0  0 -2  4  2 -1  0 -2 -2  1 -1 -3 -1  1  0 -2 -2 -2 0 0 1 1 0.86
 0 -2 -2 -2 -1 -1 -2 -2 -2  2  1 -1  0 -1 -1 -1  0 -2 -1  3 0 0 1 0 0.91
 0 -1  0 -1 -1 -1 -1  4 -1 -2 -2 -1 -1 -2 -1  0 -1 -1 -1 -2 0 0 1 0 0.93
-1 -1 -1 -2 -1 -1 -1 -1 -1 -1 -1 -1 -1  0 -1 -1 -1  9  1 -1 0 0 1 0 0.95
-2 -1  6  1 -3  0  0  0  1 -3 -4  0 -2 -3 -2  1  0 -4 -2 -3 0 0 1 1 0.93
-2  0  1 -1 -3  0  0 -2  8 -4 -3 -1 -2 -1 -2 -1 -2 -3  2 -3 0 0 1 1 0.95
-1 -1  0 -1 -2  0 -1 -2  6 -2 -2 -1 -1 -2 -2  0  3 -3  1 -1 0 0 1 1 0.94
-2 -1 -1 -2 -2 -1 -1 -3  6  2  0 -2  0 -1 -3 -2 -1 -3  1  1 0 0 1 1 0.94
 0 -1  1 -1 -2  0  0 -1  6 -3 -3  0 -2 -2 -2  3  0 -3  0 -2 0 0 1 1 0.94
-2  0  1 -1 -3  0  0 -2  8 -4 -3 -1 -2 -1 -2 -1 -2 -3  2 -3 0 0 1 1 0.95
-2  0  1 -1 -3  0  0 -2  8 -4 -3 -1 -2 -1 -2 -1 -2 -3  2 -3 0 0 1 1 0.95
