-1 -1 -2 -3 -1  0 -2 -3 -2  1  2 -1  5  0 -2 -1 -1 -1 -1  1 0 0 1 1 0.97
 0 -2  0 -1 -2 -2 -2  5 -2 -4 -4 -2 -3 -3 -2  0 -2 -2 -3 -3 0 0 1 1 0.98
 1 -1  1  0 -1  0  0  0 -1 -2 -2  0 -1 -2 -1  4  1 -3 -2 -2 0 0 1 1 0.98
 1 -1  1  0 -1  0  0  0 -1 -2 -2  0 -1 -2 -1  4  1 -3 -2 -2 0 0 1 0 0.98
-2  0  1 -1 -3  0  0 -2  7 -3 -3 -1 -2 -1 -2 -1 -2 -2  2 -3 0 0 1 0 0.98
-2  0  1 -1 -3  0  0 -2  7 -3 -3 -1 -2 -1 -2 -1 -2 -2  2 -3 0 0 1 0 0.98
-2  0  1 -1 -3  0  0 -2  7 -3 -3 -1 -2 -1 -2 -1 -2 -2  2 -3 0 0 1 0 0.96
-2  0  1 -1 -3  0  0 -2  7 -3 -3 -1 -2 -1 -2 -1 -2 -2  2 -3 0 0 1 0 0.95
-1  0  0 -1 -3  3  1 -2  7 -3 -3  0 -1 -2 -2 -1 -1 -2  1 -3 0 0 1 0 0.93
 1  0  0 -1 -2  2  0 -1  4 -3 -2  0 -1 -2 -1  3  0 -3 -1 -2 0 0 1 1 0.90
 2 -2 -1  2 -2 -1 -1  4 -2 -3 -3 -1 -2 -3 -2  0 -1 -3 -3 -2 0 0 1 1 0.84
-2 -3  1 -4 -3 -2 -3 -4  0 -1  1 -2  8 -2 -4 -1 -1 -3 -2 -1 0 0 1 1 0.71
 0  0  2  1 -2  1  0 -1  2 -3 -3  2 -1 -3 -2  2  1 -3 -2 -2 0 0 1 1 0.51
 4 -2 -2 -2 -2 -1 -2  2 -3 -1 -1 -2 -2 -3 -2  1  0 -3 -2 -1 0 0 1 1 0.33
-2  3 -2 -3  1 -1 -2 -4  1  0 -1 -1  0  3 -3 -2 -1  3  4  1 0 1 0 1 0.19
-2 -2 -2  0 -5  0  7 -4 -2 -5 -5 -1 -4 -5 -3 -2 -2 -5 -4 -4 0 1 0 0 0.11
 2 -3 -3 -4 -2 -3 -3 -3 -3  3  0 -3  1  0 -3 -1 -1 -3 -1  4 0 1 0 0 0.06
-3 -2  8  0 -4 -2 -2 -2 -1 -5 -5 -2 -4 -5 -4 -1 -2 -6 -4 -5 0 1 0 0 0.04
-2 -4 -4 -5  1 -4 -5 -5 -3  0  0 -4  1  8 -5 -4 -3 -1  2 -2 0 1 0 0 0.03
-3 -3  0  8 -5 -2  0 -3 -3 -5 -5 -2 -5 -5 -3 -2 -3 -6 -5 -5 0 1 0 0 0.03
-1 -4 -2 -3 -4 -3 -4  7 -4 -5 -5 -3 -4 -5 -4 -2 -3 -4 -5 -5 0 1 0 0 0.02
-3 -4 -5 -5 -3 -3 -4 -5 -4  2  5 -4  1 -1 -4 -4 -2 -3 -2  0 0 0 1 0 0.01
-2 -4 -4 -4 -2 -4 -4 -5 -4  3  0 -4  0 -2 -1 -3 -1 -4 -2  6 0 0 1 0 0.01
-1 -4 -2 -3 -4 -3 -4  7 -4 -5 -5 -3 -4 -5 -4 -2 -3 -4 -5 -5 0 0 1 0 0.02
-2 -4 -4 -3 -4 -2 -3 -4 -4 -3  1 -3 -1 -4  8 -2 -2 -5 -4 -3 0 0 1 0 0.03
-1 -2 -1 -2 -2 -2 -2 -3 -3 -2 -3 -2 -1 -4 -2  2  6 -4 -3 -2 0 0 1 0 0.04
-4 -2 -1 -3 -5 -1 -2 -4 10 -5 -5 -3 -3 -3 -4 -3 -4 -4  0 -5 0 0 1 0 0.08
-3 -2  7 -1 -4 -1 -2 -2  6 -5 -5 -2 -3 -4 -3  0 -2 -5 -2 -4 0 0 1 0 0.08
-4 -3 -4 -5 -4 -3 -4 -5  1 -3 -3 -4 -3  2 -5 -3 -3  1  9 -3 0 0 1 0 0.10
 5 -3 -2 -3 -2 -2 -2  2 -3 -3 -3 -2 -2 -3 -2  1 -1 -4 -3 -1 0 0 1 0 0.12
-1 -4 -2 -3 -4 -3 -4  7 -4 -5 -5 -3 -4 -5 -4 -2 -3 -4 -5 -5 0 0 1 0 0.17
-3 -4 -5 -5 -3 -3 -4 -5 -4  0  6 -4  2 -1 -4 -4 -3 -3 -2  0 0 0 1 0 0.24
 1 -2 -1 -2 -2 -2 -2 -2 -2 -4 -3 -2 -3 -4 -2  6  0 -4 -3 -3 0 0 1 0 0.27
-1 -2 -3 -2 -3 -2 -3 -3  0  0  1 -2  0  5  2 -2 -2  2  3  0 0 0 1 1 0.44
-1 -4 -2 -3 -4 -3 -4  7 -4 -5 -5 -3 -4 -5 -4 -2 -3 -4 -5 -5 0 0 1 0 0.37
-3 -2  8  0 -4 -2 -2 -2 -1 -5 -5 -2 -4 -5 -4 -1 -2 -6 -4 -5 0 0 1 0 0.40
-2 -2 -3 -2 -2 -1  2 -4 -3  2  2 -1  0 -1 -3 -2 -1 -3 -2  3 1 0 0 1 0.55
 6 -3 -3 -3 -2 -2 -2 -1 -3 -3 -3 -2 -2 -4 -2  0 -1 -4 -3 -2 1 0 0 0 0.73
 0 -2 -1 -2 -2 -2 -2 -2 -2 -4 -4 -2 -3 -4 -2  6  0 -4 -3 -3 1 0 0 0 0.75
 1 -1 -1 -2 -2  2 -1 -2 -1  0  1  0  1 -2 -2  0  3 -3 -2 -1 1 0 0 1 0.64
 0  3  2 -1 -1  0  0 -1  0 -2 -2  1 -1 -3 -2  3  0 -4 -2 -2 1 0 0 1 0.65
-3 -2  6 -1 -4 -1 -2 -2  7 -5 -5 -2 -3 -4 -3  0 -2 -5 -1 -4 0 0 1 1 0.56
 3  3 -1 -1 -1  2  0  0 -2 -2 -3  2 -2 -3 -2  0 -1 -3 -2 -1 0 0 1 1 0.49
 0 -1  2  0 -3  0 -1  4  0 -3 -1  0 -2  1 -2  0 -1 -3 -1 -3 0 0 1 1 0.51
 1  1  1  1 -3  3  1 -1  0 -2 -1  0 -1 -3 -2  1  0 -3 -2 -2 0 0 1 1 0.48
 1 -2 -2 -3  0 -1 -2 -2 -3  2  0 -2  0 -1  2 -1  1 -3 -2  3 0 0 1 1 0.45
 2 -2 -1 -2 -2 -2 -2 -2 -2 -4 -4 -2 -3 -4 -2  6  0 -4 -3 -3 0 1 0 0 0.43
-2 -1  7  0 -4  0 -1 -2  2 -4 -4 -1 -3 -3 -3  1 -1 -4  1 -4 0 0 1 0 0.44
-3 -4 -4 -3 -5 -3 -3 -4 -4 -5 -5 -3 -4 -6  8 -3 -3 -6 -5 -4 1 0 0 0 0.41
-2  6 -1 -2 -5  2 -1 -3 -2 -4 -4  4 -3 -4 -3 -2 -2 -4 -3 -4 1 0 0 1 0.33
 2  0 -2 -1 -2  2  2 -1 -1 -1  1  0  0 -2 -2  0 -1 -3 -2 -1 1 0 0 1 0.27
 6 -3 -3 -3 -2 -2 -2  0 -3 -3 -3 -2 -2 -4 -2  0 -1 -4 -3 -2 1 0 0 0 0.26
 6 -3 -3 -3 -2 -2 -2 -1 -3 -2 -2 -2 -2 -3 -2  0 -1 -4 -3  1 1 0 0 0 0.21
-2  1 -3 -3 -3 -1 -2 -4 -3  0  4  3  0 -2 -3 -2 -2 -3 -2 -1 1 0 0 0 0.19
-2 -1 -2 -2 -5  8  2 -4 -1 -5 -4  0 -2 -5 -3 -2 -2 -4 -3 -4 1 0 0 0 0.17
-1 -4 -2 -3 -4 -3 -4  7 -4 -5 -5 -3 -4 -5 -4 -2 -3 -4 -5 -5 1 0 0 0 0.16
-3 -4 -5 -5 -2 -3 -4 -5 -4  1  5 -4  1 -1 -4 -4 -2 -3 -2  0 1 0 0 0 0.11
 2  1 -1  0 -2  1  2  0 -2 -1  1  0  1 -2 -2  0  0 -3 -2 -1 1 0 0 1 0.08
-2  1 -2 -2 -5  0 -1 -3 -2 -4 -4  7 -3 -5 -3 -2 -2 -5 -3 -4 1 0 0 0 0.06
-1 -4 -5 -6 -4 -3 -4 -5 -4  1  0 -4 10 -2 -5 -4 -3 -4 -3 -1 1 0 0 0 0.04
-3  5 -2 -3 -5  0 -1 -4 -2 -4 -2  5 -3 -4 -3 -2 -1  2 -3 -4 1 0 0 0 0.03
 3 -1 -1 -2 -1  0 -2  1  1 -2  0  0 -1  0 -2  1  0 -3 -2 -2 1 0 0 1 0.02
-3 -3  3 -3 -3 -3 -3 -4 -3  0  4 -3  3 -2 -4 -3 -2 -4 -3  0 1 0 0 0 0.02
 2 -2 -2 -3 -2  0 -2 -2  3  0  2 -2  4 -1 -3  0 -1 -3  1  0 1 0 0 0 0.01
 1  0  1  5 -4 -1  2 -1  0 -4 -4  0 -3 -4 -2  0 -2 -5 -3 -2 1 0 0 1 0.02
 0  1 -3 -4 -3 -2 -2 -4  0  1  3 -1  3 -1 -3 -2 -1  1  0 -1 0 0 1 1 0.01
-2 -4 -2 -3  3 -3  0  6 -4 -4 -1 -3 -3 -4 -4 -2 -3 -4 -4 -4 0 0 1 1 0.02
-3 -3 -4 -4 -3 -3 -4 -1  0  1  3 -4  2  4 -4 -3 -2 -1  3  1 0 0 1 0 0.02
 0  0 -2 -2 -3 -1 -1 -1 -1  0 -2  1 -1 -3  4 -1  1 -4 -3  2 0 0 1 1 0.02
-3 -1 -2 -3 -6  9  0 -4 -2 -5 -5 -1 -3 -6 -4 -3 -3 -5 -4 -5 0 1 0 0 0.02
 2 -4 -2 -3 -4 -3 -4  6 -4 -4 -2 -3 -3  0 -4 -2 -3 -4 -3 -3 0 1 0 0 0.02
-2 -4 -5 -5 -3 -4 -4 -5 -4  3  1 -4  1  4 -4 -4 -2 -3  1  5 0 1 0 0 0.03
-3 -4 -5 -5 -3 -4 -5 -5 -4  2  5 -4  1  4 -5 -4 -3 -3 -1 -1 0 1 0 0 0.03
 3 -4 -4 -4 -3 -3 -3 -3 -4 -2  2 -3 -2 -4  6 -2 -3 -5 -4 -1 0 0 1 0 0.05
-4 -5 -5 -4 -6 -4 -4 -5 -5 -6 -6 -4 -5 -7  9 -4 -4 -7 -6 -5 0 0 1 0 0.04
-3 -2 -2 -3 -5  6 -1 -4  7 -3  1 -2 -1 -4  0 -3 -3 -4 -2 -4 0 0 1 0 0.03
-1  0 -2  0 -5  2  5 -4 -2 -4 -3 -1 -3 -2  4 -2 -3  2 -3 -4 0 0 1 0 0.02
-4  8 -3 -4 -6 -1 -3 -5 -3 -6 -5  0 -4 -5 -5 -3 -4 -5 -4 -5 0 0 1 0 0.02
-4 -5 -5 -4 -6 -4 -4 -5 -5 -6 -6 -4 -5 -7  9 -4 -4 -7 -6 -5 0 0 1 0 0.02
-1 -2  4  5 -2 -2 -1 -3  4 -4 -4 -1 -3  0 -3  0 -2 -4 -1 -2 0 0 1 0 0.01
 0 -3 -3 -2 -2 -3 -2  0 -2  3  2 -3  1  0  0 -2 -1 -3 -2  2 1 0 0 0 0.02
 1  0  0  1 -3 -1  0  0  2 -3 -2 -1 -2 -2  4  0 -1 -1  0 -1 1 0 0 1 0.01
 1 -3 -2 -3 -2 -3 -3 -1 -2  0  2 -3  1  2 -3 -1  2  5 -1  1 1 0 0 0 0.01
-3 -4 -5 -5 -3 -4 -2 -2 -5  1  6 -4  1 -2 -5 -4 -3 -4 -3 -1 1 0 0 0 0.01
 1  6  0  0 -5 -1 -2 -1  2 -4 -4  0 -3 -4 -4 -2 -3 -4  0 -3 1 0 0 1 0.01
 2  3 -1 -1 -3  2  1 -1  0 -3 -3  1 -2 -3 -2  1 -1 -4 -1  0 1 0 0 1 0.01
-2 -4 -5 -5 -1 -2 -4 -5 -1  1  5 -4  1 -1 -5 -4 -3 -4 -3  0 0 0 1 0 0.01
 2 -4 -3 -4 -4 -4 -4  7 -4 -5 -5 -4 -5 -5 -4 -2 -3 -5 -5 -5 0 0 1 0 0.01
-3 -4 -4 -5 -4 -4 -4 -4 -3  1  1 -4 -1  7 -4 -3 -1 -1  3  0 0 0 1 0 0.01
-1  0  1  3  0 -1  0  0  1 -2 -3  0 -2 -3 -2  2  2 -4 -3 -2 0 0 1 1 0.01
 1 -3 -2 -2 -3 -3 -1  6 -3 -4 -4 -3 -3 -4  0 -2 -3 -4 -4 -4 0 0 1 1 0.01
-1  0  0  1  1  0 -1 -2 -2 -1 -3 -1 -2 -3 -1  4  2 -3 -3 -1 0 0 1 1 0.01
 0 -3  0  6 -4 -1  3 -1 -2 -4 -4 -2 -3 -4  0 -2 -2 -4 -4 -4 1 0 0 1 0.01
 2  0  0  2 -2  0  2 -1  1 -2 -2  1 -2 -3  0  1 -1 -3 -2 -2 1 0 0 1 0.01
 0  2  0  2 -2  3  2 -1  1 -2 -2  0 -2 -2 -2  0  0 -2 -1 -1 1 0 0 1 0.02
-1 -2 -2  0 -2  0 -2 -3 -2  3  0 -2  0 -1 -2 -2  0 -2 -2  4 1 0 0 0 0.02
-1 -2 -2 -3  0  0 -2 -1 -2  3  3 -2  1 -1 -1 -2 -1  0 -2  1 1 0 0 0 0.02
 2  0  1  0 -2  1  3 -1  0 -2 -2  0 -2 -3 -2  0  1 -3 -1 -2 1 0 0 1 0.04
 1  2  1  1 -1  4  1 -1 -1 -3 -3  3 -2 -3 -2  0 -1 -3 -2 -3 1 0 0 1 0.04
 4 -1 -3 -3 -2 -2 -2 -2 -3 -1 -2 -2  0 -3 -2  0  1 -3 -1  3 1 0 0 0 0.03
 3 -2 -2 -2 -2 -1 -1  0 -1 -2 -1 -2  1  1  0  0 -1  4  2 -1 1 0 0 1 0.03
 0  4  0 -1 -3  1  0 -1  0 -3 -1  4 -2 -3 -2 -1 -1 -3 -2 -2 1 0 0 1 0.02
 1  0 -1  1 -3  4  3 -2  0 -2 -3  0 -2 -3 -2 -1  0 -3  0 -1 1 0 0 1 0.02
 4 -1  0  1 -2  0  1 -1 -2 -3 -3 -1 -2 -3 -2  2 -1 -3 -3 -2 0 0 1 0 0.02
-1 -1 -3 -3 -4 -2 -2 -2 -3 -4 -3 -3  0 -4  8 -3 -3 -4 -4 -3 1 0 0 1 0.02
 1  2 -1  0 -3  1  2 -1  4 -2 -2  0 -2 -3  1  0 -1 -4 -2  0 1 0 0 1 0.02
-4 -5 -6 -6 -3 -4 -5 -6 -5  2  6 -5  0  0 -5 -5 -3  2 -3  0 1 0 0 0 0.02
-1  3 -4 -5 -4 -3 -4 -5 -4 -1  5 -1  0  2 -5 -4 -3 -3 -2 -1 1 0 0 0 0.02
 4  1  0 -3 -3 -1 -2 -2 -3 -3 -2 -1 -2 -1 -3  3 -1 -4 -1 -1 1 0 0 0 0.02
 5 -3  2 -3  1  0 -2 -2 -3 -2 -2 -1 -1 -4 -3  1 -1 -5 -4 -2 1 0 0 0 0.03
 4 -4 -4 -4  5 -3 -3 -3 -4 -1  0 -3 -1 -2  0  0 -1 -4  0  2 0 0 1 0 0.02
 0 -2 -1 -2  5 -1 -2 -1 -1 -2 -1 -1  0  0 -2  3  0  3  2 -2 0 0 1 0 0.02
 1 -1  0 -1 -2 -1 -1 -1 -2 -3 -3 -1 -2 -3 -1  5  1 -4 -2 -2 0 0 1 0 0.02
 5 -2 -2 -2 -1 -1 -1  0 -2 -2 -2 -1 -2 -3 -1  1 -1 -3 -2 -1 0 0 1 0 0.02
 2 -1  0 -1 -1 -1 -1 -1 -2 -3 -3 -1 -2 -3 -1  5  1 -3 -2 -2 1 0 0 0 0.02
 2 -2 -1 -1  3 -1 -1 -1 -2 -2 -2 -1 -2 -3  3  3  1 -3 -2 -1 1 0 0 0 0.02
-1 -1 -2 -3 -2  0 -2 -3 -2  1  2 -1  6  0 -3 -2 -1 -2 -1  1 1 0 0 0 0.01
-5 -5 -6 -7 -5 -4 -5 -5 -5 -5 -4 -5 -4  1 -6 -5 -5 12  0 -5 0 0 1 0 0.01
 3 -3 -2 -3 -2 -2 -2 -2 -3 -1 -2 -2 -2 -3 -2  0  5 -4 -3  2 1 0 0 0 0.01
 6 -3 -3 -3 -2 -2 -2 -1 -3 -3 -3 -2 -3 -4 -2  0 -2 -4 -3 -2 1 0 0 0 0.02
-3 -2  8  0 -5 -2 -2 -2 -1 -5 -5 -2 -4 -5 -4 -1 -2 -6 -4 -5 1 0 0 0 0.02
 6 -3 -3 -3 -2 -2 -2 -1 -3 -3 -3 -2 -2 -4 -2  1 -1 -4 -3 -2 0 0 1 0 0.02
 6 -3 -3 -3  1 -2 -2  0 -3 -3 -3 -2 -2 -4 -2  0 -2 -4 -3 -2 0 1 0 0 0.02
-2 -3 -2 -3 -3 -2 -3 -3 -3 -2 -3 -2 -2 -4 -3  0  7 -4 -3 -2 0 1 0 0 0.02
-1 -4 -4 -5  0 -4 -4 -4 -5  2  0 -4  0 -2 -4 -3 -1 -4 -3  6 0 1 0 0 0.02
 1 -2 -1 -2  2 -2 -2 -2 -2 -1 -2 -2 -2 -3 -2  5  2 -4 -3 -2 0 1 0 0 0.03
 0 -4 -4 -3 -4 -3 -3 -3 -4 -4 -4 -3 -4 -5  8 -1 -2 -5 -5 -4 0 0 1 0 0.03
 2 -2 -1 -2 -2 -2 -1 -1 -2 -4 -4 -2 -3 -4 -2  6  0 -4 -3 -3 0 0 1 0 0.03
 4 -2 -2 -2  0 -2 -1 -1 -3  0 -2 -1 -1 -1  2  1 -1 -4 -3  0 0 0 1 1 0.03
-4 -3  0  8 -5 -2  0 -3 -3 -5 -6 -2 -5 -5 -3 -2 -3 -6 -5 -5 0 0 1 0 0.03
 1 -2 -1 -2  0 -2 -2 -2 -3 -3 -3 -2 -2 -4 -2  3  5 -4 -3 -2 0 1 0 0 0.04
 3  0 -1  0 -2  0  0  1  1 -2  0 -1 -1 -3  0  0  0 -3 -2 -1 0 0 1 1 0.04
-3 -3  1  8 -5 -2  0 -3 -3 -5 -5 -2 -5 -5 -3 -2 -3 -6 -5 -5 0 0 1 1 0.05
-1  0  1 -2 -4  0 -2  6  0 -5 -5 -1 -3 -4 -3 -1 -2 -4 -4 -4 0 0 1 1 0.03
-3  6 -2 -3 -5  1 -1 -3 -1 -4 -3  4 -3 -4 -3 -2 -2 -4 -3 -4 0 0 1 1 0.02
-2 -4 -4 -4  3 -3 -4 -4 -4  2  1 -3  1 -2 -4 -3  0 -4 -2  5 0 1 0 0 0.02
-4 -2 -1 -3 -5  0 -2 -4 10 -5 -5 -3 -3 -3 -4 -3 -4 -4  0 -5 0 1 0 0 0.01
-3 -3 -5 -5 -3 -4 -4 -5 -3  0  3 -4  0  7 -5 -4 -3 -1  1 -1 0 1 0 0 0.01
-2 -3 -2 -3 -2 -2 -3 -3 -3 -1 -3 -2 -2 -4 -3  0  7 -4 -3 -1 0 1 0 0 0.01
 1 -3 -3 -3 -3 -3 -3 -3 -4 -1 -2 -2 -2 -4  6 -1  0 -4 -3  3 0 1 0 0 0.01
 6 -3 -3 -3 -2 -2 -2 -1 -3 -3 -3 -2 -3 -4 -2  0 -2 -4 -3 -2 0 0 1 0 0.01
-3 -2  8  0 -5 -2 -2 -2 -1 -5 -5 -2 -4 -5 -4 -1 -2 -6 -4 -5 0 0 1 0 0.01
-3 -3 -5 -5 -3 -3 -4 -5 -4  0  6 -2  1 -1 -4 -4 -3 -3 -2 -1 0 0 1 0 0.01
 1 -2  4 -1  1  0 -2 -1 -1  1 -1 -1 -1 -2 -2  0  0 -4 -2  1 0 0 1 0 0.01
 1 -2  5  1  1  0 -1 -1 -1 -3 -3 -1 -2 -4 -2  2  3 -4 -3 -2 0 0 1 1 0.01
 0  0  1 -2 -3  0 -1 -2 -2 -2 -2  5  4 -3 -3  0  0 -4 -3 -2 0 0 1 0 0.02
-2 -3 -4 -4 -3 -3 -4 -4 -3 -1  3 -3  0  6  2 -3 -3 -1  2 -1 1 0 0 0 0.02
-4 -2 -1 -3 -5 -1 -2 -4 10 -5 -5 -3 -4 -3 -4 -3 -4 -4  0 -5 1 0 0 0 0.02
-3  8 -2 -3 -5 -1 -2 -4 -2 -5 -4  1 -3 -5 -4 -3 -3 -5 -3 -4 1 0 0 0 0.02
 3 -2 -1 -2 -2 -1 -2 -2  2 -1 -3 -1 -2 -3 -2  5  0 -4  0 -2 1 0 0 0 0.02
-2 -3 -3 -4 -2  1 -3 -4  2  4  3 -3  1  0 -3 -2 -1 -3 -1  1 0 0 1 0 0.02
-3 -2 -2  0 -6  0  7 -4 -2 -5 -5 -1 -4 -5 -3 -2 -3 -5 -4 -4 0 0 1 0 0.02
 3 -2 -2 -2 -3 -1 -2  0  5 -3 -3 -2 -2 -3  3 -1 -1  5 -1 -1 1 0 0 0 0.03
-1  0 -1  2 -4  2  3 -2  0 -2 -3 -1 -2 -4  5 -1 -1 -4 -3 -1 1 0 0 1 0.03
-1 -2 -1  1 -2  2  0 -2 -2 -1 -2 -1 -2  0 -2  1  4 -3 -2  1 1 0 0 0 0.02
-1 -3 -2 -3 -2 -2 -2 -1 -3 -2 -3 -2 -2 -4 -3  1  7 -4 -3 -2 1 0 0 0 0.02
 1  0 -1 -1 -1  0  1  2  0 -2 -1  0 -1 -1 -2  1  1 -2  0 -1 1 0 0 0 0.02
 2  5  1 -1 -3  0 -1 -2  0 -3 -3  1 -2 -4 -3  0 -1 -2 -3 -2 1 0 0 1 0.01
 0 -2 -3 -3  0  1 -2 -3 -3  3  2 -2  1  0 -3 -1  0 -3 -2  2 1 0 0 0 0.01
-3 -4 -5 -5 -3 -4 -4 -5 -4  0  6 -4  1  1 -4 -4 -3 -3 -2 -1 1 0 0 0 0.01
 0  4  0  0 -4  2  1 -1  0 -3 -3  3 -2 -4 -2  0 -1 -4 -3 -3 1 0 0 1 0.01
 4  1 -2 -2 -2  0 -1 -1 -2 -1 -1  0 -1 -2 -2  1  1 -1 -2 -1 1 0 0 0 0.01
 0 -3 -3 -4 -2 -3 -3 -4 -4  4  1 -3  4  0 -3 -2  1 -3 -2  2 1 0 0 0 0.01
-4 -5 -5 -6 -4 -5 -5 -5 -3 -2 -1 -5 -2  9 -6 -4 -4 -1  1 -3 0 0 1 0 0.01
 3  1  2 -1 -2 -1 -1  0  1 -3 -3  0 -2 -4  2  2 -1 -4 -3 -2 0 0 1 1 0.01
-3 -3  4  6 -5 -2  0 -1  0 -5 -5 -2 -4 -5 -3 -1 -2 -6 -4 -5 0 0 1 1 0.01
 0 -1 -1  2 -4  1  4 -2  0 -4 -4  0 -3 -4  3  1  0 -4 -3 -3 0 0 1 1 0.01
 1  3  1  0  1  1  1 -2  2 -2 -3  1 -2 -3 -2  1  0 -3 -2 -2 0 0 1 1 0.01
-1  2 -2 -3 -2 -1 -2 -3  7 -3 -2 -1 -2  2 -3 -1 -2  0  4 -3 0 0 1 0 0.01
-4 -5 -5 -6 -4 -5 -5 -5 -3 -2 -1 -5 -2  9 -6 -4 -4 -1  1 -3 0 1 0 0 0.01
 4 -2 -1 -2  0 -1 -1 -2  0  0 -2 -1 -1 -3 -2  2  1 -4 -2  1 0 1 0 0 0.01
-1 -2 -1 -3 -2 -1 -2 -3  6  2  0 -2  2 -1 -3 -2 -1 -3  0  2 0 1 0 0 0.01
-2 -1  0 -2 -4  0  0 -3  9 -4 -3 -1 -2 -2 -3 -1 -2 -3  1 -4 0 1 0 0 0.01
 0 -1 -1  3 -4  1  1  0  1 -4 -3 -1 -2 -4  4  0 -1 -4 -3 -3 0 0 1 1 0.01
 4 -3 -3 -3 -3 -2 -3 -2  3 -1 -2 -3 -3 -2  4 -1  1 -4 -3 -1 0 0 1 0 0.01
 0 -4 -5 -5 -3 -4 -5 -5 -5  2  5 -4  0 -1 -4 -4 -3 -4 -3  1 0 0 1 0 0.01
-1 -4 -4 -4 -5 -4 -3 -4 -4 -5 -5 -3 -5 -6  8 -3 -1 -6 -5 -4 0 0 1 0 0.01
 2  0  0  0  0  3  1  1  0 -3 -2  0 -1 -1  0  1 -1 -3 -1 -2 0 0 1 0 0.01
-1  2  1 -2 -2  1 -1  0  3  0 -1 -1 -1 -2 -2  1  1 -3 -2  2 0 0 1 0 0.01
 3 -2 -1  0 -2  0  1  0 -2 -1 -2 -2  0 -3  3  1  0 -4 -3 -1 1 0 0 1 0.01
 0 -1 -2  0 -1  0  0 -2  5 -1  1 -1  1 -1  0 -1 -1 -1  0  0 1 0 0 0 0.01
-4 -5 -5 -5 -4 -5 -5 -5 -3 -1  2 -5  0  8 -5 -4 -1  1  2 -2 1 0 0 0 0.01
 0 -3 -2 -3 -4 -3  0  6  0 -5 -5 -3 -4 -5 -4  2 -2 -4 -4 -4 0 0 1 0 0.01
-4 -4 -1  8 -6 -3 -1 -4 -4 -6 -6  0 -5 -6 -4 -3 -3 -7 -6 -6 0 0 1 0 0.01
-3 -3 -3 -1 -6 -1  7 -5 -3 -6 -6 -2 -5 -6 -4 -3 -3 -6 -5 -5 0 0 1 0 0.01
-2 -5 -3 -4 -5 -4 -5  7 -4 -6 -6 -4 -5 -6 -5 -3 -4 -5 -6 -6 1 0 0 0 0.01
 6 -4 -4 -4 -3 -3 -3 -2 -4 -3 -3 -3 -3  3 -3 -1 -2 -4 -3 -2 1 0 0 0 0.01
 6  2 -3 -4 -3 -2 -3 -2 -3 -4 -4 -2 -3 -4 -3 -1 -2 -5 -4 -2 1 0 0 0 0.01
-4 -3  8 -1 -5 -2 -3 -3 -1 -5 -5 -3 -4 -3 -5 -2 -2 -4  3 -5 1 0 0 0 0.01
-4  2 -2 -4 -6 -2 -3 -5 10 -6 -5 -3 -4 -1 -5 -3 -4 -5 -1 -6 0 1 0 0 0.01
-2 -2  4 -2 -3 -2 -2 -2  4 -1 -2 -2  4 -3 -3 -1  4 -4 -2  0 0 1 0 0 0.01
-4  8 -3 -4 -6 -1 -3 -5 -2 -5 -4  0 -4 -3 -5 -3 -3 -4  3 -5 0 1 0 0 0.01
-3 -4 -5 -5 -3 -4 -5 -5 -4  3  4 -4  1  4 -5 -4 -3 -2 -1 -1 0 1 0 0 0.01
 0 -4 -3  2  9 -3 -3  2 -4 -3 -4 -4 -3 -2 -4 -1  0 -4 -4 -3 0 0 1 0 0.01
 1  1  0  0 -3  0  0  2  0  1 -2  0 -2 -3  0  0  0 -3 -2 -1 0 0 1 1 0.01
-1  0  0  3 -4  0  3  0  1 -4 -3 -1 -3  1  1  0 -1 -3 -2 -3 0 0 1 1 0.01
-2 -3 -2  2 -4 -1 -3 -4  7 -4 -2 -3 -3  0 -4 -3 -3 -1  7 -4 0 0 1 0 0.01
 0 -2 -1  2 -4 -3 -1  6  1 -5 -5 -2 -4 -5 -4 -1 -2 -5 -4 -5 0 0 1 1 0.01
 1  1  0  1 -3  1  2  1  2 -3 -3  0 -2 -2 -2  1 -1 -3 -1 -3 0 0 1 1 0.01
 2  1 -3 -3 -4  1  0 -3 -2 -4 -4  0 -3 -5  6 -1 -1 -5 -4 -1 0 0 1 1 0.01
 0 -4 -2 -3 -4 -4 -4  6 -4 -5 -5 -3 -4 -5 -4  0  1 -5 -5 -4 0 0 1 0 0.01
-2 -4 -5 -5 -3 -4 -4 -5 -5  3  2 -4  1 -2 -4 -4 -1 -4 -3  5 0 1 0 0 0.01
-3 -2  2  0 -5  5  5 -2  4 -5 -5 -1 -3 -5 -3 -2 -3 -4 -1 -5 0 1 0 0 0.01
-2 -3 -4 -4 -2 -3 -3 -4 -3  2  4 -3  2  2 -3 -3 -2 -2 -1  2 0 1 0 0 0.01
-4 -4 -4 -4 -4 -4 -4 -4 -3 -2  0 -4  1  8 -4 -4 -3 -1  2 -2 0 1 0 0 0.01
 0 -4 -4 -4  2 -3 -4 -4 -4  1 -1 -3 -1 -2 -3 -3 -1 -4 -3  6 0 1 0 0 0.01
-3 -3 -4 -4 -4 -3 -4 -4  2 -3 -1 -3 -3  3 -4 -3 -3  6  8 -3 0 1 0 0 0.01
-2 -4 -2 -3 -4 -3 -4  7 -4 -5 -5 -3 -4 -4 -4 -2 -3  3 -4 -4 0 0 1 0 0.01
 0  6 -1 -2 -2  2  1 -2 -2 -3 -3  2 -1 -4 -3 -2 -1 -4 -3 -2 0 1 0 0 0.01
 0  1 -1  1  0  2  2 -1  1 -2 -3  1 -2 -3  0  2 -1 -3 -1 -2 0 0 1 0 0.02
 3  1  0  0  4  0  1  2 -1 -3 -2 -1 -2 -3 -2  1 -1 -4 -3 -2 0 0 1 1 0.02
-1 -2 -1  1 -3 -1  0  3 -2 -3 -2 -2 -2  4 -2  0 -1  5  0 -3 0 0 1 1 0.03
-1 -1  4  3 -3  0  0  2 -1 -3 -3 -1  0 -2  0  0 -1 -4 -3 -3 0 0 1 0 0.03
-1 -1  1  2 -3  1  3  2  1 -3 -3  0 -3 -3  2  0 -1 -3 -1 -2 0 0 1 1 0.03
 0 -2 -1  0 -2 -1 -1 -2  0  2 -1 -1 -1 -2  4  1  1  1 -2  0 0 0 1 1 0.03
 2  3  1 -1 -3  1  0  0 -2 -2 -2  1 -1 -3 -2  0 -1  3 -2 -1 0 0 1 1 0.04
-3 -2 -3  0 -4 -3 -1 -2 -3 -4 -4 -2 -4 -4  8 -3 -2 -4 -4 -3 0 0 1 0 0.04
 2  0 -1 -1 -2  2  0  0 -1 -1 -1  1 -1 -2 -2  1  1 -3 -2 -1 0 0 1 1 0.03
-2  6 -2 -2 -4  0  0 -2  0 -4 -2  3 -3 -4 -1 -1 -2 -4 -3 -3 0 0 1 1 0.03
-5 -5 -5 -6 -5 -5 -5 -6 -2 -3 -3 -5 -3  7 -6 -5 -4 -1  8 -4 0 0 1 0 0.03
-3 -5 -5 -2 -6 -4 -2 -5 -5 -6 -6 -4 -5 -6  8 -3 -1 -7 -6 -5 0 0 1 1 0.03
 6 -4 -4 -4  0 -3 -1 -2 -4 -4 -4 -3 -3 -5  1  0 -2 -5 -4 -3 0 0 1 0 0.03
-4  8 -3 -4 -6 -2 -3 -5 -3 -6 -5  0 -4 -6 -5 -4 -4 -6 -5 -5 0 0 1 0 0.04
-4 -2 -3 -3 -6  9 -1 -5  1 -6 -5 -2 -3 -6 -4 -3 -4 -5 -4 -5 0 0 1 0 0.04
 0 -3 -1 -3 -3 -3 -3 -3  3 -3 -4 -2 -3 -4 -3  2  6 -4 -1 -3 0 1 0 0 0.03
-2  4 -3 -1 -4 -2 -1 -4 -3 -1  3  1 -1  1 -4 -3 -3 -3 -1 -1 1 0 0 1 0.04
-2  0 -3  0 -6  2  7 -4 -2 -5 -2 -1 -4 -5 -4 -2 -3 -5 -4 -4 1 0 0 0 0.04
 7 -4 -4 -4 -3 -3 -3 -2 -4 -4 -4 -3 -3 -5 -3 -1 -3 -5 -4 -3 1 0 0 0 0.05
-1 -3 -2 -3  4  0 -3 -1 -3 -5 -5 -3 -4 -1 -3  6 -1 -5 -4 -4 1 0 0 0 0.05
 0  1 -1  1 -3  2  1 -3  3 -2  0  1  2 -1 -2 -1 -2 -2  2 -2 1 0 0 1 0.06
 6 -3 -3 -3 -2 -1 -2 -1 -3 -3 -2 -2 -3 -4 -2  1 -2 -4 -3 -2 1 0 0 0 0.06
-1 -4 -4 -5 -2 -4 -4 -5 -5  4  1 -4  0 -2 -4 -3 -2 -4 -3  5 1 0 0 0 0.05
 6 -3 -3 -3  0 -1 -1 -1 -3 -2 -3 -2 -1 -2 -2  0 -2 -4 -3 -1 1 0 0 0 0.05
-3  8 -2 -3 -5  0 -1 -4  1 -5 -4  1 -3 -5 -4 -3 -3 -5 -3 -4 1 0 0 0 0.05
-1  2 -1 -3 -3  0 -2 -4 -3  0  4 -1  1 -1 -3  0 -1 -3 -2 -1 1 0 0 0 0.04
-2 -2  2 -3 -5 -2 -2 -2 10 -5 -5 -3 -4 -3 -4 -2 -3 -5  0 -5 0 0 1 0 0.03
-1  1  0 -2 -2  4  0  4 -2 -4 -3 -1 -2 -4 -3 -1 -2 -4 -3 -4 0 0 1 1 0.02
-1 -3 -4 -4 -2 -3 -4 -4 -4  1  5 -3  1 -1 -3 -3 -2 -3 -2  2 0 1 0 0 0.02
 0  0  2  4 -3  0  1 -1  0 -3 -3  1 -2 -3  0  1  0 -4 -2 -3 0 0 1 1 0.01
 1 -1 -2  2 -3 -1  2 -2 -1 -3 -3 -1 -3 -2  5  0 -1 -4 -2 -3 1 0 0 1 0.01
 1  0  0  2 -3  1  2  0  1 -3 -3  1 -2 -2 -2  1  0 -3 -2 -2 1 0 0 1 0.01
 0  4  1 -2 -2  3  0  1  2 -3 -2  1 -2 -2 -2  0 -1 -3 -1 -2 1 0 0 0 0.01
 1 -2 -1 -2  2 -1 -1 -2 -3  0 -1 -2 -1 -2 -2  0  3  0 -2  3 0 1 0 0 0.01
-1 -3 -4 -4 -2 -3 -4 -4 -4  3  2 -3  1 -1 -4 -3 -1  0 -1  4 0 1 0 0 0.01
-3 -4 -4 -4 -3 -4 -4 -4  0  0  0 -4  0  7 -4 -3 -3  0  5 -2 0 1 0 0 0.01
 3 -3 -3 -3 -2 -2 -2 -1 -3  2  1 -2  1 -2  1 -1 -1 -3 -2  2 0 1 0 0 0.01
-2  2 -1 -2 -2  6  1 -3  0 -3 -2  0  2 -4  0 -1 -2 -3 -3 -3 0 1 0 0 0.01
-3 -1 -2 -2 -5  8  0 -4 -1 -5 -4  0 -2 -5 -3 -2 -2 -4 -3 -4 0 1 0 0 0.01
-1 -1  5  0 -3 -1 -1  0  3 -4 -4  0 -3 -4 -3  3  0 -4 -2 -3 0 0 1 0 0.01
 0  0 -2 -1 -4  0  0 -3 -3 -3 -3  0 -1 -4  7 -1  0 -4 -4 -3 1 0 0 0 0.01
 2  0  0  3 -3  1  3 -1 -1 -3 -3  0 -2 -3 -2  0  0 -4 -3 -1 1 0 0 1 0.01
 4 -3 -3 -3 -2 -2 -2  0 -3  0 -1 -2 -1 -3 -2 -1  0 -4 -3  3 1 0 0 0 0.01
-3 -4 -5 -5 -3 -4 -5 -5 -5  6  1 -4  0 -1 -4 -4 -2 -4 -3  2 1 0 0 0 0.01
 1 -2  2  6 -4  0  2 -2 -2 -4 -4 -1 -4 -4 -2 -1 -2 -5 -4 -4 0 0 1 0 0.01
 3  0 -2 -2 -2  4  0  1 -1 -3 -2  0 -2 -4 -2  0 -1 -3 -3 -2 0 0 1 0 0.01
-1 -4 -2 -3 -4 -3 -4  7 -4 -5 -5 -3 -4 -5 -4 -2 -3 -4 -5 -5 0 0 1 0 0.01
 3 -3 -3 -4 -2 -3 -3 -3 -4  1 -1 -3 -1 -2 -3 -1  0 -4 -2  5 0 0 1 0 0.01
-4 -5 -5 -5 -4 -5 -5 -5 -3 -2 -1 -5 -2  8 -5 -4 -4 -1  2 -2 0 0 1 0 0.00
-3 -2 -1 -3 -5 -1 -2 -4 10 -5 -5 -3 -3 -3 -4 -3 -4 -4  0 -5 0 0 1 0 0.00
-3 -2  8  0 -4 -2 -2 -2 -1 -5 -5 -2 -4 -5 -4 -1  0 -5 -4 -4 1 0 0 0 0.00
-3 -3  0  8 -5 -2  0 -3 -3 -5 -5 -2 -5 -5 -3 -2 -3 -6 -5 -5 1 0 0 0 0.00
-2 -4 -4 -5 -2 -4 -4 -5 -5  1  1 -4  0 -2 -4 -3 -1 -4 -3  6 1 0 0 0 0.00
-2 -4 -4 -4 -2 -4 -4 -5 -4  5  1 -4  0 -1 -4 -3 -2 -4 -2  4 0 0 1 0 0.00
 5 -3 -2 -3  4 -2 -2 -1 -3 -3 -3 -2 -2 -3 -2  2 -1 -4 -3 -2 0 1 0 0 0.00
-2 -4 -4 -5 -2 -3 -4 -5 -4  1  0 -4  2 -2 -4 -3 -1 -4 -3  6 0 1 0 0 0.00
 2 -3 -1 -2 -2 -2 -2  5 -3 -3 -4 -2 -3 -4 -2  2 -1 -4 -3 -2 0 1 0 0 0.00
-1 -2  7  0  3 -1 -2 -2  0 -4 -3 -2 -3 -4 -3 -1  0 -5 -3 -4 0 1 0 0 0.00
 0  3 -1  0 -1  3  3  2  2 -3 -2  1 -2 -3 -2 -1 -2 -3 -2 -3 0 0 1 0 0.00
-2  1  5  2 -4  3  1 -2  2 -4 -4 -1 -3 -4  1  0 -2 -4 -1 -4 0 0 1 1 0.00
-1 -4 -4 -5  1 -4 -4 -5 -5  1  0 -4  0  1 -4 -3  2 -4 -3  6 0 1 0 0 0.00
-4 -4 -5 -6 -4 -4 -5 -6  0 -1  6 -5  1  2 -5 -5 -3 -3 -2 -1 0 1 0 0 0.00
-4 -5 -6 -6 -5 -5 -6 -6 -4 -1  2 -5  1  8 -6 -5 -4 -2  0 -3 0 1 0 0 0.00
 0 -3 -3 -4  6 -2 -3 -4  5 -2 -1 -3  0  2 -4 -2  0 -2  5 -1 0 1 0 0 0.01
-5 -3 -3 -4 -6 -3 -3 -5 11 -7 -6 -4 -5 -4 -5 -4 -5 -6 -1 -6 0 1 0 0 0.01
-1 -2 -2  0 -6  5  6 -4 -2 -5 -5 -1 -4 -6 -2 -2 -3 -5 -4 -5 0 0 1 1 0.01
 0  1 -2  1 -4  5  2 -3  3 -3  0  0  0 -3 -3 -2 -2 -4 -2 -3 0 0 1 1 0.01
 7 -4 -4 -4 -3 -3 -3 -2 -4 -4 -4 -3 -3 -5 -3  0 -2 -5 -4 -3 0 0 1 0 0.01
-5 -6 -6 -6 -5 -6 -6 -6 -4 -3 -2 -6 -3  9 -6 -5 -5  1  3 -4 0 1 0 0 0.01
 1 -1 -3 -1 -3 -1  2 -3 -1  0  2 -2 -1 -1 -3 -2 -2  1  0  2 0 0 1 0 0.01
-3  0  4  6 -1 -1  0 -3  2 -5 -5 -1 -4 -5 -2 -1 -2 -6 -4 -5 0 0 1 1 0.01
-2  1 -2 -1 -4  5  1 -1  0 -4 -3  1 -3 -4  1  0  2  0 -3 -3 1 0 0 0 0.02
 2 -2  0  2 -3  2  3 -1  0 -1 -2  0 -1 -4  1  0  0 -4 -3 -2 1 0 0 1 0.02
 2  1  0 -1 -3  2  2  1 -1 -3 -3  1 -2 -4 -1  0 -1 -4 -2 -1 1 0 0 1 0.02
 1 -2 -3 -3 -2 -1 -2 -3 -3  0  2  0  3  0 -3 -1  1  2 -2  3 1 0 0 0 0.02
-2 -2 -4 -4 -3 -1 -2 -5  0  1  4 -1  2  2 -4 -3 -3 -2  3 -1 1 0 0 0 0.02
 3  0  1  3 -3  1  1  0  1 -4 -4  0 -3 -4 -2  0  0 -4 -3 -3 1 0 0 1 0.02
 1  1 -1  2 -4  2  4 -2 -2 -3 -4 -1 -3 -4 -3 -1  0 -4 -3 -1 1 0 0 1 0.02
-2 -4 -5 -5 -3 -4 -5 -5 -5  5  4 -4  1 -2 -5 -4 -3 -4 -3  1 1 0 0 0 0.02
 0  6 -2 -1 -4  2  0 -2  0 -4 -3  1 -3 -4 -2 -1 -1 -4 -3 -3 1 0 0 1 0.02
 2  3  0  0 -2  2  2 -2  0 -3 -3  1 -2 -3 -3  0 -1 -4 -3 -2 1 0 0 1 0.02
 2  3 -2 -3 -3  0 -1 -3 -1 -3 -3  5 -3 -4 -2 -1 -1 -5 -3 -3 1 0 0 1 0.02
 1 -3 -4 -4  3 -2 -4 -4 -3  0  2 -3  4  3 -4 -2 -2  1  0  2 0 0 1 0 0.01
 0 -2  1  2 -4  2  1  2 -1 -4 -4 -1 -3 -4  4  0 -1 -4 -2 -3 0 0 1 1 0.01
 0 -2  0  3 -2  0  0  4 -3 -5 -5 -2 -4 -5  3 -1 -1 -4 -4 -4 0 0 1 1 0.01
-2 -4 -5 -5 -3 -4 -5 -5 -4  1  4 -4  1  6 -5 -4 -3 -2  0  1 0 0 1 0 0.01
-2  0  0 -1  2  0  1 -3  4  1 -1  0  1  0 -3 -1  1 -3  0  1 0 1 0 1 0.01
 1 -2 -3 -2 -3 -2 -3 -3 -3  2  0 -3 -1  4  3  0  0 -3 -1  0 0 1 0 1 0.01
-3 -5 -5 -5 -3 -5 -5 -6 -5  6  1 -5 -1 -1 -5 -4 -2 -5 -3  4 0 1 0 0 0.01
-2  1 -1 -1  2  1  5 -4 -2 -1 -3  1 -2 -2 -3 -2 -2 -4 -3  0 0 1 0 1 0.01
-1 -5 -5 -5 -3 -4 -5 -5 -5  2 -1 -4 -1 -3 -4 -4 -2 -5 -3  7 0 1 0 0 0.01
 0 -1 -3 -2 -1 -2 -2 -2 -3 -3 -3 -1 -3 -4  7  1  1 -5 -4 -3 0 0 1 1 0.01
 2  1  1  1 -2  0  2 -2 -1 -3 -2  0 -2 -3 -2  2  2 -4 -3 -2 0 0 1 1 0.01
 2  0  1  2 -3  0  1  0  0 -3 -3  0 -2 -4 -2  2  0 -4 -3 -2 0 0 1 1 0.01
 1  2 -1  2 -4  3  4 -3  0 -3 -3  1 -1 -4 -2  0 -2 -4 -3 -2 0 0 1 1 0.01
-2 -4 -5 -5 -3 -4 -4 -5 -5  3  2 -4  0 -1 -4 -4 -2 -4 -3  5 0 0 1 0 0.01
 0 -3 -2 -2 -3 -2 -2 -1  1 -4 -4 -2 -3 -4  4  5  1 -5 -3 -3 0 0 1 1 0.01
-1 -4 -4 -5 -2 -3 -4 -5 -4  3  3 -4  2 -1 -4 -2 -2 -4 -2  4 1 0 0 0 0.01
 2 -1  0  2 -3  3  3 -1  0 -3 -3  1 -2 -4 -2  1 -1 -4 -3 -3 1 0 0 1 0.01
-2 -3  0  7 -5  1  2 -3 -1 -5 -5 -2 -5 -5 -3 -2 -3 -6 -5 -5 1 0 0 1 0.01
 6 -4 -4 -4  1 -3 -3 -2 -4 -3 -2 -3 -3 -4 -3 -1 -1 -5 -4 -2 1 0 0 0 0.01
-2 -5 -5 -5 -3 -4 -5 -5 -5  4 -1 -4 -1 -2 -4 -4 -2 -5 -3  6 1 0 0 0 0.01
 1  2  0  0 -3  1  0 -1 -2 -3 -3  3 -2 -4 -2  2  0 -4 -3 -3 1 0 0 1 0.01
 0 -3 -1 -2 -3 -2 -2 -3 -3 -4 -4 -2 -3 -4 -3  5  4 -5 -4 -3 1 0 0 0 0.01
-4 -4 -5 -6 -5 -4 -5 -6 -1 -4 -4 -4 -4  1 -6 -4 -4  0 10 -4 0 0 1 0 0.01
-3 -4 -5 -5 -3 -4 -5 -5 -5  0  6 -4  0  2 -1 -4 -3 -3 -2 -1 0 0 1 0 0.01
-5 -5 -6 -6 -5 -6 -6 -6 -4 -3 -2 -6 -2  9 -6 -5 -5 -1  1 -3 0 0 1 0 0.01
-4 -3  8 -1 -5 -2 -3 -3 -2 -6 -6 -3 -5 -6 -5 -2 -2 -6 -5 -5 0 0 1 0 0.01
 1 -3 -1 -2  0 -2 -2 -2 -3 -4 -4 -2 -3 -4 -3  6  2 -5 -4 -3 0 0 1 0 0.01
-3 -1 -2 -3 -5  8 -1 -4 -2 -5 -4 -1  1 -6 -4 -3 -3 -5 -4 -5 0 1 0 0 0.01
-3 -4 -5 -5 -3 -4 -5 -5 -5  3  5 -4  0 -1 -5 -4 -3 -4 -3  1 0 1 0 0 0.01
-3 -4 -5 -5 -3 -4 -4 -5 -5  3  4 -4  0 -1 -4 -4 -2 -4 -3  3 0 1 0 0 0.01
-1 -1  0 -1 -3  0 -1 -3 -2 -2 -3 -1 -2 -4 -3  3  5 -4 -3 -1 0 1 0 0 0.01
-2  3 -2 -2 -3 -1 -2 -4 -2 -1  3  2  0 -1 -1 -2 -1  1 -2 -1 0 0 1 1 0.01
 1 -3 -2  0 -4  0  0 -1 -4 -4 -4 -1 -4 -5  7 -1 -1 -5 -4 -4 0 0 1 1 0.01
-2 -3  3  6 -5  0  1  0 -2 -5 -5 -2 -4 -3  0  0 -1 -5 -4 -4 0 0 1 1 0.01
-1 -2  0  2 -5 -1 -3  6 -4 -6 -6 -3 -5 -5 -4 -2 -3 -5 -5 -5 0 0 1 1 0.01
 0  2  0  0 -3  0  2  2  0 -2 -3  2 -2 -3 -2  2  1 -3 -2 -2 0 0 1 0 0.01
-2 -2 -4 -5 -4  0 -4 -5 -4 -2  1 -4  9  0 -3 -3  0 -4 -3 -2 0 1 0 0 0.01
 2 -1 -3 -4 -2 -2 -3 -1 -3  0  2 -2  4 -2 -3 -1  2 -3 -3  2 0 1 0 0 0.01
-3 -4 -6 -6 -3 -4 -5 -6 -5  4  5 -5  0 -2 -5 -5 -3 -4 -3  0 0 1 0 0 0.01
-1 -4 -5 -5 -3 -4 -5 -5 -5  5  1 -4 -1  0 -4 -4 -1 -4 -3  5 0 1 0 0 0.01
 3 -4 -4 -4  4 -3 -4 -3 -4  1  2 -3  0 -2 -4 -2 -2 -4 -3  3 0 1 0 0 0.01
-4 -5 -5 -4 -6 -4 -4 -5 -5 -6 -6 -4 -6 -7  9 -4 -4 -7 -6 -5 0 1 0 0 0.01
-1  0 -1 -1 -3  3  3  0  0 -2 -2  1 -1 -4 -3  0  2 -4 -3 -1 0 0 1 1 0.01
-3 -3 -1  1 -6  1  7 -5  0 -6 -5 -2 -5 -6 -4 -3 -3 -5 -4 -5 1 0 0 0 0.01
 1 -5 -4 -5  9 -4 -4 -4 -5 -3 -4 -4 -3 -5 -4  2  1 -5 -4  0 1 0 0 0 0.01
-2  5 -2 -3 -5  5  2 -4 -1 -5 -3  1 -3 -5 -4 -2 -3  1 -3 -4 1 0 0 1 0.01
-1  0  2  3 -5  3  5 -3  0 -4 -3 -1 -2 -5 -3  0 -2 -5 -3 -4 1 0 0 1 0.01
-3 -1  6  0 -1 -2 -2 -3  5 -2 -3 -2 -2 -4 -4  1  2 -5 -3 -2 0 0 1 0 0.01
 1 -2 -3  0 -4  0  1 -3 -1 -3 -2 -2 -3 -4  6  0 -2 -5 -4 -1 1 0 0 1 0.01
 2  2  1  0 -3  0 -1  3 -2 -3 -3  0 -3 -4 -2  1  0 -4 -3 -2 1 0 0 1 0.01
 1 -4 -4 -5 -3 -4 -4 -4 -5  1 -1 -4 -1 -3 -4 -1 -1 -5 -3  6 1 0 0 0 0.01
-1  1  0 -4 -4 -1 -2 -4  2 -4 -2  1 -3 -1 -5 -1 -3 10  0 -4 1 0 0 1 0.01
 3  4  0 -1 -2  1  0 -1  0 -3 -3  0 -2 -4 -3  0  0 -4 -3 -3 1 0 0 1 0.01
-2 -4 -4 -5  1 -3 -3 -5  0 -2 -3 -4 -2  2 -5 -3 -2  5  8 -1 1 0 0 0 0.01
-1 -4 -5 -5  2 -4 -4 -5 -4  2  5 -4  0 -1 -4 -3 -2 -3 -3  1 1 0 0 0 0.01
-1 -1  4  2  1  3  2 -2 -1 -3 -2  0 -2 -4 -3  1  0 -4 -3 -3 1 0 0 1 0.01
 0  2  0  1 -3  1  3 -1 -1 -3 -2  2 -2 -3 -2  0  0 -2 -3 -1 1 0 0 1 0.01
-3 -3 -3 -5 -1 -1 -4 -5 -1  1  5 -4  4 -1 -4 -4 -2 -3 -2  0 1 0 0 0 0.01
 0 -2 -3 -4 -2 -2 -3 -4 -4  2  1 -2  0 -2 -2 -1  1 -4 -2  4 1 0 0 1 0.01
 4 -1  0  0 -2  1  1  0 -1 -3 -3 -1 -2 -4 -2  1  1 -4 -3 -1 1 0 0 1 0.01
 1  0 -1  0 -3  1  2  2 -2 -3 -1 -1  0 -3 -1  2  0 -4 -3 -2 0 0 1 1 0.02
-1 -1  4  4 -4  0  0  2  0 -4 -4  0 -3 -4 -2  0 -1 -5 -4 -4 0 0 1 1 0.02
-1 -2  5 -1 -1 -1 -2  4 -2 -4 -4 -2 -3 -4 -3  1  2 -4 -4 -3 0 0 1 0 0.01
-2 -4 -4 -2 -5 -3 -3 -1 -4 -5 -4 -3 -5 -6  8 -2 -3 -6 -5 -3 0 0 1 0 0.01
-2 -4 -4 -4 -3 -4 -4 -5 -5  6  0 -4 -1 -2 -4  1 -2 -4 -3  2 0 1 0 0 0.01
 2  2  2  3 -3  0  0  0  0 -3 -3  1 -2 -4 -2  1  0 -4 -3 -3 0 1 0 1 0.01
 0  3 -1  2 -4  2  3 -2  1 -4 -4  1 -3 -4 -3  0 -2 -4 -3 -3 0 1 0 1 0.01
-1 -2 -4 -4  5 -3 -4 -4 -4  2  1 -3  1 -2 -4 -3  0 -4 -3  4 0 1 0 0 0.01
-2  4 -1 -1 -2  1  1 -3  3  0  0  2  0 -2 -3 -1 -2 -3 -1 -1 0 1 0 1 0.01
-2 -4 -4 -4  5 -3 -4 -4 -2  1  0 -4 -1  3  0 -2 -1 -2  4  3 0 1 0 1 0.01
-2 -4 -4 -5 -3 -4 -4 -5 -2  0  2 -2  1  6 -4 -3 -3 -1  1  2 0 1 0 0 0.01
-4 -4  0  7 -5 -2 -1 -4 -3  2 -4 -3 -4 -5 -4 -2 -3 -6 -5 -3 0 0 1 1 0.01
-1 -3 -3 -4  6 -3 -3 -4 -3  1  3 -3  1 -1 -3 -2 -1 -2 -2  2 0 0 1 0 0.01
-1  4  0  0 -4  1  3 -2  0 -3 -3  3 -2 -3 -2 -1 -1 -3 -2 -3 1 0 0 1 0.01
-1  1  0  0 -4  4  3 -2  0 -3 -3  3 -1 -4 -1  0 -1 -3 -2 -3 1 0 0 0 0.01
 1 -2  0 -1 -1 -1 -1 -1 -2  0 -1 -1 -1 -2 -2  4  1 -3 -2  2 1 0 0 0 0.02
-2 -2 -3 -4 -2 -1 -3 -3 -2  0  1 -2  6  0 -3 -2 -2  8  0  0 1 0 0 0 0.02
 0  2  0 -1  0  1  0 -2  0 -3 -3  1 -2 -3  5  0 -1  0 -1 -2 0 0 1 0 0.02
-1 -1  6  1 -2  0 -1 -1  0 -3 -3 -1 -2 -3 -2  1  3 -4 -2 -2 0 0 1 0 0.02
 2 -2 -1 -2 -2 -2 -2  5 -2 -2 -3 -2 -2 -3 -2  0 -1 -3 -3 -1 0 0 1 0 0.02
 2 -2 -1 -2 -2 -2 -2  5 -2 -3 -3 -2 -2 -3 -2  0 -1 -3 -3 -2 0 0 1 0 0.02
 2 -2 -1 -1 -2 -1  0  5 -2 -3 -3 -1 -2 -3 -2  0 -1 -3 -3 -2 0 0 1 0 0.01
-1 -3 -2 -2 -3 -2 -2 -3 -3 -3 -3 -1 -3 -4  8 -1 -1 -4 -3 -3 0 0 1 0 0.01
 4 -2 -2 -2 -1 -1 -2 -1 -2  0 -1 -1 -1 -2 -1  0  0 -3 -2  2 0 0 1 0 0.01
-1 -4 -3 -4 10 -4 -4 -3 -4 -2 -2 -4 -2 -3 -3 -1 -1 -3 -3 -1 0 0 1 0 0.01
-3 -4 -5 -5 -3 -4 -4 -5 -4  0  6 -4  1 -1  0 -4 -3 -3 -3 -1 0 0 1 0 0.01
-3  8 -2 -4 -5 -1 -2 -4 -2 -5 -4  0 -3 -5 -4 -3 -3 -5 -4 -5 0 1 0 0 0.01
-3 -3 -5 -5 -3  0 -4 -5 -4  0  5 -4  1  1 -4 -4 -3 -3 -2 -1 0 1 0 0 0.01
-3  8 -2 -3 -5 -1 -2 -4 -2 -5 -4  0 -3 -5 -4  0 -3 -5 -4 -4 0 1 0 0 0.01
-2 -4 -4 -5 -2 -4 -4 -5 -5  3 -1 -4 -1 -2 -4 -3  0 -4 -3  6 0 1 0 0 0.01
 3 -3 -3 -4  1 -2 -3 -3 -4  0 -1 -3 -1 -3  2 -1 -1  0 -3  4 0 1 0 0 0.01
-2 -3 -4 -4 -1 -3 -4 -4 -4  1  5 -3  3 -1 -4 -3 -2 -3 -2  1 0 1 0 0 0.01
-1 -2  5  1 -3 -1 -1 -1 -1 -3 -3  0 -2 -3 -2  1  4 -4 -3 -2 0 0 1 1 0.02
 0  0  0  4 -3  1  4 -1 -1 -3 -3  0 -3 -4  0  0 -1 -4 -3 -2 1 0 0 1 0.02
 2  1  0  1 -2  2  2 -1 -1 -1 -2  0 -1 -3 -1  0  1 -3 -2 -2 1 0 0 1 0.02
 0 -2 -2  2 -5  2  6 -3 -2 -5 -4 -1 -3 -5 -3 -2 -2 -5 -4 -4 1 0 0 0 0.02
-2  2 -3 -3 -3  0 -2 -4 -2  1  3 -1  1  0  1 -2 -2 -3 -1  0 1 0 0 0 0.02
 3  1  0  2 -2  2  0 -1 -1 -3 -2  0 -2 -3 -2  0 -1 -4 -3 -2 1 0 0 1 0.02
 5 -2 -2 -2 -2  1  1 -1 -3 -3 -3 -1 -2 -4 -2  0  0 -4 -3 -2 0 0 1 0 0.02
-1 -4 -4 -4  0 -3 -4 -4 -4  3  1 -3  4 -2 -4 -3 -1 -4 -2  5 0 0 1 0 0.01
-2 -1  6  2 -4 -1 -1 -2  4 -5 -5  0 -3 -4 -1 -1  0 -5 -3 -4 0 0 1 0 0.01
 0 -1 -3 -3 -4  3 -2  0 -1 -4 -4 -2 -3 -5  7  0 -2 -5 -4 -3 1 0 0 1 0.01
 2  3  2  0 -3  0 -1  1  2 -3 -3  0 -2 -3 -1  1 -1 -4 -2 -3 1 0 0 1 0.01
-1 -3 -3 -4  1 -2 -3 -4 -1  2  1 -3  0  2 -3 -1  1 -3  0  4 1 0 0 0 0.01
-3 -1 -4 -5 -3 -2 -4 -5 -4  2  4 -3  5  2 -4 -4 -2  3 -2  0 0 1 0 1 0.01
-2 -4 -4 -5 -3 -3 -4 -5 -4  1  3 -4  7  1 -4 -3 -3  0  0  0 0 0 1 0 0.01
-2 -2  5  4 -4 -2 -1 -2 -2 -4 -4 -2 -2 -4 -3  1  4 -5 -4 -3 0 0 1 1 0.01
-1 -2  0  5 -5 -1  4 -2  1 -4 -4 -2 -4 -5  3 -1 -1 -5 -4 -4 1 0 0 1 0.01
 3  1 -1  0 -1  1  1  0 -1 -2 -3  0 -1 -3  0  1  1 -4 -3 -1 1 0 0 1 0.01
-3  3 -2 -4 -4  0 -2 -4 -3 -1  4  3 -1 -2 -4 -1 -2 -4 -3 -1 1 0 0 0 0.01
 0 -3 -4 -4 -3 -2 -4 -4  3  0  1 -4 -1  5 -4 -3 -3  4  5 -1 1 0 0 0 0.01
 1 -2  1  4 -3  1  2  0 -1 -2 -3 -1 -2 -4 -3  0  1 -4 -3 -1 1 0 0 1 0.01
 1  4 -1 -1 -3  2  0 -2 -2 -1 -2  1 -2 -4 -3  0  1 -4 -3 -2 1 0 0 1 0.01
-3 -4 -5 -6 -3 -4 -5 -6 -5  3  6 -5  0 -2 -5 -4 -3 -4 -3  0 1 0 0 0 0.00
 1 -1  4  1  3  0  2 -2 -2 -3 -3  0 -3 -4 -3  0  1 -4 -1 -2 1 0 0 0 0.00
 2  1  1  2  0  2  1 -1  0 -3 -2  1 -2 -4 -2  0  0 -4 -3 -2 1 0 0 1 0.00
-3 -5 -6 -7 -4 -5 -5 -5 -5  1  0 -5 -3 -1 -6 -5 -4 11 -1  2 1 0 0 0 0.00
 0 -5 -5 -5 -3 -4 -4 -3 -5  4 -1 -4 -1 -3 -4 -3 -2 -5 -3  6 1 0 0 0 0.00
 1  1  1  4 -2  1  3 -2 -2 -3 -3  0 -3 -4 -3  0  0 -4 -3 -3 1 0 0 1 0.00
 0  5  0 -2 -2  1  1 -3 -1 -3 -4  3 -3 -4 -3 -1  0 -4 -3 -3 1 0 0 1 0.00
-4 -1 -1 -4 -5 -2 -3 -5  9 -5 -3 -3  0  1 -5 -3 -1  4  4 -5 1 0 0 0 0.00
-5 -5 -5 -6 -5 -4 -5 -6 -2 -5 -4 -5 -4  0 -6 -5 -5  9  8 -4 0 0 1 0 0.00
-4  7 -3 -4 -6 -2 -3 -5 -3 -5 -5 -1 -4 -6  5 -3 -3 -5 -4 -5 0 0 1 0 0.01
-2 -2 -1  6 -5 -1  4 -4 -3 -5 -5 -1 -5 -5 -3 -2 -1 -6 -5 -5 0 0 1 1 0.01
 1  5 -2 -2 -2  3  2 -3  0 -4 -4  1 -3 -4 -3 -1  0 -4 -3 -2 0 0 1 1 0.01
-3 -4 -5 -5 -3 -3 -5 -6 -5  4  5 -4  1 -2 -5 -4 -3 -4 -3  0 0 1 0 0 0.01
 2  0 -1  2  0  0  0 -1  0 -2 -2 -1 -2 -3 -2  2  2 -4 -1 -2 0 0 1 1 0.01
 1 -3 -3 -1 -4  2  1 -3 -2 -2 -1 -2 -3 -2  6 -2 -2 -5 -4  0 1 0 0 1 0.02
 3 -1  0  3 -1  1  1 -2  0 -3 -3  1 -3 -4 -1  1 -1 -4 -3 -2 1 0 0 1 0.02
-4 -4 -1  8 -6  0  0 -4 -4 -6 -6 -3 -1 -6 -4 -3 -4 -7 -6 -6 1 0 0 1 0.02
-4 -4 -6 -6 -3 -4 -5 -6 -5  1  6 -5  0  0 -5 -5 -3 -4 -3 -1 1 0 0 0 0.02
 5  0 -3 -3 -3 -2 -3  3 -3 -1 -3 -2 -3 -2 -3 -1 -1 -4 -3  0 1 0 0 1 0.01
-3 -4  0  7 -5 -3 -1 -3 -3 -5 -2 -3 -5 -5 -4  1 -1 -6 -5 -5 0 0 1 1 0.01
-2 -4 -4  1 -5 -3  0 -4 -4 -3 -5 -3 -5 -6  8 -3 -1 -6 -5 -4 1 0 0 1 0.01
 3  0 -1  0 -3  5  0 -2  0 -1 -2  0  0 -4 -3  0  0 -4 -3 -2 1 0 0 1 0.01
-4 -4 -5 -6 -3 -4 -5 -6 -5 -1  6 -5  0  1 -5 -4 -1 -4 -3 -1 1 0 0 0 0.01
 1 -4 -4 -5 -3 -3 -4 -3 -4  2  4 -4  0 -1 -4 -2 -1  6 -2  1 1 0 0 0 0.01
-1  1  1  2 -2  2  1 -2  0  0 -2  1 -1 -3 -2  0  0 -3 -2  0 1 0 0 1 0.01
-1  1 -2  0 -5  2  6 -4 -2 -5 -5 -1 -4 -5 -3 -1  1 -5 -4 -4 1 0 0 0 0.01
 1 -3 -1 -3  3 -2 -3  1 -3  1 -1 -3  0 -3 -3  3  1 -4 -3  3 1 0 0 0 0.01
-3  6 -3 -3 -4  1  1 -4  2  0 -2 -1  1 -1 -4 -3 -3 -3  2  1 1 0 0 0 0.01
 1  0 -1 -1  0  3  2 -1  1 -2 -2  0 -1 -3 -2  0  3 -4 -1 -1 1 0 0 1 0.01
 7 -4 -4 -4 -3 -3 -3 -2 -4 -4 -4 -3 -3 -5 -3  0 -2 -5 -4 -3 1 0 0 0 0.01
-3  3 -4 -5 -4 -3 -4 -5  2 -1  5 -3  0 -1 -5 -4 -3  4 -2 -2 1 0 0 0 0.01
-1  0  0  6 -5 -1  1  0 -3 -4 -2 -2 -4 -4 -3 -1 -1  3 -4 -4 1 0 0 1 0.01
 3 -2 -2  0 -4  0  5 -3 -2 -4 -4 -1 -3 -5 -3 -1  1 -5 -4 -1 1 0 0 1 0.01
-4 -4 -6 -6 -4 -4 -5 -6 -5  1  6 -5  2 -2 -5 -5 -3 -4 -3 -1 1 0 0 0 0.01
-1 -3  0 -3  0 -3 -1 -2 -4 -1  1 -3 -2 -3 -3  0  6 -4 -3  0 1 0 0 0 0.01
-1  2  0  2 -4  5  1 -1 -1 -4 -4  1 -3 -4 -3  0  0 -4 -3 -3 1 0 0 1 0.01
 0 -4 -4 -4  1 -3 -1 -4  1  5  2 -3  2  0 -4 -3 -2  3 -2  0 1 0 0 1 0.01
-2 -4 -5 -6 -3 -4 -5 -6 -5  1  6 -4  3 -2 -5 -4 -3 -4 -3 -1 0 0 1 0 0.01
-1  0  2  3 -4  2 -1  3 -1 -4 -4  1 -3 -4 -3  0 -1 -4 -4 -4 0 0 1 1 0.01
-2 -4 -2 -5 -3 -4 -5 -5 -4  1  5 -4  2 -1 -5 -4 -3 -3 -1  0 0 0 1 0 0.01
-1  0  0 -3 -4 -3 -1  6 -3 -5 -5 -3 -4 -5  1 -2 -1 -4 -5 -5 0 0 1 1 0.01
 0 -1  0  1 -3 -1  3 -1 -1 -4 -4 -1 -3 -4  1  4  0 -4 -3 -3 0 0 1 1 0.01
-2 -4 -5 -5 -3 -4 -4 -5 -4  3  3 -4  0  2 -4 -3 -2 -3 -1  4 0 0 1 0 0.02
-4 -4 -5 -5 -4 -4 -4 -5 -1  2  0 -4 -2  1 -5 -4 -4  0  9 -2 0 0 1 0 0.03
-1 -2 -1  3 -5  0  0 -3  0 -4 -4 -2 -4 -5  7 -1 -3 -5 -3 -4 1 0 0 1 0.04
-4 -5 -5 -6 -5 -5 -5 -5 -3 -2 -2 -5 -2  9 -6 -5 -4 -1  1 -3 1 0 0 0 0.09
-3 -1 -2 -2 -5  8  0 -4 -2 -5 -4 -1 -3 -5 -3  0 -2 -4 -4 -4 1 0 0 0 0.12
-2  6 -2 -2 -4  4 -1 -3 -1 -4 -1  3 -2 -4 -3 -1 -2 -4 -3 -3 0 0 1 1 0.14
 2 -1  0  2 -2  1  3 -1 -1 -2 -3  0 -2 -3 -1  1  1 -3  0 -2 0 0 1 1 0.34
 2 -2 -1 -2 -2 -2 -2  5 -2 -3 -3 -2 -3 -3 -2  0 -1 -3 -3 -3 0 0 1 1 0.55
 4 -2 -1 -2 -1 -1 -1  3 -2 -2 -2 -1  0 -2 -1  1  0 -3 -2 -1 0 0 1 1 0.62
 2 -1 -1 -1 -2  0  1  4  2 -3 -3 -1 -2 -3 -2  0 -1 -3 -2 -2 0 0 1 1 0.66
-2 -1  4  4 -3  0  1 -1  4 -3 -4 -1 -2 -3 -2  0 -1 -4 -1 -3 0 0 1 1 0.73
 0 -2  0 -1 -3 -2 -2  6 -2 -4 -4 -2 -3 -3 -2  0 -2 -3 -3 -3 0 0 1 1 0.83
