 4 -2 -2 -2 -1 -1 -1  0 -2 -2 -2 -1 -1 -2 -1  1  0 -3 -2  0 0 0 1 1 0.95
 0  0  1  0 -2  2  1 -2 -1 -2 -1  1  1  2 -2  2  1 -2 -1 -1 0 0 1 1 0.92
 3 -2 -1 -2 -1 -1 -1  1 -2 -2 -2 -1 -1 -3 -1  2  3 -3 -2 -1 0 0 1 1 0.89
 3 -1 -1 -1 -1  2  1 -1  2 -2 -2  0 -1 -3 -1  1  0 -3 -2 -1 1 0 0 1 0.83
 0  2  0  2 -3  1  1 -2  2 -2 -2  1 -1  1 -2  0  0 -2 -1 -2 1 0 0 1 0.80
 3 -1  0 -2 -2 -1 -1 -1  3 -1  0  1 -1 -2 -2  0  1 -3 -1 -1 1 0 0 1 0.77
 4 -1 -1  1 -1 -1 -1 -1 -2 -2 -2  1 -2 -3 -1  0  1 -3 -2 -1 1 0 0 1 0.75
 0 -1  1  3 -3  1  3 -2 -1 -2 -2  1  1 -3 -2  0  1 -3 -2 -2 1 0 0 1 0.77
 1 -1  1  2 -2  1  0 -1  1 -2 -2 -1 -2 -3 -1  2  3 -3 -2 -2 0 0 1 1 0.61
-1  1 -1 -1 -3  2  0 -2  1 -1 -2  4 -1 -3  0 -1  1 -3 -2 -2 0 0 1 1 0.46
-1  1  1 -1 -3  1  0 -2 -1 -1 -3  5 -2 -3 -2  0 -1 -4 -2 -2 0 0 1 1 0.26
-1 -2 -2 -2 -3 -2 -2 -1 -3 -3 -3  0 -3 -4  7 -1  2 -4 -3 -3 0 0 1 0 0.13
-1 -2 -2  0 -1 -2 -2 -2 -2  1  0 -2  1 -1  1  0  0 -2  0  3 1 0 0 0 0.07
 2 -1  2 -1 -2  0 -1 -1 -1 -2 -2  0 -1 -2  1  3  0 -3  0  0 1 0 0 0 0.03
-1  1  0 -1 -3  3  2 -2  3 -2  0  3 -1 -2 -2  0 -1 -3 -1 -2 1 0 0 1 0.02
-3 -3 -4 -5 -3 -2 -3 -4 -3 -1  0 -3  5  0 -4 -3 -3 10  1 -2 0 0 1 0 0.02
-1 -1 -1 -2 -2  0 -1 -2 -2 -1  0  0 -1 -2 -2  1  5 -3 -2  0 0 1 0 1 0.01
-1 -4 -4 -5 10 -4 -5 -3 -4 -2 -2 -4 -2 -3 -4 -2 -2 -3 -3 -2 1 0 0 0 0.01
 1 -1 -1  0 -3  2  5 -2 -1 -3 -3  0 -2 -3 -2  2 -1 -3 -2 -2 1 0 0 1 0.01
-2 -2  0  6 -4  0  3 -2 -1 -4 -4 -1 -3 -4 -2 -1 -2 -5 -3 -4 1 0 0 0 0.01
-3 -3 -4 -4 -3 -4 -4 -4 -1 -1  0 -4 -1  7 -4 -3 -3  1  4 -2 1 0 0 0 0.01
-2 -2 -1 -3 -2 -2 -1 -4 -3  1  4 -2  1  0 -3 -2 -1 -2 -2  1 1 0 0 1 0.01
 3 -1 -1 -1 -1  1  0  2 -2 -2 -2 -1  0 -3 -2  0  1 -3 -2  0 0 0 1 1 0.01
-1 -3 -4 -4 -1 -2 -3 -4 -3  2  3 -3  2  0 -3 -3 -1 -2 -2  3 0 0 1 0 0.01
-2 -2  2  6 -4  0  2 -2 -1 -4 -4 -1 -3 -4 -2 -1 -1 -5 -3 -4 0 0 1 1 0.01
-1 -1  0  4 -3  0  4 -2 -1 -3 -3  0 -3 -4 -2  1  1 -4 -3 -3 1 0 0 1 0.01
 1 -1  2  1 -2  2  0 -1 -1 -2 -2  0 -2 -3 -1  2  2 -3 -2 -2 1 0 0 1 0.01
 0 -3 -3 -4 -3 -3 -3 -3 -1  0  0 -3 -1  6 -3 -2 -2  0  5 -1 1 0 0 0 0.01
-1  2 -1 -1 -4  5  1 -2  0 -3 -3  3 -1 -2 -2 -1 -1 -2  2 -3 1 0 0 0 0.01
-1 -3 -3 -2 -3 -2 -2 -3 -3 -3 -3 -2 -3 -4  8 -1  0 -4 -4 -3 1 0 0 0 0.01
 1  0  0 -1 -2  0  0 -2 -2 -2 -2  2 -1 -3  2  0  3 -3 -2  0 1 0 0 0 0.01
 3 -2 -3 -3 -1 -2 -2 -2 -3  1  0 -2  0  1 -2  0 -1 -3 -1  3 1 0 0 0 0.01
-1 -3 -4 -4 -1 -3 -3 -4 -4  3  2 -3  1 -1 -3 -2 -1 -3 -2  4 1 0 0 0 0.01
-1 -3 -2 -3 -3 -2 -3  4  0 -3 -2 -2 -2  2 -3 -1 -2  0  5 -2 1 0 0 0 0.01
 0 -3 -4 -4 -3 -3 -3 -3 -2 -2 -1 -3 -1  5 -4 -2 -2  9  3 -1 1 0 0 0 0.01
 4 -2 -2 -2 -1 -1 -2  0 -2  0 -1 -1 -1 -2 -2  1  0 -3 -2  2 1 0 0 0 0.01
 0 -1 -1  0 -2  0  4 -2 -1 -1 -2  0 -1 -3 -2  1  1 -3 -2  1 1 0 0 0 0.02
 3 -2  1 -2 -2 -2 -2  4 -2  0 -1 -2 -1 -2 -2  0 -1 -3 -3 -1 1 0 0 0 0.02
-1 -2 -2 -3 -2 -1 -2 -3  1  2  2 -1  1  2 -3 -2 -1 -2  1  2 1 0 0 0 0.03
-1 -1  5  3 -3 -1  1  0 -1 -3 -3 -1 -2 -3 -2  0  2 -4 -3 -2 0 0 1 1 0.04
 0  2  1 -1 -3  3  0 -2  1 -3 -3  3 -2 -3  2  0 -1 -3 -2 -3 0 0 1 1 0.05
 0  1  1 -1 -3  0  0  1 -1 -2 -1  4 -1 -3  1 -1 -1 -3 -2 -2 0 0 1 1 0.06
 0 -2  0  3 -3 -2 -1  5  1 -4 -4 -2 -3 -4 -2 -1 -2 -3 -3 -3 0 0 1 1 0.06
-1  2 -1 -1 -3  2  1 -2 -1 -2 -2  4 -1 -3 -2 -1 -1 -3 -2  0 0 0 1 1 0.07
-1  0 -2 -2 -3 -1  0  0 -2 -1 -2  0 -2 -3  6 -1  0 -4 -3  1 1 0 0 0 0.06
-1 -1  1  1 -3  1  4  0 -1 -2 -3  1 -2 -3 -2 -1 -1 -3 -2 -1 1 0 0 1 0.06
 0 -2  0  5 -3 -1  1 -2 -2 -3 -3 -1 -2 -3 -2  0  2 -4 -3 -2 1 0 0 1 0.06
 3 -2 -1  3 -2 -1  1  0 -2 -3 -3 -1 -2 -3  2  0 -1 -3 -3 -2 0 0 1 0 0.05
 0 -2 -2 -3 -1  0 -2 -3 -3  1  0 -2  1  0 -2 -1  2 -3 -1  4 0 0 1 1 0.04
-1 -2 -2  0 -2 -2 -2 -3 -3  2  2 -2  2  1 -3 -2  0 -2 -1  2 0 0 1 0 0.03
-2 -2  2  5 -3  0  2 -2 -1 -2 -3 -1 -3 -4 -2 -1  0 -4 -3 -1 0 0 1 1 0.03
-1  0 -3 -2 -2 -1  0 -4 -3  3  1 -1  0 -1 -3 -2 -1 -3 -2  3 1 0 0 1 0.02
-1 -1  1  4 -3  3  3 -2 -1 -3 -3  1 -2 -4 -2  1  0 -4 -3 -3 1 0 0 1 0.02
 1 -2 -1 -2 -2 -2 -2  5 -2  0 -2 -2 -2 -3 -2  0  1 -3 -3 -2 1 0 0 0 0.02
 1 -3 -2  0 -2 -2 -2 -3 -3  4  0 -2  2 -1 -2 -1  0 -3 -2  2 1 0 0 0 0.01
 0 -1 -1  1 -3  2  4 -2  2 -3 -2  0 -2 -3 -2  0  0 -3 -2 -2 1 0 0 1 0.01
-1  0 -1 -1 -3  1  0 -2 -2 -2 -2  3 -1  1  3  0  3 -3 -1 -2 1 0 0 1 0.01
-1 -3 -3 -3 -1 -3 -3 -4 -3  3  1 -3  0 -1 -3 -1 -1 -3 -2  4 1 0 0 0 0.01
 1 -1 -1 -2 -1 -1 -1 -2 -2  0 -1  1 -1 -2 -2  0  4 -3 -2  1 1 0 0 0 0.01
 0 -3 -3 -2 -3 -2  0 -3 -3 -3 -4 -2 -3 -4  8 -1 -2 -4 -4 -3 1 0 0 1 0.01
 1 -1 -2 -2 -2  1  1 -2 -2  0  1 -1  3  0 -2  0  1 -2 -1  1 1 0 0 1 0.01
-1 -3 -4 -4 -1 -3 -3 -4 -4  3  2 -3  1 -1 -3 -2 -1 -3 -2  4 1 0 0 0 0.01
 0 -3 -2  0 -1 -2 -2 -3 -3  3  1 -2  0 -1 -3 -1  0 -3 -2  3 1 0 0 0 0.01
-1 -1  0  3 -3  4  3 -2 -1 -3 -3  0 -2 -4 -2  0  2 -3 -2 -2 1 0 0 1 0.01
 2 -1 -1  1 -3  1  3 -2  0 -3 -2 -1 -2 -1 -2  0 -1 -1  3 -2 1 0 0 0 0.01
-1 -5 -4 -5 10 -4 -5 -4 -4 -2 -2 -4 -2 -3 -4 -2 -2 -3 -4 -2 1 0 0 0 0.01
-1  1  0 -1 -3  3  1 -2  2 -3 -3  4 -2 -3 -2  1  1 -3 -2 -3 1 0 0 1 0.01
 0  1 -1 -1 -3  2  2 -2 -1 -2 -1  4 -1 -3 -2 -1 -1 -3 -2  0 0 0 1 1 0.01
 1 -1  3  3 -2  0  0 -1  2 -2 -3  0 -2 -3 -2  1  2 -3 -2 -2 0 0 1 1 0.01
-1  0 -2 -2 -3 -1 -1 -3 -2 -3 -1  1 -2 -4  7 -1 -1 -4 -3 -2 0 0 1 1 0.02
 0  1 -1 -1 -3  2  0 -2 -1 -3 -3  5 -2 -4 -2  0  1 -3 -2 -2 0 0 1 1 0.02
 2 -1 -1  0 -2  0  2 -2 -2  1 -1  0  0 -2 -2  0  0 -3 -2  1 0 0 1 0 0.02
 1  0  2  1 -2  0  0 -1 -1 -3 -3  2 -2 -3 -1  3  1 -3 -2 -2 0 1 0 1 0.02
-1 -3 -3 -4 -2 -3 -3 -3 -2  1  2 -3  0  5 -4 -2 -2  0  2  0 1 0 0 0 0.03
-1  1 -2 -3 -2 -1 -2 -3 -2  1 -1  2  2  0 -3 -2  0  7  2  1 1 0 0 0 0.03
 0  0  1  3 -3  3  1 -1 -1 -3 -3  1 -2 -3 -2  2  0 -3 -2 -2 1 0 0 1 0.03
 1  1 -1 -2 -3  1  0 -2 -1 -1 -3  5 -2 -3 -2 -1 -1 -4 -2 -2 1 0 0 0 0.03
 0 -3 -3 -4 -1 -2 -3 -3 -3  3  2 -3  2 -1 -3 -2 -1 -3 -2  3 1 0 0 0 0.04
 0  3 -1 -1 -3  1  2 -2 -1 -2 -2  3  1 -3 -2 -1 -1 -3 -2 -1 1 0 0 1 0.04
 2 -1  0 -1 -2  2  0  0 -1 -2 -2  0 -1 -3 -1  2  1 -3 -2 -1 1 0 0 1 0.06
 1 -1  0 -1 -2  0  2 -2  2 -2 -2 -1  1 -1 -2  1  1 -1  3 -1 1 0 0 0 0.09
-2 -2 -4 -4 -2 -2 -3 -3 -3  2  2 -1  1  1 -4 -3 -2  9  1  0 1 0 0 0 0.12
 0  1  0  1 -3  3  1  0 -1 -3 -3  4 -2 -4 -2  0 -1 -3 -2 -3 1 0 0 1 0.08
-1  3  1 -1 -3  1  0 -2  2 -3 -3  5 -2 -3 -2 -1 -1 -3 -2 -3 1 0 0 1 0.13
-1 -3 -3 -3 -1 -2 -3 -4 -3  3  2 -3  2  2 -3 -2 -1 -2 -1  3 1 0 0 1 0.13
-1  1  0  0 -4  1  3 -2 -1 -3 -3  4 -2 -3 -1  0 -1 -3 -2 -3 0 0 1 1 0.18
 2  1 -1 -1 -2  3  1 -1 -1 -2 -2  4 -1 -3 -1  0 -1 -3 -2 -2 0 0 1 1 0.28
-1  0  1  4 -4  1  2 -2  3 -3 -3  2 -2 -3 -2  0 -1 -4 -1 -3 0 0 1 1 0.39
-1 -2 -3 -3 -1 -2 -3 -4 -3  3  2 -2  4  0 -3 -2 -1 -2 -1  2 0 0 1 1 0.51
