-1 -2 -3 -3 -2 -1 -2 -3 -2  1  2 -2  7  0 -3 -2 -1 -2 -1  0 0 0 1 1 0.80
 5 -2 -2 -2 -1 -1 -1  0 -2 -2 -2 -1 -1 -3 -1  1  0 -3 -2  0 0 0 1 1 0.69
-1  0  0  1 -4  3  5 -2  0 -3 -3  1 -2 -4 -1  0 -1 -3 -2 -3 0 0 1 0 0.52
-1  0 -1 -1 -3  0  2 -2 -1 -3 -3  2 -2 -4  6 -1 -1 -4 -3 -3 0 0 1 1 0.35
 0 -2  2  2 -3 -1 -1  5 -2 -4 -4 -1 -3 -3 -2  0 -1 -3 -3 -3 0 0 1 0 0.19
-2 -3 -3 -3 -2 -3 -3 -4 -3  4  1 -3  1  2 -3 -3 -1 -2  0  2 1 0 0 0 0.12
-2 -2  1  6 -4 -1  1 -2 -1 -3 -4 -1 -3 -4 -2 -1 -1 -5 -3 -4 1 0 0 0 0.08
-1  2  0 -1 -2  2  0 -2 -1 -2 -2  3 -1 -3 -1  0  2 -3 -2 -2 1 0 0 1 0.08
-2 -2 -3 -4 -2 -2 -3 -4 -3  1  4 -3  3  0 -3 -3 -1 -2 -1  1 1 0 0 0 0.06
-2 -2 -3 -4 -2 -2 -3 -4 -2  1  4 -3  3  3 -3 -2 -1 -1  0  0 1 0 0 0 0.05
 2 -1  0 -1 -1  0  1  2 -1 -2 -2 -1 -2 -3 -1  2  2 -3 -2 -1 1 0 0 1 0.03
-1 -2 -3 -4 -1 -2 -3 -3 -3  1  3 -2  4  0 -3 -2 -1 -2 -1  1 0 0 1 1 0.02
 0 -2 -1 -2 -1 -1 -1 -2 -2  0 -1 -1 -1 -2 -1  1  5 -3 -2  1 0 0 1 0 0.02
-2 -2  1  6 -4 -1  1 -2 -1 -3 -4 -1 -3 -4 -2 -1 -1 -5 -3 -4 0 0 1 1 0.02
 1 -1  2  0 -1  0  0 -1 -1 -3 -3  0 -2 -3 -1  4  1 -3 -2 -2 0 0 1 0 0.01
-1  3  0 -1 -3  1  0 -2 -1 -3 -3  5 -2 -3 -1  0 -1 -3 -2 -3 1 0 0 0 0.01
-2 -2 -2 -3 -3 -2 -2 -3  1 -2 -1 -2 -1  3 -3 -2 -2  2  7 -2 1 0 0 0 0.01
-1  5 -1 -2 -3  1  0 -2 -1 -3 -2  2 -1 -3 -2  0  1 -3 -2 -2 1 0 0 0 0.01
-2 -2 -4 -4 -2 -2 -3 -4 -3  1  4 -3  2  0 -3 -3 -1 -2 -1  1 1 0 0 0 0.01
 0 -1  0 -1 -1 -1 -1 -1 -1 -2 -2 -1 -1 -2 -1  3  4 -3 -2 -1 1 0 0 0 0.01
 0 -3 -3 -3 -1 -2 -3 -3 -3  2  1 -2  3 -1 -3 -2  0 -3 -1  4 1 0 0 0 0.01
-1 -3 -3 -3 -1 -3 -3 -4 -3  3  1 -3  1 -1 -3 -2  0 -3 -1  4 1 0 0 0 0.01
 0 -2 -2 -2 -1 -2 -2 -3 -3  2  0 -2  0 -1 -2  0  3 -3 -2  3 1 0 0 0 0.02
 5 -2 -2 -2 -1 -1 -1  0 -2 -2 -2 -1 -1 -3 -1  1  0 -3 -2  0 1 0 0 0 0.02
-1  4  0 -1 -3  1  0 -2 -1 -3 -3  5 -2 -3 -1 -1 -1 -3 -2 -3 1 0 0 1 0.02
-2  6 -1 -2 -4  1  0 -3 -1 -3 -2  2 -2 -3 -2 -1 -1 -3 -2 -3 1 0 0 0 0.03
 5 -2 -2 -2 -1 -1 -1  0 -2 -2 -2 -1 -1 -3 -1  1  0 -3 -2  0 1 0 0 0 0.03
 1  0 -1 -1 -2  4  0 -2 -1  0  1  0  0 -2 -2 -1 -1 -2 -2  0 1 0 0 0 0.03
-1  1  0 -1 -3  6  2 -2  0 -3 -3  1 -1 -4 -2  0 -1 -2 -2 -3 1 0 0 0 0.03
-2 -2 -4 -4 -2 -2 -3 -4 -3  1  4 -3  2  0 -3 -3 -1 -2 -1  1 1 0 0 0 0.04
-1  0 -1 -2 -1 -1 -1 -2 -1  1  3  1  1  0 -1 -1 -1 -1 -1  0 1 0 0 1 0.05
-1  4 -1 -1 -2  0  0 -2 -1 -1  1  1  0 -1 -1 -1 -1 -1 -1 -1 1 0 0 1 0.04
-1  2 -1 -1 -2  0 -1 -2  4 -2 -1  0 -1  2 -2  0 -1  0  4 -2 0 0 1 0 0.04
 1  1  2  1 -2  1  0  1 -1 -2 -2  0 -1 -2 -1  1  0 -2 -2 -1 0 0 1 0 0.05
-1 -3 -2 -2 -3 -3 -3  4 -2 -2 -1 -2 -1  5 -3 -1 -2  0  1 -2 0 0 1 0 0.05
 2  1 -1 -1 -2  0  0 -1 -1 -1  0  3  0 -2 -1  1  0 -3 -2 -1 0 0 1 1 0.05
-1 -1  4  0 -3 -1 -1 -1 -1 -3 -3 -1 -3 -4  6  0 -1 -4 -3 -3 0 0 1 0 0.05
 0 -1  0 -1 -1 -1 -1 -1 -1 -2 -2 -1 -1 -2 -1  3  4 -3 -2 -1 0 0 1 0 0.06
 0 -3 -3 -3 -1 -2 -3 -3 -3  2  1 -3  1 -1 -3 -2  0 -3 -1  4 0 0 1 0 0.05
-2 -2 -4 -4 -2 -2 -3 -4 -3  1  4 -3  2  0 -3 -3 -1 -2 -1  1 0 0 1 0 0.05
 1 -1 -1  0 -2  0  3 -2 -1 -3 -3  0 -2 -3  5  1 -1 -3 -2 -2 0 0 1 1 0.05
 1 -1 -2 -2 -2 -1 -1 -2 -2 -2 -2  1 -2 -3  6 -1 -1 -4 -3  0 0 0 1 1 0.06
-1  1  0  2 -3  1  4 -2 -1 -3 -3  0 -2 -3  2  0 -1 -3 -2 -3 0 0 1 1 0.06
-1  0 -1  1 -3  3  5 -2  0 -2 -2  1 -1 -3 -1  0 -1 -3 -2 -1 0 0 1 1 0.06
-2  4 -1 -2 -3  0 -1 -3 -1 -2  0  2 -1  0 -3 -1 -1  6  2 -2 0 0 1 0 0.07
 1 -2 -2 -2 -2 -2 -2 -2 -3 -1 -2 -1 -2 -3  7 -1 -1 -4 -3  1 0 0 1 0 0.07
-1  3 -1 -1 -3  1  0 -2 -1 -1 -2  4 -1 -3 -2 -1 -1 -3 -2  0 0 0 1 1 0.07
-1 -2 -2 -2 -1 -1 -2 -3 -2  1  1 -1  5 -1 -2  0  3 -2 -1  1 0 0 1 0 0.07
-2  5  0 -2 -4  2  0 -2  4 -3 -3  2 -2 -3 -2 -1 -1 -3 -1 -3 0 0 1 1 0.07
 0 -1  0  0 -1  0  0 -1 -1 -1 -1  0  0 -1  0  1  3 -1 -1  0 0 0 1 1 0.06
-1 -1 -1 -1 -1 -1 -1 -1 -1  2  2 -1  1  0 -1 -1  0 -1 -1  1 0 0 1 1 0.06
 0  0  0  2 -2  1  3 -1  0 -1 -1  0 -1 -1  0  0  0 -1 -1 -1 0 0 1 1 0.06
 0 -1  0 -1 -1 -1 -1  4 -1 -2 -2 -1 -1 -1 -1  0 -1 -1 -1 -1 0 0 1 1 0.05
-1  0  0  2 -1  0  2 -1 -1 -1  1  0  0 -1  0  0  0 -1 -1 -1 1 0 0 0 0.05
-1  0 -1 -1 -1  0  0 -1  0  0  0  1  0  2 -1 -1 -1  0  3 -1 1 0 0 1 0.04
-1 -1  0  2 -1  0  0 -1 -1 -1 -1  0 -1 -2  5  0  0 -1 -1 -1 0 0 1 1 0.03
-1 -1  1  4 -2  0  1 -1 -1 -1 -2  0 -1 -2  0  0  0 -2 -1 -1 0 0 1 1 0.02
 0 -1 -1 -1 -1 -1  0 -1 -1 -1 -1  0 -1 -2  6  0  0 -1 -1 -1 0 0 1 1 0.02
-2 -1  6  1 -3  0 -1 -1  0 -4 -4  0 -2 -3 -2  0  0 -4 -2 -3 0 0 1 0 0.01
 1 -2 -2 -2 -1 -1 -2 -2 -2  0  1 -1  0 -2  4  0  1 -3 -2  1 1 0 0 0 0.01
 0 -2 -3 -3 -1 -2  0 -3 -3  2  0 -2  0 -1 -2 -2  0 -3 -2  4 1 0 0 0 0.01
 0 -1  0 -1 -1 -1 -1 -2 -2 -1 -1 -1 -1 -2 -1  1  5 -3 -2  0 1 0 0 0 0.01
-2 -2 -3 -3 -2  2 -1 -3 -2  1  0 -2  0  0 -3 -2 -2  9  1 -1 1 0 0 0 0.01
 5 -2 -2 -2 -1 -1 -1  0 -2 -2 -2 -1 -1 -3 -1  1  0 -3 -2  0 1 0 0 0 0.01
-1 -2 -3 -3 -2 -1 -2 -3 -2  1  2 -2  7  0 -3 -2 -1 -2 -1  0 1 0 0 0 0.01
-1  5  0 -1 -3  3  0 -2  0 -3 -2  3 -1 -3 -2 -1 -1 -3 -2 -3 1 0 0 1 0.01
-1  0 -1  1 -4  2  5 -2  0 -4 -3  1 -2 -4 -1  0 -1 -3 -2 -3 1 0 0 0 0.01
-2 -2 -4 -4 -2 -2 -3 -4 -3  1  4 -3  2  0 -3 -3 -1 -2 -1  1 1 0 0 0 0.01
 2  2 -1 -1 -2  1  2 -1 -1 -1  0  1  0 -2 -2  0 -1 -3 -2 -1 0 0 1 1 0.01
 0  2  0 -1 -1 -1 -1  1 -2 -2 -2  0 -1 -3 -1  1  4 -3 -2 -1 0 0 1 1 0.01
 0 -3 -1 -2 -3 -2 -2  6 -2 -4 -4 -2 -3 -3 -2 -1 -2 -3 -3 -3 0 0 1 1 0.01
 1  4 -1 -1 -3  2  0 -2 -1 -3 -2  3 -1 -3 -2  0 -1 -3 -2 -2 0 0 1 1 0.01
-2 -2 -4 -4 -2 -2 -3 -4 -3  1  4 -3  2  0 -3 -3 -1 -2 -1  1 0 1 0 0 0.01
-1  2 -1 -2 -2  1 -1 -3 -1  0  0  0  0  1 -2 -1  2 -2 -1  1 0 1 0 1 0.02
-1 -3 -3 -3 -2 -2 -3 -3 -3  3  0 -3  0  2 -3 -2  1  6  1  2 0 1 0 1 0.02
 0 -3 -1 -2 -3 -2 -2  6 -2 -4 -4 -2 -3 -3 -2 -1 -2 -3 -3 -3 0 1 0 0 0.02
-1  2  0  1 -3  2  4 -2  0 -3 -3  1 -2 -3 -1  0  0 -3 -2 -2 0 0 1 1 0.02
-1 -1  4  3 -3  0  1  1  0 -3 -4  0 -3 -3 -2  1  0 -4 -3 -3 0 0 1 1 0.03
-2 -2 -4 -4 -2 -2 -3 -4 -3  1  4 -3  2  0 -3 -3 -1 -2 -1  1 0 0 1 1 0.03
-1 -3 -3 -3 -1 -2 -3 -3 -3  3  1 -2  1 -1  3 -2 -1 -3 -2  3 0 0 1 0 0.03
 0 -2  0  3 -2 -1  0 -1 -2 -3 -3 -1 -2 -3  5  1 -1 -4 -3 -2 0 0 1 1 0.03
-1  0  0  1 -3  1  5 -2 -1 -3 -3  0 -2 -3 -1  0  1 -3 -2 -2 1 0 0 1 0.04
-2 -1  1  5 -4  3  3 -2 -1 -3 -3  0 -2 -4 -2  0 -1 -4 -3 -3 1 0 0 1 0.04
-1  5 -1 -1 -4  1  2 -2  0 -3 -3  2 -2 -3 -2 -1 -1 -3 -2 -3 1 0 0 1 0.05
-2 -2 -3 -4 -2 -2 -3 -4 -2  1  4 -3  2  3 -3 -3 -1 -1  0  0 1 0 0 0 0.06
 0  2  0 -1 -2  4  1 -1  2 -3 -2  1 -1 -3 -1  1  1 -3 -1 -2 1 0 0 1 0.06
 1  3 -1 -1 -2  2  0 -2 -1  0 -1  3 -1 -3 -2  0 -1 -3 -2 -1 1 0 0 1 0.07
-1 -2 -1  2 -2  0  2 -3 -2  0  1 -1  0  1 -2 -1 -1 -2 -1  1 1 0 0 0 0.11
-1 -2 -3 -4 -1 -1 -3 -3 -2  2  3 -2  4  0 -3 -2 -1 -2 -1  2 1 0 0 0 0.16
-1  0  0  4 -4  3  4 -2  0 -3 -3  0 -2 -4 -1  0 -1 -3 -2 -3 1 0 0 1 0.20
-1  4  0 -1 -3  3  2 -2  0 -3 -2  3 -1 -3 -2  0 -1 -3 -2 -3 1 0 0 1 0.24
-1 -1 -2 -1 -2  2  2 -3 -1  1  1 -1  3 -1 -2 -1 -1 -2 -1  1 1 0 0 1 0.22
-2  2 -2 -3 -3 -1 -2 -3  1 -1  1 -1  0  2 -3 -2 -2  1  6 -1 0 0 1 0 0.19
-1  2 -1 -2 -3 -1 -1 -2 -2 -3 -3  0 -2 -3  6  0  1 -3 -3 -2 0 0 1 1 0.32
 1  2 -1 -1 -2  2  2  1 -1 -2 -2  1 -1 -3 -1  0  1 -3 -2 -1 0 0 1 1 0.39
-1  0  0  1 -4  2  5 -2  0 -4 -3  1 -2 -4 -1  0 -1 -3 -2 -3 0 0 1 1 0.48
-1  3 -1 -1 -3  0  1 -3 -1  0 -2  1 -1 -3  4 -1 -1 -3 -2 -1 0 0 1 1 0.57
-1 -1 -1  1 -3  1  4 -2 -1 -1 -2  0 -2 -3  3  0 -1 -3 -2  0 0 0 1 1 0.66
-1  0  0  2 -4  2  5 -2  0 -3 -3  1 -2 -3 -1  0 -1 -3 -2 -3 0 0 1 1 0.77
