-1 -1 -2 -3 -1  0 -2 -3 -2  1  2 -1  5  0 -2 -1 -1 -1 -1  1 0 0 1 1 0.84
 0 -1  0 -1 -1 -1 -1 -2 -2 -1 -1 -1 -1 -2 -1  1  5 -3 -2  0 0 0 1 1 0.68
-3 -3 -4 -4 -3 -4 -4 -4 -2  0  0 -4  0  7 -4 -3 -3  1  3 -1 0 1 0 0 0.61
 0 -1  0 -1 -2  3  0 -2 -1 -2 -2  0 -1 -3 -1  2  4 -3 -2 -1 0 1 0 1 0.61
 2 -2 -1 -2 -2 -1 -1  1 -1 -2 -2 -1 -2 -1  5  1  0 -2  2 -2 0 1 0 1 0.62
 1 -1  0 -1 -1  0  0 -1 -1 -3 -3 -1 -2 -3 -1  5  1 -3 -2 -2 0 1 0 0 0.54
 0 -3 -1 -2 -3 -2 -3  6 -2 -4 -4 -2 -3 -4 -3 -1 -2 -3 -4 -4 0 1 0 0 0.53
 0 -1  3  0 -2 -1 -1 -1 -1 -2 -2 -1 -1 -3 -2  2  4 -3 -2 -1 0 1 0 0 0.48
-1 -1  2 -1 -2 -1 -1 -2 -2 -1 -2 -1 -1 -3 -2  1  5 -3 -2 -1 0 1 0 1 0.28
 0 -3 -1 -2 -3 -2 -3  6 -3 -4 -4 -2 -3 -4 -3 -1 -2 -3 -4 -4 0 1 0 0 0.18
 0 -1 -1 -2 -2 -1 -1  1 -2  0 -1  1 -1 -2 -2  1  4 -3 -2  0 0 1 0 1 0.12
-1 -2 -2 -2 -1 -2 -2 -3 -1  1  0 -2  0  0 -2  0  3 -1  3  3 0 1 0 0 0.08
-1  1  0  2 -3  1  2 -2 -1 -2 -3  3 -2 -3 -1  0  2 -3 -2 -2 0 1 0 0 0.05
-2 -3 -4 -4 -2 -3 -3 -4 -3  2  4 -3  2  0 -3 -3 -1 -2 -1  1 0 1 0 0 0.03
 1 -1  2 -1 -1 -1 -1 -2 -2 -1 -2 -1 -1 -3 -2  1  5 -3 -2 -1 0 1 0 0 0.02
-1 -3 -3 -4 -1 -3 -3 -4 -4  3  1 -3  1 -1 -3 -2  0 -3 -2  5 0 1 0 0 0.02
 0 -2  0 -2 -1 -1 -1 -2 -2 -1 -2 -1 -1 -3 -2  1  6 -3 -2  0 0 1 0 0 0.01
-1 -1 -1  1 -4  1  5  1 -1 -4 -4  0 -3 -4 -2 -1 -1 -3 -3 -3 0 0 1 1 0.01
-1  0 -1  1 -4  3  5 -3  0 -4 -3  1 -2 -4 -2  0 -1 -3 -2 -3 0 0 1 1 0.01
-1 -4 -3 -4 10 -4 -4 -3 -4 -2 -2 -4 -2 -3 -4 -1 -1 -3 -3 -1 0 0 1 0 0.01
 1  3 -1 -1 -3  4  1 -2 -1 -3 -3  1 -1 -3  3  0 -1 -3 -2 -2 0 1 0 0 0.01
-1 -3 -3 -4 -1 -3 -3 -4 -4  3  1 -3  0 -1 -3 -2  0 -3 -2  5 0 1 0 0 0.02
-1  1 -1 -2 -2  3  0 -2  4 -1  0  0  2 -2 -2  0  2 -2 -1 -1 0 1 0 0 0.02
-1 -3 -3 -4 -1 -3 -3 -4 -4  2  2 -3  1 -1 -3 -2 -1 -3 -2  4 0 1 0 0 0.03
 0 -2 -1 -1 -2 -1  1  4 -2 -3 -3 -1 -2 -3 -2  0  3 -3 -3 -2 0 0 1 1 0.05
-1 -1  2  4 -3  0  0  2 -1 -3 -4  1 -3 -4 -2  1 -1 -4 -3 -3 0 0 1 1 0.06
-1 -1  2 -1 -2 -1 -1 -2 -1  0  1  1  0  1 -2  1  0 -2 -1  0 0 0 1 1 0.09
 1 -2  0  1 -1 -1 -1 -1 -2  0 -1 -1 -1 -2 -1  2  3 -3 -2  0 0 0 1 1 0.10
 2 -1 -1  0 -2  0  3 -1 -1 -1 -2  0 -1 -3 -1  1  1 -3 -2  0 0 0 1 1 0.11
 1 -1  2 -1 -1 -1 -1 -1 -1 -2 -2 -1 -1 -3 -1  3  4 -3 -2 -1 0 1 0 0 0.11
-1  1 -1 -2 -3  0 -1 -3 -2 -1  1  4  0  2 -2 -1 -1 -2  0 -1 0 1 0 0 0.12
 0  3 -1 -2 -2  0 -1 -2 -2 -1  0  0 -1 -2  2  0  3 -3 -2 -1 0 1 0 0 0.13
-2  6 -1 -2 -4  2  0 -3 -1 -3 -3  3 -2 -3 -2 -1 -1 -3 -2 -3 1 0 0 1 0.11
 0 -2  0 -1 -2 -1 -1  3 -2 -3 -3 -1 -2 -3 -2  3  2 -3 -2 -2 1 0 0 1 0.12
-1  0  0  3 -4  3  3  1 -1 -4 -3  1 -2 -4 -2  0 -1 -3 -2 -3 1 0 0 1 0.10
-2 -3 -4 -4 -2 -3 -3 -4 -3  2  4 -3  2  0 -3 -3 -2 -2 -1  1 0 0 1 0 0.09
-1 -1 -1 -2 -2 -1 -1 -2  3  1 -1  0 -1 -2 -2  0  4 -3 -1  1 0 0 1 1 0.08
 0 -1  2  5 -3  0  2 -1 -1 -3 -3 -1 -3 -4 -2  0 -1 -4 -3 -3 0 0 1 1 0.07
 1  1  2  1 -3 -1 -1  4 -1 -4 -3 -1 -3 -3 -2  0 -1 -3 -3 -3 0 0 1 1 0.06
 3  2 -1 -2 -1  0 -1 -1 -2 -2 -2  2 -1 -3 -1  1  1 -3 -2 -1 0 0 1 1 0.04
 1  2 -1 -2 -2 -1 -1 -2  3  0  1  0  0 -2  2 -1 -1 -3 -1  0 0 1 0 1 0.03
-1 -3 -4 -4 -1 -3 -3 -4 -4  4  3 -3  1  0 -3 -3 -1 -3 -2  3 0 1 0 0 0.02
 1 -2 -1 -2 -2 -2 -2  5 -2 -3 -3 -2 -2 -3 -2  0  1 -3 -3 -2 0 1 0 1 0.02
 1 -2  2 -1 -2 -1  1  2 -2 -1 -2 -1 -1 -3  4  0 -1 -3 -2  1 0 1 0 1 0.02
-1 -3 -4 -4 -1 -3 -3 -4 -3  3  3 -3  1  0 -3 -2 -1 -3 -1  3 0 1 0 0 0.02
 0 -2  2 -1 -2 -1 -1  4 -1 -3 -3 -1 -2 -3 -2  3  1 -3 -3 -2 0 1 0 1 0.02
-1 -3 -4 -4 -1 -3 -3 -4 -3  3  2 -3  1 -1 -3 -2 -1 -3 -1  4 0 1 0 0 0.02
 0  0  2 -1 -2  3  0 -1 -1 -2 -2  0 -1 -3 -1  3  3 -3 -2 -2 0 1 0 1 0.02
 4 -2 -1 -2 -1 -1 -1  2 -2 -2 -2 -1 -2 -3 -1  2  0 -3 -2 -1 0 1 0 0 0.02
-1  2 -1 -2 -2 -1 -1 -3 -2  0  1  1  0 -2 -2  0  3 -3 -2  1 0 1 0 1 0.02
 0 -3 -1 -2 -3 -2 -3  6 -3 -4 -4 -2 -3 -4 -3 -1 -2 -3 -4 -4 0 0 1 1 0.02
-1 -4 -3 -4 10 -4 -4 -3 -4 -2 -2 -4 -2 -3 -4 -1 -1 -3 -3 -1 0 0 1 0 0.03
 1 -1  4  2 -3 -1 -1  3 -1 -3 -3 -1 -2 -3 -2  0 -1 -4 -3 -3 0 0 1 1 0.02
 1 -2  2 -1 -2 -1 -1  3 -2 -2 -2 -1 -2 -3 -2  1  3 -3 -2 -1 0 0 1 1 0.03
-1  2  0  2 -3  2  2 -2 -1 -2 -1  1 -1 -3 -2  1 -1 -3 -2 -2 0 0 1 1 0.04
-1  3  0 -1 -4  4  1 -2  5 -3 -3  2 -1 -3 -2 -1 -1 -3 -1 -3 0 1 0 0 0.04
 2  1 -2 -3 -1 -1 -2 -2 -2  2  0 -1  0 -2 -2 -1  0 -3 -2  3 0 1 0 0 0.03
 4 -2 -2 -2 -1 -1 -1  0 -2 -1 -1 -1 -1 -2 -1  1  0 -3 -2  1 0 1 0 0 0.03
-2 -3 -4 -4 -2 -3 -3 -4 -3  1  4 -3  1  3  2 -3 -2 -1  0  0 0 1 0 0 0.03
-1  3  0 -1 -3  3  0 -2 -1 -1 -2  3 -1 -3 -2  1  0 -3 -2  0 0 1 0 0 0.03
 4 -2 -2 -2 -1 -1 -1 -1 -2 -1  0 -1 -1 -2 -1  2  0 -3 -2  0 0 1 0 0 0.03
 1 -1  0  4 -3  2  1  3 -1 -3 -3 -1 -2 -4 -2  0 -1 -3 -3 -3 0 0 1 1 0.03
 3 -2 -2 -2 -1 -1 -1  2 -2 -2 -2 -1 -2 -3  4  1  1 -3 -2 -1 1 0 0 1 0.03
-1 -2  2  5 -3 -1  0  3 -1 -4 -4 -1 -3 -4 -2  0 -1 -4 -3 -4 1 0 0 1 0.02
-1 -1  6  0 -3 -1 -1 -1  0 -3 -3 -1 -2  2 -2  1  0 -3 -1 -3 1 0 0 0 0.02
-2 -2 -3 -4 -2 -2 -3 -4  0  1  1 -3  0  3 -3 -2 -2  1  6  0 0 1 0 1 0.02
-2  0  0  4 -4  1  3 -2  4 -4 -4  2 -3 -3 -2 -1 -1 -4 -1 -3 0 0 1 1 0.02
 0 -1  2  2 -3  2  0  4 -1 -3 -3 -1 -2 -3 -2  0 -1 -3 -3 -3 0 0 1 1 0.02
 0 -2  0  1 -2 -1 -1  3 -2 -2 -2 -1 -2 -3 -2  1  4 -3 -3 -1 0 0 1 1 0.01
-2  1  5  0 -3  0  0 -1  0 -4 -3  3 -2 -4 -2  0 -1 -4 -2 -3 0 0 1 1 0.01
 1 -3 -3 -3 -2 -2 -3  1 -3  3  2 -2  1  2 -3 -1 -1 -2 -1  1 0 1 0 0 0.01
-2 -2 -2 -3 -2 -2 -2 -3  3  0  1 -2  0  4 -3 -2 -2  0  4  1 0 1 0 0 0.01
-2 -2 -3 -4 -2 -2 -3 -4 -2  1  3 -2  5  2 -3 -2 -1 -1  0  0 0 1 0 0 0.01
-1  1 -1 -2 -2 -1 -1 -3 -2  1  1  1  2 -1 -2 -1  2 -3 -2  0 0 1 0 0 0.01
 0  2  0 -1 -2  0 -1  2  3 -3 -3  0 -2 -3 -2  2  1 -3 -1 -2 0 0 1 0 0.01
 1  1  2  3 -3  2  3 -1 -1 -3 -3  0 -2 -3 -2  0 -1 -3 -2 -2 0 0 1 1 0.01
-2 -1  5  5 -4  0  1 -1 -1 -4 -4 -1 -3 -4 -2  0 -1 -5 -3 -4 0 0 1 1 0.01
-1  2  0 -1 -3  3  0  4  3 -4 -3  2 -2 -3 -2 -1 -1 -3 -2 -3 0 0 1 1 0.01
-1 -1  0  5 -3  3  2 -2 -1 -3 -3  0 -2 -4 -2  0  1 -4 -3 -2 0 0 1 1 0.01
-1  3  0 -1 -3  1  0 -2 -1 -3 -3  4 -2 -3 -2  1 -1 -3 -2 -3 0 1 0 1 0.01
-2 -3 -4 -4 -2 -3 -3 -4 -3  2  4 -3  1  3 -3 -3 -2 -1  0  1 0 1 0 0 0.01
-1 -1  3 -1 -2 -1 -1 -2  0 -1  0 -1 -1  0 -2  0  3 -1  3 -1 0 1 0 0 0.02
 1 -3 -3 -3 -1 -2 -3 -3 -3  2  0 -2  0 -1 -2 -1  0 -3 -2  4 0 1 0 0 0.02
-1  2  2  2 -2  0  0 -2 -1 -1 -2  1 -1 -3 -2  1  2 -3 -2  0 0 1 0 1 0.02
 1 -2 -3 -4 -1 -2 -3 -3 -3  2  3 -2  3  0 -3 -2 -1 -2 -1  1 0 1 0 0 0.02
 1  1 -1 -1 -2  1  0  2 -1 -1 -2  1 -1 -2 -1  1  0 -2 -2  0 0 1 0 1 0.02
 3 -2 -1 -1 -1 -1 -1  2 -2 -2 -2 -1 -2 -3  2  2  0 -3 -2 -1 0 1 0 0 0.03
 1 -2  0  2 -1 -1 -1 -1 -2 -1  0 -1  1 -2 -2  2  2 -3 -2 -1 0 0 1 1 0.03
-2 -2  3  6 -3 -1  1 -2 -1 -3 -4 -1 -3 -4 -2  0  1 -4 -3 -3 0 0 1 1 0.04
 0 -2  2 -1 -3 -2 -2  5 -2 -4 -4 -1 -3 -3 -2  1 -1 -3 -3 -3 0 0 1 1 0.04
 0 -1  1  3 -2  0  0  1  4 -3 -3 -1 -2 -3 -2  3  0 -3 -1 -3 0 0 1 0 0.05
 1 -1  3  0 -2  3  0  2  0 -3 -3  0 -2 -3 -2  1  0 -3 -2 -2 0 0 1 1 0.05
-2 -3 -3 -4 -2 -2 -3 -2 -2 -3 -2 -3 -2  0 -3 -3 -2 11  2 -3 0 1 0 0 0.04
-1 -1  2 -1 -2 -1 -1 -2 -2 -2 -2  1 -1 -3 -2  1  5 -3 -2 -1 0 1 0 1 0.03
 1  0  1 -1 -2  2  0 -1 -1 -2 -2  1 -1 -1 -2  1  3 -2  1 -1 0 1 0 1 0.02
-1 -2  2  5 -3 -1  1  1 -1 -3 -4 -1 -3 -4 -2  0  1 -4 -3 -3 0 1 0 1 0.02
-1 -1  5  0 -3 -1 -1  4 -1 -3 -3 -1 -2 -3 -2  0  1 -3 -3 -3 0 0 1 1 0.02
 1 -2 -1  1 -3 -1  1  5 -2 -4 -4 -1 -3 -3 -2  0 -1 -3 -3 -3 0 0 1 0 0.01
 0 -3 -2 -3 -1 -2 -2  1 -3  1  0 -2  0 -2 -2 -1  2 -3 -2  3 0 1 0 0 0.01
-2 -3 -3 -3 -2 -2 -3 -3 -1  2  0 -3  0  4 -3 -2  0  0  5  1 0 1 0 0 0.01
-2 -2 -2 -3 -3 -2 -2 -4  5 -2 -2 -2 -2  2 -3 -2 -2  1  7 -2 0 1 0 0 0.01
-2  5  1 -1 -3  0  0 -2 -1  0 -2  3 -1 -3 -2 -1 -1 -3 -2 -1 0 1 0 0 0.01
 1 -1  4  2 -2 -1  0 -1 -1 -2 -3 -1 -2 -3 -2  1  2 -4 -2 -2 0 0 1 1 0.01
 2  2  0  2 -2  0  1 -1 -1 -1 -2  0 -1 -3 -2  1  0 -3 -2  0 0 0 1 1 0.01
 1 -2  2  2 -2 -1 -1  3 -1 -2 -2 -1 -2 -3  2  0 -1 -3 -3  0 0 0 1 1 0.01
 0 -3 -1 -2 -3 -2 -3  6 -3 -4 -4 -2 -3 -4 -3 -1 -2 -3 -4 -4 0 0 1 0 0.01
-1 -1  5  3 -3 -1  0 -1 -1 -3 -4 -1 -3 -4  3  1  0 -4 -3 -3 0 0 1 1 0.01
-3 -4 -5 -5 -3 -3 -4 -3 -3 -3 -2 -4 -2  0 -5 -4 -3 12  2 -4 0 0 1 0 0.01
 0 -2  2  0 -3 -1  1  4 -1 -3 -3 -1 -2 -3 -2  0  1 -3 -3 -3 0 1 0 1 0.01
 0 -3 -1 -2 -3 -2 -3  6 -3 -4 -4 -2 -3 -4 -3 -1 -2 -3 -4 -4 0 1 0 0 0.01
-1  0  2 -1 -2  2  0 -2  3 -2 -2  1 -1 -3 -2  1  3 -3 -1 -2 0 1 0 1 0.01
-1 -3 -3 -4 -2 -2 -3 -4 -3  4  2 -3  3  0 -3 -3 -1 -3 -2  2 0 1 0 0 0.01
-1  1 -1 -2 -2 -1 -2  4 -1 -1  0 -1 -1 -1 -3 -1 -1 -2  2  0 0 1 0 0 0.01
-1 -3 -4 -4 -2 -3 -3 -4 -3  3  2 -3  1  2 -3 -2 -1 -2  0  3 0 1 0 0 0.01
-1  2 -2 -2 -2 -1 -1 -3 -1  2  0  1  0 -1 -2  0 -1 -2  2  2 0 1 0 0 0.01
-1 -3 -3 -4 -1 -3 -3 -4 -4  2  0 -3  0 -1 -3 -2  0 -3 -2  5 0 1 0 0 0.01
-2  3  0  4 -3  1  1 -2 -1  0 -2  0 -1 -3 -2 -1 -1 -4 -2 -1 0 0 1 1 0.02
 0 -2  2 -1 -3 -2 -2  6 -2 -4 -4 -2 -3 -4 -3  0 -2 -3 -3 -4 0 0 1 1 0.02
-2 -1  2  6 -4  2  2 -2 -1 -4 -4  0 -3 -4 -2  0 -1 -4 -3 -3 0 0 1 1 0.03
-1  0  3  0 -3  6  1 -2  0 -3 -3  1 -1 -4 -2  0 -1 -3 -2 -3 0 0 1 0 0.04
 0 -1 -1 -2 -1  2 -1 -2 -2  0 -1 -1 -1 -2 -2  0  4 -3 -2  2 0 0 1 1 0.05
-1 -1  3  3 -2  0  0 -1  3 -2 -1 -1 -1 -2 -2  2  0 -3 -1 -2 0 0 1 1 0.05
 1  0  1 -1 -2  0  0 -1 -1 -1  0  3 -1 -2 -2  0  2 -3 -2 -1 0 0 1 1 0.05
-1 -1 -2 -2 -3  1 -1 -2 -2 -3 -3  2 -2 -4  7 -1 -1 -4 -3 -3 0 0 1 1 0.04
 3 -2 -1 -2 -1 -1 -1 -1 -2 -1 -2 -1 -1 -3  2  1  4 -3 -2 -1 0 0 1 1 0.03
 0 -2 -1 -2 -3  2 -1  6 -2 -4 -4 -1 -3 -4 -2 -1 -2 -3 -3 -4 0 1 0 1 0.02
 1  0  3  0 -2  0  1 -1 -1 -3 -3  2 -2 -3 -1  2  0 -3 -2 -2 0 1 0 1 0.02
-2 -2 -3 -4 -3 -2 -3 -4  1 -2 -2 -2 -2  3 -4 -2 -2  2  8 -2 0 1 0 0 0.01
-1 -2 -1 -2 -1 -1 -1 -2 -2  1 -1 -1 -1 -2 -2  1  5 -3 -2  0 0 1 0 1 0.01
-2 -2 -4 -4 -2 -2 -3 -4 -3  1  4 -3  3  0 -3 -3 -1 -2 -1  1 0 1 0 0 0.01
-1 -1  5  0 -2 -1 -1 -1 -1 -1 -2 -1 -1 -3 -2  0  2 -4 -2  1 0 1 0 1 0.01
-2 -3 -4 -4 -2 -2 -3 -4 -3  1  4 -3  3  0 -3 -3 -2 -2 -1  1 0 1 0 0 0.01
-1 -1  3  4 -3  0  2 -2 -1 -3 -3 -1 -2 -3 -2  0  3 -4 -3 -2 0 1 0 0 0.01
 0 -3 -1 -2 -3 -2 -3  6 -3 -4 -4 -2 -3 -4 -3 -1 -2 -3 -4 -4 0 1 0 0 0.01
 0 -3 -1 -2 -3 -2 -3  6 -3 -4 -4 -2 -3 -4 -3 -1 -2 -3 -4 -4 0 1 0 0 0.01
-2 -2 -2 -3 -3 -2 -2 -3  1 -1 -1 -2 -1  4 -3 -1  1  1  7 -1 0 1 0 0 0.01
-3 -4 -5 -5 -3 -3 -4 -3 -3 -3 -2 -4 -2  0 -5 -4 -3 12  2 -4 0 1 0 0 0.02
 2 -2 -1 -2 -1 -1 -2 -2 -2  1  0 -1  0 -2 -2  0  3 -3 -2  2 0 0 1 1 0.03
 1 -1  3  0 -1  0  0  0 -1 -3 -3  0 -2 -3 -1  4  1 -3 -2 -2 0 0 1 1 0.04
-2 -2  1  6 -3  0  1 -1 -1 -3 -4 -1 -3 -3 -1  0 -1 -4 -3 -3 0 0 1 1 0.07
-2  0  6  1 -3  0  0  0  1 -3 -3  0 -2 -3 -2  1  0 -4 -2 -3 0 0 1 1 0.10
-1  2  0 -1 -3  1  1 -2 -1 -3 -2  4 -1 -3 -1  0 -1 -3 -2 -2 0 0 1 1 0.14
-1  1  0  0 -3  5  2 -2  0 -3 -2  1  0 -3 -1  0 -1 -2 -1 -2 0 0 1 1 0.17
 0 -1  0 -1 -1 -1 -1 -2 -2 -1 -1 -1 -1 -2 -1  1  4 -2 -2  0 0 0 1 0 0.24
-2 -3 -3 -3 -2 -3 -3 -3 -1  0  0 -3  0  6 -4 -2 -2  1  3 -1 0 1 0 0 0.37
-1  1  0  0 -3  5  2 -2  0 -3 -2  1  0 -3 -1  0 -1 -2 -1 -2 0 1 0 1 0.47
 4 -1 -2 -2  0 -1 -1  0 -2 -1 -1 -1 -1 -2 -1  1  0 -2 -2  0 0 1 0 1 0.67
 1 -1  1  0 -1  0  0  0 -1 -2 -2  0 -1 -2 -1  4  1 -3 -2 -2 0 0 1 1 0.73
 0 -2  0 -1 -2 -2 -2  6 -2 -4 -4 -2 -3 -3 -2  0 -2 -2 -3 -3 0 1 0 1 0.74
 0 -1  0 -1 -1 -1 -1 -2 -2 -1 -1 -1 -1 -2 -1  1  4 -2 -2  0 0 1 0 1 0.64
 0 -1  0 -1 -1 -1 -1 -2 -2 -1 -1 -1 -1 -2 -1  1  4 -2 -2  0 0 1 0 1 0.62
 0 -2  0 -1 -2 -2 -2  6 -2 -4 -4 -2 -3 -3 -2  0 -2 -2 -3 -3 0 1 0 0 0.64
-1 -3 -3 -3 -1 -3 -3 -4 -3  4  2 -3  1  0 -3 -2 -1 -3 -1  3 0 1 0 0 0.66
 0 -1  0 -1 -1 -1 -1 -2 -2 -1 -1 -1 -1 -2 -1  1  4 -2 -2  0 0 1 0 0 0.62
 0 -1  0 -1 -1 -1 -1 -2 -2 -1 -1 -1 -1 -2 -1  1  4 -2 -2  0 0 1 0 0 0.75
-1 -2 -3 -4 -1 -2 -3 -4 -3  2  4 -2  2  0 -3 -2 -1 -2 -1  1 0 1 0 0 0.77
 0 -1  0 -1 -1 -1 -1 -2 -2 -1 -1 -1 -1 -2 -1  1  4 -2 -2  0 0 1 0 0 0.80
-1 -2 -3 -4 -1 -2 -3 -4 -3  2  4 -2  2  0 -3 -2 -1 -2 -1  1 0 0 1 0 0.82
-1  0  0  1 -4  2  5 -2  0 -3 -3  1 -2 -3 -1  0 -1 -3 -2 -2 0 1 0 1 0.77
-2  0  1 -1 -3  0  0 -2  7 -3 -3 -1 -2 -1 -2 -1 -2 -2  2 -3 0 0 1 1 0.87
-2  0  1 -1 -3  0  0 -2  7 -3 -3 -1 -2 -1 -2 -1 -2 -2  2 -3 0 0 1 1 0.87
-2  0  1 -1 -3  0  0 -2  7 -3 -3 -1 -2 -1 -2 -1 -2 -2  2 -3 0 0 1 1 0.89
-2  0  1 -1 -3  0  0 -2  7 -3 -3 -1 -2 -1 -2 -1 -2 -2  2 -3 0 0 1 1 0.91
-2  0  1 -1 -3  0  0 -2  7 -3 -3 -1 -2 -1 -2 -1 -2 -2  2 -3 0 0 1 1 0.92
-2  0  1 -1 -3  0  0 -2  7 -3 -3 -1 -2 -1 -2 -1 -2 -2  2 -3 0 0 1 1 0.93
