-1 -2 -3 -4 -1 -2 -3 -4 -3  3  3 -2  3  0 -3 -2 -1 -2 -1  1 0 0 1 1 0.41
 0  6 -1 -2 -4  3 -1 -3 -1 -4 -3  3 -2 -4 -3 -1 -2 -4 -3 -3 0 0 1 1 0.40
-2 -3 -4 -4 -2 -3 -4 -4 -2  4  1 -1  0  2 -4 -3 -2 -2  3  2 0 1 0 0 0.50
-1  1  1  1 -4  3  5 -3 -1 -4 -3  1 -3 -4  0 -1 -2 -4 -3 -3 1 0 0 1 0.50
 2  1 -1  2 -4  2  4 -2 -2 -4 -4  2 -3 -4 -2  0 -2 -4 -3 -3 1 0 0 1 0.46
 0 -1 -1 -2 -2  2 -1  1 -2  1  0 -1  1 -2  1 -1  0 -3  0  1 1 0 0 0 0.47
-1 -3 -3 -2 -3 -1 -1 -2 -3  3  3 -3  1  2 -3 -2  0 -2  1  0 1 0 0 1 0.41
 1 -2  1  2 -3  1  3 -2  0 -2 -3  0  0 -2 -2  0  0 -3  1  1 1 0 0 1 0.48
-2  1  1  2 -4  2  3 -3 -1 -4 -3  2 -1 -4 -1  0  0 -4  0 -3 0 0 1 1 0.46
-2 -2 -1  5 -5 -1  5 -3 -3 -5 -4 -1 -4 -5 -3  0 -2 -5 -4 -5 0 0 1 1 0.42
 0  0  1  1 -3  0  2 -2 -2 -2 -3  3 -2 -4  2  1 -1 -4 -3 -1 0 0 1 1 0.41
 1 -1  0  4 -3  0  2 -2  0 -3 -4  1 -3 -4 -3  1  0  1 -3 -2 0 0 1 1 0.37
-1 -1 -1 -3  0 -1 -1 -2 -3  2  2  1  3 -2 -2 -1  1 -3 -1  1 0 0 1 0 0.45
-2 -1  1  4 -5  2  2 -3 -3 -5 -4  2 -4 -5 -1  2 -1 -5 -4 -4 0 0 1 1 0.41
-1  0 -1 -3 -3  0 -2 -4 -3  3  0 -3  5 -2 -2  0  2 -4  0  2 0 1 0 0 0.55
-1  0  1  1 -3  0  0 -3 -2  1 -1  2 -1 -3  0  1  2 -4 -3  0 0 1 0 1 0.59
-1 -2 -2 -3 -3 -2 -3 -4 -1  5  0 -1  0  0 -3 -1  1 -4 -3  3 0 1 0 0 0.57
-1 -2  1  5 -1 -1  2 -3 -1 -1 -2  0 -3 -4  1  0 -2 -5 -4  0 0 0 1 1 0.52
 0 -2 -1  0 -3 -2 -1  1 -3  0  1 -1  1 -1  3  1  0  2 -2 -1 0 0 1 1 0.50
 1 -1  1  0 -3  1  2 -1  0 -2 -2  1 -2 -2  0  1  2 -4 -3 -2 1 0 0 1 0.44
-1  0 -1  1 -3  1  2 -2  0  1  0  1  0 -2 -1 -1 -1 -3 -1  1 1 0 0 1 0.29
-1 -2 -2 -1  3 -3 -1 -4 -4  4  1 -3  0 -3  3 -2 -1 -4 -3  1 0 0 1 0 0.27
 1 -1  0  0 -1 -1  0  3 -2 -2 -1  2 -1 -3 -2  0  0 -3 -1 -2 0 0 1 1 0.24
-1 -3  1  5 -4  0  1  0 -3 -1 -2  0 -2 -4 -3  0  0 -5 -4 -2 0 0 1 1 0.22
 0  1  1  2 -1  0  2 -1 -2 -2 -3  2 -3 -4  1  0  0 -4 -3 -1 0 0 1 1 0.24
-2 -1  1  3 -4  1  3  0  0 -3 -2  2 -3 -3  0  1 -2 -4 -3 -4 0 0 1 1 0.21
 0  1  2  1 -3  1  0  3  0 -1 -2  0 -1 -2 -3  0 -1 -4 -3 -2 0 0 1 1 0.21
-2  4 -1  2 -5  2  0 -3  0 -4 -2  4  0 -4 -3 -1 -2 -5 -4 -3 0 0 1 1 0.15
-2  1  0  2 -4  2  2 -1  0 -4 -2  3 -3 -3  2  0 -1 -4 -1 -3 1 0 0 1 0.12
-2  0  0 -1 -1  1  0 -3  1 -2 -1  2 -1  2 -1  0 -1  5  1 -2 1 0 0 1 0.08
-3 -4 -4  2 -2 -3 -1 -5  0  2  4 -2 -1 -2 -4 -2 -3 -4 -3  2 1 0 0 0 0.05
 1  1  0  0  1  0 -1 -3  1  0 -1 -1  0  4 -3  1 -2 -2  2 -2 1 0 0 0 0.03
-2  4  0  1 -4  0  1 -2  0  1  1  0  2 -3 -1 -2  0 -4 -3  0 1 0 0 1 0.02
-2  0 -2 -2 -5  6 -1 -4  0 -1 -2  4  1 -5 -4 -2 -3 -5 -4 -1 1 0 0 0 0.01
-2 -5 -5 -5  6 -4 -5 -5 -5  4  3 -4 -1 -2 -5 -3 -2 -4 -3  2 1 0 0 0 0.01
 2  3  3 -2 -3 -2 -1 -2 -1 -1  0  0  0 -2 -3 -1  0 -3  1 -1 1 0 0 0 0.01
 0  1 -2 -1 -2  0  1 -2 -2  0  1  0  0 -1 -2  2  0 -3 -1  1 1 0 0 1 0.01
-2 -5 -5 -6 -1 -5 -5 -6 -2 -1 -2 -5 -3  5 -6 -5 -5  6  8 -3 1 0 0 0 0.01
-4 -5 -6 -6  1 -5 -6 -6 -5  5  3 -3 -1  5 -6 -4 -4 -3  0  0 1 0 0 0 0.01
-2  1  1 -1 -5  1 -2 -4  4 -4 -4  5 -4 -2 -4 -1  2  0 -3 -4 1 0 0 1 0.01
-2  2 -1  1 -4  0  0 -1  1 -2 -1  1  5  3 -4 -1 -1 -3  1 -2 1 0 0 1 0.01
-1 -4 -4 -4 -3 -2 -4 -2 -2  3  4 -3  3 -1 -4 -3  0  2 -3  2 1 0 0 0 0.01
-3 -4 -5 -5 -3 -2 -3 -5 -4  2  5 -4  2 -1 -4 -3 -3 -4 -3  1 1 0 0 0 0.01
-1  3  0 -1 -4  1  0 -1 -1 -3 -2  4 -3 -4 -3  1  0 -4 -1 -3 1 0 0 1 0.01
-1  1 -1  1  0  1  5 -3 -1 -2 -1 -1  0 -4 -3 -1 -2 -4 -4 -1 1 0 0 1 0.01
-4 -6 -6 -6 -6 -5 -6 -3 -5 -6 -5 -6  0 -3 -6 -4 -5 12  1 -6 1 0 0 0 0.02
 1  0  1  1 -4  2  4  1 -2 -2 -4  1 -2 -4 -3 -1 -2 -4 -4 -3 1 0 0 1 0.02
 0  1  0  1 -3  1  2 -1  1 -1 -1  1 -1 -2 -2  1  0 -3  0 -1 1 0 0 1 0.04
 2  0  0  2 -1  2  3 -2 -1 -3 -2  0 -3 -2 -3  1  1 -2 -2 -3 1 0 0 1 0.04
-3 -3 -1 -3  1 -1  0 -2 -1  0  4 -1  2 -1 -1 -1 -2 -3 -3  0 1 0 0 0 0.05
 1  1  3  2 -3  2  3 -2  0 -3 -3  0 -3 -4 -1  0 -2 -4 -3 -3 1 0 0 1 0.04
 2  1  1  0 -1  1  2 -1 -1 -2 -3  2 -2 -3 -1  1  0 -4 -3  0 1 0 0 1 0.04
-2  5 -2 -1 -4  0  1 -1  0 -2 -2  1  2 -1 -3 -1 -3 -3  3 -2 0 0 1 1 0.04
-1  0  0  2 -3  2  0 -2  2 -3 -1  0 -1 -2  4  1  0 -4 -3 -3 0 0 1 1 0.03
-1  0  1  3 -3  1  2 -1 -1 -1 -1  0 -2 -3  2  0  0 -4 -2 -1 1 0 0 1 0.03
 1 -1 -2  3 -4  0  3 -3  3 -3 -4  1 -3 -4 -3  0  0 -4 -3 -1 1 0 0 1 0.03
-1 -3 -2 -2  0 -1  0 -3 -3  2  1 -1  1  0 -1 -1  3  0 -2  2 1 0 0 0 0.02
-3 -3 -2 -4 -1  0 -3 -4  2  0  2 -2  4  4 -4 -3 -3  1  4 -1 1 0 0 0 0.02
 0  0 -1  0 -2  0  0 -2  0  0  0  2  0 -1  0  0  0 -2  0  1 1 0 0 1 0.01
-2  0 -2  1 -4  7  3 -4  0 -4 -4 -1 -3 -5 -3 -1 -1 -4 -4 -1 1 0 0 1 0.01
 1 -3 -3 -3  4 -3 -3 -3 -4 -2 -1 -2 -2 -4 -3  1  5 -4 -3  1 1 0 0 0 0.01
 1  3 -1 -2 -3  1  0 -2  0 -2 -1  4  0 -3 -3 -1 -1 -4 -3 -1 1 0 0 1 0.01
-1  3 -1  2 -3  2  2 -2  1 -2 -2  2  0 -3 -2  0 -1 -3 -3 -2 1 0 0 1 0.01
-1 -1  3  3  1 -2 -2  0  4 -4 -4 -2 -3 -2 -3  0 -1 -2  5 -3 1 0 0 0 0.01
-3 -4 -4 -5 -3 -3 -4 -5 -4  3  4 -4  5  0 -4 -4 -3 -3 -3  1 1 0 0 0 0.01
 0  3 -1 -1 -1  1  0 -3 -1 -2 -1  4 -2  2 -3 -1 -1 -3 -1  0 1 0 0 1 0.01
-3 -2 -2 -3 -4 -3 -2 -3 -4 -2 -3 -1 -4 -2  7 -1 -3 -5 -4 -1 1 0 0 1 0.01
-4 -4 -5 -5 -4 -4 -5 -5 -5 -1  6 -4 -1  0 -5 -4 -3 -4 -3  0 1 0 0 0 0.01
-3 -4 -4 -5 -4 -4 -3 -5 -3  1  2 -4  3  7 -5 -4 -2 -2  0  0 1 0 0 0 0.01
-2  4  0  1 -4  1 -1 -2 -1 -2 -2  3 -2 -3 -3 -1  0 -3  1  0 1 0 0 1 0.01
-1  2 -1 -2 -3  2  0  0  0 -2  1  4  0 -1 -3  0 -1 -3 -2 -2 1 0 0 1 0.01
-3 -4 -5 -5  4 -4 -4 -5 -4  2  5 -4  1  3 -4 -3 -3 -3 -2 -1 1 0 0 0 0.01
-1  3  0 -1 -3  1  2 -2 -1  0 -1  3 -1 -3 -2  0  0 -3 -2 -1 1 0 0 1 0.01
-1  1  2  2 -3  1  1 -2  2 -3 -2  2 -2 -1 -2  0  0 -3 -2 -2 1 0 0 1 0.01
-2  4  2  0 -1  1 -1  2  1 -5 -3  3 -4 -3 -4 -1 -3 -5 -1 -3 0 0 1 1 0.01
-1  2  2  2  0  1  1 -2 -2 -2 -3  1 -3 -4 -3  2  2 -5 -4 -2 0 0 1 1 0.01
-4 -5 -6 -6  2 -5 -6 -6 -6  3  5 -5  3 -1 -6 -5 -2 -5 -4  3 0 0 1 0 0.01
 0 -2  0  3 -5  1  1 -2  0 -5 -5 -1 -5 -6  6  0  0 -6 -5 -5 0 0 1 1 0.01
 0 -1  0  3 -4  2  3 -2  0 -3 -3  1 -3 -3  1  1  0 -5 -2 -1 1 0 0 1 0.01
-2 -3  0  6  0 -3  3  0 -4 -5 -3 -2 -5 -6 -4  0 -3 -6 -6 -4 1 0 0 1 0.01
-1 -5 -5 -1 -4 -1 -2 -6 -5  6  2 -5  4 -1 -5 -4 -3 -5 -4  2 1 0 0 0 0.01
 0  1 -4 -5 -2 -1 -1 -2 -4 -1  4 -1  0 -1 -5 -2 -2 -4 -2  0 1 0 0 0 0.01
 0  1  0  3 -4  1  2 -2 -1 -1 -3  2 -2 -2 -1 -1  1 -4 -3 -1 1 0 0 1 0.01
 1  1  1  0 -4 -1 -2 -1  3 -3 -3  1  0 -3  1  3 -1 -4 -1 -2 1 0 0 0 0.01
-4 -5 -6 -6 -4 -1 -2 -6 -5  3  5 -5  1 -1 -6 -5 -4 -5 -4  2 1 0 0 0 0.01
 1  0 -2 -3  2 -2 -1 -3  0  1  0 -1  0  1 -1  0  1  0  1  1 1 0 0 0 0.01
-2  0  1  0 -1  0  4 -1 -1 -2 -1  0  1 -4 -2 -1  2 -4 -3  0 1 0 0 1 0.01
-2 -1 -6 -6  2 -5 -6 -7 -6  7 -1 -5  3 -4 -6 -5 -2 -6 -5  2 1 0 0 0 0.01
-2 -3 -5 -6  2 -4 -5 -6 -5  2  1 -1  4  0 -5 -3 -1 -5 -4  5 1 0 0 0 0.01
-2  2 -1  0 -2  2  2 -3  3 -2 -2  2 -3 -1 -3 -1 -2 -3  3  0 1 0 0 1 0.01
 0  0  1 -1  1  1 -1 -3  7 -4 -2  0 -3  2 -4 -1 -3 -1  2 -3 1 0 0 0 0.01
 1 -5 -5 -6  6 -4 -5 -5 -5  1  3 -5  4 -2 -5 -3 -2 -4 -4  0 1 0 0 0 0.01
-2 -1 -1 -2  1  6 -1 -4 -3 -1  2  0  2 -3 -4 -2 -2 -1 -3  0 1 0 0 0 0.01
-2  1  1  0 -3  5  2 -1  2  0 -2  2  0 -3 -2 -2 -2 -3 -2 -3 1 0 0 1 0.01
 0  2 -1  2 -2  0  1  1 -1 -2 -2  0  0 -2  1  0  0 -2  0 -2 1 0 0 1 0.01
-1  6  1 -2 -4 -1  0 -2  0 -4 -4  3 -3 -4 -3 -1 -1 -4 -3 -4 1 0 0 1 0.01
-2 -1  3  4 -4  2  4 -1 -1 -4 -4  1 -3 -4 -3  0 -2 -4 -3 -4 1 0 0 1 0.01
-4 -5 -2 -6 -5 -4 -5 -6  1  0 -2 -5  1  5 -6 -4 -2 -1  8 -1 1 0 0 0 0.01
-1  1  2 -2 -3  1  0 -3  0  1  1  0  1 -1 -1 -1  0 -4 -2  2 1 0 0 1 0.01
 1  2  0  1 -3  2  1 -1  1 -3 -1  3 -1 -4 -2  0 -1 -4 -3 -3 1 0 0 1 0.01
 6 -4 -4 -5  3 -4 -4 -3 -5 -4 -4 -4 -4 -5 -4  0 -3 -5 -5  0 1 0 0 0 0.01
-2  1  5 -2 -4 -1 -1 -2  2  0  0 -1  1 -3 -3  0  0 -4  1 -2 1 0 0 0 0.01
-2 -1  1  6 -5  4  3 -2 -2 -5 -5 -1 -4 -5 -3 -1 -3 -5 -4 -5 1 0 0 1 0.01
 0 -1  1  0  2  1  0  0  2  0  0  0  1  0 -2  0  0 -3 -1  0 1 0 0 0 0.01
-3 -3  0 -4 -4 -2 -3 -4  1 -2 -2 -3 -2  3 -4 -3 -3  1  8 -2 1 0 0 0 0.01
-2 -3 -1 -4 -2 -2 -3 -4 -3  3  4 -3  3  0 -3 -3 -1 -3 -2  2 1 0 0 0 0.01
-1  2  2  2 -3  1  1  0 -1 -2 -1  2 -1 -2 -2 -1 -1  4 -2 -2 1 0 0 0 0.01
-2 -3 -4 -4 -2 -2 -3 -4 -3  2  4 -3  4  0 -3 -3 -1 -2 -2  1 1 0 0 0 0.01
 4 -2 -1 -2  1 -1 -1 -1 -2  0 -2 -1 -1 -3 -2  2  2 -3 -2  0 1 0 0 0 0.01
-2 -3 -3 -4 -2 -3 -4 -4 -4  5  1 -3  3 -1 -3 -2  1 -3 -2  2 1 0 0 0 0.01
-1 -4 -2 -2 -4 -3 -3  7 -3 -5 -5 -3 -4 -4 -3 -1 -3 -4 -4 -4 0 0 1 0 0.01
-2  0  6  0 -3 -1  0  1 -1 -4 -4  1 -3 -4 -3  0  1 -4 -3 -3 0 0 1 1 0.01
 4 -2 -1 -2 -1  0 -2  0 -2 -1  0 -2 -1 -2  0  0 -1 -3 -2  1 0 0 1 0 0.01
 2 -2  1 -2  1 -2 -2 -2 -2 -2 -2 -1 -2 -3  6 -1 -1 -4 -3 -1 0 0 1 0 0.01
-4 -4 -5 -6 -4 -4 -5 -2 -4 -4 -3 -5 -3  1 -5 -4 -4 12  1 -4 0 0 1 0 0.01
-2 -2 -3 -3 -4 -2 -2 -3 -3  0 -3  1 -3 -4  8 -1 -2 -5 -4 -3 0 0 1 0 0.01
-2 -3 -4 -4 -2 -3 -4 -4 -4  5  2 -3  3 -1 -4 -3 -1 -3 -2  2 0 0 1 0 0.01
-1 -4 -2 -2 -4 -3 -3  7 -3 -5 -5 -3 -4 -4 -3 -1 -3 -4 -4 -4 0 0 1 0 0.01
-1 -3 -4 -4 -2 -3 -3 -2 -4  2  2 -3  0 -2 -3 -3 -1 -4 -2  5 0 1 0 0 0.01
 0 -1 -1 -2 -2 -1 -2 -3 -3  0 -1 -1  1  1 -2  0  5 -3 -1  1 0 1 0 0 0.01
 0  1  2  1 -2  1  0  1  3 -2 -2  0  2 -2 -2  1 -1 -3 -2 -2 0 1 0 0 0.01
 0 -2 -2 -2 -2 -2 -2 -1  0  2  0 -2  0 -1  0  0  2  2  1  2 0 1 0 0 0.02
-1 -2  2  1 -3 -2 -2  5 -2 -4 -4 -2 -3 -3 -2  1 -2 -3 -3 -3 0 1 0 0 0.02
-1 -3 -3 -4 -2 -3 -3 -4 -4  6  1 -3  0 -1 -3 -2  0 -3 -2  2 0 1 0 0 0.03
-3  1 -1 -2 -4  1 -1 -3  9 -3 -3 -2 -2 -2 -3 -2 -3 -3  1 -1 0 1 0 0 0.04
 1 -1 -1  1 -2  2  4 -2 -1 -2 -2  0  1 -2 -2  1 -1  3 -2 -2 0 0 1 1 0.05
-2  6 -1 -2 -3  2 -1 -3 -1 -3 -2  1  2 -3 -2 -1  0 -3 -2 -2 0 0 1 0 0.07
 1  0 -1 -1 -2  1 -1 -1 -2 -2 -2  1 -1  0  2  2  2 -3 -2  0 0 0 1 1 0.09
 3 -2 -1 -2  3  0 -2  3 -2 -2 -3 -1 -2 -3 -2  2  0 -3 -3 -2 0 0 1 0 0.09
-1  5  0  0 -3  2 -1 -3  2 -3 -2  0  2 -3 -3  1 -1 -3 -2 -3 1 0 0 1 0.11
 1 -1  0  2 -3  0  4 -2 -1 -3 -2 -1 -2 -2 -2  1 -1 -3 -2 -2 1 0 0 1 0.12
-1  4  0 -1 -3  1  0 -2 -1 -3 -2  4  0 -3 -2 -1  0 -3 -2 -2 1 0 0 1 0.13
-1 -3 -3 -4 -2 -3 -3 -1 -3  5  3 -3  0  1 -3 -2 -1 -3 -2  1 1 0 0 0 0.13
 0  0  0 -1 -2  0  0 -2  3 -2 -2 -1  1  2 -2  1  1 -2  2 -2 0 0 1 1 0.13
 0  2  2  1 -2  1  0  2 -1 -2 -2  1 -2 -2 -1  0  0 -2 -2 -1 0 0 1 1 0.12
 1  0  1  0  1 -1 -1  2  0 -2 -2  0 -1 -3 -2  3  0 -3 -2  0 0 0 1 1 0.11
-1  2  0  1 -3  2  2 -1  0 -1 -2  3 -1 -3 -2  0  0 -3 -1 -1 0 0 1 1 0.11
-1  1  3  0 -3  1  0 -1  2 -2 -3  2 -2 -3 -1  1  1 -3 -1 -2 0 0 1 1 0.08
-1  0 -2 -3 -2  1 -2 -3  1  2 -1  0 -1 -2 -3  0 -1  4 -2  3 0 1 0 0 0.06
 5 -2 -2 -2 -2 -2  0  1 -3 -2 -1 -2 -2 -3 -2  1 -1 -3 -3 -1 0 1 0 0 0.05
-3 -2  5 -2 -4 -2 -2 -3  9 -5 -4 -2 -3 -3 -4 -1 -3 -4 -1 -4 0 1 0 0 0.04
-1 -3 -4 -4 -2 -3 -3 -4 -4  4  1 -3  2 -2 -3 -3 -2 -3 -2  4 0 1 0 0 0.03
-3 -4 -4 -5 -3 -3 -4 -5 -4  0  4 -4  7  1 -4 -2 -3 -3 -2  0 0 0 1 0 0.03
-2 -2  5  1 -4 -1 -2  0  2  1  0  0 -1 -3 -3  0  0 -4 -3 -2 0 0 1 1 0.02
-3 -3  3  7 -5 -2 -1 -2 -3 -5 -5 -2 -5 -5 -3  2 -2 -6 -5 -5 0 0 1 1 0.02
-3 -2 -2  3 -5  2  6 -4 -2 -1 -4 -1 -4 -5 -3 -2 -3 -5 -4 -4 1 0 0 1 0.01
 0  0  0 -1 -2  0  0 -1  1  1 -1  0  0 -2 -2  0  3 -3 -2  1 1 0 0 1 0.01
 0 -2 -2 -2 -3  3 -1  1  0 -2 -3 -1 -2 -3 -2  0  4 -4 -3  0 1 0 0 0 0.01
-3  7 -2 -3 -4 -1 -1 -4 -2 -4 -2  1 -3  1 -4 -2 -1 -4 -2 -3 1 0 0 1 0.01
-2  4  0 -1 -2  1 -1 -3 -1 -2  0  5 -2 -4 -3 -2 -2 -4 -3 -3 1 0 0 1 0.01
-1 -4 -5 -5 -1 -4 -4 -5 -2 -2  0 -4 -2  4 -5 -4 -4  9  7 -3 1 0 0 0 0.01
-2 -4 -4 -5  2 -4 -4 -5 -4  5  3 -4  0  0 -4 -3  0 -3 -2  2 1 0 0 0 0.01
-2  0 -2 -3  1  6 -1 -4  2  0  0 -1 -1 -3 -3 -2  2 -4 -3  0 1 0 0 1 0.01
 3 -2  1 -2  0  0 -2  2 -2 -3 -3 -2  1 -4 -2  3  0 -4 -3 -2 1 0 0 0 0.01
-2 -4 -4 -5 -2 -4 -4 -5 -4  4  3 -4  1  1 -4 -3 -2 -3 -2  3 1 0 0 0 0.01
-1  3 -1 -3 -5 -1 -1 -1 -2 -5 -4  6 -3 -5 -3 -2 -2 -5 -4 -4 1 0 0 1 0.01
-3  7 -2 -3 -5 -1  1 -4 -2 -3 -4  0 -3 -5 -4  0 -3 -5 -4 -4 1 0 0 1 0.01
-3 -4 -5 -5  4 -4 -4 -5 -4  1  5 -4  1  1 -4 -4 -3 -3 -2  0 1 0 0 0 0.01
-2 -4 -4 -5 -3 -3 -4 -5 -4  4  3 -3  6 -1 -4 -3 -1 -3 -2  1 1 0 0 0 0.01
-1 -2  3  0 -3 -2 -1 -2 -2 -1 -3 -1 -2 -4 -3  2  5 -4 -3 -2 1 0 0 1 0.02
-2  0 -4 -4 -4 -1 -4 -4  0  1 -1 -1 -1  7 -4 -3 -3 -1  3 -1 1 0 0 0 0.03
 2 -1 -2 -2  5  0 -1 -2 -1 -2 -2  2  0 -2 -2  0 -1 -3  0  0 1 0 0 0 0.04
-2  0 -2  0 -5  6  4 -4 -1 -5 -4  1 -3 -5 -3 -2 -1 -4 -3 -4 1 0 0 1 0.06
-1  3 -1 -1 -3  2  0 -2  3 -2 -2  2 -2 -3 -3 -1  0  5 -1 -1 1 0 0 1 0.10
-2  2 -2 -2 -3  0 -1 -3  5  0 -1  1  0  1 -1 -1  0  2  3 -2 0 0 1 1 0.12
 0  0 -1 -2 -1 -2  0 -2  2 -2 -2 -2 -1  3  0  1 -1  5  4 -1 0 0 1 1 0.16
-1 -3  1 -2 -1 -2 -1 -3 -3 -3 -3  0 -3 -4  6  2  1 -5 -4 -2 0 0 1 1 0.27
 1 -2  2  2 -3  1 -1 -2  0 -3 -3 -1 -2 -4  4  0  3 -4 -3 -1 0 0 1 1 0.54
-1  1  0  4 -4  1  2 -3  0 -2  0  1 -1 -3 -2 -1 -1 -4 -2 -1 0 0 1 1 0.64
 0  1  1  3 -4 -2  0 -3 -2 -3 -3 -1 -3 -4  6 -1 -2 -5 -4 -3 0 0 1 1 0.68
 1 -2  0 -2 -2  2 -1 -2 -2 -3 -3 -1 -2 -4  1  5  2 -4 -3 -3 0 0 1 1 0.72
-2 -1 -3 -3 -2 -1  0 -4 -2  1  3 -1  1  3 -3 -2 -2 -1  0  0 0 0 1 1 0.79
 3 -2 -1 -1 -1 -1 -1  3 -2 -2 -2 -1 -2 -3 -1  2  0 -3 -2 -1 0 0 1 1 0.81
