-1 -2 -2 -2 -3 -1 -1 -2 -2 -3 -3 -1 -3 -4  8 -1 -1 -4 -3 -2 0 0 1 1 0.40
-1  1  0  0 -3  5  2 -2  0 -3 -2  2 -1 -3 -1  0 -1 -2 -2 -2 0 0 1 1 0.35
-2 -2 -4 -4 -1 -2 -3 -4 -3  2  4 -3  2  0 -3 -3 -1 -2 -1  1 0 0 1 0 0.28
 1 -1 -1  1 -3  1  5 -2 -1 -3 -3  0 -2 -3 -1  0 -1 -3 -2 -2 1 0 0 1 0.17
-1 -1  3  4 -3  0  2 -1 -1 -3 -3  0 -3 -3 -2  1  0 -4 -3 -3 0 0 1 1 0.17
-2 -3 -3 -4 -3 -3 -3 -3 -1 -1  0 -3  0  6 -4 -3 -2  1  4 -1 1 0 0 0 0.16
 2 -1 -2 -1 -2  2  0 -1 -1 -3 -3  0 -2 -3  6  0 -1 -3 -2 -2 1 0 0 1 0.11
 4 -2 -1 -2 -1 -1 -1  0 -2 -1 -2 -1 -1 -2 -1  1  2 -3 -2  0 1 0 0 1 0.15
-1 -2 -1  2 -2 -1 -1 -2 -2  0  2 -1  1 -1 -2  1  0 -3 -2  0 1 0 0 1 0.12
 0 -3 -3 -3 -2 -2 -3 -3 -1  2  0 -2  0  4 -3 -2 -1  0  3  2 1 0 0 0 0.11
 1  2  3  0 -2  1  0 -1  0 -3 -3  3 -2 -3 -1  0 -1 -3 -2 -2 1 0 0 1 0.09
-1  3  2 -1 -3  5  1 -2  3 -3 -3  1 -1 -3 -2  0 -1 -3 -1 -3 1 0 0 1 0.09
 2  3 -1 -1 -2  0  0 -1 -1 -2 -2  2 -1 -3 -1  1  0 -3 -2 -1 1 0 0 1 0.08
 1 -2  0 -1  6 -1 -1 -1 -2 -2 -2 -1 -2 -3 -1  4  1 -3 -2 -2 1 0 0 0 0.06
-1 -2 -4 -4 -1 -2 -3 -4 -3  2  4 -3  2  0 -3 -2 -1 -2 -1  2 1 0 0 0 0.06
 1 -1  0  4 -3  0  3 -1 -1 -3 -3  0 -2 -3 -1  0 -1 -4 -3 -2 1 0 0 1 0.05
 2 -2 -1 -2 -1 -1 -2 -1 -2 -1 -1 -1 -1  3 -2  1  3 -1  0  0 1 0 0 0 0.05
-2 -2 -4 -4 -1 -2 -3 -4 -3  1  4 -3  3  0 -3 -3 -1 -2 -1  1 1 0 0 0 0.05
-3 -3 -3 -4 -3 -4 -4 -3 -2  0  0 -3  0  7 -4 -3 -2  1  3 -1 1 0 0 0 0.04
 1  1  0 -1 -2  1  0 -1 -1 -3 -2  4 -1 -3 -1  2  0 -3 -2 -2 1 0 0 1 0.05
 1 -2 -1 -2  8 -2 -2 -1 -2 -2 -2 -2 -2 -3 -2  2  0 -3 -2 -1 0 0 1 0 0.04
 1 -2  0 -1 -2 -1 -1  4 -2 -3 -3 -1 -2 -3 -2  3  0 -3 -3 -3 0 0 1 0 0.04
-1  1  1 -1 -3  0  0  2 -1 -3 -3  3 -2 -3  3  0 -1 -3 -3 -3 0 0 1 1 0.04
-2  0  1  5 -4  0  1 -2  4 -3 -3  2 -2 -3 -2  0 -1 -4 -1 -3 0 0 1 1 0.05
 3 -1 -1 -1 -1  0  2 -1 -1 -2 -2  0 -1 -3 -1  1  2 -3 -2 -1 1 0 0 1 0.04
-2 -1  1  5 -4  1  4 -2 -1 -3 -4  0 -3 -4 -2  0 -1 -4 -3 -3 1 0 0 1 0.04
 3 -1 -1 -2 -1 -1 -1 -1 -2  0 -1  1 -1 -2 -1  0  1 -3 -2  1 1 0 0 0 0.04
-2 -2 -4 -4 -1 -2 -3 -4 -3  1  4 -3  2  0 -3 -3 -1 -2 -1  1 1 0 0 0 0.05
-1  3  0 -1 -3  1  0  2 -1 -3 -3  4 -2 -3 -2  0 -1 -3 -2 -3 1 0 0 1 0.06
 1 -1  0  1 -2  1  4 -1 -1 -3 -3  0 -2 -3 -1  2  0 -3 -2 -2 1 0 0 1 0.07
-1 -3 -3 -3 -1 -3 -3 -4 -3  4  2 -3  1  0 -3 -2 -1 -3 -1  3 1 0 0 0 0.07
-2 -3 -3 -4 -3 -3 -3 -3  0 -1  0 -3 -1  6 -4 -2 -2  1  6 -1 1 0 0 0 0.06
 1 -1  0 -1 -1  2  0 -1 -1 -1  0  0  0 -2 -1  2  3 -3 -2 -1 1 0 0 1 0.08
 1 -1  4  0 -2  0 -1  1 -1 -2 -3 -1 -2 -3 -2  2  1 -3 -2 -2 0 0 1 1 0.09
 1 -1  0  0 -1  0  0 -1 -1 -3 -3  0 -2 -3 -1  5  1 -3 -2 -2 0 0 1 0 0.10
-1 -1  3  1 -2 -1 -1 -2 -1 -1 -1 -1  3 -2  3  1  1 -3 -2 -1 1 0 0 1 0.10
-2 -1  6  1 -3  0 -1 -1  0 -4 -4  0 -2 -3 -2  0  0 -4 -2 -3 1 0 0 1 0.09
 2  2 -2 -3 -1 -1 -2 -2 -2  1  0 -1  0 -2 -2 -1  0 -3 -2  3 1 0 0 1 0.13
 3 -2 -2 -2 -2 -1 -2  1  0 -2 -2 -1 -1  1 -2  0 -1  0  5 -1 1 0 0 0 0.14
 4 -2 -1 -2 -1 -1 -1  3 -2 -2 -2 -1 -1 -3 -1  1 -1 -3 -2 -1 1 0 0 0 0.16
-1  2  0 -1 -3  1  1 -2 -1 -3 -3  5 -2 -3 -1  0 -1 -3 -2 -3 1 0 0 1 0.14
 0  2  0 -1 -2  0  0 -2 -1 -1  0  3 -1 -2 -1  1  0 -3 -2 -1 1 0 0 1 0.13
 3 -1 -1  0 -2  1  3 -1 -1 -2 -2  0 -2 -3 -1  1 -1 -3 -2 -1 1 0 0 0 0.10
-1 -3 -3 -3 -1 -3 -3 -4 -3  4  1 -3  1 -1 -3 -2 -1 -3 -1  3 1 0 0 0 0.07
 1 -2 -2 -2 -1 -1 -2 -2 -2  0  2 -1  3 -1 -2  0  2 -2 -1  0 1 0 0 1 0.05
-1  0  0  1 -4  2  5 -2  0 -4 -3  1 -2 -4 -1  0 -1 -3 -2 -3 1 0 0 1 0.05
-3 -3 -3 -4 -3 -4 -4 -3 -2  0  0 -3  0  7 -4 -3 -2  1  3 -1 1 0 0 0 0.04
 4 -1 -1 -1 -1 -1 -1  0 -2 -2 -2 -1 -1 -2 -1  2  0 -3 -2 -1 1 0 0 0 0.04
-1  0  3  0 -3  0  1  3 -1 -3 -3  1 -2 -3 -2  0  0 -3 -2 -3 1 0 0 1 0.04
-1 -3 -3 -4 -1 -2 -3 -4 -3  2  3 -3  1  0 -3 -2 -1 -2 -1  3 1 0 0 0 0.04
-2 -3 -3 -4 -2 -3 -3 -4 -1  0  2 -3  0  5 -4 -2 -2  1  4 -1 1 0 0 0 0.05
-1  4 -1 -2 -3  0 -1 -2  3 -3 -2  1 -1  0 -2  1 -1 -1  4 -2 1 0 0 1 0.08
 1 -1  0  0 -1  2  0 -1 -1 -3 -3  0 -1 -3 -1  4  1 -3 -2 -2 1 0 0 1 0.10
 3 -2 -2 -3 -1 -1 -2 -1 -2  0  2 -2  1 -1 -2  0 -1 -2 -2  0 1 0 0 0 0.09
-1 -1 -3 -3 -2 -1 -2 -3 -3  1  3  1  1  0 -3 -2 -1 -2 -1  2 1 0 0 1 0.08
-1  2  3  0 -3  0  0 -2  4 -1 -2  1 -1 -2 -2  0 -1 -3 -1 -2 1 0 0 1 0.08
 3  0 -1  1 -2  4  1 -1 -1 -2 -2  0 -1 -3 -1  0 -1 -3 -2 -1 0 0 1 1 0.10
-1 -1  3  0 -2 -1 -1 -2 -1 -2 -2 -1 -1 -3  3  1  4 -3 -2 -1 0 0 1 1 0.15
 0 -1  0  2 -2 -1  0  3 -1 -3 -3 -1 -2 -3 -1  3  0 -3 -2 -2 0 0 1 1 0.15
-2 -1  0  3 -2  1  0 -2  2  0  2 -1  0 -1 -2 -1 -1 -3 -1 -1 0 0 1 0 0.15
 0 -1  3  3 -2  0  0 -1 -1 -3 -3  0 -2 -3 -1  3  1 -3 -2 -2 0 0 1 1 0.10
 0 -2 -2 -2 -3  1 -1 -2 -2 -2 -2 -1 -1  3  6 -1 -1 -2  0 -2 1 0 0 1 0.09
 2 -1 -1  0 -2  1  4 -1 -1 -2 -2  0 -2 -3 -1  0  1 -3 -2 -1 1 0 0 1 0.09
 4 -1  3 -1 -1 -1 -1  0 -1 -2 -2 -1 -1 -3 -1  1  0 -3 -2 -1 1 0 0 0 0.08
-1  0  0  0 -3  1  2  2 -1 -3 -3  3 -2 -3 -1  0  1 -3 -2 -2 1 0 0 1 0.08
-1  1  0  2 -3  1  2 -2 -1 -2 -2  3 -2 -3 -1  0  2 -3 -2 -2 1 0 0 1 0.06
-1 -2 -1 -2 -2  1 -1  2 -2  0  2 -1  1 -1 -2 -1  1 -2 -2  0 1 0 0 0 0.05
-2 -2 -4 -4 -1 -2 -3 -4 -3  1  4 -3  2  0 -3 -3 -1 -2 -1  1 1 0 0 0 0.03
-1 -1 -1  2 -2  3  0 -3 -1  1  1 -1  4 -1 -2 -1 -1 -2 -2  0 1 0 0 1 0.02
-1  2  0  2 -3  1  1 -2 -1 -3 -3  5 -2 -3 -1  0 -1 -3 -2 -3 1 0 0 1 0.03
-1 -3 -3 -3 -1 -3 -3 -4 -3  3  2 -3  1  0 -3 -2 -1 -3 -1  3 1 0 0 0 0.03
 1 -2 -1 -2 -2 -2 -2  4 -2  0 -2 -2 -1 -2 -2  0 -1 -3 -2  1 1 0 0 0 0.03
 3  0 -1 -1 -2  2  2 -1 -1 -2 -2  1 -1 -3 -1  1  0 -3 -2 -1 1 0 0 1 0.03
-1  0  0  1 -4  4  4 -2  0 -3 -3  1 -1 -3 -1  0 -1 -3 -2 -3 1 0 0 1 0.03
-2 -2 -2 -3 -3 -2 -2 -3  2 -2 -1 -2 -1  3 -3 -2 -2  2  7 -2 1 0 0 0 0.03
 2 -1  0 -1 -1 -1 -1 -1 -2 -1 -2 -1 -1 -2 -1  2  4 -3 -2 -1 1 0 0 0 0.03
 3 -1 -1  0 -1  0  3 -1 -1 -2 -2  0 -1 -3 -1  1  0 -3 -2 -1 1 0 0 1 0.05
-1  2 -1 -1 -3  4  1 -3  0 -1  1  1  0 -2 -2 -1 -1 -2 -2 -1 1 0 0 1 0.06
-1 -3 -3 -3 -1 -2 -3 -4 -3  4  1 -2  2  0 -3 -2  1 -3 -2  2 1 0 0 0 0.09
-1 -2  0 -2 -2 -2 -3 -3 -2  3  2 -2  4  0 -3 -2 -1 -2 -1  1 1 0 0 0 0.11
-1  2  1 -1 -3  1  1 -2 -1 -3 -3  5 -2 -3 -1  0 -1 -3 -2 -3 1 0 0 1 0.16
-2  1  1  6 -4  0  1 -2 -1 -3 -4  0 -3 -4 -2 -1 -1 -4 -3 -3 0 0 1 1 0.21
 0 -1 -1 -2 -3 -1 -1  5 -2 -4 -3  2 -2 -3 -2 -1 -2  5 -2 -3 0 0 1 1 0.29
-2 -2 -3 -4 -2 -2 -3 -4 -3  1  4 -2  2  0  2 -2 -1 -2 -1  0 0 0 1 0 0.46
 0  2  0 -1 -2  0  0  2 -1 -3 -3  3 -2 -3 -1  2  0 -3 -2 -2 0 0 1 1 0.52
-1  0  0  1 -4  3  4 -2  0 -3 -3  2 -2 -3 -1  0 -1 -3 -2 -3 0 0 1 1 0.51
-1  1  0  3 -3  1  1 -2 -1 -3 -3  4 -2 -3 -1  0 -1 -4 -2 -3 0 0 1 1 0.52
 1 -1  0  0 -1  0  0 -1 -1 -3 -3  0 -2 -3 -1  5  1 -3 -2 -2 0 0 1 0 0.55
 4 -2 -1 -2 -1 -1 -1  0 -2 -2 -2 -1 -1 -2 -1  2  0 -3 -2  0 0 0 1 1 0.40
-3 -3 -3 -4 -3 -4 -4 -3 -2  0  0 -3  0  7 -4 -3 -2  1  3 -1 0 0 1 0 0.32
 0 -3 -1 -2 -3 -2 -2  6 -2 -4 -4 -2 -3 -3 -2  0 -2 -3 -3 -3 0 0 1 0 0.26
-1 -2 -2 -2 -3 -2 -1 -2 -3 -3 -3 -1 -3 -4  8 -1 -1 -4 -3 -3 0 0 1 1 0.27
-3 -3 -4 -5 -3 -2 -3 -3 -3 -3 -2 -3 -2  1 -4 -3 -3 11  2 -3 0 0 1 0 0.31
 0 -2 -1 -2 -1 -1 -1 -2 -2  0  2 -1  0 -1 -2  2  3 -2 -2  0 0 0 1 1 0.32
 2 -1 -2 -1 -2  2  0 -1 -1 -3 -3  0 -2 -3  6  0 -1 -3 -2 -2 0 0 1 1 0.31
 0  3  0  0 -3  1  3 -2 -1 -3 -3  3 -2 -3 -1  0 -1 -3 -2 -2 0 0 1 1 0.27
-1 -1  3  0 -1 -1 -1 -1 -1 -1 -2 -1 -1 -3 -2  1  4 -3 -2 -1 0 0 1 1 0.18
-1  1  0  3 -3  1  1 -2 -1 -3 -3  4 -2 -4 -1  0 -1 -4 -2 -3 1 0 0 1 0.14
-1  2  0 -1 -3  1  1 -2 -1 -3 -3  5 -2 -3 -1  0 -1 -3 -2 -3 1 0 0 1 0.14
 3 -1 -1 -2 -1 -1 -1 -1  4 -1  1 -1  0 -1 -2  0 -1 -2 -1  0 1 0 0 0 0.12
-1 -1  0  0 -3  1  4 -3  5 -3 -3  0 -2  0 -2 -1 -1 -1  3 -3 1 0 0 0 0.10
 3  0 -1 -1 -2  4  1 -1 -1 -2 -2  0 -1 -3 -1  0  0 -2 -2 -1 1 0 0 1 0.09
-1  1 -1 -2 -2  0 -1 -3 -2  0  2  3  1 -1 -2 -1 -1 -2 -2 -1 1 0 0 0 0.07
-2  4 -2 -3 -2  0 -1 -3 -1  0  3  0  1 -1 -3 -2 -1 -2 -2  0 1 0 0 0 0.06
 0  0  0  1 -3  3  4 -2  0 -3 -3  1 -2 -3 -1  1  0 -3 -2 -2 1 0 0 1 0.05
 1 -1  4  0 -2 -1 -1  2 -1 -1 -2 -1 -2 -3 -2  0  0 -3 -2 -1 1 0 0 1 0.04
-2 -3 -4 -4 -1 -3 -3 -4 -3  3  4 -3  2  0 -3 -3 -1 -2 -1  1 1 0 0 0 0.05
-1  0  2  1 -4  1  4 -2  4 -4 -3  0 -2 -3 -2  0 -1 -3 -1 -3 1 0 0 0 0.03
-1  3  3  0 -3  2  0 -2  5 -3 -3  2 -2 -3 -2  0 -1 -3  0 -3 1 0 0 1 0.03
-1  4  0 -1 -3  3  1 -2  0 -3 -3  4 -1 -3 -2  0 -1 -3 -2 -3 1 0 0 1 0.02
-2 -2 -4 -4 -1 -2 -3 -4 -3  1  4 -3  2  0 -3 -3 -1 -2 -1  1 1 0 0 0 0.02
 3 -2 -3 -3 -1 -2 -2 -1 -2  0  3 -2  1 -1 -2  0 -1 -2 -2  0 1 0 0 0 0.02
-1 -1  0  4 -3  0  2 -2 -1 -1  1 -1 -1 -2 -2  0 -1 -3 -2 -1 1 0 0 1 0.02
-2 -3 -4 -4 -1 -3 -3 -4 -3  4  3 -3  1  0 -3 -3 -1 -3 -1  2 1 0 0 0 0.02
 3 -2 -3 -3 -1 -2 -2 -1 -3  3  0 -2  0 -1 -2  0 -1 -3 -2  2 1 0 0 0 0.03
 0  1  0 -1 -2  3  1 -2 -1 -3 -2  3 -1 -3 -1  1  1 -3 -2 -2 1 0 0 1 0.03
-1  2  4  0 -3  3  2 -1  0 -3 -3  1 -2 -3 -2  0 -1 -3 -2 -3 1 0 0 1 0.04
-2 -1  5  0 -3  0  0 -1  6 -4 -3 -1 -2 -2 -2  0 -1 -3  0 -3 1 0 0 0 0.05
 0 -2 -1 -2  4 -1 -2 -2 -2  0 -1 -1 -1 -2 -2  1  4 -3 -2  0 0 0 1 1 0.06
 0 -1  0 -1 -2  2 -1  4 -1 -3 -3 -1 -2 -3 -2  2  0 -3 -2 -3 0 0 1 1 0.07
 0 -3 -1 -2 -3 -2 -2  6 -2 -4 -4 -2 -3 -3 -2  0 -2 -3 -3 -3 0 0 1 1 0.08
-1 -1  2  4 -4  1  4 -2  0 -3 -3  0 -3 -4 -2  0 -1 -4 -3 -3 0 0 1 1 0.08
 2 -2 -3 -3 -1 -2 -2 -1 -2  0  3 -2  1 -1 -2  0 -1 -2 -2  0 1 0 0 0 0.07
 0 -1 -1 -1 -2  2 -1  2 -1 -1  1 -1  0 -2 -2  2  0 -2 -2 -1 1 0 0 1 0.07
 0  2  1 -1 -2  1  0 -1 -1 -3 -3  3 -2 -3 -1  2  1 -3 -2 -2 1 0 0 1 0.06
-2 -2 -4 -4 -1 -2 -3 -4 -3  2  4 -3  2  0 -3 -3 -1 -2 -1  1 1 0 0 0 0.05
 1 -2  0 -1 -2 -1 -1  4 -2 -3 -3 -1 -2 -3 -2  3  0 -3 -2 -2 1 0 0 0 0.04
-1  0  2  0 -2  3  0 -2 -1 -2 -2  0 -1 -3 -1  1  4 -3 -2 -1 1 0 0 1 0.04
-1  0  3  3 -3  2  1 -1  0 -3 -3  2 -2 -3 -1  1  0 -4 -2 -3 1 0 0 1 0.04
-2 -3 -3 -4 -2 -3 -3 -4 -2  1  3 -3  1  5 -3 -3 -2  0  1  0 1 0 0 0 0.04
-1 -2 -3 -4 -1 -2 -3 -3 -3  2  2 -2  3  0 -3 -2 -1 -2 -1  3 1 0 0 0 0.04
-1  2  3 -1 -2  0 -1 -2 -1 -1  0  0  4 -1 -2  0  1 -3 -2 -1 1 0 0 1 0.04
 1  1  1 -1 -2  3  0 -1  2 -2 -2  0 -1 -3 -1  1  2 -3 -1 -1 1 0 0 1 0.04
-1  0  0  1 -4  2  6 -2  0 -4 -3  1 -2 -4 -1  0 -1 -3 -2 -3 1 0 0 0 0.05
 0 -3 -3 -3 -1 -2 -3 -3 -3  2  1 -3  1 -1 -3 -2  0 -3 -1  4 1 0 0 0 0.03
 0 -1 -1 -2 -1 -1 -1 -2 -2  0  1 -1  5 -1 -2  2  2 -2 -2  0 1 0 0 0 0.03
 0 -2 -1 -1 -2 -1 -1 -2 -2 -2 -3 -1 -2 -3  6  2  2 -3 -3 -2 1 0 0 1 0.03
-2 -2 -3 -4 -3 -2 -3 -3  1 -1  0 -3 -1  5 -4 -2 -2  2  6 -1 1 0 0 0 0.04
-1 -3 -3 -3 -1 -3 -3 -4 -4  5  1 -3  1  0 -3 -3 -1 -3 -2  3 1 0 0 0 0.03
 2  0 -1 -2 -1  0 -1 -1 -2 -1  0  2  0 -2 -1  0  1 -3 -2 -1 1 0 0 0 0.03
 0 -1  4  2 -2  0  0  1  0 -3 -3  0 -2 -3 -2  3  0 -3 -2 -3 1 0 0 1 0.02
-1 -3  3 -1  8 -2 -3 -2 -2 -2 -2 -2 -2 -3 -3 -1 -1 -3 -3 -2 1 0 0 0 0.01
-1 -3 -3 -3 -1 -3 -3 -4 -4  4  1 -3  1  0 -3 -2 -1 -3 -2  3 1 0 0 0 0.01
-1 -1 -1  1 -3  1  4 -3 -1 -1  1  0  0 -2 -2 -1 -1 -3 -2 -1 1 0 0 1 0.01
 2 -1  0 -1 -2  0 -1 -1  6 -2 -2 -1 -1 -2 -2  0  1 -3  0 -2 1 0 0 1 0.01
-1  0  4  1 -3  3  3 -2  4 -3 -3  0 -2 -3 -2  0 -1 -3 -1 -3 1 0 0 1 0.01
-2 -3 -3 -4 -2 -3 -3 -4 -2  1  3 -3  1  5 -4 -3 -2  0  2  0 0 0 1 0 0.01
 0  0 -1 -1 -3 -1 -1  5 -2 -4 -4  2 -2 -3 -2  0 -1 -3 -3 -3 0 0 1 1 0.01
-1  1 -3 -3  7 -2 -3 -3 -2  0  1 -1  0 -2 -3 -1 -1 -2 -2 -1 0 0 1 0 0.01
 0  0  0 -1 -1  2  0 -1 -1 -2 -2  1 -1 -3 -1  2  3 -3 -2 -1 0 0 1 1 0.02
-2 -2  3 -1 -2 -2 -2 -3 -2  1  3 -2  1  0 -3 -1 -1 -2 -2  0 0 0 1 0 0.02
-2 -1  1  5 -4  0  3 -2 -1 -3 -4  0 -3 -4 -2  0 -1 -4 -3 -3 0 0 1 1 0.02
-1 -1 -1  0 -2  0  2 -2 -2 -2 -3  0 -2 -3  6  0  2 -3 -2 -2 1 0 0 1 0.02
 1 -1 -2 -2 -1  2 -1 -2 -2  1  2 -1  1 -1 -2 -1 -1 -2 -1  2 1 0 0 1 0.03
 0 -1  0 -1 -1 -1 -1 -1 -2 -1 -2 -1 -1 -2 -1  3  4 -3 -2 -1 1 0 0 0 0.03
 0  4  0 -1  3  0  0 -1 -1 -3 -2  1 -2 -3 -2  3  0 -3 -2 -2 1 0 0 0 0.02
 0  2  0 -1 -1  0 -1 -1 -1 -1  1  0  0 -1 -2  3  0 -3 -2 -1 1 0 0 1 0.03
-1  1  4  0 -3  2  0 -1  0 -3 -3  2 -2 -3 -2  1  0 -3 -2 -3 1 0 0 1 0.03
-2 -3 -4 -4 -1 -3 -3 -4 -3  3  4 -3  2  0 -3 -3 -1 -2 -1  2 1 0 0 0 0.02
 0 -1  0  3 -2 -1  0 -2 -2 -1 -2 -1 -1 -3 -1  1  4 -3 -2 -1 1 0 0 1 0.02
 0  0  0  3 -3  3  1  2  2 -3 -3  0 -2 -3 -2  0 -1 -3 -2 -3 1 0 0 1 0.02
-2 -2 -4 -4 -1 -2 -3 -4 -3  1  4 -3  2  0 -3 -3 -1 -2 -1  1 1 0 0 0 0.02
 0 -3 -3 -3 -1 -3 -3 -4 -3  3  1 -3  1 -1 -3 -2  0 -3 -1  4 1 0 0 0 0.02
-2 -2  1  6 -4 -1  1 -2 -1 -3 -4 -1 -3 -4 -2  0 -1 -5 -3 -4 1 0 0 1 0.02
 2  2 -1 -1 -2  0  0 -1 -1 -2 -2  3 -1 -3 -1  1  0 -3 -2 -1 1 0 0 1 0.02
 4 -1 -1 -1 -1  3  0  0 -1 -2 -2  0 -1 -3 -1  1  0 -3 -2 -1 1 0 0 0 0.02
 4 -2 -2 -2 -1 -1 -1  0 -2 -2 -2 -1 -1 -2 -1  1  0 -3 -2  0 1 0 0 0 0.02
 2  0 -1 -1 -2  0  1 -1 -1 -1 -1  3  2 -2 -1  0 -1 -3 -2 -1 1 0 0 1 0.02
-1  1 -1 -1 -3  2  0 -2 -1 -1  1  3  0 -2 -2 -1 -1 -3 -2 -1 1 0 0 1 0.03
 4 -2 -2 -2 -1 -1 -1  0 -2 -1 -2 -1 -1 -2 -1  1  1 -3 -2  0 1 0 0 0 0.03
-1 -3 -3 -4 -2 -3 -3 -3 -2  2  1 -3  0  5 -3 -2 -1 -1  1  3 1 0 0 0 0.03
-1 -1  1  5 -4  1  4 -2 -1 -3 -3  1 -3 -4 -1  0 -1 -4 -3 -3 1 0 0 1 0.03
 3 -1  0  2 -1 -1  0  0 -1 -2 -2 -1 -2 -3 -1  2  0 -3 -2 -1 1 0 0 1 0.03
-2 -2 -4 -4 -1 -2 -3 -4 -3  1  4 -3  2  0 -3 -3 -1 -2 -1  1 1 0 0 0 0.04
-2  4  0  4 -4  0  1 -2 -1 -3 -3  1 -2 -3 -2 -1 -1 -4 -3 -3 1 0 0 1 0.05
-1 -1  3 -1 -2  2 -1 -2 -1  0  0 -1  5 -1 -2 -1 -1 -2 -2 -1 1 0 0 1 0.08
-1  2 -1 -2  7  3 -1 -3 -1 -2 -2  0 -1 -3 -2 -1 -1 -3 -2 -2 1 0 0 0 0.10
-2  4  0 -2 -3  1  0 -2  6 -3 -3  1 -2 -2 -2 -1 -2 -3  0 -3 1 0 0 0 0.11
-1  1  0 -1 -3  4  1  3 -1 -3 -3  3 -1 -3 -2  0 -1 -3 -2 -3 1 0 0 1 0.14
-1  1  3  3 -3  1  1 -1  0 -3 -3  3 -2 -3 -2  0 -1 -4 -2 -3 1 0 0 1 0.15
-1 -2 -2 -3 -1 -2 -2 -3 -3  1  3 -2  1  0 -2 -1  2 -2 -1  0 1 0 0 0 0.19
-1 -2  1 -2 -1 -2 -2 -2 -2  3  0 -2  0 -1 -2  0  3 -3 -2  1 1 0 0 0 0.23
 0  0  0  3 -3  4  3 -2  0 -3 -3  0 -1 -3 -1  0 -1 -3 -2 -2 1 0 0 1 0.26
 0  1  0  1 -3  3  4 -2  0 -3 -3  1 -2 -3 -1  2  0 -3 -2 -2 1 0 0 1 0.33
 0  3  0 -1 -3  4  1 -2  0 -3 -2  3 -1 -3 -1  0 -1 -3 -2 -2 0 0 1 1 0.36
 0 -3 -1 -2 -3 -2 -2  6 -2 -4 -4 -2 -3 -3 -2  0 -2 -3 -3 -3 0 0 1 1 0.40
-1 -2 -2 -2 -2 -2 -2 -3 -2  0  0 -2  0  5 -2  0  3  0  1  1 0 0 1 1 0.47
 0 -1  3  0 -2 -1 -1  3 -1 -3 -3 -1 -2 -3 -2  3  0 -3 -2 -3 0 0 1 1 0.55
-1 -3 -3 -3 -1 -3 -3 -4 -3  3  2 -3  1 -1 -3 -2  0 -3 -1  3 1 0 0 0 0.51
 0 -3 -1 -2 -3 -2 -2  6 -2 -4 -4 -2 -3 -3 -2  0 -2 -3 -3 -3 0 0 1 0 0.56
-1  4 -1 -1 -3  1  0 -2 -1 -2  0  3 -1 -2 -2  0  1 -3 -2 -1 1 0 0 1 0.58
-1 -1 -2  0 -2  0  4 -3 -1  0  2  0  1 -1 -2 -1 -1 -2 -2 -1 1 0 0 0 0.52
 4 -1 -1 -1 -1 -1 -1  0 -2 -2 -2 -1 -1 -2 -1  2  0 -3 -2 -1 1 0 0 0 0.44
-2  6 -1 -2 -4  1  0 -3  0 -3 -2  2 -2 -3 -2 -1 -1 -3 -2 -3 1 0 0 1 0.27
-2 -1  1  4 -4  0  1 -2  6 -3 -3 -1 -2 -2 -2 -1 -2 -3  0 -3 0 0 1 1 0.19
-2 -2 -4 -4 -1 -2 -3 -4 -3  1  4 -3  2  0 -3 -3 -1 -2 -1  1 1 0 0 0 0.15
-1 -1  3  3 -4  1  4 -2  0 -3 -3  0 -2 -3 -2  0 -1 -4 -2 -3 1 0 0 1 0.11
-1 -2 -1 -2 -1 -1 -2 -2 -2  0  1 -1  4 -1 -2  0  3 -2 -1  0 1 0 0 0 0.07
-1  0 -1 -2 -2  2  0 -2 -1  1 -1  3  0 -2 -2 -1  0 -3 -2  2 1 0 0 0 0.05
 4 -2 -1 -2 -1 -1 -1  0 -2 -1 -2 -1 -1 -2 -1  1  2 -3 -2  0 1 0 0 0 0.03
-1 -3 -3 -4 -1 -2 -3 -4 -3  2  3 -3  1  0 -3 -2 -1 -2 -1  3 1 0 0 0 0.02
-2 -3 -3 -4 -2 -3 -3 -4 -3  3  2 -3  1  3 -3 -3 -1 -1  0  2 1 0 0 0 0.02
-1 -2 -2 -2 -3 -2 -1 -2 -2 -3 -3 -1 -3 -4  8 -1 -1 -4 -3 -3 1 0 0 0 0.01
-1 -1 -1 -1 -2  2  2 -3 -1  0  2  0  2 -1 -2 -1 -1 -2 -1  1 1 0 0 1 0.02
-2 -2 -4 -4 -1 -2 -3 -4 -3  1  4 -3  2  0 -3 -3 -1 -2 -1  1 1 0 0 0 0.02
-2 -2 -4 -4 -1 -2 -3 -4 -3  1  4 -3  2  0 -3 -3 -1 -2 -1  1 1 0 0 0 0.02
-2  6 -1 -2 -4  1  0 -3  0 -3 -2  2 -2 -3 -2 -1 -1 -3 -2 -3 1 0 0 1 0.02
-1  0  4  2 -3  0  0 -1  0 -3 -3  2 -2 -3 -2  2  0 -4 -2 -3 1 0 0 1 0.03
-1 -3 -3 -3 -1 -2 -3 -4 -3  3  2 -3  1 -1 -3 -2  0 -3 -1  4 1 0 0 0 0.03
-2 -3 -3 -4 -2 -3 -3 -4 -2  1  3 -3  1  5 -4 -3 -2  0  2  0 1 0 0 0 0.03
 2 -1  3  0 -2  0  2 -1 -1 -2 -2  0 -2 -3 -1  1  1 -3 -2 -1 1 0 0 1 0.05
 1  0  0  3 -2  4  1 -1 -1 -3 -3  2 -1 -3 -1  0 -1 -3 -2 -2 1 0 0 1 0.09
-2 -3 -4 -4 -1 -3 -3 -4 -3  4  2 -3  1  0 -3 -3 -1 -3 -1  2 0 0 1 0 0.15
-1 -2 -2 -2 -3 -1 -1 -2 -2 -3 -3 -1 -3 -4  8 -1 -1 -4 -3 -3 0 0 1 1 0.22
 4 -1 -2 -2  0 -1 -1  0 -2 -1 -2 -1 -1 -2 -1  1  0 -3 -2  0 0 0 1 1 0.38
