-1  1  0 -1 -3  6  2 -2  0 -3 -3  1 -1 -4 -2  0 -1 -2 -2 -3 0 0 1 1 0.94
-1 -1  4  4 -3  0  0 -1  4 -4 -4 -1 -3 -3 -2  1 -1 -4 -1 -3 0 0 1 1 0.95
-2 -3 -4 -4 -3 -3 -3 -4 -3  0  4 -3  0  0  5 -3 -2 -3 -2 -1 1 0 0 0 0.94
-2 -2  3  6 -4 -1  1 -2 -2 -4 -5 -1 -4 -4 -2  0 -1 -5 -4 -4 1 0 0 1 0.94
 0 -2  0 -2 -2 -1 -2  2  2  1 -2 -2 -1 -1 -2  2  1 -2  3 -1 1 0 0 1 0.95
 0 -1 -3 -4 -2 -2 -3 -3 -3  2  1 -2  7  0 -3 -2 -1 -3 -2  2 1 0 0 0 0.92
-2 -3 -3  1 -3 -2  0 -4 -3  0  4 -3  1 -1  2 -3 -2 -3 -2 -1 1 0 0 0 0.95
-2 -2  1 -2 -3  2 -1 -3  6 -1  2 -2  2 -2  1 -2 -2 -3 -1 -1 1 0 0 1 0.97
 0  4 -1 -1 -4 -1 -1  3 -2 -4 -3  2 -3 -3  1 -1 -2  3 -2 -3 0 0 1 1 0.98
 1  0  3 -1 -2 -1 -1 -1 -2 -3 -3 -1 -2 -3 -2  3  4 -4 -3 -2 0 0 1 0 0.98
 0  0 -1  1 -3 -2 -1  5 -2 -4 -4 -2 -3 -4 -3  3 -1 -4 -4 -4 0 0 1 0 0.97
 1 -2  1 -2 -2 -2 -2  4 -2 -2 -1 -2  2 -2 -2  1 -1  3 -2  0 0 0 1 1 0.97
 0  3 -1 -2 -3  0  1  0  3 -4 -3  4 -2 -3 -2  0 -1 -4 -2 -3 0 0 1 1 0.97
 0 -2 -1  0 -2 -2  0  1 -1  0  1 -2  0 -2  2  1  0 -3 -2  1 0 0 1 1 0.98
 1 -2  4  1 -3  0  3  2 -1 -4 -4 -1 -3 -4 -2  1  0 -4 -3 -3 0 0 1 1 0.98
 2 -1 -1  0 -2 -1 -1  1 -2 -2 -2 -1 -1 -3  2  3  1 -3 -3  0 0 0 1 1 0.98
 0 -1  1  4 -3 -1  3  3 -2 -4 -4 -1 -3 -4 -2  0 -1 -4 -3 -3 0 0 1 1 0.98
 0  4 -1  0 -3  1  0 -1 -2 -3 -3  1 -2 -3  3  1  0 -3 -3 -3 0 0 1 1 0.98
-2  2 -1  2 -4  1  1  2 -1 -3 -3  3 -2  0 -1 -1 -2  1  0 -3 0 0 1 1 0.98
 0  3 -1 -2 -3  2  1 -2 -2 -2 -1  4  2 -3 -1 -1  0 -3 -2 -2 0 0 1 1 0.98
 0  2 -1  0 -3  2  3  0 -1 -3 -3  1 -2 -3  0  0  0 -3 -2 -2 0 0 1 1 0.97
-1  0  2  3 -3  1  2  1 -1 -2 -2 -1 -2 -3 -2  0  1 -3 -3 -2 0 0 1 1 0.94
 1  0  3  2 -2 -1  0  1 -1 -3 -3  0 -2 -2 -2  2  2 -4 -3 -2 0 0 1 1 0.93
 0 -3  1 -1 -3 -2  0  5 -2 -4 -4 -2 -3  0  2  0 -2 -3 -3 -3 0 0 1 1 0.92
 1 -2 -2 -2 -2 -1  1 -1 -3  1  0 -2 -1 -2 -1  2  1 -4 -2  2 0 1 0 1 0.87
 1  0 -2 -2 -2 -2 -2 -1 -3 -1 -1  0 -2  0 -1  2  4 -4 -2 -1 0 1 0 0 0.81
 2 -2 -1 -2 -2  0 -2  0 -2  1  1 -2  1 -1 -3  0  2 -3  0  0 0 1 0 0 0.71
 3 -1 -2 -1 -2 -2 -1  0 -3 -1 -2 -1 -2  0  3  1 -1 -4 -2  2 0 0 1 0 0.61
 0 -2  0  0  4 -1 -3 -1 -3 -4 -4 -2 -3 -4  6  0 -1 -5 -1 -2 0 0 1 1 0.45
 0  0 -2  1 -1  0  2 -3 -2 -2 -1  0 -2  0  3  0  0  2 -2  0 0 0 1 1 0.32
-1  0  3  3 -3  1  1 -3 -2 -2 -1  0 -2 -2  3  0 -1 -4 -3 -2 0 0 1 1 0.28
 1  0  2  0 -1 -1  1  0  0 -2 -1 -1 -1 -2  0  2  1 -3 -2 -2 0 0 1 1 0.19
 1  0 -2 -2 -2  2  0 -2  1  0  1 -1 -1 -2  2  0  0 -3 -2  2 0 0 1 1 0.11
 0  2  1 -2 -4  1  0  0 -1 -2 -2  2 -3 -4  4  0 -1 -4 -3 -3 0 0 1 1 0.06
 0  2 -2 -3 -3 -1 -1  3 -2 -1  0  0  2  2 -3 -1 -1 -3 -2  0 0 0 1 1 0.04
-4 -3 -1 -5 -4 -4 -5 -5 -4  2  5 -4  2  1 -5 -4 -3 -3  2  0 0 1 0 0 0.02
-2  4 -2 -1 -4  2  0 -4 -1 -3 -2  4  0 -4 -3  0  1  2 -2 -4 0 1 0 1 0.01
-5 -8 -7 -8 12 -8 -9 -7 -8 -6 -6 -8 -6 -7 -8 -6 -6 -7 -7 -5 0 1 0 0 0.01
-1  1 -1 -5 -5 -3 -4 -1  5 -1 -3 -1 -2  1 -5 -2 -3 -2  7  1 0 1 0 1 0.01
-5 -8 -7 -8 12 -7 -8 -7 -8 -6 -6 -7 -6 -7 -7 -1 -5 -7 -7 -5 0 0 1 0 0.01
-2 -2  1  4 -4  2  3 -1  1 -2 -2 -2 -3 -3 -3  2 -1 -4  0 -3 0 1 0 1 0.01
-1 -2 -1  0 -3 -2  1  3  5 -2 -3 -2 -3  0  2 -1  0 -3  0 -3 0 1 0 1 0.01
-1  0  0  0  1  0  0 -3  6  0  0 -2  1 -1  0  0  0 -3  2 -2 0 0 1 0 0.01
-2 -5 -4 -2 10 -4 -2 -3 -5 -2 -3 -1 -4 -5 -5  0 -2 -5 -5 -3 0 0 1 1 0.01
 0 -1 -2 -1  3  1  0 -1 -1 -1 -2  0 -2 -3  5 -1 -1 -3 -3 -3 0 0 1 0 0.01
-1  0  1  2  1  0  3  2 -1 -2 -2  0 -2 -3 -1  0 -2 -3 -3 -1 0 0 1 1 0.01
-2 -1  3  3  3  1  0  1  1 -3 -2 -2 -3 -3 -1  0 -1 -3  0 -1 0 0 1 1 0.01
 1  0  0  0  2  1  0  0  0  0 -1  0 -1 -1  0  1  0 -2 -1  0 0 0 1 1 0.01
 0  0 -1  0 -2  1  0 -1  1  0 -1  0 -1  0  1  0  2 -2  0  1 0 1 0 1 0.02
-2 -2  7 -1 -4 -1 -1 -1  2 -5 -5 -3 -4 -5  0 -1 -1 -5 -4 -4 0 0 1 1 0.02
-2 -1  3  0  1  0 -1  1  4 -3 -3 -2  0  1 -1  1  0 -2  2 -3 0 0 1 1 0.01
-2  0 -2 -2 -2 -2 -1 -3 -2  1 -1 -2  2 -2  0  0  5 -3  0  0 0 1 0 0 0.01
-3 -4 -4 -4 11 -4 -4 -4 -4 -3 -3 -4 -3 -4 -4 -3 -3 -4 -4 -3 0 1 0 0 0.01
-1  0  0 -1 -3  2  2 -1  0  1 -1  0  0 -1 -1  0  0  1  0  1 0 1 0 1 0.01
-1 -2  0  0 -4 -4 -4 -4 -4 -4 -2 -4 -4 -5  2  0  6 -5 -5 -4 0 1 0 0 0.01
 0  1  1  5 -5 -2  2  1 -3 -5 -3 -1 -4 -5 -4 -1  1 -6 -5 -3 0 0 1 0 0.01
 0 -3 -3 -4 -5 -2 -1  6  0 -1 -4 -4 -2 -3 -5  1 -2 -5 -2 -2 0 0 1 0 0.01
 2 -2 -3 -4 -4  3 -2 -2  2 -2 -1  1  0  0 -2  1 -2 -1  3  0 0 1 0 0 0.01
-5 -8 -8 -8 12 -8 -9 -8 -8 -6 -6 -8 -7 -8 -8 -1 -6 -8 -8 -6 0 1 0 0 0.01
-6 -6 -7 -7 -6 -6 -7 -4 -5 -3 -1 -7  3  8 -7 -6 -6  6  4 -5 0 1 0 0 0.01
 3 -2 -1 -4 -4 -3 -3 -3  2 -1 -3  1 -2 -3 -4  1  3  0 -4  2 0 1 0 0 0.01
 1 -1 -1 -4 -4  0 -4 -4 -2  1 -3 -1  3 -1 -4  5 -2 -5 -4 -2 0 1 0 0 0.01
-2 -1 -4 -5 -4 -4 -4 -5 -3  4  1 -3  0 -3 -5 -4  2 -5 -2  4 0 1 0 0 0.02
-1  0 -1 -2 -4  1  3 -2 -3 -2  0 -1  2 -1 -3  1  1 -4 -1  0 0 1 0 0 0.02
-1  2 -2  0 -4  0  3 -4 -1  0  1  1 -1 -2 -3 -1 -2 -4  0 -1 0 1 0 0 0.02
-1  1  2  3 -4 -2  2 -2 -3 -1 -3 -1 -3 -4  0  0  1 -5 -4  0 0 0 1 1 0.03
 0 -2  2  2 -4  2  2  0 -1 -4 -2  1 -3 -4 -1  1  0  0 -1 -2 0 0 1 1 0.04
-2 -1  2  4 -4  0  0  1  3 -2 -4 -2 -1 -2 -3  1  0  1  0 -3 0 0 1 1 0.05
-2 -2 -1 -2 -4  0 -2  5 -2 -3 -3  1  0 -4  0  0 -1 -1 -1 -4 0 0 1 1 0.05
-1  0  0  0 -4  1  3 -2  0  0 -2  1  1 -3 -2 -1  0 -4 -1  1 0 0 1 1 0.04
-1 -1 -1 -1 -4  0  2 -4  0  2 -1 -1 -2 -3  2  0  1 -4 -1  1 0 1 0 1 0.03
-2 -1 -2 -3  0 -1  1 -4  0  2 -1  0  0 -1  0  0  2 -4 -2  2 0 1 0 1 0.03
-3  2 -2 -4  0  0  0 -5  5  0  1 -1 -2  0 -3 -2 -2  1  2  1 0 1 0 1 0.03
-1  1  1 -3 -4  1  0 -2  1 -4 -2  1 -2 -5 -4  2  4 -5 -3 -2 0 1 0 0 0.02
-1  3 -2 -4 -5 -1 -3 -4  4 -5 -4  2 -2  1 -5  2 -2  1  4 -4 0 1 0 0 0.02
-1  2 -3 -2 -4  0 -3  6  0 -5 -4 -3  1 -5 -4 -1 -1 -1 -4 -4 0 1 0 0 0.02
-5 -7 -7 -7 12 -7 -7 -7 -7 -6 -6 -3 -6 -7 -7 -5 -2 -6 -6 -5 0 1 0 0 0.01
-2 -4 -5 -5 -4 -2 -4 -5 -5  3  4 -4  3  1 -5 -3  1 -4 -2  2 0 1 0 0 0.01
 0 -2  0  1 -4  0  0  1  2 -3 -4  1 -3  0  4  1  0 -4 -2 -2 0 0 1 0 0.01
-2 -1 -2 -3 -5 -4 -3 -2  0 -4  1 -1 -2 -4  6  0 -1 -4  3 -4 0 0 1 1 0.01
 1  2 -1  0 -4  0  4 -2  1 -2 -2  0 -3 -4  2 -1 -2 -1 -2 -1 0 0 1 1 0.01
-1 -2  0  3 -4  2  2  4 -1 -2 -2 -2 -4 -4 -1 -1 -3 -4 -4 -4 0 0 1 0 0.01
-1  2  0 -1 -1  1 -1  1  1 -2  0  0  0 -3 -1  2  1 -4 -3 -1 1 0 0 0 0.01
-2 -1 -1  1 -4 -2 -1 -2  2  0  0  1 -3  0  5 -1 -2 -4  1 -3 1 0 0 0 0.01
-1 -5 -5 -3  1 -4 -3 -3 -1  1  2 -5  4  6 -5 -2 -2 -3 -2 -1 1 0 0 0 0.01
-3 -3 -2 -2  2  6 -1 -3  1  1 -2 -1  3 -2 -4 -2  1  2  1 -1 1 0 0 0 0.02
-2 -7 -7 -7 11 -7 -2 -2 -7 -2 -6 -7 -6 -7 -7 -5 -5 -7 -7 -5 1 0 0 0 0.02
 0  3  1 -2 -4  0 -1 -3  4 -4 -1  3  0  1  0 -1 -3  1  0 -4 1 0 0 1 0.03
-1 -2  1  1  1  1 -1  2 -1 -2 -2 -2  0 -3  1  1  2 -4 -1  0 0 0 1 0 0.03
 1 -1  0 -1 -3 -1 -2 -1  3 -2 -4  0 -3 -2 -1  4  1 -1  2 -2 0 0 1 0 0.04
 0  2  1  0 -3  0  0  0 -1 -2 -1  0 -1 -2  3  1 -1  2 -3 -2 0 0 1 1 0.05
-1 -1  3 -1 -3  0  0 -1  2 -1 -2  1 -1 -2 -1  2  1 -4 -1  0 0 0 1 1 0.05
 1  1 -1 -1 -3  0  0 -1  2  0 -1  0 -2 -1  2  1  0 -4 -2  0 0 0 1 0 0.05
-1  1  2  1 -4  1  0  0  3 -2 -2  0 -2 -1 -1  0  0 -3  0 -2 0 0 1 1 0.04
 0  0  0  1 -3  1  0  0  2  0  0  0  0 -1  0  0  0 -3  0 -1 0 0 1 1 0.04
-2  3 -1 -1 -3  1  0 -1  1 -3 -2  2 -2 -3  1  0  1 -1 -1 -1 0 0 1 1 0.03
-1  2  0 -2 -3  0 -1  0 -1 -1 -1  1  0  1 -1  1  1 -2  2  0 0 1 0 0 0.02
 1 -1  1 -1 -2 -1 -1 -1 -1  1 -1  0  0 -2 -2  1  2 -3 -1  1 0 1 0 0 0.01
-1 -2 -3 -4 -3 -3 -3 -1  0  4  1 -3  0 -1  0 -2  0 -4 -1  4 0 1 0 0 0.01
 0 -1 -1 -1  4  0  3 -3  3 -2 -1  0  1 -3  0  0 -2 -3  1 -2 0 1 0 1 0.01
-5 -7 -7 -7 11 -7 -7 -6 -7 -5 -1 -7 -5 -6 -7 -5 -5  3 -6 -5 0 1 0 1 0.01
-5 -1 -1  0 11 -6 -4 -3 -6 -5 -5 -3 -5 -6 -6 -5 -1 -6 -6 -5 0 1 0 0 0.01
-2  1  3  3 -4  2  1 -3  0 -3 -4  1 -3  0 -2 -1  1 -4  2 -4 0 0 1 1 0.00
-2  1 -1  0 -4  2  2  0 -2 -3 -2 -1  1 -3 -2  1  3 -4 -1 -3 0 0 1 1 0.00
-3 -6  3  7 -7 -4 -3 -2 -1 -7 -7 -5 -7 -6 -1 -2 -2 -7  1 -7 0 0 1 1 0.00
-5 -3 -3 -6 -6 -3 -3 -7  1 -3  3 -4  4  6 -7 -5 -5  1  4 -4 0 0 1 1 0.01
-5 -9 -8 -9 11 -8 -9 -8 -8  2 -6 -8 -6 -7 -8 -6 -6 -7 -7 -5 1 0 0 0 0.01
-6 -5  9 -3 -7 -5 -5 -5 -4 -8 -8 -5 -7 -8 -7 -4  2 -8 -7 -7 1 0 0 0 0.01
-3  4  0  3 -5  0  0 -2  0 -2 -1  4  0 -3 -4 -2 -3 -5 -1 -2 1 0 0 1 0.01
-3 -2  3  4 -5 -1  1  1  3 -2 -3  0 -4 -2 -4 -3 -2 -1  3 -4 0 0 1 1 0.01
-4 -4 -5 -3 -4 -3 -1 -6 -2  2  5 -2  0 -3  0 -3 -2 -4 -2 -1 0 0 1 0 0.02
-2  1  1  1 -4  3 -1 -4  4 -3 -1  1 -2  2 -3 -1  1  0  1 -3 0 0 1 1 0.03
-1 -5 -5 -1 -6 -5 -4 -5 -5 -3  0 -4 -1 -6  8 -4 -4 -6 -6 -1 0 0 1 0 0.04
-2 -1 -2  0 -4  2  2 -2 -1 -1 -3  0  1 -4  0 -1  5 -5 -4  1 0 0 1 1 0.07
-2 -3 -5 -5 -3 -2 -4 -4 -1  1  4 -3 -1  2 -2 -3 -2 -3  4  1 0 0 1 0 0.08
-1 -4 -2 -3 -5 -3  0 -1  1 -3 -4 -1  1 -2  6  1  0 -5 -2 -3 0 0 1 1 0.11
-1 -4 -4 -1 -5 -1  0 -4 -4 -2 -3 -2 -4 -5  8 -1 -1 -6 -5 -2 0 0 1 1 0.17
 0  2  0 -2 -3  0 -1 -3  0 -1  0  2 -1  0  1  0 -1 -3  1  0 0 0 1 1 0.23
 0  0 -1 -1 -3 -1  0 -1 -3  0 -1  1  1 -2  3  0  2 -4 -3  1 0 0 1 1 0.35
-1 -3  0 -1 -3  0 -2  0 -3 -1 -1 -2 -3 -2  3  1  4 -4 -2 -2 0 0 1 1 0.39
 1  1 -1 -2 -3 -2 -1  1  0 -3 -2  0 -3 -4  4  0  3 -4 -3 -2 0 0 1 1 0.45
-2 -4 -2  4 -5 -3 -2 -2 -4 -5 -2 -3 -4 -5  7 -1  0 -5 -1 -4 0 0 1 1 0.48
-1 -2 -2  2 -3 -2  0 -3 -2 -1  0 -1 -1  4 -3 -1  0  3  2  0 0 0 1 1 0.55
 0 -1 -3 -3 -2 -2 -1 -3 -3  2 -1 -2  0  2  1 -1  0 -3 -1  3 0 0 1 1 0.62
 0 -2  2  5 -3 -1  2 -2 -2 -3 -4 -1 -3 -4 -2  0  0 -5 -4 -2 0 0 1 1 0.63
 1 -3 -1 -2 -3 -2 -2  5 -2 -3 -2 -2 -2 -2 -3  2  0 -3  1 -3 0 0 1 1 0.67
-1 -1  2  1 -3 -1 -1  2 -2 -3 -4  0 -3 -4  4  2  1 -4 -3 -3 0 0 1 1 0.61
-2 -3 -4 -4 -2 -3 -4 -4 -4  5  2 -3  1 -1 -3 -3 -1 -3 -2  3 0 0 1 1 0.70
-2  3  0 -1 -4  4  0 -3  6 -4 -3  1 -2 -3 -2 -1 -2 -3  0 -3 0 0 1 1 0.77
