 0 -2  0 -1 -3 -2 -2  6 -2 -4 -4 -2 -3 -3 -2  0 -2 -3 -3 -3 0 0 1 1 0.73
-2 -2 -3 -4 -2 -1 -3 -3 -2  2  2 -2  7  0 -3 -2 -1 -2 -2  1 0 0 1 1 0.58
-1  2 -1 -1 -4  1  0 -2 -1 -3 -3  6 -2 -4 -2 -1 -1 -4 -2 -3 0 0 1 1 0.44
-1 -3 -2 -2 -3 -2 -2 -3 -3 -3 -3 -2 -3 -4  7 -1  1 -4 -3 -2 0 0 1 1 0.49
-2 -2 -3 -3 -2 -2 -3 -3 -3  1  4 -2  2  0 -3 -2 -1 -2 -1  0 1 0 0 0 0.43
-1  3 -1  1 -3  1  0 -2 -1 -1 -2  4 -1 -3 -2 -1 -1 -3 -2 -2 1 0 0 1 0.32
 1  1 -1  0 -3  3  4 -2 -1 -3 -3  0 -2 -3  2  1 -1 -3 -2 -2 1 0 0 1 0.26
 0  0 -3 -3 -1  0 -2 -3 -3  1  1 -2  0 -1 -3 -1  0 -3 -2  4 1 0 0 0 0.37
 3 -1  0 -2 -2  0 -1  1  1 -2 -1  0 -1 -2 -2  1 -1 -3 -2 -1 1 0 0 0 0.32
-1  1 -1  1 -3  4  2  1  1 -2 -1  0  2 -3 -2 -1 -1 -3 -2 -2 1 0 0 1 0.28
 4 -2 -2 -2 -1 -1 -1 -1 -2  0 -2 -1 -1 -3 -2  2  0 -3 -2  1 1 0 0 0 0.26
-1 -2  2  0 -3 -2 -1 -3  0 -3 -2 -2 -2  1 -3 -2 -2  4  7 -2 1 0 0 0 0.23
-1 -2 -2  1 -2 -2 -2 -3 -2  0  3 -1  3  2  1 -2 -2 -2 -1  0 1 0 0 0 0.17
 4 -2 -2  0 -2 -1 -1  1 -2 -2 -1  0 -1  0 -2  0 -1  4 -1 -1 1 0 0 0 0.15
-2  0 -2 -3 -2 -1 -2 -3 -2  0  3  1  2  2 -3 -1 -1 -2 -1  0 1 0 0 0 0.14
 2 -2 -1 -1 -2 -1  1  2 -2 -2 -3 -1 -2 -3 -2  3  0 -3 -2 -1 1 0 0 0 0.13
-2 -1  0  3 -3  3  3 -2 -1 -1 -1  1 -2 -3 -2 -1 -1 -3 -2 -1 1 0 0 1 0.12
 3 -2 -2 -2 -2 -2 -2  4 -3 -3 -1 -2 -2 -3 -2  0 -1 -3 -3 -2 1 0 0 0 0.11
-2  0  3  0 -3  3  3 -1  3 -3 -1  1 -1 -2 -2 -1 -1 -3  0 -2 1 0 0 1 0.10
 0  5 -1 -2 -3  2  0 -2 -1 -1 -1  2  0 -3 -2  0 -1 -3 -2 -2 1 0 0 1 0.08
-1  1  0  1 -3  3  1 -2  3 -2  0  2 -1  0 -2  0 -1 -2 -1 -2 1 0 0 1 0.07
-1 -2 -3 -3 -2 -2 -2 -3 -2  1  3 -2  2  2 -2 -2 -1 -1  2  0 1 0 0 0 0.06
 0  0  1 -1 -2  2  1  2  1 -1 -1  1 -1 -2 -1  0 -1 -2 -1 -1 1 0 0 1 0.05
 1 -1  0  2 -2  1  2  1 -1 -1  0 -1 -1 -2 -2  0 -1 -3 -2 -1 1 0 0 1 0.04
 1 -3 -1 -2 -3 -2 -1  6 -3 -4 -4 -2 -3 -4 -3 -1 -2 -3 -4 -4 1 0 0 0 0.04
 1  3 -1 -1 -3  1  1 -2  1 -2  0  2  1 -2 -2  0 -1 -3 -2 -2 1 0 0 1 0.03
-3 -3 -3 -4 -4 -3 -3 -4  2 -2 -1 -3 -2  5 -4 -3 -3  2  7 -2 1 0 0 0 0.03
 1  0 -1  2 -4  2  5 -1 -1 -4 -3  0 -3 -4 -2  0 -1 -4 -3 -3 1 0 0 1 0.03
 0 -1 -1  4 -4  1  5 -3 -1 -4 -4 -1 -3 -4 -2 -1 -2 -4 -3 -3 1 0 0 1 0.03
 5 -2 -2 -3 -2 -2 -1 -1 -3 -3 -3 -2 -2 -3 -2  1 -1 -4 -3 -1 1 0 0 0 0.02
 2 -3 -3 -3 -2 -2 -1 -3 -3  3  2 -2  2 -1 -3 -1 -1 -3 -2  1 1 0 0 1 0.02
 3 -2  1 -1 -2  0  1 -1 -2 -1 -1 -1 -1 -3 -2  1 -1 -3 -2  0 1 0 0 1 0.02
 0 -1  2 -1  0  1  1 -1 -1 -3 -3  0 -2 -3 -2  4  1 -4 -3 -3 1 0 0 0 0.02
-2 -3 -3 -4  6 -3 -3 -4  0 -2 -2 -3 -2  3 -4 -1 -2  0  7 -2 1 0 0 0 0.02
-2  3  0  4 -4  1  2 -2 -1 -2 -3  0 -3 -4 -2  0 -2 -4 -3 -3 1 0 0 1 0.02
-2  2  1 -2 -3  0 -1 -2  2 -1  0  5 -1 -3 -2  0 -1 -4 -2 -2 1 0 0 1 0.02
 6 -3 -3 -3 -2 -2 -2 -1 -3 -3 -3 -2 -2 -3 -2  0 -1 -4 -3 -1 1 0 0 0 0.02
-2 -3 -4 -4 -2 -3 -4 -4 -3  3  4 -3  5 -1 -4 -3 -2 -3 -2  0 1 0 0 0 0.02
 0 -1 -1  2 -3  4  4 -2 -1 -4 -3  0 -2 -4 -2  0  0 -4 -3 -3 1 0 0 1 0.03
-1 -2 -3 -3 -2 -2 -2 -3 -1  3  2 -2  2  1 -3 -2 -1 -2 -1  2 1 0 0 0 0.03
 1  0  2  1 -2  1  0 -1 -1 -2 -2  1 -1  0 -1  2  0 -2 -1 -2 1 0 0 0 0.03
 0  3 -1 -1 -2  1  0 -1  2 -2 -2  1 -2 -2  4  0 -1 -2 -1 -2 1 0 0 1 0.03
 0  0  1  1 -2  0  1 -1 -1 -2 -2  2 -1 -2 -1  1  3 -2 -2 -1 0 0 1 1 0.03
-1 -1 -1 -1 -1 -1 -1 -2 -1  2  1 -1  2  0 -1 -1  1 -1  0  1 0 0 1 0 0.03
 0 -2 -1 -1 -2 -1  0  0 -2 -2 -2 -1 -2 -2  6  0 -1 -2 -2 -2 0 0 1 1 0.04
 0 -1  0  3 -2  0  1 -1 -1 -2 -1  0 -1 -2  2  1  0 -2 -2 -1 0 0 1 1 0.05
 0 -1  0  1 -2  0  3  0  2 -2 -2  0 -1 -2 -1  1  0 -2  0 -2 1 0 0 1 0.05
-1 -1 -1  1 -3  3  5 -2  0 -3 -2  0 -2 -3 -1 -1  0 -2 -2 -2 1 0 0 1 0.05
 4 -1 -1  0 -1 -1  1 -1 -2 -1 -1 -1 -1 -2  0  0  0 -2 -2  0 1 0 0 0 0.04
-2 -2 -2 -2 -2 -2 -2 -2 -2  0  0 -2 -1  5 -3  0 -2  7  2 -1 1 0 0 0 0.04
 0  0  2  4 -2  0  0 -1  0 -2 -2  1 -2 -1 -1  0 -1 -2  1 -2 0 0 1 1 0.03
-1  0  3 -1 -2 -1 -1 -2  5 -2 -2 -1 -2 -1  1  0 -1 -1  4 -2 1 0 0 1 0.03
 1  2  1  2 -2  1  1 -1 -1 -2 -1  1 -1 -2 -1  0 -1 -2 -2 -2 0 0 1 1 0.02
 0 -2 -1  0 -2 -2 -2  5 -2 -3 -3 -1 -2 -1 -2  0 -1 -2 -2 -2 0 0 1 0 0.02
-2 -2 -2  1 -2 -2 -2 -2  0  1  0 -2  0  5 -2 -2 -1  0  3  0 1 0 0 0 0.01
-1  1  0  4 -2  0  2 -1 -1 -2 -2  0 -1 -2 -1  0 -1 -2  0 -2 1 0 0 0 0.01
 4 -1 -1 -1 -1 -1 -1  0 -1 -1 -1 -1  0 -2 -1  1  0 -2  0 -1 1 0 0 0 0.01
-1  0 -2 -2 -2 -1 -1 -2  2  0  1 -1  1  3 -2 -1 -1  5  1 -1 1 0 0 0 0.01
 2 -2 -1 -2  7 -2 -2 -2  0  0 -1 -2 -1 -2 -2 -1 -1 -2 -1  0 1 0 0 0 0.01
-2 -1  1 -2 -2  0 -1 -2  6 -2 -2 -1 -2  1 -2 -1 -2  5  4 -2 1 0 0 0 0.01
 3  1  0 -1 -1 -1  0 -1 -1 -1  0  0 -1  0 -1  0  0 -2 -1 -1 1 0 0 0 0.01
 0 -1  3 -1 -2 -1 -1  3 -1 -2 -2 -1 -2 -2 -2  0  0  3 -2 -1 1 0 0 0 0.01
-1  2 -2 -2 -2 -1 -1 -2 -1  0  3  0  2 -1 -2 -1 -1 -2  0  0 1 0 0 0 0.01
 2 -1  0 -1 -1 -1 -1  3 -1 -2 -2 -1 -1 -2 -1  2  0 -2 -2 -1 1 0 0 0 0.01
 0  0  0  1 -1  0  1  1 -1  0  0  0 -1 -1  1  0  0 -2 -1  0 1 0 0 1 0.01
 5 -3 -3 -3  4 -2 -2 -1 -3 -1 -2 -2 -2 -3 -2  0 -1 -4 -3  2 1 0 0 0 0.01
-2 -1 -3 -4 -2 -1 -3 -4  2  0  4 -3  1  3 -4 -3 -1 -2  0 -1 1 0 0 0 0.01
 2 -1 -1 -1 -2 -2 -2  2 -2  0 -1 -1 -1 -1 -2  1  0  4 -1  0 1 0 0 0 0.01
-1  1  2  1 -3  0  1  2  1 -3 -3  2 -2 -3 -2  0 -1 -3 -1 -3 1 0 0 0 0.01
-3 -3 -4 -4 -2  0 -3 -5 -4  0  5 -3  1 -1 -4 -3 -2 -3 -2  0 0 0 1 0 0.01
 0 -2 -2 -2  0 -3 -2  6 -3 -5 -5 -2 -4 -4 -3 -1 -3 -4 -4 -4 0 0 1 1 0.01
-2  6 -1  0 -4  0  2 -3 -1 -4 -3  3 -3 -4 -3 -1 -2 -4 -3 -4 0 0 1 1 0.01
-3 -3 -3 -4 -4  0 -3 -4  2 -2 -1 -3  1  4 -4 -3 -3  2  7 -2 1 0 0 0 0.01
-1 -1  0  4 -4  1  5 -1 -1 -4 -4 -1 -3 -4 -2 -1 -1 -4 -3 -3 1 0 0 1 0.01
-1 -1  0  3 -4  2  6 -3 -1 -4 -4  0 -3 -4 -2 -1 -1 -4 -3 -3 1 0 0 1 0.01
 4 -2 -2 -2  3 -2 -2  0 -2 -2 -2 -2 -2 -3 -2  2  0 -3 -3 -1 1 0 0 0 0.01
-2 -3 -4 -4 -2 -3 -3 -4 -3  4  3 -3  3 -1 -3 -3 -2 -3 -2  1 1 0 0 0 0.01
 3  0  1  0 -2  1  2 -1  1 -2 -2  1 -2 -3  0  0 -1 -3 -2 -1 1 0 0 1 0.01
 2 -2  0 -1  1 -1  1 -1 -2 -3 -3 -1 -2 -3 -2  5  1 -3 -3 -2 1 0 0 0 0.01
 2 -2 -3 -3  2 -2 -2 -2  0  0 -1 -2 -1  3 -3 -1 -2  0  5  0 1 0 0 0 0.02
-1  0  0  5 -4  1  3 -1 -1 -3 -4 -1 -3 -4 -2  0  0 -4 -3 -3 1 0 0 1 0.02
-2  4  0 -2 -4  1  0 -3 -1 -2 -1  5 -2 -3 -2 -1 -2 -3 -2 -2 1 0 0 1 0.02
 6 -3 -3 -3 -2 -2 -2  0 -3 -2 -3 -2 -2 -3 -2  1 -1 -4 -3 -1 1 0 0 0 0.02
-2 -3 -4 -5 -2 -3 -4 -5 -4  3  5 -4  1 -1 -4 -4 -2 -3 -2  0 1 0 0 0 0.01
 0  2  0  0 -1  1  1  0  2 -1 -1  0 -1 -1 -1  1  0 -1  1 -1 1 0 0 1 0.02
-1 -1 -1 -1 -1 -1 -1 -1  1  0  0 -1  0  3 -1 -1 -1  1  5  0 1 0 0 0 0.02
-1 -1 -1 -1 -1 -1 -1 -1 -1  0  0 -1  0  5 -1 -1 -1  2  1 -1 1 0 0 0 0.03
-1  0  4  1 -1  0  0  0  0 -1 -1  1 -1 -1 -1  1  0 -1 -1 -1 1 0 0 0 0.03
-1  4  0 -1 -1  0  0 -1  0 -1  0  2 -1 -1 -1  0 -1 -1 -1 -1 0 0 1 1 0.04
 0  4  0 -1 -1  0  0 -1 -1 -1 -1  1 -1 -1 -1  0  1 -1 -1 -1 0 0 1 1 0.04
 0 -1  0 -1 -1 -1 -1  4 -1 -1 -1 -1 -1 -1  0  0  0 -1 -1 -1 0 0 1 1 0.04
-2 -1 -1  2 -4  2  6 -3 -1 -4 -4  0 -3 -4 -2  0 -2 -4 -3 -3 0 0 1 1 0.05
-2 -1 -3 -3 -2 -2 -3 -3 -3  3  4 -2  1  1 -3 -3 -2 -2 -1  0 0 0 1 0 0.05
-2  0  4  0 -4  2  1 -2  4 -3 -3  3 -1 -3 -2 -1 -1 -4 -2 -2 0 0 1 1 0.04
-1 -2 -2 -2 -3  3  1 -2 -2 -4 -3  0 -3 -4  6  1 -1 -4 -3 -3 1 0 0 1 0.04
-1 -2  1  6 -3  0  1 -2 -2 -4 -4  0 -3 -4 -2  1 -1 -4 -3 -3 1 0 0 1 0.04
-1  0  0  3 -1  1  2 -1  0 -2 -2  1 -2 -2 -1  0  0 -2  1 -2 1 0 0 1 0.03
 1 -2 -1  1 -2 -1 -1  4  3 -3 -3 -1 -2 -1  0 -1 -1 -2  2 -2 0 0 1 0 0.02
-1  0 -1  1 -3  1  3 -1 -1 -3 -3  3 -2 -3  0  0  0 -3 -1 -2 1 0 0 1 0.02
 3 -1 -2 -2 -1  1 -1 -1 -2  0  1 -1  1 -2 -1  0  1 -2 -2  0 1 0 0 0 0.02
-4 -4 -5 -5 -4 -3 -4 -4 -2 -4 -3 -4 -3  0 -5 -4 -4 11  5 -4 1 0 0 0 0.02
 0 -1 -1 -1 -1 -1 -1 -1  2  3  1 -1  0  0 -1 -1 -1 -1 -1  1 1 0 0 0 0.01
 1  0  0 -1 -1  0  0  1 -1 -1 -1  1 -1 -1  0  1  0 -1 -1  0 1 0 0 0 0.01
 3 -1 -1 -1 -1  0 -1  0 -1  0 -1 -1  0 -1  0  0  0 -1 -1  1 1 0 0 0 0.01
 0 -1 -1 -1 -1 -1 -1 -1 -1  1  1 -1  0  0 -1 -1  0 -1  1  2 1 0 0 0 0.01
-2 -2  2 -2  1 -2 -2 -2 -1 -1  0 -2  2  4 -3 -2 -2  3  4  0 1 0 0 0 0.01
-1  2  5  1 -3  0 -1  0 -1 -4 -4 -1 -3 -2 -3  2 -1 -4 -3 -3 1 0 0 0 0.01
-2  6 -2 -3 -4  0 -1 -3 -2 -4 -2  3 -2 -4 -3 -2 -2 -4 -3 -3 1 0 0 0 0.01
 3 -3 -2 -3 -2 -2 -3  5 -3 -3 -3 -2 -3 -4 -3 -1 -2 -4 -3  0 1 0 0 0 0.01
-1 -1  1 -2 -2  1  0 -3 -2  2  1 -1  0  0 -3 -1 -1 -3 -1  2 1 0 0 1 0.01
 5 -3 -2 -3 -2 -2 -2  0 -3 -2 -2 -2 -2 -3 -2  1 -1 -4 -3  0 1 0 0 0 0.01
-3 -3 -4 -4 -3 -3 -3 -4  3  0  4 -3  2  3 -4 -3 -2 -2 -1 -1 1 0 0 0 0.01
 0  0  0  2 -3  3  3  1  3 -3 -3  0 -2 -1 -2  0 -1 -3  1 -3 1 0 0 1 0.02
 0  0  3  0 -3  0  1  2 -1 -3 -3  2 -2 -3 -2  0  0 -3 -1 -3 0 0 1 1 0.02
-2 -3 -3 -4 -2 -3 -3 -4 -3  2  4 -3  1 -1 -3 -2  1 -2 -2  0 0 0 1 0 0.02
-1 -3 -2 -2 -4 -2  1  6 -3 -5 -5 -2 -4 -4 -3 -1 -3 -4 -4 -4 0 0 1 1 0.01
-2  6 -1 -2 -4  1  0 -3  3 -3 -3  2 -2 -4 -3  0 -2 -4 -2 -2 0 0 1 1 0.02
-2 -1 -1 -3 -3  0 -1 -1  0 -2 -1  0 -2  2  1  0 -2  2  6 -2 0 0 1 1 0.02
 0 -1 -1  3 -4  2  5 -1 -1 -4 -4  0 -3 -4 -2  0 -1 -4 -3 -3 1 0 0 1 0.02
-2 -2 -1  3 -5  0  6 -3 -1 -5 -4 -1 -3 -5 -2 -1 -2 -4 -3 -4 1 0 0 1 0.03
 6 -3 -3 -3 -2 -2 -2 -1 -3 -3 -3 -2 -2 -4 -2  0 -1 -4 -3 -1 1 0 0 0 0.03
-1 -3 -4 -4 -2 -3 -4 -4 -4  4  3 -3  3  1 -4 -3 -2 -3 -2  1 1 0 0 0 0.02
 2 -1  1 -1 -2  2  1  0 -1 -2 -2  1 -2 -3  1  1  0 -3 -2 -1 1 0 0 1 0.02
 1 -2  2  1  0 -1  1  0 -1 -3 -3 -1 -2 -1 -2  3  0 -3  0 -2 1 0 0 1 0.03
-3 -3 -4 -4 -3 -3 -4 -4 -1 -1  0 -3  3  5 -4 -3 -3  0  7 -2 1 0 0 0 0.03
-1  3  1  4 -4  3  1 -2 -1 -4 -3  1 -3 -4 -2 -1 -1 -4 -3 -3 1 0 0 1 0.03
-2  1 -1 -2 -4  1  0 -3  2 -1 -2  5  3 -3 -2 -1 -1 -4 -2 -2 1 0 0 1 0.03
 5 -3 -3 -3 -2 -2 -2  0 -3  1 -2 -2 -1 -3 -2  0 -1 -4 -3  1 1 0 0 0 0.03
-1 -3 -3 -2  1 -3 -3  2 -3  3  3 -3  0 -1 -3 -2 -1 -3 -2  1 1 0 0 0 0.03
-1 -1 -1  0 -4  3  6 -3 -1 -4 -4  0 -3 -4 -2  0 -2 -4 -3 -3 1 0 0 1 0.04
-2 -3 -4 -4 -2 -2 -4 -4 -3  4  3 -3  6  0 -4 -3 -2 -3 -2  1 1 0 0 0 0.09
-1 -1  1 -2  4 -1 -2 -3 -2  3  1  1  0 -1 -3 -1 -1 -3 -2  1 1 0 0 0 0.10
 3 -1 -1  0 -2  2  1 -1 -1 -2 -2  0 -2 -3  3  1  0 -3 -2 -1 1 0 0 1 0.13
-1  0  0  3 -4  2  5 -2 -1 -4 -3  2 -2 -4 -2 -1 -1 -4 -3 -3 1 0 0 1 0.17
-1  5 -1 -1 -3  0  1 -3  0 -3 -2  2 -2 -2 -2 -1  1 -2  2 -2 1 0 0 1 0.17
 0  1  1 -1 -3  1  1  2 -1 -3 -3  4 -2 -3 -2  0 -1 -3 -2 -3 0 0 1 1 0.15
-1 -3 -1  2 -3 -2 -2  5 -2 -1 -3 -2 -2 -3 -3 -1 -2 -3 -3 -2 0 0 1 1 0.18
-1 -1 -1  1 -4  1  5  0  0 -3 -3  0 -2 -2 -2 -1 -2 -2  3 -3 0 0 1 1 0.16
-1 -2 -2 -3 -2 -2 -2 -3 -2  3  2 -2  4 -1 -2  1  1 -2 -2  1 0 0 1 0 0.16
 0 -1  2  1 -3 -1 -1  2 -2 -3 -3  0 -3 -4  5  0 -1 -4 -3 -3 0 0 1 1 0.17
-1 -1  2  2 -3  3  0  4 -1 -4 -4  0 -2 -4 -2  0 -1 -3 -3 -3 1 0 0 1 0.21
 1  4 -1 -2 -3  0  0 -2 -1 -2 -1  4 -1 -3 -2 -1 -1 -3 -2 -2 1 0 0 1 0.23
-2 -1  2  3 -4  1  5 -2 -1 -4 -4  0 -3 -4 -2  0 -1 -4 -3 -3 1 0 0 1 0.22
 2  2 -1  1 -2  0  2 -2 -1 -2 -1  0  0 -2 -2  0  0 -3 -2 -1 1 0 0 0 0.31
 1 -2 -3 -3 -2 -2 -2 -3 -1  0  3 -2  4  1 -3 -2 -1 -1  3  0 1 0 0 0 0.41
-1  1 -2 -3 -2  1 -1 -3 -2  0  3  1  2 -1 -2 -1  0 -2 -2  0 1 0 0 0 0.39
-1  3  1  0 -3  2  2  1 -1 -3 -3  3 -2 -3 -2  0 -1 -3 -2 -3 1 0 0 1 0.42
 0 -1 -2 -1 -2  1  3 -3 -1  0  1  0  4 -2 -2 -1 -1 -3 -2  0 1 0 0 0 0.46
 2 -1 -2 -2 -2 -1 -2  1 -2  2  0  1  0 -2 -2  0  0 -3 -2  1 1 0 0 0 0.36
 1 -1  0  3 -2  0  3 -1 -1 -1 -2  0 -2 -3 -1  1  0 -3 -2 -1 1 0 0 0 0.30
 1  1  2  2 -3  2  3 -1 -1 -2 -1  0 -1 -3 -2  1 -1 -3 -2 -2 1 0 0 1 0.36
 0  4  1 -1 -3  0 -1  0  4 -3 -3  1 -2 -3 -2  0 -1 -3 -1 -3 1 0 0 1 0.47
-2  2 -2 -3 -2 -1 -2 -4 -2  3  2  0  1 -1 -3 -2 -1 -3 -2  1 1 0 0 0 0.45
 3 -1 -1 -1 -1  1 -1 -1 -1 -2 -2 -1 -1 -3 -1  2  2 -3 -2 -1 1 0 0 1 0.54
-1  3 -1 -2 -3  3  0 -2 -1 -1  0  2  2 -2 -2  0 -1 -3 -2  0 1 0 0 1 0.55
-2 -3 -4 -4 -2 -3 -3 -4 -3  2  4 -3  2  0 -3 -3 -1 -2 -1  1 1 0 0 0 0.56
-1 -1  0  0 -3  3  3  3 -1 -4 -3  0 -2 -3 -2  0 -1 -3 -2 -3 0 0 1 1 0.51
 3 -2 -1 -1 -1 -1 -1  3 -2 -2 -2 -1 -2 -3 -1  2  1 -3 -2 -1 0 0 1 1 0.66
 2 -1  0 -1 -1  0  0  0 -1 -2 -2  0 -2 -3 -1  4  1 -3 -2 -1 0 0 1 1 0.79
