-1 -2 -3 -3 -2 -1 -3 -3 -2  2  2 -2  6  0 -3 -2 -1 -2 -1  1 0 0 1 1 0.77
-1 -2 -1 -3 -2 -1 -2 -3 -2  0  1 -2  7 -1 -3  1 -1 -2 -1  0 0 0 1 1 0.69
 0 -1  0  1 -2  0  0  4 -2 -3 -3  1 -2 -3 -2  3  0 -3 -3 -3 0 0 1 1 0.57
-2  1 -2 -3 -3 -1 -1 -3  5 -1 -1 -1  0  2 -3 -2 -2  5  4 -2 0 0 1 1 0.41
-2 -1  7  0 -3 -1 -1 -1  0 -4 -4  1 -3 -4 -3  0  0 -4 -3 -3 0 0 1 0 0.32
-2 -3 -4 -4 -2 -3 -4 -4 -3  2  4 -3  1  0 -3 -3 -2 -2 -2  1 1 0 0 0 0.35
 4 -2 -2  1 -1 -1 -1  0 -2 -2 -2 -1 -2  0 -2  1 -1 -3 -2 -1 1 0 0 0 0.30
 1 -1  1  1 -2  1  2  0 -1 -2 -1  1 -1 -3 -1  1  0 -3 -2 -2 1 0 0 1 0.36
-2 -1 -3 -3 -2 -2 -2 -4 -3  1  4  0  1  0 -3 -2 -1  0 -1  0 0 0 1 1 0.31
 0 -2 -1  0 -2 -1  0 -2 -2 -3 -3 -1 -2 -3  5  3  2 -4 -3 -2 0 0 1 1 0.26
-1  2 -1  0 -4  4  1 -2 -1 -3 -3  4 -1 -2 -2 -1 -1 -3  0 -3 1 0 0 1 0.21
 1 -1 -1  2 -3  1  5 -2 -1 -3 -3  1 -2 -4 -2  0 -1 -4 -3 -2 1 0 0 1 0.18
-2  0  1  2 -4  2  5 -2 -1 -4 -4  1 -3 -4 -2 -1 -1 -4 -3 -3 1 0 0 1 0.17
-1  3 -1 -2 -3  2 -1 -3 -1 -1  0  2  5 -2 -2 -1  0 -2 -2 -1 1 0 0 1 0.15
-1 -2  1  6 -4  0  3 -2 -1 -4 -4 -1 -3 -4 -2 -1 -1 -4 -3 -3 1 0 0 1 0.12
-1  3 -1 -1 -4  1  0 -2 -1 -3 -3  5 -2 -4 -2 -1 -1 -4 -2 -3 1 0 0 1 0.11
-1 -3 -3 -3 -1 -2 -2 -4 -3  3  1 -3  1 -1 -3 -2  0 -3 -2  4 1 0 0 0 0.09
 0 -1  5  1 -3  0  1 -1  0 -3 -3 -1  0 -3 -2  1  0 -4 -2 -3 1 0 0 0 0.06
 1 -3 -3 -3 -1 -3 -3 -3 -3  2  1 -3  0 -1 -3 -2 -1 -3 -2  4 1 0 0 0 0.05
-2 -2  1  6 -4 -1  1  0 -2 -4 -4 -1 -4 -4 -2  0 -2 -5 -4 -4 1 0 0 0 0.04
-2 -2 -4 -4 -2 -2 -3 -4 -3  1  4 -1  2  0 -3 -3 -2 -2 -2  0 1 0 0 0 0.03
 4 -2 -2 -3 -1 -1 -2 -1 -2 -1  1 -1  0 -2 -2  0 -1 -3 -2  1 1 0 0 0 0.02
 5 -2 -2 -2 -1 -1 -1  0 -2 -2 -2 -1 -1 -3 -1  1  1 -3 -2 -1 1 0 0 0 0.02
 2 -2  0 -1 -1 -1 -1  1 -2 -2  0 -1 -1 -2 -1  4  0 -3 -2 -1 1 0 0 0 0.02
 1 -2 -1 -2 -2 -2 -2  5 -2 -3 -3 -2 -3 -3 -2  1  0 -3 -3 -3 1 0 0 0 0.02
-1 -3 -3 -4 -1 -3 -3 -4 -4  3  1 -3  2 -1 -3 -2 -1 -3 -2  5 1 0 0 0 0.01
 4 -2 -2 -2 -1 -1 -1 -1 -2  1 -1 -1 -1 -2 -2  1  0 -3 -2  1 1 0 0 0 0.01
-2 -3 -3 -4 -3 -3 -3 -4  0 -1 -1 -3 -1  5 -4 -3 -2  4  6 -1 1 0 0 0 0.01
-1  3  2 -1 -4  2  0 -2 -1 -3 -3  5 -2 -4 -2 -1 -1 -3 -2 -3 1 0 0 1 0.01
-2 -1 -1  1 -4  1  6 -3 -1 -4 -4  0 -3 -4 -2 -1 -2 -4 -3 -3 1 0 0 1 0.01
-2  7 -1 -2 -4  0 -1 -3 -1 -4 -3  2 -2 -4 -3 -1 -2 -3 -2 -3 1 0 0 0 0.01
-2 -3 -1 -4 -3 -2 -3 -4  0 -1  2 -3  3  1 -4 -3 -2  0  7 -1 0 0 1 0 0.01
-1 -2  6  0 -3 -1 -1  2  1 -4 -4 -1 -3 -4 -3  0 -1 -4 -3 -4 0 0 1 1 0.01
-2 -2 -3 -3 -2  1 -2 -4 -2  3  1  1  7 -1 -3 -2 -2 -3 -2  1 0 0 1 1 0.01
 1 -3 -3 -2 -3  0 -2 -3 -3 -3 -1 -2 -2 -4  7 -1  0 -4 -3 -2 0 0 1 1 0.01
 0 -3 -3 -4 -2 -3 -3 -3 -4  2  0 -3  0 -2 -3  0 -1 -4 -2  5 0 0 1 1 0.01
-2 -3  2 -2 -2 -2 -3 -3 -3  4  1 -3  0 -1 -3 -1 -1 -3 -2  3 0 0 1 1 0.02
 4 -2 -2  0 -2 -2 -1 -1 -2 -1 -2 -2  0 -3  4  0  0 -4 -3 -1 1 0 0 0 0.02
-1 -1 -1  3 -3  1  4 -2  0  0 -2 -1  0 -3 -2  0 -1 -4 -2  0 1 0 0 1 0.02
 1 -1  0 -1 -2  3  2 -2 -1 -1  0  0  1 -2 -2  0  0 -3 -2  0 1 0 0 1 0.03
 1 -3 -3 -3 -1 -2 -3 -3 -3  3  1 -2  3 -1 -3 -2 -1 -3 -2  4 1 0 0 0 0.03
 2 -1 -1  0 -2  0  3 -2 -1 -1  0 -1  1 -2 -2  1 -1 -3 -2  0 1 0 0 0 0.03
 0  5  1 -1 -3  3  1 -2 -1 -2 -1  1  1 -3 -2 -1 -1 -3 -2 -2 1 0 0 0 0.03
-1  0  0  0 -4  4  5 -2  0 -3 -3  0 -2 -4 -2  0 -1 -3 -2 -2 1 0 0 1 0.03
-1  0 -1 -1 -3  7  1 -3  0 -2 -2  0 -1 -4 -2 -1 -1 -3 -2  0 0 0 1 0 0.02
 0 -3 -2 -2 -3 -2 -2 -2 -3 -3 -3 -2 -3 -4  8  0 -1 -4 -3 -3 0 0 1 1 0.02
 1 -1 -1  2 -3  2  4 -2 -1 -3 -3  0 -2 -4  1  0 -1 -3 -3 -2 1 0 0 1 0.02
 1 -1  0 -2 -3  0  0 -2  7 -3 -3 -1 -2 -1 -1 -1 -2 -2  3 -3 1 0 0 1 0.01
-2 -3 -4 -4 -2 -3 -3 -4 -3  1  4 -3  2  2 -3 -3 -2 -2 -1  0 1 0 0 0 0.01
-2  6 -1 -2 -4  3 -1 -3 -1 -3 -1  1 -2 -3 -3 -1 -2 -3  0 -3 1 0 0 1 0.01
 1 -1  0  2 -2  0  3  1 -1 -2 -3  0 -2 -3  2  1  0 -3 -3 -2 1 0 0 1 0.01
-3 -3 -3 -4  1 -2 -3 -4  3 -3 -2 -3 -2  2 -4 -3 -3  6  7 -2 1 0 0 1 0.01
-3 -4 -4 -5 -3 -4 -4 -4 -2  0 -1 -4 -1  8 -5 -3 -3  0  3 -2 1 0 0 0 0.01
-2  5 -1 -2  1  2 -1 -3  2 -3 -1  1  1 -3 -3 -1 -2  2 -2 -3 1 0 0 1 0.01
 0  0 -1  0 -4  3  5 -1 -1 -3 -1  2 -2 -3 -2 -1 -1 -3 -3 -3 1 0 0 1 0.01
-3  7 -2 -3 -5  0 -1 -3 -1 -4 -3  1 -2 -4 -3 -2 -2 -4 -3 -4 1 0 0 0 0.01
-2 -3 -4 -4 -2 -3 -4 -4 -4  1  4 -3  1 -1 -4 -3 -2 -3 -2  2 1 0 0 0 0.01
 1  0  1 -1 -2  2  1 -1  1  0 -1  0  1 -2 -2  0  1 -3 -2  0 1 0 0 1 0.01
 0 -2 -2 -2 -3  0 -2 -3  6 -2  0 -2 -1  3 -3 -2 -2  0  5 -1 1 0 0 1 0.01
-3 -3 -3 -4 -4 -2 -3 -4  4 -2 -1 -3 -2  3 -4 -3 -3  1  8 -2 1 0 0 0 0.02
-3  7 -2 -3 -5  0 -1 -3 -1 -4 -3  1 -2 -4 -3 -2 -2 -4 -3 -4 1 0 0 1 0.02
 0  0  3  1 -3  3  2 -1 -1 -1  0  1 -1 -3 -2  0  0 -3 -2 -2 1 0 0 1 0.03
 1  1  0 -1 -2  1  1 -2 -1  1  0  0  0 -1 -2  0 -1 -3 -2  1 1 0 0 0 0.04
 1  0 -1 -2 -2 -1 -1 -2 -2 -3 -4 -1 -3 -4 -2  5  0 -4 -3 -3 1 0 0 0 0.04
-1  0 -1 -2 -2  2  0 -3  4  0  1  1  0 -2 -2 -1  0 -3 -1  1 0 0 1 1 0.06
-1  2  1 -1 -3  3  0 -2  2 -3 -3  2 -2  0 -2  1  1 -2  1 -2 0 0 1 1 0.07
-3 -3 -4 -4 -3 -3 -4 -4 -2  0  4 -3  3  4 -4 -3 -2 -1  3 -1 0 0 1 0 0.09
 0 -2 -1 -2 -3 -2 -2 -2 -3 -4 -4 -2 -3 -4  6  4 -1 -4 -3 -3 0 0 1 0 0.11
-2  6 -1  0 -4  0 -1 -3 -1 -3 -3  2 -2 -3 -3 -1  1 -3  0 -3 0 0 1 0 0.14
 1 -1  1  0 -2 -1  0  4 -1 -3 -3  1 -2 -3 -2  0 -1 -3 -2 -2 0 0 1 0 0.15
 0 -1  2 -1 -2  0 -1 -1 -1 -2 -1  0  2 -2  0  2  3 -3 -2 -1 0 0 1 1 0.20
 2 -2  0  5 -2 -1  0  1 -2 -3 -3 -1 -3 -3 -2  1 -1 -4 -3 -2 0 0 1 1 0.23
-1 -3 -3 -2 -3 -2 -2 -3 -3 -2 -3 -2 -3 -4  8 -1 -2 -4 -3 -1 1 0 0 1 0.23
 0  0 -2 -1 -2  1  2  0 -2  1 -1 -1  0 -2 -2 -1 -1 -3 -2  3 1 0 0 1 0.28
-2 -2 -3 -4 -3 -2 -3 -4  1 -2 -2 -3 -2  2 -4 -2 -2  2  8 -2 1 0 0 0 0.35
-1  1  1 -1 -2  3  0 -2  0 -1  1  0  0  2 -2 -1 -1 -1  2 -1 0 0 1 1 0.41
-1  2 -1 -1 -4  3  2 -2 -1 -3 -3  5 -2 -4 -2 -1 -1 -3 -2 -3 0 1 0 1 0.40
 0 -1  0  2 -3  2  4 -2 -1 -3 -3  0 -2 -3  2  0  1 -3 -2 -2 0 0 1 1 0.61
-2 -2  1  5 -4  0  3  1 -1 -4 -4 -1 -3 -4 -2  0 -1 -4 -3 -3 0 0 1 1 0.59
 0 -1  0  3 -3  0  2  1 -1 -3 -3  1 -2 -3  2  1 -1 -3 -3 -2 0 0 1 1 0.59
 0 -1 -2 -1 -2  1  1  1 -2  1  0 -1  0 -2 -2 -1 -1 -3 -2  3 0 1 0 1 0.66
-1  2  0 -1 -3  3  1 -2 -1 -3 -3  5 -1 -3 -1  0 -1 -3 -2 -3 0 0 1 1 0.74
-1  2  0 -1 -3  3  1 -2  0 -3 -3  4 -1 -3 -1  0 -1 -3 -2 -2 0 0 1 1 0.83
