 1 -2  0 -1 -2 -1 -1 -1 -2 -3 -3 -1 -2 -3 -2  6  0 -4 -3 -3 0 0 1 1 0.86
 2  4 -1 -2 -3  2 -1 -2  0 -3 -2  1 -2 -3  3  0  0 -3 -3 -2 0 0 1 1 0.82
-1 -3  0 -1 -3 -2 -3  6  1 -3 -2 -2 -3 -4 -3  1 -2 -4 -3 -3 0 0 1 1 0.83
 0  2 -2 -3  0  2 -1 -3  1 -1  2  0  0 -2  2 -1 -1  0 -2 -1 0 0 1 1 0.73
 1  3  0  0 -1  0  0  0 -2 -3 -2  3 -2 -3 -1  1 -1 -3 -1 -3 0 0 1 1 0.64
 0  1  0 -2 -2 -1 -2 -1 -3  0 -2  0 -2 -3 -1  1  4 -4 -3  1 0 0 1 1 0.60
-1  0 -2  0 -3  4 -1 -4 -2 -1  3  0  0 -3  2 -2  0 -4 -3  0 0 0 1 1 0.62
 0 -2 -1 -2  5  0 -1 -3  6 -3 -2 -2 -3 -4  2  3 -2 -4 -2 -1 0 0 1 0 0.79
-1 -2  0 -1 -2 -1  2 -2 -2 -2  2  1 -1  2 -1  2  0 -3 -2 -1 0 0 1 0 0.71
-1 -1  3  2 -4 -2 -1  3 -2 -2 -4 -2 -3  1  1  0 -1 -4 -2 -2 0 0 1 1 0.61
 1  1  2  2 -3  1  1 -2  2 -4 -4 -1 -3 -4 -3  4  1 -4 -3 -3 0 0 1 1 0.35
-3 -3 -5 -6 11 -5 -3 -3 -6 -4 -4  0 -4 -6 -6 -3 -4 -6 -5 -2 0 0 1 1 0.28
-1 -2 -1 -1  6 -2 -2 -3 -3 -1 -1 -1  2 -3 -2  2  1 -4 -3  3 0 0 1 1 0.22
-1  1 -1 -1  5  0 -2 -1  3 -2 -1 -1 -1  0  0  1 -1 -2  2  0 0 0 1 1 0.24
-1  2  0 -2 -2  0 -2 -2  0 -1  0  0  0  4 -1  0 -1 -1  2  0 0 0 1 0 0.33
-1  0 -2 -2 -1 -1 -2 -2  1  0 -1  1 -1 -2  5 -1  0 -1 -2  2 0 0 1 1 0.22
 0 -2  0  0  5  0  2  3  0 -2 -3 -2 -2 -3 -2 -1  0 -3 -1 -1 0 0 1 1 0.14
-1  0  0  1 -2  0 -1  1 -2 -1  0  0 -1 -2  0  1  2 -2 -1 -1 0 0 1 1 0.08
-3 -4 -4 -4 -3 -2 -4 -4 -3  4  3 -3  0  3 -4 -3 -1 -2  2  2 1 0 0 0 0.05
 2 -3 -1 -2 -3 -2 -2 -3 -3 -3 -4 -2 -3 -4  5  3  2 -4 -4 -2 1 0 0 1 0.03
 1 -1  0 -2 -3  3 -2 -1  3  0 -1 -1  3 -2 -3 -1  2 -3 -1  1 1 0 0 1 0.02
 1  3  3  1 -3 -1 -2 -2 -1  0 -1  0  3 -3 -3  0 -1 -4 -1 -1 1 0 0 0 0.02
-3 -4 -5 -5 -3 -4 -3 -5 -4  2  5 -4  4  0 -4 -4 -1 -4 -2  2 1 0 0 1 0.01
-3  3 -1  1 -5  4  0 -4  4 -5 -4  3 -3 -1 -1 -2 -1  0 -1 -4 1 0 0 1 0.01
 0 -1  0  2 -5  2  5 -2  2 -4 -3  0  0 -5 -3 -1 -1 -5 -3 -3 1 0 0 1 0.01
-2 -4 -5 -6 -3 -4 -5 -6 -5  3  5 -5  3 -2 -5 -4 -2 -4 -3  0 1 0 0 0 0.01
-4  6 -1 -4 -5  1  0 -4  0 -5 -4  0 -4 -2 -4 -2 -3  5  3 -5 1 0 0 1 0.01
 1  0  2  1 -3  1  2 -2  1 -1 -2  1 -2 -3 -2  0  1 -4 -1  1 1 0 0 1 0.01
 2 -2  1  0 -3 -1  1  0  2 -1 -3  2 -3 -4 -2  1  2 -4 -1 -2 1 0 0 0 0.01
 0 -5 -3 -6 -5 -5 -3 -5 -1 -3 -3 -5 -3  8 -6 -3 -2 -2  5 -3 1 0 0 1 0.01
 1  1  0 -2 -3  3  0 -1  2 -3 -3 -1  1 -2 -2  2  1  3 -1 -3 1 0 0 1 0.01
 1  3 -1  0 -3  1  2 -1 -1 -2  0  1 -2 -3 -2  0  0  2 -2 -2 1 0 0 1 0.01
 0 -5 -5 -6 -3 -5 -5 -6 -5  6  1 -5  2 -1 -5 -4 -3 -5 -4  4 1 0 0 0 0.01
-3  4 -1 -3 -5  1 -1 -2 -3 -5 -4  6 -4 -5 -4 -2 -3 -5 -4 -3 1 0 0 0 0.01
 1  0  1  3 -3 -1  2 -1  1 -3 -3 -1 -2 -4  1  1  1 -4 -3 -3 1 0 0 1 0.02
 2 -1  0 -1 -3 -2 -2 -2 -1 -2 -1 -2  0  3 -3  1  3 -2  3 -1 1 0 0 1 0.02
-1 -4 -3 -4 -3 -3 -4 -2 -3  3  1 -4  1  3 -4  0 -2 -2  3  3 1 0 0 1 0.02
-2 -2 -3 -2 -5  6  2 -4  1 -2 -2 -2 -3 -3  2  0 -1 -5 -4 -2 1 0 0 1 0.03
 4  0 -2  1 -2 -2 -2  1 -3 -2 -3  0  1 -3 -2  2  1 -4 -3 -2 1 0 0 1 0.03
-2  2  2  2 -5  2  3 -2  1 -4 -3  4 -3 -4 -3 -1 -2 -4 -3 -2 1 0 0 1 0.03
-4 -4  1  8 -5 -3 -2 -4 -4 -5 -6 -3 -5 -5 -4 -3 -2 -6 -3 -5 0 0 1 1 0.04
-2  1  3  3 -4  2  2 -3 -1 -2 -3 -1 -3 -4  0 -1  2 -4 -3 -1 0 0 1 1 0.03
-2 -3 -2  0 -3 -2 -1 -3 -3  3  2 -2  1  2 -3 -2  2 -1 -2  1 0 0 1 1 0.02
-2  1  0  4 -4  0  1  0  1 -2 -2  1  0 -3 -1  0  0 -3  1 -3 0 0 1 1 0.02
-2 -3  5  1 -3 -2 -2 -3 -2  1 -2 -2  1 -3 -1  2  2 -4 -2  1 0 0 1 1 0.02
-1  3 -3 -3 -3 -1 -2 -3 -2  3 -1  0  1 -2 -1 -1  0 -3 -1  2 0 0 1 1 0.02
-3 -4 -5 -5 -3 -4 -4 -5 -4  1  5 -2  1  1 -4 -3 -2  3 -3 -2 0 0 1 1 0.02
-3  0 -4 -4 -1 -3 -4 -4 -4  3  4 -2  1  0 -4  1 -2 -3 -1 -1 0 0 1 1 0.02
-1  2  1  2 -3  0 -1  1  1 -3 -1  2 -1 -3  0  0  1 -4 -3 -3 0 0 1 1 0.02
-1  1  0  0 -3  2  2  1 -2 -3 -2  2 -2 -4  1  2  0 -4 -3 -3 1 0 0 1 0.02
-1 -1  1  2 -3  1  3 -1  1 -2 -3  1 -3 -4 -2  2  0 -4 -3 -2 1 0 0 1 0.02
-1 -3 -2 -3 -2 -3 -3 -3 -3  1  3 -1  0 -1 -1  2  1 -3 -2  2 1 0 0 0 0.02
-2 -1 -3 -2 -3  0 -2 -4 -3 -1  4  1  2  2 -1 -2 -2 -3  0  0 1 0 0 1 0.02
-2  1  1  1 -4  4  2 -3  5 -3 -2  1 -1 -3 -3 -1 -1 -4 -1 -1 1 0 0 1 0.03
-2 -1  4  4 -4  0  1  0  1 -3 -1  0 -3 -4 -3  0 -1 -4 -3 -3 1 0 0 1 0.02
-2 -3 -4 -4 -3 -3 -4 -4 -1  4  1 -1  2  4 -4 -3  0 -3 -1  3 1 0 0 1 0.02
-1  1  2 -2 -4  2 -1 -3  0 -3  0  4  3 -3 -3  0  0 -4 -3 -3 1 0 0 1 0.02
 0 -1 -1  1 -2 -1  1  2 -1 -3 -3  1 -1 -1  2  1  0  0 -3 -2 0 0 1 1 0.01
 1  0  0 -1  0 -1 -2  0 -2 -2 -1 -1  0 -1  3  0  1 -2  2 -1 0 0 1 1 0.01
-2 -1  0  3 -1  0  2 -2 -2 -1  0  0 -1  0 -2 -1 -1  1  2 -1 0 0 1 1 0.01
 0  3  2 -2 -3  0 -2  3  0  0 -3 -1 -3 -3 -3  1 -1 -4 -2  0 1 0 0 0 0.01
-4 -6 -5 -6 11 -6 -6 -5 -6 -4 -5 -6 -5 -5 -5 -4 -4 -5 -5 -4 1 0 0 0 0.01
-3  1 -1 -1  7  3 -2 -4  4 -3 -3 -2 -3  0 -3 -1 -3 -2  5 -3 1 0 0 1 0.01
 1 -3 -4 -4 -3 -3 -3 -3 -3  0  2 -3  2  4 -3 -1 -1 -3 -1  2 1 0 0 0 0.01
-2  0 -2 -4 -3  1 -3 -4  1  2  3 -2  5 -2 -4 -2  2 -4 -3  0 1 0 0 1 0.01
-1  2  2  1 -3 -1  0 -2  3 -3 -1  3 -2 -3 -3  1 -2 -4  0 -2 1 0 0 0 0.01
-1  1  2  0 -4  3  3 -2  4 -4 -1  0 -1 -4 -3  1 -2  0 -3 -3 1 0 0 1 0.01
-3 -4 -4 -5 -3 -4 -4 -5 -4  3  4 -4  4 -1 -4  0 -2 -4 -3  3 1 0 0 0 0.01
-3 -2 -4 -5 -3 -4 -4 -5 -4  3  5 -4  3  1 -4 -1 -1 -4 -3  0 1 0 0 0 0.01
-1  4  2  1 -4  2  2 -2  0 -4 -4  1 -3 -3 -3  1  1 -4 -3 -4 1 0 0 1 0.01
-4 -1 -5 -5 -5 -5 -5 -5  2 -1  0 -3  0  8 -5 -4 -1 -2  1 -3 1 0 0 1 0.01
-3 -5 -2 -5 -5 -3 -5 -5  1 -1 -4 -5 -4  3 -5 -4  0 -2  9 -2 0 0 1 1 0.01
-3 -1 -4 -5 -3 -4 -4 -2 -4  1  4 -4  4  0 -4 -4 -1 -4 -3  2 0 0 1 0 0.01
-2 -1  1  4 -4 -1  4 -1 -1 -2 -3  2 -3 -4 -3  0 -2 -5 -4 -2 0 0 1 1 0.01
-2  3  1  3  0 -1  2 -1 -2 -2 -3  1 -2 -4 -3 -1  2  2 -3 -2 0 0 1 1 0.01
-3 -5 -5 -5  1 -5 -5 -5 -5  3 -2 -5 -2 -1 -5 -3 -3  2 -4  7 0 0 1 1 0.01
-5 -2 -6 -6 -5 -5 -6 -6 -5  0  4 -3  4  7 -6 -5 -5 -3  0 -3 1 0 0 0 0.01
-3 -1 -1 -1 -5 -1 -3  0  0 -3 -2  3 -1 -5  6 -2 -2 -5 -5 -3 1 0 0 1 0.01
-1  1  3  1 -4  4 -1 -3  3 -4 -4  0 -3 -3 -2  1  2 -5 -2 -1 1 0 0 1 0.02
 3 -2 -1 -4  0 -3 -2 -2  3 -2  0 -2 -3 -1 -3  1 -3 -3  5 -1 1 0 0 0 0.02
-1  0 -1  2 -5  4  3 -3  2 -3 -2 -1  0 -1 -2 -1  0  0 -1 -2 1 0 0 0 0.03
 0  1  2 -1 -3  1  2 -2  3 -1 -1  1 -1 -2  0  1  1 -1 -3 -1 1 0 0 1 0.04
-1 -1 -1  0 -1  2  2 -3  3 -2 -1  1 -2  2  2  1  0 -4 -1 -1 1 0 0 1 0.06
-1  0  2  3 -4  2  1  0  2 -2 -4  0 -3 -3 -3  1  1 -4  1 -1 0 0 1 1 0.06
-2 -2  1 -4  2 -3 -1 -2  4 -4 -1  1 -3 -1  5  0 -1 -4  1 -2 1 0 0 1 0.07
-2  0  2  2 -5  2  1  0  5 -4 -3  1 -3  0 -1 -1 -2 -4  2 -4 1 0 0 1 0.07
-2 -3 -2 -1  1 -1  0 -4  2  3  0 -1  4  0 -3 -1  0 -4  1  1 1 0 0 0 0.06
-2  1  0 -3 -4  3 -1 -4 -1  0  2  4  1 -2 -2 -2  0 -4 -1 -2 1 0 0 1 0.06
-1  4  1 -1 -4  1  2 -4  2 -4 -2  1 -1 -4  2 -1  1 -4 -1 -3 1 0 0 1 0.05
-1 -1 -1  0  0 -1  0 -1  5 -2 -3  2 -3  1  0  1 -1 -3  0  0 1 0 0 1 0.04
-2 -4 -4 -4 -3 -4 -2 -4 -4  3  2 -4  1  2 -4 -1 -1 -4 -1  4 1 0 0 0 0.04
-2 -1  3  2 -3 -1  0 -1  3 -2 -3 -1 -1 -3  1  3  0 -4 -3 -2 1 0 0 1 0.03
 0  0  0  0 -3  1 -1 -2  0 -3 -3 -2 -3  2 -1  4  1 -3 -2 -1 1 0 0 1 0.03
-3 -4 -4 -4 -3 -4 -4 -5 -4  4  4 -4  2  2 -4 -4 -3 -3 -2  1 1 0 0 0 0.03
 4  0 -3 -3 -3  1 -1  3 -3 -2 -3  0 -3 -4 -3  0 -1 -4 -3 -1 1 0 0 0 0.02
-3 -3  5  1 -5  2  4 -2 -2 -4 -4 -2 -4 -3 -4  1 -1 -5 -4 -2 1 0 0 1 0.01
-1 -1  2  2  0 -2  0 -2 -2  1 -2  1  0  0 -3  2  1 -3 -2 -2 1 0 0 1 0.02
-4 -5 -5 -5 -4 -5 -5 -5 -4 -2  4 -5  0  7 -5 -3 -3  2 -1 -2 1 0 0 0 0.01
-1 -1  0  0 -3  1  1 -3  3  0  2  1  0  0 -3 -1 -1 -3 -1  0 1 0 0 1 0.01
 0  1  0  0 -1  0  0  0 -1 -1 -2  0 -2 -2 -2  2  2 -3  0  0 1 0 0 1 0.01
-4 -5 -6 -6 -4 -5 -5 -6 -1  4  5 -5  2 -1 -5 -5 -2 -5 -4  1 1 0 0 0 0.01
-2  4 -1 -3 -5  2 -1 -2  1 -3 -3  3  0 -3 -4  1 -1 -2  2 -2 1 0 0 0 0.01
-1  3  1 -1 -1  3 -1 -1  0 -3 -1  3  1 -4 -3  1 -1 -5 -4 -3 1 0 0 1 0.01
-1  2  0  3 -4  1  1 -2  1 -4 -2  3  1 -4 -3 -1  0 -5 -4 -2 1 0 0 1 0.01
-5 -6 -7 -7 -5 -5 -6 -7 -6  1  6 -6  5 -2 -4 -6 -4 -5 -4  1 1 0 0 0 0.01
-1  3  1 -1 -4  3 -1 -3  2 -2  0  1 -3 -4 -4  2 -1 -5 -3 -1 1 0 0 1 0.01
-1  4  0 -3 -1  3 -1 -2  2 -1 -1  2 -3 -4  1 -1 -2 -4  0 -3 1 0 0 1 0.01
-5 -4 -4 -7 11 -6 -7 -6 -7 -5 -4 -7 -5 -6 -7 -1 -4 -1 -2 -5 0 0 1 0 0.01
-3  2 -2 -3 -4  2 -1 -2  7  1 -1  2 -3 -2 -4 -2 -2 -4 -1  0 0 0 1 1 0.01
 0  2  2  1  0 -1  1 -2  0  0 -3  0 -1 -1  2  1 -1 -4 -1 -1 0 0 1 1 0.02
-1 -1 -1 -3  5  2  0 -4  3 -2  0 -1  0  4 -4 -1 -3 -2  3 -1 0 0 1 1 0.02
 1 -1 -1 -2  2 -1 -2  1 -2 -1  1  0  2  3 -2  0 -1 -3 -1 -2 0 0 1 0 0.03
 0 -2  1  1 -3  0 -2 -1  3 -1 -2  0 -3 -2  3  2  1 -4 -2 -2 1 0 0 1 0.03
-2 -2 -1  0  9 -4 -4 -4 -4 -3 -4 -4 -4 -4 -4  3 -1 -4  1 -4 1 0 0 1 0.03
 0 -1  0  0 -4  2  4 -1  4 -3 -2  1 -3 -4 -1 -1  0 -4 -2 -3 1 0 0 0 0.04
-2  2  3  1  6 -1  0 -1  4 -4 -4  0 -4 -3  0  0 -3 -4 -3 -3 0 0 1 1 0.05
 0  1 -2 -2 -3  0  2  0  1  1 -1  2 -2 -3  2 -1 -1 -2 -3 -1 0 0 1 1 0.05
-2  0 -2 -1 -4  3  2 -3  2 -3 -2  0  3  2 -2  2  1 -3 -2 -3 0 0 1 1 0.04
-2  4  0  1 -4 -1  3 -3  2 -4 -3  4 -3 -2  0  0 -1 -4 -3 -4 1 0 0 1 0.05
 3  1  2 -2 -2 -1 -2 -1 -2 -3 -3  1  0 -3  0  2  0  0 -3 -1 1 0 0 1 0.04
-2 -2 -3 -4 -3 -3 -4 -4 -1  4  0 -3  3  2 -4 -3  1  2  0  3 1 0 0 1 0.04
-1  0  2  1 -4  2  3 -3 -2 -3  0  1  0 -4 -3  0  2 -4 -3 -3 1 0 0 1 0.04
-1  2  0 -1 -3  3  0 -2 -1 -2  0  2  0  0 -1  0  0 -3  0 -2 1 0 0 1 0.04
-2 -1 -4 -5 -3 -3 -4 -5 -4  4  2 -2  4  4 -4 -3  0 -3  0  2 1 0 0 1 0.05
-3  1  0 -3 -4  2  0 -4  3 -2  0  5  0 -4 -3 -1 -1 -4 -2 -3 1 0 0 1 0.04
-1  3  2  2 -4  2  1 -3 -1 -3 -3  1 -3 -4 -3  2  0 -4 -3 -3 1 0 0 1 0.04
 1 -1  1 -1 -3  0  0 -3  1  1  0  0 -1 -3 -3  0  3 -3  0  0 1 0 0 1 0.04
-3 -4 -4 -4 -4 -2 -1 -5 -1 -1  0 -3  1  6 -4 -3 -2 -2  5  1 1 0 0 1 0.04
-1 -1  2  1 -4  0  3 -2  1 -2 -2  3 -2 -1 -3  1  0 -3  2 -3 1 0 0 1 0.05
-2  1  0 -3 -5  4  1 -1  0 -5 -4  5  1 -5 -2 -3 -3 -5 -4 -4 1 0 0 1 0.06
-2 -2 -3 -3 -2  0 -1 -3  0  1  3  0  3  1 -3 -2 -2 -2  1  0 0 0 1 1 0.07
-1 -1  0  1 -3  2  3  2  1 -1 -3  1 -2 -3  1  1  0 -3 -3 -2 0 0 1 1 0.07
-1 -1  1  2 -3  2  2  1  1 -3 -3  0 -2 -3  1  0 -1 -3 -1 -1 1 0 0 1 0.06
 1  2  2  0 -3  1  0 -2  0 -1 -2  3 -2 -3 -2  0  0 -4 -1 -1 1 0 0 1 0.06
 3 -1  0  0 -3 -2 -1  5  0 -4 -4 -2 -3 -4 -1 -1 -2 -4 -4 -2 1 0 0 0 0.06
 1 -3 -3 -2  2 -1 -2 -1 -3  3  1 -2  1 -1 -2 -2  0 -3 -2  2 1 0 0 1 0.04
-2  1 -1 -3 -3 -1 -3 -4 -1  2  0  0  0  0 -3 -2  0  2  5  1 1 0 0 1 0.04
-3 -1 -3 -3 -5  1 -2 -4 -3 -5 -5  7 -4 -5  0 -3 -3 -5  1 -1 1 0 0 1 0.04
 5 -3 -3 -3 -3 -3 -3  3 -4 -3 -1 -3 -3 -4 -3  1 -2 -4 -4 -1 1 0 0 1 0.02
-2 -4 -4 -4 -3 -3 -4 -5  0  3  3 -4  4  2  0 -3 -1 -3 -1  1 1 0 0 1 0.02
 0  0 -1 -3 -4 -3 -3  5 -1 -5 -5 -3 -4 -4 -4  2 -2  4 -4 -4 1 0 0 1 0.01
-3 -3 -3  0 -6 -1  7 -5 -3 -6 -5 -2 -4 -6 -4 -2  0 -5 -5 -5 0 0 1 1 0.01
-2 -3 -4 -5 -3 -3 -4 -4  1  2  4 -3  4  3 -4 -2 -2 -3 -1  1 1 0 0 1 0.01
-3  1  2  7 -5 -2  1  0 -3 -5 -5 -2 -5 -5 -4 -2 -3 -6 -2 -5 1 0 0 1 0.01
-3 -4 -3 -4 -3 -4 -4 -5 -4  5  2 -4  1  2 -4 -2  0 -3 -2  1 1 0 0 1 0.01
-3 -4 -5 -5 -3 -4 -4 -5 -4  1  5 -4  1  4 -5 -4 -3 -2 -1  1 1 0 0 1 0.01
-3 -4 -5 -5 -3 -4 -4 -3 -4  2  4 -4  0  5 -4 -4 -3 -2 -1  0 1 0 0 1 0.01
 0  2  3  1 -1  2  0  0 -1 -3 -2  0  0 -3 -1  1  1 -4 -3 -2 1 0 0 1 0.01
-2 -1 -5 -5  0 -4 -4 -3 -1 -4 -4 -4 -3  1 -5 -1 -3 10  6 -4 1 0 0 1 0.01
-3 -4 -5 -5 -3 -3 -4 -5 -4  4  3 -4  6 -1 -4 -4 -2 -3 -3  1 1 0 0 1 0.01
-2  0  0  1 -5  3  5 -2 -2 -5 -4  3 -3 -4 -3 -2 -2 -4 -1 -4 1 0 0 1 0.01
 0  1  1  1 -3  3  2 -1 -1 -3 -2  3 -1 -4 -2  0  1 -4 -3 -2 1 0 0 1 0.02
-3 -4 -4 -5 -4 -3 -4 -5  3 -2 -1 -4  3  5 -5 -3 -3  0  7 -2 1 0 0 1 0.04
-2 -3 -4 -4  0 -3 -4 -4 -4  1  4 -3  4  0 -4 -3 -1 -3 -2  1 1 0 0 1 0.03
 1 -2 -1 -1 -2 -1  1  0  2  0 -1 -1  1 -2 -2  0  2 -3 -2  1 1 0 0 1 0.06
 1 -1 -1 -2 -2 -1  0 -2 -2  0 -1  0  3 -2 -2  3  0 -3 -2  0 1 0 0 1 0.11
-2  3 -1 -2 -4  2  0 -3  0 -3 -3  5 -2  0  0 -1 -2 -3 -2 -3 1 0 0 1 0.17
-1  4 -2 -3 -3  0 -2 -3 -2  1  0  1  4  2 -3 -2 -1 -2 -1 -1 1 0 0 1 0.24
-1  4  2 -1 -4  2  1 -2 -1 -3 -3  4 -2 -4 -2 -1 -1 -3 -2 -3 0 0 1 1 0.32
 0 -1  5  1 -2  0  0 -1  0 -3 -3  0 -2 -3 -2  3  1 -4 -2 -3 0 0 1 1 0.44
