 0 -3 -1 -2 -3 -2 -2  6 -2 -4 -4 -2 -3 -3 -2  0 -2 -3 -3 -3 0 0 1 1 0.82
 0 -1  0  0 -2  0  2 -1 -1 -3 -3  0 -2 -3  4  3  0 -3 -2 -2 0 0 1 1 0.77
-1  1 -1 -1 -2  2  2 -2 -1 -1 -2  3 -1 -3 -1  0  2 -3 -2  1 0 0 1 1 0.64
-1  1 -1  0 -3  3  3 -3  4 -2  0  1 -1 -2 -2 -1 -1 -3 -1 -2 0 0 1 1 0.58
 2 -2  0 -1 -1 -1 -1 -1 -2 -3 -3 -1 -2 -3 -2  5  2 -4 -2 -2 0 1 0 0 0.56
-2 -2 -3 -3 -4  1 -2 -3 -3 -4 -4  0 -3 -5  8 -2 -2 -5 -4 -4 0 1 0 1 0.56
-2 -3 -3 -4 -2 -3 -3 -4 -3  1  4 -3  1 -1  1 -2  1 -3 -2  1 0 1 0 0 0.67
-1  0 -1 -2 -2  0 -2  0  1  1  1  0  0  1 -2  0  1 -2  2  1 0 1 0 1 0.73
-1 -3 -2 -3 -3 -3 -3  6 -3 -3 -1 -3  1 -3 -3 -1 -2 -3 -4 -1 0 1 0 0 0.68
 1  0 -2 -3 -2 -2 -2 -3 -2  2  0 -2  0  1 -3  0  0  3  2  2 0 1 0 1 0.49
-1 -1 -1 -1 -2  4  0  1 -1 -2 -1  0  3 -1 -2 -1  0 -1  2 -2 0 1 0 0 0.40
-1  0  3  0 -2  3  0 -1  3 -3 -2  1 -1 -1 -2  1 -1 -2  2 -2 0 0 1 1 0.34
 1  1  0 -1 -2  2  0  0 -1 -2 -1  0 -1 -3  4  1  1 -3 -2 -2 0 0 1 1 0.32
 0 -2 -1 -1 -2 -1  0 -1 -2  0  0 -1  1 -2  4  1  1 -3 -2  0 1 0 0 1 0.36
-1 -1  4  1 -2 -1  0  0 -1 -2 -3  1 -2 -3  3  1  1 -3 -2 -1 1 0 0 1 0.29
 0  0  1  3  1  1  1  1 -1 -3 -3  2 -2 -3 -2  0  0 -3 -2 -2 0 0 1 1 0.26
 0 -1  1  1 -2 -1 -1  4 -1 -2 -3  0 -2 -2 -2  1  1 -2  1 -1 0 0 1 1 0.18
 1 -1 -1  1  1  1  0  1 -2 -2 -2 -1 -1 -3  2  1  1 -3 -2 -1 0 0 1 1 0.13
-2 -1  2 -1 -3  4 -1  2  4 -3 -2 -1 -2  2 -3 -1 -2  4  0 -3 0 0 1 0 0.07
-1 -2 -2 -2  0 -2 -2 -1 -3 -3 -3  0 -3 -4  7  0  0 -4 -4 -1 0 0 1 0 0.04
 2 -2 -1 -2 -2 -2 -2 -2 -3 -2 -3 -2 -2 -3 -2  2  6 -4 -3 -1 0 1 0 0 0.02
-3 -4 -4 -5 -3 -4 -4 -5 -3  1  1 -4 -1  7 -5 -4 -3 -1  1  1 0 1 0 0 0.01
 2 -3 -2 -2 -3 -2 -3  5 -3 -4 -4 -2 -3 -4 -3  1  0 -4 -4 -3 0 1 0 0 0.01
-4 -4 -5 -5 -4 -4 -5 -5 -3 -1 -1 -5  1  7 -5 -4 -4  8  1 -2 0 1 0 0 0.01
 1 -2  0 -2 -2 -2 -2 -2 -2  0 -1 -2  0 -1 -2  3  4 -3 -2  0 0 1 0 0 0.01
-2 -4 -5 -5 -2 -4 -4 -5 -5  2 -1 -4 -1 -2 -4 -3 -2 -4 -3  6 0 1 0 0 0.00
 1  0  2 -2 -2  0 -1 -1  1  0  1  0  1 -2 -2  0  0  2 -1  1 0 1 0 0 0.00
-4  2 -4 -5 -4 -3 -4 -4  1 -4 -3 -3 -3  2 -5 -4 -2 11  1 -4 0 0 1 0 0.01
-1  0  3  3 -3  1  2 -2  1 -3 -3  1 -2 -3 -2  1 -1  1 -2 -2 0 0 1 1 0.01
-2 -1  4 -1 -3 -1 -1  0  1 -2 -2  1 -2  4 -2  0 -1 -2  1 -2 0 0 1 0 0.01
 2 -3 -1 -2 -2 -2 -1  4 -3 -3 -3 -2 -3 -4 -2  2  0 -4 -3 -1 0 0 1 1 0.01
 0  1  1  2 -3  1  1  1  1 -3 -2  0 -2 -3 -2  0  0 -3 -2 -2 0 0 1 1 0.01
 1 -2 -1 -2 -2 -1  0 -2 -2 -3 -2  0 -3 -4 -2  5  1 -4 -3 -1 0 0 1 0 0.01
 1 -3 -2 -3  2 -2 -2 -3 -3  1 -1 -2 -1 -3 -2  0  5 -4 -3  1 0 1 0 0 0.01
-1 -2 -1 -2 -2 -2 -2 -3 -3 -2 -3 -1 -2 -4 -2  3  6 -4 -3 -2 0 1 0 0 0.01
 3 -2 -1 -2 -2 -2 -2 -1 -3 -1 -2 -2 -2 -3 -2  3  2 -4 -3  2 0 1 0 0 0.01
-4 -5 -6 -6 -4 -4 -5 -5 -4 -4 -3 -5 -3  5 -6 -5 -4 11  1 -4 0 1 0 0 0.01
 1 -2 -2 -2 -2 -2 -2 -2 -3 -1 -2 -2 -1 -3 -2  2  4 -4 -3  2 0 1 0 0 0.01
 1 -4 -2 -3 -4 -3 -3  7 -3 -5 -5 -3 -4 -5 -3 -1 -3 -4 -4 -4 0 1 0 0 0.01
-3 -1 -2 -2 -5  8  1 -4 -1 -4 -1 -1 -2 -5 -3 -2 -2 -4 -3 -4 0 1 0 0 0.01
-2 -5 -4 -5 10 -4 -5 -4 -3 -3 -2 -5 -3  0 -5 -3 -3 -2  4 -3 0 1 0 0 0.01
-3 -2 -2 -3 -3  1 -2 -4  5  0  0 -2  1  6 -4 -3 -2 -1  1  0 0 1 0 0 0.01
 0 -1 -1 -3 -2 -2 -1 -1 -3  2  1 -1  1 -1 -3  0  0  2 -2  2 0 1 0 0 0.01
-2 -3  1  3  8  0  1  0 -3 -3 -1 -2 -2 -3 -3 -2 -2 -4 -3 -2 0 0 1 1 0.01
 0  1  1  2 -2  0  1  1 -1 -2 -2  0 -2 -2  1  0  0 -3 -2 -1 0 0 1 1 0.01
-1  0  2  4 -3  0  2 -1 -1 -3 -3  0 -2 -3 -2  1  1 -3 -3 -3 0 0 1 1 0.01
 0 -2  1 -1 -2 -1 -2  5  1 -3 -3 -1 -2 -3 -2  0 -1 -2 -2 -3 0 0 1 1 0.01
 0  2 -1 -1  1  2  3 -2  0 -3 -3  3 -2 -3  0 -1  0 -3 -2 -2 0 0 1 1 0.01
-2  0 -2  0 -4  2  6 -3 -2 -4 -4  1 -3 -4  3 -1 -2 -4 -3 -4 0 1 0 0 0.01
 0  0 -2 -3 -2  0 -1 -3 -3  1  1  0  2 -2 -2 -1  1 -3 -2  4 0 1 0 0 0.01
-3 -4 -5 -5 -2 -3 -4 -5 -4  3  5 -4  2 -1 -4 -4 -2 -3 -2  0 0 1 0 0 0.01
-2  1  0 -2 -3  1  1 -3  3 -2  1  2 -1 -1 -2  0 -1 -1  3 -2 0 1 0 1 0.01
 0 -3 -2 -3 -2 -2 -2 -3 -3 -2 -3 -2  0 -4 -3  0  7 -4 -3 -2 0 1 0 0 0.01
-1 -2 -2 -2 -2  1 -2 -3 -2  0 -1 -1  4 -1 -3  1  5 -3 -2 -1 0 1 0 0 0.01
-5 -5 -6 -7 -5 -4 -5 -5 -5 -5 -4 -5 -4 -1 -6 -5 -5 12  0 -5 0 1 0 0 0.01
-2 -3 -4 -4 -2 -3 -4 -4 -4  3  4 -3  3 -1 -4 -3  0 -3 -2  2 0 1 0 0 0.01
-2 -3  1 -3 -3 -1 -1 -4 -3  0  4 -3  0 -1 -4 -1 -2 -3  0 -1 0 1 0 0 0.01
-2  6 -1 -2 -3  0 -1 -3 -2 -2 -3  1 -2 -3 -2  0  3 -3 -2 -2 0 1 0 0 0.01
-1 -1  0  1 -3  1  2 -2 -2 -3 -1  0 -2 -3 -2  4  0 -4 -3 -3 0 0 1 0 0.02
 1  1 -1 -1 -3  1  2 -1  0 -2 -2  2  1 -2  0  1 -1 -3  0 -1 0 0 1 1 0.02
 1 -3 -3 -3 -2 -1 -3 -3 -3  2  0 -2 -1 -2 -3  1  1 -4 -2  4 0 0 1 0 0.02
 0  0  2  3 -3 -1  1  0 -1 -3 -3 -1 -2 -3  1  2  0 -3 -3 -3 0 0 1 1 0.03
 1 -1  1  1 -2 -1  0  1 -2 -2 -3  0 -2 -3 -2  2  3 -3 -2 -2 0 0 1 1 0.03
-1  0 -3 -3  8 -2  1 -4 -3  0  0 -2 -2 -3  2 -2 -2 -4 -3 -1 1 0 0 1 0.04
 1  0  0  3 -3  0  2  1 -2 -2 -2  1  0  0 -2  0 -1 -3 -2 -1 1 0 0 1 0.03
-2 -2  1  5 -4  0  3 -1  1 -4 -4  1 -4 -4 -3 -1 -2 -4 -2 -4 1 0 0 1 0.03
 0  1  4  2 -3 -1 -1 -2  2  0 -1  0 -2 -3 -3  0  0 -4 -2  0 1 0 0 0 0.03
-2 -1 -4 -5 -4 -3 -4 -4 -4 -4 -4  1 -3 -1 -5 -2 -4 11  1 -4 1 0 0 1 0.02
-1  2 -1 -1 -3  1  2 -1 -2 -2 -1  4  2 -3 -2 -1 -1 -4 -3 -1 1 0 0 1 0.02
 4 -2 -2 -2 -2  0 -2  0 -2 -3 -3 -2 -2 -3 -2  3  0 -4 -3 -1 0 0 1 0 0.02
-1 -2  3 -2 -3 -2 -2 -3 -3 -3 -3 -2 -2 -4 -3  0  6 -4 -3 -2 0 1 0 1 0.01
-2  5 -2 -3 -4 -1 -1 -3  1 -1  1  2  2 -3 -3 -1 -2 -4 -2 -1 0 1 0 1 0.01
-1 -3 -4 -4 -2 -3 -3 -4 -3  3  1 -3  1 -1 -3 -3 -1 -3  0  4 0 1 0 1 0.01
-1 -3  0 -2 -4 -3 -3  6 -3 -5 -4 -3 -4 -4 -3  0 -2 -4 -4 -4 0 1 0 0 0.01
-2  1  2 -1 -3  4  2 -1  3 -1 -2  0 -2 -1 -2  0 -1 -3  0 -2 0 1 0 1 0.01
-3 -2  4  6 -4 -1  0 -2 -2 -4 -4 -2 -2 -4 -3 -1 -2 -5 -4 -4 0 1 0 0 0.01
-1  1  0  0 -2 -1  0 -2 -2  1 -1  1 -1 -2 -2  0  2 -3 -2  1 0 1 0 1 0.02
-4 -4 -4 -5 -4 -4 -4 -4 -3 -2 -1 -4 -2  7 -5 -4 -3  8  1 -3 0 1 0 0 0.03
-1 -2 -1 -2 -2 -2 -2 -3 -2 -2 -2  1 -2  0 -2  1  6 -3  0 -1 0 1 0 1 0.03
-2  7 -2 -2 -4  1 -1 -3 -1 -4 -3  2 -2 -4 -3 -2  0 -4 -3 -3 0 1 0 1 0.05
-1  0 -2 -3 -2 -1 -1 -3 -1  1  1 -1  1  0 -3 -1  0 -1  4  2 0 0 1 1 0.06
-1  3 -1  1  0  1  3 -2  1 -3 -3  2 -2 -3  0  0 -1 -3 -2 -3 0 0 1 1 0.08
-1 -1 -1 -1 -2  2 -1 -2 -2 -2 -1  1 -2 -3  5  1  2 -3 -2 -2 0 0 1 1 0.11
-1 -1 -1 -1 -2  4  1 -1 -1 -1 -2  1 -1 -3  1  1  2 -3 -2  1 0 0 1 1 0.14
-1  1  0  1 -4  2  3 -2 -1 -3 -3  4 -2 -4 -2  0  0 -3 -2 -3 0 0 1 1 0.19
 2 -1  0  0 -2  1  4 -2 -1 -2  0  0 -1 -2 -2  0 -1 -3 -2 -1 0 0 1 1 0.25
 0 -2 -1 -2  5 -2 -2  2 -2 -2 -2 -2 -2 -3  4  0  2 -3 -3 -2 0 0 1 1 0.23
 2  2 -1  1 -2  0  1  1 -1 -2 -2  0 -2  2 -2  0 -1 -2 -1 -2 0 0 1 1 0.24
 0 -1  0  0 -2  0  2 -1  4 -2 -2  0 -2 -2  4  1  0 -2 -1 -2 0 0 1 1 0.19
 0  2 -1 -1 -2 -1 -1  4 -2 -2  0  0 -1 -2 -2  1 -1 -3 -2 -2 0 0 1 1 0.22
-1  2 -1 -2 -3 -1 -1  2  4 -1  1  0  0 -1 -3 -1 -2 -2 -1 -1 0 0 1 1 0.26
 2 -1  0 -1 -1  0  0 -1  3 -3 -3 -1 -2 -2 -1  4  1 -3 -1 -2 0 0 1 0 0.21
 3 -2 -1 -2 -1 -1 -2  3 -2  0 -1 -1 -1 -2 -2  1  0 -3 -2  1 0 0 1 1 0.18
-1  4  0 -1 -4  4  1 -2  0 -3 -3  3 -1 -3 -2 -1 -1 -3 -2 -3 0 0 1 1 0.13
-1  1 -1 -1 -3  0  0 -2 -1 -3 -3  4 -2 -4  5 -1 -1 -4 -3 -3 0 0 1 1 0.10
-1 -4 -3 -4  9 -3 -4 -3 -3 -1  1 -3  0 -2 -3 -2 -1 -3 -2 -1 0 0 1 0 0.06
 2 -1  2  1 -2  0  1 -1 -1 -2  0 -1 -1 -2 -1  2  0 -3 -2 -1 0 0 1 1 0.04
-1 -3 -4 -4 -1 -2 -3 -4 -3  2  4 -3  2  0 -3 -3 -1 -2 -1  2 0 0 1 0 0.02
-1 -1 -1 -1 -2  2 -1 -2 -2 -1 -2 -1 -1 -3  4  0  3 -3 -2  0 0 0 1 1 0.02
 0 -3 -1 -2 -3 -2 -3  6 -2 -4 -4 -2 -3 -4 -3 -1 -2 -3 -4 -4 0 1 0 1 0.02
-1  4 -1 -2 -3  2  0 -2 -1 -1  0  3 -1 -2 -2 -1 -1  5 -1 -1 0 1 0 1 0.01
-3 -3 -4 -5 -3 -3 -4 -3 -3 -3 -2 -4 -2  0 -4 -3 -3 12  2 -4 0 1 0 0 0.01
-1  3  0  1 -2  2  1 -2 -1  0 -1  0 -1 -2 -2  0  2 -3 -2  0 0 1 0 0 0.01
-2 -1  7  1 -3  0 -1 -1  0 -4 -4 -1 -3 -4 -2  0  0 -4 -3 -3 0 1 0 0 0.01
-2 -1  2  5 -4  0  2 -2 -1 -3 -4  1 -3 -4 -2  0 -1 -4 -3 -3 0 0 1 1 0.01
-2 -3 -4 -4 -2 -3 -3 -4 -3  1  5 -3  2  0 -3 -3 -2 -2 -1  1 0 0 1 1 0.01
 0 -3 -1 -2 -3 -2 -3  6 -2 -4 -4 -2 -3 -4 -3 -1 -2 -3 -4 -4 0 0 1 1 0.01
 1 -1  0 -1 -1  0  0 -1 -1 -3 -3 -1 -2 -3 -1  5  1 -3 -2 -2 0 0 1 0 0.01
-2  0  6  0 -3  0 -1 -1  0  0 -2  1 -2 -3 -2  0  0 -4 -2 -1 0 1 0 1 0.01
-1 -2 -3 -4 -2 -1 -3 -3 -2  1  2 -2  7  0 -3 -2 -1 -2 -1  0 0 1 0 0 0.01
-1 -1 -1 -1 -1  1 -1 -2 -2  1 -1 -1 -1 -2 -2  1  5 -3 -2  0 0 1 0 1 0.02
-1 -3 -4 -4 -1 -3 -3 -4 -4  5  1 -3  1 -1 -3 -3 -1 -3 -2  3 0 1 0 0 0.02
 0  0  0 -1 -2  0  1  3 -1 -2 -2  0 -1  1 -2  1  1 -2 -1 -2 0 0 1 1 0.02
 3 -1 -1 -2 -1 -1 -1 -1 -1 -2 -2  1 -1 -1 -1  1  1 -2  2 -1 0 0 1 1 0.03
-1 -3 -3 -4 -1 -3 -3 -4 -4  2  1 -3  1 -1 -3 -2  0 -3 -2  4 0 0 1 1 0.03
-1 -1  5  3 -3  0  0  1  0 -4 -4 -1 -3 -3 -2  1  0 -4 -3 -3 0 0 1 1 0.04
 0  0  2  1 -2  2  0  1 -1 -2 -2  2 -1 -3 -2  1  0 -3 -2 -1 0 0 1 1 0.05
 0  3  4  2 -3  0  0 -1  0 -3 -3  1 -2 -3 -2  0 -1 -4 -2 -3 0 0 1 1 0.05
 0 -3 -1 -2 -3 -2 -3  6 -2 -4 -4 -2 -3 -4 -3 -1 -2 -3 -4 -4 0 0 1 0 0.06
-1 -1 -1  0 -2  1  4 -3 -1 -1  0  0 -1 -2 -2  0  2 -3 -2  0 0 1 0 1 0.06
-3 -3 -4 -4 -3 -4 -4 -4 -2  1  0 -4  0  7 -4 -3 -2  0  3  0 0 1 0 0 0.05
 1 -1  1 -1 -1 -1 -1 -1 -1 -1 -2 -1 -1 -2 -1  3  3 -3 -2  0 0 1 0 1 0.08
 0 -3 -1 -2 -3 -2 -3  6 -2 -4 -4 -2 -3 -4 -3 -1 -2 -3 -4 -4 0 1 0 0 0.08
 0 -1  0 -1 -2  0  1 -2 -1 -2 -2  1 -1 -3 -1  2  4 -3 -2 -1 0 1 0 1 0.07
-2 -2 -3 -4 -3 -2 -3 -4  1 -2 -2 -2 -1  3 -4 -2 -2  2  8 -2 0 1 0 0 0.11
-2 -1 -1 -2 -3  2  0 -3  6  1  0 -1  0  2 -3 -1 -1 -2  1  0 0 1 0 1 0.11
 0 -2  0 -1 -1 -1 -1 -2 -2 -1 -2 -1 -1 -3 -1  1  6 -3 -2  0 0 0 1 0 0.16
 4 -2 -1 -2 -1 -1 -1  0 -2 -2 -2 -1 -1 -3 -1  2  0 -3 -2 -1 0 0 1 1 0.21
 0 -3 -3 -4 -1 -3 -3 -4 -4  2  1 -3  0 -1 -3 -2  0 -3 -2  5 0 0 1 1 0.33
 2 -1  0 -1 -1 -1 -1 -1 -2 -2 -2 -1 -1 -3 -1  3  3 -3 -2 -1 0 0 1 1 0.38
