 0 -2  0 -1 -3 -2 -2  6 -2 -4 -4 -2 -3 -3 -2  0 -2 -3 -3 -3 0 0 1 1 0.50
-2 -1  0 -2 -3  2  0 -3  7 -2 -2 -1 -1  0 -3 -1 -2 -1  3  0 0 0 1 1 0.27
-2 -3 -4 -3 -3 -2 -3 -5 -3 -1  0 -2  9 -2 -4 -3 -3 -3  0 -1 0 0 1 1 0.14
 0  2  2 -1 -3  2  0 -2  3 -3 -2  3 -2 -3 -2  0  0 -4 -2 -3 0 0 1 1 0.08
 0 -1 -1 -2 -2 -1  1 -3  1  1 -2 -1  1 -3 -2  2  4 -4 -3  0 0 1 0 1 0.04
-5 -5 -6 -7 -5 -4 -5 -5 -5  1  0 -5  0 -1 -6 -5 -4 12  1 -2 0 1 0 0 0.02
-1 -1  1 -2 -4  5 -1 -2 -1 -3 -3  1 -2 -4  2  1  2 -4 -3 -3 0 1 0 1 0.02
-2 -4 -5 -5 -2 -3 -4 -5 -4  2  4 -4  2 -1 -4 -3 -2 -3 -1  3 1 0 0 0 0.02
 1  1 -1 -2 -4  6  1 -3  1 -4 -4  1 -2 -4 -3  0 -1 -4 -2 -2 1 0 0 1 0.02
-2  0  0  6 -5 -1  4 -2 -1 -5 -5 -1 -4 -5 -3 -1 -1 -5 -4 -4 1 0 0 1 0.01
 6 -3 -4 -4 -2 -3 -1 -2 -4 -3 -2 -3 -3 -4 -3 -1 -2 -5 -4 -1 1 0 0 0 0.01
-3  1 -2 -3 -5  0 -1 -4  0 -5 -5  7 -3 -5 -3 -1 -3 -5 -4 -4 1 0 0 1 0.01
 4 -2  4 -1 -3  1 -2 -1 -2 -3 -3 -2 -3 -4 -3  0 -2 -4 -1 -1 1 0 0 1 0.01
-3  6  1 -3 -5  2 -1 -1  3 -4 -4  2 -3 -4 -3 -2  0 -4 -3 -3 0 0 1 1 0.01
-4 -5 -5 -6 -4 -5 -5 -5 -4 -1  3 -5 -1  7 -5 -4 -2 -2  0 -2 1 0 0 0 0.01
 0 -2  0 -2 -3 -2 -2 -1 -3 -4 -5 -2 -4 -5 -2  6  0 -5 -4 -4 1 0 0 1 0.01
 2  0  0  0 -4  1  5 -2  0 -4 -2  1 -3 -4 -2  0 -1 -4 -3 -3 1 0 0 1 0.01
-2 -4 -4 -4 -2 -3 -4 -4 -4  2  3 -3  1  1 -2 -3 -2 -3 -2  4 1 0 0 0 0.01
-2 -4 -4 -5 -3 -4 -4 -5 -4  4  2 -4  1 -2 -4 -3 -2 -4 -3  5 1 0 0 0 0.01
-2  2  1  4 -4  1  3 -3  1 -4 -4  1 -3 -4 -3  0 -2 -4 -2 -4 1 0 0 1 0.01
 2  3  0  0 -1  1  1 -2  1 -2 -1  1 -2 -3 -2  1  0 -3 -2 -2 1 0 0 0 0.01
 6 -4 -4 -4  5 -3 -3 -2 -4 -3 -3 -3 -3 -4 -3 -1 -1 -4 -4  0 1 0 0 0 0.01
 0  1 -2 -2 -2  1  2 -2  0  0  1 -1  1 -2 -2 -1 -1 -3 -2  1 1 0 0 1 0.01
 1  2  0  0 -3  2  1 -1  1 -3 -2  2 -2 -2 -2  1  1 -3 -2 -2 1 0 0 1 0.01
-2 -1  0  2 -4 -1  4  4 -2 -4 -4  0 -2 -4 -3  0  0 -4 -4 -2 0 0 1 1 0.01
-1 -1  0 -1 -3 -1  2  5  0 -3 -3  0 -3 -3 -2 -1  0 -3 -3 -2 0 0 1 0 0.01
-1 -5 -5 -3 -5 -4 -4 -5 -5 -4 -5 -4 -5 -2  8 -2 -4 -6 -5 -5 0 0 1 0 0.01
-2 -1 -3 -3 -5  8 -1 -4 -2 -3 -4 -1 -3 -2 -4 -2 -1 -4 -4  1 0 1 0 0 0.01
-1 -1 -2 -2  0 -1  0 -3  0  2  0 -1  1  0 -3 -1  2  1  0  2 0 1 0 0 0.01
-3 -5 -5 -5 -3 -5 -5 -6 -5  6  1 -5 -1 -2 -5 -4 -2 -5 -3  5 0 1 0 0 0.01
-1 -4 -2 -4 -3 -3 -3 -4 -4 -3 -3 -3 -1 -4 -4  1  7 -4  0 -3 0 1 0 0 0.01
-3  6  0 -1 -5 -1 -2 -4 -3 -2 -1  2 -3 -4 -4 -3 -3  0 -3  1 0 1 0 1 0.01
-4  6  1 -3 -5 -1 -2 -3  8 -5 -3  0 -4 -4 -4 -2 -3 -5 -2 -5 0 0 1 1 0.01
-2 -4 -3 -3 -5 -4 -1  7 -4 -6 -6 -4 -5 -5 -4 -3 -4 -5 -5 -5 0 0 1 1 0.01
-1  4  0 -2 -4  1  1 -2  1 -3 -4  5 -3 -4 -3 -2 -1 -4 -3 -3 0 1 0 1 0.01
-1  1 -2  2 -5 -2  2 -4 -3 -5 -4  1 -4 -5  6 -1 -2  0 -4 -4 0 1 0 1 0.01
 3 -2 -2 -3 -1 -1  0 -2 -3  0 -2 -2 -2 -3 -3  1  2 -4 -3  3 0 1 0 1 0.01
 5 -4 -4 -4 -3 -3 -3 -2  0 -1 -2 -3 -2 -1 -3 -1 -2 -4 -3  4 0 1 0 0 0.01
 0 -3 -5 -5 -3 -4 -4 -5 -5  1 -1 -3 -2 -3 -4 -3 -2 -5 -3  6 0 1 0 0 0.01
-2 -4 -5 -5 -3 -4 -4 -3 -5  3  3 -4  0 -2 -4 -4 -2 -4 -3  5 0 1 0 0 0.01
-2 -4 -5 -5 -3 -4 -4 -5 -5  3  4 -4  2 -2 -4 -2 -2 -4 -3  4 0 1 0 0 0.01
 1 -1 -2  2 -3 -2 -2 -3 -3 -4 -5 -2 -4 -5  2  5  0 -5 -4 -4 0 1 0 0 0.01
 3 -1 -3 -3 -1 -2 -2 -2 -3  2  0 -2  3  1 -3 -2 -1  1  1  2 1 0 0 0 0.01
 1  0 -1  3 -4  1  4 -2  0 -2 -4  1 -3 -4 -2  0  0 -4 -3 -3 1 0 0 1 0.01
 0 -1 -2  3 -5  0  6 -3 -2 -4 -3 -1 -1 -5 -3 -2 -1 -5 -2 -3 1 0 0 1 0.01
-1 -4 -4 -5 -4 -4 -4 -5  2 -4 -2 -4 -3  3 -5 -4 -4  8  7 -4 1 0 0 0 0.01
 0  4  0  2 -4  2  4 -3  0 -4 -3  1 -3 -4 -3 -1 -2 -4 -3 -4 1 0 0 1 0.02
 0  6 -2 -3 -5  1 -1 -3  2 -5 -3  3 -3 -5 -4 -2 -1 -5 -3 -4 1 0 0 1 0.02
-1 -3 -4 -4 -3 -3 -3 -4  0  0  5 -3  1  1 -4 -2 -2  1 -1 -1 1 0 0 0 0.03
 0  2  0  0 -2  2  0 -2  0 -1 -1  2  0 -2 -2  1  0 -2  0 -1 1 0 0 1 0.03
 1  0 -1 -2 -2  1 -1  2 -1 -1 -2  1 -2 -3  2  1  2 -3 -3 -1 1 0 0 1 0.04
 2  0 -1 -1 -2  1  1  1  1 -2 -2  0 -1 -2 -1  1  1 -3 -2 -1 1 0 0 1 0.05
 1  4  1  0 -3  1  0  0 -2 -2 -3  1 -2 -3  2  0  0 -4 -3 -2 0 0 1 1 0.05
 0  4 -1  0 -3  0  1 -1 -2 -3 -3  3 -2 -4 -1  0 -1 -4 -3 -1 0 0 1 1 0.05
-1 -2 -1  0 -3 -1 -1  3 -3 -3 -2  1 -3 -4  5  0 -1 -4 -3 -2 0 0 1 1 0.05
 0 -1  1  1 -3 -1 -2  1 -2 -3 -2 -1 -3 -4  0  4  2 -4 -3 -2 0 0 1 1 0.05
-3 -4 -5 -5 -4 -4 -5 -5 -4  0  4 -4  1  5 -2 -3 -3  2 -1 -1 1 0 0 0 0.04
 2 -1 -1 -1 -2 -1 -1  0 -1  0 -1  2 -1 -2 -1  0  0  1 -2  2 1 0 0 1 0.04
 1 -1 -1  4 -4  2  4 -2 -2 -4 -3 -1 -3 -5 -3  1 -1 -2 -4 -4 1 0 0 1 0.05
 0 -4 -1 -3 -3 -3 -2 -4  2 -1  2 -4 -1  5 -4 -3 -2  2  2  0 1 0 0 0 0.05
-4 -1 -5 -3 -4 -4 -5 -6 -5 -1  6 -4  4  1 -3 -5 -3 -4 -3 -2 1 0 0 0 0.07
-1  2 -3 -3 -1 -1 -2 -2 -1  0  3 -1  3  0 -1 -1 -1 -3 -2 -1 0 0 1 0 0.07
 2  0  1 -1 -2  2  0  0 -2 -3 -3  0  0 -2  0  2  1 -4 -3 -2 0 0 1 0 0.07
 1 -2 -1  0  0 -1  0  0 -1 -2 -1  0  1  2  1  3 -1 -3 -1 -1 0 0 1 1 0.10
-3 -4 -4 -2 -5  0  0 -1  2 -5 -4 -3 -4 -4  7 -1 -1 -6 -5 -4 0 0 1 1 0.12
 1 -2 -1 -1 -2 -1  0  1 -1  0  3  0  0 -2  1 -1 -2 -3 -2 -1 0 0 1 0 0.17
 0  3 -1  0  1  0  0 -1  0  0 -1  0  0 -1  2  0 -1  1 -1  0 0 0 1 1 0.21
 0 -1  0  2 -3  0  0  4 -2 -3 -2 -2 -2 -1  0  0  0 -3 -2 -2 0 0 1 0 0.25
 0 -2  0  4 -3  0  3 -2 -2  0 -1 -1 -2 -3 -2  0 -1 -4 -3  0 0 1 0 1 0.27
-1 -2  0  4 -4  0  3  0 -2 -1 -1 -2 -1  1  0 -1 -1 -3 -2 -1 0 1 0 0 0.23
-2 -3 -3  0 -3 -2  1 -1 -3  1  3 -3  1  2 -1 -3 -2 -3 -2  0 0 0 1 1 0.23
-1 -3 -1  5 -3 -2  2 -2 -3 -1  1 -1 -2 -3 -2 -2 -1 -4 -3  0 0 0 1 0 0.27
-2 -3 -3 -3 -3 -3 -1 -2  0  1  1 -3 -2  4  5 -1  0 -3 -1  0 0 0 1 1 0.29
 0 -1 -2  1 -4  2  4 -3 -2 -2 -4  0 -3 -4  3  0  0 -4 -3 -1 0 0 1 1 0.34
-4  8 -3 -2 -6 -2 -3 -5 -3 -6 -5 -1  0 -6 -5 -2 -4 -6 -5 -5 0 0 1 1 0.42
 0  0  1  2 -3  1  1  1  0 -1 -1 -1 -1 -3  0  1  0 -3 -2  0 0 0 1 1 0.49
 0  3  0 -1 -2  2  1 -1  0 -3 -3  2 -2 -4  2  0  0 -4 -3 -2 0 0 1 1 0.47
 2 -2 -1  4 -3 -1  0  0 -2 -2 -2  0  0 -4 -1  1  0 -4 -3 -1 0 0 1 1 0.69
 0  2 -2 -1 -2  1  0 -1  0 -1  0  0 -1 -2  4  0  0 -3  0 -1 0 0 1 1 0.70
 0  1 -2 -3 -3 -1 -2  1  0 -1 -2 -1  1 -1  4  1  0  0 -2 -1 0 1 0 1 0.68
-2  8 -4 -5 -6 -2 -3 -5 -3 -6 -5 -1 -5 -6 -5 -4 -4 -6 -5 -6 1 0 0 1 0.72
-2 -2  0  6 -5  0  3  0 -1 -5 -5 -1 -4 -5  0  0 -2 -5 -4 -3 0 0 1 1 0.73
-1 -2 -4 -5 -3 -4 -3 -3 -5  4  0 -4 -1  1 -4 -3  0 -4 -3  5 0 1 0 0 0.63
-1 -3 -2  5 -5  1  5 -4 -3 -4 -2 -2  2 -5 -1 -2 -2 -5 -4 -4 0 0 1 1 0.58
 1  0 -2 -2 -3 -1  0 -2 -2 -2  0  0 -2 -3  6 -1 -1 -4 -3 -2 0 0 1 1 0.44
-2 -3 -4 -4 -2 -3 -3 -4 -3  2  4 -3  2  0 -3 -3 -2 -2 -2  1 0 0 1 1 0.51
-2  4 -1 -1 -3  1  2 -3 -1 -2 -2  1 -1  3 -2 -1 -1 -2  0 -2 0 0 1 1 0.52
 0 -3 -1 -1 -3 -2 -2  6 -2 -4 -4 -2 -3 -3 -2  0 -2 -3 -3 -3 0 0 1 1 0.60
 1 -1  1  0 -1  0  0  0 -1 -2 -2  0 -1 -2 -1  4  1 -3 -2 -2 0 0 1 1 0.69
