 0 -3 -1 -2 -3 -2 -2  6 -2 -4 -4 -2 -3 -3 -2  0 -2 -3 -3 -3 0 0 1 1 0.71
 0 -3 -4 -4 -3 -2 -3 -4 -3  1  2 -3  8 -1 -4 -3 -2 -3 -2  0 0 0 1 0 0.54
-2 -1 -1  3 -4  1  4 -3 -2  0 -3  1 -2 -4  2 -1 -1 -4 -3 -2 0 0 1 1 0.31
-1 -4 -4 -4 -2 -4 -4 -5 -4  5  1 -4  1 -1 -4 -3 -1 -4 -2  3 0 1 0 1 0.24
-3 -3  7  4 -5 -2  0 -2 -2 -5 -5 -2 -4 -5 -4 -1 -2 -6 -4 -5 0 0 1 1 0.14
-1  2  0  3 -3  1 -1 -3  0  1  2 -1 -1 -2 -3 -1 -2 -4 -3 -1 0 0 1 1 0.09
 0 -3 -3 -2 -4 -3 -3 -4 -4 -4 -4 -3 -4 -5  8 -1  1 -5 -5 -4 1 0 0 1 0.06
 2 -1 -1  3 -3  1  4 -1  0 -3 -3  0 -3 -4 -2 -1 -1 -2 -3 -2 1 0 0 1 0.05
-1 -4 -4 -4 -2 -3 -4 -4 -4  3  0 -3 -1 -2 -4 -2  3  1 -3  5 1 0 0 0 0.04
-2 -3 -3 -2 -2 -2 -3 -1  0  1  2 -1  0 -2  1 -2 -1 -4 -2  3 1 0 0 0 0.02
 5  0 -3 -2 -2  0  1 -2 -3 -3 -3 -1 -3 -4  1  0 -1 -4 -3 -2 1 0 0 1 0.02
 0 -2 -2  1 -5  2  6 -1 -2 -5 -5 -1 -4 -5 -3 -1 -2 -5 -4 -4 1 0 0 1 0.02
-2 -4 -5 -5 -3 -4 -4 -5 -5  2  3 -4  3 -2 -4 -4 -2 -4 -3  5 1 0 0 0 0.01
 0  2  0 -2 -1  0  1 -1 -1 -2 -1 -1  1 -3 -3  0  4 -4 -3 -1 1 0 0 1 0.01
 5  0 -2  2 -3 -1  2 -1 -1 -3 -3 -2 -3 -4 -2  0  1 -4 -3 -2 1 0 0 1 0.01
 5 -3 -3 -4 -1 -1 -3 -2 -3  0  1 -3  1 -3 -3  0 -2 -4 -3  1 1 0 0 0 0.01
-2 -4 -4 -4 -2 -4 -1 -5 -1 -2 -2 -4 -2  8 -5 -1 -3 -1  2  0 1 0 0 0 0.01
 1  1 -1  3 -3  0  2 -2  1 -2 -2 -1 -1 -2 -2 -1 -1  1  2 -2 1 0 0 1 0.01
 2  5 -2  1 -4  0  1  0 -2 -4 -3  0 -3 -4 -3 -1 -1 -4 -3 -3 1 0 0 1 0.01
-4 -4 -4  0 -5 -4 -4 -5 -1 -4 -1 -4 -3  0 -5 -3 -4  0  9 -4 1 0 0 0 0.01
-1 -2 -2  0 -6  1  7 -4 -2 -5 -5 -1 -4 -6 -3 -2 -3 -5 -4 -5 1 0 0 0 0.01
 2  4 -1  0 -3  3  0 -3  1 -3 -3  2 -2 -4 -3 -1  0 -4 -2 -3 1 0 0 1 0.01
 7 -4 -4 -4 -3 -3 -3 -2 -4 -4 -4 -3 -3 -5 -3 -1 -2 -5 -4 -2 1 0 0 0 0.01
-3 -4 -5 -5 -3  0 -4 -6 -5  1  6 -4  0 -2 -5 -4 -3  3 -3 -1 1 0 0 0 0.01
-1  0 -3 -4  1 -1 -3 -2 -3  1  1 -2  5 -2 -4 -2  1 -3 -3  3 1 0 0 1 0.01
 2  0  0  1 -3 -1  1  3  0 -2 -3 -1 -2 -4 -2  1  1 -4 -3 -2 1 0 0 1 0.01
-3 -2  7  2 -5 -2 -1  0  0 -5 -5 -1 -4 -5 -4  1 -2 -6 -4 -5 0 0 1 1 0.01
-2 -3  0  8 -6 -1  0 -4 -3 -5 -6 -3 -5 -6 -4 -2 -3 -6 -5 -5 0 0 1 1 0.01
-1 -3 -4 -4 -2 -3 -4 -1 -4  3  2 -4  0 -2 -2 -3  0 -4 -3  5 1 0 0 0 0.01
 3 -2 -1  3 -3  0  2 -1 -1 -3 -4 -1 -3 -4  1  0 -1 -4 -3 -2 1 0 0 1 0.01
 3 -3 -3 -3 -2 -2 -2 -1 -3  0 -1 -2 -1 -3 -3 -1  3 -4 -3  3 1 0 0 0 0.01
-3 -4 -5 -5 -3 -1 -5 -6 -5  1  6 -4  4 -2 -5 -4 -3 -4 -3 -1 1 0 0 0 0.01
-2 -3  2  7 -1 -1  0 -3 -3 -5 -5 -3 -5 -5 -4 -2 -2 -6 -5 -4 1 0 0 0 0.01
 3  3 -1 -1 -3  0  3  0 -2 -4 -4 -1 -3 -4 -3  0 -1 -4 -3 -3 1 0 0 1 0.01
-2 -4 -5 -5 -3 -4 -4 -5 -4  0  5 -4  1  2 -4 -2 -1  1  1 -1 1 0 0 0 0.01
-5 -5 -6 -6 -5 -6 -6 -6 -4  0 -2 -6 -2  9 -6 -5 -5 -2  1 -3 0 1 0 0 0.01
 1  1 -4 -4 -4 -3 -2 -4  3 -4 -2 -3 -3 -1 -4 -2 -3 11  1 -4 0 0 1 0 0.01
 0 -1  3  4 -3  0  0 -2  3 -3 -4 -1 -2 -3  2  0  1 -4 -1 -3 0 0 1 1 0.01
 1 -2  0  4 -3 -2 -1  2 -1 -4 -4 -2 -3 -4 -3  3 -1 -5 -4 -3 0 0 1 0 0.01
 1 -3 -2  1 -4 -2  0 -2 -3 -3 -4 -2 -3 -5  6  0  0 -5 -4 -1 0 0 1 1 0.01
-1  4 -1  1 -4  2  2 -3  5 -3 -3  0 -2 -3 -3  0  0 -4  0 -1 0 0 1 1 0.01
-1 -3 -3 -3 -3 -3 -3 -4 -4  1 -1 -3 -2 -3 -3 -1  6 -4  0  2 0 0 1 0 0.01
-2 -4 -3 -4 -2 -4 -4 -5 -4  3  3 -4  1 -2 -4 -3  0 -4 -3  4 0 1 0 0 0.01
-4  8 -3 -4 -6 -1 -3 -5 -3 -5 -4  0 -4  0 -5 -3 -4 -5 -4 -5 0 1 0 0 0.01
 0 -4 -3 -3 -4 -3 -4 -1 -1 -2 -1 -3 -2  4 -4  0 -1 -1  7 -1 0 1 0 0 0.01
 0 -4 -2  3 -4 -3 -2  6 -4 -5 -5 -3 -5 -5 -4 -2 -3 -5 -5 -5 0 0 1 0 0.01
 3 -3 -1 -3 -2 -3 -3  1 -3  1 -1 -3  0 -1  1 -1 -1 -3  0  2 0 0 1 1 0.01
 3 -2  0  2 -3 -2 -2  4 -3 -4 -4 -2 -3 -4 -3  1  1 -4 -4 -3 0 0 1 1 0.01
-2 -2 -2  2 -5 -1  6  2  2 -5 -5 -2 -4 -5 -3 -2 -1 -5 -4 -4 0 0 1 0 0.01
-2 -1  5 -1 -3 -2 -2  1  0 -1  0  0  1 -3  0 -1 -1 -4 -3  0 0 1 0 1 0.01
-3 -4 -5 -5 -3  1 -4 -3 -1 -1  6 -4  0 -2 -5 -4 -3 -4 -3 -1 0 1 0 0 0.01
-3 -2 -1 -4 -4 -1 -4 -5  4 -1  0 -3 -2  1 -5 -3 -3  3  7  2 0 1 0 1 0.01
-2 -5 -3 -3 -2 -4 -4  7 -4 -6 -6 -4 -5 -5 -4  0 -4 -5 -5 -5 0 0 1 0 0.01
-1 -2 -2 -3 -3  0 -2  1  5  2 -1 -2  0  2 -1 -1 -2 -2  3  0 1 0 0 0 0.01
 1 -2 -1  5 -4  0  4  0 -2 -4 -4  0 -4 -5 -3  0 -2 -5 -4 -3 1 0 0 1 0.01
 4 -1 -2  1 -3  2  4 -2  3 -4 -4 -1 -3 -4 -3 -1 -2 -4 -3 -3 1 0 0 1 0.01
-3 -5 -5 -5 -3 -2 -5 -6 -5  7  1 -5 -1 -2 -5 -4 -3 -5 -3  2 1 0 0 0 0.01
 3  5 -2 -3 -3  0 -1 -3  2 -3 -3  0 -3 -4 -3  1 -1 -4 -3 -2 1 0 0 1 0.01
 5 -1 -2 -1 -2  0  2 -1 -3 -3 -1 -1 -2 -3 -2 -1 -2 -4 -3 -2 1 0 0 1 0.02
-4 -4 -4 -5 -1 -4 -4 -4  3 -2 -2 -4 -2  8 -5 -4 -4  4  4 -3 1 0 0 0 0.02
-3  8 -2 -3 -5 -1 -2 -4 -2 -4 -4  0 -3 -4 -4 -3 -3 -4 -3 -4 1 0 0 0 0.02
 3  2 -1 -2 -2  1  0  0 -2 -1 -1  1 -1 -3 -2  1 -1 -3 -2  0 1 0 0 1 0.04
 2 -1  1 -2 -2  1 -1  3 -1 -2 -1 -1 -1 -3 -2  1  0 -3 -2 -1 1 0 0 1 0.05
-3  7 -2 -3  3  0 -2 -4 -2 -4 -2  0 -3 -4 -3 -2 -2 -4 -3 -4 0 0 1 0 0.06
 0 -2 -1 -1 -2  1 -1  2 -3 -4 -4  0 -3 -4  5  1 -1  3 -3 -3 0 0 1 1 0.06
 1 -3 -1 -2 -3 -2 -2  3 -3 -3 -3 -2 -3 -4  5  1  0 -4 -3 -1 0 0 1 1 0.07
 2 -2 -2  0 -2  1 -1  1 -2  0 -1  0  1 -2  1  0 -1 -3 -2  1 0 0 1 0 0.07
-1 -1  1  0 -3 -2 -2  3 -1 -1 -3 -2 -3 -4  5  1 -1 -4 -3 -3 0 0 1 1 0.07
-1  1 -2 -2 -2  0 -2 -2 -2 -1  3  0  0 -1  4 -2  0 -2 -2 -1 0 0 1 1 0.07
 2  0  0  1 -2  1  1  0  0 -2 -2 -1  1 -3  3  1  0 -3 -2 -2 0 0 1 1 0.06
-3  7 -2 -3 -5 -1  0 -4 -2 -4 -4  1 -3  0 -4 -3 -3 -4 -3 -4 0 0 1 0 0.05
-1  2 -1  2 -3  1  2 -1  0 -2 -2  1 -2 -3 -2  0  2  2 -2 -1 0 1 0 1 0.04
-2  0 -2 -4 -2 -2 -2 -4 -3  2  4 -3  3 -1 -3 -3 -1 -3 -2  2 0 1 0 1 0.03
 1  1 -2 -1 -2  0  1 -2  3  0  1 -1  0 -1 -1 -1  0 -3 -1  1 0 1 0 1 0.02
-1  5  2  0 -3  0 -1 -2  3 -3 -2  0 -2 -3 -3  0 -1 -4 -2 -1 0 1 0 1 0.02
-2  2 -2 -3 -2 -2 -2 -3  0  0  1 -1 -1 -2 -2  0  4 -3 -2  1 0 1 0 1 0.01
-1 -1 -2 -2 -3  0  0 -3  4  0 -1 -1 -1 -2  0  0  0 -4 -2  4 0 1 0 0 0.01
-2 -4 -4 -4 -2 -4 -4 -4 -4  5  0 -4 -1 -2 -4 -3 -1 -3  0  4 0 1 0 0 0.01
 0  2 -2 -2 -3  1 -2 -1  2 -1 -2 -1 -2 -3 -3  0  5 -4 -3  0 0 1 0 0 0.01
 1 -2 -2 -1 -1 -2 -2  0 -3 -1 -2 -2  0 -3 -1  1  5 -4 -3  1 0 1 0 0 0.01
-3 -3 -3 -4 -3 -1 -3 -4  1  0  1 -3  0  6 -1 -3  0 -1  4  0 0 1 0 0 0.01
 0 -4 -2  0 -4 -3 -3  6 -4 -5 -5 -3 -4 -5 -4 -1 -3 -4 -4 -4 0 0 1 0 0.01
 0  3  0  2 -3  1  1 -1  1 -2 -2  0 -2 -3  2  0  0 -3 -2 -1 0 0 1 1 0.01
-1  0  1  7  0 -2  1 -3 -3 -4 -4 -2 -4 -4 -3 -1  0 -5 -2 -4 0 0 1 1 0.01
 0 -3 -3 -2  1 -2 -3 -3  2 -1  0 -3  2  4 -3 -2  1  3  2  1 0 1 0 0 0.01
 6 -3 -3 -3 -2 -3 -3  0 -3 -2 -3 -3 -2  0 -3 -1 -2 -4 -3  0 0 1 0 0 0.01
-1 -3 -2 -3 -2 -3 -3 -3 -1  1  1 -3 -1 -1 -3 -1  4 -3 -2  3 0 1 0 0 0.01
 3 -3 -3 -3  2 -3 -3  0 -3  0 -1 -3 -1 -3 -3 -1  1 -4 -3  4 0 1 0 0 0.01
 0  0  3  0 -2 -1 -1 -2  2 -2 -2 -1  2 -3 -2  3  2 -4 -2  0 0 1 0 0 0.01
 1 -3 -2 -3  1 -2 -2 -3 -3  1  1 -2 -1 -2 -3  0  4 -3  0  2 0 1 0 0 0.01
-1 -1 -1 -1 -5  0  6 -4 -2 -3  0 -1 -3 -4 -3 -1  0 -5 -4 -1 0 1 0 0 0.01
-3 -2 -4 -4 -1 -4 -1 -1 -3 -1 -1 -4 -2  7 -5 -3 -1 -1  2  0 0 1 0 0 0.01
-2  4 -2 -1 -1  0  0 -3  1 -2 -1 -1 -2  0 -3  0  3 -3  1 -1 0 1 0 1 0.01
-2  6 -2 -1 -5 -1 -1 -4 -2 -3 -1  1 -2 -2 -4 -1 -2 -3  2 -1 0 1 0 0 0.01
 2  0  0  3 -3 -1  2  1  1 -3 -2 -1 -3 -4  1  0 -1 -4 -3 -3 0 0 1 1 0.02
 0 -3  0  2 -3 -2 -2  5 -3 -4 -3 -2 -3 -4  0  1 -1 -4 -4 -3 0 0 1 1 0.02
 1 -1  0  2 -2 -1  0  1 -1 -2 -3  0 -2 -3 -2  2  2  0 -2 -1 0 1 0 1 0.02
 0 -1 -1  2 -3  0  1  2  2 -4 -3 -1 -3 -4  4  0  0 -4 -3 -3 0 1 0 1 0.03
 1  5 -2 -3 -3 -1 -1  1 -2 -3 -1  2 -2  0 -2 -1 -2 -3 -2 -1 0 1 0 1 0.02
-2  2 -2 -3  0 -2 -2 -4  2  4  1 -2  0 -1 -3 -2  0 -3 -2  2 0 1 0 0 0.02
 0 -4 -2 -3 -4 -4 -4  7 -4 -5 -5 -3 -4 -5 -4 -1 -3 -4 -5 -2 0 1 0 0 0.02
-2  7 -3 -4 -5 -1 -2 -4 -3 -4  0  0 -3 -2 -4 -3  0  0 -3 -2 0 1 0 0 0.02
-3 -1 -3 -3 -6  8 -1 -4  2 -5 -5 -1 -3 -5 -4 -3 -3 -4  1 -5 0 1 0 0 0.01
-1 -2 -2 -3 -3  0 -2 -3 -3 -3 -2 -2  4  0 -3  4  4 -4 -3 -2 0 1 0 0 0.01
-3  1 -2 -3 -6  8  1 -4  3 -5 -5 -1 -3 -6 -4 -3 -3 -5 -4 -5 0 1 0 0 0.01
-1 -3 -2 -3  0 -2 -1 -3 -3 -1  0 -2  1 -1  1  1  5 -4 -3  1 0 1 0 0 0.01
-6 -6 -7 -7 -6 -5 -6 -3 -6 -6 -3 -6 -5 -2 -7 -6 -6 13 -1 -6 0 1 0 0 0.01
 2  0 -3 -3  0  0 -2 -3 -1  2  0 -2  0 -1 -3 -1 -1 -3 -1  3 0 1 0 0 0.01
-1  6  0 -3 -1  0 -1 -3  2 -3 -2  2 -2 -3 -3 -2 -2 -3 -3 -3 0 1 0 0 0.01
-1 -2 -3 -2  0 -3 -3 -2 -3  1  2 -3  1  4 -3 -2  2  3  0  0 0 0 1 0 0.01
-1 -2 -1  3 -3 -1  1 -2  2 -3 -2 -1 -2 -3  5 -1 -1 -3 -2 -3 0 0 1 1 0.01
 1 -1 -1  0  0 -1  1  2 -1 -1 -1  0 -1 -1  3  0  0 -1 -1 -1 0 0 1 1 0.01
 2  0 -1  1 -1  1  1 -1  0 -1 -1  0  0 -1  2  0  0 -1 -1 -1 0 0 1 1 0.01
-1 -1  0  4 -1  1  3  0  0 -2 -2 -1 -2 -3  1  0 -1 -3 -2 -1 0 0 1 1 0.00
-1  1 -2 -3 -4 -3 -3  6 -3 -4 -4 -2 -3 -4 -3 -2 -3 -3 -4 -4 0 0 1 1 0.00
-6  0 -7 -7 -6 -5 -6 -6 -5 -6 -5 -5 -5 -2 -7 -6 -6 12 -1 -6 0 1 0 0 0.00
-2  5  1 -3 -3  1 -1 -3 -1 -4 -2  4 -1 -4 -3 -2 -1 -4 -3 -3 0 1 0 0 0.00
-3 -5 -5 -5 -3 -4 -5 -5 -5  6  1 -4 -1 -2 -4 -4 -2 -4 -3  4 0 1 0 0 0.00
-1 -4 -4 -5 -3 -4 -4 -5 -5  3 -1 -4  1 -3 -4 -3  1 -4 -3  6 0 1 0 0 0.00
 5 -3 -3 -3 -1 -2 -3 -1 -3 -3 -3 -2 -3 -4 -3  2  0 -4 -4 -2 0 1 0 0 0.01
 6 -4 -4 -4 -3 -3 -3 -2 -4 -4 -4 -3 -3 -4 -3 -1 -2 -5 -4 -2 0 1 0 0 0.01
-4 -3 -2 -4  1  1 -2 -5 10 -6 -5 -3 -4 -4 -5 -3 -4 -5 -1 -6 0 1 0 0 0.01
-2 -5 -5 -5 -3 -4 -5 -5 -5  1  0 -4 -1 -3 -5 -4 -2 -5 -3  7 0 1 0 0 0.01
-1 -3 -1 -2 -3 -2 -2 -2 -3 -4 -4 -2 -4 -5 -3  6  2 -5 -4 -4 0 1 0 0 0.02
-1 -2 -4 -4 -2 -1 -1 -2 -3  1  3 -3  1  1 -1 -3 -2  4  1  0 0 1 0 1 0.03
-2 -3 -4 -4 -3 -2 -2 -4 -3  3  2 -3  6 -2  3 -2 -1 -3 -3  1 0 1 0 0 0.08
 3 -3 -1  3 -3 -2 -1  0 -3 -3 -4 -2 -3 -4  5  2 -1 -4 -3 -3 0 0 1 1 0.21
-1  1 -1  3 -3  0  2 -3 -2 -1  0 -1  0  0  0 -1 -1 -3 -2  0 0 0 1 1 0.34
-1 -3 -3 -2 -4 -2 -2 -3 -3 -4 -4 -2 -3 -4  8 -1 -2 -5 -4 -3 0 0 1 1 0.38
