-2 -3 -4 -5 -3 -2 -4 -4 -3  0  1 -3  9 -1 -4 -3 -2 -3 -2 -1 0 0 1 1 0.96
 3 -2  0 -2 -2 -1 -1 -1 -2 -2 -3 -1 -2 -3 -2  3  2 -4 -3 -2 0 0 1 1 0.97
-1  1 -1 -1 -3  3  3  0 -1  0 -1  0 -1 -3 -2  0  1 -3 -2  0 0 0 1 1 0.97
-2  2 -1  1 -4  4  4 -3 -1 -2 -1  0 -2 -3 -2  0  0 -3 -3 -1 1 0 0 1 0.97
-1  1  3  4 -4 -1  1  0 -2 -4 -4 -1 -3 -4 -3  0  2 -4 -3 -3 1 0 0 1 0.97
 2 -2 -1  0 -2 -1  1  1 -2  0 -1  0 -1 -3 -1 -1  1 -3 -2  2 1 0 0 0 0.97
 0  1  0 -2 -3  2 -1 -3 -2 -1 -3  0 -2 -3  5 -1  2 -3 -1 -1 1 0 0 1 0.97
 1 -1  1 -2 -2  1  0 -1 -2 -1 -2  0  1 -3  4  1  1 -4 -3 -1 1 0 0 1 0.98
 2 -1  0 -2 -3  0 -1  3 -2 -3 -2 -2 -2 -4  0  1  0 -4 -3  0 1 0 0 1 0.98
 4  0 -2 -1 -2 -1  0  1  0 -1 -3  1 -2 -3 -2  0  0 -4 -3  0 1 0 0 0 0.97
 0  1 -1 -1 -3  1  2 -3 -1 -3 -2  1 -2 -4  0  2  4 -4 -3 -1 1 0 0 1 0.97
 2 -1  2  1 -3  0  1  1 -2 -2 -3 -1 -1 -1 -1  1  0 -3 -2  0 0 0 1 1 0.95
 1 -2 -1  0  3  1 -1  2 -2 -1 -2  0  0 -3  0  0  2 -4 -3 -1 0 0 1 1 0.90
 4 -2 -3 -3  0 -2  0 -2  2 -2 -1  1 -2 -3  1 -1  0 -4  1 -1 0 0 1 1 0.87
 1 -1  0 -1 -1 -1  0  1 -2 -1  1  0  1 -2 -2  1  1  2 -2 -1 0 0 1 1 0.84
 1  1 -3  0 -4  0  0 -3 -3 -4 -3  0 -1 -3  6  0  0 -5 -4 -2 0 0 1 1 0.73
 3 -2  1 -1 -3  0  1 -1  1 -1 -3  0 -2 -4 -2  1  1 -4 -3  1 0 0 1 1 0.64
 3  0 -2 -1 -3 -2  1  3 -1 -3 -2  0 -3 -1  0 -1  0 -4 -3 -1 0 0 1 0 0.59
 1  1 -1 -1 -3  0 -1 -2 -2  1 -1  2  2 -2  0  0  2 -3  0  1 0 0 1 1 0.44
 1 -1 -2 -3 -4 -1  1 -1  5 -3 -2 -1 -1 -3  5  0 -2 -5 -3 -4 0 0 1 0 0.28
-1 -1  0 -2 -3 -1  0 -1  0  0 -1 -2  2 -2  5  0  0 -4 -2  0 0 0 1 0 0.20
 0  0 -1 -1 -3  0 -1  2 -2 -1 -2 -2 -1 -3  0  1  2 -3 -3  2 0 1 0 1 0.14
-2 -2 -3 -1  0 -2 -2 -4 -1 -1 -1  0  1  4  3 -2 -2 -2  6 -2 0 1 0 0 0.10
 2 -1 -1 -2  0  0 -2 -1  3 -3 -2 -1 -1 -4  0  2  4 -5 -3 -1 0 1 0 1 0.07
 1  1 -2 -2 -4  3  0  0 -1 -1 -3  1 -2 -5 -2  2  3 -5 -4 -2 0 0 1 1 0.05
-1 -4 -6 -6 -2 -4 -6 -6 -6  3  3 -5  2  0 -4 -3 -3 -5 -4  4 0 0 1 0 0.03
 0 -1  3 -4 -1  2 -3 -3 -1 -1 -2  0  0 -1 -3  0  5 -5 -2 -1 0 0 1 1 0.02
-4 -7 -5 -7 -5 -1 -4 -7 -7 -3 -5 -6 -3 -8  9 -4 -4 -9 -8 -6 0 0 1 0 0.01
-4 -2 -3 -5 -7 -2 -5 -7  4 -1 -5 -4  0  2 -1 -4 -5  2  8 -4 0 1 0 0 0.01
-5 -7 -7 -8 -6 -4 -7 -8 -4  2  6 -6  2 -1 -4 -7 -3 -6 -3  0 0 1 0 0 0.01
-1 -3  0 -3  1 -3 -4 -4 -1  2  0 -4  2  4 -5 -1  2 -4  3  2 0 1 0 0 0.01
-3 -6 -6 -6  2 -5 -6 -6 -5  1  1 -5  0  5 -6 -3 -1 -2  0  5 0 1 0 0 0.01
-1  1  2  3 -4  1  2 -1  0 -3 -3  0 -1 -2  1 -1 -1 -3  1 -3 0 0 1 1 0.01
 1 -2  1  1 -2 -2 -2  4  0 -2 -3 -3 -3 -2  0 -1  0 -3  0  0 0 0 1 0 0.01
 0  2  0  0 -2  1  0  1  0 -2 -1  0 -2 -2  3  0 -1 -2 -2 -2 0 0 1 1 0.01
-3  3  4  5 -4 -1 -2 -2 -1 -5 -5  1 -4 -5 -4 -2 -1 -4 -5 -4 0 0 1 1 0.01
 5 -7 -7 -7  7 -4 -4 -1 -4 -2 -3 -5 -5 -4 -3 -3 -1 -7 -4  2 1 0 0 0 0.01
 2  3  0  1 -4  0  3 -2 -1 -4 -4  1 -3 -4 -1  0 -1 -5 -5 -2 1 0 0 1 0.01
 2  0 -3  2 -6  0  5 -3 -3 -6 -4  1 -4 -6 -4 -2 -2 -6 -4 -5 1 0 0 1 0.00
 7 -6 -7 -7 -6 -4 -7 -6 -7 -5 -2 -7 -3 -3 -7 -1 -2 -8 -5 -5 1 0 0 0 0.00
 0 -3 -7 -8 -4 -7 -7 -6 -5  5  3 -4  3  2 -7 -5 -3 -6 -5  2 1 0 0 0 0.00
 3  1  1  3 -7  0  4 -3 -1 -6 -5 -1 -6 -6 -6 -2 -1 -5 -5 -4 1 0 0 1 0.00
-6 -6 -10 -10 -9 -5 -10 -10 -4 -8 -3 -10 -7  9 -10 -8 -7  5  3 -7 1 0 0 0 0.00
-6 -9 -10 -11 -4 -9 -10 -10 -6 -6  1 -9 -2 -2 -10 -9 -6 -2 10 -4 1 0 0 0 0.00
 1  3 -4 -2  0  3  3 -2  0 -3 -4  3 -4 -7 -6 -2  1 -7 -6  0 1 0 0 1 0.00
 0  3 -1  3 -7  2  2 -2 -1 -5 -6  3 -3 -5 -6  1  0 -7 -6 -6 1 0 0 1 0.00
 5 -6 -6 -8  0 -4 -7 -2  0 -1 -2 -5 -6 -7 -5 -5 -1 -8 -7  4 1 0 0 0 0.00
-6 -7 -10 -10 -9 -10 -10 -10 -9 -3  3 -10 -3  9 -7 -9 -6 -7 -5 -5 1 0 0 0 0.00
-3 -4  0  2 -9 -5 -3  7 -2 -10 -8 -5 -9 -9 -5 -5 -8 -9 -9 -9 0 0 1 1 0.01
 5 -4 -4 -4 -3 -4 -4  3 -3 -2 -3 -4 -3  3 -3 -3 -2  2 -2 -2 0 0 1 0 0.01
-2  0 -3 -1 -5  1  4 -3 -3 -2 -1  1 -2 -3 -4 -2  3 -2 -3  1 1 0 0 1 0.01
-3  0 -2 -1 -2  0  5 -4 -3  1  0 -1 -3 -1 -2 -2 -1 -5 -4  2 0 1 0 0 0.01
 0 -1 -2 -2 -2  0 -1 -3 -1  2  2  0  0  0 -2 -1  1 -3 -1  3 1 0 0 0 0.01
 1  0  0 -1 -1 -1  0  1 -1 -1 -1 -1  3  2 -1  0 -1 -3  1  0 0 1 0 0 0.03
-1  4 -1 -1 -1  0  0 -2  0  0 -1  1  1 -2 -2 -1 -1 -2 -3  1 0 0 1 1 0.03
-2 -1 -2 -2 -2  1 -2 -1 -2  1  1 -2  6  1 -1 -1  1 -3  1  1 0 0 1 0 0.04
-1  1 -2  0 -2 -2 -1 -2  0 -2 -2 -2 -1  2  4 -1  2 -4  0  0 0 0 1 1 0.05
 0 -1  0  0 -2 -1  0  2  1 -3 -1 -2  0  4 -2 -1 -1  0  3 -1 0 0 1 0 0.06
 0 -1 -1 -1 -2  0  1  0 -1 -3 -3  0 -1 -2  6 -1 -1 -2 -2 -3 0 0 1 1 0.07
 0 -1  0  4 -4  0  2  0 -2 -2 -2  0 -1 -1  0 -1 -1 -4 -2 -1 0 0 1 1 0.08
 0  1 -1 -1 -3 -1  0  4 -1 -2 -2 -1  3  0 -1 -1 -1 -3 -2 -2 0 0 1 1 0.10
-1  2 -1  0 -2  0  1 -2  0 -1 -1  2  0 -1  3 -1 -1  1 -1  0 0 0 1 1 0.09
 1 -1 -1 -1 -2  0  0 -1  0  0  1 -2  0  0  2 -1 -1  0  0  1 0 0 1 1 0.10
 0 -1  0  3 -2 -1  3  0 -1 -1 -2 -1 -1 -1  0  0  0  0 -2 -1 0 0 1 1 0.09
 0 -1  0  2 -1  1  1  1  1 -2 -1 -1  1 -1  0 -1 -1 -3  0 -1 0 0 1 1 0.08
 1 -1 -1  3 -4  0  4 -1 -1 -2 -2 -2 -2 -2  1 -1 -1  0 -2 -1 0 0 1 1 0.06
 0 -1  0  3 -1  0  1  0  0 -1 -1  0  1 -2  1  0 -1  1 -1 -1 0 0 1 0 0.04
-1 -3  1  1 -1 -2 -1  5 -3 -3 -2 -2 -2 -2  2 -2 -1 -5 -4 -2 0 0 1 1 0.03
 0  2 -2  0 -3  0  1 -1  1 -1  0  2 -1  0 -2  0  0  1 -2 -1 0 1 0 0 0.02
-2 -3 -5 -2 -3 -5 -5 -3 -5  5  1 -5 -1 -2 -2 -3  0 -5 -1  5 0 1 0 0 0.01
 1 -4 -3 -1 -2 -1 -2  1 -1  0  0 -3  7 -2 -6 -2  0  0 -3  1 0 1 0 0 0.01
-4 -4 -1 -3 -2 -1 -2 -4 10 -2 -4 -5 -3 -1 -5 -1 -3 -3 -1 -2 0 1 0 0 0.01
 6 -6 -4 -3  0 -6 -6  1 -6 -2 -3 -4 -2 -3 -3  0 -2 -7 -3  0 0 1 0 0 0.01
 0  0  0 -2 -1  2  5 -2  3 -4 -4 -2  1 -1 -4  0 -2 -2 -3 -1 0 1 0 0 0.01
-4 -7 -7 -7 -2 -3 -7 -7 -2  1  5 -7  4  3 -3 -6 -2 -6 -5  1 0 1 0 0 0.01
 0  3 -1  0 -3  1  1 -3 -1 -2 -2  1  0 -4 -1  0  2 -1 -1 -1 0 1 0 1 0.01
-1 -3 -4 -4 -2 -3 -4 -3 -2  5  1 -3 -1  3 -4 -3 -1  2  1  1 0 1 0 0 0.01
 1 -3  2  0 -2 -2 -2  5 -1 -4 -3 -2 -3 -2 -1 -1 -3 -6 -2 -4 0 0 1 0 0.01
-1 -3  1  4 -2 -1 -1  4  0 -4 -4 -2 -5 -1 -1  0 -1 -6 -5 -4 0 0 1 1 0.01
 2 -2  0 -3 -1 -1 -2  2 -1 -2 -1 -3 -1 -1 -4  3  2 -1  0 -1 0 0 1 0 0.01
-1  1  0 -1 -1 -1 -1 -2  0  0  0 -1  2 -1  0  0  2  3 -1  1 0 1 0 0 0.01
-3 -6 -3 -4 -2 -3 -4 -3 -6  4  3 -4  0  3 -2 -4 -3  2 -1  3 0 1 0 0 0.01
-1 -1 -2 -3 -1  0 -3 -2  2  0  0 -3  8  1 -3 -2 -2  2  1 -1 0 1 0 0 0.01
-1 -1 -4 -4  1  0 -3 -1 -3  2  3 -3  2  1 -1 -2 -1 -3  0  2 0 1 0 0 0.01
 1 -1  0 -1  4 -1 -1  2  1 -1 -1 -1  0  0 -3  1 -1  2  0 -1 0 1 0 0 0.02
 0  1  1  1 -3  1  0  0  2 -2 -1  0  1 -2  1  0  0 -3 -2  0 0 1 0 0 0.03
 1 -1 -1  1 -2 -1  2  0 -1 -1 -2 -1 -1 -2  1  0  1  0 -2  0 0 0 1 0 0.04
 0  1  1  0  1 -1 -2  0  0 -1 -2 -1  2  2  1  0  0  2  1 -1 0 0 1 0 0.06
 0 -2 -2  3 -1 -2  2 -2 -2 -4 -4 -2 -3 -3  6  0 -2 -3 -3 -3 0 0 1 1 0.09
-1 -1  0  3  0  1  3  1  0 -2 -1 -1  0  0 -2 -1 -2  0  0 -2 0 0 1 1 0.12
 0 -1 -2  0  0  0 -1  0  2 -2 -2 -1  2  0  3 -1 -1  5  2 -1 0 0 1 1 0.13
 0 -2 -1  1 -3 -1  0  4 -1 -3 -3 -1 -3 -2  1  1 -2 -1 -1 -2 0 0 1 0 0.15
 1  0 -1  0  0  0 -1 -1  1 -1  0 -1  2  2  0  0 -1  1  1  0 0 0 1 1 0.16
 1  0  0  0  0  0 -1  2  0 -2 -1  0  0 -1  1  1  0 -1 -2 -1 0 0 1 0 0.15
 1  0 -2 -2 -2  0 -1  1  1 -3 -2 -1  0 -1  4  0  0  0 -2 -1 0 0 1 1 0.16
 1 -1 -1 -1 -4  1  0  0  0 -2 -2 -1 -1 -2  4 -1  0 -3 -3  0 0 0 1 1 0.14
 1  0  0  0 -3  1  0  0 -1 -2 -1  1  0 -1  2  0  0 -2 -1 -1 0 0 1 1 0.16
 1 -1 -1  0 -2  0  0  0  1 -2 -1 -1 -1 -2  3  1  1 -2 -2 -1 0 0 1 0 0.13
 0  0  0  1 -3  1  0  3  0 -1 -2  0 -1 -2  0  1 -1 -4 -3 -1 0 0 1 1 0.10
 0 -1  0 -1 -5 -3 -3  6  0 -4 -4 -3 -3  0  1 -1 -1 -2 -2 -2 0 0 1 0 0.06
 1 -2  3  0 -4  0 -1 -1  0 -1 -3 -1 -1  1 -2  2  2 -4  0  0 0 0 1 0 0.04
 0 -2  2 -1  0  0 -2  2  0 -3 -4 -2 -1 -2  3  2  1 -5 -2 -2 0 0 1 0 0.03
-1 -4 -2 -3  1  0 -3 -4 -1  3  0 -3  1  2 -3 -2 -1  0  0  4 0 1 0 0 0.02
 0 -1 -1 -2  2  0 -2 -1  1 -2 -2 -2 -1 -1 -4  4  3  1 -1 -1 0 1 0 0 0.01
-3 -3 -4 -4 -1 -3 -5 -5 -2  4  4 -5  2  1 -4 -4 -3 -2 -2  2 0 1 0 0 0.01
 0 -1  1 -2  4 -1 -2 -1  4 -2 -2 -3  1 -2 -4  2  0  0  2  0 0 1 0 0 0.01
-2 -4 -5 -3 -2 -3 -4 -2 -1  3  4 -4  0  0 -2 -2 -2 -1 -1  3 0 1 0 0 0.01
 0 -1  1  2 -2  1  1 -1  1 -2 -3 -2 -1 -1 -2  0  0  0  4  0 0 1 0 0 0.01
 0 -2 -2 -1  0 -2 -2 -1 -4  0 -1 -2  0  0 -1  0  3 -4 -1  3 0 1 0 0 0.01
 0 -1  0  3 -4  0  3 -1 -1 -3 -3  0 -1 -2  3  0 -1 -5 -4 -2 0 0 1 1 0.01
-1 -2  2  6 -6 -1  1 -2  0 -6 -4 -2 -5 -6 -2  0 -2 -6 -5 -5 0 0 1 0 0.01
 1 -1  0 -1  1  0  1 -1  1  1 -1  0  0 -3  0  0  0 -4 -2  2 1 0 0 0 0.01
 0  0  0  4 -4  0  2 -1  0 -1 -1  0  0 -1 -1  0 -1 -4 -3 -1 1 0 0 1 0.01
 4  0 -3 -1 -2  1  2 -1 -2 -4 -4  1 -2 -4 -3 -1  0 -2 -5 -3 1 0 0 1 0.01
 2  0 -3 -3 -2 -1 -1 -3  2  0  1 -2  0  0 -3 -1  1  3 -2  1 1 0 0 0 0.01
-1 -2 -4 -4  1 -2 -2 -4  2  1  0 -3  0  5 -6 -3 -1  5  4  0 1 0 0 0 0.02
 2  1 -1  1 -5  2  2 -2 -1 -4 -3  2 -2  2 -3 -1 -2  1  0 -3 1 0 0 1 0.02
-1  5  1  0 -2  3  0 -4  1 -4 -3  3 -4 -4 -5 -1 -2 -6 -2 -4 1 0 0 1 0.02
 6 -3 -3 -5  1 -2 -3 -1 -5 -2  0 -1  0 -2 -5 -2 -3 -6 -5 -1 1 0 0 0 0.02
-1  0 -5 -4 -2 -2 -2 -4 -2  1  4  0  1 -1 -4 -3 -1 -5  0  2 1 0 0 0 0.02
 4 -2 -1  2 -2  0  2 -2 -4 -5 -4  0 -5 -4 -5  2 -2 -6 -5 -3 1 0 0 1 0.02
 5 -1  0  0 -3 -1  2  0  2 -4 -2 -2 -3 -6 -5 -1 -3 -6 -5 -2 0 0 1 0 0.03
-3 -4 -3 -2 -8 -5 -3  7 -3 -9 -7 -5 -8 -9 -8 -4 -5 -8 -8 -6 0 0 1 1 0.02
 5 -5 -4 -6  2 -4 -3  4 -2 -5 -5 -4 -3 -5 -6 -1 -3 -4 -6 -2 0 0 1 0 0.02
-1  0 -1 -1 -5  2  3 -4 -1  0 -4  2 -2 -4 -3 -1  4 -5 -3  1 0 1 0 1 0.03
-1 -3 -2 -4 -5 -1  0 -4 -4  3  0 -2 -1 -3 -1  0 -1 -6 -5  5 0 1 0 1 0.02
-2 -1 -2 -2 -3  0  1 -2 -1  2  1 -2  1 -2 -4 -2  1 -5 -2  4 0 1 0 1 0.02
-1  0 -1 -1 -5  1  2 -3 -1 -2 -2  0  7 -2 -5 -1  1 -3 -2  0 0 1 0 1 0.02
 0 -2 -5 -1 -3 -2  3 -2 -3 -3 -3 -3  1 -7  7 -3 -4 -3 -7 -3 0 1 0 1 0.02
 0 -7 -7 -3 -1 -6 -4 -4 -2  0  2 -4  1  1  5 -2 -3  1 -3  2 0 0 1 0 0.01
 0 -1 -2 -1 -2  4  3 -1  2 -2 -3  0  1 -2 -3  0  2  0 -1 -1 1 0 0 1 0.01
 0 -1  0  5 -2  0  2 -1 -1 -3 -4  1 -3 -1 -1 -1  1 -1 -1 -2 1 0 0 1 0.01
 0 -1 -2  1 -6  3  2 -3  1 -3 -2  0  2  0 -1 -2  3 -1 -2 -2 1 0 0 0 0.01
 0 -2 -3  0 -1 -3 -2  0 -1 -2 -3 -3  1  6  3 -2 -1 -1  0  0 0 0 1 0 0.01
-3 -8 -3  0  0 -7 -1 -3  2 -2 -5 -4 -7  4 -3 -2 -2 10  4 -5 0 0 1 1 0.01
-1 -3 -3 -4 -2 -3 -4  6 -2 -8 -5 -7 -7 -7 -3  0 -4  5  1 -4 0 0 1 0 0.01
 0 -2 -2  4 -2  0  0  3  0 -5 -4 -2 -6 -2  1  1 -2 -1 -3 -2 0 0 1 1 0.01
-1  6 -4 -4  1 -2 -3  0 -1 -3 -2  1 -2 -1 -5 -3 -2 -1  3 -1 0 0 1 0 0.01
-2  1 -2 -2 -1 -1 -2 -1 -1 -1 -2 -1  1  5 -5  0  0  1  4  0 0 1 0 1 0.01
 3 -7 -2 -7  0 -7 -3  6 -2 -8 -8 -7 -7  1 -7 -3 -4 -7  1 -5 0 1 0 0 0.01
 0  2 -2 -2 -2  1 -2  0  0 -1 -3  1  5 -1 -5  1  1  1  1  0 0 1 0 1 0.00
 0 -7 -8 -8  3 -7 -7 -8 -7  3  2 -7 -1  3 -7 -6 -4 -2 -3  5 0 1 0 0 0.00
 1  4 -3 -2 -3  0  0 -5 -3  0 -1  2 -2 -3 -4 -1  2 -6 -4  0 0 1 0 1 0.00
-5 -8 -3  9 -10 -7 -5 -4 -8 -9 -10 -7 -9 -10 -8 -7 -4 -10 -9 -9 0 0 1 0 0.00
-3  2 -5 -7 -4 -1 -5 -6 -7 -5 -2  2 -3 -5  7 -4 -4 -3 -8 -4 0 0 1 0 0.00
-2 -7 -2  1  0 -4  2 -3 -4 -6 -4 -7 -4  7 -8 -2 -4  1  4 -5 0 0 1 0 0.00
-5 -5 -4 -5 -9 -5 -6  8 -3 -10 -7 -8 -4 -10 -9 -5 -8 -9 -10 -10 0 0 1 0 0.00
-3 -3  4 -5 -4 -1 -4 -5  7  2 -3 -5 -2  0 -7 -5  0 -6  2  3 0 1 0 0 0.00
-2  2 -1 -2 -1  1 -1 -3  1  1  1 -2  0 -3  1  0  1 -5 -2  2 0 1 0 0 0.00
-10 -10 -11 -12 -9 -9 -10 -10 -10 -3 -5 -10 -8  0 -11 -10 -10 13 -2 -3 0 1 0 0 0.01
-1 -2 -1 -4 -1  2  0 -3 -3 -1 -2 -3  6 -3 -6  2  0  7  0 -3 0 1 0 0 0.01
-6 -7 -8 -8 -6 -7 -8 -8 -7  5  2 -7  1  5 -4 -7 -5 -6 -3  4 0 1 0 0 0.01
 3 -3  1 -3  3 -1 -3  3  0 -3 -2 -4  1 -1 -4  2  0  0 -1 -1 0 1 0 0 0.01
-1 -2 -3 -4 -1  4  0 -3  2 -4 -5 -2 -4 -6 -3  2  5 -3 -3 -2 0 0 1 0 0.02
-3  3 -1 -3 -4  0 -1 -2  7 -2 -4  1 -2 -4  3 -2 -1 -5  1 -1 0 0 1 1 0.03
-1  1 -3 -3 -4  1 -2 -2  0  2  0  2  0 -3 -2 -2 -1 -2 -2  3 0 0 1 1 0.05
-1  4 -1 -1 -6  1  5 -2 -3 -5 -4  2 -4 -4  0 -1 -1 -6 -5 -3 0 0 1 1 0.08
-1 -2  0  6 -4  1  3 -2 -4 -4 -3 -1 -3 -6 -2 -2 -1 -6 -5 -1 0 0 1 1 0.11
-2 -4 -3 -5 -2 -2 -2 -4 -3  2  2 -3  2 -2  2 -3  0 -4  0  4 0 0 1 0 0.15
 1 -1 -1 -1 -4 -2 -1 -1 -4 -3 -4 -2 -2 -3  1  4  4 -5 -4 -2 0 0 1 1 0.22
-1 -1 -1  2 -5  0  1 -3 -2 -2 -4 -1 -2 -1  6 -2 -2 -6 -2 -3 0 0 1 1 0.30
 1 -1 -3  3 -6  1  6 -2 -4 -6 -6 -2 -5 -6 -4 -3 -2 -6 -5 -3 0 0 1 1 0.32
-3  0  0  1 -6  2  6 -5 -3 -6 -6 -2 -5 -6 -2 -2  0 -6 -5 -3 0 0 1 1 0.35
-1  1 -4 -5 -2 -2 -3 -4 -4  4  1  0  6 -3 -4 -3 -3 -4 -3  2 0 0 1 1 0.45
-3  3 -3  0 -6  6  5 -5 -2 -6 -5  0 -4 -6 -4 -3 -3 -5 -4 -5 0 0 1 1 0.46
-1 -3 -4 -4 -2 -3 -3 -4 -4  2  3 -3  1 -1 -3 -3 -1 -3 -2  4 0 0 1 1 0.47
