 0 -3 -1 -2 -3 -2 -2  6 -2 -4 -4 -2 -3 -3 -2  0 -2 -3 -3 -3 0 0 1 1 0.95
 0 -1  0 -1 -1 -1 -1 -1  0 -2 -2 -1 -1  0 -1  3  3 -1  3 -1 0 0 1 1 0.94
-2 -1  4  0 -3  0  0 -2  7 -4 -3 -1 -2 -2 -2 -1 -1 -3  1 -3 0 0 1 1 0.90
-2 -3 -3 -4 -3 -2 -3 -4 -3  0  1 -3  9  1 -4 -3 -2 -2 -2  1 0 0 1 0 0.85
 1 -1  1  0 -2 -1  1 -1 -2 -2 -3 -1 -2 -3 -2  3  3 -3 -2 -2 0 0 1 1 0.84
-2  1  1  5 -4  2  3 -2 -1 -4 -4  0 -3 -4 -2 -1 -2 -4 -3 -4 0 0 1 1 0.78
 0 -1  0  4 -3  0  0 -1  1 -2 -3 -1  1 -3 -2  1  3 -4 -3 -2 0 0 1 1 0.72
 1  0  1  1 -2  1  2 -1 -1 -2 -2  0 -1 -2  2  0  0 -2 -2 -2 0 0 1 1 0.63
 0 -1 -2 -2 -2  0 -1 -1 -2  1  1 -2  5 -1  3 -1  0 -2 -2  0 0 0 1 1 0.61
 2 -2 -1 -2 -2 -1 -1  0 -1 -2 -2 -1 -2 -2  5  1 -1 -3 -2 -1 0 0 1 1 0.39
-2 -1 -1  3 -3  3  3 -2 -1 -1 -3  0 -2 -3  0  0  2 -3 -1 -2 0 0 1 1 0.23
-2 -3  2  6 -4 -2  0 -2 -2 -2 -4 -2 -3 -4 -3  3 -1 -5 -4 -3 0 0 1 1 0.15
-2 -1 -2 -3 -3  1 -1 -3  4  0  3  0  1 -1 -3 -1  0 -3 -1  0 0 0 1 1 0.08
-3 -4 -4 -5 -3 -4 -4 -5 -4  6  2 -4  3  0 -4 -3 -1 -4 -2  2 0 0 1 0 0.04
-2  3  2  4 -5  0  1 -1 -1 -4 -4  0 -4 -5  4 -2 -2 -5 -4 -4 0 0 1 1 0.03
-4 -4 -5 -6 -5 -4 -5 -6 -1 -4 -4 -5 -4  1 -6 -4 -4  0  9 -4 1 0 0 0 0.02
-1  0 -1  5 -4  2  2  1 -2 -4 -4  2 -3 -5 -3 -1 -1 -4 -4 -4 1 0 0 1 0.02
 0  2  1  0 -3  1  1 -2 -2  0  0  3 -1 -1 -2  0 -1 -3 -2 -1 1 0 0 1 0.01
-3 -3 -5 -5 -3 -3 -4 -5 -4  1  4 -4  3  2 -4 -2 -3  6 -1 -1 1 0 0 0 0.01
 1 -3 -3 -4 -2 -2 -2 -4 -3  2  1 -3  5 -2 -3 -1  0 -4 -2  4 1 0 0 0 0.01
-2  0  2  0 -4  4  3 -3  5 -4 -3  0 -3 -3 -3 -1 -2 -4  1 -4 1 0 0 0 0.01
 1  0  0  4 -4  1  3 -2 -2 -4 -4  0 -3 -4 -2  1 -1 -4 -1 -3 1 0 0 1 0.01
 6 -3 -3 -4 -2 -3 -3 -2 -3 -3 -3 -3 -3 -4 -3  1 -2 -4  1 -2 1 0 0 0 0.01
-3 -3 -4 -5 -3 -3 -4 -5 -3 -1  4  0  7 -1 -4 -3 -3 -3  2 -1 1 0 0 0 0.01
-3  6 -3 -4  4  0 -2 -4 -2 -3  0  0 -2  1 -4 -3 -3 -4 -1 -3 1 0 0 0 0.01
 0 -1  1 -1 -3  1  1  4 -1 -4 -4 -1 -3 -4 -3  1 -1 -4 -3 -3 1 0 0 1 0.01
-1 -4 -5 -5 -3 -4 -4 -5 -5  2  2 -4 -1  1 -4 -3 -2 -4 -2  6 1 0 0 0 0.01
-2 -4 -5 -5 -3 -4 -4 -5 -5  4  0 -4  3 -2 -2 -3 -2 -4 -3  5 1 0 0 0 0.01
-1  5 -2 -3 -4  1 -1  0 -1 -2  0  4 -2 -4 -3 -2 -2 -4 -3 -3 1 0 0 0 0.01
-1  3  1  2 -4  1  2 -1 -1 -4 -3  3 -3 -4 -2  0 -1 -4 -3 -3 1 0 0 1 0.02
 4 -3 -4 -4 -2 -3 -3 -3 -4  2 -1 -3 -1 -3 -3 -1  0 -4 -3  4 1 0 0 0 0.01
-3 -4 -5 -6 -3 -4 -5 -6 -5  0  6 -4  2 -1 -5 -4 -3 -3 -3 -1 1 0 0 0 0.01
 0  0  0  1 -3  1  1  0 -1 -2 -1  1 -1 -3 -2  1  2 -3 -3 -1 1 0 0 1 0.01
-2  0 -1  3 -3  0  2 -1  2 -1 -2  1 -2  1 -2 -1 -1 -2  1  0 1 0 0 1 0.02
 2 -4 -4 -4 -2 -3 -4 -3 -4  4 -1 -3  0 -1 -3 -2  0 -4 -2  4 1 0 0 0 0.02
 4 -2 -1 -2 -1  1  0 -1 -2 -2 -1 -1 -1 -3 -2  3  0 -4 -3 -1 1 0 0 1 0.02
 1  2 -1  0 -3  1  1  0  2 -3 -2  2 -2 -3 -2  0  0 -3 -2 -2 0 0 1 1 0.02
 0  0  2  1 -3  0  3  0 -1 -2 -1  0 -1 -3  1  0  1 -3 -2 -2 0 0 1 1 0.02
 0 -1  3  0  0  0  1  2  2 -2 -2 -1 -2 -2 -1  0 -1 -2 -1 -1 0 0 1 1 0.02
-1 -1  0 -2 -3 -2 -2  5  2 -3 -3 -1 -3  1  0  0 -2 -3  0 -3 0 0 1 1 0.02
-3 -3 -4 -4  1 -3 -4 -5 -4  1  5 -4  1 -1 -2 -2  1 -3 -3 -1 0 0 1 0 0.01
-1 -3 -3 -3 -4 -3 -2 -3 -3 -3 -4 -2 -2 -2  8 -2 -1 -3  2 -3 0 0 1 1 0.01
-2 -1  0 -1 -4 -2  0  6 -3 -4 -4 -2 -4 -4 -3 -2 -3  4 -3 -4 0 0 1 1 0.01
 0 -2  3  4 -3  0  3 -1 -1 -4 -4 -1 -2 -4  0  0 -1 -4 -3 -3 0 0 1 1 0.01
-2 -2  0 -3 -1  1 -2 -3  9 -2 -4 -2 -3 -3 -3 -2 -2 -4 -1  0 0 0 1 0 0.01
-4 -3  0 -3 -5 -2 -3 -4 10 -5 -1 -3 -3 -3 -4 -2 -4 -4  1 -5 0 0 1 0 0.01
-4 -5 -5 -5 -4 -5 -5 -5 -3  2  1 -5 -1  8 -5 -4 -4 -1  1  0 0 1 0 0 0.01
-1 -4 -4 -4 -4 -3  0 -5 -1 -3 -2 -4 -3  5 -5 -3 -2  0  7 -2 0 1 0 0 0.01
-3 -5 -5 -5 -3 -5 -5 -6 -5  7  1 -5 -1 -2 -5 -4 -3 -4 -3  2 0 1 0 0 0.01
-1 -2 -2 -3 -3 -2 -2 -2 -3 -3 -1 -2 -2 -4 -3  3  6 -4 -3 -1 0 1 0 0 0.01
-5 -5 -5 -6 -5 -5 -6 -6 -3 -3 -2 -5 -2  9 -6 -5 -4 -1  3 -3 0 1 0 0 0.01
-1  3 -1  3  0 -1 -1 -3 -1 -2  1  2 -1  0 -3 -1 -2 -3 -2 -1 0 1 0 1 0.01
-2 -3 -2 -3 -3 -3 -3 -4 -4 -3 -4 -3 -3 -5 -2  0  7 -5 -4 -2 0 0 1 0 0.01
-1  2  3  2 -3  2  0  1  1 -2 -3  1 -1 -3 -3  0  0 -3  0 -3 0 0 1 1 0.01
 3 -2  1 -1  0 -2 -2 -1  5 -3 -3 -2 -2  2 -3 -1 -2  2  3 -2 0 0 1 1 0.01
 0 -1  0 -1 -4 -2  0 -3 -3 -4 -4  0 -4 -4  7  0 -1 -5 -4 -3 0 0 1 1 0.01
 0 -4 -2  2 -4 -3 -1  6 -3 -5 -5 -3 -4 -5 -4 -2 -3 -4 -5 -4 0 0 1 1 0.01
 0 -4 -5 -5 -1 -4 -4 -5 -5  1 -1 -4 -1 -3 -4 -3 -2 -5 -3  6 0 0 1 0 0.02
-1  2 -1  1 -3  1  2 -1 -2  1 -2  1 -2 -3 -2  1  0 -4 -3  0 0 1 0 1 0.02
-3 -4 -5 -5 -3 -4 -4 -3 -4  5  3 -4  5 -1 -4 -4 -2 -4 -3  1 0 0 1 1 0.02
 2 -3 -2 -1 -3 -2 -2 -2 -3 -4 -4 -2 -4 -5  6  4 -1 -5 -4 -3 0 0 1 0 0.02
 0 -1  0  5 -4  2  1 -2 -2 -4 -3  0 -3 -4  2  1 -1 -5 -4 -4 1 0 0 1 0.02
-2  4 -1  0 -4 -1 -2 -2  5 -4 -4  1 -3 -2 -4 -1 -1  7  3 -4 1 0 0 1 0.03
-3 -4 -5 -5 -3 -4 -5 -5 -5  1  5 -4  2 -1 -5 -4 -3 -4 -3  2 1 0 0 0 0.03
-1  5 -2 -3 -4  0 -1 -3 -2 -2  0  4 -2 -2 -3  0 -2 -4 -3 -1 1 0 0 0 0.06
 2 -1  1  2 -3  2  3 -1 -2 -1 -3  1 -2 -4 -2  1 -1 -4 -3 -2 1 0 0 1 0.06
 0  5  0 -2 -4  4  0 -3 -2 -3 -3  3 -3 -4 -3  0 -2 -4 -3 -4 1 0 0 1 0.06
-4 -4 -3 -5 -5 -4 -4 -5  2 -4 -3 -4 -3  3 -5 -4 -4  2  9 -4 0 0 1 1 0.04
-3 -5 -5 -3 -5 -4 -4 -5 -5 -5 -5 -4 -5 -6  8 -3 -4 -6 -6 -3 0 0 1 1 0.03
-2  0  1  3 -4  2  4  0  2 -4 -4  1 -3 -4 -3 -1  0 -4 -2 -4 0 0 1 1 0.03
-2 -1 -1  1 -5  4  6 -4 -2 -4 -4  0 -3 -5 -3 -1 -3 -5 -4 -4 0 1 0 1 0.03
-3 -4 -5 -6 -4 -3 -5 -5 -4  3  0 -4 10 -2 -5 -4 -3 -4 -4 -1 0 1 0 0 0.03
-2 -3 -2 -3 -3 -3 -3 -4 -4 -3 -1 -3 -1 -4 -3  0  7 -5 -4 -1 0 1 0 1 0.03
-3 -5 -5 -5 -3 -5 -5 -6 -5  7  0 -5 -1 -2 -5 -4 -3 -5 -3  3 0 1 0 0 0.02
-2 -5 -5 -5 -3 -4 -5 -5 -5  3 -1 -4 -1 -3 -4 -4 -2 -5 -3  6 0 1 0 1 0.02
-3 -4 -5 -5 -3 -4 -5 -5 -5  3  5 -4  3 -1 -5 -4 -3 -3 -3  1 0 1 0 0 0.01
-3 -2 -3 -3 -6  8  0 -4 -2 -6 -5 -1 -3 -6 -4 -3 -3 -5 -4 -5 0 0 1 1 0.01
-4 -3  3 -3 -5 -2 -3 -4 10 -5 -5 -3 -4 -1 -5 -3 -4 -4  4 -5 0 0 1 1 0.01
-3  0 -3 -3 -5  7  0 -4 -2 -5 -4  0 -3 -4 -4 -3 -3  7 -3 -5 0 0 1 1 0.01
-4 -5 -5 -6 -5 -5 -5 -5 -3 -3 -2 -5 -2  8 -6 -5 -4 -1  5 -3 0 0 1 0 0.01
-3  2 -3  2 -5 -2  2 -4 -1 -5 -4 -2 -4 -1 -4 -1 -3 10  2 -5 0 1 0 1 0.01
-3 -3  4  6 -5 -2  0  1  0 -5 -5 -2 -5 -5 -3 -1 -3 -6 -4 -5 0 1 0 1 0.01
-3 -4 -5 -6 -3 -4 -5 -6 -5  0  6 -5  1 -2 -3 -4 -3 -4 -3 -1 0 1 0 0 0.01
 0  0  1  0  1  1  2 -1 -1  0 -2  2 -1 -3 -2  0  0 -4 -2  0 0 1 0 1 0.01
-2 -5 -5 -4 -3 -4 -4 -5 -5  2 -1 -4 -1 -3 -2 -4 -2 -5 -3  6 0 1 0 0 0.01
-1 -1  1  3 -3 -1  1  0  1 -2 -2 -1 -2  0 -2  1  3 -3 -1 -2 0 0 1 1 0.01
-1  1  0  5 -5 -1  5 -3 -1 -5 -5 -1 -4 -4  0 -1 -2 -5 -1 -4 0 0 1 1 0.01
-1 -1  2  5 -4  0  2 -2  2 -3 -4 -1 -3 -4 -2  0  2 -5 -3 -3 0 0 1 1 0.01
 1  1 -1 -2 -3 -1 -2  4  3 -3 -2  1 -2  0 -3  1 -1 -3 -1 -3 0 1 0 1 0.01
-3 -5 -5 -6 -4 -5 -5 -5 -4  1 -1 -5 -1  8 -6 -5 -4 -1  1 -1 0 1 0 0 0.01
 0  0 -1 -1 -3 -1  4 -1 -1 -4 -4 -1 -3 -4 -3  5  0 -5 -3 -4 0 1 0 0 0.01
-2 -4 -5 -5 -3 -4 -4 -5 -5  3  0 -4 -1 -2 -4 -4 -2 -5 -3  6 0 1 0 0 0.01
-1 -2 -2 -2  0 -2 -3  4 -3 -1 -3 -2  0 -3 -3  1  4 -4 -3  1 0 1 0 0 0.01
-3 -4 -5 -6 -3 -4 -5 -6 -5  0  6 -4  0 -1 -5 -4 -3 -4 -3  1 0 1 0 0 0.01
-1 -2  3 -2 -1 -1 -2 -2  0 -4 -4  0 -3 -2 -3  5  0 -5 -3 -3 0 1 0 1 0.01
-5 -5 -6 -6 -5 -6 -6 -6 -4 -3 -2 -6 -2  9 -6 -5 -5 -1  1 -3 0 1 0 0 0.01
-1  1  2  1 -4 -1 -2  5 -1 -5 -4  0 -3 -4 -3  2 -2 -4 -2 -4 0 0 1 1 0.01
-2 -3  1  3 -4  0  0  5 -3 -5 -5 -2 -4 -5 -3 -1 -3 -4 -4 -5 0 0 1 1 0.01
 0 -2 -1 -3 -2  0 -2 -3 -3  3 -1  2  0 -2 -3 -1  0 -4 -3  4 0 1 0 1 0.01
-1 -2 -2 -3 -4  1  1 -1  0 -3 -4  0 -4 -5  7 -1 -2 -5 -4 -4 0 1 0 1 0.01
 0 -1 -2  0 -5  0  6 -3 -1 -5 -4  1 -4 -5 -3  1 -2 -5 -4 -3 0 1 0 1 0.01
-1  3  0 -2  1  0 -1 -3  2  0 -1  2 -1 -3  2 -1  2 -3 -1 -1 0 1 0 1 0.01
-3 -4 -5 -5 -3 -4 -5 -5 -5  3  5 -4  2 -1 -5 -4 -3 -4 -3  1 0 1 0 0 0.01
-1 -1 -1 -2 -1 -2 -2 -4 -1  1  0 -2 -1 -1 -3 -1  2 -2  4  3 0 1 0 0 0.01
-3 -5 -5 -5 -3 -4 -5 -5 -5  6  0 -4  0 -1 -5 -4 -2 -5 -3  4 0 1 0 0 0.02
-3 -5 -5 -4 -5 -4 -4 -5 -5 -5 -6 -4 -5 -6  9 -3 -2 -6 -6 -5 0 1 0 0 0.01
-4 -5 -5 -5 -4 -5 -5 -5 -2 -1 -1 -5 -1  7 -5 -4 -4  3  5  0 1 0 0 0 0.01
 2  0  1  3  0  0  0 -1  0 -3 -3 -1 -1  0 -2  2 -1 -4 -2 -3 1 0 0 1 0.02
 6 -3 -3 -3 -2 -3 -3 -2 -4 -4 -4 -3 -3 -4 -3  3 -2 -5 -4 -2 1 0 0 0 0.02
-3 -5 -5 -5 -3 -4 -5 -5 -5  6  2 -4  0 -1 -4 -4 -2 -4 -3  3 0 1 0 0 0.02
-1  2 -2 -2 -3  1 -1 -3 -2  1 -1  2 -1 -3 -3  1  4 -4 -3  0 0 1 0 0 0.02
 1  1 -1 -2 -2 -1  0  2 -1 -2 -2  1 -1 -2 -2  1  2 -3 -1 -1 0 1 0 1 0.02
-5 -5 -5 -6 -5 -6 -6 -6 -3 -3 -2 -6 -2  9 -6 -5 -5 -1  3 -3 0 1 0 0 0.02
 1 -2 -2 -4 -2 -2 -3 -3  2  1 -1 -3 -1  2 -3 -1 -1  1  3  3 0 1 0 0 0.02
-4 -4 -1  8 -6 -3 -1 -4 -4 -6 -6 -3 -6 -6 -4 -3 -4 -7 -6 -6 0 1 0 0 0.02
-2 -2 -4 -4 -5 -3 -3 -4 -4 -4 -4  0  0 -3  8  0 -3 -6 -5 -2 1 0 0 1 0.02
 1 -2  1 -2 -3 -2  0 -2  3  0 -2 -2 -3 -2 -3  5 -1 -4  1 -1 1 0 0 1 0.03
 1 -3  0 -4  0  0 -3 -4 -4  1 -1 -3 -1 -3 -4  0 -2 -4 -3  5 1 0 0 1 0.02
-1  1  4  0 -4  3  2  2  0 -4 -4  1 -3 -4 -3  0 -1 -4 -3 -4 0 0 1 1 0.02
-4 -5 -5 -1 -4 -5 -5 -5 -3 -1  0 -5  0  8 -5 -4 -4 -1  3 -2 0 1 0 0 0.02
 1 -1 -2 -2 -3 -2  1  4 -1 -2 -2 -2 -2 -4 -2  2 -1 -4 -3 -1 0 1 0 1 0.02
-2 -2 -5 -5 -3 -4 -5 -5 -5  0  6 -4  0 -1 -5 -4 -3 -1 -3 -1 0 1 0 0 0.02
-1  3 -1  1 -4  4  2 -2  0 -2 -3  1 -2 -4 -3 -1  0 -4 -3 -2 0 1 0 1 0.03
-5 -5 -5 -6 -5 -6 -6 -6 -4 -2  0 -5 -2  9 -6 -5 -4  1  1 -3 0 0 1 0 0.04
-1 -1  1  3 -4  2  4 -2  1 -4 -4  0 -2 -4 -2  0  0 -4 -3 -3 0 0 1 1 0.04
 1 -2 -1  0 -2  2  0 -1  1 -1  0 -1 -1 -2  3  0  0 -3 -1  1 0 0 1 1 0.05
 1 -1  0  1 -3  2  0 -1  0 -2 -1 -1 -1 -2  4  1  0 -3  1 -1 0 0 1 1 0.07
 0 -1  0  2 -3  0  3  0  0 -1  0  0 -2 -2  0  0 -1 -3 -2 -1 0 0 1 1 0.15
 1 -1  2  2 -2  0  1 -1 -1 -1 -1 -1 -1 -2  1  0  0 -3 -1 -1 0 0 1 1 0.28
 0 -2 -1  2 -2  0  2  0 -2  2  0 -1 -1 -2 -1  0 -1 -3 -2  1 0 0 1 1 0.53
 0 -2 -1  3 -3  2  4 -1 -1 -2 -3 -1 -2 -4  1  0  0 -4 -3 -2 0 0 1 1 0.71
 0 -2  0  4 -4  0  3  0  0 -3 -2 -1 -2 -1 -1  1 -1 -4 -3 -2 0 0 1 1 0.82
 1 -1  1  2 -3  0  2  0  0 -2 -2  0 -2 -2  1  0  0 -3 -1 -1 0 0 1 1 0.83
 1 -2  0  2 -3  0  2 -1  0  0 -1 -1  0 -3  4  0  0 -4 -3 -1 0 0 1 1 0.86
 1 -1  2  2 -3  2  4 -2  0 -3 -2 -1  0 -3  0  0 -1 -4 -3 -2 0 0 1 1 0.88
 1 -1 -1  1 -1 -1  1  0  2 -1 -2 -1 -1 -3  3  0  0 -3 -1  0 0 0 1 1 0.91
 1 -2  1  4 -4  0  3 -2  1 -3 -3 -1 -3 -3  0 -1  0 -5 -3 -2 0 0 1 1 0.96
 1 -2 -1  1 -3  0  2  0 -1 -2 -2 -1 -1  0  3  1  0 -3  0 -1 0 0 1 1 0.97
 1 -1  0  3  0 -1  3 -1 -2 -1 -1 -1 -2 -3  0  0  0 -4 -3 -2 0 0 1 1 0.97
 2 -1  1 -1 -3 -1  1 -2 -1  0 -2  1 -2 -3  4 -1  0 -4 -2 -2 0 0 1 1 0.97
 1 -1  0  3 -3  0  3 -1 -2 -2 -2  0 -1 -3  1  0  0 -4 -2 -1 0 0 1 1 0.98
 0 -1  2  3 -3  0  0 -1 -1 -2 -2  0 -1 -2  1  0  0 -3  1 -1 0 0 1 1 0.97
 0 -1  1  1 -1  0  2 -1  1 -1 -2  1 -2 -3  2  0  0 -4 -2 -1 0 0 1 1 0.97
 2 -1  2  1 -2 -1  1  0 -2 -2 -2  1  0 -3  0  1  1 -3 -1 -1 0 0 1 1 0.97
 0 -1  1  2 -3  0  3  0 -2 -3 -4 -1 -3 -4  3  1 -1 -4 -3 -1 0 0 1 1 0.97
-1  0 -1  1  0  1  2 -2 -2 -2 -2  2 -1 -1  2 -1  1 -3  1 -1 0 0 1 1 0.96
 1 -1  0  1  2  1  1  1 -2 -1 -2  1 -2 -3  2  0  0 -4 -3 -1 0 0 1 1 0.96
 2 -2 -1  1 -3 -1  0 -1 -2 -2 -2 -1 -2 -4  3  1  3 -4 -3  0 0 0 1 1 0.95
 1 -1  0  1 -3  1  2 -1 -2 -3 -3  0 -2 -4  2  2  2 -4 -3 -2 0 0 1 1 0.93
 0  0  1  1 -3  1  1  2 -1 -2 -1  1 -2 -3  1  0  0 -3 -3 -2 0 0 1 1 0.89
 0 -2  1  4 -4 -1  2  1 -1 -4 -3  1 -3 -4 -2  2 -1 -5 -4 -3 0 0 1 1 0.89
-1 -1  1  4 -4  2  3 -1  0 -4 -3  0 -3 -4  1  1 -1 -4 -3 -4 0 0 1 1 0.91
 1 -1  3  0 -3  1 -2  4 -2 -4 -4 -1 -3 -4 -1  1 -1 -4 -4 -3 0 0 1 1 0.88
 2 -3 -2  1 -3 -1 -1  2 -3 -4 -4 -2 -3 -4  5  2 -2 -4 -4 -3 0 0 1 0 0.90
-2  0  5  0 -4  2  1 -2 -1 -4 -4  4 -3 -4 -3  1  0 -5 -3 -3 0 0 1 1 0.86
-2 -4 -5 -5 -3 -2 -4 -5 -5  4  0 -4 -1 -2 -4 -4 -2 -4 -3  6 0 1 0 0 0.80
-2 -4 -5 -5 -2 -4 -4 -5 -5  5  0 -4  0 -2 -4 -3 -2 -4 -3  5 0 0 1 1 0.77
