 1 -1  1  0 -1  0  0  0 -1 -3 -3  0 -2 -3 -1  4  1 -3 -2 -2 0 0 1 1 0.81
 2 -1  4  0 -1  0  0  0  0 -3 -3  0 -2 -3 -1  2  0 -3 -2 -2 0 0 1 1 0.69
 3 -2 -1 -2 -1 -1 -2  4 -2 -3 -3 -1 -2 -3 -2  0 -1 -3 -3 -1 0 0 1 0 0.55
-2 -2 -2 -3 -2 -1  0 -3 -2  0  2 -2  6 -1 -3 -1  2 -3 -2  0 0 0 1 0 0.34
 3 -1 -1 -2 -2  3  0 -1 -2 -2 -2  0  1 -3 -2  1  1 -3 -2 -1 1 0 0 0 0.14
-4 -6 -6 -7 -6 -5 -2 -4 -6 -4 -3 -5 10 -5  2  0 -2 -6 -6 -4 0 1 0 0 0.05
-5 -7 -8 -8 -5 -7 -7 -8 -7  7  2 -7 -1  0 -7 -7 -5 -6 -5  2 0 1 0 0 0.02
-4 -1  2 -2 -1 -4 -2 -5  2  1 -3 -2 -4  2 -5  1  2 -3  5  0 0 1 0 0 0.01
 1 -5 -6 -6  0 -5 -5 -1 -5  3  4 -5  1  3 -5 -4 -3 -1  0  1 0 1 0 0 0.01
-5  0 -2 -6 -5 -2 -5 -7  4  5  1 -5 -3  1 -6 -5 -4 -4  4  2 0 1 0 0 0.01
-3 -5 -4 -5  2 -1  1 -5  2  0 -2 -4 -4 -2 -5  0  6 -6  0  1 0 1 0 0 0.01
 0 -7 -5 -6 -7 -7 -7  8 -7 -9 -9 -6 -8 -8 -7 -5 -6 -8 -8 -8 0 0 1 0 0.00
 0  1  0 -4 -4  1 -3 -2 -4  0  2  1 -1 -4  1 -2  2 -5 -4  2 0 0 1 1 0.00
-4 -3  1 -6 -7  0 -6 -7 -7 -3  0 -4  1 -7  8 -5 -2 -8 -7 -6 0 0 1 0 0.00
-5  3 -5 -6 -8 -6 -7  7 -7 -9 -9 -6 -8 -8 -7 -5 -7 -8 -8 -8 0 0 1 1 0.01
 2 -5  2 -3 -2 -2 -3  0  2 -6 -6 -4 -5 -6 -5  6  1 -7 -5 -5 0 0 1 1 0.01
-5 -7 -5 -6 -7 -6 -7  7 -6 -8 -8 -6 -7 -3 -7 -4 -6 -1  2 -7 0 0 1 0 0.01
-6 -3 -5 -6 -8 -4 -4 -7 -6 -8 -7  8 -6 -8 -6 -5 -4 -8 -7 -7 1 0 0 0 0.01
-4 -5 -4 -5 -5 -5 -5 -4 -6 -6 -6 -5 -6 -7 -5  5  6 -7 -6 -5 1 0 0 0 0.01
 0 -5 -4 -6 -1 -2 -5 -6 -2 -2  4 -5 -3  1 -6  0 -4  0  6 -4 1 0 0 0 0.01
-2  1  0 -1 -1 -2  3 -1  2 -2 -1  0  0  1 -4 -1 -1  3  3 -1 1 0 0 0 0.01
 5 -5 -4 -5  0 -4 -4 -4 -5  0 -1 -4  4 -4 -4  1  2 -5 -2  2 1 0 0 0 0.01
-1 -6 -6 -6 -4 -5 -6 -6 -6  4 -1 -5  3 -3 -5 -5 -2 -6 -5  6 1 0 0 0 0.02
 1  0  0 -2 -3  1  1 -1  1 -2 -3  2 -1 -2 -2  3 -1  4  0  0 1 0 0 0 0.02
-2  2 -1 -1 -3  0 -1 -3  1 -1  1  1  4  2 -3  0 -1  3  2 -2 1 0 0 0 0.03
-2 -2 -3 -2 -2 -2 -3 -3 -3  4  2 -3  2  0 -2 -3 -1 -3 -1  3 1 0 0 0 0.04
 1 -1 -1  0 -2  1  1 -2 -1  1  0  0  1  0 -1 -1  0 -1  1  0 1 0 0 0 0.04
 0  0  0  1 -1  0  1 -1  0  1  0  1  1 -1 -1  0  0 -2 -1  0 1 0 0 1 0.05
-1  1  1  2 -2  1  2 -1 -1 -1 -1  0 -2 -1  1 -1 -1  1  0 -2 1 0 0 1 0.06
 1  1  0 -1 -3  1  2 -1  5 -1  0  0 -2 -1 -1 -1 -2 -3 -1 -2 1 0 0 1 0.06
 0 -2 -1 -1 -1 -1 -1 -3 -1  3  1  0  2  0 -2 -2 -1 -2  0  1 1 0 0 1 0.05
-1 -1 -2 -2 -2 -1 -1 -3 -2  3  2  1 -1  2 -2 -1 -1  1  0  1 1 0 0 1 0.05
-1  0 -1  0 -1  1  0 -2 -1 -1 -3  3 -2 -1  4 -1 -1 -3 -2 -1 0 0 1 1 0.05
 2  0  0 -1 -1 -1  0 -1 -2 -2 -1  0  0 -1  2 -1  0  0 -1 -1 0 0 1 1 0.05
 1  0  0  1 -1 -1  0 -1 -2  1  1  0  0 -1 -2 -1 -1 -2  0  0 1 0 0 1 0.05
-1  0  1  0  0  1  2 -1 -2 -1 -1  3 -1 -3 -1  0 -1 -3 -2  0 1 0 0 1 0.05
 0  0  0  1 -3  1  3 -2 -2 -2  0  2 -2 -2  0  1 -1  0 -2 -1 0 0 1 1 0.06
 1 -2 -1  0 -3  0  0  4 -3 -2 -2 -1 -3 -2  0  0 -1  0 -3 -2 0 0 1 1 0.04
 0  1  1  1  0  1  0  0  0  0 -1  1 -1 -1  0  0  0  0 -1 -1 0 0 1 1 0.03
-1  4  0 -1 -3 -1 -1  3 -2 -1 -2  0 -1 -3 -1 -2 -1 -3  1 -2 0 0 1 1 0.02
-5  7 -1 -4  2 -2 -2 -6 -1 -4 -4  0  0 -4  3 -4 -4 -2 -5 -2 0 0 1 0 0.01
-2  3 -2 -4 -4  0 -1 -3  2 -1  1  3 -2 -2  2 -3 -1 -5 -1  2 0 1 0 0 0.01
-3 -6 -6 -4 -2 -5 -6 -4 -5  4  0 -2 -3  3 -6 -5 -3 -5  3  5 0 1 0 0 0.01
 1 -6 -4 -4 -5 -5 -6 -6 -2  2 -1 -6 -3  4 -4 -5 -2 -4  6  4 0 1 0 0 0.01
 2 -5 -2  0  3 -3 -5 -5  2 -4 -4 -4  0 -2 -3  1  6 -6 -2 -3 0 1 0 0 0.01
-5 -1  7  2 -7 -3 -3  2  2 -7 -5 -3 -6 -4 -6 -4 -5 -7 -2 -4 0 1 0 0 0.01
-4 -6 -6 -4 -5 -6 -4 -5 -6  7  2 -3 -3  1 -4 -6 -5 -6 -5  2 0 0 1 0 0.01
-1  2  2  3 -5 -2  1 -5 -4 -4 -4 -1 -5 -5  4 -1  0 -5  1 -4 0 0 1 1 0.01
-3 -3  1  2 -5 -3  2  6 -2 -2 -2 -4 -4 -3 -4 -2 -4 -5 -5 -5 0 0 1 1 0.01
-4 -4 -5 -6 -1 -4 -4 -6 -1  2  5 -5  2  2 -3 -4 -3 -5 -2 -1 0 0 1 0 0.01
 0  1  2  2 -4  1  1 -2 -3 -2 -2  3 -1 -3  0 -1  1 -5 -4 -3 0 0 1 1 0.01
-2 -2 -4 -1 -3 -3 -2 -3  0  3  2 -2  1  2  1 -3 -1 -1  2  1 0 0 1 0 0.01
-2 -1  0  2 -4 -1  3  1 -1 -1 -2 -1  0  1  4 -2 -2 -4 -3 -4 0 0 1 1 0.02
-1  2  0 -1 -4  0  2 -1  6 -4 -1  0 -3 -2 -3 -2 -1  3  0 -1 0 0 1 1 0.02
 0 -1 -1  1 -3  1  1 -2 -2  1 -1  1 -1 -1 -1  0  1 -3 -1  1 0 0 1 1 0.03
 0  0 -1 -1  0  0  1 -1  1 -1  0  1  1  0  1 -1  0  0  3  0 0 1 0 1 0.05
-2 -2 -2 -2 -1 -1  0 -3 -3  2  2  0  0  3 -1 -1 -1 -1  1  2 0 1 0 0 0.06
 0  0  1  1 -1  0  1  0  0 -2  0  0 -1  0  1  0 -1 -1 -1 -2 0 0 1 1 0.07
 0 -1  0  1  1  0  1 -1 -1 -1  0 -1  0 -1  1  0  0 -2  1 -1 0 0 1 1 0.09
-2  1  0  4 -4 -2  0  1 -1 -2 -1  0 -2 -3  1  1 -1 -4 -1  0 0 0 1 1 0.12
 0 -1 -2 -1 -1 -1  0 -1 -1  1  0  1 -1 -1  2 -1  0  0  0  1 0 0 1 1 0.13
 0  2  0  0 -3  1  0  0  0  0 -1  1  1  0  0  0  0 -2  0  0 0 0 1 1 0.15
-1  1 -1  1 -3  1  1 -1  2 -1 -1  3 -1 -3  0 -1 -1  3 -1 -2 0 0 1 1 0.17
-1  0 -3 -2 -3 -1 -2 -2 -1  2  3 -1 -1  3 -1 -1  0  3 -2  0 0 0 1 0 0.17
-2  0  1  0 -1 -1  0 -1 -1  2  0 -1 -1  0  3 -1  0 -3  0  0 0 0 1 1 0.17
-1  2  0  1 -3  1  1 -2 -1 -1 -1  1 -1  0  0  0 -1 -1  0 -1 0 0 1 1 0.19
-1  0  0  2 -2  0  1 -2  0  0  1  0  0  0 -1  0 -1  0 -1  1 0 0 1 1 0.20
 0  0  0  1  0  0  1 -1 -2  0  0  0 -1 -1  2  0  0  1 -1  0 0 0 1 1 0.15
-2  1  1  4 -1 -1  0 -2  1 -3  0  0 -1  0  0  0  0 -3 -3 -2 0 0 1 1 0.15
 0  0 -1  0 -3  0  2  1  0 -1 -1  1 -1  0  1 -1  0 -1 -2  0 0 0 1 1 0.15
-1  0  0  1 -4  2  3  0 -1 -3 -2  0 -1  1 -1  0 -1  4 -1 -1 0 0 1 1 0.14
 0 -1  0  1  0 -1  0  0 -1  1  1 -1  0  1 -1  0  0  1 -1  0 0 0 1 0 0.12
-1  0  1  0 -3  1  1 -1 -1 -1  0  1  0 -2  1  0  2 -3  0  0 0 0 1 1 0.12
 0  0  1  2 -1  0  1 -1 -1  0 -1 -1  1  0  1  0 -1  0 -2  0 0 0 1 1 0.10
 0 -1  0  2 -3  0  1 -1  4 -2 -1  0  0 -2  0 -1  0  0  1 -1 0 0 1 1 0.07
-2 -1  0  4 -2 -1  1 -3  0 -1  0  0 -2 -1  0  0  0 -4  0 -1 0 0 1 1 0.05
 0 -1 -1 -2 -3 -2  0 -1 -2 -1  1 -2  1  2  2 -2 -2  4  2  0 0 0 1 0 0.04
-1  1  1  1  0  1  0 -1  2 -2 -1  0  0  1  1  0  0  1  2 -1 1 0 0 1 0.03
-1 -1  0  5 -2  0  2  0  0 -1 -1  1 -2 -2  0 -2 -2 -5 -3 -2 1 0 0 1 0.02
-5 -1 -1 -1 -5  0 -2 -1 -3 -1 -2 -1 -4  3 -6 -3 -2 10  2 -4 1 0 0 0 0.01
 0  2 -1 -1  0  0 -1 -2  3 -1 -1  0 -1  1 -2 -1 -1  5  3 -2 0 0 1 0 0.01
-2  1  1  1 -4  1  2 -1  1 -2 -3  2 -3  0  2  0 -1 -1 -3 -2 0 0 1 1 0.01
-1 -1 -1  0  2  0  0 -2  0  0  1  0  0 -1  0 -1  1 -1  1  0 0 0 1 0 0.01
-1 -3 -2  2  0 -3  2 -3 -3 -2 -1 -2 -2 -1  5 -3 -2  4 -1 -1 0 0 1 1 0.01
 0 -1  3  3  1  1  3 -2  0 -3 -3  1 -2 -3 -3 -2 -1 -3 -1 -1 0 0 1 1 0.01
 0  0  2  0 -2  1  0  1  0 -1 -1  0 -1  0  2  0  0 -2  0 -1 0 0 1 1 0.01
 0  1  0  0 -2  1  0  0  1  0 -1  1 -1  0  2  0  0 -1  0 -1 0 0 1 1 0.01
-1 -1  1  0 -3 -2 -2  5  1 -3 -3 -2 -3 -3 -1 -1 -2 -3 -3 -3 0 0 1 0 0.01
 3 -3 -2  1  1 -2 -2 -1 -3 -2 -3 -1 -3 -4  1  4 -1 -4 -3  0 0 1 0 0 0.01
-3 -4 -5 -5 -1 -4 -5 -5 -5  3  4 -3  1  2 -5 -4 -3 -4 -1  3 0 1 0 0 0.01
-2 -5 -5 -5 -1 -4 -5 -5 -2  5  2 -4  0  1 -5 -4 -3  0  2  3 0 1 0 0 0.00
-3 -5 -5 -6  2 -5 -5 -6 -5  4  1 -5 -2  2 -5 -4 -3 -4  0  5 0 1 0 0 0.00
-3 -5 -5 -5 -1 -5 -5 -6 -4  5  2 -5  0  2 -5 -4 -3  0  2  3 0 1 0 0 0.00
-6 -6 -3  8 -8 -4  0 -3 -5 -7 -8 -5 -7 -8 -6 -4 -5 -9 -7 -7 0 1 0 0 0.00
-5 -4 -5 -3 -8 -2  8 -7 -4 -8 -7 -3 -6 -8 -5 -4 -5 -7 -6 -7 1 0 0 0 0.01
 5 -5 -5 -5  7 -5 -5 -2 -5 -1 -1 -5 -2 -2 -5 -2 -2 -5 -5  2 1 0 0 0 0.01
-3 -2 -2  0 -6  6 -3 -1  7 -6 -6 -3 -5 -5 -5 -2 -3  6  0 -6 1 0 0 0 0.01
-2  3  2  0 -4  1  0 -3 -1 -3 -1  2  0  0 -4 -1  0 -1  1 -1 1 0 0 1 0.01
-2 -1 -4 -3 -4 -2 -4 -5  0  3  0 -1  0  4 -2 -2  0  5  2  1 1 0 0 0 0.01
-4 -5 -5 -3 -1 -4 -3 -6 -4  0  1 -2  1  6 -1 -4 -2  8  4 -2 0 0 1 0 0.02
-2  1  2 -1 -2 -3 -2  1 -4 -5 -3 -2 -4 -3  7 -1 -2 -5 -5 -2 0 0 1 1 0.02
 0 -1  1 -2 -3 -1 -1 -2  1 -2 -2  0 -1  1  3  2  1 -3  1  0 0 0 1 1 0.03
-2  6 -1 -1 -4  1  0 -1 -2 -2 -3  1 -1 -2 -3  0  0 -4 -2 -3 0 0 1 1 0.04
 1  1  1  1 -3  0  0  0  1 -2 -2 -1 -1 -1  1  2  0 -3  0 -2 0 0 1 1 0.05
 1  0  0  1 -3 -1 -1  1  0 -1 -2  1 -2 -1  1  0  1  4 -1 -1 0 0 1 1 0.06
 1  0  2  1 -4 -1 -2  3 -3 -4 -3  2 -2 -2 -2  2  1 -4 -4 -3 0 0 1 1 0.07
 0  2  0  1 -4  1  1 -1 -2 -2 -3  2 -2 -4  0  2  0  0 -2 -3 0 0 1 1 0.06
 1  0  0 -1 -4  0  1 -1 -3 -1 -1  4 -1 -3  2 -1  0 -4 -2 -2 0 0 1 1 0.06
-1  0 -1  0 -1 -2 -1 -2 -1  2  0 -1  0 -2  2 -1  0 -1 -1  3 0 0 1 1 0.04
-1  0 -1  2 -4 -1 -1 -2 -1 -3 -2 -1 -2 -5  6  0  0 -5 -4 -3 0 0 1 1 0.03
-1  0 -1  3 -4  2  3 -2 -1 -1 -3  1 -3 -3  3 -1 -1 -4 -2 -2 1 0 0 1 0.02
-1  0 -1  1 -4  0 -1 -4  5  0 -1 -1  0  1 -1 -2 -1  3  3 -1 1 0 0 0 0.02
-2 -1 -4 -5 -3 -4 -2 -4 -4  4  2 -1  1  0 -4 -3 -2 -2 -1  4 1 0 0 0 0.01
 1  1  0 -1 -2  3  3 -2 -2  0 -1  1  0 -4 -3  1  0  1 -3 -2 1 0 0 1 0.01
 1 -1 -1  2 -4  0  1 -4 -3 -1 -2 -1  0  5 -3 -2 -3  5  1 -3 1 0 0 0 0.01
-2 -4 -6 -6 -4 -5 -6 -6 -3  1  4 -5  2  5 -6 -5 -4  5  2  0 1 0 0 0 0.01
 2  0  0  0 -2  0  2 -3  0 -4 -2 -1 -3  0 -3  2  2 -4 -3 -3 1 0 0 1 0.01
-3  0 -1 -2 -4  2  3 -4 -1 -1  1  0  3 -3 -3 -2  2 -4  2  0 1 0 0 1 0.01
-4 -4 -4 -5 -6 -2 -4 -1 10 -3 -1 -5  0 -5 -6 -1 -4 -6  0 -3 1 0 0 0 0.00
-5  8 -5 -3 -8 -3 -4  2 -5 -7 -7 -2 -6 -7 -6 -5 -5 -7 -6 -7 1 0 0 0 0.00
-5 -2 -4 -5 -7  0 -4 -6 10 -7 -7  4 -5 -6 -6 -5 -5 -6 -3 -7 1 0 0 1 0.00
-3  3  0  0 -4  0 -1 -3  3 -3  0  0  0  3 -4 -1  0  1  3 -2 0 0 1 1 0.00
-2 -2  2 -2 -5 -3 -4  6  0 -6 -5 -3 -5 -3 -2 -1 -3 -5 -3 -4 0 0 1 1 0.00
-1 -3 -4 -2 -1 -1 -4 -2  3  3  0 -2  0  2 -3 -3 -2  7  1  2 0 0 1 0 0.00
-3 -2 -1  8 -7 -2 -1 -3 -5 -3 -6 -4 -1 -1 -5 -4  0 -1 -6 -6 0 1 0 0 0.00
-2 -5 -6 -6  0 -5 -6 -6 -5  5  2 -5  2  4 -6 -5 -4 -4 -3  3 0 1 0 0 0.00
-3 -5 -5 -6  0 -5 -4 -4  1  5  0 -5  1  2 -5 -4 -3  3  3  3 0 1 0 0 0.00
-4 -5 -6 -6  0 -5 -5 -3 -5  2  5 -5  0  4 -5 -3 -4  2 -1  1 0 1 0 0 0.01
-1 -5 -5 -5  0 -4 -5 -1 -5  5  1 -4  5 -3 -5 -1  1 -5 -4  1 0 1 0 0 0.01
 0 -4  1 -4  0 -2 -4  0 -4 -1 -3 -4 -3 -1 -4  1  6 -5 -4  0 0 1 0 0 0.01
-5 -1  0 -4 -7  8 -2 -6  2 -7 -6 -3 -5 -7  1 -4 -1 -6 -5 -6 0 0 1 0 0.01
-1  0  3  3 -4  0 -1 -1  4 -3 -3 -1 -1  0 -4  2 -1  2  1 -4 0 0 1 0 0.01
-2 -2 -2  0 -4 -3 -2 -3  0  2  1 -1  0  1  5 -2 -2  1 -1  0 1 0 0 0 0.01
 0  3  2  0 -4  1  0  0  2 -4 -2  1 -1 -4 -3  2  0 -4 -3 -3 1 0 0 1 0.01
-2  1  2  2 -4  3 -1 -2 -2 -1  1  1  2  0 -3 -1 -2 -4  0 -2 1 0 0 1 0.01
-2 -5 -5 -6  2 -5 -5 -6 -5  5  3 -5  2 -1 -5 -4 -1 -5 -3  3 1 0 0 0 0.01
-1 -1  3  6  0 -1 -1 -4  6 -6 -6 -1 -5 -5  0 -1 -4 -6  0 -6 1 0 0 0 0.01
 0  3  1  0 -4  2  0 -3 -1 -2 -2  2 -1 -4  0  2  0 -5 -3 -1 1 0 0 1 0.01
-1  0  2  1 -2  2  1 -2  2 -2 -2  0  0  3  0 -1  0  1  0 -2 1 0 0 0 0.01
-1 -2 -5 -6 -4 -5 -5 -6 -5  5  1 -5  0  1 -3 -4 -3  3  1  4 1 0 0 0 0.01
-2  7 -3 -4 -5  0 -3 -5  1 -3  0  3  0 -5 -5 -4 -2 -5 -4 -2 1 0 0 0 0.01
 1  2  0  2 -4  0  1  2 -2 -3 -2  1 -1 -2 -1  0 -1 -4 -3 -2 1 0 0 1 0.01
-1  2 -3 -4  2 -2 -4 -3  0  1  4 -2  1  0 -2 -3 -1 -4 -3  1 1 0 0 0 0.01
 2 -4 -4 -2  2 -4 -4 -4 -4  4 -1 -4 -2  0 -4 -1  1 -4 -1  4 1 0 0 0 0.01
-1 -1  0  3 -5  2  5  3 -3 -5 -5 -1 -4 -5 -3  0 -3 -5 -4 -4 1 0 0 1 0.01
-1  2 -1 -2 -2  0  1 -3  3 -2 -1  1  1  1 -2  0  1 -1  1 -1 1 0 0 0 0.01
-2 -1 -2 -2  0 -1 -2 -5  8 -4  0 -3  2  0 -5 -1  1 -4  2 -1 1 0 0 0 0.01
-3 -1 -4 -5 -1 -4 -2 -5  0  3 -1 -1 -1  2 -5 -3  1  1  5  3 0 1 0 0 0.01
-3  2  1 -4 -5 -1 -2 -2  7 -3 -1 -1  1  3 -5 -2 -2 -4  2 -3 0 1 0 0 0.02
-1  0 -3 -4  4 -1 -1 -5 -1  2  2 -2  3  2 -4 -2 -1 -3  1  2 0 1 0 0 0.02
 0  2  0  0 -1  0  0 -2  0  0 -2  3 -1 -1 -3  0  0 -3 -1  0 0 1 0 0 0.03
-1  5  0 -2 -5  1 -2 -4  0 -2  0  3 -3 -2 -1  0 -1 -5 -1 -2 0 1 0 1 0.03
-1  1  3  1 -3  0 -1 -2  0 -2 -1  1 -1 -1  1  0  1 -4  0 -1 0 0 1 1 0.05
 2 -1  1  0 -3 -2 -2  2 -1 -3 -2  0 -1  1  0  1 -2  2  0 -1 0 0 1 1 0.06
-2  0 -2 -2 -3 -1 -1  0 -2  1  2  1  2  2 -1 -2  0  1 -2  0 0 0 1 1 0.06
-1  1 -3 -4 -5  0 -2  5 -1 -5 -1  1  1  0  0 -2 -3 -5 -2 -5 0 0 1 1 0.10
 0  0 -1 -1 -3  0 -1  0 -2 -1  1  1  2  1 -2  0  0  2  0 -1 0 0 1 1 0.09
 0  3  2  0 -4  1 -1 -1 -1 -2 -3  3 -3 -1  0  0 -1 -4 -1 -2 0 0 1 1 0.09
-1  2  2  2 -4  0  0 -1 -1 -2 -2  2 -2 -1 -3  0  1  1 -2 -2 0 1 0 0 0.07
-1  2 -1 -1 -3 -1 -1 -3  0  1  1  1  0  0  0 -1  0  2  1  1 0 1 0 0 0.06
-4 -2 -5 -2 -5 -4 -4 -5  1  0  1 -1 -2  4 -5 -2 -2  4  7 -2 0 1 0 0 0.06
-3  3 -3 -2 -2 -1  3 -4 -2  0 -3  0 -3  1 -1 -1  2 -3  3 -1 0 1 0 1 0.06
-5  0 -6 -4 -1 -2 -5 -6 -4 -1 -3  0 -4  3 -4 -3 -2 10  4  1 0 1 0 0 0.06
-1 -1  1  2 -4  1  1 -3  1 -2 -3  3  0 -2  2  0  1  0  1 -3 0 1 0 1 0.06
-1  1 -2  0 -3  1  1 -1  2  0 -2  2  0 -1 -2  1  0 -3  1  1 0 1 0 1 0.07
 0 -3 -4 -3  6  0 -4 -1 -1 -1 -2  0  0  2 -2 -3 -2  2  5  2 0 1 0 0 0.07
 2  0  0 -2  0  2  0 -2  1  0 -1  2 -2 -2 -2 -1  0 -4  0  1 0 0 1 1 0.10
-2 -2  2  3 -4  0  1  3  2 -2 -2 -1  1 -4 -4  1  0 -5 -2 -3 0 0 1 1 0.13
-2 -2  5  3 -5  0 -1 -1 -1 -3 -4  0 -2 -2  1  1 -1  3 -2 -2 0 0 1 1 0.15
-2 -2 -2  0  0 -1  0  0 -2 -1 -2  1 -3 -3  5  0 -1 -4 -2  1 0 0 1 1 0.22
 0  0  1  0  0  1  1  0 -2 -1 -1  1  0 -1  0  1  0 -3  0  0 0 0 1 1 0.25
-1  1  2  0 -4  0 -1  1 -1 -4 -3  2 -1 -2  1  2  0 -1  0 -3 1 0 0 1 0.27
 0  0 -1  0 -3  0 -1  0 -2  0  1  2  0  0 -1  0  1 -2 -2  0 1 0 0 1 0.27
 0  1  1 -2 -2  0 -1  0 -1 -2 -1  1 -1  2 -2  2  1 -2  0 -1 1 0 0 1 0.32
 0  0  2  2 -4 -1  1  0  0 -2 -2  2 -3 -4 -2  1  0 -5 -4 -2 1 0 0 1 0.24
 0  3  1  2 -1  0  0  0  0 -4 -2  2 -2 -2  0  0 -1 -4 -2 -2 1 0 0 1 0.20
 3 -2 -2 -3 -1 -2  1 -2 -4  1  0 -1  1  0  0  0  0 -4 -3  2 0 0 1 0 0.16
-1 -1  1  0 -3  1  0 -1 -1  1 -1  0  0  1 -3  0  1  0  0  1 0 0 1 1 0.14
 0  1  0 -1 -3  0  1 -1 -1 -2 -2  3 -1 -1 -2  2  1 -4 -2  0 0 0 1 1 0.12
-1  1 -2 -1 -4  1  2  0  0 -2 -4  3 -3 -2 -3  2  1 -4  2 -2 0 0 1 1 0.09
-2  2  0 -2 -3  1 -1 -4 -1  1  0  1  0 -2  0  0  2 -4 -1  2 0 1 0 1 0.07
-4  3 -2 -5 -2 -1  0 -3 -3  0 -2  1 -3  4 -5 -4 -1  7  4 -1 0 1 0 0 0.05
-1  1 -2 -3 -5 -2  0 -3 -1 -1 -3  5 -3 -2  0  1  2 -6 -5 -1 0 0 1 1 0.04
-4  1 -6 -7 -6 -3 -6 -7 -2  0  2 -5 -2  4  0 -5 -4 -3  7 -2 0 0 1 0 0.02
-5 -3  1  5 -6 -2 -1 -5 -5 -6 -4  1 -6 -6  6 -2 -3 -7 -3 -3 0 0 1 1 0.02
-1  0 -2 -2 -5  0  0 -5 -4 -5 -2  6 -4 -6  2  0  0 -6 -5 -3 1 0 0 1 0.01
 0  1  0  1 -5  1  4 -4  2 -5 -4  4 -4 -5 -1  0 -2 -5 -1 -3 1 0 0 1 0.01
 1 -4 -3 -5 -2 -5 -5 -5  0  4  0 -5 -1  2 -3 -2 -1 -3  4  3 1 0 0 0 0.02
-1 -7 -7 -8 -7 -3 -7 -7 -5 -5 -5 -7 -2  8 -8 -4 -3  0  5 -5 1 0 0 0 0.02
 0 -1  0  2 -1  0  0  4 -4 -4 -3  2 -4 -5  1 -1 -1 -5 -5 -5 1 0 0 1 0.03
-3 -3 -3 -4  3 -3 -5 -6 -4 -2  4 -4  3  3 -6 -2  0  4  3 -1 1 0 0 0 0.04
-7 -7 -8 -9 -8 -7 -8 -9 -4 -7 -7 -7 -7 -2 -9 -7 -7  1 10 -7 0 1 0 0 0.05
 0  0  0  0 -6  3  0 -3  2 -5 -3  6 -4 -3 -4 -1  0  1 -2 -5 0 1 0 1 0.03
-4 -6 -4 -5 -6 -5 -5 -5 -6 -7 -7 -5 -6 -7 -6  8 -2 -8 -7 -7 0 0 1 0 0.05
 4 -3 -3 -3 -3 -3 -3  0  4 -3 -4 -3 -3 -1 -3  1  3 -4  0 -2 0 0 1 0 0.10
-2 -3 -2  1 -4  0  4 -3 -3 -2 -4 -2 -3 -4 -3  3  3 -4 -3 -2 0 0 1 1 0.27
 1 -2 -2  0 -2  0  0 -3 -1  1  1 -1  3 -2 -2 -1  2 -3 -2  1 0 0 1 1 0.40
-3 -4 -3  0 -7 -3 -4 -1 11 -6 -6 -5 -5 -5 -6 -2 -5 -6 -2 -2 0 0 1 1 0.45
-3 -5 -3 -4 -4 -4 -4 -5 -5 -4 -5 -4 -4 -6 -4 -2  8 -6 -5 -3 0 0 1 1 0.59
