 1 -3 -1 -2 -3 -2 -3  6 -3 -4 -4 -2 -3 -4 -3 -1 -2 -3 -4 -3 0 0 1 1 0.91
 0 -2  2 -1 -2 -1 -1  0 -2 -3 -3  0 -3 -4  4  4  1 -4 -3 -3 0 0 1 1 0.86
-2 -2  1 -2 -3 -2 -2 -1  4  0  0 -2  2 -3 -3  1  4 -4 -2 -1 0 0 1 0 0.87
-2 -2 -4  0 -4 -3  0 -5 -4  3  1 -3  8 -3 -2 -3  0 -4 -4  0 0 0 1 0 0.85
-1 -1 -1 -3 -4  3 -2 -3 -3 -4 -3  0  1 -1  4  0  4 -5 -4 -3 0 0 1 1 0.75
-3 -3  5  4 -5 -2  3 -2 -3 -5 -4 -1 -4 -5  1  1 -1 -6 -5 -2 0 0 1 1 0.76
-2  2 -1 -3 -4  2 -3 -2 -3  1 -2  0  1  0  3  0  2 -4 -3  2 0 0 1 0 0.70
-1 -3 -3 -2 -3 -2 -2 -4  1  2  1 -2  2  1  1  1  2  0  0  2 0 0 1 1 0.75
 0 -1  2  0 -4  0 -2  3 -1 -3 -3  0 -1 -4 -2  2  0 -4 -1  0 0 1 0 1 0.61
-3 -1 -1  4 -5  1  3 -4  0 -3 -2 -1 -1 -3 -1  0 -2  3  4 -2 0 0 1 1 0.56
-3  1 -4 -5 -4 -2 -4 -3 -2  0  3 -2 -1  3 -1 -1 -1  3  5 -1 0 0 1 0 0.48
 0  2  1 -1 -3  0 -1 -1 -2 -1 -1 -1 -2 -1 -3  2  3 -4 -1  0 0 0 1 1 0.39
-3 -2 -1  4 -5  0  1 -4 -2 -1 -1 -1 -1 -1  3  0 -1 -5  1 -1 0 1 0 1 0.39
 0 -4  0  3  4 -2  0 -3 -4 -3 -4 -2 -4 -2 -3  4  2 -3 -1 -1 0 0 1 0 0.34
 0 -2  4  0 -2 -1  0 -2  3 -5 -4 -1 -4 -4 -2  3  4 -6 -1 -4 1 0 0 1 0.28
-2 -3 -2  2 -6  1  0  1  3 -4 -5  1 -5 -4  6 -2  0 -6 -2 -5 1 0 0 1 0.22
-1 -2 -1 -4 -2 -1 -2 -3 -1  1  4 -2  3  1 -2 -1 -2 -4 -2  0 1 0 0 1 0.24
-2 -2 -2 -2 -4 -4 -3 -3 -4  2  4 -3  2 -1  1  0  0 -5 -4  1 0 0 1 0 0.19
 0  0 -1  2 -4  0  0  2  1 -2  0 -1 -3 -2  0  2  1 -4 -2 -2 0 0 1 1 0.17
-3 -4  0  6 -5 -1  0 -3 -2 -2 -2 -3 -3 -6  2  2 -2 -6 -5 -1 0 0 1 1 0.12
-1  2 -2 -1 -5  2  1 -4  0 -1 -1 -2  2 -2  3 -1  4 -2 -5 -3 1 0 0 1 0.09
 2 -3 -2  2 -6  2  4 -3 -3 -4 -4  0 -4 -4  1 -1 -1 -7 -4 -3 1 0 0 1 0.06
 4  0 -1  1 -5  1  3 -3 -3 -4 -4 -1 -5 -5 -4  0  1 -6 -5 -3 1 0 0 1 0.05
-3 -4 -5  1 -3  2  1 -5 -4  2  4 -2  3 -3 -5 -4 -3 -3 -4  0 1 0 0 0 0.04
-2  5 -4 -1 -4  1 -3 -5 -2  2 -1  3 -1 -2 -4 -3 -2 -1 -3  0 1 0 0 1 0.04
 3  2 -1  0 -7  3  4 -5 -3 -7 -6  1 -7 -8 -7  0 -3 -8 -4 -6 1 0 0 1 0.04
 1  3 -3 -2 -5  4 -2 -6  2 -4 -2  0 -5  5 -7  0 -1 -7 -2 -5 1 0 0 0 0.04
-9 -12 -12 -12 -12 -12 -12 -12 -4 -7 -1 -12 -2  8 -12 -9 -11  4  8 -6 1 0 0 0 0.05
 0  3  2  2 -7  3  4 -6  4 -5 -6  0 -6 -2 -9 -4 -6  0 -5 -5 1 0 0 1 0.05
-1  5 -1  1 -7  2  5 -9 -2 -7 -11  2 -10 -12 -10 -2 -2 -12 -11 -8 1 0 0 1 0.06
-7 -2  5  6 -12  2  1 -9  3 -12 -8 -1 -11 -5 -11 -7 -5 -12 -3 -9 1 0 0 1 0.07
-8 -9 -8 -12 -14 -13 -13  8 -13 -15 -15 -13 -14 -14 -13 -9 -13 -14 -14 -14 0 0 1 0 0.05
-2 -13 -13 -14 -4 -12 -10 -7 -1 -6 -7 -13 -7  7 -13 -12 -8  3  8  0 0 1 0 0 0.08
-2 -9 -9 -12 -4 -6 -9 -9 -3  2  5 -11 -4 -2 -11 -7 -2 -1 -3  5 0 1 0 0 0.07
-2 -2 -6 -10  1 -3 -9 -2  1  3  1 -2 -2  2 -5 -3 -3  0 -1  5 0 1 0 0 0.06
-2 -7 -6 -9 -9 -7 -7 -5 -8  4  4 -6 -2  1  1 -4 -5 -1 -6  3 0 1 0 0 0.04
-6  4 -3  0 -6 -4  3 -4 -4 -2 -5  4 -7 -1  4 -4 -5 -10 -10 -4 0 0 1 1 0.03
-4  0  4  4 -7  2 -1  4 -2 -11 -11  0 -10 -7 -3 -1 -3 -6 -8 -7 0 0 1 1 0.02
 0 -6 -6 -11 -2 -4 -11 -8 -5  1  4 -8 -1  5 -7 -9 -8 -4 -2  3 0 0 1 0 0.02
-2 -11 -11 -12 -3 -11 -11 -9 -5  2  4 -9  0  6 -9 -7 -8 -2  1  2 0 0 1 0 0.02
-2 -5  0  3 -6 -3 -1 -2 -6 -8 -8 -3 -8 -9  3  5  3 -9 -7 -8 0 0 1 1 0.01
 2  1 -5  2 -6  1  2 -3  1 -8 -3  1 -6 -6  5 -1 -1 -10 -9 -6 1 0 0 1 0.01
 1 -3 -2  4 -10  1  5 -2 -2 -6 -9 -3 -10 -10 -4  0 -2 -4 -5 -6 1 0 0 1 0.01
-3 -2 -7  2 -7  2  6 -6  0 -4 -1 -3 -4 -3 -5 -4  0  4 -6 -1 1 0 0 0 0.01
-2 -4 -8 -9  5 -8 -10 -9 -11  4  3 -7  2 -5 -10 -7 -3 -10 -7  5 1 0 0 0 0.01
 3 -1 -1  4 -6  2  3 -3 -3 -4 -2  1 -6 -8 -6 -1 -1 -6 -7 -3 1 0 0 1 0.01
 2  3 -2  0 -3  1  3 -3 -1 -3 -1  0 -3 -5 -1  0  0 -5 -3 -1 1 0 0 1 0.01
-1 -6 -6 -10  1 -9 -8 -10 -5  2  5 -7  4  2 -10 -8 -3  1  2  1 1 0 0 0 0.01
-2  6  0 -6 -3  2 -2 -6 -1 -2  0  2 -1 -2 -9 -3 -2  1 -1 -3 1 0 0 0 0.01
 2  3  0  2 -6  3  3 -2 -1 -7 -5  0 -6 -6 -5  0 -1 -9 -6 -6 1 0 0 1 0.01
 2  3 -4  0 -4  1  4 -1  0 -1 -4 -2 -3 -6 -5 -2 -2  3 -2 -2 1 0 0 1 0.01
 1 -5 -7 -9  2 -5 -7 -5 -4  4  2 -7  3  4 -8 -4  0 -3  2  2 1 0 0 0 0.01
 0  3 -2  2 -5  1  3 -2  0 -3 -1  0  0  1 -4 -2 -2 -5 -3 -3 1 0 0 0 0.01
 1  4  0  2 -6  2  4 -4 -1 -5 -5  1 -3 -6 -2 -1 -2 -1 -4 -5 1 0 0 1 0.01
-1  0  0 -2 -2 -1 -2 -1  1  3  3 -1  0 -1 -2 -3 -3  1  1  1 1 0 0 0 0.01
-1 -2 -5 -2  3 -3 -1 -3 -1  2  3 -3  2  2 -5 -1 -4  1  0  2 1 0 0 0 0.01
 3  2 -1  2 -5  0  2 -2  0 -1 -2  0 -2 -1 -4  0 -2 -6 -2 -1 1 0 0 0 0.02
 0  0 -1  3 -3  0  3 -1  0 -4 -3  1 -4 -4  0  0 -1  2 -4 -3 1 0 0 1 0.02
 0  1 -2 -1 -1  1  1 -3  1 -1  0  0  2  1  2 -1  0 -3  0 -1 1 0 0 1 0.03
 0 -1  2  1 -3 -2  0  4 -3 -2 -3 -2 -4 -4  0  0 -2 -3 -4  0 0 0 1 0 0.05
 0  1 -2  0 -4 -1  0 -1  1  0  0  1  0 -2  1  0  0  3  0  1 0 0 1 1 0.06
 1  1 -1  0 -2 -1  0 -1 -1 -1  0  0 -1  1  1  0 -2  0  1  0 0 0 1 0 0.08
 0 -1  1  4 -4  1  2 -1 -1 -2 -3  0 -1 -3  0 -1 -1 -4 -2 -1 0 0 1 1 0.11
 0  0 -2  0 -5 -1 -3  1  0 -2 -3  1 -4 -2  5  0  1 -2 -2 -1 0 0 1 1 0.13
-1  1  0  1 -4  0  1  2  3 -1 -1 -2  1 -3  1 -1 -2 -2  0 -1 0 0 1 1 0.15
 1  1 -1  0 -2  0  1  0  3 -1 -1  0 -1  0 -1  0  0  0  1 -1 0 0 1 0 0.16
 0  0 -1  1  1  0  0 -1  0  0 -1 -1  0 -1  1  1  1 -1  0  1 0 0 1 1 0.18
-2  1 -1 -1 -2 -2  0 -1 -2  1  1 -1  3  1  1 -2 -1  1  1  0 0 0 1 0 0.20
-1  1  0  2 -3 -1  2 -1  1 -2 -2  0 -1 -1  1  0  1 -2 -1 -1 0 0 1 1 0.19
 0  0  0  4 -7  0  3  0 -1  0 -3  0 -2 -3 -2 -1  0 -1 -2 -2 0 0 1 1 0.18
 0  1  0  1 -3 -1  1  0  1 -1  0  0 -1  0  0 -1 -1  1  1  0 0 0 1 0 0.18
 0 -2  1  1 -2  0  0  1  1 -1 -2  1 -3 -1 -1  1  1 -6 -2  0 0 0 1 1 0.19
 0  0 -1 -1 -4 -2 -1  2 -1  1  0  0 -1 -1 -2  0  0 -1  1 -1 0 0 1 0 0.20
 0  2  1  3 -4  1  1  0  1 -3 -3  0 -4 -3  1 -1 -1  3 -1 -3 0 0 1 1 0.19
 0  1  1  1 -2 -1  1  1  1 -4 -3  1 -4 -1  1  1  0 -3 -2 -1 0 0 1 1 0.18
 0  0 -1  0 -3 -1 -1 -1  1  1  1 -2 -2  3 -2  0 -2  1  2  0 0 0 1 0 0.17
 0  3 -1  1 -3  1  2 -2  0 -3 -2  0 -1  3  1 -1 -2 -3  0 -2 0 0 1 1 0.15
 0  2  0  0 -1  1 -1  1  0 -2 -1  0 -1  1  0  1 -1  0  0 -2 0 0 1 1 0.14
-1  0  0 -2 -1 -1 -2 -1 -1  2  1 -1  1  1 -1  0  1 -1  1  1 0 0 1 0 0.12
-1  2  1  2  0  0  0 -1  1 -2 -2  0 -1  1  0  0  0 -4 -2  0 0 0 1 1 0.11
-1  1  3  2 -4  0  2 -1  2 -2 -2  0 -1 -2 -1  0 -1  2 -2 -1 1 0 0 0 0.08
 0 -1 -1  1  1  0  0 -2  1  1  0  0  0  1  0 -1  0  1  1  1 1 0 0 1 0.07
 0  0 -1 -1 -3  1 -1  0  4 -2  0  1 -1  0  0 -1  0  3  0  0 1 0 0 0 0.06
-1  1  0  0 -2 -1  0 -1  2  1  1 -1  2 -1 -1 -1 -1  2 -1  0 1 0 0 0 0.05
-1  3  1 -1 -2  2  1 -2  5 -2 -1 -2 -3  0 -2 -1 -2 -1  2 -2 1 0 0 0 0.04
-1  2  1  4 -2 -2  0 -2  2 -2 -1 -1 -2  1 -1  1 -2 -2 -1 -3 1 0 0 1 0.03
-1  0 -2  0 -3 -2  1  0  4  0 -1 -1 -3  3 -1  0 -1  1  3 -2 1 0 0 1 0.02
 0 -1 -1  0 -3  0  0 -3 -3  0  0 -2 -2  3  4 -2 -2  0 -3  1 0 0 1 0 0.01
 1  1 -2  0 -2  0  2 -2 -1 -1  0  1 -1  1 -1 -1 -1 -1 -1  0 0 0 1 1 0.01
-1 -1 -4 -1 -4 -3 -1 -5 -1  0  0 -2 -1  6 -3 -3 -3  2  4  0 1 0 0 0 0.01
 0  3 -1  3  0  1  2 -1  3 -5 -2  0 -1 -1 -1 -1 -2  0 -2 -3 1 0 0 1 0.01
 2  3  1  1 -3  1  2 -1 -2 -2 -2  1 -1 -4 -2  0 -2 -2 -1 -2 1 0 0 1 0.01
-2 -6 -6 -7 -2 -5 -7 -6 -3  1  4 -7  0  5 -6 -7 -5  3  2  1 1 0 0 0 0.01
 2 -3 -4 -2  4 -3 -3 -2 -1  1  1 -2  0  2 -1  0  0  3 -2  2 1 0 0 0 0.01
 1  4  1  1 -1 -1  1 -3  3 -4 -1  0 -4 -1 -3  1  1 -3 -2 -4 0 0 1 1 0.01
-3  0  2  4 -2  1  0 -1  6 -4 -2 -1 -3 -4 -4  0 -1  0 -1 -4 0 0 1 1 0.01
-2 -1 -4  2 -3 -3  1 -1 -3 -5 -5 -1 -3 -7  6  1 -2 -3 -7 -4 1 0 0 1 0.01
 1  5 -2 -2 -4  0  1 -4 -3 -3 -3  3 -4 -3  1 -1 -2 -4 -2 -3 1 0 0 1 0.01
 0 -4 -4 -5 -1 -5 -5 -5 -4  5  3 -6  2  0 -5 -5 -2 -7 -4  3 1 0 0 0 0.01
 1  1 -1 -4 -2 -1 -3 -1 -1  0  3 -1  0 -2 -2 -1  0 -3 -3  2 1 0 0 0 0.01
 1  1  0  4 -6  0  2  1  0 -5 -4  2 -3 -1 -2 -1 -3 -4 -5 -4 1 0 0 1 0.01
 1  1 -4 -7 -2 -5 -5 -5 -4  3  1 -2  1  3 -1 -3 -2  1  1  3 1 0 0 0 0.01
 3 -6 -6 -7 -1 -3 -6 -4 -7  1  2 -5  4  3 -5 -3 -4 -4 -2  4 1 0 0 0 0.01
 2  2 -2  0 -3  1  5 -1  2 -5 -6  0 -4 -6 -6  0 -2 -5 -5 -4 1 0 0 1 0.01
 1  1 -2  2  3  4  1 -2 -1 -4 -2  2 -2 -4 -2  1 -2 -2 -3 -4 1 0 0 1 0.01
-2 -2 -6 -6 -4 -4 -6 -7 -5  3  5 -5 -1  3 -6 -5 -4 -7 -2  1 1 0 0 0 0.01
-1 -5 -5 -7 -1 -5 -6 -4 -4  3  4 -4  2  2 -6 -3  1  0 -2  0 1 0 0 0 0.01
-2 -3 -1  1 -4  0 -2  6  1 -5 -4 -4 -5 -6 -6 -2 -5 -3 -6 -5 0 0 1 1 0.01
 0  0 -2  1 -2 -1  3  0 -2 -3 -3 -2 -2 -3  4  1 -2 -1 -3 -2 0 0 1 1 0.01
-2 -1  3  4 -4 -1  3 -3 -1  0 -2 -2 -3 -5  3 -2 -3 -6 -3 -3 0 0 1 1 0.01
 2 -3 -2 -3  1 -3 -2 -3 -2  3  0 -3  0 -1  0  0 -1 -1 -3  4 0 1 0 0 0.01
 0  0 -2 -3  0  0 -2 -1  0  0  1 -1  2  1 -1 -1  0  1  3  0 0 1 0 0 0.01
 0 -1 -3 -1  3 -1 -2 -1  2  1  2 -2  0 -1 -2  0 -1  0 -1  1 0 1 0 0 0.01
 0 -3 -1 -2 -2 -3 -3 -3  5  0  2 -3  1  2 -2 -1 -1  5  2  0 0 1 0 0 0.01
-1  1 -1 -1 -2  2 -2  0  3 -1 -1  1  1 -1  2 -1 -1  1 -1 -2 0 1 0 1 0.01
 0  0 -1  0 -2  0  0  0  1 -1 -2 -2  1  0 -2  3  2 -4  0 -1 0 1 0 0 0.01
 0  1 -1  0 -2  1  0 -2  1 -2 -2  3  2 -2  0  0  1  2 -2 -1 0 1 0 0 0.01
-1  0  0  0 -2  0  0 -1  0  1  1 -1  2  1 -1  0  0  1 -1  0 0 1 0 0 0.01
 0 -3 -1 -3 -1 -3 -3 -2  0  3  1 -3  2  3  0 -2 -2 -3  1  3 0 1 0 0 0.01
-2  4  2 -2  1  1 -3 -2  1  1 -1  0  2 -1 -1 -2 -1 -1  1 -1 0 1 0 0 0.01
-1 -1  0 -2  0 -1 -2 -2  0  1  1  2  0  2 -1 -2 -1  0  1  1 0 1 0 0 0.01
-2 -1 -2 -2  0 -1 -2 -3  3  0  0  2  1  3  1 -2 -2  2  3  0 0 1 0 0 0.02
-1 -2  0 -3 -3  1 -1 -2  6 -3 -3 -2 -1  0  5 -2  0 -1  0 -2 0 0 1 0 0.02
-1 -1  1  3 -3  0 -1  1  0 -1 -3 -2 -4 -2  3  1 -1 -4 -3 -3 0 0 1 0 0.03
 0  1  0  1  1  2  0  0  3 -2 -2  1  2 -2 -2  0 -1 -3 -2 -2 0 0 1 0 0.04
 1 -1 -2 -1 -1 -1 -1  0 -2  2  1 -1  0 -1  1 -1 -1  0  0  1 0 0 1 0 0.04
-2 -1  2 -1 -3 -1 -2  3 -1  1  1 -1  2  2 -2 -2 -2  1 -2 -1 0 0 1 1 0.04
 0 -1  1 -2  2  0 -1 -2 -1  0 -1  0  0  2 -1  0  1  0  2  1 0 0 1 1 0.05
-3 -1 -1 -1 -4 -1  0 -3 -2 -3 -3  7 -1 -3 -2 -1  0  1 -3 -3 0 0 1 1 0.05
 0  0  0  0 -4  2  3 -2  1 -2 -2  1 -1 -2  3 -1 -1 -2 -2 -2 0 0 1 1 0.04
 1 -1 -2 -3 -4  0 -2  1 -2 -3 -3 -2 -2 -2  6 -1 -1 -4 -2 -3 0 0 1 1 0.04
 0  1  0 -1 -2 -1  0  3  2 -2 -2  0 -1  1 -1  0 -2  1 -1 -1 0 0 1 1 0.05
 0  0  0  0 -1  0  0  0  1  1 -1  0 -1  1 -2  0  2 -1  0  0 0 0 1 0 0.03
 0 -1 -1 -1 -4  0 -1  5  3 -2 -3 -1 -2 -3 -2  1 -1 -2 -1 -3 0 0 1 0 0.03
 1  0 -1  0 -1  0 -1  2  0 -2 -2  1 -1  0 -1  1  2 -1 -2 -2 0 0 1 0 0.02
 1  0 -1  0 -2  1  2  0 -1  0 -1 -1 -1  0  2 -1 -1 -3 -1  0 0 0 1 0 0.02
-2 -3 -3 -3 -4  1 -3 -3  1  1 -1 -3 -3  2 -3 -2  4  2 -1  3 0 0 1 0 0.02
 0 -2 -1  0 -4 -1 -1  1 -1 -3 -3 -1 -1 -2  6 -1 -1 -2  0 -2 0 0 1 0 0.02
 0 -6 -5 -5 -3 -1 -5 -6 -3 -3 -1 -6  1  0  2 -4 -4 11 -2 -1 0 0 1 0 0.03
-8 -7 -6 -7 -8 -6 -7 -8 11 -8 -8 -7 -8 -7 -8 -7 -4 -8  0 -8 0 1 0 0 0.03
-4  0 -3 -3 -2  8 -3 -6  0 -3 -4 -4 -6 -3 -7 -1 -4 -7  0 -2 0 0 1 0 0.02
-5 -7 -3  8 -8 -6 -2 -5 -7 -8 -4 -5 -8 -8 -7 -4 -7 -8 -8 -5 1 0 0 0 0.02
 1 -2  1 -3 -1  1 -1  1  0 -1  0 -3 -1  2 -2  0 -1  3  3 -2 1 0 0 0 0.02
 1 -1 -3 -3 -1 -2  0  0  3 -1 -2 -3 -2  3  1  0  2 -1  3 -1 1 0 0 1 0.02
-2 -3 -3 -4 -4 -6 -3 -5  1 -4 -3 -7 -2  4 -5 -3  0  2  8 -4 1 0 0 1 0.02
-4 -4  0 -4  0 -3 -5 -3  1  0  1 -6  2  4  0 -1 -1  9 -1 -2 0 0 1 0 0.03
-2  2 -1 -1 -1  0  0  1  5 -1 -3 -2  0  0  3  0 -1 -4  2 -1 0 0 1 1 0.02
-1 -1 -2  0 -2 -2  0  1 -1 -2 -2 -1  0  1  5 -1  1 -5 -2 -1 0 0 1 1 0.02
 0  2  3  1 -4 -1  1  1  0 -2 -2  0 -2 -3  0  1  1 -5 -3 -2 0 0 1 0 0.01
-2 -1  1  1 -2  1  0  0  1 -1 -2 -1  2 -3  5 -1  0 -2  0 -2 0 0 1 0 0.01
-2  3  1  4 -3  2  1 -3  1 -4 -2  1 -3 -3 -1  0  0 -2 -1 -3 0 0 1 1 0.01
 1 -3 -2 -4  0 -1 -2 -2  2  1  1 -3  4  1 -3 -1  1 -1  0  1 0 0 1 0 0.01
 0 -3 -3 -6  3 -5 -5 -3 -2  3  2 -3  1 -2 -3 -4 -2 -1 -1  4 0 1 0 0 0.01
 1 -1  1 -2  2  0 -1  1  0 -1 -2 -2  1 -3 -1  2  3 -4 -3 -1 0 1 0 0 0.01
 1 -3 -3 -3  4 -3 -3 -1 -3  2  0 -3  1  1  0 -1  0  2  0  2 0 1 0 0 0.01
-1 -4 -1 -4  1 -1 -4 -1  1 -1 -1 -4  1  0 -5  0 -1 10  1 -1 0 1 0 0 0.01
-2 -5 -5 -5 -2 -3 -5 -3 -5  5  1 -5  2  0 -5 -2  1 -1 -1  2 0 1 0 0 0.01
 5 -5 -4 -5 -2 -4 -4 -3  1 -3 -3 -4  0 -1  5 -1 -2 -6 -2 -3 0 1 0 0 0.01
-4 -6 -6 -7 -2 -5 -6 -7 -1  2  5 -6  4  2 -6 -6 -4 -5 -2  1 0 0 1 0 0.01
-2 -3 -2  5 -3  0  3  1  1 -4 -4 -3 -2 -6 -4  0  1 -6 -3 -1 0 0 1 0 0.01
-1 -1 -1  6 -7 -3  1 -4  0 -4 -6 -1 -6 -5  3 -3 -3 -7 -5 -5 0 0 1 1 0.01
 2 -4  1 -4  3 -2 -1 -4 -3  2 -1 -4  1 -1 -2  0  0 -5 -2  3 0 0 1 0 0.01
-2 -2  2  3 -3 -2 -3 -1  1 -4 -4 -2 -1 -2  2  1  4 -3 -1 -3 0 0 1 0 0.01
 0  2 -1 -1 -2  0  2 -3 -1  0  0  0  0 -3  2 -1 -1 -2 -1  0 0 0 1 1 0.01
 0 -2  1  3 -3  1  5 -2  0 -4 -4 -1 -2 -1 -3 -1 -1 -5 -2 -2 0 0 1 1 0.01
-3 -1  8 -1 -4 -1 -3 -1 -1 -4 -3 -3  2 -6 -6  0  0 -7 -6 -4 0 0 1 0 0.01
-1 -5 -3 -5 -6 -5 -4  7 -5 -6 -6 -5 -6 -3 -5 -2 -5 -6 -6 -6 0 0 1 0 0.01
 1 -4 -3 -5  8 -4 -4  2 -5 -5 -4 -5 -3 -4  3 -1  0 -3 -5 -3 0 1 0 0 0.01
-4 -6 -7 -7 -5 -6 -7 -7 -7  0  6 -3  5 -2 -7 -6 -1 -6 -5  0 0 1 0 0 0.02
-1  2 -2 -2 -1  2  2 -3  0 -1 -2  0  4 -1 -4 -1 -1  5  0  0 0 1 0 0 0.02
-3 -6 -6 -6  2 -5 -6 -4 -5  2  1 -6  2  5 -6 -4 -3 -4  3  5 0 1 0 0 0.03
 0 -4 -5 -5 -1 -4 -4 -6 -3  4  2 -4  2 -2 -5 -4 -3  1  0  4 0 1 0 0 0.04
 0  0 -2 -1 -4 -3  0 -4 -3 -6 -4  0 -5 -6  7 -2 -3 -7 -6 -4 0 0 1 0 0.05
-3  0 -2 -3 -3 -1 -4  7 -3 -7 -7 -1 -6 -6 -6 -3 -4 -6 -2 -6 0 0 1 0 0.05
-2 -4 -1 -5 -5 -3 -3 -1 -5 -6 -5 -3 -2 -7 -4  7  2 -4 -6 -5 0 0 1 0 0.07
-6 -5 -1 -3 -7  1 -3 -7 11 -7 -7 -4 -4 -6 -5 -5 -5 -7 -3 -6 0 0 1 0 0.07
-2  4  0 -1 -3  0 -1 -3  2 -4 -1  4 -3 -5 -4 -1  1 -5 -4 -4 0 0 1 1 0.08
 0  0 -1 -1 -3  1 -1  1 -1 -1  0  0  0 -1 -2 -1  0  6  0 -1 0 0 1 1 0.19
-1 -2 -1 -1 -3 -1  1  5 -2 -4 -4 -2 -2 -4  3 -1  1 -2 -3 -3 0 0 1 1 0.26
-1  1 -2 -2 -1 -1  0 -3 -1  1  2  0  1  0  1 -2 -1 -2  0  1 0 0 1 1 0.30
-1  2 -2  0 -2  0 -1 -3  0  1  1  1  0  1  0 -1 -1 -1  1  0 0 0 1 0 0.33
-1  1 -1  2 -2 -1  1 -1  1 -1 -3  1 -2 -2  4 -1  0 -4 -2 -1 0 0 1 1 0.40
-1  3  0 -2 -1  0  1 -2  7 -4 -3  0 -2 -2 -1  0 -1 -1  0 -3 0 0 1 0 0.34
 0  1 -1  0  2  0  0 -1  0 -1 -1  0  0  0  0  0  0  2  1  0 0 1 0 1 0.36
 0  0 -1 -1 -1  0 -1 -2  0  0  1  0  0  2  0 -1  0  2  2  0 0 1 0 1 0.37
 0  1  2  2 -2 -1  0  0  0 -1 -2  0 -1 -1  2  0  0 -2 -1 -1 0 1 0 1 0.41
-1  1  0  2 -2  1  2  1  1 -2 -2  1 -2 -2 -1  0 -1 -2 -2 -2 0 1 0 1 0.39
-1  0  2 -1 -2  0 -1  1  1 -2 -1  0 -2  0  0  0  2  3 -1 -1 0 1 0 1 0.33
-1 -1 -1  0 -2 -1  1 -1  0 -2 -1  0  2  3  0 -1 -1  2  1 -1 0 1 0 0 0.49
 0  0  1  1 -2  0  0  1  0 -2 -1  1 -1  2  0  0  0 -2  1 -2 0 1 0 1 0.32
 0  0  0  2 -3  1  1  2 -1 -3 -3  1 -3  0 -1  0 -1 -1  0 -1 0 1 0 1 0.38
 0 -1  0  1 -1  0  0  0  0 -1 -1 -1  0  0  0  0  0  0  1  0 0 0 1 1 0.44
-1 -2  2  2 -4 -1 -1  3  0 -2 -1 -2  0 -1 -1  0 -1  2  2 -1 0 0 1 1 0.46
-1  0 -1  2 -3  0  0 -1  2 -1  0  0  1  0  0 -1  1  2  1 -1 0 1 0 1 0.44
-1 -1 -1  1 -1  0  0  1 -1 -1  1  0  2 -2  2 -1 -1 -1 -1  0 0 1 0 1 0.45
 0 -1 -1 -1 -3  0  0 -2 -2  1  1 -2  0  1  0  1  1 -1  1  1 0 1 0 0 0.42
-2  2 -1  2 -5  2  2 -2  3 -1  0  0  0 -2  0 -1 -2 -3  0 -1 0 1 0 1 0.31
-1 -1  0  2 -2  1  1  3 -1 -2 -2 -1  1  2  1 -1 -2 -2  0 -3 0 1 0 0 0.30
 0 -2 -3  0 -1  0  0 -2 -1  2  1 -1  1  0  1 -2 -1 -2  0  2 0 0 1 0 0.25
 0  0 -1  2 -4  1  1  0 -3  0  0 -1 -1 -3  3 -1 -1 -1 -2  0 0 0 1 1 0.23
 0 -1 -2  3 -3  0  1 -1 -1  0 -1 -2 -1 -3  3  0  1 -1 -3 -1 1 0 0 1 0.20
 0  0  0  1 -1  0  2 -2 -2  1  0 -1  0  0  0  0  0 -4  0  0 1 0 0 1 0.19
 0 -1  1  4 -2 -1  3  0 -3 -3 -1 -1 -2 -3  1 -1 -2  2 -4 -2 1 0 0 1 0.18
 1 -1 -1  0 -1  0  1 -2 -1  0  0  0  0  1 -1 -1 -1  1  0  1 0 0 1 0 0.11
 1  0 -1  2 -3 -1  1 -2  0 -1 -1 -1 -1 -1  2  0 -1  0  2  0 0 0 1 1 0.08
 0  1 -1  3 -4  1  3 -3  0 -3 -3  1 -1  0  2 -1 -2 -1 -2 -4 0 0 1 1 0.06
 0 -1  2  3 -3  1  2  1  0 -2 -3  0 -2 -2 -2  0 -1 -2 -1 -3 0 0 1 1 0.04
 0  0  0  0 -2  1  2  1  2 -2 -1  0  1  0 -2  1 -1  0  0 -2 0 0 1 0 0.02
 0  2  0  3 -4  1  2  0  0 -2 -3  1 -3 -4  1 -1  0 -6 -3 -4 0 0 1 1 0.02
 2  1 -5 -5 -3 -2 -2 -2 -3  3  0  0 -2  2  1 -3 -2  7  0  1 0 1 0 0 0.01
-2  0 -4 -5 -3 -1 -2 -6 -2  2  1 -1 -1 -2 -6 -5  0 -1 -4  6 0 1 0 0 0.01
 1 -3 -3 -1  1 -1  0 -2  4 -3 -3 -2 -3 -2  4  1  1 -2  1 -1 0 0 1 0 0.01
 1 -4 -4 -6  4 -5 -5 -1 -6  1  1 -5  2 -1  0 -2  1  4 -1  3 0 0 1 0 0.01
 0 -3 -2  2 -2 -2  4 -3 -3 -3 -4 -3 -5 -6  4 -3  0 -4 -5  1 0 0 1 1 0.01
-1 -6 -7 -8 -3 -7 -7  0 -7  1  3 -5  7  0 -6 -5 -2 -3  2  3 0 0 1 0 0.01
-2  2 -1 -1 -6  2  4 -3 -3 -9 -6  4 -4 -9  2 -2 -3 -9 -8 -7 0 0 1 1 0.01
 5  1 -9 -9 -5 -2 -5 -7 -6 -9 -3  2 -3 -5  5 -4 -4 -10 -2 -3 0 0 1 0 0.02
-9 -12 -10 -11 -12 -11 -6  8 -12 -13 -13 -11 -12 -13 -12 -10 -11 -12 -13 -13 0 0 1 0 0.02
-4 -7 -7  7 -5  2 -1  1 -1 -7 -11 -8 -10 -7 -9  3  0 -11 -5 -10 0 0 1 0 0.03
 3 -9 -9 -9  4 -8 -9 -5 -9  2  2 -7  3 -1 -9 -7  0 -9 -8  5 0 1 0 0 0.04
-4 -9 -7 -10  0 -9 -7 -8 -6  3  3 -9 -4 -2 -9  1  1 -9 -6  5 0 1 0 0 0.05
-1 -10 -10 -11 -1 -10 -10 -8 -9  4  3 -10  0  7 -10 -9 -6  2 -3  1 0 1 0 0 0.06
-9 -7 -10 -11 -11 -6 -11 -12  8  1 -2 -11  2  8 -12 -11 -11  1 -5 -6 0 1 0 0 0.09
-5 -5  3  4 -5 -4 -4 -3  9 -11 -9 -4 -6 -8 -7  0 -2  1 -5 -8 0 1 0 0 0.18
-1 -7 -1 -2  6 -4 -3  4 -3 -8 -6 -7  1 -1  3  2 -4 -5  0 -3 0 0 1 0 0.18
-3  3  4 -3  0 -2 -2 -4  2 -4  2 -1  0  0 -8 -2 -2  3  3 -6 0 0 1 0 0.19
-1 -9 -5 -9  1 -8 -9 -9 -9  2  4 -9  3 -5 -9 -4  5 -9 -6  2 0 0 1 0 0.19
-2 -9 -9 -7 -4 -8 -9 -8 -5  3  3 -9  5  0  2 -8 -7  4 -2  4 0 0 1 0 0.22
-11 -10 -9 -11 -13 -9 -10 -12 12 -13 -13 -10 -11 -11 -12 -11 -12 -12 -4 -13 0 1 0 0 0.14
 2  3 -7 -6  1 -2 -6  5 -4 -9 -6  1 -3 -3 -8  0 -3 -5  0 -7 0 1 0 0 0.14
 3 -9 -8 -9 -9 -6 -8  0 -9 -10 -8 -8 -10 -11 -7  7 -3 -11 -10 -9 0 1 0 0 0.15
 1  0  1 -1 -2 -2  1  4 -1 -4 -1 -1 -2 -2 -1  0 -1 -4  0 -4 0 1 0 0 0.10
 2  0 -1 -1 -7  1 -1  1 -2 -3 -4 -1 -1 -7  5 -1 -1 -3 -7 -3 0 0 1 1 0.09
-7 -8  9 -5 -9 -7 -8 -8 -5 -7 -9 -6 -6 -7 -9 -5 -7 -9 -9 -6 0 0 1 0 0.08
-3  3  0 -3 -3  0 -2 -4  2  2  0  1  1 -2 -2 -1  2 -6 -2  0 0 0 1 1 0.08
-2 -5 -5 -1 -5 -6 -7 -3 -8 -5 -7 -7 -6 -9 -7  6  5 -9 -9 -7 0 0 1 0 0.07
-1 -2  1  4 -4  2  1  0 -4 -6 -5 -1 -4 -7  4  0  0 -8 -5 -5 0 0 1 1 0.07
-1  3  1  2 -4  1  0  1  2 -3 -3  1 -2  0 -4  0 -1  1  1 -3 0 0 1 1 0.06
-2  3 -2 -1 -5 -1 -2 -1 -3 -4 -4 -2 -1  1  5  2  0  0 -2 -1 0 0 1 1 0.04
-4  8 -3 -3 -6 -2 -2 -5 -3 -5 -5  0 -5 -5 -5 -3 -4 -3 -5 -5 0 0 1 1 0.03
-3  6 -3 -4  2 -3 -3 -3  1  1  0 -1 -2  1 -4 -3 -2  3 -1  0 0 0 1 0 0.02
 1 -1 -4 -4 -2 -3 -4 -1 -1  3  1 -4  3  1 -3 -1  0 -3 -1  3 0 0 1 0 0.01
-2  6 -5 -5 -6 -4 -4 -2 -3 -3 -2 -2  3  1 -5 -4 -5 -2  5 -4 0 1 0 0 0.01
-1 -1  0 -5 -5 -3 -3 -5 -2  3  3 -2  2  1 -4 -4 -4  7  0  0 0 1 0 0 0.01
 3 -4 -3 -2 -2 -5 -5  1 -3 -4 -4 -5 -5 -4 -3  5  0 -6 -2 -1 0 1 0 0 0.01
 0 -4 -4 -1  0 -2 -3 -3 -3  1  2 -2  2  2 -3 -2  2 -4  1  2 0 1 0 0 0.01
 0 -5 -1  6 -6 -1 -2 -2 -2 -2 -5 -4 -4 -4 -5  1  0 -6  3 -1 0 1 0 0 0.01
 0 -4  4 -4  4 -4 -4 -3 -1  2  2 -4 -3  1 -5 -1  2 -5 -2 -1 0 1 0 0 0.01
-1  7 -4 -6 -3 -2 -3 -5  4 -3 -5 -3 -4 -7 -5 -5 -1  2 -1 -2 0 1 0 0 0.01
-3 -6 -7 -3 -6 -5 -6 -5 -3  0  0 -6 -2  4 -6 -4 -5  6  8 -1 0 1 0 0 0.01
-1  0  0 -2  2  5 -1 -3 -1  0 -1 -3  2 -2 -5  0 -3 -5  0  2 0 1 0 0 0.01
 0  2  0  2 -3 -2 -1 -2 -1 -5 -3 -2 -5 -4  6  0 -3 -6 -2 -2 0 1 0 0 0.01
 2 -2 -2 -1 -4 -2  0  0 -4 -2 -3  0 -4 -3  3  1  2 -1  0  0 0 0 1 1 0.01
-1 -1  2  3 -1 -1  0  1 -2 -3 -4  1 -4 -1 -2  2  0 -5 -1 -3 0 0 1 1 0.01
 1  0  1  2  0  1  2  0 -2 -2 -3  1 -2 -3 -1  1 -1 -5 -4 -1 0 0 1 0 0.02
-1  0  0 -1 -6 -1  1 -2  4 -6 -4 -1 -5 -5  6 -2 -1 -6  2 -3 0 0 1 1 0.02
-1  1  0 -1 -2  0  0 -2 -1  0 -1 -1  0  1  0  0  1  1  1  0 0 0 1 1 0.02
 1 -1 -1  3 -3  0 -1  3  0 -1 -4 -1 -1 -2  0 -1 -2 -5 -1 -1 0 0 1 0 0.02
 0 -1 -3 -1 -4 -1  2  0 -1 -1 -1  0 -1  2  3  0 -1  1  1 -2 1 0 0 1 0.03
 0  4  2  1 -3 -2  0 -1  2 -3 -2 -2 -2  1 -1 -1 -1  0  2 -3 1 0 0 0 0.03
 2 -1 -1 -2 -2 -1  0  1  0 -1 -4 -2 -5 -3  4 -3 -2  7 -2 -2 1 0 0 0 0.03
-2  0 -1 -1 -4  0  1 -3  0  0  2 -1  3  2  2 -2 -2 -2 -1  0 1 0 0 1 0.03
-1  3  1 -1 -5  0 -1 -3 -1 -3 -3  3 -2 -4  1  0  2 -5  0 -2 0 0 1 0 0.03
-1 -3 -2  0 -3 -3  0 -2  2 -2 -5 -2 -5 -4  7 -2 -3 -6  1  0 0 0 1 1 0.04
-2 -3 -3  0 -6 -2  0  2  4 -5 -4 -2 -3  0 -1 -3 -3  9  3 -2 1 0 0 0 0.05
 0  1 -2 -2 -3  2  0  0  0 -1  1 -1 -1  1  2  0  1 -3 -2  0 1 0 0 1 0.07
 1  1 -1  1 -3  0  2 -1 -1  1 -1  1  0 -2 -1 -1 -1 -4 -2  1 1 0 0 1 0.08
 2  0 -2 -2 -1 -1 -1 -1 -2  0 -1  0 -1 -3  0  3  2 -4 -4  0 1 0 0 1 0.10
 4  1 -2 -4 -1 -2 -3  3  1 -4 -3 -3 -2 -3 -2 -1 -3 -5  1  0 0 0 1 1 0.13
 0  3 -2  1 -5  0  3 -1 -3 -4 -1  3 -3 -4 -2 -1 -2 -4  1 -2 1 0 0 1 0.15
 0 -1  2  6 -5 -2  0 -2 -4 -4 -4 -2 -4 -2 -1  0  0 -6 -5 -1 1 0 0 1 0.21
 0 -4 -4 -3 -5 -4 -1  1  1 -4  0 -3  0  0  3 -2 -4  8  2 -1 1 0 0 1 0.28
 1 -2  0  0  1  0  2 -1 -2 -3 -1 -1 -1 -1  1  2  2 -4 -3 -1 1 0 0 0 0.33
 1  3  0 -1  0  0  1 -3 -1 -2 -2  3 -3 -4  1  1 -1 -4 -3 -1 1 0 0 1 0.35
 0 -4 -3 -3 -3 -3 -2  5 -4  1  0 -2  1  1 -4 -1 -1 -4 -3  1 1 0 0 1 0.42
 0  0 -1 -3 -2  0 -1 -2 -3  2  1  0  1 -2 -1 -1  2 -3 -1  0 1 0 0 0 0.53
-2  1 -3 -4  0 -3 -3 -4 -3  3  2 -2  2  2  0 -1  0 -3 -2  2 1 0 0 1 0.61
 1  1 -1  0 -3  0  2  0  2 -3 -2 -1 -2 -3 -1  2  2 -4 -3 -1 1 0 0 1 0.70
 0  1  1  0 -1  1  1 -1  0 -1 -3  2 -2 -2  0 -1  1 -2  2 -1 0 0 1 1 0.76
 0 -2  1  2 -3 -1  1  0  2  1  0 -2 -1  0 -1 -1 -1 -3 -2  1 0 0 1 1 0.80
 0  0  0  0  0 -1 -1 -1  0 -1 -1 -1 -1  2  0  1  2 -2  0  0 0 0 1 1 0.82
 2 -4  0 -3  1 -3 -1  6 -3 -4 -4 -3 -4 -1 -1  0 -3 -4 -4 -4 0 0 1 1 0.82
-1  1  2  0 -3  0 -1 -3 -2 -3 -3 -2 -3 -3  0  2  4 -4 -1 -2 0 0 1 1 0.85
-3 -5 -4 -4 -5 -4 -2  0 -5 -5 -6 -4 -5 -6  8 -3 -1 -6 -6 -5 0 0 1 0 0.81
 0 -3 -2  1 -2 -2 -2 -1 -3  3 -2 -1 -1 -3 -3  0  4 -4 -3  0 0 0 1 1 0.81
-1  0  1  5 -3 -1 -1 -2 -2 -3 -4 -2 -3 -3 -3  1  2 -3  2 -3 0 0 1 1 0.83
 3 -2 -2 -2 -1  1 -1 -1 -2 -1 -2 -1 -1 -3  2  1  2 -3 -2  1 0 0 1 1 0.87
-2 -1  0  5 -4  1  4 -2 -1 -4 -4  1 -3 -4 -2 -1 -2 -4 -3 -3 0 0 1 1 0.91
