-2 -1  3  6 -4  0  1 -1 -1 -3 -4 -1 -3 -4 -2  0 -1 -4 -3 -3 0 0 1 1 0.89
-2 -3 -3 -2 -4 -2 -2 -3 -3 -4 -4 -2 -3 -4  8 -2 -2 -5 -4 -3 0 0 1 1 0.89
-2 -1  3  4 -3  0  3 -2 -1 -3 -3  1 -3 -4 -2  0  1 -4 -3 -3 0 0 1 1 0.87
 2 -2  0  2 -2 -1 -1  2  2 -2 -2 -1 -2 -3 -2  1  2 -3 -2  0 0 0 1 1 0.85
 0  1 -1  1 -3  0  2 -2 -2 -1 -1  3  2 -3  2 -1 -1 -3 -2  1 0 0 1 1 0.82
 1 -1 -1  1 -2  2  1  2 -1  0 -2  0 -1 -2 -2  0  0 -3 -2  0 0 0 1 1 0.76
-1  1  2 -1 -2  0  0  2 -1 -1 -2  1 -2 -3  1  1  1 -3 -2 -1 0 0 1 1 0.76
-1 -1 -2 -2 -2 -1  0 -1 -2  1  0  1  0 -1  1  0 -1  3  1  1 0 0 1 1 0.78
 0  3 -2 -3 -2 -1 -2 -3 -2  3  1  1  0 -1 -3 -2 -1 -3 -2  1 0 0 1 0 0.83
-1  1  1  0 -2  1 -1 -2 -2 -2 -3  2 -2 -3  4  2  0 -3 -2  0 0 0 1 1 0.85
 0 -1  1  4 -3  3  1 -2 -1 -2 -1  0 -2 -3 -2  1 -1 -3 -3 -2 0 0 1 1 0.83
-1  0  3  5 -4  0  2 -2 -1 -4 -4  1 -3 -4 -2 -1  0 -5 -3 -3 0 0 1 1 0.75
-2 -3 -3 -2 -4 -2  3 -1 -3 -4 -4 -2 -4 -4  7 -1 -2 -4  1 -4 0 0 1 1 0.76
-2  0  5  1 -3 -1  0 -2  1 -4 -4  0 -3 -4 -3  2  2 -4 -3 -3 0 0 1 1 0.73
 1  1  1  0  1  1  2  0 -1 -2 -2  1  0 -3  1  0  0 -3 -2 -1 1 0 0 1 0.71
-1  0  2  5 -4  0  2 -1 -2 -4 -2 -1 -3 -4  1  0  0 -4 -4 -3 1 0 0 1 0.79
-1 -2 -1  0 -2 -1  1 -3 -3  3  1  0  1 -2 -1 -2  1 -3 -2  2 1 0 0 0 0.78
-1  0 -1  2 -3 -1  2 -3 -2  1  0  0 -1  0 -2  1 -1 -2  2  1 1 0 0 0 0.76
 0  0  2  3 -3  2  2 -1  2 -3 -3  0 -2 -3  0  0  0 -4 -2 -3 1 0 0 1 0.63
-1  0  0  2 -4  1  4 -3 -1 -4 -3  2 -3 -2 -2 -1 -2  1  3 -3 1 0 0 1 0.71
 1 -1 -2 -1 -2 -1  2 -3 -2  3  0 -2  0 -2 -1  0 -1 -3 -1  2 1 0 0 0 0.68
 0  1  1  0 -3  1  3 -2  1 -3 -2  1 -2 -4 -1  2 -1 -4 -3 -2 0 0 1 1 0.63
 0 -2  1  5 -4  0  2 -2 -2 -4 -4 -2 -3 -4  0  2 -1 -4 -1 -4 0 0 1 1 0.54
-1 -1  0  2 -4 -1  0  4 -3 -4 -2 -1 -3 -4  3  0 -2  4 -3 -2 0 0 1 1 0.48
-1  1 -1  2 -4  0  4  1  1 -4 -4  1 -3 -4  0 -1 -1  1 -1 -3 0 0 1 1 0.48
-2 -3 -3 -2 -2 -1 -1 -3 -3  3  2 -3  1  2 -2 -2 -1 -2  0  2 0 0 1 0 0.38
-1 -2 -1  4 -4  0  3 -2 -1 -1 -4 -2 -1 -4  4  1 -2 -4 -3 -3 0 0 1 1 0.40
-1  0  3 -1  0 -1  2  3 -2 -3 -2 -1 -3 -4  2  0 -1 -4 -3 -3 0 0 1 1 0.32
 1 -2 -1  1 -2 -1  1  2 -2 -3 -3 -1  0 -2 -2  2  1  4 -1 -2 0 0 1 1 0.27
-1 -1  1  2 -4  0  5  0 -2 -3 -4 -1 -3 -4  0  0 -2 -4 -3 -3 0 0 1 1 0.20
-3  0 -5 -5 -4 -4 -4 -4 -4 -4 -4 -4 -4  0 -5 -4 -3 12  1 -3 0 0 1 0 0.18
-2 -2 -2  1 -3  0  1 -2 -2  0  2  0  2  2 -3 -2  1 -2 -1 -1 0 0 1 1 0.17
-1  0  2  2 -4  2  2 -2 -2 -4 -4  4 -3 -4 -1  0 -1 -1 -1 -3 0 0 1 1 0.12
-3  0  1  4 -5  1  3 -3  2 -4 -4  1 -3 -3  1 -1 -1 -5 -3 -3 0 0 1 1 0.11
-1 -2  1  1 -4 -2 -2  5  0 -3 -2  1 -3 -2 -2 -2  1 -4 -4 -3 0 0 1 1 0.08
-1  0 -1 -1  0 -2 -1 -3 -3  2 -1 -1  2 -2  1  0  2 -3  0  3 0 0 1 1 0.07
-3 -3 -4 -3 -3  0 -1 -5 -2  1  4 -3  0  2 -1 -3 -1 -3 -2  3 0 1 0 0 0.05
-2  0  2 -1 -4  2  2 -2  1 -3 -3  1 -3 -2 -1  1  1 -3  1 -1 0 1 0 1 0.05
 1 -3 -1 -2  2 -3 -3  4 -1 -1  1 -2  0 -1 -3  0 -1 -4 -3  0 0 1 0 0 0.05
-2  0  3  2 -4  0  2 -1 -1 -2 -2  0  0 -1  2  0  0 -3  0 -1 0 1 0 1 0.07
-2 -5 -5 -5 -3 -5 -5 -5 -5  3 -2 -5 -2 -3 -1 -4 -1 -5  0  6 0 1 0 0 0.07
-1  1  1 -2 -3 -2 -1 -3 -2  1 -1  2 -2  3  2 -2 -2 -3  1  1 0 1 0 1 0.08
-1 -1  1  1 -2  0  1 -1 -2  1  0  1 -1 -2 -2  0  0 -3 -1  1 0 1 0 1 0.10
-1 -3  1 -1 -3 -1 -1  1 -2 -2 -2 -2 -2  0  0  1  0  8  1 -3 0 0 1 1 0.14
-1 -1  2  5 -3  0  1 -1 -2 -3 -4  0 -3 -1  0  0  0 -4 -3 -3 0 0 1 1 0.16
-1 -1 -1  3 -4  0  0  0  0 -4 -3  1 -3 -4  5 -1  1 -4 -3 -3 0 0 1 1 0.14
-1 -1  1  0 -3  2  3 -1  0 -3 -2  3 -2 -2  0  2  0 -4 -3 -2 0 0 1 1 0.18
-1 -2  2  2 -3  0  1  2  0 -2 -2  1 -2 -3 -1 -1 -1 -3  0  0 0 0 1 1 0.13
-2  0  1 -1 -4  3  5 -1 -1 -4 -3  1 -3 -4  0 -1 -1 -4 -1 -2 0 0 1 1 0.11
 0  0 -1  0  0  0  1 -3 -2  0 -1  0  0 -3 -1  0  2 -3 -2  2 0 1 0 1 0.09
 0 -1  0 -1 -2  0  2  0  1  0 -1  1  1 -2  0  0  1  1 -2  1 0 1 0 1 0.07
-2  1  1  3 -4  0  4 -3 -2 -1 -2  0  0 -3  0 -1  1 -4 -3 -2 0 1 0 1 0.05
-2  4 -2  1 -4  1  4 -2 -1 -2 -3  1 -3 -4 -1 -1  0 -4 -3 -3 0 1 0 1 0.03
 0  1  0 -1 -2  1  0 -3 -2  2  0  0  0 -1  0  0  1 -3 -2  1 0 1 0 0 0.04
-2 -4 -5 -5 -3 -4 -4 -5 -5  5  1 -2 -1 -2 -4 -4 -2 -4 -3  5 0 1 0 0 0.03
 5 -3 -3 -4  2 -3 -3 -1 -4 -2 -2 -3 -3 -4 -1 -1 -1 -4 -4  1 0 1 0 0 0.03
-3 -2 -4 -4  2 -3 -4 -4 -2  1  0 -2  2  4 -4 -2  0  6  4 -1 0 1 0 0 0.03
 3 -1  0 -2 -3 -2 -1 -1 -3 -3 -2 -2 -3 -4 -1  2  4 -4 -3 -2 0 1 0 0 0.03
 0  0 -1 -2 -3  1 -1 -1  2 -2 -3  0  2 -3  5  1 -1 -3 -1 -3 0 0 1 1 0.03
 0 -1  4  3 -3  0  0  1  0 -3 -3  1  0 -4 -2  1 -1 -4 -3 -3 0 0 1 1 0.04
 2 -2 -1 -2 -2 -1 -1  2  0  0  1 -1  2 -1 -2  0 -1 -2 -1  0 0 0 1 0 0.04
 1 -2 -2 -3  0 -1 -1  1 -1  3 -1 -1  0 -2 -3  1  0  1 -2  1 0 0 1 1 0.05
-1  1  0  1 -3  4  2 -3  0 -2 -1  2 -2 -2  0  0 -1 -3 -1 -2 0 0 1 1 0.06
-1 -2 -1 -3 -2 -2 -2 -2 -2 -1 -1 -1  3  1  2  2  3  1  1  0 0 0 1 0 0.08
-1  3  0  1 -3  1  2 -2  2  0  0  0 -1 -1 -1 -1  0 -1 -2  0 0 0 1 1 0.08
-2 -1  0  4 -4  2  2 -3  2 -2 -2  0 -3 -3  1  0 -2 -4 -1 -2 0 0 1 1 0.09
-1  0 -2 -3 -3 -2 -2 -1 -3  2  0 -2 -1 -3  4  0  2 -4 -3  2 0 0 1 0 0.09
-2  2 -1 -1 -3  1 -1 -1  0  0 -1  2 -1 -1  3  0  0 -2  2 -1 0 0 1 1 0.08
 0 -1  1  2 -3  2  2  0 -1 -2 -2  0 -2 -3  3  0  0 -3 -3 -3 0 0 1 1 0.08
 1 -2 -1 -2 -2 -1 -1  0 -2  0 -1 -1 -1  1 -2  2  1 -3 -2  2 0 0 1 0 0.09
 1  0  1  0 -2  0  2  1 -1 -2 -2  1 -2  0  0  1  0 -2 -1 -1 0 0 1 1 0.07
-1  0  2  4 -3  0  1  0 -1 -1 -2  1 -2 -3 -1  0 -1 -3 -2 -1 0 0 1 1 0.05
-1 -1  0  3 -3  2  4  2 -1 -3 -3 -1 -3 -3  0  0 -2 -3 -3 -3 0 0 1 1 0.04
-1  0  4  1 -3  0  0  1  2 -3 -3  1 -2 -2 -1  1  2 -3 -2 -3 0 1 0 1 0.03
-4 -4 -4 -3 -4 -4 -4 -2  0  1  2 -4  1  6 -5 -4 -3  4  4 -2 0 0 1 0 0.02
 0  4 -2 -2 -3  1  1 -2 -2 -2 -1  3 -2 -4 -3  1  0 -4 -3 -3 0 1 0 1 0.01
-3 -3 -4 -4 -3 -3 -2 -5 -2  2  2 -2  2  5 -4 -2 -2 -1  4  2 0 1 0 1 0.01
 3 -1 -2 -1  2  1  2 -1  0 -3 -3  0  0 -1 -1  1  0 -3 -1 -2 0 1 0 1 0.01
-2  2 -2 -3 -3  0 -2 -3 -3  1 -2  5 -2 -4  0 -1  2 -4 -3  1 0 1 0 1 0.01
-1 -2 -2 -4 -2 -1 -3 -4 -3  3  3 -3  3  0 -3 -1  0 -3  0  1 0 1 0 1 0.01
-3 -3 -4 -4 -4 -4 -4 -4  0  0  2  0  0  7 -4 -4 -3  2  0 -1 0 0 1 1 0.01
-1 -1  3  4 -3  0  0  1 -2 -3 -3 -1 -3 -3 -2  1  1 -1 -3 -3 0 0 1 1 0.01
-1 -1  1  2 -2  1  2 -2  0 -2  0  2 -1 -1 -2  0  0 -3 -2 -1 0 0 1 1 0.01
 1  0  0  4 -2  0  0 -1  4 -2 -2  0 -2 -1 -2  0 -1 -2  1 -2 0 0 1 1 0.01
-1  2  2  0 -2  0  0  1 -1 -2 -1  2 -1 -2  0  0  1 -2 -2 -2 0 0 1 1 0.01
-1 -1 -1  3  0  0  2 -1 -1 -3 -3  0 -3 -3  4  1 -1 -3 -1 -2 0 0 1 1 0.01
-2 -1 -1 -4 -3 -1 -3 -2  2 -2 -1 -3  0  6  0 -1  0  1  2 -2 0 0 1 1 0.01
-2 -4 -4 -4  2 -4 -4 -4 -3  1  0 -4  3  6 -4 -1  0  3  0 -1 0 0 1 0 0.01
 4 -3  0 -3  0 -1 -3  3 -3 -4 -4 -2 -3 -4 -3  3 -2 -4 -4 -3 0 1 0 0 0.01
 2 -3 -2 -2  1  0 -2  1  1 -2 -2 -2 -2 -2 -3  3  2  2 -2  0 0 1 0 0 0.01
 0 -5 -3 -4 -5 -4 -4  7 -4 -5 -3 -4 -5 -5 -4 -3 -4 -4  0 -5 0 1 0 0 0.01
-2  0 -3 -3 -3  0 -2 -4 -1  2  1  1  4  1 -3 -2  0 -3 -1  1 0 1 0 0 0.01
-3 -4 -5 -5 -3 -4 -5 -5 -5  3  4 -4  3  0 -5 -4 -3 -4 -3  3 0 1 0 0 0.01
-2  0 -2  2 -1  0  4 -3  1  2 -2  1 -2 -3 -3 -2  0 -4 -1 -1 0 1 0 1 0.02
-3 -4 -5 -5 -3 -4 -5 -5 -5  4  5 -4  2  2 -5 -4 -3 -3 -2  1 0 1 0 0 0.02
-1 -1 -3 -2 -4  0  0  1 -3 -3 -4  0 -3 -4  7 -1 -1 -4 -4 -3 0 0 1 1 0.04
 0 -1 -2 -1 -3 -1 -1 -1 -3 -1 -3 -1 -1 -3  6  0 -1 -3 -3 -1 0 0 1 1 0.06
-1 -1 -1  1  0 -1 -1  1  0  0  0  0 -1  2 -2 -1  0 -1  1  1 0 0 1 1 0.08
 1 -2  1  1 -3  0  2  4  1 -4 -4  1 -3 -4 -3  0 -2 -4 -3 -3 0 0 1 1 0.09
 2 -2 -2 -2  0  1  0  3 -2  0 -2 -1 -1  0 -2  1 -1 -3 -2 -2 0 0 1 1 0.12
-2  2  0 -1 -4  0  3 -3 -2 -1 -2  3  0  1 -3  0 -1 -3  0 -1 0 0 1 1 0.15
-3  1  0 -3 -5  0  0  0 -3 -5 -2  6 -4 -5  0 -3 -3 -5 -4 -5 0 0 1 1 0.15
-1  2  1 -2 -4  0 -1  2 -2 -4 -4  3 -3 -4  3  1 -1 -4  1 -4 0 1 0 0 0.15
-1  1 -1 -2 -3  1  0 -3 -1  0  1  1  0 -1  3  0  1 -3 -1  0 0 1 0 1 0.13
 0  1 -2 -2 -4  3  0 -2  0 -4 -4  4  0 -4 -3  1  1 -4  0 -2 0 0 1 0 0.12
-1 -3  4  1 -1 -2 -1 -2  3 -1 -2 -2 -1  1  2  0  0 -4 -1  1 0 0 1 1 0.12
 0 -3 -1  0  1 -2 -1 -2 -3 -2 -3 -1 -3 -4 -3  4  2 -5 -1  2 0 0 1 0 0.12
-2  3 -1  1 -1 -1 -1  2 -1 -4 -1  2 -3  0 -1 -1 -1 -3  1 -3 0 0 1 1 0.10
-2  1  3  4  0  0  0 -2  2 -4 -3  2  0 -4 -2  1 -1 -5 -2 -4 0 0 1 1 0.07
 1 -2  3  2 -2 -1 -2 -3  0 -3 -3 -2  4 -2 -3  1  3 -4 -2 -1 0 1 0 0 0.04
-2 -2 -3 -3  0  1 -2 -4  4  1  0 -3 -2  4 -4 -1  2 -2  3  0 0 1 0 0 0.02
-3 -4 -4 -5 -3 -2 -4 -2  0  3  2 -4  6  3 -4 -2 -2 -2  3  0 0 1 0 0 0.01
 0 -3 -1 -2 -2 -3 -3 -3 -1  2  0 -1 -1 -1 -3  0  2 -4 -1  4 0 1 0 0 0.01
-6 -6 -6 -7 -6 -6 -7 -7 -5 -3 -1 -6  1  9 -7 -6 -5 -2  1 -4 0 1 0 0 0.01
-3 -4  1 -4  2 -4 -4 -4  4 -1 -2 -4 -3  5 -5  0 -2 -2  6 -1 0 1 0 0 0.01
-3 -5 -5 -6 -3 -5 -5 -6 -5  3  0 -5  0  0 -5 -4 -3 -5 -3  6 0 1 0 0 0.01
-2 -3  1 -2  0 -1 -3 -4  3  3  1 -2  2 -1 -4 -3  0 -4  0  3 0 1 0 0 0.01
-1  0 -1 -1 -4  3  2 -3  0 -3 -3  2 -2  2 -3  2  1 -3  1 -2 0 1 0 1 0.01
-3 -6 -4 -4 -6 -5 -5  7 -5 -7 -7 -5 -6 -6 -5 -1 -5 -6 -6 -6 0 0 1 0 0.01
 0  1  0  1  3  0  0 -3 -1  1  0  2  0 -2 -3 -1  0 -3 -1  0 0 1 0 1 0.01
-2 -5 -3 -5 -1 -5 -5 -6 -5  3  3 -5 -1 -3 -5 -4 -2 -5 -4  5 0 1 0 0 0.01
-1  2  0 -1 -1  2  3 -3 -1 -1  1 -1 -1 -3 -1  0  0 -4 -2 -2 0 1 0 0 0.01
-1 -5 -6 -6  5 -5 -5 -6 -6  2  0 -5 -1 -3 -5 -4 -3 -5 -4  6 0 1 0 0 0.01
-2 -1 -1  1 -1  0  0 -4 -1 -3 -2  1 -2 -4 -3  0  6 -5 -4 -2 0 1 0 1 0.01
-3 -5 -5 -5 -3 -4 -5 -6 -5  5  4 -5  0 -1 -5 -4 -3 -4 -3  3 0 1 0 0 0.01
-2 -3  4 -1 -2  0  0  1  7 -5 -5 -3 -4 -4 -4  1 -2 -5  0 -5 0 0 1 1 0.01
-2  1  2  2 -5  0  4  2  1 -4 -4  0 -4 -5 -3 -1 -2 -5 -4 -3 0 0 1 1 0.01
-1 -2  2  0 -3  0  0 -3  0 -2 -1  1 -2 -4 -3  1  4 -4 -3  0 0 1 0 1 0.01
-1  0  0 -1 -3  2  1 -2  0 -3 -3  2 -1 -4  2  2  2 -4 -1 -1 0 1 0 1 0.01
-3 -5 -5 -6 -5 -3 -5 -3 -3 -1 -1 -5  0  8 -6 -2 -3 -2  4 -2 0 1 0 1 0.01
-2  2  0 -3 -3 -2 -3 -4 -1  2  0 -2  1 -2 -4  0  1 -4 -1  3 0 1 0 1 0.01
 1 -4 -4 -4  2 -3 -4 -4 -4  3  2 -4  2  0 -4 -2 -2 -4 -3  3 0 1 0 0 0.01
 0 -1  2 -2 -1  0 -2  2  0 -1 -3  0 -2 -4 -3  2  3 -4 -3  0 0 1 0 1 0.01
 0  1 -2 -1 -3  1  1 -3  0 -3 -3  3 -3 -4  2  1  2 -4 -3 -2 0 0 1 1 0.01
-1 -2 -2 -2 -5 -2 -3  7 -2 -6 -6 -3 -5 -5 -4 -3 -4 -5 -5 -4 0 0 1 1 0.01
-1 -4 -2  3  6 -1 -2  4 -3 -4 -4 -3 -4 -4 -4  2 -1 -4 -4 -3 0 0 1 1 0.01
-1 -2  0 -3  0 -1 -2 -3 -1  1 -1 -1  4  0 -2  3  1  0  1  1 0 1 0 1 0.01
-4 -5 -5 -6 -5 -5 -5 -5 -4 -3 -1 -5  0  8 -6 -5 -4  6  0  0 0 1 0 0 0.01
-3 -1 -2 -3  0  4  0 -4  2  0 -1 -2  3  3 -4 -2 -2  0  4 -1 0 1 0 0 0.01
-3 -5 -5 -5 -3 -4 -5 -5 -5  4 -1 -5 -1 -3 -5 -4 -3 -5 -3  6 0 1 0 0 0.01
-4 -5 -5 -4 -6 -4 -4 -5 -2 -6 -6 -4 -5 -6  9 -4 -4 -6 -6 -5 0 0 1 1 0.01
 2  5 -1 -2 -4 -1  0 -3 -2 -4 -4  0 -1 -4  2  2 -2 -4 -2 -3 0 0 1 0 0.01
-2 -4  0 -2 -4 -4 -4  6 -4 -5 -4 -2 -4  2 -4 -3 -4 -4  0 -5 0 0 1 1 0.01
-2 -3  8 -2 -5  0 -3 -3 -2 -6 -6 -3 -5 -6 -5 -2 -2 -6 -5 -5 0 0 1 0 0.01
-1 -2  0  0 -3 -1  2 -1  1 -1 -1  0  2  1 -3  0  1 -2  4  0 0 1 0 1 0.01
-5 -5 -5 -6 -5 -5 -5 -6 -2 -4 -4 -5 -4  1 -6 -5 -5 -1  9 -4 0 1 0 0 0.01
 1 -2  4 -2  1 -1  0  1 -2 -4 -4 -1 -3 -1 -3  3  0 -4 -3 -3 0 1 0 0 0.01
-4 -5 -6 -6 -4 -5 -5 -6 -5  6  2 -5 -1  5 -5 -5 -3 -3 -2  1 0 1 0 0 0.01
 1  2 -2 -1  1  1  3 -3  1 -1 -2  3 -2 -4 -3 -1  0 -4 -3 -1 0 1 0 0 0.01
-5 -4  9 -2 -6 -3 -4 -4 -3 -7 -7 -3 -6 -6 -5 -3 -3 -7 -6 -6 0 1 0 0 0.01
-1 -1 -1  2 -3  0  0 -4 -3  3  2  0  0 -2 -1 -2  0 -4 -3  1 0 0 1 1 0.01
-1 -1 -2 -3  3 -2 -3  4  0 -2  0 -1 -2 -1 -4  1 -1 -3  3 -3 0 0 1 0 0.01
-2  0  4  3 -4  2  1 -2 -1 -4 -4  2 -1 -5 -2  1 -1 -5 -4 -3 0 0 1 1 0.01
-2  2  2  2 -1  0  2  0 -2 -3 -3  2  1 -2 -3 -1  1 -4 -1 -1 0 0 1 1 0.01
 0 -1 -1  2 -4  0  4 -3 -1 -3 -3 -1 -3 -5  4 -1  1 -5 -4 -2 0 0 1 1 0.01
 6 -4 -3 -4  1 -3 -3 -2 -4 -3 -2 -3 -3 -4 -3  2 -1 -5 -4  0 0 1 0 0 0.01
-1  4 -2 -3 -2  0  0 -4  1 -1 -1  4 -2 -3 -3 -2 -1 -4 -1  1 0 1 0 1 0.01
-2 -4 -5 -6 -3 -4 -5 -6 -5  3  5 -4  3  0 -5 -4 -3 -4 -3  1 0 1 0 0 0.01
-2 -4 -4 -5  0 -4 -5 -5  3  1  1 -5  0  7 -5 -2 -2 -2  2 -2 0 1 0 0 0.01
-5 -6 -6 -7  1 -6 -6 -6 -4 -3 -2 -6 -3  8 -7 -5 -5  3  3 -4 0 1 0 0 0.01
 1 -4 -3 -4  2 -3 -3 -4 -4  0 -2 -3  2 -1 -4  0  4 -4 -3  4 0 1 0 0 0.01
-4 -2 -3 -3 -6  9 -1 -5  1 -6 -5 -2 -4 -6 -5 -3 -4 -5 -4 -5 0 1 0 0 0.03
 2 -3 -3 -3  2 -3 -3  2 -4  2 -1 -3 -1 -3 -3  0 -1 -4 -3  3 0 1 0 0 0.06
-2  4 -2 -3  6  1 -2 -3 -2 -3 -3  1  0 -4 -3  1  2 -4 -3 -3 0 1 0 1 0.11
-1 -2 -3 -3 -2 -2 -2 -4 -3  3  1  1  1 -2  0 -1 -1 -3 -2  3 0 0 1 0 0.20
 0 -1  1 -1 -2 -1 -1 -1 -1 -3 -3 -1 -2 -3 -1  5  2 -3 -2 -2 0 0 1 1 0.26
