-3 -4 -5 -6 -4 -3 -5 -5 -4 -1  2 -4  9 -2 -5 -4 -3 -4 -3  2 0 0 1 1 0.69
-1 -2 -3 -3 -3 -1  1 -4 -1  3  0  2  3 -1 -4 -3 -2 -4 -3  3 0 0 1 1 0.60
-1 -3  0 -1 -3 -2 -3  3 -3  0 -2 -2  2 -3 -2  2  1 -4 -2  2 0 0 1 0 0.55
 0 -3 -2 -1  1  1 -1 -3 -2 -2 -2 -1 -1 -5  5  2  3 -5 -4 -2 0 1 0 1 0.42
-1  2 -2 -1 -1  0  2 -1 -2 -3 -2 -2  4 -2  0  3  2 -5 -3 -4 0 1 0 1 0.16
-5 -3 -7 -4 -5 -6 -5 -7 -7  7  0 -2  3 -4 -7 -6 -1 -6 -5  3 0 1 0 0 0.07
-2 -3  0  2 -1 -2 -2 -2 -4 -2 -1 -2 -1 -4 -2  4  4 -6 -5 -2 0 0 1 1 0.03
 3 -2 -2 -5  5 -3 -4 -1 -3 -4 -4 -2 -3 -6  5  1  0 -6 -3  0 1 0 0 0 0.03
 0  1 -1  2 -2  2  4 -2 -2 -3 -3  1 -4 -5 -3  0  0 -5 -2 -2 1 0 0 1 0.02
-1  0 -2  1 -3  3  3 -3  1 -4 -3  1 -1 -5 -4 -1  2  7 -3 -2 1 0 0 1 0.02
-5 -7 -8 -8  1 -7 -7 -8 -7 -2  6 -7  0  0 -7 -6 -5 -6 -3  0 1 0 0 0 0.02
 2  2  0 -2 -2  2 -2 -2  1 -1  0  0 -3  1 -4 -1 -2 -3  3  0 1 0 0 0 0.01
 1  1  2  1 -5  1  3  0  0 -4 -5  1 -4 -4 -3  1 -1 -5 -2 -3 1 0 0 1 0.01
-1  0 -3 -4 -2  0  1 -5 -1  2  3  0  3 -1 -5 -4 -3  0  0 -1 1 0 0 0 0.01
-4 -6 -7 -5 -3 -5 -4 -7 -6  2  6 -3  4 -1 -6 -5 -4 -5 -1 -2 1 0 0 1 0.01
-1  4  1  1 -5  2  3 -3 -2 -3 -4  1  0 -5 -3 -1 -1 -5 -3 -3 1 0 0 1 0.02
-1 -1  1  2 -2  1  1  1 -1 -3 -3  0 -1 -3 -2  2  0 -2 -2 -1 0 0 1 1 0.02
 1  0 -1  2  2 -1  0  2 -1 -3 -3  1 -2 -2  2  1 -1 -4 -1 -2 0 0 1 1 0.02
 1  1  1 -1  0  0 -1 -1 -2 -1 -2  0 -1 -1  3  2  0 -1 -1 -1 0 0 1 1 0.01
 1  0  1  2 -4  0  2  2 -1 -2 -3  1 -2 -3  1  0 -1 -4 -2 -2 0 0 1 1 0.01
-2  2  1  1 -3  3  1  0  0 -4 -4  2 -2 -4 -2  2 -1 -4  0 -4 0 0 1 1 0.01
-2 -4 -3 -5  5 -4 -5 -4 -4  1  3 -3  1  0  0 -2  0  2  1  3 0 1 0 0 0.01
-3 -4 -5 -6  1 -3 -4 -7 -4  2  5 -4  0 -2 -6 -3 -2 -5 -2  1 0 1 0 0 0.01
-3 -6 -6 -6 -4 -4 -6 -6 -6  5  4 -6 -1 -2 -4 -5 -3 -5 -4  3 0 1 0 0 0.01
-4 -6 -6 -7 -2 -6 -6 -7 -6  5  4 -6  3  0 -6 -6 -4 -2 -3  2 0 1 0 0 0.01
-7 -7 -2  9 -9 -6 -2 -7 -6 -9 -9 -6 -9 -9 -7 -6 -7 -9 -1 -9 0 1 0 0 0.01
 0 -7 -6 -5  9 -6 -7 -5 -7  2  0 -6 -2 -4 -6 -1  0 -1 -4  3 0 0 1 0 0.01
-7  8 -3 -7 -9 -2 -6 -5 -1 -9 -8 -3 -7 -9 -2 -4 -7 -8 -7 -8 0 0 1 0 0.01
-1 -3 -2 -1 -3 -1 -1 -2 -3 -5 -5 -2 -3  1  5  3 -1 -6  1 -2 0 0 1 1 0.01
-1  2 -1 -3 -3 -1  0 -3  2 -2 -2  0 -1  5  2  1 -2 -3  2 -3 1 0 0 1 0.01
 0 -1  0  1 -2  0  2 -2  0 -1  1  0 -1  0 -1  0  0 -1  2 -1 1 0 0 1 0.01
 2 -2 -1  4 -3  1  4 -3  0 -3 -1 -1 -2 -4 -3  0 -3 -5 -3 -3 1 0 0 1 0.01
-3 -6 -6 -6 -6 -2 -6 -6  3 -5 -2 -6 -1  6 -6 -5 -5 -3  8 -5 1 0 0 0 0.01
 1 -1  3  2  0  2  2 -2 -2 -3 -2 -1 -1 -4 -1  2 -1 -5 -3 -2 1 0 0 1 0.01
 2  1  0  0 -1  0  1  0  0 -2 -2  2 -1 -3 -3  1  0 -4 -3 -1 1 0 0 1 0.01
 1 -3  0 -3  4 -4 -3  3 -1 -5 -3 -2 -2 -3 -4  4 -2  1 -2 -3 0 0 1 0 0.01
-4  2 -2 -6  0 -4 -5 -3 10 -4 -7 -2 -6 -3 -6 -3 -4 -7 -2 -7 0 1 0 0 0.01
-3 -6 -6 -6 -5 -6 -3 -7 -6  7  0 -6 -1 -2 -3 -3 -4 -6 -5  3 0 1 0 0 0.01
-1  3 -1 -1 -1  1  0 -3 -1  0 -1  2  1 -2  0 -1  0 -4  0 -1 0 0 1 1 0.01
-1  0  2 -1 -4 -1 -1  4  2 -5 -4 -2 -2 -4 -4  1  1 -5  0 -4 0 0 1 1 0.01
 5 -3 -4 -2  0 -3 -3 -4 -5 -3 -4 -2 -5 -6 -2  4 -2 -6 -5 -4 0 0 1 0 0.01
-1  1 -2 -1 -2 -1 -2 -3  0  3  1  0  0  0 -2  0 -2 -3 -1  2 0 1 0 0 0.01
-3 -3  7 -2  1 -3 -4 -3  4  0 -3 -3 -4 -3 -1  1  0 -6 -3 -2 0 1 0 0 0.01
 0 -2 -2 -3  3  1 -2 -3 -2  1  0  0  2  1 -2  0  0  4  2  0 0 0 1 0 0.02
-1  1  2  1  4 -1 -1 -1  2 -2 -3  0 -3  0  3  0 -1  3  2 -2 0 0 1 1 0.02
-1 -2 -1 -1  5 -1 -2 -2  0  2  0 -3  2  1 -2 -1  0  4  2  0 0 0 1 1 0.03
-1 -1  2  0 -4 -1  0 -2  0 -2 -3  0 -1 -2  5  2  0 -5 -4 -4 0 0 1 0 0.03
 0  0  1  0 -3  1  0  0  2 -2 -1  0  1  0  1  0  0  3 -1 -1 1 0 0 1 0.04
-1 -1 -1 -1 -3  0 -1 -1  0  1  2 -1  1  1 -1  0  1  2  0  0 1 0 0 1 0.04
-1 -1 -1 -2  1 -2 -2 -2 -3  1  2 -1  2  1 -2  1  0 -3  0  1 1 0 0 0 0.04
-1  1  0 -1 -1  1  0 -2 -3  0  1  2  2  0 -1 -1 -1 -3 -2  0 1 0 0 0 0.05
-1  5 -1 -1 -4  1  0 -2  1 -2 -3  3  0 -2 -2 -1 -1  1 -1 -2 1 0 0 1 0.05
-1  5  0 -1 -4  0 -1  0  1 -2 -2  1  0 -2  2 -1  0 -4 -1 -2 1 0 0 1 0.06
 0 -2 -1 -2  0 -1 -2  0 -3  0  2 -1  1  2  1  0  0  0  0 -1 1 0 0 0 0.08
-1  2  0 -1 -3  2  0 -2  0 -1 -1  1 -1  1 -2  2  1 -3  0 -2 1 0 0 1 0.07
 0 -1  1  0 -3  1  0  1  0 -2 -1  1 -2  1  0  1  0 -3  0 -2 0 0 1 1 0.08
 0 -2  3  2 -2 -2  1  4 -2 -3 -3 -3 -4 -2  0  0  0 -4 -2 -3 0 0 1 1 0.07
-1  0  1 -1 -1  1  0 -2 -1 -1  0  3  2 -2  1 -1 -1 -4 -3  0 0 0 1 1 0.06
 0  0 -2 -1 -2  1 -1 -1 -1  3  1  0  0  0 -2 -1 -1 -3 -2  2 0 0 1 0 0.06
 0 -1 -1 -1  0  0  0 -2 -1 -1  1  1  1 -3  2  2  1 -4 -2 -1 0 0 1 0 0.05
-1 -2 -4 -1 -1 -2  2 -4 -3  3  3 -3  1  0 -3 -2 -2 -1 -3  1 1 0 0 0 0.05
 1  2  0  1  0  1  2 -2  3 -1 -2  0 -2 -2  0 -1  0 -2 -2 -2 1 0 0 0 0.05
-1 -2  1  2 -2  2  2 -4  0  0 -1 -1 -1  0 -1  1  1  0 -2 -1 1 0 0 1 0.05
-3 -3 -2 -4 -2 -3 -3 -3 -1  1  4 -3  0  2 -2 -1  2 -1 -1  1 1 0 0 0 0.05
-2 -3 -4 -2 -4 -2 -1 -2 -1  3  2 -3  0  3  2 -1 -1 -4 -2  1 1 0 0 0 0.05
 0 -1  2  2 -1  2  0 -2  0 -2 -2  0 -1 -1  3  1  0 -5 -1 -1 1 0 0 0 0.05
-2  1  1  2  3  0  1 -1  3 -3 -3  0 -2 -1  3 -1 -1 -5  0 -2 1 0 0 1 0.05
 1  0  0  1  0 -1  3 -1  0 -2 -2  0  0 -1 -1  2 -1 -5 -4 -3 0 0 1 1 0.05
 0  0 -1  1  1  0  0 -1  0 -1  1  0  0  0  0  0  0 -1 -1 -1 0 0 1 0 0.05
-2  3  0 -1 -2  1  2 -1 -4 -2 -1  3 -1 -1 -1  0 -1 -5 -4 -3 0 0 1 1 0.05
 0  0  0  0  0  1  2  0  1 -1 -1  0 -1 -1 -1  1  0 -3  0 -1 0 0 1 1 0.05
-1  0  0  0  2  0  0 -1  2  0 -1  0  2  1  0 -1  0  4  1 -1 0 0 1 1 0.05
-1  0 -2 -3 -1 -3 -3 -3  0  2  2 -2  0  4 -2 -1 -1  2 -1  1 0 0 1 0 0.05
 0  2  0  1  0  1  1 -1  0 -1 -1  2 -1  0  0 -1 -1  0 -2 -1 0 0 1 1 0.04
-1  4  0 -1 -7 -1 -2 -2  2 -1  0  0  0 -1  1  1 -1  5 -6 -2 0 0 1 0 0.04
-1  3  1  2  1  0  1  1  2 -2 -3  0  0 -3 -2  1 -2  0 -2 -4 0 0 1 0 0.03
-1  0  0  0  2  0  0 -1  2  0 -1  0  2  1  0 -1  0  4  1 -1 0 0 1 0 0.02
-1  0  0  0  2  0  0 -1  2  0 -1  0  2  1  0 -1  0  4  1 -1 0 0 1 1 0.01
-1  2  0  1 -1  2  1 -1  0 -2 -1  2  1 -2  0  0  0 -5 -2 -2 0 0 1 0 0.01
 0  1  0  0  1 -1  0 -1  2 -1  0  0 -1 -1  1  0  0  0  1 -1 0 1 0 1 0.01
-2 -2 -3 -6  2 -3 -6 -3 -2  4  1 -2 -1 -1 -2 -1 -1  0 -2  4 0 1 0 0 0.01
-3 -1 -6 -7 -6 -2 -6 -7 -6  4 -1 -6  1  2 -3 -3 -2 -6 -1  5 0 1 0 0 0.01
-2 -6 -2 -6  0 -6 -2 -6  0  2  2 -6 -1  4 -6 -3 -3  1  1  5 0 1 0 0 0.01
-6 -1 -6 -7 -6 -6 -6 -4  2 -1  3 -6  1  1 -6 -6 -5 -4  8 -1 0 1 0 0 0.01
-2 -3 -2  7  4 -3 -2 -2 -2 -2 -3 -4 -2  0 -3 -2 -3 -5  1 -2 0 0 1 0 0.01
-1  1  2  2 -1  3  4 -2  2 -3 -4 -1 -1 -5 -3 -1 -2  3 -2 -2 0 0 1 1 0.01
 0  1  3  2  3 -2  0  1  0 -3 -4 -1 -4  1 -1  1 -1  0 -1 -3 0 0 1 1 0.01
 0 -3 -1 -2 -2 -3 -1 -2  3 -2 -1 -2 -2 -1 -2  4  3 -2 -1 -3 0 0 1 0 0.01
 1  2  2  0  3  1  0  0 -2 -2 -3 -1 -2  0 -1  2  0  0 -3 -2 0 0 1 1 0.01
-2  0  1  4 -1 -1  2  0  2 -3 -3  0 -2 -3 -1  2 -1 -2 -2 -2 0 0 1 1 0.01
 0  0  0 -1  1  0  0 -1 -2  0 -1  0  1  0  1  0  0  3  1  0 1 0 0 0 0.01
 0  0  1  1  0  1  1  0  1 -1 -2  0 -2 -1  0  1  0  2  0 -1 1 0 0 1 0.02
 0  1  1  1  1  0  1 -1  2 -2 -2  0 -1 -1  1  1 -1  0  0 -2 0 0 1 1 0.02
-1 -1 -1 -2  1 -2 -1  0  0  1  2 -1  1  0  0 -1 -1  1  0  0 0 0 1 0 0.02
-1  0  0  0  2  0  0 -1  2  0 -1  0  2  1  0 -1  0  4  1 -1 0 0 1 1 0.02
 1  0  0 -1  1  0  0 -1  1  0 -1 -1  0 -1  2  0  0  2  0 -1 0 0 1 1 0.02
 0  1  0  2  1  0  0  0  1 -2 -2 -1  1 -1  0  0  0  2  0 -2 0 0 1 1 0.02
 0  0  0  0  2  0  0 -1  1  0 -1  0 -2  0  0  0  0  3  1 -1 0 0 1 0 0.01
 0 -1  0  0  0 -1 -1 -2  0  0  0 -1  1  1  2  0  1  1  0  0 1 0 0 0 0.01
 0 -1  0 -1  2 -2 -4 -2  1  0  3 -2  2  0 -2 -1 -1  1  0  0 1 0 0 0 0.01
-1  1  1 -1  1  0 -1  0  2 -1 -1  1  1  0 -2  0  1  0  1 -1 1 0 0 0 0.01
-1  0 -1 -3  0 -1 -2 -2  0  2  2 -2  1  1 -3  0  0  1  0  2 1 0 0 0 0.01
-1 -3 -2 -2  1 -3 -1 -7 -2  1  4  1 -1 -2 -2 -2 -1 -1 -2  2 1 0 0 0 0.01
-1  2 -2 -1 -1 -2 -4 -6  1  0  4  2  0  0 -6 -3 -6 -6  0  1 1 0 0 0 0.01
-1  3  2  1 -1  1  1 -1  1 -2 -2  1 -1  2 -2  0  0  0  0 -2 1 0 0 0 0.01
 2  2 -1 -3 -3 -1 -1 -3  2 -1 -3  4 -3  0 -3  0  1 -2 -1 -2 1 0 0 0 0.01
-4 -1  1 -1 -2 -2 -1 -3 -3  0  5 -4  0  2 -4 -2 -1 -1 -3 -3 1 0 0 0 0.01
-2  3  0  1  1  0  3 -1 -1 -3  0  1 -1 -1 -3 -1 -1  0 -2 -2 1 0 0 0 0.01
-1  2  1  1 -1  0  2  2  1 -4 -3  2 -2 -3 -3  0 -3 -2  1 -4 1 0 0 1 0.01
-3 -1 -1  3  2 -2  2  0  0 -4 -2 -1 -1 -1 -3  0 -2  7  2 -4 1 0 0 0 0.01
-2 -1  1  0 -1 -1 -2  3 -1 -4 -2  1 -2  3 -1  0 -1  0  2 -2 0 0 1 0 0.01
-1  2  2 -2  3 -1 -3  3  2 -3 -4  0 -1 -2  3 -2  0 -7  0 -3 0 0 1 1 0.01
-3  2  2  2 -1  2  2 -2 -1 -4 -3  1 -1 -2  1  1  0 -7 -2 -4 0 0 1 1 0.01
 0 -3 -8 -8  1 -8 -8 -4 -8  3  0 -8  1 -2  2 -3 -1 -8 -2  5 0 1 0 0 0.01
-1  0 -4 -3  4 -2 -4 -5  2 -3 -1  0  0  4 -5  0 -4  0  6  0 0 1 0 0 0.01
-4 -4 -4 -7  0 -4 -6 -7 -3  5  2 -4  0  2 -1 -4 -3  1  3  2 0 1 0 0 0.01
-7 -2 -9 -9 -7 -8 -8 -9 -8 -1  6 -8  2 -2 -3 -3 -7 -8 -1 -1 0 1 0 0 0.01
 0  0  1  0  2  1  0 -2  2  0  0  0  1 -2  1  0  0 -3 -2  0 0 1 0 0 0.01
 0  1  1  1  3 -1  1  0 -1 -2 -2  1 -2 -2 -2  1  1 -2  1  0 0 0 1 0 0.01
 0 -2  1  0 -3 -2  0  5  1 -4 -3  0  0 -3  0  0 -2 -3  0 -3 1 0 0 0 0.01
-3 -3 -3 -4 -3 -3 -3 -4  2  0  0 -3  1  6 -4 -3 -3  3  6 -1 1 0 0 0 0.01
 0  2  1  1  2  1  1 -1  1 -2 -2  1 -1 -1  0  1  0 -3 -2 -2 1 0 0 1 0.01
 1  0  0  0  0  2  2 -1  0 -2 -1  1 -1 -1 -2  0  0 -3 -1 -1 1 0 0 1 0.01
-4 -5 -5 -5 -5 -5 -5 -5  0 -1 -1 -5  1  8 -5 -5 -4  5  1 -2 1 0 0 0 0.01
 0  1  0 -1  0  2 -1 -2  2 -2 -1  1 -1  1 -3  2 -1  0  2 -2 1 0 0 1 0.01
 1  2  0  0 -3  2  1 -1  0 -2 -1  0  0 -4 -2  1  1 -1 -3 -2 1 0 0 1 0.01
 0  1 -1 -1  3  1  1 -3  1 -2  1  1  1 -2 -3  1 -1 -4 -2 -2 1 0 0 1 0.01
-3 -3 -3 -4  4 -2 -5 -4  3 -2 -4 -5 -4  6 -6 -3 -3  0  7 -4 0 0 1 1 0.01
-2  0 -3 -2 -3 -2 -2 -1  0 -4 -4  0 -1 -4  7  0 -2 -5 -5 -3 1 0 0 1 0.01
-1 -2  1  3 -2  1  4  0  1 -4 -3 -1 -2  1 -2  1 -1 -4 -2 -4 1 0 0 1 0.02
-2 -2 -4 -3  0 -3 -4 -5  4 -1  4 -3  2  3 -3 -2 -4  5  1 -1 1 0 0 1 0.04
-3 -2 -1 -6 10 -5 -6 -6 -6  2 -3 -5 -1 -5 -6 -3 -1 -6 -5  2 0 1 0 0 0.06
-3 -2 -2  2 -3  0  5 -4 -2 -3 -3 -1 -1 -4 -4 -1  3 -5 -1 -2 0 1 0 1 0.08
-1 -1  2 -1 -3  1  0  2  1 -3 -3  0 -2 -4  2  1  1 -4 -3 -2 0 0 1 1 0.09
 0  0  1 -1 -1  2 -1  0 -1 -4 -4  2 -2 -4  3  2  1 -4 -4 -3 0 0 1 1 0.12
 1  0  0  0  0  1  0 -2 -1 -1 -1  2 -1 -2  1  2  0 -3  0 -1 0 0 1 1 0.19
 1 -1  0  0 -3  0 -1  0 -1 -1 -2  0 -1 -2  1  2  2 -3 -1  0 0 0 1 1 0.29
 0 -1  1 -1  0  1  1 -1 -2  0  1 -1  0 -1  1  0  0  2  2 -1 0 0 1 1 0.42
 0 -1 -1  0 -2 -1 -2 -2 -2  0  1 -1  2 -2  1  1  1 -3 -2  2 0 0 1 0 0.64
-2 -1 -3 -1  3 -4 -3 -5 -2 -5 -4 -3 -3 -3  8 -2 -1 -6 -2 -4 0 0 1 1 0.80
 0 -3  0 -1 -2  3 -1 -2 -1 -1 -2 -1  4 -2  2  1  2 -4 -3 -1 0 0 1 1 0.87
 0 -1 -1 -2  3  0  0  1 -3 -1 -1 -2 -1 -4  1  3  0 -4 -3  1 0 0 1 1 0.93
 0 -2 -1 -2 -1  0  0 -1 -2  1  2 -1  0 -2  0  1  1 -3  0  0 0 0 1 0 0.95
 0 -2  2 -1  0 -3 -2  0 -3 -3 -4 -2 -2 -5 -1  5  0 -5 -4 -2 0 0 1 1 0.96
-2  1 -1  0  1  4  2 -2 -1 -2  1  0  0 -3  1 -1 -1 -4 -3 -1 0 0 1 1 0.97
-5 -6 -2 -2 -6 -5 -2 -4 -6 -6 -7 -5 -6 -7  8 -2 -2 -7 -7 -6 0 0 1 0 0.98
 1 -2 -1 -2  5 -1 -2 -1  0 -2  1 -1  1 -2 -1  3  0 -4 -3 -1 0 0 1 0 0.98
 1  1 -1 -2 -3 -1 -1 -1  3 -3  1 -1 -1 -3  1  3  0 -4 -3 -2 0 0 1 0 0.98
-1  1 -1 -2 -4 -3 -3 -4  3 -1 -3 -2  2 -4  5  3 -1 -5 -4 -2 0 0 1 1 0.98
 0 -2  4 -1 -3  1  0 -1  3 -4 -4 -1 -3 -4 -3  4  1 -4 -3 -3 0 0 1 1 0.97
-2 -2 -1  3  5 -2  0  3  5 -4 -4  0 -3 -4  0 -2 -2 -4 -2 -4 0 0 1 1 0.97
-3  1  3 -2 -4  1 -1 -3  8 -4 -1 -1 -2 -2 -3 -2 -2 -3  2 -4 0 0 1 1 0.97
-2  2  0 -1 -4  4  2 -3  5 -4 -3  1 -2 -3 -2 -1 -2 -3 -1 -3 0 0 1 1 0.97
