 0 -2  0 -1 -2 -2 -2  5 -2 -4 -3 -1 -3 -3 -2  0 -2 -2 -3 -3 0 0 1 1 0.91
 0 -2 -1 -1 -3 -2 -2  6 -2 -4 -4 -2 -3 -3 -2  0 -2 -3 -3 -3 0 0 1 1 0.90
 0 -2  0 -1 -2 -2 -2  5 -2 -3 -3 -1 -2 -3 -2  0  2 -3 -3 -2 0 0 1 1 0.91
-1 -2  4  0 -3 -1 -1  4 -1 -4 -4 -1 -3 -3 -2  1 -1 -3 -3 -3 0 0 1 1 0.91
 0 -2 -1 -2 -2 -2 -2  4 -3  0 -1 -2 -1 -2 -2  0  1 -3 -2  0 0 0 1 1 0.86
 1 -1 -1  0 -3  0  3  3 -1 -3 -3  0 -2  0 -2  0 -1 -2 -1 -2 0 0 1 1 0.81
 1 -2  1  3 -2 -1  0 -1 -1 -1 -2 -1 -2 -3  2  1  1 -3 -2 -1 0 0 1 1 0.78
 0  1 -1 -2 -2  2  0 -2  2  2 -1  2  0 -2 -2 -1  0 -3 -1  1 0 0 1 1 0.79
-1  3 -1 -1 -4  4  1 -2 -1 -3 -3  4 -2 -4 -2 -1 -1 -3 -2 -3 0 0 1 1 0.71
-2 -1  4  4 -4  0  3 -2 -1 -4 -4  0 -3 -4 -2  0 -1 -4 -3 -3 0 0 1 1 0.69
-1 -2 -2 -1 -2 -1  3 -3 -2  1  1 -1  0  3 -3 -2 -1 -2  0  2 0 0 1 1 0.60
-2  3 -1 -1 -4  2  3 -3  3 -3 -3  2 -2 -1 -2 -1 -1 -2  3 -3 0 0 1 1 0.46
-1  1  1 -1 -4  1  0 -2 -1 -3 -3  6 -2 -4 -2 -1 -1 -4 -3 -3 0 0 1 1 0.38
-1  1 -1 -1 -3  5  2 -2  4 -3 -1  3 -1 -3 -2 -1 -1 -3 -1 -3 0 1 0 0 0.33
-1  0  0  2 -4  5  3 -2  0 -4 -3  2 -2 -4 -2 -1 -1 -3 -2 -3 0 1 0 1 0.29
 0 -3 -1 -2 -3 -2 -3  6 -3 -4 -4 -2 -3 -4 -3  0 -2 -3 -4 -4 0 1 0 1 0.18
-1  0  0  2 -4  0  3  3 -1 -4 -4  2 -3 -4 -2 -1 -1 -3 -3 -3 0 1 0 0 0.14
-2 -2 -4 -4 -2 -2 -3 -4 -3  0  3  0  0  0 -3 -3 -2  8  0 -1 0 1 0 0 0.12
-2 -2 -2 -2 -3  3  0  1 -1 -3 -2 -1 -2  1 -3 -2 -2  8  4 -3 0 1 0 0 0.10
-2  3 -3 -3 -2 -1 -2 -4 -2  3  1 -1  5  2 -3 -2 -1 -2 -1  0 0 1 0 0 0.10
-2 -4 -3 -4 -3 -3 -4  3 -3 -4 -3 -3 -3 -1 -4 -3 -3 11  0 -4 0 1 0 0 0.08
-2  1  0  6 -4 -1  0 -2 -2 -3 -3 -1 -3  1 -2 -1 -2 -3 -2 -3 0 1 0 0 0.06
 0 -2 -2 -2 -3 -2 -2  3 -2 -3 -3 -2 -3 -2  6  1  0 -3  1 -3 0 0 1 1 0.04
 1 -1 -2 -2 -2 -1 -2  0 -2  3  0  2  2 -1 -2 -1 -1 -3 -2  2 0 0 1 1 0.04
-2  2  2  4 -4  1  1 -2 -1 -4 -3  2 -2 -4 -2 -1 -1 -4 -3 -3 0 0 1 1 0.04
-2  1 -1 -1 -4  6  1 -3  0 -3 -3  2 -2 -2 -2 -1 -2 -2  2 -3 0 0 1 1 0.04
-1  3 -1 -2 -2  2  0 -2 -1 -1  1  2  0 -1 -2 -1 -1 -2  1 -1 0 1 0 1 0.04
-3 -3 -4 -4 -3 -3 -3 -3 -3 -2 -2 -3 -2  4 -4 -3 -3 11  1 -3 0 1 0 0 0.03
-1 -2  2 -1 -2 -1 -1 -2 -1 -2 -2 -1 -2  2  5  0  1 -2  1 -2 0 1 0 0 0.03
 0  3 -1 -1 -2  0  0 -2 -1 -3 -2  2 -2 -3  3  2  0 -3 -2 -2 0 1 0 0 0.03
 0  0  3 -1 -3  0 -1  1  6 -3 -3 -1 -2 -2 -2  1 -1 -3  0 -3 0 1 0 0 0.03
-2 -2  2 -2 -3 -1 -2 -3  3 -2 -2 -2 -2  2 -3 -2 -2  1  7 -2 0 1 0 0 0.03
-2 -3 -3 -4  9 -3 -3 -3 -2 -1 -2 -3 -2 -1 -3 -2 -2 -2  3  2 0 1 0 0 0.03
 1 -2 -2 -2 -2 -1  2 -2 -2  0 -1 -1 -1  2 -2 -1 -1 -2 -1  3 0 1 0 0 0.05
-1 -2 -2 -1 -2 -1  3 -3 -2  3 -1 -2 -1 -2 -2 -2 -1 -3 -2  3 0 1 0 0 0.05
 0 -2 -2 -1 -3  0  4 -2 -2  1 -1 -1  2  1 -2  1 -1 -3 -2 -1 0 1 0 1 0.07
-2 -2  2  4 -4 -1  3 -3  3 -1 -2 -1  2 -3 -3 -1  0 -4 -2  0 0 0 1 1 0.08
 1 -2  1  0 -2 -2 -2 -2 -2  1 -1 -1  0 -2  2  1  0 -3  0  2 0 0 1 0 0.11
-1  1  1 -1 -2 -1 -1 -2 -2  0 -2  1 -2  0  3  2  1 -3 -2  0 0 1 0 0 0.15
-1  0  0 -2 -2 -1 -1  0 -2  1  0 -1  1 -2  2  2  2 -3 -2  0 0 1 0 0 0.21
 1 -2  2  1 -2  0  0  0 -2 -2 -3 -1 -2 -3  2  2  2 -4 -3  0 0 1 0 0 0.27
 3 -2  0  0 -2  0  0  0 -2 -2 -1 -2  0  1  2 -1  0 -2  2 -2 0 1 0 0 0.25
 1 -2  1 -1 -2  0  0  0 -2 -1  0  0 -1 -1  0  3  0 -3 -2  0 0 0 1 0 0.32
-1  2  1  1 -4  0  3 -3  2 -4 -4 -1 -3 -4  3  0  0 -4 -3 -3 0 0 1 0 0.35
 0 -2  2  4 -4  0  3 -3 -2 -2 -4 -1 -3 -4  2  0 -2 -4 -3 -3 0 0 1 0 0.33
 0  0 -2  1 -2  1  0 -3 -2  1  1 -1  0 -2  1  0  0 -3 -2  1 0 0 1 0 0.30
-1  2  1  3 -4  1  3  0  2 -2 -3  0 -3 -4 -3 -1 -1 -4 -3 -3 0 0 1 1 0.33
-1  0  0  2 -3  4  2 -1  3 -3 -2  0 -2 -3 -2  0  0 -3  0 -3 0 0 1 1 0.33
 1 -1  1  0 -3  5  2  1  1 -4 -3  1 -2 -4 -2  0  0 -3 -3 -3 0 0 1 1 0.28
 1 -2 -1  2 -2 -1 -1 -2 -2  0  1  0  3 -2  1  1 -1 -3 -2  0 0 0 1 0 0.33
-1  0  0  2 -2 -1  1 -1 -2  0  0 -1  1 -2 -2  1  2 -3 -2 -1 0 0 1 1 0.34
-1 -2 -2  2 -4  0  5  0 -2 -4 -1  0 -3 -4 -3 -1  0 -4 -4 -3 0 0 1 1 0.31
-1 -2  5  4 -3 -1  1  0  2 -4 -4 -1 -3 -4 -2  0  0 -4 -3 -3 0 0 1 1 0.21
-1 -1  4 -1 -2 -1 -1 -2 -1 -2 -2  1  2 -3 -2  3  1 -3 -2 -1 0 0 1 1 0.14
 0 -1 -1 -1 -1 -1 -1 -1 -2  1  0 -1  0 -1  5 -1  0 -2 -1  2 0 0 1 1 0.10
-2 -3 -4 -5  5 -3 -4 -5 -4  0  5 -4  1 -1 -4 -3 -2 -3 -2  0 0 0 1 1 0.06
-1 -3 -1 -2 -3 -3 -3  6 -3 -5 -5 -2 -4 -4 -3  1 -2 -4 -4 -4 0 0 1 0 0.04
 0 -2  3  4 -3 -1  2 -2 -1 -3 -3 -1 -3 -4 -2  2  1 -4 -3 -3 0 1 0 0 0.04
-2 -2 -3 -3 -2 -2 -3 -3 -2  1  4 -2  3  2 -3 -2 -2 -1 -1  0 0 0 1 0 0.02
-1 -1 -2 -2  6  3  1 -3 -2 -1  2 -1  0 -2 -2 -1 -1 -2 -2 -1 0 0 1 0 0.02
-2  5 -1 -2 -4  1  0 -1  1 -4 -3  5 -2 -4 -2 -1 -2 -4 -3 -3 0 0 1 1 0.01
 0 -3 -1  2 -3 -2 -2  6 -3 -4 -4 -2 -4 -4 -3 -1 -2 -4 -4 -4 0 1 0 0 0.01
 0 -3 -2  0  1 -2 -2  1 -3  2  0 -2 -1  2 -2  0  0 -2 -1  2 0 1 0 1 0.01
-2 -3 -4 -4 -2 -3 -4 -4 -4  4  3 -3  2  0 -3 -3 -1 -3 -2  3 0 1 0 0 0.01
-2 -2  1  6 -4 -1  2 -2 -2 -3 -4 -1 -3 -4 -2  1 -1 -5 -4 -2 0 1 0 1 0.01
-1 -3 -4 -4 -2 -3 -3 -4 -4  3  2 -3  1 -1  3 -2 -1 -3 -2  3 1 0 0 0 0.01
 0  0  2  0 -2  1  2  0  0 -3 -3  1 -2 -3  3  2  1 -3 -2 -2 1 0 0 1 0.01
 1  0  2 -1 -2 -1 -1  2 -1 -3 -3  1 -1 -3 -2  3  2 -3 -2 -2 1 0 0 1 0.02
-2 -4 -4 -4  8 -3 -4 -4 -2 -2 -1 -4 -2 -1 -4 -1 -2  6  4 -2 0 1 0 0 0.02
 0  2  3 -1  0  2  1 -2  4 -3 -3  0 -2 -3 -2  0  0 -3 -2 -3 0 1 0 1 0.02
-2 -3 -4 -4 -2 -3 -4 -4 -4  4  2 -3  0 -1 -3 -3 -1 -3 -2  4 0 1 0 0 0.02
 0  0 -2  1 -2  1  1  1 -2  0  0 -1 -1 -2 -2 -1 -1 -3 -2  3 0 1 0 1 0.02
-2  1  3 -1 -3 -1  1 -3 -2  1 -1  2  1 -3  0  0  0 -4 -2  1 0 1 0 1 0.03
-1  1 -2 -3 -2  0 -1 -3  2  1  2 -1  3 -1 -3  1 -1  2 -2  0 0 0 1 0 0.03
-1  1 -3 -3 -3 -2 -2 -3 -3 -2  0  2 -2 -3  6 -2  0 -4 -3 -2 0 0 1 1 0.04
 1 -1  2  2 -2  2  2  1  0 -3 -2  0 -2 -3 -1  1 -1 -3 -2 -2 0 0 1 1 0.05
 1 -3 -2 -2 -3 -2 -3  6 -3 -3 -3 -2 -3 -4  1  0 -2 -3 -3  0 0 0 1 0 0.05
-2  5 -2 -2 -5  0 -1 -3 -2 -4 -4  6 -3 -1 -3 -2 -2 -4 -3 -4 0 1 0 1 0.04
-1 -2  4 -1 -3 -1 -2  3  2 -4 -4 -2 -3 -2 -3  1  0 -3  1 -3 0 0 1 1 0.04
-1  0  2  2 -3  1  0  3  1 -4 -3  0 -3 -3 -2  1  0 -4 -3 -3 0 0 1 1 0.03
-2  4 -1 -2 -4  4  0 -3  1 -4 -3  4 -2 -4 -3 -1  0 -4 -3 -3 0 1 0 1 0.02
 0  2 -1 -2 -3  1  0 -3  1 -3 -1  0 -1 -3  5 -1 -2 -4 -2 -2 0 0 1 1 0.02
-3 -3  0 -3 -4 -3 -3 -4  5 -2 -1 -3 -2  6 -4 -3 -3  3  4 -1 0 1 0 0 0.02
 1 -4 -4 -4 -2 -3 -4 -4 -4  2  0 -3 -1 -2 -3 -2 -1 -4 -3  5 0 1 0 0 0.01
-3 -4 -5 -5 -4 -4 -4 -5 -3 -1  1 -4 -1  7  0 -4 -3 -1  1  0 0 1 0 0 0.02
 0  3 -1 -2 -2 -1 -1 -2 -2  1 -2  1 -2 -3 -2  2  3 -4 -3 -1 0 1 0 0 0.02
-2 -4 -4 -4 -2 -3 -4 -4 -4  5  3 -3  0 -1 -4 -1 -1 -3 -2  2 0 1 0 0 0.02
-1  0 -1  0  2  3  2 -2  2  0 -1 -1  0 -2 -2  2  0 -3 -2  0 0 1 0 1 0.02
-1  0  1  2 -3 -1 -1 -1  1 -2 -1 -1  2 -2  3  2 -1 -3  0 -2 0 1 0 1 0.03
 0  0  0 -2 -3  1 -1 -2 -2 -2  0  3 -1 -3  3  1  0 -3 -3 -1 0 0 1 1 0.03
 0 -1  3  0 -3  2  1  0  0 -3 -2  1 -2 -3 -1  2  1 -4 -2 -2 0 0 1 1 0.04
-1  0  2  1 -3  3  0  0  2 -2 -1 -1  1 -1  3 -1 -1 -3 -2 -1 0 0 1 1 0.05
 0 -1  1  2 -3 -1  1  1 -2 -2 -2  0  0 -3  3  1  0 -3 -3 -2 0 0 1 1 0.05
-1  3  0  2 -3  1  1  0  3 -3 -3  0 -2 -3 -2  2  0 -3 -2 -2 0 0 1 1 0.04
-1 -1  1 -2 -2  2 -1 -1  0  0  0 -1 -1 -2  4 -1 -1  3  0  0 0 0 1 1 0.05
 1 -2  0 -2  0  2 -1 -2 -2 -1 -1 -1  0 -3  5  2  0 -4 -3 -1 0 0 1 1 0.05
-2 -3 -4 -4 -2 -3 -4 -4 -4  2  4 -3  2  3 -4 -3 -2 -2 -1  2 0 1 0 0 0.04
-3 -3  0  6 -5 -1  3 -3  2 -4 -5 -2 -4 -5 -3 -2 -2 -5 -4 -3 0 1 0 0 0.04
 0 -3 -4 -4 -2 -3 -4 -4 -4  2  2 -3  0  3 -4 -3 -2 -3 -1  4 0 1 0 0 0.04
 5 -3 -2 -3 -2 -2 -2  1 -3 -3 -3 -2 -2 -4 -2  1  0 -4 -3 -2 0 1 0 0 0.04
 5 -3 -3 -3 -2 -2 -2 -2 -3 -3 -3 -2 -2 -4 -2  0  2 -4 -3 -2 0 1 0 0 0.03
-2 -2  1  5 -4 -1  3 -1 -2 -4 -2 -1 -3 -4 -2  1  1 -4 -3 -3 0 0 1 1 0.04
-1  0  0  0 -2 -1 -1 -2 -2 -3 -3  0 -2 -4 -2  4  4 -4 -3 -2 0 0 1 0 0.03
 0  0 -2 -2 -3  3  1 -3  0  0  1  1  0 -2 -2 -1  0 -3 -2  1 1 0 0 0 0.02
-2 -2 -2  1 -5  0  7 -1 -2 -5 -5 -1 -4 -5 -3 -2 -3 -5 -4 -4 1 0 0 1 0.02
-2 -2 -1  4 -5  2  6 -3 -2 -5 -4  0 -4 -5 -3 -2 -2 -5 -4 -4 1 0 0 1 0.01
-1 -3 -4 -5 -2 -3 -4 -4 -4  0  5 -3  4  1 -4 -3 -2 -3 -2  1 1 0 0 0 0.01
-1 -1  0 -2 -3  1  0 -3  1 -1  0  0  1  4 -3  0  0 -1  1  0 1 0 0 0 0.01
-2  0  1  4 -4  0  4 -3  1 -4 -4  0 -3 -4 -2  1 -2 -4 -3 -2 1 0 0 1 0.01
-5 -5 -6 -7 -5 -4 -5 -5 -5 -5 -4 -5 -4 -1 -6 -5 -5 12  0 -5 1 0 0 0 0.01
-2 -3 -4 -4 -2 -1 -3 -4 -2  2  1 -3  3  1 -4 -3 -2 -1  4  3 1 0 0 0 0.01
-1  0  2  0 -3  3  0  0 -1 -2 -2  3 -2 -2 -2 -1  0 -3 -2  0 1 0 0 1 0.02
 0  0  2 -2  2 -1 -1 -2  1 -2 -3  4 -2 -3 -2  2  0 -4 -3  0 1 0 0 1 0.03
 0 -4 -4 -4 -2 -4 -4 -2 -4  6  1 -4  0 -2 -4 -3 -2 -4 -3  1 1 0 0 0 0.04
-3  6  1 -2 -4  3  0 -3 -2 -4 -4  1 -3 -3 -3 -2 -2  6 -2 -4 1 0 0 0 0.07
 0  0  0  3 -4  1  5 -3 -2 -4 -4 -1 -3 -4 -2 -1 -1 -4 -3 -3 1 0 0 1 0.12
 3 -3 -3 -3  2 -3 -3 -2 -3  3 -1 -2 -1 -2 -3 -1  1 -4 -3  2 1 0 0 1 0.18
 3 -2 -2 -2 -2 -2 -1 -2 -3  1 -2 -2 -1 -3 -2  1  4 -4 -3  1 1 0 0 0 0.15
-1 -1  0  0 -4  5  1 -3 -1 -2 -1  1  2 -3 -3 -2 -2  5 -2 -1 0 0 1 1 0.29
-2  2  2 -1 -3  1  0 -2 -1 -3 -2  3 -2 -3 -2  0  3  2 -2 -2 0 0 1 1 0.39
 4 -2  0 -2 -2 -1 -1 -1  1 -1 -1  0  0 -3 -2  1 -1 -4 -2  0 0 0 1 1 0.48
 0 -1  1  4 -4  1  3 -1  2 -1 -3  0 -3 -4 -2 -1 -1 -4 -3 -3 0 0 1 1 0.51
 4 -2  0 -2 -2 -1  0 -1 -2 -2 -2  0 -2 -3 -2  2  1 -4 -3  0 0 0 1 1 0.64
-2  5 -1 -2 -4  2  1 -3 -1 -4 -3  4 -2 -4 -3 -2 -2 -4 -3 -4 0 0 1 1 0.78
