 5 -3 -2 -3 -2 -2 -2  0 -3 -3 -3 -2 -2 -4 -2  3 -1 -4 -3 -2 0 0 1 1 0.80
 2 -1  1  1 -2  2  1 -2 -2 -1 -2 -1  0 -1 -2  1  1 -3 -2  1 0 0 1 1 0.73
 3 -2  3  1 -2  1 -1 -1 -2 -3 -3  0  0 -2 -2  2  0 -4 -3 -2 0 0 1 1 0.55
 1 -1 -1  1 -2  0  0 -1 -1 -1 -1  0 -1  1  0 -1  1 -1  3  0 0 0 1 1 0.45
-1  0 -1  0 -3  4  2 -2  0  0 -2  2 -2 -3 -1  0  0 -4 -3  0 0 0 1 1 0.42
 1  0 -1 -1 -3 -1  0 -1 -2 -3 -2  2 -2 -1  5  0  0 -4 -3 -2 0 0 1 1 0.32
 1  1 -2 -3 -2  1  0 -3 -1  0  3  1  0 -2 -2 -1 -1 -3 -2  0 1 0 0 0 0.23
-1 -1 -1  4 -4  1  4 -2 -2 -3 -2  1 -3 -1  0 -1 -1 -4 -3 -3 1 0 0 1 0.22
 0 -1  1  4 -3  0  2 -2 -2 -3 -3  3 -3 -4 -1  1 -1 -4 -3 -2 1 0 0 1 0.18
-1 -3 -3 -4 -2 -3 -3 -4 -3  3  2 -2  2  0 -3 -1  1 -2  1  2 0 0 1 1 0.13
 4 -1 -2 -1 -3 -1  1 -1 -2 -3 -3  3 -2 -4 -2  2 -1 -4 -3 -2 0 0 1 0 0.11
 0 -4 -1 -3 -4 -3 -3 -1 -4  1 -2 -3  5 -3  6 -2 -2 -4 -4 -1 0 0 1 1 0.08
-4 -4 -5 -5 -5 -4 -5 -5 -1 -3 -1 -4 -3  6 -5 -4 -4  2  8 -3 0 0 1 0 0.05
-3 -5 -5 -4 -5 -4 -4 -5 -5 -5 -3 -4 -5 -6  8 -3 -4 -6 -6 -5 0 0 1 1 0.03
 2 -1 -2 -2 -3  2  2 -2 -1 -3 -3  3 -2 -4  0  0  0 -4 -3 -1 0 0 1 1 0.02
 4 -4 -4 -4 -3 -3 -3 -3 -4 -4 -4 -3  1 -5  6 -2 -2 -5 -4 -3 0 0 1 1 0.02
 1  0 -1  0 -4  1  4  0 -2 -4 -3  2 -3 -4 -1  0  1 -4 -3 -3 0 0 1 1 0.01
 1 -1  2  1 -3  1  2 -1 -2 -3 -3  3 -2 -4  2  1 -1 -4 -3 -2 0 0 1 1 0.01
-2 -2  1  1  0 -2 -3  6 -3 -5 -5 -3 -4 -5 -4 -1 -2 -4 -4 -5 0 0 1 1 0.01
-3 -2 -3 -3 -4  5  0 -4 -2 -2  0 -2  7  0 -4 -2 -2  2  3 -2 0 1 0 0 0.01
-1  0 -1 -2 -3  1  1 -3 -1  0 -2  4 -2 -3 -2  0  2 -4 -1  1 0 1 0 0 0.01
-3  6 -2 -3  2  4 -2 -4  1 -4 -4  1  0 -5 -4 -3 -3 -4 -3 -2 0 1 0 0 0.01
-1 -2 -1 -3  3  3 -1 -4  6 -1 -1 -1  1 -1 -3 -2 -1  3  3  1 0 1 0 0 0.01
-2 -4 -5 -2 -3 -4 -4 -5 -5  4  0 -4 -1 -3 -4 -2 -2 -5 -1  6 0 1 0 0 0.01
-3 -5 -5 -5 -3 -5 -5 -6 -5  6  2 -5  1  2 -5 -4 -3 -4 -1  1 0 1 0 0 0.01
 0 -1 -1  0 -3  2  2 -3  3 -2 -2  0 -2  2 -3 -1  1 -2  2 -1 0 0 1 1 0.01
-3 -4 -5 -5 -3 -4 -5 -6 -5  0  5 -4  0 -2 -1 -4 -3 -4 -3  2 0 0 1 0 0.01
 0 -1 -3  2 -5 -2  1 -4 -3 -4 -3 -1 -4 -5  7 -2 -1 -5 -5 -4 0 0 1 1 0.01
 1 -1 -2 -2 -4  1  0 -3  2 -3 -3  3 -1 -4  5  0  0 -4 -1 -2 0 0 1 1 0.01
 0  0 -2 -2 -3  3  1 -3 -1 -1  1  3  1 -3 -3  1  0 -3 -3 -1 0 0 1 1 0.01
 0 -1  0  2 -3  2  3  0 -2 -3 -4  1 -3 -4  1  1 -1  2 -3 -2 0 0 1 1 0.02
-2 -2  5  5 -5  0  1 -3  1 -4 -2  0 -4 -4 -3 -2 -2 -5 -2 -4 0 0 1 1 0.02
-2 -2 -1  3 -5  1  6 -4  2 -5 -5 -1 -4 -5 -1 -2 -3 -5 -4 -4 1 0 0 0 0.02
 1 -1  2  3 -3  1  2  0  1 -4 -4  0 -3 -3 -2  2 -1 -4  0 -3 1 0 0 1 0.02
-1  0  3  4 -4  1  1 -2  1 -4 -2  0 -3 -4 -3  0  0 -4 -3 -3 1 0 0 0 0.02
-1  0 -2 -3  0 -1 -2 -3  0 -1  1  1  0  2 -3 -2 -1  3  5 -1 0 1 0 0 0.02
-2  3 -1 -2 -3  1 -1 -3 -2 -1  0  3  3  1 -3  0 -1 -3 -1 -2 0 1 0 0 0.01
-1 -3 -4 -4 -2 -3 -4 -4 -4  3  3 -3  1 -1 -3 -3 -1 -3 -2  4 0 1 0 0 0.01
-2 -1 -1  0 -5  4  6 -3 -1 -4 -4  1 -3 -4 -2 -1 -2 -4 -3 -4 0 1 0 0 0.01
-1 -3 -3 -4 -2 -2 -3 -4 -3  2  2 -3  3  3 -3 -2 -1 -1  0  2 0 1 0 0 0.01
-1  1 -2 -2 -3  3  0 -3 -2  2  0  0  1  1 -3 -1  1 -3 -1  0 0 1 0 0 0.01
 1 -4 -4 -4 -3 -3 -4 -4 -4  4 -1 -3 -1  1  5 -3 -2 -4 -2  3 0 1 0 0 0.01
-2 -4 -3 -3 -5 -4 -2  7 -4 -6 -6 -4 -5 -5 -4 -2  0 -5 -5 -5 0 1 0 0 0.01
-2  4 -2 -3 -5  3 -1 -4 -2 -4 -2  5  1 -4 -3 -2 -3 -4  0 -4 0 1 0 0 0.01
-1 -2  2  0 -3 -2  1 -3  1 -1 -2 -1  0 -3 -3  0  4  2 -2  2 0 1 0 1 0.01
 0 -2 -3 -3 -3  0  0 -4 -1  2  2  0  5 -2 -3 -2  0 -3 -2  1 0 1 0 1 0.01
-1  0  1  0 -4  0  4 -3 -2 -2 -1  2  4 -3  0 -1 -1 -4 -3 -2 0 1 0 1 0.01
-1 -3 -3  2  3  0 -3 -4 -4  0 -1 -2  1 -3 -4 -2  1 -4 -3  5 0 1 0 0 0.01
-4 -4  0  7 -6 -3 -1  0 -4 -6 -6 -3 -5 -6 -4  1 -3 -6 -5 -5 0 0 1 0 0.01
 1 -2 -4 -3 10 -4 -5  1 -5 -3 -1 -3 -3 -5 -5 -2 -3 -5 -5 -2 0 0 1 1 0.01
 0 -1  7 -2  1 -2 -3 -3 -2 -5 -5 -1 -4 -5 -4  1 -2 -6 -4 -5 0 0 1 0 0.01
-1  3  1 -2 -3  1 -1 -2  4 -1 -1  1 -2 -1  0  0  0 -3 -2  0 0 0 1 1 0.01
-2 -1 -2 -3  0  2 -2  0  6 -1 -3 -2 -1  1 -2 -1 -1 -2  5  0 0 1 0 0 0.01
-2  2 -2 -3  1  0 -2  0 -3 -3 -3  0  1  3 -4  1  1  7 -1 -3 0 1 0 0 0.01
-3 -4 -4 -1 -3 -4 -4 -3 -4  1  4 -4  1  5 -5 -4 -3 -2 -1  1 0 1 0 0 0.01
 1 -2  0 -2  1 -2 -3  4 -2 -2 -2 -2  1  0  1  2  1 -4 -3 -2 0 1 0 0 0.01
 0 -5 -3 -4 -5 -4 -5  7 -5 -6 -6 -4 -5 -6 -5 -3 -4 -5 -6 -5 0 1 0 0 0.01
-1  1  1  1 -3  1  2 -2 -2 -2 -3  2 -2 -4 -2  1  1 -4 -3  0 0 1 0 1 0.01
-3 -4 -5 -5 -3 -4 -4 -5 -5  3  4 -4  1  0 -4 -4 -2  1 -2  3 0 1 0 0 0.01
-2  2 -2  1 -4  2  5 -3  1 -4 -3  1 -3 -4 -3  0  1 -4 -3 -2 0 1 0 1 0.01
-1  0 -1 -1 -4  3  5 -3  1 -4 -4  1 -3 -4 -1  0  2 -4 -3 -3 0 1 0 1 0.01
-2  1 -1  0 -5  1  3 -3  4 -2 -2  5 -3 -4 -3 -1 -2 -4 -3 -3 0 1 0 1 0.01
-1 -3  1  1 -3 -2 -1 -3 -3 -1 -3 -1 -2 -4 -1  1  5 -4 -3  0 0 1 0 1 0.01
-2 -4 -5 -2 -3 -4 -4 -5 -4  3  4 -4  0 -2 -4 -4 -2 -4 -3  3 0 1 0 0 0.01
-1 -1 -1  1 -4  4  4 -3  1 -4 -2  2 -2 -3  1  0 -1 -4  0 -3 0 0 1 1 0.01
-2 -4 -2 -3 -4 -3  0  6 -4 -6 -6 -3 -5 -5  0 -1 -3 -5 -5 -5 0 0 1 0 0.00
-5 -5 -6 -6 -5 -5 -5 -5 -5 -5 -2 -5 -4  0 -6 -3 -1 12  2 -5 0 0 1 0 0.00
-2  0  0 -3 -5 -3 -4  7 -4 -6 -6 -3 -5 -5 -4 -2 -3 -5 -5 -5 0 0 1 0 0.00
-1 -4 -4 -5  1 -4 -4 -5 -1  0 -3 -4 -3  3 -5 -4 -4  0  9 -3 0 1 0 0 0.00
-2 -1  3  3 -3 -1  0 -2  0 -3 -4 -1 -3 -4  4  2  1 -5 -3 -2 0 1 0 1 0.00
-4 -1 -4 -5  0 -4 -4 -5 -1 -4 -3 -2 -3  3 -5 -4 -4  0  9 -3 0 1 0 0 0.01
-4 -4 -5 -6 -5 -4 -5 -5 -1 -3  0 -4 -3  3 -5 -4 -4  0  9 -3 0 1 0 0 0.01
-2  1 -3 -3 -3  1  0 -4  1  2  0  0  1 -2 -3 -2  0 -4 -2  4 0 1 0 0 0.01
-1 -4 -4 -4 -2 -3 -4 -4 -3  2  2 -3  2  3 -4 -3 -2 -2  1  4 0 1 0 0 0.02
-1 -1  1  5 -4  0  2 -1 -2 -4 -4  0 -3 -4  1  1  0 -4 -3 -3 0 1 0 1 0.04
-1  1  1  2 -3  2  1 -2 -1 -3 -1  4 -2 -3 -2  1 -1 -3 -3 -3 0 1 0 1 0.09
 0 -3 -2 -3 -2 -3 -3 -3 -3  3  1 -2  1 -1 -3 -2 -1 -3 -2  4 0 1 0 1 0.14
 0 -1  1 -1 -2 -1 -1  2 -1 -2 -2  2  0 -3 -2  3  2 -3 -2 -2 0 0 1 0 0.26
 0 -2  0  2 -3  1  1  4 -2 -4 -4 -1 -3 -4  0  0 -2 -4 -3 -3 0 0 1 1 0.34
 1 -3 -3 -3 -3 -3 -2 -2 -3 -3 -4 -2 -3 -4  7 -1  0 -5 -4 -1 0 0 1 0 0.45
 2 -3 -3 -3 -2 -2 -3 -3 -3  2  0 -2  4  0 -3 -1  0 -3 -2  3 0 1 0 0 0.51
 2 -2 -1 -1 -2  0 -1 -1 -2 -3 -3 -1 -2 -3 -2  5  1 -4 -3 -2 0 0 1 1 0.53
-1 -2 -2 -2 -3 -1 -1 -2 -2 -3 -3 -1 -3 -4  8 -1 -1 -4 -3 -2 0 0 1 1 0.61
-2 -2  1  6 -4  0  2 -1 -1 -3 -4 -1 -3 -4 -2  0 -1 -4 -3 -3 0 0 1 1 0.71
