 4 -3 -2 -3 -3 -3 -3  5 -3 -4 -4 -2 -3 -4 -3 -1 -2 -4 -4 -3 0 0 1 1 0.86
 4 -3 -3 -3  2 -1 -1 -2 -3 -2 -3 -1 -3 -4 -3  2  1 -4 -4  0 0 0 1 1 0.77
 2 -1 -2  0 -3  1  1  1 -1 -2 -3  2 -2 -4 -1  1  1 -4 -3 -1 0 0 1 1 0.69
 2 -1  1  1 -3 -1  0  0 -2 -1 -3  0 -2 -4  2  1  0 -4 -3  0 0 0 1 1 0.54
 1 -3 -1 -3 -3 -2 -3  1 -3 -2 -2 -1 -2 -3  4  1  3 -4  1 -1 0 0 1 1 0.35
 2 -3  0 -3 -4 -2 -1  3 -3 -3 -4  1 -4 -5  4  2  1 -5 -4 -2 0 0 1 1 0.18
 1 -4  0 -1 -5 -2 -1  6 -4 -5 -6 -2 -5 -6 -2 -1 -2 -5 -5 -2 0 0 1 1 0.09
-5 -5 -6 -6 -5 -5 -6 -6 -4 -1  3 -5  0  6 -6 -2 -3  2  5 -1 0 1 0 0 0.08
-1  3  1 -2 -4  2  2 -1 -2 -1 -1  1 -2 -3 -3  0  1 -4 -3 -1 0 1 0 1 0.04
 1  3 -2 -1 -3 -1  0 -1 -2 -2 -2  0  0 -4  3  1  0 -4 -3  0 0 1 0 1 0.03
-4 -5 -1 -5  3 -1 -5 -3 -2 -3 -2 -5 -3  5 -5 -4 -2  0  7  0 0 1 0 0 0.03
 0 -1 -1 -1 -2  1  0 -3 -2  1  0 -1 -1 -2 -2  0  2 -3  0  2 0 1 0 1 0.02
-3 -4  1  7 -5 -1  0 -1 -4 -5 -5 -3 -5 -5 -4  1 -3 -6 -3 -5 0 1 0 0 0.01
 1 -1  1  0 -4  0  1 -1 -3 -3 -3  1 -3 -2  3  1  1 -4 -2 -2 0 0 1 1 0.01
 0  0  0  2 -3  0  1  1 -2  0 -1  1 -2  0 -1  0  0 -3 -1  0 0 0 1 1 0.01
-3 -1  3  5 -5  1  2  0 -1 -5 -2  0 -4 -5 -4 -1 -3 -5 -4 -5 0 0 1 1 0.01
 0  1 -3 -2 -5 -4 -3  6 -4 -4 -5  1 -5 -4  1 -1 -3 -5 -5 -5 0 0 1 1 0.01
-3 -6 -6 -6  0 -5 -6 -6 -3 -4 -4 -6 -4  6 -6 -5 -5  1  8 -2 0 1 0 0 0.01
 1  0 -1 -3 -4  1  2 -2 -2 -3 -4  1 -3 -5 -3  4  2 -5 -4 -2 0 1 0 1 0.01
-5 -5 -6 -6 -5 -5 -6 -6 -4  2  2 -5 -1  7 -5 -5 -4 -3  4  0 0 1 0 0 0.01
 0 -1 -2  1 -2  0  1 -3 -3  1  2  0  0 -1 -3  0 -1 -3 -1  0 0 1 0 0 0.01
-3 -1 -5 -6 -2 -4 -5 -6 -2  2  0 -2 -2  0 -3 -4 -3  1  7  3 0 1 0 0 0.01
-5 -4 -4 -6 -7 -6 -6 -7 -7 -5 -7 -5 -7 -8  9 -3 -6 -8 -3 -7 0 1 0 0 0.01
 1 -1  0  0 -2  1  1 -1 -2 -2 -2  0 -1  0  1  2  0 -4 -3 -1 0 0 1 1 0.01
-2 -2  1  2 -5 -1 -1  4 -2 -5 -3  2 -4 -5 -4  1  0 -5 -5 -4 0 0 1 1 0.01
-6 -8 -9 -9 -7 -7 -4 -8 -7 -7 -7 -8 -3  0 -9 -8 -7 13  2 -8 0 1 0 0 0.01
-1  0  2 -1 -3  2  1 -4 -3  1 -1  2 -2 -3 -2 -1  1 -4 -3  2 0 1 0 1 0.01
 0  2 -3 -1 -5  2  4 -1 -2 -4 -3  1 -3 -3  3 -2 -2 -5 -2 -2 0 1 0 1 0.01
 0  1 -1  2 -3 -1 -1 -1 -3  0 -1  0 -2  1 -3  1 -1 -4 -2  3 0 1 0 0 0.02
 0  2  0  2 -4  2  2 -2 -2 -2 -2  2 -2 -3  1  0  0 -4 -2 -2 0 1 0 1 0.02
-1 -1 -2 -3 -3 -1  0  2 -4  0 -2  0 -1  0  0 -1  1 -4 -3  4 0 0 1 1 0.02
 1  1  0  0 -4  0  2 -2 -3 -3 -3  1 -2 -3  1  3  1 -4 -4 -3 0 0 1 1 0.03
 0 -1  2  1 -4 -1  1  3 -1 -3 -3 -1 -3  0  1 -1  0 -3  1 -2 0 0 1 1 0.03
 0 -1  0 -2 -4  0 -1  4 -3 -3 -3 -1 -3  0  2  0 -2  3 -3 -4 0 0 1 1 0.03
 1 -1 -1 -1 -3  0 -2  1  1 -1 -2 -2 -2 -2  3 -1  2 -4 -1  2 0 0 1 0 0.03
-1 -1  0  6 -5  2  2 -2 -3 -3 -4 -2 -4 -4 -3 -2  1 -1 -2 -2 0 1 0 1 0.03
 2 -4 -4 -4 -1 -4 -4 -2 -4  3  0 -1  0 -2 -3  1 -1 -5 -4  4 0 1 0 0 0.03
 1  1 -1  0 -3 -1  0 -4 -3  0  1  0  0  2 -4 -1 -2 -1  0  2 0 1 0 0 0.02
-3 -6 -6 -4 -6 -2 -6 -2 -2 -2  0 -6 -2  7 -6 -4 -5  1  5 -2 0 1 0 0 0.02
-2  3 -2 -1 -4  1  2 -1  4 -2 -3  2 -3 -1  0 -1 -1 -3  2  0 0 0 1 1 0.03
-3 -1  2  6 -6 -2  0 -3 -4 -4 -5 -1 -5 -1  2 -1 -3 -6 -3 -5 0 0 1 1 0.03
-1  0  2 -2 -4 -1  0  0 -3  0  0 -2 -2 -2  5  0 -2 -4 -1  0 0 0 1 1 0.04
 0  0  0 -1 -3 -1  0  0 -2  2 -1 -1 -1  3 -2  1  0 -2  1  1 0 0 1 1 0.04
-1 -1  2  4 -4  0  3 -3 -1 -3 -3  1 -2 -3 -3  0  0 -5 -3 -1 0 0 1 1 0.04
 1  1 -1 -2 -3  0  0  2 -1 -2 -1  1 -1 -2  2  1  0 -4 -3 -2 0 0 1 1 0.05
 0 -1  1  2 -3  0  1  1 -2 -1  0 -1 -2 -2 -1  0  1 -3 -2  0 0 0 1 1 0.05
-1  0  1  0 -4  1  4  0 -1 -1 -2 -1 -3 -2 -2  1  0 -4 -2 -1 0 0 1 1 0.04
-2  2  6 -1 -1  0 -2 -2 -3 -3 -3  1 -3 -3 -4  1  2 -5 -4 -1 0 1 0 0 0.05
-1 -4 -5 -5 -4 -4  0 -5 -5  2  3 -2  1 -1 -5 -4 -2 -5 -3  5 0 1 0 0 0.04
 1  0  0 -3  1  0 -2  0 -3 -3 -2 -1 -1  1 -4  4 -1 -4  1 -2 0 1 0 0 0.05
-2 -5 -6 -6 -4 -5 -6 -6 -6  2  2 -3  0 -4 -6 -5 -2 -6 -1  6 0 1 0 0 0.05
-1 -2  1 -2  0  0  0 -3 -1  2  0 -2  1  0 -3  0  1 -1 -1  3 0 1 0 0 0.05
-1 -1 -2 -3 -1 -4 -3 -5 -1  4  0 -2  1  1 -4 -2 -1 -4 -2  4 0 1 0 0 0.07
 1  0  1 -1 -3  0  0  0 -2 -1 -2  0 -2 -2 -1  3  2 -4 -1 -1 0 1 0 0 0.12
-2 -1 -1  0 -4  0  0 -2 -4  0 -3  1 -4 -3  5  1  0 -5 -4 -2 0 0 1 1 0.12
 0 -2  0 -1 -1 -3 -2 -2 -3  1  0 -2 -1  0  3 -1  0  1  0  3 0 0 1 0 0.09
-1 -1  1  0  0  0 -1  1 -2 -2 -1 -1 -1 -2  2  2  2 -1 -3 -1 0 0 1 1 0.10
 1  1 -1  1 -3  0  1  1 -2 -2 -3  1 -3 -4  2  1  0 -4 -3 -2 0 0 1 1 0.09
-1 -1  1  3 -3  0  1  1 -2 -2 -2  2 -1 -1 -2  1  0 -4 -1 -2 0 0 1 1 0.10
 0  0  0  0 -3  0  0 -1 -2 -1 -1  2 -2  1  0  0  0 -3  0  0 0 0 1 1 0.10
 0  0  0  2 -3  1  0 -1 -2 -1 -2  1 -2 -1 -2  2  2 -3  0 -2 0 1 0 1 0.09
-1 -2 -4 -4 -3 -3 -3 -3 -4  4  3 -1  1  0 -2 -2 -1 -3 -2  2 0 1 0 0 0.10
 0  1 -1  0 -3  1  3 -1  0 -1 -3  2 -2 -3 -2  0  1  2 -3 -1 1 0 0 1 0.07
 0  0  0  5 -4  1  2 -2 -2 -2 -4 -1 -3 -4  0  1  0 -4 -3 -2 1 0 0 1 0.06
-2 -2 -3 -3 -3  0 -3 -3 -2  1  3 -1  0  3 -1 -2 -1  1  2  0 0 0 1 0 0.05
 0 -2  0  0 -4 -3 -3  6 -3 -2 -4 -1 -4 -4 -3 -2 -3  1 -4 -2 0 0 1 1 0.03
 0 -1  1  1 -2  1  1  0 -2 -2 -1  1 -2 -2  1  1  1  4 -2 -2 0 0 1 1 0.03
 1 -2 -1 -1 -4 -2 -3 -4 -4 -1  0 -1  1 -4  6 -1 -1 -5 -4 -1 1 0 0 0 0.02
 0  0 -1  2 -4  1  4 -2 -1 -3 -3  1 -2 -4 -3 -1  0 -4  1 -2 1 0 0 1 0.02
 1  0  0  2 -4  2  4 -1 -1 -4 -3  1 -3 -1 -2 -1 -2  1 -2 -2 1 0 0 1 0.01
 2 -3 -3 -2  1 -1 -2 -2 -1  0  0 -3  0  2 -3  0  0  1 -1  4 1 0 0 0 0.01
 3 -3  0 -1  0 -3 -3  2 -3  1  1 -1  0  0 -3  0 -1 -4 -3 -1 1 0 0 0 0.01
 0 -1  0  2 -4  1  2 -2 -2 -2 -1  1 -1  1  2  0  0 -3  2 -2 1 0 0 1 0.02
 1  2  1  0  0  0 -1  0 -2 -1  0  1 -1 -1 -3  0  1  2 -1 -1 1 0 0 1 0.02
-2 -1 -4 -1 -4 -2 -4 -3 -4  0  4 -4  1  3  0 -4 -2  1  0  1 1 0 0 0 0.03
 0 -1 -3 -2  0  0 -2  1 -3  1  2 -2  0  0 -2 -1 -1 -3 -1  2 1 0 0 0 0.04
 0  1  1  0 -3  1  1  1 -2 -1 -1  2 -2 -1  2  0 -1 -3 -1 -1 1 0 0 1 0.07
 0  0  2  1 -3  2  1  1  0 -3 -2  1 -3 -1 -1  1 -1 -4 -2 -2 1 0 0 1 0.10
 1 -1 -2 -1 -2 -1  0 -2 -2  1  1 -1  1  0 -1  0  0  0  1  2 1 0 0 0 0.11
 0 -1 -1 -1 -2 -1 -1  0 -1  1  1 -1  0  0 -1 -1  1 -1  2  0 1 0 0 0 0.13
 3  1  0 -1 -3  0 -1  1 -1 -3 -2  1 -3 -4 -2 -1  2 -5 -4 -2 0 0 1 1 0.15
 1  0  0  1 -4  2  1 -2 -3 -2 -2  1 -3 -4  4  0  0 -4 -3 -2 0 0 1 1 0.17
-1  0  1  0 -4  1  0  0 -3 -3 -3  1 -2  0  4  1 -1 -1 -2 -2 0 0 1 1 0.19
-1  0  1  1 -3  2  2  1 -1 -1 -2  0  0 -2  0  0 -1 -3  1 -1 0 0 1 1 0.18
 0  0 -1 -1 -1 -1 -1  2 -3 -1 -2 -1 -2 -2  1  3  1 -1 -2  0 0 0 1 1 0.18
 0 -2  1  0 -1 -2 -2  4 -3 -2 -2 -2 -1 -2  1  0  1 -4  0 -1 0 0 1 1 0.18
 0  3 -1  1 -4  2 -1 -1 -2 -2 -1  2 -2  0 -1  0 -1 -4 -3 -2 0 0 1 1 0.21
 1  1  0  0 -3  0  2  0 -2 -1 -1  1 -1 -3 -1  0  1 -3 -1  0 0 1 0 1 0.24
 3 -2 -2  0 -3  0 -1 -1 -1  0 -2  0 -1 -1  1  1  1  0 -2  0 0 1 0 0 0.24
 0  0  1  1 -3  1  3  0 -1 -2 -1  1 -1 -2 -3  0  1 -4 -3 -1 0 1 0 1 0.33
-2 -2 -2 -4 -3 -1 -1 -3 -4  2  3 -2  1 -1 -4 -1  0 -4 -3  3 0 1 0 0 0.31
-1  1 -2 -2 -3 -1 -2 -4 -3  2  2  0 -1 -1 -4 -1 -1 -3  1  3 0 1 0 0 0.19
-1 -1  1  3 -3  0  1 -1 -3 -1 -2  0 -3 -4 -1  3  0 -4 -2  0 0 1 0 1 0.14
 3 -2 -1 -2 -1 -1 -1 -1 -3 -2 -1 -1  2 -2 -3  1  2 -4 -1  1 1 0 0 0 0.13
 1  0  0  1 -3  1  1  0  0 -2 -2  1 -2 -1 -1  2  0 -3 -1 -1 0 0 1 1 0.13
 1  1 -1  0 -3  0  3 -2 -1 -2 -2  1 -1 -2 -1  2  1 -4 -3  0 1 0 0 1 0.13
-1  5 -1 -2 -5  1  1 -2 -1 -2 -1  2 -2 -1  0 -1 -1 -5 -2 -1 0 0 1 1 0.13
-1  1 -1  2 -4  0  3 -1 -3 -1 -3  1 -1 -4 -2  0  1 -4 -4  1 0 0 1 1 0.13
 0  0 -1  1 -1  0  1  0  0  1 -1  0 -1 -2 -1  0  0 -3 -1  1 0 0 1 1 0.11
-1 -2  2  5 -3 -2  1  3 -1 -5 -4  0 -4 -5 -2  0 -2 -5 -3 -5 0 0 1 1 0.09
-2 -3  1  2 -5 -3 -3  6 -3 -4 -5 -3 -5 -3 -3  0 -3 -5 -3 -4 0 0 1 1 0.08
-1  3 -2 -2 -4  2  0 -1  2 -1 -1  3 -2 -3 -2 -2  0 -4 -1  0 0 0 1 1 0.05
-1 -1  1 -1 -3  1 -1 -1 -1 -1  0  1 -1 -4  2 -1  4 -4 -3  0 0 1 0 1 0.03
-1 -5 -4 -3 -2 -4 -3 -1 -3 -3 -2 -5 -4  3 -5 -3 -3 -2  8 -1 0 1 0 0 0.02
-3 -3 -6 -7 -7 -6 -6 -4 -1 -4 -5 -6 -5  0 -2 -4 -3  3 10 -4 0 1 0 0 0.01
-2 -1  0  2 -3  2  2 -3 -1 -1 -1  1 -2  1 -3 -1  1 -1  3 -1 0 1 0 0 0.01
-2 -3 -5 -5 -4 -3 -5 -5 -2  2  3 -4 -1  4 -5 -3 -3  1  5  1 0 1 0 0 0.01
-3 -3 -4 -1 -6 -1  7 -5 -4 -6 -6 -3 -5 -6 -5  0 -1 -6 -5 -2 0 1 0 0 0.01
-4 -3 -4 -3 -4 -4 -4 -4  1 -2  0 -4 -2  4 -4 -4  0  0  8  0 0 1 0 0 0.01
 0  1  0 -1 -1  0  0 -2 -2  1  0  0 -1 -2 -1  0  2 -2 -2  2 0 1 0 0 0.01
 0 -3 -3 -3 -2 -1 -3 -2 -3  2  3 -2  0  0 -3 -1  0 -3  0  3 0 1 0 0 0.02
 0  0  0  0 -2  1  0  0  1  0 -1  0 -1  0  1  0  0 -2  1  0 0 1 0 1 0.03
 1  1  0  0 -3 -2 -2  1 -3 -1  0  0 -2  0  0  2  1 -3  0 -1 0 0 1 0 0.04
 0 -1 -1 -1  0  0 -1  0  0 -1 -1 -1  0 -1  4  0  1 -3  0 -1 0 0 1 1 0.05
 1 -1  2  0 -2 -1 -1  2 -1 -1 -1  0 -2 -2  1  0  1 -2  0 -1 0 0 1 1 0.06
 1  0  1  2  0  0  1  1 -1 -1 -2  0 -1 -2  0  0  0 -2  0 -1 0 0 1 1 0.08
 0  1  0  0 -2  1  0  2 -1 -1 -1  0 -1 -1  0  1  0 -2 -1 -1 0 0 1 1 0.08
 0  1  1  1  0  0  0  0 -1 -1 -1  0 -1 -1  1  0  2 -2 -1 -1 0 0 1 1 0.08
 0  0  0  1 -2  0  2  0 -1 -1 -1  0 -1  0  0  0  0 -2  0  0 0 0 1 1 0.07
-1  1  0  1 -3  0  2  3 -2 -2 -2 -1 -2 -2 -1  1  0 -3 -2 -2 0 0 1 1 0.06
 0  0 -1 -2 -3  2  0  3 -1 -2 -2 -1 -2  1 -1  0 -2  5  1 -1 0 0 1 0 0.04
 0  1  0  1  0  1  1 -1 -1 -1 -1  0  1  1  1  0  0 -2  1 -1 0 1 0 1 0.03
-2  7 -2 -3 -5  0 -2 -2 -3 -4 -2  3 -1 -4 -3 -3 -1  0 -3 -2 0 1 0 0 0.02
-2  3 -3 -4 -5 -1 -3 -4  9 -3 -3  0 -4 -4 -4 -3 -1 -4  0 -2 0 1 0 0 0.02
 1 -1  2 -1 -2  1  1 -1  1  0  0 -1 -1  0 -2  0 -1 -2  2  1 0 1 0 0 0.01
-2 -2 -4 -5 -3 -4 -4 -5 -4  2  4 -4  1  2 -4 -2 -2 -3  1  3 0 1 0 0 0.01
 2 -2 -1 -1 -1 -2 -1 -1 -3  2 -1 -2 -1 -1 -3  2  1  2 -1  1 0 1 0 0 0.01
 2  0 -2 -3  0 -1 -2 -1 -1  0 -1  0 -1 -3 -3  1  2 -4 -1  3 0 1 0 0 0.01
 2 -3 -3 -2  2 -3 -3 -1 -3  2  1 -3 -1  0 -3 -1  0 -3 -1  3 0 1 0 0 0.01
 2 -3 -2 -2  2 -3 -3  1 -3 -1 -2 -2 -2  0 -3  0  3 -1 -2  1 0 1 0 0 0.01
 1 -4 -4 -4  0 -3 -1 -2 -4  3  0 -2  0 -3 -1 -2  0 -1 -2  4 0 1 0 0 0.01
 1  2  1  1 -3  0  0  1  0 -2 -3  2 -2 -2 -3  1  0  0 -3 -2 0 1 0 1 0.01
-2  2  4  3 -5  0  1  2  1 -5 -4  0 -4 -5 -3  1 -1 -5 -3 -4 0 0 1 1 0.01
-1 -1  3  0 -5 -3 -3  6 -1 -6 -6  0 -5 -6 -5  0 -3 -6 -5 -5 0 0 1 1 0.01
-3  4  0 -1 -3  1 -2 -3  0 -4 -1  4 -2 -2 -4 -2  0 -1  0 -2 0 1 0 1 0.01
-1 -4 -5 -5 -2 -3 -2 -3 -5  1  5 -4  0  1 -5 -3 -1 -4 -1  2 0 1 0 0 0.01
-4 -6 -6 -7 -6 -5 -6 -7 -2 -1 -3 -6 -2  3 -7 -5 -5  3  9 -1 0 1 0 0 0.01
 0 -4 -2 -4 -1 -2 -1 -3 -4  2  1 -3 -1 -2 -4  1  5 -4 -1  0 0 1 0 0 0.01
-1 -4 -5 -5  2 -3 -5 -5 -1  2  4 -4  3  3 -5 -4 -2 -3 -1  1 0 1 0 0 0.01
 0  1  3 -1 -1 -2 -2 -1 -2 -1 -2  0 -2  0 -3  0  3 -4  0  0 0 1 0 0 0.01
 3 -4 -4 -4  1 -3 -4 -1 -4  1  1 -4  0 -2 -4 -2  0  0 -3  3 0 1 0 0 0.01
 0 -2  0 -2 -4  5 -1  0 -3 -4 -4 -1 -2 -5 -4  3  2 -5 -3 -2 0 1 0 1 0.01
 4 -4 -3 -4  4 -3 -2 -2  0 -2 -3 -3  0 -1 -3  1  2 -4  0  0 0 1 0 0 0.02
-1 -2  3 -1 -4 -2 -3  0 -3 -3 -2 -1 -3 -4  6  1 -1 -2 -3 -2 0 0 1 1 0.03
 0  0 -1  3 -5  0  5 -2 -2 -5 -5 -1 -4 -5 -1  0 -1 -5 -5 -4 1 0 0 1 0.03
 0  1  0  1 -4  0  2 -1 -2 -2 -2  3 -2 -3 -1  2  0 -4 -1 -2 1 0 0 1 0.04
-1  5 -1  1 -5  3  1 -4 -2 -2 -2  1 -3 -3 -1  0 -1 -5 -2 -1 1 0 0 1 0.06
-3 -4 -6 -4 -6 -5 -1 -2 -5 -6 -3 -5 -5  4 -5 -3 -4 11  3 -4 1 0 0 0 0.07
 0  1  1  2 -4  0  2  0 -2 -4 -3  1 -2  0  3  1 -1 -4 -3 -3 0 0 1 1 0.06
 0  3 -1  0 -4  1  2 -1 -1 -3 -3  4 -2 -5 -1 -1 -1 -5 -3 -2 0 0 1 1 0.06
 0 -1  0  1 -3  0  1  0  1 -1  0 -2  2 -1 -3  1 -1  0  1  1 0 0 1 0 0.06
 1  2 -1 -1 -4  2  3  2 -2 -4 -3  3 -2 -4 -2 -1 -2 -4 -2 -3 1 0 0 1 0.05
 1  0  1  2 -4  0  2 -1 -2 -3 -3  1 -1 -4  3  1 -1 -5 -4 -1 1 0 0 1 0.06
 0  1 -1  1 -1  0  0 -1 -1  0  1  2  1 -2 -2  0  0 -4 -2 -1 1 0 0 1 0.04
-3 -3 -4 -6 -2 -5 -6 -6 -5  2  5 -5  1  5 -6 -5 -4 -3  1 -1 1 0 0 0 0.03
-3  5  0  0 -6  1  3 -2  0 -4 -2  2 -2 -3 -4 -2 -2 -5 -1 -4 1 0 0 1 0.03
 1  3  0 -2 -1  2  1 -1  1 -2 -4  2 -2 -4 -3  1  1 -4 -3 -1 1 0 0 1 0.03
 1 -4 -5 -5 -1 -4 -4 -3 -5  4  0 -4  3 -3 -4 -1  1 -5 -4  4 1 0 0 0 0.03
 2 -1 -4 -4 -3 -2 -4 -3  0  2  1 -2  2 -1 -4 -1 -2  1 -2  3 1 0 0 0 0.02
 1  0  2  4 -4  0  2 -1  2 -3 -4  1 -4 -5 -3  1  0 -5 -3 -2 1 0 0 1 0.03
-3 -5 -2 -4 -5 -4 -4 -2 -2 -6 -6 -3 -5 -6 -5  7  1 -7 -6 -6 1 0 0 0 0.03
-6 -7 -7 -8 -6 -7 -7 -7 -5 -4  0 -7  0  9 -8 -6 -6 -3 -1 -5 0 0 1 0 0.03
-1  5  1  0 -4  1  0 -4 -1 -3 -4  3 -3 -5 -4  1  2 -5 -3 -3 0 1 0 1 0.04
-3 -5 -6 -6 -4 -3 -5 -6 -6  3  3 -5 -1 -2 -2 -4 -3 -5 -4  5 0 1 0 1 0.05
-4 -4 -4 -5 -4 -4 -4 -5 -1 -2 -2 -4 -2  6 -5 -4 -3  0  7 -3 0 0 1 1 0.11
