 4 -2 -2 -2  4 -1 -2  2 -2 -2 -2 -1 -1 -3 -2  1 -1 -3 -2 -1 0 0 1 1 0.14
 3 -1 -1 -2 -2  1 -1  1  5 -2 -2 -1 -2 -1 -2  0 -1 -2  2 -2 0 0 1 1 0.04
-5 -6 -6 -7 -6 -5 -6 -7 -1 -3 -2 -6 11 -4 -7 -6 -5 -6 -5 -4 0 0 1 0 0.02
-2 -5 -6 -6 -5 -5 -6 -6 -3  3 -2 -5 -2  6 -5 -2 -3  0  6  0 0 1 0 0 0.01
-1 -5 -3 -6  1 -4 -5 -6 -6  5 -1 -5  2 -1 -5 -4 -1 -5 -3  5 0 1 0 0 0.01
 3 -3 -2 -5 -4  0 -1 -4 -5  0 -3  0 -1 -4 -4 -2 -1 -5 -4  5 0 1 0 0 0.01
-1 -4 -3 -5 -1 -4 -1 -4  0  3  1 -4  7 -1 -5 -3  3 -5 -4  0 0 1 0 0 0.01
-4  0  8 -1 -6 -4 -4 -4 -3 -6 -6  0 -5 -2 -6 -1 -1 -7 -5 -2 0 1 0 1 0.01
 1  6  0 -4 -3  0 -1 -4  2 -4 -3  2 -3 -5 -4 -2  2 -5 -1 -2 0 1 0 0 0.01
-4 -6 -6 -6 -5 -6 -6 -6 -5  5  2 -6  1  6 -6 -4 -3  0 -1  0 0 1 0 0 0.01
-1  1 -1 -1 -4  1  1 -3  2 -2 -3  3 -3 -1  2 -1  2 -2  1 -1 0 1 0 1 0.01
-2 -6 -6 -6 -4 -5 -6 -6 -6  3 -1 -6  1 -2 -1 -5 -2 -6 -4  6 0 1 0 0 0.01
 0  1  1 -1 -4  0  0 -3  1 -3 -2  3 -3 -5  4 -1  1 -5 -3 -2 0 0 1 1 0.01
 0  0 -1  1 -5  0  3 -3 -1 -4 -2  3 -2 -2  4 -1 -1 -5 -4 -3 0 0 1 1 0.01
-2 -4 -2  1 -6 -2  3  6 -4 -4 -6 -2 -5 -6 -2 -3 -4 -6 -6 -6 0 0 1 1 0.01
 1  1  1 -3 -2  1 -1  0  3 -3 -3  1 -1  2 -3  1  0  2  3 -2 0 0 1 0 0.01
 3  2 -2 -2 -3  0  4  2 -1 -4 -2  0 -2 -4 -3  0 -2 -5 -3 -3 1 0 0 0 0.01
 1 -1 -1  3 -5  1  4 -3  0 -4 -4  0 -3 -3  2 -1 -2 -5 -3 -4 1 0 0 1 0.01
 2  0 -1  2 -1  1  3 -3 -1 -3 -2  2 -2 -4 -3 -2  0 -5 -4 -1 1 0 0 1 0.01
-5 -6 -6 -7 -5 -6 -6 -6 -5  1  2 -6  3  7 -6 -5 -3 -3  1  2 1 0 0 0 0.02
 1 -2 -4 -3 -4 -2  6 -5 -4  2 -2 -2 -1 -5 -3 -2 -2 -6 -3  2 1 0 0 0 0.02
 0  2  0  1 -5  3  3 -2  0 -4 -4  2 -3 -5  0 -1 -1 -5 -2 -4 1 0 0 1 0.03
-1  6 -1 -3 -5  0 -3 -4 -1  1 -1  1  0 -4 -5 -2 -2 -5 -2  1 0 0 1 1 0.02
-3 -5 -7 -7 -6 -6 -7 -7 -5 -3 -2 -7 -1  8 -7 -5 -6  9  1 -4 0 0 1 0 0.02
 1  3 -1  0 -3  1  0 -2  0 -3  0  2 -2 -2 -2  1  1 -4  0 -2 0 0 1 1 0.03
 0  1  4  0 -4  2  1  1  0 -4 -5  2 -4 -5 -3  1  1 -5 -4 -4 0 0 1 1 0.03
-3  7 -1 -2 -6 -1  0 -2 -4 -2 -4  0 -3 -5  0 -1 -2 -6 -1 -2 0 0 1 0 0.03
 2 -2 -1  1 -4  1  2  2  1 -4 -3  1 -2 -4  0  0 -1 -4 -1 -2 0 0 1 1 0.03
 0  0 -1 -2 -4 -1 -2  3  4 -2 -3  1 -3 -4  1  2 -1 -5 -3 -2 0 0 1 0 0.03
-3 -3 -3 -6 -4 -5 -5 -6 -5  4  4 -5  3 -3 -5 -3 -2 -5 -4  4 1 0 0 0 0.03
 0  0 -1  4 -5  1  4 -3  1 -5 -5  2 -4 -5 -3  0 -2 -5 -4 -4 1 0 0 1 0.03
-1  0  2  2 -4  2  3  1  1 -4 -4  1 -3 -4 -3  1  1 -2 -3 -4 1 0 0 1 0.02
 0 -1 -2 -4 -3  2  0 -4 -1  0  0 -3  5  1 -4  0 -1  1 -1  2 0 0 1 0 0.02
-1 -3 -3  2 -6  0  3 -5 -1 -6 -6  0 -5 -6  7 -3 -4 -6 -2 -5 0 0 1 1 0.01
-4 -6 -4 -3 -7 -6 -6  7 -6 -8 -8 -5 -7 -7 -6 -4 -3 -7 -7 -7 0 0 1 0 0.01
-6 -7 -7 -7  3 -7 -7 -7  0 -4 -1 -7 -4  9 -7 -6 -6 -3  1 -5 0 1 0 0 0.01
-2  0 -3 -3 -4  1  0 -5  0  4  2  0 -1 -3 -4 -3 -2 -4 -3  3 0 1 0 1 0.01
 1  2  0  2 -4 -1  2  3 -1 -5 -4  0 -4 -4 -3  1 -2  1 -2 -4 0 1 0 0 0.01
-2 -3  0 -4 -4 -4 -5 -5 -4  2  2 -4  3  6 -5 -1 -2 -3 -1  0 0 1 0 0 0.01
-3  3  0  0 -2  2  4 -4  5 -4 -1  0 -1 -1 -4 -1 -1 -5 -2 -4 0 1 0 0 0.01
-3 -5 -5 -6 -1 -5 -4 -6 -5  1  4 -5  3  2 -5 -4 -2 -4 -3  4 0 1 0 0 0.01
-4 -5 -4 -6 -3 -5 -5 -4 -2 -1  5 -5  4 -1 -6 -3 -2  5 -2 -2 0 1 0 0 0.01
-3  6 -2 -4 -5  2 -2 -4 -1 -1 -1  3 -3 -5 -4 -2 -2 -2 -3  0 0 1 0 1 0.01
-1 -1  2 -1 -2 -2 -3  3 -4 -1 -3  0 -2 -3  5 -1  0 -5 -4 -3 0 1 0 0 0.01
-1 -1  0  1 -3  1  1 -3 -1 -1 -1  1 -1 -2  3 -1  0 -2 -3  1 0 0 1 1 0.01
 0  0  2  1 -1  1  1 -1 -1 -2 -3  2 -2 -3 -1  1  0 -3 -3  0 0 0 1 1 0.01
 0  2  1  1 -1  0  0  1  0 -2 -1  1 -1 -2  1  0  1 -3 -2 -1 0 0 1 1 0.01
 0  1 -1  3 -2  0  4 -1  1 -4 -3  1 -3 -4  1 -1 -1 -4 -3 -3 0 0 1 1 0.01
-2 -2  0  5 -4 -1  2  3 -1 -3 -4 -1 -4 -4 -1 -1 -2 -4 -2 -4 0 0 1 1 0.01
-1  1  0  0 -1  0  0  0  5 -3 -3 -2 -2  1 -1  0  0 -2  4 -2 0 0 1 1 0.01
-2 -1  1  4 -2  0  2 -2 -1 -1 -2 -2 -3 -3 -2 -1  2 -3 -2 -1 0 1 0 0 0.01
-2 -1 -1  0  0  0  4 -3  0 -1  1  0 -1 -1  1 -1  1 -3 -1 -1 0 1 0 0 0.01
-5 -5 -5 -6 -5 -2 -5 -6  0  0 -1 -5  2  3 -6 -3 -4  1  8  3 0 1 0 0 0.01
 1 -1 -1 -2 -3 -3 -2 -4 -3  2  1 -1  1  2 -4  0  0 -1  1  2 0 1 0 0 0.01
-1 -5 -5 -5 -1 -3 -5 -5 -5  4 -1 -5 -1 -4 -5  3 -1 -6 -4  5 0 1 0 0 0.01
-2 -2  0 -4 -1  0 -1 -4  5  1  1 -2  3  1 -4 -1 -1 -3  1  1 0 1 0 0 0.01
-2 -5 -4 -5 -5 -4 -5 -5 -5  1 -3 -4  3 -2 -5  2  7 -6 -5 -2 0 1 0 0 0.00
-2  3 -2 -3 -3  1  0 -4  0  0  0  1 -1  0 -4 -2  1  4  2  1 0 1 0 0 0.00
-8 -8 -9 -10 -8 -7 -8 -8 -8 -8 -7 -8 -7  1 -9 -4 -8 13 -3 -8 0 1 0 0 0.00
 0  2  0  3 -6  1  5 -4 -1 -4 -5  1 -4 -6 -4 -2 -2 -6 -5 -2 0 0 1 1 0.00
-2 -2  2  4 -1 -3 -1 -3 -4 -6 -6 -3 -5 -6 -4  5  2 -6 -5 -5 0 0 1 1 0.00
-3  3 -3 -2 -6  1  4 -5  0 -4 -3  4  1 -3 -2 -3 -3 -5 -2 -4 1 0 0 1 0.00
 2 -2 -2  2 -5  2  5 -3 -1 -5 -5  1 -5 -6 -3 -1 -2 -6 -5 -3 1 0 0 1 0.00
 4 -4  1  4 -2 -3 -3 -3  4 -5 -5 -2 -5 -4 -4  2 -2 -6 -3 -4 1 0 0 0 0.01
-4 -7 -7 -7 -6 -3 -7 -7 -5 -4 -2 -7 -1  8 -7 -6 -6  5  4 -3 1 0 0 0 0.01
-2  1 -1  0 -5  3  4 -4  1 -1 -1  2  0 -2 -4 -2 -1 -4 -1 -2 1 0 0 1 0.01
 4  0  3  1 -3  0  0  0 -2 -4 -5 -1 -3 -5 -4 -1 -2 -6 -5 -2 1 0 0 1 0.01
-8 -8 -9 -9 -8 -7 -8 -8 -7 -8 -7 -8 -7  1 -9 -8 -8 13  2 -8 1 0 0 0 0.01
-1  1 -3 -3 -4  2  1 -4 -1 -1  0  1  0 -1 -4 -2  4 -2 -2  1 1 0 0 1 0.01
-1  3  2  0 -4  3  1 -1  0 -4 -4  3 -3 -5 -3  0  0 -5 -4 -4 0 0 1 1 0.01
-2 -2 -3 -4 -5 -2 -4  1 -2 -6 -6 -4 -5 -6 -4  7 -1 -6 -5 -5 0 0 1 0 0.02
-2 -1 -1  5 -5  1  4 -3 -3 -5 -5  0 -2 -5  3 -1 -2 -5 -5 -5 1 0 0 1 0.02
 4 -3  0  1 -3  1  2 -2  0 -3 -2 -2  0 -4 -1  1 -2 -5 -4 -1 1 0 0 1 0.04
-3 -4 -2 -4 -4 -4 -4 -4  5 -3 -3 -3 -2  8 -3 -4 -4 -2  3 -3 1 0 0 1 0.07
 0  5 -1 -2 -4  1  0 -3 -1  0 -2  4 -2 -4 -4 -1 -3 -5 -4 -3 1 0 0 1 0.09
 2  1 -1  0 -4  3  3 -2  1 -3 -2  2 -2 -4 -3 -1 -1 -4 -3 -3 1 0 0 1 0.15
 5 -4 -3 -3 -3 -3 -3  1 -1  0 -3 -2  0 -4 -3  1  0  0 -2 -1 1 0 0 0 0.20
-5 -2 -2 -5 -6 -1 -4 -6 11 -7 -6 -3 -5 -5 -6 -5 -4 -1 -2 -6 1 0 0 1 0.24
 3  3 -2 -1 -4  2  0  0  0 -4 -4  3 -2 -5 -3  1 -2 -4 -4 -3 0 0 1 1 0.28
 0  2  3  0 -4  1  0  2  2 -4 -2  1 -3 -2 -1  0 -1 -4 -3 -3 0 0 1 1 0.38
 2  3  0 -2 -3  0  1  1 -1 -2 -3  0 -1 -4  1  0  0 -1 -3 -1 0 0 1 1 0.46
 0  3 -1 -1 -4  0  0  3  0 -4 -3  2 -2 -4  0  0 -2 -4 -3 -2 0 0 1 1 0.47
 1 -1  0  0 -3  1  1  2  0 -2 -2  0 -2 -3  2  0  1 -3 -3 -2 0 0 1 1 0.51
 0  1  1  0 -3  1  1  0  0 -3 -1  2 -1 -3 -1  1  0 -3  0 -2 0 0 1 1 0.53
 0  1 -1 -1 -3  0  1  0  0 -3 -2  2 -2 -2  4  1  0 -4 -3 -3 0 0 1 1 0.53
-1  0  0  2 -3  1  2  2  1 -2 -2  1 -1 -3  1 -1 -1  1 -2 -1 0 0 1 1 0.59
 0 -1  0  1 -3  1  1  1  0 -1 -1  0  1  0  1  0  0 -3 -2 -1 0 0 1 1 0.65
 0  0  0  1 -3  0  2  0  0 -1 -2  0 -1 -1  0  1  1 -2  2 -1 0 0 1 1 0.70
 0 -1 -1  0 -2  1  1  2  1 -2 -1  1 -1  0  1  0 -1 -2  0 -1 0 0 1 0 0.65
 0  2 -1  0 -3  2  1  1  1 -2 -1  2 -1 -2  0  0 -1 -3 -2 -2 0 0 1 1 0.58
-1  0  0 -1 -3  1  1  0  0 -2 -3  1 -2 -3  4  1 -1 -3 -3 -2 0 0 1 1 0.44
 0  1 -2  0 -3 -1  1 -1  0 -2 -3  1 -2 -2  4  2 -1 -3 -3 -3 0 0 1 0 0.27
-1 -1  0 -2 -3 -1 -1 -1  0 -2 -2 -1 -2  0  5 -1 -2  0  3  1 0 0 1 0 0.18
 0 -2 -2 -3 -2 -1 -2 -1 -3  3  0 -2  2  2 -1  0 -1 -2 -1  2 0 1 0 0 0.16
 0 -1 -2 -2 -2 -1  1 -3  0  2  2 -2  2  0 -2 -1  1 -2 -1  0 0 1 0 1 0.14
 0 -2  2  0 -3 -1  0  4  0 -4 -4  0 -3 -2  0  2 -1 -4 -3 -2 0 1 0 1 0.12
 1 -2  4 -2 -3 -2 -2 -1 -1 -3 -3 -1 -1  2 -3  3  0 -2 -1  0 0 1 0 1 0.09
-1  0  0  1 -4  1  4 -2 -1 -4 -4  2 -3 -3 -1  1  1 -4  1 -2 0 1 0 1 0.05
-3 -3 -4 -3 -3 -3 -4 -3  0  3  3 -3  0 -2 -3 -3 -2 -4 -3  4 0 1 0 1 0.04
-1 -1  0 -2 -3 -1  1 -1 -3  1  1 -2 -1  1 -3  0  1  4 -2  1 0 1 0 0 0.03
 0  0  0 -1 -3  1  1 -1 -1  0  0  1  1  0 -2  1  1 -3 -1  0 0 1 0 1 0.02
 0 -3 -5 -6 -5 -1 -3 -6  2 -4 -4 -5 -4  5 -6 -2 -3  0  8 -4 0 1 0 0 0.03
-2 -3  1  3 -6  0  6 -4  3 -4 -5 -1 -4 -5 -4  0 -1 -5 -1 -5 0 1 0 1 0.04
-2 -5 -6 -6 -4 -5 -5 -6 -6  3  1 -5 -2 -3 -5 -4 -2 -6 -4  6 0 1 0 0 0.02
 1  0 -3 -4 -3 -3 -2  0 -4  1  0  0 -1 -2 -2 -2 -2 -4 -3  5 0 1 0 0 0.02
-2 -1 -2 -3 -3  3 -1 -4  3  2  1 -1 -1  1 -3  0 -1 -2  3  0 0 1 0 0 0.04
-2 -1  0  1 -4  3  3 -3  7 -5 -4 -1 -3 -4  0  1 -2 -4  0 -4 0 1 0 1 0.09
-1 -1 -2 -3 -3 -2  0 -4  4  0  1 -2 -1  2 -3 -1 -2 -1  4  2 0 1 0 1 0.17
-1  0 -1  1  2  3  2  2 -1 -3 -2  2  0 -1 -2 -1  0 -3 -2 -2 0 1 0 1 0.33
-2  2 -1 -2 -4  0  0 -3 -2 -4 -4  6 -2 -4 -2 -1 -2 -4 -3 -3 0 0 1 1 0.49
