-1 -1 -2 -3 -1  0 -2 -3 -1  1  2 -1  5  0 -2 -1 -1 -1 -1  1 0 0 1 1 0.84
 1 -1  1  0 -1  0  0  0 -1 -2 -2  0 -1 -2 -1  4  1 -3 -2 -2 0 0 1 1 0.75
-1 -1  1  5 -4  1  4 -2 -1 -3 -3  0 -3 -4 -1  0 -1 -4 -3 -3 0 0 1 1 0.61
-1 -1 -2 -3 -2  2 -1 -3 -2  1  1 -1  6 -1 -3 -2 -1 -2 -1  1 1 0 0 0 0.53
 1 -1  0 -1 -1  2  0 -1 -1 -3 -3  0 -2 -3 -1  4  1 -3 -2 -2 0 0 1 1 0.39
-1  0  0  3 -4  2  4 -2 -1 -3 -3  3 -2 -4 -1  0 -1 -3 -2 -3 0 0 1 1 0.29
-2 -3 -4 -4 -2 -3 -3 -4 -3  1  4 -3  3  2 -3 -3 -2 -2 -1  0 0 0 1 0 0.19
-1 -1  1 -1 -3  1 -1  2 -1 -3 -3  2 -2 -4  4  1 -1 -3 -3 -3 0 0 1 1 0.19
 0 -3 -4 -4 -2 -3 -3 -4 -3  4  1 -3  0  3 -3 -2 -1 -2  0  2 0 0 1 0 0.13
 1  2  1 -1 -3  0  0 -2 -1 -2 -2  4 -2 -2 -2 -1 -1 -3  1 -1 0 1 0 1 0.08
 5 -2 -2 -2 -1  2 -1 -1 -2 -2 -2 -1 -2 -3 -2  0 -1 -3 -2 -1 0 1 0 0 0.06
-1 -2 -2 -3 -2 -2 -3 -3 -2  2  2 -2  3  4 -3  0 -1 -1  0  1 0 0 1 0 0.04
-1 -2 -1  2 -3 -1  1  5 -2 -3 -3 -2 -3  2 -3 -1 -2 -2 -1 -3 0 0 1 0 0.03
-1 -1  1  3 -4  1  5 -2 -1 -4 -4  0 -3 -4 -2  1 -1 -4 -3 -3 0 0 1 1 0.03
-2 -1  0 -2 -3  2 -1 -3  5  1 -1 -1 -1  2 -3 -2 -2  0  5 -1 0 1 0 0 0.02
-1 -3 -4 -4 -2 -3 -3 -4 -4  3  2 -3  0 -1 -3 -2 -1 -3 -2  5 0 1 0 0 0.02
-2 -3 -4 -4 -2 -3 -4 -4 -4  5  2 -3  1 -1 -3 -3 -1 -3 -2  3 0 1 0 0 0.02
-2 -3 -3 -3 -2 -2  0 -4 -3  3  4 -2  1  0 -3 -3 -1 -3 -2  1 0 1 0 0 0.03
-1  0 -1  1 -3  0  3 -2 -1  0 -1  1  1 -2 -2  0 -1 -3 -2  1 0 1 0 0 0.04
 2 -1 -1 -2  5 -1 -1 -1 -2 -2 -2  1 -2 -3 -2  3  2 -3 -2 -1 0 1 0 0 0.05
-1  0  2  0 -3  1  2 -2 -1  0 -2  2 -1 -2 -2  0  1 -3  0  0 0 0 1 1 0.06
 4 -2  1 -2 -2 -2 -2 -1 -2 -2  0 -1 -1 -3  4  0 -1 -3 -3 -1 0 0 1 1 0.07
 2  2 -1 -2 -2  0  1 -1 -2 -2 -2  3 -2 -3  2  0 -1 -3 -2 -1 0 0 1 1 0.09
 0  3 -1 -1 -3  2  0 -2 -1 -3 -3  2 -2 -3  3  2  0 -3 -2 -2 0 0 1 0 0.11
 4 -1 -1 -2 -2  2  1 -1 -2 -2 -2  2 -2 -3 -2  0 -1 -3 -2 -1 0 0 1 1 0.13
-1 -3 -1 -2 -3 -3 -3  6 -3 -5 -5 -2 -4 -4 -3 -1 -2 -3 -4 -4 0 0 1 1 0.13
-1  0  0  4 -3  0  3 -2 -1 -3 -3  0 -3 -4 -2  1  1 -4 -3 -3 0 0 1 1 0.13
-2 -1 -1  1 -5  2  6 -3 -1 -4 -4  0 -3 -4 -2 -1 -2 -4 -3 -3 0 0 1 1 0.13
-2 -2 -3 -2 -2  0  2 -4 -2  4  1 -2  0 -1 -3 -2 -1 -3 -2  2 0 0 1 1 0.12
-1  0 -2 -2 -2 -1 -1 -3 -2  1  1  2  1 -1 -2 -1  1 -2  1  2 0 0 1 1 0.11
 0 -2  0 -1 -2 -1 -1 -1 -2 -3 -3 -1 -2 -3 -2  5  3 -4 -2 -2 0 0 1 1 0.11
 0  2  0  3 -3  1  3 -2 -1 -3 -3  0 -2 -3  1  2 -1 -3 -2 -2 0 0 1 1 0.10
 1 -2 -1 -1 -2 -1 -1  1 -2 -2 -2 -1  1  1 -2  3  2 -3 -1 -1 0 0 1 1 0.10
-1 -3 -1 -2 -3 -3 -3  6 -3 -5 -4 -2 -3 -3 -3 -1 -2  4 -3 -4 0 0 1 1 0.07
-2 -3 -4 -4 -2 -3 -4 -4 -3  4  2 -3  1  4 -4 -3 -2 -2  0  1 0 0 1 1 0.05
-1 -3 -3 -3 -2 -3 -3 -4 -3  4  1 -3  0  1 -3 -1 -1 -3 -1  3 0 0 1 1 0.04
-2 -3 -4 -4 -2 -3 -3 -4 -3  3  4 -3  1  0 -3 -2  0 -3 -2  2 0 0 1 1 0.04
-1 -2 -1 -2 -3  0 -2  5 -2 -3 -1 -2 -2 -3  2 -1  0 -3 -3 -3 0 0 1 1 0.04
 0  1 -1 -1 -2  2  1 -2 -1  0 -1  3 -1 -3  1 -1  0 -3 -2  1 1 0 0 1 0.04
 0  5 -1 -2 -3  1 -1 -2 -1 -2  0  2 -1 -3 -2  0  0 -3 -2 -1 1 0 0 1 0.05
-1  1  2  2 -3  2  3 -2  1 -3 -3  1 -2 -3 -2  0  1 -3 -2 -2 1 0 0 1 0.05
-2  0 -1 -2 -3  5  0 -3  3 -2  0  1  1 -3  1 -1  0 -3 -2 -2 1 0 0 1 0.04
 0 -2 -1 -2 -3 -2 -2  5 -2 -4 -4 -2 -3 -4  2  2 -1 -3 -3 -3 1 0 0 0 0.04
-1 -1 -1  2 -4  2  5  0 -1 -4 -4  0 -3 -4 -2  0 -1 -4 -3 -3 1 0 0 1 0.03
-1 -2 -3 -3 -2  0  0 -4 -3  4  2 -2  2 -1 -3 -2 -1 -3 -2  2 0 0 1 1 0.02
-2 -2 -3 -2 -4 -2 -2 -3 -3 -4 -4  0 -3 -5  8 -2 -2 -5 -4 -3 0 1 0 1 0.02
 0 -2 -2  0 -2 -1  1 -3 -2  1  2 -1  0  1 -2 -1  1 -2  1  0 0 1 0 0 0.01
-1 -2 -2 -3 -2 -1 -2 -3  4  0  1 -2  1  1 -3 -1  1  0  4  1 0 1 0 0 0.01
 1 -3 -2 -2  6 -2 -3  4 -3 -3 -1 -2 -2 -3 -3  0 -1 -3 -3 -2 0 1 0 0 0.01
-1 -1 -1 -1 -2  0  2 -3 -1  0  0  1 -1 -1 -2 -1  2 -2  0  1 0 1 0 0 0.01
-1 -3 -4 -4 -2 -3 -3 -4 -4  4  1 -3  1 -1 -3 -3 -1 -3 -2  4 0 1 0 0 0.01
-1 -2 -2 -3 -2 -2 -2 -3  3  2  0 -2  0  1 -3 -2  0 -1  3  2 0 1 0 0 0.01
 0 -2  0  3 -2 -1  0 -1 -2 -3 -3 -1 -3 -3 -2  5  0 -4 -3 -3 0 1 0 0 0.01
-1 -3 -4 -4  2 -3 -3 -4 -4  4  1 -3  0 -1 -3 -2 -1 -3 -2  4 0 1 0 1 0.01
-1 -3 -1 -2 -3 -3 -3  6 -3 -5 -5 -2 -4 -4 -3 -1 -2 -3 -4 -4 0 0 1 0 0.01
 0 -1 -1  0 -3  0  2  1 -2 -3 -3  1 -3 -4  5 -1 -1 -4 -3 -3 0 0 1 1 0.01
-1 -2  3  5 -3  0  2  0 -1 -3 -4 -1 -3 -4 -2  1  0 -4 -3 -3 0 0 1 1 0.01
-1 -4 -4 -4  5 -3 -3 -4 -4  2  0 -3  0 -2 -3 -2 -1 -4 -2  5 0 0 1 0 0.01
-2 -3 -2  2 -4 -2 -2 -3 -3 -4 -4 -2 -4 -5  8 -2 -2 -5 -4 -3 0 0 1 1 0.01
-1  0  0  3 -3  3  4 -2 -1 -3 -3  1 -2 -3  1 -1 -1 -3 -2 -3 0 0 1 1 0.01
 0 -1  1  1 -2  0  2  3 -1 -3 -3 -1 -2 -3 -2  1 -1 -3 -2 -2 0 0 1 1 0.01
-2 -2  0 -3 -2 -2 -2 -3  4  2  1 -1  1  2 -3 -2 -1 -2  2  2 0 0 1 0 0.01
 0 -1  0 -2  2 -1 -2 -2 -2  1  1  1  0  2 -2 -1 -1 -2  0  0 0 0 1 0 0.01
-1  1  0  1 -3  2  3 -2 -1 -3 -3  4 -2 -3 -1  0  0 -3 -2 -3 0 0 1 1 0.01
-1 -3 -3 -4 -2 -2 -3 -4 -3  3  2 -3  3 -1  0 -2 -1 -3 -2  3 0 0 1 1 0.01
-1 -3 -1 -2 -3 -3 -3  6 -3 -5 -5 -2 -4 -4 -3 -1 -2 -3 -4 -4 0 0 1 1 0.01
-2  0  0  4 -3  0  0 -2 -1 -2 -1  3  4 -2 -2 -1 -1 -3  1 -2 0 0 1 0 0.01
-1  1 -1  1 -2  2  1 -3 -1  0  1  1  3 -2 -2 -1  0 -3 -2  0 0 1 0 0 0.01
-1 -3 -2 -3 -1 -2 -3 -3 -3  2  0 -2  0 -2 -3 -1  3 -3 -2  4 0 1 0 0 0.01
 2 -2 -2 -2 -2 -2 -2 -2 -3 -1  2 -2  0 -2  5  0 -1 -3 -2 -1 0 1 0 0 0.01
-2 -3 -4 -4 -2 -3 -3 -4 -3  3  4 -3  1  1 -3 -3 -1 -2 -1  2 0 1 0 0 0.01
-2 -3 -3 -2 -4  1 -2 -3 -3 -4 -4 -2 -3 -5  8 -2 -2 -5 -4 -3 0 1 0 0 0.01
-1 -1  3 -1 -2  2  0 -2  4 -1  0  0 -1 -2 -2  0  2 -3 -1  0 1 0 0 1 0.01
 1 -3 -1 -2 -3 -2 -3  6 -3 -4 -4 -2 -3 -4 -3 -1 -2 -3 -4 -4 1 0 0 1 0.02
 0  3  2  0 -3  3  1  0  1 -3 -3  2 -2 -3 -2  0 -1 -3 -2 -3 1 0 0 1 0.02
-2 -2 -3 -4 -2 -1 -3 -4 -2  2  1  0  6  2 -3 -2 -2 -1  3  0 0 0 1 0 0.02
 1  2  1  0 -2  0  0 -1  3 -2 -1  1 -1 -2 -2  1  1 -3 -1 -2 0 1 0 1 0.02
-2 -1  7  0 -4 -1 -1 -1  2 -4 -4  2 -3 -4 -3  0 -1 -4 -2 -4 0 1 0 1 0.02
-1 -3 -4 -4 -2 -3 -3 -4 -4  2  0 -3  0  1 -3 -2 -1 -3 -1  5 0 1 0 0 0.01
-2 -3 -3 -3 -4 -2 -2 -3 -3 -4 -4 -2 -3 -4  8 -2 -2  4 -3 -3 0 0 1 0 0.01
-3 -2  0  5 -4 -1  0 -2  7 -4 -4 -2 -3 -3 -3 -1 -2 -4 -1 -4 0 0 1 0 0.01
-2 -3 -3 -3 -4 -2 -2 -3 -3 -4 -4 -2 -4 -5  8 -2 -2 -5 -4 -3 1 0 0 0 0.02
-2  4 -1  4 -4  0  1 -3 -1 -2  0  0 -1 -1 -3 -1 -2 -3 -2 -2 1 0 0 1 0.02
-1 -3 -3 -4 -2 -2 -3 -4 -2  2  2 -3  3  0 -3 -2 -1 -1  3  4 1 0 0 0 0.03
 2 -3 -3 -3 -1 -2 -3 -2 -3  3  2 -2  0 -1 -2 -1 -1 -3 -2  2 1 0 0 0 0.05
 1  2  1 -1 -2  0  1 -1 -1 -2 -1  0 -1 -1 -2  2  0 -2  2 -1 0 0 1 1 0.06
-1 -2 -1 -2 -3  1 -2  6 -2 -4 -4  0 -3 -4 -3 -1 -2 -3 -4 -4 0 0 1 1 0.08
-1  0 -2 -1 -2  0  2 -3 -2  2  2  1  1 -1 -2 -2 -1 -2  0  1 0 0 1 1 0.10
 0  0 -2 -2  2 -1 -1 -3 -2  3  0  3  1 -2 -2 -1 -1 -3 -2  0 0 0 1 1 0.11
-1  0  0  1 -2  1  2 -2 -1 -2 -1  2 -1 -3  2  2  1 -3 -2 -2 0 0 1 1 0.10
 2  1  1 -1 -2  1  0 -2 -1 -2 -2  0 -2 -3  4  0 -1 -3 -2 -1 1 0 0 1 0.12
-1  1  2  2 -3  1  2 -2 -1 -3 -3  4 -2 -4 -2  0 -1 -4 -3 -3 1 0 0 1 0.13
-1 -1  2  2 -3  2  4  0 -1 -4 -4  0 -3 -4 -2  1 -1 -4 -3 -3 1 0 0 1 0.12
 1  1 -1 -2 -2  0 -1 -2 -2  2 -1  1  0 -2 -2  1  1 -3 -2  1 0 0 1 0 0.11
-1  4  0  4 -4  0  2 -2 -1 -4 -3  1 -3 -4 -2 -1 -2 -4 -3 -3 0 0 1 1 0.10
 1  1  0  1 -2  2  2 -1 -1 -2 -1  1 -1 -2 -1  0  1 -2 -2 -1 0 0 1 1 0.09
 0  2 -1 -2 -3  0  0 -2 -1  0 -2  5  1 -3 -2  0 -1 -3 -2 -2 0 0 1 1 0.08
-2 -3 -3 -4 -3 -3 -3 -4 -1 -1  1 -3 -1  5 -4 -1 -2  6  5 -2 0 1 0 0 0.08
-1 -3 -2 -3 -1 -2 -2 -3 -3  2  0 -2  2 -1 -3  1  1 -3 -2  4 0 1 0 0 0.05
 1 -2 -1 -2 -1 -1 -1 -2  1 -1 -2 -1 -1 -3 -2  3  4 -3 -2  0 0 1 0 0 0.04
 1 -2 -2 -2  6 -2 -2 -2 -2  0  0 -2  1 -2 -2  1  2 -3 -2  1 0 1 0 0 0.03
-3 -1  0 -2 -4 -1 -1 -3 10 -4 -4 -2 -3 -2 -3 -2 -3 -4  1 -4 0 1 0 1 0.02
-3 -2 -3 -4 -3 -2 -3 -4  3 -3 -2  0 -2  1 -4 -3 -3  9  6 -3 1 0 0 0 0.01
-1  1 -1 -1 -3  2  0 -2 -1 -3 -1  5 -1 -3 -2  0  0 -3 -2 -2 1 0 0 1 0.02
 3 -2  4  2 -2 -1 -1  1 -1 -3 -3 -1 -2 -3 -2  1 -1 -4 -3 -2 1 0 0 0 0.01
-2 -4 -4 -4 -2 -4 -4 -4 -4  6  1 -3  0  1 -4 -3 -1 -3 -2  3 0 0 1 0 0.01
 0  3 -1 -2 -3  4  0 -2 -1 -2 -3  0 -2 -3  4  1 -1 -3 -2 -1 0 0 1 0 0.02
 2 -2 -2 -3  5 -2 -2  0 -3  0 -1 -2 -1 -2 -2  0  2 -3 -2  2 0 1 0 0 0.04
-1 -3 -4 -4 -2 -3 -3 -4 -4  4  2 -3  1 -1 -3 -3 -1 -3 -2  4 0 1 0 0 0.06
-3 -3 -3 -4 -4 -3 -3 -4  1 -2 -2 -3 -2  2 -4 -3 -3  1  8 -2 0 0 1 0 0.09
-1  3  0  3 -4  1  3 -2 -1 -3 -3  2 -2 -4 -2 -1 -1 -3 -2 -3 0 0 1 1 0.21
