-1 -1 -2 -3 -1  0 -2 -3 -2  1  2 -1  5  0 -2 -1 -1 -1 -1  1 0 0 1 1 0.79
 1 -1  1  0 -1  0  0  0 -1 -2 -2  0 -1 -2 -1  4  1 -3 -2 -2 0 0 1 1 0.67
-2 -3 -4 -4 -3 -2 -3 -4 -3  0  1 -3  9 -1 -4 -3 -2 -3 -2  0 0 0 1 0 0.48
-2  1  1  0 -4  1  3 -2 -1 -4 -4  5 -2 -4 -2 -1 -1 -4 -3 -3 1 0 0 1 0.27
-2 -3 -3 -4 -2  1 -3 -4 -3  5  1 -3  0  1 -3 -3 -2 -3 -2  2 0 1 0 0 0.14
-1  1  0  1 -3  2  1 -2 -1 -3 -3  4 -2 -4 -2  1  1 -4 -3 -3 0 0 1 1 0.11
-2 -2 -1 -2 -4 -1 -2 -3  8  1 -3 -2 -2 -2  3 -2 -2 -3  0 -1 1 0 0 0 0.07
-2  0  1  4 -4  1  5 -3 -1 -2 -3 -1 -3 -4 -2 -1 -2 -4 -3 -3 1 0 0 1 0.06
 1  1  0  1 -3  2  1 -1  5 -1 -2  1 -2 -3 -2 -1 -1 -3 -1 -1 1 0 0 0 0.05
-1 -4 -4 -4 -2 -4 -4 -5 -4  5  2 -4  0 -1 -4 -3 -2 -4 -2  3 1 0 0 0 0.04
 0  6 -2 -3  3  0  0 -3 -2 -4 -3  2 -3 -4 -3 -2 -2 -4 -3 -3 1 0 0 0 0.03
 2 -1  1  2  1 -1  2 -2 -2 -2 -2  0  2 -3 -2  1  0 -4 -3 -2 1 0 0 1 0.02
 4 -2 -2 -2 -3 -1  4 -2  2 -3 -3 -2 -3 -4 -2 -1 -2 -4 -3  0 1 0 0 0 0.02
-2 -4 -4 -5 -2 -3 -4 -5 -4  2  3 -3  4 -1 -4 -3 -2 -4 -2  4 1 0 0 0 0.01
-2  3  2  2 -4  0  3 -3 -1 -2 -1  0 -2  0 -3  0 -1 -3 -2 -1 1 0 0 1 0.01
 5 -2 -1  0 -2 -2  0  0 -3 -3 -3 -1 -2 -4 -2  1 -1 -4 -3 -1 1 0 0 1 0.01
-5 -5 -6 -7 -5 -5 -5 -5 -5 -5 -1 -6 -4 -2 -6 -5 -5 12  0 -5 1 0 0 0 0.01
 5  1 -3 -3  2 -1 -2 -2 -3 -1 -2 -2 -2 -3 -2  1 -1 -4 -3  0 1 0 0 0 0.01
 3 -1 -2 -2  4  0 -1 -1  2 -2 -1  0 -2 -2 -2  1 -1 -3  1 -1 1 0 0 1 0.02
 1  1 -1  1 -3  1  4 -3 -2 -3 -2 -1  1 -4  3  0 -1 -4 -3 -1 1 0 0 1 0.02
 1  2 -1  3 -3  0  1 -1 -2 -3 -3  1 -2 -4  1  0  0 -4 -3 -1 0 0 1 1 0.02
 1 -3  1 -2 -3 -2 -3  6 -3 -5 -5 -1 -4 -4 -3  1 -1 -4 -4 -4 0 0 1 1 0.01
-3  3 -2 -2 -5  6  2 -4 -1 -4 -4  2 -2 -4 -3 -2 -2  5 -2 -4 0 0 1 1 0.02
-1  1 -1  3 -4  0  4 -3 -2 -2 -4  3 -3 -4 -2 -1 -2 -4 -3 -3 1 0 0 1 0.02
-2 -2 -2  0 -3  2 -1 -3  3  0 -1 -1 -1 -1 -3 -1  2  3  1  2 1 0 0 0 0.02
 0 -4 -4 -4 -2 -3 -4 -4 -4  3 -1 -3 -1 -2  2 -3 -2 -4 -3  5 1 0 0 0 0.02
 5 -3 -2 -3 -2 -2 -2 -2 -3 -2 -3 -2 -2 -4 -2  1  2 -4 -3  0 1 0 0 0 0.02
 2 -2  0  1 -2  2  0 -1 -2  3  0 -2 -1 -2 -3 -1 -1 -4 -3  0 1 0 0 1 0.01
 0  0 -2  0 -3  1  4 -2 -2 -1  2  1 -1 -2 -3 -2 -2 -3  1 -2 1 0 0 0 0.01
-3 -5 -5 -5 -3 -4 -5 -5 -5  7  0 -4  0 -2 -4 -4 -2 -4 -3  3 1 0 0 0 0.02
 2 -2 -2 -2  0  0 -2 -2 -3  1 -2 -2 -1 -3 -2  2  3 -4 -3  2 1 0 0 0 0.02
-1  4  1  1 -4  1  3 -3  2 -4 -4  1 -3 -4  0 -1 -1 -4 -3 -3 1 0 0 1 0.02
 3 -2 -2 -2 -3  0  3 -2  3 -3 -2 -1  2 -1 -2  0 -1 -3 -2 -1 1 0 0 0 0.02
-2 -3 -4 -5 -4 -3 -4 -4  4 -3 -3 -4 -3  3 -5 -3 -3  7  7 -3 1 0 0 0 0.02
-1  2 -3 -3 -4 -1  0 -4  4 -2  0 -2  0  5 -4 -2 -3  4  1 -2 1 0 0 0 0.02
 0  2 -1  1  2  1  3 -1 -1 -2 -1  1 -2 -3 -2  0 -1 -3 -2 -1 1 0 0 1 0.03
-2 -1  1 -3 -3  3 -2 -3 -2  2  3 -2  3 -1 -3 -2 -2 -3 -2  0 1 0 0 0 0.05
-1 -3  0 -3  3  0 -1  6 -3 -3 -4  0 -3 -4 -3 -2 -2 -4 -4  0 0 0 1 1 0.06
-1  1 -2  0 -3  0 -1  4 -3  0  1 -1  3 -2 -3 -2 -2 -3 -3 -2 0 0 1 0 0.07
 0  1  2  0 -3  1  0  2  1 -2 -1  0 -1 -2 -2  1  2 -3  0 -2 0 0 1 1 0.07
 0  0  0  0 -3 -1  1  1 -1  0 -1 -1 -1  2 -1  0  0 -2  0 -1 0 0 1 1 0.08
-1 -2 -2  0 -3  0  1 -1 -2  1  1 -2  0 -2  3 -1  0 -3 -2  1 0 0 1 0 0.09
-1 -1 -1  3 -3  1  3 -2 -1  0 -2 -1 -2 -1  2  1  0 -3 -1 -1 0 0 1 1 0.11
-1 -3 -3  1 -3 -1  0 -4 -3  1  3 -2  1  3 -3 -1 -2 -2 -1  0 0 0 1 0 0.13
 0 -2  0  1  1  0  0  0  2 -2 -2 -1 -2  1  3  0  0 -2  2 -1 0 0 1 0 0.12
-1 -2  0  4 -4  1 -1  3 -2 -2 -4 -2 -3 -4  2 -1 -1 -4 -3 -3 0 0 1 1 0.11
-1  0  1  3 -3  0 -1  1  0 -1 -2 -1 -2 -3  1  0  0 -3 -3  1 0 0 1 1 0.10
 3 -1  0  1 -2 -1  1  0 -2 -2 -2  0 -2 -3  0  2  0 -3 -2  0 0 0 1 1 0.09
-2 -1  1  5 -3 -1  0 -2  5 -3 -3 -1 -3 -3 -2  0  1 -3 -2 -3 0 0 1 0 0.07
-2  0 -2 -2 -3  1  1 -2  0 -3 -3 -1 -2 -2  5 -1 -1  8 -1 -3 0 0 1 1 0.06
 1  2  1  2 -2  0  2 -1  1 -2 -2  2 -2 -2 -1  0 -1 -2 -2 -2 1 0 0 1 0.04
 3 -1  1  1 -1 -1  0  1 -1 -2 -2 -1 -1 -2 -1  1  1 -2 -2 -1 1 0 0 0 0.03
-1 -3 -3 -3 -2 -3 -3 -3 -3  3  3 -3  1  1 -3 -2 -1 -2 -1  1 1 0 0 1 0.02
 0  0  3 -1  0  1  0  0  3 -3 -3 -1 -2 -2 -2  2 -1  3  2 -2 1 0 0 1 0.02
-3  4  6 -1 -4 -1 -2 -3 -1 -3 -1 -1 -3 -4 -4 -1 -1 -5 -3 -1 1 0 0 1 0.02
 1 -2  7 -1 -4  1 -2 -2 -1 -4 -4  0 -3 -4 -3 -1 -2 -5 -3 -4 0 0 1 0 0.01
 0  5 -2 -2 -3  1 -1 -3 -2 -1 -2  2  1 -3 -3 -1  2 -3 -3  0 1 0 0 0 0.01
-3 -1 -2  0 -5  8  0 -4 -2 -3 -4 -1 -2 -5 -3 -2 -3 -4 -3  1 1 0 0 1 0.01
-1  3  3 -2 -4  3 -1 -3 -1 -1 -3  5 -2 -4 -3 -1 -2 -4 -3 -3 1 0 0 1 0.01
-3 -4 -5 -5 -2 -4 -4 -5 -4  5  3 -4  0  1 -4 -4 -2 -3 -2  2 1 0 0 0 0.01
-4  0 -4 -5 -4  0 -4 -5 -3 -2 -2 -4 -2  8 -5 -4 -4 -1  3 -3 1 0 0 0 0.01
-3  8 -2 -4 -6 -1 -2 -4 -2 -5 -4  0 -3 -5 -4 -3 -3 -5 -4 -5 1 0 0 1 0.01
-2 -5 -5 -6 -4 -4 -5 -5  0  0 -3 -5 -3  2 -6 -4 -4 11  3 -4 1 0 0 0 0.01
-2 -3 -1 -4 -3 -3 -3 -4 -3  1  4  0  1  2 -4 -3 -2 -3 -1  1 1 0 0 0 0.01
 0  4 -1  5 -4  1  2 -3 -2 -4 -4  1 -3 -4 -3  0 -2 -4 -3 -4 0 0 1 1 0.01
 0  1  3  0 -3 -1 -1  3 -2 -1 -3  1 -3 -4 -3  2 -1 -4 -3 -3 0 0 1 1 0.01
-3 -3  1  7 -5 -1  2 -3 -2 -5 -5 -2 -4 -5 -3  0 -1 -6 -4 -4 0 0 1 1 0.01
-1 -1 -1 -2 -2 -2 -2  0 -3 -3 -3 -2 -3 -4 -2  4  5 -4 -3 -2 0 0 1 0 0.02
-1  2 -1  0 -4  0  1 -2 -2 -3 -3  3  1 -4  5 -1  0 -4 -3 -3 1 0 0 1 0.02
 2  2  1  3 -3  1  1 -2 -1 -3 -3  0 -2 -3 -2  0  0 -3  1 -2 1 0 0 1 0.02
 3 -2 -2 -3 -2  0 -2 -1 -1 -3 -3  0 -2 -1 -3  2  0 -1  5 -2 1 0 0 0 0.02
 0  4  0 -3 -3  0 -1 -3 -2  0  0  2  0 -3 -3 -1 -1 -4 -3  1 1 0 0 1 0.03
 1  2  0 -1 -3  1  3 -1 -1 -3 -1  2 -2 -3 -2  0  0 -4 -3 -2 1 0 0 1 0.03
-2  0  5 -1 -4  1 -1 -3 -1 -3 -1  5 -2 -3 -3 -1 -2 -4  0 -1 1 0 0 0 0.03
 0 -3 -2 -4 -2 -3 -3 -4 -3  3  0 -3  1  3  0 -2  0 -3 -1  3 1 0 0 0 0.04
 1  3 -1 -1 -3  3  2 -2 -1 -2 -1  1  2 -3 -2  0  1 -3 -2 -1 1 0 0 1 0.04
 2 -1  1  2 -3  4  3 -2 -1 -3 -2  0 -1 -4 -2 -1 -1 -4 -3 -2 1 0 0 1 0.03
-2 -4 -5 -5 -3 -4 -4 -5 -4  0  5 -4  1  1 -4 -3  0 -3 -2 -1 1 0 0 0 0.03
 1 -2 -2 -1 -2 -2 -2 -2 -3  1  2  0  1 -1 -2  1  2 -3 -2  1 1 0 0 0 0.03
-2 -3 -3 -1 -5  0 -2 -4 -3 -5 -5 -1 -4 -4  8 -1 -3 -5  0 -4 1 0 0 1 0.02
 6 -3 -3 -3 -2 -2 -2 -1 -3 -2 -3 -2 -2 -4 -2  1 -1 -4 -3  0 1 0 0 0 0.02
-1 -4 -5 -5 -3 -4 -5 -5 -5  7  0 -4  3 -2 -4 -4 -2 -4 -3  1 1 0 0 0 0.03
-1  0 -3 -2 -3  0  2 -4 -2  2  2  0  4 -2 -3 -2 -2 -3 -2  0 1 0 0 0 0.02
 4  0 -2 -1 -2 -1  1 -1 -2 -1 -2  1 -1 -3 -2  2  1 -4 -3 -1 1 0 0 1 0.02
 5 -3 -3 -3 -2 -2 -3 -2 -3  0 -2 -2 -2 -3 -3  0 -1 -4 -3  3 1 0 0 0 0.01
-3 -3 -4 -5 -3 -3 -4 -5 -4  2  4 -4  6 -1 -4 -4 -2 -3 -2  0 0 0 1 0 0.01
-3 -4 -4  0 -5 -3 -3 -4 -4 -5 -5 -3 -4 -6  8 -3 -3 -6 -5 -4 0 0 1 1 0.01
 2  0  0 -2 -2 -1 -2 -1 -2  0  1  0  0 -2  3 -1 -1 -3 -2  0 1 0 0 1 0.01
-1  0 -2  1 -4  0  6 -3 -2 -3 -1 -1 -2 -4  0  0 -1 -4 -3 -3 1 0 0 1 0.01
-3  5 -3 -4 -3 -1 -2 -4 -1  0  2 -1 -1  1 -4 -3 -2 -2  4 -2 1 0 0 0 0.01
 1  6 -2 -3 -3 -1 -2 -3 -2 -2  0  1 -2 -3 -3 -2 -2 -3  0  0 1 0 0 1 0.01
 4  1  0  0 -2  1 -1  1  2 -3 -3 -1 -2 -3 -2  1  0 -3  0 -2 1 0 0 0 0.01
-2  6 -1 -3 -5  1 -1 -3  4 -4 -4  3 -3 -4 -3 -1 -2 -4 -2 -4 1 0 0 0 0.02
-2 -3 -3  0 -2 -3 -3 -4 -3  2  4 -3  4 -1 -4 -3 -2 -2  0  2 1 0 0 0 0.02
 0  2  1  0  3 -1  1  0  0  0  0 -1 -1 -2 -2  0 -1 -3 -2  0 1 0 0 1 0.02
 0 -2  1 -1 -3 -1 -1  3 -2  0 -1  0  1 -3  2  2 -1 -4 -3 -2 0 0 1 1 0.02
-1  1  0  1 -3  1  1 -1  4 -3 -2  0  0  1  2 -1 -2 -2  1 -2 0 0 1 0 0.02
-1 -2  2  3 -3  0 -1  0  0 -3 -3  0 -2  1 -2  1  2 -2  1 -3 0 0 1 1 0.02
 1 -1  1  0  1 -1 -1  0  1 -1 -1  0  0 -2 -1  3  1 -3 -2 -1 1 0 0 1 0.01
 0 -1  3  0 -2  2  1 -2 -1 -1 -1  0 -1  1  1  0 -1 -3 -1  1 1 0 0 0 0.01
 0 -2  1 -2 -3 -1  0 -3  2 -2 -2 -2  3  0  0  0  1 -1  5 -1 1 0 0 0 0.01
 0  0 -1 -4 -3 -2 -3 -4 -2  0  3 -2  2  3 -4 -2 -1 -1  3 -1 1 0 0 0 0.01
 0  4 -2 -3 -3 -1 -2 -1 -2  0  1  1  2 -2 -3 -2 -1 -3 -2  1 1 0 0 0 0.01
 2 -2 -1 -1  3  0  4 -2 -2 -3 -3 -1 -2  0 -2  3  0 -3 -2 -2 1 0 0 0 0.01
 0  0 -3 -3  2 -2 -3 -3 -3  3  2 -2  0 -1 -3 -1  1 -3 -2  2 1 0 0 0 0.01
 3 -3 -3 -3 -2  0 -2 -2 -3  1  2 -2  0 -2 -3  0 -1 -3 -2  2 1 0 0 0 0.02
 3 -2 -2 -2 -2 -1  3 -2  0  2 -1 -1 -1 -3 -2  1  0 -4 -3 -1 1 0 0 1 0.02
 3  5 -2 -3 -3  2 -1 -2 -2 -3 -1  1 -2 -4 -3 -1  0 -4 -3 -2 1 0 0 0 0.02
-1  3  0 -1 -3  2  1 -2  0 -2  0  3 -1 -3 -2 -1 -1 -3 -2 -1 1 0 0 0 0.03
-1 -1 -1  2 -3  3  4 -2 -1 -3 -3  0 -2 -3 -1  0 -1 -3 -2 -2 1 0 0 1 0.03
 2  4 -1 -2 -2  0 -1  0 -1 -2 -2  2 -2 -3 -1  0 -1 -2 -2 -2 1 0 0 1 0.04
-1  0 -2 -1 -2  0  2 -2 -2  1  2 -1  0 -1 -2 -1 -1 -2 -1  2 1 0 0 0 0.04
-1 -2 -1  1  2 -1 -1 -2 -2  1  0 -1  1 -1 -2  0  1 -2 -2  2 1 0 0 1 0.04
 0  1  0  0 -2  0  1 -1 -1 -1  1  1 -1 -2 -1  2  1 -2 -2 -1 1 0 0 1 0.04
-1  1  2  4 -3  0  3 -2 -1 -3 -3  0 -2 -3 -1  0 -1 -3 -2 -3 1 0 0 0 0.04
 3 -2 -2 -2 -1 -1 -1 -1 -2  0 -1 -1  1  1 -1  0 -1 -2 -1  1 1 0 0 0 0.04
-1  0  0  4 -3  0  2 -2  4 -2 -2  1 -2  1 -2 -1 -1 -2  0 -2 1 0 0 1 0.04
 1  1  0  4 -3  1  2 -2 -1 -2 -2  0 -2 -3 -2  0 -1 -4 -3  0 1 0 0 1 0.04
 1 -2 -2  2 -2 -2 -1 -2 -2 -1  2 -2  0  4 -3 -1 -2 -1  0 -1 1 0 0 0 0.03
 2 -2 -2 -2 -1 -1  0 -2 -2  1  0 -2  0  2 -2 -1  0 -2 -1  3 1 0 0 0 0.03
 3  0 -2 -2 -1 -1 -2  1 -2  1  0  0  0 -2 -2  0 -1 -3 -2  1 1 0 0 0 0.03
 2 -1 -1 -1 -2  2  1 -1 -1 -1  0 -1 -1 -2  1  1  0 -3 -2  1 1 0 0 0 0.04
 3 -2 -2 -2 -1 -1 -2 -1 -2  2  0 -1  2 -2 -2  1  0 -3 -2  1 1 0 0 0 0.05
-1  1 -3 -3 -2 -2 -3 -4 -2  4  0 -2  0  1 -3 -2 -1 -2  2  3 1 0 0 0 0.06
 2 -2 -2 -2 -2 -1  0 -2 -1 -1  0 -2 -1  3 -2 -1 -1 -1  3  0 1 0 0 0 0.08
-1  1 -2 -3 -2 -2 -2  3 -2  1  2 -1  0 -1 -3 -2 -2 -3 -2  0 0 0 1 1 0.08
-1  0 -1  1 -2 -1 -1 -2 -1  1  1  2  0  2 -2  0 -1 -1  1 -1 0 0 1 0 0.09
 1 -1  2  4 -3  0  3 -1 -1 -2 -1  0 -2 -3 -1  0 -1 -3 -2 -2 0 0 1 1 0.11
-1  2  0 -1 -3  3  1  1  6 -3 -3  0 -2 -2 -2 -1 -1 -2  1 -3 0 0 1 1 0.13
 0 -2 -2  1 -2 -2 -2 -2 -2  1  1 -2  3  3 -2 -1 -1 -1  0  0 0 0 1 0 0.16
 0  1  3  0 -2  0 -1 -1 -1 -1  0  0  2 -2 -2  1  0 -3 -2 -1 0 0 1 1 0.17
-1  2  2  3 -3  0  0  1 -1 -3 -1  0 -2 -3 -2  1 -1 -3 -3 -2 0 0 1 1 0.20
 0 -2 -1 -2 -3  1 -1  5 -2 -3 -2 -1  2 -3 -2  0 -1 -3 -3 -2 0 0 1 1 0.19
-1  1 -1 -2 -3 -2 -2  5 -2 -3  0 -1 -2 -3 -3 -1 -2 -3 -3 -3 0 0 1 0 0.31
-1 -2 -2 -2 -2 -2 -2 -2 -2  1  0 -1 -1 -2  6  2  0 -3 -2 -1 0 0 1 1 0.26
 2 -2 -1 -1 -1 -1 -1  3 -2 -3 -3 -1 -2 -3  1  3  0 -3 -2 -2 0 0 1 1 0.37
 0 -2  0  2 -3 -2 -1  5 -2 -4 -4 -2 -3 -4 -2  0 -2 -3 -3 -4 0 0 1 1 0.37
 2 -1  4  2 -2  0  1 -1 -1 -3 -3 -1 -2 -3 -2  1  0 -4 -2 -2 0 0 1 0 0.45
 1 -2 -1  1 -1 -1 -1 -2 -2  1 -1 -1 -1 -2 -2  2  2 -3 -2  2 0 1 0 0 0.56
 1 -3 -3 -3 -1 -2 -3 -3 -3  2  1 -2  0 -1 -3 -2  0 -3 -2  4 0 1 0 0 0.53
 2 -2 -2 -2 -1  1 -1 -2 -2  2  0 -1  0 -2 -2  1  0 -3 -2  2 0 1 0 0 0.68
-1 -3 -3 -4 -1 -2 -3 -4 -3  2  2 -2  2 -1 -3 -2 -1 -3 -1  4 0 1 0 0 0.63
-2 -1  0 -2 -3  0 -1 -3  8 -2  0 -1 -1 -1 -3 -2 -2 -3  1 -2 0 1 0 0 0.67
 2 -1  0  0 -1  1  3 -1 -1 -2 -2  0 -2 -3 -1  2  0 -3 -2 -1 0 0 1 0 0.67
 0 -3 -1 -2 -2 -2 -3  5 -3  2 -1 -2 -1 -2 -3 -1 -1 -3 -3  0 0 0 1 0 0.55
-2  4  0 -1 -3  1  0 -2  6 -3 -3  1 -2 -2 -2 -1 -2 -3  0 -3 0 0 1 1 0.65
-1 -1  0 -1 -3  0 -1 -2  6 -3 -3 -1 -2 -2  6 -1 -1 -3  0 -3 0 0 1 0 0.78
-2  0  1 -1 -3  0  0 -2  8 -3 -3 -1 -2 -1 -2 -1 -2 -3  2 -3 0 0 1 1 0.84
-2  0  1 -1 -3  0  0 -2  8 -3 -3 -1 -2 -1 -2 -1 -2 -3  2 -3 0 0 1 1 0.81
-2  0  1 -1 -3  0  0 -2  8 -3 -3 -1 -2 -1 -2 -1 -2 -3  2 -3 0 0 1 1 0.83
-2  0  1 -1 -3  0  0 -2  7 -3 -3 -1 -2 -1 -2 -1 -2 -2  2 -3 0 0 1 1 0.85
