-2 -3 -3 -3 -4 -3 -2 -3 -3 -4 -4 -2 -4 -5  8 -2 -2 -5 -4 -4 0 0 1 1 0.84
-2  6 -1 -2 -4  1 -1 -3  3 -4 -3  3 -2 -4 -3 -1 -2 -4 -2 -3 0 0 1 1 0.78
 0  2  1 -1 -3  2  0 -2 -1 -3 -3  4  0 -3 -2  0 -1 -3  0 -2 0 0 1 1 0.69
 1 -3 -3 -4 -2 -2 -3 -3 -3  2  1 -3  4  0 -3 -2 -1 -3 -2  4 0 0 1 1 0.63
 0 -3 -2 -2 -4 -3 -3  6 -3 -5 -5 -1 -4 -4 -3 -1 -3 -4 -4 -4 0 0 1 1 0.56
-1 -2  3  2 -2 -1 -1  0 -1 -3 -3 -1 -2 -3 -2  3  3 -4 -3 -2 0 0 1 1 0.67
 3 -3 -3 -3 -2 -2 -2 -1 -3  1 -1 -2  0 -3  4  0  0 -3 -3  0 1 0 0 0 0.63
 0  0 -1 -1 -3  5  3 -2 -1 -3 -3  1 -2 -4 -2 -1  1 -3 -2 -3 1 0 0 1 0.64
 0  1  0  1 -3  2  1 -2  2 -3 -3  2 -2 -3 -2  3  0 -3 -2 -3 1 0 0 1 0.56
 0 -3 -3 -4 -2 -2 -3 -4 -2  0  4 -3  2  0  3 -2 -1 -2  3 -1 1 0 0 0 0.39
-3 -3 -4 -5 -4 -3 -4 -5  0 -3 -2 -4 -2  4 -5 -3 -3  1  8 -3 1 0 0 0 0.28
 1  2  0  4 -3  0  0 -1 -2 -3 -3 -1  1 -3 -2  0  1 -4 -3 -2 1 0 0 1 0.20
 0  1  2  2 -3  0  1  1 -1 -3 -3  1  0 -3 -2  1  0 -3 -2 -2 0 0 1 1 0.12
-1 -3  0 -3 -3 -2 -3  4  3 -3 -3 -2 -3  1 -3  1 -2 -1  6 -3 0 0 1 1 0.08
-1 -2 -1  2 -4  2  2 -3 -2 -3 -1  0 -2 -4  6 -1 -2 -4 -3 -3 0 0 1 1 0.04
-2 -3 -4 -5 -2 -3 -4 -5 -4  0  5 -3  1 -1 -4 -3  0 -3 -2  0 0 1 0 1 0.03
 3 -3 -3 -4  4 -3 -3 -3 -4  1 -1 -3 -1 -2 -3 -1 -1 -4 -3  4 0 1 0 0 0.02
 1 -4 -3 -3 -4 -3 -3 -3 -4 -4 -4 -2 -4 -5  8 -2 -2 -5 -4 -4 0 1 0 0 0.01
 5 -3 -2 -3 -2 -2 -2  3 -3 -3 -3 -2 -2 -4 -2  0 -1 -4 -3 -2 0 1 0 0 0.01
-2 -3 -4 -4 -2 -3 -4 -4 -4  3  1 -3  6 -1 -4 -3 -1 -3 -2  4 0 1 0 0 0.01
-2 -4 -4 -4 -2 -4 -4 -5 -4  5  0 -4  0 -2 -4 -3 -1 -4 -2  5 0 1 0 0 0.01
 4 -3 -2 -3 -2 -2 -2 -2 -3  0 -1 -2  1 -3 -2  1  1 -4 -2  3 0 1 0 0 0.01
 0  2 -1  1 -4  1  5 -3 -1 -4 -4  1 -3 -4 -2  1 -1 -4 -3 -3 0 1 0 0 0.01
-1 -2 -3 -3 -2  1 -1 -4 -1  2  1 -2  0 -2 -3 -2  1 -3 -2  4 0 1 0 1 0.01
 1  2  6  2 -3 -1 -1 -2  3 -4 -4 -1 -3 -4  0 -1 -1 -4 -3 -3 0 0 1 1 0.01
 0 -3 -2  2 -4 -2  1  0 -3 -4 -4 -2 -4 -5  7 -1 -2 -5 -4 -3 0 0 1 1 0.01
 0  6 -1 -1 -3  0 -1 -2  1 -3 -3  1 -2 -3  1  0  1 -3 -2 -3 0 0 1 1 0.01
 0 -1  0  5 -2 -1  0  1 -2 -3 -3 -1 -2 -3 -2  0  1 -3 -2 -2 0 0 1 0 0.01
-1 -2 -3 -3 -2 -2 -2 -3 -2  2  1 -2  4  1 -2 -1  0 -2  0  3 0 1 0 0 0.01
-1  0 -2 -2 -2  1  1 -3 -2  0  0 -1 -1 -2 -2 -1  3 -3 -2  3 0 1 0 0 0.01
-2 -3 -4 -4 -2 -3 -3 -4 -3  1  5 -3  3 -1 -3 -3 -2 -2 -2  1 0 1 0 0 0.01
-1 -3 -4 -4 -2 -2 -3 -4 -3  1  4 -3  5 -1 -4 -3 -1 -3 -2  0 0 1 0 0 0.01
 4 -3 -2 -3 -2 -2 -2 -1 -3 -1 -2 -2  0 -3 -2  1  0 -4 -3  2 0 1 0 0 0.01
-1 -3 -4 -5 -2 -3 -4 -4 -4  0  5 -3  2 -1 -4 -3 -2 -3 -1  0 0 1 0 0 0.01
 2 -3 -3 -4 -2 -3 -3 -1 -4  2 -1 -3 -1 -2 -3 -2  0 -4 -2  5 0 1 0 0 0.01
-3 -2  5  6 -4 -1  1 -2 -2 -4 -5 -2 -4 -5 -3 -1  0 -5 -4 -4 0 1 0 0 0.02
 1  0 -2 -3 -2 -1 -2 -3 -3  2  0 -2  1 -2 -2 -1  3 -3 -2  2 0 0 1 0 0.02
 2 -1  4  1  2 -1 -1 -1 -1 -3 -3 -1 -2 -3 -2  2  1 -4 -3 -2 0 1 0 0 0.03
 0  2 -2 -3  2 -1 -2 -1 -2  0  0  1 -1 -2 -3 -1  0 -3 -2  3 0 0 1 1 0.03
-2 -2  2  5 -4 -1  1 -2 -2 -4 -4 -1 -3 -4  3 -1  1 -5 -4 -3 0 0 1 1 0.03
 0  0 -1  2 -3  0  1  1 -2 -4 -4  0 -3 -4  5  0 -2 -4 -3 -3 0 0 1 1 0.03
 2 -1  0  0 -2  0  0  0 -2 -2 -2  0 -2 -3 -2  2  2 -3 -2  0 0 0 1 1 0.03
 2  0 -1 -1 -2  0 -1  3 -2 -2  0 -1 -1  0 -2  1  0 -3 -2 -2 0 0 1 1 0.02
 0  0  0  2 -3 -1  2  1 -2 -3 -4  1 -3 -4  5 -1  0 -4 -3 -3 0 0 1 1 0.02
-1 -1 -3 -2 -4 -2  1 -3 -3 -4 -4 -1 -3 -5  7 -1 -1 -5 -4 -3 0 0 1 1 0.02
 1  3 -1 -2 -3  2  1 -2  1 -1 -1  1 -1  0 -2  0  0 -3 -1 -1 0 0 1 1 0.01
-3 -4 -4 -4 -4 -3 -4 -4 -2 -3 -2 -3  1  4  4 -3 -3  9  4 -3 0 1 0 1 0.01
 5 -3 -3 -3 -2 -2 -2  0 -3 -2 -2 -2 -2 -3 -2  0 -1 -4 -3  1 0 1 0 0 0.01
 0 -3 -4 -4 -2 -3 -3 -4 -2  1  4 -3  0  0 -3 -2 -2 -1  4  1 0 1 0 0 0.01
 3  2 -2 -2  2 -1 -1 -2 -2  0 -2  2 -1 -3 -2  0  0 -3 -2  1 0 1 0 0 0.01
 1  0 -2 -3  1 -2 -2 -2 -2  2  2 -2  0 -1  0  0  1 -3 -1  1 0 1 0 0 0.01
-2  6 -2 -3 -4 -1 -2 -4 -2  1 -2  0  2  1 -4 -2 -2 -3 -2  0 0 1 0 0 0.01
 0  0  2  0 -2 -1 -1 -2 -2 -2 -3  0 -2 -3  1  1  4 -4 -3  0 0 1 0 1 0.01
-1 -3 -3 -4  3 -3 -3 -4 -3  2  0 -3  0  2 -3 -2 -1 -3 -1  4 0 1 0 0 0.01
-1  2  1 -1 -2  2  0 -1  2 -2 -2  1 -2 -3 -2  1  3 -3 -2 -1 0 0 1 1 0.01
 2  1  1 -1 -2 -1  0 -1 -1 -2 -2 -1 -2 -2  0  2  1 -3  1 -2 0 0 1 1 0.01
-2  1 -1 -3 -2 -2 -3 -4 -3  3  3 -2  1 -1 -3 -2 -1 -3 -2  2 0 0 1 0 0.02
-2  0 -2 -2 -4 -1  2 -2 -2 -4 -4  0 -3 -4  7 -1 -2 -4 -3 -3 0 0 1 1 0.02
 0 -2  1 -2 -3 -2  0  5 -2 -1 -1 -2  0 -3 -3 -1 -2 -3 -3 -2 0 0 1 1 0.02
-1  0 -1 -1 -1 -1 -1 -2  3  2  0 -1  1 -1 -1 -1  0 -2  0  2 0 0 1 0 0.03
 0  0  0  1 -1  1  2  0 -1 -1 -1  1 -1 -2  2  0  0 -1 -1 -1 0 0 1 1 0.03
 0  0  0  0 -1  0  0  1  0  0 -1  0  0 -1  0  0  0 -1 -1  0 0 0 1 1 0.03
 0 -1  0  0 -1  0  0 -1  3  0 -1  0 -1 -1 -1  0  2 -1 -1  1 0 0 1 1 0.03
 0  3  0  0 -2  1  1 -1  1 -1 -1  1  0 -2  1  0  1 -2 -1 -1 0 0 1 1 0.03
-1  4 -1 -2 -2  0 -1 -2 -1  0 -1  1 -1  2 -1 -1 -1  2  1  0 0 0 1 1 0.02
 0  3 -1 -1 -2  0  1 -2 -1 -1 -2  2 -1 -3 -2 -1  1 -3 -2  1 0 0 1 1 0.02
-1 -1 -3 -3 -2 -2 -3 -3 -3  1  1 -1  0 -2  3 -2 -1 -3 -2  4 0 0 1 1 0.02
-1 -4 -2 -3 -4 -3 -4  7 -4 -5 -5 -3 -4 -5 -4 -2 -3 -4 -5 -5 0 0 1 1 0.01
 1  0 -1  2 -3  3  4 -2 -1 -3 -3  0 -1 -4 -2  0  1 -4 -3 -2 0 0 1 0 0.01
-2  6 -2 -2 -4  0 -1 -3 -2 -4 -3  4 -3 -4  1 -2 -1  2 -3 -4 0 1 0 1 0.01
-2 -4 -4 -4 -2 -3 -4 -5 -4  4  1 -4  0 -2 -4 -3 -1 -4 -2  5 0 1 0 0 0.01
 0 -4 -4 -3 -4 -3 -3 -4 -4 -3 -4 -3 -4 -5  8 -2 -2 -5 -4 -1 0 1 0 0 0.01
 2 -3 -2 -3  7 -2 -2 -2 -3 -1 -2 -2 -2 -3 -3  3  1 -4 -3  1 0 1 0 0 0.01
 1 -3 -4 -4 -2 -3 -3 -3 -4  1  0 -3  4 -2 -3 -2 -1 -4 -2  5 0 1 0 0 0.02
 5 -2 -2 -2 -1 -2 -2 -1 -2 -2 -2 -2 -2 -3 -2  1  0 -3 -3 -1 0 1 0 0 0.02
-1 -3 -3 -4 -2 -3 -3 -4 -3  2  2 -3  0  1 -3 -2  0 -3 -1  4 0 1 0 0 0.03
 0  0 -1 -2 -2 -1 -2  0  3 -1  0 -1 -1  2 -2  1  2 -2  2 -1 0 1 0 1 0.05
 0 -3  0  0 -3 -2 -2  5 -3 -4 -4 -2 -3 -4 -3  2 -1 -4 -4 -3 0 0 1 0 0.06
 0  1  1  2 -3  2  0  1 -1 -2 -2 -1  0  2 -2 -1  0 -2  0 -2 0 0 1 1 0.09
-1  5 -1 -2 -3  0  0 -1  1 -1 -2  0 -2 -3 -2  1 -1 -3 -2  1 0 1 0 1 0.09
 2  0  1 -1 -2  0  1  0 -2 -3 -3  1 -2 -3  0  2  2 -3 -2 -2 0 0 1 1 0.08
 0  0  1  0 -2 -1 -1 -2 -2  0 -1 -1  1 -1  3  1  2 -3 -2  0 0 0 1 1 0.08
 0  4  0  1 -3  0  1  1  2 -4 -3  1 -2 -4  3  0 -1 -4 -2 -3 0 0 1 1 0.07
-1  0  1  3 -3  2  0  1  0 -4 -3 -1 -2 -3 -2  1 -1  6 -2 -3 0 0 1 1 0.07
 0  1  0 -1 -2  3  0 -1 -1 -2 -1  1 -1 -3  2  2  1 -3 -2 -2 0 0 1 1 0.05
-1  1  0  3 -3  0  2  2  0 -3 -3  1 -2 -3  1 -1 -1 -3 -2 -3 0 0 1 1 0.04
-2  3 -1 -2 -3  0 -1 -3  5 -2  0 -1 -1  0 -2 -1  2 -2  1  0 0 1 0 0 0.03
-4 -1 -5 -6 -4 -4 -4 -4  0 -4 -3 -4 -3  2 -5 -4 -4 11  3 -4 0 1 0 0 0.02
-1  0 -1  2 -3  4  2  0 -1 -1 -3 -1 -2 -3 -3 -1 -1  6 -2 -2 0 1 0 1 0.02
-1  0  1  2 -3  2  3 -2 -1 -2 -2  0  2 -1 -2  1 -1 -3 -2 -1 0 1 0 1 0.01
-2 -4 -4 -4 -2 -4 -4 -4 -3  4  1 -4  0  4 -4 -3 -2 -2  0  3 0 1 0 0 0.01
-1 -1  0  1 -2  0  2 -1  2 -3 -2 -1 -2 -3 -2  3  2 -4 -2 -2 0 1 0 1 0.01
 1 -3 -3 -3 -4 -3 -3 -3 -4 -4 -4 -2 -4 -1  8 -2 -2 -5 -4 -3 0 1 0 0 0.01
-2  0 -3 -4 -3 -2 -3 -4 -3  1  1 -2  7 -2 -3  1 -1 -3 -2  1 0 1 0 0 0.01
-3 -4 -4 -3 -5 -3 -3 -4 -4 -5 -5 -3 -4 -5  8 -3 -3 -6 -5 -4 0 1 0 0 0.01
-2 -4 -4 -4 -2 -4 -4 -5 -4  5  2 -4  0 -1 -4 -3 -2 -4 -2  3 1 0 0 0 0.00
 4 -2 -2 -2  4  0  0  0 -2 -2 -2 -1 -2 -3 -2  1  1 -3 -3 -1 1 0 0 0 0.01
-4 -5 -6 -6 -4 -4 -5 -5 -4 -4 -3 -5 -3  2 -6 -5 -4 12  2 -5 1 0 0 0 0.01
 3 -3 -2 -3 -2 -2 -2  5 -3 -3 -3 -2 -3 -4 -3  0 -2 -4 -3  0 0 0 1 0 0.01
 0 -3 -1 -2 -2 -2 -2 -3 -3 -2 -3 -2 -2 -4 -3  1  7 -4 -3 -2 0 0 1 0 0.01
 0  2  1  1 -3 -1 -1  0  0 -3 -3  1 -2 -3  4  1  1 -4 -2 -2 0 0 1 1 0.01
-3 -3  3  7 -5 -1  1 -3 -2 -5 -5 -2 -4 -5 -3 -1 -2 -6 -4 -5 0 0 1 1 0.01
 2  1 -1 -1 -3  2  2 -2 -2 -3 -3  1 -2 -4  4  1 -1 -4 -3 -2 1 0 0 1 0.01
 2 -1  1  2 -3  1  2 -2  0 -3 -3  2 -2 -3 -2  1  1 -4 -2 -2 1 0 0 1 0.01
 1 -3 -4 -4 -2 -3 -3 -3 -4  1 -1 -3 -1 -2 -3 -2  0 -4 -2  5 1 0 0 1 0.01
-2 -1 -4 -4 -2 -3 -4 -4 -4  4  2 -3  0 -1 -4 -3 -2  4 -2  3 1 0 0 0 0.01
 1  3 -1  2 -3  0  1 -2 -2 -3 -3  2 -2 -4 -2  0  1 -4 -3 -2 1 0 0 1 0.01
 1  4 -1  1 -3  1  0 -1  3 -1 -2  1  0 -3 -2 -1 -1 -3 -2 -2 1 0 0 1 0.01
 6 -3  1 -3 -2 -2 -2 -1 -3 -3 -2 -2 -2 -4 -2  0 -1 -4 -3 -2 1 0 0 0 0.02
 0  2 -1 -1 -3  1  3 -1 -1  1 -1  0  1  0 -2  0 -1 -3 -2 -1 1 0 0 1 0.02
 1  3 -1  1 -3  0  2 -2 -1 -3 -3  3 -2 -4 -2  1 -1 -4 -3 -3 1 0 0 1 0.02
 4  1  0 -2 -2  1  1 -1 -2 -3 -3 -1 -2 -3 -2  2  1 -3 -3 -2 1 0 0 1 0.02
-2 -4 -4 -4 -2 -4 -4 -5 -4  6  0 -4  0 -1 -4 -3 -2 -3  1  3 0 0 1 0 0.02
-1 -3 -2  2 -3 -2  0 -3 -3 -4 -4 -2 -3 -4  7  2  0 -5 -4 -3 0 0 1 1 0.02
 0  0 -1  1 -3  3  2 -1  1 -2 -3  0 -2 -3  1  1  0 -3 -2 -1 1 0 0 1 0.02
 0  1  2  1 -3  1  3 -1 -1 -2 -3  0 -2 -3  0  1 -1 -4 -3  0 1 0 0 1 0.02
 0 -1 -1  1 -4  5  5 -3 -1 -3 -1  0 -2 -4 -2  0 -2 -4 -3 -3 1 0 0 0 0.02
-5 -5 -6 -7 -4 -4 -5 -5 -5 -5 -4 -5 -4 -1 -6 -5 -5 12  0 -5 1 0 0 0 0.02
-1  3  3  3 -4  2  1 -2 -1 -2 -3  2 -2 -4 -2 -1 -1 -4 -3 -3 1 0 0 1 0.02
-2  2  0 -2 -3  2 -1 -3 -1  1  1  1  1  0 -3 -1  0 -3 -1  0 1 0 0 1 0.02
-2 -3 -5 -5 -2 -3 -4 -5 -4  0  5 -4  1 -1 -4 -4 -2 -3 -2  0 1 0 0 0 0.03
-1  2  0  0 -3  3  3 -2  0 -2  0  0 -1 -3 -2  0 -1 -3 -2 -2 1 0 0 1 0.04
 2  3 -1  0 -2  1  1  1 -1 -3 -3  3 -2 -3 -2  0  0 -3 -2 -2 1 0 0 1 0.05
 1  0  4 -1 -2 -1 -2  3 -1 -1  0  0 -1 -2 -2 -1 -1 -3 -2 -2 1 0 0 0 0.07
 0  2 -2 -3 -2 -1 -2 -3 -2  2  1  0  1 -1 -2 -1  0 -3 -2  2 1 0 0 0 0.08
 0  0  2  3 -3  1  1  0 -1 -3 -3  2 -2 -3  0  0  0 -3 -3 -2 1 0 0 1 0.08
-2  6 -1 -1 -4  2  0 -3 -1 -3 -2  1  0 -3 -3 -2 -2 -3 -3 -3 1 0 0 1 0.12
 0 -3 -3 -3 -2 -2 -3 -1 -3  1  3 -2  0  0 -3  0 -1  1  0  3 1 0 0 0 0.16
 0 -2  0  4 -3  0  4 -1 -2 -3 -4 -1 -3 -4  2  0  0 -4 -3 -3 1 0 0 1 0.19
-2  1 -1  4 -5  2  4 -3 -1 -4 -4  2 -3 -4 -2 -1 -2 -4 -3 -4 1 0 0 1 0.21
 0 -3 -4 -4 -2 -3 -3 -4 -4  3  0 -3  0 -2 -3 -2  0 -4 -2  5 1 0 0 0 0.23
-2  5 -1 -1 -4  1  0 -3  1 -3 -2  3  0 -3 -2  0 -1 -4 -2 -2 1 0 0 1 0.24
 3  2 -1 -2 -2  0  1  0 -2 -3 -3  2 -2 -3 -2  0  0 -3 -3 -2 0 0 1 1 0.22
 1  1  0 -1 -2 -1 -1 -2  1 -2 -2  0 -2 -3 -2  2  4 -3 -2 -1 0 0 1 1 0.24
-1  2  0 -1 -3  0 -1 -1 -2 -3 -3  3 -2 -3  4  0  0  3 -2 -3 0 0 1 1 0.25
-1  2  0  2 -3  0  0 -1  2 -2 -2  0 -1  1 -2  0  1 -2  2 -2 0 0 1 1 0.30
-2  3  4  3 -4  2  0 -2 -1 -4 -4  1 -3 -4 -2  1 -1 -4 -3 -3 0 0 1 1 0.30
-2  2 -4 -4 -2 -2 -3 -4 -3  1  4 -2  2  1 -4 -3 -2 -3 -2  0 0 1 0 0 0.34
-2 -3 -4 -4 -2 -3 -3 -4 -3  1  4 -3  2  1 -4 -3 -2 -2  0  2 0 1 0 0 0.33
-1 -2 -3 -2 -2 -1  1 -3 -3  1  2 -1  0 -1  3 -2  0 -3 -2  2 0 1 0 1 0.30
-2 -3 -4 -5 -2 -3 -4 -5 -4  2  5 -3  1  0 -4 -3 -2 -3 -2  0 0 0 1 1 0.37
