-3 -3 -4 -4 -3 -3 -3 -3 -2 -1  0 -3 -1  5 -4 -3 -2  9  3 -2 0 0 1 1 0.51
-1 -2  1  4 -3 -1  0  4 -2 -4 -4 -1 -3 -4 -2  0 -1 -4 -3 -3 0 0 1 1 0.43
-1  1  1  4 -4  1  1 -2 -1 -3 -3  3 -2 -4 -1  0 -1 -4 -3 -3 0 0 1 1 0.45
-1 -2 -2 -3 -1 -2 -2 -3 -3  3  1 -2  0 -1 -2  0  2 -3 -2  3 0 0 1 0 0.40
 0 -2 -2 -3 -1 -2 -2 -3 -3  2  0 -2  0 -1 -2  0  3 -3 -2  3 0 0 1 1 0.31
 0 -3 -3 -4 -1 -3 -3 -4 -4  3  1 -3  1 -1 -3 -2  0 -3 -1  4 0 0 1 0 0.32
 1  0  0 -1 -2  0  0 -1 -1 -3 -3  2 -2 -3 -1  4  1 -3 -2 -2 0 0 1 1 0.33
-1  3  0  0 -4  1  3 -2 -1 -3 -3  4 -2 -3 -1  0 -1 -3 -2 -3 1 0 0 1 0.34
-1  1  0  1 -4  3  4 -2  0 -3 -3  3 -2 -4 -1  0 -1 -3 -2 -3 1 0 0 1 0.29
-2 -1  6  1 -3  1  2 -1  0 -4 -4  0 -2 -3 -2  0  0 -4 -2 -3 1 0 0 0 0.29
 2  1 -1  0 -2  3  2 -1 -1 -3 -2  2 -1 -3 -1  0 -1 -3 -2 -2 1 0 0 0 0.23
 4 -1 -1 -1 -1 -1 -1  0 -2 -2 -2 -1 -1 -3 -1  2  0 -3 -2 -1 1 0 0 0 0.19
 4 -2 -2 -2 -1 -1 -1 -1  0 -2 -2 -1 -1  0 -1  1 -1 -1  4 -1 1 0 0 0 0.16
-1 -2 -3 -3 -2 -1 -2 -3 -2  2  2 -2  6  0 -3 -2 -1 -2 -1  2 1 0 0 0 0.14
-1  2  0 -1 -3  3  1 -2 -1 -3 -3  5 -1 -3 -1  0 -1 -3 -2 -3 1 0 0 0 0.10
-1  2 -2 -3 -2 -1 -2 -3 -2  3  1 -1  0 -1 -3 -2 -1 -3 -2  3 1 0 0 0 0.07
 3 -2 -1 -2 -2 -1 -2  5 -2 -3 -3 -1 -2 -3 -2  0 -1 -3 -3 -2 1 0 0 0 0.05
-1 -2 -3 -4 -2 -1 -3 -3 -2  1  2 -2  6  4 -3 -2 -1 -1  1  0 1 0 0 0 0.04
-1 -2 -3 -3 -1 -2 -3 -3 -3  3  2 -2  4  0 -3 -2 -1 -2 -1  3 1 0 0 0 0.03
-1  1  3  1 -3  1  3 -2  0 -3 -3  3 -2 -3 -1  0 -1 -3 -2 -3 1 0 0 1 0.02
-2 -3 -3 -4 -3 -3 -3 -3  0 -1  0 -3  0  6 -4 -2 -2  1  5 -1 1 0 0 0 0.02
-2 -2 -4 -4 -1 -2 -3 -4 -3  2  4 -3  2  0 -3 -3 -1 -2 -1  1 1 0 0 0 0.02
-2 -2  1  6 -4  0  1 -2 -1 -4 -4 -1 -3 -4 -2  0 -1 -5 -3 -4 1 0 0 0 0.02
 2 -1 -1  0 -1  0  2 -1 -1 -1 -1  0  2 -2 -1  1  0 -3 -2 -1 1 0 0 1 0.02
-1  4  0  0 -4  1  3 -2 -1 -3 -3  4 -2 -3 -2  0 -1 -3 -2 -3 1 0 0 0 0.02
 2 -2 -2 -3 -1 -1 -2 -2 -2  0  2 -1  3 -1 -2  0  1 -2 -2  0 1 0 0 0 0.02
-1 -2  0  1 -2 -1 -1  3  4 -1 -2 -1 -1 -2 -2 -1 -1 -3 -1  1 1 0 0 1 0.01
-1  3 -1 -1 -3  1  0 -2 -1 -1 -2  4 -1 -3 -2 -1 -1 -3 -2  0 1 0 0 1 0.01
-2 -3 -3 -4 -2 -3 -3 -4 -2  0  2 -3  1  6 -4 -3 -2  0  2  0 1 0 0 0 0.01
-1  1 -1 -1 -3  1  0 -2 -1  0 -1  4 -1 -3 -2 -1 -1 -3 -2  1 1 0 0 0 0.01
-1  4  0  0 -4  1  2 -2 -1 -3 -3  4 -2 -3 -1  0 -1 -3 -2 -3 1 0 0 1 0.01
-2  5 -1 -2 -3  0 -1 -3  5  0 -1  1 -1 -2 -3 -1 -1 -3  0 -1 1 0 0 1 0.01
-2 -3 -4 -4 -2 -3 -3 -3 -3  2  0 -3  0  3 -3 -3 -2  7  1  2 1 0 0 0 0.01
-1  3 -1  0 -3  1  3 -3 -1 -1  1  1  0 -2 -2 -1 -1 -3 -2 -1 1 0 0 1 0.01
-1 -1  2  4 -3  0  0  3 -1 -4 -4  1 -3 -4 -2  0 -1 -4 -3 -3 1 0 0 1 0.01
 2 -2 -2 -3 -1 -1 -2 -2 -2  2  1 -2  5 -1 -2 -1 -1 -2 -1  1 1 0 0 1 0.01
-1  3  3 -1 -3  0 -1  4 -1 -4 -3  0 -2 -3 -2  0 -1 -3 -3 -3 0 0 1 1 0.01
-3 -3 -3 -4 -3 -2 -3 -3  0 -2 -2 -3 -2  2 -4 -3 -2 10  6 -2 0 0 1 1 0.01
-1  0  3  0 -3  0  0 -2 -1 -3 -3  2 -2 -4  6  0 -1 -4 -3 -3 0 0 1 1 0.01
-2 -3 -4 -4 -1 -3 -3 -4 -3  3  3 -3  2  0 -3 -3 -1 -2 -1  2 0 0 1 0 0.01
 0 -1  0 -1 -2  3  0  3 -1 -2 -2  0 -1 -3 -2  1  3 -3 -2 -1 0 0 1 0 0.01
-1  0 -2 -1 -3 -1 -1 -2 -2 -3 -3  2 -2 -4  7 -1 -1 -4 -3 -3 1 0 0 1 0.01
-1 -3 -2 -2 -3 -2 -2  2 -2 -2 -2 -2 -2  3  6 -1 -2 -2  0 -2 1 0 0 0 0.01
-1  0 -1  0 -3  4  3 -2  0 -2 -2  0 -1  3 -2 -1 -1 -1  0 -2 1 0 0 0 0.01
-1 -2 -2 -3 -2 -2 -2 -3 -1  0 -1 -2 -1  0 -3 -1  2  8  3  1 1 0 0 0 0.01
-1 -2  0  3 -2 -1  0 -2 -2 -1 -1 -1 -1  3 -2  0  3 -2  0 -1 1 0 0 0 0.01
-1 -1 -1 -1 -2  0  2 -2 -2  0  1 -1  0 -2 -2  0  3 -3 -2  0 1 0 0 0 0.01
-2 -2 -3 -4 -2 -2 -3 -4 -3  1  4 -2  4  0 -3 -2 -1 -2 -1  1 1 0 0 0 0.01
-1  3 -2 -2 -2  0 -1 -3 -2  0  2  2  1 -1 -2 -1 -1 -2 -2 -1 1 0 0 0 0.01
-2  0 -2 -3 -3 -1 -1 -3  1 -2 -2  2 -1  2 -3 -1 -2  1  7 -2 1 0 0 1 0.01
-1 -2 -3 -4 -2 -2 -3 -4  0  1  2 -2  0  2 -3 -2 -1  1  5  2 1 0 0 0 0.01
 1 -1  5  1 -2  0 -1  0  0 -3 -3  0 -2 -3 -2  1  0 -4 -2 -2 1 0 0 0 0.01
-2  5 -1 -2 -3  0 -1 -3 -1  1 -1  1 -1 -2 -3 -1 -1 -3 -2  0 1 0 0 0 0.01
-1  1  0  1 -4  3  4 -2  0 -3 -3  3 -2 -4 -1  0 -1 -3 -2 -3 1 0 0 1 0.01
-2  6 -1 -2 -4  1  0 -3  0 -3 -2  2 -2 -3 -2 -1 -1 -3 -2 -3 1 0 0 0 0.01
-2 -2 -3 -4 -2 -2 -3 -4 -3  1  4 -2  4  0 -3 -2 -1 -2 -1  1 1 0 0 0 0.01
-1 -2 -3 -3 -2 -1 -3 -3 -2  3  2 -2  5  0 -3 -2 -1 -2 -1  2 1 0 0 0 0.01
-1  3  0  2 -4  1  3 -2 -1 -3 -3  3 -2 -3 -2  0 -1 -3 -2 -3 1 0 0 1 0.01
-2 -3 -3 -4 -2 -2 -3 -3 -1  0  0 -3 -1  3 -3 -2 -2  8  4  1 0 1 0 1 0.01
-1 -4 -3 -4 10 -3 -4 -3 -3 -2 -2 -4 -2 -3 -3 -1 -1 -3 -3 -1 1 0 0 0 0.01
-2  2  0 -2 -3  0 -1 -3  7 -2 -1  0  3 -1 -3 -1 -2 -2  1 -2 1 0 0 0 0.01
 0 -1  2  3 -2 -1  0  3 -1 -3 -3 -1 -2 -3 -2  1  1 -3 -3 -2 1 0 0 1 0.01
-2 -2 -3 -4 -3 -2 -3 -3  1 -1 -1 -2 -1  4 -3 -2 -2  2  7 -1 1 0 0 0 0.01
 2 -2 -2 -2 -1 -1 -2 -2 -2  1  1 -2  0 -1 -2  0  2 -3 -2  2 1 0 0 0 0.01
 1  3 -1 -1 -2  0  2 -2 -1  1 -1  0 -1 -2 -2 -1 -1 -3 -2  0 1 0 0 0 0.01
-2 -3 -3 -4 -2 -2 -3 -3 -1  0  1 -3  0  3 -3 -2 -2  8  4  1 1 0 0 1 0.01
 1 -1  1  0 -1  0  0  0 -1 -3 -3  0 -2 -3 -1  5  1 -3 -2 -2 1 0 0 0 0.01
-1  2  0 -1 -3  3  1 -2 -1 -3 -3  5 -1 -3 -1  0 -1 -3 -2 -3 1 0 0 0 0.01
-1  4  0 -1 -4  1  0 -2 -1 -3 -3  5 -2 -3 -1  0 -1 -3 -2 -3 1 0 0 0 0.01
-2 -3 -4 -4 -1 -3 -3 -4 -3  4  3 -3  1  0 -3 -3 -1 -3 -1  2 1 0 0 1 0.01
-2 -3 -4 -4 -1 -3 -3 -4 -3  4  3 -3  1  0 -3 -3 -1 -3 -1  2 1 0 0 0 0.01
-1 -1 -2 -2 -2  3 -1 -3 -1  1  3 -1  4  0 -3 -2 -1 -2 -1  0 1 0 0 1 0.01
-2 -2 -4 -4 -2 -2 -3 -4 -3  1  4 -3  3  0 -3 -3 -1 -2 -1  1 1 0 0 1 0.01
 0  1  0 -1 -3  0  0  4 -1 -3 -3  3 -2 -3 -2  0 -1 -3 -3 -3 0 0 1 1 0.01
-1 -2 -1 -2 -3 -1 -2  4  5 -3 -3 -2 -2  0 -3 -1 -2  0  4 -3 0 0 1 1 0.01
-2  3  4  0 -3  0 -1 -2  0 -1  1  0  0 -2 -3  0 -1 -3 -2 -2 0 0 1 1 0.01
-1  1 -1 -1 -3  0  0 -2 -2 -3 -3  3 -2 -4  6 -1 -1 -4 -3 -3 0 0 1 1 0.01
-1 -3 -4 -4 -1 -2 -3 -4 -3  2  4 -3  2  0 -3 -2 -1 -2 -1  2 0 0 1 1 0.01
-2 -1  6  1 -3  0  0 -1  0 -4 -4  0 -2 -3 -2  0  0 -4 -2 -3 0 0 1 1 0.01
-1  2  0  0 -4  1  3 -2 -1 -3 -3  4 -2 -3 -1  0 -1 -3 -2 -3 1 0 0 1 0.01
 1  2 -1 -1 -3  1  0 -1 -1 -3 -3  5 -2 -3 -1  0 -1 -3 -2 -2 1 0 0 1 0.01
-1 -1  4  0 -2 -1 -1 -1  0 -2 -2 -1 -2  0 -2  0  2 -1  4 -2 1 0 0 0 0.01
-2 -3 -3 -4 -2 -3 -3 -4 -2  0  2 -3  1  6 -4 -3 -2  0  2  0 1 0 0 0 0.01
 2  0 -1 -1 -1  0  0 -1 -2 -2 -2  2 -1 -3 -1  1  3 -3 -2 -1 1 0 0 0 0.01
-1  5  0 -1 -4  1  0 -2 -1 -3 -3  4 -2 -3 -2 -1 -1 -3 -2 -3 1 0 0 1 0.01
-1 -2 -3 -3 -2 -1 -2 -3 -2  2  2 -2  6  0 -3 -2 -1 -2 -1  2 1 0 0 0 0.01
 0 -3 -1 -2 -3 -2 -2  6 -2 -4 -4 -2 -3 -4 -2  0 -2 -3 -3 -4 1 0 0 0 0.01
-2  6 -1 -2 -4  1  0 -3  0 -3 -2  2 -2 -3 -2 -1 -1 -3 -2 -3 1 0 0 1 0.01
-2 -3 -3 -4 -2 -3 -3 -4 -1  3  1 -3  0  4 -3 -2 -1  0  4  1 1 0 0 1 0.01
-1 -3 -4 -4 -1 -3 -3 -4 -3  3  3 -3  2  0 -3 -2 -1 -2 -1  3 1 0 0 0 0.01
 2 -2 -1 -2 -2 -2 -2  5 -2 -3 -3 -1 -2 -3 -2  0 -1 -3 -3 -2 1 0 0 0 0.01
-3 -3 -4 -4 -3 -2 -3 -3 -1 -3 -2 -3 -2  2 -4 -3 -3 11  5 -3 1 0 0 1 0.01
-1  5  0 -1 -4  1  0 -2 -1 -3 -3  4 -2 -3 -2 -1 -1 -3 -2 -3 1 0 0 1 0.01
-1 -1  6  1 -3  0  0 -1  0 -3 -4  0 -2 -3 -2  2  0 -4 -2 -3 0 0 1 0 0.01
-2  0 -1 -2 -3  4  0 -3  1 -2 -2  0 -1  1 -2 -1 -1  1  6 -2 1 0 0 1 0.01
-2 -3 -3 -3 -2 -2 -3  2 -3 -1  1 -3  0  0 -3 -2 -2  9  1 -2 1 0 0 1 0.01
 1 -3 -3 -3 -1 -2 -3 -3 -3  3  1 -2  1 -1 -2 -1  0 -3 -2  3 1 0 0 1 0.01
-1 -3 -3 -4 -1 -3 -3 -4 -3  3  2 -3  1  0 -3 -2 -1 -3 -1  3 1 0 0 0 0.01
-2  4 -1 -2 -3  0  0 -2 -1 -2 -1  3 -1  3 -2 -1 -1 -1  0 -2 1 0 0 1 0.01
-1  5  0  0 -4  3  3 -2  0 -3 -3  2 -2 -3 -2 -1 -1 -3 -2 -3 1 0 0 1 0.01
-1  4 -2 -3 -2  0 -1 -3 -1  0  2  0  3 -1 -3 -2 -1 -2 -1  0 1 0 0 1 0.01
-2 -1 -2 -2 -3  3  0 -3  0 -2 -2  0 -1  1 -3 -1 -2  8  4 -2 1 0 0 0 0.02
 1 -3 -3 -3 -1 -2 -2 -2 -3  2  0 -2  0  0 -3 -1 -1  9  0  0 1 0 0 1 0.02
-1 -1  0  3 -3  0  2  3  4 -4 -4 -1 -3 -3 -2  0 -1 -3 -1 -3 1 0 0 1 0.02
-1 -2 -3 -3 -1 -2 -3 -3 -3  2  1 -2  4 -1 -3 -2  0 -2 -1  3 1 0 0 0 0.02
-1 -3 -3 -4 -2 -3 -3 -4 -3  2  2 -3  1  4 -3 -2 -1 -1  1  2 1 0 0 1 0.02
-1  5  0 -2 -4  1  0 -2 -1 -3 -3  3 -2 -3 -2 -1 -1 -3 -2 -3 1 0 0 1 0.02
-1 -1  0  3 -1 -1  0 -1 -1  1  0 -1  0 -1 -1 -1  0 -2 -1  2 1 0 0 1 0.02
 0 -1 -2 -2 -1 -1 -1 -2 -2  1  1 -1  4  0 -1 -1  0 -1 -1  2 0 0 1 0 0.03
-1  4  0 -1 -3  3  1 -2  0 -3 -2  3 -1 -3 -2  0 -1 -3 -2 -3 0 0 1 1 0.03
-1  4  3  0 -3  0 -1  3  0 -4 -3  1 -2 -3 -2  0 -1 -3 -2 -3 0 0 1 1 0.04
-2 -2 -3 -4 -2 -2 -3 -4  0  0  2 -3  0  4 -3 -2 -2  1  5  0 0 0 1 1 0.04
-1  4  0 -1 -3  1  0 -2 -1 -3 -3  4 -2 -3 -1  0 -1 -3 -2 -3 0 0 1 1 0.05
 1  3  0 -1 -2  0 -1  3 -1 -3 -3  0 -2 -3 -2  1  0 -3 -2 -2 0 0 1 0 0.07
 0 -1  0  0 -1  0  0 -1 -1 -2 -2  0 -1 -2  5  2  0 -2 -1 -1 0 0 1 1 0.08
 0  1  0  0 -2  1  3 -1  0 -2 -2  3 -1 -2  0  0  0 -2 -1 -1 0 0 1 1 0.09
-1 -1 -1 -2 -1 -1 -1 -2 -1  2  1 -1  3  0 -1 -1  0 -1 -1  1 0 0 1 1 0.09
 0 -1  0 -1 -1 -1 -1 -1 -2 -1 -2 -1 -1 -2 -1  2  5 -3 -2  0 0 0 1 1 0.09
 4  0 -1 -2 -1  0  0  0 -2 -2 -2  2 -1 -3 -1  1  0 -3 -2 -1 1 0 0 1 0.09
 2 -2 -2 -2 -1 -2 -2 -2 -3  2  0 -2  0 -2  5 -1 -1 -3 -2  1 1 0 0 1 0.10
 2 -2 -2 -3 -1 -1 -2 -1 -2  0  1 -1  5 -1 -2  0 -1 -2 -1  0 1 0 0 0 0.09
-1  4  0 -1 -3  3  1 -2  0 -3 -3  4 -1 -3 -2  0 -1 -3 -2 -3 1 0 0 1 0.08
-1  2  0 -1 -3  1  1 -2 -1 -3 -3  5 -2 -3 -1  0 -1 -3 -2 -3 1 0 0 1 0.08
-2 -3 -3 -4 -2 -2 -3 -4 -1  3  2 -3  1  1 -3 -2 -1  0  4  1 1 0 0 0 0.07
 0 -2 -2 -2 -1 -2 -2 -2 -2  1  2 -2  1 -1 -2  1  0 -3 -1  2 1 0 0 0 0.06
 2 -1  0  3 -1 -1  0  0 -1 -2 -3 -1 -2 -3 -1  2  0 -3 -2 -1 1 0 0 1 0.06
-1  0 -1 -2 -2  0 -1 -2 -2  0  0  2  4 -1 -2  0  2 -2 -2  0 0 0 1 1 0.06
-1  1  0  3 -4  1  1 -2 -1 -3 -3  4 -2 -4 -1  0 -1 -4 -2 -3 0 0 1 1 0.05
-1 -2 -1  3 -2 -1  0 -2 -2  0 -1 -2 -1 -2  5 -1 -1 -4 -2  2 1 0 0 0 0.05
 3 -2 -1 -2 -2 -2 -2  5 -2 -3 -3 -1 -2 -3 -2  0 -1 -3 -3 -2 1 0 0 0 0.07
-1 -1  0  4 -3  0  3 -2 -1 -2 -3  0 -2 -3 -1  0  2 -3 -2 -2 1 0 0 1 0.12
-2 -3 -4 -4 -2 -3 -3 -4 -2  1  4 -3  2  4 -3 -3 -2 -1  1  0 0 0 1 0 0.14
-1 -2 -2 -2 -3 -2 -1 -2 -2 -3 -3 -1 -3 -4  8 -1 -1 -4 -3 -3 0 0 1 1 0.15
-1 -4 -3 -4 10 -3 -4 -3 -3 -2 -2 -3 -2 -3 -3 -1 -1 -3 -3 -1 0 0 1 0 0.18
-1  1 -1 -1 -3  0  0 -2 -1 -3 -3  3 -2 -4  6 -1 -1 -4 -3 -3 0 0 1 1 0.14
-1 -1  4  0 -2 -1 -1 -2 -1  1 -1 -1  0 -2 -2  0  0 -4 -2  2 0 1 0 1 0.21
-1  4  0  0 -4  2  4 -2  0 -3 -3  2 -2 -3 -2  0 -1 -3 -2 -3 0 0 1 1 0.34
-1  2  0 -1 -3  1  1 -2 -1 -3 -3  5 -1 -3 -1  0 -1 -3 -2 -2 0 0 1 1 0.48
-1  4 -2 -2 -2  0 -1 -3 -1  2  0  1  0 -1 -3 -2 -1 -3 -2  1 0 0 1 1 0.52
-2  4  0 -1 -3  1  0 -2  6 -3 -3  1 -2 -2 -2 -1 -2 -3  0 -3 0 0 1 1 0.62
 0 -3  0 -1 -3 -2 -2  6 -2 -4 -4 -2 -3 -3 -2  0 -2 -3 -3 -3 0 0 1 1 0.69
