-1 -1 -2 -3 -1  0 -2 -3 -2  1  2 -1  5  0 -2 -1 -1 -1 -1  1 0 0 1 1 0.97
 0 -2  0 -1 -2 -2 -2  6 -2 -4 -4 -2 -3 -3 -2  0 -2 -2 -3 -3 0 0 1 1 0.98
 1 -1  1  0 -1  0  0  0 -1 -2 -2  0 -1 -2 -1  4  1 -3 -2 -2 0 0 1 0 0.98
 1 -1  1  0 -1  0  0  0 -1 -2 -2  0 -1 -2 -1  4  1 -3 -2 -2 0 0 1 0 0.98
-2  0  1 -1 -3  0  0 -2  8 -3 -3 -1 -2 -1 -2 -1 -2 -2  2 -3 0 0 1 0 0.98
-2  0  1 -1 -3  0  0 -2  8 -3 -3 -1 -2 -1 -2 -1 -2 -2  2 -3 0 0 1 0 0.98
-2  0  1 -1 -3  0  0 -2  8 -3 -3 -1 -2 -1 -2 -1 -2 -2  2 -3 0 0 1 0 0.99
-2  0  1 -1 -3  0  0 -2  8 -4 -3 -1 -2 -1 -2 -1 -2 -3  2 -3 0 0 1 0 0.99
-1  0  0 -1 -3  4  1 -2  7 -3 -3  0 -1 -2 -2 -1 -1 -2  1 -3 0 0 1 0 0.98
-2 -1  4  3 -3  0  0 -2  6 -4 -4 -1 -2 -3 -2  0 -1 -4  0 -4 0 0 1 0 0.97
 1 -2 -1 -2 -1 -1 -1 -1 -2 -1  1 -1  2 -2  2  3  0 -3 -2 -1 0 0 1 1 0.96
 1 -2  1 -1 -2 -1 -2 -2 -1 -1 -1 -1 -1  4 -2  2  2 -1  0 -1 0 0 1 1 0.93
 2 -2  1 -1 -2 -1 -2  4 -2 -3 -3 -1 -2 -3  1  1  1 -3 -3 -2 0 0 1 1 0.88
-2  3  0 -3 -3 -1 -2 -1 -2 -1  2 -1  3  1  0 -2  0 -2 -1 -1 0 0 1 0 0.85
 0 -3 -3 -4 -2 -3 -3 -1 -3  1  2 -3  1  4 -1 -2  0 -1  1  1 0 0 1 0 0.76
-2 -1 -2 -2 -3  0  1 -1 -3 -2  1 -1 -1  1  5  0 -1  2 -2 -1 0 0 1 1 0.53
-1  4 -2 -2 -4  2  0  2 -2 -4 -2  3 -2 -4 -1 -1 -1 -4 -1 -3 0 0 1 1 0.47
-1 -3 -2 -1 -4 -1  2  5 -1 -5 -4 -1 -4 -4 -1  2 -1  2 -4 -3 0 0 1 1 0.42
 1  1  0 -1 -3  1  1  0  1 -2 -2  2 -1 -2 -1  2  1 -4 -3 -1 0 0 1 1 0.29
 1  1  1 -2 -4 -2 -2  0  2 -3 -3  0 -3 -3  5 -1  0 -5 -2 -2 0 0 1 1 0.12
-5 -2 -7 -8 -6 -3 -7 -6 -7  0 -2 -3 11 -3 -5 -6 -2 -7 -6  0 0 1 0 0 0.06
-4 -5 -5 -7 -5 -4 -3 -6 -1  0 -2 -5 -4  6 -5 -5 -4  5  7 -2 0 1 0 0 0.03
-1  3 -3 -3 -2  0  2 -3 -2 -2 -3  2 -3 -3 -4  1  3 -4  2 -2 0 1 0 0 0.02
-4 -6 -7 -7 -2 -5 -7 -7 -7  5  4 -6 -1 -3 -6 -6 -3 -6 -4  4 0 1 0 0 0.01
-1  1  0 -3  1 -2  0 -1 -1 -1 -4  1 -1 -2 -4  2  5  0 -2 -2 0 1 0 0 0.01
-3  3 -5 -5 -5 -1 -4 -6 -5  2 -3  4 -3 -4 -5 -3  0 -6 -3  4 0 1 0 0 0.01
-2  5 -1 -1 -2  0  3 -4 -1 -2 -4  2 -4 -5 -5  1  1 -6 -3 -2 0 1 0 0 0.01
 0  1 -2  2 -4 -2  1 -2  1  0 -1 -1  1  4 -4 -1  0 -3  0 -1 0 1 0 1 0.01
-3  1 -1  1 -2  1  2 -3  7 -5 -5 -1 -4 -1 -5  2  1 -3  1 -3 0 1 0 0 0.01
-6 -9 -9 -9 -8 -9 -9 -9 -7  2 -2 -9 -1  9 -9 -8 -8 -5 -1 -1 0 1 0 0 0.01
 0 -5  1  4  1 -3  3 -5 -5 -3 -6 -2  3 -7 -4  3 -4 -7 -6 -3 0 1 0 0 0.01
 6 -6 -3 -7  0 -6 -6 -3 -6  0 -6 -6  0 -2 -6  2 -3 -7 -2 -2 0 1 0 0 0.01
 6 -4 -6 -7  2 -1 -6  0 -7 -5 -7 -6 -6 -8 -6  2 -4 -8 -7 -6 0 1 0 0 0.01
-9 -5 -6 -8 -10 -4 -7 -9 12 -10 -7 -8 -8 -8 -9 -8 -9 -9 -5 -10 0 1 0 0 0.01
-1  5 -2 -5  0  1 -3 -5  3 -2 -3 -1 -1  3 -4  1 -1 -3  2 -3 0 0 1 0 0.01
-6 -7 -8 -8 -4 -7 -8 -8 -7  1  6 -7 -2  2 -8 -5 -5 -6 -1  0 0 0 1 0 0.01
-1  2  1 -2 -2 -1 -1 -4  4 -1 -3  1 -3 -2  5 -1  1  0 -1 -2 0 0 1 1 0.01
 0  0  1 -1 -2 -2 -2  3  4 -2 -1 -2 -1 -1 -3  1 -1 -2 -1  0 0 0 1 1 0.01
-1 -2  2  2  0 -1  2 -2  1 -3 -3  0 -2 -3  4 -1 -2 -4 -2  0 1 0 0 1 0.01
 0 -3 -2  0 -5 -2 -1 -4  4  1 -2 -3 -3  0  1 -2 -2  0  6  1 1 0 0 1 0.01
-2 -2 -1  2 -3 -1  2 -1  1 -4 -3  0 -3  4  2 -2 -2  2  3 -5 1 0 0 0 0.01
-3 -5 -3 -4 -7 -5 -5  7  4 -6 -7 -5 -7 -7 -7  0 -4 -7 -7 -6 1 0 0 1 0.01
-3 -1 -3 -1 -7  1 -1 -6 -3 -3 -5  7 -6 -4  4 -3 -4 -7 -6 -3 1 0 0 1 0.01
 1 -4 -5 -5 11 -7 -2 -5 -8 -7 -6 -7 -7 -5 -3 -2 -5 -8 -4 -6 1 0 0 0 0.01
 1  1  2 -2 -4  3  2  1 -1 -4 -4  1 -2 -4 -4  1 -1 -5 -4 -4 1 0 0 1 0.01
-3  5  6 -4 -4 -1 -1 -2  2 -2 -6  0 -4 -3 -1 -2 -4 -7 -3 -5 0 0 1 1 0.01
-4 -4 -7 -6 -6 -4 -6 -6 -7  2  5 -5  4 -3  2 -5 -2  1 -3  0 0 0 1 1 0.01
-8 -7 -2 -8 -10 -6 -7 -9 12 -10 -10 -7 -8 -8 -9 -8 -9 -9 -5 -10 0 1 0 0 0.01
-4 -8 -6 -5 -8 -8 -8  8 -8 -5 -9 -7 -8 -9 -8 -2 -5 -8 -9 -9 0 1 0 0 0.01
 0 -7 -6 -8 -9 -6 -7 -6 11 -5 -7 -7 -8 -8 -9 -7 -8 -9 -1 -9 0 1 0 0 0.01
-5  1  6 -3 -2 -3 -5 -2 -1 -6 -7 -5 -6 -7 -6  3  5 -8 -5 -6 0 1 0 0 0.01
-5 -5 -8 -9 -8 -8 -8 -6 -5 -7 -6 -8 -7  5 -9 -8 -8  8  9 -5 0 1 0 0 0.01
-2  4 -2 -2 -3 -1  1 -3  1  0 -2  3  0 -1 -4 -2  1  0 -3  1 0 1 0 0 0.01
 0 -7 -7 -7 -2 -6 -7 -4 -7  2  3 -6 -2 -3 -7 -6 -4 -2 -3  6 0 1 0 0 0.01
-2  1 -1  2 -6  0  5 -5  0  0 -4  0 -4 -2 -5 -2  0 -6 -3  0 0 1 0 0 0.01
 1 -7 -8 -8 -6 -7 -7 -7 -8  3  1 -7  0 -1 -7 -5 -4 -7 -6  6 0 1 0 0 0.01
 0 -2 -3 -4 -1 -1  2 -3  1 -1 -4 -1 -3 -1 -3  1  4  2  2  0 0 1 0 0 0.01
-2 -7 -7 -7  2 -6 -7 -4 -7  4  2 -6 -1  4 -7 -6 -5 -3 -4  5 0 1 0 0 0.01
 0  3 -3 -1 -2  1  2 -2  0 -1 -4  2 -2 -1 -4  2  2 -1 -1 -3 0 1 0 0 0.01
 2  1 -4 -5 -1 -3 -6  6 -4 -7 -7 -4 -5 -7 -5  1 -3 -7 -6 -4 0 1 0 0 0.01
-1  0 -1  3 -4 -1  4 -2 -2 -3 -5  1 -3 -5  3  0  0 -5 -2 -4 0 0 1 1 0.01
-1  0 -2 -1 -3  1  3 -3 -1  1 -2  1 -1 -2  1 -1  0 -5 -2  2 0 0 1 1 0.01
-3 -4 -1  3 -1 -4 -2 -3 -4  0  5 -3 -2 -3 -4 -4 -3 -5 -4 -1 0 0 1 0 0.01
-2 -2  3  5 -5  0  0 -1 -1 -5 -5 -2 -4 -6  4 -1 -1 -7 -5 -3 0 0 1 0 0.01
 0  1 -1  2 -6  1  4 -2  2 -4 -5  1 -5 -5  1 -1 -1 -6 -3 -2 0 0 1 1 0.01
-1 -1  2  3 -2  0  0 -2  2 -1 -1 -2 -3 -4 -2  0  4 -1  0 -1 0 0 1 1 0.01
-3 -6  0  0 -8 -4 -3  7 -3 -7 -8 -6 -7 -5 -4 -5 -6 -8 -6 -8 0 0 1 0 0.01
-6 -3 -7 -8 -2 -4 -6 -8 -6  1  0 -6  9  4 -7 -6 -4  5  3  0 0 0 1 0 0.01
-2 -6 -7 -7 -5 -6 -7 -2 -7  3  2 -6 -1 -3 -6 -4 -2 -7 -5  6 0 0 1 0 0.01
-2 -1 -5 -5  1 -4 -5 -6 -4  4  0 -4  6  1 -6 -4 -2 -4  0  4 0 0 1 0 0.01
-7 -7  2  8 -8 -6 -2 -6 -3 -8 -8 -6 -8 -8 -4 -4 -6 -8 -8 -8 0 0 1 0 0.01
-5 -7 -7 -7 -6 -7 -5 -7 -4  3  2 -7  0  8 -7 -6 -5 -4  3 -3 1 0 0 1 0.01
 1  0 -2  0 -3 -1 -2  4  0 -3 -2  2 -3 -3 -4  1  0 -3 -2 -1 1 0 0 1 0.01
 0 -1 -1  5 -4 -1  3 -4  1 -1 -1  0 -3 -4 -4 -2 -1 -3 -3 -1 1 0 0 1 0.01
 1 -6 -7 -7 -5 -6 -6 -6 -6  4  5 -6  0 -1 -6 -3 -5 -6 -5  1 1 0 0 0 0.01
-1  1 -3  0 -7  0  0 -3 -1 -6 -4  7 -5 -7 -5  0 -1 -7 -5 -5 1 0 0 1 0.01
 2  2  1  2 -4  2  1 -1  0 -4 -5  3 -3 -5 -1  0  0  0 -4 -3 1 0 0 1 0.01
 2 -2 -3 -2  0 -2 -1 -4  1  3  2 -2 -1 -1 -4 -2 -1 -3  0  1 1 0 0 0 0.01
-2 -4 -6 -6 -1 -4 -6 -5 -6  3  3 -1  2  1 -6 -4 -2  4 -2  3 1 0 0 0 0.01
 0  3  1  1 -1  1  1 -1  2 -6 -5  5 -3 -6 -5 -1 -1 -2 -4 -4 1 0 0 1 0.01
 1  0 -2  2 -4  1  4 -3 -2 -5 -4  0 -3 -4  2 -1 -1  0 -1 -3 1 0 0 1 0.01
-1 -5 -6 -5 -3 -4 -3 -6 -3  5  2 -5 -1 -2 -6 -5 -1  2 -3  5 1 0 0 0 0.01
-1 -2 -4 -1  1 -1  0 -4  0  3  3 -3  1 -2 -5 -3 -1 -1 -1  2 1 0 0 0 0.01
 1 -1  0  4 -4 -1  3  0  0 -3 -5  1 -2 -5 -2 -1 -2 -6 -5 -4 1 0 0 1 0.01
-1  3 -1 -1 -4  2  2 -1 -1 -3 -3  1 -3 -3  3 -1  1 -5  0 -2 0 0 1 1 0.01
-6 -6 -7 -7 -4 -6 -7 -7 -4 -1  5 -5  2  5 -7 -6 -5  3  2 -2 0 0 1 0 0.01
-6 -2  2  8 -5 -4 -3 -6  0 -8 -9 -5 -8 -9 -7 -4 -5 -9 -8 -8 0 0 1 0 0.01
-8 -6 -6  0 -9 -4 -5 -8 11 -9 -7 -7 -3 -3 -8 -7 -8 -7  4 -9 0 0 1 0 0.01
 1  5 -1 -4 -1  1 -2 -3  2 -4 -5  4 -3 -5 -5  0  1 -6  1 -4 0 1 0 1 0.01
-5 -5  5 -1  3 -2 -5 -6  3 -2  1 -5  0  3 -6 -4 -2 -1  5 -1 0 1 0 0 0.01
-5 -6 -9 -9 -6 -7 -8 -6 -8  2  6 -6  0 -3 -6 -8 -6 -1 -6 -2 1 0 0 0 0.01
-5 -4  8  4 -5 -4 -3 -5 -2 -3 -7 -4 -4 -6 -7 -4 -5 -9 -2 -5 1 0 0 1 0.01
-3 -4 -2  6 -6 -1  5 -6 -2 -6 -7 -3 -7 -6 -5 -2 -3 -8 -3 -6 1 0 0 1 0.01
-3 -3 -4 -1 -3 -4 -1 -6  3  4  2 -2 -1 -2 -5 -3 -2 -2 -4  4 0 0 1 1 0.02
-1 -3 -3  0 -5 -2  2 -3 -4 -1 -1 -1 -2 -1  6 -3 -1 -6 -4 -1 1 0 0 1 0.02
 1 -3 -2  1 -3  0  3  2 -1 -3 -3 -3 -2  1  3 -1 -2 -2  3 -3 1 0 0 1 0.02
-4 -6 -5 -5 -5 -5 -4 -4 -1 -1  3 -5  1  8 -6 -4 -5 -4  1 -3 1 0 0 0 0.02
 1  1  0  2 -1  1  3 -1 -1 -2 -2  2 -2 -3 -1  0 -1 -4 -3 -2 0 0 1 1 0.03
 0  0  1  2 -3  0  1  3  0 -2 -3  0 -2 -3  0  0  0 -3 -2 -2 0 0 1 1 0.03
-1  1 -1 -1  0  0  0 -2 -1  1  1  1  1  0 -1 -1  0  0 -1  1 0 0 1 1 0.02
-4  0  7 -1 -2 -1 -3 -4 -2 -1 -1 -3 -1 -1 -1 -1 -2 -5 -4  1 0 0 1 0 0.02
-3 -7 -7 -7 -2 -7 -6 -7 -7 -7 -7 -6 -7 -8  8  1  4 -9 -8 -2 0 0 1 0 0.01
-6 -3 -6 -7 -7 -6 -7 -7 -8 -7 -7 -6 -7 -8 -7  3  8 -9 -8 -6 0 0 1 0 0.01
 5 -6 -5 -6  0 -5 -3 -4 -6 -3 -2 -5 -3 -7 -5  3  4 -7 -6  0 1 0 0 0 0.01
-7 -6 -6 -3 -10 -4  8 -8 -6 -10 -9 -5 -8 -10 -7 -4 -7 -9 -8 -9 1 0 0 0 0.01
-1  0  7 -4 -3 -1 -2 -5  1 -2 -3 -4  0  1 -7 -4 -3 -3 -1  0 1 0 0 0 0.01
-6 -7 -8 -8 -6 -7 -8 -8 -7  5  4 -7  5  1 -8 -7 -5 -6 -4  1 1 0 0 0 0.01
 7 -7 -7 -7  4 -6 -6 -4 -7 -4 -6 -6 -6 -7 -6  1 -2 -8 -7  1 1 0 0 0 0.01
 0  4 -3 -4 -3  1  0 -4  0  1  0  3  0 -3 -5 -2 -3 -5 -1  2 1 0 0 1 0.01
-3 -5 -6 -3 -4 -3 -2 -6  4 -1 -2 -4 -2  3 -7 -5 -2  9  6  0 1 0 0 0 0.01
-3 -7 -8 -8 -2 -7 -8 -8 -7  7  1 -7  1  4 -7 -7 -5 -3 -5  1 1 0 0 0 0.01
 1 -4 -7 -7  1 -6 -6 -3  2 -5 -3 -6 -4  5 -7 -3 -5  9  6 -4 1 0 0 0 0.01
-3  2  2  5 -5  2  4 -2  1 -5 -5  0 -3 -4 -5 -2 -2 -4 -4 -4 1 0 0 1 0.01
-1  4 -1 -3 -2  3  2 -3  0 -1 -1  2  0 -2 -4 -2  0  2 -1 -2 1 0 0 1 0.01
-3 -6 -6 -7  0 -6 -6 -6 -6  3  5 -6  4 -1 -6 -6 -1 -2 -5  2 1 0 0 0 0.01
 2  1 -2 -1  0  1  1 -2 -2 -2 -2  3 -2 -3 -3  1 -1 -4 -3 -1 1 0 0 0 0.01
 1  0  0  2 -4  1  3 -2 -2 -4 -4  2 -3 -4  3 -1 -1 -2 -3 -3 1 0 0 1 0.01
 1  3  0 -1  0  1  0 -2  2 -2 -1  2 -2 -2 -1  0 -1 -1 -1 -1 1 0 0 1 0.01
-1 -4 -3 -4 -1 -4 -4 -4 -4  3  4 -4  2  1 -4 -3 -3  0  0  1 1 0 0 0 0.02
 0  1  0  0 -2  1  0 -1  1 -2 -1  0 -1 -2  4  0  0 -2 -1 -2 1 0 0 1 0.03
 1  0  1  1 -2  1  2 -1 -1 -2 -1  0 -1 -2  0  0  0 -2 -2 -1 0 0 1 1 0.04
 0 -1  0  0 -1 -1  0  2  0 -1  1 -1  0 -1  1  0  0 -2 -1 -1 0 0 1 1 0.06
 1  0  0  0 -1  0  1  0  0 -1 -1  0  0  0  0  1  0 -1  0 -1 0 0 1 1 0.08
 0  0  0  0 -1  0  0 -1 -1  0  1 -1  0  0  0  0  0  1  0  0 0 0 1 0 0.09
 0  0  0  0 -1  0  0  2  0 -1 -1  0  0 -1  0  0  0  1  0  0 0 0 1 1 0.12
 0  1  0  0  0  0  2 -1  0 -1 -1  0 -1 -1  2  0  0 -1 -1 -1 1 0 0 1 0.12
 0  0  0  0 -1  0  0  1  0 -1 -1  0 -1 -1  0  0  0 -1  0  0 1 0 0 1 0.14
 1 -1  0  0 -1 -1  0  2  0 -2 -1 -1 -1 -1  2  0 -1 -1  0 -1 1 0 0 0 0.13
 0  2  0  0 -1  1  1  0  0 -1 -1  1 -1 -2  1  0 -1 -2 -1 -1 1 0 0 1 0.10
 0  0  1  0 -2  0  0  3  2 -2 -2  0 -2 -2  0 -1  0  1 -1 -2 1 0 0 1 0.07
 0 -2 -2 -2  1 -2 -2 -2 -1  1  2 -2 -1  0  1 -1 -1  0  0  3 0 0 1 0 0.04
-1  3  0 -1  0  0  0 -2  1 -1 -1  1 -1 -2  1  0  1 -1 -1 -1 0 0 1 1 0.02
-1  0 -2 -2  2 -1 -1  0 -1  0  3  0  1 -2 -2 -1  0 -2 -2  2 0 1 0 0 0.02
-1 -2 -2 -1  0 -1  0 -2  3  2  1 -1  0 -1 -3  0 -1 -1  2  2 0 1 0 0 0.01
 1  4 -3 -2  1  1  2 -3 -3 -4 -3  3 -2 -1 -4  1 -1 -2 -2 -4 0 1 0 0 0.01
-4 -8 -6 -8  0 -7 -8 -8 -8  4 -2 -7 -3 -6 -8 -5 -4 -8 -7  7 0 1 0 0 0.01
-3  5 -4 -3 -4 -1  1 -4 -1 -2 -4  2 -2 -2 -5 -1  4 -3 -1  0 0 1 0 0 0.01
-4 -6 -8 -7 -6 -7 -6 -6 -8  3  5 -7 -1 -4 -7 -7 -5 -7 -5  5 0 1 0 0 0.01
-4  2 -4 -5 -2  0 -3 -6  5 -4 -6 -4 -6  1 -6  1 -4  9  6 -6 0 1 0 0 0.01
-8 -7 -7 -4 -11 -5  8 -6 -7 -10 -10 -6 -9 -10 -8 -7 -8 -10 -9 -9 0 0 1 0 0.01
-4 -6  1  0 -7 -5 -4 -2 -4 -6 -7 -3 -4 -8 -7  3  7 -8 -7 -6 0 0 1 0 0.01
-1 -3 -3  3  1 -3  2 -4  4 -6 -7 -3 -7 -5  7 -3 -3 -8 -6 -6 0 0 1 0 0.01
-2  2  3  1 -5 -1 -1 -2 -1 -2 -3  2 -3 -5 -5  0  4 -6 -4  0 0 0 1 0 0.01
 3 -4  5 -3  3 -1 -4 -2 -4 -4 -3 -3 -5 -6 -5  4  0 -7 -5 -4 0 1 0 0 0.01
-1  0 -5 -7  5 -5 -5  0 -2 -1 -4 -3 -2  3 -7  1 -3  9  5 -3 0 1 0 0 0.01
 6 -7 -7 -7  4 -6 -7 -4 -7 -3 -6 -6 -6 -4 -5 -3 -5 -8 -7  4 0 1 0 0 0.01
-1  0 -3  0 -1 -2  4 -3 -2  1 -3 -3 -3 -3 -5  2  3  1 -3  1 0 1 0 0 0.01
-7 -5 -8 -9 -2 -8 -8 -9  0 -5 -6 -8 -2  3 -9 -8 -7 -2 10 -4 0 1 0 0 0.01
-3  5 -3  0 -4  1  4 -5 -1 -6 -6  0 -4 -5 -5  1  0 -6 -4 -4 0 1 0 1 0.02
 1  4 -4 -4 -6 -3  1  5 -5 -6 -4  1 -5 -6 -5 -2 -4 -1 -6 -5 0 1 0 0 0.03
 0 -1 -3  4 -6 -2  4 -3 -4 -6 -6 -1 -5 -5  3  0  0 -6 -5 -5 0 1 0 1 0.07
-3 -4 -5 -5 -3 -4 -5 -5 -5  3  5 -4  1 -2 -5 -4 -2 -4 -3  3 0 0 1 1 0.17
