 3 -2 -1 -2 -2 -1 -1  3 -2 -3 -3 -1 -2 -3 -2  3  0 -3 -3 -2 0 0 1 1 0.77
-1 -2  1  6 -4  0  2  0 -2 -4 -5 -1 -4 -4 -3  1 -2 -5 -4 -4 0 0 1 1 0.73
-2 -4 -5 -5 -3 -3 -4 -5 -4  0  3 -4  8  2 -5 -4 -3 -3 -2  1 0 0 1 0 0.65
 2 -2  1  4 -3  1  2  0 -2 -4 -4 -2 -3 -4 -1  2 -1 -5 -4 -3 0 0 1 1 0.55
 0  0  3  1 -3  2  0  3  1 -4 -3  1 -1 -4 -2  1 -1 -4 -3 -3 0 0 1 1 0.46
-3 -4 -4 -5 -3 -4 -4 -3 -4  1  5 -4  3  2 -4 -4 -3 -3 -1  0 0 0 1 0 0.30
-1 -3  4  0 -4 -1 -2 -2 -1 -4 -4 -1 -4 -5  4  3  2 -5 -4 -4 0 0 1 1 0.27
 1 -2  0  2 -4  0  2 -2 -2 -4 -4  0 -3 -4  4  1 -1 -5 -3 -2 1 0 0 1 0.34
 2  0  2  0 -3  1  2 -1  1 -3 -3  1 -3 -4 -3  1 -1 -4 -3 -2 1 0 0 1 0.29
-1 -3 -2  4 -5  2  5 -4 -3 -3 -2 -2 -1 -5 -2 -1 -3 -5 -4 -4 1 0 0 0 0.28
-2  2 -2 -3 -5  6  2 -4  2 -5 -2  3  0 -5 -4 -1 -2 -5 -4 -4 1 0 0 1 0.26
 2  2 -2 -1 -4  5  2 -3 -1 -4 -2  2  0 -5 -2 -1 -1 -4 -3 -3 1 0 0 1 0.18
 0  3 -2  0 -4  2  4 -4  1 -1 -2  2  0 -3 -3 -1 -1 -4 -3 -3 1 0 0 1 0.09
-2 -4 -4 -2 -3 -2 -4 -5 -4  2  3 -4  6  3 -5 -4 -2 -3 -2  1 0 0 1 1 0.09
 0 -1  0  0 -3  3  2 -2 -2 -1  0 -1  3 -3 -3  0  1 -3  0  0 0 0 1 1 0.09
 1  0  0  0 -3  3  1 -2 -1 -1 -1  1  0 -1  0  1  0 -3  0 -2 1 0 0 1 0.10
 0  1 -1 -1 -3  2  2 -2  1  0 -1  1  1  1 -2  0  0 -3  0  0 1 0 0 1 0.08
-1 -3 -4 -2 -3 -1 -1 -3 -4  3  3 -2  5 -2 -4 -2 -1 -3 -3  2 1 0 0 1 0.07
 1 -2  3  2 -4  4  4 -3  0 -4 -2  0 -3 -4 -2 -1 -2 -4 -3 -4 1 0 0 1 0.05
 0  0  0  0 -4  3  2 -2 -1 -1  0  3  0 -3 -2 -1 -1 -1 -3 -2 1 0 0 1 0.04
-1  3 -2  0 -3  1  2 -3 -2  0  0  3  3 -2 -3 -1 -2 -4 -3 -1 1 0 0 0 0.04
-1  0  2  0 -4  6  2 -3  0 -4 -4  0  1 -4 -3  0  0 -4 -3 -3 1 0 0 1 0.03
-1 -2 -3 -4 -3  0 -3 -4 -3  2  1 -1  6  3 -4 -1 -1 -3  0  1 1 0 0 0 0.02
 0  3 -1 -2 -4  1  1 -3  0 -1 -2  4 -2 -4 -3 -1  1 -4 -3 -2 1 0 0 1 0.02
-1 -1  1  5 -4  2  4 -3 -2 -2 -4 -2  0 -4 -3 -2  0 -4  0 -4 1 0 0 1 0.02
 0 -1 -3 -4 -3 -1 -2 -2 -3  0 -1 -1  1  6 -4  0  1 -2  1 -1 1 0 0 1 0.02
-1 -3 -3 -4 -3  0 -3 -2  0  1  3 -3  5  0 -4 -1 -1 -3 -2  2 1 0 0 1 0.01
 0  0  2  0 -3  1  0  0  1  0 -1  0  0 -1 -2  0  1 -3 -2  0 1 0 0 0 0.01
 0 -2  1 -2 -2  1 -1 -2  2  1  0 -1  2  1 -2  0  1 -2  2  0 1 0 0 1 0.01
-3 -4 -3 -4 -4 -2 -4 -4 -1  0 -2 -4 -3  4 -4 -3 -2  2  8  0 1 0 0 1 0.01
-2 -3  7 -2 -4 -2 -2 -1  2 -4 -4 -2 -4 -2 -4  2  0 -4 -3 -2 1 0 0 1 0.01
-2  3  2 -2 -4  1 -1 -1  2 -4 -3  4 -2 -4 -3  1 -1  0 -3 -3 1 0 0 1 0.01
-3 -4 -4 -4 -1 -3 -4 -4 -2  2  4 -4  4  2 -4 -3 -2 -3 -2  1 1 0 0 0 0.01
-1 -3 -3 -3 -3 -2 -3 -3 -4  0 -2 -3 -2 -3 -3  2  5 -4 -3  4 1 0 0 1 0.01
-2 -1  1  2 -4  1  5 -3  0 -4 -4  0 -3 -3 -3  0 -1 -4 -3 -2 1 0 0 1 0.01
-1  3  1 -1 -3  0 -1 -2  1  0  1  0  0 -2 -2  0  1 -3 -2  0 1 0 0 1 0.01
-4 -6 -5 -6 11 -5 -6 -5 -5 -4 -4 -5 -4 -5 -5 -4 -4 -5 -5 -4 1 0 0 0 0.01
-3 -4 -4 -5 -4 -3 -2 -5  3 -2 -3 -4 -3  8 -5 -1 -3  5  1 -2 1 0 0 1 0.01
 0  0  3  2 -1  1  0 -1 -1 -2 -2  2  0 -3 -2  1  1 -4 -3 -2 1 0 0 1 0.01
-1  2  0  4 -4  1  0 -2  1 -4 -3  4 -3 -4 -3  0 -1 -4 -3 -3 1 0 0 1 0.01
-1 -5 -5 -5 11 -5 -5 -5 -5 -4 -4 -5 -4 -5 -5 -4 -4 -5 -5 -4 1 0 0 0 0.01
 0 -4 -4 -4  2 -4 -4 -4 -4  4 -1 -4 -1 -3 -4 -2 -2  3 -3  5 0 0 1 0 0.01
-1  0  3  1 -2  0  0 -2  2 -1 -2  1 -2 -2  1  1  2 -1 -1 -2 0 0 1 1 0.01
-1 -1  3  4 -3  0  1  0 -2 -3 -4  0 -3 -4 -2  2  1 -4 -3 -3 0 0 1 1 0.01
-3 -2 -4 -4 -4 -4 -4 -4  1 -1  1 -3  0  6  0 -3 -1 -1  4 -1 0 0 1 1 0.01
-1  2  2 -1 -3 -1 -2  0  0 -2 -2  0 -1 -2  1  0  3 -3  1 -2 0 0 1 1 0.02
 0  1  0  0 -2  0  1  0  1 -2 -3 -1 -2 -3 -2  3  2 -3  0 -2 0 0 1 1 0.02
-1  5  1 -1 -4 -1 -1  1 -1 -4 -4  3 -3 -4 -1  1 -1 -4 -3 -4 0 0 1 1 0.03
 0 -1  1  3 -3  0  2 -2 -1 -3 -3  2 -3 -4 -3  2  1 -4 -2 -2 0 0 1 1 0.03
-4 -5 -6 -6 -4 -5 -5 -6 -5  1  5 -5  1  0  0 -5 -3 -4 -2  1 0 0 1 1 0.04
-1 -1  3  3 -3  0 -1  1 -2  1 -3  1 -3 -3 -3  2  2 -5 -3 -2 0 0 1 1 0.04
 0  0  0  1 -3 -1 -1  1 -2 -3 -4  3  0 -3  0  3  1 -4 -3 -3 1 0 0 1 0.03
-1  3  1  1 -4  3  1  2 -1 -4 -4  2 -3 -4 -2  0 -1 -4 -3 -2 1 0 0 1 0.03
-4 -3 -4 -2 -7 -1  8 -5 -4 -6 -6 -1 -5 -7 -5 -4 -2 -6 -5 -6 1 0 0 0 0.03
-1 -2  0  2 -4  1  4 -2 -2 -1 -3  0  0 -4 -3  1  1 -4 -4 -1 1 0 0 1 0.02
 0  0  1  0 -1  1  0  1 -2 -2 -1  0 -1 -2 -2  1  2 -3 -2  0 1 0 0 1 0.02
-4 -6 -6 -6 11 -6 -6 -6 -6 -5 -5 -6 -5 -5 -6 -4 -4 -5 -5 -4 1 0 0 1 0.02
 0 -4 -4 -4 -1 -3 -4 -3 -4  4  2 -3 -1 -2 -4  0  0 -4 -3  4 1 0 0 0 0.01
-1  0  2  4 -2  0  2 -2  0 -2 -1  0  0 -2 -3  1  0 -1 -1 -2 1 0 0 1 0.01
-3  5  4 -2 -4  0 -2 -3  2 -5 -4  1 -2 -4 -4  1 -2 -2 -2 -3 1 0 0 1 0.01
-4 -6 -6 -6 11 -6 -6 -5 -6 -5 -5 -6 -5 -5 -6 -4 -4 -5 -5 -4 1 0 0 0 0.01
 2 -2 -3 -4 -1 -3 -3 -2 -4  1  0 -3  2  1 -3  0  0 -3 -2  4 1 0 0 1 0.01
 1  0  0  3 -3  2  3  1 -2 -2 -3  0 -2 -4 -2  1  0 -4 -2 -2 1 0 0 1 0.01
-4  3 -3 -4 -5 -2 -2 -4 -3 -5 -4  7 -2 -5 -4 -3 -3 -5 -4 -5 1 0 0 0 0.01
-4 -4 -1 -4 -4 -1 -4 -5  1 -3 -1 -4 -3  7 -5 -3 -3  1  6 -3 1 0 0 0 0.01
 0 -3 -3 -4 -3 -2 -3 -4 -4  2  3 -3  5  2 -4 -2 -1  0 -2  1 1 0 0 1 0.01
-1  3  1  2 -5  0  1 -3  1 -4 -3  5 -3 -2 -3 -2 -2 -5 -3 -3 1 0 0 0 0.01
 1 -3 -3 -4 -3 -3 -3 -2  3  0  0 -3  4  2 -4 -1  2 -3  0  2 1 0 0 0 0.01
 0 -1  6 -1 -4  1 -2 -3  1 -5 -4 -2 -1 -5 -4  4  1 -5 -4 -4 1 0 0 0 0.01
 0 -1 -1 -2 -4  5  2 -4  3 -1 -2  0  3 -3 -3  0 -1 -4 -2 -1 1 0 0 1 0.01
-1  7  0 -4 -3  1 -2 -5 -1 -3 -2  2 -3 -3 -4 -2 -3 -5 -4 -3 1 0 0 1 0.02
-3 -5 -5 -5 -1 -4 -4 -5 -5  4  2 -4  2  0 -5 -3 -1 -4 -3  5 1 0 0 0 0.02
 0 -2  1 -3 -4 -2 -3  4 -3 -1 -2 -3  5 -4 -4  3  0 -4 -4 -2 1 0 0 0 0.02
 0 -1 -1 -1 -4  4  2 -2 -2 -2  0  2  3 -3 -3  0 -1 -4 -3  0 1 0 0 1 0.03
 0  6  0 -3 -5  0 -2 -4  1 -2 -4  2 -3 -5 -4 -2 -1 -5 -4  1 1 0 0 0 0.05
-5 -5 -6 -6 -5 -5 -6 -6 -4 -3  1 -6  2  8 -6 -5 -5 -2  4 -3 1 0 0 0 0.05
 2 -2 -3 -3 -4  6 -1 -2 -1 -2 -3 -2  3 -3 -3  0 -1 -4 -3  1 1 0 0 1 0.06
-2 -2 -1  2 -5  2  6 -2  0 -5 -4  0 -4 -5 -3  0 -2 -5 -4 -4 1 0 0 1 0.11
-2 -1 -2 -3 -3  3 -1 -4  3  1  1  0  2  1 -3 -2 -2 -3  1  1 0 0 1 0 0.16
-2 -1  5 -2 -4  4 -1  1  2 -4 -3 -1  2 -2 -3  0 -1 -4 -2 -4 0 0 1 1 0.20
 2 -2  1 -1 -3  3 -1 -1 -2  0 -1 -1  2 -3  2  0  0 -4 -2 -1 0 0 1 1 0.26
 2 -1 -1  0 -3  4  2 -2 -2 -1 -1  1  0 -3 -2 -1  1 -4 -3 -1 0 0 1 1 0.31
 0 -3 -1 -2 -3  1 -2 -4 -3  2  2 -2  6  1 -1 -1 -1 -3 -2  0 1 0 0 1 0.26
 1 -2  4 -2 -3  1 -1  1 -2 -2 -2 -1  5 -3 -3  0  0 -4 -3  1 1 0 0 1 0.34
 1 -1 -1 -2 -5  6  3 -1  0 -4 -4  0 -2 -5 -2  0 -2 -4 -4 -4 0 0 1 1 0.45
 1 -1  0 -1 -3  2  0  1 -2 -3 -3  4 -2 -3 -2  2 -1 -4 -3 -3 0 0 1 1 0.46
-1 -2 -2 -3 -3  1 -2  1 -3  1  2  0  5 -2  2 -2 -1 -3 -3 -1 0 0 1 1 0.49
 1 -1  0 -2 -3  4 -1  5 -2 -4 -4 -1 -3 -4 -1 -1 -2 -4 -3 -3 0 0 1 1 0.61
-2  4 -1 -2 -4  5  0 -3 -1 -4 -3  4 -2 -4 -2 -1 -2 -3 -3 -3 0 0 1 1 0.73
