 4 -2 -2 -2  0 -1 -1  0 -2 -1 -2 -1 -1 -2 -1  1  0 -3 -2  0 0 0 1 1 0.94
-2 -2 -4 -4 -1 -2 -3 -4 -3  2  4 -3  2  0 -3 -3 -1 -2 -1  1 0 0 1 1 0.94
-2 -3 -3 -4 -3 -3 -3 -3 -1  0  0 -3  0  6 -4 -3 -2  1  3 -1 0 0 1 0 0.91
 0 -2  0 -1 -3 -2 -2  6 -2 -4 -4 -2 -3 -3 -2  0 -2 -3 -3 -3 0 0 1 1 0.89
 0 -1  0 -1 -1 -1 -1 -1 -2 -1 -2 -1 -1 -2 -1  3  4 -3 -2 -1 0 0 1 1 0.88
 1  1  2  0 -2  0  0 -1 -1 -2 -2  3 -1 -3 -1  1  2 -3 -2 -1 0 0 1 1 0.84
-2 -1  1  6 -4  0  3 -2 -1 -3 -4  0 -3 -4 -2  0 -1 -4 -3 -3 0 0 1 1 0.81
 0  1  0 -1 -1 -1 -1 -2 -2  0 -1  0 -1 -2 -1  2  4 -3 -2  0 0 0 1 1 0.74
 0 -1  0 -1 -1 -1 -1 -2 -2 -1 -1 -1 -1 -2 -1  1  5 -3 -2  0 0 0 1 1 0.64
 1 -1 -1 -1 -1 -1 -1 -2 -2  0 -1 -1 -1 -2 -1  1  4 -3 -2  1 0 1 0 0 0.47
 4 -2 -2 -2 -1 -1 -1  0 -2 -2 -2 -1 -1 -3  2  1  0 -3 -2  0 0 1 0 0 0.41
-2  2  0 -1 -3  0  0 -2  7 -1 -2  0 -1 -1 -2 -1 -2 -3  1 -2 0 1 0 1 0.31
 2 -1  0 -1 -1  0  0  0 -1 -2 -2  0 -2 -3  2  4  1 -3 -2 -2 0 1 0 0 0.17
-2 -1  3  5 -3  0  1 -1 -1 -3 -4 -1 -3 -4 -2  0  0 -4 -3 -3 0 1 0 1 0.09
-2 -2 -2 -1 -3 -2 -2 -3  2 -2 -1 -2 -1  3 -3 -2 -2  2  7 -2 0 1 0 1 0.08
-1  0  0  3 -4  1  5 -2  0 -3 -3  1 -2 -4 -1  0 -1 -3 -2 -3 0 1 0 1 0.07
-1 -3 -3 -3 -1 -3 -3 -4 -3  4  2 -3  1  0 -3 -3 -1 -3 -1  2 0 1 0 0 0.09
-1 -3 -2  2 -2 -2 -1 -3 -3  4  1 -2  1 -1 -3 -2 -1 -3 -2  2 0 1 0 1 0.11
-2 -2 -4 -4 -1 -2 -3 -4 -3  2  4 -3  2  0 -3 -3 -1 -2 -1  1 0 1 0 0 0.11
-1  0  0  3 -4  2  5 -2  0 -3 -3  1 -2 -4 -1  0 -1 -3 -2 -3 0 0 1 1 0.09
 0 -2  0 -1 -2 -1 -2  5 -2 -3 -3 -1 -2 -2 -1  0 -1 -2 -2 -2 0 0 1 1 0.08
 0 -2  0 -1 -2 -1 -2  5 -2 -3 -3 -1 -2 -2 -1  0 -1 -2 -2 -2 0 0 1 1 0.10
 2 -1  0 -1 -1  0  0  0 -1 -2 -2  0 -1 -3 -1  4  2 -3 -2 -1 0 0 1 1 0.11
 1 -1  0 -1 -1  0  0 -1 -1 -2 -2  0 -1 -3 -1  4  3 -3 -2 -1 0 0 1 0 0.15
 1 -1  0 -1 -1 -1 -1  2 -1 -3 -3 -1 -2 -3 -1  4  2 -3 -2 -2 0 0 1 0 0.15
-2 -3 -4 -4  3 -2 -3 -1 -3 -3 -2 -3 -2  0 -4 -3 -2 11  2 -3 0 1 0 0 0.15
 0 -2 -1 -1 -3 -1  0  6 -2 -4 -4 -1 -3 -3 -2  0 -2 -3 -3 -3 0 1 0 0 0.16
-1  1  0 -1 -3  4  1 -2  0 -2 -2  3 -1 -3 -1  0  2 -3 -2 -2 0 1 0 1 0.15
-1 -3 -3 -3 -1 -2 -3 -4 -3  3  2 -3  1 -1 -3 -2  0 -3 -1  3 0 1 0 1 0.15
-1  3  0 -1 -3  1  1 -2 -1 -3 -3  5 -2 -3 -1  0 -1 -3 -2 -3 0 1 0 0 0.15
 2 -2 -1 -2 -2 -2 -2  5 -2 -3 -3 -1 -2 -3 -2  0 -1 -3 -3 -2 0 1 0 0 0.15
-1  5  0 -1 -3  1  2 -2  0 -3 -2  2 -2 -3 -2  0  1 -3 -2 -2 0 1 0 1 0.14
 4 -2 -1 -2 -1 -1 -1  0 -2 -2 -2 -1 -1 -2 -1  2  0 -3 -2  0 0 1 0 0 0.13
-1  4  1 -1 -3  1  0 -2 -1 -3 -3  4 -2 -3 -2  0 -1 -3 -2 -3 0 1 0 1 0.11
-1 -3 -3 -3 -1 -3 -3 -4 -3  3  1 -3  1 -1 -3 -2  0 -3 -1  4 0 1 0 1 0.09
-2 -1  6  1 -3  0  0 -1  0 -4 -4  0 -2 -3 -2  0  0 -4 -2 -3 0 0 1 1 0.08
 1 -3 -3 -3 -1 -2 -2 -3 -3  2  1 -2  0 -1 -2 -1  0 -3 -1  4 0 0 1 0 0.07
-1 -2 -2 -2 -3 -2 -1 -2 -2 -3 -3 -1 -3 -4  8 -1 -1 -4 -3 -3 0 0 1 1 0.06
 2 -2 -1 -2 -1 -1 -1 -1 -2 -1  0 -1 -1 -2  5  1  0 -3 -2 -1 0 0 1 0 0.06
 4  0 -2 -2 -1 -1 -1  0 -2 -2 -2 -1 -1 -2 -1  1  0 -3 -2  0 0 0 1 1 0.05
 0  1 -1 -2 -1 -1 -1 -2 -2  1  1 -1  0 -1  1  2  0 -3 -2  0 0 0 1 1 0.05
-1  1 -2 -2 -3 -1 -1 -2 -2 -3 -3 -1 -3 -4  8 -1 -1 -4 -3 -3 0 0 1 1 0.04
-1 -2 -3 -4 -1 -2 -3 -4 -3  1  4 -2  2  0 -3 -1 -1 -2 -1  1 0 0 1 1 0.04
-2 -2 -3 -3 -2 -2 -3 -4  2  1  4 -2  2  0 -3 -2 -1 -2 -1  0 0 0 1 1 0.04
-1 -2 -2 -2 -3 -1 -1 -2 -2 -3 -3 -1 -3 -4  8  0 -1 -4 -3 -3 0 0 1 1 0.04
 3 -2 -1 -2 -1 -1 -1 -1 -2  1 -1 -1  0 -2 -1  1  2 -3 -2  1 0 1 0 0 0.04
 0 -2  1  6 -3 -1  1 -1 -1 -3 -4 -1 -3 -4 -2  0 -1 -4 -3 -3 0 1 0 1 0.03
 0 -3 -2 -3  9 -3 -4  2 -3 -2 -2 -3 -2 -3 -3 -1 -1 -3 -3 -1 0 1 0 0 0.03
-2 -1  5  3 -3  0  2 -1  0 -3 -4  0 -2 -3 -2  0  0 -4 -2 -3 0 1 0 1 0.03
-1 -3 -3 -3 -1 -3 -3 -4 -3  3  2 -3  1  0 -3 -2 -1 -3 -1  3 0 1 0 0 0.02
-1  3  0 -1 -3  1  1 -2 -1 -3 -3  5 -2 -3 -1  0 -1 -3 -2 -3 0 1 0 1 0.02
-1 -3 -3 -4 -1 -2 -3 -4 -3  3  3 -3  2  0 -3 -2 -1 -2 -1  2 0 1 0 1 0.03
-1  0  3  3 -3  1  3 -1  0 -3 -3  2 -2 -3 -1  0 -1 -4 -2 -3 0 1 0 0 0.02
 3 -2 -2 -2 -1 -1 -1 -1 -2  0  0 -1  1 -2 -1  0  0 -3 -2  2 0 1 0 0 0.02
-1  2  0 -1 -3  1  1 -2 -1 -3 -3  5 -2 -3 -1  0 -1 -3 -2 -3 0 1 0 1 0.02
-1 -1 -2 -2 -3 -1 -1 -2 -2 -3 -3  1 -2 -4  7 -1 -1 -4 -3 -3 0 1 0 1 0.02
-2 -3 -4 -4 -1 -3 -3 -4 -3  3  4 -3  2  0 -3 -3 -1 -2 -1  1 0 1 0 1 0.02
-1 -1  1  5 -3  0  2  1 -1 -2 -3  0 -2 -3 -1  0 -1 -3 -2 -2 0 1 0 1 0.02
 2 -1 -1 -1  3 -1 -1 -1 -1 -1 -2 -1 -1 -2  4  1  0 -2 -2 -1 0 0 1 1 0.02
 2  0 -1  0 -2  3  2 -1  0 -3 -2  0 -1 -3  1  1  0 -3 -2 -2 0 0 1 1 0.02
-1  1  2  2 -3  1  1 -2 -1 -3 -3  4 -2 -3 -1  0 -1 -4 -2 -3 0 0 1 1 0.02
 0 -2  0  3 -3 -1 -1  5 -2 -4 -4 -1 -3 -3 -2  0 -2 -3 -3 -3 0 0 1 1 0.02
-1 -3 -3 -4 -1 -3 -3 -3 -3  2  1 -3  1  2 -3 -2 -1 -2  0  3 0 1 0 0 0.01
 0 -3 -3 -3 -1 -2 -3 -3 -3  3  1 -3  1 -1 -3 -2  0 -3 -1  4 0 1 0 0 0.01
-2  6 -1 -2 -4  1  0 -3  0 -3 -2  2 -2 -3 -2 -1 -1 -3 -2 -3 0 1 0 1 0.01
-2 -3 -3 -4 -2 -3 -3 -4 -2  2  2 -3  1  5 -3 -3 -2  0  2  1 0 1 0 1 0.01
 0 -1  0 -1 -1 -1 -1 -2 -2 -1 -2 -1 -1 -2 -1  2  5 -3 -2  0 0 1 0 0 0.01
 2 -2 -1 -2  3 -1 -1 -1 -2 -1 -1 -1 -1  2 -2  2  2 -2  0 -1 0 1 0 0 0.02
 0  0 -1 -2 -2  2  0 -2 -1  0  0  1  1  2 -2  0  0 -1  0  1 0 1 0 0 0.02
-1 -3 -3 -3 -2 -3 -3  2 -3  4  1 -3  1  1 -3 -2 -1 -2 -1  2 0 1 0 1 0.03
-1  0  0  1 -4  3  5 -2  0 -3 -3  1 -2 -3 -1  0 -1 -3 -2 -3 0 1 0 1 0.03
 2 -1  0 -1 -1  0  0  0 -1 -2 -3  0 -2 -3 -1  4  1 -3 -2 -2 0 1 0 0 0.03
 0 -3 -3 -3 -1 -3 -3 -3 -3  4  1 -3  1 -1 -3 -2 -1 -3 -2  3 0 1 0 1 0.04
 0 -3 -3 -3 -1 -2 -3 -3 -3  3  1 -3  1 -1 -3 -2  0 -3 -1  4 0 1 0 1 0.04
-2 -2  1  6 -4  0  1 -2 -1 -3 -4 -1 -3 -4 -2  0 -1 -5 -3 -3 0 0 1 1 0.04
 1 -1  0 -1 -1  0 -1  2 -1 -3 -3 -1 -2 -3 -1  4  1 -3 -2 -2 0 0 1 1 0.06
 0 -2 -1 -2 -1 -1 -2 -2 -2  2  0 -1  0 -2 -2  1  4 -3 -2  2 0 1 0 1 0.06
-1  1 -1 -1 -3  1  0 -2 -1  0  1  4  0 -2 -2 -1 -1 -3 -2 -1 0 1 0 1 0.06
-1  0  5  1 -3  0 -1  2  0 -4 -4  1 -2 -3 -2  0  0 -4 -2 -3 0 1 0 0 0.06
-1  3  2 -1 -3  1  0 -2 -1 -2 -2  3 -1 -3 -1  0  2 -3 -2 -2 0 1 0 1 0.06
-1 -2 -4 -4 -1 -2 -3 -4 -3  2  4 -3  2  0 -3 -2 -1 -2 -1  2 0 1 0 1 0.06
 1 -1  2  0 -2  0  2 -1 -1 -1 -2  0 -1 -3 -1  1  1 -3 -2  0 0 1 0 0 0.07
 0 -3 -2 -3 -1 -2 -3  2 -3  2  0 -2  0 -1 -3 -2  0 -3 -2  3 0 1 0 1 0.08
-1  0  0  1 -4  2  5 -2  0 -4 -3  1 -2 -4 -1  0 -1 -3 -2 -3 0 1 0 1 0.09
 2 -2 -2 -2 -1 -1 -1 -1 -2  1  0 -1  0 -2 -2  1  0 -3 -2  2 0 1 0 0 0.08
-2 -2  1  6 -4  0  1 -2 -1 -3 -4 -1 -3 -4 -2  0 -1 -5 -3 -3 0 1 0 0 0.09
-2 -3 -4 -3 -1 -3 -3 -4 -4  5  1 -3  1  0 -3 -3 -1 -3 -2  3 0 1 0 0 0.09
 4 -2 -2 -2 -1 -1 -1  0 -2 -2 -2 -1 -1 -2 -1  1  0 -3 -2  0 0 1 0 0 0.11
-2 -1  6  1 -3  0  0 -1  0 -4 -4  0 -2 -3 -2  0  0 -4 -2 -3 0 1 0 1 0.14
-1  0  0  1 -4  2  5 -2  0 -4 -3  1 -2 -4 -1  0 -1 -3 -2 -3 0 0 1 1 0.13
 0 -1  0 -1 -1 -1 -1 -1 -2 -1 -2 -1 -1 -2 -1  3  4 -3 -2 -1 0 0 1 1 0.14
-1  1  0 -1 -3  1  0 -2 -1 -3 -3  4 -2 -3  4  1 -1 -3 -2 -2 0 0 1 1 0.11
-1 -1  1  5 -3  0  2 -2 -1 -3 -3 -1 -2 -3 -1  0  1 -4 -3 -2 0 0 1 1 0.12
-1  6 -1 -2 -4  1  0  1 -1 -3 -3  2 -2 -3 -2 -1 -1 -3 -2 -3 0 1 0 1 0.11
-2  6 -1 -2 -4  1  0 -3  0 -3 -2  2 -2 -3 -2 -1 -1 -3 -2 -3 0 1 0 0 0.12
-1 -3 -3 -3 -1 -3 -3 -4 -3  4  1 -3  1 -1 -3 -2 -1 -3 -1  3 0 1 0 0 0.12
 4 -1 -1 -1  2 -1 -1  0 -2 -2 -2 -1 -1 -2 -1  2  0 -3 -2 -1 0 1 0 0 0.10
 1 -2 -3 -3 -1 -2 -2 -2 -3  2  0 -2  0 -1 -2 -1  0 -3 -1  4 0 1 0 1 0.11
 0 -3  0  0 -3 -2 -2  6 -2 -4 -4 -2 -3 -3 -2  0 -2 -3 -3 -3 0 1 0 0 0.09
-1  0  0  3 -4  2  5 -2  0 -3 -3  0 -2 -4 -1  0 -1 -3 -2 -3 0 1 0 1 0.08
 0 -3 -1 -2 -3 -2 -2  6 -2 -4 -4 -2 -3 -3 -2  0 -2 -3 -3 -3 0 1 0 0 0.06
 0  0  0  0 -2  1  3 -2 -1 -1 -1  2  1 -2 -1  1  0 -3 -2  0 0 1 0 0 0.05
-1 -3 -3 -3 -1 -2 -3 -4 -3  3  2 -3  1  0 -3 -2 -1 -3 -1  3 0 1 0 0 0.04
 1 -1  0 -1 -1  0 -1 -1 -1 -2 -2  0 -1 -2 -1  3  3 -3 -2 -1 0 1 0 0 0.03
 0 -3 -3 -3 -1 -2 -3 -3 -3  3  1 -3  1 -1 -3 -2  0 -3 -1  4 0 1 0 1 0.02
 0 -3 -1 -1 -3 -2 -2  6 -2 -4 -4 -2 -3 -3 -2  0 -2 -3 -3 -3 0 0 1 1 0.02
-2  0  1  6 -4  0  1 -2 -1 -3 -4  2 -3 -4 -2  0 -1 -4 -3 -3 0 0 1 1 0.01
-2 -3 -3 -4 -3 -3 -3 -3 -1  0  0 -3  0  7 -4 -3 -2  1  3 -1 0 1 0 0 0.01
 1 -1  1  0 -1  0  0  0 -1 -2 -3  0 -2 -3 -1  4  2 -3 -2 -2 0 1 0 1 0.01
-2 -1  0 -1  2  0  0 -2  8 -3 -3 -1 -2 -1 -2 -1 -2 -3  2 -3 0 1 0 0 0.01
 1  3  0 -1 -2  0  0 -1 -1 -2 -2  2 -1 -3 -1  2  1 -3 -2 -2 0 1 0 1 0.01
-2 -3 -3 -4 -3 -3 -3 -3 -1  0  1 -3  0  6 -4 -3 -2  1  3 -1 0 1 0 0 0.01
 1 -1  0  0 -1  0  2 -1 -1 -3 -3  0 -2 -3 -1  3  1 -3 -2 -2 0 1 0 1 0.01
-2 -3 -3 -4 -2 -3 -3 -3 -2  1  0 -3  0  6 -4 -3 -2  1  3  0 0 1 0 0 0.01
-1  0  0  2 -4  2  5 -2  0 -3 -3  1 -2 -3 -1  0 -1 -3 -2 -3 0 1 0 1 0.01
 0 -3 -1 -1 -3 -2 -2  6 -2 -4 -4 -2 -3 -3 -2  0 -2 -3 -3 -3 0 1 0 0 0.01
 1 -1  0 -1 -1  0 -1 -1 -1  0 -1 -1 -1 -2  2  3  1 -3 -2  1 0 1 0 0 0.01
 0 -3 -3 -3 -1 -2 -3 -3 -3  3  1 -2  1 -1 -3 -2  0 -3 -1  4 0 1 0 0 0.01
-1 -2 -1  2 -1 -2 -1 -3 -3  2  0 -2  0 -1 -2 -1  0 -3 -2  3 0 1 0 0 0.01
-1 -1  5  1  5 -1 -1 -1  0 -3 -3 -1 -2 -3 -2  0  0 -4 -2 -2 0 1 0 0 0.01
-1 -2 -3 -4 -2 -1 -3 -3 -2  1  3 -2  5  0 -3 -2 -1 -2 -1  1 0 1 0 1 0.01
-2  2 -2 -3 -3 -1 -2 -3  1 -1 -1 -1 -1  3 -3 -2 -2  1  6  0 0 1 0 1 0.01
-2 -2 -2 -3 -3 -2 -2 -3  2 -2 -1 -2 -1  3 -3 -2 -2  2  7 -1 0 0 1 1 0.01
-2 -2 -3 -4 -3 -2 -2 -3  1 -2 -1 -2 -1  3 -3 -2 -2  7  6 -2 0 0 1 1 0.01
-2  6 -1 -2 -4  1  0 -2  0 -3 -2  3 -2 -3 -2 -1 -1 -3 -2 -3 0 0 1 1 0.01
 1 -1  0  0 -1  0  0 -1 -1 -3 -3  0 -2 -3  2  4  1 -3 -2 -2 0 0 1 1 0.01
-2  0  1  6 -4  0  1 -2 -1 -3 -4  2 -3 -4 -2  0 -1 -4 -3 -3 1 0 0 1 0.01
 4  0 -2 -2 -1 -1 -1  0 -2 -1 -1 -1 -1 -2 -1  1  0 -3 -2  0 1 0 0 1 0.02
-1 -3 -3 -3 -1 -3 -3 -4 -3  3  1 -3  1 -1 -3 -2  0 -3 -1  4 1 0 0 1 0.02
-2  5  0  2 -3  0  0 -2 -1 -1 -2  1 -1 -3 -2 -1 -1 -3 -2 -2 1 0 0 1 0.03
-2  5  0  2 -4  1  0 -2 -1 -3 -3  2 -2 -3 -2 -1 -1 -3 -2 -3 1 0 0 1 0.02
-2 -1  6  1 -3  0  0 -1  1 -4 -4  0 -2 -3 -2  1  0 -4 -2 -3 1 0 0 1 0.02
-1 -3 -3 -3 -1 -3 -3 -4 -3  3  1 -3  1 -1 -3 -2  0 -3 -1  4 0 0 1 1 0.02
-1  2 -2 -2 -3 -1 -1 -2 -2 -3 -3  0 -2 -4  7 -1 -1 -4 -3 -3 0 0 1 1 0.02
-1  0  5  1 -3  0  0 -1  0 -3 -3  2 -2 -3 -2  0  0 -4 -2 -3 0 0 1 0 0.01
-1 -1 -2 -1 -3  2  0 -2 -2 -3 -3  0 -2 -4  7 -1 -1 -3 -3 -3 0 0 1 1 0.01
-1  3 -2 -3 -2 -1 -2 -3 -2  3  1  0  0 -1 -3 -2 -1 -3 -2  2 0 0 1 1 0.01
-2 -2 -3 -3 -2 -2 -2 -3  1 -1  1 -2  0  3 -3 -2 -2  2  6 -1 0 0 1 1 0.01
-1 -2 -3 -3 -2  0 -2 -3 -2  2  3 -2  5  0 -3 -2 -1 -2 -1  1 0 0 1 0 0.01
-1  0 -1 -1  5  5  1 -2  0 -3 -2  1 -1 -3 -2  0 -1 -2 -2 -2 0 0 1 1 0.01
 0 -3 -1 -1 -3 -2 -2  6 -2 -4 -4 -2 -3 -3 -2  0 -2 -3 -3 -3 0 1 0 0 0.01
-2  5  3 -1 -3  1  0 -2  0 -3 -3  2 -2 -3  2  0 -1 -3 -2 -3 0 1 0 0 0.01
-1  0 -1 -1 -3  5  1 -2  0 -1  1  1  0 -2 -2 -1 -1 -2 -1 -1 0 1 0 0 0.01
-2 -3 -3 -4  3 -3 -4 -3 -2  0  0 -3  0  6 -4 -2 -2  1  3 -1 0 1 0 1 0.01
-2  0  0 -1 -3  0  0 -2  8 -4 -3 -1 -2 -1 -2 -1 -2 -3  2 -3 0 1 0 0 0.01
-2 -2  1  6 -4  0  2 -1 -1 -3 -4 -1 -3 -4 -2  0 -1 -5 -3 -3 0 1 0 0 0.01
-1 -3 -3 -3 -1 -3 -3 -4 -3  4  2 -3  1  0 -3 -2 -1 -3 -1  3 0 1 0 0 0.01
-1 -2 -2 -2 -1 -1 -2 -2 -2  1  3 -2  4  0 -2  1  0 -2 -1  0 0 1 0 1 0.01
-1 -2 -3 -3 -1 -1 -2 -3 -2  2  2 -2  6  0 -3 -2 -1 -2 -1  2 0 1 0 1 0.01
-1  3  0 -1 -3  1  1 -2 -1 -3 -3  4 -2 -3 -1  0 -1 -3 -2 -3 0 1 0 1 0.01
 0 -3 -3 -3 -1 -2 -3 -1 -3  2  1 -2  1 -1 -3 -2  0 -3 -1  4 0 1 0 0 0.01
-1 -2 -2 -2 -3 -1 -1 -2 -2 -3 -3 -1 -3 -4  8 -1 -1 -4 -3 -3 0 1 0 1 0.01
-2 -2 -3 -4 -2 -2 -3 -4 -3  1  4 -2  2  0  1 -2 -1 -2 -1  1 0 0 1 0 0.01
-2 -1  1  6 -4  0  3 -2 -1 -3 -4  0 -3 -4 -2  0 -1 -4 -3 -3 0 0 1 1 0.01
-1 -1  5  1 -2  0  0  0  0 -3 -3  0 -2 -3 -2  2  0 -4 -2 -3 0 0 1 1 0.01
-1  0  5  2 -3  1  2 -1  0 -3 -3  1 -2 -3 -2  0  0 -4 -2 -3 0 0 1 1 0.01
-2 -1  1  5 -4  0  3  0 -1 -3 -4  0 -3 -4 -2  0 -1 -4 -3 -3 1 0 0 1 0.01
-1 -2 -3 -4 -1 -2 -3 -4 -3  2  3 -2  2  0  0 -2 -1 -2 -1  2 1 0 0 0 0.01
-1 -3 -3 -3 -1 -3 -3 -4 -3  4  1 -3  1  0 -3 -2 -1 -3 -1  3 1 0 0 1 0.01
-2 -1  1  5 -4  1  3 -2 -1 -3 -4  0 -3 -4 -2  0 -1 -4 -3 -3 1 0 0 1 0.01
 0 -1  0 -1 -1 -1 -1 -2 -2 -1 -1 -1 -1 -2 -1  1  5 -3 -2  0 1 0 0 1 0.01
-3 -3 -4 -5 -3 -2 -3 -3 -3 -3 -2 -3 -2  1 -4 -3 -3 11  2 -3 1 0 0 0 0.02
-1 -1 -1  1 -3  1  5 -3 -1 -1  1  0 -1 -2 -2 -1 -1 -3 -2 -1 1 0 0 1 0.02
 1  0 -1  0 -3  0  2  5 -1 -3 -3 -1 -2 -3 -2  0 -1 -3 -3 -3 1 0 0 1 0.03
-1 -2 -2 -2 -2 -2 -2 -3 -2  1  1 -2  3  4 -2  0  2 -1  1  0 1 0 0 1 0.04
-1  2 -1 -1 -3  5  1 -2  0 -1  0  1  0 -2 -2  0 -1 -2 -2  0 1 0 0 1 0.04
-1  1  0  3 -3  4  2 -2  0 -3 -3  2 -1 -3 -1  0 -1 -3 -2 -2 1 0 0 1 0.05
 3 -1  0 -1 -1  0 -1  0 -1 -2 -2 -1 -1 -2 -1  3  1 -3 -2 -1 1 0 0 1 0.06
 0 -3 -3 -3 -2 -2 -3 -3 -2  3  1 -3  2  3 -3 -2 -1 -1  0  2 0 0 1 0 0.07
 0  3  0 -1 -2  1  0  1 -1 -3 -3  1 -2 -3 -2  3  0 -3 -2 -2 0 0 1 1 0.08
 0 -1  3  0 -2 -1 -1  4 -1 -3 -3 -1 -2 -3 -2  2  0 -3 -2 -3 0 0 1 1 0.08
 1 -2  0 -1 -2 -1 -1  4 -2 -3 -3 -1 -2 -3 -2  2  1 -3 -2 -2 0 0 1 1 0.08
 0 -2  0 -1 -2 -1 -1  5 -1 -3 -2 -1 -2 -2 -1  1 -1 -2 -2 -2 0 0 1 1 0.06
 3 -2 -1 -2 -1 -1 -1 -1 -2 -1 -2 -1 -1 -3  4  1  0 -3 -2  0 0 0 1 1 0.04
-1  0  6  1 -2  0  0  0  0 -3 -3  0 -2 -2 -1  0  0 -3 -2 -2 0 0 1 0 0.03
-2 -3 -3 -4 -3 -3 -3 -3 -1  0  0 -3  0  6 -4 -3 -2  1  3 -1 1 0 0 0 0.02
-1  1  3  0 -3 -1 -1  4 -1 -4 -4  0 -2 -3 -2  0 -1 -3 -3 -3 1 0 0 1 0.01
-1 -2  1  6 -3  0  1 -1 -1 -3 -4 -1 -3 -4 -1  1 -1 -4 -3 -3 1 0 0 0 0.01
-3 -3 -4 -4 -3 -2 -3 -3 -1 -3 -2 -3 -2  1 -4 -3 -3 11  4 -3 1 0 0 1 0.01
-1 -3 -3 -3 -1 -3 -3 -4 -3  4  2 -3  1  0 -3 -3 -1 -3 -1  3 1 0 0 0 0.00
-1  5  0 -1 -4  1  0 -2  0 -3 -2  3 -1 -3 -2 -1 -1 -3 -2 -3 1 0 0 0 0.00
-1 -1  0  4 -4  1  4 -2 -1 -3 -3  0 -3 -4 -1  0 -1 -3 -3 -3 1 0 0 1 0.00
-2 -3 -3 -4 -2 -3 -3 -3 -2  1  1 -3  0  6 -3 -2 -2  0  3  1 1 0 0 1 0.00
-3 -3 -4 -5 -2 -2 -3 -3 -3 -3 -2 -3 -2  1 -4 -3 -3 11  2 -3 1 0 0 1 0.00
-2 -3 -3 -4 -2 -3 -3 -3 -2  0  2 -3  1  6 -4 -3 -2  0  2  0 0 0 1 0 0.00
-1 -3 -3 -3 -1 -3 -3 -4 -3  4  2 -3  1  0 -3 -2 -1 -3 -1  3 0 0 1 1 0.00
 0 -2  0 -1 -3 -2 -2  6 -2 -4 -4 -2 -3 -3 -2  0 -2 -3 -3 -3 0 0 1 1 0.00
-1 -2 -2 -2 -3 -1 -1 -2 -2 -3 -3 -1 -3 -4  8 -1 -1 -4 -3 -2 0 0 1 1 0.01
 4 -2 -2 -2 -1 -1 -1  0 -2 -1  0 -1  0 -2 -1  1  0 -2 -2  0 1 0 0 1 0.01
-2 -2 -3 -3 -3  1 -2 -3 -1 -1 -1 -2 -1  5 -3 -2 -2  7  4 -2 1 0 0 1 0.01
 1 -1  3 -1 -1 -1 -1 -1 -1 -1 -2 -1 -1 -3 -1  1  4 -3 -2 -1 1 0 0 1 0.01
 4 -2 -1 -2 -1 -1 -1  0 -2 -1 -2 -1 -1 -2 -1  1  1 -3 -2  0 1 0 0 0 0.01
-1 -3 -3 -3 -1 -2 -3 -4 -3  3  3 -3  2  0 -3 -2 -1 -2 -1  2 1 0 0 0 0.02
-2 -1  5  2 -3  0  2 -1  0 -3 -3  0 -2 -1 -2  0 -1 -2  2 -3 1 0 0 1 0.02
-1  0  0  1 -4  3  5 -2  0 -3 -3  1 -2 -3 -1  0 -1 -3 -2 -3 1 0 0 1 0.03
 0 -2  0 -1 -2 -2 -2  5 -2 -3 -3 -1 -2 -3 -2  0  2 -3 -3 -2 0 0 1 0 0.03
 0 -3 -1 -1 -3 -2 -2  6 -2 -4 -4 -2 -3 -3 -2  0 -2 -3 -3 -3 0 0 1 1 0.03
-1  1  0  0 -3  6  2 -2  0 -3 -2  1 -1 -4 -2  0 -1 -2 -2 -2 0 1 0 0 0.02
 0  5  0 -1 -2  1  0 -2 -1 -3 -2  1 -2 -3 -2  2  0 -3 -2 -2 0 1 0 1 0.02
-2 -3 -4 -3 -1 -3 -3 -4 -3  4  2 -3  1  0 -3 -3 -1 -3 -1  2 0 1 0 0 0.02
 1 -1  1  3 -1  0  0 -1 -1 -3 -3  0 -2 -3 -1  4  1 -3 -2 -2 0 0 1 1 0.02
-1  1  3  0 -3  0 -1 -1 -1 -3 -3  1 -2 -3  5  0 -1 -3 -2 -3 0 0 1 1 0.02
-2 -3 -4 -3 -1 -3 -3 -4 -4  5  1 -3  1  0 -3 -3 -1 -3 -2  3 0 0 1 0 0.02
-1  0 -1  0 -2  3  3 -3 -1  0 -1  0  0 -2 -2 -1 -1 -3 -2  2 0 1 0 1 0.02
-1 -3 -3 -3 -1 -2 -3 -3 -1  2  1 -2  0  1 -3 -2 -1 -1  3  3 0 1 0 1 0.03
 0 -1  4  0 -2  0 -1 -1  0 -2 -2  0 -2  0 -2  0  1 -1  3 -2 0 1 0 1 0.04
 0 -2  1 -1  2 -1 -1  1 -1 -1  0 -1 -1  3 -2  2  0 -1  0 -1 0 1 0 1 0.06
 0  0 -1 -2 -2 -1 -1 -2 -2  1  0 -1  2  2 -2  2  0 -2  0  0 0 1 0 1 0.08
-1 -1  3  0  2  0  2  3 -1 -3 -3 -1 -2 -3 -2  0 -1 -3 -2 -3 0 1 0 1 0.10
 0 -1 -1 -2 -1 -1 -2 -3 -2  1  0  0  0 -2 -2  0  3 -3 -2  3 0 0 1 1 0.11
-1  0  0  1 -4  2  5 -2  0 -4 -3  1 -2 -4 -1  0 -1 -3 -2 -3 0 0 1 1 0.11
 1 -2  0 -1 -2 -1 -1  4 -2 -3 -3 -1 -2 -3 -2  3  0 -3 -3 -3 0 0 1 1 0.12
 0 -3 -1 -2 -3 -2 -2  6 -2 -4 -4 -2 -3 -3 -2  0 -2 -3 -3 -3 0 0 1 0 0.12
-1 -1  2  1 -3  2  4 -2  0 -3 -3  0 -2 -3  3  0 -1 -3 -2 -3 0 0 1 1 0.13
-1  2  0 -1 -3  1  0  1 -1 -3 -3  5 -2 -3 -1  0 -1 -3 -2 -3 0 0 1 1 0.13
 1 -2  0 -1 -2 -1 -1  4 -2 -3 -3 -1 -2 -3 -2  2  0 -3 -3 -2 0 0 1 1 0.11
-1  2 -2 -2 -3 -1 -1 -2 -2 -3 -3  0 -2 -4  7 -1 -1 -4 -3 -3 0 0 1 1 0.10
-1 -3 -3 -3 -1 -3 -3 -4 -3  3  2 -3  1 -1 -3 -2  0 -3 -1  4 0 1 0 0 0.08
 0 -2  0  2 -3 -2 -1  5 -2 -4 -4 -2 -3 -3 -2  0 -2 -3 -3 -3 0 1 0 0 0.05
 0 -2 -2 -2 -1 -2 -2 -2 -2  2  1 -2  0 -1 -2 -1  0 -2 -1  4 0 1 0 0 0.03
 0 -1  0  0 -1  0  0 -1 -1 -1 -1  0 -1 -2 -1  3  3 -2 -1 -1 0 1 0 0 0.03
-1  5  2 -1 -2  1  0 -1  0 -2 -2  2 -1 -2 -1  0 -1 -2 -1 -2 0 1 0 1 0.02
-3 -3 -4 -4 -3 -3 -3 -3 -2 -2 -1 -3 -1  3 -4 -3 -3 11  2 -3 0 1 0 0 0.01
-1  5  1 -1 -3  1  0 -2  0 -3 -3  3 -2 -3 -2 -1 -1 -3 -2 -3 0 1 0 1 0.01
-2 -3 -3 -4 -3 -3 -4 -3 -2  0  1 -3  0  6 -4 -3 -2  1  3 -1 0 1 0 0 0.01
 2 -1  0 -1 -1  0  0  0 -1 -2 -2  0 -2 -3 -1  4  1 -3 -2 -1 0 1 0 0 0.01
-1 -1  0 -1 -3  0 -1  2  8 -4 -3 -1 -2 -2 -2 -1 -2 -3  1 -3 0 1 0 0 0.01
 3 -2 -1 -2 -1 -1 -2  4 -2 -2 -3 -1 -2 -3 -2  0 -1 -3 -3 -1 0 1 0 0 0.01
 1 -2 -1 -2 -2 -2 -2  6 -2 -4 -4 -2 -3 -3 -2  0 -2 -3 -3 -3 0 1 0 0 0.01
 1 -1  0 -1 -1  0  0 -1 -1 -2 -2  0 -1 -3 -1  4  3 -3 -2 -1 0 0 1 1 0.01
 0 -3 -1 -2 -3 -2 -2  6 -2 -4 -4 -2 -3 -3 -2  0 -2 -3 -3 -3 0 0 1 0 0.01
-1 -3 -3 -3 -1 -2 -3 -4 -3  4  2 -2  3  0 -3 -2 -1 -3 -1  3 0 0 1 0 0.01
 0 -3 -3 -3 -1 -2 -3 -3 -3  3  1 -2  1 -1 -3 -2  0 -3 -1  4 0 0 1 0 0.01
-2 -2  1  6 -4  0  2 -1 -1 -3 -4 -1 -3 -4 -2  0 -1 -5 -3 -3 1 0 0 0 0.01
 1 -1  1  0 -1  0  0  0 -1 -3 -3  0 -2 -3 -1  4  1 -3 -2 -2 1 0 0 1 0.01
-1 -3 -3 -3 -1 -3 -3 -4 -3  5  2 -3  1  0 -3 -3 -1 -3 -1  3 1 0 0 0 0.01
 1 -1  1  0 -1  0  0  0 -1 -3 -3  0 -2 -3 -1  4  1 -3 -2 -2 1 0 0 0 0.01
-2  6 -1 -2 -4  1  0 -3  0 -3 -2  2 -2 -3 -2 -1 -1 -3 -2 -3 0 0 1 0 0.01
-3 -3 -4 -5 -3 -2 -3 -3 -3 -3 -2 -3 -2  1 -4 -3 -3 11  2 -3 0 0 1 0 0.01
 2 -2 -1 -2 -1 -1 -1 -1 -2  0  1 -1  0 -2 -1  1  2 -2 -2  0 0 0 1 1 0.01
-1  0  0  2 -4  2  5 -2  0 -3 -3  1 -2 -3 -1  0 -1 -3 -2 -3 0 0 1 1 0.01
-2 -2 -4 -4 -1 -2 -3 -4 -3  2  4 -3  2  0 -3 -3 -1 -2 -1  1 0 0 1 1 0.01
-2 -3 -3 -4 -3 -3 -3 -3 -1  0  0 -3  0  7 -4 -3 -2  1  3 -1 0 0 1 0 0.01
-1 -2 -2 -2 -3 -1 -1 -2 -2 -3 -3 -1 -3 -4  8 -1 -1 -4 -3 -3 0 0 1 0 0.01
 1 -2 -2 -3 -1 -2 -2 -2 -3  3  1 -2  0 -1 -2  0  0 -3 -1  3 1 0 0 0 0.02
-1 -1  1  5 -4  1  4 -2 -1 -3 -3  0 -3 -4 -1  0 -1 -4 -3 -3 1 0 0 1 0.02
-1  1  0 -1 -3  4  1  2  0 -3 -3  3 -1 -3 -1  0 -1 -3 -2 -3 1 0 0 1 0.03
-2 -2 -4 -4 -1 -2 -3 -4 -3  2  4 -3  2  0 -3 -3 -1 -2 -1  1 0 0 1 0 0.04
-1  0  5  1 -3  0 -1  2  0 -3 -4  0 -2 -3 -2  0  0 -4 -2 -3 0 0 1 1 0.05
-1  4  0 -1 -3  1  0 -2 -1 -3 -3  4 -1 -3 -1  0 -1 -3 -2 -3 0 0 1 1 0.06
-1 -2 -2 -1 -3 -1  0 -2 -2 -3 -3 -1 -3 -4  8 -1 -1 -4 -3 -3 0 0 1 1 0.06
 4 -2 -2 -2  0 -1 -1  0 -2 -1 -2 -1 -1 -2 -1  1  0 -3 -2  0 0 1 0 0 0.06
 0  2  0 -1 -2  2  0 -1 -1 -3 -3  1 -1 -3 -1  3  1 -3 -2 -2 0 1 0 1 0.06
-1 -3 -3 -3 -1 -3 -3 -4 -3  4  2 -3  1  0 -3 -2 -1 -3 -1  3 0 1 0 1 0.07
-1  0  0  1 -4  3  5 -2  0 -3 -3  1 -2 -3 -1  0 -1 -3 -2 -3 0 1 0 1 0.09
 2 -2 -1 -2 -2 -2 -2  5 -2 -3 -3 -1 -2 -3 -2  0 -1 -3 -3 -2 0 1 0 1 0.08
 1 -2  2 -1 -2 -1 -2  5 -1 -3 -3 -1 -2 -3 -2  0 -1 -3 -3 -3 0 1 0 0 0.08
-2 -3 -3 -4 -3 -3 -3 -3 -1  0  0 -3  0  7 -4 -3 -2  1  3 -1 0 1 0 1 0.07
-2  5  2 -1 -3  1  0 -2  0 -3 -3  2 -2 -3 -2  0 -1 -3 -2 -3 0 1 0 1 0.06
 2 -1  0 -1 -1  0  0  0 -1 -2 -1  0 -1 -2 -1  4  1 -3 -2 -1 0 1 0 0 0.06
-1 -2  1  6 -3  0  1 -1 -1 -3 -4 -1 -3 -3 -1  1  0 -4 -3 -3 0 1 0 1 0.05
 1 -1  0 -1 -1  0 -1 -1 -1 -1 -2 -1 -1 -2 -1  4  1 -3 -2  1 0 0 1 1 0.05
-1  1  0  0 -3  6  2 -2  0 -3 -2  1 -1 -3 -1  0 -1 -2 -2 -2 0 0 1 1 0.03
 0 -2  0 -1 -3 -2 -2  6 -2 -4 -4 -2 -3 -3 -2  0 -2 -3 -3 -3 0 1 0 0 0.03
-1 -3 -3 -3 -1 -3 -3 -4 -3  4  2 -3  1  0 -3 -3 -1 -3 -1  3 0 1 0 1 0.02
-1  0  0  2 -4  2  5 -2  0 -3 -3  1 -2 -3 -1  0 -1 -3 -2 -3 0 1 0 1 0.02
 0 -3 -3 -3 -1 -2 -3 -3 -3  3  1 -2  1 -1 -3 -2  0 -3 -1  4 0 1 0 1 0.01
-1  2  0 -1 -3  1  1 -2 -1 -3 -3  5 -1 -3 -1  0 -1 -3 -2 -2 0 1 0 1 0.01
 0 -3 -3 -3 -1 -2 -3 -3 -3  2  2 -2  1 -1 -3 -2  0 -3 -1  4 0 1 0 0 0.01
-2 -2  1  5 -3 -1  1 -2 -1 -2 -2 -1 -2  2 -2 -1 -1 -2 -1 -3 0 1 0 1 0.01
 0 -3 -1 -2 -2 -2 -2  5 -2 -1 -2 -2 -2 -3 -2 -1 -1 -3 -3  0 0 1 0 0 0.01
-1  1  4  2 -3  1  4 -1  0 -3 -3  0 -2 -3 -2  0 -1 -3 -2 -3 0 1 0 1 0.02
-1 -2 -3 -3 -2 -2 -3 -3 -2  1  3 -3  2  3 -3 -1 -1 -1  0  0 0 1 0 1 0.02
-1 -2 -2 -2 -3 -1 -1 -2 -2 -3 -3 -1 -3 -4  8 -1 -1 -4 -3 -3 0 1 0 0 0.02
 0 -2  0 -1 -3 -2 -2  6 -2 -4 -4 -2 -3 -3 -2  0 -2 -3 -3 -3 0 0 1 0 0.02
-1 -3 -3 -3 -1 -3 -3 -3 -3  2  1 -3  1  3 -3 -2  0 -2  0  4 0 0 1 0 0.03
 1 -1  1  0 -1  0  0  0 -1 -3 -3  0 -2 -3 -1  4  1 -3 -2 -2 0 1 0 0 0.04
-1  4 -2 -3 -2  0 -1 -3 -2  1  0  0  0 -2 -2 -1 -1 -3 -2  3 0 1 0 1 0.04
-2 -2  1  6 -4 -1  1 -2 -1 -3 -4 -1 -3 -4  3  0 -1 -4 -3 -3 0 1 0 1 0.05
 4 -2 -2 -2 -1 -1 -1  0 -2  1 -1 -1  0 -2 -1  1  0 -3 -2  1 0 0 1 1 0.05
 0 -2  0 -1 -3 -1  1  5 -2 -4 -4 -1 -3 -3 -2  0 -2 -3 -3 -3 0 0 1 1 0.04
 0 -2  0 -1 -3 -2 -2  6 -2 -4 -4 -2 -3 -3 -2  0 -2 -3 -3 -3 0 0 1 1 0.04
 0 -2  0 -1 -3 -2 -2  6 -2 -4 -4 -2 -3 -3 -2  0 -2 -3 -3 -3 0 0 1 1 0.03
-1 -1 -2 -3 -2 -1 -2 -3 -2  1  3  1  1  0  1 -2 -1 -2 -1  0 0 0 1 0 0.02
-1  6 -1 -2  1  1  0 -3  0 -3 -2  2 -2 -3 -2 -1 -1 -3 -2 -3 0 1 0 0 0.02
-1  5  0 -2 -4  1  0 -2  0 -3 -2  3 -1 -3 -2 -1 -1 -3 -2 -3 0 1 0 0 0.01
-1 -3 -3 -3 -1 -3 -3 -4 -3  4  1 -3  1  0 -3 -2 -1 -3 -1  3 0 1 0 0 0.01
-2 -2 -4 -4 -1 -2 -3 -4 -3  2  4 -3  2  0 -3 -3 -1 -2 -1  1 0 0 1 1 0.01
-2 -1  6  1 -3  0  0 -1  1 -3 -4  0 -2 -3 -2  1  0 -4 -2 -3 0 0 1 0 0.01
-2  0  1 -1 -3  0  0 -2  8 -4 -3 -1 -2 -1 -2 -1 -2 -3  2 -3 0 0 1 1 0.01
-1 -2 -2 -2 -3 -1 -1 -2 -2 -3 -3 -1 -3 -4  8 -1 -1 -4 -3 -3 0 0 1 1 0.01
-2 -2 -4 -4 -1 -2 -3 -4 -3  2  4 -3  2  0 -3 -3 -1 -2 -1  1 1 0 0 0 0.01
-1 -3 -3 -3 -1 -3 -3 -4 -3  4  1 -3  1  0 -3 -2 -1 -3 -1  3 1 0 0 0 0.01
-1 -2 -2 -2 -3 -1 -1 -2 -2 -3 -3 -1 -3 -4  8 -1 -1 -4 -3 -3 1 0 0 1 0.01
-2 -2 -4 -4 -1 -2 -3 -4 -3  2  4 -3  2  0 -3 -3 -1 -2 -1  1 1 0 0 0 0.01
 1 -2 -3 -3 -1 -2 -2 -2 -3  2  0 -2  0 -1 -2 -1  0 -3 -1  4 1 0 0 0 0.01
-2  0  1 -1 -3  0  0 -2  8 -3 -3 -1 -2 -1 -2 -1 -2 -3  2 -3 1 0 0 1 0.01
-2  0  1 -1 -3  0  0 -2  8 -3 -3 -1 -2 -1 -2 -1 -2 -3  2 -3 1 0 0 1 0.01
 0 -2  0 -1 -3 -2 -2  6 -2 -4 -4 -2 -3 -3 -2  0 -2 -3 -3 -3 1 0 0 0 0.01
-1 -2 -3 -3 -2 -1 -2 -3 -2  2  2 -2  5  0 -3 -2 -1 -2 -1  1 0 0 1 1 0.01
 2 -2 -3 -3 -1 -2 -2 -2 -3  2  0 -2  0 -1 -2 -1  0 -3 -1  3 0 0 1 1 0.01
 0 -3 -1 -2 -2 -2 -2  5 -2 -1 -2 -2 -2 -3 -2 -1 -1 -3 -3  0 0 0 1 0 0.01
-1  2  3  0 -3  1  1 -1  0 -3 -3  4 -2 -3 -1  0 -1 -3 -2 -3 0 0 1 1 0.01
-1 -2 -2 -3 -2 -2 -2 -2 -1  0  1 -2  0  5 -3  1 -1  0  2 -1 0 0 1 1 0.01
-1  0  5  1 -3  1  2 -1  0 -3 -3  0 -2 -3 -2  0  0 -4 -2 -3 0 0 1 1 0.01
-2 -2  2  5 -3 -1  1 -1 -1 -3 -4 -1 -3 -4  4  0 -1 -4 -3 -3 0 0 1 1 0.01
 1 -3 -3 -3 -2 -2 -3 -2 -1 -1  0 -2  0  6 -3 -1 -2  0  2 -1 0 0 1 0 0.01
-1 -1  2  3 -2  0  0 -1 -1 -2 -2  1 -2 -3 -1  1  3 -3 -2 -1 0 1 0 1 0.01
-1 -3 -3 -3 -1 -2 -3 -4 -3  3  2 -3  1  0 -3 -2  0 -3 -1  3 0 1 0 1 0.01
 1 -2  1  5 -2 -1  1 -1 -1 -3 -3 -1 -2 -3 -1  0 -1 -4 -3 -2 0 1 0 1 0.01
 2 -2 -1 -2 -1 -1 -1 -1 -2  1  0 -1  0 -2 -1  1  3 -3 -2  1 0 1 0 0 0.01
-1  3  0 -1 -3  5  1 -2  0 -3 -2  2 -1 -3 -2  0 -1 -2 -2 -2 0 1 0 0 0.01
-2 -3 -3 -4 -2 -3 -3 -4 -2  1  3 -3  1  5 -3 -3 -2  0  2  0 0 1 0 0 0.01
-1  2  0 -1 -3  1  1 -2 -1 -3 -2  5 -1 -3 -1  0  1 -3 -2 -2 0 1 0 1 0.01
 0 -3 -3 -3 -1 -2 -3 -3 -3  3  1 -2  1 -1 -2 -2  0 -3 -1  3 0 1 0 0 0.01
 0 -1 -1 -2 -1  1 -1 -2 -2  2  0 -1  0 -2 -2  1  0 -3 -1  3 0 1 0 1 0.01
-2 -3 -4 -4 -1 -2 -3 -4 -3  3  4 -3  2  0 -3 -3 -1 -2 -1  1 0 0 1 0 0.01
-1 -2 -2 -2 -3 -1 -1 -2 -2 -3 -3 -1 -3 -4  8 -1 -1 -4 -3 -3 0 0 1 0 0.01
-1  2  0 -1 -3  1  2 -2 -1 -3 -3  5 -2 -3 -1  0 -1 -3 -2 -2 0 0 1 1 0.01
 0 -2  0 -1 -3 -2 -2  6 -2 -4 -4 -2 -3 -3 -2  0 -2 -3 -3 -3 0 0 1 1 0.01
-2  0 -2 -2 -3  0 -1 -3  1 -2 -2  2 -1  2 -2 -1 -1  1  6 -2 0 0 1 0 0.01
-1  2  0 -1 -3  1  1 -2 -1 -3 -3  5 -1 -3 -1  0 -1 -3 -2 -2 0 1 0 1 0.01
-1 -3 -3 -3 -1 -3 -3 -3 -2  3  2 -3  1  3 -3 -2 -1 -1  1  2 0 1 0 0 0.01
-2  5 -1 -2 -3  0 -1 -3 -1  1 -1  1 -1 -2 -2 -1 -1 -3 -2  0 0 1 0 1 0.02
-2 -1 -2 -1 -3  0  2 -3  1 -2 -2 -1 -1  2 -3 -1 -2  1  6 -2 0 1 0 1 0.02
 4 -1 -1 -2 -1 -1 -1  0 -2 -1 -2 -1 -1 -2 -1  1  2 -3 -2  0 0 1 0 0 0.03
 4 -2 -2 -2  0 -1 -1  0 -2 -1 -2 -1 -1 -2 -1  1  0 -3 -2  0 0 0 1 1 0.03
-1 -2  3 -1 -3 -1 -1 -2 -1 -3 -3 -1 -3 -4  7  0 -1 -4 -3 -3 0 0 1 0 0.03
 0  1  0  0 -2  5  1 -1  0 -3 -2  1 -1 -3 -1  2  0 -2 -2 -2 0 0 1 1 0.03
-2 -3 -3 -4 -3 -3 -3 -3 -1  0  0 -3  0  6 -4 -2 -2  1  4 -1 0 0 1 1 0.04
-1  5  0  0 -4  1  2 -2  0 -3 -3  2 -2 -3 -2 -1 -1 -3 -2 -3 0 0 1 1 0.04
 0 -1  0 -1 -1 -1 -1 -1 -1 -3 -2 -1 -2 -1 -1  3  1  7  0 -2 0 1 0 1 0.04
-1  0  0  3 -3  5  2 -2  0 -3 -3  1 -1 -3 -1  0 -1 -3 -2 -3 0 1 0 1 0.04
-2  3  5  1 -3  0  0 -1  0 -3 -3  1 -2 -3 -2  0  0 -4 -2 -3 0 1 0 1 0.04
 0 -2 -3 -3 -1 -2 -3 -3 -3  2  3 -2  2  0 -3 -2 -1 -2 -1  2 0 0 1 1 0.03
 1  0 -1  1 -3  1  4 -1 -1 -3 -3  0 -2 -3 -1  0 -1 -3 -2 -2 0 0 1 1 0.03
-1  1  0  1 -3  2  5 -2  0 -3 -3  1 -2 -3 -1  0  1 -3 -2 -2 0 1 0 0 0.03
-2  2 -2 -3 -3 -1 -2 -3  1 -2 -1  0 -1  2 -3 -2 -2  1  6 -2 0 1 0 0 0.03
-1  5 -1 -2 -3  0 -1 -3 -1  0 -1  2 -1 -2 -2 -1 -1 -3 -2  1 0 1 0 1 0.02
-3 -3 -4 -4 -3 -2 -3 -3 -2 -2 -1 -3 -1  4 -4 -3 -3 10  2 -2 0 1 0 0 0.02
 1 -1  0 -1 -1 -1 -1 -1 -1 -2 -2 -1 -1  1 -1  3  3 -2 -1 -1 0 1 0 0 0.01
 0 -2  0 -1 -3 -2 -2  6 -2 -4 -4 -2 -3 -3 -2  0 -2 -3 -3 -3 0 0 1 1 0.01
 0 -2  0 -1 -3 -2 -2  6 -2 -4 -4 -2 -3 -3 -2  0 -2 -3 -3 -3 1 0 0 1 0.01
 3  3 -1 -2 -1  0 -1 -1 -1 -2 -2  0 -1 -3 -1  1  1 -3 -2 -1 1 0 0 1 0.01
-2 -2 -2 -3 -3 -2 -2 -3  2 -1 -1 -2 -1  3 -3 -2 -2  2  7 -1 1 0 0 0 0.01
 3  0 -1 -2 -1  0  0  0 -1 -2 -2  2 -1 -3 -1  1  0 -3 -2 -1 1 0 0 0 0.01
 1  5 -1 -2 -2  1  0 -1 -1 -3 -2  2 -1 -3 -2  0 -1 -3 -2 -2 1 0 0 1 0.01
-3 -3 -4 -5 -3 -2 -3 -3 -3 -3 -2 -3 -2  1 -4 -3 -3 11  2 -3 1 0 0 0 0.01
 2 -2 -2 -3 -1 -2 -2 -1 -3  2  0 -2  0 -1 -2  0  0 -3 -2  3 1 0 0 0 0.01
-1  0  0  2 -4  2  5 -2  0 -3 -3  1 -2 -3 -1  0 -1 -3 -2 -3 1 0 0 1 0.01
-1 -1  0 -1 -3  0 -1  2  7 -4 -3 -1 -2 -2 -2 -1 -2 -3  1 -3 1 0 0 1 0.01
-1 -3 -3 -3 -1 -3 -3 -4 -3  3  1 -3  1 -1 -3 -2  0 -3 -1  4 1 0 0 0 0.01
-1 -4 -3 -4  9 -3 -4 -3 -3 -1 -1 -3 -2 -3 -3 -1 -1 -3 -3 -1 1 0 0 1 0.02
-1  2  0 -1 -3  1  1 -2 -1 -3 -2  5 -1 -3 -1  0 -1 -3 -2 -2 1 0 0 0 0.02
 0 -2  0 -1 -3 -2 -2  6 -2 -4 -4 -2 -3 -3 -2  0 -2 -3 -3 -3 0 0 1 1 0.02
 0 -2  0 -1 -2 -1 -2  5 -2 -3 -3 -1 -2 -3 -2  2  0 -3 -3 -3 0 0 1 0 0.03
-1 -2 -1 -2 -1 -1 -2 -2 -1  0 -1 -1  0  0 -2  0  3  0  4  1 0 0 1 1 0.02
 0 -2  0 -1 -2 -1 -2  5 -2 -3 -3 -1 -2 -3 -2  2  0 -3 -3 -3 0 0 1 1 0.02
-1  0 -1 -1 -3  5  1 -2  0 -3 -3  1 -1 -4  4  0 -1 -3 -2 -2 0 0 1 1 0.03
-2 -3 -3 -4 -3 -3 -3 -3 -1  0  0 -3  0  7 -4 -3 -2  1  3 -1 0 0 1 0 0.02
-1 -1  1  5 -4  1  4 -2 -1 -3 -3  0 -3 -4 -1  0 -1 -4 -3 -3 0 0 1 0 0.03
-1 -3 -3 -3 -1 -3 -3 -4 -3  4  1 -3  1  0 -3 -2  0 -3 -1  3 0 1 0 0 0.03
-2 -2 -3 -4 -2 -3 -3 -4 -2  1  3 -3  2  4 -3 -3 -2 -1  1  0 0 1 0 0 0.05
-2 -2 -3 -3 -3 -2 -3 -3  1 -1 -1 -2 -1  5 -3 -2 -2  2  6 -1 0 1 0 0 0.07
 4 -2 -2 -2  0 -1 -1  0 -2 -1 -2 -1 -1 -2 -1  1  0 -3 -2  0 0 1 0 0 0.12
-1  1  0  0 -3  6  2 -2  0 -3 -2  1  0 -3 -1  0 -1 -2 -2 -2 0 0 1 1 0.23
