-2 -3 -4 -4 -2 -2 -3 -4 -3  0  2 -3  8 -1 -4 -3 -2 -3 -2  0 0 0 1 1 0.77
-1  1 -1 -2 -2  2 -1 -2 -1  0  1 -1 -1  0 -2  2 -1 -1  4 -1 0 0 1 1 0.53
-1  1  1  1 -3  2  1 -2 -1 -2 -2  2  1 -3 -2  3  1 -3 -2 -1 0 0 1 1 0.37
 0  3  3 -1 -3  1 -1 -2 -1 -1 -1  1 -2 -3 -2  1  1 -3  0 -2 1 0 0 1 0.32
 3 -3 -3 -4 -2 -3 -3 -3 -3  4  0 -3 -1  2 -3 -1 -1 -3 -2  2 1 0 0 1 0.20
-1 -2  4  4 -4  3  3 -1 -1 -5 -4 -1 -3 -5 -3  0 -2 -5 -4 -4 1 0 0 1 0.14
-1  1 -1  1 -3  3  1 -1 -2 -1 -1  0 -1 -3 -2  2  2 -3 -2 -1 1 0 0 1 0.10
-3 -1 -5 -5 -3 -4 -5 -6 -5  2  5 -4  0  0 -5 -4 -3 -4 -3  1 1 0 0 1 0.15
-3 -4 -5 -5 -3 -4 -5 -6 -5  3  5 -4  2  0 -5 -4 -3 -4 -3  0 1 0 0 1 0.11
 1  2  2  2 -3  1  2 -1 -1 -3 -3  1 -2 -4 -2  0  0 -4 -3 -3 1 0 0 1 0.06
-1 -1  0  3 -5  4  4  0 -2 -4 -3  0 -3 -4 -3 -2 -2 -4 -1 -4 1 0 0 1 0.05
-4 -5 -5 -6 -4 -5 -5 -5 -4 -1  3 -5  1  7 -5 -4 -2 -2  1 -1 1 0 0 1 0.04
 1 -4 -2 -3  4 -3 -3  5 -4 -4 -4 -3 -4 -4 -3  2 -2 -4 -4 -1 1 0 0 0 0.04
 1  2 -2 -1 -3  2  3 -1  2 -2 -2  1 -2 -3 -1 -1 -1 -4 -2 -1 1 0 0 1 0.03
 0  2  0  0 -3  2  0 -1  1  0 -1  1 -1 -1 -2  1  0 -3 -2 -1 1 0 0 1 0.03
-1 -1  1 -3  1  0 -2 -4 -3  3  3 -1  2 -1 -3 -2 -1 -3  0  1 1 0 0 0 0.03
 0 -3  2  0 -4  1  2  5 -3 -5 -3 -2 -4 -5 -3 -2 -3 -4 -4 -4 0 0 1 1 0.03
-3 -4 -5 -5 -3 -1 -4 -5 -4  4  4 -4  4 -2 -4 -4 -2 -4 -3  1 0 0 1 1 0.03
 0 -3 -2  2 -4  1  2  1 -3 -4 -4 -2  0 -5  6 -2 -3 -5 -4 -4 0 0 1 1 0.02
 0 -2  0  2 -3 -1  1  2  0 -3 -2 -1 -2 -1  3  2  0 -3 -2 -3 0 0 1 1 0.02
-2 -4 -5 -5  1 -4 -5 -5 -4  2  5 -4  4  1 -5 -4 -3 -3 -2  0 0 0 1 1 0.02
 2  0  0  0 -3  1  2 -2  1 -1 -3  1 -2 -3 -2  1 -1 -4 -1  1 0 0 1 1 0.01
-1 -2 -5 -5 -3 -4 -4 -5 -3  1  3 -4 -1  6 -1 -4 -3 -2  0 -2 0 0 1 1 0.01
-2 -3  2  7 -5 -2  1 -1 -3 -5 -6 -1 -5 -6 -4 -1 -1 -6 -5 -5 0 0 1 1 0.01
 1 -2  1  3 -5 -1  6 -2 -2 -5 -5 -1 -4 -5 -3 -2 -3 -5 -4 -4 0 0 1 1 0.01
-2  0  4  3 -4  0  3  0  2 -5 -5  0 -3 -4 -3  0 -1 -5 -3 -4 0 0 1 1 0.01
-2  1  2 -3 -5 -1 -2  6 -4 -5 -5 -3 -4 -5 -4 -2 -3 -5 -5 -2 1 0 0 1 0.01
 0  1 -2 -3  2  1 -2 -1  2  1  0 -1 -1 -1 -1  0  0 -2  3  1 1 0 0 1 0.01
-1 -6 -5 -6 10 -5 -6 -5 -6 -3  0 -5 -3 -2 -2 -4 -3 -5 -5  0 1 0 0 1 0.01
 1  1  1  0 -2  2  0 -1 -2 -1 -1 -1  0 -1 -2  2  0 -3 -2  1 0 1 0 1 0.01
-3 -4 -5 -6 -3 -4 -5 -6 -4  1  5 -4  2  4 -5 -4 -3 -3 -2  0 0 1 0 1 0.01
 0  1 -2  0 -2  0  1 -1 -2  1  1 -1  3 -2 -3  0  0 -3 -2  0 0 1 0 1 0.01
-2 -4 -4 -5 -3 -4 -4 -5 -4  4  2 -4  1  4 -4 -2 -2 -3  0  3 0 1 0 1 0.01
-1 -3  2  7 -5  0  1 -1 -3 -5 -6 -3 -5 -6 -4 -2 -3 -6 -5 -5 1 0 0 1 0.01
-2 -2  3  5 -5  0  3 -1 -2 -5 -5  1 -4 -5 -3 -2 -2 -5 -4 -4 0 0 1 1 0.01
-1  2  0  0 -3  2  1 -1  1  0  0  1  2 -3 -3 -1  2 -3 -2  0 0 0 1 1 0.01
-2 -3 -3 -4 -3 -1 -3 -4  2  1  3 -3  0  3  0 -2  1 -2  3  0 0 1 0 0 0.01
 0 -2 -3 -1 -2 -3 -3 -4 -1  2  1 -3  4 -2 -1 -2  0 -3  0  3 0 1 0 1 0.01
-1 -3  0 -1 -2 -3 -3 -4  1  4  2 -3  0 -2 -3  1  0 -4 -2  2 0 1 0 0 0.01
-1 -2  0 -1 -2 -1 -2 -3  1  0  2 -2 -1  1 -3  1  2 -2  2  0 0 1 0 0 0.01
-2 -3 -4 -3  1  1  1 -4 -3  3  3 -3  1  3 -4 -3 -2 -2  0  1 0 1 0 0 0.01
 1  2 -2 -2  2  0  0 -2  0  0  1 -1 -1  0 -3  0  0 -3  0  0 0 1 0 0 0.01
 1 -1 -1  4  2 -1  0 -1  2 -2 -1 -1 -2 -2 -3  1 -1 -3  1 -1 0 0 1 1 0.01
 0  1  1  1 -3  0  2  0  0 -3 -2 -1 -2 -3  1  1  1 -3  0 -2 0 0 1 1 0.01
 0 -2  3  4 -4  0  1  0 -2 -4 -3  0 -3 -4  1  0 -1 -5 -4 -4 0 0 1 1 0.01
-1  1  1  3 -3  1  1  0  2 -3 -2  1  0 -3  0  0 -1 -4 -2 -1 0 0 1 1 0.01
 0 -2  1  3 -4  2  3  2 -2 -4 -2 -1 -3 -4 -1  0 -1 -4 -3 -3 0 0 1 1 0.01
 0  2 -2  0 -3  0  1  0  2 -2 -2  0  1 -1 -3 -1  2  5  1 -1 0 1 0 0 0.01
-3 -4 -4 -5 -3 -3 -2 -5 -4  2  5 -4  3  1 -4 -3  0 -3 -2  1 0 1 0 0 0.01
-2 -3 -3 -4 -3 -3 -3 -2  3  2  2 -3  3  3 -4 -2  0 -2  2  1 0 1 0 0 0.01
 0 -4 -4 -5 -3 -3 -4 -4 -4  3  4 -4  1  0 -4 -3 -2 -3  1  1 0 1 0 0 0.01
-3 -4 -1 -4  2 -3 -2 -4  1  1  0 -3  0  4 -4  0 -3 -1  6 -2 0 1 0 0 0.01
 2 -3 -2 -3  0 -2 -3  3 -3 -1 -3 -2  1 -4 -3  3  1 -4 -3  0 0 1 0 0 0.01
 0  0 -2 -1 -2 -2 -1 -3 -1  0  2 -2  2  0  2  0  0 -3 -2  1 0 1 0 0 0.01
-1 -3 -4 -4  3 -1 -4 -4 -4  3  3 -2  0  2 -4 -3 -2 -3 -2  2 0 1 0 0 0.01
 0 -3 -2 -2  0  1 -1  5 -3 -1 -1 -2 -2 -1  0  0 -1 -3 -3 -1 0 1 0 0 0.01
 0  0  0  0 -3  1  3  1  2 -2 -1  1 -2 -3  3 -1  0 -4 -2 -2 0 1 0 1 0.01
 0 -3 -3 -3 -3 -2  1 -4  0  0  3 -1  1  1  4 -2 -2 -3 -2  0 0 0 1 0 0.02
-1 -3  0  1 -4  0  2 -2 -3 -4 -3  0 -4 -5  6 -1 -2 -5 -4 -4 0 0 1 1 0.02
 1  0 -1  2 -3  0  1 -2  0 -1 -1  1 -2 -3  1  0  0 -4 -3 -1 0 0 1 1 0.02
 0  0  1  2 -3  1  2 -2  2 -3 -2  1 -1 -3  0  2  1 -4 -2 -3 0 0 1 1 0.02
 1  0  1  1 -4  1  3  1 -2 -4 -3  1 -3 -4  3  0 -2 -4 -3 -3 1 0 0 1 0.02
 2  0  2  2 -3  0  3 -2  0 -3 -2  0 -2 -4  0  0 -2 -4 -3 -2 1 0 0 1 0.01
 0 -1 -3 -3 -3  1 -1 -2  1  0  3 -2  0  3 -1 -2 -1 -2  0  1 1 0 0 0 0.01
 2  1 -3 -4  2 -2 -3 -3 -1 -3  0 -1 -2  2 -4 -1 -2  4  6 -2 1 0 0 0 0.01
 0  1 -2 -2 -3  1  0  0 -2 -1  1  0  0  2 -3  0  0  3 -1 -1 1 0 0 0 0.01
 1  4  0 -2 -3  1  1 -3 -2 -2  0  2  1 -3 -3 -1 -1 -4 -3  0 1 0 0 1 0.01
-1 -4 -4 -5  2 -3 -4 -2  1  0  5 -4  3  0 -4 -3 -1 -3 -2  1 1 0 0 0 0.01
-1 -4 -5 -5  1 -4 -5 -3 -5  0  5 -4  3 -2 -5 -4 -3 -4 -3 -1 1 0 0 0 0.01
 1  0  1  1 -3  2  2  0  1 -2 -3  0 -2 -4 -2  1  1 -4 -3 -1 1 0 0 0 0.01
 4 -1 -3 -1 -2 -1 -2  1 -3 -1  0 -2 -1  0 -3  0 -1  1 -2  1 1 0 0 0 0.01
 0 -3  8  0 -5  1 -2 -3 -2 -5 -6 -2 -4 -5 -4  0 -2 -6 -4 -5 1 0 0 0 0.01
-2 -3 -4 -5 -3 -3 -4 -5 -3  0  5 -1  0  2 -1 -2  0 -2  2  0 1 0 0 0 0.01
-2 -2  0 -1 -3  1 -2 -3 -2 -1  1  0  2  5 -3 -1 -2  4  2 -1 1 0 0 1 0.01
-1 -2 -3 -2  0 -3 -3  2 -3 -2  2 -3 -1  2  0 -2 -3  7  0 -2 1 0 0 0 0.01
 2  1 -2 -2 -2  1  0 -1  0  0  0  1  0  0 -2  0 -1 -2  0 -1 1 0 0 0 0.01
 1  0  0  1 -3  0  4  3 -2 -2 -3 -1 -3 -2 -3  0  0 -4 -3 -2 1 0 0 1 0.02
 0 -1  3 -1  0  1  1 -3 -2 -2 -3  0 -2 -2 -3  2  4 -4 -3 -2 0 0 1 1 0.02
 1  0  1  1  0 -1 -2  4 -3 -3 -1  0 -1 -4 -3 -1 -2  0 -4 -3 0 0 1 1 0.01
 0 -3  1 -1 -4 -1  0  5 -3 -4 -5  0 -4 -5 -1 -1 -3 -4 -4 -2 0 0 1 0 0.01
 2 -3 -3 -3  3 -3 -3  3 -3 -1  0 -3  2 -3  4 -1 -2 -4 -3  0 0 0 1 0 0.01
 0 -3 -1 -3  4 -2 -3  1  2 -1 -3 -2 -2 -3 -3  1  4 -3  1  0 0 1 0 0 0.01
-3 -4 -5 -5  1 -4 -5 -6 -5  3  5 -4  0  0 -5 -4 -3 -4 -3  1 0 1 0 0 0.01
 3 -3 -2 -3  6 -3 -3  3 -3 -3 -2 -3 -3 -4 -3  2  0 -4 -4 -2 0 1 0 0 0.01
-3  1 -4 -4 -3 -3 -3 -4 -2  2  3 -3  2  0 -4 -3 -2  4  4  2 0 1 0 0 0.01
 1 -2  1  5 -4 -1  3 -2 -2 -4 -4 -1 -3 -4 -2  0  0 -4 -3 -3 0 1 0 0 0.01
 0  1  1  1 -4 -1  2 -2 -2 -2 -2 -1 -3 -4  5  2 -1 -5 -4 -3 0 0 1 1 0.01
-1  0  3  3 -4  3  2  1  1 -2 -2  0 -2 -4 -3 -1 -1 -4 -3 -2 0 0 1 1 0.01
 1 -2  0  1 -3  1  1  1 -2 -3 -2 -1 -3 -4  0  3  2 -4 -3 -3 0 0 1 1 0.01
-1  3  2  3 -4  2  0  3  2 -4 -4  0 -3 -3 -3 -1 -2 -3 -1 -3 0 0 1 1 0.01
 2 -1 -2 -2 -2  3 -1  1  0 -3  0 -1  0 -3 -2  2  1  1 -2 -2 0 1 0 0 0.01
-2 -4 -5 -5 -3 -4 -4 -5 -3  2  3 -4  0  0  0 -3 -2 -3  3  4 0 1 0 0 0.01
-1 -3 -4 -4 -2 -3 -4 -4  1  2  3 -3  1  1 -4 -3  0  1  0  3 0 1 0 0 0.01
 0 -4 -4 -5 -3 -3 -4 -2 -3 -1  4 -4  2  2 -4 -3 -3  2  3 -1 0 1 0 0 0.01
 1 -2  1 -2  2  2 -1 -3  3  0  1 -2  2  1 -3 -1  0 -2  2 -1 0 1 0 0 0.01
-1  1  1  1 -3  2  0  1  1  0  0  0  1 -1 -3  0  1 -2  1 -1 0 1 0 0 0.01
 0  4  1 -2  1  1 -1 -3  2 -2 -2  0  0  1 -1  1  0 -3 -1 -2 0 1 0 0 0.01
-2 -1 -3 -4 -3  0 -3 -4  0  3  2  0  0  2 -3 -2 -1  3  2  1 0 1 0 0 0.01
 1 -3 -2  0 -3 -2 -2  0  1 -3 -1 -2 -3 -4  6  2 -2 -4 -3 -3 0 1 0 1 0.01
 0  0 -3 -3 -2  0 -2 -3 -3  2  2 -2  2  0  0 -2  1 -3 -1  2 0 0 1 1 0.01
 1 -1  1  2 -4  1  4 -3 -2 -4 -4  0 -3 -4  2  0  0 -4 -3 -3 0 0 1 1 0.01
 0 -1  2  0 -3  1  1  2  3 -2 -1  1  0 -3 -3  0  0 -4 -2 -1 0 0 1 1 0.01
 0 -3 -1 -4  1 -3 -2 -4 -4  0  4 -3  0 -2 -4  0 -2 -4 -3  1 0 0 1 1 0.01
 0 -1  2  4 -3 -1  1  0 -2 -3 -4 -2 -3 -4 -3  2  2 -5 -4 -2 0 0 1 1 0.01
 2 -1 -3 -3 -2 -1  1 -3 -2  0  0 -2  0  0  2 -1 -1 -3  1  3 1 0 0 1 0.01
 1  1  0  0 -3  2  2 -2  0 -3 -3 -1 -2 -1  1  2  1 -3 -2 -2 1 0 0 1 0.01
 0  0  1  2 -2  1  1  0 -1 -1 -2  1  0 -2 -2  0  1 -3  0 -1 1 0 0 1 0.01
-3 -4 -4 -4 -3 -4 -4 -4 -3  2  4 -4  1  5 -4 -4 -3 -2 -1 -1 1 0 0 0 0.01
-1 -1  0  1 -3  1  4 -3 -2 -2 -1  1 -2 -3 -2  1  0 -4 -3  0 1 0 0 1 0.01
 1  2  0  2  0  2  1 -2 -2 -2 -2 -1 -2 -3 -2  1  2 -3 -2 -1 1 0 0 1 0.01
 1  0 -2 -1  1  0  1 -1  0 -1  0 -1 -1  2 -3  0 -1  6 -1 -1 1 0 0 0 0.01
-3 -4 -5 -5 -3 -4 -5 -5 -4  4  4 -4  3  3 -5 -4 -3  2 -2  0 1 0 0 0 0.01
 1 -1  0  3 -4  2  4 -1  3 -4 -4 -1 -3 -4 -3  0  0 -4 -3 -2 1 0 0 1 0.01
 0  2  0  0 -3  2  2  0 -2 -2 -2  1 -2 -1 -2  0  1 -3 -2 -1 1 0 0 1 0.01
-4 -4 -4 -5 -4 -1 -4 -2  2  0  1 -4 -1  7 -5 -4 -3 -2  0  1 1 0 0 0 0.01
 1 -3 -2 -4 -2 -3 -4 -4 -4  4  2 -2  0 -2 -4 -3 -2 -4 -3  3 1 0 0 0 0.01
-1  0  2  4 -4  0  3  1 -2 -4 -2  1  0 -4 -3  0 -2 -4 -3 -3 1 0 0 1 0.01
 0  1 -2  0  0  3 -1 -3 -2 -1 -1 -1 -2 -2 -3  1  1  6  0  1 1 0 0 0 0.01
 3 -3 -3 -4  1 -2 -3 -3 -3  0  2 -3  4 -2 -3 -1  1 -4 -3  2 1 0 0 0 0.01
-1  1 -2  0 -4  1  5 -3 -2 -3 -2  3 -3 -4 -3 -1 -1 -4 -3  0 1 0 0 1 0.01
-1  2  1  1 -3  3  0  1  1 -3 -2  2 -2 -1 -2  2 -1 -3 -2 -3 1 0 0 1 0.01
 0 -3 -4 -4  2 -3 -4 -4 -4  1  3 -3  1 -1 -4 -2  1  7 -1  1 1 0 0 0 0.01
-1  6 -2 -3 -4 -1 -2 -4  2 -1 -3  1 -2 -2 -4 -1 -2 -3  4  0 1 0 0 0 0.01
 1  0  0  0 -3  3  1  1  3 -2  0 -1 -1  1 -3 -1 -2 -3 -1 -2 1 0 0 1 0.02
 2  0 -1  0 -2  1  0 -2 -2  0 -1 -1  0 -2 -2  1  2  2 -2  0 1 0 0 1 0.03
-2 -3 -4 -4  1 -1 -3 -4 -4  2  4 -3  4  0 -4 -3  0 -3 -2  0 1 0 0 0 0.05
-1  0  0 -1 -3  3  3 -3  3 -2  1  0 -1 -3 -3 -1 -2 -3 -2 -1 1 0 0 1 0.06
-1  1  2  4 -3  0  1  0 -2 -4 -4 -1 -3 -4 -2  3 -1 -4 -3 -3 1 0 0 1 0.08
-1  1  0  1 -3  2  1  0  3 -2  0  1  0 -2 -2  0 -1 -3 -1 -1 0 0 1 1 0.16
 1 -2  2  1 -3 -2 -2  4 -2 -2 -3 -2 -2 -3  1 -1 -1 -4 -3  0 0 0 1 1 0.27
 0 -2 -2 -2 -2 -1  1 -3 -3  3  0 -2  0 -2 -2  0  1 -3 -2  2 0 0 1 1 0.51
 0 -2 -1 -2 -2 -1 -2  3 -2 -2 -1 -1 -2 -3  1  2  3 -3 -3 -2 0 0 1 1 0.69
 3 -2 -2 -1 -1 -1  1 -1 -2  0  1 -1  0 -2  1  0  0 -3 -2  0 0 0 1 0 0.74
 2 -2 -1  2 -2  0  2 -2 -2 -1  0 -1  3 -2 -2  0  1 -3 -2 -1 0 0 1 1 0.83
 1 -2  1 -1 -2 -1 -1 -2 -2 -2 -2 -1 -2 -3  1  2  4 -3 -2 -1 0 0 1 1 0.86
-1 -2  3  3 -4  0  2  2 -1 -4 -4 -1 -3 -4  4  0 -1 -4 -3 -3 0 0 1 1 0.90
 0 -1 -1 -2 -2  2 -1 -2  5 -2 -2 -1 -1 -1 -2  1  1 -2  3  0 0 0 1 0 0.93
 1 -1 -1 -1 -2  1  1 -2 -2 -2 -2 -1 -1 -3 -2  1  5 -3 -2 -1 0 0 1 1 0.94
-1 -1  0  2 -3  3  3 -2  3 -3 -3  0 -2 -3  2  1 -1 -3 -2 -3 0 0 1 1 0.96
 1 -1  0  2 -2  0  0 -1  5 -3 -3 -1 -2 -3 -2  3  0 -3 -1 -2 0 0 1 1 0.97
-2 -1  0 -2 -3  0 -1 -3  8 -1  1 -1  0 -1 -3 -1 -2 -2  1 -2 0 0 1 1 0.97
-2  0  1 -1 -3  0  0 -2  8 -4 -3 -1 -2 -1 -2 -1 -2 -3  2 -3 0 0 1 1 0.97
-2  0  1 -1 -3  0  0 -2  7 -3 -3 -1 -2 -1 -2 -1 -2 -2  2 -3 0 0 1 1 0.97
-2  0  1 -1 -3  0  0 -2  7 -3 -3 -1 -2 -1 -2 -1 -2 -2  2 -3 0 0 1 1 0.97
