 0 -2  0 -1 -2 -2 -2  5 -2 -4 -4 -1 -3 -3 -2  0 -2 -2 -3 -3 0 0 1 1 0.83
-1 -2 -3 -3 -2 -1 -3 -3 -2  2  2 -2  6  0 -3 -2 -1 -2 -1  1 0 0 1 1 0.76
 0  0  2  0 -2  0  0 -1 -1 -2 -2  2 -1 -3 -1  2  3 -3 -2 -1 0 0 1 1 0.67
 0 -1  0 -1 -1  0  1 -2 -2 -1 -2 -1 -1 -3 -1  1  5 -3 -2 -1 0 0 1 1 0.65
-1  0  2 -1 -2  4  0 -2 -1 -2 -2  0 -1 -3 -2  1  4 -3 -2 -1 0 0 1 1 0.53
 0  1  1 -1 -2  0  1 -2 -1  1 -1  1 -1 -2 -2  0  2 -3 -2  0 0 0 1 1 0.40
 1 -2 -1 -2 -2 -2 -2 -2 -3 -2 -2 -2 -2 -3 -2  2  6 -3 -3 -1 0 0 1 1 0.28
 1 -2  1 -2 -2 -2 -2  0 -2 -3 -3 -2 -2 -1  5  0  3 -3 -2 -2 1 0 0 0 0.22
 0  4 -1 -2 -3  1  0 -2 -1 -2  1  2 -1 -2 -2  0 -1 -3 -2 -2 1 0 0 1 0.12
 0  0  2  3 -3  2  3 -2 -1 -3 -3  0 -2 -3 -2  0  0 -3  0 -3 1 0 0 1 0.07
-1 -3 -3 -3 -2 -3 -3 -4 -3  3  2 -3  0 -1 -3 -1  2 -3 -2  2 1 0 0 0 0.04
 4 -2 -2 -3 -1 -2 -2 -1  0 -1 -2 -2 -1 -3 -2  1 -1 -4 -2  2 1 0 0 0 0.02
-2 -2 -1  2 -3  0  4 -3 -2 -1  2 -1  2 -2 -2 -1  0 -3 -2 -1 1 0 0 1 0.02
 2  2 -1 -1 -2  1  2 -2  1 -1 -1  1 -1 -3 -2  0  0 -3 -2 -1 1 0 0 1 0.01
-3 -3 -4 -5 -4 -3 -4 -4  0 -2 -2 -3 -2  5 -4 -3 -3  1  8 -2 1 0 0 0 0.01
-2 -3 -3 -4 -3 -3 -3 -4  3  2  2 -3  0  5 -4 -2  0 -1  2  0 1 0 0 0 0.01
 1  3 -1  1 -3  2  2 -2  2 -3 -3  1 -2 -3 -2  0  1 -3 -2 -2 1 0 0 1 0.01
 5 -3 -2 -3  5 -2 -2 -1 -2 -2 -2 -2 -2 -3 -2  1 -1 -3  1 -1 1 0 0 0 0.01
-3 -3 -5 -5 -3  0 -4 -4 -3  0  2 -4 -1  2 -5 -4 -3 10  0 -2 1 0 0 0 0.01
 0  1  2 -1  2  1  2 -2 -1 -2 -1  0 -1 -3 -2  1  2 -3 -2 -2 1 0 0 1 0.01
 3  2  0  0 -2 -1  1  1 -2 -3 -3  0 -2 -3 -2  1  1 -3 -3 -2 1 0 0 1 0.01
 0  3 -1 -1 -4  0  2  4  3 -4 -4  0 -3 -4 -3 -1 -2 -3 -2 -3 0 0 1 1 0.01
-3 -3  3  7 -5 -1  0 -2 -2 -4 -5 -2 -4 -5 -3 -1 -2 -6 -4 -4 0 0 1 1 0.01
-1 -3 -3 -4 -3 -1 -3 -4 -2  0  0 -3 -1  6  1 -2  0  0  3 -1 1 0 0 0 0.01
-1 -2  0  5 -4 -1  3 -2 -2 -3 -2 -1 -3 -4  1 -1 -1 -4 -3 -3 1 0 0 1 0.01
 2  1 -1 -1  2 -1 -1  1 -2 -3 -3  2 -2 -3  2  0  1 -3 -3 -2 1 0 0 1 0.01
 3 -3 -3 -3 -2 -2 -2 -2 -3  0  3 -2  2  0 -2 -1 -1 -3 -2  0 1 0 0 0 0.01
-1  5 -1 -2 -4  0  1 -3  2 -3 -2  1  2 -3 -3 -1 -2  3 -2 -3 1 0 0 1 0.01
 2  0 -1 -1 -2 -1  0  1 -2 -2 -2  0 -2 -3  2  2  1 -3 -2 -1 1 0 0 1 0.01
-2  0 -3 -4  4 -2 -3 -4  4  0  3 -2  0  0 -3 -2 -2 -2  3  1 1 0 0 0 0.01
-2 -3 -4 -5 -2 -3 -4 -5 -4  1  5 -3  1 -1 -4 -3 -2 -3 -2  2 1 0 0 0 0.01
 5 -2  0  1 -2 -2 -1 -1 -2 -3 -3 -2 -2 -3 -2  1 -1 -4 -3 -2 0 0 1 1 0.01
 0 -1 -1  3 -4  1  3  0 -2 -4 -4  0 -3 -4  5 -1 -2 -4 -3 -3 0 0 1 1 0.01
-2 -2  3  6 -4  1  2  1 -2 -4 -4 -1 -3 -4 -2  0 -2 -5 -4 -4 0 0 1 1 0.01
-2 -3 -4 -4  2 -3 -4 -4 -3  2  1 -3  2  4 -4 -3 -1 -2  0  3 0 0 1 0 0.01
-1  3 -1  1  2 -1 -1 -2  0 -1 -2  1 -1 -3 -2  1  3 -3 -2  1 0 1 0 1 0.01
-1 -4 -4 -4  2 -4 -4 -4 -2 -2 -1 -4 -1  7  0 -3 -3  0  4 -2 0 1 0 0 0.01
 1  0  1  2 -2  0  1 -2  1  0  0 -1 -1 -2 -2  0  1 -3 -2  1 0 1 0 1 0.01
 0 -3 -1 -2 -3 -2 -2  6 -3 -4 -4 -2 -3 -4 -3  1  0 -4 -4 -3 0 0 1 0 0.01
 0 -3 -3 -3 -3 -2 -2 -3 -3 -1 -2 -2 -2 -3  7 -1  1 -4 -3  2 0 0 1 0 0.01
 0 -3 -3 -4 -2 -2 -3 -3 -3  2  3 -3  4  2 -3 -2 -1 -2 -1  1 0 0 1 0 0.02
 2 -2  1 -2 -3  1 -2  5 -2 -4 -4 -1 -3 -4 -2  0 -1 -3 -3 -3 0 0 1 0 0.02
 0  1 -1 -1 -2  1  0  0  3 -2 -2  0 -2 -3  1  2  3 -3 -2 -1 0 0 1 1 0.02
 1  3 -2 -3 -2 -1 -2 -2 -1  1  0 -1 -1  2 -2  0  0 -1  2  0 0 0 1 1 0.03
-1  0  2  4 -3 -1  1 -2  1 -3 -3 -1 -3 -3 -2  2  2 -4 -3 -3 0 0 1 1 0.03
 0  1  0  0 -3 -2 -2  5 -2 -4 -4 -1 -3 -4 -3  0 -2 -4 -4 -4 0 0 1 1 0.03
 4 -2 -2 -2 -2 -1 -2 -1 -2 -1 -2  0 -2 -3  3  1 -1 -4 -3  1 1 0 0 0 0.03
 0 -2  0  5 -4  0  4 -2 -2 -3 -3 -1  1 -4 -2  0 -1 -4 -3 -3 1 0 0 1 0.03
 1  1 -1  2 -3  1  3  0 -1 -3 -3  0 -2 -3  1  0 -1 -4 -3 -1 1 0 0 1 0.03
-1 -3 -4 -4  5 -3 -4 -4 -1 -2  0 -3 -1  5 -4 -3 -3  0  6 -2 1 0 0 0 0.02
-1  1 -3 -4 -2 -2 -3 -4 -3  3  3 -2  3 -1 -3 -2 -1 -3 -2  2 1 0 0 0 0.02
 2  1  1  3 -2  0  1  0 -2 -1 -3  1 -2 -3 -2  0 -1 -4 -3 -2 1 0 0 1 0.03
-1 -1 -1  2 -3 -2 -1  4  3 -3 -3 -2 -2  1  1  0 -2 -3 -1 -2 1 0 0 1 0.03
-1 -3 -3 -4 -2 -2 -3 -4 -3  0  4 -3  6  1 -3 -1 -2 -2 -1  0 1 0 0 0 0.03
 1  2 -1 -1 -3  2  2  0 -1 -3 -2  1  0 -3 -2  1  0 -3 -2 -2 1 0 0 1 0.03
 0  2 -1 -1 -3  1 -1  3 -2 -3 -3  3 -2 -4 -2  2  0 -3 -3 -3 1 0 0 1 0.02
-2  0 -3  0 -2 -2 -3 -4 -3  3  1 -2  6 -1 -3 -3 -2 -3 -2  1 0 0 1 0 0.02
-1 -1 -2 -3 -2 -1 -2 -3 -2  1  2  2  3 -1 -2  0  1 -3 -2  1 0 0 1 1 0.02
-1 -2 -1  1  2  2  0 -2 -2 -1  0 -1 -1  1 -2  0  2 -2 -1  0 0 0 1 0 0.02
 0  2  0  3 -3  1  0  2  1 -4 -3  2 -2 -3 -2  1 -1 -4 -2 -3 0 1 0 1 0.02
-2  1  0  0 -2 -2 -2 -3 -1  2  1 -1  0  0 -3  0 -1 -1  4  1 0 1 0 0 0.02
 0  1  2  1 -3  1  3 -2  1 -1 -2  1 -1 -3 -2  0  1 -3 -2  1 0 1 0 1 0.01
-1 -3 -4 -4 -2 -3 -3 -4 -4  3  2 -3  2 -1  0 -3 -1 -3 -2  4 0 1 0 0 0.01
-2  2 -2 -2 -3  0  0 -3  3  1  2  1  0 -1 -3 -2 -1 -3 -1  0 0 1 0 1 0.01
 3  0 -1 -1 -2  0  1 -1 -2 -2 -1  3 -1 -3 -2  1 -1 -3 -2 -1 0 1 0 1 0.01
 1  4 -2 -2  2  1 -1 -2 -2 -1 -1  0  1 -3 -2  0  0 -3 -2  1 0 1 0 0 0.01
-2 -3 -3 -4 -2 -3 -3 -1 -2  0  1 -3  1  5 -4 -2  0  3  2  1 0 1 0 0 0.01
 2 -2 -2 -2 -2 -1  1  3 -2  0 -2 -1 -1 -3 -2  0  1 -3 -2  1 0 1 0 1 0.01
-2 -2  3  6 -4  0  3 -2 -2 -4 -4 -1 -4 -4 -2  0 -2 -5 -4 -4 0 0 1 1 0.01
 1 -3 -1  3 -3 -2  0  5 -2 -4 -4 -2 -3 -4 -3 -1 -2 -4 -4 -3 0 0 1 1 0.01
 0  0  2  2 -3  1  2  0 -1 -3 -3  0 -2 -4  3  1  1 -4 -3 -2 0 0 1 1 0.01
-2 -2  2  5 -3  1  2  0  2 -4 -4 -1 -3 -4 -2  1  0 -4 -3 -3 0 0 1 1 0.01
 2 -3 -3 -3 -2 -2 -3 -3 -3  2  0 -3  0 -2 -3  0 -1 -4 -2  5 0 1 0 0 0.01
 1 -3 -3 -4  6 -3 -3 -3 -3  2  2 -3  1 -1 -3 -1  0 -3 -2  1 0 1 0 0 0.01
-1 -2 -2 -3 -2 -2 -2 -3  4  0  2 -2  0  1 -3  0  3 -3 -1  1 0 1 0 0 0.01
-3 -4 -4 -5 -3 -3 -4 -4 -3  0 -1 -4  4  5 -5 -3 -3  9  1  0 0 1 0 0 0.01
-2 -3 -3 -4 -3 -3 -3 -4  0 -2 -2 -3 -2  5 -4  0 -2  1  7 -2 0 1 0 0 0.01
-2  0  1  5  3 -1  2 -2  1 -3 -4 -1 -3 -4 -2 -1  0 -4 -3 -3 0 1 0 0 0.01
-2 -3 -3 -3 -2 -3 -3 -4 -3  3  2 -3  1  0  1 -2  1 -2  1  2 0 1 0 0 0.01
 0  2  3 -1 -3  3  0  0  1 -3 -3  0 -2 -3 -2  0  2 -3 -2 -2 0 1 0 0 0.01
 1 -1 -2 -3 -2 -1 -2 -2 -2  2  1  2  4 -2 -2  0  1 -3 -2  1 0 0 1 0 0.01
 1 -1  1  1 -2 -1 -1  2 -2 -1 -1 -1 -2 -3  1  2  0 -3 -3 -2 0 0 1 1 0.02
 0 -2 -1  2 -3 -1  2  3 -2  0 -2 -1 -2 -3 -2  0 -1  3 -2  1 0 0 1 0 0.02
 1  1 -1 -2 -3  0 -1  1 -2 -3 -3  3 -2 -4  3  1  0 -4 -3 -2 0 0 1 1 0.02
 0 -1 -1  1 -2  1  2 -2  1 -2 -2  0 -2 -3  3  1  2 -3 -2  0 0 0 1 1 0.02
 1 -1 -3 -3 -2 -2 -2 -3 -3  3  1 -2  1 -1 -3  0  0 -3 -2  3 0 0 1 0 0.03
 1 -2 -1  1 -3  2  1 -2 -2 -3 -3 -1 -2  0  5  0 -1 -3 -2 -3 0 0 1 0 0.02
 2 -2 -2 -2  2 -2 -2 -2 -3  1  0 -2  1 -2  1  1  2 -3 -2  2 0 0 1 0 0.02
 5 -2 -2 -3 -1 -2 -2  1 -3 -2 -2 -2 -2 -3 -2  1 -1 -4 -3  1 0 0 1 0 0.02
 0 -1  4  0 -3  3  1  2  2 -4 -3  1 -2 -4 -2  0  0 -3 -2 -3 0 0 1 0 0.01
-3 -3 -4 -4 -4 -2 -1 -4  3 -2  0 -3 -2 -1 -4 -3 -3 11  0 -1 0 1 0 0 0.01
 0 -2 -1 -2 -2 -1 -2 -2  3 -1  1 -2  1  2 -2  1  2 -1  3 -1 0 1 0 0 0.01
-1  2 -1 -2 -3  3 -1 -3  7 -4 -3  1 -2 -3 -3 -1  1 -3  0 -3 0 1 0 0 0.01
-1 -3 -4 -4 -2 -3 -3 -4 -4  3  1 -3  0 -2 -3 -2  1 -4 -2  5 0 1 0 0 0.01
 0  1 -1  1 -3  1  4 -2  3 -3 -3  1 -2 -3 -2  1 -1 -3 -2 -1 0 1 0 1 0.01
-2 -1  2  5 -4  1  2  0 -1 -4 -4  0 -3 -4 -2 -1 -2 -4 -3 -4 0 0 1 1 0.01
-1 -3 -1 -2 -4  1  1  6 -3 -5 -5 -2 -3 -4 -3 -1 -2 -4 -4 -4 0 0 1 1 0.01
-2  4 -2 -2  2  0  0 -3 -2 -2  2  2 -1 -2 -3 -2 -2 -3 -2 -2 0 1 0 1 0.01
-3 -4 -5 -4 -2 -4 -5 -5 -5  7  0 -4  0 -1 -4 -4 -2 -4 -3  2 0 1 0 0 0.01
 1 -2 -1  1 -2  0 -1 -2  3 -1 -1 -1 -1 -3 -2  1  4 -3 -2  0 0 1 0 1 0.01
 1  3 -1  1 -3  2  2 -2 -1 -3 -3  1 -2 -3 -2  1  0 -3 -2 -2 0 1 0 1 0.01
-2 -3 -3 -1 -2 -3 -3 -4 -4  4  2 -3  1  1 -3 -3 -1 -3 -1  3 0 1 0 0 0.01
-2  4  0 -2 -4  0  1 -3  3 -2 -1  3 -2 -3 -3 -1 -2 -3 -2 -1 0 1 0 1 0.01
 1 -3 -3 -4 -2 -3 -3 -3 -3  2  2 -3  0 -1 -3 -2  0 -3 -2  4 0 1 0 0 0.01
-1 -3 -2 -3 -2 -2 -3 -3 -3  3  1 -2  0 -1 -3 -1  3 -3  1  3 0 1 0 0 0.01
-4 -4 -4 -5 -4 -5 -5 -5 -3 -1 -1 -5 -1  8 -5 -4 -4  0  2 -2 0 1 0 0 0.01
-3 -3  0  7 -5 -2  0 -3 -2 -5 -5 -2 -5 -5 -3 -2 -2 -6 -5 -5 0 0 1 0 0.02
 1  2 -2 -2 -3  0 -1  0 -2 -3 -3 -1 -3 -4  6  0 -1 -4 -3 -3 0 0 1 0 0.01
-2  6 -1 -3 -4  0 -1 -3  2 -3  0  2 -1 -3 -3 -2  0 -3 -2 -2 0 0 1 1 0.02
 0 -2 -2 -2 -4 -1  1 -1 -3 -4 -4  0 -3 -4  7 -1 -2 -4 -4 -3 0 0 1 1 0.04
-2 -3 -4 -4 -2 -3 -4 -4 -3  2  3 -3  2  4 -4 -3 -2 -1  0  0 0 0 1 0 0.08
-2 -3 -4 -4 -2 -3 -3 -4 -3  1  4 -3  1  4 -4 -3 -2 -1  1  0 0 0 1 0 0.12
-2 -1  1  5 -4  1  4 -2 -1 -3 -4  0 -3 -4 -2  0 -1 -4 -3 -3 0 0 1 1 0.23
-1  4  0  0 -4  1  3 -2  0 -3 -3  3 -2 -3 -2  0 -1 -3 -2 -3 0 0 1 1 0.43
