-1 -1 -2 -3 -1  0 -2 -3 -1  1  2 -1  5  0 -2 -1 -1 -1 -1  1 0 0 1 1 0.91
 2 -1  2 -1 -1 -1 -1  0 -1 -2 -2 -1 -1 -3 -1  3  2 -3 -2 -1 0 0 1 1 0.88
 0  1 -1  0 -3  2  4 -2 -1 -3 -3  3 -2 -3 -1  0 -1 -3 -2 -2 0 0 1 1 0.86
 3 -2 -1 -2 -1 -1 -1 -1 -2 -1 -1 -1 -1 -2 -1  1  3 -3 -2  1 0 0 1 1 0.80
 0  0  2  3 -3  3  1 -1 -1 -3 -3  2 -2 -3  2  0 -1 -3 -2 -2 0 0 1 1 0.75
 2  0 -1 -1 -2  0  1  1 -1 -2 -2  3 -2 -3 -1  0 -1 -3 -2 -2 0 0 1 1 0.70
 0  2 -1 -1 -3  0  1 -2 -1 -3 -3  3 -2 -3  5  0 -1 -3 -2 -2 0 0 1 1 0.54
 0 -1 -1 -2 -2 -1 -1  0 -2  1  1  1  0 -1 -2  1  0 -3 -2  1 0 0 1 0 0.44
-1  2  3  2 -2  0  0 -1 -1 -2 -1  0 -1 -2 -2  1  2 -3 -2 -2 0 0 1 1 0.34
 2 -1 -1 -1 -1  0  2  1 -2 -1 -2 -1 -1 -2 -1  0  2 -3 -2  0 1 0 0 1 0.30
-1 -1  0  4 -4  1  5 -2 -1 -4 -4  0 -3 -4 -2 -1 -1 -4 -3 -3 1 0 0 1 0.26
 0  0  0  2 -3  4  4 -2  0 -3 -3  0 -2 -3 -1  1 -1 -3 -2 -2 1 0 0 1 0.25
-2 -2 -4 -4 -2 -2 -3 -4 -2  2  4 -3  2  0 -3 -3 -1 -1  1  1 1 0 0 0 0.27
-1  3 -1 -1 -4  1  0 -2 -1 -3 -3  5 -2 -4 -2 -1 -1 -3 -2 -3 1 0 0 1 0.23
 2  0 -1  0 -2  2  2  1 -1 -2 -2  1 -1 -3 -1  0  0 -3 -2 -2 1 0 0 1 0.15
-1  2 -1 -1 -3  1  0 -2 -1 -3 -3  5 -2 -4 -1  0  1 -3 -2 -2 1 0 0 1 0.12
-2 -2 -2  1 -3 -2 -2 -3  3 -2 -2 -2 -2  2 -3 -2 -2  1  7 -2 0 0 1 1 0.07
 1 -2 -1 -1  2 -1  0  5 -2 -3 -3 -1 -2 -3 -2  1 -1 -3 -3 -3 0 0 1 1 0.05
 0  3 -1 -1 -3  1  0 -2 -1 -2 -2  4  1 -3 -2 -1 -1 -3 -2 -2 0 0 1 1 0.05
 1 -2 -2 -3 -1 -2 -2 -3 -2  2  1 -2  0  0 -2  0  0 -2  2  3 0 1 0 0 0.04
-2 -2 -2 -3 -3 -1  0 -4  1 -2 -2 -2 -2  2 -3 -2 -2  2  7 -2 0 1 0 0 0.04
-1  3  0  0 -4  2  4 -2  0 -3 -3  2 -2 -3 -2  0 -1 -3 -2 -3 0 1 0 1 0.03
-1 -3 -3 -3 -1 -3 -3 -4 -3  4  1 -3  1 -1 -3 -2  1 -3 -2  4 0 1 0 0 0.04
 1  1 -1  0 -2 -1 -1  2 -2 -1 -2  1 -1 -3 -2  0  2 -3 -2  0 0 1 0 1 0.04
 0 -3 -3 -3 -1 -2 -3 -3 -3  3  1 -2  3 -1 -3 -2 -1 -3 -2  3 0 1 0 0 0.03
-1 -1 -1 -1 -1  0  1 -2 -2 -1  1 -1  0 -2 -1  0  4 -2 -2  0 0 1 0 1 0.03
 0  0  0  0 -1  2  0  2  0 -1 -1  0 -1 -1  0  1  1 -1 -1 -1 0 1 0 1 0.04
-1 -3 -4 -4 -2 -3 -3 -4 -3  2  3 -3  1  2 -3 -3 -1 -2 -1  2 0 0 1 0 0.04
-1 -1  3  0 -3  2  3 -2  2 -3 -3  0 -2 -3  3  0  0 -3 -2 -3 0 1 0 1 0.04
 1 -2 -2 -2 -2  0  0  1 -1  0 -1 -1 -1 -1  3 -1 -1 -2  2  2 0 1 0 0 0.05
-2 -1  0  5 -4  0  4 -2 -1 -4 -4 -1 -3 -4 -2 -1 -2 -4 -3 -3 0 0 1 1 0.05
-2 -2  4  6 -4 -1  1 -2 -1 -4 -4 -1 -3 -4 -2  0 -1 -5 -3 -4 0 0 1 1 0.05
 1 -1  0  3 -3  0  3  2 -1 -3 -3 -1 -2 -3 -2  1  0 -3 -3 -2 0 0 1 1 0.05
-1 -1 -1  0 -2  1  3 -2 -1 -2 -1  0 -1 -3 -2  1  4 -3 -2 -1 0 0 1 1 0.04
-1 -1 -1  2 -3  1  5 -2 -1 -3 -3  0 -2 -3 -1  0 -1 -3 -2 -3 0 0 1 1 0.04
 1 -1 -1  0 -2  0  0 -2 -2  1  0  1  0 -2 -2 -1 -1 -3 -2  2 0 1 0 0 0.03
 0 -1  0  1 -2  2  3 -2 -1 -2 -2  0 -2 -3  1  1  2 -3 -2 -2 0 1 0 1 0.02
-1 -2  0  0 -2 -2 -2 -2 -1  1  1 -1  0  3 -2 -1 -1 -1  2  2 0 1 0 0 0.02
 0  0 -1  0 -2 -1  1 -2 -2  0  0 -1 -1 -2 -2  2  2 -3 -2  1 0 1 0 0 0.01
-3 -3 -3 -4 -3 -3 -3 -4  0 -1 -1 -3 -1  5 -4 -3 -3  1  7 -2 0 1 0 0 0.01
-2  3 -2 -3 -3 -1 -2 -3  0  0  0 -1 -1  3 -3 -2 -2  0  5 -1 0 1 0 0 0.01
-3 -4 -4 -4 -3 -4 -4 -4 -2 -1  0 -4 -1  8 -5 -3 -3  0  2 -2 0 1 0 0 0.01
 1  2 -1 -1 -3  0  0  1 -1 -3 -3  4 -2 -3 -2  1  1 -3 -2 -2 0 0 1 0 0.01
-2  5 -1 -2 -4  1  0 -3 -1 -3 -3  5 -2 -4 -2 -1 -1 -4 -2 -3 0 0 1 1 0.02
-2 -3 -3 -2 -4 -2 -2 -3 -3 -4 -4 -2 -3 -5  8 -2 -2 -5 -4 -3 0 0 1 1 0.02
 0  0  1 -1 -2  0 -1  2 -2 -2 -3  2 -2 -3  1  2  3 -3 -2 -2 0 0 1 1 0.02
 0  1  0 -2 -2 -1 -1 -2 -2  0 -1  1 -1 -2  2  0  2 -3 -2  1 0 0 1 0 0.02
 2 -2 -1 -1 -2 -1  1 -1 -2 -2 -1 -1 -1 -3  4  1  2 -3 -2 -1 0 0 1 1 0.03
 0 -1  0  3 -2  2  0 -1  3 -3 -3 -1 -2 -3 -2  3  0 -3 -2 -3 0 0 1 1 0.03
-2 -3 -3 -4 -2 -2 -3 -4  0  3  0 -3  2  1 -4 -3 -2  0  6  0 1 0 0 0 0.03
-1 -1  3  5 -3  2  1 -2 -1 -3 -4  1 -2 -4 -2  1 -1 -4 -3 -3 1 0 0 1 0.04
-2  7 -1 -2 -4  0 -1 -3 -1 -4 -3  1 -2 -4 -3 -2 -2 -4 -3 -3 1 0 0 1 0.05
-2 -2 -3 -4 -3 -2 -3 -4  0 -1  1 -3  2  3 -4 -3 -2  1  7 -1 1 0 0 0 0.07
-1 -1 -2 -2 -2  3 -1 -3 -2  3  1 -1  0 -1 -2 -1  1 -3 -2  2 1 0 0 0 0.08
 1  1 -1  2 -3  0  0 -2 -1 -3 -3  4 -2 -3 -2  1 -1 -4 -2 -2 1 0 0 1 0.10
-1 -1  0  0 -2  0  1 -2 -2 -2 -2  1 -2 -3 -2  1  5 -3 -2 -1 1 0 0 1 0.13
 4 -2 -2 -2 -1 -1 -2 -1 -2 -1  0 -1  1 -2 -2  1  1 -3 -2  0 1 0 0 0 0.14
 4 -1  1 -1 -1  1 -1 -1  2 -2 -2 -1 -2 -3  1  1  0 -3 -2 -1 0 0 1 1 0.20
 0  2  2 -1 -3  3  0 -2 -1 -3 -3  3 -2 -3 -2  1  0 -3 -2 -2 0 0 1 1 0.18
 0 -1  3  1 -3 -1 -1  3 -1 -4 -4  1 -3 -3 -2  2  0 -3 -3 -3 0 0 1 1 0.16
 1 -2  0 -2 -2 -2 -2 -2 -2  1 -1 -2  1 -2  5 -1  0 -3 -2  0 0 0 1 1 0.14
 2 -2  0  1 -1 -1 -1  1 -2 -2 -2 -1 -1 -3 -2  2  3 -3 -2  0 1 0 0 1 0.12
-1  1 -1 -1 -3  4  1  0 -1 -3 -2  4  2 -3 -2 -1 -1 -3 -2 -2 1 0 0 1 0.10
 5 -2 -2 -2 -1 -1 -2  0 -2 -2 -2 -1 -2 -3 -1  1 -1 -3 -2 -1 1 0 0 0 0.06
 1 -2 -1 -2 -1 -1 -2 -2 -2  0  2 -1  2 -1 -2  3  0 -3 -2  1 1 0 0 0 0.05
-1  4 -1 -2 -4  1  0 -2 -1 -3 -3  5 -2 -4 -2 -1  0 -3 -2 -3 1 0 0 1 0.03
 2 -1  4 -1 -2 -1 -1 -1 -1 -1 -2 -1  1 -2 -2  1  2 -3 -2  0 1 0 0 1 0.03
-2 -3 -4 -4 -2 -3 -4 -4 -2  0  3 -3  1  5 -4 -3 -2 -1  1  0 0 0 1 0 0.02
 0 -2 -3 -3  2 -2 -3 -3 -3  2  2 -2  4 -1 -3 -1  1 -2 -2  2 0 0 1 1 0.01
-2 -3 -4 -4 -2 -3 -4 -4 -3  2  4 -3  1  4 -4 -3 -2 -1  0  0 0 1 0 0 0.01
-2 -2  1  6 -4 -1  2 -2 -2 -4 -4 -1 -4 -4 -2  1 -1 -5 -4 -4 0 1 0 0 0.01
 0 -1  3 -1  6 -1 -2 -2 -1 -1 -2  1 -1 -3 -2 -1 -1 -3 -2  1 0 1 0 0 0.01
 0 -3 -3 -3 -1 -3 -3 -3 -4  4  1 -3  0 -1 -3 -2 -1 -3 -2  4 0 1 0 0 0.01
-1 -2 -2 -3  2 -2 -2 -3  5  3  0 -2  0 -1 -3 -2  0 -3  0  2 0 0 1 0 0.01
-1 -2 -2  1 -3 -1  2 -3 -1 -3 -1 -1 -2 -2  6 -1 -2 -2  2 -2 0 0 1 1 0.02
-2 -1  0  4 -4  1  5 -2 -1 -4 -4  0 -3 -4  2 -1 -1 -4 -3 -3 0 0 1 1 0.02
-1 -1  0  4 -3  4  1 -2  1 -3 -3  0 -2 -4  2  1 -1 -4 -2 -3 1 0 0 1 0.03
-1  4 -1 -1 -3  1  2  1 -1 -3 -3  2 -2 -3 -2 -1 -1 -3  0 -3 1 0 0 1 0.03
 1 -1 -1  2 -3  2  3 -1 -1 -3 -3  1 -2 -3  2  0 -1 -3 -2 -2 1 0 0 1 0.03
 1  2 -1  1 -2  1  2 -2 -1 -2 -2  1  0 -3 -2  0  1 -3 -2 -2 1 0 0 1 0.03
-2 -3 -4 -4 -2 -3 -4 -4 -3  1  4 -3  1  3 -4 -3 -2 -2 -1  0 1 0 0 0 0.04
 0  1 -1 -1 -2  1  2 -2 -1  0 -1  1 -1 -2 -2  0  1 -3 -2 -1 1 0 0 1 0.05
 2  0  0  2 -2  1  2 -1 -1 -2 -2  1 -2 -3 -1  1  0 -3 -2 -1 1 0 0 1 0.05
 1 -1  0  5 -3  2  1 -1 -1 -3 -3  0 -2 -4 -2  0  0 -4 -3 -2 1 0 0 0 0.05
 1 -2 -3 -3 -2 -2 -3 -2 -2  0  2 -2  4  3 -3 -1 -1 -2  0  1 1 0 0 0 0.04
-2 -1 -1  2 -4  1  6 -3 -1 -4 -4  1 -3 -4 -2 -1 -2 -4 -3 -3 1 0 0 1 0.03
-1 -1 -1  1 -4  1  6 -3 -1 -4 -3  0 -3 -4 -2  0  0 -4 -3 -3 1 0 0 1 0.03
-2 -2  3 -2 -3 -2 -2 -3  1 -2 -2 -2 -2  3 -4 -2 -2  1  7 -2 0 0 1 0 0.02
-2 -3 -3 -2 -4 -2 -2 -3 -3 -4 -4 -2 -3 -5  8 -2 -2 -5 -4 -3 0 0 1 1 0.03
 3 -3 -1 -2 -2 -2 -2  5 -2 -3 -3 -2 -2 -3 -2  0 -1 -3 -3 -2 0 0 1 1 0.02
-2  1 -3 -4 -2 -2 -3 -4 -3  3  3 -2  3  0 -3 -2 -1 -3 -2  2 0 0 1 0 0.02
 3 -2 -2 -2 -1 -1 -2 -1 -2  0 -1 -1  2 -2 -2  1  2 -3 -2  1 0 0 1 1 0.02
-1 -3 -2 -3 -1 -2 -3 -3 -3  3  1 -2  0  1 -3 -1  2 -2 -1  2 1 0 0 0 0.02
 1 -1  2 -1 -1 -1 -1  0 -1 -2 -3 -1 -2 -3 -1  4  2 -3 -2 -2 0 0 1 1 0.02
-1 -2 -3 -3 -2 -2 -3 -3 -3  2  2 -2  3  2 -3 -2  0 -2  0  2 1 0 0 0 0.02
 2 -2  1 -1 -2 -1 -2  4 -2 -3 -3 -1 -2 -3 -2  1 -1 -3 -3 -2 1 0 0 0 0.03
 0 -1  2  1 -2  0  3 -1 -1 -3 -3  0 -2 -3 -2  2  1 -3 -2 -2 1 0 0 1 0.03
 3  3 -1 -2 -2  0  0 -1 -1 -3 -3  4 -2 -3 -2  0 -1 -3 -2 -2 1 0 0 1 0.04
-2 -3 -4 -4 -2 -3 -4 -4 -3  2  5 -3  2  0 -3 -3 -2 -2 -2  1 1 0 0 0 0.04
-1 -2 -2 -3 -2  1 -2 -3 -2  3  3 -2  2 -1 -3 -1  1 -2 -2  1 1 0 0 0 0.04
 1  1  1  0 -3  1  2  2 -1 -3 -3  2 -2 -3 -2  1 -1 -3 -2 -2 1 0 0 1 0.05
 1 -2 -2 -2 -2 -1  0  1 -2  2  0 -2  5 -1 -3 -1 -1 -3 -2  0 1 0 0 0 0.06
-1 -3 -4 -4 -2 -2 -3 -4 -3  2  3 -3  3 -1 -3 -2 -1 -3 -2  3 1 0 0 0 0.08
 0 -3 -1 -2 -3 -3 -3  6 -3 -5 -4 -2 -3 -4 -3 -1 -2 -3 -4 -4 1 0 0 0 0.14
 0 -3 -3 -4 -2 -2 -3 -3 -3  2  4 -3  3  1 -3 -2 -1 -2 -1  1 1 0 0 1 0.17
 1 -1  2 -1 -2 -1 -1  2 -1 -3 -3 -1 -2 -3 -2  3  2 -3 -2 -2 1 0 0 0 0.23
 1  0  1  3 -3  0  2  1 -1 -3 -3  2 -2 -3 -2  1 -1 -4 -3 -2 1 0 0 0 0.27
 1 -1 -1  2 -2  0  1 -2 -2 -1  1 -1 -1 -2 -2  0  2 -3 -2 -1 1 0 0 1 0.26
 1 -2 -1 -2 -1 -1 -1  2 -2 -1 -1 -1 -1  1 -2  1  3 -2 -1  0 1 0 0 1 0.26
 0 -1  5  0 -2  1 -1 -1  0 -3 -3 -1 -2 -3 -2  2  2 -4 -2 -2 1 0 0 1 0.25
 1 -2 -3 -4 -1 -2 -3 -3 -3  1  3 -2  1  0 -3 -2 -1 -2 -2  2 1 0 0 0 0.38
-1  2 -1 -1 -4  1  0 -2 -1 -3 -2  5  1 -3 -2 -1 -1 -3 -2 -3 1 0 0 1 0.36
-1  1 -1 -1 -3  2  0 -2 -1 -2 -2  5  2 -3 -2 -1 -1 -3 -2 -2 0 0 1 1 0.48
-2 -3 -4 -4 -2 -3 -3 -4 -3  1  5 -3  2  0 -3 -3 -2 -2 -2  0 0 0 1 1 0.52
