-2 -2  1  7 -4 -1  1 -2 -2 -4 -4 -1 -4 -4 -2 -1 -2 -5 -4 -4 0 0 1 1 0.67
 0 -2  0  1 -2 -1  1  4 -2 -3 -3 -1 -2 -3 -2  1  1 -3 -3 -3 0 0 1 1 0.64
-2 -3 -4 -4 -2 -3 -3 -4 -3  4  3 -3  1  0 -3 -3 -1 -3 -2  2 0 0 1 0 0.55
-2 -2 -3 -4 -3 -2 -3 -4  1 -2 -1 -2 -1  4 -4 -2 -2  2  7 -2 0 0 1 0 0.39
 0 -3 -1 -2 -3 -2 -3  6 -2 -4 -4 -2 -3 -4 -3 -1 -2 -3 -4 -4 0 0 1 1 0.42
 1 -1  0 -1 -1 -1 -1 -1 -1 -3 -3 -1 -2 -3 -1  5  1 -3 -2 -2 0 0 1 0 0.47
-1  1 -1 -2 -3  2 -1 -2 -1 -1 -1 -1 -1  5 -3  0 -1 -1  1 -2 1 0 0 0 0.41
-1 -1  0  3 -3  1  5 -2 -1 -3 -3  0 -2 -3 -2  0  1 -3 -3 -2 1 0 0 1 0.44
-1  0  5  1 -3  0  1 -1  0 -3 -3  1 -2 -3 -2  0  1 -4 -2 -3 1 0 0 1 0.41
-1 -3 -3 -4 -1 -2 -3 -4 -3  3  3 -3  3  0 -3 -2 -1 -2 -1  2 1 0 0 0 0.38
 1  1 -1 -1 -2  1  2 -1 -1  0 -1  4 -1 -2 -1  0 -1 -3 -2 -1 1 0 0 1 0.30
 1  1 -1 -1 -2  2  2 -1 -1 -1 -2  3 -1 -2 -1  0 -1 -2 -2  0 1 0 0 1 0.33
-1 -1 -1 -2 -2  0 -1 -2  6  1  0 -1  3 -1 -2 -1 -1 -2  0  0 1 0 0 0 0.31
 1 -2 -1 -2 -1 -2 -2  3 -2  1 -1 -1 -1 -2 -2  0 -1 -2 -2  1 1 0 0 0 0.23
 1 -2 -1 -2 -2 -2 -2  5 -2 -2 -2 -1 -2 -2 -2  0 -1 -2 -2  0 1 0 0 0 0.19
 1 -1  2 -1 -1 -1 -1  1 -1 -2 -2 -1 -1 -3 -2  2  3 -3 -2 -1 1 0 0 1 0.16
 2 -1 -2 -2 -1  1 -1 -1 -2  1  0 -1  3 -1 -2  0 -1 -3 -2  1 1 0 0 0 0.14
 0 -1  0 -1 -1  0 -1 -1 -1 -1 -1 -1 -1 -1 -1  1  4 -1 -1  0 1 0 0 0 0.09
-1 -1 -1 -1 -1  1 -1 -2 -1  2  2 -1  1  0 -1 -1 -1 -1 -1  1 1 0 0 0 0.06
-1  1 -1  1 -4  2  5 -2 -1 -3 -3  3 -2 -4 -1  0 -1 -3 -2 -3 1 0 0 1 0.05
 1  0  0  3 -2  2  2  1 -1 -3 -3  1 -2 -3 -1  1  0 -3 -2 -2 1 0 0 0 0.04
-2 -2 -3 -4 -3 -2 -3 -4  1 -2 -2 -2 -2  3 -4 -2 -2  2  8 -2 1 0 0 0 0.03
-1 -1 -1  1 -2  1 -1 -3 -2  1  2 -1  3 -1 -2 -1  0 -2 -2  0 1 0 0 0 0.02
-2  4 -1 -1 -3  1  2 -3 -1 -2  1  1 -1 -2 -2 -1 -1 -3 -2 -2 1 0 0 1 0.03
-2 -3 -3 -4 -2 -3 -3 -4 -2  2  3 -3  1  4 -3 -3 -2 -1  1  1 1 0 0 0 0.03
-1 -1  3  4 -3  1  4 -2 -1 -3 -3  0 -3 -4 -2  1 -1 -4 -3 -3 1 0 0 1 0.03
 4 -2 -1 -2 -1 -1 -1  2 -2 -2 -2 -1 -1 -3 -1  1  1 -3 -2 -1 1 0 0 1 0.04
-1  2 -1 -1 -3  1  0 -2 -1 -2 -2  5  2 -3 -2 -1 -1 -3 -2 -2 1 0 0 1 0.05
-2 -3 -4 -4 -2 -3 -3 -4 -3  1  5 -3  2  0 -3 -3 -2 -2 -1  0 1 0 0 0 0.06
 0  0  2  0 -2  4  1 -1  0 -3 -3  0 -1 -3 -2  3  0 -3 -2 -2 1 0 0 1 0.07
 1  0 -1  0 -2  4  3 -2 -1 -2 -2  0 -1 -3 -1  0  2 -3 -2 -2 1 0 0 1 0.08
 5 -2 -2 -2 -1 -1 -1  0 -2 -2 -2 -1 -1 -3 -1  1  0 -3 -2 -1 1 0 0 0 0.09
-1  2 -1 -1 -4  2  1 -2 -1 -3 -3  5 -2 -4 -1 -1 -1 -3 -2 -3 1 0 0 1 0.10
-1 -2  0  4 -3  1  0  3 -2 -3 -3 -1 -2 -3 -2  0  1 -3 -3 -3 1 0 0 1 0.10
-1  1  2  2 -3  1  3 -2  3 -2 -2  2 -2 -3 -2 -1 -1 -3 -1 -1 1 0 0 1 0.09
-2 -2 -3 -4 -2 -2 -3 -4 -2  1  3 -2  4  2 -3 -2 -1 -1  0  0 1 0 0 0 0.08
 0 -2  0  0 -2 -1 -1  4 -2 -3 -3 -1 -2 -3 -2  2  1 -3 -3 -2 0 0 1 1 0.08
 1  0  1  0 -3  2  4 -2 -1 -3 -3  1 -2 -3 -1  0  1 -3 -2 -2 1 0 0 1 0.06
 0  0  0  2 -3  1  4 -2 -1 -3 -3  3 -2 -3 -1  0 -1 -3 -2 -2 1 0 0 1 0.05
-1  0 -1  1 -4  3  5 -3  0 -4 -3  0 -2 -4 -2 -1 -1 -3 -2 -3 1 0 0 0 0.04
-2 -3 -3 -4 -3 -3 -3 -4  0 -1 -1 -3 -1  6 -4 -3 -2  1  6 -1 1 0 0 0 0.03
-1  0 -1  0 -3  1  4 -2 -1 -1 -2  1 -1 -3 -1  1  1 -3 -2  0 1 0 0 1 0.02
-1  0 -1  0 -3  3  4 -2 -1 -1 -2  1 -1 -3 -2 -1 -1 -3 -2  1 1 0 0 1 0.02
-3 -3 -3 -4 -3 -3 -3 -3 -1 -1  0 -3 -1  6 -4 -3 -2  5  5 -2 1 0 0 0 0.01
-1  0 -1 -2 -2  0 -1 -2 -2  0  0  2  3 -2 -2  0  3 -3 -2  1 1 0 0 1 0.01
-1  1  0  2 -3  2  3 -2 -1 -3 -3  3 -2 -3 -1  1 -1 -3 -2 -3 1 0 0 1 0.01
-1 -2 -2 -1 -2 -1  2  0 -2  1  3 -1  1  0 -2 -2 -1 -2  0  0 1 0 0 0 0.01
-2 -2 -3 -3 -2 -2 -3 -4 -3  1  4 -2  2  0 -3 -2  1 -2 -1  0 1 0 0 0 0.01
-1  1 -1 -1 -3  1  0 -2 -1 -3 -3  5 -2 -2 -2  1 -1 -2  1 -2 1 0 0 1 0.01
-1  1 -1  0 -3  3  2 -2 -1 -1 -2  3 -1 -3 -2 -1 -1 -3 -2  1 1 0 0 1 0.01
-2 -2 -3 -4 -2 -2 -3 -4 -3  2  4 -3  3  2 -3 -3 -1 -2  0  1 1 0 0 0 0.01
 0 -2 -1 -2 -2 -1 -2  3 -2 -1 -1 -1  2 -2 -2  0  4 -3 -2 -1 1 0 0 0 0.01
 0 -1  4  3 -3  3  1 -1  0 -3 -3  0 -2 -3 -2  0  1 -3 -2 -2 1 0 0 1 0.01
 2 -2 -2 -3 -1 -1 -2 -1 -1  0  2 -1  2  0 -2  0  1 -1  2  0 1 0 0 0 0.01
 0  2  3 -1 -3  1  0 -1 -1 -3 -3  4 -2 -3 -2  0 -1 -3 -2 -2 1 0 0 0 0.01
-2 -3 -4 -4 -1 -3 -3 -4 -3  2  4 -3  2  0 -3 -3 -1 -2 -1  2 1 0 0 0 0.01
 2  1 -1 -1 -2  1  2 -1 -1 -2 -2  3 -2 -3 -1  0  0 -3 -2 -2 1 0 0 1 0.01
-2 -3 -3 -4 -2 -2 -3 -4  0  2  0 -3  0  3 -3 -2 -2  1  6  1 0 0 1 0 0.01
 2 -2 -1 -2 -2 -2 -2  4 -2 -2 -3 -1 -2 -3 -2  0  2 -3 -3 -2 0 0 1 0 0.02
-2 -2  2  6 -4 -1  1 -2 -1 -4 -4 -1 -3 -4 -2 -1 -1 -5 -3 -4 0 0 1 1 0.02
 2  0  0 -1 -2  0  0 -1 -1 -2 -2  3 -2 -3 -1  3  0 -3 -2 -2 0 0 1 1 0.02
-2 -1  6  1 -3  2  0 -1  0 -4 -4  0 -2 -4 -2  0 -1 -4 -2 -3 0 0 1 1 0.03
 0 -3 -1 -2 -3 -2 -3  6 -3 -4 -4 -2 -3 -4 -3 -1 -2 -3 -4 -4 0 0 1 0 0.03
-2 -1  5  3 -3 -1  0 -1 -1 -1 -2 -1  1 -3 -2  0 -1 -4 -2  0 0 0 1 1 0.03
-1 -1 -3 -3 -2 -2 -2 -3 -2  3  1  0  2  2 -3 -2 -1 -2 -1  2 0 0 1 0 0.03
-2 -1  2  5 -4  0  1 -2  6 -4 -4 -1 -3 -3 -2 -1 -2 -4 -1 -4 0 0 1 1 0.05
-2 -1 -2 -2 -3 -1  1 -3  0 -2 -2  0 -1  3  2 -2 -2  1  6 -2 1 0 0 0 0.06
-1 -1  0  4 -4  1  4 -2 -1 -3 -3  0 -3 -4 -2  1 -1 -4 -3 -3 1 0 0 1 0.06
 1  2 -1 -1 -3  3  1  0 -1 -3 -2  3 -1 -3 -1  0 -1 -3 -2 -2 1 0 0 1 0.06
-2 -3 -4 -4 -2 -2 -3 -4 -3  2  3 -3  1  0 -3 -3 -1  5 -1  2 0 0 1 0 0.07
 1 -1  0 -1 -1 -1 -1 -1 -1 -3 -3 -1 -2 -3  2  4  2 -3 -2 -2 0 0 1 1 0.07
-1  0 -1 -1 -2  0  1 -2 -2 -1 -1  2 -1 -3  4  0  2 -3 -2  1 1 0 0 1 0.08
 2 -1 -1  1 -2  0  2  2 -2 -1 -2 -1 -1 -3 -2  0 -1 -3 -2  1 1 0 0 1 0.10
-1  1 -1  0 -4  1  4 -2 -1 -3 -3  3 -2 -4 -1  0 -1 -3 -2 -3 1 0 0 1 0.09
-1  3 -1 -1 -3  4  1 -2  0 -2 -1  2 -1 -3 -2 -1 -1 -3 -2 -2 1 0 0 1 0.09
-1  2 -1  0 -3  2  4 -2 -1 -2 -1  2 -1 -3 -2 -1 -1 -3 -2 -2 1 0 0 1 0.08
-1  2  2  1 -4  3  4 -2  0 -4 -3  1 -2 -4 -2  0 -1 -3 -2 -3 1 0 0 1 0.08
-2 -2 -3 -4 -2 -2 -3 -3  0  1  1 -2  4  3 -3 -2 -1  0  5  1 1 0 0 0 0.07
-1  2  1  0 -3  1  2 -2 -1 -3 -3  4 -2 -3 -1  1 -1 -3 -2 -3 1 0 0 1 0.07
 0  3 -1 -1 -3  2  2 -2 -1 -2  0  3 -1 -2 -2  0 -1 -3 -2 -2 1 0 0 1 0.07
 1 -2 -3 -3 -1 -2 -2 -2 -3  2  2 -2  1 -1 -2 -1 -1 -2 -1  2 1 0 0 0 0.06
 1 -2 -1 -2 -1 -1 -1 -2 -2  1  1 -1  0 -1 -2  1  2 -3 -2  1 1 0 0 0 0.04
 1 -2 -1 -2 -2 -1 -1  1 -1 -1  0 -1  4 -1 -2  2  1 -2  1 -1 1 0 0 1 0.03
-1  0  0  2 -3  1  4  1 -1 -3 -3  1 -2 -3 -1  0  0 -3 -2 -3 1 0 0 1 0.02
-2 -3 -4 -4 -2 -3 -3 -4 -3  2  4 -3  2  0 -3 -3 -1 -2 -1  1 1 0 0 0 0.02
 1  0 -1  0 -3  4  3 -2  1 -3 -3  1 -1 -3 -2  0 -1 -3 -2 -2 0 0 1 0 0.01
-1 -3 -3 -2 -3 -2 -2 -3 -3 -3 -3 -2 -3 -4  8 -1 -2 -4 -4 -3 0 0 1 1 0.02
-2 -2 -3 -4 -3 -2 -3 -4  1 -1  0 -2 -1  4 -4 -2 -2  1  7 -1 0 0 1 0 0.02
-3 -3 -4 -4 -3 -4 -4 -4 -2 -1  0 -4  0  7 -4 -3 -3  0  3 -1 1 0 0 0 0.02
-2  1  1  5 -4  0  3 -2 -1 -4 -4  0 -3 -4 -2 -1 -1 -4 -3 -3 1 0 0 1 0.03
-1  2 -1 -1 -4  2  1 -2 -1 -3 -3  5 -2 -4 -1 -1 -1 -3 -2 -3 1 0 0 1 0.04
-2 -3 -4 -4 -2 -3 -3 -4 -3  2  4 -3  2  0 -3 -3 -1 -2 -1  1 0 0 1 0 0.05
-2  0  6  1 -3  0  1 -1  0 -4 -4  1 -2 -3 -2  0 -1 -4 -2 -3 0 0 1 1 0.06
 1 -1  1  1 -3  1  1  4 -1 -3 -3 -1 -2 -3 -2  0 -1 -3 -3 -3 0 0 1 1 0.07
-1 -1  0  1 -3  3  2 -2  5  0 -1  0 -1 -2 -2 -1 -1 -3  0  1 0 0 1 1 0.07
-1  1 -1 -1 -3  3  1 -2 -1 -3 -3  3 -2 -3  4  1 -1 -3 -2 -2 0 0 1 1 0.08
 2 -1  0 -1 -1 -1 -1 -1 -1 -2 -2 -1 -2 -3 -1  4  2 -3 -2 -1 0 0 1 1 0.08
 1 -1  0 -1 -1  0 -1 -1  3 -2 -2 -1 -2 -2 -1  4  2 -3 -1 -2 0 0 1 0 0.08
-1  3 -1 -1 -4  1  0 -2 -1 -3 -3  5 -2 -3 -2 -1 -1 -3 -2 -3 1 0 0 1 0.08
-1  0  0  2 -3  2  4 -2 -1 -3 -3  2 -2 -3 -1  1 -1 -3 -2 -3 1 0 0 1 0.07
-1 -3 -3 -4 -1 -3 -3 -4 -3  4  2 -3  1 -1 -3 -2 -1 -3 -1  3 1 0 0 0 0.07
-2 -2 -2  1 -2 -2 -2 -3 -3  1  4 -2  3  0 -3 -2 -1 -2 -2  0 0 0 1 0 0.05
 0 -2  0  2 -1 -1 -1 -2 -2 -1  0 -1 -1 -2 -2  1  4 -3 -2 -1 0 0 1 1 0.05
 1  0  0  2 -2  3  1 -1 -1 -3 -2  2 -1 -3  1  1  0 -3 -2 -2 1 0 0 1 0.04
-1  0  0  3 -4  3  4 -2 -1 -3 -3  1 -2 -4 -1  0 -1 -3 -2 -3 1 0 0 1 0.03
-1  0 -1  1 -4  3  5 -2  0 -4 -3  1 -2 -4 -1  0 -1 -3 -2 -3 1 0 0 0 0.02
-2 -3 -3 -4 -3 -3 -3 -4  0  0  1 -3  0  5 -4 -2 -2  1  5 -1 1 0 0 0 0.02
-2 -1  1  5 -4  0  3 -2 -1 -4 -4  0 -3 -4 -2  0 -1 -4 -3 -3 1 0 0 1 0.01
 0  3 -1 -1 -3  3  2 -2  0 -3 -2  1 -1 -1 -2  0 -1 -1  2 -2 1 0 0 1 0.01
 0 -2 -2 -3 -2 -2 -2 -3  1 -1 -1 -2 -1  4 -3 -1 -2  1  6 -1 1 0 0 0 0.01
-1  0 -2 -2 -2  2 -1 -3 -2  2  1  1  3 -1 -2 -1 -1 -2 -2  1 1 0 0 0 0.01
-1  1  0  1 -4  3  4 -2  0 -3 -3  3 -2 -3 -1  0 -1 -3 -2 -3 1 0 0 1 0.01
 4 -2 -2 -2 -1 -1 -1  0 -2 -1  1 -1  0 -2 -1  1  0 -3 -2  0 1 0 0 0 0.01
-1 -2 -4 -4 -1 -2 -3 -4 -3  2  4 -3  2  0 -3 -3 -1 -2 -1  2 1 0 0 0 0.01
-1 -1  2 -2 -2 -1 -2 -2 -1  0  1 -1  5 -1 -2  1  0 -2 -2  0 1 0 0 0 0.01
 0  2  0  0 -2  0  2 -2 -1 -2 -2  2 -1 -3 -1  1  3 -3 -2 -1 1 0 0 1 0.01
-2 -1 -1  2 -3  0  1 -3  4 -1  0 -1 -1  2 -2 -1 -2 -1  3 -2 1 0 0 0 0.01
-1  0  0  1 -4  3  5 -2  0 -3 -3  2 -2 -4 -1  0 -1 -3 -2 -3 0 0 1 0 0.02
 1 -1 -1 -2 -1 -1 -1 -2 -2  1  0  0  0  2 -2  1  2 -2  0  0 0 1 0 1 0.02
-1 -3 -3 -3 -1 -2 -3 -4 -2  3  0 -3  0  0 -3 -2 -1 -1  3  4 0 1 0 0 0.02
-1  3 -1 -1 -3  2  2 -2 -1 -1  0  2  1 -2 -2 -1 -1 -3 -2 -1 0 1 0 0 0.03
 2 -2 -3 -3 -1 -2 -2 -2 -3  1  0 -2  0  2 -2 -1  0 -2  0  3 0 1 0 0 0.03
-1  4  0 -1 -3  1  0 -2 -1 -3 -3  5 -2 -3 -2 -1 -1 -3 -2 -3 0 1 0 1 0.03
 1 -2 -1 -2 -1 -1 -1 -2 -2  0  0 -1  0 -2 -2  1  4 -3 -2  0 0 0 1 0 0.04
-1  0  0  2 -3  0  0  4 -2 -3 -3  3 -2 -3 -2  0 -1 -3 -3 -3 0 0 1 1 0.05
 0 -1  0  0 -2  0  3 -2 -1 -2 -2  0 -2 -3  3  2  0 -3 -2  0 0 0 1 1 0.06
 0 -1  2  2 -2 -1  0 -1  0 -2 -2 -1 -2 -1 -2  2  2 -2  2 -2 0 0 1 1 0.07
 0 -2  0 -1 -2 -1 -2  5 -2 -3 -3 -1 -2 -3 -2  1 -1 -2 -2 -3 0 0 1 1 0.07
 1 -1 -1 -1 -1 -1 -1  2  1 -1 -1 -1 -1 -2  2  1  0 -2 -1  0 0 0 1 1 0.07
-1 -2 -2 -2 -1 -2 -2 -3 -2  3  2 -2  1 -1  2 -2 -1 -2 -1  2 0 0 1 0 0.08
 0  0  0 -1 -2  0  0 -1  4 -2 -2  2 -1  0 -1  0  1 -1  3 -1 0 0 1 1 0.08
-1 -3 -3 -3 -1 -2 -3 -3 -3  3  1 -2  0 -1  3 -2 -1 -3 -2  3 1 0 0 0 0.09
-1 -1  0  3 -4  1  5 -2 -1 -4 -3  0 -2 -4 -1  0 -1 -3 -3 -3 0 0 1 1 0.07
-1  3  0  2 -3  1  3 -2 -1 -2 -2  1  1 -3 -2 -1 -1 -3 -2 -2 0 0 1 1 0.07
-1 -2 -3 -4 -1 -2 -3 -4 -3  2  3 -2  3  0 -3 -2 -1 -2 -1  3 0 0 1 0 0.07
-1 -2 -2 -2 -3 -2 -1 -2 -3 -3 -3 -1 -3 -4  8 -1 -1 -4 -3 -3 0 0 1 0 0.06
-1 -1  0  3 -4  1  5 -2  0 -3 -3  0 -2 -4 -1  0 -1 -3 -2 -3 1 0 0 1 0.06
 3  2 -1 -1 -2  0  1  1 -1 -2 -2  0 -2 -3 -1  0 -1 -3 -2 -1 1 0 0 1 0.05
 0 -1 -2 -1 -2  0  2 -2  0 -1  0 -1  0  1 -2 -1 -1  0  5 -1 1 0 0 0 0.05
-1  4  0 -1 -3  2  1 -2 -1 -3 -3  4 -1 -3 -2 -1 -1 -3 -2 -3 1 0 0 1 0.06
-1  0  0  1 -4  3  5 -2  0 -3 -3  1 -2 -4 -1  0 -1 -3 -2 -3 1 0 0 1 0.07
-1  4  0  3 -3  1  2 -2 -1 -3 -3  1 -2 -3 -2  1 -1 -3 -2 -3 1 0 0 1 0.05
-2 -3 -3 -4 -3 -3 -3 -3  0 -1  0 -3 -1  6 -4 -2 -2  1  5 -1 1 0 0 0 0.05
-1 -2 -2 -1 -2 -1  1 -3 -2  3  2 -1  2 -1 -2 -2 -1 -2 -1  2 1 0 0 1 0.04
-1  2  0  0 -3  2  3 -2 -1 -3 -3  4 -1 -3 -1  0 -1 -3 -2 -2 1 0 0 1 0.05
 4 -2 -2 -2 -1 -1 -1  0 -2 -1 -1 -1 -1 -2 -1  1  0 -3 -2  1 1 0 0 0 0.04
-1  2 -1  2 -3  1  3 -2 -1  1 -1  0 -1 -2 -2 -1 -1 -3 -2  0 1 0 0 1 0.04
 2  0 -1 -1 -2  4  1 -1  0 -2 -2  1 -1 -3 -1  0 -1 -2 -2 -1 1 0 0 1 0.06
-2 -3 -3 -4 -2 -3 -3 -3 -2  2  1 -3  0  5 -3 -2 -1  0  2  2 1 0 0 0 0.08
-1 -2 -3 -3 -2 -1 -3 -3 -2  2  2 -2  5  0 -3 -2 -1 -2 -1  1 1 0 0 0 0.11
-1  2  0  3 -4  1  4 -2  0 -3 -3  1 -2 -3 -2  0 -1 -3 -2 -3 1 0 0 1 0.13
-2 -1 -2 -1 -3  0  2 -3  1 -2 -2 -1 -1  2 -3 -1 -2  1  6 -2 1 0 0 1 0.19
 0 -3 -3 -3 -1 -2 -3 -3 -3  3  1 -2  1 -1 -3 -2  0 -3 -1  4 1 0 0 0 0.20
-2 -1  4  5 -3  0  1 -1  0 -3 -4 -1 -3 -4 -2  0 -1 -4 -3 -3 1 0 0 1 0.23
-1  2  0  1 -4  1  4  1  0 -3 -3  1 -2 -3 -2  0 -1 -3 -2 -3 1 0 0 1 0.32
-1  2  0 -1 -3  1  1 -2 -1 -3 -3  5 -2 -3 -1  0 -1 -3 -2 -2 0 0 1 1 0.38
 0 -3 -3 -3 -1 -2 -3 -3 -3  3  1 -2  1 -1 -2 -2  0 -3 -1  4 0 0 1 1 0.50
-1  5  0 -1 -3  3  0 -2  0 -3 -2  2 -1 -3 -2 -1 -1 -3 -2 -3 0 0 1 1 0.62
