 0 -2  0 -1 -3 -2 -2  6 -2 -4 -4 -2 -3 -3 -2  0 -2 -3 -3 -3 0 0 1 1 0.78
 0 -2  0 -1 -2 -1 -1  4 -2 -3 -3 -1 -2 -3 -2  3  2 -3 -2 -2 0 0 1 1 0.66
-1 -1 -2  0 -5  4  6 -3 -1 -5 -4  0 -3 -5 -3 -1 -2 -4 -3 -4 0 0 1 1 0.46
 2  1 -2 -2 -3 -1  0 -2 -3 -1 -2 -1 -2 -4  6  2  0 -4 -3 -1 0 0 1 1 0.29
-4 -2 -4 -1 -4  1 -3 -5 -1 -3 -2 -3 -2  6 -5 -3 -3  0  7 -3 0 0 1 0 0.17
-1 -1 -1  1 -4  4  2 -2  3 -4 -4  2 -2 -4  1  2 -1 -4 -2 -3 0 0 1 1 0.13
-3 -3 -5 -5 -3 -4 -4 -5  1  1  5 -1  0 -1 -5 -4 -3 -4 -3  1 0 0 1 0 0.16
 0 -2  0  1 -3 -1  2 -1 -2 -3 -3 -2 -3 -4 -3  4  3 -4 -3 -1 0 0 1 1 0.21
 1 -1 -1  1 -3  1  1  0 -2 -3 -3  0 -3 -3  4  2  1 -4 -1 -3 1 0 0 1 0.22
-1  0  1  1 -5  5  5 -4 -2 -5 -5  1 -3 -5 -2 -2 -2 -5 -4 -4 1 0 0 1 0.19
-2  1 -2 -2 -4  6  2 -4  0 -1  0  1  0 -4 -3 -2  0 -4 -3 -1 1 0 0 0 0.15
-1  1  0  1 -4  4  2 -3 -1 -2 -2  3 -1 -4 -3  1 -2 -4 -3 -2 1 0 0 1 0.11
-1  2  1  1 -3  1  0 -2  1 -2 -3  2 -2 -2 -2  1  1  1 -1  0 1 0 0 1 0.10
-1 -2 -4 -4 -3  1 -3 -4 -1  1  4 -3  3  0 -4 -2 -1 -3 -2  0 1 0 0 0 0.12
-1 -2 -5 -5 -3 -2 -2 -5 -5  5  0 -4  1 -2 -1 -4 -2 -5 -3  4 1 0 0 0 0.10
 0  4  2  1  0  0  2 -1 -2 -3 -3  3 -1 -4 -3  0  0 -4 -3 -2 1 0 0 1 0.10
-1 -1  3  1  0  0  5 -2 -2 -2 -3  1 -3 -5 -1 -1 -2 -5 -4 -2 1 0 0 1 0.11
-4 -4 -1  7 -5 -3  1 -1 -3 -2 -3 -3 -5 -5 -4 -2 -3 -6 -5 -5 0 0 1 0 0.11
 0  0 -1 -1  1  0  2  0  1 -2 -2  3 -2 -3 -1  1  1 -4 -3 -1 1 0 0 1 0.10
 0  1 -2 -2 -1  3  2 -1 -2 -1 -1  0  0 -3  0  1 -1 -4 -3  0 1 0 0 1 0.10
-2 -3  7  0 -5 -2  0 -3 -2 -3 -4  1 -4 -5  0 -1 -3 -6 -5 -5 1 0 0 0 0.11
 1  2 -1 -1 -3  1  1 -2  0 -2 -3  3 -2 -4 -1  1  1 -4 -3  0 1 0 0 1 0.10
-2  1 -1 -1 -4  0  0 -2  2 -2 -2  6 -3 -4 -1 -1 -2 -4 -3 -2 1 0 0 1 0.10
-1 -1 -3 -1 -3 -1 -2 -4 -3 -1  4 -1  1  0 -3 -2  0 -3 -2  1 1 0 0 0 0.10
-1 -3 -4 -5 -4 -2 -2 -1  1 -3 -2 -3 -3  0 -4 -2 -4 11 -1 -1 1 0 0 0 0.11
-1 -2  2  4 -4  0  3  0  0 -4 -4  1 -3 -4 -3 -1  1 -4 -3 -2 1 0 0 1 0.11
-2 -3 -1  2 -1 -1  6 -4 -3 -4 -1  0 -4 -5 -3  0 -3 -5 -4 -4 1 0 0 1 0.12
 0 -2 -2 -2  4 -2 -2 -1 -3  1  0  0  0 -3 -1  1 -1 -4 -3  3 1 0 0 0 0.16
-1 -1 -1 -1 -1 -1 -1 -4 -4  0  4  0  3 -2 -1 -1 -1 -4 -3  0 1 0 0 0 0.16
 2 -1  0  0 -4  1  1 -2  0 -4 -3  3 -2 -4 -1  1  0 -4  0 -2 1 0 0 1 0.16
 0 -1 -1  0 -1 -1  1  0  0 -3 -2  2 -1 -2 -2  4  0 -4  0 -1 1 0 0 1 0.19
-2 -1 -2 -3  1  0 -3 -3 -4 -1  5 -2 -1  0 -3 -1 -1 -4 -3  0 1 0 0 0 0.19
-1 -1  0  0 -3  0  1  1  1 -1 -2  2 -2 -2 -1  1  0 -4 -1  1 1 0 0 1 0.20
-3  1  0  4 -5  0  5 -3 -3 -4 -2  1 -4 -5 -1 -1 -2 -5 -3 -3 1 0 0 1 0.21
 0 -1  0 -2 -4 -2  0  5 -2 -4 -4 -1 -1 -5 -2  1  1 -4 -3 -2 1 0 0 1 0.25
-1 -2 -2  0 -5 -1  0 -1 -2 -3 -4  3 -1 -5  6  0 -1 -5 -2 -3 1 0 0 1 0.23
 1  0  1  0 -1  1  0  0  0 -1 -1  0  0 -2  0  1  1 -2 -2 -1 0 0 1 1 0.21
 0  0  0  1  0 -1  1 -1 -1 -1 -2  1 -2 -2  0  2  1 -2 -2 -1 0 0 1 1 0.22
 1  1 -1  0 -1  0  0  1 -1 -1 -1  1  0 -1  1  0  0 -1 -1 -1 0 0 1 1 0.23
 1  0  0  0  0  0  0  0  0 -1 -1  0  0 -2  2  1  1 -2 -1 -1 0 0 1 1 0.22
 0  0  0  0 -1  0  0  0  0  0 -1  0  0 -1  3  0  0 -2 -1 -1 1 0 0 1 0.22
 0  0  0  0 -1  0  0 -1  0  0  0  0  0  1  0  0  0 -1  1  0 1 0 0 1 0.23
 0 -1  0  1 -2  2  2 -1 -1 -1 -1  0  0 -1  2  1  0  1 -2 -1 1 0 0 1 0.18
 1 -1 -1  0  0  0  0 -1  0 -1  0  1  1 -1  2  0  0 -2 -1  0 1 0 0 1 0.14
 1 -1 -1 -2  0  0 -1 -1 -2  0  1 -2  0  4 -1 -1 -1  1  1  0 1 0 0 0 0.11
 0 -2 -2 -2 -2 -1 -1 -3 -2  0  4 -2  2  0 -1 -1 -1  0 -1  1 1 0 0 0 0.07
 2  1  0  0  1  1  1 -1 -1 -2 -2  1 -2 -2 -1  1  0 -3 -2 -1 1 0 0 1 0.05
-1  1  0  2 -1  1  1 -1 -1 -1 -1  3 -1 -2 -1  0  0 -3 -2 -2 1 0 0 1 0.03
-2 -2 -3 -2 -1 -2 -3 -3 -3  2  4 -3  1  0 -3 -1 -1 -3 -2  3 1 0 0 0 0.02
-1  3 -1  0  0  3  4 -2  0 -3 -2  0 -2 -2 -1  0 -1 -2 -3 -2 1 0 0 1 0.02
-1 -1  0  4 -4  1  5 -2 -1 -4 -4  0 -3 -4 -2  0 -1 -4 -3 -3 1 0 0 1 0.01
 0  0 -1  2 -2  3  4 -3  0 -2 -2  0 -2 -3 -2  0  0 -3 -2 -2 1 0 0 1 0.01
-2 -4 -4 -4 -2 -4 -4 -4 -3  0  4 -4  0  6 -4 -4 -2 -1 -1  0 0 0 1 0 0.01
-1 -1  0 -1  3  2  1 -2 -1 -1  0  0  1 -2 -2  2  2 -2 -2 -2 0 1 0 0 0.01
-3 -5 -4 -5 11 -4 -5 -4 -5 -4 -4 -5 -4 -4 -4 -1 -3 -4 -4 -4 0 0 1 0 0.01
 0 -2 -2 -3 -1 -1 -2 -2 -1  1 -3 -2 -2 -3  4  4  0 -2 -3  0 0 0 1 0 0.01
-2 -4 -4 -4  5 -4 -3 -4 -4  6  1 -4 -1 -3 -4 -3 -3 -4 -3  2 0 0 1 0 0.01
-3 -5 -5 -5 11 -5 -5 -5 -5 -4 -4 -5 -4 -5 -5 -4 -4 -5 -5 -4 0 0 1 0 0.01
-2  0 -3 -3 -1  3 -2 -4  0 -1  4 -2  2  0 -3 -2 -2  0  1 -1 0 0 1 0 0.01
-2  0  1  5 -2 -1  4  0 -1 -3 -4 -1 -3 -4 -3  0 -2 -4 -2 -3 0 0 1 1 0.01
-2 -3 -2 -3 -2 -3 -3 -4 -2  3  4 -3  1 -1 -1 -3 -1 -3  1  2 0 1 0 0 0.01
-2 -3 -4 -4  1 -3 -3 -4 -3  0  3 -3  2  5 -3 -2 -2 -2  3  1 0 0 1 0 0.01
-1  1 -1 -1 -1 -1 -1 -3  1 -1 -1  3 -2  2 -3 -1  2 -1  3 -1 0 0 1 0 0.01
-2  0  2  5 -2  2  2 -2 -1 -2 -3  1 -2 -3 -3 -1 -2  2 -2 -2 0 0 1 1 0.01
-2 -4 -4 -4 -4 -4 -4 -4 -4 -4 -4 -4 -4 -5  8 -3 -1 -5 -5 -4 0 1 0 1 0.01
-2 -2 -4 -4 -3 -3 -4 -3 -4  2 -1 -4  1 -2 -4 -2 -1 -4 -3  6 0 1 0 0 0.01
-1 -1 -2 -3 -3 -2 -3 -3 -1 -1 -2 -3  2 -4 -3  1  6 -4 -3 -1 0 1 0 1 0.01
-2 -3 -3 -3 -3 -3 -3 -4 -1  3  2 -2 -1 -2 -3 -2  4 -3 -3  1 0 0 1 0 0.01
-1 -2 -2 -1 -2 -2  1 -2 -1 -2 -3 -2 -1 -4  7  0 -1 -4 -3 -2 0 0 1 1 0.01
-3 -5 -5 -5 11 -5 -5 -5 -5 -4 -4 -5 -4 -4 -5 -4 -4 -4 -1 -4 0 0 1 0 0.01
-2 -3 -1 -3 -4  1 -3  6 -2 -4 -2 -1 -2 -3 -3  0 -2 -4 -4 -4 0 0 1 1 0.00
-4 -3  0 -4 -5 -3 -3 -4 11 -5 -5 -4 -4 -4 -4 -4 -4 -5 -2 -5 0 0 1 0 0.00
-2  0  6  0 -3 -1 -2 -3 -1 -2 -3 -2 -3 -3 -3  4  1 -4 -3 -3 0 1 0 1 0.00
-1 -3 -3 -3 -2 -3 -3 -3 -1  2  0 -3 -1  5 -3 -2 -2  0  4  0 0 1 0 0 0.00
-2 -4 -3 -4 10 -3 -4 -3 -3 -3 -3 -3 -3 -3 -3  0 -2 -3  2 -2 0 1 0 0 0.00
-1  2  0 -1 -2  1  0 -1  0 -1  0  3  3 -1 -2 -1 -1 -2  0 -1 1 0 0 1 0.00
 0 -1  2  2 -3 -2  0  1  0 -3 -4  1 -3 -4 -2  2  0 -5 -2 -3 1 0 0 1 0.00
-7 -10 -10 -10 12 -10 -11 -9 -10 -8 -8 -10 -8 -9 -10 -8 -8 -9 -9 -8 1 0 0 0 0.00
-5 -7 -8 -8 -2 -7 -8 -9 -8  6  5 -7 -1 -1 -8 -7 -6 -7 -6 -2 1 0 0 0 0.00
-1  0  1  2 -5  4  2  0  0 -3 -3  2 -1 -3 -4  0  1 -5 -3 -3 1 0 0 1 0.00
-2  5  0  1 -3  2  1  1  2 -5 -2  1 -3 -4 -5  0  0 -6 -5 -5 1 0 0 1 0.01
 1 -4 -2 -4  5 -3 -4 -4  4 -4 -2 -4 -3  1 -4  3  1  5  3 -1 1 0 0 0 0.01
-3 -5 -8 -5 -7 -7 -5 -8 -7 -2  1 -3  1  4 -8 -7 -7 11 -4 -4 1 0 0 0 0.01
 0  2  1  5 -6 -1  2 -2 -1 -6 -4  2 -4 -6 -5  0 -2 -2 -6 -5 1 0 0 1 0.01
 2  0 -1 -2 -3 -1  1 -2  3 -3 -3  2 -3 -3 -2  3  1  2 -2 -1 0 0 1 1 0.01
-2  2  0  0  2  5  2  2  1 -6 -5  1 -3 -6 -3  0 -2 -6 -2 -6 0 0 1 1 0.01
 0 -1  1 -1 -4 -2  0  1 -3  1 -2  0 -2 -4  2 -1 -1 -5 -3  3 0 0 1 1 0.01
-2 -2  0 -3  4 -2 -4 -5  3 -3 -1  0 -2  4  0 -2 -1  1  5 -3 0 0 1 1 0.00
-1  1  0 -3  0  2  0 -3 -1 -2 -3  0 -3 -2  0  4  1 -3 -1 -3 0 1 0 1 0.00
-7 -9 -9 -9 12 -9 -9 -9 -9 -7 -7 -9 -8 -8 -9 -7 -7 -8 -3 -7 0 0 1 0 0.01
-7 -9 -9 -8 -9 -8 -8 -9 -9 -9 -9 -7 -9 -10  9 -7 -8 -10 -10 -9 0 0 1 1 0.01
 0 -2 -3 -3 -2  4  3 -5  0  0  2 -1  2 -3 -5 -2  0 -5 -2 -1 0 0 1 1 0.01
-7 -10 -10 -10 12 -10 -11 -9 -10 -8 -8 -10 -8 -9 -10 -8 -8 -9 -9 -8 0 0 1 0 0.01
-6  8 -2 -5 -2 -4 -5 -6 -4 -6 -7  3 -2 -8 -7 -4 -5 -8 -7 -6 0 0 1 0 0.01
 1  0 -2 -2 -3  4  3 -3  4 -4 -4  3 -3 -3 -4 -2  1 -5  1 -3 0 0 1 1 0.01
-1  0 -1  2 -2 -1  1 -1  0 -2 -2  1 -2 -3  2  1  3 -5 -3  0 0 1 0 1 0.01
-4 -6 -6 -7  0 -6 -5 -6 -3  0  3 -6  0  7 -4 -3 -4  1  4  0 0 0 1 0 0.01
 0  0  0 -1 -2  1  0  1 -1 -1 -2  0 -2 -2  1  2  1 -3 -1 -2 0 0 1 1 0.01
 0  1 -1  0 -2  2  1 -2 -1 -1 -3  2 -1 -5  3  1  0 -5 -4 -2 0 0 1 1 0.01
-4  6  0 -1  0  0 -3 -1 -3 -4 -6  2 -4 -1 -1  0 -2 -2 -1 -4 0 0 1 1 0.01
-2  1 -4 -5 -3 -3 -3 -5 -3 -4 -1 -3 -2 -2  7 -2 -2 -5  3 -5 0 0 1 0 0.01
 2 -1 -1  1 -3  1  2 -3  0 -2 -2  0 -3 -3 -2  1 -1 -5 -3  1 0 0 1 1 0.01
-4 -5 -6 -5  1 -3 -5 -6 -4  0  5 -4  4  0 -1 -3 -3 -2  0 -2 0 0 1 0 0.01
-1  4  2 -3  0  2  0 -2  2 -1 -3  2 -2 -4  0  1  0 -5 -3 -1 0 0 1 1 0.01
-4  2 -3 -4 -4 -3 -4 -6 -5  3 -3  4 -2 -5  2 -2 -2 -6 -4  3 0 0 1 0 0.01
-5 -6  9 -1 -8 -6 -6 -6 -5 -9 -9 -4 -8 -9 -7  0  0 -9 -8 -8 0 0 1 0 0.01
-3  3 -3 -3 -3  0  0 -4 -1  1 -1 -1 -3 -2 -2 -2  5  2 -3  2 1 0 0 1 0.01
 0 -2  0 -3 -2  0 -3 -4 -3  1  1 -1  4  0  0 -2  2 -2 -2  2 1 0 0 1 0.01
-6 -7 -8 -9 -6 -7 -8 -9 -3  1  6 -5  1  1 -8 -7 -6 -7 -3 -2 1 0 0 0 0.01
 3  2 -2  0  3  3  1  0 -2 -5 -4  0 -2 -4 -4  2 -1  1 -5 -4 1 0 0 0 0.01
 1 -1  4  2 -6  0  4 -2 -3 -6 -4  0 -2 -6 -5  0  0 -6 -4 -3 1 0 0 1 0.01
-1 -6 -7 -7 -4 -6 -5 -7 -7  5  4 -6  5 -3 -7 -6 -2 -2 -4  3 1 0 0 0 0.01
 1 -6 -6 -7 -1 -6 -5 -6 -7  4  2 -6  1 -5 -6 -3  0 -6 -5  5 1 0 0 0 0.01
-1 -1  0  2 -6  2  5 -3 -3 -4 -3  1 -3 -5 -5  0 -2 -6 -6 -3 1 0 0 1 0.01
-2  2 -3 -2 -3  5  1 -4  1 -3  0  3 -2 -3 -5 -1  0 -2 -3 -3 1 0 0 1 0.01
-5 -4 -2 -7 -4 -6 -6 -7 -4  0  4 -3  0  7 -7 -6 -5 -3  2 -2 1 0 0 0 0.03
-5  0 -4 -4  0 -5 -5 -6 -3 -2  4 -3 -1  6 -6 -5 -4 -3  3 -2 0 0 1 0 0.04
-3 -4 -5 -5 -6  1 -3 -6 -5 -6 -6 -1 -6 -4  8 -2 -4 -7 -6 -6 0 0 1 1 0.04
 0 -1  0  1  1 -1  1  5 -3 -5 -5 -1 -4 -5 -3  2 -2 -5 -4 -4 0 0 1 1 0.09
-3 -2 -1 -1 -2  0  4 -4  0 -1 -4 -3  1 -1 -4 -1 -3 -2  6 -3 0 0 1 0 0.17
-2  0 -1  0 -1  1  1  0  1 -1  0  0 -1 -1 -3  1  0 -2  2 -1 0 0 1 1 0.32
 1  1  2  0 -3  1  2  1 -2 -3 -3  2 -2 -3 -3  1 -1 -4 -3 -1 0 0 1 1 0.41
 1 -3 -1  0 -4 -1  4  5 -3 -5 -5 -1 -4 -4 -4 -1 -2 -4  0 -4 0 0 1 1 0.51
-5  8 -4 -5 -7 -2 -3 -5 -3 -6 -5  2 -5 -6 -5 -4 -4 -6 -5 -6 0 0 1 1 0.54
