 1 -1  1  0 -1  0  0  0 -1 -2 -3  0 -2 -3 -1  4  1 -3 -2 -2 0 0 1 1 0.86
-2 -1  4  0 -3 -1 -1 -2  1 -2 -2 -1 -2  1 -3  0 -1  1  5 -2 0 0 1 1 0.72
 2 -2 -2 -2 -1 -1 -1 -1  1 -1 -1 -1 -1  1 -2  0 -1  1  5 -1 0 0 1 1 0.53
-2 -1  6  1 -3  0  0 -1  1 -4 -4  0 -2 -3 -2  1  0 -4 -2 -3 0 0 1 1 0.45
 0 -3 -1 -1 -3 -2 -2  6 -2 -4 -4 -2 -3 -3 -2  0 -2 -3 -3 -3 0 0 1 1 0.40
-2 -2 -2 -3 -3 -2 -2 -3  2 -2 -1 -2 -1  3 -3 -2 -2  2  7 -2 0 0 1 1 0.38
-1  3  0 -1 -2  0 -1 -2 -1 -1 -2  0 -1 -3 -2  1  4 -3 -2 -1 0 0 1 1 0.36
-1 -2 -2 -1 -2  0  1 -3 -2  2  1 -1  3 -1 -2 -1 -1 -3 -1  2 1 0 0 1 0.58
-1  2  0 -1 -3  4  1 -2  0 -3 -3  4 -1 -3 -1  0 -1 -3 -2 -3 1 0 0 0 0.49
-1  3 -2 -2 -2  0 -1 -3 -2  1  1  2  0 -1 -2 -1 -1 -3 -2  1 1 0 0 1 0.37
 1  0  3  3 -2  0  0 -1 -1 -3 -3  2 -2 -3 -1  0 -1 -4 -2 -2 1 0 0 1 0.29
 2 -1  3  3 -2  0  0  0 -1 -3 -3 -1 -2 -3 -1  2  0 -3 -2 -2 1 0 0 0 0.23
-1  3 -1  0 -3  3  3 -3  0 -1  1  1  0 -2 -2 -1 -1 -2 -2 -1 1 0 0 0 0.16
-1  3  0  0 -4  1  2 -2 -1 -3 -3  4 -2 -3 -1  0 -1 -3 -2 -3 1 0 0 1 0.16
 0 -1  0  1 -2  1  4 -2 -1 -2 -2  0 -2 -3 -1  2  2 -3 -2 -2 1 0 0 1 0.15
-2 -2  3 -1 -2 -1 -2 -2  0  0  2 -1  3  1 -3 -1 -1 -1  3  0 1 0 0 0 0.12
 4 -2 -2 -2 -1 -1 -1  0 -2 -2 -2 -1 -1 -2 -1  1  0 -3 -2  0 1 0 0 0 0.06
 0  4 -1 -2 -2  0 -1 -2 -1  0 -1  1 -1 -2 -2  1  0 -3 -2  1 1 0 0 1 0.05
-1 -1 -1 -1 -2  2  0 -2  0 -1 -2  0 -1  0 -2  0  3  0  4 -1 1 0 0 1 0.05
-1 -2 -2 -3 -1 -1 -2 -3 -2  1  2 -2  5  0 -2 -1  2 -2 -1  0 1 0 0 0 0.04
-2 -3 -3 -4 -2 -3 -3 -4 -2  3  1 -3  1  5 -3 -3 -2  0  2  1 1 0 0 0 0.03
-1  2  0  0 -3  0  2  2 -1 -3 -3  0 -2 -3 -2  0  2 -3 -2 -2 1 0 0 1 0.02
-1 -2 -1 -1 -2  0  2  2  0 -1 -1 -1 -1  0 -2 -1 -1 -1  3  1 1 0 0 0 0.02
-1 -2 -2 -3 -1 -2 -2 -3 -3  3  1 -2  3 -1 -2 -1  2 -2 -1  2 1 0 0 0 0.02
-1  0  4  1 -3  3  2 -1  0 -3 -3  0 -2 -3 -2  0 -1 -3 -2 -3 1 0 0 0 0.01
 3  3 -1 -1 -2  2  0 -1 -1 -2 -2  1 -1 -3 -1  0 -1 -3 -2 -1 1 0 0 1 0.02
-2 -2  3  6 -4  0  1 -1 -1 -3 -4 -1 -3 -4 -2  0 -1 -4 -3 -3 1 0 0 0 0.01
-1 -3 -3 -4 -1 -3 -3 -4 -3  3  2 -3  1  0 -3 -2 -1 -3 -1  3 1 0 0 0 0.02
-1 -1  0  3 -4  1  4 -2  0 -3 -3  0 -2 -1 -2 -1 -1 -1  3 -2 1 0 0 1 0.02
-2 -2 -3 -4 -2 -2 -3 -4  0  0  2 -2  0  4 -3 -2 -2  1  6 -1 1 0 0 1 0.02
-1 -2 -2 -1 -2 -1  2 -3 -2  1  3 -1  1  0 -3 -2 -1 -2 -1  0 1 0 0 1 0.02
 2 -1  0  3 -2  2  1 -1 -1 -3 -3  0 -2 -3 -1  2  0 -3 -2 -2 0 0 1 0 0.02
-1 -2 -1 -2 -3 -2 -2  4 -1 -3 -3 -2 -2  0  4 -1 -2 -1  3 -3 0 0 1 1 0.03
-1  6 -1 -2 -4  1  0 -2 -1 -3 -2  3 -2 -3 -2 -1 -1 -3 -2 -3 0 0 1 1 0.03
 1 -1 -2 -2 -2  2 -1 -2 -1  0  3 -1  1 -1 -2 -1 -1 -2 -1  0 0 0 1 1 0.03
 0 -1  1  3 -2  0  0 -1 -1 -3 -3  0 -2 -3 -1  4  1 -3 -2 -2 0 0 1 1 0.03
-1  0 -1  0 -4  3  4 -2 -1 -3 -3  0 -2 -4  4  0 -1 -3 -2 -3 1 0 0 1 0.03
 1  1 -1  0 -3  1  2 -1 -1 -3 -3  4 -2 -3 -1  0 -1 -3 -2 -2 1 0 0 1 0.03
-1  1  0  1 -4  2  5 -2  0 -3 -3  3 -2 -3 -1  0 -1 -3 -2 -3 1 0 0 1 0.03
-2 -3 -4 -4 -1 -3 -3 -4 -3  3  3 -3  2  0 -3 -3 -1 -2 -1  2 1 0 0 0 0.03
-1  4 -1 -2 -3  0  0 -3 -1 -1  1  3  0 -2 -2 -1 -1 -3 -2 -1 1 0 0 1 0.02
 1 -1  0  3 -2  3  3 -1 -1 -3 -3  0 -2 -3 -1  0 -1 -3 -2 -2 1 0 0 1 0.02
-1  4  0 -1 -3  1  0 -2 -1 -3 -3  5 -2 -3 -1  0 -1 -3 -2 -3 1 0 0 0 0.02
-2 -2 -2 -3 -3 -2 -2 -3  2 -2 -1 -2 -1  3 -3 -2 -2  2  7 -2 1 0 0 0 0.02
-2  5  3 -1 -4  1  0 -2  0 -3 -3  2 -2 -3 -2 -1 -1 -3 -2 -3 0 0 1 1 0.02
-2  0  3 -1 -3 -1 -1 -2  0 -2 -1  1 -1  3 -2 -1 -1  0  4 -2 0 0 1 0 0.01
-2 -1 -1 -1 -3  0  2 -3  5 -2 -2 -1 -2  1 -2 -1 -2  1  5 -2 0 0 1 0 0.01
-1 -2 -2 -3  5 -2 -3  3  0 -2 -2 -2 -2  1 -3 -1 -2  1  5 -2 0 0 1 0 0.01
-1  3  0  2 -3  0  0 -2  4 -2 -2  0 -2 -3 -2  0  2 -3 -1 -2 0 0 1 0 0.01
 0 -2 -1 -1 -3 -1  2  4 -2 -4 -4 -1 -3 -4  4  0 -1 -3 -3 -3 0 0 1 0 0.01
 1 -2 -1 -2 -2 -1 -1 -1  1 -2 -2 -1 -1  1 -2  2  0  1  5 -1 0 1 0 0 0.01
-1 -3 -3 -4 -1 -2 -3 -4 -3  2  3 -3  1  0 -3 -2 -1 -2 -1  3 0 1 0 0 0.01
-2  5 -1 -2 -3  0 -1 -3 -1 -2 -1  1 -1  3 -3 -1 -2 -1  0 -2 0 1 0 0 0.01
-2 -3 -4 -3 -1 -3 -4 -4 -4  5  1 -3  1  0 -3 -3 -1 -3 -2  3 0 1 0 0 0.01
-1 -2 -1 -2 -2 -1 -2 -2  0  0  0 -1  3  0 -2  0  3  0  4  0 0 1 0 0 0.01
 1 -2  1  6 -3 -1  1 -1 -1 -3 -3 -1 -3 -3 -2  0 -1 -4 -3 -2 0 0 1 0 0.01
 1  0 -1  0 -2  1  2  2 -1 -3 -3  2 -2 -3 -1  0 -1 -3 -2 -2 0 0 1 1 0.01
-2  2  1  4 -4  3  1 -2 -1 -3 -3  1 -2 -4 -2  0 -1 -3 -2 -3 0 0 1 1 0.01
 0 -3 -1 -2 -3 -2 -2  6 -2 -4 -4 -2 -3 -3 -2  0 -2 -3 -3 -3 0 0 1 1 0.01
-1  0  0  0 -3  4  3 -2  0 -3 -2  1 -1 -3 -1  0  2 -3 -2 -2 0 0 1 1 0.02
-1 -3 -3 -4 -1 -2 -3 -4 -3  2  2 -3  1 -1 -3 -2  0 -3 -1  4 0 1 0 1 0.02
-2 -3 -4 -4 -1 -3 -3 -4 -3  4  3 -3  1  0 -3 -3 -1 -3 -1  2 0 0 1 0 0.02
 1 -2 -1 -2 -1 -1 -1 -2 -2  0  1 -1  0 -1 -2  1  3 -2 -2  0 0 0 1 0 0.02
-1 -2  0  2 -3 -1 -1  4  0 -3 -3 -2 -2  0 -2 -1 -2 -1  4 -3 0 0 1 0 0.02
-1  0  0  3 -3  1  3 -2 -1 -3 -3  2 -2 -4  4  0 -1 -4 -3 -3 0 0 1 1 0.03
-1 -2  0  3 -3  0  2  2 -1 -3 -3 -1 -3 -4  4  0 -1 -4 -3 -3 0 0 1 1 0.03
 0 -2 -1 -1 -3 -1  1  4 -2  1 -2 -1 -1 -2 -2 -1 -1 -3 -3 -1 0 0 1 1 0.03
 0 -2 -1 -2 -1 -1 -2 -2 -2  2  0 -1  0 -2  4  1  0 -3 -2  2 0 0 1 1 0.04
 1 -2 -1  3 -2 -1  0 -2 -2  0 -1 -1 -1 -2  4  0 -1 -4 -2  1 0 0 1 1 0.03
 2 -1  0  2 -2  3  1  2 -1 -3 -3  0 -2 -3 -2  0 -1 -3 -2 -2 0 0 1 1 0.03
-1  2  0  3 -3  0  3  2 -1 -3 -3  0 -2 -3 -2  0 -1 -3 -3 -3 0 0 1 1 0.02
-1  0  3  3 -3  1  3 -1  0 -3 -3  2 -2 -3 -2  0 -1 -4 -2 -3 0 1 0 0 0.02
-1 -2 -2 -3 -1 -1 -2 -3 -2  1  3 -2  3  0 -2 -1  2 -2 -1  0 0 1 0 1 0.02
 1 -1 -1  0 -2  1  3 -2 -1  0 -1  0 -1 -2 -2  0 -1 -3 -2  1 0 1 0 1 0.02
-1 -3 -3 -4 -1 -3 -3 -4 -3  2  2 -3  1  3 -3 -2 -1 -1  1  3 0 1 0 0 0.02
-2 -2 -4 -4 -1 -2 -3 -4 -3  1  4 -3  2  0 -3 -3 -1 -2 -1  1 0 1 0 1 0.02
 3 -2 -1 -2 -1 -1 -1 -1 -1 -1 -1 -1 -1  0 -1  1  2 -1  3  0 0 1 0 1 0.02
 1  0  3  0 -2  3  2 -1  0 -3 -3  0 -1 -3 -1  0  0 -3 -2 -2 0 1 0 0 0.02
 1 -1  0  3 -3  1  4 -1 -1 -3 -3  0 -2 -3 -1  0 -1 -3 -2 -2 0 0 1 1 0.02
 0 -2  0 -1 -2 -1 -1  4 -2 -3 -3 -1 -2 -3 -2  2  2 -3 -2 -2 0 0 1 1 0.02
 2 -2  0  3 -2 -1  0  4 -2 -3 -3 -1 -2 -3 -2  0 -1 -3 -3 -2 0 0 1 1 0.02
-2 -1  5  1 -3  0 -1 -1  0 -3 -4 -1 -3 -3  4  0  0 -4 -3 -3 0 0 1 0 0.01
 0  1  0 -1 -2  3  1 -1 -1 -2 -2  2 -1 -3 -1  2  2 -3 -2 -2 0 0 1 1 0.01
-2 -2 -4 -4 -1 -2 -3 -4 -3  1  4 -3  2  0 -3 -3 -1 -2 -1  1 0 0 1 1 0.01
 0 -3 -1 -2 -3 -2 -2  6 -2 -4 -4 -2 -3 -3 -2  0 -2 -3 -3 -3 0 0 1 1 0.01
-3 -3 -4 -5 -3 -2 -3 -3 -3 -3 -2 -3 -2  1 -4 -3 -3 11  2 -3 0 0 1 0 0.01
-1  3  0  0 -4  1  3 -2 -1 -3 -3  4 -2 -3 -1  0 -1 -3 -2 -3 0 1 0 1 0.01
-2 -3 -4 -4 -1 -3 -3 -4 -3  3  4 -3  2  0 -3 -3 -1 -2 -1  1 0 1 0 0 0.01
 0  0  0  1 -3  1  5 -2  0 -3 -3  0 -2 -3 -1  2  0 -3 -2 -2 0 1 0 0 0.01
-2 -2 -3 -4 -3 -2 -3 -3  0 -1  0 -3 -1  5 -4 -2 -2  2  6 -1 0 1 0 0 0.01
-2  2 -3 -3 -2 -1 -2 -3 -2  0  3 -1  1  0 -3 -2 -2  7  0 -1 0 1 0 0 0.01
-1 -2 -3 -3 -1 -2 -3 -4 -3  3  2 -2  3  0 -3 -2 -1 -2 -1  2 0 1 0 0 0.01
-2 -2  1  6 -4 -1  1 -2 -1 -3 -4 -1 -3 -4 -2  0 -1 -5 -3 -4 0 1 0 0 0.01
-1  3  3  0 -3  1  3 -2  0 -3 -3  2 -2 -3 -2  0 -1 -3 -2 -3 1 0 0 1 0.01
 0  1  2  0 -2  1  0 -1 -1 -3 -3  4 -2 -3 -1  2  0 -3 -2 -2 1 0 0 1 0.02
 3 -1 -1 -2 -1 -1 -1 -1 -2 -1  1 -1  2 -1 -1  2  0 -2 -2  0 1 0 0 0 0.02
-2 -3 -3 -4 -2 -3 -3 -4 -2  0  2 -3  1  6 -4 -3 -2  0  2  0 1 0 0 0 0.04
-1  0 -1  0 -3  3  4 -3  0 -1  1  0  0 -2 -2 -1 -1 -3 -2 -1 1 0 0 1 0.06
-1  0  3  1 -4  1  5 -2  0 -4 -3  0 -2 -3 -2  0 -1 -3 -2 -3 1 0 0 1 0.09
 1  3 -1  0 -3  3  3 -2  0 -3 -2  1 -1 -3 -1  0 -1 -3 -2 -2 1 0 0 1 0.09
-2 -3 -3 -4 -2 -3 -4 -4 -3  4  1 -3  1  3 -3 -3 -1 -1  0  2 1 0 0 1 0.11
-1 -3 -3 -4 -1 -3 -3 -4 -3  3  3 -3  2  0 -3 -2 -1 -2 -1  2 0 0 1 1 0.14
-1  0  0  1 -4  2  6 -2  0 -4 -3  1 -2 -4 -1  0 -1 -3 -2 -3 1 0 0 1 0.25
 0  1  0  1 -3  1  4 -2 -1 -3 -3  3 -2 -3 -1  2  0 -3 -2 -2 1 0 0 1 0.39
-1  1  0 -1 -3  6  2 -2  0 -3 -2  1 -1 -4 -2  0 -1 -2 -2 -3 0 0 1 1 0.57
-2  0  6  1 -3  0  0  0  1 -3 -4  0 -2 -3 -2  1  0 -4 -2 -3 0 0 1 1 0.68
