 0 -2  0 -1 -2 -2 -2  6 -2 -4 -4 -2 -3 -3 -2  0 -2 -2 -3 -3 0 0 1 1 0.46
 0 -2 -3 -3 -1 -2 -2 -3 -3  3  1 -2  1 -1 -2 -2  0 -3 -1  4 0 0 1 1 0.45
-2 -2  1  6 -3  0  1 -1 -1 -3 -4 -1 -3 -3 -1  0 -1 -4 -3 -3 0 0 1 1 0.41
-1  5  0 -2 -3  1  0 -2  0 -3 -2  2 -1 -3 -2 -1 -1 -3 -2 -2 1 0 0 1 0.31
-2 -2  1  6 -3  0  1 -1 -1 -3 -4 -1 -3 -3 -1  0 -1 -4 -3 -3 1 0 0 1 0.24
-2 -2 -2 -3 -2 -1 -2 -3  2 -1 -1 -2 -1  3 -3 -2 -2  2  7 -1 1 0 0 1 0.22
-2 -2 -4 -4 -1 -2 -3 -4 -3  2  4 -3  2  0 -3 -3 -1 -2 -1  1 0 0 1 0 0.18
-1  2  0 -1 -3  4  1 -2  0 -3 -2  4 -1 -3 -1  0 -1 -3 -2 -2 0 1 0 1 0.17
 0 -1  0 -1 -2 -1 -1 -1 -2 -3 -3 -1 -2 -3  6  3  0 -3 -2 -2 0 0 1 1 0.13
-2 -1  1  4 -4  1  3 -2  5 -3 -3  0 -2 -3 -2  0 -1 -3 -1 -3 0 1 0 1 0.08
-2 -3 -3 -4 -3 -3 -3 -3  0 -1  0 -3 -1  6 -4 -2 -2  1  6 -1 0 1 0 0 0.05
-1 -2  2 -1 -3 -1 -2  4  4 -2 -2 -1  1 -2 -2 -1 -1 -3 -1 -2 0 0 1 1 0.04
-2 -2 -2 -3 -2 -1 -2 -3  5  0 -1 -2 -1  1  1 -2 -1  0  5  2 0 0 1 1 0.03
-2 -3 -4 -4 -2 -2 -3 -4 -3  2  4 -3  3  0 -3 -3 -1 -2 -1  1 0 1 0 0 0.02
-2  1 -1 -2 -3  3  0 -3  0  0 -1  2 -1  0 -2 -1 -1  0  5 -1 0 1 0 1 0.02
 3 -1 -1 -1 -1  1  0 -1 -1 -2 -2 -1 -2 -3  3  3  0 -3 -2 -1 0 0 1 1 0.01
 0 -3 -1 -2 -3 -2 -3  6 -3 -4 -4 -2 -3 -4 -3 -1 -2 -3 -4 -4 0 0 1 1 0.01
-2 -1  0  5  4  2  2 -2 -1 -3 -3 -1 -3 -4 -2 -1 -1 -4 -3 -3 0 0 1 1 0.01
-2  5 -2 -3  4  0 -1 -3  0 -3 -2  1 -2  0 -3 -1 -2  0  5 -2 0 1 0 1 0.01
-1 -3 -3 -4 -2 -2 -3 -4 -1  2  1 -3  0  1 -3 -2 -1  0  5  3 0 1 0 0 0.01
-1  4 -1 -1 -3  1  1 -2 -1 -1 -2  3 -1 -3 -2  1 -1 -3 -2 -2 0 1 0 1 0.01
-1 -3 -4 -4 -1 -3 -3 -4 -4  3  1 -3  1 -1 -3 -2 -1 -3 -2  5 0 1 0 0 0.01
-1  3 -2 -3 -2 -1 -2 -3 -2  3  0  0  0 -1 -3  0 -1 -3 -2  2 0 0 1 1 0.01
-1  5 -1 -1 -4  3  0 -2 -1 -3 -3  4 -2 -3 -2 -1 -1 -3 -2 -3 0 0 1 1 0.01
 1 -2  0  3 -2 -1  0 -1 -2 -2 -3 -1 -2 -3  4  2  1 -4 -3 -2 0 0 1 1 0.01
-3 -3 -4 -4 -3 -4 -4 -4 -2 -1  0 -4  0  7 -4 -3 -3  0  3 -1 0 1 0 0 0.01
-1  2 -1 -2 -2  0 -1 -2 -2  0 -1  3 -1 -2 -2  0  2 -3 -2  1 0 1 0 1 0.01
-2 -2  1  7 -4 -1  1 -2 -2 -4 -4 -1 -4 -4 -2 -1 -2 -5 -4 -4 0 0 1 0 0.01
-2 -2 -1  1 -3 -1 -1 -3  4 -2 -2 -2 -2  2 -3 -2 -2  1  7 -2 0 0 1 1 0.01
-2  2  2  2 -3  0  0  1  0 -3 -3  1 -2  0 -2 -1 -1 -1  4 -3 0 0 1 1 0.01
 0 -2  2 -1 -3 -2 -2  6 -2 -4 -4 -2 -3 -4 -3 -1 -2 -3 -3 -4 0 0 1 1 0.01
 1 -2  1 -2 -2  1 -1 -2 -1  1  0 -1  0  4 -2  0 -1 -1  1  1 0 0 1 1 0.01
-1 -1  3 -1  3  2 -1 -2 -1 -2 -1 -1 -1 -3 -2  0  4 -3 -2 -1 0 1 0 1 0.01
-2 -1 -1 -2 -3 -1 -1 -3  7 -2 -2 -2 -2  3 -3 -2 -2  0  5 -3 0 1 0 0 0.01
 0 -1  0  2 -3  3  3 -2  3 -3 -3  0 -2 -3  3  0 -1 -3 -2 -3 0 0 1 1 0.01
 3  1 -2 -2 -1 -1 -1 -1 -2  1  1 -1  0 -2 -2  0 -1 -3 -2  1 0 0 1 1 0.01
 0 -3 -1 -2 -3 -2 -3  6 -3 -4 -4 -2 -3 -4 -3 -1 -2 -3 -4 -4 0 0 1 1 0.01
-1 -1  0  3 -4  1  5 -2 -1 -4 -4  0 -3 -4 -2 -1 -1 -4 -3 -3 0 0 1 1 0.01
-1  0  1 -1 -2  2  1 -2 -1 -1 -2  2 -1 -3 -2  0  3 -3 -2  0 0 1 0 1 0.01
-3 -3 -4 -4 -3 -3 -3 -3 -2 -1  0 -3  2  5 -4 -3 -2  9  4 -2 0 1 0 0 0.01
-2  2 -2  1 -3 -1 -1 -3  0  1 -1 -1 -1  2 -3 -2 -2  0  5 -1 0 1 0 1 0.01
-3 -3 -4 -4 -3 -3 -4 -4 -1 -1  0 -4 -1  7 -4 -3 -3  1  4 -1 0 1 0 0 0.01
 4 -2 -3 -3 -1 -2 -2 -1 -2  0  2 -2  0 -1 -2  0 -1 -3 -2  0 0 1 0 0 0.01
 0 -3 -1 -2  7 -2 -3  4 -3 -3 -3 -2 -2 -3 -3  1 -1 -3 -3 -2 0 1 0 0 0.01
 2 -2 -1 -2 -1  1 -1 -1 -1  0 -1 -1 -1 -1 -2  1  1 -2  2  2 0 1 0 0 0.01
-2 -2  3 -1 -3 -1  1 -3  1 -2 -2 -1 -2  3 -3 -1 -2  1  6 -2 0 1 0 1 0.01
-2 -3 -3 -3 -3 -3 -3  1 -1 -1 -1 -3 -1  6 -4 -1 -2  1  4 -2 0 1 0 1 0.01
-1 -3 -4 -4 -2 -2 -3 -4 -3  1  4 -3  1  0  2 -2 -1 -3 -2  2 0 1 0 1 0.01
-1 -1 -2 -2 -3  0 -1 -3 -2 -3 -2  1 -2 -4  7 -1 -2 -4 -3 -3 0 0 1 1 0.01
-2 -2 -2 -3 -3 -2 -2 -3  2 -1 -1 -2  2  2 -3  0 -1  1  7 -1 0 0 1 1 0.01
-2 -1  0  3 -4  1  5 -3  3 -3 -3  0 -2 -1 -2 -1 -1 -2  2 -3 0 0 1 1 0.01
 1 -2  0  4 -3 -1  0  2 -1 -3 -3 -1 -3 -2 -2  1 -1 -2  1 -2 0 0 1 0 0.01
 0 -3 -1 -2 -3 -2 -3  6 -3 -2 -3 -2 -3 -3 -3 -1 -2 -3 -3  0 0 1 0 0 0.01
-2 -2 -2  1 -3 -2 -2 -3  0 -1  1 -2  0  3 -3 -2 -2  1  6 -1 0 1 0 0 0.01
 0 -2 -1 -2 -1 -1 -1 -2 -2  0 -1 -1 -1 -2 -2  2  4 -3 -2  2 0 1 0 0 0.01
-2 -3 -4 -4 -2 -3 -3 -4 -3  1  5 -3  2  0 -3 -3 -2 -2 -2  0 0 1 0 0 0.02
-3 -3 -3 -4 -3 -3 -3 -4  0 -1 -1 -3 -1  6 -4 -3 -2  1  7 -2 0 1 0 0 0.02
-2 -3 -4 -4 -2 -3 -4 -4 -3  4  2 -3  1  2 -3 -3 -1 -2 -1  2 0 1 0 0 0.02
 0 -2  0  2 -2 -1 -1 -1 -1 -3 -2 -1 -2  2 -2  4  1 -2 -1 -2 0 1 0 0 0.02
-1  1  0  1 -2  0  0 -1  2 -2 -2  3 -1 -1 -1  1  1 -2  1 -2 0 1 0 1 0.02
-2 -2  3  6 -4 -1  1 -2 -1 -4 -4 -1 -4 -4 -2 -1 -1 -5 -3 -4 0 0 1 1 0.02
 1  1 -1 -1 -3  2  0  3 -1 -3 -3  3 -2 -3 -2  0 -1 -3 -2 -2 0 0 1 1 0.02
-1  1  4  0 -2  0 -1 -2  3  0 -2  1 -1 -2 -2  1  1 -3 -1 -1 0 1 0 1 0.02
-1 -1 -2  0 -3  0  4 -3 -1  2 -1 -1 -1 -2 -2 -1 -1 -3 -2  1 0 1 0 1 0.02
-1  2  1  1 -2  0  0  0 -1  0 -2  2 -1 -2 -2  1  0  5 -1 -1 0 1 0 1 0.02
 1  0  0 -1  2  1  0  0  2 -2 -2  1 -1 -3  1  0  2 -3 -2 -2 0 1 0 1 0.01
-2  1 -3 -4 -2 -3 -3 -4 -3  5  1 -2  1 -1 -3 -3 -1 -3 -2  2 0 1 0 0 0.01
-2  3 -2 -3  3 -1 -2 -3  0 -1  0 -1  3  2 -3 -2 -2  0  5 -1 0 1 0 0 0.01
-2 -3 -4 -4 -2 -3 -3 -4 -2  1  4 -3  2  1 -3 -3 -2 -1  2  0 0 1 0 0 0.01
-1 -1 -1 -1  5  4  1 -2 -1 -2  0  0 -1 -3 -2  1 -1 -3 -2 -2 0 1 0 0 0.01
-2 -2  1  3 -3 -1 -1 -3  3  0  0 -2 -1  0 -3 -1 -1 -1  4  1 0 0 1 0 0.01
 1  5 -1 -2 -2  0 -1 -2 -1  1 -1  1 -1 -2 -2 -1 -1 -3 -2  0 0 0 1 1 0.01
 1 -1 -1 -1 -2  0  1 -1 -1 -2 -2  0 -2 -3  6  2  0 -3 -2 -2 0 0 1 1 0.01
-1 -1  2  2 -4  1  5 -2  0 -3 -3  0 -2 -3 -2  0 -1 -3 -2 -3 0 0 1 1 0.02
 1 -1 -1 -1 -2  0  2  2 -1 -2 -2 -1 -1  1 -1  1  2 -2 -1 -1 0 0 1 1 0.02
-1  0  0 -1 -3  6  2 -2  0 -3 -3  1 -1 -3 -2 -1 -1 -2 -2 -3 0 0 1 0 0.02
-1  1  1 -1 -2  0 -1  1 -1 -2 -1  2  1 -2  3  0 -1  5 -1 -2 1 0 0 1 0.02
-2  0  2  4 -4  1  4 -2 -1 -4 -4  2 -3 -4 -2  0 -1 -4 -3 -3 1 0 0 1 0.02
-2 -3 -4 -4 -2 -3 -4 -4 -4  4  3 -3  1  0 -3 -3 -1 -3 -2  2 1 0 0 0 0.02
 1 -3 -3 -4  7 -3 -3 -3 -2  2 -1 -3 -1  0 -3 -1 -1 -1  3  0 1 0 0 0 0.02
 1 -2 -1  1 -2 -1 -1  0  3 -1 -2 -1 -1  0 -2  1  0 -1  3  0 0 0 1 1 0.01
 0 -1  3 -1 -3  0 -1 -2  7 -3 -3 -1 -2 -2 -2  0  1 -3  0 -3 0 0 1 1 0.01
 1 -2 -3 -3 -2 -2 -2 -3 -3  0  3 -2  1 -1  4 -1 -1 -3 -2  0 1 0 0 0 0.01
-1  0  0  3 -4  1  5 -2 -1 -4 -3  2 -3 -4 -2 -1 -1 -4 -3 -3 1 0 0 1 0.02
-1  2  0  0 -3  3  4 -2  0 -3 -3  2 -2 -3 -2  1 -1 -3 -2 -3 1 0 0 1 0.03
-2 -2 -3 -4 -3 -2 -3 -4  1 -2 -2 -3 -2  3 -4 -2 -2  2  8 -2 0 0 1 0 0.03
-3 -3 -4 -4 -3 -3 -4 -4 -2  0  2 -3  0  6 -4 -3 -2  0  2 -1 0 1 0 0 0.02
 2 -1 -1  0  5  0  2 -1 -1 -2 -2 -1 -2 -3 -1  2  0 -3 -2 -1 0 1 0 1 0.04
-1  1 -1 -1 -2  0  0 -2 -2  2  0  4  0 -2 -2 -1 -1 -3 -2  0 0 1 0 1 0.07
-1 -3 -3 -4 -1 -2 -3 -4 -3  2  2 -3  1  0 -3 -2  0 -3 -1  3 0 0 1 1 0.12
-1 -1  1  5 -4  1  4 -2 -1 -3 -3  0 -3 -4 -1  0 -1 -4 -3 -3 0 0 1 1 0.25
-1 -1  1  5 -4  1  4 -2 -1 -3 -3  0 -3 -4 -1  0 -1 -4 -3 -3 0 0 1 1 0.42
-2  0  6  1 -3  0  0  0  1 -3 -3  0 -2 -3 -2  1  0 -4 -2 -3 0 0 1 1 0.53
