-1 -3 -4 -4 -2 -3 -4 -4 -4  4  2 -3  1 -1 -3 -3 -1 -3 -2  3 0 0 1 1 0.68
-1 -2 -2 -2 -3 -1 -2 -3 -3 -3 -3  0  1 -4  7  2 -1 -4 -3 -3 0 0 1 1 0.53
 0 -3 -3 -3  0 -3 -3 -3 -3  3  2 -3  1 -1 -3 -2  1 -3 -2  3 0 0 1 0 0.49
-2  1  0  4 -4  3  1 -3  6 -4 -4  0 -2 -3 -2 -1 -2  2 -1 -4 1 0 0 1 0.42
-1  3 -1 -1 -3  2  0 -2 -1  0 -2  3 -1 -3  0  1 -1 -3 -2  0 1 0 0 1 0.37
-1 -2 -2 -3 -1 -2 -2 -3  1  2  2 -2  2  0 -2 -2  0 -2 -1  3 1 0 0 0 0.35
-1  4 -1 -1 -3  4  2 -2 -1 -3 -2  3 -1 -3 -2 -1 -1 -3 -2 -3 1 0 0 1 0.25
 0 -2  3  5 -3 -1  0 -2 -1 -3 -3  0  1 -3 -2  0  1 -4 -3 -2 1 0 0 1 0.24
-1  1  1  5 -3  0  0 -2 -1 -3 -3  1  0 -4 -2  1 -1 -4 -3 -3 1 0 0 1 0.18
 1 -2 -2 -3 -1 -2 -2 -2 -3  2  1 -2  0 -2 -2  0  3 -3 -2  2 1 0 0 0 0.12
-2  3 -1 -2 -4  0  0 -3 -2 -4 -4  6 -2 -4 -2 -1 -2 -4 -3 -3 1 0 0 1 0.10
-1 -2  2  0 -2 -1 -2 -3 -2  1  1 -2  1  2 -1 -1  2 -2 -1  0 1 0 0 1 0.05
-2 -2 -3 -3 -2  2 -2 -4 -3  2  4 -2  1 -1 -3 -3 -2 -3 -2  0 1 0 0 0 0.05
 3 -3 -3 -3 -1 -2 -2 -2 -3  3  0 -2  0 -2 -2  0  1 -3 -2  2 1 0 0 0 0.03
-1  3 -1  0 -4  3  2 -2 -1 -4 -3  4 -2 -4 -2  0 -1 -4 -3 -3 1 0 0 1 0.02
-1 -2  1 -2 -2 -2 -2 -3 -3 -2 -2 -2 -2 -3 -2  0  6 -4 -3 -1 1 0 0 0 0.02
-2 -4 -4 -4 -2 -3 -4 -4 -4  5  1 -3  4 -1 -4 -3  0 -3 -2  1 1 0 0 0 0.02
-2 -4 -4 -4 -2 -3 -4 -4 -4  5  1 -3  3 -1 -4 -3 -1 -4 -2  4 1 0 0 0 0.02
 1 -2  0 -2 -2 -1 -2 -2  1  1  0 -2 -1 -1 -2  1  3 -2  2  0 1 0 0 1 0.02
-3  7 -2 -3 -5  0 -1 -4 -1 -4 -3  1 -3 -4 -3 -2 -2 -4 -3 -4 1 0 0 0 0.02
-2 -4 -4 -4 -2 -3 -4 -5 -4  6  1 -3  0 -1 -4 -3  1 -4 -2  2 1 0 0 0 0.03
-2  2  3 -1 -3  4  0 -2 -1 -1 -3  3 -2 -4 -2  0 -1 -4 -2 -2 1 0 0 1 0.04
-2 -1  1  4 -3  1  3 -1 -1 -3 -2  1  2 -3 -2 -1 -1 -3 -3 -3 1 0 0 1 0.04
-2 -2 -1 -2 -3 -1  1 -3  6  3  0 -2  0 -1 -3 -2 -2 -3  0  0 0 0 1 0 0.05
 0 -1  2 -1 -2 -1 -1 -1 -1  1 -2  1 -1 -2  3  3  0 -3 -2 -1 0 0 1 1 0.08
-1 -1  1  2 -3  0  1 -2  5 -1 -2  1 -2 -2  0  0 -1 -3 -1 -2 0 0 1 1 0.08
-1  1 -1 -1 -3  2  1 -1 -1 -2 -1  3  1 -3  0  0  1 -3 -2 -2 0 0 1 1 0.11
-2  0  0 -2 -3  4  0 -3  3 -1  2 -1  0  2 -3 -2 -2 -2  0 -2 0 0 1 1 0.10
 0 -1  0  0 -2  0 -1  1 -2 -2 -1  2 -1  1  0  2  0 -3 -1 -2 0 0 1 1 0.11
-1 -3 -3 -3 -2 -2 -3 -3 -3  2  2 -3  1  2 -3 -1 -1 -2 -1  3 0 0 1 0 0.10
 0 -2 -1 -1  2 -1 -1 -1 -2 -2 -1 -1 -2 -2  2  4  0 -3  1 -2 0 0 1 1 0.10
 0 -2 -1 -1 -2 -1 -1 -2  1 -3 -3 -1  0 -3  5  3  1 -3 -2 -2 0 0 1 1 0.10
-1  2  3  0 -3  1  0 -2 -1 -3 -3  5 -2 -3 -2  0  0 -3 -2 -3 0 0 1 1 0.09
-2 -1 -2 -2 -3  4 -1 -3  2  1  3 -1  0 -1  0 -2 -1 -2  0 -1 0 0 1 0 0.09
-1  4 -1 -2 -3  0 -1 -3 -2  0  1  2  2  0 -2 -1 -1 -2 -1  0 0 1 0 1 0.09
-1 -3 -3 -4 -2 -3 -3 -4 -4  4  1 -3  0  0 -3 -1 -1 -3 -2  4 0 1 0 0 0.08
 0 -2  0  2 -2 -1  0  2 -2 -2 -3 -1 -2 -3  2  1  3 -4 -3 -2 0 0 1 1 0.05
-1 -3 -1  2 -4 -2  0  5 -2 -4 -4 -2 -4 -4  0  0 -2 -4 -4 -4 0 0 1 1 0.04
-2 -3 -3 -3 -2 -2 -1 -4 -3  1  4 -2  2  1  3 -2 -2 -2 -1  0 0 0 1 0 0.03
-2 -2  0  6 -4 -1  3 -1 -2 -4 -2 -1 -3 -4 -2 -1 -2 -5 -4 -4 0 0 1 1 0.03
-3 -4 -4 -5 -3 -4 -4 -4  1 -1  2 -4  0  7 -5 -3 -3  0  3 -1 0 0 1 0 0.02
-2 -3 -4 -4 -2 -3 -4  0 -4  4  2 -3  1  0 -3 -3 -1 -3 -2  3 0 0 1 0 0.02
-2 -4 -3 -3 -4 -3 -2 -4 -4 -4 -4 -2 -4 -5  8 -2 -2 -5 -4 -4 0 0 1 1 0.02
 2  0 -1  2 -2 -1  0  4 -2 -3 -3 -1 -2 -3 -2  0 -1 -3 -3 -2 0 0 1 1 0.02
-2 -2  1  4 -3 -1  1 -3 -2  0  2 -2  0  1 -1 -1 -2 -3 -2 -1 0 0 1 1 0.02
-2  1  1 -1 -4  4  0 -3  6 -3 -2  2 -2 -3 -3 -1 -2 -3  1 -3 0 0 1 1 0.02
-1 -2 -2 -2 -3  0 -2 -3  3 -2 -2 -2 -3 -4  7  1  0 -4 -3 -3 0 0 1 1 0.02
-1 -3 -1 -1 -2 -3 -3 -1 -3  4  1 -3  0  0 -3 -2 -1 -3  0  3 1 0 0 0 0.02
-2  0 -1  1 -3  3  2 -3 -2 -1  3 -1  0 -2 -3 -2 -2 -3 -2 -1 1 0 0 1 0.02
 0 -2  0 -1  0 -1 -2  4 -2 -3 -3 -1 -2 -3 -2  3  3 -3 -3 -2 1 0 0 0 0.03
-2 -3 -4 -5 -2 -3 -4 -5 -4  1  5 -3  2  1 -4 -3 -2 -2 -1  0 1 0 0 0 0.03
 0 -2 -1  0 -2  0  0  2 -2 -3 -3 -1 -3 -4  2  4  0 -4 -3 -3 1 0 0 1 0.03
 0  0  0  1 -3  0  0  0  0 -3 -3  3  0 -3 -2  3  0 -4 -2 -3 1 0 0 1 0.02
-2 -3 -4 -4 -2 -2 -4 -4 -3  4  1 -3  7 -1 -4 -3 -2 -3 -2  2 1 0 0 0 0.02
-2 -2  1  5 -3 -1  0 -3 -2  0  0 -2  1 -2 -3 -1 -1 -3  0  1 1 0 0 1 0.02
-2 -1  1  3 -4  5  4 -2 -1 -4 -4  0 -2 -4 -2  1 -1 -4 -3 -3 1 0 0 1 0.01
-1 -2 -1 -2 -2 -2 -2 -3 -2  1 -2 -2  0 -2 -2  1  6 -3  2 -1 1 0 0 0 0.01
-2 -3 -4 -5 -2 -3 -4 -5 -4  1  5 -3  3  0 -1 -3 -2 -3 -2  0 1 0 0 0 0.01
 3 -2  0 -1 -2 -1  1  2 -2 -2 -2 -1 -2 -3 -2  2  2 -3 -3 -1 1 0 0 1 0.01
-1 -3 -1 -3 -2 -2 -3 -3 -2  3  0 -2  0  2 -3 -1  2 -2  2  3 1 0 0 0 0.01
-3 -3 -4 -4 -3 -3 -4 -4  0 -2  0 -3 -1  5 -4 -3 -3  1  7 -2 1 0 0 0 0.01
-2  0 -1 -2 -4  7  1 -3  4 -4 -4  1 -2 -4 -3 -1 -2 -3 -2 -4 1 0 0 0 0.01
-1  1 -1  1 -4  5  1 -3  2 -3 -1  3 -1 -3 -2 -1 -2 -3 -2 -3 1 0 0 1 0.01
-2  0 -4 -4 -2 -3 -3 -4 -4  5  1 -2  0 -1 -3 -3 -1 -3 -2  3 1 0 0 0 0.01
-2 -3 -4 -5 -2 -3 -4 -5 -4  2  5 -3  1  1 -4 -3 -2 -3 -2  1 1 0 0 0 0.01
 0 -1  0 -2 -2  2 -1 -2  3  1 -1 -1 -1 -2 -2  1  3 -3 -2 -1 1 0 0 1 0.01
 0  2  2 -1 -2 -1 -1 -2 -2 -1 -2  0 -2 -3 -2  3  1 -4 -2  1 0 0 1 1 0.01
-2 -3 -4 -4 -2 -3 -4 -5 -4  1  5 -3  2 -1  1 -3 -2 -3 -2  0 0 0 1 0 0.02
-2 -3 -2  1 -4 -1 -2 -3  2 -4 -4 -2 -3 -4  7  0 -2 -5 -3 -4 0 0 1 1 0.02
 1 -1  1 -1 -2 -1 -1 -1 -2 -2 -1  2  2 -2 -2  3  0  4 -2 -2 1 0 0 1 0.02
 0  3 -1  0 -3  2  1  3 -1 -4 -3  1 -2 -4 -1  0 -1 -3 -3 -3 0 0 1 1 0.03
-2 -1  5  2 -4 -1 -1 -2  6 -4 -4 -1 -3 -3 -3  1 -1 -4 -1 -4 0 0 1 1 0.03
-1 -2 -4 -4 -2 -3 -3 -4 -4  2  2 -3  3 -1 -3 -2  0 -3 -2  4 1 0 0 0 0.03
 0 -1 -1  1 -2  1  0 -2 -2  2  0  0  1 -2 -2  1  0 -3 -2  1 1 0 0 0 0.03
-2  0 -1 -2 -4  8  1 -3 -1 -4 -4  0 -2 -5 -3 -1 -2 -3 -3 -4 1 0 0 0 0.03
-2 -4 -4 -4 -2 -3 -4 -5 -4  5  2 -3  2 -1 -4 -3 -1 -3 -2  3 1 0 0 0 0.02
 1  1 -1 -2 -2  1 -1  0  2 -1 -1 -1 -1 -2  0  3  0 -3 -2  0 1 0 0 0 0.02
-2 -1  5  0 -3 -1  1 -2  1  0 -3 -1 -2 -2 -3  2  0 -3  1 -2 1 0 0 1 0.02
-3 -3  0  7 -5 -1  1 -3 -2 -5 -5 -2 -4 -5 -3 -1 -2 -6 -4 -5 1 0 0 0 0.02
-1 -3 -4 -4 -2 -3 -3 -4 -3  1  4 -3  3 -1 -3 -2  0 -3 -2  1 1 0 0 0 0.01
 0 -1 -1  1 -3  1  5 -2 -1 -3 -3  1 -2  1 -2  2 -1 -3 -2 -3 1 0 0 1 0.01
-2 -2  6  0 -3 -1 -1 -2 -1 -3 -3 -1 -3 -4 -3  0  4 -4 -3 -3 1 0 0 1 0.01
-2 -3 -4 -5 -2 -3 -4 -5 -4  1  5 -3  3  0 -4 -3 -2 -3 -2  0 1 0 0 0 0.01
-2  5 -2 -3 -4  3 -1 -3 -1 -2  2  1 -1 -2 -3 -2 -2 -3 -2 -2 1 0 0 1 0.01
 0  1  0  4 -3 -1  1  3  1 -4 -4 -1 -3 -4 -2  1 -1 -4 -3 -3 1 0 0 1 0.01
-2 -2 -1 -3 -2 -1 -3 -4  0  0  4 -3  1  0 -3 -2  0 -1  3  0 1 0 0 0 0.01
-2 -3 -4 -5 -2 -3 -4 -5 -4  1  5 -3  1  2 -4 -3 -2 -2 -1  1 1 0 0 0 0.01
-1  0 -1 -1 -4  2  3 -3  6 -4 -3  2 -2 -3 -2 -1 -2  2  0 -3 1 0 0 1 0.01
-1 -2  1  2 -2 -1  1 -3  0  0  2 -1  2 -1 -2 -1 -1 -3 -2  0 1 0 0 0 0.01
-2  2 -3 -4 -2 -2 -3 -4 -3  0  4 -2  2 -1 -3 -3 -2  5 -1 -1 1 0 0 0 0.01
 4 -2 -2 -3 -2 -1 -2  0 -2 -1  0 -2  4 -2 -2  1  0 -3 -2 -1 1 0 0 0 0.01
 1 -1 -1 -2 -1 -1 -1 -1 -2 -1 -2  0  0  0 -2  3  3 -3 -2  0 1 0 0 1 0.02
 0 -2 -1 -2 -2 -1 -1  0 -2 -1  0 -1 -1  1 -2  4  1 -2  0 -2 1 0 0 0 0.02
-1  2  0 -2 -3  2  0 -2 -1 -1  0  3  3 -2 -2 -1 -1 -3 -2 -1 0 0 1 1 0.03
-1  3  2  0 -3  0 -1  3  1 -4 -4  0 -3 -4 -2  2 -1 -4 -3 -3 0 0 1 1 0.05
-2 -5 -5 -5 11 -5 -6 -4 -5 -3 -3 -5 -3 -4 -5 -3 -3 -4 -4 -3 0 0 1 0 0.05
-2 -3  0 -2 -3 -2 -2 -3  3 -2 -3 -2 -3 -4  7 -1  3 -4 -3 -3 0 0 1 1 0.07
 0 -3 -3 -3 -2 -2 -3 -1  0  1  3 -3  0  3  0 -1 -2 -2  0  0 0 0 1 0 0.10
-1  2 -2 -1 -4  0  0 -3 -1 -3 -2  3 -2 -4  6 -1  0 -4 -3 -3 0 0 1 1 0.13
-2  3  1 -1 -4  4  3 -3  1 -4 -3  2 -2 -4 -2 -1 -2  2 -2 -3 0 0 1 1 0.14
 2 -2 -1  0 -2  0 -1  0  0 -2 -3 -1 -2 -3  4  1  2 -4 -3 -1 0 0 1 0 0.13
 1  2  0  0 -2  0  1  1  1 -2 -3  0 -2 -3 -1  2  1 -3 -2 -1 0 0 1 1 0.14
 0 -1  3  0 -3  1  1  3  1 -4 -4 -1 -2 -4 -2  1  1 -3 -3 -3 0 0 1 1 0.13
-1 -3 -2 -1  1 -2  0  2 -3 -1  2 -2 -1 -2  4 -1 -1 -3 -3 -1 0 0 1 1 0.14
-1  2  0  2 -3  1  3  0 -1 -2 -3  2 -1 -3 -2 -1 -1 -4 -3  0 0 0 1 1 0.15
 0 -1  1  0 -2 -1  0 -2  2 -2 -1 -1 -1 -3 -2  2  3 -3 -2 -1 0 0 1 1 0.16
-2 -1 -3 -3 -2  0 -2 -4 -3  1  4  0  3  0 -2 -1 -2 -2 -2  0 1 0 0 0 0.15
-1 -1  0  3 -4  1  4  1 -1 -3 -4  2 -3 -4 -2  0 -1 -4 -3 -2 1 0 0 1 0.12
 2 -2  3  1 -2 -1  0  2 -1 -2 -3 -1 -2 -3 -2  2  0 -3 -3 -2 1 0 0 1 0.12
-2 -3 -3 -4 -2 -3 -3 -4 -3  0  4 -3  1  4 -3 -3 -2  2  0  0 1 0 0 0 0.10
-1 -1  0  1 -2 -1  1  3 -2 -1  0  0 -1 -2 -2 -1  1 -3 -2 -1 1 0 0 1 0.09
-1 -1  0  2 -3  1  3  3 -1 -3 -3 -1 -3 -3 -2  1 -1 -3 -3 -3 1 0 0 1 0.07
 0 -2  1  0 -2 -1  1 -2 -2  2  0  0  0 -2 -2 -1  1 -3 -2  2 1 0 0 0 0.06
-2 -2  2 -2 -2 -1 -2 -3 -2  0  3 -2  1  0 -3 -1  0 -2  1  0 1 0 0 0 0.05
 2  1 -1 -1 -3  0  4 -2 -2 -3 -3  2 -2 -4 -2  0  1 -4 -3 -2 0 0 1 1 0.04
 3 -1 -1  0 -2 -1  1 -2 -2 -1 -2  1 -2 -3 -2  1  3 -3 -2 -1 0 0 1 1 0.03
 0 -2 -1 -2 -2 -1 -1 -2  5 -3 -3 -2 -2  1  0  4  0 -2  2 -3 0 0 1 0 0.02
-2 -1 -2 -1 -3 -2 -2  0  3  0  2 -2  0 -1  5 -2 -2 -3 -2  0 0 0 1 1 0.02
-2 -1 -3 -4 -3 -2 -3 -4  2  2  0 -3 -1  3 -4 -3 -2  0  6  1 1 0 0 0 0.01
 0 -2 -1 -2 -2 -1 -1 -2 -2 -3 -3  0 -2 -3 -2  4  4 -4 -3 -2 1 0 0 0 0.01
 0 -2 -2 -3 -2 -2 -2 -3 -3  0  1 -2  1  2 -2  1  4 -2 -1  1 1 0 0 0 0.01
-1  0  1  0 -4  0  5  3 -1 -4 -4 -1 -3 -4 -2  0 -2 -4 -3 -4 1 0 0 0 0.01
-2 -2 -3 -4 -2 -2 -3 -4 -2  1  0  0 -1  2  1 -2 -1 -1  4  4 1 0 0 1 0.01
-1 -3 -4 -4 -2 -3 -4 -4 -4  2  2 -3  3 -1 -4 -3 -1 -3 -2  5 1 0 0 0 0.01
 4 -2 -2 -3 -2 -2 -2 -1  2 -1 -2 -2 -1 -3 -2  0  2 -4 -2  1 1 0 0 0 0.01
-3 -3 -5 -5 -2 -3 -4 -5 -4  1  6 -4  1 -1 -4 -4 -2 -3 -2  0 1 0 0 0 0.01
-1  0  3  4 -3 -1  0  0 -1 -3 -1 -1 -2 -3 -2  2  0 -4 -3 -3 1 0 0 1 0.01
-3  7 -2 -2 -5  0  1 -1 -1 -4 -4  1 -3 -4 -3 -2 -2 -4 -3 -4 1 0 0 1 0.01
-3 -3 -5 -5 -2 -3 -4 -5 -4  1  5 -4  2 -1 -4 -4 -2 -3 -2  0 1 0 0 0 0.02
-2  2 -1 -2 -4  5  0 -3 -1 -4 -3  5 -2 -4 -2 -1 -2 -4 -3 -3 1 0 0 1 0.02
 0  2  1 -2 -3  3  0  4 -1 -4 -3  1 -2 -4 -2 -1 -2 -3 -3 -3 1 0 0 1 0.02
 0 -3 -2 -3  2 -3 -3 -3 -2 -2 -1 -3 -1  6 -3  2 -1 -1  3 -2 1 0 0 0 0.02
-2 -3 -4 -5 -2 -3 -4 -5 -4  1  5 -3  5  0 -4 -3 -2 -3 -2  0 1 0 0 0 0.03
-2  0 -1  0 -4  6  2  0  2 -4 -2  1 -2 -3 -2 -1 -2 -3 -1 -3 1 0 0 1 0.03
-1  2  1  4 -4  2  1 -1 -1 -3 -3  3 -2 -4 -2  0 -1 -4 -3 -2 1 0 0 1 0.03
-2 -3 -4 -4 -2 -2 -4 -4 -3  3  4 -3  6 -1 -4 -3 -2 -3 -2  0 1 0 0 0 0.04
-2 -3 -1 -3  3 -3 -2 -4 -3  3  4 -3  1 -1 -4 -3 -2 -3 -2  1 1 0 0 0 0.04
-1  3 -1  0 -3  2  0 -3 -1  0  1  1  0 -2 -2  0 -1  2 -2  0 1 0 0 1 0.06
-2  0  5  0 -4  5  1 -2  2 -4 -2  0 -2 -4 -3 -1 -1 -4 -2 -3 1 0 0 1 0.07
-2 -3 -5 -5 -2 -3 -4 -5 -4  2  5 -4  1 -1 -4 -4 -2 -3 -2  0 1 0 0 0 0.04
-3 -3  2  7 -5 -1  2 -2 -2 -4 -5 -2 -4 -5 -3 -1 -2 -5 -4 -4 1 0 0 1 0.06
-2  0 -1 -2 -3  3 -1 -3  4 -1  1  1  0  2 -3  0 -1 -2  0 -1 1 0 0 1 0.10
-1 -2  0 -2 -2 -2 -2  1 -2  1  3 -2  0 -1 -3  2 -1 -3 -2  0 0 0 1 0 0.16
-2  1  0 -2 -3  0 -1 -3  0 -1 -1  3 -2 -3  5 -1  0 -4 -3 -2 0 0 1 1 0.22
 0 -2 -1  0 -3 -1  0  4 -1 -1 -2 -2  1 -1 -3  1 -1 -2  3 -1 0 0 1 1 0.31
-2 -5 -4 -5 11 -5 -5 -4 -5 -3 -3 -5 -3 -4 -5 -2 -2 -4 -4 -2 0 0 1 1 0.38
