-1 -1 -2 -3 -1  0 -2 -3 -2  1  2 -1  5  0 -2 -1 -1 -1 -1  1 0 0 1 1 0.76
-1 -2 -3 -3 -1 -2 -3 -3 -3  2  2 -2  4  0 -3 -2  0 -2 -1  3 0 0 1 0 0.69
 1 -2 -2 -2 -2 -1 -1 -2 -2 -3 -3 -1 -2 -4  7  0 -1 -4 -3 -2 0 0 1 1 0.50
-1  4  0  0 -4  2  4 -2  0 -3 -3  2 -2 -3 -2 -1 -1 -3 -2 -3 0 0 1 1 0.48
 0 -2 -3 -3 -2 -2 -2 -3 -1  1  1 -2  1  2  3 -2 -1 -1  3  1 0 0 1 0 0.37
-2  5 -1 -1 -4  1  1 -3 -1 -3 -3  4 -2 -4 -2 -1  0 -4 -2 -3 0 0 1 1 0.25
-1  4  0 -2 -3  2  0 -2 -1 -2 -1  3 -1 -3  0 -1 -1 -3 -2 -1 0 0 1 1 0.23
-2 -3 -4 -4 -2 -3 -4 -4 -4  4  3 -3  2 -1 -3 -3 -1 -3 -2  3 0 0 1 0 0.23
 0 -1  2  2 -2  0  2 -1 -1 -3 -3 -1 -2 -3  0  3  2 -4 -3 -2 0 0 1 1 0.21
-2  5 -2 -3 -3  0 -1 -3 -2 -1  2  2  0 -2 -3 -2 -2  5 -1 -2 1 0 0 1 0.20
 2 -1  2  1 -2  0  3 -1 -1 -3 -3  0 -2 -3 -2  1  0 -3 -1 -2 1 0 0 1 0.18
-2 -1  1  3 -5  1  6 -3 -1 -4 -4  0 -3 -4 -2 -1 -2 -4 -3 -4 1 0 0 1 0.13
 4 -2 -2 -2 -1 -1 -1 -1 -2 -1 -2 -1 -1 -2 -1  2  1 -2  1 -1 1 0 0 0 0.09
 0 -1 -2 -2 -2 -1  2 -3 -2  0  3  0  3 -1 -2 -1 -1 -2 -2  0 1 0 0 0 0.09
 2  2  1 -1 -2  0  1 -1  2  0 -2  1 -1 -3 -2  0  0 -3 -2 -1 1 0 0 1 0.07
-1 -2 -3 -2  2 -2  0 -3 -2  2  4 -2  1  0 -2 -2 -1 -2 -1  0 0 0 1 0 0.06
 0  0  0 -1 -2 -1 -1  3 -1 -1 -2 -1 -1 -1  0  1  1 -2  1 -1 0 0 1 0 0.05
 0 -2 -1 -2 -3  0  0  0 -2 -3 -3  0 -2 -4  6  1  1 -4 -3 -1 0 0 1 1 0.04
-1 -1  2  2 -3  0  0  4  2 -4 -4 -1 -3 -3 -2  0 -1 -3 -2 -3 0 0 1 1 0.03
-2  0 -2 -3  2 -1 -2 -3  0  0 -2  1 -2  1 -3  0  0  8  3 -2 0 0 1 1 0.02
 0  4  0 -2 -3  0 -1 -2 -1 -2 -2  3 -1 -3 -2  1  0 -3 -2  0 0 1 0 1 0.02
-2  1  2  1 -3  0  0 -2  8 -2 -3 -1 -2 -2 -3 -1 -2 -3  1 -3 0 1 0 1 0.01
 4 -2 -2 -2  4 -1 -1 -1 -2 -1 -1 -1 -1 -2 -1  1  0 -3 -2 -1 0 1 0 0 0.01
 2 -3 -2 -3  7 -2 -2 -2 -3  0 -1 -2 -1 -2 -2  0  0 -3 -2  1 0 1 0 0 0.01
-2 -1  0 -2 -3  1 -1 -3  8 -3 -2 -1 -1  3 -3 -2 -2 -1  3 -3 0 1 0 0 0.01
 2 -2 -3 -3  4 -2 -2 -2 -3  1  0 -2  0 -2 -2  0  0 -3 -2  3 0 1 0 0 0.01
 2 -2 -3 -3  3 -2 -2 -2 -2  0  2 -2  4  1 -3 -1 -1 -2 -1  0 0 1 0 0 0.01
-2 -3 -4 -4 -2 -3 -4 -4 -3  2  3 -3  1  4 -4 -3 -2 -1  1  1 0 1 0 0 0.01
-3 -2 -2 -4 -3 -2 -2 -4  4 -2 -2 -2 -2  3 -4 -2 -2  6  7 -2 0 1 0 0 0.01
 1 -2 -1 -2  4 -2 -2  2 -2 -1 -2 -2 -1 -3 -2  1  2 -3 -2  1 0 1 0 0 0.01
-1 -1 -1  3 -4 -1  0 -3 -2 -4 -4  2 -3 -4  6  0  0 -5 -4 -3 0 1 0 1 0.01
-1  0  2  2  0 -1 -1 -2 -2 -1 -2  1 -2 -3  0  2  2 -4 -3 -2 0 1 0 0 0.01
-1 -2  3 -1 -3  0  0 -2  0 -2 -3 -1 -3 -4  6  1  0 -4 -3  0 0 1 0 1 0.02
 0  0 -1  0 -3  2  2  2 -2 -3 -3  1 -2 -3 -2  1  1  3 -2 -2 0 1 0 1 0.01
-1  2 -1 -2 -3  1  0 -2 -2  0 -1  4  1 -3  2 -1 -1 -3 -2  0 0 1 0 1 0.01
-1 -2 -3 -3 -2 -2 -3 -3 -2  0  3 -2  1  1 -3  0  0 -1  3  1 0 1 0 0 0.01
-3 -3 -3 -4 -3 -3 -3 -4 -2  1  1 -3  0  7 -4 -3 -2  0  3 -1 0 0 1 1 0.01
-1  1  2  1 -3  1  1  4 -1 -3 -3  0 -2 -3 -2 -1 -1 -3 -3 -3 0 0 1 1 0.01
-1  3  1  1  1  0 -1 -2  0  0 -2  1 -1 -2 -2  0  1  1 -1 -1 0 0 1 1 0.01
-1 -2 -2 -3 -2 -2 -2 -3 -1  3  0 -2  0  2 -2 -1  2 -1  4  1 0 1 0 0 0.01
-2 -2  1  3 -3 -1  1 -2 -2 -2  0 -1 -2 -3  6 -1 -1 -4 -3 -2 0 1 0 1 0.01
-1  0 -3 -3 -2 -1 -2 -3 -2  2  2  1  3 -1  3 -2 -1 -3 -2  1 0 1 0 0 0.01
-1  4  1 -1 -3  2  0 -2 -1 -1 -2  3 -2 -3 -2 -1  1 -3 -2 -2 0 1 0 1 0.01
 1  0  0 -2 -3 -1 -2  0  6 -2 -2 -1 -2  1 -3 -1 -2 -1  4 -2 0 1 0 0 0.01
 3 -1 -2 -2 -1 -1 -1 -1 -2  1  0  1 -1 -2 -2  1  1 -3 -2  1 0 1 0 0 0.01
-1 -3 -4 -4 -2 -3 -3 -4 -4  4  3 -3  1 -1 -3 -3 -1 -3 -2  3 0 1 0 0 0.01
-2 -3 -4 -4 -2 -3 -3 -4 -3  2  4 -3  3  2 -3 -3 -2 -2  0  1 0 1 0 0 0.01
-2 -2 -3 -3 -2 -2 -3 -3 -3  2  2 -2  6 -1 -3 -2 -1 -2 -2  2 0 1 0 0 0.01
-1 -1  1 -1  3  1  1 -2  3  0 -1 -1  2 -1 -2  1 -1 -2  2 -1 0 1 0 0 0.01
-2 -2 -2  0 -2 -1 -2 -3 -2  1  2 -2  7 -1 -3 -2 -1 -2 -2  1 0 1 0 0 0.00
-2  7 -1 -2 -4  1 -1 -3 -1 -3 -2  1 -2 -3 -3 -2 -2 -3 -2 -3 0 1 0 0 0.01
-3 -3 -3 -3 -3 -3 -3 -3  2 -1 -1 -3 -1  7 -3 -3 -3  5  3 -2 0 0 1 0 0.01
-2 -2  0  7 -4 -1  1 -2 -2 -4 -4 -2 -3 -4 -2 -1 -2 -4 -3 -4 0 0 1 0 0.01
 0 -3 -1 -2 -3 -2 -3  6 -3 -4 -4 -2 -3 -4 -3  0 -2 -3 -3 -3 0 0 1 0 0.01
-2  4 -2 -3  0 -1 -2 -3  0 -1  2  0  1 -1 -3 -2  0 -2  0 -1 0 0 1 1 0.01
-2 -3 -4 -4 -2 -3 -4 -4 -3  2  4 -3  2  2 -4 -3 -2 -2  0  2 0 1 0 0 0.01
 0 -3 -1 -1 -3 -3 -3  6 -3 -5 -5 -2 -4 -4 -3  1 -2 -4 -4 -4 0 1 0 0 0.01
-4 -4 -5 -5 -4 -5 -5 -5 -3 -1  1 -5 -1  8 -5 -4 -4 -1  1 -2 0 0 1 0 0.01
-2 -2 -3 -3 -4 -3 -3 -4 -4 -5 -5 -2 -4 -5  8  0 -2 -5 -5 -4 0 0 1 0 0.01
-1 -4 -2 -3 -4 -3 -4  7 -4 -5 -5 -3 -4 -5 -4 -2 -3 -4 -5 -5 0 1 0 0 0.01
-1 -4 -2 -3 -4 -3 -4  7 -4 -5 -5 -3 -4 -5 -4 -1 -3 -4 -5 -5 0 1 0 0 0.01
-3 -4 -4 -4 -3 -3 -4 -1 -2  1  2 -4  2  6 -4 -3 -1 -1  2  0 0 1 0 1 0.01
-2 -4 -4 -5 -2 -1 -4 -5 -5  3 -1 -4 -1 -2 -4 -3 -2 -4 -3  6 0 1 0 0 0.01
-3 -3  3  7 -4 -2  0 -2 -2 -4 -3 -2 -4 -4 -3 -1 -2 -5 -4 -4 0 0 1 1 0.01
 0  2 -1  2 -3  0  1 -1 -2 -3 -2  2 -2 -3  3  0  0  3 -2 -2 0 0 1 1 0.02
 0  2  0 -2 -3  3  0  3  0 -3 -3  0 -2 -3 -2  1  0 -3 -3 -2 0 0 1 1 0.02
-1 -1  1  4 -3  0  3 -2 -1 -2 -1  0 -2  1 -2  0 -1 -2  0 -2 0 0 1 1 0.02
-1  0  0  0 -4  0  4 -1 -2 -3 -2  0 -3 -3  1  2 -1  5 -2 -3 0 0 1 1 0.02
 1 -2  0  0  0 -2 -2 -1 -2  0 -2 -2 -2 -3 -2  4  3 -4 -3 -2 0 0 1 1 0.02
-3 -1 -4 -5 -3 -3 -4 -5 -4  1  5 -3  1  1 -1 -4 -2 -3 -2  1 1 0 0 1 0.02
-2 -2 -2  0 -4  0  5 -3  4 -1 -1 -1  0 -3 -3 -1 -1 -4 -2  0 1 0 0 0 0.02
 1  2  0  4 -3  1  3 -2 -1 -3 -3  0 -2 -3 -2  0 -1 -4 -3 -3 1 0 0 1 0.03
 2 -3 -2 -2 -3 -2  1  5 -3 -4 -4 -2 -3 -4 -3 -1 -2 -4 -4 -3 1 0 0 0 0.03
-1 -3 -4 -5  1 -3 -4 -4 -4  1  5 -3  2 -1 -4 -3 -2 -3 -2  1 1 0 0 0 0.04
 0  0  5  0 -3  0 -1 -1 -1 -3 -1  2 -2 -3 -2  1  0 -4 -3 -2 1 0 0 0 0.03
-3  7 -2 -2 -5  0  2 -4 -2 -5 -4  1 -3 -4 -3 -2 -2 -4 -3 -4 1 0 0 1 0.03
-2 -1 -1  0 -4  1  6 -3 -1 -3 -1  0 -2 -3 -2 -1 -2 -3 -3 -1 1 0 0 0 0.03
-2 -3 -4 -4  3 -3 -3 -4 -3  1  4 -3  2  0 -3 -3 -2 -2 -2  1 1 0 0 0 0.03
-1  2  2  0 -2  1  1  2  0 -2 -2  2 -2 -3 -2  0 -1 -3 -1 -1 1 0 0 1 0.03
-2 -1 -2  0 -4  0  6 -3 -1 -3 -1 -1 -2 -3 -2 -1 -2  6 -2 -3 1 0 0 1 0.03
 0 -1  2  0 -3  0  5  1 -1 -3 -2 -1 -2 -3 -2 -1 -2 -3 -3 -3 1 0 0 0 0.04
 0 -2 -2 -2 -2 -1  1 -1 -2  2  2 -2  2 -1 -2 -1  0 -2 -2  1 1 0 0 0 0.03
 0 -1  2 -1 -3 -2 -2  5 -2 -3 -2 -1 -2 -3 -2  1 -1 -3 -3 -3 0 0 1 0 0.03
 2 -2 -1  2  2  0  0 -1 -2 -1  1 -2 -1 -2 -2 -1  1  1  0 -1 1 0 0 1 0.03
-2 -3 -3 -3  0 -3 -3 -1  2  1  1 -3  1  5 -3 -2  1 -1  1  0 0 0 1 0 0.02
-1  3 -1 -2 -3  0 -1 -2  1 -1 -3  0 -2 -3  4  2  0 -3 -1 -3 0 0 1 1 0.02
-2 -3 -4 -4 -2 -3 -3 -4 -3  3  2 -3  1  2  0 -3 -1 -3 -1  4 0 0 1 0 0.02
-1  0  1  0 -2 -1  2  0  1 -2  1 -1  0 -2 -2  0  3 -3 -2 -1 0 0 1 1 0.02
-2  3  0  2 -1  1  3 -3  0 -3 -3  1 -2 -3  1  0  0 -4 -3 -1 1 0 0 1 0.01
 1 -2 -1  2 -2  0  1  1 -2 -2 -3 -1 -2 -3  1  1  1 -3 -3  0 1 0 0 1 0.01
-3 -2  2  6 -4 -1  0 -3  3 -4 -5  1 -4 -4 -3  0 -2 -5 -3 -4 1 0 0 0 0.01
-3 -3 -3 -4  0 -3 -3 -4  5  1 -2 -3 -2  1 -1 -3 -3  4  7 -2 0 1 0 0 0.01
-1  3 -2 -3 -2  1 -2 -3 -2  1  2 -1  2  0 -3 -2  0 -3 -2  2 0 1 0 0 0.01
 1 -2 -1  1  2 -2 -1  0 -2  0 -1 -2 -1  1 -2  3  0 -3 -2  0 0 1 0 0 0.02
 1 -2 -1 -2  1 -2 -2 -2 -2 -3 -3 -2 -2 -3 -2  5  3 -4 -3 -1 0 1 0 0 0.02
-3 -2 -2 -3  3  0 -1 -4  9 -4 -4 -2 -3 -2 -3 -3 -3  2  3 -4 0 1 0 0 0.02
 1 -2 -2 -3 -2  0 -2 -2 -2  0  2 -1  1  0  0 -1  0  2  2  3 0 1 0 0 0.02
 0  0  0  1  2  0 -1  1  1 -1 -2 -1 -2  1 -2  1  1 -2 -1 -1 0 1 0 0 0.02
 0 -2  1  2 -3  0  3 -2 -2 -3 -3 -1 -3 -4  1  2  2 -4 -3 -3 0 0 1 1 0.02
 0  0  1  0 -2  0  1  2  2 -3 -3  1 -2 -2  1  0  0 -2  1 -2 0 0 1 1 0.02
-2  2  0 -2  0  0  0 -3 -2 -2 -3  2 -2 -3  5  0  1 -3 -1 -3 0 0 1 1 0.02
-1 -1  1 -1 -2  2  0  1  4 -1 -2  0  0 -2  1  1 -1 -2  0 -2 0 0 1 1 0.02
-2  5 -1 -2 -4  0  0 -3 -2 -3 -3  4  0 -4  2 -2 -2 -4 -3 -3 0 0 1 0 0.01
-1 -3 -1 -3  0 -1 -3 -3  0  1  2 -2  1  1  1 -2  0 -2  1  3 0 1 0 0 0.01
-2 -4 -4 -4  5 -3 -4 -4  0  3  0 -4  1 -2  1 -3 -2 -3  1  4 0 1 0 0 0.01
 2 -2 -2  0  2 -1  0 -1 -2 -1  1 -2 -1 -2 -2  1  2 -3 -2 -1 0 1 0 0 0.01
-4 -3 -2 -3 -5 -2 -2 -4 10 -5 -5 -3 -4 -3 -4 -3 -4 -4  1 -5 0 1 0 0 0.01
-1 -3 -4 -4 -3 -3 -4 -4 -3 -1  1 -3 -1  7 -1 -3 -3 -1  1 -2 0 1 0 0 0.01
-3 -4 -4 -4 -4 -3 -4 -4 -1 -3 -3 -4 -3  3 -1 -3 -3  0  9 -3 0 1 0 0 0.01
 3 -2 -3 -3  2 -2 -2 -1 -3  1 -1  0  1  0 -2 -1  0 -3 -2  2 0 1 0 0 0.01
-2  1 -2 -2  3 -1 -1 -3 -2  0 -1  5 -2 -3 -2 -1  1 -4 -3 -2 0 1 0 0 0.01
-2  4  0 -2  4  3  3 -3 -2 -4 -3  3 -3 -4 -3 -1 -2 -4 -3 -3 0 1 0 1 0.01
-2 -4 -4 -1 -3 -3 -4 -1 -4  0  4 -4  3 -1 -4 -3 -2 -3 -1  3 0 0 1 0 0.01
-1  0  0 -1 -3 -2  0 -3 -3 -3 -2  0 -1 -2  2  2  5 -4 -3 -2 0 0 1 0 0.01
-1 -2 -3 -2 -3 -1  3 -2 -3 -1  3 -1  2  1 -1 -2 -2  2 -2 -2 1 0 0 0 0.01
 0 -2  1  1 -4  1  5  0 -2 -4 -4  0 -3 -1  0  0  0 -4 -3 -2 1 0 0 1 0.02
-1 -1  0  1 -4  5  4 -3 -2 -1 -3  2 -2 -4 -3 -2 -2 -4 -3 -1 1 0 0 0 0.03
-3 -4 -5 -6 -3 -4 -5 -6 -4  3  5 -5  2  4 -5 -4 -3 -3 -2 -1 1 0 0 0 0.03
-2  0 -2 -2 -3  1  2 -1  3 -1  1  0 -1  0  1 -1  0 -2  2 -1 1 0 0 1 0.04
 2  0 -2  1 -3  0  3 -1  1 -3 -2  0 -2 -3  1 -1  0 -4  0 -1 1 0 0 1 0.04
-2 -4 -4  0 -3 -4 -4 -1 -4  4  2 -4  3 -2 -4 -3 -2 -4 -3  4 1 0 0 0 0.04
-3  1 -2  1 -6  2  6 -4 -2 -5 -5  2  0 -5 -3 -2 -3 -5 -4 -5 1 0 0 0 0.05
 2  3  0 -2 -3  0 -1  1 -2 -1 -2  2 -1 -3 -3  1 -1  4 -2 -2 1 0 0 1 0.07
 0  1  0  0 -3  0 -1  3 -2 -1 -2  1 -2 -3  1  1  0 -4 -3 -2 1 0 0 1 0.07
 4  0  1  1 -3 -1 -2 -2 -3 -2  0 -2  1 -3 -3  1  0 -4 -3 -1 1 0 0 0 0.07
-2 -1  0  0 -3 -2 -2 -3 -3 -1  2 -2  3 -2  3  0  1 -3  0  0 1 0 0 0 0.07
 0  3  0  1 -3  0  1  0  2 -3 -2  1 -2 -3 -2  0  1 -4 -2 -1 1 0 0 1 0.07
 5 -3 -3 -1  1  1 -2  0 -3 -3 -3 -2 -3  0 -3  2  1 -4 -3 -2 0 0 1 0 0.06
-1  3 -1 -1  1  1  1 -3  1 -3 -3  4 -2 -3 -3  1  0 -3  0 -2 0 0 1 1 0.06
 0 -3  1  6 -4 -2  1 -2  4 -1 -4 -2 -4 -4 -3 -2 -3 -5  0 -4 0 0 1 1 0.05
-3 -2  0 -3 -4 -1 -1  0  7 -1 -1 -3 -2  0 -4 -1 -3  6  3 -3 0 1 0 0 0.04
-2  1 -3  0 -5 -4 -4  6 -4 -6 -6 -3 -5 -5 -5 -3 -4  5 -4 -6 0 0 1 1 0.03
 2 -1 -1 -1 -3  0 -1 -1 -3  0  2 -2  3  0 -3 -1 -1 -3  0  0 0 0 1 0 0.02
-3 -2 -2 -1 -4  3  6 -3 -2 -4 -4 -2 -3 -4 -3  2 -2 -4 -4 -4 0 0 1 0 0.02
 1 -1  1 -1 -1 -1 -1 -2 -2  1  0  1  0 -2 -2  1  1 -3 -2  1 0 1 0 0 0.01
 1 -2  1 -2  3  0 -2 -3 -2  1  1 -2  2  1  0 -1  0 -2 -1  0 0 1 0 0 0.01
-1 -3 -1  2  3 -2  1  5 -2 -4 -4 -2 -3 -4 -3  1 -2 -4 -4 -4 0 1 0 0 0.01
-2 -3  0 -3 -2 -3 -3 -4 -2  2  3 -3  2  2 -4 -2  0  5  1  0 0 1 0 0 0.01
-1 -2 -3 -3 -2 -2 -3 -4 -2  3  0  0  0  1 -3  0 -1 -2  3  3 0 1 0 0 0.01
 1  5 -1 -2 -3  0 -1 -3 -1  0 -2  1 -2  1 -3  1 -1 -3 -2 -2 0 1 0 0 0.01
 0 -2 -3 -3  1  1 -2 -3 -3  1  2 -2  0 -1 -3 -2 -1 -3 -2  3 0 0 1 0 0.01
-1 -2 -2 -2 -4  2  2 -3 -2 -4 -4 -1 -3 -4  7  1 -2 -4 -4 -3 0 0 1 0 0.01
-1 -2 -2  1 -2 -1  1 -3 -3  1  3 -2  1 -1 -3 -2  0 -3 -2  2 0 0 1 0 0.01
-2 -2 -2 -3 -3  2 -2 -3  2  2 -1 -2 -1  3 -3 -2 -2  0  5  0 0 0 1 0 0.01
 0 -1  1 -1 -2 -1  1 -2 -2  2 -1  0 -1 -1 -2  0  3 -3 -2  0 0 1 0 0 0.01
-2  0 -3 -2 -3  1  1 -4 -2  0  3 -2  3  0 -3 -1 -1 -2  2 -1 0 0 1 0 0.02
-1  2 -1 -1 -1  2  2 -1  1 -2 -2  2 -1 -2  0  0  0 -2 -1 -1 0 0 1 1 0.02
-2 -1  2  6 -3 -1  0 -2  3 -3 -3  1 -3 -2 -2 -1 -2 -3  1 -3 0 0 1 1 0.02
 0  1  1 -1 -3 -1  1  3  4 -3 -3  0 -2 -3  1  0 -1 -3 -1 -3 0 0 1 1 0.02
-1  0  1  0 -2 -1 -1  0 -1  0  0 -1  0  3 -2 -1 -1 -1  3  1 0 0 1 0 0.01
 0  2 -1 -2 -3  2 -1  4 -1 -3 -3  1 -2 -2 -2 -1 -1 -2  0 -2 0 0 1 1 0.01
-1 -3 -1 -2 -3 -2 -2  6 -3  1 -3 -2 -2 -3  0  0 -2 -3 -3 -2 0 1 0 0 0.01
-2 -3 -3 -3 -2 -3 -3 -3 -3  3  3 -3  1  4 -3 -3 -2 -1  0  0 1 0 0 0 0.01
 1 -2  1 -1 -3  2 -1 -2 -2 -3 -3 -1 -2 -3  6  1 -1 -3 -3 -3 1 0 0 0 0.01
 2  1  1 -1 -2  1 -1 -1  3 -1 -2 -1 -1  0 -2  1  1  3  0 -1 1 0 0 0 0.01
-3 -3 -3 -4 -3 -3 -3 -3 -2 -1 -1 -3 -1  8 -4 -3 -3  0  2 -2 1 0 0 0 0.01
-2 -3 -3 -3 -2 -2 -3 -3 -3  2  4 -3  1  1 -3 -2 -1 -2 -1  2 0 0 1 0 0.01
 1  0  0  0 -1  1  2 -1 -1 -2 -1  0 -1 -2 -1  2  1 -3 -2 -2 0 0 1 0 0.01
-3 -1  6  0 -4  2 -1 -2  6 -4 -4 -1 -3 -4 -3 -1 -2 -4 -1 -4 0 0 1 0 0.01
 2 -2  4 -1  1 -1 -1 -1 -1 -3 -3 -1 -2 -3 -2  3  1 -4 -3 -2 0 0 1 0 0.01
-3 -4 -4 -5 -4 -4 -5 -5 -3 -1  1 -4 -1  8 -5 -4 -3  0  2 -2 0 1 0 0 0.01
 2 -3 -4 -4 -2 -3 -3 -3 -4  4  0 -3  0 -1 -3 -2 -1 -3 -2  3 0 0 1 0 0.01
 0 -3 -1 -2 -3 -2 -3  6 -3 -4 -3 -2 -3  2 -3  1 -2 -3 -2 -3 0 0 1 0 0.01
 1 -2  5  1  3 -1 -1 -1 -1 -3 -3 -1 -2 -4 -2  0  1 -4 -3 -1 0 0 1 0 0.01
 4 -2 -1 -2 -1 -1 -1 -1 -2 -2 -3 -1 -2 -3 -2  3  2 -4 -3 -1 1 0 0 0 0.01
 1  5 -1 -2 -3  0 -1 -3 -1 -3 -1  3 -2 -3 -2 -1 -2  0 -2 -2 1 0 0 0 0.01
-1 -1  0  1  1  2  4 -2  2 -3 -2  1 -2 -1 -2  0 -1 -3 -1 -2 1 0 0 1 0.01
-2 -1 -1  1 -5  8  1 -3  0 -4 -4  0 -2 -5 -3 -2 -2 -4 -3 -3 1 0 0 0 0.01
 1 -3 -4 -5 -2 -3 -4 -4 -4  0  5 -3  2 -1 -4 -3 -2 -3 -2  0 1 0 0 0 0.01
-2 -3 -4 -4 -2 -3 -4 -5 -4  4  4 -3  1  0 -4 -3  0 -3 -2  1 1 0 0 0 0.01
-1 -1  0  0 -3  3  3 -3  4 -1 -2  0  0  1 -2 -1 -1 -3  0  0 1 0 0 1 0.01
 3  1 -2 -2 -2 -1 -2  0 -2 -1  0 -1  1 -2 -2  1  1 -3 -2  1 1 0 0 0 0.01
-2 -3 -5 -5 -2 -3 -4 -5 -4  3  5 -4  2 -1 -4 -3 -2 -3 -2  1 1 0 0 0 0.01
-1  2 -1 -1 -3  2  1 -3 -1  0  0  3  0 -2 -2 -1  1 -3 -2  0 1 0 0 1 0.01
-1  1  1  4 -2  0  3 -2  1 -2 -2  0 -2 -3 -2  1 -1 -4 -3 -1 1 0 0 1 0.02
-2 -1 -3 -2  1 -1  1 -2 -3  1  3  0  1 -1 -3 -2  0 -3 -2  1 0 0 1 1 0.02
-1  0  3  1 -4  0  1  3  2 -4 -4  0 -3 -4  3 -1 -2 -4 -3 -4 0 0 1 1 0.02
-2 -3 -4 -4 -2 -3 -4 -4 -4  4  3 -3  3  0 -4 -3 -2 -3 -2  2 0 0 1 0 0.02
-2 -3 -4 -4 -2 -3 -2 -4 -3  1  4 -2  3  0 -4 -3 -2 -3 -2  2 0 0 1 0 0.02
 0 -1 -1  0 -3  0  2 -2 -2 -3 -3 -1 -2 -4  4  2  2 -4 -3 -2 0 0 1 1 0.03
 1  0 -1 -1 -3  2  3 -2  0 -3 -2  1 -2 -3  4  1 -1 -4 -2 -2 1 0 0 1 0.03
-1  0  2  1 -3  1  3  2 -1 -3 -3 -1  0 -3 -2  1 -1 -4 -3 -1 1 0 0 1 0.03
-1  1  1  1 -3  1  3 -2  3 -2 -3  1 -2 -2 -2  1  0 -3 -2 -2 1 0 0 1 0.04
-1 -3 -4 -4 -2 -3 -4 -4 -3  3  3 -3  2  2 -4 -3 -1 -2 -1  3 1 0 0 0 0.05
 1  0  1 -1 -2  4  0 -1  2 -2 -2  0 -1 -1 -1  1  0 -3 -2 -1 1 0 0 1 0.05
-2  1  1  2 -3  1  3 -2 -1 -3 -2  2 -2 -2 -1 -1  1 -3 -2 -2 1 0 0 1 0.05
 4 -2 -2 -2  1 -2 -2 -1 -2  0 -2 -2 -1 -2 -2  1 -1 -2  1  0 1 0 0 0 0.07
-2 -3 -4 -4 -2 -3 -4 -4 -4  1  4 -3  1  2 -1 -2 -2 -2 -1  2 1 0 0 0 0.07
 1  2  1  1 -3  0  1 -2 -1 -2 -1  3 -1 -3 -2  0  0 -3 -2 -1 1 0 0 1 0.08
 2  0 -1 -1 -2  1  1  0  0 -1  0  1  2 -2 -2  0  1 -3 -2 -1 1 0 0 1 0.09
 3  1  0 -2 -2  0 -1 -1 -2 -3 -3 -1 -2 -3 -2  4  1 -4 -3 -2 1 0 0 0 0.10
-1  1  0  0  3  2  1 -2  1 -1  0  0 -1 -2 -2  1  2 -3 -2 -1 1 0 0 0 0.10
-1  2  2  1 -3  2  3 -2 -1 -3 -3  2 -2 -4  1 -1 -1 -4 -2 -1 1 0 0 1 0.10
-1  0 -2 -2 -3  1 -1 -3 -2  1  2  2  2 -2  4 -1  0 -3 -2 -1 1 0 0 1 0.13
-2  2 -1  1 -3  4  2 -3  3 -2  0  2 -1 -3 -2 -1 -1 -3 -2 -2 1 0 0 1 0.11
 0  3  0  1 -3  0  0 -2 -1 -3 -2  4 -2 -3 -1  0 -1 -3 -2 -2 1 0 0 1 0.11
 0  0 -1 -2 -2  1  0 -2  2 -1  2  2  0 -1 -2 -1 -1 -2 -1 -1 1 0 0 1 0.17
 2 -2 -1 -2 -1 -1 -1 -1 -2 -1  0 -1  2 -2  1  2  2 -3 -2 -1 1 0 0 0 0.25
-1 -2 -2 -3  2 -1 -2 -3  3  1  2  0  0 -1 -3  0 -1 -3 -1  2 1 0 0 0 0.27
-1  0  0  2 -4  3  4 -2  2 -3 -3  1 -2  0 -2 -1 -1 -3 -1 -3 1 0 0 1 0.27
-1  1  0  2 -3  1  0 -2  2 -3 -3  4 -2  1 -2  0 -1 -3 -1 -3 1 0 0 1 0.34
-2 -3 -4 -4  3 -3 -3 -4 -3  1  4 -3  2  0 -3 -3 -1 -2 -2  1 1 0 0 0 0.28
-1 -3 -3 -3  4 -2 -3 -3 -3  2  3 -3  1  0 -3 -1 -1 -2 -2  1 0 0 1 0 0.34
-1 -2  3 -1 -3 -1 -1 -2 -1 -3 -3 -1 -3 -4  7 -1 -1 -4 -3 -3 0 0 1 1 0.46
 2 -1 -1 -1 -1  0 -1 -1 -2 -2 -2  1 -2 -3  4  2  0 -3 -2 -1 0 0 1 1 0.65
 2 -1  0 -1 -1  2  0  0 -1 -2 -2  0 -1 -3 -1  3  1 -3 -2 -1 0 0 1 0 0.76
 1 -1  1  0 -1  0  0  0 -1 -3 -3  0 -2 -3 -1  4  1 -3 -2 -2 0 0 1 1 0.85
 3 -2 -3 -3 -1 -2 -2 -1 -2  0  2 -2  1 -1 -2  0 -1 -2 -2  0 0 0 1 1 0.87
-1 -1  0 -1 -3  0 -1  4  6 -4 -3 -1 -2 -2 -2 -1 -2 -3  0 -3 0 0 1 1 0.90
-1 -1  0 -1 -3  0 -1 -2  6 -3 -3 -1 -2 -2  6 -1 -1 -3  0 -3 0 0 1 1 0.92
 0 -1  1 -1 -2  0  0 -1  6 -3 -3  0 -2 -2 -2  3  0 -3  1 -2 0 0 1 1 0.93
-2  0  1 -1 -3  0  0 -2  8 -3 -3 -1 -2 -1 -2 -1 -2 -3  2 -3 0 0 1 1 0.95
-2  0  1 -1 -3  0  0 -2  7 -3 -3 -1 -2 -1 -2 -1 -2 -2  2 -3 0 0 1 1 0.96
-2  0  1 -1 -3  0  0 -2  7 -3 -3 -1 -2 -1 -2 -1 -2 -2  2 -3 0 0 1 1 0.97
