-3 -3 -4 -5 -3 -2 -4 -5 -3 -1  0 -3 10 -2 -4 -3 -3 -3 -3 -1 0 0 1 1 0.92
-1 -1  1 -2 -3 -1 -2  3 -2 -3 -4  0 -3 -4 -2  3  2 -4 -3 -3 0 0 1 1 0.91
-1  0 -1  1 -3  3  0  0  0 -3 -3 -1 -2 -4 -1  4  1 -4 -3  0 0 0 1 1 0.88
-2 -3  1  6 -5  0  2 -1 -2 -4 -5 -2 -4 -2  1 -2 -1 -5 -4 -4 0 0 1 1 0.83
 1 -2 -1  0  0 -2 -2  0 -2  0 -1 -1 -1  1  0  2  0  1  2 -1 0 0 1 1 0.74
-4 -4 -2 -4 -4 -2 -5 -5 -4  0  1 -4  9  4 -4 -3 -3 -1 -1 -2 1 0 0 0 0.65
-3 -3  1  6 -5 -2  2 -2 -3 -1 -4 -3 -3 -1 -3  0 -2 -6 -3 -3 1 0 0 1 0.41
-2 -4  1  6 -6  1  4 -3 -3 -4 -4 -3 -2 -5 -1 -2 -3 -7 -5 -2 1 0 0 1 0.28
-4 -3  0  3 -5  0 -3 -5 -4  1  2 -4  7 -1 -4 -2 -2 -5 -3 -1 0 0 1 1 0.23
-1 -2  2  4 -5  2  3 -2 -3 -5 -4 -1 -3 -5 -1  2  0 -6 -5 -4 1 0 0 1 0.13
-1  1 -2  3 -6  4  5 -4 -3 -5 -5  0 -4 -6 -2 -2 -3 -6 -5 -4 1 0 0 1 0.06
-1 -5 -5 -4 -4 -4 -3 -6 -1  4  2 -5  0  4 -5 -3 -3 -3  5 -1 1 0 0 0 0.03
-3  2 -3 -5 -3 -1 -4 -5  0  1  4  0  2  0 -5 -3 -1  2  1  0 1 0 0 0 0.02
 1  0 -1  1 -4  5  3  1 -2 -5 -4  1 -3 -5 -3  0 -1 -5 -4 -3 1 0 0 1 0.03
 0 -2 -2  3 -3 -1  1 -2 -3  1  0 -2  2 -2 -3 -1  2 -4  0  1 1 0 0 0 0.02
-7 -7 -8 -8 -7 -8 -8 -8 -5 -5 -4 -8 -5  9 -8 -7 -7 -3  3 -5 1 0 0 0 0.01
-2  0 -5 -6 -2 -3 -5 -5 -2  3  3 -3  0  4 -5 -4 -2 -4  0  2 1 0 0 1 0.01
 1 -2 -2  3 -4  1  4 -3 -2  0 -3 -2 -2 -4 -2  0  1 -5 -4  1 1 0 0 1 0.01
-4 -5 -5  0 -8 -2  8 -7 -5 -8 -7 -4 -7 -8 -6 -4 -5 -7 -7 -7 1 0 0 0 0.01
 5 -4 -3 -4  3 -4 -4 -1 -5 -5 -4 -4 -4 -5 -4  4  1 -6 -5 -2 1 0 0 0 0.01
 0  3  0  1 -4  1  2  1  0 -3 -2  1 -1 -1 -3  0 -1 -2  0 -3 1 0 0 1 0.01
-5 -4 -3  3 -8  0  7 -6 -4 -7 -7 -3 -4 -7 -5 -4 -5 -7 -6 -7 1 0 0 1 0.01
-2 -2  2 -3 -3  1 -3 -1  7  1  3 -2  1 -3 -5 -1 -3 -5  0 -3 1 0 0 0 0.02
-5 -6 -5 -7 -2 -6 -6 -7 -2  3  6 -6 -1 -1 -6 -6 -4 -5 -4  0 1 0 0 0 0.01
 1 -1  0  3 -5  4  4 -2 -2 -4 -4 -2 -4 -6 -4  0 -1 -6 -4 -3 1 0 0 1 0.01
 1  0  1  1 -2  3  2 -1 -2 -2 -2  0 -2 -4 -3  1  2 -4 -3 -1 1 0 0 1 0.02
-1 -5 -6 -6 -2 -5 -6 -6 -6  3  5 -5  6 -1 -6 -4 -3 -5 -4  1 1 0 0 0 0.02
-3 -4  4  3 -6  0  6 -2 -2 -6 -6 -3 -5 -6 -5  0 -3 -6 -4 -3 1 0 0 1 0.02
 0  0  1  2 -4  3  3 -1  1 -3 -3 -1 -3 -5 -2  1  0 -5 -3 -2 1 0 0 1 0.02
 1 -2  2  2  0  2  0  2  1 -3 -1 -1 -1 -3 -3  1 -1 -4 -3 -2 1 0 0 0 0.02
-4 -6 -7 -7 -2 -6 -7 -7 -6  1  6 -6  0  0 -7 -5 -4 -5 -4  0 1 0 0 0 0.02
-3 -3 -5 -6 -4 -4 -5 -6 -6  0  5 -5  2 -3 -6 -4 -3 -5 -4  3 1 0 0 1 0.02
 1  1  1  2 -4  2  3 -2 -2 -2 -2  0 -3 -4 -3 -1  1 -4 -2 -1 1 0 0 0 0.02
-4 -5 -7 -7 -2 -6 -6 -7 -6  0  6 -6  2  0 -5 -5 -4  0 -3 -2 1 0 0 0 0.02
-4 -2 -2  3 -4  1  7 -3 -4 -7 -6 -2 -6 -7 -4 -2 -4 -7 -5 -4 1 0 0 1 0.02
 0  1  2  0 -3  3  1 -2  0 -2 -2  3 -2 -4  0  1 -1 -4 -3 -1 0 0 1 1 0.03
 0  0  4  3 -3 -1  1  1 -1 -4 -4 -1 -3 -4 -3  1  1 -3 -3 -3 0 0 1 1 0.04
 0 -2 -2 -1 -5 -1  0  0 -1 -3 -4 -2 -3 -5  7  0 -2 -6 -4 -2 0 0 1 1 0.04
 0 -2  1  3 -3  0  2  1  0 -3 -4 -1 -3 -4  2  0  0  0 -4 -2 0 0 1 1 0.05
-3 -3  4  7 -6 -3 -1 -3 -3 -6 -6 -3 -6 -7 -4  0 -2 -7 -6 -5 0 0 1 1 0.05
 1  1 -1  0 -3  0  0 -1  0 -1  0  0  1 -2  2  1  0 -3 -2 -1 1 0 0 1 0.05
 0 -3  0  5 -6  0  5 -1 -2 -6 -6 -1 -5 -6 -3 -1 -2 -6 -5 -5 1 0 0 1 0.05
 1 -1 -2 -1 -2  0 -1 -3 -1  2  3 -1  0 -2 -3 -1  1 -4 -2  1 1 0 0 0 0.05
-3 -5 -6 -6 -4 -5 -6 -6 -6  5  4 -5  2 -2 -5 -5 -3 -5 -3  3 1 0 0 0 0.05
-1 -3  7  3 -6  0  0 -1  1 -6 -6 -3 -5 -6 -5 -1 -3 -7 -5 -6 1 0 0 1 0.06
 3  0  0  0 -3  0  3  0 -2 -3 -3  0 -3 -3 -2  1  0 -5 -4 -2 1 0 0 1 0.07
-2 -6 -6 -6 -2 -5 -6 -6 -6  6  1 -5  2 -3 -6 -4 -2 -5 -4  3 1 0 0 0 0.08
-6 -7 -7 -8 -7 -7 -7 -7 -5 -4 -2 -7 -4  9 -8 -7 -6 -3  0 -5 1 0 0 0 0.05
-6  9 -5 -6 -8 -3 -4 -7 -4 -7 -6 -2 -6 -7 -6 -5 -5 -7 -6 -7 1 0 0 1 0.06
 4 -4 -3 -1  0 -2 -1  1 -2 -2 -2 -3 -2 -3 -1  2  0 -5 -3  0 1 0 0 0 0.07
 5 -4 -5 -5 -3 -4 -4 -4 -4  1  0 -4  3  3 -4 -2 -2 -4 -2  2 1 0 0 0 0.06
-6 -5 -4 -6 -8 -4 -5 -7 11 -8 -8 -5 -6 -6 -7 -5 -6 -7 -3 -8 1 0 0 0 0.06
-3 -5 -1 -4 -4 -4 -4 -5 -5 -5 -5 -4 -5 -6 -5  4  7 -6 -5 -4 1 0 0 0 0.06
-4 -5 -6 -6 -4 -5 -6 -7 -6  6  3 -5  0  0 -5 -5 -3 -5 -4  2 1 0 0 0 0.04
-5 -2 -4 -5 -7 -3 -3 -6 -5 -7 -7  8 -5 -7 -5 -4 -5 -7 -6 -6 1 0 0 0 0.03
-3 -6 -4 -5 -6 -6 -6  8 -6 -8 -8 -5 -7 -7 -6 -2 -5 -6 -7 -7 1 0 0 0 0.02
 0 -4  2 -2 -4 -3 -4  4 -4 -4 -3 -3  4 -5 -4  3  1 -5 -4 -2 1 0 0 0 0.02
 5 -4 -4 -4  4 -4 -4  1 -4 -5 -5 -4 -4 -2 -4  4 -3 -5 -5 -3 1 0 0 0 0.02
 4  0 -1 -3 -4 -4 -4  5 -5 -6 -6 -3 -5 -6 -4  0 -3 -6 -5 -5 1 0 0 0 0.02
 0 -4 -4 -5 -3 -4 -4 -4 -4  0  0 -4  5  5 -5 -1  4 -3 -1  0 1 0 0 0 0.01
-3 -5 -6 -6 -4 -5 -6 -6 -5  0  4 -5  6  6 -6 -5 -3 -3 -2  1 0 0 1 0 0.01
-1 -4  1 -1 -6 -1 -1  6 -3 -7 -6 -2 -5 -6 -5 -1 -4 -6 -6 -6 0 0 1 0 0.01
-3 -5 -6 -6 -1 -4 -6 -6 -2 -1  4 -6  0  7 -6 -5 -4 -3  3 -2 0 0 1 0 0.01
 0 -2  2  3 -3  0  2 -1  0 -3 -3  0 -1 -4  1  0  2 -3 -2 -2 1 0 0 1 0.01
 1  2  1  2 -3  0  1 -1  1 -2 -3  1 -2 -2  1  0  0 -4 -2 -1 1 0 0 1 0.01
-2 -5 -6 -6 -4 -5 -5 -5 -5  5  4 -5  5 -2 -4 -5 -3 -5 -4  2 1 0 0 0 0.01
 2 -2 -1 -3 -3  1  2 -2 -2 -1 -3 -1 -2 -4 -3  2  1 -5 -3  2 1 0 0 0 0.02
 1  1  1  2 -3  1  3 -1  1 -3 -4  1 -3 -4 -3  1  0 -3 -3 -3 1 0 0 1 0.02
-3 -4 -5 -6  1 -4 -5 -6 -5  0  4 -5  0  5 -5 -4  1 -1 -1  2 1 0 0 0 0.02
 4 -4 -3 -4  5 -4 -4 -2 -5 -3 -4 -4 -3 -5 -4  0  5 -6 -5 -1 1 0 0 0 0.03
-6 -5 -4 -3 -8 -4 -5 -7 11 -8 -7 -5 -6 -6 -7 -5 -6 -7 -3 -8 1 0 0 1 0.02
 1  2 -1  0 -3  1  1 -1  2  0 -1  1 -1 -3 -2  0  0 -4 -2  1 1 0 0 0 0.02
 2 -4 -4 -5 -1 -4 -4 -1 -4  1  2 -4  6  1 -4 -2 -1 -4 -2  2 1 0 0 0 0.03
-5 -4 -4 -2 -8 -2  8 -6 -4 -7 -7 -3 -6 -7 -5 -4 -5 -7 -6 -7 1 0 0 0 0.03
-3 -4  6  5 -5 -3 -2 -3 -2 -5 -6 -3 -5 -5 -4  1  3 -6 -4 -5 1 0 0 1 0.05
 0 -4 -5 -6 -1 -4 -4 -5 -5  2  4 -5  0 -1 -5 -3 -2 -4 -1  4 1 0 0 0 0.05
-5 -5 -6 -7 -5 -5 -6 -7 -5  0  5 -6  2  5 -6 -5 -4 -2 -2 -1 1 0 0 0 0.05
-3 -4  1  7 -6  0  0  1 -2 -6 -6 -1 -4 -6 -4  0 -3 -7 -6 -4 1 0 0 0 0.03
 1  3 -1 -1  0  0  1 -1 -1  0  1  2  0 -3 -3 -1 -2 -4 -2 -1 1 0 0 0 0.03
 0 -5 -5 -5 -2 -4 -5 -5 -5  3  3 -4  2  1 -5 -3 -2 -1 -2  4 1 0 0 0 0.04
-5  8 -3 -5 -3 -2 -4 -6 -4 -7 -6  0 -5 -7 -6 -5 -5 -7 -6 -7 1 0 0 1 0.03
-1  0  4  3 -3  1  1 -2  0 -5 -4  1 -4 -5 -3  1  0 -5 -3 -4 0 0 1 1 0.03
-2 -1  1 -1 -4 -1 -1  6  3 -6 -6 -2 -4 -5 -5 -2 -3 -5 -3 -5 0 0 1 1 0.03
-1  2  0  0 -3  2  4 -1 -1 -4 -3  3 -2 -4 -2  0 -1 -3 -3 -3 0 0 1 1 0.03
-2  2 -4 -4 -3 -2 -3 -4 -3  3  3 -2  3 -1 -4 -3 -2 -2 -2  2 0 0 1 0 0.02
 1  0 -1  0 -3  2  1 -2  0 -1 -3  2 -2 -3  3  1  1 -4 -2 -1 0 0 1 1 0.02
 0 -4 -5 -5 -3 -4 -5 -5 -4  2  2 -4  2  0  1 -3 -2 -3 -2  5 0 0 1 0 0.02
-3 -2  2  4 -3 -2 -1 -3 -3 -4 -5 -3 -4 -5 -2  2  5 -6 -5 -4 0 0 1 1 0.01
 1  1 -2  0 -4  1  0  0 -2 -4 -3  0 -3 -5  4  2  0 -5 -4 -3 1 0 0 1 0.01
 0 -1  0  3 -4  1  4 -1  0 -5 -4  0 -2 -3  0  0 -1 -5 -3 -3 1 0 0 1 0.01
-1 -2 -4 -3 -2 -3 -4 -3  0  3  4 -3  3 -2 -4 -2 -1 -3 -3  2 1 0 0 0 0.01
-1 -4 -4 -5 -2 -3 -2 -4 -5  4  0 -4  5 -1 -5 -3  0 -5 -4  4 1 0 0 0 0.01
-1 -2  2  7 -6 -2  0 -3 -4 -6 -6 -2 -5 -6 -4  1  1 -7 -6 -5 1 0 0 1 0.01
 0 -3 -4 -4 -1 -4 -4 -3 -2  2  4 -4  0 -2 -4 -2  1 -4 -2  3 1 0 0 0 0.01
-2 -5 -6 -6 -2 -5 -5 -5 -5  3  4 -5  3  3 -5 -3 -1 -4 -3  2 1 0 0 0 0.01
-5 -5 -7 -6 -5 -4 -6 -7 -4 -2  6 -6  0  5 -7 -6 -5 -4 -2 -2 1 0 0 0 0.01
 1  2 -1  0 -3  2  4 -2 -1 -4 -2  2 -2 -3 -3  0 -1 -5 -3 -3 1 0 0 1 0.01
 4 -5 -4 -4  6 -4 -4  1 -5 -2 -3 -4 -1 -3 -4  2  1 -5 -5 -1 1 0 0 0 0.01
 0  0 -2 -4  1 -2 -3 -1 -2  1  2  0  0  0 -3 -1  0 -4 -1  2 1 0 0 0 0.01
-5 -6 -3  9 -8 -4 -2 -5 -6 -8 -8 -5 -8 -8 -6 -4 -6 -9 -8 -8 1 0 0 1 0.01
 1  1 -2 -2  1  0 -1 -2  4  0  0 -1  0 -1 -3 -1  1 -4  0  1 1 0 0 0 0.01
-3 -6 -6 -6 -4 -5 -6 -7 -6  5  5 -6  3 -2 -6 -4 -2 -5 -4  2 1 0 0 0 0.01
 0  4  1 -2 -3  2  2 -1  0 -4 -3  3 -3 -4 -4  0 -1 -2 -3 -3 1 0 0 0 0.01
 2  0  0  2 -3  1  2  0  0 -2 -2  0 -1 -3 -3  1  0 -4 -2 -1 1 0 0 1 0.01
-3 -4 -6 -6 -3  1 -4 -5 -2  1  4 -5  7 -2 -6 -4 -3  1 -1 -2 1 0 0 0 0.01
-2 -4 -6 -6 -2 -4 -5 -6 -5  3  4 -3  0  2 -5 -5 -2 -4 -3  4 1 0 0 0 0.02
 1 -1  1  4 -4  1  3  0 -1 -4 -4 -1 -2 -4 -3  0 -2 -5 -4 -3 1 0 0 1 0.03
 2  0  1  2 -2  2  2 -1  1 -3 -2  0 -2 -3 -3  1 -1 -4 -2 -2 1 0 0 1 0.04
 0 -3 -4 -4 -2 -3 -3 -3  1  4  2 -3 -1 -1 -1 -2 -1 -4  1  3 1 0 0 0 0.07
 2  2 -2  0 -2  2  3 -2 -1 -2 -3  1 -2 -4 -2  0 -1 -4 -3 -1 1 0 0 0 0.12
 2  1  1  2 -2  1  2  1 -1 -3 -3 -1 -2 -3 -2  1  0 -4 -3 -2 1 0 0 1 0.23
 0 -2  1  0 -3 -1  0  4  0 -4 -3 -2 -3 -4  0  1  2 -4 -3 -3 1 0 0 1 0.27
-1  1  1  1 -2  2  2  3 -1 -3 -2  0 -3 -2 -2  0 -1 -4 -3 -2 0 0 1 1 0.34
 1  0  0  1 -2  0  1  2 -1 -2 -2 -1 -2 -3  1  0  1 -3 -3 -2 0 0 1 1 0.46
-1 -2 -1  4 -3  0  4 -1 -2 -2 -1 -2 -2 -3  0  0 -2 -4 -3 -2 0 0 1 1 0.48
 0 -1 -2 -1 -3  0  0  0 -2  0  0 -1 -1 -2  4 -1  0 -3 -2  1 0 0 1 0 0.44
 0 -2 -1  4 -3  0  3 -2 -2 -1 -2 -1 -2 -3  2  0 -1 -4 -1 -2 0 0 1 1 0.37
 1 -1  0  1 -3  1  2  1 -1 -2 -2 -1 -1 -3  2  0  0 -1 -2 -1 0 0 1 0 0.30
 1 -1 -1  2 -2  0  1 -2 -2  0 -2 -1 -2 -3  2  1  1 -4 -3  1 1 0 0 1 0.26
 2 -1  0  4 -3 -1  1  0  0 -1 -2 -1 -3 -3  0  0  0 -2 -2 -1 1 0 0 1 0.17
 0 -1  0  1  0 -1  0  0 -1  1  0 -1 -1 -1  1  1  1 -3  0  1 1 0 0 0 0.10
 1 -1 -1  3 -4  2  4 -2 -1 -2 -3  0 -3 -3 -1  1 -1 -5 -3 -2 1 0 0 1 0.06
 2  0 -1  2 -3  1  1  0  0 -2 -2 -1 -2 -3  1  0 -1 -4 -1 -1 1 0 0 1 0.04
-2 -3 -4 -2 -1 -3 -3 -5 -4  4  4 -3  2 -1 -5 -3  0 -5 -2  2 1 0 0 0 0.04
-1 -2 -4 -4  2 -3 -3 -3 -3  4  2 -1  1  0 -4 -2 -1 -3 -3  3 1 0 0 0 0.03
 2 -1  0  2 -4  1  3 -1 -1 -4 -3  0 -3 -5 -3  0 -1 -3 -4 -2 1 0 0 1 0.03
 2  3 -2  0 -5  3  3 -2 -1 -4 -3  2 -3 -5 -4  0  0 -4 -4 -3 1 0 0 1 0.05
-4 -6 -7 -8 -4 -6 -7 -7 -4  3  6 -7  1 -1 -6 -5 -4 -6 -4 -1 1 0 0 0 0.06
-1  4  1  0 -2  2  3 -4  1 -2 -3  3 -1 -4 -4  0 -1 -5 -3 -2 1 0 0 1 0.05
 4  0 -1  0 -4  2  1 -1 -1 -4 -4 -1 -3 -5 -2  2 -1 -5 -4 -3 1 0 0 1 0.05
 1  0 -2 -3 -2 -1 -1 -3  1  1  1  0  1  2 -2 -1 -1  0  3  0 1 0 0 0 0.07
 0 -5 -5 -3 -2 -2 -3 -4 -5  2  5 -4  1 -2 -3 -3 -2 -3 -2  2 1 0 0 0 0.11
 2 -1  0  1 -4  2  3  1 -1 -5 -4  0 -4 -5  1  1 -1 -5 -4 -3 1 0 0 1 0.22
 0  2 -2 -1 -5  2  2  4 -1 -4 -4  0 -2 -5  2 -1 -2 -5 -4 -4 1 0 0 1 0.43
 0 -1 -1 -1  0 -1  0  1 -2  0  1 -1 -1 -2  1  1  0 -1 -2  0 1 0 0 0 0.59
 3 -2 -2 -2 -3 -1  0  0 -2 -3 -3  0 -2 -2 -2  3  2 -5 -2  0 0 0 1 1 0.77
 0  0 -1  1 -4  3  2  2 -2 -3 -3  1 -2 -3  2  0  0 -5 -4 -2 0 0 1 1 0.85
 1 -1  0  0 -4  1  2  0  0 -4 -5  0 -4 -5  4  2 -1 -3 -4 -4 0 0 1 1 0.82
 1 -2  2  2 -4  1  1  3  0 -4 -4 -1 -1 -5 -2  1  0 -5 -4 -4 0 0 1 1 0.88
-2 -3  1 -1 -5  2  3 -2  3 -5 -5  0 -3 -6  6 -1 -2 -6 -3 -4 0 0 1 1 0.94
-1 -2  2  4 -5  2  3 -3  2 -5 -5 -1 -4 -5 -2  0  0 -5 -4 -3 0 0 1 1 0.95
 0 -1 -1 -2 -4  2  4 -4  5 -3 -3 -1 -1 -3 -3 -1 -1 -4  1  1 0 0 1 1 0.96
-3 -2  1 -1 -5  2  6 -2  6 -5 -5 -1 -4 -4 -3 -2 -3 -4  0 -5 0 0 1 1 0.97
-2 -1  0 -2 -4  2 -1 -3  9 -4 -4 -1 -2 -2 -3 -2 -2 -3  1 -4 0 0 1 1 0.97
