-1 -1 -2 -3 -1  0 -2 -3 -2  1  2 -1  5  0 -2 -1 -1 -1 -1  1 0 0 1 1 0.97
 0 -2  0 -1 -3 -2 -2  6 -2 -4 -4 -2 -3 -3 -2  0 -2 -3 -3 -3 0 0 1 1 0.98
 1 -1  1  0 -1  0  0  0 -1 -3 -3  0 -2 -3 -1  4  1 -3 -2 -2 0 0 1 1 0.98
 1 -1  1  0 -1  0  0  0 -1 -3 -3  0 -2 -3 -1  4  1 -3 -2 -2 0 0 1 1 0.98
-1  0  0  1 -4  1  4 -2  6 -3 -3  0 -2 -2 -2 -1 -1 -3  0 -3 0 0 1 1 0.98
-1 -1  0 -1 -3 -1 -1  4  6 -4 -3 -1 -2 -2 -2 -1 -2 -3  0 -3 0 0 1 1 0.98
-2 -1 -1 -2 -3  0 -1 -3  6 -2 -2 -1 -1  2 -3 -1 -2  1  5 -2 0 0 1 0 0.98
-1 -1 -1 -2 -2 -1 -1 -3  6  1 -1 -1  0 -1 -2 -1 -1 -3  1  2 0 0 1 0 0.99
-2  4  0 -1 -3  1  0 -2  6 -3 -3  1 -2 -2 -2 -1 -2 -3  0 -3 0 0 1 0 0.99
-1  1  0 -1 -3  1  0 -2  6 -3 -3  3 -2 -2 -2 -1 -1 -3  0 -3 0 0 1 0 0.98
 0 -1  1  4 -2  0  1 -1 -1 -3 -3  0 -2 -3 -1  3  0 -4 -2 -2 0 0 1 0 0.96
 1 -1  1  0 -1  0  0  0 -1 -3 -3  0 -2 -3 -1  4  1 -3 -2 -2 0 0 1 0 0.92
 0 -2  0 -1 -3 -2 -2  6 -2 -4 -4 -2 -3 -3 -2  0 -2 -3 -3 -3 0 0 1 0 0.88
-1 -3 -4 -4 -1 -3 -3 -4 -3  3  3 -3  2  0 -3 -3 -1 -2 -1  2 0 0 1 0 0.85
 0 -3 -3 -3 -1 -2 -3 -3 -3  3  1 -2  1 -1 -3 -2  0 -3 -1  4 0 0 1 0 0.82
-1 -2 -2 -2 -3  1 -1 -3 -2 -3 -3 -1 -3 -4  8 -1 -1 -4 -3 -3 0 0 1 0 0.71
 0  3 -1  0 -3  1  3  1 -1 -3 -3  1 -2 -3 -2  0 -1 -3 -2 -3 0 0 1 1 0.53
 1 -3 -1 -2 -2 -2 -2  5 -2 -2 -3 -2 -2 -3 -2  1 -1 -3 -3 -1 0 0 1 0 0.44
 2 -2  0 -1 -1 -1 -1  2 -2 -2 -2 -1 -2 -3 -1  3  3 -3 -2 -1 0 0 1 1 0.27
-1 -2  1 -1 -3 -1 -2  3  3 -3 -3 -1 -3 -1  4 -1 -2 -2  2 -3 0 0 1 1 0.15
-2 -4 -4 -5 -4 -3 -4 -2 -4 -1  1 -4  9 -2 -5 -4 -3 -4 -3 -2 0 0 1 1 0.08
 3  1 -1 -2 -2 -1 -1 -1 -2 -3 -3  0  0 -3 -2  4 -1 -3 -3 -2 0 0 1 0 0.04
-4 -4 -6 -6 -3 -4 -5 -6 -5  2  6 -5  0 -1 -5 -5 -3 -4 -3 -1 0 1 0 0 0.03
-1  1 -2 -2  2  0 -1 -3 -3  1  0 -1  0 -1 -3  1  3 -3 -1  2 0 1 0 0 0.02
-2 -5 -5 -6  3 -5 -5 -5 -5  1  1 -5 -1 -3 -5 -4 -2 -5 -3  6 0 1 0 0 0.02
-1  2  0 -1  2 -1 -2 -2  3  2  0  0  0 -2 -3 -1  1 -3 -2  1 0 1 0 0 0.01
-1 -4 -4 -4 -2 -3 -4 -4 -4  3  3 -4  0 -2 -4 -3 -2 -4 -3  4 0 1 0 0 0.01
-2  2  2 -2 -4  3  1 -3  4 -2 -1  3 -2 -2 -3 -1 -1 -3 -2 -1 0 1 0 1 0.01
-1  4  0 -1  2  0  2 -1 -1 -3 -3  1 -2 -3 -2  2  1 -3  0 -3 0 1 0 1 0.01
 4 -3 -3 -4  2 -3 -3  0 -3  1  1 -3 -1  3 -3 -1 -2 -3 -2  1 0 1 0 0 0.02
-1  2  0  0 -3  3  1 -1  1 -2 -3  2 -2 -2 -2  2  2 -4 -3 -2 0 1 0 1 0.02
-1 -3  4  3 -4 -2  1  4  0 -2 -1 -2 -3 -4 -3 -1 -2 -4 -4 -2 0 0 1 1 0.03
-2 -4 -4 -2 -3 -3 -4 -5 -4  1  5 -4  1 -1  2 -3  0 -4 -3  1 0 0 1 0 0.03
-2  2 -2 -2 -4 -1  2 -2  0 -4 -3  3 -3 -5  5 -2  0 -5 -4 -2 0 0 1 1 0.04
-2 -3  2 -3  1 -3 -3  6 -3 -5 -5 -2 -4 -4 -1 -1 -1 -4 -1 -4 0 0 1 1 0.05
-2  4  0 -3 -4  0 -1 -3  3 -4 -4  5 -3 -5 -3  0  1 -5 -3 -4 0 0 1 1 0.06
 1 -1 -1 -3 -2 -2 -2  2  5 -3 -4 -2 -3 -3  1  3 -1 -4  0 -2 0 1 0 0 0.05
-2 -3  4  6 -5 -2  2 -3 -3 -5 -5 -2 -5 -5 -4 -1 -3 -6 -5 -3 0 1 0 0 0.06
-1  5 -3 -3 -5 -2 -3 -4 -3 -4 -2  0 -4 -5  6 -3 -3 -5 -4 -4 0 1 0 0 0.06
-2 -1 -2 -3 -3  1 -2 -4  3  2  1  0  0  3 -3 -2 -2 -1  4  1 0 1 0 0 0.06
 3 -3 -3 -4  3 -3 -3 -1 -4  0 -1 -3 -1 -1  0 -2 -1 -4 -3  4 0 1 0 0 0.07
-1  4 -2 -2 -4  0  1 -3 -2 -3 -2  4 -2 -3 -3  1  0 -4 -1 -1 0 1 0 0 0.06
-1 -3 -4 -4 -2 -3 -4 -2 -4  3  3 -2  0  0  0 -3 -2 -3 -2  3 0 1 0 0 0.06
-1  1  1  0  0  1  0 -3 -2  1  0 -1 -1 -1 -2  1  3 -3 -2  0 0 1 0 0 0.06
-4 -4 -4 -5 -4 -4 -4 -5 -3 -1  0 -2  0  8 -5 -2 -4 -1  2 -2 0 1 0 0 0.09
-1  7 -2 -1 -5  1 -2 -1 -2 -4 -3  2 -3 -4 -4 -2 -3 -4 -4 -4 0 0 1 1 0.07
-1 -2 -1  1 -4 -3  0  6 -3 -5 -5  0 -4 -5 -4 -1 -3 -4 -5 -5 0 0 1 1 0.09
 0  1 -2  0 -3  1  3 -3 -1  0  0  0 -1  2 -1  0 -1 -3 -1  1 0 1 0 1 0.10
-1  1 -1 -1 -3  0  2 -3 -2 -3 -3  3 -2 -3  1  1  3 -4  0 -2 0 1 0 1 0.08
 0  2 -2 -2 -4  3  0 -3  4 -2 -2  4 -2  1 -3 -2 -2 -3  0 -3 0 1 0 1 0.09
-1  2  0 -3 -4  1 -1 -3  0 -4 -2  5 -1 -1 -1  0 -1 -3  2 -3 0 1 0 1 0.07
-2 -3 -2 -3 -3  0 -3 -2 -4 -3 -4 -3 -3 -4 -1  3  6 -5 -4 -3 0 0 1 0 0.08
-1  4 -1 -2 -4  1  1 -1  1 -4 -4  5 -3 -4  0 -1  0 -4 -1 -4 0 0 1 1 0.07
 0  0 -1 -3  0 -1 -2 -1  2  1  0  1  0 -2 -2 -1  0 -3  0  3 0 0 1 1 0.07
-1 -3 -4 -4 -2 -3 -4 -4 -4  5  2 -2  1  0 -4 -2 -2 -3  1  3 0 1 0 1 0.06
-1  0 -1  1 -3  2  2 -2 -2 -3 -2  4 -2 -1  0 -1 -1 -3 -2 -3 0 1 0 1 0.04
-2  1  4  0 -3  0  0 -1  3 -3 -3  3 -2 -3 -2  1  0 -3 -2 -2 0 1 0 1 0.04
 0 -2  3 -1  7 -2  1 -1 -2 -1 -2 -1 -2 -3 -3  1  1 -4 -3 -2 0 1 0 0 0.03
-1  3 -2 -1 -3  0  2  1  1 -2  1  0 -1 -1  0 -1 -2 -3 -2  0 0 0 1 1 0.02
-1  0  5  5 -4  0  1 -1 -1 -4 -5 -1 -4 -4 -2  0 -2 -5 -4 -4 0 0 1 1 0.02
-2 -3 -3 -2 -4 -2  2 -4  0 -2 -1 -2 -3 -3  6  0 -2 -4 -1  0 0 0 1 1 0.01
 3  3 -3 -3  1 -2 -2 -3 -3  1 -1 -1 -1 -2 -1 -1  0 -3 -2  3 0 1 0 0 0.01
-1 -1 -1  2 -1 -1  0 -1  0  1  1 -1  0  0  0  0  0  0  1  0 0 1 0 1 0.01
-5 -5 -6 -7 -5 -5 -6 -6 -5  0 -1 -6 -3  5 -6 -5 -4 11  1  1 0 1 0 0 0.01
-2 -2  5  4 -5 -1  2  2 -2 -5 -4 -1 -4 -5 -4 -1 -2 -5 -4 -3 0 1 0 1 0.01
-3 -1 -2  1 -5  3  6 -4  0 -5 -5 -1 -4 -5 -3 -2 -2  1 -4 -5 0 1 0 0 0.01
-1 -1 -1  0 -3  0  2  0  0  0  0 -1 -1 -2 -2  1  1 -3 -2  1 0 1 0 1 0.01
-1 -5 -5 -6 -4 -5 -5 -5 -4  0  1 -5 -1  8 -6 -4 -4 -2  2 -2 0 1 0 0 0.01
-2  3 -2  1 -4  3  4 -2 -1 -2 -3 -1 -3 -3 -3  1  1 -4 -3 -2 0 1 0 1 0.01
-3 -5 -6 -7 -5 -5 -6 -6  2 -4 -4 -6 -4  6 -6 -5 -5 11  1 -5 0 1 0 0 0.01
-1 -3  1  3 -4 -1 -1 -3 -3 -3 -1 -2  0 -4  6 -2  1 -5 -4 -1 0 1 0 1 0.01
-3 -3 -3 -4  2 -3 -1 -5  4  1  4 -3  0  0 -4 -3 -2 -3 -2  2 0 1 0 0 0.01
 2 -1 -2  0 -3 -1  2  3 -2 -3 -3  1 -3 -2 -3  1 -2 -3  2 -1 0 0 1 1 0.01
-1  2 -1 -1 -3  0  2  2  1 -3 -2  0 -2 -3 -2  1 -1 -3 -2 -2 0 0 1 1 0.01
 1 -2  0 -2  0 -1 -1 -2 -3 -2 -3  0 -3 -4  6  0  0 -4 -1 -1 0 0 1 1 0.01
-1 -4 -4 -2 -3 -3 -3 -4 -4  1  3 -3 -1 -2  6 -3 -2 -4 -3  1 0 0 1 0 0.01
-2 -1 -1  5 -3  0  1 -2 -2  1  1 -2  1 -3 -2 -1 -1 -4 -3  0 0 0 1 1 0.01
 1  1  2  2 -3  1  1 -1 -1 -2 -3 -1 -1 -2  1  1  0 -3 -2 -1 0 0 1 1 0.01
 0  1  2  3 -3  0  0  2  0 -3 -4  0 -3 -4 -2  2  2 -4 -3 -2 0 0 1 1 0.01
-1 -2 -1  4 -5  0  5 -3 -2 -5 -5  1 -4 -5 -3  1 -2 -5 -4 -4 0 0 1 0 0.01
-1  1 -2 -2  2 -1  1 -3 -2  0  0  0  2  1 -3  0  0  0  0  2 0 1 0 1 0.01
-3 -4 -5 -5 -3 -4 -5 -5 -2  3  5 -4  0 -2 -5 -4 -3 -4 -3  1 0 1 0 0 0.01
-1  0 -1  0  2  1  2 -3  5 -1 -1 -1 -2 -3 -3  0  0 -4 -1  0 0 1 0 0 0.01
-2 -4 -5 -5  1 -4 -5 -5 -5  4  1 -4 -1 -1 -4 -3  0 -4 -3  5 0 1 0 0 0.01
-1  0 -1  0  2  3  3 -1 -2 -1 -3  0 -2 -4 -2  1 -1 -4 -3  1 0 1 0 0 0.01
-1 -5 -5 -6 -3 -4 -5 -5 -5  2  1 -5  0 -3 -5 -4 -2 -5 -3  6 0 1 0 0 0.01
-2 -1 -3 -4  2 -1 -3 -4 -2  2  1  2  1  1 -4 -3 -2 -2  5  1 0 1 0 0 0.01
-2 -2  4  4 -4  1  0 -3 -2 -3 -3 -1 -2 -4 -3  3  0 -5 -4 -1 0 1 0 1 0.01
-2  2 -2 -3  4  0  1 -3  4 -3 -3  1  0  0 -3  0 -1  3  3 -2 0 1 0 1 0.01
-1  1  3  0 -3  0  3  1 -2 -4 -3 -1 -3 -4 -1  2  0 -4 -3 -3 0 0 1 1 0.02
-2  3  0 -1 -1  0 -1 -2  1 -2 -2  4 -1 -3 -1  1  1 -4 -3 -1 0 0 1 1 0.02
-2 -3 -2 -4 -2 -3 -3 -2 -1  3  2 -3  2  1  1 -2 -2 -2  2  3 0 0 1 1 0.02
-3 -1 -3 -3 -4 -1  0  2  4 -2  0 -2 -2  5 -2 -3 -3 -2  0  0 0 0 1 1 0.03
-1  2  0 -2  3  1 -1  0 -1 -4 -4  2 -3 -4  2  3  0 -4 -3 -3 0 0 1 1 0.03
-2 -2  4  2 -4 -1  0  1  2 -4 -4  1 -3  0  1  0  0  4 -2 -3 0 0 1 1 0.03
 0  3 -1  0 -3  0  1  1 -2 -1 -3  2 -2 -3 -2  1 -1  3 -2 -2 0 1 0 1 0.03
-1 -2  0 -2 -2 -2 -2 -3  1  1  2 -2  0  1  0  0  1 -2 -1  2 0 1 0 1 0.02
 0 -2 -3 -4 -2 -2 -3 -3  1  2  3 -2  3 -1 -3 -2 -1 -3 -1  1 0 1 0 0 0.02
 2 -3 -1 -2 -3 -2 -3  6 -3 -4 -4 -2 -3 -4 -3 -1 -2 -3 -4 -3 0 1 0 0 0.02
-1  2 -2 -2  0  0  1 -3  0 -2 -2  1 -2 -1 -3  1  3 -2  3 -1 0 1 0 0 0.01
 1 -3 -3 -4  2 -3 -3 -2 -2  0  1 -3 -1  3 -3 -1  1 -2  3  2 0 1 0 0 0.01
-2  3 -1  1  2  0  0 -1 -2 -1 -2  2 -2 -3 -3 -1  1 -4 -3  2 0 1 0 1 0.01
-3 -4 -5 -5 -3 -4 -5 -5 -5  5  2 -4  5  0 -5 -4 -2 -4 -3  3 0 1 0 0 0.01
 0 -3  2 -2 -3  0 -2 -1 -3 -2 -1 -2  0 -3  4  3 -1 -4 -3  2 0 1 0 1 0.01
-2 -4 -6 -6 -3 -4 -5 -6 -5  0  6 -5  4 -2 -5 -4 -3 -4 -3  0 0 0 1 0 0.01
-1  3 -2  0 -4  5 -1 -1  1 -4 -4  1 -3 -4 -3  1 -1 -4 -1 -2 1 0 0 1 0.01
-1  0 -1  4 -1  3  2 -3  2 -2 -4  2 -3 -4 -3  0 -1 -5 -3 -4 1 0 0 1 0.01
-2 -4 -5 -5 -3 -4 -5 -5 -5  1  4 -4 -1 -2 -5 -4 -2 -4 -3  5 1 0 0 0 0.01
 1 -3 -2 -3  0  0 -2 -3 -3  3  1 -1  2 -1 -3 -2 -1 -3 -2  4 1 0 0 1 0.02
 1  1  2 -1 -3  0  2 -1  1 -3 -3  1 -3 -3 -3  2  0 -4 -1 -2 1 0 0 1 0.02
 0 -1  3  2 -3 -1  3  0 -2 -3 -3  0 -3 -4 -1  1  1 -4 -3 -1 1 0 0 1 0.03
-2  1  0 -1 -4  1 -1  5 -3 -5 -5  1 -4 -5  3 -1 -3 -5 -4 -4 0 0 1 1 0.03
-1  4  1 -1 -4  1  0 -1  5 -4 -4  0 -2 -3 -3  2 -1 -4 -2 -4 0 1 0 1 0.03
-1 -1 -4 -2 -1 -3 -4 -4 -4  2  4 -3  2 -1 -4 -3  0 -3  0  2 0 1 0 0 0.03
-1  0  3  0 -3  1  1 -2  0 -1 -2 -1 -1 -2 -1  3  1  1 -2 -1 0 1 0 1 0.04
-1 -2 -3 -2  0 -1  0 -1 -3  2  3 -1  0  0 -2 -2 -1 -3 -2  2 0 1 0 0 0.05
-1  3  1  0  0  0  0 -2 -2 -1 -2  2 -2 -4 -2  0  2 -4 -3 -1 0 1 0 1 0.06
-1 -3 -1  3 -3 -1  2 -1 -1 -1  0 -2 -2  1 -3 -1 -1 -3  2  1 0 1 0 1 0.07
 0  0  0 -2 -3  0 -2  0  4 -3 -3  0 -3 -3  4  2  2 -4 -2 -3 0 1 0 1 0.07
-4 -4 -5 -5 -3 -1 -5 -5 -5  0  6 -4  0  0 -5 -4 -3 -4 -3 -1 0 1 0 0 0.08
-1 -3  0 -3 -2 -2 -3 -4 -3  3  2 -1  1 -2 -3 -1  1 -3 -2  3 0 1 0 1 0.08
-4 -4  3  7 -6 -3 -1 -2 -3 -6 -6 -3 -5 -6 -4 -2 -1 -7 -5 -6 0 0 1 1 0.09
 0  0  0  1 -3 -1  3 -1 -2 -1 -1  0  0 -3  0  2  1 -4 -3 -2 0 0 1 1 0.10
-3  0  6 -2 -4  0 -2 -3  0 -5 -5  4 -4 -5 -3  2 -1 -5 -4 -4 0 0 1 1 0.10
-2  0  5  1 -4  1 -2  2  2 -4  0  1 -3 -4 -3  0 -2 -4 -2 -4 0 0 1 1 0.10
-1  3  0  0 -1  3 -1  1  1 -3 -3  2  0 -4 -3  0  1 -4 -3 -3 0 0 1 1 0.08
 1 -1  0  0 -2  0 -1 -1 -2  1 -1 -1 -1 -3  4  0 -1 -3 -3  1 0 1 0 1 0.07
-2 -3  0 -1 -2 -2 -2 -3 -3  4  1 -2  0 -1 -3  0  3 -3 -2  1 0 1 0 0 0.05
 0  0 -1  0 -3  1  0  3  1 -3 -3  1 -1 -4  2  0 -1 -4 -3 -3 0 1 0 1 0.04
 3 -3 -3 -3 -2 -3 -3  1 -4  3 -2 -3  0 -3 -3  0  1 -4 -3  1 0 1 0 0 0.03
-1 -2 -1  0  0  3  2 -2 -1 -2 -2 -1 -2 -1 -3  2  3 -3  2 -1 0 1 0 0 0.02
-3 -1 -5 -5 -3 -4 -5 -6 -5  6  2 -4 -1 -2 -3 -4 -3 -5 -3  3 0 1 0 0 0.01
-1  0  2  1  2  2  3 -3 -2 -3 -3 -1 -3 -2 -3  2  0  2 -3 -2 0 1 0 0 0.01
-3 -4 -5 -5 -3 -4 -5 -5 -4  1  5 -4  3  4 -5 -4 -3  1 -1  1 0 1 0 0 0.01
-2  1 -1  3 -4  3  4 -3 -1 -3 -1  0 -1 -4 -3  0 -1 -4 -3 -1 0 1 0 0 0.01
-3 -4 -5 -5  1 -4 -5 -5 -5  4  3 -4  1 -2 -4 -4 -2  4 -3  4 0 1 0 0 0.02
 0  4 -1 -1  0  1  1  0 -2 -3 -2  2 -2 -1 -3  1  0 -3 -1 -2 0 1 0 1 0.02
-4 -4 -5 -6 -5 -1 -5 -6  1 -4 -4 -4 -4  1 -6 -4 -4  5  9 -4 0 1 0 0 0.02
-2  2  0  0 -4  5  1 -3  1  0 -2  0 -2 -4 -3  0  1 -4 -3 -1 0 1 0 0 0.04
 2 -3 -3 -2 -4 -2 -1 -2 -3 -4 -3 -1 -1 -5  6  2 -1 -5 -4 -3 0 1 0 0 0.07
-1 -4 -4 -4 -4 -3 -3 -4 -4 -3  0 -3  1 -5  7 -1  1 -5 -4 -3 0 0 1 1 0.20
-1 -2  1  5 -4  1  4 -3 -2 -3 -4 -1 -3 -5  3 -1 -2 -5 -4 -4 0 0 1 1 0.43
-1 -3 -1  0 -4 -2 -1  6 -3 -5 -5 -1 -4 -5 -3  0 -3 -4 -4 -4 0 0 1 1 0.54
 3 -2 -1 -2 -2 -2 -2 -2 -2 -3 -3 -2 -2 -3 -2  4  4 -4 -3 -2 0 0 1 1 0.57
