 1 -3 -2 -3 -3 -3 -3  6 -3 -5 -5 -3 -4 -4 -3  2 -2 -4 -4 -4 0 0 1 1 0.78
 2 -3  4 -2 -3  0  1 -3 -2 -4 -3 -2 -3 -5 -2  3  2 -5 -4 -3 0 0 1 1 0.60
 3 -1 -1  0 -3  0  1 -1  1 -3 -3 -1 -2 -4 -2  1  3 -5 -4 -2 0 0 1 1 0.38
 1 -2 -4 -3 -3 -4 -3 -3 -5  1  4 -4  3 -3 -4 -1 -1 -4 -4  1 0 0 1 1 0.29
-2  0 -1  1 -5  1  5 -4 -2 -3  0  3 -1 -5 -4  0 -2 -5 -4 -2 0 0 1 1 0.34
-3  3  0 -1 -6  5  0 -4  5 -4 -4  3 -4 -5 -4 -1  0 -5 -4 -4 0 0 1 1 0.31
-2  4 -4 -5 -3 -3 -1 -4 -2 -1  1 -1 -2  6 -5 -2 -3  0 -1  0 0 0 1 1 0.28
 4 -4 -1 -4 -5 -2 -3  0 -5 -5 -4 -3 -5 -4  6 -1  0 -6 -5 -3 0 0 1 1 0.40
-1  5  0 -2 -5  2  1 -3  0 -5 -2  4 -2 -5 -4 -2  0 -5 -4 -4 0 0 1 1 0.34
 1  1 -3 -3 -3  1  1 -2 -3  3  0  0  0 -3 -1 -2 -1 -4 -1  2 0 0 1 1 0.23
 1 -2  0  0 -4  2  3 -3 -2 -1  1  0  1 -3 -2  1  1 -3 -4 -1 0 0 1 1 0.22
 2 -2 -2 -1 -1 -2 -1  1 -4  1  0 -2  1 -1 -3  1  1 -4 -3  1 0 0 1 1 0.25
 1 -4 -2 -1 -2 -1 -2 -3 -2  2  3 -3  2 -1 -2 -2 -2 -4  0  3 0 0 1 1 0.21
-1  1  1  1  0  4  3 -4 -1 -1 -1  1 -2 -4 -1 -1 -2 -2 -4  0 0 0 1 1 0.15
 2 -1  0  1  0  1  2 -1 -2 -2 -1  0 -1 -4  0  2 -1 -5 -4 -2 0 0 1 1 0.14
 1 -1  0 -2  0  0  1 -2  5 -1 -1 -1 -1 -1 -2  2  1 -4 -2 -2 0 0 1 1 0.13
 2 -5 -3 -1 -1 -3 -3  6 -2 -5 -6 -2 -5  0 -5 -1 -4 -5  0 -5 0 0 1 1 0.12
 0  2  0  2 -4  1  2 -1  0 -2 -3  2 -3 -2  2 -1 -1 -4 -2 -1 0 0 1 1 0.12
-1  3 -3 -1  0  2  0 -2  0 -4 -2  5  1 -4 -3  0 -2 -5 -4 -4 0 0 1 1 0.14
-1 -3 -2 -1 -3 -1 -2 -2 -4  2  4 -2  1 -1 -2 -1  0 -3 -2  2 0 0 1 1 0.12
 1 -2 -1 -2 -1 -1 -1 -1  1  1  1 -1  1 -2  0  0  0 -3 -1  2 0 0 1 1 0.08
 0 -2 -2  3 -3  2  5 -2 -3 -4 -4  0 -4 -5 -1  1 -1 -5 -2 -3 0 0 1 1 0.07
 2 -1  1  4 -4  1  0 -2  1 -2 -3  0 -1 -4 -3  0  1 -4 -1 -2 0 0 1 1 0.06
 5 -4 -3 -5  2 -3 -4 -2 -5 -5 -3 -3 -3 -6 -1  3  0 -6 -4 -2 1 0 0 1 0.05
-1 -1 -1  5 -2  1  4 -2  2 -3 -5 -1 -3 -5  0 -1 -1 -6 -4 -3 1 0 0 1 0.05
 0  1  1  2 -3  1  2 -2  0 -2 -3  2 -1 -3 -2  0  0 -5 -2 -1 1 0 0 1 0.04
-2 -7 -5 -7 -3 -7 -7 -7 -7  7  1 -7 -1 -5 -6 -4 -3  1 -5  3 1 0 0 1 0.02
 0  3 -2 -1 -1  5  1 -3  1 -5 -2  3 -2 -5 -4 -2 -2 -6 -1 -3 1 0 0 1 0.02
 0  0  1  1 -6  3  5 -2 -2 -3 -4  2 -4 -6 -4  0 -1 -6 -4 -4 1 0 0 1 0.02
-1  5 -4 -2 -5  3 -2 -5 -2 -4 -1  4  1 -6  0 -3 -1 -2 -2 -4 1 0 0 1 0.02
 0  2 -2 -5  2  0 -3 -5 -3  0  4 -2  2 -3 -5 -3  1  0 -3  2 1 0 0 1 0.02
 0  1  1  2 -4  3  3 -2  2 -3 -4 -1 -1 -5 -4  1 -1 -4 -4 -2 1 0 0 1 0.02
 0  0  0  0 -3  3  2 -2  1 -4 -1  1 -2 -1 -4  1  0 -5 -2 -2 1 0 0 1 0.02
-2 -6 -4 -7 -5 -6 -7 -4 -4  3  5 -6  1 -3 -7 -5 -4 -6 -4  4 1 0 0 1 0.01
-1  1  3  1 -3  2  2 -2  1 -2  1  1 -2 -4 -4 -1 -1 -5 -2 -2 1 0 0 1 0.01
 0  1  0  2 -5  3  3 -2  2 -4  0  1 -2 -5 -4  0 -1 -6 -4 -4 1 0 0 1 0.01
-1  6 -3 -3 -1  2  0 -3  1 -3 -2  2 -3 -4 -3 -2 -1 -7 -4 -5 1 0 0 1 0.01
-7  2 -5 -6 -8 -1 -2 -5  3 -7 -2 -1 -3  2 -8 -4 -6 10  5 -6 1 0 0 0 0.01
 1  1  1  3 -3  3  2 -2  0 -3 -3  2 -1 -5 -4 -1  0 -3 -3 -3 1 0 0 1 0.01
 1  1  2  1 -4  2  2  0  0 -4 -2  2 -4 -5 -4  0  0 -3 -4 -3 1 0 0 1 0.01
-4 -6  2 -7 -6 -6 -5 -7 -4  1  5 -6 -1  3 -7 -6 -3  0 -5  2 1 0 0 0 0.01
-3  2  1 -1  3  2  1 -2  0 -2  2  3 -2 -3 -4 -2 -2  0 -2 -2 1 0 0 1 0.01
 0  0  1  3 -6  2  4 -2 -2 -2 -2  1 -4 -6 -3  0 -1 -6 -5 -3 1 0 0 1 0.01
 0  3 -1 -2 -3  0  0 -2 -1 -3  1  3  2 -2 -2  0 -1  2 -3 -3 1 0 0 1 0.01
 4 -3 -3 -5  2 -3 -3 -4 -5  0  0 -4  1 -3 -5  3  0  2 -2  0 1 0 0 0 0.01
 1  0  0  0 -4  2  2 -1  1  0 -1  0  1 -2 -3  0  0 -4 -3  0 1 0 0 1 0.01
 1  0  1  2 -5  3  4 -1  1 -3 -4  0 -2 -6 -4 -1 -1 -2 -4 -2 1 0 0 1 0.01
-2  7 -5 -5 -8 -1 -3 -5  1 -3 -2  1 -2 -6 -7 -4 -3  2 -5 -4 1 0 0 0 0.01
-3  4 -1 -4 -4  3 -1  0  1 -3  1  3  3 -3 -5 -1 -2 -1 -2 -3 1 0 0 0 0.01
-1  2  0  0 -4  4  2 -3  3 -3 -2  2  0 -3 -4  0 -1 -5 -3 -2 1 0 0 1 0.01
 0  4 -2  0 -3  3 -1 -5  2 -4 -1  4 -2 -4 -4 -1 -2 -3 -3 -4 1 0 0 1 0.01
-7 -8 -9 -9 -7 -7 -8 -9 -8  0  7 -8  0 -3 -8 -8 -4 -7 -6 -3 1 0 0 0 0.01
-2  0 -1  3 -4  2  6 -5  0 -4 -2  1 -3 -6 -5 -1 -4 -7 -4 -2 1 0 0 1 0.01
 1 -1  0  4 -5  3  3 -2  2 -3 -4 -2 -4 -4 -4 -1 -2 -5 -3 -3 1 0 0 1 0.01
 3 -2  1 -3  2  1 -3 -2 -2 -2  1 -2 -2 -1 -4  3  0 -4 -2 -1 1 0 0 0 0.01
-1  1 -3 -2 -2 -1 -1 -2  1  0  3  1 -1 -1 -4 -1 -3  3  1  0 1 0 0 1 0.01
 0  2 -2  0 -4  5  2 -4  3 -4  0  0 -2 -4 -4 -2 -1 -1 -3 -2 1 0 0 1 0.01
 0 -3 -6 -6 -2 -3 -4 -5 -3 -1  5 -4  1  1 -6 -4 -2  3  2 -1 1 0 0 0 0.01
-3  1 -2 -4 -1  6 -1 -1  6 -4 -3  0 -3 -3 -5 -1 -3  2  1 -4 1 0 0 0 0.01
-2  2 -1 -1 -5  5  1 -3  4 -4 -3  2 -1 -4 -5  0 -2 -6 -2 -2 1 0 0 1 0.01
-4 -8 -8 -6 -8 -8 -8 -8 -6 -2  0 -6 -5  9 -9 -3 -5  3  3 -5 1 0 0 0 0.01
-3  1 -1 -1 -2  3  0 -5  2 -1  2  0  0  2 -4 -2 -2 -2  1 -1 1 0 0 1 0.02
 0  4 -1  1 -3  4  0 -2  4 -5 -3  0 -3 -4 -5 -1 -1 -2 -2 -2 1 0 0 1 0.01
 1 -1  1  5 -6  0  2 -3 -3 -4 -5  1 -1 -7 -5  0 -2 -7 -6 -5 1 0 0 1 0.01
 3 -3 -5 -6  5 -3 -4 -4 -2  0  1 -5  1  0 -5 -1  0 -2  0  2 1 0 0 0 0.01
 0  0  1  4 -3  2  3 -2  1 -5 -4  0 -3 -4 -4  1  0 -3 -2 -3 1 0 0 1 0.01
-1 -1  0  2 -7  2  5 -4 -1 -1 -3  0 -2 -7 -2 -1 -2 -7 -6 -5 1 0 0 1 0.01
-1 -3 -6 -6 -5 -2  1 -6  3  0  4 -5  2  2 -6 -4 -3 -5 -3  2 1 0 0 0 0.01
-2 -1 -1 -1 -5  0  4 -2 -3  1  2 -1  3 -2 -5  0  0 -5 -3 -1 1 0 0 0 0.01
 1 -2  0  2 -4  1  1 -1 -2 -1 -1  0  1 -3 -3  1  1 -5 -2 -1 1 0 0 1 0.01
-4 -4 -10 -10 -3 -4 -9 -9 -9 -9 -6 -9 -8 -1 -10 -6 -9 13 -2 -5 1 0 0 0 0.01
-2 -6 -5 -7 -6 -4 -7 -7 -7  5  4 -6  4 -3 -7 -4 -1 -6 -5  0 1 0 0 0 0.02
 0  2  3  2 -3  1  1 -3  0 -3 -2  1 -1 -4 -4  1  1 -5 -1 -3 1 0 0 1 0.03
-2 -4 -3  2 -7  0  7  0 -1 -7 -5 -2 -3 -4 -6 -1 -3 -7 -6 -3 1 0 0 1 0.02
 1  1 -3 -2 -7  1 -1 -4  1 -7 -5  6  0 -4 -4 -1 -1 -7 -6 -4 1 0 0 0 0.03
-1 -2  0  0 -3  1  4 -2 -2  0  1 -1  4 -3 -3 -3  0 -2 -3 -3 1 0 0 0 0.04
-1  0 -1 -1 -6  3  2 -6 -1 -1  3  1 -2 -2  0 -2 -2 -6 -3 -2 1 0 0 1 0.05
 0 -2 -1 -2 -2  0 -1 -2 -2  2  1 -3  4 -2 -3  0  2 -2 -2  1 1 0 0 0 0.07
 4 -3 -2 -3 -1 -1  1 -4 -5 -1  1 -3 -1 -1 -4 -1 -1 -6 -3  1 1 0 0 0 0.09
 1  0 -1 -2 -1  4  0 -1 -2 -3  0 -1  0 -2 -2  2  1 -2 -1 -1 0 0 1 1 0.12
-1 -2  1  5 -3  1  2 -1  0 -4 -3 -1 -2 -3 -3  2 -1 -6 -4 -2 0 0 1 1 0.11
-2 -1 -1  0 -5  2  4 -2 -2  0 -3  0 -1 -2  1 -1  0  1 -1  0 0 0 1 1 0.12
-1 -3  2  4 -1 -1 -1 -1 -1  0 -2 -3 -2 -3  1  2  1 -6 -3  0 0 0 1 1 0.12
-1  0 -3 -3  2 -3 -3  1  2 -1 -3 -3 -2  1  0  0 -2  5  5 -2 0 0 1 1 0.10
-3  3  0  1 -3  1  1  2 -2 -3 -3  2 -2 -3  0  1  0 -6 -5 -3 0 0 1 1 0.11
-3 -4  0  6 -2 -1  2 -3 -1 -1 -3 -3 -3 -7 -4  1 -1 -8 -3 -4 0 0 1 1 0.11
 0  0  0 -1  1  0  0 -1  0  0  1  0 -1  0  3  0  0 -3  0  0 0 0 1 1 0.10
 0  1  0  1  1  1  0 -1  2 -1 -1  1 -2 -3  0  0  1 -3  0 -1 0 0 1 1 0.08
 0 -1  4  1 -1  0  1 -1  1 -2 -2  1  0 -4 -3  1  0 -4 -1 -1 0 0 1 1 0.07
 1 -2 -2 -4 -1 -3 -4 -3 -4  3  2 -2  1 -1 -1 -1 -1 -4 -1  3 1 0 0 1 0.05
-1  1  0  0 -4  3  3 -4  4 -3 -1  2 -1 -2  0 -1 -1 -4 -3 -2 1 0 0 1 0.04
 2  2  1 -1 -2  1  1 -1  1 -1 -3  0 -1 -3 -3  1  0 -3 -2 -1 1 0 0 1 0.03
-2  0 -1 -3 -5  4  1 -4 -2 -2  3  4  0 -3 -4 -3 -3 -2 -3 -2 1 0 0 0 0.03
-3 -1 -4 -5 -3  2 -3 -4 -2  2  4  0  1  0 -3 -3 -2  4  0  0 1 0 0 0 0.02
 0  2  0  0 -4  4  1 -2  0 -4 -1  4 -2 -4 -3 -2 -1 -1 -4 -4 1 0 0 1 0.02
-2  3 -1 -2 -5  2  2 -4 -4 -4 -4  5 -3 -5 -4 -1  0 -1 -1 -5 1 0 0 1 0.01
-5 -4 -1 -5 -6  2 -5 -6 10 -4 -1 -5 -5  1 -6 -4 -4 -1  2 -3 1 0 0 0 0.01
-1  0  0 -1 -5  5  4 -5  1 -4 -3  3 -2 -5 -4 -1 -1 -5 -3 -4 1 0 0 1 0.01
 4 -2  0  0 -2  2  1 -2  1 -1 -3 -1 -1 -3 -4  0  0 -5 -4  0 1 0 0 1 0.01
-2 -5 -4 -6 -5 -4 -5 -6 -3  0  4 -4 -1  7 -6 -5 -3 -4  0 -2 1 0 0 0 0.01
-1 -1 -2 -2  0  5  4 -4 -1 -3 -1  0  5 -5 -5 -2 -2 -5 -5 -2 1 0 0 1 0.01
 3  2  1 -1  0  1  0 -1  0 -3 -2  1  0 -4 -3  2 -1 -3 -4 -2 1 0 0 1 0.01
 0 -3  0  4 -7 -1  6 -4 -4 -6 -5 -2 -2 -7 -5 -2 -4 -7 -6 -4 1 0 0 1 0.02
-4 -5 -6 -6  0 -4 -6 -5 -6  4  4 -4  3 -1 -6 -4 -2 -5 -4  3 1 0 0 0 0.02
 1 -1  1  1 -3  2  3  0  1 -2  0 -1  0 -4 -3  0 -1 -5 -3 -2 1 0 0 1 0.02
 4 -2  0 -2  0  1  0 -1 -2 -3 -2  1 -2 -4 -3  1  0 -5 -3 -1 1 0 0 1 0.02
-3  3  4 -4 -3  0 -3 -2  7 -4 -3  2 -4  0 -5 -2  0 -3  0 -3 1 0 0 1 0.02
-1  3 -1 -2 -3  3  3 -1  3 -4 -2  2 -2 -3 -4  0 -1 -5 -2 -1 1 0 0 1 0.02
 0  0  1  2 -3  0  2  0  0 -3 -3  1 -1 -3  1  0  0 -4 -3 -1 1 0 0 1 0.02
-1  3  0 -1 -1  2 -1 -3  1 -1 -2  1 -1 -4 -3  1  1  3 -3  0 1 0 0 1 0.02
 0 -4 -5 -6 -1 -2 -5 -4 -2  3  3 -4  3  1 -5 -4 -3 -4  2  3 1 0 0 0 0.02
 0  0  2  3 -3  2  4 -2  1 -3 -3  1 -2 -3 -2 -1 -1 -5 -4 -1 1 0 0 1 0.02
 1  1  1  1 -2  3  1 -1  1 -2 -1  1 -1 -4 -3  1  0 -2 -3 -1 1 0 0 1 0.02
-2 -6 -6 -5 -1 -5 -6 -6 -6  4  4 -5 -1 -2 -4 -4 -1 -5 -4  4 1 0 0 0 0.02
-1  1  3  1  0  2  1 -3  0  0  0  1  0 -2 -3 -1 -1 -4 -2  0 1 0 0 1 0.02
 1  0  1  1 -3  3  3 -1  0 -4 -4  2 -1 -4 -4  0 -1 -5 -2 -3 1 0 0 1 0.02
 1  1 -1 -1 -2  2  2 -3 -1  0 -1  1  0 -3 -3  0  1 -4 -2 -1 1 0 0 1 0.03
 4 -2 -5 -5 -2 -4 -5  6 -5 -6 -5 -3 -5 -6 -5 -2 -4 -3 -1 -2 1 0 0 0 0.03
-1  2  1  2 -5  5  3 -2  2 -4 -5  1 -2 -5 -3 -1 -2 -5 -4 -4 1 0 0 1 0.02
 1  2 -1  1 -5  3  3 -2  0 -3 -3  2 -1 -4 -4  0 -1 -3 -3 -2 1 0 0 1 0.03
-4 -1 -6 -7 -2 -5 -6 -7 -6  1  6 -5  4 -1 -6 -6 -4 -5 -5 -1 1 0 0 1 0.03
 0 -2 -1 -4 -2 -3 -3 -3 -4  4  3 -3  3  0 -4 -1 -2 -2 -3  2 1 0 0 0 0.03
 1  1  1  1 -3  3  3 -2 -2 -3 -2  1 -3 -4 -3  0  0 -2 -4 -2 1 0 0 1 0.04
 1  0  0  1 -2  2  4 -1  0 -4 -2  0 -1 -4 -3  1 -2 -3 -3 -3 0 0 1 1 0.04
-2  0  2  1  0  0  0  4  1 -5 -3  2 -3 -4 -4  0 -2 -5 -2 -3 0 0 1 1 0.04
-3 -1  0 -3 -3 -2 -1 -3  8 -6 -5 -2 -4 -5  5 -2 -1 -6  1 -6 0 0 1 1 0.04
-1 -2 -2  1 -2 -1  2 -3  2 -4 -3 -3 -2  3  3  0 -2 -2  4 -4 0 0 1 1 0.04
 4 -3 -1  2 -3  0  0  1 -1 -3 -1 -2 -1  0 -2  0 -1 -4 -2 -2 0 0 1 0 0.03
 3  0 -2 -1 -3  0  1 -1  1 -2 -3  0 -2 -4  0  3 -1 -3 -3 -2 1 0 0 0 0.03
 0 -1 -1  4 -5  1  4 -2  0 -4 -4  0 -3 -6  1  0 -2 -6 -4 -2 1 0 0 1 0.03
 0 -1 -1  2 -2  0  3 -2 -2 -1 -2  1 -1 -4 -3  2  2  1 -3  0 1 0 0 1 0.02
-4 -6 -7 -7 -5 -6 -7 -6 -7  6  1 -6 -1 -2 -5 -5  1 -3 -5  4 1 0 0 0 0.02
-1  3  1 -1 -4  4  2 -3 -2 -3 -4  2 -1 -5 -4 -1 -1 -4 -4 -4 1 0 0 1 0.02
 2  0  0  1 -5  2  3 -2  0 -4 -3  1 -3 -4  1  0  0 -5 -3 -3 1 0 0 1 0.02
-4  5 -3 -2  0  3 -2 -5  2 -2 -2  3  1 -2 -5 -3 -2  0  1 -3 1 0 0 0 0.01
-1 -2 -5 -6  3  0 -4 -6 -4  1  4 -3  3 -1 -5 -1 -2 -5 -3  2 1 0 0 0 0.01
 1  0  1  3 -3  3  3 -1  1 -3 -4  0 -3 -5 -4  0  0 -5 -4 -2 1 0 0 1 0.01
 1 -1  0  2 -5  3  4 -1  0 -3 -2  0 -3 -5 -4 -1  0 -4 -5 -3 1 0 0 1 0.01
-4 -6 -7 -6 -5 -6 -7 -4 -7  3  5 -6  3 -2 -7 -6 -3 -6 -5  2 1 0 0 0 0.01
-1  2  4  0  2  3  1 -2  3 -4 -3  1 -2 -5 -4  0  0 -5 -3 -3 1 0 0 1 0.01
 0  2  0  2 -3  3  2 -2  1 -4 -3  1 -2 -4 -4  1  1 -5 -4 -3 1 0 0 1 0.01
-1  4 -2 -2  1  4 -1 -3  3 -3  1  2 -1 -5 -5 -1 -2 -4 -4 -4 1 0 0 1 0.01
-8 -4 -9 -10 -3 -6 -9 -8 -4 -5 -4 -6 -4  0 -9 -5 -8 13  1 -8 1 0 0 0 0.01
 0  0  1  4 -6  3  3 -4  0 -4 -3  1 -4 -5 -4  0 -2 -3 -5 -3 1 0 0 1 0.01
 1  0  1  2 -4  3  3 -3  1 -4 -1  0 -3 -4 -4  0 -1  3 -3 -3 1 0 0 1 0.01
-6 -7 -8 -9 -6 -7 -8 -9 -8  0  6 -7 -1 -1 -8 -7 -5 -7 -6  1 1 0 0 0 0.01
-1  1  0 -2  2  2  2 -1 -1 -1  1  1  1 -3 -4 -1  0 -2 -3  0 1 0 0 1 0.01
 1  0  1  2 -3  2  2 -1  0 -4 -2  1 -2 -4 -4  1  1 -5 -4 -2 1 0 0 1 0.01
 0  1 -1 -3  0  0 -1 -3 -2 -1  2  4 -1 -3 -4 -2  1 -1 -3 -3 1 0 0 1 0.01
 2 -5 -3 -5  3 -4 -5 -4 -4 -2  0 -4  3 -2 -5  3  4  0 -5  0 1 0 0 0 0.01
 2 -1  0  0 -3  4  3 -2 -1 -3 -1  2  0 -4 -3 -1 -2 -5 -4 -1 1 0 0 1 0.01
 0  0 -2  3 -1  3  4 -4 -2 -3 -2  0 -4 -4 -4 -1  0 -6 -4 -4 1 0 0 1 0.01
-5  7 -4 -6 -2 -3 -5 -7  1 -1 -4  5 -4 -6 -7 -5 -6  0 -4 -4 1 0 0 1 0.01
 1  2 -2 -3 -2  3  0  3 -1 -3 -2  3 -1 -4 -4  0 -2  0 -4 -3 1 0 0 0 0.01
 0  3  0  2 -4  4  2 -2  0 -2 -3  1 -2 -3 -4  0  0 -5 -3 -2 1 0 0 1 0.01
-1  4 -1  0 -1  3  0 -4  1 -3 -1  2 -1 -4 -5 -2 -1  2 -3 -3 1 0 0 1 0.01
-6 -7 -8 -9 -3 -7 -8 -9 -8 -1  7 -8  0 -5 -8 -7 -6 -7 -4 -2 1 0 0 0 0.02
-2  1 -2  1 -6  4  4 -4  1 -5 -1  0 -2  2 -5 -2 -2 -5 -2 -4 1 0 0 1 0.03
-1  0 -2  5 -6  4  4 -3 -4 -5 -3  0 -1 -6 -5 -3 -2 -6 -5 -5 0 0 1 1 0.04
 7 -4 -4 -6  1 -5 -5 -5 -6 -5 -5 -5 -2 -7 -5  1 -2 -7 -6 -2 0 0 1 1 0.07
-5 -6 -8 -8 -5 -6 -7 -8 -7  0  6 -7  1 -1 -7 -6 -5 -6 -5  2 0 0 1 1 0.11
