 1 -1  1  0 -1  0  0  0 -1 -2 -2  0 -1 -2 -1  4  1 -3 -2 -2 0 0 1 1 0.88
-1 -1  5  1 -2  0  0  0  0 -3 -3  0 -2 -3 -2  2  0 -4 -2 -3 0 0 1 1 0.83
 1 -1  0  0 -2  1  3 -1 -1 -2 -2  0 -1 -3 -1  2  2 -3 -2 -1 0 0 1 1 0.77
 3 -2 -1 -2 -1 -1 -1  3 -2 -1 -2 -1 -1 -2 -1  1  0 -3 -2  0 0 0 1 1 0.69
 0  0  0 -1 -1  0  0 -2 -2 -1 -2  2 -1 -3 -1  1  4 -3 -2 -1 1 0 0 1 0.64
 1 -1 -1 -1 -1 -1 -1 -1 -2 -1  0 -1 -1 -2  4  3  0 -3 -2 -1 1 0 0 1 0.51
 3 -1 -1 -1 -1 -1 -1  0 -2 -1 -2 -1 -1 -2 -1  2  2 -3 -2  0 1 0 0 1 0.30
 1 -2  2  2 -1 -1 -1 -2 -2  1 -1 -1  0 -2 -2  0  0 -3 -2  2 1 0 0 0 0.30
-1  0  0  3 -3  0  0 -2 -2  1 -1  3 -1 -2 -2 -1 -1 -4 -2  1 1 0 0 1 0.18
 3  2 -1 -2 -2  2  0 -1 -1 -2 -2  2 -1 -3 -1  0 -1 -3 -2 -1 1 0 0 1 0.13
-1  0 -1  1 -3  2  5 -2  1 -3 -3  0 -2 -3 -2  0  1 -3 -2 -2 1 0 0 1 0.11
-1 -3 -4 -4 -1 -3 -3 -4 -4  3  3 -3  1  0 -3 -3 -1 -3 -2  3 1 0 0 0 0.08
-1  3 -1 -1 -2  2  1 -2 -1 -2 -1  1  2 -2 -2  0  3 -3 -2 -1 1 0 0 1 0.06
 1  0  0  1 -3  3  4 -2 -1 -3 -3  1 -2 -3 -1  2  0 -3 -2 -2 1 0 0 1 0.04
-1 -2 -2 -1 -2 -2 -2  0 -3  1  2 -1  1  1 -3 -1 -1 -2 -1  2 1 0 0 0 0.03
-1 -2 -3 -3 -2  0 -2 -3 -2  3  2 -2  1  0 -3 -1 -1 -2  1  2 1 0 0 0 0.02
-2 -1  3  4 -4  0  3 -2 -1 -3 -1  2 -2 -3 -2 -1 -1 -4 -3 -3 1 0 0 1 0.02
 1  3  1 -1 -2  0 -1  1 -1 -2 -1  2  0 -3 -2  0 -1 -3 -2 -2 1 0 0 1 0.02
-2 -3 -3 -4 -3 -2 -3 -4  0  1 -1 -3 -1  2 -4 -3 -2  1  7  1 1 0 0 0 0.02
 0  2 -1 -1 -3  0  3 -3 -1  1  1  1  0 -2 -2 -1 -1 -3 -2  0 1 0 0 0 0.01
 0  0 -1 -2 -3  3  1 -2 -1 -1 -1  3 -1 -1 -2 -1 -1 -2  2  0 1 0 0 1 0.02
 2 -2  0 -1 -1 -1 -1  2 -2 -3 -3 -1 -2 -3 -2  4  1 -3 -2 -2 1 0 0 0 0.02
-2 -3 -4 -4 -2 -3 -3 -4 -4  4  2 -3  1  0 -3 -3 -1  5 -1  3 1 0 0 0 0.02
-2  1  3  3  3 -1 -1  0 -1  1 -2 -1 -2 -3 -3 -1 -1 -4 -3 -1 1 0 0 0 0.02
-1 -1  0  3 -3  0  2  0  1 -3 -3  1 -2 -3 -2  0  3 -3 -2 -2 0 0 1 1 0.02
 3 -2  3 -1  4 -1 -2 -1 -1 -2 -1 -1 -1 -3 -2  0 -1 -3 -2 -1 0 0 1 0 0.02
-2 -2  2  6 -4 -1  1 -2 -2 -4 -4 -1 -4 -4 -2  0 -1 -5 -4 -4 0 0 1 1 0.02
-1 -2 -2  0 -2 -1  0  1 -2  1  1 -2  3 -2  3 -1  0 -3 -2  0 1 0 0 1 0.01
 1  1  0  2 -2  0  2 -1 -1 -2 -3  0 -2 -3  2  1  1 -3 -2 -2 1 0 0 1 0.01
-2 -2 -3 -3 -2 -2 -2 -3 -3  1  3  0  1 -1  2 -2  0 -3 -2  0 1 0 0 1 0.01
 1 -3 -3 -3 -2 -2 -3  1 -3  2  2 -2  0  2 -3 -1 -1 -2 -1  1 1 0 0 0 0.01
-2  3  0  4 -3  1  1 -2 -1  0 -2  2 -2 -3 -2 -1 -1 -4 -3 -2 0 0 1 1 0.01
 1  0  1  0 -2  3  2 -1 -1 -3 -3  2 -2 -3 -1  1  0 -3 -2 -2 0 0 1 1 0.01
-2 -3 -3 -3 -2 -2 -3 -4  3  2  2 -3  1  2 -3 -2 -1 -2  0  2 0 0 1 0 0.01
-3 -3 -3 -4 -3 -3 -3 -4  3 -2 -1 -4 -1  5 -4 -3 -3  9  2 -3 0 1 0 0 0.01
 1 -2 -1  0 -2  1 -1 -2 -1 -2  0 -1 -1  0 -2  2 -1  5  4 -1 0 0 1 1 0.01
 0 -2  0  4 -3  1  0 -2  2 -1 -2 -1 -2 -1 -2 -1  1 -2  2  0 0 0 1 1 0.01
 1 -1 -1 -1 -2  2 -1  3 -1 -3 -2  0 -2  1 -2  2 -1 -2 -1 -2 0 0 1 0 0.01
-2 -2 -2  2 -4 -1  2 -3 -2 -4 -4 -1 -3 -4  7 -1 -2 -4 -4 -3 0 0 1 1 0.01
-1  0 -1  1 -4  1  4  2 -1 -1 -3  2 -2 -3 -2 -1 -1 -3 -3 -2 0 0 1 1 0.01
 1 -2 -2 -3  4 -2 -2 -2 -3  0  0 -2 -1  2 -2  0  3 -2 -1  1 0 0 1 0 0.01
 0  1 -1 -2 -2 -1 -1 -2 -2  0 -1 -1 -1 -2 -2  3  2 -3 -2  1 0 1 0 0 0.01
-2  2 -2 -2 -3 -1  1 -3 -1 -1  0 -1  4  4 -3 -2 -2  0  3 -1 0 1 0 0 0.02
-1 -3 -3 -3 -2 -2 -3 -3 -2  3  1 -2  0  3 -3 -2 -1 -1  2  2 0 1 0 1 0.02
-2 -1 -1 -1 -3  1  2 -2  5 -2 -1 -1 -1  4 -2 -1 -1 -1  1 -2 0 1 0 0 0.03
-1 -1 -1 -1 -3 -1 -1  1 -2 -3 -3  1 -2 -3  6 -1 -1 -3 -2 -2 0 0 1 1 0.03
-1  4  2 -1 -2  0  0  1 -1 -2 -1  2 -1 -2 -2 -1 -1 -2 -2 -2 0 0 1 1 0.04
 0 -2 -1 -1 -2 -2 -2  6 -2 -3 -3 -2 -3 -3 -2 -1 -2 -2 -3 -3 0 1 0 1 0.04
-1  0  0  0 -3  2  3 -2  5 -3 -2  0 -2 -2 -1  0  0 -2  0 -2 0 1 0 1 0.05
-1  2  2  1 -2  1  3 -2 -1  0 -2  0 -1 -2 -1  0 -1 -2 -2  0 0 1 0 0 0.05
 1  4 -1 -1 -2  0  2 -2 -1  0 -2  2 -1 -2 -1  0 -1 -2 -2 -1 0 1 0 1 0.05
 0 -2 -1 -1 -2 -2 -2  5 -2 -3 -3 -1 -2 -3 -2  0  1 -2 -2 -2 0 0 1 0 0.05
-2 -2 -2 -3 -2 -2 -2  1 -2 -1  2 -2  0  0 -2 -2 -2  8  0 -1 1 0 0 0 0.04
 0  0  0  1 -2  1  2 -1 -1 -2 -1  1 -1 -2 -1  2  1 -2 -2 -1 1 0 0 1 0.03
 1 -1  1  2 -2  3  0  2 -1 -2  0  0 -1 -3 -2  0 -1 -3 -2 -2 1 0 0 1 0.03
-1 -3 -3 -3 -2 -2  0 -4 -3  4  2 -2  1 -1 -3 -2 -1 -3 -2  3 0 0 1 0 0.03
 1  1  1 -1 -2 -1 -1  0 -1  1  0  0  0 -2 -2  0  1 -3 -2  0 0 0 1 0 0.03
 0 -1  1  2 -4  2  5 -2 -1 -3 -3  0 -2 -4 -2  0 -1 -4 -3 -2 0 0 1 1 0.02
-1 -1  4  0 -3  0  1  0  5 -4 -4  0 -2 -3 -2  1 -1 -4 -1 -3 0 0 1 1 0.02
-2 -3 -3 -3 -2 -3 -3 -3 -2  0  2 -3  0  6 -3 -2 -2  0  2 -1 0 0 1 0 0.02
-2 -2 -2 -2 -3 -1  1 -4  4 -2 -2 -2 -2  1 -3 -2 -2  1  7  0 0 0 1 0 0.02
-1  2 -1 -2 -2 -1 -2  3  3  0  0 -1 -1 -2 -3 -1  0 -3 -1  0 0 0 1 0 0.02
-1 -1  1  1 -3 -1  1  3 -1 -3 -3  0 -2  0 -2  1  1 -3 -2 -2 0 0 1 1 0.02
 1  1 -1  2 -2 -1 -1 -2 -2 -2 -2 -1 -2  1  2  0  2 -3 -1 -1 0 0 1 0 0.03
-1 -2 -2 -2 -2  0  2 -3 -2  0  2 -1  5  1 -2 -2 -1 -2 -1  0 0 0 1 0 0.03
 3 -2 -1 -2 -2  1 -1  3 -2  0 -2 -1 -1 -2 -2  0 -1 -2 -2 -1 0 0 1 0 0.03
-1  1  2  0 -3  3  2 -1  0 -3 -3  3 -2 -3 -1  1  0 -3 -2 -2 0 0 1 1 0.03
 1 -1 -1 -1 -1 -1 -1 -1 -1  0  1 -1  1  2 -1  0  2 -1  0  0 0 0 1 1 0.03
-2 -2 -2 -3 -2 -2 -3 -3 -1 -1 -1 -2 -1  6 -3 -2  1  1  5 -1 0 1 0 0 0.02
 0  1  0  2 -3  0  3 -2 -1 -3 -3  0 -2 -3 -2  3  1 -3 -2 -2 0 1 0 1 0.03
-1  1 -1 -1 -2  0  1 -2 -2 -1 -2  3 -1 -3 -2  1  1 -3 -2  1 0 1 0 0 0.02
-2  6 -1 -2 -4  0  1 -3 -1 -3 -2  1 -2  2 -3 -1 -2 -3 -1 -3 0 1 0 0 0.02
 0  1  1  1 -2  0  2 -1  2 -3 -3  2 -2 -3 -2  1  1 -3 -2 -2 0 1 0 1 0.02
-2  1 -3 -4 -2 -2 -3 -4 -3  0  4 -2  1  3 -4 -3 -2  4  0  0 0 1 0 0 0.02
-1  2  0  3 -3  3  2 -2 -1 -3 -3  2 -2 -3 -2  0  1 -3 -2 -2 0 1 0 1 0.02
-1 -1 -3 -3 -2  1 -2 -3 -2  1  3  0  1  3 -3 -2 -1 -2  0  1 0 1 0 0 0.02
-1 -1  0  4 -2  0  1  1 -2 -1  0  0 -1 -2 -2  1  0 -3 -2  0 0 0 1 1 0.02
 1  3  3 -1 -2  0 -1  1 -1 -3 -2  0 -2 -3 -2  0 -1 -3 -2 -2 0 0 1 1 0.02
-1  1  0  3 -2  0  2 -2 -1  1 -1  0 -1 -2  2  1 -1 -3 -2 -1 0 0 1 1 0.01
-1 -2 -2 -2 -2 -2 -2 -2 -2  0  1 -2  0 -2  5  0 -1 -3 -2  1 0 0 1 0 0.01
 0  0 -1  1 -2  0  1 -2 -2  1 -1  2 -1 -2 -2  0  1 -3 -2  2 0 1 0 1 0.01
-2 -3  2 -2 -2 -2 -3 -3 -3  5  0 -2  0 -1 -3 -2  1 -3 -2  2 0 1 0 0 0.01
 1  1  1 -1 -3  2  1 -2  6 -3 -2  0  1 -2 -2  0 -1 -3  0 -2 0 1 0 1 0.01
-1 -2 -3 -2 -2 -1  2 -4 -2  3  2 -2  1 -1 -3 -2 -1 -3 -2  3 0 1 0 0 0.01
-2 -2 -2  0 -3 -1  1  0  0 -2 -1 -2  1  4 -3 -2 -2  0  5 -2 0 1 0 1 0.01
-1  0 -1 -2  2 -1  0  4 -2 -3 -2 -1 -2  1 -2  0  2 -2 -2 -2 0 0 1 1 0.01
-2 -2  4  5 -3 -1  0  1 -1 -4 -4 -1 -3 -4 -2  0  0 -4 -3 -3 0 0 1 1 0.01
 1 -2 -2 -3 -1 -2 -2 -2 -2  2  1 -2  0  1 -2  0  2 -2 -1  2 0 1 0 1 0.01
 4 -1 -2 -2 -1 -1 -1 -1 -2 -2 -2  1 -1 -3 -1  1  1 -3 -2 -1 0 1 0 0 0.01
-1 -3  0 -3 -2 -2 -3 -3 -3  2  0 -3  0 -1 -3 -2 -1  7  0  3 0 1 0 1 0.01
 3 -2 -2 -3 -1 -2 -2 -1 -3  1 -1 -2  0 -2 -2  1  0 -3 -2  3 0 1 0 0 0.01
-1  1 -1  2 -3  0  3 -3 -1 -2  0  0  1 -2 -2  0  2 -3 -2 -1 0 1 0 1 0.01
-2 -3 -3 -4 -2 -3 -3 -4 -2  0  1 -3  2  6 -4 -3 -2  0  3  1 0 1 0 0 0.01
-2 -2  0  4 -3 -1  1 -2  3 -3 -3 -1 -2 -1 -2 -1  1 -2  3 -2 0 1 0 1 0.01
 1 -3 -3 -4 -2 -2 -3 -2 -3 -2 -2 -3 -2  2 -3 -2  1 10  1 -2 0 1 0 0 0.01
-1 -1  0  4 -3  0  2 -2  3 -2 -3 -1 -2 -3 -1  0  2 -3 -2 -2 0 1 0 1 0.01
-2 -3 -3 -3 -2 -3 -3 -3 -2  1  1 -3  0  6 -3 -2  0  0  2  0 0 1 0 0 0.01
 0  1  1  1 -2  0 -1 -2  2 -1 -1  0  1 -1 -2  0  1 -1  2  0 0 1 0 1 0.01
 4 -2 -2 -2 -1 -1 -1  1 -2 -2 -2 -1 -1 -3  2  0 -1 -3 -2 -1 0 1 0 0 0.01
-1 -1 -1 -2 -1 -1 -1 -2 -2  2  0  1  0 -1 -2 -1  2 -3 -2  3 0 1 0 1 0.02
-2  3 -2 -3 -2 -1 -2 -3 -2  1  2  0  2  2 -3 -2 -2 -2  0  0 0 1 0 1 0.02
 0  5 -1 -2 -3  1  0 -2 -1 -3 -2  3 -2 -3 -2 -1 -1 -3 -2 -2 0 0 1 1 0.03
 0  1  0  4 -2  0  0 -1 -1 -3 -3  2 -2 -3 -1  2  0 -3 -2 -2 0 0 1 1 0.05
 0 -1  3  4 -3  0  1  2 -1 -3 -3 -1 -3 -3 -2  1 -1 -4 -3 -3 0 0 1 1 0.06
-1 -2  1 -1 -3 -1  1  5 -1 -4 -4 -1 -3 -2 -2 -1 -2 -2  1 -3 0 0 1 1 0.07
-1  1  0  1 -3  2  2  1  2 -3 -3  1 -2 -3 -2  0  1 -3 -2 -2 0 0 1 1 0.09
-1  0 -1  0 -3  1  3  0  3 -3 -3  3 -2 -3  2  0  1 -3 -2 -3 0 1 0 1 0.10
-1  0 -2 -2 -2  1 -2 -3 -2  3  2 -1  1 -1 -2 -2 -1 -2 -1  2 0 1 0 1 0.10
-1 -1 -1 -1 -2  0  0 -2  6  0 -1 -1  1 -1 -2 -1  0 -2  0  1 0 1 0 1 0.10
-1  1  3 -1 -2  0 -1 -1  2 -2 -1  0  1 -2 -2  1  3 -3 -1 -1 0 1 0 1 0.09
-1  0 -1 -1 -2  0  1 -2 -2 -2  0  3 -1 -3 -2  1  3 -3 -2 -1 0 1 0 1 0.09
 0 -3 -1 -2 -3 -2 -3  6 -3 -5 -4 -2 -3 -4 -3 -1 -2 -3 -4 -4 0 1 0 0 0.08
-2  6 -1 -2 -4  2  0 -3 -1 -4 -3  2 -2 -4 -3 -1 -2 -3 -2 -3 0 1 0 1 0.07
-1 -1 -1  0 -3  3  4  1 -1 -3 -3  0 -2  1 -2 -1  0 -2 -1 -2 0 1 0 0 0.06
 0 -1  0 -1 -1 -1 -1 -1 -2 -2 -2 -1 -2 -3 -1  4  4 -3 -2 -1 0 1 0 1 0.04
-2  1 -1 -1 -3  5  1 -3  2 -2 -1  0 -1 -2 -2 -1 -1 -2  2 -2 0 1 0 0 0.04
-1 -2 -3 -3 -1 -2 -3 -3 -3  2  2 -2  2 -1 -3 -1  2 -3 -2  3 0 1 0 1 0.03
-3 -3 -3 -4 -3 -3 -3 -4  0 -2  0 -3 -1  4 -4 -3 -3  8  6 -2 0 1 0 0 0.02
 0  4 -1 -2 -2  0 -1 -2 -1  0 -1  1 -1  1 -2 -1 -1 -2 -1  1 0 1 0 0 0.02
-1  3  0 -1 -3  1  0 -2  2 -3 -3  4 -2 -3 -2  1 -1 -3 -2 -3 0 1 0 1 0.02
-1  1 -2 -2 -2 -1 -2 -3 -1  2  0 -1  0  2 -2 -1  2 -1  1  1 0 1 0 0 0.02
-1 -2 -1  1 -3 -1  1  1 -2 -4 -4 -1 -3 -4  6  0 -1 -4 -3 -3 0 0 1 1 0.01
-1  0  3  1 -3  4  1  0  0 -3 -2  0 -1 -3  2  0 -1 -2 -2 -2 0 0 1 1 0.01
-1  1  0  1 -2  1  3  1  2 -2 -2  0 -1 -2 -1  0  1 -2 -1 -2 0 0 1 1 0.01
 1 -2 -1 -2 -2 -2 -2  6 -2 -3 -3 -2 -3 -3 -2  0 -2 -3 -3 -3 0 1 0 0 0.01
-3 -2 -4 -5 -3 -2 -3 -3 -3 -4 -3  1 -2  0 -4 -3 -3 11  1 -4 0 1 0 0 0.01
-1  4 -1 -1 -4  1  0 -2  2 -3 -3  5 -2 -3 -2 -1 -1 -3 -2 -3 0 1 0 0 0.01
-2 -3 -4 -4 -2 -3 -4 -4 -4  5  3 -3  1  0 -3 -3 -1 -3 -2  2 0 1 0 0 0.01
-1 -3 -4 -4 -1 -3 -3 -4 -4  3  2 -3  1 -1 -3 -2 -1 -3 -2  4 0 1 0 0 0.02
 1 -1  0 -2 -3  0 -1 -2  8 -3 -3 -1 -2 -2 -2  1 -2 -3  1 -3 0 1 0 1 0.02
 2 -2 -2 -2 -1 -1  0 -2 -2  2  0 -2  0 -2 -2  0  1 -3 -2  3 0 1 0 0 0.04
-2 -1  2 -1 -4  0 -1 -3  9 -4 -4 -1 -2 -2 -3 -1 -2 -3  1 -4 0 1 0 1 0.06
-1 -2 -2 -3 -2 -2 -2 -3  0  1  0 -2  2  1 -3  0 -1  0  6  2 0 1 0 0 0.11
 2 -1  0 -1 -1 -1 -1 -1 -2 -3 -3 -1 -2 -3 -1  5  1 -3 -2 -2 0 1 0 1 0.20
 0  1 -1 -1 -3 -1  0  4 -2 -3 -3 -1 -2  1 -2  1 -1 -2 -1 -3 0 0 1 1 0.34
-1  1 -3 -3 -2 -1 -2 -3 -2  0  2 -1  2 -1  5 -2 -1 -3 -2 -1 0 0 1 1 0.43
 2 -2 -2 -2 -2 -2 -1 -2 -2 -3 -3 -1 -2 -4  7  0  1 -4 -3 -2 0 0 1 1 0.54
 0 -1 -2 -3 -1 -1 -2 -3 -3  2  0  1  0 -1 -2 -1  0 -3 -2  3 0 0 1 1 0.52
 2  0  2 -1 -1  0 -1 -1 -1 -2 -2  1 -1 -3 -1  1  3 -3 -2 -1 0 0 1 1 0.40
 2 -2 -1 -1 -2 -1 -2  5 -2 -3 -3 -1 -2 -3 -2  1 -1 -3 -3 -2 0 0 1 1 0.52
 1  0 -1 -1 -2  0  2  1 -2  0 -1  1 -1 -2 -2  0 -1 -3 -2  1 0 0 1 1 0.67
-1  3 -1 -2 -3 -1 -1  4 -1 -2  0  0 -1 -2 -2 -1 -1 -3 -2 -2 0 0 1 1 0.70
-1  1  0  0 -3  5  4 -2  0 -3 -3  1 -1 -3 -1  0 -1 -2 -2 -3 0 0 1 1 0.69
 0 -3 -1 -1 -3 -2 -2  6 -2 -4 -4 -2 -3 -3 -2  0 -2 -3 -3 -3 0 0 1 1 0.78
-2 -2 -3 -4 -3 -2 -3 -3  0 -1  0 -3  0  5 -4 -2 -2  2  5 -1 0 0 1 1 0.79
