-1  3  3 -1 -3  3 -1 -2  1 -4 -4  0 -3 -4 -3  4 -1 -4 -3 -3 0 0 1 1 0.43
 0 -1 -1 -2 -3 -2 -2  4 -1 -2 -4 -2 -1 -4  2  2  0 -4 -4 -2 0 0 1 0 0.39
-4 -7 -6 -7 12 -7 -7 -6 -7 -5 -5 -7 -5 -6 -6 -4 -4 -6 -6 -4 0 0 1 0 0.38
 1  3 -2 -1 -3  2  1 -2  5 -1 -1  0  0 -2 -3 -1 -2 -4 -1 -1 0 1 0 1 0.29
-3 -4 -4 -4 -4 -4 -4 -5 -4 -1  3 -4  0 -3  6 -2 -3 -4 -4  2 0 1 0 1 0.24
-1  3 -1 -3 -3 -2 -1 -3 -1  2 -2  1 -1 -3 -2  0  4 -4 -3  1 0 1 0 1 0.22
-3 -2  7  1 -5  0  3 -3 -1 -5 -5 -1 -4 -5 -1  0 -2 -6 -4 -5 0 1 0 1 0.23
 1 -3 -2 -4 -3  1 -2 -4  0  3 -1 -3  0  3 -4 -2 -1 -2  4  2 0 1 0 0 0.40
-1 -1 -1 -3 -3  0 -3 -3 -3 -2 -1 -2  0 -4 -3  3  5 -5 -4 -2 0 1 0 1 0.36
-3 -4 -5 -5 -3  0 -4 -5 -4  5  2 -4  3  3 -5 -4 -3 -3 -2  2 0 1 0 0 0.33
 2 -1 -2 -3 -3  0 -2 -2  1 -2 -1 -2 -2 -1  3  1  1 -1  3  0 0 1 0 0 0.27
 3 -4 -4 -5 -3 -4 -3 -4 -4  2  1 -4  1 -2 -4 -2 -2 -4 -3  5 0 1 0 0 0.26
-3  0 -2  1 -5  1  7 -4 -1 -5 -5  1 -4 -5 -3 -2 -1 -5 -4 -4 0 1 0 0 0.25
-2  3  0 -2 -4  0 -1 -2 -3 -4 -4  6 -2 -4 -3  2 -2 -4 -3 -2 0 1 0 0 0.23
-2  0 -1  2  2  0  4 -2 -1 -3 -3 -1 -3 -3  3  0 -1 -1 -3 -3 1 0 0 1 0.24
 0  0 -1  0 -3  0  3  4 -1 -3 -3 -1 -3 -2 -2 -1 -2 -3 -3 -2 1 0 0 1 0.23
-4 -6 -6 -6 11 -2 -6 -6 -6 -2 -4 -6 -5 -6 -6 -4 -4 -6 -6 -4 1 0 0 0 0.21
 0  2 -1  0 -4 -2 -1  3  0 -4 -4  0 -3 -3  4  1 -1 -4 -3 -2 0 0 1 1 0.23
-1  1 -1 -2 -3  0  0  1  0  0 -1  0 -1  1  0  0  1 -2  2  0 0 1 0 1 0.24
-2 -4 -1 -4  9  0 -4 -4 -4  0 -3 -4 -1 -4  1 -1  2  0 -4 -2 0 1 0 0 0.23
-2 -1  0 -2 -3  0  1 -2  3  2  1 -1  1 -1 -3 -2 -1 -3 -2  2 0 1 0 0 0.23
 1  1 -1 -2 -2 -1 -1 -2  0 -1  0 -1  0  0  0  2  2  0  0  0 0 1 0 1 0.24
-2 -4 -4 -4 -2 -4 -4 -5 -4  4  1 -4  2  2 -4 -3 -2 -3 -2  4 0 1 0 0 0.24
-1 -1  5  0 -3  0  0 -2  2 -2 -2 -1 -2 -1 -2  1  2 -3  1 -2 0 1 0 1 0.24
 0 -3 -2 -3 -3 -3 -3 -3 -4  0 -1 -3 -2 -3  1  1  6 -4 -3  1 0 1 0 0 0.24
 0  0 -1  2 -2 -1  0 -2 -2 -1 -3 -1 -2 -3  2  1  5 -4 -3 -2 0 1 0 1 0.24
 2 -3 -3 -3 -2 -2 -3  0 -3  3  0 -2  1 -2  1 -1 -1  5 -2  1 0 1 0 0 0.24
-4 -5 -6 -6 11 -5 -6 -6 -6 -5 -5  2 -5 -6 -6 -4 -4 -6 -6 -4 0 1 0 0 0.23
 2 -1 -2 -2 -3 -1  1 -1 -3 -2 -2  2  1 -2 -3  2  0  5 -1  1 0 1 0 0 0.23
-3  3 -3  0 -5 -4 -4  7 -4 -6 -6 -3 -5 -6 -5 -3 -4 -5 -6 -6 0 1 0 0 0.23
-4  2 -3 -4 -5  3 -3 -5  4 -3 -1 -1  1  2 -4 -2 -3  1  7 -3 0 1 0 1 0.22
-4 -7 -6 -7 11 -6 -7 -6 -6  3 -4 -6 -4 -5 -6 -4  0 -6 -6 -3 0 1 0 0 0.15
-2 -1 -1  0 -4  0  0 -3  2 -1 -1 -1  1  2  1 -1 -2  1  6 -2 0 1 0 1 0.19
-3 -4  1 -4 -4  1 -3 -4  4 -4 -2 -3 -4 -4 -4  3  6 -5  1 -4 0 1 0 0 0.21
-2  1  1 -2  3  1  0 -3 -2 -2  0  1  2 -2 -3  0  0  4  2  0 0 1 0 1 0.22
 0 -2 -1  4 -3  1  1  0 -2 -2 -2  0  1 -2 -2 -1  0 -3  0 -1 0 0 1 0 0.20
 0  1 -1  1 -2  1 -1 -2 -2  0  0 -1 -1 -2  2  0  1  4 -1  0 0 0 1 0 0.21
-2 -5  5 -1 -5 -4 -3 -5 -2  1 -2 -4 -1 -5 -2 -1 -2 -6 -5  5 0 0 1 0 0.21
-3 -3 -5 -4 -2 -4 -5  0 -2  0  3 -3  3  1 -3 -3 -4  3  6  0 0 0 1 1 0.18
-3  2 -3  0 -5  1  1 -3 -1  2 -1  5 -1 -4  0 -2 -2 -5 -4 -1 0 0 1 1 0.21
 0 -2  1  1 -3 -2 -1  0  1 -1 -1 -2 -1  0  2  2  1 -4 -1 -2 0 0 1 1 0.23
 0 -1 -2 -2 -5 -4 -2 -3  2 -1 -2 -1 -4 -3  7 -1 -2 -2  0 -1 0 0 1 0 0.22
-1 -1 -3 -1 -4  0 -1 -3  1 -1  2  1  2  3 -3 -2 -2  0  3  0 0 0 1 0 0.19
-1  1 -1  0 -3 -1 -1  1 -1  1 -2  1  0 -1  2  1 -1 -3  1 -1 0 0 1 0 0.16
 1  1  0  0 -4  0  1 -2  3 -3 -2  0 -1 -2  4  0 -1  3 -3 -3 0 0 1 1 0.14
 0  0  1 -2 -3 -2 -1 -3 -1  0  1 -2  1 -1  2  1 -1 -4 -1  1 0 0 1 0 0.11
-1 -2  0 -2 -4 -1  1 -3  4  1 -1  0 -2 -1  2  1 -1 -3  3  0 0 0 1 1 0.17
-6 -4 -4 -5 -8  8 -1 -7  6 -8 -7 -3 -5 -7 -6 -5 -5 -7 -5 -7 0 0 1 0 0.18
-3  3  2  0 -5  1 -1 -3  3 -4 -3  3 -3 -4  2  0  0 -1 -2 -1 0 0 1 1 0.16
-1 -5 -5 -6 -4 -5 -5 -1 -6  3 -2 -5  2 -4 -5  0  1 -6 -5  6 0 1 0 0 0.15
-6 -9 -8 -9 12 -8 -9 -8 -8 -6 -6 -8 -7 -8 -8 -6 -6 -8 -8 -6 0 1 0 0 0.13
-2 -4  4 -4 -5  0 -4 -3 -4 -2 -5 -4 -1 -5 -5  1  6 -6 -5 -1 0 1 0 0 0.13
-3 -4 -4 -5 -4 -4 -4 -5  2 -2 -3 -4 -3  4 -1 -4 -4 -2  8 -4 0 1 0 0 0.14
-2  3  1  1 -5  1 -1  3  1 -4 -4  3 -4 -5 -4 -1 -1 -5 -4 -5 0 1 0 1 0.15
-1 -1  0  5 -6  0  4 -3 -1 -6 -6  0 -5 -6 -4  0 -1 -6 -5 -3 0 1 0 1 0.15
-4 -1 -5 -6 -4 -3 -5 -6 -5  2  2 -3  0  3 -5 -3  1  7  1  2 0 1 0 1 0.14
-2  4 -1 -3 -4 -1  1 -3 -1  1 -2  0 -1 -2 -4  1  1 -4  1  2 0 1 0 1 0.14
-4 -5 -3 -6 -5 -2 -5 -6  2 -4 -1 -5 -2  3  0 -5 -1  1  8 -3 0 1 0 1 0.14
 0  3 -2 -1 -5  0  4 -3 -1 -2 -2  2 -1 -4 -3 -2 -2 -5 -4  0 0 1 0 1 0.14
-1  0 -3 -4 -4 -1 -2 -4 -4 -2 -4 -2 -1 -5 -3  2  6 -1 -4  2 0 1 0 1 0.14
 0 -3 -4 -4 -3 -3 -3 -4 -4  3 -1  1  0  0 -4 -2 -1  0  0  4 0 1 0 0 0.14
-2  3 -1 -1 -4  1  2 -4  4 -1 -2  2 -1 -1 -3 -1  0 -4  1 -1 0 1 0 1 0.14
-3 -5 -2 -6 -4 -5 -5 -6 -5  4  5 -5  1  1 -5 -4 -2 -4 -3  0 0 1 0 0 0.14
-4 -1 -2 -1 -6  0  1 -5 -1 -6 -6 -1 -5 -6  7  0 -4  0 -5 -5 0 0 1 1 0.15
-3 -2  2  2 -5 -3 -3  6  0 -6 -6 -3 -5 -5 -5 -2 -4 -5 -1 -6 0 0 1 1 0.15
-5 -8 -7 -8 12 -7 -8 -4 -7 -5 -5 -7 -6 -7 -7 -5 -5 -7 -7 -5 0 0 1 1 0.16
 2 -1 -2  1 -5  0  0 -2 -4 -4 -2 -3 -4 -5  7 -1 -1 -6 -5 -3 0 0 1 1 0.17
-1  1 -2 -1 -4 -2  0 -4  3 -1 -2 -2 -2 -3  6 -1 -2 -5 -3  1 0 0 1 1 0.17
-1 -3  0  1 -5 -1 -2  5  6 -6 -5 -3 -5 -5 -3 -2 -4 -3 -1 -5 0 0 1 1 0.18
 1 -4 -4 -5 -3 -4 -2 -4 -5  1 -2 -3 -1 -3 -2 -1 -1 -5 -4  6 0 0 1 1 0.18
-1 -3  3  6 -4 -2  1 -3 -2 -3 -4 -2 -4 -4 -2  0 -1 -4 -4 -3 0 0 1 1 0.19
-2 -1 -3 -3 -4 -3 -3 -4 -2 -4 -3 -3 -4 -4  8  2 -3 -5 -4 -3 0 1 0 1 0.19
-1 -2 -2 -3 -2 -1 -2 -3  1  0  1 -2  1  3 -3 -1  2 -2  3  1 0 1 0 1 0.18
-3 -4 -4 -5 -4 -4 -4 -4  0 -1 -1 -4 -2  6 -4 -4 -3 -1  6  3 0 1 0 0 0.18
-2 -1 -2 -3 -4 -3 -2 -4  3  0 -3 -2 -1 -3 -4  3  5 -4  1 -1 0 1 0 1 0.18
-3 -5 -6 -7 -6 -5 -6 -6 -2 -2 -2 -5 -2  3 -6 -5 -5 -1  9 -1 0 1 0 0 0.18
-3 -3 -5 -5 -6 -5 -5 -6 -2 -3 -2 -4 -5 -2  8 -4 -2 -7 -6 -1 0 1 0 0 0.18
-1 -5  0 -1 -4 -3 -2 -5 -5  0 -2 -4  0 -4 -5 -2 -2 -6 -4  7 0 1 0 0 0.17
 7 -5 -5 -5 -4 -4 -4 -3 -5 -4 -5 -4 -4 -6 -1 -2 -3 -6 -5 -2 0 1 0 0 0.17
-2  1 -4 -4 -3 -3 -2 -5 -2  1  3 -1  0 -2 -4 -3  2 -4 -3  2 0 1 0 1 0.18
-1  1  2  0 -1 -1  0 -1  0 -5 -5 -1 -4 -5 -3  5  1 -5 -4 -3 0 1 0 1 0.18
-4 -7 -7 -8 12 -7 -8 -4 -7 -5 -5 -7 -5 -6 -7 -5 -5 -6 -6 -5 0 1 0 0 0.18
-2  3  1  2 -5  1  2 -2  6 -5 -4  2 -3 -4 -4 -1 -2 -3 -1 -3 0 1 0 1 0.19
-4 -3 -7 -8 12 -7 -8 -7 -7 -5 -5 -7 -5 -6 -7 -5 -5 -6 -7 -5 0 1 0 1 0.19
 0  1  0  1 -3 -1 -1  4 -3 -3 -3  0 -3 -4 -3  2  1 -4 -4 -3 0 1 0 0 0.20
 0  1  0 -2 -3  0 -1 -2 -2 -1  1  2  1 -2  1 -1  0 -3 -1  0 0 0 1 1 0.20
-4 -7 -7 -8 12 -7 -8 -7 -7 -2 -5 -7 -5 -6 -3 -5 -5 -6 -6 -3 0 1 0 0 0.20
-1  2  5  3 -3 -1 -2 -3  1 -4 -4  0 -4 -2 -1  2 -1 -5 -3 -3 0 0 1 1 0.20
-1  0 -1 -3 -3 -3 -3 -2 -3 -1 -1 -3  4 -3  2  2  5 -4 -1 -2 0 0 1 0 0.20
 0 -1  0  5 -4  0  1  0  0 -4 -4 -1 -4 -3 -3  1  0 -3 -4 -3 0 0 1 1 0.21
-1  0  3  0 -4 -1 -2 -3  1 -1 -3 -2 -2 -2 -3  2  4 -3  3 -3 0 0 1 1 0.20
-1 -3 -1  0 -3 -3 -3 -3 -1 -2 -4 -3 -1 -4 -3  3  6 -5 -3 -2 0 1 0 0 0.14
-3 -3  0  6 -5 -2  3 -4  1 -2 -5 -3 -4 -2 -4  0 -3 -5  1 -4 0 1 0 0 0.11
-4 -6 -6 -6 11 -6 -6 -6 -6 -5 -5 -6 -5 -5 -6 -4 -4  1 -5 -4 0 1 0 0 0.09
 0 -4 -3 -2 -3 -3 -3  4 -4  1 -3 -3 -3 -4 -4 -1  5 -5 -4  1 0 1 0 0 0.09
-1  1 -2 -3 -2  0 -1  0  4  0 -1 -2  1  2 -1 -1 -2  1  1  2 0 0 1 0 0.06
-1  3 -2  0 -4  2  2 -1  0 -2 -1  0 -2  0  2 -1 -1 -3  0 -3 0 0 1 1 0.06
 1  1  0 -2 -3 -2 -2  3 -3 -4 -4  0 -3 -4  0  4 -1 -5 -4 -4 0 0 1 0 0.06
 0 -3 -1  0 -3 -1 -2 -2 -2  1  3 -3  1 -1 -1 -1  0 -3  2  0 0 0 1 0 0.05
-1  1  0  0 -4  3  2  3  2 -1 -4  0 -3 -4 -1 -2 -1 -4 -2 -2 0 0 1 0 0.07
-1 -5 -2 -4 -2 -4 -4 -3 -5 -2 -2 -4 -1 -5  7 -1  2 -6 -5 -3 0 0 1 0 0.07
 0 -2  3  4 -3 -2 -1 -2 -1 -2  0 -2 -2 -3  1  3  0 -2 -1 -3 0 0 1 1 0.11
 0 -2 -3 -2  3 -2 -3 -1  1 -2 -2 -3 -3  4 -3  1 -1 -1  6 -2 0 0 1 0 0.10
-3 -7 -6 -7 11 -6 -7 -6 -7 -5 -2 -7 -5 -6 -2 -4 -4 -6 -6 -4 0 0 1 0 0.14
-1 -2 -1  2 -3 -2 -2 -1 -3  0 -3 -2  0 -4 -1  4  3 -4 -2 -2 0 0 1 1 0.14
-1  0 -2 -1 -3 -2 -2 -3  2 -2  0  3 -1  4 -3  0 -2 -2  1  0 0 0 1 1 0.16
-2 -1  2 -2 -4 -1 -2  0 -3 -4 -4 -1 -4 -5  6  2  0 -5 -4 -4 0 0 1 1 0.27
-2  2  0 -1 -4  5  2 -3  3 -4 -4  0 -3 -2  3 -1 -1 -4 -2 -4 0 0 1 1 0.36
-2  1 -1 -2 -3  1  1 -3  0  1  2  2  2  0 -1 -1 -2 -3 -1 -1 0 0 1 1 0.45
-2  1 -2 -2 -4  3  1 -3 -2 -4 -4  2 -3 -4  5  1 -1 -4 -3 -3 0 0 1 1 0.40
-2 -1  0  4 -4  2  4 -2 -1 -4 -4  2 -3 -4 -2 -1 -2 -4 -3 -3 0 0 1 1 0.50
