-2 -3 -4 -5 -3 -2 -4 -4 -3  0  2 -3  9 -1 -4 -3 -2 -3 -2  0 0 0 1 1 0.85
 2 -2  2 -1 -2  0 -1 -1 -2 -3 -3 -1 -2 -3  1  2  4 -4 -3 -2 0 0 1 1 0.77
-2 -3 -4 -4 -3  0  0 -3 -1 -1  2 -3  7  3 -4 -2 -1  2 -1  0 0 0 1 1 0.72
 0 -1  0  0 -3  0  1 -2 -2 -2 -2 -1 -1 -4  3  2  3 -4 -3 -2 0 0 1 1 0.61
 1  1  0  2 -3  0  1 -2 -2 -2 -2  2 -1 -3  1  0  1 -3  0 -1 1 0 0 1 0.66
 1 -1 -1  2 -3  0  0 -2 -2  0  0 -1 -1 -3  0  1  3 -4 -3 -1 1 0 0 1 0.61
 2  0 -2  0 -4  0  2 -2 -3 -4 -4  0 -3 -5  5  0  0 -5 -3 -3 1 0 0 1 0.44
-1  2 -1  4 -4  2  0  2 -1 -3 -3  0 -3 -4  0  0  0 -4 -3 -2 0 0 1 0 0.62
 2 -4 -4 -4  7  0 -3 -3 -3  1 -3 -4 -3 -3 -1 -1  0  6  2 -1 0 1 0 1 0.57
 1 -2 -4 -4 -3 -1 -3 -4 -4  1  4 -2  2 -1 -1 -1 -2 -4 -2  2 0 0 1 1 0.56
 2  1 -3  1 -3 -2 -1 -1 -3 -4 -4 -2 -4 -5  5  0  2 -5 -4 -3 0 0 1 0 0.52
 0 -4 -1 -4 -4 -3 -3 -3  1 -3 -3 -3  0  4  5 -1  1  6  1 -3 0 0 1 0 0.55
-1  1 -1  3  1 -1 -1 -3  4 -4 -1 -2 -3 -3  0  3  0 -4  0 -3 0 0 1 1 0.45
 3  1 -2 -2 -4 -1  1 -1 -1 -4 -4 -1 -3 -5  5  1  1 -5 -4 -3 0 0 1 1 0.37
 0 -1  1  1 -3  0  0  3  2 -3 -1 -2  1 -2 -2  1  2 -4 -3 -1 0 0 1 1 0.29
-1 -2 -4 -3 -4 -3 -1 -1 -2 -1 -2 -2 -1 -5  6  0  2 -5 -3 -1 0 0 1 0 0.25
 2  2  0 -1 -2  0  1 -2  1 -2 -3  0 -1 -4 -1  2  2 -4 -3 -2 0 0 1 1 0.24
 1  2  0 -2 -3  0 -1 -2 -2 -2 -1  2 -2 -2  3  0  1 -4 -3 -2 0 0 1 1 0.20
-2 -5 -6 -6 -7 -5 -5 -4 -3 -5 -3 -5 -3 -4  8 -5 -2 -7 -7 -4 0 0 1 0 0.17
 2  3  1  1 -2  0  0 -1  1 -3 -2  1 -2 -3 -1  1  0 -4 -3 -1 0 0 1 1 0.14
-1  1 -2 -1 -2 -1 -1 -2  1 -1  0 -1 -2  5  1 -1  1 -1  1 -1 0 0 1 0 0.11
 2  2 -2  0 -2  1 -1 -1 -1 -2 -1  1 -1 -2  1  0  1 -1 -2 -1 0 0 1 1 0.07
 1 -4 -5 -5 -2 -1 -4 -5 -5  1  3 -4  3 -2  3 -2 -1 -5 -4  1 0 0 1 0 0.04
-3 -5 -6 -4 -7 -5 -4 -4 -6 -7 -6 -5 -3 -3  8 -3 -4 -7 -7 -6 0 0 1 0 0.02
 3 -1 -2  0 -3 -1  0 -4 -1  0 -2 -1  0 -3  5 -1 -1 -5 -1 -2 0 0 1 1 0.01
 0  1  1  0 -4 -2 -2  5 -2 -3 -2 -1 -2 -4 -1 -2 -2 -5 -4 -4 0 0 1 1 0.01
 4 -1 -4 -4 -2 -4 -4  0 -4  0 -2 -3 -2 -3 -4  2  1 -5 -1  1 0 0 1 0 0.01
-4 -9 -9 -10  5 -9 -9 -9 -9  6 -4 -9 -6  2 -9 -8 -3  5 -7  4 0 1 0 0 0.00
-10 -10 -2  9 -12 -8 -6 -9 -9 -11 -12 -9 -11 -12 -10 -8 -9 -13 -11 -11 0 1 0 0 0.00
 5 -8 -7 -8  5 -7 -7 -4 -8 -2 -8 -7 -3 -5 -2  3  4 -9 -8 -4 0 1 0 0 0.00
-10 -9 -8 -10 -12  0 -9 -11 12 -12 -12 -9 -10 -10 -11 -10 -10 -11 -7 -12 0 1 0 0 0.00
 2 -5 -5 -7  4  3 -6 -7  5  1  1 -6  3  2 -4 -3  0 -7 -5  2 0 1 0 0 0.00
-10 -8 -4 -9 -11 -3 -4 -10 12 -11 -11 -9 -10 -9 -10 -9 -10 -10 -7 -11 0 0 1 0 0.00
-3 -8 -8 -8 -1 -6 -8 -8 -5  4  2 -8 -1  4 -8 -6 -3 -3  0  5 0 0 1 0 0.01
-6 -8 -8 -9 -8 -8 -8 -8 -4  2 -3 -8 -4  6 -6 -8 -6 10  4 -1 0 1 0 0 0.00
-2 -1  0  6 -6  0  1  2  0 -5 -2 -3 -6 -6 -2 -1 -3 -6 -4 -5 0 0 1 0 0.01
-1  2 -2  1 -5 -1 -1 -3 -2 -3 -1 -2 -2 -3  6  0 -1 -2 -4 -3 0 0 1 0 0.01
 1  1 -1  0 -3  0  0  1  0 -1 -1 -1 -2 -2  1  0  0  0 -1  0 0 0 1 1 0.01
 2  2 -1  3 -3  1  1 -2  1 -3 -3  0 -4 -1 -1  0 -2 -1 -2 -2 0 0 1 1 0.01
-1  5 -1  3 -4  0  0  1  3 -3 -4  0 -7 -5 -2 -3 -2 -2  1 -3 0 0 1 1 0.01
-2 -3 -6 -3 -4 -1 -4 -1  1 -2  0 -5 -3  6 -6 -4 -5  2  7 -3 0 0 1 0 0.01
-1 -4 -3 -1 -4 -4 -5 -3 -3 -5 -4 -3 -2 -5  8 -3 -4  5 -3 -7 0 0 1 1 0.01
-1 -4 -4 -5 -5 -6 -5 -6 -2  1  2 -6  1  2 -1 -4 -2  9  4 -1 0 0 1 0 0.01
 3  0 -3 -1 -3 -2 -3 -2  0  1  1 -2  1 -1 -1  1  1  2 -4  1 0 0 1 0 0.01
 1 -3 -2  1 -5 -1  2 -1 -3 -4 -4 -2 -4 -5  6 -1 -1 -2 -4 -4 0 0 1 1 0.01
-1 -3  3  3 -8  0  2  3  1 -5 -5 -2 -3 -6  1 -1 -1 -9 -4 -3 0 0 1 1 0.01
 2  5  0 -1 -3  1 -1  0  1 -4 -1 -2  2 -6 -1 -1 -2  2 -3 -2 0 0 1 0 0.01
 1  2 -2 -1 -5  0  0  2  1 -3 -3  1 -1 -4  2  1  0  3 -3 -2 0 0 1 1 0.01
-1 -2 -5 -2 -4 -4 -2 -4  1 -3  0 -4  1  1  2 -3 -3  1  7  0 0 0 1 0 0.01
 0  1 -1 -2 -2  0 -1 -4 -2  1  3 -2  1 -2 -2 -2  3 -2 -5 -1 0 0 1 1 0.01
-3 -1 -2 -1 -3 -1 -2 -4 -1 -5 -2 -3  1 -5  7 -3 -3 -3  1 -2 0 1 0 0 0.01
 0  4 -2  0  2  1  0 -3  0 -4 -5  0 -5 -6  4 -2 -3 -6  2 -2 0 0 1 0 0.01
-1 -2  0  6 -3 -2  0 -1  0 -3 -2 -4 -3 -5  2 -1  0 -3 -1 -3 0 0 1 0 0.01
 4 -2 -2 -4  0 -2 -6 -1  2 -3 -2 -4 -2  5 -3 -3 -4 -1  3  0 0 1 0 0 0.01
-1 -1 -2  0 -7 -2 -3  1 -3 -4  1 -3 -1 -3  3  1  4 -1 -3 -3 0 0 1 0 0.01
 1 -3 -4 -3 -1 -3 -2 -4 -2  1  2 -2 -1 -1  4 -2 -3  0 -1  2 1 0 0 0 0.01
 2 -3 -3  4 -2  0  5 -3  1 -4 -6 -2 -3 -9  0 -1 -2 -9 -4 -4 1 0 0 1 0.01
 1 -1 -1  5  0  2  1 -3  0 -4 -4 -2  1 -2 -4 -2  0 -1 -3 -2 1 0 0 1 0.01
-1 -3 -8 -3 -1 -3 -8 -5 -1 -2  4 -8  1  1 -2 -8 -4  2  7 -3 1 0 0 0 0.01
 0  2 -1 -2  0  0  0 -3  0  0  3  0  1  0 -2 -3 -2  2 -1 -1 1 0 0 0 0.01
 4  0 -1 -1  0  1  0 -1  0 -2 -3  0  0 -1  2 -1 -1 -8 -7 -2 1 0 0 1 0.01
-1  0  0  0  2  0  0 -1  2  0 -1  0  2  1  0 -1  0  4  1 -1 1 0 0 0 0.01
-1  0  0  0  2  0  0 -1  2  0 -1  0  2  1  0 -1  0  4  1 -1 1 0 0 0 0.01
 2  2 -1  4 -4  1  2 -1  0 -5 -4  1 -4 -5 -3 -1 -2 -7 -6 -4 1 0 0 1 0.01
 3  3  0  0 -5  1  1  1  2 -4 -4 -1 -3 -3  0 -1 -1  0  0 -3 1 0 0 1 0.01
 2 -2  1 -3  1 -2 -3 -4  4  0  2 -4  0  1 -4 -1  0  1  2 -1 1 0 0 0 0.01
-2  0  2  0 -4 -2 -2  6  1 -3 -6 -4 -7 -5 -2 -3 -4 -7 -4 -5 0 0 1 1 0.01
-3 -5 -6 -4 -1 -7 -6 -8 -3  5  0 -7  1  1 -6 -6 -2 -7 -6  5 0 0 1 0 0.01
 0  0 -2  4 -1  0  2  0  0 -3 -4 -2 -3 -6 -4  1  2 -6 -4  0 0 0 1 1 0.01
 1  4  0 -3 -4 -1 -3  3  3 -6 -6  3 -3 -3 -6 -2 -4 -6 -1 -4 0 1 0 0 0.01
 3 -5  0 -4  2 -5 -5  2 -3 -2 -2 -5 -2 -3 -5  2  3 -6 -4  1 0 1 0 0 0.01
-1 -8 -6 -9 -1 -3 -8 -6 -9  2 -1 -8 -1 -7 -5 -6 -3 -3 -7  7 0 1 0 0 0.00
-1 -4 -4 -2 -2 -4 -4 -5  3  4  3 -5 -2  0 -3 -4 -2 -1  1  3 0 1 0 0 0.00
-2 -8 -8 -8 -1 -4 -7 -8 -8  1 -1 -7  1 -2 -8 -4  0 -2 -7  7 0 1 0 0 0.00
-1 -4 -3 -2 -2  8  2 -3  2 -5 -5 -4 -4 -4 -3  0 -1 -7 -7 -3 0 0 1 0 0.00
 4 -4 -3 -5  0 -1 -2  1 -3 -4 -4 -4 -2 -4  4  0  0 -6 -4  0 0 0 1 0 0.00
 1  0  1  0 -2 -2 -1 -1 -1 -1 -2 -2 -1 -3 -2  4  2 -2 -2 -3 1 0 0 0 0.01
 0 -2 -1  0  3  0 -1 -1 -1  1 -1 -3  0  2  1 -1  0  3  0  1 1 0 0 0 0.01
-2 -3 -1  1 -1  2 -1 -4  5 -1 -1 -3 -2  0 -3  0  0  1  5 -2 1 0 0 0 0.01
 0 -1 -2 -1 -5  0  2  5 -2 -3 -3 -1 -2 -3  0 -2 -3  0 -4  0 0 0 1 0 0.01
 2  0  0  1 -2 -1  1 -3 -2 -2 -2 -2 -2  2  0 -1  3  0  0 -1 0 0 1 1 0.01
-3 -3 -1  7 -8  1  3 -2 -1 -5 -4 -5 -7 -7 -3 -4 -4 -2 -3 -7 0 0 1 1 0.01
-2 -3  6 -1  1  1  2 -4  2 -3 -5 -3 -2 -3 -1 -1  3 -6 -3 -4 0 0 1 0 0.01
 1  3 -1  1 -1  0  1 -2  0 -4 -2 -2 -2 -2 -1  2  2 -1 -1 -1 1 0 0 1 0.01
 1 -1 -2 -3  2 -2 -1 -2  0 -2 -1 -3 -2  2  0 -1 -3  6  6 -1 1 0 0 0 0.01
-1 -2 -3 -3 -4  0  0 -5 -1  1  3 -3  3  1 -3 -2  0  2 -1  1 1 0 0 0 0.01
-1 -1 -3 -3 -1  0 -2 -3  1  1  4 -2  0 -1 -5 -2 -1  0 -1  1 1 0 0 1 0.01
 1  0  0  4 -4  1  3 -1  1 -4 -2  0 -3 -2 -2  0 -1 -4 -1 -2 1 0 0 1 0.01
 2 -1 -1 -2  2 -1 -1 -1  0  0 -1 -1  1  0 -3  1  0  2 -1  1 1 0 0 0 0.01
 0 -1 -1 -1  2 -1 -1 -2  0  0  3 -1  2  0 -3 -1 -1 -3 -2  0 1 0 0 0 0.01
 2  2  0  0  1  0  0 -1  0 -1 -2  1 -2 -3 -1  0  0  4 -2 -1 1 0 0 1 0.01
 2  4 -1  1 -2  2  1 -2  1 -4 -4  2 -5 -3 -2 -1 -1  0 -2 -3 1 0 0 1 0.01
 1  0 -1  0  0  0  0  0  3 -2  0 -2 -1  0 -2  1 -1  0  3 -2 0 0 1 0 0.01
-3 -1  1  1 -2  0 -1  3  2 -3 -3 -3 -2 -3  5 -2 -2 -1 -2 -4 0 0 1 1 0.01
-1 -1 -1  3 -6 -1  1  3 -1 -2 -4 -1 -2 -1  3 -1 -2  0 -3 -3 0 0 1 1 0.01
-1  5  0 -1 -3  0 -2 -2 -1 -1 -1  0  0  1  1 -1 -1  2 -2 -1 0 0 1 1 0.01
 1 -3 -3 -6 -2 -6 -5 -2  0  3  2 -4  0  5 -1 -3 -3  2  1  1 0 1 0 0 0.01
 2  5 -4 -4  1 -2 -3 -1  0  0 -2  1 -2 -3 -1 -3 -2 -2 -3  2 0 1 0 0 0.01
 2 -7 -4 -7 -2 -4 -7  6 -4 -3 -3 -5 -1 -4 -2 -5 -3 -8 -3  0 0 1 0 0 0.01
 0 -5 -5 -8  1 -5 -5 -3 -2  4 -2 -5  1  0 -7 -5 -2  0 -2  6 0 1 0 0 0.01
 4  0 -7 -3  3 -2 -7  0 -7  1 -3 -7 -6 -2 -3 -3 -1  1 -2  4 0 1 0 0 0.01
 0 -2  0 -1  3  0 -2  1  1  0  0 -2  0 -1 -2  0  0  2 -1  2 0 0 1 0 0.01
 1 -7 -2 -3  1 -7 -3 -3  0  1  1 -3  1  1 -1 -2 -3  7  0  3 0 0 1 0 0.01
-1  0  0  0  2  0  0 -1  2  0 -1  0  2  1  0 -1  0  4  1 -1 0 0 1 1 0.01
 1  0 -2  2  0 -2 -1 -1  0 -2 -2 -1 -2 -2  6 -2 -2 -7 -2 -3 0 0 1 0 0.01
 0  0  1  4 -1 -1  1  0  1 -2  0 -2 -1 -1  0  0  0  0 -2 -2 0 0 1 1 0.01
 1 -1 -1  0  1 -1  0 -1  0  1  0 -1  0 -1 -1 -1  1 -4 -1  1 0 0 1 0 0.01
 1 -1 -1  2 -1 -1  0  0  0 -2 -3 -1 -1 -2  2  2  2 -5 -2 -2 0 0 1 1 0.01
 0  0 -1  4 -6  0  2 -2 -1 -2 -2 -2 -1 -2  2 -1 -1 -6 -2 -2 1 0 0 1 0.01
 2  0 -1  3 -1  0  2 -1  0 -2 -3 -1 -4 -2  1  0 -1 -5 -2 -2 1 0 0 1 0.01
 1  0 -2  0 -1  2  3 -1  0  0  0 -1 -1 -1 -2 -2  0 -1 -1 -1 1 0 0 1 0.01
 0 -2 -4 -4 -5 -2 -2 -4 -2  2  4 -3  1  0 -2 -3 -2 -1 -2  1 1 0 0 0 0.01
 3  3 -1  3 -6  1  2 -2  0 -3 -3  1 -2 -5 -4 -2 -3 -3 -4 -3 1 0 0 1 0.01
 2  4 -2 -1 -1  1  2 -2  3 -3 -2 -1 -1 -3 -3 -1 -1 -1 -1 -1 1 0 0 1 0.01
-1 -5 -7 -5 -1 -2 -5 -7 -3  0  5 -4  4 -1 -5 -5 -6  5  1 -1 1 0 0 0 0.01
 2  1  0  1 -2  0  1 -2  5 -1 -2  0 -2 -3 -3 -1 -1 -2  0 -1 1 0 0 1 0.01
 2  2  0  2 -4  1  2 -1  2 -3 -2  0 -2 -3 -2  0 -1 -5 -1 -3 1 0 0 1 0.01
 2  0 -1 -1 -1  1  0 -1  0 -1  1  0  0 -1  1 -1 -1  2  0 -1 0 0 1 1 0.01
-1  0  0 -1 -4 -3 -2  5 -1 -3 -2  0 -3  0  0 -1 -2  0  0 -3 0 0 1 0 0.01
 2 -3 -3 -3  0 -3 -2 -2  0  2  1 -3  2  2  0 -1 -1 -3  0  3 0 1 0 0 0.01
-1  5  0 -1  1  0 -2 -1  0 -1 -2  1 -3 -1 -1 -1 -1 -4 -3  0 0 1 0 0 0.01
 1 -4  1  0  2 -3 -1  5  2 -1 -2 -3 -4 -4  0  0 -1 -4  1 -4 0 1 0 0 0.01
-1 -1 -1  0  1 -3 -1 -2 -3  1  0 -1  0  0  3 -1 -1  2  0  2 0 1 0 0 0.01
-1  7 -5 -5 -6 -1 -2 -3  0 -6 -2  3 -5 -6 -2 -3 -5 -6  0 -3 0 1 0 0 0.01
-3 -2 -5 -3 -1 -2 -2 -4  3  1  3 -3  0  5 -2 -3 -3  0  0  0 0 1 0 0 0.01
 0  0  2 -1 -1  0  0 -2  3 -1 -1  2  1 -1 -2 -1 -1  0 -1  0 0 1 0 0 0.01
-1 -2 -5 -2 -6 -2 -2  1 -3 -1  3 -4  0  3  2 -4 -2  1 -1  2 0 0 1 0 0.01
 0 -1 -2 -2 -5  3 -2 -1  2  1  1 -1  0  0 -2 -1 -2  0  0  2 0 0 1 0 0.01
 0  5 -1  0 -2 -1 -3  2  1 -6 -4  0 -1 -1  1  0 -1 -1  0 -3 0 0 1 1 0.01
-1  2 -2  0 -3  1  1  2  5 -4 -1 -1 -2 -5  3 -1 -2 -3 -3 -2 0 0 1 1 0.02
 1 -3 -3 -1 -2  0 -1  2  0 -2  1 -2  2  1  3 -2 -2  0 -1 -2 0 0 1 0 0.02
 0 -2 -2  2 -3 -2 -2  1 -1  0  1 -2  2 -1  0  1 -2 -2 -2  2 0 0 1 1 0.02
-1 -1  0  3 -3  1  1  2  1 -3 -5 -3 -1 -2  3 -2 -1  0 -4 -2 0 0 1 1 0.02
 1 -3  0  5 -3 -2 -1  1  0 -4 -2 -4  1  1  0  0 -1  0 -2 -2 0 0 1 1 0.03
 1 -2 -3 -1 -1 -3  1 -2 -6  1  2 -2  0  1  1 -1  0  4  0  1 0 0 1 0 0.03
 0  0 -3  1 -1  0  0  0 -1 -1  1 -3 -1 -2  3  0  1 -1 -2 -1 0 0 1 1 0.02
 0  1 -1  3 -6  0 -1 -1  1 -2  1  0  0  0 -1 -1  0  4 -3 -1 1 0 0 1 0.02
 1  1 -3  4 -3  0  1 -2 -1 -3 -1 -2  0 -3  2 -1 -2 -1 -7 -2 1 0 0 1 0.02
 1  1 -1  2 -1  1  2 -2  1 -2 -1 -1  1 -1  0 -1 -1  0 -1  0 1 0 0 1 0.01
-1 -2 -2 -3  0  0 -2 -2 -1  0  2 -3  3  3 -2 -3 -2  7  1  0 1 0 0 0 0.01
-1  3 -2 -1  0  1  0 -4  0 -1  2 -1  2  2 -1 -3 -1  3 -1 -1 1 0 0 1 0.01
-1  0  0  0  2  0  0 -1  2  0 -1  0  2  1  0 -1  0  4  1 -1 1 0 0 1 0.01
 0  1 -1 -2 -1 -1 -1 -1  0  1  3 -2  1  1 -2 -3 -2  3  0  0 1 0 0 0 0.01
 4  2 -3 -2  0 -2 -2 -2 -1  0  1 -2  1  0 -2 -2 -3  0 -1 -1 1 0 0 0 0.01
 3  1 -2  0 -1  0  1 -1  0 -1 -2  0 -1 -2  0 -1 -2  3 -2 -1 0 0 1 1 0.01
 0  4 -2  0  1 -1  0 -3  2 -1  1  0  0 -1 -3 -3 -2  0  1  0 0 0 1 1 0.01
 0  0 -1  0  0  0  0 -2  1  2  2 -1  1  0 -2 -1 -1  1  0  0 0 0 1 0 0.01
 1  1  0  1  1  0  0 -1  1 -1 -1  0  0 -3  2  0  0 -4  0 -1 0 0 1 0 0.01
 1  0  0 -1  1  1 -1 -1  2 -1  1 -1  1  1 -1 -1 -1 -3  0  0 0 0 1 1 0.01
-3 -2 -1  2 -2 -2 -3  6 -2 -2 -5 -4 -5 -4  0 -2 -2 -8 -4 -3 0 0 1 1 0.00
-7 -6 -4 -7 -4 -4 -3 -3 -5  0  3 -7  3  2 -6 -9 -4 10  0  1 0 0 1 0 0.01
-1 -2 -3  0  1 -1 -2 -3  8 -3 -3 -6  2 -2  0  1  0 -2 -1  0 0 1 0 0 0.00
-1 -5 -5 -5  3 -6 -9 -6 -3  3  2 -6  1  3 -3 -3 -3 -1  2  4 0 1 0 0 0.00
-2 -3 -3  4  0  5  3 -2  2 -2 -4 -3  1 -2 -2 -3 -3 -9 -8  0 0 1 0 0 0.00
 0 -4 -9 -3  0 -5 -7 -5 -4  3  4 -3  1  2 -5 -5 -3 -1 -3  2 0 1 0 0 0.01
-3 -2 -1 -2  2  4 -5 -1  5 -4  2 -5 -3 -1 -1 -3 -2  3  4 -2 0 1 0 0 0.01
 0  0 -5 -2  0 -4 -5 -3  0  3  1 -5  2  4 -1 -5  0 -2 -2  3 0 0 1 0 0.01
-2  2  0  4 -3  0  1  0  3 -5 -2 -3 -4  0  2 -3 -1 -1  0 -4 0 0 1 1 0.01
 3 -4 -2 -3 -1 -2 -3  1  1 -2 -1 -4  0 -1  4  0 -2  1 -2 -1 1 0 0 1 0.01
 1  2 -1  3 -2  1  0 -1  4 -3 -4 -1 -3 -3  0  0 -2  3 -2 -2 1 0 0 1 0.01
-2  0 -2  3 -3  4  0  0  5 -3 -1 -3  1 -3 -5 -2  1 -2 -1 -2 1 0 0 0 0.01
-2 -7 -4 -4 -2 -7 -4 -5 -2  3  5 -7  3  0 -3 -5 -3  3  0  0 1 0 0 0 0.01
 2 -1 -2  1 -6  0  1 -1 -1 -2 -2 -1 -1 -4  5 -2 -2 -1 -3  0 1 0 0 1 0.01
 2  0 -1  3 -1  1  3 -1  0 -3 -3 -2 -2 -4  0 -1 -2 -1 -2 -3 1 0 0 1 0.01
 2 -3 -3 -3  0 -2 -4 -3  1  2  4 -4  1  0 -8 -4 -2  1  0  1 1 0 0 0 0.01
 2  1 -3 -2 -1  0  1 -3  2  2  1 -1  0 -1 -3 -2 -2  1 -1  0 1 0 0 1 0.01
 1  1 -1  2  1  0  1 -2  1 -1 -3 -1  0 -1  3 -1  0 -7 -1 -2 1 0 0 1 0.01
 0  1 -1 -2  2  0 -2 -2  0  1  2 -1  1  2 -1 -2  0  2  0  0 1 0 0 0 0.01
 2 -4 -2 -2  1 -1 -2 -2  0  1  3 -2  1  1 -5 -2 -2  1  0  0 1 0 0 0 0.01
 1  2 -1  0 -2  1  1 -2  0 -1  0  1  1 -3  1  0  0 -2 -2 -2 1 0 0 1 0.01
 2  3 -1  1 -3  1  1 -1  1 -4 -3  2 -1 -5 -2  0 -2 -5 -2 -3 1 0 0 1 0.01
-1 -1 -3 -3  1 -1 -3 -5  3  0  3 -3  0  3 -1 -1 -1  0  2 -1 0 0 1 0 0.01
-3  0 -1  3 -7 -2 -2  1 -3 -4 -5 -2 -7 -7  7 -2 -4 -8 -4 -7 0 0 1 1 0.01
 0 -1  0  0  2 -1 -1 -1  0  1  1 -1  1  0 -1 -1  1 -3 -2  2 0 0 1 0 0.01
-1  2 -1 -1  0  1 -1 -2  2  0 -1  0  0 -3  3 -1  1 -4 -1  0 0 0 1 1 0.01
-2 -1 -1 -5  1 -2 -4 -2 -4  2  1 -4  1  3 -2 -2 -1  5  0  3 0 1 0 0 0.01
-1 -5 -3 -5  4 -4 -5 -5 -5  3  0 -4  1 -1 -5 -1 -2 -5 -4  5 0 1 0 0 0.01
-2 -4 -4 -5 -3 -4 -4 -5  0  4  3 -4  2  1 -3 -4 -2 -3 -1  2 0 1 0 0 0.01
-2 -4  2  7  0  0 -1 -1 -4 -3 -5 -3 -5 -5 -1 -2 -2 -6 -5 -4 1 0 0 0 0.01
-5 -1  0 -1 -6 -3 -4 -6 11 -6 -6 -4 -5 -5 -6 -5 -5 -6 -2 -3 1 0 0 0 0.01
 0 -1 -1 -3  4 -3 -3 -1  1  0  2 -3  3  2  0 -1 -1  2  0 -1 1 0 0 0 0.01
 2 -3  0 -3  2  0 -3  4 -3 -3 -1 -3  1  0  0  0  0 -4 -3 -1 1 0 0 0 0.01
-3  3 -1 -4  2 -2 -4  0  4 -3  0  3  3  1 -4 -1 -2 -1 -1 -3 0 0 1 0 0.01
-1 -4 -8 -5  1 -8 -8 -2 -2  0  0 -2  1  2  6 -4 -1  0 -2 -1 0 0 1 0 0.01
-1 -1  0  3 -1  1  0 -2  0 -3  0 -1 -2 -1  4 -2 -1  1 -1 -1 0 0 1 0 0.01
 1 -2 -3  1  1 -1 -2 -2  0  3  0 -3  1 -1  3 -3 -2 -1 -1  1 1 0 0 0 0.01
 2  2 -1 -1 -2 -1  0  0  0 -3 -3  0 -1 -2  3  0  0  1 -2 -2 1 0 0 1 0.01
 1  0  0  2 -2  1  1  0 -1 -2  0  0 -2 -3 -1  1  0 -2 -1 -1 1 0 0 1 0.01
 0 -1 -2  0 -1 -1 -1  5 -1 -4 -3 -2 -2 -5  2 -1 -1  0 -3 -4 0 0 1 0 0.01
 2 -1 -2 -1 -2  0  1 -1 -3  1  1 -2 -1 -2  2 -2  0 -1 -1  1 0 0 1 0 0.01
 1  1  0  4 -4 -1  0  1  1 -1 -2 -1 -2 -2 -1  0 -1 -1 -1 -4 0 0 1 1 0.01
 0 -1 -1  3 -2  2  1  1  4 -3 -1 -3 -1  0 -1  0 -3  0 -1 -4 0 0 1 0 0.01
 2  0 -4  1 -3 -2  2 -2 -1 -2 -3 -2 -4 -2  5 -2 -1 -1  0 -2 1 0 0 1 0.01
 2  1 -2  0 -3 -2  1  3  1 -3 -3 -3 -3 -5 -1  0 -4  7 -3 -3 1 0 0 0 0.01
 0 -1 -6 -4 -3 -1 -4 -5  1 -1  0 -2  0  6 -6 -4 -4  8  1 -1 1 0 0 0 0.01
 2  3 -2  2 -4  3  1 -2 -1 -3 -4  1 -7 -4  1 -1 -2 -8 -3 -5 1 0 0 1 0.01
 3  1 -1  1 -2  0  0  1  1 -3 -2 -2 -1 -3 -3 -2 -1  1 -1 -2 1 0 0 0 0.01
-1 -4 -4 -5 -7 -2 -4 -1 -2  2  4 -8  2  4 -6 -4 -4  3 -1  1 1 0 0 0 0.01
 0  2 -3 -4  1 -2 -2 -6 -3  1  4 -1  4 -2 -4 -1 -2 -2 -5 -1 1 0 0 0 0.01
 2  5 -2  1 -5 -1  2 -2  0 -6 -4  1 -5 -6 -4  1 -1 -4 -5 -5 1 0 0 1 0.01
 1 -1 -5 -4 -3 -2 -1 -6 -3  1  5 -4  1  0 -3 -5 -2 -1 -4 -2 1 0 0 0 0.01
 3 -5 -8 -8  0 -5 -5 -4 -3  1  4 -6  4 -2 -6 -5 -6 -2 -7  2 1 0 0 0 0.01
 4  3 -2  2 -6 -1  2  0 -3 -6 -4  0 -6 -5 -4 -1 -4 -1 -6 -4 1 0 0 1 0.01
 1  1  0  1 -1  1  1 -1  0 -2 -1  0 -2  0 -2  1  0 -4 -1 -2 1 0 0 1 0.01
-1  3  0 -2  2  0 -1  2  3 -3  0  0 -2  0 -1 -1 -2 -1  0 -2 0 0 1 0 0.01
-2  2  0  0 -7 -1  0  3 -1 -7 -7 -1 -6 -7  5 -1 -3 -7 -4 -5 0 0 1 1 0.01
-3  0  7 -1 -1  2 -3  0  3 -2 -4  0 -3 -6 -4 -2 -2 -2 -4 -4 0 0 1 1 0.01
 1 -7 -7 -7  1 -7 -7 -5 -7  2  0 -7 -2 -1 -4 -4  1 -1 -2  6 0 1 0 0 0.01
-1 -2 -4 -5  0 -5 -6 -5  3 -4 -4 -4  1  1 -7 -2 -3 10  6  0 0 1 0 0 0.01
-2 -7 -7 -5  7 -7 -7 -5 -7  2  0 -3  2  1 -7 -3 -2 -7 -4  5 0 1 0 0 0.01
-7 -3 -4  0 -8 -4 -2 -5 -7 -4 -4  8 -1 -8 -7 -4 -4 -8 -7 -7 0 1 0 0 0.01
 0 -6 -4 -7 -1 -6 -7 -5 -4  3  5 -6  0  1 -5 -4 -1 -2 -2  2 0 0 1 0 0.01
-2 -7 -6 -4  0 -6 -6 -1 -7 -5 -6 -6 -7 -4 -4  7  2 -7 -7 -7 0 0 1 0 0.01
 2 -5 -3 -6  3 -6 -1  6 -2 -4 -3 -4 -2 -5 -4 -3 -3 -7 -4 -5 0 0 1 0 0.01
 1 -4 -5 -4 -1 -4 -5 -2 -3  1  3 -5  2  2  4 -2 -2  2 -1 -1 1 0 0 0 0.01
-2 -2 -1  0 -2 -2  2  1  0 -2 -3 -4 -3  1 -1 -2  0  2  6 -2 1 0 0 0 0.01
-2  6 -2 -1 -1 -1  1 -3  0 -1 -2  0  0 -3 -3 -2  1  0 -2 -2 1 0 0 0 0.02
 0  0  0  0  0 -2  0 -3 -1  1  2 -2  2  1 -3 -1  0 -1 -1  1 1 0 0 0 0.02
 1 -1 -1  2 -3 -3 -1  1  0 -3 -3 -2 -3 -2 -3  4  1  2 -3 -2 0 0 1 0 0.02
 1  1 -1  0 -3 -1  0  0  1 -2 -1  1 -2 -1  1  0 -1  2 -2  0 0 0 1 1 0.02
 2  0 -1  0 -2  1  1  0  0 -2 -1  0 -1 -3  1  0  1 -2 -2 -1 0 0 1 1 0.01
 1 -1  0  1 -2 -1 -1  3  0 -2 -2 -1 -2 -1  1 -2 -1  4 -1 -2 0 0 1 1 0.01
 1 -1 -2  0 -4 -2  0 -3 -2 -4 -3 -2 -2  0  5 -1 -2  7  3 -3 0 0 1 1 0.01
-1  1 -1  2 -3  0 -1  0  0 -4 -4 -2 -6 -3  6 -1  1 -3 -3 -3 0 0 1 1 0.01
 0 -3 -1 -2 -3 -1 -1 -2  1 -2 -1 -2  1  3 -2 -1 -2  5  6  0 0 0 1 0 0.01
 2  1 -2  3 -6  1  3 -2  1 -3 -2 -1 -2 -5  0  0 -1 -3 -2 -4 1 0 0 1 0.01
 0 -2  1  6 -3  0  0 -2  0 -3 -4 -3 -4 -3 -3  0  0 -3 -4 -4 1 0 0 1 0.01
 2 -3 -3 -2 -3 -4 -4 -3 -4  1  3 -4  1  2 -1 -2  0 -3 -2  3 1 0 0 0 0.01
 2  3 -3 -2 -3  0  0 -1 -1  0  0  0 -2 -4 -3 -1 -1  2 -3  1 1 0 0 0 0.01
 1  2 -4 -1 -6  0  0 -3  0 -3 -3 -1 -4 -3  6 -2 -3 -2 -5 -1 1 0 0 1 0.01
 1 -2 -4 -4 -3 -2 -4 -5 -1  2  1 -4  1  4 -4 -3 -2  2  5  1 1 0 0 0 0.01
 3 -3 -6 -5 -3 -4 -3 -3  0  2  1 -4  1  0 -4 -3 -2  2 -3  3 1 0 0 0 0.01
 0  5 -3  2 -4  2  2 -5  2 -5 -2  1 -3 -4 -3 -2 -2 -1 -3 -4 1 0 0 0 0.01
 3  2 -2 -2 -4  0  2 -3  3 -3 -2 -1 -3 -3  1 -1  1 -1 -2 -1 1 0 0 1 0.01
 0 -5 -7 -6  0 -5 -6 -6 -6  3  4 -5  1  1 -6 -4 -2  0  1  2 1 0 0 0 0.01
 2 -2 -3 -2 -2 -4 -2 -4  0  3  2 -4  0  0 -5 -3 -2 -2  1  3 1 0 0 0 0.01
 2  2 -1  3 -2  1  4 -2 -3 -2 -4  0 -2 -6 -5 -1 -1 -4 -4 -3 1 0 0 1 0.01
 2  0 -1 -1  0 -1 -1 -2  2  0  0 -1  0  2 -3  0  0 -1  0  1 1 0 0 1 0.00
 1 -3  2 -2 -1 -4 -3  3  0 -2 -2 -3 -2  5 -3 -2 -3 -1  1 -2 0 0 1 0 0.00
 2 -3 -3 -3 -5 -2 -3  1 -4 -3 -3 -2 -2 -4  7  0 -2 -1 -5 -3 0 0 1 0 0.00
-1  0  0  5 -1  1  3  0  0 -5 -5 -1 -4 -3 -4  0  0 -5 -3 -4 0 0 1 1 0.00
-1  7 -2 -5 -2  0 -3 -4  0 -6 -4  2 -2 -6 -5 -1 -3 -6 -3 -4 0 0 1 0 0.00
-2 -5 -5 -5  5 -4 -5 -3 -5  2  4 -5  2 -1 -2 -3 -1 -4 -3  3 0 1 0 0 0.00
-2 -5 -3 -6  0 -4 -5 -6 -5  2  3 -5  7  0 -5 -5 -3 -4 -2  3 0 1 0 0 0.00
-4 -6 -7 -7 -1 -6 -7 -6 -5 -2 -3 -7 -2  6 -7 -4 -4 10  2 -3 0 0 1 0 0.00
 3 -5 -4 -4 -5 -5 -2  7 -5 -6 -6 -4 -5 -6 -5 -1 -4 -6 -6 -5 0 0 1 0 0.00
-2 -2 -3 -4 -1 -4 -4  0 -4 -5 -4 -4 -4 -3 -4  6  4 -6 -5 -4 0 0 1 0 0.00
-3 -5  4  7 -7 -4 -1 -2 -1 -7 -7 -4 -6 -7 -5 -3 -4 -8 -6 -7 0 0 1 0 0.00
-4 -6 -7 -7 -1 -6 -6 -5  0 -4  0 -6  0  3 -7 -4 -4 11  3 -3 0 0 1 0 0.00
-4 -5 -3 -5 -6 -5 -5 -4 -5 -6 -4 -5 -6 -2  8 -3 -3 -7 -6 -6 0 0 1 0 0.01
-2 -2 -1 -2 -2 -1 -2 -2  7  0 -2 -2 -1  1 -2  0 -1  2  1  3 0 0 1 0 0.01
-1 -1 -1  0  3 -1 -2 -2  0 -1 -1 -2 -1 -2  3  1  3 -3 -1  1 0 0 1 0 0.01
 0  3  2  0 -2  1  1  0 -1 -2 -1  1 -1 -2 -1  0  1 -3 -3 -1 0 0 1 1 0.01
 1 -1 -1 -2  0 -1 -2 -3  2  0  2 -2  2  1 -1 -1 -1  0  0  1 0 0 1 0 0.01
 1  1  0  1 -1  0  2  0 -1 -3 -3  0 -2  0  1  0  0  1 -2 -2 0 0 1 1 0.01
 1  1  0  1  1  0  0  2  0 -2 -2  0 -1 -2 -1  0  0 -2 -1 -1 0 0 1 1 0.01
 1  1  0  0 -1  0  0  1  2 -2 -1 -1 -1 -1  2  1  0  0 -1 -1 0 0 1 1 0.01
 0 -1 -2 -2 -2 -1 -2 -2 -1  0  0 -1  4  1 -2 -1  0  1  5  0 0 0 1 1 0.01
 1  1 -1  0 -1  1 -1 -2 -1 -1 -2 -2 -1 -1  5  0  1 -2 -2 -1 0 0 1 0 0.01
-1 -1  2  5 -5  0  1 -1 -1 -2 -4 -2 -2  1 -3  1 -1 -2  2 -3 0 0 1 0 0.01
-1 -3 -2  3 -2 -2  0 -4  0  0 -2 -2 -1  0 -1 -1  0  3  5  0 1 0 0 0 0.01
 2  0 -2  1 -3  0 -1  3  1 -1 -3  0 -1 -3 -2  0 -1  0 -2 -1 1 0 0 0 0.01
 2  1  0  1 -3  1  1 -1  1 -2 -1 -2 -1 -3  1  0  1 -2 -3 -1 1 0 0 1 0.01
 0 -3 -4 -2 -1  0 -1 -4 -2  0  4 -3  2  0 -4 -3  0  5  2  1 1 0 0 0 0.01
 0 -1 -5 -4 -2 -2 -3 -5 -2  1  3 -3  0  2 -6 -3  0  4  0  2 1 0 0 0 0.01
 1  1  1  5 -4  2  3 -2  0 -5 -5  0 -3 -4 -5 -2 -1 -3 -6 -5 1 0 0 0 0.01
 2  0 -2 -3 -1  0 -1 -4  0  0  2 -1  1  1 -3 -2  1  2  0  0 0 0 1 0 0.01
-1 -3 -5 -6  2 -4 -5 -5 -2  3  3 -5  2  2 -5 -3 -2 -1  0  2 1 0 0 0 0.01
 2  1 -1  1 -1  0  1 -2  0 -2  1  0 -1 -2  0 -1  0 -1 -2 -1 1 0 0 1 0.01
 1  3 -1  3 -4  1  2 -1  2 -4 -2  0 -4 -3 -4  0 -1 -2 -3 -2 1 0 0 1 0.02
 0 -4 -3 -2  1 -2 -2  0  0  1  2 -4  0  0 -4 -2 -2  8  0 -1 1 0 0 0 0.02
 2 -2 -3 -2  3 -4 -2  0 -4  1  2 -4  0  1 -2 -2 -1 -3 -3  2 0 0 1 0 0.02
-1 -2 -4  0 -1 -1 -2  2 -3 -3  1 -2 -1  1  5  1 -1 -2 -3 -3 0 0 1 1 0.02
-2 -2 -1  6 -6 -3 -1 -1 -3 -6 -5 -4 -6 -7 -3  4  2 -2 -5 -6 0 0 1 1 0.02
 2 -2 -3  3 -7  0  4 -3 -4 -5 -5 -2 -5 -4  4 -2 -2 -4 -7 -3 1 0 0 1 0.02
 3 -2 -3  2 -6  0  4 -1  0 -5 -5 -1 -4 -4 -3  0 -1 -4 -6 -3 1 0 0 1 0.02
 1 -4 -3  2 -3  1  4 -4  0 -1  1 -3  1 -3 -4 -3  0 -2 -3  0 1 0 0 0 0.02
-1  6 -5 -6 -3  5 -4 -6 -1 -3  0  1 -2 -3 -5 -4 -3  2 -5 -2 1 0 0 0 0.02
 1  4  0  2 -4  3  3 -3  3 -5 -4  0 -4 -7 -5 -2 -2 -7 -4 -5 1 0 0 1 0.01
 3  4 -2 -1 -4  3 -3 -3 -1 -4 -2  4  1 -6 -6 -3 -3  2 -6 -5 0 0 1 1 0.01
-3 -8 -8 -8 -4 -8 -8 -8 -8  6  3 -8  2  0 -8 -7 -5 -7 -3  4 0 0 1 0 0.01
-4 -4 -9 -8 -8 -6 -6 -7 -4 -4  5 -8  4  6 -9 -7 -5  4  0 -5 0 0 1 0 0.01
 0  1 -4 -5  0 -4 -2  3  3 -3 -5 -4 -4 -2 -6  0 -3  5  3  3 0 0 1 0 0.01
 0  1 -1  5 -7  0  2  3 -1 -6 -4  0 -5 -7 -5 -2  0 -7 -5 -5 0 0 1 1 0.01
-4 -8  8 -6 -9 -7 -8 -8 -7 -9 -7 -8 -5 -10 -9 -3  5 -10 -9 -6 1 0 0 0 0.01
 6 -8 -8 -8 -3 -7 -7 -3 -8 -8 -6 -7 -8 -5  5 -3 -5 -9 -8 -5 1 0 0 0 0.01
 3  3 -2 -3  0  1  1 -3 -1 -1 -1  0  2 -5 -5 -2  0 -5 -3 -1 1 0 0 0 0.01
 1  7 -1 -1 -4  0  1 -5 -1 -6 -5  1 -5 -7 -7 -2 -2 -8 -5 -4 1 0 0 1 0.01
-2 -8 -8 -9 -2 -8 -8 -8 -8  1  5 -8 -2  5 -6 -6 -3  2 -4  2 1 0 0 0 0.01
-9 -9 -9 -10 -5 -9 -9 -10 -6 -6 -3 -9 -5  5 -10 -9 -9  3  9 -8 1 0 0 0 0.02
-5  5 -3 -1 -8 -2 -5  5 -3 -8 -5 -2 -5  2 -6 -5 -6  5 -6 -7 0 0 1 0 0.03
-2 -5 -5 -5 -4 -5 -3  0 -6  2  1 -3 -3  7  0 -2 -1 -2 -2 -3 1 0 0 1 0.05
-1 -2 -1  5 -6  1  4 -1 -4 -6 -6  0 -5 -6  1 -1 -1 -6 -6 -5 1 0 0 1 0.07
 0  0  0  3 -5  2  5 -1 -1 -5 -5  0 -4 -6  0  0 -2 -5 -5 -4 1 0 0 1 0.14
 1 -2 -2 -3 -2  0 -1  1 -3  0  2 -1  2 -1  0 -1  0 -3 -1  2 0 0 1 1 0.32
 2  1 -1  0 -3  2  2  0  1 -2 -2  0 -2 -4 -1  2  0 -4 -3 -2 0 0 1 1 0.54
-1 -3  0 -3  0 -1 -2  6 -3 -4 -2 -3 -3 -4 -4 -1  2 -4 -4 -2 0 0 1 1 0.59
 0 -2  2  1 -3 -1 -2 -3  6 -2 -2 -2 -2  4 -3 -2 -2 -2  1 -1 0 0 1 1 0.71
-2 -1  0  3 -4  1  0 -3  7 -3 -3 -1 -2 -2 -3 -1  1 -3  2 -3 0 0 1 0 0.84
 1 -1  0 -1 -3  0  2 -2  8 -3 -3 -1 -2 -2 -2 -1 -2 -3  1 -3 0 0 1 1 0.84
-2 -1  0 -2 -3  0 -1 -3  8 -3 -3 -1 -2  0 -3 -1 -2 -1  4 -3 0 0 1 1 0.87
 1 -1  0 -1 -2  0  0 -1  7 -3 -3 -1 -2 -2 -2  0 -1 -3  1 -2 0 0 1 1 0.90
-2  0  1 -1 -3  0  0 -2  8 -4 -3 -1 -2 -1 -2 -1 -2 -3  2 -3 0 0 1 1 0.87
