-1 -3 -1 -2 -3 -2 -2 -2 -3 -4 -5 -2 -4 -4 -3  7 -1 -5 -4 -4 0 0 1 1 0.76
 1  3 -2 -1 -3  2 -1  1 -2 -4 -4  1 -3 -4  2  2  0 -4 -3 -2 0 0 1 1 0.61
-1  1 -1  4 -5  4  3 -3 -1 -5 -4  1 -3 -5 -3  1 -1 -5 -4 -4 1 0 0 1 0.45
-2  4  1  4 -5  2  1 -1 -2 -3 -5  1 -4 -5 -4 -1 -2 -5 -4 -4 1 0 0 1 0.33
-1  1  0  1 -4  1  4 -1  1 -3 -1  1 -2 -4 -1  0  0 -4 -3 -2 1 0 0 1 0.23
 2 -2 -4 -5 -3 -3 -4 -3 -4  1  4 -3  1 -2 -1  0 -2 -4 -3  0 1 0 0 0 0.17
-1  1  0  2 -5  1  4 -2 -1 -4 -3  4 -3 -5 -3 -1 -2 -5 -4 -4 1 0 0 1 0.13
-2  2  1  0 -5  4  2 -3  0 -4 -4  3 -3 -4 -3  0  0  3 -3 -3 1 0 0 1 0.13
 0 -1 -1  0 -5  5  4 -4  0 -3 -4 -1 -3 -3 -3 -1  0 -4  1 -2 1 0 0 0 0.11
 5 -2 -4 -4 -3 -3 -4 -1 -4 -1 -1 -3 -1 -4 -4  0 -1 -5 -4  1 1 0 0 0 0.09
 1  3  0  0 -4  5  2 -3  0 -4 -1  1 -2 -4 -3 -1 -2 -4 -3 -2 1 0 0 1 0.06
-2  6 -3  1 -5  3  0 -4 -1 -5 -3  0 -4 -5 -4  1 -2 -5 -4 -5 1 0 0 1 0.04
-5 -5 -6 -6 -5 -5 -6 -6 -5 -1  4 -6  0  7 -6 -5 -4 -3 -1 -1 1 0 0 0 0.02
 1  1 -1 -3 -3  2 -1 -3  2 -1  0  1  2  1 -3 -1  0  0  3 -1 1 0 0 0 0.02
 4 -1 -1 -2 -3  3 -2 -1  1 -2 -1 -2  0 -4 -3  0  1 -4 -2  0 1 0 0 1 0.01
 0  3 -3 -4 -3  2 -2 -4 -3  0  3 -2  1 -3 -4 -1  1 -4 -2  1 1 0 0 0 0.01
-2 -4 -5 -5 -3 -4 -4 -5 -5  3  4 -4  3  1 -5 -2  0 -4 -3  2 1 0 0 0 0.01
 0  0  2  2 -5  5  3  0 -1 -5 -3  0 -2 -5 -4 -1 -2 -5 -4 -3 1 0 0 1 0.01
-3 -4 -4 -5 -4  0 -4 -5  1 -1  3 -4  4  2 -5 -4  0  3  3  1 1 0 0 0 0.01
 5 -4 -4 -5 -3 -4 -4 -2 -4  0  2 -4  0  0 -4 -2 -1 -1 -3  1 1 0 0 0 0.01
 1  2  3 -2 -3  2 -1 -1 -2 -2  0  0 -1 -4 -3  3 -1 -4 -3 -2 1 0 0 1 0.01
-3 -3 -2  5 -6  2  6 -5 -1 -6 -6 -2 -5 -6 -4 -3 -2 -6 -5 -6 1 0 0 1 0.01
-3  3 -3  1 -6  3  5 -5 -2 -5 -3 -2 -2  0 -4 -1 -2  0  2 -4 1 0 0 1 0.01
 6 -4 -4 -4 -3 -4 -4  0 -4 -4 -4 -4 -4 -5 -4  2  0 -5 -5 -2 1 0 0 0 0.01
-3 -4 -4 -4 -3  0 -1 -5 -4  3  2 -4  4 -1 -4 -4 -1 -4 -3  4 1 0 0 0 0.01
-4 -4 -5 -6 -4  1 -4 -6 -5  2  5 -4  4  1 -5 -4 -2 -4 -2  0 1 0 0 0 0.01
-2  0  4  2 -4  1  1 -1 -2 -5 -5  0 -4 -5 -3  4  1 -5 -3 -4 0 0 1 1 0.01
-1 -2  2 -1 -5  3 -2  6 -4 -6 -6 -2 -5 -6 -4 -1 -2 -5 -5 -5 0 0 1 1 0.01
-1  3  0 -2 -4  3  1 -3  1 -1 -1  1  1 -3 -2 -1  0 -4  0  0 0 0 1 1 0.01
-1 -3 -1  3 -4  1  3 -4 -3  0  0 -2  0  1  2 -2  0 -4 -3 -1 0 0 1 1 0.01
-3 -3 -4 -5 -4 -3 -4 -5  1  2  3 -4  2  3 -5 -4 -2  1  4  1 0 1 0 0 0.01
 0 -6 -4 -5 -6 -5 -5  7 -5 -7 -7 -5 -6 -6 -5 -2 -5 -6 -6 -6 0 1 0 0 0.01
-2 -5 -5 -6 -3 -5 -5 -6 -5  4  4 -5 -1  1 -5 -4 -3 -4 -3  3 0 1 0 0 0.01
-1  4 -1 -1 -3  1 -1 -1  2 -1  0  0 -2 -1 -3  0 -2 -3  1  1 0 1 0 0 0.01
-3 -5 -5 -6 -3 -5 -5 -6 -5  5  2 -5  1  3 -5 -4 -2 -4 -2  4 0 1 0 0 0.01
-2  0  1  5 -5  1  4 -3  2 -4 -4 -1 -4 -3 -3  0  1 -4  0 -4 0 1 0 1 0.01
 0  1  0  3 -4  1  3 -2  0 -4 -3  1 -3 -1  3 -1 -1 -4 -3 -2 0 0 1 1 0.01
-2  0  2  4 -4  0  1 -1  3 -4 -4  1 -3 -3 -1  0  0 -4 -3 -3 0 0 1 1 0.01
 1  2 -1 -1 -4 -1 -1  4 -1 -4 -4  2 -3 -4 -1  1 -1 -4 -4 -3 0 0 1 1 0.01
-3 -2 -1 -5 -5 -2 -4 -1  2 -4 -2 -3 -4  1 -5  0 -4  7  7 -3 0 0 1 0 0.01
-2  3 -2 -2 -5  5  2  0  1 -5 -4  0 -3 -5 -3  0  0 -4 -2 -3 0 1 0 0 0.01
-2 -4 -4 -5 -4 -4 -4 -3 -2 -2 -1 -4 -1  6 -2 -4 -3  3  6 -1 0 1 0 0 0.01
 0  0 -2 -2 -1  1 -2 -2  1  0  2 -1  2 -1 -3 -1 -1  1  1  2 0 1 0 0 0.01
 0  2 -3 -4 -3 -1 -3 -2 -2  0  1 -2  1  4 -3 -2 -1  2  2  2 0 1 0 0 0.01
-3 -1 -4 -5 -4  0 -3 -5  0 -1  3 -3  3  2 -3 -3 -3  4  4  0 0 1 0 0 0.01
-1  1  0  3 -4  3  1 -2  1 -3 -1  0  0 -1 -2 -1 -1  0  2 -2 0 1 0 0 0.01
-1  2 -1  0 -3  1  0  0 -2 -1  2  0  0 -2  0 -1 -2 -3  0 -1 0 1 0 0 0.01
 0  1  1  2 -2  1  0 -2 -2 -2 -1 -1 -1 -2  1  0  2  1 -1  0 0 0 1 1 0.01
 1  1 -1  1 -3  1  1  0  1 -3 -2  2 -2 -3  0  1  0 -3 -1 -2 0 0 1 1 0.01
 0 -2  2  4 -4  1  4 -1  0 -4 -4  0 -2 -4 -3  0  0  0 -3 -3 0 0 1 1 0.01
 0  2  0  2 -3  2  2  1 -1 -3 -3  1 -2 -3 -1  0 -1 -3 -2 -3 0 0 1 1 0.01
-1  1  0 -1 -3  2  1  3  0 -3 -3  3 -3 -3 -2  0 -1  0 -2 -2 0 0 1 1 0.01
-7 -7 -8 -9 -7 -6 -7 -7 -7 -7 -6 -4 -6  0 -8 -7 -7 13 -2 -7 0 1 0 0 0.01
-2  0 -1 -2 -4  5  1 -4  2 -1  1  1 -1 -4 -4 -1 -2 -1 -3  1 0 1 0 1 0.01
 1  1 -1 -1 -4 -1  1 -4 -3 -3 -3  0 -4 -5  6 -1  0 -5 -4 -2 0 1 0 1 0.01
 0 -3 -4 -3 -3 -3 -2 -4 -3  2  3 -3  0  1 -2 -3 -2  4  0  2 0 0 1 0 0.01
-1  0  1  2 -4  2  3  0 -2 -4 -3  0 -3 -4  1  2  0 -4 -3 -3 0 0 1 1 0.02
 0  1  0  1 -3  1  1  1 -1 -2 -1  1 -1 -2  1  0  0 -3 -2 -1 0 0 1 1 0.02
-1  0  0  4 -4  1  2  1  1 -4 -4  1 -3 -3 -1  0 -1 -4 -1 -3 0 0 1 1 0.02
-1  5 -1  1 -4  2  0 -2 -1 -4 -3  3 -3 -4  1 -1  0 -4 -3 -3 1 0 0 1 0.02
 1 -3 -3 -3 -2 -1 -3 -2 -3  2  2 -2  2  1  0 -1  0  0  0  1 1 0 0 0 0.02
 0 -2 -2 -3 -3 -1 -2 -3 -3 -1  2 -2  0  4  3  0 -1 -2  1 -1 0 0 1 0 0.02
 1  3  0 -1 -3  1  1 -1 -1 -3 -2  1 -1 -3 -1  1  1 -3 -1 -1 0 0 1 1 0.02
 1  0 -1  1 -3  2  2 -2 -2 -3 -3  0 -1 -1  3  1  0 -1 -3 -2 0 0 1 1 0.02
-1  3 -1 -3 -3  0 -2  0  3 -1 -1  0 -2  0 -3 -1  1 -3  0  2 0 0 1 1 0.02
-1  0 -1  2 -1  3  3 -3 -2 -3 -2  1 -3 -4 -1  0  2 -4 -2 -1 0 0 1 1 0.01
-3 -2 -5 -6 -4 -4 -5 -5 -4  0  5 -4  2  3 -5 -4 -1  2 -1  1 0 0 1 0 0.01
-1 -3 -2  2 -5 -1  2 -2 -1 -4 -4 -2 -5 -6  7 -2 -3 -6 -5 -4 0 0 1 1 0.01
-1 -2 -1  3 -5 -1  4 -2 -1 -3 -4  0 -4 -5  3 -1 -2  0 -3 -4 0 0 1 1 0.01
 0 -1  2  2 -4  0  1  3 -2 -4 -3 -1 -3 -2  0  1  0  4 -2 -3 0 0 1 1 0.01
-1 -4 -3 -3 -3 -2 -3 -4 -4  3  3 -4  4  2 -4 -3 -2 -3 -2  3 0 1 0 0 0.01
 0  2 -1 -1 -3  1  2 -2  1 -2 -1  0 -2 -1 -1  1  2 -3 -2 -1 0 1 0 1 0.01
-2 -4 -5 -5 -3 -4 -4 -5 -4  2  4 -4  4  1 -4 -4 -1  0 -3  1 0 1 0 0 0.01
 0  1  0  1 -3  1  2 -2  1 -2 -1  0 -1 -3 -2  0  1 -3 -1 -1 0 1 0 0 0.02
-3 -4 -4 -5 -3 -3 -2 -5 -4  1  5 -4  1  2 -4 -4 -3  2  0  1 0 1 0 0 0.02
-1  1  1 -1 -3  2  3 -3 -2 -1 -2 -1 -1 -2 -2  0  2 -3  0  0 0 1 0 1 0.02
-1 -3 -3 -3 -2 -1 -3 -3 -3  2  4 -3  1  0 -1 -1 -1 -3 -2  1 0 1 0 0 0.03
-1  0  0  4 -3  1  3  2 -2 -3 -3 -1 -3 -3 -2  0 -1 -3 -3 -3 0 0 1 1 0.04
-1 -3  0  2 -3 -2  1  5 -2 -3 -3 -2 -3 -3 -3  1 -2 -3 -2 -2 0 0 1 1 0.06
-1 -1  0  1 -2  0  0  1  0 -1  1 -1  0  1 -1  0 -1 -2 -1 -1 0 0 1 0 0.08
 2 -1 -1  0 -2  0  0 -1 -2 -1 -1 -1 -2 -2  4  0 -1 -3 -2  0 0 0 1 1 0.10
-1 -2 -3 -1 -3 -1 -2 -3 -2 -1  1 -2 -2  0 -1 -2 -2 10  1 -1 0 0 1 0 0.14
 1  0 -1  0 -2  2  1  0 -1 -1  0  0  0 -2 -1  0  0 -2 -2  0 0 0 1 1 0.30
-1  0  0  2 -3  2  2 -1 -1 -2 -1  1 -2 -2  1  0  0  0 -1 -2 0 0 1 1 0.31
 0  0  0  3 -3  2  3 -1 -2 -2 -2  1 -1 -2 -1 -1 -2 -3 -2 -2 0 0 1 1 0.32
-1 -1  1  5 -3 -1  2 -1 -1 -3 -2 -1 -1 -3  1  0  0 -3  0 -3 1 0 0 1 0.30
 0  4  0 -1 -2  2  2 -2 -1 -2 -1  0 -1 -2 -2  1  0 -3 -2 -1 1 0 0 1 0.26
-1 -1  0 -1 -2  0 -2 -1 -2  0  3 -2  0 -1  1  0 -1 -2 -2  0 1 0 0 0 0.26
-1 -2 -1  0 -2 -1  0  0  0  0  0 -1 -1  4 -1 -1 -1 -1  0  0 0 0 1 0 0.30
-1  0  1  1 -2  1  2 -1 -1 -2 -1  1 -1 -2  1  1  0 -2 -2 -2 0 0 1 1 0.32
 0  1 -1  1 -3  2  0 -2 -2 -1 -1  0 -2 -3  5  0 -1 -3 -1 -2 0 0 1 1 0.34
-1  0  0  2 -2  0  1  3 -2 -2 -2  0 -2 -3  0  1  0 -3 -2 -1 0 0 1 1 0.42
 0  0  1 -1 -2 -1 -1 -1 -1 -1 -2  0 -2  0  0  3  1 -2 -1 -1 0 0 1 1 0.41
-1  0 -2 -1 -2 -1 -2  0 -2  1  2 -1  1  1 -2 -1 -1  5 -1  0 0 0 1 0 0.41
-1 -1  0  0 -2  0  0 -2 -1 -1  0 -1 -1  5 -1 -1  0  2  0 -1 0 0 1 0 0.40
-1  0  0  4 -2  0  1  0  0 -2 -1  0 -2 -2  0  0  0 -2 -2 -2 0 0 1 1 0.54
-1  0  0  2 -2  1  4 -1  0 -2 -1 -1 -2 -2 -1  0  0 -2 -2 -2 1 0 0 1 0.67
-1  0  0  2 -2  1  2 -1  1 -2 -1  0 -1 -2  3  0 -1 -2 -2 -2 1 0 0 1 0.60
-1  1 -1  1 -2 -1  0 -1 -1 -1  2 -1  4  0 -1 -1  0 -2 -1  0 1 0 0 1 0.47
 0 -1 -1 -1 -2 -1  0 -1 -1  2  0 -1  0  3 -1  0  0 -1  0  0 1 0 0 0 0.44
 3  0  0  0 -2  0  1  0 -1 -2 -1  0 -1 -2 -1  1  0 -2 -2 -1 1 0 0 1 0.41
-1  0  0  3 -2  0  3  0 -1 -1 -1  0 -1 -2  0  0  0 -2 -2 -2 0 0 1 1 0.34
-1  0  0  1 -2  1  3  0 -1 -2 -1  1 -1 -1  0  1  0 -2 -1 -1 0 0 1 1 0.36
 0  0  0  2 -2  1  3 -1 -1 -2 -1  1 -1 -2  0  0  0 -2 -1 -2 0 0 1 1 0.37
 0  0  0  3 -2  1  3  0  0 -2 -2  1 -2 -2 -1  0 -1 -2 -2 -2 1 0 0 1 0.36
-1  1  1  2 -3  1  4 -1 -1 -2 -2  1 -2 -3 -1 -1  0 -2 -2 -2 1 0 0 1 0.32
-1  0  0  1 -2  1  2 -2 -1 -2 -1  3 -1 -2 -1  0  0 -2 -2 -2 0 0 1 1 0.27
 0  1  0  0 -2  1  1 -1 -1 -1 -1  3 -1 -2  0  0 -1 -2 -2 -1 0 0 1 1 0.22
 0  1 -1  0 -2  1  1 -1 -1  0 -1  3 -1 -2  1  0 -1 -2 -2 -1 0 0 1 1 0.15
 0  1  1 -1 -2  0  0 -2  1 -1  0  1  0  0  1  0  0 -2 -1  0 0 0 1 1 0.10
-1  0 -2 -2 -3 -1 -2 -2 -2 -1 -1  1 -2 -2  6 -2 -1  1 -2 -1 0 0 1 1 0.06
 0  0  0  0 -2  1  1 -1 -1 -1 -1  0 -1 -1  3 -1  1 -2 -2 -1 0 0 1 1 0.04
-4 -6 -5 -5 -6 -5 -5 -6 -6 -6 -6 -5 -6 -7  9 -4 -5 -7 -6 -4 0 0 1 0 0.02
-2  0  0  1 -5  7  0 -4  1 -5 -3  0 -3 -5 -3  0 -1 -5 -4 -3 0 1 0 0 0.02
-3 -5 -6 -6 -4 -5 -5 -6 -6  6  2 -5 -1 -3 -5 -5 -3 -5 -4  5 0 1 0 0 0.01
-3 -2 -5 -5 -3 -4 -5 -5 -4  2  3 -4  1  4 -5 -4 -3  3  2  2 0 1 0 0 0.01
-4 -5 -5 -6 -4 -5 -5 -6 -5  5  3 -5  2  5 -5 -5 -3 -3 -2  2 0 1 0 0 0.01
-3 -4 -3 -3 -4 -4 -3 -3 -3 -1  4 -4  4  4 -5 -1 -1 -3  2 -1 0 1 0 0 0.01
 1 -4 -3 -2 -4 -3 -2  0 -4 -4 -5 -3 -5 -6  6  4 -2 -6 -5 -4 0 0 1 0 0.01
-1 -4  1  1 -4 -1 -3  2 -4 -5 -5 -3 -4 -1 -4  6  0 -5 -4 -3 0 0 1 0 0.01
-1 -5 -3 -1 -5 -4 -2  7 -5 -7 -7 -4 -6 -6 -5 -2 -3 -6 -6 -6 0 0 1 0 0.01
-4 -3 -3  2 -7 -1  7 -5 -3 -6 -4 -2 -5 -6 -1 -3 -3 -6 -5 -3 0 0 1 1 0.01
-1 -3 -1 -4 -3 -3 -4 -4 -2  4  2 -3  4  0 -4 -2  0 -4 -1  3 0 1 0 0 0.01
-2 -4 -2 -3 -4 -3 -2 -3 -4 -2 -3 -3 -1 -5 -2  3  6 -5 -4 -1 0 0 1 0 0.01
 1 -2 -4 -3 -5 -1 -1 -2 -2 -4 -3 -3 -5 -6  7 -3 -2 -6 -5 -3 0 1 0 0 0.01
-5 -6 -6 -7 -6 -6 -7 -2 -5 -3 -3 -6 -3  9 -7 -6 -5 -2  0 -1 0 1 0 0 0.01
 0  1 -1 -2 -4  2  3 -3 -1 -4 -4 -2 -3 -5 -3  3  3 -5 -4 -1 0 1 0 0 0.01
-4 -5 -6 -6 -4 -5 -5 -6 -5  3  5 -5  0  0 -5 -5 -3 -4 -3  1 0 1 0 0 0.01
 0  2 -1  0 -3  1  2 -2  0 -1 -1 -1 -1 -3 -3  2  3 -4 -2 -1 0 1 0 0 0.01
-4 -5 -6 -6 -4 -5 -5 -6 -4  2  4 -5  2  6 -5 -5 -4  3 -1  0 0 1 0 0 0.01
 0  0 -1 -2 -2  0  1 -1  1  0  0  0  0  1 -2  1  1 -2  2 -1 0 1 0 0 0.02
 1  0 -1 -1 -2  0  0 -1  1  0  0 -1 -1 -1  2  1  1 -2  0  0 0 1 0 0 0.02
 1  1  1  2 -3  2  1 -2 -1 -2 -2  2 -2 -3 -1  0 -1 -3 -2 -1 0 0 1 1 0.03
 0  0  1  4 -3  0  1  3 -2 -3 -3 -1 -3 -2 -1  0  0 -3 -3 -3 0 0 1 1 0.04
-1  2  3  3 -4  3  2 -1 -2 -4 -4  1 -2 -1 -2  0 -2 -4 -1 -3 0 0 1 1 0.04
 1  0  0  4 -3  0  2 -1  0 -2 -2  0 -2 -3  0  0  1 -3 -3 -2 0 0 1 1 0.04
 0  0  0  0 -2  0  0  2 -2 -1  0  0 -1 -1  2  0  0 -3 -2 -1 0 0 1 1 0.04
 0  1  2  3 -3  2  3 -2 -1 -3 -3 -1 -3 -2  1  0 -1 -4 -3 -1 0 0 1 1 0.03
 0  1  0  1 -2  1  1 -2  1 -1  0  0 -1 -2  0  0 -1  0  0  0 0 0 1 1 0.03
 1  1 -1 -1  0  0  0  0  1 -1  0 -1  0  0 -1  0  0  2  2 -1 0 1 0 0 0.04
-1  1 -5 -5 -4 -2 -4 -5  0 -1  0 -4  0  3 -5 -4 -4  9  2  1 0 1 0 0 0.03
 0  4 -2 -3 -3  2 -1 -3  1  0  1  0 -1 -1 -3 -1  1 -3  0  0 0 1 0 1 0.02
-1 -5 -5 -5 -3 -4 -5 -5 -5  4  2 -4  0 -2 -5 -4 -3 -5 -3  5 0 1 0 0 0.02
 0  1  0 -2 -3  1  1 -2  0  0 -2  1 -1 -1 -2  1  1 -3 -1  2 0 1 0 1 0.02
 2 -3 -1 -3 -3 -3 -3  4 -3 -1 -1 -3 -2 -2 -3  2 -2  3 -3  1 0 1 0 0 0.01
-1 -2  2  5 -4  2  1 -3  1 -4 -2  2 -3 -4 -3  0  0 -4 -2 -4 0 0 1 1 0.01
 1 -1 -1  1 -4 -1  4  1  1 -2 -2 -1  1 -1  0 -1 -1 -3  0 -3 0 0 1 1 0.01
-1 -2  3  1 -3 -1 -2 -1 -2  0  2 -2 -1  2 -3  0  0  0 -1  0 0 0 1 1 0.01
 0 -2 -1 -4 -5 -4 -4  6 -4 -5 -4 -4 -5 -5 -1  0 -3 -5 -5 -3 0 0 1 0 0.01
-1  3  1  1 -4  3  1 -2  0 -3 -2  0 -2 -4  2 -1 -1 -4 -2 -1 0 1 0 1 0.02
-3 -4 -5 -5 -3 -4 -5 -5 -4  4  3 -4  3  2 -2 -4 -3 -3 -1  2 0 1 0 0 0.02
 0  2  1 -1 -3  0  2 -3  0  0 -2  1 -2 -2  0  1  2 -4 -3 -1 0 1 0 1 0.04
-2 -3 -5 -5 -3 -3 -4 -5 -4  2  4 -4  2 -1 -4 -4 -2  4 -2  2 0 1 0 0 0.04
-1  0  0  0 -3  1  0  0 -2  0  2  0  1  0 -3 -1 -2 -3 -1 -1 0 1 0 1 0.07
 1  2  1 -1 -3  2  1  0  1 -3 -3  1 -2 -3  0 -1  0 -3  0 -3 0 0 1 1 0.10
-2 -3 -2  3  1 -1 -1 -1 -3 -1 -2  0 -3 -4  6 -1 -2 -4 -4 -3 0 0 1 1 0.15
 0 -3 -1  3 -4 -1  0  5  0 -3 -1 -2 -3 -2 -3 -2 -2 -4 -2 -2 0 0 1 1 0.29
-2 -2 -2  3 -5  1  6 -2 -2 -2 -2 -1 -3 -3 -1 -1 -1 -5 -4 -4 0 0 1 1 0.49
 0  1  1  2 -3  2  3  0 -1 -3 -3 -1 -2 -1  0  0  0  0 -2 -2 0 0 1 1 0.73
-1 -1  0  5 -4 -1  3 -3 -2 -2 -1 -1  0 -4  0 -2 -1 -5 -4 -2 1 0 0 1 0.83
-1 -2 -1  5 -5  0  5 -3 -2 -5 -5 -1 -4 -5 -3  0 -2 -5 -4 -4 1 0 0 1 0.88
 0 -1  1  3 -4  3  5 -3 -1 -4 -4  0 -3 -4 -2 -1 -2 -4 -3 -3 1 0 0 1 0.90
-1 -1 -1  4 -3 -1  2 -3 -2  0  0  0 -1 -2 -2 -1 -1 -4 -2  2 1 0 0 0 0.94
 0 -1  0  3 -3  3  4 -2 -1 -3 -3  0 -2 -4 -2  1 -1 -3 -2 -3 1 0 0 1 0.93
-1  0  4  0 -3  2  0  2  3 -4 -3  0 -2 -3 -2  0 -1 -3 -1 -3 0 0 1 1 0.94
 2 -1 -1 -1 -1 -1 -1  3  3 -3 -3 -1 -2 -2 -2  1 -1 -3 -1 -2 0 0 1 0 0.96
-1  0  0 -1 -3  4  1 -2  7 -3 -3  0 -1 -2 -2 -1 -1 -2  1 -3 0 0 1 0 0.97
-2  0  1 -1 -3  0  0 -2  7 -3 -3 -1 -2 -1 -2 -1 -2 -2  2 -3 0 0 1 1 0.97
-2  0  1 -1 -3  0  0 -2  7 -3 -3 -1 -2 -1 -2 -1 -2 -2  2 -3 0 0 1 1 0.96
-2  0  1 -1 -3  0  0 -2  7 -3 -3 -1 -2 -1 -2 -1 -2 -2  2 -3 0 0 1 1 0.96
