-1 -2 -2 -1 -3 -1 -1 -2 -2 -3 -3 -1 -2 -3  7 -1 -1 -4 -3 -2 0 0 1 1 0.87
 0 -2 -1 -1 -3 -2 -2  6 -2 -4 -4 -2 -3 -3 -2  0 -2 -3 -3 -3 0 0 1 1 0.80
-1 -3 -3 -4 -1 -2 -3 -4 -3  3  3 -3  1  0 -3 -2 -1 -2 -1  3 0 0 1 0 0.80
-1  2 -1  0 -3  1  2  2 -1 -2  0  2 -1 -3 -2 -1 -1 -3 -2 -2 0 0 1 1 0.74
-1  2 -1  0 -3  4  2 -2  0 -3 -3  2 -1 -3  3  0 -1 -3 -2 -3 1 0 0 1 0.71
 1 -1  2 -1 -2  0  1 -2 -1  1 -1  1 -1 -2 -2  0  1 -3 -2  1 0 0 1 1 0.52
 1 -1  0  4 -2 -1  0 -2 -1 -2 -2  0 -1  3 -2  0 -1 -2  0 -2 0 0 1 1 0.45
-1 -1  2 -1 -2 -1 -2 -3 -2  3  0  0  0 -1 -3 -1 -1 -3 -2  2 0 0 1 1 0.53
 1 -2 -2 -2 -2 -1 -1 -2 -2 -3 -3 -1 -2 -3  7  1  1 -4 -3 -2 0 0 1 1 0.43
-2  2  3  1 -3  0  1 -2  3 -3 -3  0 -2  0 -2 -1 -1 -1  3 -3 0 0 1 0 0.41
-2  2  5  0 -3  0  0 -1  0 -4 -3  2 -2 -3 -2  0 -1 -4 -2 -3 0 0 1 0 0.33
 1 -2 -3 -3 -1 -2 -3 -3 -3  2  4 -2  1  0 -3 -2 -1 -2 -2  1 0 1 0 1 0.34
 1 -1 -1 -1 -1 -1 -1 -1 -2 -1 -2 -1 -1 -2  3  1  4 -2 -2 -1 0 0 1 0 0.25
 1  0  3  0 -2  2  2 -1  0 -3 -3  0 -2 -3 -1  2  1 -3 -2 -2 0 0 1 1 0.21
-2  1  1  5 -4  0  3 -2 -1 -4 -4  0 -3 -4 -2 -1 -1 -4 -3 -3 0 0 1 1 0.16
-1 -1 -2 -2 -2 -2 -2 -3 -3  3  2  0  1 -1 -2  0 -1 -3 -2  1 0 0 1 0 0.10
-2 -2  0  4 -3 -1  0 -2  3 -3 -3 -1 -2 -1  3 -1  1 -2  2 -2 0 0 1 1 0.08
 3 -1  2 -1 -1 -1 -1  0 -1 -2 -2 -1 -2 -3 -1  2  0 -3 -2 -1 1 0 0 0 0.06
 2 -2 -2 -2 -1 -1  0 -2 -2  1 -1 -1  0 -2 -2  0  2 -3 -2  3 1 0 0 1 0.04
 1  0  0  2 -2  2  3 -1  0 -2 -2  1 -1 -2 -1  0 -1 -2 -2 -2 1 0 0 1 0.03
-1 -1 -1 -1 -2  2  1 -2  1 -2 -1 -1 -1  1 -2 -1 -1  1  6 -2 1 0 0 0 0.03
-1 -2 -3 -3 -2 -2 -3 -4 -3  2  4 -3  1  0 -3 -2  1 -2 -1  1 1 0 0 0 0.02
 1 -1  1  0 -2  0  2 -1 -1 -2 -2  0 -2 -3 -1  2  3 -3 -2 -1 1 0 0 1 0.02
-1  0  0  3 -3  4  3 -2 -1 -2 -2  0 -1 -3 -2 -1 -1 -3 -2  0 1 0 0 1 0.02
-2 -3 -4 -4 -2 -3 -3 -4 -3  3  4 -3  1  2 -3 -3 -2 -2 -1  1 1 0 0 0 0.02
-1  2  0 -1 -3  2  2 -2  3 -3 -2  4 -1 -3 -1  0 -1 -3 -1 -2 1 0 0 1 0.02
 1  0  0 -1 -2  1 -1  2  3 -2 -2  0 -1  1 -2  2  1 -2  0 -2 0 0 1 1 0.03
-1 -1  5  4 -3  0  0 -1 -1 -4 -4  2 -3 -4 -2  1 -1 -4 -3 -3 0 0 1 1 0.03
 1 -2 -1  3 -3 -1  0 -2  3 -3 -3 -1 -3 -3  5 -1  0 -4 -2 -2 1 0 0 1 0.03
 0 -1  0 -1 -2  1 -1 -2 -2  1  1 -1  1 -2 -2  2  2 -3 -2  1 1 0 0 1 0.03
-1 -3 -3 -3 -2 -3 -3 -4 -2  3  2 -3  1  1 -3 -2  0 -2  1  3 1 0 0 0 0.03
 1  0  3  1 -3  3  1 -2 -1  0 -2  1 -1 -3 -2  0 -1 -3 -2 -1 1 0 0 1 0.03
-1  2  2 -1 -3  2  1 -2 -1 -3 -3  4 -2 -4 -2  0  1 -3 -2 -3 1 0 0 1 0.04
-2 -1 -2 -3 -3 -1 -2 -3  0  0 -1  2 -1  3 -3  0 -1  0  5 -1 1 0 0 0 0.06
 0 -2 -3 -3 -2  1 -2 -3 -2  4  0 -2  2  0 -3 -2 -1 -2  2  2 1 0 0 0 0.06
 0  1  3  2  3 -1  0 -1 -1 -2 -2 -1  1 -3 -2  2  1 -3 -2 -2 1 0 0 1 0.05
-1 -1  5  0 -3  2  1 -1  0 -3 -3  1 -2 -4 -2  2  1 -4 -3 -3 0 0 1 1 0.06
-2 -3 -3 -3 -4 -2 -2  0 -3 -4 -4 -2 -4 -5  8 -2 -2 -5 -4 -4 0 0 1 0 0.07
 2 -1 -2 -2 -2 -1  0 -2  2  1  1  0  0 -2 -2  1 -1 -3 -1  0 0 0 1 1 0.07
 1 -2  0  3 -3  0  3  3 -2 -3 -3 -1 -3 -4 -2  0  0 -4 -3 -3 0 0 1 1 0.07
-1  3  3  0 -3  4  2 -2  0 -3 -3  2 -2 -4 -2  1 -1 -3 -2 -3 0 0 1 0 0.09
-1 -4 -2  1  9 -3 -3 -3 -4 -3 -3 -3 -3 -4 -3  0 -2 -4 -4 -2 1 0 0 0 0.09
 1  1  1  1 -3  2  3 -2  0 -3 -2  0 -2  1 -2 -1 -1 -2  2 -2 1 0 0 1 0.07
-1 -1  3  3 -2  1  1 -1 -1 -2 -3  1 -2 -3 -2  3  0 -4 -2 -1 1 0 0 1 0.06
 2 -2 -2 -2 -1 -2 -2 -2 -2  1  1 -2  0 -1 -2  2  0 -3 -2  1 1 0 0 0 0.05
 2 -2 -2 -2  3 -1 -2 -2 -2  0  0 -2  4 -2 -2  1  1 -3 -2  0 1 0 0 0 0.04
-1  2 -1 -1 -2  0  1 -2 -1 -1 -2  3 -1 -3 -2  1  2 -3 -2 -1 1 0 0 1 0.03
 0  1 -2 -1 -3  0  2 -2 -1  0  0 -1 -1 -1  4 -1 -1 -2  1 -1 1 0 0 1 0.03
 0 -3 -3 -4 -1 -3 -3 -3 -4  3  1 -3  0 -1 -3 -2 -1 -3 -2  4 1 0 0 0 0.02
 2 -2 -1 -2 -2 -1 -2  1  2 -1 -1 -2 -1 -1 -2  1 -1 -1  3  1 1 0 0 0 0.02
 0 -1  2  2 -2  1  0  1 -1 -2 -1  1 -1 -3 -2  1  0 -3 -2  0 1 0 0 1 0.02
 0 -2 -2 -2 -2 -2  0 -3 -2  0  2 -2  0  4 -3  0  0 -1  2  0 1 0 0 0 0.02
 0 -3 -3 -4 -2 -2 -3 -3 -3  1  4 -3  5  2 -3 -2 -2 -2 -1  0 1 0 0 0 0.02
 0  3  1 -1 -4  2  0 -2  2 -3 -3  4 -2 -4 -2 -1 -1 -3 -2 -3 1 0 0 1 0.02
 1 -1  3  2 -3  2  2  1 -1 -3 -3  1 -2 -3 -2  1 -1 -3 -2 -2 1 0 0 1 0.02
 0  0  1  1 -3  2  1 -2  5 -3 -3  2 -2 -2  1  0 -1 -2  2 -3 1 0 0 1 0.02
-1  0  2  2 -3 -1 -1  5 -2 -4 -4 -1 -3 -4 -3  0 -2 -4 -3 -4 0 0 1 1 0.02
-1 -2 -2 -3 -2 -2 -2 -3  0  1  0 -2  3  3 -2 -2 -1  0  5  1 0 0 1 0 0.02
-1 -1 -1  1 -2  0  2 -2 -2  1 -1  2 -1 -2 -2  1  2 -3 -2  0 0 1 0 1 0.02
-2 -1  4  4 -3  0  1 -2 -1 -3 -1  1 -2 -3 -2  0  0 -4 -3 -3 0 1 0 1 0.01
 0 -3 -2 -3 -1 -2 -2 -3 -3  3  0 -2  0 -1  2 -1  1 -3 -2  3 0 1 0 0 0.01
-1  5 -1 -1 -4  0  1 -2 -1 -3 -3  3 -2  1 -2  0 -1 -3 -1 -3 0 1 0 0 0.01
-2 -3 -3 -4 -2 -2 -3 -4 -1  2  2 -3  0  2 -3 -1 -1  0  5  1 0 1 0 0 0.01
-1  4 -2 -3 -3 -1 -2  2 -2  1  0  0 -1 -2 -3 -2 -2 -3 -2  1 0 1 0 0 0.01
 1 -2  2 -1 -2  1  0  3 -1 -2  0 -1 -1 -2 -2  0 -1 -3 -2 -2 0 1 0 0 0.01
-2 -3 -4 -4  3 -3 -3 -4 -3  3  3 -3  4 -1 -3 -3 -1 -3 -2  1 0 1 0 0 0.01
 1 -2 -2 -3 -2  1 -2  0 -1 -1  1 -2  0  3 -3  0 -1  0  4 -1 0 1 0 0 0.01
-2 -3 -3 -4 -2 -3 -3 -4 -3  4  0 -3  0  3 -3  0 -1  6  0  2 0 1 0 0 0.01
-4 -4 -4 -4 -4 -3  0 -4 -3 -4 -3 -4 -3  2 -5 -4 -3 11  1 -4 0 1 0 0 0.01
-2 -1  4  3 -4  1  3 -2 -1 -3 -1  1 -2 -3 -2 -1 -1 -4 -3 -3 0 0 1 1 0.01
 0 -1  3  3 -3 -1  0  2 -1 -3 -4  2 -3 -4 -2  0 -1 -4 -3 -3 0 0 1 1 0.01
 3 -2 -2 -2 -2 -1  0  2 -2 -1 -2 -1 -2 -3  1  0 -1 -3 -3  1 0 0 1 1 0.02
-1 -1  3  2 -2  1  0 -2 -1 -1  0  0  1 -2 -2  0  2 -3 -2  0 0 0 1 1 0.02
 1  1  0  5 -3  0  2 -2 -2 -3 -3 -1 -3 -4 -2  1 -1 -4 -3 -3 0 0 1 0 0.02
-2 -1  0  4 -3  1  3 -2 -1 -2 -1 -1 -1  0 -2 -1  0 -3 -2 -2 0 0 1 1 0.01
 0 -2  1 -2 -2 -1 -2 -2 -2  1  0 -2  2  1 -2  2  1 -2 -1  1 0 0 1 1 0.01
-2 -3  1 -2 -4 -2 -2 -3 -2 -3 -3 -2 -3  1  7 -2 -2 -3  2 -3 0 0 1 0 0.01
-1 -1 -1 -1 -2  0  2 -3 -2  0  0  1  4 -2 -2 -1  3 -3 -2 -1 0 1 0 1 0.01
-2  1  6  2 -4 -1 -1 -2 -1 -4 -4 -1 -3 -4 -3  0  0 -4 -3 -3 0 1 0 0 0.01
-3 -1 -1 -2 -4 -1 -1 -3 10 -5 -4 -2 -3 -2 -3 -2 -3 -4  1 -4 0 1 0 0 0.01
-3 -3 -4 -4 -3 -3 -3 -4 -1 -1  0 -3  2  5 -4 -3 -3  7  5 -2 0 1 0 0 0.01
 2 -3 -3 -3 -1 -2 -2 -2 -3  1  0 -2  0 -2 -2 -1  1 -3 -2  4 0 1 0 0 0.01
 1 -3 -3 -3 -1 -3 -3 -3 -4  2  0 -3  0 -2 -3 -2  1 -3 -2  5 0 1 0 0 0.01
-1  1 -2 -3 -2 -1 -2 -3 -3  1  2  0  2 -1 -3 -2  0 -3 -2  3 0 1 0 0 0.01
 2 -2 -2 -2 -2 -2 -2  3 -2 -1  0 -2 -1  1 -2  0  0 -2 -1  0 0 1 0 0 0.01
-2  2  2  1 -3  0  0 -2  3  0 -3  4 -2 -3 -2 -1 -1 -4 -2 -2 0 1 0 0 0.01
-2  0 -2 -2 -3  0 -1 -3  2  2 -1  4 -1  2 -2 -2 -1 -2  1  1 0 1 0 0 0.01
-2 -1  4  3 -3  1  2 -2  0 -3 -3  0 -2 -2 -2  0 -1 -3  1 -2 0 0 1 1 0.01
-1 -2  3  3 -3 -2 -1  5 -2 -4 -4 -2 -3 -4 -3 -1 -2 -4 -4 -4 0 0 1 1 0.01
-1  0 -2 -1  3  0  2 -3 -1  1 -1  3 -1 -1 -2 -1 -1 -2  1  1 0 1 0 1 0.01
-2 -1  2  3 -4  2  4 -2 -1 -3 -3  0 -2  1 -2 -1  0 -3 -2 -3 0 1 0 1 0.01
-2 -3 -3 -4 -3 -3 -3 -4  0  2  2 -3  0  1 -4 -3 -2  0  6  1 0 1 0 0 0.01
 0 -3 -3 -3 -1 -3 -3 -3 -4  3  0 -3  0 -2 -3  0 -1 -4 -2  5 0 1 0 0 0.01
-2 -3 -4 -4 -2 -4 -4 -4 -3  2  1 -4  0  6 -4 -3 -2 -1  1  2 0 1 0 0 0.01
-3 -3  0  7 -5 -1  1 -2 -2 -4 -5 -2 -4 -5 -3 -1 -2 -5 -4 -4 0 1 0 0 0.01
-2 -3 -3 -3 -3 -2 -3 -4 -3  0  3 -2  0 -2  6 -2 -2 -3 -3  1 0 0 1 0 0.01
 1 -2 -1 -2 -2 -1 -2 -2 -2 -2 -2 -1 -2 -3 -2  2  5 -3 -2 -1 0 0 1 0 0.01
 4 -2 -2 -3 -1 -2 -2 -1 -3  2 -1 -2 -1 -2 -2  1 -1 -3 -2  0 1 0 0 0 0.01
-2 -1 -1 -2 -3  0  0  1  7  0 -3  1 -2 -2 -3 -1  0 -3  0 -2 1 0 0 0 0.01
-2  2 -1 -1 -4  6  1 -3 -1 -4 -3  2 -2 -4 -2 -1 -2 -3 -2 -3 1 0 0 0 0.01
-3 -4 -4 -4 -3 -4 -4 -4 -2 -1  0 -4  2  7 -4 -3 -3  0  3 -2 1 0 0 0 0.02
 0  0  2  0 -2  0  2  1 -1 -3 -3  2 -2 -3 -1  2  0 -3 -2 -2 0 0 1 1 0.02
 0 -1  4  0 -2  1  0  1 -1 -3 -3  1 -2 -3 -2  1  1 -3 -2 -2 0 0 1 1 0.03
-1  1 -1 -2 -2  0  0 -2 -1  1  0  3  0  0 -2 -1 -1 -1  2  1 0 0 1 1 0.03
 0 -1  0  2 -2 -1 -1  4  2 -2 -2 -1 -2 -2 -1  0 -1 -2 -1 -2 0 0 1 1 0.03
-1 -1  1 -1 -1 -1 -1 -1 -1  1  0 -1  3  1 -1 -1  0 -1  0  2 0 0 1 0 0.04
 0 -1 -1 -1 -2  0  1 -2 -1  0  0  1 -1 -1  2  2  1 -2  1 -1 0 0 1 1 0.04
-1 -1  4  2 -2 -1 -1  2 -1 -2 -2 -1  1 -2 -2  1 -1 -3 -2 -2 0 0 1 1 0.04
-1 -2 -3 -3 -1 -2 -2 -3 -3  3  3 -2  2  0 -2 -2 -1 -2 -1  2 0 0 1 0 0.04
-1 -1  3  3 -2  0  1 -1 -1 -2  0  1 -1 -2 -1  0 -1 -2 -2 -2 0 0 1 1 0.03
 0 -1  1  1 -2 -1  0  4 -1 -3 -3  0 -2 -3 -2  0  0 -2 -2 -2 0 0 1 0 0.03
 0 -2 -2 -2 -3 -2 -1 -2 -3 -3 -3  1 -3 -4  7 -1 -2 -4 -3 -3 0 0 1 0 0.02
-2 -3 -4 -4 -2 -2 -3 -4 -3  3  3 -3  4  2 -3 -3 -1 -2 -1  1 0 1 0 0 0.02
-2 -3  0 -3 -2 -3 -3 -4 -3  4  2 -3  1  1 -3 -2 -1 -3 -1  2 0 1 0 0 0.01
-1 -2 -1  2 -2 -1  1  2 -2  1  2 -1  0 -2 -2 -1  0 -3 -2 -1 0 1 0 0 0.02
 0 -2 -1 -1 -2 -1  2 -2 -2 -2 -3 -1 -2 -3  3  1  4 -3 -3 -1 0 1 0 0 0.01
 0  1 -1  0 -3  1  4 -2 -1 -2 -1  2 -1 -2 -2 -1 -1 -2  2 -2 1 0 0 1 0.01
 2 -1  0  2 -2  0  1 -1  2 -3 -3 -1 -2 -3  2  2  1 -3 -2 -2 1 0 0 1 0.01
 1 -1  3  1 -2  0  2 -1 -1 -2 -2 -1  1 -3 -2  1  0 -3 -2 -1 1 0 0 0 0.01
-4 -4 -5 -6 -4 -3 -4 -4 -4 -4 -3 -4 -3  0 -5 -4 -4 12  1 -4 1 0 0 0 0.01
 1  0 -1 -1 -2  0  1  0 -2  1 -1  2 -1 -2 -2 -1  0 -3 -2  1 1 0 0 0 0.01
 1  0  1 -1  2  0  2 -2 -1 -3 -3  4 -2 -2 -2  0 -1 -3  1 -2 1 0 0 0 0.01
-1  4 -1 -2 -3  2  0 -2 -1 -2 -1  3 -1 -3 -2  0  0 -3 -2 -2 1 0 0 0 0.02
-3 -3 -3 -4 -3 -2 -3 -4  0 -1 -1 -3  4  4 -4 -3 -2  7  6 -2 1 0 0 0 0.01
-2  5  1 -2 -3  4  0 -3 -1 -1  0  1 -1 -3 -3 -1 -1 -3 -2 -2 1 0 0 0 0.01
 1 -1 -1 -1 -3  3  2  1  3 -3 -2  1  1 -3 -2  1 -1 -3 -2 -2 0 0 1 0 0.02
 3 -2  3 -1 -2 -1 -2  0 -1  0 -2 -1 -2 -2  1  0 -1 -2  1 -1 0 0 1 0 0.02
 0 -2 -2 -2 -1 -1 -2  0 -1  0  1 -2  1  2 -2  0  1 -1  2  0 0 0 1 0 0.02
 0  2  2 -1 -2  0  1 -2 -1 -1 -2  2 -2 -3  1  2  0 -3 -2 -1 0 0 1 1 0.02
-1  2  2  1 -3  1  2  0 -1 -3 -3  3 -2 -3 -2  0  1 -3 -2 -3 0 0 1 1 0.02
-1  2 -1 -1 -3  0  0 -2  3 -3 -3  5 -2 -3 -2  0  1 -4 -2 -3 0 0 1 0 0.02
 0 -3 -3 -4 -2 -2 -3 -3 -3  2  3 -2  2 -1 -3 -2  1 -2 -2  1 0 1 0 0 0.01
 0 -3 -4 -4 -2 -3 -3 -4 -4  4  1 -3  0 -1 -3 -2 -1 -3 -2  4 0 1 0 0 0.01
-2  3 -1 -1 -4  2  2 -3  0 -3 -3  4 -2 -2 -2 -1 -1 -2  2 -3 0 1 0 0 0.01
-2 -3 -3 -4 -3 -2 -3 -4  0 -1 -1 -3  4  1 -4 -3 -2  0  7  2 0 1 0 0 0.02
 0  2  2 -1 -2  1  0 -2 -1 -1 -2  2 -1 -3  1  1  1 -3 -2 -1 0 1 0 0 0.02
-2 -2  0  5 -3  0  2 -2  3 -2 -3 -1 -3 -3  1  0 -1 -4 -2 -1 0 1 0 1 0.02
-2 -3 -3 -4 -3 -3 -3 -4 -1 -1  0 -3 -1  6 -4 -2  0  0  4  0 0 1 0 0 0.03
 0  0  2  0 -2  1  1 -1 -1 -2 -2  1 -2 -3  2  2  1 -3 -2 -1 0 0 1 1 0.04
-1  1  4  0 -2  1 -1  1 -1 -3 -3 -1 -2 -3 -2  2  2 -3 -3 -2 0 0 1 1 0.05
 1 -2 -1  1 -2 -1  1  1 -2 -1  1 -1 -1  1  1  0 -1 -2 -1 -1 1 0 0 0 0.08
-1  1  1  3 -3  1  1 -2 -1  0 -2  0 -2 -3  3  0 -1 -4 -3 -1 1 0 0 1 0.09
-1  0 -2 -2 -2  0 -1  0 -2  1  1  0  1  2 -3  0  0 -2  0  0 1 0 0 1 0.10
 4 -2 -2 -2 -1 -1 -1 -1 -2 -2  0  0 -1 -3 -2  1  1 -3 -2 -1 1 0 0 0 0.10
 1  0  0  1 -2  0  1 -1 -1 -2 -2  2 -2 -3 -1  2  2 -3 -2 -1 1 0 0 0 0.10
 0 -2  5  2 -3 -1 -1  0 -1  0 -3 -1 -2 -3  1  0 -1 -3  0 -2 1 0 0 1 0.10
 2 -1  1 -1 -2  0  0 -1 -1 -1  0 -1 -1  0  2  1  1 -3 -1  0 1 0 0 1 0.10
-1 -2 -2 -3 -2 -2 -2 -3 -1 -1  0 -2 -1  4 -3  2  1  0  4 -1 0 0 1 0 0.13
-1  1  3  2 -3  0  0 -2 -1  0 -2  2  1 -3 -2  2  0 -4 -2 -2 0 0 1 0 0.13
 3 -1  2 -1 -2 -1 -2  3 -2 -2 -1  0  1 -3 -2  0 -1 -3 -2 -1 0 0 1 1 0.11
 0 -2 -3 -3 -3 -2 -3 -3  3  0  1 -3 -1  4 -3 -2 -2  0  6 -1 0 0 1 1 0.09
-1  1 -2 -2 -2 -1 -2 -2 -2  1  0 -1 -1  0  6 -1 -1 -2 -1 -1 0 0 1 1 0.09
-1  1  3  0 -2  0  1  0 -1  0 -1  0 -1 -2 -1  1  0 -2 -1  0 0 0 1 0 0.08
-1  1  1  0 -2  1  1 -1  1 -1 -1  1 -1 -1 -1  0  1 -2 -1 -1 0 0 1 1 0.08
 0 -1 -1 -1 -1  0 -1 -1 -1  0  1 -1  0  2  1  0  0 -1  0  0 1 0 0 0 0.08
-1 -1  1  1 -2 -1  1 -1 -1  1 -1 -1 -1 -2  3  0  0 -2 -1  1 1 0 0 1 0.07
 0 -1  1  1 -2  1  1  2 -1 -1 -1  0 -1 -2 -1  1  0 -2 -2 -1 1 0 0 1 0.07
-2  2 -1  2 -4  1  3 -3 -1 -2 -1  2  1 -3 -2 -1 -1 -3 -2 -2 0 0 1 0 0.06
 0 -2  1 -1 -1 -1 -1 -2 -1  1 -1 -1 -1  1 -2  2  2 -1  2  0 0 0 1 1 0.06
 0 -2 -2 -2 -2 -1  0 -3 -2  3  1 -2  2  1 -2 -2 -1 -2 -1  1 0 0 1 1 0.06
 0  2 -1  1 -3  2  3 -2 -1 -3 -3  2 -2 -3  3  0 -1 -3 -2 -2 0 0 1 1 0.06
-1  1  3  2 -3 -1 -1  3 -1 -3 -3  1 -2 -3 -2  0 -1 -3 -2 -3 0 0 1 1 0.05
 2 -1  1 -1 -2 -1 -1  3 -1 -2 -2  2 -2 -3 -1  1  0 -3 -2 -2 0 0 1 0 0.05
-1  1 -1 -1 -2  0  1 -2 -2  1 -1  2 -1 -2  2 -1  1 -3 -2  1 0 1 0 1 0.04
 1 -3 -3 -3 -2 -2 -3 -3 -3  1  2 -3  0  3 -3 -1  0 -2  0  3 0 1 0 1 0.04
-2 -3 -4 -4 -2 -3 -3 -4 -3  3  4 -3  3  0 -3 -3 -1 -3 -2  2 0 0 1 0 0.03
 0 -1  3 -1 -2  1 -1 -1 -1 -3 -3 -1 -2 -3 -2  3  3 -3 -2 -2 0 0 1 0 0.04
 0  1 -1 -1 -2  2  1 -2 -1 -2 -3  2 -2 -2  1  3  0 -2  1 -1 0 0 1 1 0.04
-1  1 -2 -2 -3 -2 -2 -3 -3 -4 -4 -1 -3 -4  7  1 -1 -4 -3 -3 0 0 1 0 0.04
 1  4  0  1 -3  0  1 -2  2 -3 -3  0 -2 -3 -2  1 -1  3 -2 -3 1 0 0 1 0.04
-4 -4 -5 -6 -4 -3 -4 -4 -3 -4 -3 -4 -3  0 -5 -4 -4 12  2 -4 1 0 0 1 0.06
-3 -3 -3 -4 -3 -3 -3 -4  0 -2 -1 -3 -2  5 -4 -3 -3  4  7 -2 1 0 0 0 0.07
-1  0  3  0 -3  1  0  1  3 -3 -3  3 -2 -3 -2  1 -1 -3 -1 -3 1 0 0 1 0.10
 1  0  0 -1 -2  2  0 -1 -1 -2 -2  2 -1 -3 -1  1  2 -2 -2 -1 1 0 0 1 0.16
-1 -1  0 -1 -2  2  0 -2  5 -1 -1 -1 -1  3 -2  1 -1 -1  1  0 1 0 0 0 0.20
-1  2  2 -1 -2  0  0  2 -1 -2  0  2 -1 -2 -2  0 -1 -2 -2 -2 0 0 1 1 0.19
-1  4 -1 -2 -3  2  0 -2  0 -3 -2  3 -1 -1 -2 -1  1 -1  3 -2 0 0 1 1 0.22
-1  0  0  3 -3  3  1  2 -1 -3 -3  2 -2 -3 -2  1 -1 -3 -2 -3 0 0 1 1 0.24
-1  1  0  2 -3  4  1 -2  0 -3 -3  3 -1 -3 -1  0 -1 -3 -2 -3 0 1 0 0 0.30
-2  0 -2 -3 -3 -1 -1 -3  1 -2 -2  1 -1  2 -3 -2 -2  1  7 -2 0 1 0 0 0.36
 0 -1  4  0 -2  0  0  0  0 -3 -3  0 -2 -3 -1  3  1 -3 -2 -2 0 1 0 1 0.51
-2 -2 -4 -4 -2 -3 -3 -4 -3  1  4 -3  2  3 -3 -3 -2 -1  0  0 0 1 0 0 0.41
-2 -3 -3 -3 -2 -3 -3 -4 -1  4  1 -3  1  1 -3 -2 -1 -1  3  2 0 1 0 0 0.38
 1 -2  0  3 -2 -1 -1  4 -2 -3 -3 -1 -2 -3 -2  0 -1 -3 -3 -2 0 0 1 1 0.43
-1  2  3  0 -3  1  0 -1 -1 -3 -3  4 -2 -3 -1  0 -1 -3 -2 -3 0 0 1 1 0.51
-1 -2 -3 -3 -1 -1 -2 -3 -2  2  2 -2  4  0 -3 -2  0 -2 -1  3 0 0 1 1 0.57
