-4 -5 -5 -6 -5 -4 -5 -6 -5 -2  0 -5 10  2 -6 -5 -4 -4 -4 -2 0 0 1 1 0.96
-3 -4 -3 -4 -4 -4 -4 -5 -4  0  2 -4  2  6 -5  0 -3  6  0 -2 0 0 1 0 0.95
-2  3  2  0 -4  0  0 -1  1 -4 -3  4 -3 -1  0  0 -1 -4 -3 -3 1 0 0 1 0.96
-2  3  1 -2 -4  0 -1 -2 -2 -1 -2  5 -2  2 -1  0 -2 -3 -2 -3 1 0 0 1 0.96
-2 -2 -3 -4 -3 -2 -3 -4 -3  2  3 -2  4  4 -3 -2 -1  4 -1  0 1 0 0 0 0.95
-1 -1 -2 -3 -3 -2 -2 -2 -3  1  0  1  1  5 -1  0  1  3 -1 -1 1 0 0 0 0.94
 0  1  3  0 -3  0  0  1 -2 -3 -3  2 -2 -2 -1  1  1 -2 -2 -2 1 0 0 1 0.91
-2  1  0  0 -4  2 -1 -2 -2 -3 -3  5 -3 -4  0  1 -1  1 -3 -4 0 0 1 1 0.93
-1  1  1  1 -4  2  1 -1 -1 -4 -4  4 -2 -5  2  0  0 -3 -4 -4 0 0 1 1 0.89
-2  0  4  2 -4  1  1 -2  3 -2 -3  2 -3 -4 -1  1  1 -4 -2 -3 0 0 1 1 0.85
 0 -1  2  1  0  0  1 -1 -2 -2 -2  1 -1 -2  1  1  1 -2 -2 -1 0 0 1 0 0.78
 0 -2 -1 -1 -2  0  0 -2 -1  1  1 -1  3 -1  0  0  0 -3 -1  1 1 0 0 1 0.63
 0  0  2  2 -3  1  2 -1  1 -2 -3  1 -1 -2  0  1  0 -3 -2 -2 1 0 0 1 0.61
-1 -1  3  2 -3  1  2 -2  0 -2 -3  0 -2 -3  1  2  1 -4 -2 -2 1 0 0 1 0.51
-1 -1 -2 -2 -3  0 -1 -2  1  0  2 -1  2  2 -2  0  0 -2  2  0 1 0 0 0 0.47
-1 -1  2  0 -3  0  0 -2  0 -1  0  1 -2 -2  4  0  0 -4 -1 -1 1 0 0 1 0.37
 0 -1  0  2 -3  1  3 -2  1 -2 -3  1 -2 -1  2  1 -1 -4 -2 -2 0 0 1 1 0.33
-1  0  0  3 -4  3  3 -1 -1 -3 -3  2 -2 -4 -2 -1 -1 -4 -3 -2 0 0 1 1 0.31
-2 -5 -5 -5 -4 -2 -4 -5 -5  5  4 -4  2 -1 -4 -3 -3 -4 -3  1 0 0 1 1 0.27
-1 -3  1  6 -3 -1  1 -3 -2 -4 -4  0 -4 -5  1  0 -2 -6 -5 -3 0 0 1 1 0.26
 0  1 -1 -2 -3  0 -1 -1 -1 -1  0  1  2 -1  3  0  0 -2 -2 -2 0 0 1 1 0.21
 0 -1  2  2 -3  1  2  0  1 -3 -2  0 -2 -4 -2  1  1 -4 -3 -3 0 0 1 1 0.20
-1  4  4 -1 -1  0 -1 -3  0 -3 -1  3 -1 -3 -1  0 -1 -5 -3 -2 0 0 1 1 0.18
-3 -5 -5 -6 -3 -4 -6 -4 -6  5  3 -4  3 -2 -4 -4 -2 -5 -3  3 0 0 1 0 0.14
-6 -7 -7 -6 -4 -6 -6 -7 -7 -8 -7 -6 -7 -9  9 -6 -6 -9 -8 -7 0 0 1 0 0.11
-1  5  1 -2 -4  3  1 -3  0 -4 -4  3 -3 -5 -4 -1 -2 -5 -4 -2 0 0 1 1 0.08
-7 -5 -4 -6 -8 -5 -5 -7 11 -9 -8 -6 -7 -6 -7 -5 -7 -8 -3 -8 0 1 0 0 0.08
-4 -6 -7 -7 -5 -6 -7 -7 -7  6 -1 -6 -3 -4 -6 -6 -4 -6 -5  6 0 1 0 0 0.08
 7 -6 -6 -6 -3 -5 -5  0 -6 -6 -6 -5 -5 -6 -5 -2 -4 -7 -6 -3 0 1 0 0 0.09
-5 -7 -7 -7 -1 -7 -7 -8 -7  8 -1 -7 -1 -1 -7 -6 -4 -6 -5  3 0 1 0 0 0.14
-5 -7 -8 -8 -5 -7 -8 -8 -8  8 -3 -7 -2 -4 -7 -7 -4 -7 -6  2 0 1 0 0 0.20
-6 -6 -7 -8 -6 -6 -7 -8 -7 -4  0 -6 11 -5 -6 -7 -6 -7 -6 -4 0 0 1 0 0.29
-7 -6 -3  9 -8 -5 -3 -6 -6 -8 -9 -5 -8 -8 -6 -5 -6 -9 -8 -8 0 0 1 0 0.52
-4 -7 -5 -6 -7 -6 -7  8 -7 -8 -8 -6 -7 -8 -7 -5 -6 -7 -8 -8 0 0 1 0 0.60
-6 -5  9 -3 -8 -5 -5 -5 -4 -8 -8 -5 -7 -8 -7 -4 -5 -9 -7 -8 1 0 0 0 0.63
-3 -6 -1 -6 -7 -6 -6  8 -6 -8 -8 -6 -7 -8 -7 -4 -6 -7 -7 -8 1 0 0 0 0.66
-6  9 -5 -6 -8 -4 -5 -7 -5 -8 -7 -2 -6 -8 -7 -6 -6 -8 -7 -7 1 0 0 1 0.72
-8 -8 -10 -10 -8 -8 -9 -8 -8 -8 -6 -9 -7 -5 -9 -8 -8 13 -3 -9 1 0 0 0 0.65
 7 -6 -6 -6 -5 -5 -5 -4 -6 -6 -6 -5 -5 -7 -5 -3 -4 -7 -6 -4 1 0 0 0 0.62
-2  1  0 -4 -6  3  0 -4 -3 -4 -5  6 -3 -6 -5 -2  0 -5 -5 -5 1 0 0 1 0.65
 1  3  0 -3 -5  4  1 -3 -2 -4 -3  4 -2 -5 -4  0 -3 -5 -4 -4 1 0 0 1 0.67
-5  8 -4 -5 -8  3 -4 -6  0 -6 -6  2 -5 -7 -6 -5 -5 -7 -5 -7 0 0 1 1 0.50
-2 -2  1 -4 -4 -4 -5  6  2 -6 -2 -1  0  1 -5 -2 -4 -5 -3 -5 0 0 1 1 0.44
-4  0 -5 -6 -5  0 -4 -6 -2 -2  5  3  5 -1 -6 -5 -4 -2 -4 -3 0 0 1 1 0.36
-2 -4 -2 -2 -7 -3 -2 -5 -4 -3 -2 -2 -1 -5  8 -1 -4 -7 -7 -5 0 0 1 1 0.26
-5  9 -5 -6 -8 -4 -5 -4 -5 -8 -7 -2 -6 -8 -4 -5 -5 -8 -6 -6 1 0 0 1 0.21
 0 -4 -1 -4 -3 -3 -4 -4 -3  3  0 -3 -1 -1 -3  1  3 -3 -2  3 1 0 0 1 0.22
 3 -2 -4 -3 -4 -3  2 -4 -3 -2 -1 -1  4  4 -4 -2 -3 -3  3 -1 1 0 0 1 0.19
-4 -7 -5 -6 -7 -6 -7  8 -7 -9 -8 -6 -7 -8 -7 -5 -6 -7 -8 -8 1 0 0 0 0.12
-7 -6 -5 -6 -8 -5 -5 -7 12 -9 -8 -6 -7 -7 -8 -6 -7 -8 -3 -9 1 0 0 0 0.10
-2  5 -2 -4 -4  3  1 -4  3 -3 -4  5 -2 -5 -4 -2 -2 -4 -1 -3 1 0 0 1 0.07
 4  2  0 -3 -4  2  2 -4 -1 -4 -5  1 -3 -4 -4 -1 -2 -5 -4 -2 1 0 0 1 0.04
-2 -7 -5 -6 -7 -6 -7  8 -7 -8 -8 -6 -7 -8 -7 -4 -6 -7 -6 -8 1 0 0 0 0.03
 3 -4 -5 -5  0 -4 -1 -4 -5  0 -1 -4  5 -4 -5 -1  0 -5 -4  5 1 0 0 0 0.02
-1  0  0  3 -6  1  4 -3 -1 -5 -4  4 -3 -5 -4 -1 -2 -6 -4 -3 1 0 0 1 0.02
 4 -1  1 -4 -3 -3 -4 -3 -4 -4 -4 -3 -3 -5 -4  2  4 -6 -5  1 1 0 0 0 0.01
-3 -6 -7 -7 -5 -6 -6 -7 -7  1  3 -6 -1 -2 -6 -5 -3 -4 -5  6 1 0 0 0 0.01
-4  7 -2 -4 -7  0  1 -5  0 -3 -4  4  0 -2 -5 -4 -4 -6 -5 -4 1 0 0 0 0.01
 0  4  1  3 -3  0  2 -2 -3 -4 -4  3 -2 -5 -3 -1  0 -5 -4 -3 1 0 0 1 0.01
 1 -5 -5 -6  0 -5 -5 -5 -6  5 -1 -5  1 -4 -5 -2  2 -6 -4  4 1 0 0 0 0.01
 0 -5 -5 -6  2 -5 -5 -6 -6  3  1 -5 -2 -4 -5 -3  2 -6 -4  6 1 0 0 0 0.01
-2  4 -2 -1 -2  0  4 -4 -2 -1 -3  3 -2 -5 -4  0  0 -5 -3 -3 1 0 0 1 0.01
 3 -2 -2 -1  1 -2  1  1  2 -2 -2 -2 -2  1 -3 -1  1 -1  1 -2 1 0 0 0 0.01
 5 -6 -6 -6  9 -6 -6 -3 -6 -5 -5 -6 -4 -6 -6  0 -3 -7 -6 -3 1 0 0 0 0.01
 2  1  1  0  0 -1 -2  0 -1  0 -1  0 -1 -3 -1  2  0 -1 -1  0 1 0 0 0 0.01
-2  3  1  3 -5  1  4 -4  0 -5 -5  2 -5 -6 -4 -1 -2 -6 -4 -5 1 0 0 1 0.01
-2  0 -2 -6 -2 -2 -4 -6  0  2  4 -3  3 -1 -5 -4 -3  4 -2 -1 1 0 0 0 0.01
-4 -4  0 -4 -7 -4 -4  7 -2 -8 -8 -2 -7 -6 -5 -4 -6 -7 -7 -7 0 0 1 1 0.01
-4 -7 -7 -7 -3 -6 -7 -7 -7  6  0 -6 -2 -4 -6 -6 -4 -6 -5  6 0 0 1 0 0.01
-3  1 -2  0 -6  2  3 -1 -2 -6 -5  5 -5 -6  1 -1 -2 -6 -5 -5 0 0 1 1 0.01
 1 -5 -1 -6 -1 -2 -4 -5  2 -1 -4 -5 -4  1 -6 -2 -2  3  7  3 0 1 0 0 0.01
-5 -6 -8 -8 -5 -6 -7 -8 -7  0  7 -7  1 -3 -7 -6 -5 -6 -5 -1 0 1 0 0 0.01
-4 -6 -4 -6 -5 -5 -5 -6 -6 -5 -6 -5 -5 -7 -6  1  8 -7 -6 -5 0 1 0 0 0.01
 0 -6 -6 -7 -1 -5 -6 -6 -6  1  5 -6  0 -2 -6 -5 -4 -5 -4  4 0 1 0 0 0.01
-7 -7 -7 -8 -7 -7 -7 -8 -3 -6 -5 -7 -5  6 -8 -7 -6 -1  9 -6 0 1 0 0 0.02
 7 -5 -5 -6 -1 -5 -5 -2 -6 -5 -5 -5 -5 -6 -5  0  1 -7 -6 -3 0 1 0 1 0.02
-7 -8 -8 -9 -7 -8 -8 -8 -6 -5 -3 -8 -5 10 -9 -7 -7 -4 -2 -6 0 1 0 0 0.05
-3 -6 -4 -5 -6 -5 -5 -5 -6 -7 -7 -5 -6 -7 -6  8 -3 -8 -7 -6 0 1 0 0 0.07
-3 -5 -4 -5 -5 -3 -4 -5 -6 -3 -5 -3 -3 -6 -5  4  7 -4 -6 -3 1 0 0 0 0.15
-6 -5 -5 -2 -9 -2  8 -7 -5 -8 -8 -4 -7 -8 -6 -5 -6 -8 -7 -7 1 0 0 1 0.14
-7 -5  9 -4 -8 -5 -5 -5 -4 -8 -9 -5 -7 -8 -7 -4 -5 -9 -7 -8 1 0 0 0 0.14
-8 -7 -10 -10 -8 -8 -9 -8 -8 -8 -6 -7 -7 -3 -10 -9 -8 13 -3 -9 1 0 0 1 0.15
-2  3  3 -3 -5  0 -2 -1 -3 -4 -4  5 -4 -4 -4  1 -2 -6 -5 -4 1 0 0 1 0.15
-6  9 -5 -7 -8 -4 -5 -7 -5 -8 -7 -2 -6 -8 -7 -6 -6 -8 -7 -7 0 0 1 1 0.25
-4 -7 -6 -6 -7 -6 -5 -6 -7 -7 -8 -6 -7 -8  9  1 -2 -8 -8 -7 0 0 1 1 0.26
 1  0 -2  0 -4  3  3 -2 -2 -3 -3  3 -3 -5  2 -1 -1 -5 -4 -2 1 0 0 1 0.17
 0 -2 -1  4 -5  1  4 -2 -2 -3 -2  0 -3 -2 -2  0  0 -3 -3 -3 1 0 0 1 0.14
-6 -5 -5 -3 -9 -3  8 -7 -5 -8 -8 -4 -7 -8 -6 -5 -6 -3 -7 -7 1 0 0 0 0.11
-4 -7 -7 -8 -5 -7 -7 -8 -8  2 -3 -5 -3 -4 -7 -6 -4 -7 -5  8 1 0 0 0 0.06
 0  1  3  3 -4 -1  1  0 -2 -5 -5  0 -4 -5 -4  3  0 -6 -5 -4 1 0 0 1 0.04
 3 -4 -3 -1 -4 -4 -3  1 -3 -2 -1 -3 -1  5 -5 -1  0 -2  3 -2 1 0 0 1 0.02
-6 -6 -8 -8 -5 -6 -7 -8 -7  2  7 -7 -2 -4 -7 -7 -5 -6 -5 -3 1 0 0 0 0.02
-6 -6 -7 -8 -4 -6 -7 -8 -7 -3 -2 -6 11  1 -8 -7 -4 -3 -6 -4 1 0 0 0 0.01
-1  1  2  0 -4  1  2  2  0 -5 -4  3 -3 -4 -3  1  0 -5 -3 -4 1 0 0 1 0.01
-6 -6 -8 -8 -5 -6 -7 -8 -7  0  7 -7 -1  1 -7 -7 -5 -5 -4 -3 1 0 0 0 0.01
-4 -6  0 -6 -5 -5 -6 -6 -5 -1  4 -6  1  6  3 -5 -4 -4 -2 -1 1 0 0 0 0.01
-1  3 -2 -2 -2 -1  1 -3 -1  1  0  1  1 -2 -4 -1 -1 -4 -2  2 1 0 0 1 0.01
-2  2  1  2 -4  1  3 -2  0 -3 -2  2 -2 -1 -3  0  1 -1 -1 -3 1 0 0 1 0.01
 1 -5 -4 -6 -3 -4 -5 -5 -2 -3 -3 -4 -1  5 -5  1  0 -3  6  2 0 0 1 0 0.01
-4 -6 -7 -7 -4 -6 -6 -7 -6  4  5 -6  2  2 -6 -6 -4 -5 -1  0 1 0 0 0 0.01
-1  3  1  2 -5  1  2 -1  0 -2 -3  3 -2 -5 -3 -1 -1 -4 -3 -2 1 0 0 1 0.01
-2  4  2  1 -5  0  0 -2 -1 -3 -3  4 -4 -5 -4  1  1 -5 -4 -4 1 0 0 1 0.01
-3  0 -2  1  1  0  6 -5 -2 -6 -4  0 -5  2 -5 -3 -4 -5  0 -6 1 0 0 0 0.01
-1  0 -4 -5 -4 -4 -3 -5 -5  3  3 -3  2 -1 -5 -3  0 -4 -2  3 1 0 0 0 0.01
 1  1  0  2 -4  1  1 -2 -2 -4 -4  3 -3 -5  3  0 -2 -5 -4 -3 1 0 0 1 0.01
-1  1  0  1 -5  0  5 -3 -2 -2 -2  2 -3 -4 -4 -1  1 -5 -3 -3 1 0 0 0 0.01
-2 -6 -6 -7 -4 -5 -6 -7 -6  1  6 -6  5  2 -6 -4 -4 -4 -3 -3 1 0 0 0 0.01
-1 -1  2  0 -2  0 -1 -4  7  1 -1  0  4 -3 -5 -3 -3 -5 -2  0 1 0 0 1 0.01
 1  2 -1  1 -6  1  4 -3 -2 -5 -5  4 -4 -6 -4 -1 -2 -6 -5 -5 1 0 0 1 0.01
-3  0  7 -1 -6  1  2 -4  3 -6 -4  1 -1 -6 -5 -2 -4 -2 -2 -6 0 0 1 0 0.01
-4 -2  7  1 -6 -1 -3  4 -1 -7 -7 -2 -5 -7 -6 -2 -4 -7 -5 -7 0 0 1 1 0.01
-3 -6 -6 -7 -3 -6 -6 -7 -7  5 -2 -6  2 -4 -6 -6 -3 -6 -5  6 0 0 1 0 0.01
-4  7 -4 -5  1  2 -3 -6 -4 -5 -5  3 -5 -7 -6 -3 -4 -7 -6 -4 0 1 0 0 0.01
-3 -6 -6 -7 -3 -5 -6 -7 -6  4  4 -6  1  2 -6 -5 -4 -5 -3  4 0 1 0 0 0.01
-4  6  3 -3 -2  1 -1 -5  2 -3 -4  2 -1 -5 -5 -1 -1 -6 -3 -3 0 1 0 0 0.01
 0 -5 -5 -6 -1 -5 -5 -5 -1  3 -1 -5  2  4 -4 -3  0  4 -1  4 0 1 0 0 0.01
-1 -6 -6 -7 -4 -6 -6 -7 -5  7  1 -6  3 -1 -6 -3 -2 -6 -5  1 0 1 0 0 0.01
-4 -7 -5 -6 -7 -6 -7  8 -7 -9 -8 -6 -7 -8 -7 -5 -6 -7 -8 -8 0 0 1 0 0.01
-4  3  2  6 -3 -1  2 -4 -1 -5 -6 -2 -6 -2 -5 -1 -4 -3 -1 -5 0 0 1 0 0.01
-3  4 -4 -5 -4 -2 -3 -5 -2  3  2  1  2 -2 -2 -3  1 -3 -1  0 1 0 0 1 0.01
 0 -2  0  3 -4  0  3 -2  0 -4 -4 -1 -4 -5  0  3  1 -3 -4 -3 1 0 0 1 0.01
 1  4 -1  0 -4  0  1  1  0 -4 -3  2  0 -4 -1 -1 -2 -5 -3 -3 1 0 0 1 0.01
-4 -6 -7 -7 -5 -6 -7 -7 -6 -1  6 -6  0  5 -7 -6 -5 -4 -3 -2 0 0 1 0 0.01
-3 -4 -1  2 -6 -4 -1 -4 -3 -7 -7 -4 -6 -6  7  2 -3  4 -6 -6 0 0 1 1 0.01
 1  1 -1  1 -4  1  3 -1 -2 -3 -3  2 -2 -5  3  0 -1 -5 -4 -2 1 0 0 1 0.01
 0  1  0  3 -4 -1  2 -2  2 -3 -4  2 -3 -3 -2  2 -1 -5 -1 -3 1 0 0 1 0.01
-1 -5 -5 -5  2 -4 -5 -5 -5  3  3 -5 -1 -2 -3 -4  3 -5 -4  3 1 0 0 0 0.01
-2  4 -2 -4 -2  6 -2 -5 -3  1  0  1 -2 -3 -5 -3 -3 -4 -1  0 1 0 0 0 0.01
 1  2  1  2 -4  2  3 -3  0 -3 -4  3 -3 -5 -3 -1 -1 -5 -4 -4 1 0 0 1 0.01
 2  1 -2 -2 -3  1  2 -2 -1 -1  1  1  1 -3 -3 -1 -1 -3 -2 -1 1 0 0 0 0.01
-3 -6 -6 -7 -1 -5 -6 -7 -6  5  4 -6  4  0 -6 -5 -3 -3 -4  2 1 0 0 0 0.01
 0  2  2  2 -3  2  3 -3  1 -2 -2  1 -2 -3 -3 -1 -1 -4 -2 -2 1 0 0 1 0.01
-1  2  1  2 -5  1  3 -3  1 -3 -3  2 -2 -3 -4 -1 -1 -1 -1 -2 1 0 0 1 0.01
 5 -5 -4 -5  1 -4 -4 -1 -5 -2  0 -4 -2 -3 -4  1  1 -6 -4  0 1 0 0 0 0.01
-3 -2 -4 -2 -3  1  5 -6 -4  3 -1 -1  4 -4 -5 -3 -2 -3 -3  1 1 0 0 1 0.01
 2  0  0  1 -4  1  5 -3 -1 -4 -3  1 -4 -5 -4 -1  0 -6 -5 -3 1 0 0 1 0.01
 0  2 -2  0 -3  2  1 -3  0 -1  2  2  1 -2 -4 -2 -1 -4 -2 -2 1 0 0 1 0.01
-4 -6 -5 -6 -3 -5 -5 -6 -6 -5 -4 -5 -2 -7 -6  1  8 -7 -6 -5 1 0 0 0 0.01
 4  2 -3 -4  0  0  0 -3 -3 -4 -4  4 -4 -6 -4  1 -3 -6 -5 -3 0 0 1 1 0.01
 0 -1  5  3 -4  0 -1  1  4 -5 -5  0 -3 -5 -4 -1 -2 -6 -3 -4 0 0 1 1 0.01
-5 -5  9 -3  2 -4 -5 -2 -1 -8 -7 -4 -5 -2 -7 -4 -5 -8 -2 -7 0 0 1 0 0.01
-3 -1  0  3 -4  0 -2 -3 -3 -5 -5  0 -5 -5 -2  1  6 -6 -5 -4 0 0 1 1 0.01
 0  3 -3 -3 -6 -2 -3  6 -3 -5 -6  0 -5 -6 -5 -2 -2 -6 -6 -2 0 0 1 1 0.01
-4 -5 -6 -7 -1 -5 -6 -5 -4  2  5 -5  7 -1 -5 -5 -2 -3 -4 -1 0 0 1 0 0.01
-3 -1  2 -3  0  0 -3 -4  2  2 -2 -1 -2 -4 -5 -2  5 -5 -3  2 0 1 0 1 0.01
-5 -6 -7 -7 -5 -5 -7 -7 -6 -2  6 -6  1  3 -7 -6 -5 -5 -4  0 0 1 0 0 0.01
-2 -4  6 -3  1  0 -4 -4 -3  1 -4 -4 -3 -4 -5 -1  3 -6 -2  2 0 1 0 0 0.01
-4 -6 -6 -7 -4 -6 -6 -7 -6  5  3 -6  2  4 -6 -5 -4 -5 -3  3 0 1 0 0 0.02
 7 -6 -6 -6  5 -5 -5 -4 -6 -6 -5 -5 -5 -5 -5 -3 -4 -7 -6 -4 0 1 0 0 0.02
 2 -5 -6 -6 -4 -5 -5 -5 -5  2  4 -5  0  2 -5 -4 -1 -4 -3  2 0 1 0 0 0.03
-5 -5  8 -2 -7 -4 -5 -3 -4 -5 -8 -5 -6 -7 -6  3 -4 -8 -7 -7 0 1 0 0 0.03
-7 -7 -7 -8 -8 -7 -7 -8 -3 -7 -6 -7 -6 -2 -8 -7 -7 -3 10 -6 0 1 0 0 0.04
-4 -6 -5 -5 -7 -6 -6  7 -6 -8 -8 -6 -7 -7 -6  1 -5 -7 -7 -7 0 0 1 0 0.03
 0 -6 -4 -5 -6 -5 -5  6 -6 -7 -7 -5 -6 -4 -6  3 -4 -6 -6 -6 1 0 0 0 0.04
-6  8 -5 -6 -3  1 -4 -7 -1 -8 -7  1 -6 -7 -7 -5 -6 -7 -5 -7 1 0 0 1 0.04
 2 -1 -1  4 -5  1  0 -3 -3 -4 -4 -2 -4 -3 -5 -1 -2  9 -1 -4 1 0 0 1 0.07
-5 -5 -4  5 -8 -3  7 -6 -5 -8 -8 -4 -7 -8 -6 -4 -5 -8 -7 -7 1 0 0 0 0.06
-5 -7 -7 -7 -5 -6 -7 -8 -7  8  2 -7  2 -4 -7 -6 -5 -6 -5  0 1 0 0 0 0.06
 1 -3 -4 -5 -2 -4 -4 -4 -5  2  2 -3  1 -3 -5 -2  3 -5 -4  4 1 0 0 1 0.04
-2  4  1  3 -4  5  1 -4  2 -5 -4  0 -2 -5 -4 -1 -1 -4 -3 -5 1 0 0 1 0.03
 7 -6 -5 -6 -3 -5 -5 -1 -6 -5 -6 -5 -2 -6 -5 -1 -2 -7 -6 -3 1 0 0 0 0.02
 3 -5 -5 -5  3 -4 -5 -4 -5  1 -2 -4  3 -1 -5 -2  1 -5 -4  4 1 0 0 1 0.02
-3  6  0 -4 -4  4 -2 -5 -2 -6 -5  5 -5 -6 -5 -3 -3 -6 -4 -4 1 0 0 1 0.02
 1  3  1 -1 -4  2  1 -2  0 -3 -2  3 -2 -4 -3  1 -1 -3 -3 -3 1 0 0 1 0.02
-4 -5 -6 -6 -3 -5 -6 -7 -6  6  4 -5  4 -1 -6 -5 -4 -2 -2  1 1 0 0 0 0.01
 6 -4 -4 -5  1 -4 -4 -2 -4  0 -1 -4  0 -3 -4  0 -2 -5 -1  0 1 0 0 1 0.01
 1  2 -1 -1 -2  3  3 -2  0 -2 -2  2 -2 -3 -3  0  0 -3 -2 -2 1 0 0 1 0.01
 0  1 -2  4 -5  3  3 -4 -3 -5 -3  3 -2 -5 -4 -1 -3 -5 -5 -4 1 0 0 1 0.01
 1 -4 -4 -4  2 -3 -4 -3 -2  1 -1 -4 -1 -3 -4 -2 -2 -4 -1  6 1 0 0 0 0.02
 3  1 -2 -2 -2  3  1 -3 -1 -2 -1  3 -2 -4 -1  0 -2 -4 -3 -2 1 0 0 1 0.02
 3  0  2  2 -2  2  2 -2 -1 -3 -3  0 -2 -4 -3  1 -1 -4 -4 -3 0 0 1 1 0.02
-2 -3  1 -3 -5 -1 -2  7 -2 -6 -4 -1 -5 -5 -2 -2 -4 -5 -5 -5 0 0 1 1 0.02
-1  2  0  0 -4  1  3  0  0 -1 -2  3 -2 -3 -3 -1  0 -4 -3 -2 0 0 1 1 0.02
-2 -2 -5 -5 -3 -2 -4 -5 -4  4  5 -3  1 -1 -4 -4 -3 -4 -2  1 0 0 1 1 0.02
 1  1  2  3 -2  1  0 -2 -1 -3 -3  1 -3 -4 -1  2  1 -5 -4 -3 0 0 1 1 0.02
 1 -4 -5 -4 -3 -3 -1 -4 -4  1  0 -2 -3 -3  7 -1 -3 -2 -4  1 1 0 0 1 0.02
 0 -2  0  4 -3  0  5  0 -2 -5 -5 -1 -4 -6 -3  1 -1 -6 -5 -5 1 0 0 1 0.02
 0 -1  0  5 -4  2  3 -3 -1 -4 -4  1 -2 -5 -2  0 -1 -6 -4 -4 1 0 0 1 0.02
-4 -7 -7 -7 -4 -6 -7 -7 -7  8  1 -6  0 -1 -6 -6 -4 -5 -4  2 0 0 1 1 0.02
-4 -5  4  5 -4 -4 -2 -3 -4 -6 -6 -4 -5 -6 -5  1  5 -7 -6 -5 0 0 1 1 0.01
-2 -4 -3  1 -6 -1  7 -5 -4 -5 -6 -3 -6 -6  0 -3 -4 -2 -5 -4 1 0 0 1 0.01
 1 -1  1  3 -4  2  4 -2 -1 -5 -5  1 -4 -5 -3  1  0 -4 -4 -3 1 0 0 1 0.01
 0 -1 -1  0 -1 -2 -1 -3 -1  0  2 -2  2 -1 -4  0  3 -4 -1  1 1 0 0 0 0.01
-5 -6 -6 -7 -4 -6 -6 -7 -6  5  3 -6  1  6 -6 -6 -4 -3 -1  2 1 0 0 0 0.01
 3 -1  1  0 -2  1  2  0 -1 -5 -5 -1 -4 -5 -2  3 -1 -5 -4 -4 1 0 0 1 0.01
 1  2  2  1 -4  3  1 -1  0 -5 -5  2 -4 -5 -1  2 -1 -5 -4 -4 1 0 0 1 0.01
-1  0  0 -5  0 -1  0 -5  7 -5 -4 -3 -4  1 -6 -3 -3 -2  7 -5 1 0 0 0 0.01
-5 -6 -7 -8 -4 -6 -7 -8 -7 -1  7 -7  2 -3 -7 -6 -4 -4 -5 -2 0 0 1 0 0.01
-1 -4 -3  3  2 -1 -2 -4 -2 -4 -2 -4  3  1 -4  1 -1  1  6 -3 0 0 1 0 0.01
-3 -5 -3 -5 -4 -3 -2 -5 -4 -3  0 -5  3 -4 -5 -1  7 -6 -2 -3 0 0 1 0 0.01
 4  0  1 -2 -2  0 -2  0  3 -4 -4  1 -4 -3  2  1 -2 -4 -2 -3 1 0 0 1 0.01
-3 -4  1  5 -5 -2  1  4  0 -5 -5 -3 -4  1 -2 -1 -3 -1  0 -3 1 0 0 1 0.01
-1 -4 -4 -4 -2  1 -2 -5 -4  3  4 -4  5  0 -5 -3 -3 -2 -1  0 0 0 1 0 0.01
-1 -4 -4 -4 -4 -3 -4 -4 -5 -7 -6 -4 -5 -8  8 -2 -4 -8 -7 -5 0 0 1 1 0.01
-4 -4 -1  7 -7 -2  3 -5 -3 -7 -6 -4 -3 -7  1 -4 -4 -8 -3 -6 0 0 1 1 0.01
-5 -7 -7 -6 -7 -6 -6 -7 -7 -4 -2 -6 -6 -7  8 -5 -5 -8 -7  3 0 0 1 0 0.01
-6 -6 -3  8 -8 -5  1 -6 -6 -8 -8 -5 -8 -8 -6 -4 -6 -9 -8 -8 0 0 1 0 0.02
-6 -6 -8 -8 -5 -6 -7 -8 -7 -1  7 -7 -1 -1 -7 -7 -5 -6 -5 -2 0 1 0 0 0.03
-4 -6 -6 -7  0 -5 -6 -7 -6  3  5 -6  3  3 -6 -5 -4 -4 -3  2 0 1 0 0 0.06
-6 -7 -8 -8 -6 -7 -8 -8 -8  8 -1 -7 -3 -4 -7 -7 -5 -3 -6  1 0 1 0 0 0.07
-6  9 -5 -7 -8 -4 -5 -7 -5 -8 -7 -2 -6 -8 -7 -6 -6 -8 -7 -7 0 1 0 0 0.09
-5 -6 -5 -6 -6 -5 -5 -6 -6 -5 -6 -5 -5 -7  2 -1  8 -7 -6 -5 0 0 1 0 0.11
-1 -5 -4 -5 -4 -5 -5  3 -5 -7 -7 -4 -6 -7 -5  7 -3 -7 -6 -6 0 0 1 0 0.07
-4 -6 -3 -6 -7 -6 -6  8 -7 -8 -8 -6 -7 -8 -7 -4 -6 -7 -8 -8 0 0 1 0 0.06
-6 -5 -5  1 -8 -3  8 -7 -5 -8 -8 -4 -7 -8 -6 -5 -6 -8 -7 -7 0 0 1 1 0.06
-2 -1 -3 -4  2  5  0 -5  2  0  1  0  4  0 -4 -3 -2 -3  1 -1 0 0 1 1 0.09
-6  9 -5 -7 -8 -4 -5 -7 -5 -8 -7 -2 -6 -8 -7 -6 -6 -8 -7 -7 0 0 1 1 0.10
-5 -6 -7 -7 -5 -6 -6 -7 -7  6  4 -6 -2 -3 -6 -5 -1 -6 -5  1 0 0 1 1 0.12
-3 -6 -4 -5 -6 -5 -5 -5 -6 -7 -7 -5 -6 -7 -6  8 -3 -8 -7 -6 0 0 1 1 0.13
-7 -5  9 -4 -8 -5 -5 -5 -4 -8 -9 -5 -7 -8 -7 -4 -5 -9 -7 -8 0 0 1 0 0.10
-7 -7 -8 -8 -7 -8 -8 -8 -5 -5 -4 -8 -5  9 -8 -7 -7 -2  4 -6 0 0 1 0 0.08
-5 -6 -7 -8 -4 -6 -7 -8 -7 -2  6 -6  5 -2 -7 -6 -5 -4 -5 -2 0 0 1 0 0.07
-5 -6 -7 -8 -4 -6 -7 -8 -7  1  6 -6  1 -4 -1 -6 -4 -6 -5 -3 0 0 1 1 0.07
-8 -8 -9 -10 -8 -8 -9 -8 -8 -8 -6 -9 -5 -3 -9 -8 -8 13  1 -8 0 0 1 1 0.06
-6 -3 -5 -4 -8  9 -2 -6 -2 -8 -7 -4 -5 -8 -6 -5 -6 -7 -6 -7 0 0 1 0 0.05
 1 -5 -3 -5  3 -4 -5 -4 -4  3  3 -4  3 -2 -5  2 -2 -5 -4  0 0 0 1 0 0.04
 7 -6 -6 -6 -5 -5 -5 -4 -6 -6 -6 -5 -5 -7 -5  0 -4 -7 -6 -5 0 0 1 1 0.03
-7 -7 -7 -8 -8 -7 -7 -8 -3 -7 -6 -7 -6 -2 -8 -7 -7 -3 10 -6 0 0 1 1 0.02
 5 -5 -4 -5 -4 -4 -4 -3 -5 -5 -5 -4 -5 -6 -5  4  4 -6 -5 -4 0 0 1 0 0.02
-6 -5 -5 -3 -9 -3  8 -7 -5 -8 -8 -4 -7 -8 -6 -5 -6 -8 -7 -7 0 1 0 0 0.02
-5 -6 -7 -7 -5 -5 -6 -7 -5  2  5 -6  3  6 -7 -6 -5 -3  2 -3 0 1 0 1 0.02
-5 -6 -6 -6 -3 -4 -2 -7  1 -1 -3 -6 -3  2 -7 -5 -5  7  8  2 0 1 0 0 0.02
-6 -7 -7 -8 -3 -7 -8 -8 -6  0 -3 -7 -3  9 -8 -6 -5 -4  2  1 0 1 0 1 0.03
-2 -5 -2 -3  3 -1 -4 -5 -5 -1 -1 -4  0 -4 -4  1  7 -6 -4 -1 0 0 1 0 0.04
-5 -4  1  7 -7 -1  2 -5 -3 -7 -7 -1 -6 -7  3 -2 -4 -8 -6 -7 0 0 1 1 0.05
-1 -2 -4 -4  1 -2 -1 -5 -5  2 -1  0 -2 -4 -5 -3  4 -6 -4  4 0 0 1 1 0.06
-2 -4 -2 -6  0 -5 -6 -6  2 -2  5 -4  0  2 -2 -5 -4 -2  4 -3 0 0 1 0 0.05
-8 -8 -10 -10 -8 -8 -9 -8 -8 -8 -7 -9 -7 -2 -10 -9 -8 13 -3 -9 1 0 0 0 0.06
-6 -7 -7 -7 -8 -6 -6 -7 -7 -8 -8 -6 -8 -9  9 -6 -6 -9 -8 -8 1 0 0 0 0.11
-5 -6 -3  8 -8 -5  1 -5 -6 -8 -8 -5 -8 -8 -6 -5 -6 -9 -8 -7 1 0 0 1 0.14
-7 -8 -8 -9 -7 -8 -8 -8 -6 -4 -4 -8 -4 10 -9 -7 -7 -4  0 -4 0 0 1 0 0.14
-3  2  3  5 -3 -2 -2  0 -1 -5 -5  0 -4 -5 -4  1  2 -6 -4 -5 0 0 1 1 0.11
 0  4 -3 -1 -6  0  4 -2 -1 -4 -5  3 -3 -5  1 -1 -2 -6 -4 -3 1 0 0 1 0.08
 1  1  0  2 -5  1  4 -3  0 -3 -4  1 -3 -4 -2 -1 -1  0 -3 -2 1 0 0 1 0.04
 1 -3  0  3 -2  1  4 -3  5 -3 -4 -2 -3 -5 -4 -1 -1 -4 -4 -2 1 0 0 0 0.03
-6 -6 -7 -8 -5 -6 -7 -7 -6 -1  5 -7  1  6 -7 -6 -5 -4 -1 -3 1 0 0 0 0.03
-1  0 -1  2 -1  0  1 -3  3  0  0  0 -1  0 -3 -2 -2  4  2 -1 1 0 0 0 0.02
 0  3 -1  1 -5  2  3 -2 -1 -5 -2  3 -3 -5 -4 -1 -2 -5 -4 -4 1 0 0 1 0.03
 7 -6 -5 -5  1 -5 -5 -4 -6 -3 -3 -5 -3 -6 -5 -2 -4 -7 -6 -3 1 0 0 0 0.03
-5 -6 -7 -7  2 -6 -7 -7 -7  6  3 -6 -1 -1 -6 -6 -4 -6 -4  2 1 0 0 0 0.03
 1  0 -1  0  0  0  2 -2  0  0  0  0 -1 -2 -3  0 -1 -1  0  0 1 0 0 1 0.03
 1 -2  0  4 -2  0  3 -3 -2 -1 -4 -1 -3 -2 -4  2 -1  2 -3 -2 1 0 0 1 0.03
-7 -7 -7 -8 -7 -7 -7 -8 -4 -6 -5 -7 -5  6 -8 -7 -7 -3  9 -6 1 0 0 0 0.05
 2 -1  1 -4 -3  7 -2 -1 -1 -5 -5 -1 -3 -5 -5  0 -2 -5 -4 -3 1 0 0 0 0.08
-1  3  3 -2 -3  3 -1  1  2 -5 -4  2 -2 -5 -4  2 -1 -5 -4 -4 1 0 0 1 0.22
-6  9 -5 -7 -8 -4 -5 -7 -5 -8 -7 -2 -6 -8 -7 -6 -5 -8 -7 -7 0 0 1 1 0.35
-3 -2  1  4 -5  3  5 -4  1 -5 -6 -1 -5 -6 -5 -1 -3 -6 -5 -5 0 0 1 1 0.51
-6  9 -5 -7 -9 -4 -5 -7 -5 -8 -7 -3 -6 -8 -7 -6 -6 -8 -7 -8 0 0 1 1 0.69
-6  9 -5 -7 -8 -4 -5 -7 -5 -8 -7 -1 -6 -8 -7 -6 -6 -8 -7 -7 0 0 1 1 0.81
-7 -7 -8 -8 -7 -8 -8 -8 -5 -5 -4 -8 -5  9 -8 -7 -7 -2  5 -6 0 0 1 1 0.75
-4 -7 -5 -6 -7 -6 -7  8 -7 -9 -8 -6 -7 -8 -7 -5 -6 -7 -8 -8 0 0 1 1 0.68
-1  2 -2 -4  0 -1 -4  6 -3 -6 -3  3 -1 -6 -5 -3 -4 -6 -5 -5 0 0 1 1 0.66
-3 -5 -5 -6 -4 -5 -5 -6 -6  2  3 -5 -2 -4 -5 -3  5 -6 -5  4 0 0 1 1 0.74
-2 -2  0  0 -3 -1 -1  2 -3 -4 -5  4 -4 -5 -2  4  0 -5 -3 -4 0 0 1 1 0.79
 1 -2 -2  2 -4  0  6 -3 -3 -6 -6  1 -5 -6 -3 -2 -3 -6 -3 -5 0 0 1 1 0.84
-5 -3 -4 -1 -7  8  3 -6 -3 -7 -6 -2 -4 -7 -5 -4 -4 -6 -5 -6 0 0 1 1 0.89
