-2 -4 -4 -5 -3 -3 -4 -5 -4  4  3 -4  5 -1 -4 -3 -2 -4 -3  3 0 0 1 1 0.96
 4 -1 -3 -3 -3  0 -3  4 -1 -4 -4  1 -3 -5 -3  0 -1 -5 -4 -3 0 0 1 1 0.97
-1 -2  3  0 -4  3  0 -2 -2 -3 -3 -1  4 -2 -3  2  2 -4 -3 -2 0 0 1 0 0.97
 1 -4  3  0 -4 -3 -2 -2 -4 -3 -5 -2 -2 -5 -2  5  2 -6 -5 -2 0 0 1 1 0.96
-3 -2  1  1 -6  0  5 -4  5 -1 -5 -1 -5 -4  0 -1 -1 -6 -4 -5 0 0 1 1 0.94
-1  1  2 -1 -5  1  1 -3  8 -5 -4  1 -1 -2 -5 -1 -2  0  0 -5 0 0 1 1 0.94
-1  2  1  0  0  2  1 -3  1 -1 -1 -1  0  2  0 -1  1 -4 -2 -2 1 0 0 1 0.93
-1  4  0 -1 -5  1  2 -3  2 -4 -2  2 -3 -3  0 -1 -1 -4  2 -2 1 0 0 1 0.95
-4 -1  0  1 -2  1  2 -2  7 -4  0 -1 -2 -1 -1 -1 -2 -2  0 -4 1 0 0 1 0.97
-2  0  3  0 -1  0  0 -3  0 -1  0  0 -1  3  1  0 -1 -3  1 -2 0 0 1 1 0.96
-1  0  0  0 -1  0  1 -3 -2 -3 -2  0 -1 -5  5  2  0  0 -2 -3 0 0 1 1 0.91
 0  0  3  1 -3 -2 -1 -2  3 -2 -2 -2 -2 -1 -3  4  1  0 -3 -3 0 0 1 1 0.90
 0 -1  1  0  5 -1 -1 -1  0 -1  0  1 -2  1 -2  0  0 -2 -1 -1 0 0 1 0 0.90
-2 -1  1  1 -5  1  4 -2 -1 -3 -3  0 -4 -5  4  0  0 -5 -1 -3 0 0 1 1 0.86
-1  1  4  1 -4  0  1 -2  0 -2 -2 -1 -3  1 -1  0  0 -1 -1  1 0 0 1 1 0.81
-1 -3 -1 -3  4 -1 -2 -2 -4  2  3 -3  1 -1 -3  0  1 -2 -2  1 0 0 1 0 0.81
-1  1 -1  0 -3 -1  0  2  0 -1  0  0  0  2  0 -1 -1 -2  1 -1 0 0 1 1 0.70
-1 -2 -2 -2 -1 -2  0 -2 -3  1  1 -1  2  4  0 -1 -1 -3  1  1 0 0 1 1 0.53
-2  2  0 -1 -3  4  1 -1 -1 -2 -1  0  0 -2 -1  1  1 -4  0 -1 0 0 1 1 0.47
 0  0  0  1 -1  0  1  1  0 -2  0  0 -2 -3  2  1  0 -4 -2 -2 0 0 1 1 0.39
 0  1  0 -2 -1  0 -1  2  1 -1 -1  0 -1 -3  2  1  1 -2 -1 -1 0 0 1 1 0.31
-1  0  1 -1 -3  3  0 -3  0 -3 -1  2 -1  1  1  2  1 -2 -1 -2 0 0 1 1 0.23
 0 -1  0  2 -2 -1  0 -1 -2 -2 -1 -1  0 -2  3  2  0 -4  0 -2 0 0 1 1 0.16
-1 -2 -4 -4 -1 -3 -4 -6 -4  1 -1 -4  1 -1  6 -3 -2 -6 -4  3 0 0 1 1 0.12
-1  0  0  1  1  0  1 -2  2 -3 -2  1 -1 -2  1  2  0 -4 -2 -1 0 0 1 1 0.08
-2  1  5  1 -5 -2 -2 -2  4 -3 -4  1 -2  0 -4  0 -3 -4  3 -2 0 0 1 1 0.05
-1  0 -3 -4 -3 -1 -3 -1 -5  1  0 -2  0  0  6 -1 -4  0 -1 -2 1 0 0 1 0.04
 0  1  1  2 -2  2  2 -1  2 -4 -3  2 -3 -5 -3  1 -1 -5 -2 -4 1 0 0 1 0.02
-2 -3 -6 -8 -3 -4 -7 -7 -3 -2  1 -5  9  2 -6 -6 -2 -2  6 -4 1 0 0 0 0.02
 2  1  0 -1  0  2  0 -1  0 -2 -2  0 -3  0 -2  2  0 -2  2 -2 0 0 1 1 0.01
-2 -3  2  0 -1 -1  0 -4 -2 -1 -2 -2 -1  1 -4  4  3 -5 -2 -2 0 0 1 1 0.01
-1 -4 -5 -2 -4 -2  4 -5  2 -1  1 -2  0  2 -5 -2 -3 -4  5 -1 1 0 0 1 0.01
 2 -1 -1  1 -2  1  5 -2 -2 -4 -4  0 -5 -5 -4  1  0 -6 -3 -2 1 0 0 1 0.01
 4 -2  2  1 -5 -2  0 -3  1 -3 -1  0  1 -2 -4  2 -1 -6 -3 -3 1 0 0 0 0.01
-7  9 -7 -8 -9 -5 -6 -5 -6 -9 -6 -3 -7 -9 -8 -7 -7 -2 -8 -4 1 0 0 0 0.01
-2  1 -4 -7 -6 -3 -2 -5 -6  2  5  0  1 -1 -7 -5 -4 -2 -4  0 1 0 0 1 0.01
 2  2  0  0 -3  1  1 -1 -2 -3 -2  3 -1 -3  1  1 -2 -2 -5 -3 1 0 0 1 0.01
-2 -7 -6 -7 -2 -6 -6 -7 -7 -7 -8 -1 -7 -3 -7  5  7 -9 -7 -7 1 0 0 0 0.01
-4 -9 -9 -10 -9 -5 -9 -9 -7 -7 -4 -9 -3  9 -10 -4 -4 -5  4 -7 1 0 0 0 0.01
 0  1  0  1 -2  2  2 -1  1 -1 -1  2  0 -1 -2  0 -1 -2 -2 -1 0 0 1 1 0.01
-2  0  5  2 -4 -1 -2  1  1 -5 -4  1 -2 -4 -5  0  1  0 -1 -3 0 0 1 1 0.01
-8 -8 -9 -9 -1 -5 -8 -6  0 -5 -8 -9 -7  3 -9 -8 -8 12  0 -4 0 0 1 0 0.01
-3 -3 -5 -4 -7 -3 -2 -5 -6 -4 -4 -1 -3 -7  8 -2 -1 -7 -4 -4 0 0 1 1 0.01
-1  1 -3 -3 -1 -1 -1 -2  5 -1 -1  0  0  3 -1  0  0 -2  2 -2 0 0 1 1 0.01
 0  0  2  2 -1  0 -1 -1  1 -4 -4  1 -2 -1 -2  2  1  0  1 -3 0 0 1 1 0.01
 0  1 -1 -1  4 -2 -1 -1  1  0  0  0  0  1 -2  0 -1  0  0  0 0 0 1 0 0.01
 0  1  0 -3 -2  1 -2 -2  0 -1 -1  2 -2 -1  3  2 -1  1 -1 -2 0 0 1 1 0.01
 0 -4 -3 -2  6  3 -2 -3  0  1  1 -2  0 -3 -1 -2 -2 -2 -4  3 0 0 1 0 0.01
-2 -1  3  1 -1  1 -1 -3  0 -3 -1  0 -2 -4 -2  3  4 -2 -4 -2 0 0 1 1 0.01
 0 -5 -4 -5 -3 -5 -4 -1 -2  1 -4  1 -2 -4  7 -1 -2 -7 -1 -1 1 0 0 0 0.01
-1  0  0  1 -2  1  5 -3  0 -3 -2  0 -2 -2  1 -1 -1 -2  0 -3 1 0 0 1 0.01
-1  1  0  0 -1  2  1 -2 -1 -1 -1  2 -1 -3 -1  0  1  1 -1 -1 1 0 0 1 0.01
-3 -3 -5 -2 -4 -4 -4 -5 -4  0  5 -4  6 -1  0 -3 -3 -4 -3 -1 1 0 0 0 0.01
 6 -4 -4 -4  1 -3 -3  0 -4 -3 -4 -3  0 -4 -3  1 -1 -5 -4 -1 1 0 0 0 0.01
 0  1  0  0 -3  1  2  0  0 -1 -2  2 -2 -2 -2  0 -1 -1 -1 -1 1 0 0 1 0.01
 6 -3 -1 -3  0 -2 -3 -2 -1 -2 -3 -3 -1 -4 -3  0 -1 -4 -4 -2 0 0 1 0 0.01
-2 -4 -3 -3 -4 -4 -2  7 -4 -5 -5 -4 -4 -5 -4  0 -3 -4 -5 -5 0 0 1 0 0.01
-4 -4 -5 -5 -4 -4 -5 -5 -1 -3  1 -5  1  8 -5 -3 -4  4  1 -3 0 1 0 0 0.01
-4 -2 -4 -5 -1 -4 -4 -5 -1  1 -2 -3 -1  5  1 -3 -1 -1  7 -1 0 1 0 0 0.01
-1 -1 -1 -1  2 -1 -4 -5  4 -1 -2 -1 -4  3 -5 -1 -1  4  6 -1 0 1 0 0 0.01
 0  0  0  0  2  0  0 -1  1  0 -1  0  1  0  0  0  0 -2  1  0 0 0 1 0 0.00
-3 -5  1 -2 -6 -3 -2  6 -2 -6 -4 -1 -2 -6  3 -1 -3 -6 -3 -6 0 0 1 1 0.01
-1  1  1  0 -2  0  1 -2  1  0 -1  1  0 -2  1  0  1 -1  0 -1 0 0 1 1 0.00
-2  0  3  1 -2  1  1  2 -1 -3 -3  1 -2 -3  3  0 -1 -4 -4 -1 0 0 1 1 0.00
-1 -4  1  7 -1 -2 -1 -1 -4 -2 -3 -3 -4 -5 -4 -2 -2 -5 -5 -2 0 0 1 0 0.00
 0  1  2  1  0  1  2  0  0 -1 -1  0  0 -1 -2  0  0  0 -1 -1 0 0 1 0 0.00
 2 -3 -3 -3  2 -3 -3 -1 -3  1 -1 -3  1 -3  0 -1  1 -3 -3  4 0 1 0 0 0.00
-1  2 -1 -2  1  2  0 -3  0  0 -1  3  2 -1 -2 -1  0 -3  0  0 0 1 0 1 0.00
-4 -5 -5 -5 11 -5 -5 -1 -5 -4 -4 -5 -4 -4 -5 -4 -4  5  1 -4 0 1 0 0 0.00
-2 -4 -2 -2  1 -4 -4 -4  0 -1 -1 -4  0  6  1 -2 -2  2  3 -1 0 0 1 0 0.00
-2 -3 -2 -3  3 -1 -3 -3  3 -1  0 -3  1  4 -4 -1 -1  0  5 -1 0 0 1 0 0.00
-5 -2 -2 -3 11 -6 -4 -6 -6 -6 -6 -6 -6 -6 -7 -3 -5  3 -6 -5 0 0 1 1 0.00
-2 -1  2  2 -2 -1 -1  3  1 -4 -1  0 -2  0 -2  0 -2 -4 -2 -3 0 0 1 1 0.00
-2  0  0 -3  4 -1 -1  3 -1  0  0  3 -1 -1 -4 -2 -2 -4 -1  1 0 0 1 0 0.00
 0  0 -1 -1  4  0  3  2 -1 -2 -3  0 -2 -4 -2  0  0 -4 -2 -1 0 1 0 1 0.01
-2 -5 -6 -3 -4 -5 -5 -6 -5  2  5 -4  1  0 -5 -5 -3 -4  0  0 0 1 0 0 0.01
-2  2 -1  3  0  2  1 -1  0 -2 -3  1 -1 -2 -3  1 -1  1  0 -1 0 0 1 1 0.01
-2 -2  3  3  3 -1 -1  3 -1 -5 -4  0 -3 -2 -4  0 -2 -4  1 -4 0 0 1 1 0.01
-6 -7 -7 -7 -6 -6 -7 -7 -6 -6 -2 -7 -5  2 -7 -6 -2 12  0 -4 0 0 1 0 0.01
-2  0  1  2 -3  1  5 -4  0 -5 -2  0 -2 -4 -3  0 -1  0 -3 -3 0 0 1 1 0.01
 1  0 -1 -1  0 -1  1 -3 -2 -1 -2  0 -3 -1  5 -1  0 -5 -1 -1 0 0 1 1 0.01
-2 -1  3  3 -3 -1  1  3  1 -3 -4 -1 -3 -3 -3  0  2 -5 -1 -4 0 0 1 1 0.02
-5 -2 -1  7 -1 -3  1 -4 -1 -6 -5 -3 -6 -6 -5 -2 -2 -2 -4 -6 0 0 1 0 0.01
-4 -2  2  7 -4 -2  2 -4 -1 -3 -4 -3 -2 -3 -5 -2 -3 -6 -5 -2 0 0 1 1 0.01
 1 -1 -1 -1 -1 -1 -1 -1 -2  1 -1  1 -1 -2  2  1  1 -3 -2  1 1 0 0 0 0.01
-1 -1  0 -1 -3  0 -1 -4  1  2  0 -1  2  0 -4 -1 -1  8  0  0 1 0 0 0 0.01
-1  1 -1  0 -3  2  2 -2  1  0 -1  1 -1 -1 -3  0  0  1  0 -1 1 0 0 0 0.01
-1  1  0  1  0  2  5 -2 -3  0 -2 -1  0 -4 -4 -2 -3 -5 -1 -2 1 0 0 0 0.01
-5 -4  1  1 -6 -4 -4 -5 11 -6 -6 -5 -5 -5 -5 -5 -5 -6 -3 -6 1 0 0 0 0.01
 2  2 -2  0 -1  0  0 -2 -1 -2 -1  3 -1 -1 -3 -1 -1 -3  1 -1 1 0 0 0 0.01
-1  4 -2 -2 -5 -1  0 -4 -1 -1 -1  5 -1 -2 -4 -1 -1 -5 -2 -3 1 0 0 1 0.01
-2  1 -1 -4  1 -2 -2 -3  6 -3 -1 -3 -1  0 -4 -1 -3  9  2 -3 1 0 0 1 0.01
 0 -1  2 -2  0 -1 -2 -2  2 -3 -3 -1 -1  4 -3  4 -1 -3  1 -2 0 0 1 0 0.01
-2 -2 -1 -1 -5 -2 -2 -2 -2 -5 -5  0 -1 -5  7  1  0 -5 -5 -3 0 0 1 0 0.01
-2  1  3  2 -4  1  1  0  2 -3 -3  1 -2 -3 -1  1  0 -4 -1 -3 0 0 1 1 0.01
-5 -2 -7 -7 11 -7 -7 -7 -7 -6 -3 -7 -6 -6 -7 -5 -5 -6 -6 -5 0 0 1 0 0.01
 0  0 -1  0 -1  1  2  1  1 -1 -2 -1 -2 -1  3 -1 -1 -3  2 -1 1 0 0 1 0.01
-5 -6 -4 -6 -6 -6 -6 -6  1 -4 -1 -6 -1  8 -6 -5 -5  5  5 -2 1 0 0 0 0.01
 0 -4 -5 -5 -4 -4 -5 -5 -4  2  3 -4  1  3 -5 -4 -3 -4  0  4 1 0 0 0 0.01
-1  0  0 -3 -3  1 -1 -2 -1  1  3  1  0 -2 -3 -1 -1 -4 -2  1 1 0 0 0 0.01
-1  1 -1 -2 -1  0 -1 -3  0  0  3  1  2 -2 -2  0  0 -2 -1 -1 1 0 0 1 0.01
-2  0  3 -2 -2  0  0 -1 -2  0  0  1  3 -2 -2  1  0 -2 -1  1 1 0 0 1 0.01
-3  2 -3 -2 -2  2 -2 -5 -2 -4 -4  7 -1 -5 -2 -2 -3 -6 -5 -4 1 0 0 1 0.01
-2 -1  0 -1 -2 -1 -3  5 -2 -2 -3  0 -5 -3 -2  0 -1 -5 -3 -4 0 0 1 1 0.01
-2  2 -2  2 -5  4  2 -3  2 -1 -3  0 -2  0  1 -1 -1 -1 -3 -2 1 0 0 1 0.01
 1 -1  1  4 -6  1  4 -2 -1 -5 -3  1 -3 -6 -4 -1 -3 -6 -5 -4 1 0 0 1 0.02
-4 -5 -1 -1 -6 -3  0 -6 -2 -4 -2 -2 -1  7 -6 -4 -2  0  6 -4 1 0 0 0 0.02
-2 -6 -4 -6  0 -5 -6 -4 -6  5  0 -5  1 -4 -4 -3  1 -6 -2  5 1 0 0 0 0.04
 1  1  3  2 -3  2  1 -3  3 -5 -5  2 -4 -5 -1  0  0 -5 -1 -3 1 0 0 1 0.03
-1  1  4  0 -3  2  2 -2  3 -4 -3  1 -3 -4 -4  2  0 -5 -1 -3 1 0 0 1 0.03
-2 -5 -2 -5  3 -4 -5 -5 -5  4  0 -3  1 -2 -3 -3  0 -5 -1  5 1 0 0 0 0.04
-1  1 -1 -2 -1  5 -1 -3  3  0 -1  2  1 -4 -4 -1  1 -5 -3  1 1 0 0 1 0.07
 1 -1  0  0 -3  2  0  3 -3 -3 -1  1 -2 -4 -3  2  1 -4 -4 -3 1 0 0 1 0.13
-2  4 -1 -1 -4  2  2 -3 -2 -3 -2  3 -2 -4 -1  1  1 -4 -3 -1 0 0 1 1 0.18
-4 -4 -3 -5 -5 -3 -4 -5  7 -4 -3 -4 -3  4 -5 -4 -4  2  7 -4 0 0 1 1 0.29
