 4 -1 -1 -1 -1 -1 -1  0 -2 -2 -2 -1 -1 -2 -1  2  0 -3 -2 -1 0 0 1 1 0.84
-2 -2  1  6 -4  0  1 -2 -1 -3 -4 -1 -3 -4 -2  0 -1 -5 -3 -3 1 0 0 0 0.78
 0 -1  3  0 -1  0  0 -1 -1 -2 -2  0 -1 -3 -1  3  3 -3 -2 -1 1 0 0 1 0.75
-1  1  0  4 -3  1  1 -2 -1 -3 -3  4 -2 -3 -1  0 -1 -4 -2 -3 1 0 0 1 0.68
-1 -3 -3 -3 -1 -3 -3 -4 -3  4  1 -3  1  0 -3 -2 -1 -3 -1  3 1 0 0 0 0.65
-1 -1  4  3 -3  0  2 -1 -1 -2 -3 -1 -2 -3 -2  1  0 -4 -2  0 0 0 1 0 0.67
 0 -2 -1 -1 -1 -1  1 -2 -2  2  0 -1  0 -2 -2  2  1 -3 -2  1 0 1 0 0 0.60
-1  0 -1 -1 -2  2  0 -2 -1  1  0  3 -1 -2 -2  1  1 -3 -2  0 0 0 1 1 0.62
 1 -2 -2 -2 -2 -2 -2  0 -3  1 -1 -2 -1 -2  2  0  3 -3 -2  2 0 0 1 1 0.56
 0 -2  2  1 -2 -1 -1  2 -2  1  0  0 -1 -2 -2  1  1 -3 -2  0 0 0 1 1 0.52
 0 -3 -2 -3 -2 -2 -1 -3 -3  3  0 -2  0 -2  1 -1  2 -3 -2  2 0 0 1 0 0.41
-1 -1 -1  2 -3  2  3  0 -1 -1 -2  1 -2 -3 -2  0  2 -3 -3 -2 0 0 1 0 0.31
-2 -1  3  5 -4  1  3 -2 -1 -4 -4  1 -3 -4 -2 -1 -1 -4 -3 -4 0 0 1 0 0.34
-2 -3  3 -2 -2 -2 -3 -3 -2  4  1 -2  0 -1 -3 -1 -1 -4 -2  2 0 1 0 0 0.31
 0 -2 -1  3 -3  0 -1  5 -2 -4 -4  0 -3 -4 -2 -1 -1 -4 -3 -3 0 0 1 0 0.25
-1  0  1  3 -3  3  1  0 -1 -3 -1  2 -2 -3 -2  1 -1 -3 -3 -3 0 0 1 1 0.25
-2  0  4  2 -3  1  1  2  1 -1 -3  1 -2 -3 -2 -1 -1 -4 -2 -2 0 0 1 1 0.25
 2  0 -2 -2 -2 -2 -2  2 -3  1 -1 -1 -1 -2 -2  0  2 -3 -2  1 0 0 1 0 0.21
-1  0 -1 -1 -3  0  1 -3 -2  0 -2  4 -2 -2 -2 -1  2 -3  1 -1 0 0 1 1 0.18
 0 -2 -3 -3 -2 -2 -2 -3 -3  2  1 -1  1 -1 -3  0  1 -3  1  3 0 0 1 0 0.19
-2 -1 -2 -3 -3 -1 -2 -3  2  1 -2  2  1  1 -3  0  0 -1  6 -1 0 1 0 1 0.17
-1  0  2 -1 -3  1 -1 -2  1 -3 -3  3 -2 -3 -2  1  4 -4 -2 -2 0 1 0 0 0.15
-1  3  1 -2 -2 -1 -1  1 -2 -3 -3 -1 -2 -3 -2  3  2 -3  0 -2 0 1 0 0 0.19
-1 -2  1  2 -2 -2 -1 -2 -2 -1 -1 -2 -1  2 -2  1  4 -2  1  0 0 1 0 0 0.17
 1 -1 -1  2 -2  0  2 -2 -2 -1  1  0 -1 -2 -2  1  0 -3 -2 -1 0 1 0 0 0.13
 0 -2 -1  1 -2 -2 -1 -2 -2 -1 -2 -2 -1  1 -2  2  3 -2  1  2 0 1 0 0 0.13
 0 -1  1 -2 -2 -1  0 -2 -2  0 -1  1 -1 -3 -2  1  3 -3 -2  1 0 1 0 0 0.13
-1 -2  1  2 -2 -1 -1 -2 -1  0  0 -2  1  1 -2  2  0 -1  4 -1 0 1 0 1 0.16
-1 -1  2  5 -3  1  1 -2  1 -1 -3  0 -3 -3 -2  2 -1 -4 -3 -3 0 1 0 0 0.15
 0  0  2  3 -3  1  1 -2 -1 -3 -3  2  0 -3 -2  1  0 -4 -3 -2 0 0 1 1 0.13
 0  2 -1  0 -3  2  3 -2 -1 -3 -3  3 -2 -3 -2  0 -1 -3  0 -2 0 0 1 1 0.12
 0 -1  2  2 -2  0 -1 -2 -1 -2  0  0  1 -1 -2  1  1  4  0 -2 0 0 1 0 0.11
 1  1  4 -1 -3 -1 -1  3  1 -4 -4  1 -3 -4 -2 -1 -1 -4 -3 -3 0 0 1 0 0.11
-2  0 -3 -3  3 -2 -3 -3 -3  3  1 -2  3  2 -3 -1 -1  2 -1  2 0 1 0 0 0.08
-1  0 -1 -1 -2  1 -1 -2  3 -2 -1  3 -1 -3 -2  2  3 -3 -2 -2 0 1 0 0 0.06
 0  0  1 -1 -3  3  0 -2 -1  0 -1  3  2 -3 -2 -1  1 -3 -2 -1 0 1 0 0 0.05
-1  0  2 -1 -2  0 -1 -2 -1  0 -2  3 -2 -3 -2  3  1 -4 -2 -2 0 1 0 0 0.03
-2 -3 -4 -4 -2 -3 -3 -4 -3  3  3 -3  1  0 -3 -3 -1 -2  2  2 0 1 0 0 0.02
-1  1 -1  1 -3  2  0 -2 -1 -1  0  1 -1  2 -2  0  1 -2  0 -2 0 1 0 0 0.02
 0 -3 -3 -4 -2 -3 -3 -1 -2  1  1 -3  0  4 -3 -2 -1 -1  2  2 0 1 0 0 0.01
-1  0  2  2 -2 -1  1 -2 -1  0 -2 -1 -1 -3 -2  2  2 -3 -2  0 0 1 0 0 0.01
-3 -4 -4 -4 -3 -4 -4 -4 -2  1  1 -4  0  7 -4 -3 -3  0  3 -1 0 1 0 0 0.01
 0 -3 -4 -4 -2 -3 -3 -3 -3  4  1 -3  0  3 -3 -2 -1 -2 -1  2 0 1 0 0 0.01
-2 -1  1  3 -3  0  2 -2  4 -2 -1  2 -2 -3 -2 -1  1 -3 -1 -2 0 0 1 0 0.01
-2 -2  3  6 -4 -1  2 -2 -1 -4 -4 -1 -4 -4 -2 -1 -2 -5 -4 -4 0 0 1 0 0.02
-1 -1 -1  1 -3 -1 -1 -2 -2 -3 -3  3 -3 -4  6  1  1 -4 -3 -3 0 0 1 1 0.02
-1 -1  3 -1 -3  0  0 -2  2 -3 -2  2 -2  2 -2  1  0 -2  2 -2 0 0 1 1 0.02
 0 -2  3  2 -2 -1 -1  0  2 -3 -3 -1 -2 -1 -2  2  0 -1  4 -2 0 1 0 0 0.03
-2 -2  4  5 -4 -2 -1 -2  2 -1 -4 -2 -3 -4 -3  1 -2 -5 -3 -3 0 0 1 1 0.02
-2  0  0 -2 -4  1  1 -3 -2 -4 -4  6 -3 -4 -3 -2 -2 -4 -3 -4 0 0 1 0 0.02
-1 -1  1  3 -3  2  2 -2 -2 -2 -1  3  2 -3 -2 -1 -2 -4 -3 -2 0 1 0 0 0.02
 2 -3 -2 -3 -2 -2 -2 -3 -3  2  0 -2 -1 -2 -2 -1  4 -3  1  2 0 1 0 0 0.01
 3  0 -3 -3 -2 -2 -3 -3 -3 -1  3  0  0 -2 -3 -1  1 -3 -2  0 0 1 0 0 0.01
-2  0 -4 -4 -2 -3 -4 -5 -4  4  3 -3  0  1 -4 -3 -2 -3 -2  3 0 1 0 0 0.01
-2 -4 -5 -5 -2 -4 -4 -5 -4  5  3 -4  0 -2 -4 -3 -2 -4 -3  4 0 1 0 0 0.01
-2  1  2 -2 -3 -1 -1 -3 -2 -1  0  4 -2  1 -3  1  0 -4 -2 -2 0 1 0 0 0.02
 2 -2 -2 -3 -2 -2 -2 -3 -3 -1  0  1  3 -3 -3  0  4 -4 -3  0 0 1 0 0 0.02
 0 -1  1  2 -3  3  2  1 -2 -3 -2  2 -2 -4 -2 -1  1 -4 -3 -2 0 1 0 0 0.02
-2 -4 -3 -3 -5 -4 -4  7 -4 -6 -6 -4 -5 -5  0 -2 -4 -5 -5 -5 0 1 0 0 0.03
-2 -3  3 -2 -3 -2 -2 -3 -2 -3 -3 -2 -2  5 -3  4  2 -3 -1 -3 0 1 0 0 0.04
-3 -4  2 -3 -3 -4 -4 -1 -4  6 -1 -4  1  2 -4 -3 -2 -4 -2  1 0 1 0 0 0.05
 0 -2  2  0 -3 -2 -2 -1  2  0 -1 -1  1  0  4  1 -1 -3  0 -2 0 0 1 0 0.07
 1 -2 -1  0 -3 -2 -2  1 -3 -4 -4  0 -3 -4  0  5 -1 -5 -4 -3 0 0 1 0 0.10
 1  2  1  0 -3  1 -1  2 -2 -3 -3  2  0 -3 -2  1 -1 -3 -3 -1 0 0 1 1 0.09
-2  0  1 -2 -3  1 -1 -3 -1 -2  0  1 -1  0  0  0  2 -1  4 -2 0 0 1 0 0.09
-1  1  1 -2 -3  0 -1 -1  1 -1 -3  3 -2 -1  1  1  3 -3 -2 -1 0 1 0 1 0.09
-2 -2 -2 -1 -2 -1 -2 -3 -2  1  1  0  1  3 -2 -1  1 -1  3  1 0 1 0 1 0.09
-2 -1  2 -2 -3 -2  1 -3 -1 -1 -1 -2 -2  2  3  0 -1 -1  4  0 0 1 0 1 0.09
 0  0  3  2 -3  0  1  0 -1 -3 -2  0 -2 -3 -2  3  0 -3  0 -3 0 1 0 0 0.10
 0 -2  0  0 -3 -1  0 -1  3 -2  0  0 -1  0  3  0 -1 -2  1 -1 0 1 0 1 0.11
 1  0  2  1 -3  0  1  0  2 -2 -3  3 -2 -3 -2  0  0 -4 -2 -2 0 0 1 1 0.09
 0 -2  1  2 -3 -1  0  3 -2 -1 -3  1 -2 -3  1  0  1 -3  0 -1 0 0 1 1 0.08
-1 -1 -2 -3 -3 -2 -1  0 -1 -1 -2  0 -2  0  0  1  2 -1  5  0 0 0 1 1 0.07
 0 -2  3  2 -3 -1 -1  1 -1  0 -2  0  0 -1 -2  0 -1  3  3 -2 0 0 1 1 0.05
 0  2  2  1 -3 -1 -1 -2  2 -1 -2  1 -2  0 -2  2  0 -2  2 -2 0 1 0 1 0.04
 2 -1  1 -2 -2 -1 -1  0 -1 -2 -2  1 -2  1 -2  2  1 -2  2 -1 0 1 0 0 0.03
 0  2 -1 -1 -2  2 -1  0 -2 -2 -2  1 -2 -2 -2  1  2  4 -2  0 0 1 0 0 0.02
-2 -2 -2 -3 -2  2 -2 -3 -1  2  2 -2  3  3 -3 -2 -1  0  3  0 0 1 0 0 0.01
 0  2  2 -2 -2 -1 -1 -2 -1  0 -1  2 -1  0 -2 -1  1 -2  3 -1 0 1 0 0 0.01
-3 -4 -4 -5 -3 -3 -4 -4 -2 -2 -2 -4 -2  2 -5 -4 -3 10  4  1 0 1 0 0 0.01
 0 -3 -3 -3 -4 -2 -2  1 -3 -4 -4 -2 -3 -5  7 -2 -2 -5 -4 -3 0 1 0 0 0.01
 1 -2 -1 -1 -2 -1  0  0 -2  0 -2 -1 -1  1 -2  3  2 -3 -1  0 0 1 0 0 0.01
 2  1 -1 -1 -2  2  1 -1 -1 -2 -2  2 -1 -3 -2  2  1 -3 -2 -1 0 1 0 0 0.01
-3 -3 -3 -4 -3 -3 -3 -4  0 -2 -1 -3 -1  6 -4 -3 -3  1  7 -2 0 1 0 0 0.01
-1  2  3  2 -3  2  0 -2  3 -3 -3  2  0 -3 -2  0 -1 -3 -2 -3 0 1 0 0 0.01
-1 -3 -3 -3 -2 -2 -3 -3 -2  3  2 -2  2  1 -3 -2  1 -2  1  3 0 1 0 0 0.01
 1  0  0  1 -2  0  0  2  0 -2 -3  0 -2 -2 -2  3  0 -3 -2 -2 0 1 0 0 0.02
-1 -3 -4 -4 -2 -3 -3 -4 -3  3  3 -3  3  2 -3 -3 -1 -2 -1  2 0 1 0 0 0.02
-1  0  2  0 -3  3  2  0 -1 -3 -2  2 -2 -2 -2  2  0 -3  1 -3 0 1 0 1 0.03
 0 -2  1 -2 -2  0 -1 -2 -1  1  1 -1  0 -1 -2  1  1 -2  2  1 0 0 1 0 0.03
 1  0  1  0 -2  2  1 -2  1 -2 -2  1 -1 -3  1  0  1 -3 -2 -1 0 0 1 0 0.03
-1  0  1  5 -3 -1  0  1 -2 -4 -4 -1 -3 -4 -1  2 -1 -4 -3 -3 0 0 1 1 0.04
-2 -2  6  0 -4 -1 -2  3 -1 -4 -4  0 -3 -4  1  0 -1 -4 -3 -4 0 0 1 1 0.04
 0  0  3  3 -2  0  2 -1 -1 -3 -3  0 -2 -3  0  1  1 -3  0 -2 0 0 1 0 0.04
 0  0  3 -1 -2 -1 -1 -2 -2 -1 -2  1 -2 -1  3  2  0 -3 -2  1 0 0 1 1 0.03
 2 -2 -2  0 -1 -2 -2 -2 -2  1  0 -1  0 -2 -2  1  1 -3 -2  2 0 0 1 0 0.03
-1  3  2 -1 -3  2  1 -2 -1 -2  0  2 -1  0 -1 -1 -1 -3 -2 -2 0 1 0 0 0.03
-2 -3 -3 -3 -2 -3 -3 -4  4  4  0 -3  0  3 -3 -1 -1 -2  0  3 0 1 0 0 0.03
 0 -2 -1 -2 -2 -1  0 -2  1  1  1 -1  1  1 -2  0  0  2  1  1 0 1 0 0 0.03
-2 -1  3  5 -4 -1  0 -2  0 -4 -4  2 -3 -4 -2  1 -1 -4 -3 -4 0 1 0 0 0.03
 0 -2 -2 -3 -3  0 -2 -3  4 -1 -2 -2 -1  2 -3  1 -1  0  5  1 0 1 0 0 0.04
 3 -2 -2 -3 -1 -2 -2 -2 -2  1  1 -1  0 -1 -2  1 -1 -2  1  0 0 1 0 1 0.04
-2 -4 -3 -3 -4 -3 -3 -4 -4 -4 -4 -2 -4 -5  8 -2 -3 -5 -4 -4 0 0 1 1 0.04
-1  2 -1 -1 -3  1  1 -2 -1 -1 -2  4 -1 -3 -2  1  1 -3 -2 -1 0 0 1 0 0.05
-3 -2  8  0 -4 -1 -2 -2 -1 -5 -5 -2 -4 -4 -3 -1 -1 -5 -3 -4 0 0 1 0 0.06
 0  0 -1 -1 -2  3  1 -2 -1 -2 -1  2 -1 -3 -2  1  3 -3 -2 -2 0 0 1 1 0.07
 0 -3  2  0 -2 -2 -2 -3 -2  4  0 -2  2 -2 -3 -2 -1 -3 -2  2 0 0 1 1 0.08
 0 -1  2  3 -3  0  3 -2 -1 -3 -3  0 -2 -4 -2  2  1 -4 -3 -3 0 0 1 1 0.08
-1 -1  0  1 -2  0  2 -2 -2 -2 -3  1 -2 -3 -2  2  3 -3 -2 -2 0 1 0 1 0.08
 1  1 -1 -1 -2 -1 -1 -2 -1  0 -1  2 -1  1 -2  0  1 -2  1  1 0 1 0 0 0.07
-1  1  1  2 -3  2  3 -2  1 -3 -3  1 -2 -3 -2  1  2 -3 -2 -2 0 1 0 0 0.06
-1 -3 -3 -4 -2 -3 -3 -4  2  2  0 -3  0 -1 -3 -3 -1 -3  2  5 0 1 0 0 0.05
 0  1  0  0 -2  1  0 -1 -1 -2 -2  1  1 -3 -2  3  2 -3 -2 -2 0 1 0 0 0.05
-1 -1  2  0 -3  3  3 -2 -1 -3 -3  0 -2 -2 -2  3  1 -3  1 -2 0 1 0 0 0.04
-1 -2  0 -1 -2 -1  0 -2 -2  0 -2  0 -2 -3 -2  2  5 -3 -2 -1 0 1 0 1 0.03
-1 -3 -3 -3 -2 -2 -3 -3 -2  2  3 -2  2  1 -3  0  0 -2  1  2 0 1 0 1 0.03
 1 -2  0  1 -3 -1  0  5 -2 -4 -4 -2 -3 -4 -2  1  0 -3 -3 -3 0 1 0 1 0.02
-3 -3 -3 -4 -4 -3 -3 -4  0 -2 -2 -3 -2  4  1 -3 -3  1  7 -2 0 1 0 1 0.02
-1 -1  3  0 -2  1  1  1 -1 -3 -3  1 -2 -3 -2  3  1 -4 -2 -3 0 1 0 0 0.03
-2 -3 -3 -3 -2 -3 -3 -4 -3  3  2 -3  1  2 -3 -1  0 -2  1  2 0 1 0 1 0.04
-1 -3  2 -2 -4 -3 -3  6 -3 -5 -5 -2 -4 -4 -3 -1 -2 -4 -4 -4 0 1 0 1 0.04
-1 -1 -1 -2 -3 -2 -3  5 -2 -3  0 -2 -2 -1 -3 -1 -2 -3 -2 -3 0 1 0 1 0.07
-1 -1  3  2 -2  0  0  0 -1 -2 -2  0 -2 -3 -2  2  1 -3 -2 -1 0 1 0 0 0.08
 0 -3 -3 -3 -2 -2 -1 -1 -2  3  1 -2  0  4 -3 -2 -1 -1  0  2 0 1 0 1 0.11
-1  0  2  0 -2  2  1 -1 -1 -2 -2  2 -1 -3 -1  2  2 -3 -2  0 0 1 0 1 0.13
 2 -2  0 -1 -1 -1 -1  0 -2  2 -1 -1 -1 -2 -2  1  0 -3 -2  2 0 1 0 1 0.22
 1 -1  0  2 -2  0  1  0 -1 -2 -2  1 -2 -3 -1  2  1 -3 -2 -2 0 1 0 1 0.31
-1 -1  2  3 -3  0  0 -1 -2 -1 -3  0 -2 -3  4  0 -1 -4 -3 -1 0 0 1 1 0.37
 0  0  0  0 -2 -1  0  2 -2 -2 -2  0 -2 -3  0  2  2 -3 -2 -2 0 0 1 1 0.39
 0 -2  0 -1 -2 -1 -1  2 -2  0 -1  0 -1 -2  4  1  0 -3 -2 -1 0 0 1 1 0.40
 0  0  2  0 -2 -1 -1  3 -1 -3 -3  2 -2 -3 -2  1  0 -3 -2 -2 0 0 1 1 0.41
 1 -2 -1 -2  2  0 -1  2 -2  1  0 -1 -1 -2  2  0 -1 -2 -2 -1 0 1 0 1 0.44
 0  0  0  1 -2  0  0  2 -1  0  0  1 -1 -2 -1  2  0 -2 -2 -1 0 1 0 0 0.44
 2  0 -1 -2 -2 -1 -2  4 -2 -2 -1 -1 -2 -3  3  1 -1 -3 -2 -2 0 1 0 1 0.41
 0  0  1 -1 -2  0  0  2 -2 -2 -1 -1 -1 -2 -2  3  1 -3 -2 -1 0 1 0 0 0.43
 1 -2  0 -2 -2 -2 -2  0 -2  3  1 -2  0 -1 -2  0  0 -3 -2  1 0 1 0 1 0.42
-1 -2  3 -1 -2 -1  0  2 -1 -3 -3 -1 -2 -3 -2  2  2 -3 -2 -2 0 1 0 0 0.39
 2 -2  0 -2 -2 -1 -2  4 -2 -2 -2  0  0 -3 -2  1  0 -3 -2 -1 0 1 0 1 0.32
-1 -1  3  1 -2  1  1  1 -1 -3 -3  1 -2 -3 -2  2  0 -3 -2 -2 0 1 0 1 0.24
 0 -1 -2 -3 -2 -2 -2 -3 -1  0  0 -1  0  4 -3 -1  0  0  4  1 0 1 0 1 0.17
 2 -2  4 -1 -2 -1 -1  1 -1 -3 -3 -1 -2 -3 -2  3  1 -3 -3 -2 0 1 0 1 0.12
-2 -2 -3 -3 -3  0 -1 -3 -1  1 -1 -1 -1  2 -3 -2 -2  8  4  1 0 1 0 1 0.09
 1  0 -1 -1 -2  1  0  1 -2 -3 -3  0 -2 -3 -2  4  0 -4 -3 -3 0 1 0 0 0.07
-1  1  1  1 -3  0  2 -2  2 -1 -2  2 -2 -2 -2  0  1 -2  1 -2 0 1 0 1 0.06
-1  0  1 -1 -2  1 -1 -2 -2 -2 -2  0 -2 -3 -2  3  4 -3 -2 -1 0 1 0 0 0.05
-1 -3 -3 -3 -2 -3 -3 -3 -3  4  2 -3  0 -1 -3  0  0 -3 -2  3 0 1 0 0 0.04
 0  2  1 -1 -2  0  1 -2 -1 -3 -3  1 -2 -3 -2  3  2 -4 -2 -2 0 1 0 0 0.03
-3 -3 -4 -5 -4 -3 -4 -5  0 -3 -3 -3 -3  1 -5 -3 -3  1  9 -3 0 1 0 0 0.03
-1 -1  3  3 -3  0  1 -2 -1 -1 -2  1 -2 -3 -2  1  0 -4 -3  0 0 1 0 1 0.03
-2  0 -1 -2 -4  7  0 -3 -1 -4 -3  1 -2 -4 -2  1  1 -3 -3 -3 0 1 0 0 0.03
-1 -1 -2  0 -3  3  2 -3 -2 -3 -3  2 -2 -4  5 -1  0 -4 -3 -1 0 1 0 1 0.04
-1 -2  3  5 -3 -1  2 -2 -1 -4 -4 -1 -3 -4 -2  2 -1 -4 -3 -3 0 0 1 0 0.04
-3  0 -3 -4 -4 -3 -3 -4  0 -2 -2 -3 -2  5 -4 -2 -3  1  7 -2 0 1 0 0 0.05
-1  3  1  1 -3  1  0 -2 -1  0 -2  3 -1 -3 -2  0  0 -3 -2  1 0 1 0 0 0.05
-1 -3 -1 -2 -2 -2 -2 -3 -3 -2 -3 -2 -2 -3 -3  2  6 -4 -3  0 0 1 0 1 0.06
 0 -2  0 -1 -2 -1  2 -3 -2  3  0 -2  0 -1 -3 -1  1 -3 -2  2 0 1 0 0 0.07
 1  0 -2 -1 -2  1 -2 -3 -2  1  2 -1  0 -2 -3 -1 -1 -3 -2  2 0 1 0 0 0.08
 0  0  0  3 -3  0  3 -2 -2 -1 -3  1 -2 -3 -2  2  1 -4 -3 -2 0 1 0 1 0.08
 0  1  1  2 -3  2  0 -1  0 -3 -3  2 -2 -3  1  1  1 -4 -2 -2 0 0 1 1 0.08
-2  0  2  2 -4  4  0 -3  3 -4 -4  2 -2 -4  3 -1  0 -4 -2 -3 0 0 1 0 0.07
 0 -2  4  1 -2 -1 -1 -1 -2 -2 -3 -1 -2 -3 -2  2  4 -4 -3 -2 0 0 1 0 0.07
 1 -2  4  2 -3 -1 -1 -1  2 -3 -4  0 -3 -4 -2  2  0 -4 -3 -3 0 0 1 0 0.06
-2  1  2 -1 -3  2  1 -2 -1 -3 -2  4  1 -3 -2  0  0 -4 -3 -3 0 0 1 0 0.05
 0  0  2 -1 -3 -1 -1  1  2 -2 -2  3 -2 -3 -2  2  0 -4 -2 -2 0 1 0 1 0.04
 1 -3 -4 -4 -2 -3 -3 -4 -4  3  0 -3  0 -2 -3 -2 -1 -4 -2  5 0 1 0 0 0.03
 0  0  1  0 -3  1  1  2  2 -3 -2  2 -2 -3 -2  2  0 -3 -2 -2 0 1 0 0 0.02
-5 -5 -6 -6 -4 -4 -5 -5 -4 -4 -4 -5 -3  2 -6 -5 -5 12  0 -5 0 1 0 0 0.02
-1  0  2  1 -3  0  0  2 -1 -3 -2  1  0 -3 -2  1  0 -3 -3 -3 0 1 0 0 0.01
-1 -3 -3 -3 -2 -3 -3 -3 -3  3  0 -3  0 -2 -3 -2  2 -3 -2  4 0 1 0 0 0.01
-1  0  0 -1 -3  0  3  0 -1  0 -2  2 -1  0  1  1  0 -3 -2 -1 0 1 0 0 0.01
 3 -2 -1 -2 -2 -2 -2 -2 -2 -1  0 -2 -1  4 -2 -1 -1 -1  2  0 0 1 0 0 0.01
-1 -1  6  0 -3  0 -1 -2  3 -1 -3 -1 -2 -3 -2  0  0 -3 -2 -2 0 0 1 0 0.01
 0  0  2  1 -2  2  1  0 -1 -2 -2  1 -2 -1 -1  2  0 -2 -2 -2 0 0 1 0 0.01
-2 -2 -2 -3 -2 -2 -2 -3 -2  2  1 -2  3  4 -3 -1  2 -1  1  0 0 1 0 0 0.02
 0  0  1 -2 -2  0 -1  0 -1  2  0  0  2 -1 -2 -1  0 -2  0  1 0 1 0 0 0.02
-1  1  3  0 -2 -1 -1 -2  3 -1 -2  0 -2 -1 -2  0  2 -2  2 -1 0 1 0 0 0.02
 0  0  3  1 -2  1  2 -1  2 -2 -2  0 -2 -3  2  0 -1 -3 -2 -2 0 0 1 1 0.03
-1  0  3  1 -3 -1  0  2  3 -3 -1 -1 -2 -3 -2  0  1 -3 -2 -2 0 0 1 1 0.03
-1  0 -1 -2 -2 -1 -2  3  1 -3 -2  1 -2 -1 -2 -1  1  7  3 -2 0 1 0 1 0.03
-1  2 -1  1 -3  2  1  3 -2 -3 -3  1 -2 -3  3 -1 -2 -3 -3 -3 0 1 0 1 0.04
 0 -1  0 -2 -2  1 -1  1 -2  1 -1  0  1 -2  3 -1 -1 -2 -1  1 0 1 0 0 0.03
-2 -1 -2 -3 -3 -1 -2 -3 -1 -2  0  2 -2  1 -3  2 -1  3  6 -2 0 1 0 0 0.04
 1 -2  4  2 -2 -1  0  2 -1 -2 -3 -1 -2 -3 -2  0  1 -3 -3 -1 0 0 1 0 0.03
-2  4  2 -2 -3  0 -1 -2  3 -1 -1  1 -1  0 -2 -1 -1 -2  1 -1 0 0 1 0 0.03
-2 -1  3  5 -3 -1  1 -2 -1 -2 -1  0 -2 -3 -2 -1 -1 -3 -2 -2 0 0 1 1 0.03
 0  0  0  1 -2  1  0 -1 -1 -1 -1 -1 -1 -2  0  3  0 -2 -2 -2 0 0 1 0 0.03
-1  0  0  1 -2 -1  1 -1  0 -2 -2 -1 -1  2 -2 -1 -1  5  4 -2 0 0 1 1 0.03
 0 -1  3  2 -2 -1 -1 -1  4 -2 -1 -1 -1  0 -1  0 -1  3  0 -2 0 1 0 1 0.02
 0  0 -1 -1 -2  0 -1  0 -1 -1  0 -1 -1 -1  3  1  1  4 -1 -1 0 0 1 1 0.02
 0 -2 -2 -2 -1 -1 -2 -2 -2  1  0 -1  0  2  1 -1  2 -1  0  2 0 0 1 1 0.02
-1 -1 -2 -2 -2 -1 -1 -2  0 -2 -1  0 -1  1 -2 -1 -1  1  7 -1 0 0 1 0 0.01
 0  2  0  2 -2 -1 -1  3 -1 -2 -2  0 -2 -2 -1  0 -1 -2 -2 -2 0 1 0 0 0.01
-1  0  5  0 -2  0  0 -1  0 -2 -2  0 -2 -2 -1  1 -1 -2 -2 -2 0 0 1 0 0.01
-1 -1  1  1 -2  3  3 -2  1 -1  0  0 -1 -2 -1  0  1 -2 -1 -1 0 0 1 0 0.01
-2  1 -2 -3 -2 -2 -2 -3 -2  2  3 -1  2 -1 -2 -1 -1 -2 -2  0 0 0 1 0 0.01
-3 -3 -3 -4 -3 -3 -3 -4 -2  0  0 -3 -1  7 -4 -3 -1  5  2 -1 0 0 1 0 0.01
 1 -2 -3 -3 -2 -2 -2 -3 -3  1  2 -2  5 -1 -2  0 -1  2 -2  2 0 1 0 0 0.01
 0  2  0 -2 -2  1 -1  2 -1 -2  0  1 -1 -1 -2  0  0  2  1 -2 0 0 1 1 0.01
-1 -2  1  0  1 -1 -1  1 -1 -2 -1 -2 -2 -1 -2  2  1 -2  3  0 0 0 1 1 0.02
-2  5 -1  0 -3  0  1 -1 -1 -3 -3  2 -2 -3  2 -1  0 -3 -2 -3 0 0 1 1 0.02
-2 -1  3 -1 -2  1 -1 -2  2 -1 -1 -1 -1 -2  2  0  2  4  0 -2 0 0 1 1 0.03
 0  0 -1 -1 -2 -1 -1  2  2 -3 -3 -1 -2 -1  2  1  1 -1  3 -2 0 0 1 0 0.03
 0 -1  3 -1 -2 -1  1  0 -1 -3 -3  0 -2 -3  3  3  1 -3 -2 -2 0 0 1 1 0.03
 0  0 -1 -2  2  0 -1  0 -2 -1  1  0  0 -2  1  1  1 -2 -2  0 0 0 1 1 0.03
-1 -1  4  1  3 -1  0 -1 -1 -3 -3  0 -2 -2  0  1  0  5  0 -3 0 0 1 1 0.04
 4 -2 -2 -2  2 -2 -2  2 -2 -2 -2 -2  1 -3  2  1 -1 -3 -3 -2 1 0 0 0 0.04
 0  2  1  0 -2 -1  0  2 -1 -1 -2  1  1 -1 -2  0  1 -3 -2 -2 1 0 0 0 0.04
-1 -1  2  3 -3  2  2  1 -1 -3 -3  1 -2 -3 -2  0  0 -3 -2 -3 1 0 0 1 0.04
-2 -1  6  0 -3 -1 -1 -2  0 -3 -3  0 -2  0 -3 -1 -1 -2  4 -3 0 0 1 0 0.03
-3 -4 -3  0 -3 -3 -3 -4 -3  0  2 -4  0  6 -4 -3 -3 -1  1 -1 0 1 0 0 0.03
 1 -3 -3 -3 -1 -2 -3 -3 -3  2  2 -2  0 -1 -3 -1  2 -3 -2  3 0 0 1 0 0.03
 0 -2 -1  4 -3 -1  0 -2 -2 -3 -2 -1 -3 -4  5  2 -1 -4 -3 -3 0 0 1 0 0.02
-2 -1  1  3 -3  1  1 -2  2 -2 -2  2  0 -1  1  0  0 -3  1 -2 1 0 0 1 0.02
-2  0  4  3 -3 -1  0 -2  3 -4 -4  0 -3 -2 -3  1 -1 -2  3 -3 1 0 0 0 0.02
-2  3  0  2 -4  3  2 -2 -1 -3 -3  2 -2 -4 -2 -1  0 -3 -3 -3 1 0 0 0 0.02
-1 -3 -4 -4 -2 -2 -3 -4 -2  2  3 -3  4  0 -3 -2 -2 -2  2  1 0 0 1 0 0.02
-1 -2 -2 -2 -3  1 -2 -3 -3 -4 -4 -2 -3 -4  7  2 -1 -4 -4 -3 0 0 1 0 0.02
 1 -1 -1 -1 -2 -1 -1 -2 -2  0  0  0 -1 -2  3  1  0 -3 -2  1 1 0 0 0 0.01
-2 -3 -4 -4 -2 -3 -4 -4 -4  1  5 -3  1 -1 -4 -3  0 -3 -2  1 1 0 0 0 0.02
 1 -2 -2 -3 -1 -2 -2 -2 -3  3  1 -2  2 -1 -2  1  1 -3 -2  2 1 0 0 0 0.02
 0  4  0 -1 -2  1 -1  0  1 -3 -2  0 -2 -2 -2  2  2 -2  1 -2 1 0 0 0 0.02
 0 -2 -1 -1  1 -1  0  3 -1 -3 -3  0 -2  0 -2  3  0 -1  3 -2 0 0 1 0 0.02
-1 -3  2  2 -3 -2 -2  5 -2 -4 -4 -2 -3 -4 -3 -1 -2 -4 -4 -4 0 0 1 0 0.01
-3 -4 -4 -4 -3 -4 -4 -4 -2 -1  1 -4 -1  7 -4 -3 -3  0  2 -2 0 1 0 0 0.01
-1  1  4  0 -3  2  0 -1 -1 -3 -3  1 -2 -3 -2  2  0 -3 -2 -1 0 0 1 0 0.01
-2 -3 -3 -3 -4 -2 -2 -3 -3 -3 -1 -2 -3 -4  8 -2 -2 -4 -4 -3 0 0 1 0 0.01
-1 -1  3  1 -3  2  3  1 -1 -3 -3  1 -2 -3 -2  2  0 -3 -2 -3 0 0 1 1 0.01
-2 -3 -3 -3 -2 -2 -3 -1 -2  1  0 -3  3  5 -3 -2  1 -1  0  2 0 1 0 0 0.01
 1 -2 -2 -3 -2  0 -2  1 -3  3  1 -2  1 -1 -3 -1  0 -3 -2  2 0 1 0 0 0.01
 2 -2 -2  0 -2 -2 -2 -1 -2  1  0 -2 -1 -2 -2  1  2 -3  1  1 0 1 0 0 0.01
 1 -3 -3 -4 -2 -3 -3 -3 -3  2 -1 -3 -1 -1 -3 -2  1 -3  1  5 0 1 0 0 0.02
-2 -1 -4 -4 -2 -3 -3 -4 -3  3  3 -3  2  1 -4 -3 -2 -2  2  2 0 1 0 0 0.02
 0  0  0 -2 -2 -1 -1 -2 -2  1 -2  1 -2 -2 -2  3  2 -2  2 -1 0 1 0 0 0.04
 2  1  1 -2 -2  0  0 -2  5 -2 -2  1  1 -2 -2  0  0 -3  1 -2 0 1 0 0 0.04
-1  0 -1  4 -4  0  3 -1 -2 -4 -4  2 -3 -4  3 -1 -2 -4 -3 -3 0 0 1 1 0.06
-1  3  2  1 -4  1  1 -2 -1 -2 -2  4 -2 -4 -1 -1 -1 -4 -3 -3 0 0 1 1 0.07
-1 -1  4  1 -2  1  0  0 -1 -2 -2  1 -2  0  1  1  0 -2 -1 -2 0 0 1 1 0.10
 1 -2  0  4 -3 -1  1  1  0 -2 -3 -1 -2 -3 -2  0  1 -3 -3  0 0 0 1 0 0.11
 0  1 -1 -1 -2  0  0  2 -1 -1 -2  0 -1 -2 -1  2  2 -2 -2 -1 0 0 1 1 0.13
 0  0  1  1 -2  1  0  1 -1 -1 -1  1 -1 -2 -1  1  1 -2  0 -1 0 0 1 1 0.14
-1 -1  1  3 -3  1  2  2 -1 -3 -3  1 -2 -3 -2 -1 -1 -3 -3 -3 0 0 1 0 0.11
-2 -1 -1 -1 -3  3  2 -3 -2 -1 -3  3 -2 -3 -2  0  3 -3  0 -2 0 1 0 1 0.09
-1 -2  1 -2 -3 -2 -2 -2 -3 -3 -4 -2 -3 -4  1  5  4 -4 -3 -3 0 1 0 0 0.08
-2  1  3  2 -3  1  2 -1 -1 -1 -2  2 -2 -3 -2  0  0 -3 -1 -1 0 1 0 1 0.06
-2 -4 -4 -4 -3 -4 -4 -4 -3  4  2 -4  0  4 -4 -3  1 -2  0  1 0 1 0 0 0.05
-2  1 -1  1 -4  1  3 -3 -2 -1 -3  4 -2 -4 -2  0  1 -4 -3 -1 0 1 0 0 0.03
-2 -4 -4 -4 -2 -3 -4 -5 -4  4  2 -4  2 -1 -4 -3 -2 -4 -2  4 0 1 0 0 0.02
 0 -1  0  0 -2 -1  0 -2  1  1 -2  1 -2 -3 -2  1  4 -4 -2  0 0 1 0 0 0.01
 1 -3  0 -4 -3 -2 -3 -3  4 -3 -1 -3  1  1 -4 -2 -3  3  7 -2 0 1 0 0 0.01
 0  2  0 -1 -3  2  2  2 -1 -3 -3  1 -2 -3 -2 -1  2 -3  1 -2 0 1 0 0 0.01
 0  6 -2 -3 -4 -1 -2 -1  2 -4 -4  2 -3 -4 -4 -2 -3  4 -2 -4 0 1 0 0 0.01
-2  1  2 -1 -3  0  2  0  1  1 -2  0 -1  2 -3 -1  0 -3 -1  0 0 1 0 0 0.01
 1  2  0 -1 -3  0 -2 -3  1 -1  0  1  5 -2 -3  0 -1 -3  0 -1 0 1 0 0 0.01
-3  1  2  6 -4 -1  0 -3  0 -4 -4  1 -4 -4 -3 -1  1 -4  0 -4 0 1 0 0 0.01
-1  0  1  4  1  0  1 -2  2 -1 -1  0 -2 -2 -2 -1  0 -3  0  0 0 1 0 0 0.01
-4 -4 -4 -5 -4 -4 -4 -5 -1 -3 -1 -4 -3  3 -5 -4  1  4  8  0 0 1 0 0 0.01
 0  0  1 -1  2  1  1 -2  2 -1 -2  1 -2  0 -3 -1  0 -2  4 -2 0 1 0 1 0.01
 0 -1  1 -2 -2 -2  0 -3 -3  2  2 -2  1  1 -3 -1  2 -3 -2  0 0 1 0 0 0.01
-1  1  1  2 -3  1  0  0  3 -1 -2  0 -2  1 -3  0 -1 -2  2 -1 0 1 0 1 0.01
-4 -1 -5 -6 -5 -4 -5 -1 -3 -2 -3 -5 -3  3  0 -4 -4 10  5 -2 0 1 0 1 0.01
 0 -2  3  1  2 -1  0  1 -2 -2 -2 -1 -1 -3  0  1  2 -4 -3 -1 0 0 1 1 0.01
-1  3  2 -2 -3 -1 -2  1  1 -1 -2  0 -2 -3 -1  2  2  2 -1 -2 0 0 1 1 0.01
-1 -3  0 -2  1 -1 -2 -2  3  0  0 -2 -1  4 -3  1  2  2  0  0 0 0 1 1 0.01
-2  0  3 -2 -4  1  0  1  4 -4 -3  0 -3  1 -3  1  0 -2  4 -3 0 0 1 0 0.01
-2 -5 -6 -7 -5 -5 -6 -3 -5 -1  0 -6 -3  1 -6 -5 -5 11 -1 -4 0 1 0 0 0.01
 0  0 -2 -1 -3  1 -1 -3 -1  0 -2  2 -1  0  0 -1  0  3  3  1 0 1 0 1 0.02
 0 -3  0  0 -3 -2 -2  5 -3 -3 -4 -1 -3 -4  1 -2 -2 -3 -3 -1 0 1 0 0 0.02
-1  0  1  0 -3  2  2 -1  1  0 -2  0 -2  0 -2  0  2 -2  1 -2 0 1 0 1 0.04
-3  3  6 -1 -4 -2  0  0  1 -4 -1 -1 -3 -4 -4 -1 -2 -5 -3 -2 0 1 0 0 0.06
-2 -1  1  2 -4 -1  0 -3  2  0 -3  2 -2 -1 -3 -1  1 -2  4 -1 0 1 0 1 0.07
-2  0 -1  0 -4  1 -1 -3  4 -3 -2  4 -2 -3 -1  0  2 -4  0 -1 0 1 0 1 0.09
-3 -3  5  5 -4 -2 -1 -3  1 -5 -5 -2 -4 -5 -3  2  0 -6 -4 -4 0 1 0 1 0.11
 1 -1 -2 -2 -3  2  0 -2  2 -1 -2  2 -2  0  0  1  1 -2  2  0 0 1 0 1 0.14
-2  0  1  1 -4 -2 -2 -3  1 -3 -2  2 -2  3 -3  0  1  7  3 -2 0 1 0 1 0.16
-1  1  1 -2 -3  1  0  0  0 -1 -1  1  0 -3 -1  0  3 -4 -2  1 0 1 0 1 0.17
-1  1  3  2 -4  2  3 -1  1 -3 -3  2 -3 -2 -3 -1  0  2 -2 -2 0 1 0 0 0.13
 0  4  1 -2 -3 -1 -1 -1 -2 -2 -3  0 -2  1 -3  0  3  1  0 -2 0 1 0 1 0.10
-1  0  3 -2 -3  1 -2 -3  2 -2  0 -2 -2  4 -3  2  1 -2 -1 -2 0 1 0 0 0.10
 0  0  0  0 -2 -2  0 -3 -3  2 -2 -1 -1 -3 -3  2  3 -4 -3  1 0 1 0 1 0.08
 0 -2  1  0 -2 -1  0 -2  1 -1 -2  0 -1  1 -2  2  1 -3 -1  2 0 1 0 0 0.06
-1  3  2 -2 -3 -1 -1 -3  0 -1 -1  2  0 -2 -3  1  2 -4 -2  0 0 1 0 1 0.04
-4 -4 -4 -5 -4 -3 -4 -5  2 -1 -2 -4 -3  5 -5 -4 -3  0  8 -3 0 1 0 0 0.03
-2 -1 -2 -1 -4  0  4 -3 -2 -3 -2  3 -3 -4 -3  0  1  4 -3 -1 0 1 0 1 0.03
-2 -4 -5 -5 -3 -4 -4 -5 -5  5  2 -4  0 -2 -4 -4 -2 -4 -3  4 0 1 0 0 0.02
-3 -3  5  6 -5 -2 -1 -3 -2 -5 -5 -2 -5 -5 -4  0 -2 -6 -5 -5 0 1 0 0 0.03
-6 -6 -7 -7 -5 -5 -6 -6 -5 -6 -5 -6 -4 -2 -7 -6 -5 12 -1 -6 0 0 1 0 0.04
-2  1 -1  1 -4  2  3 -3 -2 -3 -2  5 -2 -4 -2 -1 -1 -4 -3 -3 0 0 1 1 0.04
-2 -2  5  2 -4 -1 -1 -3 -2 -4 -4  1 -3 -4 -3 -1  4 -5 -4 -3 0 0 1 1 0.05
-3 -2  2 -2 -5 -1  0 -4  8 -4 -1  1 -3 -3 -4 -2 -3 -4  1 -4 0 0 1 0 0.08
-2  1  0  0 -3  1  3 -3 -2 -3 -3  3 -2 -4  1 -1  3 -4 -3 -3 0 1 0 1 0.18
-2 -4 -4 -5 -2 -4 -4 -5 -4  4  1 -4  2 -2 -4 -3 -2 -4 -3  5 0 1 0 0 0.21
 0 -1  0 -1 -1 -1 -1 -2 -2 -1 -2 -1 -1 -2 -1  2  5 -3 -2  0 0 1 0 1 0.25
-2  0  6  1 -3  0  0  0  1 -3 -3  0 -2 -3 -2  1  0 -4 -2 -3 0 0 1 1 0.32
