-2 -3 -3 -4 -3 -2 -3 -4 -3  0  1 -3  9 -1 -4 -3 -2 -3 -2  0 0 0 1 1 0.82
 1 -2 -2 -1 -2 -2 -2 -3 -3  2  1 -2  5 -1 -3  1 -1 -3 -2  2 0 0 1 1 0.62
-1  2  2  2 -4  1  4 -1 -1 -4 -4  1 -3 -4 -2  0 -1 -4 -3 -3 0 0 1 1 0.54
 0 -2 -2 -2 -2 -1 -2 -2 -3 -2  1 -2 -1 -1  5  3  0 -3 -2 -2 0 0 1 1 0.44
 0 -1  3  3 -3  3  0  0 -1 -3 -4 -1 -2 -4 -2  3  1 -4 -1 -3 0 0 1 1 0.36
-3 -3 -4 -5 -3 -3 -4 -5 -4  2  5 -4  3  0 -4 -3 -2  1  1  1 0 0 1 1 0.25
 1 -4 -3 -4 -2 -3 -3 -4 -4  3 -1 -3 -1 -2 -3  0  1 -4 -1  5 0 0 1 1 0.20
-2 -3 -4 -4 -2 -1 -2 -4 -3  2  4 -3  4 -1 -4 -1 -2 -3 -1  2 0 0 1 0 0.26
-2 -3  1  0 -3 -1 -2 -3 -1 -1 -3 -1 -2  0 -2  2  3 -1  6 -2 0 0 1 1 0.17
 0 -1 -1  2 -4  2  4  2 -2 -2 -3 -1 -3 -4  1  0 -1 -4 -3 -3 1 0 0 1 0.11
 1 -1 -1  2 -4  2  5 -2 -2 -2 -3  2 -3 -4 -3  0 -2 -4 -3 -2 1 0 0 1 0.08
 0 -1  1  3 -4  3  3 -3 -2 -2 -2 -1 -3 -4  0  0  0 -4 -3 -3 1 0 0 1 0.05
-1 -2 -3 -2  0  0 -1 -4  0  2  2 -1  0  2 -1 -2 -1 -2  2  1 1 0 0 1 0.03
 0  1  2  2 -4  2  4 -2 -2 -3 -2  1 -3 -4 -3  0 -1 -4 -3 -2 1 0 0 1 0.02
 1  3 -2 -2 -4  2  2 -1  1 -3 -3  3  0 -2 -1 -1 -2 -3  0 -3 1 0 0 1 0.02
 0 -4 -5 -5 -3 -4 -4 -5 -4  5  3 -4  1  0 -4 -2 -2 -4  0  2 1 0 0 0 0.02
-1  3  0  2 -4  1  3 -3 -2 -3 -3  2 -1 -4 -3  0  0 -4 -3  0 1 0 0 0 0.02
 0  2  1  0 -4  3  3 -1  0 -3 -2  1 -1 -4 -2  1 -1 -4 -3 -3 1 0 0 1 0.01
 0 -2 -4 -4  1 -2 -2 -4 -1  3  1 -1  1 -2 -4 -2  0 -4  0  4 1 0 0 0 0.01
-3 -4 -5 -6  1 -4 -5 -6 -5  2  5 -5  4 -2 -5 -4 -3 -4 -3  0 1 0 0 0 0.01
 0  0  1  2 -3  1  3  0 -2 -2 -2  2 -2 -4 -2  1  0 -4 -3 -2 1 0 0 1 0.01
-1  1  2  4 -5  1  4 -3 -2 -4 -4  1 -3 -5 -1 -1 -1 -5 -4 -3 1 0 0 1 0.01
-3 -4 -5 -5 -3 -3 -2 -5  0  0  5 -3  2  4 -5 -4 -2 -3  0 -1 1 0 0 0 0.01
 0 -2  0 -2 -1  0 -2  1 -1  1  3 -1  0  0 -3 -1 -1 -3 -2  0 1 0 0 0 0.01
-1  4 -1 -1 -3  1  1 -2 -2 -1 -1  2  1 -3 -3  0  0 -4 -2 -1 1 0 0 1 0.02
 0 -1  0  3 -3  1  2 -2 -2  0 -1  1 -2 -3 -2  0  0 -4 -3  1 1 0 0 1 0.02
 2 -1  0  0 -2 -1  1 -2 -2 -1  0 -2 -2 -3  1  2  2 -4 -3  0 1 0 0 0 0.02
-2 -1  2  1 -5 -2  0  6 -3 -5 -5  0 -4 -5 -2 -1 -3 -4 -1 -5 0 0 1 1 0.02
 3 -4 -4 -4  0 -3 -3 -2 -4  2 -1 -3 -2 -3 -1  1 -1 -4 -3  4 0 0 1 0 0.01
-2  3  1  3 -4  2  2 -3  1 -4 -4  3 -3 -4 -3  0  0 -4 -3 -3 0 0 1 0 0.01
 2 -3 -2 -3  2 -2 -3  2  1 -1  0 -3  0  0 -3  1 -1 -2  3  1 0 1 0 0 0.01
 3 -4 -3 -4  3 -3 -3 -2 -4  2 -2 -3 -2 -3 -1  1  0 -4 -3  4 0 1 0 0 0.01
 0 -4 -4 -5 -3 -3 -4 -4 -4  2  3 -4  4  2 -4 -2 -2 -3  0  2 0 1 0 0 0.01
-3 -4 -5 -5 -3 -4 -5 -6 -5  3  5 -4  0  0 -5 -4 -3 -4  0  3 0 1 0 0 0.01
 1 -4 -3 -4  2 -3 -4 -1 -4  2  0 -3  0 -1 -3 -2  1 -4 -3  4 0 1 0 0 0.01
-3 -4  0  7 -5 -2 -1  2 -1 -5 -5 -3 -5 -5 -4  1 -1 -6 -5 -5 0 1 0 0 0.01
-1  4 -2  0 -4 -1  1 -3 -2 -2 -2  4  2 -3 -2 -1 -2 -4 -1 -2 0 0 1 0 0.01
 1 -2  2  4 -4 -2  0  1 -2 -3 -4  1 -3 -4 -3  2  0  1 -4 -3 0 0 1 1 0.01
-1 -5 -3 -4 -5 -5 -5  7 -5 -7 -6 -4 -6 -6 -5 -3 -4 -5 -6 -6 0 0 1 0 0.01
-1  1  2 -3 -4  3 -1 -4 -2 -2  2 -2  2  4 -4 -2 -2 -3  0 -1 0 0 1 1 0.01
-2 -4 -4 -3 -3 -3 -4 -5 -5  3  3 -3  1 -1  0 -3 -2 -4 -3  4 0 1 0 1 0.01
-2 -5 -5 -5 -3 -5 -5 -6 -5  6  3 -5 -1 -2 -5 -4 -3 -5 -3  2 0 1 0 0 0.02
 3 -2 -2 -1 -2 -1  0 -2 -1 -2 -2 -2 -1 -3 -2  2  2 -3 -2  1 0 1 0 0 0.03
 0  0  0  0  0  1  1 -1  4 -2 -2  0 -1  0 -2  1  0  0  1 -2 0 1 0 1 0.05
 0  1 -1  0  0  2  1 -2  1 -1 -1  1 -1 -1 -1  0  0  3 -1  0 0 1 0 1 0.09
-1 -2 -1  1 -2 -1  2  3 -2 -2 -2 -1 -2 -2  0  1  0 -2 -2 -2 0 1 0 1 0.13
 1  0  1  2 -2  1  1  1  0 -2 -2  1 -1 -3 -2  1 -1 -3 -2 -2 0 0 1 0 0.14
 1  0 -1  0  0  0 -1 -1 -2  0  1  0  1  0  0  0  1 -2 -1  0 0 0 1 1 0.17
 0 -1 -1 -1 -2  0  0  2 -1  0  0 -1  0 -1 -1  0 -1  4 -1  0 0 0 1 1 0.19
 1  0  0  0 -1  0  1  0  0  0  0  0  0 -1  0  1  0 -2 -1  0 0 0 1 0 0.23
 0 -1 -1  0 -2  0  1  1 -2 -2 -1  0 -2 -3  4  1  0 -2 -2 -2 0 0 1 1 0.21
 0  1  1  3 -3  0  1 -1 -1 -3 -2  1 -2 -3  0  2  0 -3 -3 -2 0 0 1 1 0.17
-1  2  1  2 -3  2  1 -1 -1 -3 -2  0 -1 -3  3  0  0 -3 -1 -2 0 0 1 0 0.16
 0 -1 -2 -1 -2 -1 -2 -3 -1  2  1 -2  2  1  3  0 -1 -3  0  1 0 0 1 0 0.16
 0 -3  2  6 -4 -2  2 -2 -3 -4 -3 -2 -4 -2  1 -1 -2 -5 -4 -2 0 0 1 1 0.15
 1 -2 -2 -1 -2 -2 -1 -2  0  2  1 -2  1  1 -1 -1  1 -3 -2  1 1 0 0 0 0.11
-1 -1 -1  4 -3 -1  3 -2 -2 -1 -2 -1  0 -2 -1  0  3 -3 -1 -2 1 0 0 1 0.05
 1  0 -2 -2 -2 -1 -1 -2 -1  0  0 -1 -1 -1  0  3  1 -3 -2  1 1 0 0 0 0.05
-3 -4 -5 -5 -3 -4 -4 -5 -4  2  4 -4  1  2 -4 -4 -2 -3  1  3 1 0 0 0 0.04
 5 -4 -3 -4 -3 -3 -3  3 -4 -4 -2 -3 -3 -4 -2  1 -2 -5 -4 -3 1 0 0 0 0.03
 5 -1 -3 -3 -2 -2 -3 -1 -3 -3 -2 -2 -3 -4 -1  2  2 -4 -3  0 1 0 0 0 0.02
-1 -3 -4 -4 -3 -3 -4 -4 -4  2  4 -3  5 -2 -4 -2 -1 -3 -3  1 1 0 0 0 0.03
 3 -3 -2 -3  1 -2 -2 -2 -3  1  1 -2  0 -2 -3  1  2 -3 -3  2 1 0 0 0 0.04
 5 -3 -3 -3 -3 -3 -3 -2 -3 -2 -3 -3 -3 -4 -3  3  1 -4 -4 -1 1 0 0 0 0.03
 3 -3 -1 -1 -3 -3 -3  4  1 -4 -4 -3 -3 -4 -3  1  2 -4 -4 -2 1 0 0 0 0.03
 2 -3  4  0 -3 -2 -2  0 -2  1 -1 -2 -1 -3 -3  1  0 -4 -3  1 1 0 0 0 0.04
 0 -4 -2 -4 -3 -4 -4 -4 -3  1  1 -4  1  6 -4 -3 -1 -2  3  1 1 0 0 0 0.04
 3 -2  1 -2 -3 -3 -3  4 -3 -4 -2 -3 -1 -2 -3  2 -2 -4 -4 -3 1 0 0 0 0.03
 5 -3 -2 -3 -3 -3 -3 -2 -4 -3 -1 -1 -3 -4 -3  2  3 -5 -4 -1 1 0 0 1 0.04
 2 -3 -1 -3 -2 -2 -2  0 -3  0 -1 -2  1 -3 -3  2  4 -4 -3  0 0 0 1 0 0.04
 0  1 -1  1 -4  2  3  1 -1 -2 -2  0 -2 -1 -3  0 -2 -4 -3 -2 1 0 0 0 0.04
 2  3 -1  0 -4  2  4  1 -2 -4 -3  0 -1 -2 -3 -1 -2 -4 -1 -3 1 0 0 0 0.05
-2 -4 -4 -5 -3 -3 -4 -5 -4  2  3 -4  5  0 -4 -2  0 -3 -1  2 1 0 0 0 0.05
 4 -3 -1 -3 -1 -3 -1  2 -3 -2 -2 -3 -3 -4 -3  1  1 -4 -4 -1 1 0 0 0 0.05
-2  3  2  1 -4  2  2 -3  1 -3 -4  3 -1 -4 -3  0 -1 -4 -3 -2 1 0 0 1 0.06
-1 -2 -2 -2 -3  1  3 -4  2  0  3 -1  4 -1 -3 -2 -1 -3 -2 -1 1 0 0 0 0.06
-3 -4 -5 -5 -3 -4 -5 -5 -5  3  4 -4  1  0 -5 -4 -1 -4 -3  2 0 0 1 0 0.06
-1  1  1 -1 -4 -1 -1  5  3 -5 -5  0 -4 -4 -3  0 -2 -4 -3 -4 0 0 1 1 0.05
-2  1 -1  0 -4  1  5  0  0 -2 -1  2 -2 -4 -3 -1 -2 -4 -3 -2 0 0 1 0 0.05
-1  1  2  1 -4  1  3  2 -2 -4 -4  2 -3 -4  0  0 -1 -4 -3 -2 0 0 1 1 0.05
-1  1  2  3 -1  0  3  0 -2 -4 -4  0 -3 -4  0  0 -1 -4 -4 -3 0 0 1 0 0.04
-2 -4 -4 -5 -1 -4 -4 -1 -3 -1  2 -4  2  6 -1 -3 -1 -2  1 -1 0 0 1 0 0.04
-1  2  1  1 -3  3  2 -2 -2 -3 -3  1 -1 -4 -1  2  1 -4 -3 -3 0 0 1 0 0.03
-1 -1 -1  1 -3  3  2  0  1  0  1 -1  1 -3 -3  1  0 -3 -2  0 0 1 0 0 0.02
 0 -3 -4 -4 -3  1 -1 -4 -3  1  3 -3  4  0 -4 -2 -1 -3 -1  2 0 1 0 0 0.02
-3 -4 -4 -4 -3 -2 -4 -4 -2  1  1 -4  3  5 -4 -1  0 -1  4  1 0 1 0 0 0.02
-2 -3 -3 -4 -4  1 -3 -4  7  3 -1 -2 -2  0 -2 -3 -1 -4  0  1 0 1 0 0 0.01
-2  1 -2  0 -5  4  6 -4 -2 -3 -5  2 -4 -5 -3 -1 -2 -5 -4 -4 0 1 0 0 0.01
-1 -4 -3 -4 -1 -4 -4  6 -1 -5 -2 -4 -4 -2 -4 -1 -1 -4  2 -5 0 0 1 0 0.01
-1 -1 -2  1 -4  2  4 -1 -2 -2 -2  2 -3 -4  0  0 -1 -4 -3  0 0 0 1 1 0.01
-2  2  4  2 -4  0  0 -1  2 -1 -4  3 -3 -2 -3  0 -1 -4 -3 -3 0 0 1 1 0.01
 0  1  0  1  0  1  1  3 -2 -1 -1  0  0  0 -3 -1 -2 -3  0 -2 0 0 1 0 0.01
-1 -1  3  2 -3 -1 -1  0  1 -3 -2  1 -1 -3  0  2  0 -3  1 -1 0 1 0 0 0.01
-2 -4 -4 -5 -3 -4 -4 -5 -4  5  2 -4  2  0 -4 -3  1 -4 -3  3 0 1 0 0 0.01
-1 -3 -3 -4 -4 -3 -4 -5  5  1  2 -4  2  3 -2 -3 -3 -2  5  0 0 1 0 0 0.01
-1 -4 -4 -5  3 -3 -4 -4 -4  4  2 -4  5  2 -4 -2  0 -3 -2  2 0 1 0 0 0.01
 1  0 -1 -1 -1 -1  1 -2 -2  0 -1  0 -1  1 -2  2  1 -3  0  0 0 1 0 0 0.01
 0  1  0  2 -3 -1  1 -1 -1  0 -1  1 -1 -3  2  0 -1 -4 -3 -1 0 1 0 0 0.01
 2 -4 -4 -4 -2 -3 -4 -2 -4  3  1 -3  1 -2 -4 -1 -2 -4 -3  4 0 0 1 0 0.01
 0 -3  1  2 -1  0  2  5 -3 -4 -4 -1 -4 -3 -3  0 -1 -4 -4 -3 0 0 1 1 0.01
-2  1  1  3 -4  2  3  0  1 -4 -3  0 -3 -4  0  0 -2 -4 -1 -4 0 0 1 1 0.01
-1  3  1  3 -3  1  1 -2  1 -3 -2  1 -2 -3 -2  1 -1 -3 -1 -2 0 0 1 1 0.01
 2 -2 -1 -3 -3 -2 -1  0 -1  0  0 -3 -1  4 -3 -1 -1  3  2  1 0 1 0 0 0.01
-2 -4 -5 -5 -3 -4 -5 -5 -5  5  3 -4  2  1 -5 -4 -2 -4 -2  1 0 1 0 0 0.01
-2 -4 -6 -6 -3 -4 -5 -6 -5  2  6 -5  1  0 -5 -4 -3 -4 -3  0 0 1 0 0 0.01
 1 -4 -4 -4  0 -3 -3  0 -4  1  0 -4 -1 -1 -4 -2  1 -4 -3  5 0 1 0 0 0.01
-1 -4 -4 -4  0 -2 -4 -4 -4  3  2 -3  1 -2 -4 -1  1 -4 -3  4 0 1 0 0 0.01
-2 -4 -5 -5 -3 -2 -4 -5 -5  5  2 -4  2 -2 -4 -1 -2 -4 -3  3 0 1 0 0 0.01
 1 -4 -4 -4 -1 -4 -4 -3 -3  0 -1 -4 -2  7 -4 -1  2 -2  0 -1 0 1 0 0 0.01
-3  0  3  6 -5 -1  1  1 -3 -5 -3 -1 -4 -5  1 -1 -2 -5 -4 -5 0 0 1 0 0.01
 0  1  2  1 -4  1  1 -2  0 -3 -4  3 -3 -4  1  1  0 -4 -3 -2 0 0 1 1 0.01
 0  1  2  2 -3  0  0  1  0 -3 -3  1 -3 -4 -2  2  1 -4 -3 -2 0 0 1 1 0.01
 2 -3 -3 -3 -2 -1 -3 -3 -3  2  0 -3 -1 -3 -2  2  2 -4 -3  3 0 0 1 0 0.01
-1 -2  4 -2 -4 -1 -2 -2  1 -4 -3  2 -3 -4  3  3  1 -5 -3 -4 0 0 1 1 0.01
-3 -4 -5 -5 -3 -4 -5 -6 -2  2  5 -4  0 -2 -1 -4 -3 -4 -1  2 1 0 0 1 0.01
-2 -5 -3 -4 -5 -5 -5  7 -5 -7 -7 -4 -6 -6 -5 -3 -4 -5 -6 -6 1 0 0 1 0.01
-1  2 -3 -4 -3 -2 -3 -4 -3  0  3  0  1  0 -3  1  0  4 -1 -1 1 0 0 1 0.01
-1 -4 -5 -5 -3 -4 -5 -5 -5  4  1 -4  0 -2 -4 -3 -2 -5 -3  5 1 0 0 0 0.01
-4  7 -1 -4 -6 -1 -2 -5  1 -5 -3  3 -4 -3 -4 -3 -3  5 -2 -5 1 0 0 0 0.01
-3 -4 -5 -5 -3 -4 -4 -5  1  3  4 -4  2  0 -5 -4 -3 -3  3  2 1 0 0 1 0.01
-1  2  0 -1 -4  1  2 -2  1 -2 -1  1  0  2 -3 -1 -1 -2  3 -2 1 0 0 0 0.01
 1 -3 -3 -3 -2 -3 -3  0 -3  2  1 -3  2 -1 -3  0  1 -3 -2  2 1 0 0 0 0.01
-2  3  1 -2 -5  1  1 -4 -3 -4 -3  6  0 -5 -3 -2 -2 -5 -4 -3 1 0 0 1 0.01
-3  5 -2  0 -5  0  1 -4  0 -5 -4  5 -3 -5 -2 -1 -3 -5 -4 -4 1 0 0 1 0.01
 5 -3  0 -3  0 -1 -3 -2 -3 -2  0 -3 -2 -2 -3  1  0 -4  0 -1 1 0 0 0 0.01
 2 -1 -2 -3  1 -1 -2 -1 -1  2 -1  0  0  0 -2  1  1 -3 -1  1 1 0 0 0 0.01
-1  2 -1  3 -4  2  4 -3 -2 -4 -4  1 -1 -2  0  0 -1 -4 -3 -4 1 0 0 1 0.01
-1  3 -1  1 -4  2  4 -2 -2 -3 -4  2 -3 -5 -3 -1 -1 -4 -3 -2 1 0 0 1 0.02
-1 -4 -5 -5 -3 -4 -5 -5 -5  4  4 -4  3 -1 -5 -4 -3 -4 -3  1 1 0 0 0 0.02
 2  1  1  0 -2  1  0  0  0 -2 -1  1 -1 -3 -2  1  1 -4 -2 -1 1 0 0 0 0.02
 2  2 -1  2 -3  0  2 -2  0 -3 -2  1 -2 -4  1  1 -1 -4 -3 -1 1 0 0 1 0.02
-2 -3 -2 -4 -3 -1 -2 -4 -4  4  2 -3  3 -1 -4 -3 -1 -4 -2  3 1 0 0 0 0.03
 0 -3 -4 -4  0 -3 -4 -4 -4  2  4 -2  0  4 -4 -3 -1 -2 -1  1 1 0 0 0 0.04
 0  0  1  3 -4  1  4 -1  1 -4 -4  1 -3 -4 -2  0 -1 -4 -3 -2 1 0 0 1 0.06
 0  3  0  0 -3  1  3  0 -2 -3 -2  1 -2 -4 -2  2 -1 -4 -3 -2 1 0 0 1 0.08
 2 -3 -3 -3 -2 -2 -2 -2 -3  2  2 -2  0 -2 -3  1 -1 -3 -2  3 1 0 0 1 0.09
 0  2 -1  0 -3  2  1 -2 -2  0  0  1  0 -1 -2 -1 -1 -3 -2  0 0 0 1 1 0.13
 1  0  1  0 -3  1  2 -1  0 -2 -1  1  0  0  0  0 -1 -2  1 -1 0 0 1 1 0.16
 0  3  1  2 -3  1  1 -2  1 -2 -3  3 -1 -3 -2 -1 -2 -4 -2  0 0 0 1 1 0.19
 1 -2  1  0 -3  0  2 -1  0 -2 -2 -1 -2 -3  4  1  2 -4 -3 -1 0 0 1 1 0.24
-1  1 -1  0 -3  1  1 -1 -2 -3 -1  3  1 -1  4  0 -1 -3 -2 -2 0 0 1 1 0.28
 0  2  0  1 -3  1  2 -1 -1 -2 -2  2 -2 -3  1  0  1 -3 -2 -2 0 0 1 1 0.29
 0 -2 -1  0 -2  0  1  1 -2 -1  1  0 -1 -2  2 -1  0 -3 -2  1 0 0 1 1 0.29
 1 -1  1  0 -2  1  0  2  0 -1 -1 -1  0 -2 -2  1 -1 -3 -2  0 0 0 1 1 0.35
 0 -1 -2 -3 -2  0 -2 -3 -2  1  2  0  0  2  3 -1 -1 -2 -1  0 0 0 1 0 0.44
 0 -2  2  3 -3  0  1  2 -2 -3 -2 -1 -2 -3 -1  2  0 -4 -3 -2 0 0 1 1 0.54
 0 -1  2  1 -2  0  1 -1 -2 -2  0 -1 -2 -1 -2  3  1 -3 -2 -2 1 0 0 1 0.60
-1 -2  0  3 -4  1  2 -3 -2  1 -3 -1 -2 -4  4  0  0 -4 -3 -2 1 0 0 1 0.65
-1 -3 -4 -1 -3 -3 -3 -4 -2 -1  1 -4 -1  7 -4 -3 -3 -1  3  0 1 0 0 0 0.66
 1  2 -1  1 -2  0  1 -1  1 -1 -1  0 -2 -3 -2  2  0 -3 -2 -2 1 0 0 1 0.68
-1  1  1  2 -4  2  4 -1  0 -4 -4  1 -3 -4 -2  0  0 -4 -3 -3 1 0 0 1 0.72
 0 -3  0 -3 -2 -2 -2  1 -3  4  1 -2 -1 -2 -3  1 -1 -4 -3  0 1 0 0 0 0.74
 2 -2 -1  0 -2 -2 -1 -2 -2  0 -1 -2  1  2  0  0  3 -3 -1  0 1 0 0 0 0.73
-1 -2  1  4 -4  0  3  0 -2 -4 -4  0 -3 -4  0  0  0 -4 -3 -3 1 0 0 1 0.73
 3 -2 -1  5 -3 -1  1 -2 -2 -1 -3 -2 -3 -4 -2  1  0 -4 -3 -2 1 0 0 1 0.75
-1 -2 -1  4 -3  0  1 -3 -2 -2  1  1  0 -3 -3 -1  1 -4 -3 -2 1 0 0 1 0.83
-2 -3 -4 -4 -2 -3 -4 -5 -4  5  4 -1  0 -1 -4 -3 -2 -3 -2  1 1 0 0 0 0.88
-3 -3  1  7 -5  1  1 -3 -2 -4 -2 -2 -4 -5 -3 -2 -2 -5 -4 -4 1 0 0 1 0.89
-2  0  3  3 -3  0  2 -1 -1 -3  0  1 -2 -3 -2  0  0 -4 -3 -3 1 0 0 1 0.79
-2 -3 -4 -5 -3 -1 -4 -5 -4  2  5 -3  2 -1 -4 -3 -2 -3 -2  0 1 0 0 0 0.76
-4 -4 -5 -5 -4 -4 -5 -5 -3 -1  3 -5 -1  7 -5 -4 -3 -1  1 -2 1 0 0 0 0.71
-1  2  2  0 -3 -1 -1  4 -2 -4 -4  1 -3 -4 -3  2 -1 -4 -3 -4 0 0 1 1 0.72
-2 -2  4  6 -4 -1  2 -2 -1 -4 -4 -1 -3 -4 -2 -1 -1 -5 -3 -4 0 0 1 1 0.77
