-3 -3 -4 -5 -3 -2 -4 -4 -3  1  2 -3  9 -1 -4 -3 -2 -3 -3 -1 1 0 0 1 0.94
-2  6 -1 -2 -4  2 -1 -3 -1 -3 -3  4 -2 -2 -3 -1 -2 -4 -3 -3 1 0 0 1 0.94
-1  6 -1 -3 -4  0 -1 -3  0 -4 -3  3 -2 -2 -3 -1 -1 -4 -2 -2 1 0 0 1 0.95
-1 -3 -4 -4 -2 -3 -4 -4 -3  1  4 -3  1  5 -4 -2 -2  1  0  0 1 0 0 0 0.96
-2 -3  0 -3  0 -3 -3 -4 -2  0  2 -2  0  6 -4 -1 -1 -1  1  0 1 0 0 0 0.96
 4 -2 -1 -2 -2 -2 -2 -1 -2 -2  0 -1 -1 -1 -1  2  0 -3 -2  0 1 0 0 0 0.97
 0 -3 -2 -3  0 -3 -3 -3 -3  2  3 -3  1  0 -3 -1  0  0 -2  2 1 0 0 0 0.97
 0 -3 -2 -3 -2 -3 -3 -2 -3  3  3 -3  2  0 -2 -1  0 -3 -2  2 1 0 0 0 0.99
 0 -3 -4 -4  1 -3 -4 -4 -4  1  4 -3  2  1 -4 -3 -1 -2 -2  0 1 0 0 0 0.98
 3 -2 -2 -3  0 -2 -2 -2 -3  1  1 -2  0  0 -2  2  0 -3 -2  2 1 0 0 0 0.98
 2 -2 -2 -3 -2 -2 -2 -1 -3  1  2 -2  1  2 -2  1  0 -2 -1  1 1 0 0 0 0.98
 0 -3 -2 -3  4 -2 -3 -1 -2  0  1 -2  0  3 -3  1  1 -2  0 -1 1 0 0 0 0.95
-1 -3 -4 -4 -2 -1 -3 -2 -3  2  4 -3  1  0 -3 -2 -2 -3 -2  2 1 0 0 0 0.92
-2 -3 -4 -4 -3 -3 -3 -4 -3  1  2 -3 -1  3 -4  0 -1  9  1  1 1 0 0 0 0.88
-2 -3 -4 -4 -3 -3 -4 -4 -3  1  3 -3  1  5 -4 -2 -1  1  1  0 1 0 0 0 0.85
 1 -2  1 -2  0 -2 -2  4 -1 -2 -2 -2 -2 -2 -2  2  1 -3 -3 -2 0 0 1 0 0.84
 1 -3 -3 -4 -1 -3 -3 -2 -3  1  1 -3  0  5 -3  0  0 -1  1  1 0 0 1 0 0.77
 3 -2  0 -2 -2 -1 -2 -1 -3  0 -1 -2 -1 -3  3  0  1 -4 -3  2 0 0 1 0 0.69
-1 -2  0  0 -3 -1 -1 -3 -2 -2 -2 -1 -2 -3  6  2 -1 -4 -3 -2 0 0 1 1 0.49
 1 -2 -2 -2 -2  0 -1 -2 -3  1 -1 -2  0 -1  4  0  1 -3 -2  2 0 0 1 1 0.36
 5 -3 -3 -3 -2 -2 -2 -1 -3 -1 -2 -2 -2 -3 -2  0 -1 -4 -3  1 0 0 1 0 0.21
 0  0  1 -1 -2  1 -1 -2  2 -1  0  1  0  1 -2  2  0 -3 -1  0 1 0 0 1 0.12
 6 -3 -3 -3 -2 -2 -2 -1 -3 -3 -3 -2 -2 -4 -1  0 -1 -4 -3 -1 1 0 0 0 0.10
-1 -2  0  6 -3 -1  2 -2 -2 -3 -2 -1 -3 -1 -1  0  0 -4 -3 -3 0 0 1 1 0.06
 0 -3 -1 -3 -2 -2 -3 -1 -2  3  0 -2  0  1 -3 -1 -1 -2  2  3 0 0 1 0 0.05
 4 -2  0  0 -2 -1  0  1 -2 -2 -3 -1 -2 -2 -2  2  0 -3  0 -1 0 0 1 0 0.04
 0 -2  2  0 -3 -1 -2  5  2 -4 -4 -2 -3 -4 -3 -1  0 -4 -3 -4 0 0 1 1 0.04
-3 -4 -5 -5 -3 -4 -4 -5 -4  0  6 -4  1 -1 -4 -4 -3 -3 -3 -1 0 0 1 0 0.03
-1 -2 -2 -2 -2 -2  1 -3 -3  0 -2  0 -2 -3 -3  0  5 -4 -3  2 0 0 1 1 0.03
-2 -3 -3 -1 -4 -2 -2 -4 -4 -4 -2  1 -4 -5  8 -2 -2 -5 -4 -4 0 0 1 1 0.03
-2 -6 -5 -6 11 -5 -6 -5 -5 -3 -3 -5 -4 -5 -5 -3 -3 -4 -5 -3 0 0 1 0 0.03
 2  0  0 -2 -3  0  0 -1 -2 -3 -3  4 -2 -3 -2  3 -1 -3  0 -3 0 0 1 1 0.03
-2 -1  2  4 -4  1  5 -3 -1 -4 -4  0 -3 -4 -2  0 -1 -4 -3 -4 0 0 1 1 0.04
-1 -2  4 -1 -3 -1 -2 -2 -2 -4 -4 -2 -3 -4 -3  5  0 -5 -3 -1 0 0 1 0 0.04
 2 -1 -2 -2 -3 -1 -1 -2 -3 -3 -3  3 -3 -4  5  0 -1 -4 -3 -2 1 0 0 1 0.04
 4  2 -1 -2 -2  1  0 -1 -2 -1 -2  1 -2 -2 -2  0  0 -3  1 -1 1 0 0 1 0.05
-3 -4 -4 -5 -4 -4 -4 -4 -2 -2 -1 -4 -2  7 -5 -4 -3  0  5 -2 1 0 0 0 0.07
 2 -1  1 -1 -3  4  0 -2  3 -2 -2  1 -2 -3 -2 -1  0 -3 -2 -1 1 0 0 1 0.08
 0  1 -1 -1 -4  3  2 -2 -1 -4 -3  4 -2 -4 -1 -1 -1 -4 -3 -3 1 0 0 1 0.11
-2  6 -2 -3 -4  0 -1 -3 -2 -3  0  3 -2 -3 -3 -2 -2 -4 -3 -3 1 0 0 1 0.14
 3 -1 -2 -2 -2  0  1 -2 -2 -1  1 -1  2  1 -2  1 -1 -3 -2 -1 1 0 0 0 0.14
 1  0  1  0 -3  1  1 -2 -1 -2 -2  3 -2 -1 -2  1  0 -3 -2 -2 1 0 0 1 0.14
 1 -1  3  2 -3  2  0  0  0 -2 -3  0 -2 -3  3  1  0 -4 -3 -2 0 0 1 1 0.15
 3 -1 -1 -2 -2  1  1 -1 -2 -2 -2 -1 -2  1 -2  2  0 -3 -2 -2 0 0 1 0 0.16
-1  2 -2 -2 -2  0 -1 -3 -2  2  2 -1  0 -1 -2 -1 -1 -2 -2  2 1 0 0 1 0.17
 2  0  2 -1 -2  0 -1 -1 -1 -2 -2  3 -2 -2 -1  0  0 -2  2 -2 0 0 1 1 0.17
 0  0 -1 -1 -2  0 -1 -2 -2 -1  0  3 -1 -2  0  0  2 -3 -2 -1 0 0 1 0 0.19
 0 -1  1 -1 -2  3  0 -2 -1 -1  0  1 -1 -2 -2  0  3 -3 -2 -1 0 0 1 0 0.17
 3 -1 -1  0 -2  1  2  0 -2 -2 -3  0 -2 -3  2  0  1 -3 -3 -2 0 0 1 1 0.16
-1 -1  2  4 -3  2  1 -2 -1 -3 -3  1 -2 -3 -1  1  3 -4 -3 -2 0 0 1 1 0.16
-1  1 -2 -2 -2  1 -1  0 -2  2 -1  0  1 -2  4  0  1 -3 -2  0 0 0 1 1 0.17
 1 -1  1  3 -3  2  3 -2 -1 -3 -2  0 -2 -2  1  0 -1 -3  1 -2 0 0 1 1 0.16
 0  2 -1 -1 -3  2  0  0 -1 -3 -3  3 -2 -2 -2  2 -1 -2  1 -2 1 0 0 0 0.15
 1 -2 -1  0 -2 -2 -2  2 -3  0 -2 -2 -2 -1 -2  0  4 -3 -2  0 1 0 0 0 0.13
-1  0  0  0 -4  3  0 -3  0  0 -3  5 -2 -4 -2  0 -1 -4 -3 -2 1 0 0 1 0.10
 3  2  1 -2 -2  1 -1 -2 -2 -2 -3  3 -2 -3 -2  0  0 -4 -3 -2 1 0 0 1 0.08
-3  7 -2 -3 -5 -1 -2 -4 -2 -5 -4  1 -3 -5  1 -2 -3 -5 -3 -4 1 0 0 0 0.06
-1 -4 -4 -4 -4 -3  0 -4 -2 -2 -1 -4 -2  7 -4 -3 -3 -1  2 -2 1 0 0 0 0.04
 0 -1  0  4 -4  1  5 -3  0 -4 -4  1 -3 -4 -2 -1 -1 -4 -3 -3 1 0 0 1 0.03
 1  4  2 -2 -3  0 -1 -2 -1 -2 -2  2  2 -1 -3  0 -1 -3 -2 -2 1 0 0 1 0.03
-4 -4 -4 -5 -4 -3 -4 -5  0 -3 -3 -4 -3  1 -5 -4 -4  1  9 -3 1 0 0 0 0.02
 2 -2 -1 -1 -2 -2 -2  4 -2 -4 -4 -2 -2 -4 -2  4 -1 -4 -3 -3 0 0 1 0 0.02
-2  1  1  2 -4  3  2 -2 -1 -4 -4  3 -2 -4 -2  0  0 -4 -3 -3 0 0 1 1 0.01
 3  1 -2 -2 -2  1 -1 -2 -2 -2  1 -1 -1 -3 -2  1  0 -3 -2 -1 0 0 1 0 0.01
-2 -3 -4 -4 -2 -2 -4 -4 -3  0  5 -3  1  0 -4 -1 -2 -3  0  0 0 0 1 0 0.01
-2 -6 -5 -6 11 -5 -6 -5 -5 -3 -3 -5 -3 -4 -5 -3 -3 -4 -5 -3 0 0 1 0 0.01
-1 -4 -2 -1 -4 -3 -1  7 -3 -5 -5 -3 -4 -5 -4 -2 -3 -4 -5 -5 0 0 1 0 0.01
 1  0  0  2 -3  1  2 -2 -2 -3 -3  2 -2 -4  3  0  1 -4 -3 -2 0 0 1 1 0.01
-3 -3  0  7 -5 -1  3 -3 -2 -5 -5 -2 -4 -5 -3 -2 -2 -6 -4 -5 0 0 1 0 0.01
-1 -4 -2 -3 -4 -3 -4  7 -4 -5 -5 -3 -4 -5 -4 -2 -3 -4 -5 -5 0 0 1 0 0.01
-3 -3  1 -4 -3 -3 -4 -4 -2  0  5 -3  1  0 -4 -3 -2 -2  3 -1 0 0 1 0 0.01
-3 -4 -4 -3 -5 -3 -3 -4 -4 -5 -5 -3 -4 -6  8 -3 -3 -6 -5 -4 0 0 1 0 0.01
-3  4 -1 -3 -5 -1 -2 -4  9 -5 -4 -1 -3 -3 -4 -3 -3 -4  0 -5 0 0 1 0 0.01
-1 -3 -4 -4 -2 -1 -4 -4 -4  2  5 -3  1 -1 -4 -3 -2 -3 -2  2 0 1 0 0 0.01
-1 -4 -4 -4 -2 -1 -4 -4 -4  6  1 -3  0 -1 -3 -3 -2 -4 -2  3 0 0 1 0 0.01
 3 -3 -3 -3 -2 -2 -2 -2 -3  2  0 -2 -1 -2 -2  0  1 -3 -2  3 0 0 1 1 0.01
-1 -2  1  6 -3 -1  0  0 -2 -3 -4 -2 -3 -4 -1  1  1 -4 -3 -3 0 0 1 0 0.02
 0 -3 -2 -2 -3 -2 -3  6 -3 -4 -4 -2 -3 -4  2 -1 -2 -3 -4 -3 0 0 1 1 0.02
-2  4  1  2 -4  1  2 -1 -1 -4 -4  1 -3 -4  1 -1 -1 -4 -3 -3 0 0 1 1 0.01
-3 -3 -4 -5 -3  1 -3 -4 -3  1  2 -3  0  2 -1 -3 -3  9  1 -1 0 0 1 1 0.01
 0  1  1  3 -3  0  2 -1 -1 -3 -3  1 -2 -3 -2  2  0 -4 -3 -1 0 0 1 1 0.02
-3  3 -1 -3  4 -1 -2 -4  9 -4 -3 -2 -3 -3 -4  0 -3 -4 -1 -4 0 0 1 0 0.03
 4 -3 -3 -3 -2 -2  0 -1 -3 -2  0 -2 -1 -3 -2  0 -1  4 -2  0 0 0 1 0 0.03
 0 -3 -2 -3  4 -3 -1  6 -3 -2 -4 -3 -3 -4 -3 -2 -3  2 -4 -1 0 0 1 0 0.02
-3 -2 -1  6 -5  0  5 -3 -2 -5 -5 -1 -4 -5 -3 -2 -2 -5 -4 -4 0 0 1 0 0.02
-3 -4 -5 -5 -3 -4 -5 -5 -3  0  0 -4  0  7 -5 -4 -3 -1  1  2 0 0 1 1 0.02
 1 -3 -3 -4 -2 -2 -3 -3 -3  2  2 -3  2  1 -3 -1  1 -3 -2  2 0 0 1 1 0.02
-2 -4 -4 -4 -2 -4 -4 -5 -4  5  2 -4  0  1 -4 -3  0 -3  0  2 1 0 0 1 0.02
-3 -4 -4 -4 -5 -3 -3 -4 -4 -5 -5 -3 -5 -6  9 -3 -3 -6 -5 -4 1 0 0 1 0.01
 1 -3 -1 -2 -2 -2 -2  4 -3 -1 -3 -2 -2 -1 -3  2  0 -3 -3  0 1 0 0 0 0.01
-1 -3 -3 -4 -2 -3 -3 -2  3  3  3 -3  1  1 -4 -3 -2 -3 -1  2 1 0 0 1 0.01
-1 -3 -3 -4  3 -3 -4  2 -3  1  3 -3  4  0 -4 -2 -2 -2  0  0 1 0 0 1 0.01
-4  1 -4 -5 -4 -4 -5 -5 -3 -2 -1 -4 -2  8 -5 -4 -4  1  1 -3 1 0 0 1 0.01
-3 -4 -5 -5 -3 -4 -4 -5 -4  4  5 -4  1  0 -4 -4 -2 -3 -2  0 1 0 0 1 0.01
-4 -4 -3  1 -1 -3 -3 -5  0 -3 -3 -4 -3  1 -5 -3 -3  2  9 -3 1 0 0 1 0.01
-2  1 -4 -4 -3 -3 -4 -5 -4  6  0 -3  1  0 -4 -3  0 -4 -2  2 1 0 0 1 0.01
 5 -3 -1 -3 -2 -2 -2 -2 -3 -2  0 -2 -2 -3 -2  1  1 -4 -3 -1 1 0 0 1 0.01
-2 -4 -2 -3 -4 -4 -4  7 -4 -6 -6 -3 -5 -5 -4 -2 -3 -4 -5 -5 1 0 0 0 0.00
-2 -5 -5 -6  5 -4 -5 -2 -4  0 -3 -5 -3  1 -5 -4 -3 11  2 -3 1 0 0 1 0.00
-2 -4 -4 -4 -2 -3 -4 -4 -4  7  1 -3  0 -1 -3 -3 -2 -3 -2  1 1 0 0 1 0.00
-1 -3 -2 -2 -3 -3 -3  7 -3 -4 -4 -3 -4 -4 -3 -2 -3 -3 -4 -4 1 0 0 1 0.00
-4 -4 -1 -4 -4 -3 -4 -4  0 -4 -3 -4 -3  0 -4 -2 -3 12  2 -4 1 0 0 0 0.00
 3 -2 -2 -3 -2 -2 -2 -2 -3  0 -1 -2 -1 -2 -2  1  0 -3 -2  3 1 0 0 0 0.01
-1 -3 -2 -2 -3 -3 -3  7 -3 -4 -4 -3 -3 -4 -3 -1 -2 -3 -4 -4 1 0 0 1 0.01
-3  7 -2 -3 -4 -1 -2 -3 -2 -4 -3  1 -3 -4 -3 -2 -1 -4 -3 -3 1 0 0 0 0.01
 1 -1  1 -1 -2  0  1  0 -1 -3 -2  2 -2 -3 -2  3  0 -3 -2 -2 1 0 0 1 0.01
-3 -3 -3 -4 -4 -3 -3 -4  0 -3 -3 -3 -3  1 -4 -3 -3  0  9 -3 1 0 0 0 0.01
-2 -3 -4 -4 -2 -1 -3 -4 -3  2  5 -3  1 -1 -3 -3 -2 -3 -2  1 1 0 0 0 0.02
-1  2  1 -2 -3  3 -1 -3 -2  3 -1  1  0 -3  2 -1 -1 -4 -3 -1 1 0 0 1 0.02
 4 -1 -2 -1 -2  2  1 -1 -2 -1 -2 -1 -1 -1 -2  0  1 -3  0 -1 1 0 0 1 0.03
 0 -3  1 -3 -2 -2 -3 -3 -3  3  1 -2  0 -2 -3  0  1 -4 -2  3 1 0 0 0 0.04
 0  4  0 -2 -3  1 -1 -2 -2 -4 -4  4 -3 -4 -2  2 -1 -4 -3 -3 0 0 1 1 0.05
 0  0  1  3 -3  1  1  2 -2 -3 -3  2 -2 -3 -1  0  1  2 -3 -3 0 0 1 1 0.06
 0  0  0  1 -3  1  2  0 -2 -3 -2  1 -2 -3  3  1  2 -3 -3 -2 0 0 1 1 0.07
 1  0 -1  1 -3  0 -1 -1  3 -3 -3  4 -2 -3 -2  1  0 -4 -2 -3 0 0 1 1 0.07
-1  0  4  2 -4  2  1 -2 -1 -4 -4  4 -3 -4 -2 -1 -1 -4 -3 -3 0 0 1 1 0.06
 2 -1 -3 -3  4 -1 -2 -3 -3 -3 -3 -2 -3 -4  6 -1 -1 -4 -3 -2 0 0 1 0 0.06
 2 -2  0 -1  4 -1  2 -2 -2  0 -1 -1 -2 -3 -2  0  3 -3 -1 -1 0 0 1 1 0.04
-2 -2 -2  3 -4  2  5 -3 -2 -3 -2 -1  5 -3 -3 -1 -2 -4 -3 -3 1 0 0 1 0.03
 0  1  1 -1 -4  3  0  0 -1 -4 -3  5 -2 -4 -2  0  0 -4 -1 -3 1 0 0 1 0.03
-3 -2 -2  0 -6  0  7 -4 -2 -5 -5 -1 -4 -5 -3 -2 -3 -5 -4 -5 1 0 0 0 0.02
-3 -4 -5 -5 -3 -4 -5 -5 -4  6  2 -4  0 -1 -4 -3 -2 -4  0  2 1 0 0 0 0.02
-2 -3 -2 -4 -3  1 -3 -4 -1  6  0 -3 -1  1 -4 -3  1 -4 -2  1 0 0 1 0 0.01
-3 -4 -4 -4 -3 -4 -4 -5 -5  6  1 -4  0 -2 -4  0 -2 -4 -3  1 0 0 1 0 0.01
-3 -3  2  7 -5 -2  0 -3 -3 -5 -5 -2 -4 -5 -3 -2  1 -6 -5 -4 0 0 1 1 0.01
-1 -3 -3 -4 -2 -3 -3 -4 -4  2  1 -3  1 -1 -3  0 -1 -4 -2  5 1 0 0 1 0.01
-1 -1 -3 -2 -4 -3 -2 -1 -4 -4 -5 -2 -4 -5  8  0 -1 -5 -5 -4 1 0 0 1 0.01
-2 -1 -3 -3 -2 -2 -3 -4 -3  1  4 -1  1 -1 -3 -3 -1 -3 -2  1 1 0 0 0 0.02
 6 -3 -3 -3 -2 -3 -3  1 -3 -3 -3 -2 -1 -2 -3 -1 -2 -4 -3 -2 1 0 0 0 0.02
-2 -1 -2 -4 -2 -3 -3 -4 -3  3  3 -3  0  2 -3 -1  0  2 -1  1 1 0 0 1 0.03
-1  2  0  2 -3  1  0  0 -2 -4 -4  4 -3 -4  0  1  0 -4 -3 -3 1 0 0 1 0.04
-1 -3 -3 -3  7 -2 -3 -3 -3  2  1 -1  0  0 -3  1 -1 -3  0  0 1 0 0 0 0.04
-1 -3 -4 -4  1 -2 -4 -4 -3  2  2 -3  7  0 -4 -2  0 -3 -2  0 1 0 0 1 0.05
 1 -2 -3 -3 -2 -2 -3 -2 -3  1  3 -2  1  2 -2  0  0  4 -1  0 1 0 0 1 0.04
 1  2  0 -2 -2  1  0  0 -2 -2 -2  1  0 -2 -2  3  2 -3 -2 -2 1 0 0 1 0.05
 2 -3 -1 -3 -3 -3 -3  6 -3 -4 -4 -3 -4 -4 -3  1 -2 -4 -4 -4 1 0 0 0 0.04
 2 -3 -4 -4 -3 -3 -3 -1 -2 -1  1 -3  0  6 -3 -1 -2 -1  2 -2 0 0 1 1 0.03
 2 -2 -1 -2 -2 -1 -2 -1 -3  2  0 -2 -1 -1 -2  1  1  2 -2  1 0 0 1 1 0.04
-5 -5 -7 -7 -5 -5 -6 -5 -5 -5 -4 -6 -4 -2 -6 -5 -5 13  0 -6 1 0 0 0 0.02
-3 -4 -4 -4 -5 -3 -3 -4 -4 -5 -2 -3 -4 -6  8 -3 -3 -6 -5 -4 1 0 0 1 0.02
 0 -2 -4 -4 -2 -3 -3 -4 -4  2  3 -3  1  0 -4 -3 -2  1 -2  3 1 0 0 1 0.01
 4 -1 -1 -1 -2  0  1 -2 -1 -2  1  0 -1 -3 -2  1 -1 -3 -3 -1 1 0 0 0 0.01
 6 -3 -3 -4 -2 -3 -3 -2 -3 -3 -3 -3 -2 -1 -3 -1 -2 -4 -3  0 1 0 0 0 0.01
-3 -3 -1 -4 -3 -3 -4 -3  1  1  1 -3 -1  4 -4 -3 -3  8  3  0 1 0 0 1 0.01
 0  2  1 -2 -3  4  0  1 -1 -2 -2  3 -2  0 -1 -1 -1 -3 -1 -3 1 0 0 1 0.01
-1 -2 -2  0 -5  1  7 -4 -2 -5 -5 -1 -4 -5 -3 -1 -3 -5 -4 -4 1 0 0 1 0.01
-1 -3 -4 -4 -2 -3 -4  0 -3  2  3 -3  1  4 -4 -3 -2 -2  2  0 1 0 0 1 0.01
-1  2 -2 -3 -2  0 -2 -2 -2  2  1  1 -1 -2 -3  0  3 -3 -2  2 0 0 1 1 0.02
 0 -1  5 -1 -3 -1 -1 -1 -2 -4 -4  0 -3 -1 -3  4  1 -4 -3 -3 0 0 1 1 0.02
-2 -4 -1 -3 -4 -3 -4  7 -4 -6 -5 -2 -4 -5 -4 -2 -3 -4 -5 -5 0 0 1 1 0.03
-2  0  0  3 -4  1  4 -3 -2 -4 -4  3 -3 -4 -2  0  1 -4 -3 -3 0 0 1 1 0.05
-3 -3 -5 -5 -3 -3 -4 -5 -4  1  5 -4  5  1 -4 -4 -2 -3 -2  0 0 0 1 0 0.05
 0  1 -2 -3 -2 -1 -2 -3 -3  2  1 -2  0  1 -3 -1  2 -3 -1  2 0 0 1 1 0.06
 3 -2 -2 -1 -2 -1  3 -2 -2 -1 -2 -2  0 -3 -2  0 -1 -4 -3  2 0 0 1 0 0.08
 0  0 -1  2 -3 -1 -1 -2 -2 -2 -2  3 -2 -4  5  0 -2 -4 -3 -2 0 0 1 1 0.10
 0 -2  1  6 -4 -1  2 -2 -2 -4 -4  0 -3 -4 -3 -1 -2 -5 -4 -2 0 0 1 1 0.14
 1  0  1  3 -3  0  2 -1 -1 -3 -3  0 -3 -3 -2  3  0 -4 -2 -3 0 0 1 1 0.19
-2  0  4  2 -4  0  4 -2 -1 -4 -4  2 -3 -4 -2 -1 -1 -4 -3 -3 0 0 1 1 0.21
-2 -4 -5 -5  1 -4 -4 -5 -5  6  0 -4  0 -2 -4 -3 -2 -4 -3  4 0 0 1 0 0.18
-1 -3 -1 -2 -2 -2 -2 -3 -3 -2 -3 -2 -2 -4  3  1  6 -4 -3 -2 0 0 1 0 0.14
-1 -4 -4 -4 -2 -3 -4 -4 -4  3  1 -3  0 -2 -4 -3  0 -4 -2  5 0 0 1 0 0.20
 0 -2  2 -2 -2 -1 -2 -2 -2 -4 -4 -2 -3 -4 -2  6  0 -4 -3 -3 0 0 1 0 0.23
-2 -4 -4 -3 -4 -3 -3 -4 -4 -4 -4 -3 -4 -5  8 -2 -3 -5 -5 -2 0 0 1 0 0.28
-3  8 -2 -3 -5  0 -2 -4 -2 -5 -4  1 -3 -4 -4 -2 -3 -4 -3 -4 0 0 1 0 0.45
