 0 -1  0 -1 -1 -1 -1 -2 -2 -1 -1 -1 -1 -2 -1  1  5 -3 -2  0 0 0 1 1 0.72
-2 -1  3  5 -3  0  1 -1 -1 -3 -4 -1 -3 -3 -2  0 -1 -4 -3 -3 0 0 1 1 0.59
-1  2  0  0 -3  1  3 -2 -1 -3 -3  4 -2 -3 -1  0 -1 -3 -2 -2 0 0 1 1 0.45
 4 -2 -2 -2  0 -1 -1  0 -2 -1 -2 -1 -1 -2 -1  1  0 -3 -2  0 0 0 1 0 0.36
 0 -1  0 -2 -2 -1 -1 -2  4 -2 -2 -1 -1  1 -2  2  0  1  5 -2 0 1 0 1 0.25
 0 -3 -3 -3 -1 -2 -3 -3 -3  2  1 -3  0 -1 -3 -2  0 -3 -1  5 0 1 0 1 0.19
 4 -2 -2 -2 -1 -1 -1  0 -2 -1 -1 -1 -1 -2 -1  1  0 -3 -2  1 0 0 1 0 0.18
-1  3 -1 -1 -3  2  0 -2 -1 -3 -3  2 -2 -3  5  1 -1 -3 -2 -2 0 0 1 1 0.20
-1 -1 -1  0 -3  1  4 -3 -1 -1  1  0  2 -2 -2 -1 -1 -3 -2 -1 0 0 1 1 0.18
 0  0  0 -1 -3  0  0  3 -1 -3 -3  3 -2 -3 -2  1 -1 -3 -2 -3 0 0 1 1 0.14
-2 -3 -3 -4 -2 -3 -3 -4 -2  0  2 -3  3  6 -4 -3 -2  0  2 -1 0 1 0 0 0.11
 1  0  2 -1 -2  0  0  1 -1 -3 -3  3 -2 -3 -1  2  0 -3 -2 -2 0 0 1 0 0.07
 0 -1  0  3 -3  1  4 -1 -1 -3 -3  0 -2 -3 -1  3  0 -3 -2 -3 0 0 1 1 0.05
-1  4 -1 -1 -4  1  0 -2  3 -3 -3  4 -2 -3 -2 -1 -1 -3 -1 -3 0 1 0 0 0.04
-1 -3 -3 -4 -1 -3 -3 -4 -3  3  2 -3  1 -1 -3 -2 -1 -3 -1  4 0 0 1 1 0.03
-2 -2 -3 -4 -2 -2 -3 -4 -3  1  4 -3  3  3 -3 -3 -2 -1  0  0 0 1 0 0 0.02
 2 -1  0 -1 -1  1 -1 -1  2 -2 -2 -1 -1 -3 -1  2  3 -3 -1 -1 0 1 0 0 0.02
-2  1 -3 -3 -3 -2 -2 -3 -2 -2 -1 -2  2  3 -3 -2  1  9  1 -2 0 1 0 0 0.02
-2 -3 -4 -4 -2 -3 -3 -4 -3  1  5 -3  2  0 -3 -3 -2 -2 -1  0 1 0 0 0 0.02
 2 -2 -1 -1 -2 -1 -1  4 -2 -3 -3 -1 -2 -3 -2  2  1 -3 -2 -2 0 0 1 0 0.01
-1  2  0 -1 -3  3  0 -2  5 -3 -3  4 -2 -3 -2 -1 -1 -3 -1 -3 0 0 1 1 0.01
-1 -2 -3 -4 -1 -2 -3 -4 -3  3  2 -2  4  0 -3 -2 -1 -2 -1  3 0 0 1 0 0.01
-1 -3 -3 -2 -3 -2 -2 -3 -3 -3 -4 -2 -3 -4  8 -1 -2 -4 -4 -3 0 0 1 0 0.01
-2 -3 -4 -4 -2 -3 -3 -4 -3  1  4 -3  2  2 -3 -3 -2 -2  0  0 0 0 1 1 0.01
-2 -3 -4 -4 -2 -3 -3 -4 -3  1  4 -3  1  4 -3 -3 -2 -1  0  0 0 0 1 0 0.01
-1  3  1 -1 -3  1  0 -2 -1 -3 -3  5 -2 -3 -2  0 -1 -3 -2 -3 0 0 1 1 0.01
-2 -1  6  2 -3  0  0 -1  4 -4 -4 -1 -3 -3 -2  0 -1 -4 -1 -3 0 0 1 1 0.01
-1 -2 -1 -2  5 -1  1 -3 -2  0  1 -1  0 -2 -2  0  3 -3 -2  0 1 0 0 1 0.01
 0 -1  3  3 -3  2  3 -2  0 -3 -3  0 -2 -3 -2  0 -1 -3 -2 -3 1 0 0 1 0.01
 4 -2 -2 -2 -1 -1 -1 -1 -2 -1 -1 -1 -1 -2 -1  1  0 -3 -2  1 1 0 0 1 0.01
-1 -3 -3 -4 -1 -3 -3 -4 -4  3  1 -3  0 -1 -3 -2 -1 -3 -2  5 1 0 0 0 0.02
-1  4 -1 -1 -4  6  1 -2  0 -3 -3  1 -1 -4 -2 -1 -1 -3 -2 -3 1 0 0 1 0.02
-1  3  0  2 -3  1  2 -2 -1 -3 -3  3 -2 -3 -2  0  1 -3 -2 -2 1 0 0 1 0.03
-2  1 -1 -3 -3 -1 -2 -3  5 -2 -2 -1 -1  3 -3 -2 -2  0  6 -2 1 0 0 1 0.04
 2  1 -2 -2 -1 -1 -2 -2 -2  1  0 -1  1 -2 -2  0  2 -3 -2  2 1 0 0 0 0.04
 0  0  3  1 -3  3  4 -2  0 -3 -3  0 -2 -3 -2  0 -1 -3 -2 -2 1 0 0 1 0.05
 0  2  3  0 -3  2  0  1  0 -3 -3  2 -2 -3 -2  0 -1 -3 -2 -2 0 0 1 1 0.06
 1 -1 -2 -2 -1  1 -1 -2 -2  2  2 -1  1 -1 -2 -1  1 -2 -2  1 0 0 1 0 0.06
 1  4  2 -1 -2  0 -1 -1  2 -3 -2  1 -2 -3 -2  1  1 -3 -2 -2 0 0 1 1 0.06
-1  1 -2 -1 -2 -1  1 -3 -2  2  1 -1  0 -1 -2 -1  1 -3 -2  2 0 0 1 0 0.05
-1  0  0  2 -3  3  3  0 -1 -3 -3  0 -2 -3 -2  1  1 -3 -2 -2 0 0 1 1 0.04
-2 -1  5  3 -3 -1  0 -1  0 -2 -3 -1 -2 -3 -2  0 -1 -4 -3  0 0 0 1 1 0.03
-1  3 -1 -2 -3  4  0 -3  0 -2  0  2  0 -1 -2 -1 -1 -1  2 -2 1 0 0 1 0.02
-1  3 -1 -1 -3  3  0 -2  0 -3 -2  4 -1 -2 -2 -1 -1 -2  2 -3 1 0 0 1 0.02
 0 -1 -1 -2 -1 -1 -1 -2 -2  2  0  1  0 -2 -2  0  3 -3 -2  2 1 0 0 1 0.01
-2  1 -3 -4 -2 -2 -3 -4 -3  1  4 -2  1  0 -3 -3 -2 -2 -2  0 1 0 0 0 0.01
-1  2  0 -1 -3  3  2  3 -1 -3 -3  0 -2 -3 -2  0  1 -3 -2 -2 1 0 0 0 0.01
-1 -2 -2 -3 -1 -2 -2 -3 -3  2  0 -2  0 -2 -2 -1  3 -3 -2  4 1 0 0 1 0.01
-3 -3 -4 -4 -3 -4 -4 -4 -2 -1  0 -4 -1  7 -4 -3 -3  0  2 -1 1 0 0 0 0.01
-1 -2 -3 -3 -2 -2 -2 -4 -3  1  4  0  1  0 -3 -2 -1 -2 -1  2 1 0 0 0 0.01
-1  2  1 -1 -3  3  1 -2  2 -2  0  1  0 -2 -2  0 -1 -3 -1 -2 1 0 0 1 0.01
 4 -2 -1 -2 -1 -1 -1  0 -2 -2 -2 -1 -1 -3 -1  2  1 -3 -2 -1 1 0 0 0 0.01
-2 -3 -4 -4 -2 -3 -3 -4 -3  1  5 -3  2  0 -3 -3 -2 -2 -1  0 1 0 0 0 0.01
 3 -1 -1 -1 -1 -1 -1 -1 -2 -2 -2  1 -1 -3 -1  2  3 -3 -2 -1 1 0 0 1 0.01
 0  0  0  0 -3  2  3 -2  4 -2 -2  2 -2 -3 -2 -1 -1 -3 -1 -1 1 0 0 1 0.01
-1  4 -1 -1 -3  1  2 -2 -1 -2 -2  3 -1 -3 -2 -1 -1 -3 -2  0 0 0 1 0 0.01
-2  0 -3 -4 -3 -2 -2 -4  1 -2 -1 -2 -1  4 -4 -2 -2  1  7 -2 0 0 1 1 0.02
 0 -3 -1  1 -3 -2 -2  6 -2 -4 -4 -2 -3 -4 -3 -1 -2 -3 -4 -4 0 0 1 1 0.02
 0 -1 -1  2 -3  1  3 -2  3 -2  0  0 -1 -2  1 -1 -1 -3 -1 -2 1 0 0 1 0.02
 1  0  0  2 -2  1  3 -1 -1 -3 -3  2 -2 -3 -1  1  1 -3 -2 -2 1 0 0 1 0.03
 2 -2 -1 -2 -2 -2 -2  2 -1  0 -1 -2 -1  3 -2  1  1 -1  2 -1 1 0 0 0 0.03
 3 -2 -1 -2 -1 -1 -1 -1 -2  0 -1 -1 -1 -2 -1  1  1 -3 -2  2 1 0 0 1 0.03
-1  1  3  0 -3  2  1  0 -1 -2  0  1 -1 -2 -2  0 -1 -3 -2 -2 1 0 0 1 0.03
 2  0  1  3 -2  3  1 -1 -1 -3 -3  2 -2 -3 -1  0 -1 -3 -2 -2 1 0 0 1 0.03
 3 -2 -2 -2 -1 -1 -2 -1 -2  1  0 -1  1 -2 -2  0  1 -3 -2  2 1 0 0 1 0.03
 1 -2 -2 -2 -1 -2 -2 -2 -2  1  2 -2  1  3 -2 -1  0 -1  0  1 1 0 0 1 0.03
-1 -1  2  3 -2 -1  0 -2 -1 -1  0 -1 -1 -1  2 -1 -1 -2  1 -2 1 0 0 1 0.03
 0  0 -2 -2 -2  0 -1 -2 -1 -1  0  2  5  0 -2 -1 -1 -1  3 -1 1 0 0 0 0.03
 1 -1 -1 -2 -2  1 -1  2 -2  0  1 -1  2 -2 -2  1  0 -2 -2  1 1 0 0 1 0.03
 1  1  0  5 -3 -1  0  1 -1 -3 -3 -1 -3 -3 -2  1 -1 -4 -3 -2 1 0 0 1 0.03
-2  2 -3 -3 -2 -2 -2 -4 -2  2  2 -1  1  2 -3 -2 -1 -1  1  1 1 0 0 1 0.03
 0  2  3  0 -2  0  0 -1  0 -3 -2  0 -2 -2 -1  3  0 -3 -2 -2 0 0 1 0 0.03
 1 -2 -1  3 -2 -1 -1  3 -2 -2 -2 -1  2 -3  2 -1 -1 -3 -3 -2 0 0 1 1 0.03
-1  0  2 -1 -3  2  0  3  3 -3 -3  1 -2 -3 -2  1 -1 -3 -2 -3 0 0 1 1 0.02
 1  0 -1 -1 -2  0  0 -1 -2 -2 -2  3 -1 -3 -1  1  3 -3 -2 -1 0 0 1 1 0.02
-1 -3 -3 -2 -3 -2 -2 -3 -3 -3 -4 -2 -3 -4  8 -1 -2 -4 -4 -3 0 0 1 1 0.02
-2 -3 -4 -4 -2 -3 -3 -4 -3  1  4 -3  2  2 -3 -3 -2 -2 -1  0 1 0 0 0 0.02
 1 -2  0  2 -1 -1 -1 -2 -2 -1 -2 -1 -1 -3 -1  1  4 -3 -2 -1 1 0 0 1 0.01
 1  2 -1 -1 -2  3  0 -2 -1 -2  0  0 -1 -2  3  1 -1 -3 -2 -1 1 0 0 1 0.01
-2  5 -1 -2 -3  0 -1 -3  4 -1 -2  1 -1 -2 -3 -1 -1 -3 -1  1 0 0 1 0 0.01
-1  3 -1 -2 -2  0 -1 -3 -2  0  2  2  2 -1 -2 -1  1 -2 -2 -1 0 0 1 1 0.01
 0 -3 -3 -3 -1 -3 -3 -3 -3  3  2 -3  1 -1 -3 -2 -1 -3 -2  3 0 1 0 0 0.02
-1  3 -1  0 -3  3  3 -3 -1 -1 -2  1 -1 -3 -2 -1 -1 -3 -2  0 0 1 0 1 0.02
-2  0  3 -1 -3  4  1 -2  3 -3 -2  0 -1  2 -2 -1 -1 -2  0 -2 0 1 0 0 0.02
-1 -3 -3 -4 -1 -2 -3 -4 -3  4  2 -3  3  0 -3 -2 -1 -2 -1  2 0 0 1 0 0.03
 0 -2 -1 -2 -1 -1 -1 -2 -2  0 -1 -1 -1 -2  3  0  4 -3 -2  1 0 0 1 0 0.04
-1  0  0  0 -3  4  3 -2  0 -3 -3  1 -1 -3 -1  2  0 -3 -2 -2 0 0 1 0 0.05
-1  2 -1  1  5 -1 -1 -3 -2  2  0  1  2 -2 -2 -1 -1 -3 -2  0 1 0 0 0 0.07
 2 -2 -2 -2  3 -1 -2 -1 -2  1 -1 -2  0 -2 -2  1  0 -3 -2  2 1 0 0 0 0.08
-1  1 -1  0 -3  1  3 -2 -1 -2 -2  3 -1 -3 -1 -1 -1 -3 -2  0 1 0 0 1 0.12
 3 -2 -1  2 -1 -1 -1  2 -2 -2 -2 -1 -2 -3 -1  1  1 -3 -2 -1 1 0 0 0 0.15
 3 -2 -2 -2 -1 -1 -2  2 -2  0 -1 -1 -1 -2 -2  0  0 -3 -2  1 1 0 0 0 0.21
-1 -1  0  4 -4  1  4  2 -1 -3 -3  0 -3 -3 -2  0 -1 -3 -3 -3 1 0 0 1 0.23
-1  0  0  3 -3  1  3  2 -1 -3 -3  2 -2 -3 -1  0 -1 -3 -2 -3 0 0 1 1 0.24
 0  0  0 -1 -2  0 -1  4 -1 -3 -3  2 -2 -3 -2  1  0 -3 -2 -3 0 0 1 0 0.30
-2 -3 -1  3 -3 -2 -1 -3 -1 -1  0 -2 -1  5 -3 -2 -2  0  2 -2 1 0 0 0 0.34
 2 -2 -1 -2 -1 -1 -2 -1 -2  2  0 -1  0 -1 -2  1  0 -3 -2  1 1 0 0 0 0.45
-1  1  4  0 -3  1  0 -1  0 -3 -3  3 -2 -3 -2  0  0 -3 -2 -3 1 0 0 1 0.52
 0 -2  0  2 -2 -1  0 -2 -2  1  2 -1  0 -1 -2  1  0 -3 -2  0 1 0 0 0 0.48
-1 -3 -3 -3 -1 -3 -3 -4 -3  4  1 -3  1  0 -3 -2 -1 -3 -1  3 1 0 0 0 0.55
-1  3  3  0 -3  1  0 -1  0 -3 -3  3 -2 -3 -2  0 -1 -3 -2 -3 1 0 0 1 0.43
 1 -1  3  0 -1  0  0  0  0 -3 -3  0 -2 -3 -1  4  1 -3 -2 -2 1 0 0 1 0.52
 2  1 -1 -1 -2  1  0 -1 -1 -2 -2  4 -1 -3 -1  0 -1 -3 -2 -2 0 0 1 1 0.59
-2 -1  1  5 -3  3  2 -2 -1 -3 -3  0 -2 -4 -2  0 -1 -4 -3 -3 0 0 1 1 0.74
-2  0  6  1 -3  0  0  0  1 -3 -4  0 -2 -3 -2  1  0 -4 -2 -3 0 0 1 1 0.81
