-3 -4 -5 -6 -4 -3 -5 -5 -4  0  1 -4  9 -2 -5 -4 -3 -4 -3  2 0 0 1 1 0.96
-4 -4  1  7 -6 -2  4 -4 -2 -6 -6 -3 -5 -6 -4 -1  0 -6 -5 -4 0 0 1 1 0.97
 0 -1 -1 -1 -4 -2  0 -2  3  0 -2 -3 -3 -2 -4  1  5 -5 -4 -2 0 0 1 1 0.98
-1 -1  3 -1 -4  1 -3  3  1 -5 -4 -3 -2 -5  1  3 -1 -5 -2 -4 0 0 1 1 0.97
 0 -2  0  0 -4  2 -2 -1 -3 -2 -1  0  4 -2  2  3 -2 -5 -4 -3 0 0 1 1 0.98
-1 -4 -1 -2 -4 -3 -2 -3 -4 -4 -1 -2  1 -4  7  1  1 -5 -2 -3 0 0 1 1 0.98
 1 -1  1 -2 -2  1 -1 -1 -1 -1  0 -2  0  0  3  2  1 -3 -2 -1 0 0 1 1 0.98
-1  0  1  2  2  0  1 -1  0 -1  0 -1  1  0  1  0  0 -2  1 -2 0 0 1 1 0.99
-1 -4 -2 -2 -4 -2 -3 -3  0  2  2 -3  4 -2  3  2  0 -4  1 -1 0 0 1 0 0.99
 3 -2  0 -2 -2 -1 -1  0  1 -3 -3 -2  2  0  1  2  2 -4 -3 -3 0 0 1 0 0.99
-3 -2  2  1 -6 -4  1 -3 -5 -4 -5 -3 -5 -6  7  0 -2 -6 -4 -4 0 0 1 1 0.99
 0 -1  1 -1 -2  0 -1 -1  2  0 -1 -1  0 -3  2  3  1 -4 -3  0 0 0 1 1 0.99
 0 -2 -1  0  0  0  0  0  1 -2  0 -2  1 -2  1  2  2 -4 -3  0 0 0 1 1 0.99
-2 -1 -1  0 -4  0 -2 -3  0  1  2 -2  2  0  4 -2  0  0  0 -1 0 0 1 1 0.98
 1 -2  1  1 -2 -2 -2 -1 -1 -1 -3 -2 -1 -3 -2  4  2  2 -3 -2 0 0 1 0 0.98
 0 -2  0  1 -4  0  3 -2 -1 -4 -4 -3 -4 -5  5  0  1 -5 -3 -2 0 0 1 1 0.98
 0 -2  0 -2 -2 -1 -2 -2 -1  3  0 -1  1  0 -1  0  1 -3  0  1 0 0 1 1 0.98
 0 -1  5  2 -1  0  0  0  3 -3 -3 -2 -3 -3 -2  1  1 -3 -2 -3 0 0 1 1 0.97
 0  2  3  0 -3  0 -1 -1  3 -2 -2 -1  0 -2 -1  1  0 -3  1 -2 0 0 1 1 0.97
-1 -2  3 -1  1  0 -1  2  1 -3 -2 -2 -1 -3  1  3 -1 -2 -3 -3 0 0 1 1 0.92
-1 -2 -1  0 -3  1 -2  0 -1  1  1 -2  2 -2  1 -1  0 -1 -1  2 0 0 1 0 0.81
 0 -2  2  4 -1  0  2 -1  3 -1 -2 -1 -3 -3 -1  1 -1 -4 -1 -2 0 0 1 1 0.74
-1 -2 -3 -2  0 -1 -2 -3 -1  1  1 -2  0  3  1 -1  1 -2  2  2 0 0 1 1 0.71
 0  0 -1 -1 -1  4  0 -3  3 -1 -2 -1  2 -2  1  2  0 -4 -1 -1 0 1 0 1 0.72
 1 -3  1 -2 -4 -2  1 -3 -3 -4 -2 -3 -2 -4  7  0 -2 -4 -3 -2 0 1 0 1 0.65
-1 -3 -3 -3 -2 -2 -1 -2 -3  1 -1 -2  0 -2  1  2 -1 -4 -3  5 0 1 0 0 0.58
 0 -1  1  0  2  0  2 -2  3 -1 -2 -1 -1 -3  0  1  2 -3 -1  0 0 1 0 1 0.30
-1 -2 -3 -1 -2  2 -2 -2  2  1 -2 -3 -1  1 -2  0 -2  4  6 -2 0 0 1 0 0.15
-1  0 -1 -2  1  2  3 -1 -1  0 -3  0 -2 -3  2  2  0 -4 -3 -3 0 0 1 1 0.09
-2  1  0  2 -5  0  5 -1  3 -4 -4  0 -3 -3 -1 -1 -1  1 -3 -3 0 0 1 1 0.05
-1 -1  0  2 -1  0 -1 -1 -2 -1 -2 -2 -1 -4  6  0  0 -5 -4 -3 0 0 1 0 0.03
 0  0 -1  1 -3  0  2 -1  2 -3 -3  2 -1 -4  2  2  0 -4 -2 -3 0 0 1 1 0.02
 0 -3  1 -2  0 -1  0 -4  4  1 -3 -3 -2  2 -2 -1  0 -2  5  0 0 0 1 1 0.01
-2 -6 -6 -7 -5 -5 -6 -6 -5 -6 -3 -6 -5 -3 -6 -6 -5 12  1 -6 0 0 1 0 0.01
 3 -5 -5 -5 10 -5 -5  0 -5 -2 -1 -5 -4 -5 -5 -3 -4 -5 -5 -3 0 1 0 0 0.01
-1  1  1 -1 -3  0 -2 -1  2 -3 -2  2 -2 -1 -3  3  1 -4 -1 -1 0 1 0 0 0.00
-3 -5 -6 -6 -4 -5 -5 -6 -6  6  1 -2  0 -2 -5 -5 -2 -5 -4  4 0 1 0 0 0.00
 3 -3 -3 -2 -1  1 -2 -2 -1  2 -1 -2 -2  0  0  1  1 -3  0  0 0 1 0 0 0.00
-4 -1 -5 -6  0 -4 -5 -6 -2 -2 -1 -1 -4  1 -6 -4 -2  3  8  0 0 1 0 0 0.00
-5 -2  1 -6  0 -2 -5 -6  1 -4 -3 -5  1  4 -6 -5 -5  7  7 -5 0 1 0 0 0.00
-1 -4 -4 -2 -7  1  7 -6 -4 -7 -6  0 -5 -7  0 -1 -4 -7 -6 -6 0 1 0 0 0.01
-3  2 -3 -1 -2 -1  2 -1  2 -1  3  0  2  2 -4 -3 -2 -3 -1 -2 0 0 1 1 0.01
-2  0  5  1  0  1 -2  2 -1 -1 -4  1 -3 -5 -4  0  0 -5 -4 -1 0 0 1 1 0.01
-1  0  1  0 -1  2  2 -2  1 -1 -1  1  0 -3 -3  0  2 -4 -3  0 0 1 0 1 0.01
-3  6 -3 -4  1  3 -3 -3  1 -2 -2  1 -1  1 -2  0 -1 -5 -3 -4 0 1 0 1 0.01
-2 -1 -5 -5 -4 -1 -4 -5 -5  3  1 -2  3 -3 -5 -4 -3 -4  0  5 0 0 1 0 0.01
 1 -4 -3 -1  2 -4 -4  6 -4 -2 -4 -2  1 -1 -4 -1 -4 -5 -4 -2 0 0 1 1 0.01
 0  2 -2  0 -4  1  5 -4 -3 -4 -1  2 -3 -4  1 -1 -1 -5 -4 -3 0 0 1 1 0.01
 1 -1 -2 -1 -1  0 -1 -1  0 -1  0  0  1  1  2 -1  2 -3 -1  0 0 0 1 0 0.01
-3 -4 -4 -1 -4 -4 -2 -3 -1 -1 -2 -3 -3  7 -5 -4 -4  1  5  0 0 1 0 0 0.02
-1  0 -1  0  0  1  1 -2  4 -1 -2  2 -2  0  0  1 -1 -1  0 -1 0 1 0 1 0.02
 3 -3 -3 -4  4 -3 -3 -1 -2  0 -1 -3  0 -1 -1 -1  2 -4 -3  3 0 1 0 0 0.02
-1  3  1 -1  0  1  0 -1  1 -3 -3  0 -3 -2  2  2  0  0  1 -3 0 0 1 1 0.02
 0  1  0  0  2  2  1 -1  3 -2 -2  0 -3 -4  0  2  0 -4 -3 -2 0 0 1 1 0.02
-2  0 -1 -3 -5  1 -2  0  3 -5 -3 -1 -1 -5  6  0  1 -6 -4 -5 0 0 1 1 0.02
 1 -3  0  0  1 -1 -1 -3  2  0 -3 -2 -3 -1 -3  4  2 -2 -1  1 0 1 0 1 0.02
-2 -5 -6 -6  2 -5 -5 -6 -5  3  2 -5 -1  3 -1 -3 -3 -4 -1  5 0 1 0 0 0.03
 0 -1  1 -2 -1 -1 -2 -2  1  2  1 -1 -1 -1 -3  0  3  0 -2  0 0 1 0 0 0.03
-3 -5 -5 -2 -4 -5 -5 -5 -5  6  0 -5 -1 -3 -5 -2 -2 -5 -4  5 0 1 0 0 0.04
-3 -3  1  7 -5 -3  0 -1 -1 -5 -5 -1 -4 -2 -4  0 -3 -5 -4 -4 0 1 0 0 0.05
 0 -1  1 -1  3  1  1  1 -1  0 -2 -1 -1 -1 -2  1  1 -2  1 -1 0 0 1 0 0.06
-1 -2 -1 -4 -1 -4 -4  1 -3 -1 -1 -2  0  6 -2  1 -3 -2  3 -2 0 0 1 0 0.07
-2 -1 -1  1  0  0  0 -2  1  0 -1 -1  0  0 -2  0  3  0  0  1 0 0 1 0 0.09
 0 -1  2  5 -1  0  1  0  0 -2 -2 -2 -3 -4  0  0 -1 -5 -4 -2 0 0 1 0 0.11
-1 -3 -2  0 -3  1  0  0  1  0  0 -2  2 -3  5  0 -1 -4 -3  0 0 0 1 1 0.17
 0  0  1  0  2  1  0  0  2 -2 -1  0 -2  0  1  0  0 -2  1 -2 0 0 1 1 0.24
 0  0  3  3 -1  0  0  2  0 -3 -1 -1 -3 -4 -2 -1  1 -4 -1 -3 0 0 1 1 0.25
-1 -1  1 -1  0  1  0  3 -1 -2 -1  0 -1 -1  1  1  0 -3 -3 -1 0 0 1 1 0.24
 0 -1  2  3 -1  0  2 -1  0 -3 -3  0 -1 -2 -1  1  1 -3  0 -2 0 0 1 1 0.17
-1  4 -1 -3  0 -1 -2  1  5  0 -3  0 -2 -3 -3  0  0 -4 -2  0 0 1 0 0 0.13
-2 -3 -1 -1  1 -2 -3 -1  0  1  1 -3  3  4 -3  1 -2 -2  1  0 0 1 0 0 0.13
 0 -1  0 -1  6 -1 -2  2 -3 -2 -2 -2  2  1 -1  1 -2  1 -2  0 0 1 0 0 0.13
 0 -3 -4 -4 -3 -3 -4 -4  3  1  5 -4  0  1 -4 -3 -3 -3 -2  0 0 0 1 0 0.09
-1 -1  1  1  2  1 -1  3  0 -3 -2 -1  0  1 -2  0 -1 -3 -2 -3 0 0 1 0 0.13
 0 -1 -1  0 -1  0  0  1  0  0  0  0 -1  0 -1  0  0  0 -1  1 0 0 1 0 0.13
-2  1 -3 -1  1  1 -1 -4 -3  1  3 -1  0  2 -3 -2  0 -2  1 -1 0 0 1 0 0.13
-1 -1  2  1  1  0  1 -3  2 -4 -4 -1 -4 -4  0  4  1  0 -4 -4 0 0 1 0 0.11
-2 -2  6 -2 -5 -1 -1 -3  1 -3 -1  0 -4 -5 -2  2  0 -6 -4 -2 0 0 1 0 0.11
-1 -1 -2 -1  2  0  0 -2  2  1 -1 -2 -2 -2  3 -1 -1 -4 -3  3 0 0 1 1 0.11
-1 -1  5  0 -2 -1 -2  0  5 -2 -2 -2  2 -1 -2  0  0 -4 -1 -1 0 0 1 1 0.10
-1  6 -1 -2 -5  1 -2 -2  2 -5 -4  1 -4 -1 -1  0 -3 -5 -2 -3 0 0 1 0 0.14
-2  0  3  3 -2 -2  0 -1  0 -2 -3  0 -3 -4 -1  2  2  2 -3 -2 0 0 1 1 0.13
 1 -2  0  2 -4  2  2 -2  2 -1 -2 -1 -3 -3  2  1  0 -1 -3 -3 1 0 0 1 0.10
 1  0  0  1  0  2  0 -2 -1 -1 -1  1  0 -2 -1  1  2 -3 -3 -1 1 0 0 1 0.09
 0 -3 -3  0 -3 -3 -1 -2 -4  3 -1 -2 -2 -3 -4  1  2  1 -1  3 1 0 0 0 0.08
-2  1 -1  1 -4  2  4 -2 -1 -2 -2  2 -2 -2 -1  0 -3  0 -2 -1 1 0 0 1 0.07
-2  3  2 -1  1  1  2 -2  0 -1 -1  2  2 -4 -1 -1 -1 -4 -3 -2 1 0 0 1 0.06
 0 -1 -1 -2  3 -2 -2  0 -2  1  0 -1  1  0  1  0  1 -3 -2  1 1 0 0 0 0.05
 0  1 -1 -2 -2 -1 -1 -2  2  0  0  1 -1  1  1  0  1 -2  2 -1 1 0 0 0 0.04
 0  3  1 -2  0  1  1 -2  0 -2 -2  2 -1 -1 -3  0 -1  4  1 -3 0 0 1 1 0.03
 0 -1  0  0  2  1  0 -3  6 -1 -1  2  0 -2 -3 -1  0 -4 -1 -2 0 0 1 1 0.02
-3 -4  0 -4 -3 -4 -4 -1 -4  5  2 -4  3  0 -4 -4 -1 -4 -3  2 0 0 1 0 0.02
 0  1  1  1  2  1  1  0  2  0 -1  0 -1 -2 -2  0 -1 -3 -2  0 0 0 1 1 0.01
-1  2  1  1  1  1  1 -1  1 -3 -2  2  0 -1  1  0 -2 -3  0 -3 0 0 1 1 0.01
 0  0  0  0 -3  0  0  5 -2 -4 -4  0 -3 -4 -3 -1 -2 -3 -3 -4 0 0 1 0 0.01
 1 -3 -1 -3  1 -2 -3 -3 -3  3  2 -2  2  0 -3 -2 -1 -3 -2  3 0 1 0 0 0.01
 0  1  0  1 -2  1  0 -1  1 -1  0  1  0  0 -2  0  0 -2  0 -1 0 1 0 0 0.01
-1 -3 -3 -3 -2  0 -3 -3 -3  2  3 -3  2  2 -3 -2 -2 -2 -1  2 0 1 0 0 0.01
-1 -1 -1  1  2 -1  1 -2  1 -1 -2  1 -1  0 -3  2  0  2  3 -1 0 1 0 1 0.01
-2  1 -1 -3  1  0  0 -3  3  0  1  0  2  0 -3 -2 -1 -2  4 -1 0 1 0 0 0.01
-2  1 -2  1 -1 -1  3 -2  1  1  0  0 -2 -2 -3 -2  0 -4 -3  1 0 1 0 1 0.01
 0 -1  1  1 -2  1  0  3 -1 -3 -2 -1 -3 -1  3  0 -2 -4 -2 -2 0 0 1 1 0.02
 0 -3  1  2 -4  0 -1  5  0 -4 -4 -1  1 -4 -4 -1 -1 -4 -2 -4 0 0 1 1 0.02
-2 -2  2  3  1  1  3  2 -1 -4 -3 -1 -3 -4 -3 -1 -1 -4  0 -3 0 1 0 0 0.02
-2 -2 -2 -5  1 -4 -4 -5 -4  3  0 -4  2 -1 -4 -1 -2 -4 -3  6 0 1 0 0 0.02
-4 -2 -4 -5 -4 -3 -4 -5  1 -1  0 -1 -3  4 -5 -1 -3  9  5 -2 0 1 0 0 0.02
 1 -3 -3 -3  2 -2 -3  0 -3  2  1 -2  1  1 -3  0 -1 -3 -2  2 0 1 0 0 0.02
-1  1 -1 -1  0  1  2 -3  2 -1  0  1  2 -2 -3  0  0 -2  2 -1 0 1 0 1 0.02
 0  0  3 -3  7 -2 -3 -3  1  0 -1 -1 -3 -4 -4  1 -2 -4 -3 -1 0 1 0 0 0.02
-1  2 -1 -4 -1  1 -2 -3  0  0  3 -2  1 -1 -4 -2  0  2  0  0 0 0 1 1 0.02
-1 -4 -1 -4  3  0 -1  2 -4 -5 -5 -3  1 -2 -4  5  1 -6 -5 -5 0 0 1 0 0.01
-1  0  2  4  1  0  1 -1  2 -4 -1  2 -3 -4 -1 -1 -1 -5 -4 -2 0 0 1 1 0.01
 1 -1  2 -3  3 -1 -2 -2  4 -2 -3 -1 -1 -1 -4  3 -1 -1  2 -1 0 0 1 0 0.01
 3 -2  0 -1 -3 -2 -2 -2  2 -2 -4  0 -3 -4  5  2  0 -5 -4 -1 0 0 1 0 0.01
-1  0 -5 -5 -3  0 -4 -5  1  5  0 -4  0 -1 -5 -4 -3 -5 -3  4 0 1 0 0 0.01
-5 -5 -6 -6  1 -5 -6 -6 -4 -1  1 -6  2  8 -6 -5 -5 -2  3 -1 0 1 0 0 0.01
 0 -1 -4 -5  3  1 -4 -5 -5  2 -1 -4 -2 -3 -4 -2 -2 -5 -4  6 0 1 0 0 0.01
-1  0  2  0 -4  5 -1 -3  0 -3 -1  1 -3 -4  0 -1  0 -4 -1 -2 0 1 0 0 0.01
 1 -2 -2 -3 -1 -3 -1 -1 -2 -5 -5 -3 -4 -2  1  6 -2 -5 -4 -2 0 0 1 0 0.01
 0  1 -3 -4 -1 -2 -3  1 -2 -1 -4 -2  1 -2  5 -1  0 -2  3  0 1 0 0 1 0.01
-1 -1  3 -2 -1  0 -1 -1  0 -2 -2 -3 -2  1 -4  0  2  4  4  0 1 0 0 0 0.01
 1 -3 -1 -4  6 -2 -4 -4 -2 -1  3  0  1 -2 -2  0  0  1 -1 -2 1 0 0 0 0.02
 0 -3  5  4  1 -1  0  0 -3 -5 -5 -1 -5 -5 -3  0 -2 -6 -5 -5 1 0 0 0 0.03
-1  2  0  0  1  1 -1 -2  1 -1 -1 -1  0 -1  1  0 -1 -3  3  0 1 0 0 1 0.05
-1  2 -1 -1 -4  1  3 -2  1 -1 -2 -1  0 -3  2  1  1 -4 -3 -1 1 0 0 1 0.07
 1 -2  3  1  0  0  1 -2  5 -3 -1 -1 -1 -3 -1  1 -2 -4  0 -3 0 0 1 1 0.06
 0 -1  2  0  1  0 -2  3  3 -3 -2 -1 -3 -3  0  1  1 -4  0 -1 0 0 1 1 0.04
-1  1 -2 -1  1  0 -2 -1 -2  0  0  0  2  1  0  0 -1  5  1  0 0 0 1 1 0.03
 0  2 -1  0  0  0  0 -2  4  1  0  0  0 -3  1 -1 -1 -4 -1 -1 0 0 1 1 0.02
-1 -1  0 -3 -4 -2 -1  1 -1 -1 -1 -2 -2 -3  5  0  0 -4  1 -1 0 0 1 1 0.02
 2  0  1  0 -3  0  0  2 -2 -2  0 -1 -2 -2 -1  1  1 -1 -3 -1 0 0 1 1 0.01
 1  1 -1  1 -3 -2  1 -3 -1 -1  0  1 -2 -3 -1  1  4 -4 -1 -1 0 0 1 1 0.01
-1 -4 -2 -4 -3 -4 -4 -4  0  3  1 -1 -2 -2 -2 -3 -1 -4 -3  5 0 0 1 0 0.01
 0  0 -2 -4  6 -3 -3  0  4  1  0 -1  0 -1 -4 -2 -1  1 -1  0 0 1 0 0 0.01
-1  4 -3 -3 -5  1  0 -4  2 -5 -4  6 -4 -5 -4 -1 -1 -5 -1 -3 0 1 0 1 0.01
-2 -4 -1 -4  1 -4 -4 -5 -4  4  3 -4  1 -1 -4 -3  0 -4 -1  3 0 1 0 0 0.01
 0 -2 -1 -3  0  0  0 -3 -2 -2 -2 -1  2 -1  6 -1 -2 -4  2 -2 0 0 1 1 0.01
 1 -1  2  1 -4  1 -3 -2  0 -5 -5 -3 -4 -5  6  1  0 -5 -4 -4 0 0 1 1 0.01
-1  0  0 -1 -2 -1  1  5  0 -5 -4 -1 -4 -5 -2 -1 -2 -4 -3 -2 0 0 1 1 0.01
 2 -3 -2 -3  6 -1 -1  0  2 -2 -3 -1 -3  2 -2  0  0 -3  2  0 0 0 1 1 0.01
-1 -2  1 -1  3  0 -1  0 -1 -1 -2  0 -3 -2 -1  3  2 -4  1 -3 0 1 0 1 0.01
-1 -1 -2 -3 -1 -2  0 -4 -3  2  2 -1  2  2 -1 -2 -2 -3  0  1 0 1 0 0 0.01
-2  1 -1 -1  3  0 -1 -2 -3 -3 -3  6 -4 -5 -4 -1  0 -5 -2 -2 0 1 0 1 0.01
-1 -4 -3 -4 -3 -4 -1 -5 -4  4  2 -4  1 -1 -4 -3 -2 -4 -3  4 0 1 0 0 0.01
-3 -2 -5 -5 -5 -5 -3 -5 -1 -4 -2 -3 -3  8 -6 -2 -5 -3  2 -4 0 1 0 0 0.01
-4  0  4  6  0 -2  0  0  0 -4 -3 -2 -4 -2 -4 -2 -3 -5 -4 -5 0 1 0 0 0.01
-3  0  3 -2 -2  0 -2 -2  1  0  0 -2  4  1 -2 -2 -1 -1  3 -2 1 0 0 0 0.01
 0  3  1  0 -4  4  1 -2  0 -1 -3  1 -3 -3 -2  0  0 -4  0 -2 1 0 0 1 0.01
 0  1  0  0 -1  2  2 -1  0 -2 -1  3 -1 -3 -1 -1 -2 -4 -2 -1 1 0 0 0 0.01
 0 -4 -3 -4  2 -4 -4 -4 -1  0 -2 -1 -1  7 -2  0 -3 -2  2  0 1 0 0 0 0.02
 3  0  0 -2  0  2 -1 -1  0 -3 -1  0  0 -2  0  1 -1 -4  0 -1 1 0 0 1 0.03
 0  0  0 -1 -1  3  1 -2  1 -1 -2  2 -1 -2  0  1  0  1 -2 -2 1 0 0 1 0.03
 0 -1  1 -2 -3  0 -1 -3  2  0  3 -2  3 -2 -3  0 -1 -3  0 -1 1 0 0 0 0.05
-2 -1 -4 -4 -2 -2 -3 -3 -4  2  4 -2  1 -1 -2 -3 -2 -4 -3  1 1 0 0 0 0.06
 2  1  2 -2  1  1  1  0  1 -2 -2  0 -3 -2 -2  2  0 -4 -2 -2 1 0 0 1 0.08
-1  4 -3  0 -1  4  1 -2  2 -3  0  0 -2 -4 -1 -1 -1 -1 -1 -3 1 0 0 1 0.09
 1  1  1 -1  0  1  1  0  0 -3 -2 -1  0 -3  0  2  0 -4 -1 -1 1 0 0 0 0.11
 1  0 -1  0  0  0  0 -1  1  0  0  0  2 -1  1  0  1 -3 -2  2 0 0 1 1 0.11
 1  1  3 -1  0  1  0  0  2 -2 -2  0 -2 -3  2  0  0 -4 -1 -1 0 0 1 1 0.11
 0  2  0  1 -1  2  0 -1  4 -2 -2  0 -1 -2  1  0  0  1 -1 -1 0 0 1 1 0.11
 0 -1  0  0  0 -1 -1  4  1 -3 -1 -1  0 -4  0  0  0 -4 -2 -2 0 0 1 1 0.09
-2 -2 -2 -2 -3 -3 -2  0  2  1  0 -2  0  4 -1 -1  0  3  3  0 1 0 0 1 0.09
 0  0  0  2 -4  1  4  0  0 -2 -3 -2 -3 -2  2  0 -1 -4 -1 -2 1 0 0 1 0.08
 1  0  0  1 -1 -1  0  1  1 -2 -1  0  0  0  0  0  0 -3  0 -1 1 0 0 1 0.07
-1  0 -4 -2 -1  0 -3 -2 -2  1 -1 -2  1 -4  2 -2  1 -5 -2  4 1 0 0 0 0.04
-2  0 -2  4 -5  1  0 -3  0 -4 -3 -1  1  1 -2  0 -2  0  4 -2 1 0 0 0 0.03
-1  1  0  4 -1  2  2  3 -2 -5 -5 -1 -4 -3 -1  0 -2 -5 -4 -5 1 0 0 1 0.02
-1 -4 -4 -1 -3 -3 -3 -4 -4  0  3 -3  3  1  4 -3  0  4  1  0 1 0 0 0 0.01
 0  2  1 -2  2  0  1 -1 -2 -1 -1  0 -2 -1 -1  0  1  2  0 -1 1 0 0 0 0.01
 0  3  1  2  0 -1  0 -2  0 -2 -1  2  0 -3  0  0  0 -3 -1 -1 1 0 0 1 0.01
-2 -1 -2 -3 -3  2 -1 -1  0  0  2  0  4  0  2 -2 -2  0  1 -1 1 0 0 0 0.01
-2 -4  0 -4  9 -1 -2 -4  0 -2 -3 -4 -3  2 -4 -1 -1 -3 -1 -2 1 0 0 0 0.01
-1 -2  0 -2  2 -2 -2 -1 -1  1  0 -1  0  0 -3  2  3 -3 -1  0 0 1 0 0 0.01
-2 -3 -4 -4 -3 -3 -4 -4 -4  4  2 -3  2  1 -4  0 -1 -3 -2  3 0 1 0 0 0.01
 0  6  0 -3 -4  1 -2 -3  0 -4 -4  2 -3 -2 -4 -1 -2 -4 -3 -2 0 1 0 0 0.01
-2 -4 -4 -4  0 -4 -4 -5  0  5  1 -4  4 -1 -1 -4 -2 -4 -3  2 0 1 0 0 0.01
 1 -3 -1 -3 -3 -3 -3 -2 -3 -2 -4 -3  0 -4 -3  6 -1 -5 -4 -2 0 1 0 0 0.01
-5 -6 -6 -7 -5 -6 -6 -6 -4 -2  0 -6  0  8 -6 -5 -5 -2  0  0 0 1 0 0 0.01
 1 -4 -4 -4  3 -3 -2  1 -4  1 -1 -2 -2  0 -4  0 -1 -4 -3  4 0 0 1 0 0.02
-3  1 -1  0 -6  2  0 -4 -3 -5 -3  7 -4 -6 -4 -3 -3 -5 -4 -5 0 0 1 1 0.03
 0  1  1  1  3 -1 -1  0 -2 -1 -2 -1  1 -2  2  1  1 -3 -2  0 0 0 1 0 0.04
-2  1 -2  1 -3 -1  0  0 -2 -2  0 -2 -2  1 -2  0  0  8  0 -2 0 0 1 0 0.06
-1  1  0 -1  2 -1  0  3 -2 -2 -2 -1 -2 -3  2  0  0 -3 -2  0 0 0 1 0 0.09
 1 -1  0  0 -1  0  1 -1  1 -2 -2 -1  0  0  4  0 -2 -3  0  0 0 0 1 1 0.09
 0 -1  0  4  1  1  1 -1 -1 -1 -2 -1 -1 -2  0  0 -1 -3 -2  0 0 0 1 1 0.10
 0 -2  1 -2  3 -2 -2 -2 -1 -2 -2 -2  1  0 -2 -2 -2 -1  7  0 0 0 1 0 0.11
 0  3  1 -1 -2  1 -1 -1  1 -2 -2  1 -2 -3  3  1  0 -3 -2 -2 0 0 1 1 0.11
-3  7  1 -1 -5 -2  1 -1 -3 -4 -4  1 -3 -4 -4 -1 -3 -4 -4 -1 0 0 1 0 0.14
-1  0  1 -1 -3  4  0 -2  0 -1  0  2  0 -3  1  0 -1 -3 -3 -1 0 0 1 1 0.15
-1 -1  3  3 -3 -1  1 -1  0  0 -2 -1 -1  0 -3  2  1 -3 -1 -2 0 0 1 1 0.20
-1 -4 -4 -4 -3 -4 -4 -1  0  5  1 -4  1 -1 -4 -3 -2 -3  1  3 1 0 0 0 0.25
-2  0 -2  1 -1 -2 -1 -4 -1  0  2  1  1 -1 -1 -1  4 -4 -3 -1 1 0 0 1 0.34
-1 -1  2  2  1  2  2 -1  2 -4 -4  1 -3 -4 -3  2  0 -4 -1 -4 1 0 0 1 0.32
 0 -4 -3 -4  8  1 -3 -4 -4 -1 -1 -2 -3 -4 -4  1  4 -5 -4 -2 0 0 1 0 0.31
-4 -5 -4 -1  2 -4 -4 -5  1 -6 -6 -4 -5 -7  8  0 -4 -7 -6 -5 0 0 1 0 0.31
-2 -6 -6 -6 10 -6 -6 -6 -6  1  0 -6  0 -5 -6 -4 -2 -5 -5  1 0 0 1 0 0.28
-5  1 -6 -7 -5 -5 -6 -6 -5 -5 -5 -5 -4 -2 -7 -3 -5 12  1 -1 0 1 0 0 0.17
-2 -4 -4 -4 -2 -3 -4 -4 -3  4  3 -3  1  2 -4 -1 -2 -3  1  3 0 1 0 0 0.14
-1 -1 -2 -1 -5  1  6 -4 -2 -4  0  0  2 -4 -3  0 -3 -5 -4 -3 0 1 0 0 0.10
-1 -4 -4 -4 -3 -4 -4 -5 -4  5  2 -4  2 -2 -4 -1 -2 -4 -3  4 0 1 0 0 0.08
-2  1 -1 -1 -3  1 -2 -1  5  1  0  1  2  0 -3 -1 -1  3  0 -1 0 1 0 0 0.06
-3 -4  0 -5 -3 -4 -4 -5 -4  1  5 -4  3  3 -5 -4 -3 -3 -2 -1 0 1 0 0 0.04
-2  1  4 -1 -1  2 -2 -1  6 -2 -1  0 -2 -4 -3  0 -1 -4 -2 -1 1 0 0 0 0.03
-1  2  2  0 -3 -1  0  2  4 -2 -3  0 -3 -3  0  1 -2 -4 -2 -1 1 0 0 0 0.02
 3  0 -3 -4  3 -2 -3 -3  2 -4 -4 -1 -4 -4  6 -1 -3 -4  0 -2 1 0 0 0 0.01
-1 -1 -1 -5 -1 -3 -4 -5 -4 -1  5 -4  4  0 -5 -4 -3  3  1 -1 1 0 0 0 0.01
-1  2 -1  3 -4  5  2 -2  0 -4 -2  1 -1 -3 -1 -1 -2 -4 -3 -3 1 0 0 1 0.01
-2 -3 -4 -2 -2 -3  0 -4 -3 -2  1 -2  2  0 -1 -2  0  9  2 -1 1 0 0 1 0.01
-2 -4 -5 -5 -3 -4 -4 -5 -4  2  5 -4  2  0 -4 -4 -1 -3  0  1 1 0 0 0 0.01
-4 -1  3  7 -6  1  0 -3 -3 -5 -6  0 -5 -6  1 -2 -3 -6 -5 -5 1 0 0 0 0.01
-1  3  0  0 -3  2  1 -3 -1 -3 -3  3 -2 -4 -2  1 -1 -4 -3 -1 1 0 0 1 0.01
 0 -3 -3 -2 -1 -3 -3 -1 -3  2 -1  0 -1 -1 -3  0  0 -3  1  4 1 0 0 0 0.01
-3 -4 -5 -5 -3 -2 -4 -5 -4  1  5 -4  3  0 -5 -4 -2 -3  0  2 1 0 0 0 0.02
-1  1  1  2  0  0  0 -3  2 -3 -2  1 -2 -3  1  0  3 -3  0 -2 0 0 1 1 0.03
 1  0 -1  0  1  5  0 -2  0  0 -3 -1 -2 -4  0 -1  1 -4 -2 -2 0 0 1 1 0.05
-1 -1 -4 -5 -3 -3 -4 -5 -4  2  2 -2  8 -1 -4 -3 -3 -3  0  0 0 0 1 0 0.07
-1  0  3  0 -4 -2 -1  5  4 -4 -4 -2 -4 -4  0 -1 -2 -4 -3 -4 0 0 1 1 0.10
 1  2  1 -2 -3 -1 -1  0 -2 -3 -1 -1 -2 -4  3  4  0 -4 -3 -3 0 0 1 1 0.16
 0 -3 -2 -3 -4 -3  0 -2 -4 -5 -5 -3 -4 -5  8  0 -2 -5 -5 -4 0 0 1 1 0.25
-1  2  1  1 -3 -1 -1 -1  4 -2 -2  0 -1 -2  3  0  0 -3  1 -2 0 0 1 1 0.42
-1  1  3  2 -3 -1  0  0 -1  1 -2  1 -2 -3  1  0  0 -4 -3 -1 0 0 1 1 0.52
-1 -1 -2 -1 -4 -1  1 -4 -1  0 -3  0 -2 -4  6 -2 -2 -4 -2  1 0 0 1 1 0.61
-2 -4 -4 -4  6 -2 -2 -2 -4  5 -1 -4 -1 -3  1 -2  0 -4 -3  1 0 0 1 0 0.72
-1 -2  1  1 -3 -1 -1  1  2 -4 -4  1 -3 -4 -2  4  2 -4 -3 -3 0 0 1 1 0.73
-1 -3 -1 -2 -3 -2 -2 -2 -3 -5 -5 -2 -4 -5 -3  7 -1 -5 -4 -4 0 0 1 1 0.79
-2  3 -2 -1 -3 -2 -3 -4 -2  1  0 -2  2  1 -4 -2  0 -3 -2  4 0 0 1 1 0.82
-1 -2 -1 -2 -2 -2 -2 -2 -3 -3 -4 -2 -3 -4 -2  5  4 -4 -3 -3 0 0 1 1 0.87
