-3 -4 -5 -5 -4 -3 -4 -5 -4 -1  1 -4 10 -2 -5 -4 -3 -4 -3 -1 0 0 1 1 0.75
 2 -3 -2 -2 -3  0  0  4 -3 -2 -2 -1  0 -3  0  1 -1  3 -1 -2 0 0 1 1 0.49
-4 -1  1  6 -6  1  3 -1 -2 -5 -4  1 -4 -3 -4 -2 -2 -5 -2 -3 0 0 1 1 0.24
 1  3  0  0 -4 -1 -2  3 -2 -3 -3 -1 -1 -4 -2  1  2 -4 -4 -2 0 0 1 1 0.13
 0  3 -2 -4 -4 -1 -3 -4  1 -1 -2 -1 -2  5 -3 -1  0 -3  3  0 0 0 1 0 0.06
-2 -6 -6 -6 -4 -5 -4 -6 -6  6  1 -3 -2 -1  2 -5 -3 -6 -4  4 0 1 0 0 0.03
-2  4 -1 -3 -3  3  0 -4 -2  1 -1  1 -1 -1 -1 -1  1 -1 -2  1 0 1 0 0 0.02
-1  2  0  2 -5  0  0 -1  5 -3 -4  0 -2 -5 -4  3 -1 -5 -1 -4 0 1 0 0 0.02
 3 -4 -6 -6  0 -5 -5 -4 -6  4 -1 -5 -3 -3 -5 -3 -4 -6 -3  5 0 1 0 0 0.02
 1  0  0 -2 -3  0  1 -2  1 -2 -3  1 -1  0 -2  1  2  0 -1 -1 0 1 0 0 0.01
-2 -3 -5 -5  0 -5 -3 -4  0  5  2 -3  0 -3 -3 -3 -2 -5 -4  4 0 1 0 0 0.01
 1  0 -2 -3  2 -2 -2 -4 -1  1  2 -2 -1  0  0 -2  0 -2 -2  3 0 1 0 0 0.01
 0  0  0  3 -2  0 -1  5 -4 -5 -4 -2 -3 -6 -4  1 -1 -6 -5 -5 0 1 0 0 0.01
-1 -5 -5 -4  0 -4 -3 -5  3  2 -1 -5  0  5 -4 -2  0 -3  3  3 0 1 0 0 0.02
-3 -2  0  0 -6  3  6 -4  1 -3 -4 -1 -1 -6 -3 -1 -2 -6 -4 -1 0 1 0 0 0.02
-3  2 -2 -3 -5  1  1 -3  0 -1 -3  5 -2 -5 -3  1 -1 -5 -4 -1 0 1 0 1 0.02
-3  6  0 -2 -1 -2  0 -4  0 -2 -3  2 -1  1 -4 -3 -1  1  1  0 0 1 0 1 0.03
-2  3 -2 -1 -1  1  0 -1  2 -2 -1  0 -2  3 -3  0 -1 -1  3 -2 0 0 1 1 0.03
 0 -1  1  0 -1 -1  0  0  1  1  0  0  0  0 -2  1  0 -2  0  1 0 0 1 1 0.04
-2 -1 -1  0 -4 -2  1 -1 -3 -1 -4 -1 -2  1  6 -1 -1 -4 -3 -2 0 0 1 1 0.03
-1  0  2  2 -3  0  1  0  0 -2 -3  1 -3 -2 -2  3  0 -4 -2 -3 0 0 1 1 0.02
-2  2 -1  1 -5  3  1  0 -2 -4 -4  5 -1 -4 -1  0 -2 -5 -4 -4 0 0 1 1 0.02
-3  1 -2 -3 -5 -2 -2 -3  8 -3 -2  1 -3  0 -3 -2 -2 -4  4 -3 0 1 0 0 0.01
-2 -4 -4 -3 -3  1 -4 -3  1 -1 -4 -2  0  3 -5 -4  0  3  8 -2 0 1 0 1 0.01
-1 -3 -2 -5 -2 -1  0 -5 -3  1 -1 -4  2 -1 -5 -3  0  6 -2  5 0 1 0 0 0.01
-6 -6 -6 -7 -6 -6 -6 -5  1 -5 -4 -6 -5  6 -7 -6 -6  0  9 -4 0 1 0 0 0.01
 0  0 -2 -3  0  0  1 -3 -1  2  1  0  3 -2 -4 -1  0 -4 -3  3 0 1 0 0 0.01
-4 -6 -6 -6 -5 -5 -6 -6 -6  6  1 -4  0  2 -2 -5 -2 -5 -2  4 0 1 0 0 0.01
-1  2  1  0 -2  2  3 -3  1 -3 -1  1  0 -2 -3  1  0 -4 -2 -1 0 1 0 0 0.01
 0 -5 -5 -4  2 -5 -5 -5 -2  2 -1 -5 -2 -3 -5 -4  0 -6 -5  6 0 1 0 0 0.01
-1  1  0 -1  0  1  2 -3  2 -1 -1  2  0 -2 -3  0  2 -4 -2 -1 0 1 0 0 0.01
-2  3 -4 -1  1 -2 -3 -3  0 -3  1 -1  2  0 -5 -3  0  9  1 -2 0 1 0 0 0.01
-1  0  1 -1 -3  2  1  0  0 -3 -3  0 -3 -4 -2  4  0 -5 -2 -1 0 0 1 1 0.01
-2 -2  3  6 -2 -2  1  1 -1 -5 -4 -2 -2 -3 -3  0 -2 -5 -3 -4 0 0 1 1 0.01
-2  0  1 -1 -4  1 -1  4  1 -3 -1 -1  1 -4 -2  0 -1 -4 -2 -2 0 0 1 1 0.01
 0  2  1 -1 -3 -1  2 -3 -1 -3 -3  2 -2 -2 -2  3  1 -5 -3 -2 0 0 1 1 0.01
-1  0  0  0 -1  1  2 -1  2 -1 -2  1 -1 -4 -2  0  1 -2 -2  1 0 1 0 1 0.01
-3  0 -1 -4 -1 -1 -3 -3  2 -1 -1  0 -3 -1  0 -1  1  9  2 -2 0 1 0 1 0.01
-1 -2 -1 -2 -3  0 -1 -3  0  1  1 -1 -1  2 -3 -1  2  0  2  2 0 1 0 1 0.01
-2 -4 -4 -5  0 -4 -4 -5 -4  5  2 -4  0 -2 -4 -3 -1 -4 -3  4 0 1 0 0 0.01
-1  0 -3 -2  1  0 -1 -2  2 -2 -1  0 -1  3 -1  0 -1  2  5 -2 0 1 0 1 0.01
-4  8 -3 -4 -5 -2 -3 -5  2 -5 -5  2 -4 -5 -4 -4 -4 -5 -4 -5 0 1 0 0 0.01
-3  6 -2 -2 -2 -1 -3 -3 -3 -3 -3  0 -3 -2 -2  2  2 -4  1 -3 0 0 1 1 0.01
-3 -4 -5 -5 -5 -2 -4 -5  1 -4 -1 -4 -1  5 -5 -3 -4  3  8 -4 1 0 0 0 0.01
 0  2  1  1 -1  2  1 -1  0 -3 -3  0 -1 -4  0  3  0 -4 -3 -2 1 0 0 1 0.01
-2 -1 -1  4 -5  2  5 -4  1 -4 -4  0 -1 -5 -3 -1 -2 -5 -4 -3 1 0 0 1 0.01
-4 -5 -5 -5  1 -5 -5 -5 -4  0  1 -5  1  8 -5 -5 -2 -3 -1  0 1 0 0 0 0.01
-1  0 -1  0  0  0  1  0  3 -2 -1  0 -1  2 -3 -1 -1  1  3  0 1 0 0 0 0.01
 0  2  0  2 -4  1  4 -2  0 -2 -3  2 -1 -2 -3 -1 -1  2 -3 -2 1 0 0 1 0.01
-4 -5 -5 -6 -4 -5 -5 -6 -5  1  5 -5  5  4 -5 -5 -4 -4 -3 -3 1 0 0 0 0.01
 0  1  1  0  2  1  0 -3  2 -2  0  0  1  1 -3 -2 -2  4  1  0 1 0 0 0 0.01
-1  0  0  0  0  1  0 -2  0  1 -1  2  2 -3 -3  1  0  0 -1  1 1 0 0 1 0.01
 0  1 -1 -1  0  3 -1 -1  0 -2 -1  3 -1 -2  0  0 -1 -4 -1 -2 1 0 0 1 0.01
-2 -5 -2 -2  0 -5 -5 -2 -5  2  5 -2  2 -1 -5 -5 -2 -5 -1 -1 1 0 0 0 0.01
-2  2 -2 -3  0  0  1 -3 -1 -1  2  3  0 -2  0 -1 -1 -4 -1 -1 1 0 0 1 0.01
-1  1  0  2 -4  0  3 -2 -1 -2  0  2  0 -3  0 -1 -1 -4 -2 -2 1 0 0 1 0.02
 0  2 -1 -2 -1  1  0 -2  0 -1  1  2  1 -1 -2  0  0 -3 -1 -1 1 0 0 1 0.02
-2 -5 -3 -4  0 -5 -5 -3  2 -2  0 -5 -1  7 -1 -2 -5  0  4 -3 0 0 1 0 0.03
-1 -3 -2 -2 -5 -1 -1  1  1 -5 -2 -1 -2 -5  7 -2 -3 -5 -5 -4 0 0 1 1 0.03
 0 -1  0  0 -2  0  0 -1 -1  0  0  0  0 -1  1  2  0 -3  0  1 1 0 0 1 0.05
-1 -2 -1  1 -4  0  4 -2 -2  0  0 -1  0 -1  0 -1 -2  2 -1  1 1 0 0 0 0.06
 3  1 -1 -2 -1 -1 -1  0 -1 -2 -2  2 -2 -3 -1  1 -1 -3 -2 -1 1 0 0 0 0.07
-1 -1  1  0 -1 -1 -1  3  1 -1  0  0 -1 -1 -1  0 -1 -3 -1 -2 0 0 1 0 0.08
 0  1  1  0 -2  1  0 -1  1 -1  0  1 -1 -1  1  0  0  0 -1 -1 0 0 1 1 0.09
-1 -1 -1  0 -2  1  0 -1 -1  1  1  1  0  0  0  1  0 -2 -1  0 0 0 1 1 0.10
-1  1  0  1 -3 -1  0  1  1 -1  0  0 -1  2  1  0 -1 -2 -1 -1 0 0 1 1 0.10
 0  0 -1  0 -2  0 -2 -2 -1 -2 -3  1 -2 -1  6 -1 -1 -4 -2 -2 1 0 0 1 0.08
 0  1  1  0  0  1  1 -1 -1 -2 -1  1 -2  0  1  2  0 -3  0 -2 1 0 0 1 0.07
-1  1  0  1 -3  1  0 -1  1 -2 -1  3 -2 -2  1  0  1  1 -2 -2 1 0 0 1 0.06
-2  6 -2 -2  3 -1 -2 -3 -1 -2 -2  1  1 -2 -3  0 -2 -1 -2 -2 0 0 1 0 0.05
-1 -2 -1 -1  0 -1 -2 -2 -2  3  0  0  2 -2 -2  0  2 -3 -2  1 0 0 1 1 0.04
-2 -3 -4 -2 -1 -3 -4 -4 -4  4  4 -3  1  1 -4 -2 -3 -1 -2  0 0 0 1 0 0.03
-3 -4 -2 -4 -4 -3 -3  0 -4 -3  0 -3  0 -4  7 -3  0 -5 -4 -1 0 0 1 0 0.02
-1  2 -1 -1 -3  0  0 -1  1 -2 -1  2 -1  2  0  0  0 -3  1 -2 0 0 1 1 0.02
-2 -2 -4 -3 -3 -3 -3 -3 -3  1  4 -2  3  3 -1 -3  0 -3 -1 -1 0 0 1 0 0.02
-3 -2 -2 -2 -4  0 -1 -2  3 -3 -4 -1 -2 -2  7 -2 -2 -4 -4 -3 0 0 1 0 0.02
 0  0  1  0 -2  1  0  0  2  0 -1  0 -1 -2  1  0  0 -2  1  0 0 0 1 0 0.03
 0  0  0  0  2  0  0 -1  1  0 -1  0  1  0  0  0  0  3 -2  0 1 0 0 1 0.04
 0  0  0 -3 -3 -1 -1  0  0  0  0  0  1  2 -1  0  0  4  0  0 1 0 0 1 0.05
-1  1  1 -1 -3 -2 -2 -1  1  1  1 -1  1  1  1 -1  0  4  1  0 1 0 0 1 0.06
-1 -1  1 -1  0 -1 -2 -2  0  0  0  0  0  3 -4  1 -1  2  1  0 0 0 1 0 0.06
-1  1  1  0 -1  0 -1  1  0 -1  0  0  0 -2  0  0  0  2 -1  1 0 0 1 1 0.08
-2  2  3  1  0  0 -1  1  1 -2 -2  0 -3  0 -2  1  1  0 -1 -2 0 0 1 1 0.09
-1  1  0  1  0  2  1  0  0 -2 -2  2 -1 -2 -1  1  0 -4 -2 -3 0 0 1 1 0.09
 0  2  1  2 -5  0  2 -2  1 -3 -2  2  0 -2 -1  1 -1 -5 -4 -2 0 0 1 1 0.09
-1  0 -1  0 -4 -2 -2 -1 -2  3  0 -1  0  3 -2  1  0 -4 -1  2 1 0 0 0 0.09
 2 -1 -2 -1  1 -1 -1 -2 -2  1  1  0  0 -3 -1  0  1 -4 -4  0 1 0 0 0 0.08
 0  1 -1 -1 -5  1  5 -1  2 -3 -2  1 -1 -2 -3 -1 -3 -5 -3  0 1 0 0 1 0.08
 0  2  1 -1 -5  2  1 -1  1 -3 -2  4 -1 -4 -3  1  0 -5 -2 -3 1 0 0 0 0.08
-3  8 -2 -7 -8 -2 -5 -6 -6 -5 -4  0 -6 -5 -7 -3 -5 -8 -7 -5 1 0 0 0 0.07
-2  4 -3 -4  1  2 -3 -3  0  0  1  2  3 -2  0 -1 -1 -2 -2 -2 1 0 0 0 0.05
-1  1  0 -1 -4  0  1  2  3 -1 -2  1 -1 -3  2 -1 -1 -4 -2 -1 1 0 0 1 0.04
 0 -1  0  2 -3  1  2  0  0 -2 -1  0 -1  0  0  1  2 -4 -2 -1 1 0 0 0 0.03
-5 -6 -7 -7 -5 -2 -6 -4 -6  2  6 -6 -2  0 -2 -2 -5  3 -4  0 1 0 0 0 0.02
-2 -1  4  3 -5  2  3 -1 -1 -4 -3 -2 -4 -5 -1 -1  1 -6 -5 -4 1 0 0 1 0.01
 1  1 -1  1 -2  2  2 -1  0 -1 -3  1 -2 -3  1  0  0 -4 -2 -1 1 0 0 1 0.01
-6 -2 -6 -7 -1 -5 -6 -7  2 -2 -1 -6 -5  4 -7 -1 -3  0  9 -3 1 0 0 0 0.01
-2 -2 -6 -6  6 -3 -5 -6 -5  1  4 -5  4 -2 -3 -3 -1  1  0  0 1 0 0 0 0.01
 0  0  0  0  2  1  0  0  2  0 -1  0 -2 -2  0  0  0  3  1  0 1 0 0 1 0.01
 0  0  2  0  3  1  0  1  1 -3 -2  0  0 -1 -3  0  0  2  0 -1 1 0 0 1 0.01
 0 -4 -5 -5 -4 -4 -5 -1 -5  2  4 -4  3  1 -5 -4  0 -4 -3  1 1 0 0 0 0.01
-2 -4 -1 -5  1 -4 -4 -1  2  2  3 -3  2  2 -2 -3 -2  1 -1  1 1 0 0 0 0.01
 1  0  2  0 -1  0 -1  1  1 -1 -1  1 -1 -3 -2  2 -1  3  0 -2 0 0 1 1 0.01
 0 -1 -1 -4  0  0 -3 -2  1  0  3 -2  3  0  0 -1 -1 -3 -1  0 0 0 1 0 0.01
 0 -2  0  0  0 -2 -1 -3  0 -3 -3 -2 -1 -6  6  1 -3 -1 -5 -2 0 0 1 1 0.01
 0 -1 -2  0  0  0  2 -2  0 -1 -1 -1  1 -2  3  0  0  0 -1  0 1 0 0 1 0.01
-2  1  0  1  0  1  2 -4  3 -2 -2  2  0 -1 -2 -1 -1  3  2 -3 1 0 0 1 0.01
-3 -5 -5 -1 -4 -3 -5 -6 -5  5  1 -3  0 -1 -2 -3 -2  0  1  4 1 0 0 0 0.01
 1  1 -2 -3  3 -2 -3 -1 -2 -4  0 -1  0 -2  0  4  0 -1 -3 -2 1 0 0 0 0.01
-1  4  1 -1 -5  3  1 -3  4 -4 -1  1  1 -3 -4 -1  0  0 -2 -3 0 0 1 1 0.01
-3 -5 -1  1  7 -3 -3 -3  2 -3 -4 -3 -5 -3 -5  5 -2  0 -1 -4 0 0 1 0 0.01
-1  0 -1  3 -6  1  3 -4  0 -2 -4 -1 -3 -6  4  1 -2 -2 -3 -2 1 0 0 1 0.01
 0 -3 -3  1  0  0  2 -4  1  1  2 -1  0 -2 -2 -2 -1 -2 -2  1 1 0 0 0 0.01
-2 -6 -3 -7 -5 -6 -7 -7  1  1  3 -6  0  2 -7 -6 -3  0 -2  5 1 0 0 0 0.01
-2  3 -2 -3  1  1 -2 -5  0  0  3  0  1  0 -5 -3  0  0  3 -2 1 0 0 0 0.01
 0  0  2  3 -3  3  1 -1 -1 -2 -3  0  0 -4 -2  1  2 -5 -2 -3 1 0 0 1 0.01
-8 -9 -9 -9 -8 -9 -9 -4 -7 -4 -1 -9 -6  9 -9 -8 -8  3  0 -4 1 0 0 0 0.01
-6 -7 -8 -8 -1 -7 -8 -8 -6 -2  4 -7 -1  8 -8 -7 -6 -5 -1 -3 1 0 0 0 0.01
 0  0 -2  0 -2  1  3 -2  4 -4 -1  1  0 -2 -4  2  0 -4  0 -3 0 0 1 1 0.02
 0 -2 -4 -2 -2  1 -3 -5 -3  0  0 -4  0 -5  5 -1  1 -1 -4  2 0 0 1 1 0.02
-3  5  1 -1 -4  1 -1 -3  0 -2  0  2 -2 -4 -3  1  1  1 -1 -3 0 0 1 1 0.03
 0 -2  1  1 -5  0  1 -3 -1 -5 -2 -1 -3 -3  6  0 -1 -2 -1 -3 0 0 1 1 0.05
-2  2  1  2 -4  1  2  1  2 -3 -1 -1 -2 -2 -2 -1 -1 -4 -1 -2 0 0 1 1 0.08
-5 -4 -2  7 -7 -3  0  0  2 -4 -5 -5 -6 -5 -2 -1 -2 -7 -3 -5 0 0 1 1 0.11
-1  0 -3 -2 -4  1  1 -3 -3  1  3 -2  0  0 -4 -2 -1 -3  3  1 0 0 1 1 0.15
-1  0  3  3 -5  2  3 -2 -3 -4 -4  3 -4 -1 -2 -1  0 -5 -4 -3 0 0 1 1 0.24
 0 -1 -4 -2 -1 -2 -1 -3 -4  0  2  0  1 -2  5 -2  0 -4 -4  0 0 0 1 1 0.23
 1 -2 -2  1 -5 -2  1 -2 -1 -5 -5  0 -1 -3  6  1 -2 -5 -4 -2 0 0 1 1 0.25
 0  0  1 -1 -3  1  0  0  0 -2 -1  1 -1  1  1  1  1 -3  0 -1 0 0 1 1 0.25
-1 -2  2  3 -4  1  3 -1 -1 -2 -3 -1 -2  0  2  0  0 -4 -2 -3 0 0 1 1 0.23
 0 -2  4  3 -1 -1  1 -1 -1 -2 -1 -2 -3 -2 -1  2 -1 -5 -2 -1 0 0 1 1 0.24
-2  1 -2 -1 -1  3  1 -2 -1 -1 -2  0  0 -3  4  0 -1  2 -1  0 0 0 1 1 0.39
 0  1 -1  0 -3 -1 -1 -1  0  1  0 -1 -1 -1  1  0  1 -4 -2  2 0 0 1 1 0.52
-2  1 -2  0 -4  1  1 -2 -3 -1 -1  4  0 -2  1  0 -1 -5 -4 -1 0 0 1 1 0.47
-2  3 -3 -1 -5  1 -1 -4  0  0 -1  4  1 -3 -2 -1  0 -5 -2 -2 0 0 1 1 0.40
-4 -1  2 -2 -6  0 -2 -4 -5 -3 -6  1 -2 -7  7 -1 -3 -7 -6 -3 0 0 1 1 0.41
-2  1 -2  2 -5  1  4 -4 -2 -3 -5  2 -4 -5  0  3 -2 -5 -4 -4 0 1 0 1 0.33
-2 -1 -2 -4 -4 -1 -3 -1 -1 -3 -4 -3 -3 -5 -2  4  5 -5 -4  1 0 1 0 1 0.31
-3 -3 -4 -2 -4  2 -2 -5 -2 -1  1 -2  0  5 -5 -4 -3  4  5  0 0 1 0 1 0.37
-3 -4 -5 -5 -3 -4 -5 -5 -5  1  5 -4  1 -1 -5 -4 -2  5 -2  2 0 1 0 1 0.46
-2 -3 -4 -5 -3 -3 -4 -5 -4  1  3 -3  7 -2 -4 -3 -2 -3 -3  4 0 0 1 1 0.45
