-1 -3 -3 -4 -1 -2 -3 -4 -3  3  3 -3  3  0 -3 -2 -1 -2 -1  2 0 0 1 1 0.71
 0  2 -1  1 -3  0  0 -2 -1 -3 -3  4 -2 -2 -2 -1 -1 -2  2 -2 1 0 0 1 0.47
 0  2  0  1 -3  1  2 -2 -1 -3 -3  3 -2 -3 -2  2  0 -3 -2 -2 1 0 0 1 0.36
 0 -1 -2 -1 -2  0  3 -3 -2  0  3  0  2 -1 -2  0 -1 -3 -2 -1 1 0 0 1 0.41
-2 -3 -3 -3 -2 -2 -1 -4 -3  4  3 -3  2 -1 -3 -3 -1 -3 -2  2 1 0 0 1 0.37
-1  0  2  0 -4  1  4 -2  2 -3 -3  2  0 -3 -2  0 -1 -4 -2 -3 1 0 0 1 0.36
-1  0  1  3 -4  2  4 -2 -1 -4 -3  1 -2 -4 -2  1 -1 -4 -3 -3 1 0 0 1 0.35
 1 -1 -2 -3 -2 -1 -2 -2  2  1  2  0  0  0 -2 -1 -1 -2  2  0 1 0 0 0 0.43
-2  2 -1  2 -4  1  4 -3 -1 -4 -4  3 -3 -4 -2 -1 -2 -4 -3 -3 1 0 0 1 0.33
-1  0  1 -1 -3  2  1 -2 -1 -2 -3  3 -2 -3 -2  2  1 -3 -2 -2 1 0 0 1 0.30
-2  4 -1 -1 -3  1  2 -3  2 -2  0  2  2 -2 -2 -1 -1 -3 -2 -1 1 0 0 1 0.29
-2  2 -2 -2 -3  0  0 -3 -2  1  2  3  1 -1 -2 -2 -1 -3 -2  0 1 0 0 1 0.26
-1  2  0  2 -4  2  4 -2 -1 -3 -3  2 -2 -4 -2 -1  0 -4 -3 -3 1 0 0 1 0.25
-1 -1  0  1 -3  2  5 -2 -1 -3 -3  0 -2 -4 -2  1  2 -4 -3 -3 1 0 0 1 0.20
-2 -3 -4 -4 -2 -3 -4 -4 -4  3  4 -3  2  0 -3 -3 -1 -3 -2  2 1 0 0 0 0.16
-1  2 -1  0 -3  3  3 -3 -1 -2 -1  1  0 -2 -2 -1  1 -3  0 -2 1 0 0 1 0.14
 0  2 -1  1 -3  1  4 -2 -1 -2 -2  2 -2 -3  1 -1 -1 -3 -3 -1 1 0 0 1 0.15
-1  3 -1  0 -4  3  4 -3 -1 -4 -3  3 -2 -4 -2 -1 -1 -3 -2 -3 1 0 0 1 0.21
-2  3 -2 -3 -3 -1 -1 -3 -2  3  1  3  0 -2 -3 -2 -1 -3 -2  0 1 0 0 0 0.16
-1 -1  4  2 -3  1  3 -2 -1 -1 -3  1 -2 -3 -2  1 -1 -4 -3 -2 1 0 0 1 0.15
 0  0 -1  2 -4  2  5 -2 -1 -4 -3  2 -2 -4 -2  0 -1 -4 -3 -3 1 0 0 1 0.14
-2 -3 -4 -4 -2 -3 -4 -4 -4  4  4 -3  1  0 -4 -3 -2 -3 -2  2 1 0 0 0 0.15
-1  3  3 -1 -3  1  0  0 -1 -1 -2  1 -1 -3 -2  0  2 -3 -2 -1 1 0 0 1 0.17
 0  2 -1 -1 -3  4  2  1 -1 -3 -3  2 -2 -3 -2  0  0 -3 -2 -2 1 0 0 1 0.20
-1  4  0  1 -3  1  1 -2 -1 -2 -2  3 -2 -3 -2  0 -1 -3 -2 -1 1 0 0 1 0.23
-2  2 -3 -3 -2 -2 -2 -4 -3  4  1  0  0 -1 -3 -2 -1 -3 -2  3 1 0 0 0 0.17
 0  0 -1 -2 -3 -1 -2  5 -2 -4 -3  2 -3  0 -2  1 -1 -3 -2 -3 1 0 0 1 0.15
 1 -1  3  0 -4  1  5 -2 -1 -4 -4  0 -3 -4 -2  0 -1 -4 -3 -3 1 0 0 1 0.14
-2 -1 -3 -3 -2 -1 -2 -4 -3  3  3  2  1 -1 -3 -2 -1 -3 -2  2 1 0 0 0 0.15
-2  1  3  3 -4  0  2 -2 -1 -3 -2  3 -2 -3 -2  0 -1 -4 -3 -3 1 0 0 1 0.13
-1 -1  3  0 -2  2  2 -2 -1 -3 -3  0 -2 -3 -2  2  2 -4 -2 -2 1 0 0 1 0.14
 1  2 -1 -1 -3  2  3 -1 -1 -2 -3  3 -2 -3 -2  0 -1 -3 -2 -2 1 0 0 1 0.14
 0 -2 -2 -2 -2 -2 -2 -1 -3  4  0  0  1 -2 -2  2  0 -3 -2  1 1 0 0 0 0.12
 0  0  3  0 -3  0  1  3  2 -3 -2  1 -2 -3 -2  1 -1 -3 -2 -3 1 0 0 1 0.11
 0  1  0  5 -4  2  3 -2 -1 -4 -3  0 -3 -3 -2 -1 -2 -3  0 -3 1 0 0 1 0.11
-2  2 -3 -3 -2 -1 -2 -4 -3  2  4  0  1 -1 -3 -2 -2 -3 -2  0 1 0 0 0 0.10
-2  4  2 -1 -4  1  2 -2 -1 -3 -3  4  0 -4 -2 -1 -1 -4 -3 -3 1 0 0 1 0.08
-1  2 -1 -1 -4  0  1  0 -2 -3 -2  5 -2 -4 -2 -1  0 -4 -3 -3 1 0 0 1 0.07
 3 -2  0 -2 -2 -1  0 -1  4  1 -2 -1 -1 -2  1  0 -1 -3 -1  0 1 0 0 0 0.06
-2 -3 -4 -4 -2 -3 -4 -4 -4  4  3 -3  1 -1 -3 -3 -1 -3 -2  3 1 0 0 0 0.03
-2 -1  4  2 -3  0  2 -2 -1  0  0 -1  0 -3 -2  0 -1 -4 -2  0 1 0 0 1 0.03
-2  0 -1  1 -4  1  5 -3 -1 -4 -4  3 -3 -4 -2 -1 -2 -4 -3 -3 1 0 0 0 0.03
-2 -3 -4 -4 -2 -3 -4 -5 -3  2  5 -3  1  0 -4 -3 -2 -2  1  0 1 0 0 0 0.03
 0  2 -1  0 -4  1  3 -2 -1 -3 -3  4 -2 -4 -2 -1  0 -4 -3 -3 0 0 1 1 0.03
 0  1  0  1 -3  0  1 -2 -1 -3 -3  3 -2 -3 -2  3  0 -4 -2 -3 0 0 1 1 0.03
 3 -3 -3 -3 -1 -2 -2 -2 -3  1  0 -2  0 -2 -2 -1 -1 -3 -2  3 0 0 1 0 0.03
-1  2  1  0 -3  1  2  0  2 -3 -3  3 -2 -3 -2  0 -1 -3 -2 -3 0 0 1 1 0.03
 0  1 -1 -2 -3 -1  0  5 -2 -4 -3 -1 -3 -3 -2 -1 -2 -3 -3 -3 0 1 0 1 0.03
-1  4 -1 -1 -3  2  0 -2 -1 -2 -2  4 -1 -3 -2 -1  0 -3 -2 -1 0 1 0 1 0.03
-1 -4 -3 -4 10 -3 -4 -3 -3 -2 -2 -3 -2 -3 -3  0 -1 -3 -3 -2 0 0 1 0 0.03
-2 -3 -2 -2 -3 -2  1 -3 -3 -3 -3 -2 -3 -4  8 -2 -2 -4 -3 -3 0 0 1 1 0.04
-1 -1 -3 -3 -2 -2 -2 -3 -3  2  2  1  0 -1 -2 -2 -1 -3 -2  3 0 0 1 0 0.04
-1 -4 -3 -4 10 -3 -4 -3 -3 -2 -2 -3 -2 -3 -3  0 -1 -3 -3 -2 0 0 1 0 0.04
-1  0  2 -1 -3  0  0  4 -1 -4 -4  3 -3 -4 -2  1 -1 -4 -3 -3 0 0 1 1 0.04
 0  5 -1 -2 -3  0 -1 -2 -1 -3 -3  1 -2 -3 -2  1  2 -4 -3 -2 0 0 1 1 0.05
-1 -2 -1  0 -4  0  5 -3 -2 -4 -4 -1 -3 -4  5  0 -1 -4 -3 -3 0 1 0 1 0.05
 0 -3 -4 -4 -2 -3 -3 -4 -4  3  4 -3  1 -1 -3 -2 -1 -3 -2  2 0 1 0 0 0.05
-1  0  0  4 -3  1  1 -2 -2 -2 -3 -1 -2 -3 -2  1  4 -4 -3 -2 0 0 1 1 0.05
-2  1 -1  3 -4  1  5 -3 -1 -4 -4  0 -3 -4 -2  1 -1 -4 -3 -3 1 0 0 1 0.05
-2  0  1  0 -4  2  5 -3 -1 -2 -3  2 -2 -4 -2 -1  0 -4 -3 -3 1 0 0 1 0.06
-2  2 -1 -2 -4  0  1 -3  7 -4 -4  3 -2 -3 -3 -1 -2 -4  0 -4 1 0 0 1 0.06
-2  6 -1 -2 -4  0 -1 -3 -1 -4 -3  4 -2 -4 -3 -1 -2 -4 -3 -3 1 0 0 0 0.06
 0  1  1 -1 -3  2  2 -2 -1 -2 -1  3  2 -3 -2 -1 -1 -3 -2 -2 1 0 0 1 0.05
-2  2  1  3 -4  1  4 -1 -1 -4 -3  1 -3 -4 -2 -1  0 -4 -3 -3 1 0 0 1 0.05
-2 -3 -3  0 -2 -3 -3 -4 -4  1  5 -3  1 -1 -4 -3 -2 -3 -2  0 1 0 0 0 0.05
-2 -3 -4 -4 -2 -3 -3 -4 -3  5  2 -1  3 -1 -3 -3 -1 -3 -2  1 1 0 0 0 0.05
 0  1  3  0 -3  2  2 -2 -1 -3 -3  1 -2 -3 -2  2  1 -3 -2 -2 1 0 0 1 0.04
-1  3 -1 -1 -4  3  3 -2 -1 -4 -3  4 -2 -4 -2  0 -1 -3 -2 -3 1 0 0 1 0.05
-2 -2 -2 -3 -3 -2 -2 -4  4 -2 -1  0 -1  2 -3 -2  0  5  6 -2 1 0 0 0 0.05
-1  2  1 -1 -2  1  1 -2  1 -1 -1  2 -1 -3 -2  1  2 -3 -2 -1 1 0 0 1 0.05
 1  0 -1 -1 -2  0  1 -2 -2 -1  1  1  0  0 -2  1  0 -2 -1 -1 1 0 0 1 0.05
-2  0  1  1 -4  4  5 -3 -1 -4 -4  2 -2 -4 -2 -1 -1 -4 -3 -3 1 0 0 1 0.06
-2 -1 -3 -3 -2 -2 -2 -4 -3  3  3  2  2 -1 -3 -2 -1 -3 -2  1 1 0 0 0 0.06
-1  1  2  1 -3  0  2 -2 -1 -2 -3  3 -2 -3 -2  1 -1 -4 -2 -1 1 0 0 1 0.07
 0  1  2  2 -3  0  2  1 -1 -3 -3  1 -2 -3 -2  1  1 -3 -2 -2 1 0 0 1 0.07
-1  1  0 -2 -2 -1  0 -3 -2  2  1  2  1 -1 -2 -1 -1 -3  0  1 1 0 0 0 0.08
 0  1 -1 -1 -3  0  3 -2  2 -2 -1  1 -1 -1 -2  1  0 -2  2 -2 1 0 0 1 0.09
-1  0  3  0 -3  0  3  0 -1 -3 -3  2 -2 -4 -2  0  1 -4 -3 -3 1 0 0 1 0.09
-2  2 -1  2 -4  1  4 -3 -1 -4 -3  3 -2 -4 -2 -1  0 -4 -3 -3 1 0 0 1 0.10
-2 -3 -4 -4 -2 -3 -3 -4 -3  3  4 -1  2  0 -3 -3 -1 -3 -2  2 1 0 0 0 0.10
 1  2 -1 -1 -3  1  3 -2 -1 -2 -2  3 -2 -3 -2  1 -1 -3 -2  0 1 0 0 1 0.10
-2  4  0  1 -4  1  3 -3 -1 -2 -3  2 -2 -4 -2 -1 -1 -4 -3 -3 1 0 0 1 0.12
 1 -3 -3 -3 -2 -2 -3 -3 -3  2  2 -2  0  1 -3 -1  1  4 -1  1 1 0 0 0 0.12
-1  1  3  3 -3  0  2 -2 -1 -1 -2  2  0 -3 -2  0  0 -4 -2 -2 1 0 0 1 0.12
 1  1 -1  1 -3  1  3 -2  1 -3 -3  2 -2 -3 -2  1  0 -3 -2 -2 1 0 0 1 0.13
-1  2  1  0 -3  2  2  0 -1 -1 -2  2 -2 -3 -2  0 -1 -3 -2 -2 1 0 0 1 0.13
-2 -1 -2 -1 -3  0  3 -3 -2  2  1  2  0 -2 -2 -2 -1 -3 -2  0 1 0 0 1 0.11
 0  2  0 -1 -3  1  1 -1 -1 -2 -2  2 -1 -3 -2  1  0 -3 -2 -1 1 0 0 1 0.10
-1  0 -1  0 -4  3  4 -3 -1 -4 -3  3 -2 -4 -2 -1  0 -4 -3 -3 1 0 0 1 0.11
-2 -3 -4 -4  3 -3 -4 -4 -4  4  3 -3  3 -1 -4 -3 -2 -3 -2  1 1 0 0 0 0.10
-2  4  0  1 -4  1  3 -3 -1 -4 -3  2 -2 -4 -2  0 -1 -4 -3 -3 1 0 0 1 0.13
 2  2  0 -1 -3  0  1 -2 -1 -2 -2  4 -2 -3 -2  0 -1 -3 -2  0 1 0 0 1 0.13
-2  1  0  1 -4  1  5 -3 -1 -3 -3  2  1 -4 -2  0 -1 -4 -3 -3 1 0 0 0 0.12
 0 -3 -4 -4 -2 -3 -3 -3 -3  3  3 -3  2  0 -3 -2 -1 -2 -1  2 1 0 0 0 0.09
-1  3 -1  0 -3  0  3 -3 -1 -1 -2  1 -2 -3 -2  0  0 -3 -2  0 1 0 0 1 0.08
-1  2  1  0 -4  1  3 -2 -1 -3 -3  4 -2 -4 -2 -1  1 -4 -3 -3 1 0 0 1 0.09
-2  0 -4 -4 -2 -2 -3 -4 -3  3  3 -2  1 -1 -3 -3 -1 -3 -2  2 1 0 0 0 0.07
-2 -1  2  2 -4  2  4 -2 -1 -2 -3  0 -2 -4 -2 -1  0 -4 -3 -1 1 0 0 1 0.08
-2  2  4  0 -3  1  1 -1 -1 -1 -2  3  1 -3 -2  0  0 -4 -2 -2 1 0 0 1 0.09
 0 -1 -1  1 -3  2  4 -3 -1 -1 -2  1  1  0 -2 -1  0 -3 -2 -1 1 0 0 1 0.09
-2  0 -3 -4 -2 -2 -3 -4 -3  3  3  0  3 -1 -3 -3 -2 -3 -2  1 1 0 0 0 0.08
 1  3 -1  0 -3  0  2 -2 -1 -3 -1  2 -2 -3 -2  1 -1 -3 -2 -2 1 0 0 1 0.09
-2  3 -1 -1 -4  2  3 -1  3 -4 -3  3 -2 -4 -2 -1 -2 -3 -2 -3 1 0 0 1 0.14
-2  1 -2 -1 -3  2  3 -3 -1  1  1  0  0  0 -2 -1 -1 -2  1 -1 0 0 1 1 0.15
 0  2 -1  0 -2  1  2  0 -1 -2 -3  1 -2 -3  1  1  0 -3 -2 -1 0 0 1 1 0.21
-1  0  0  2 -3  2  4 -2 -1 -3 -3  0 -2 -4  1  0  0 -4 -3 -2 0 0 1 1 0.18
-2 -3 -4 -4 -2 -2 -3 -4 -2  2  4 -3  4  1 -3 -3 -2 -2  1  1 1 0 0 0 0.24
-1  3  0 -2 -3  0 -1 -2 -1  0  0  3 -1  0 -2  0 -1 -3 -2 -1 1 0 0 1 0.19
 0  0  0  1 -2  0  1 -2 -1 -2 -2  3 -2 -3 -1  1  3 -3 -2 -2 1 0 0 1 0.28
-1 -2 -2 -3 -2  1 -2 -3 -2  2  2 -2  1 -1 -3 -2  0 -2 -2  2 1 0 0 0 0.41
 2  1 -1  2 -2  0  1 -1 -1 -3 -3  2 -2 -3 -1  0 -1 -3 -2 -2 0 0 1 1 0.41
-1 -1  0  2 -4  1  6 -2 -1 -4 -3  0 -3 -4 -2 -1 -1 -3 -3 -3 0 0 1 1 0.53
