 3 -2 -1 -2 -1 -1 -1 -1 -2  0 -1 -1 -1 -2 -1  2  0 -3 -2  1 0 0 1 1 0.78
-1 -3 -3 -2 -4 -2 -2 -3 -3 -3 -4 -2 -3 -4  8 -1 -2 -4 -4 -3 0 0 1 1 0.67
 3 -2 -1 -2 -1  1 -1  1 -2 -2 -3 -1 -2 -3 -2  3  1 -3 -2 -1 0 0 1 1 0.56
-1  1  0  5 -4  2  1 -2 -2 -4 -4  0 -3 -4  2  0 -2 -4 -3 -3 0 0 1 1 0.42
-1  4 -1  0 -3  2  0 -3 -1 -2  0  4 -1 -3 -2 -1  0 -3 -2 -2 1 0 0 1 0.44
 1 -2 -2 -2 -2  2  1 -2 -2 -1  0 -1 -1 -3  4 -1  1 -3 -3 -1 1 0 0 1 0.27
 1  1 -1 -1 -2  3  1 -2  2 -2 -2  0 -1 -3 -2  2  2 -3 -2 -2 1 0 0 1 0.28
 1  0 -3 -1 -2 -2 -2 -3 -3  2 -1 -2 -1 -2  2 -1  0 -3  1  4 1 0 0 0 0.51
-2  1 -1 -3 -2 -2  1 -4 -3  1  4 -2  1 -1 -3 -2  0 -3 -2  0 1 0 0 0 0.48
 3 -1 -1 -2 -2  2  0 -1 -2 -2 -1  0 -1 -3 -2  2  2 -3 -2 -1 1 0 0 1 0.34
 3  0  0 -2 -2 -1 -2  0 -2 -2  0 -1 -1 -3 -2  3  1 -3 -2  0 1 0 0 1 0.24
-2 -3 -3 -4 -3 -3 -3 -4 -3  0  1 -3 -1  2  3 -2  1  8  1  0 0 0 1 0 0.24
 0 -2  0  2 -2 -2 -1 -1 -3  0 -1 -2 -2 -3  1  0  4 -4 -3  0 0 0 1 0 0.17
 0  1  3 -1 -4  6  0 -3 -1 -4 -4  1 -2 -4 -3 -1  0  2 -3 -3 0 0 1 1 0.17
-1  0 -2  0 -2 -2  0 -3 -2  0  2 -2 -1 -1 -1  0  3 -2  2  0 0 0 1 1 0.19
-1 -3 -2  1 -2 -2 -2 -1 -3  1  2 -2  0  1 -3  3  0 -3 -2  1 0 0 1 1 0.18
 2 -3 -2 -2 -2 -2  0 -1 -2  0 -2 -2 -1  4  2  0 -1 -2  1  0 1 0 0 1 0.15
 2  0  1 -1 -2 -1 -2  0 -2 -3 -3 -1 -3 -4  0  4  2  2 -3 -3 1 0 0 1 0.11
 1  0  0 -1 -2 -1 -1 -1  2 -1 -1 -1  0 -3 -2  3  1 -3 -1  0 1 0 0 0 0.08
-2 -2 -2  0 -3  0 -2 -4  0  0 -1 -1  2  0 -2  0  3 -1  5 -1 1 0 0 0 0.05
 1 -2  3  1 -3 -1 -1  1 -2 -2  0  0  0 -3  0  0  0 -4 -3 -2 1 0 0 1 0.04
 3 -2 -1  2 -3 -1  1  0 -2 -3 -3 -2 -3 -3  3  0  1 -4  0 -2 1 0 0 1 0.03
-2 -3 -3 -1 -4  2 -1 -3 -2 -3 -3 -3 -2  5 -4  0 -1  8  4 -3 1 0 0 0 0.03
 0 -3  0 -3 -3 -1 -3 -1 -2  1  1 -3 -1  5 -4 -1  0 -2  2  1 1 0 0 0 0.03
 2 -1 -1 -1  1 -1  0 -2 -3  1 -2  0 -2 -1  0  0  3 -4 -2  0 1 0 0 1 0.03
 4  0 -1 -1 -2 -2 -1 -2 -3 -1 -1 -2 -2 -2 -3  1  0 -3  0  0 1 0 0 0 0.04
-1  5 -1  2 -4  0  2 -3  1 -3 -4  1 -3 -3  0 -2 -2 -3  1 -4 1 0 0 1 0.03
 1  5  3 -2 -4  1  0 -2 -2 -4 -4  2 -3 -4 -3  1  0 -4 -3 -3 1 0 0 1 0.04
 1 -1  5  1 -3 -1 -1  0  2 -4 -4  0 -3 -4  0  0  0 -4 -2 -3 0 0 1 1 0.05
 0  4 -1 -2 -3  2  0  0  2 -3 -2  1 -2  0 -2 -1 -1 -2  2 -2 1 0 0 1 0.06
 1  1  1  1  2  0  0  0 -1 -2 -1  0 -2 -2  0  1  1 -3 -2 -1 1 0 0 1 0.08
 3  0  0  0 -3 -1 -1  3 -1 -3 -2 -1 -2 -3  1  0 -2 -3  0 -2 1 0 0 1 0.07
-1  1  1 -1 -4 -2 -1 -1 -2 -2 -3  1 -3 -2  5  0 -1  6 -1 -3 1 0 0 1 0.06
 1  0  1  3  1 -1 -1  0 -2 -2 -1 -1 -1  0  0  1 -1 -3 -1 -2 1 0 0 1 0.04
 2 -1 -2 -1  0 -2  0  1 -2 -3 -3 -2 -3 -3  5  0 -1  2  1 -2 1 0 0 1 0.03
-1 -2 -2 -2 -3 -2 -2  1 -1 -2 -2 -1 -2  0  4  0 -2 -1  5 -1 1 0 0 0 0.02
-1  0  3  0  0  2  1  3 -1 -3 -2  0 -2 -3 -1  0  1 -3 -3 -3 0 0 1 1 0.02
-2 -3 -3 -3  1 -3 -3 -3 -3  1  3 -2  0  4  0 -2 -1 -1  1  0 0 0 1 0 0.01
-3  0  2  6 -4 -2 -1 -1 -3  0 -3 -2 -3 -4 -3 -2 -2 -5 -4  0 0 0 1 1 0.01
-1 -4 -5 -6 -4 -4 -5 -4 -4 -5 -4 -2 -4  0 -5 -4 -4 12  0 -5 0 0 1 0 0.01
 0  0  0  0 -3 -1 -1  0  0 -3 -3  0 -2 -3 -2  3  2  5  0 -1 0 0 1 1 0.01
-1  0  3 -1 -3 -2 -2 -1  1 -2 -2  0 -2 -3 -3  3  2  4 -2 -3 0 0 1 1 0.01
-4 -4  3  7 -6 -3 -1 -2 -3 -6 -6 -1 -6 -6 -4 -3 -3 -7 -6 -6 0 0 1 1 0.01
-2 -4  0 -3 -5 -2 -2  6 -1 -5 -2 -2 -4 -3 -4 -1 -3  1  3 -5 0 0 1 1 0.01
-4 -7 -6 -7 11 -6 -7 -6  0 -5 -2 -6 -5 -6 -6 -4 -4 -6 -6 -4 0 0 1 0 0.01
-2 -3 -1 -3 -3  0 -2 -3 -3 -4 -4 -1 -3 -4 -3  5  4  5 -3 -3 0 0 1 1 0.01
 1 -1 -1 -1 -2 -1 -2 -2  0  0  0 -1  1  1  0  2  0  3  2  1 0 0 1 1 0.01
 2 -3 -2 -2 -3 -2 -1 -1 -3 -3 -3 -2 -3 -4  4  4  1 -4 -3 -1 0 0 1 1 0.01
-2 -3 -4 -1 -5 -1 -2  0 -4 -5 -4 -2 -5 -6  8 -3 -2 -6 -5 -5 0 0 1 1 0.01
-4 -4  0  7 -5 -1 -1  0 -3 -5 -5 -3 -5 -5 -1 -1 -1 -6 -5 -5 0 0 1 1 0.01
-1  2  3  1 -3  1  1 -1  0 -2  0  2 -1 -2 -3 -1 -2 -3 -1 -2 0 0 1 1 0.01
-2 -5 -4 -4 -5 -4 -4  1 -4 -5 -3 -4 -4 -5  8 -1 -3  3  0 -2 0 0 1 1 0.01
-1 -1 -2  0 -3 -1 -3 -1 -2 -1  2 -3  0  5 -4 -1  0  4  1 -1 0 0 1 1 0.01
-1 -1  1 -2 -4 -1 -4  6 -4 -5 -3 -1 -2 -1 -4 -2 -3 -4 -2 -5 0 0 1 1 0.01
 0 -4 -4 -5 -4 -4 -4 -1 -2 -3 -1 -2 -2  6 -5 -3 -3  6  5 -1 0 0 1 0 0.00
-2 -2  3  4 -4  0  2 -2 -2 -4 -4  0 -3 -4  4 -2  0 -5 -4 -2 0 0 1 1 0.00
-5 -5 -6 -6 -5 -5 -6 -6 -3 -1 -2 -6 -3  9 -6 -5 -5 -2  4 -3 0 0 1 0 0.00
 0  2 -1 -2 -2  0  0  0  0 -1  0  1 -1 -2 -2  1  1 -3 -1  0 1 0 0 1 0.00
-1 -2 -1  1 -4 -2  0  1 -3 -4 -2 -2 -2 -4  6 -2  1  0 -2 -3 1 0 0 1 0.00
 5 -3 -3 -3  2 -2 -3 -1 -3 -3 -3 -2 -3 -4  3  3 -2 -4 -4 -3 1 0 0 0 0.00
-3 -5 -5 -5 11 -5 -6 -5 -5 -4 -4 -5 -4 -5 -5 -4 -4 -5 -5 -4 1 0 0 0 0.00
 1  2  3  1 -3  2  0 -2  4 -2 -2 -1 -2 -2 -2 -1  0 -1  0  0 1 0 0 0 0.00
 0  6 -2 -3 -4  1 -2 -3  0 -2 -3  0  2 -1 -3  0 -2  2 -3  0 1 0 0 0 0.00
-4 -3 -2 -4 -5 -3 -3 -5 11 -5 -5 -4 -4 -4 -5 -4 -4 -5 -1 -5 1 0 0 0 0.00
-4 -4 -1  8 -5 -3 -1 -4 -4 -5 -5 -3 -5 -5 -4 -3 -3 -6 -5 -5 1 0 0 0 0.00
-2 -2 -4 -3 -3 -3 -4 -4  0  0  1 -4  1  7 -4 -3 -3 -1  3  0 1 0 0 0 0.00
 1 -4 -3 -3  7 -3 -4  5 -4 -4 -4 -3 -4 -4 -3 -2 -3 -4 -4 -3 1 0 0 0 0.00
-4 -4 -4 -5 -4 -4 -4 -5 -1 -4 -3 -4  1  0 -5 -4 -4 -1  9 -4 1 0 0 0 0.01
-1  6 -1  2 -4  2 -1 -1  1 -4 -3  0 -3 -3 -3 -2 -2  2 -2 -3 1 0 0 1 0.01
 0 -2  6  0  3 -1 -1 -1 -1 -3 -1 -2 -2 -3 -2  0  0 -3 -3 -3 1 0 0 0 0.01
 0 -2 -1 -3 -2 -2 -2 -1  0 -1  1 -1 -1  2 -2 -2 -1  0  6  0 1 0 0 0 0.01
-1  3 -1  0 -3  1 -1  0 -2 -2 -2  4 -2 -3  0 -1 -1  1 -2 -2 1 0 0 1 0.01
 3  1  0 -2  1 -1 -1  0 -2 -1 -1  1 -1 -2 -2 -1 -1 -2  2  1 1 0 0 1 0.02
 1  0  0 -2 -3  4 -1  0  0 -2 -2 -1  0 -1 -1  0 -2 -2  2 -1 0 0 1 1 0.03
-1 -1  2  0 -3 -1  1  4  0 -3 -3  0 -3 -2  2  0 -1 -3 -1 -3 0 0 1 1 0.03
-1  4  0 -1 -3  1  0  0  1 -1 -2  1 -2 -3 -1  0  0 -3 -1 -1 0 0 1 1 0.04
-1  0 -2 -3  2 -2 -3  0 -2 -1  0 -2 -1  5 -3 -1  0 -1  2 -1 0 0 1 0 0.03
-1  0  0  3 -3 -1  1  0  0 -3 -3  0  0 -2 -1  1  2 -3  1 -2 1 0 0 1 0.04
 3  0  1 -1 -2  0  0 -1 -2 -3 -3  0 -2 -3  1  1  1  4 -2 -2 1 0 0 1 0.03
-1 -2  4  3 -3 -1  0  1  0 -3 -2  0 -1 -3  0 -1  1 -3 -1 -2 1 0 0 0 0.03
-3  6 -1 -3  1  1 -2 -4 -3 -5 -5  5 -4 -5 -4 -3 -3 -5 -4 -5 1 0 0 0 0.02
 0  1 -1  1 -3  1  1 -1  2 -2  0  3 -1 -2 -2  1 -1 -1 -2 -2 1 0 0 1 0.02
 1  4 -1 -1 -3  1 -1 -2  3 -1 -1  1 -2 -1 -2 -1 -1  0  0 -2 1 0 0 0 0.01
 0 -4 -4 -4  6 -4 -4 -4 -4  5  2 -4 -1 -2 -4 -1 -2 -4 -3  1 1 0 0 0 0.01
-4 -4  0  8 -6 -3 -1 -4 -4 -5 -6 -3 -5 -6 -4 -3 -4 -6 -5 -5 1 0 0 0 0.01
 0  0  2  4 -3  0  2  0 -2 -3 -1 -1 -2 -4  0  1  0 -4 -3 -2 1 0 0 1 0.01
 2  2  4  0 -3  2  0 -2 -2 -2 -2  0 -1 -3 -3 -1 -1  0 -1 -1 1 0 0 0 0.01
-5 -5 -6 -6 -5 -6 -6 -6 -4 -3  2 -6 -2  8 -6 -5 -5 -2  0 -3 1 0 0 0 0.01
-2  1 -2 -3 -4 -1  1 -4  2 -3  1  3 -2 -1 -3  0 -2  3  4 -2 1 0 0 0 0.01
 1  1  1 -1 -3  0  2 -2 -2 -2 -3  2 -2 -3 -2  1  2 -4 -2  0 1 0 0 1 0.01
-4 -2  3  7  0 -1  1 -3  0 -5 -5 -3 -5 -5 -4 -2 -1  2 -4 -5 1 0 0 0 0.01
-1 -4 -5 -5 -4 -3 -5 -5 -4  0  5 -4  7 -2 -5 -4 -3 -4 -3 -2 1 0 0 0 0.01
-2  2  0 -3 -4 -1 -2 -3  4 -3 -2  2 -1  0 -3  0 -1  1  5 -1 1 0 0 1 0.01
 1  3  1  0 -3 -1 -1  0  0 -2 -2  0 -2  0 -2  1  1 -3  2 -2 1 0 0 1 0.01
-1 -1 -3 -3 -3  4  0 -4 -3  2 -1 -2 -1 -3 -3 -2  2  1  0  3 1 0 0 1 0.01
-4 -6 -6 -6 11 -6 -7 -6 -6 -5 -5 -6 -5 -6 -6 -4 -1 -6 -6 -4 1 0 0 0 0.01
 2  0  2  2 -3  1  1  0 -2 -2 -3  1 -2 -4  0  1  0 -4 -3 -2 0 0 1 1 0.01
 1  0  0 -1 -2  1  0  1 -1 -2 -2  2 -2 -3  0  1  1 -3 -2 -2 0 0 1 1 0.01
-1  1  1 -1 -3  0  1 -2  0 -1 -1  1 -1  1 -3 -1 -2 -1  4  1 0 0 1 1 0.02
 0  0  1  0 -3 -1 -1  0 -2 -3 -2  1 -2 -1  1  2  0 -3  1 -2 0 0 1 1 0.02
 1  0  0  0 -3  0 -1  3  0 -1 -2 -1 -2  0 -1  1 -1  5 -2 -2 1 0 0 1 0.02
 0  0  1  0 -2 -1  0  0 -2 -1  1  0 -1  0  1  0 -1  4  0  0 1 0 0 1 0.02
 0  2  0 -2 -2  1  0 -1  1 -1  0  1 -1  0 -2  1  1  1  0  1 1 0 0 1 0.01
-2  5  0 -1 -4  1  0  1 -2 -3 -3  3 -1 -4 -1 -1 -1 -4 -1 -2 1 0 0 1 0.01
 1 -1 -1 -1 -2  0  0  1 -2 -1 -2  0 -1 -1  2  0  1  2  1  0 1 0 0 1 0.01
 2  0 -2 -2 -2 -1  0  0  0  0  0 -1  0 -1 -1  0  0  0 -2  1 1 0 0 0 0.01
-4 -6 -3 -6 11 -6 -6 -5 -6 -4 -5 -6 -5 -5 -5 -4 -4 -5 -5 -4 1 0 0 0 0.01
-2  3  2  1 -1  0  1 -1  0 -4 -3  3 -3 -2 -3 -2 -2 -1  2 -1 1 0 0 1 0.01
 2  2  0 -2 -3 -2 -1  2 -2 -2 -1  0  0 -1 -3  2 -1 -4 -1 -1 1 0 0 1 0.01
 2 -4 -3 -2 -3 -3 -3 -4 -4  1  2 -3  1 -2 -4 -2  3  2 -1  2 1 0 0 0 0.01
 7 -5 -5 -5 -4 -4 -4 -3 -5 -5 -5 -4 -4 -6 -4 -2 -1 -6 -5 -3 1 0 0 0 0.01
-1 -2  3  4 -4  1  0 -2  0 -5 -3  1 -4 -3 -4  1 -2  6  2 -4 1 0 0 1 0.00
 1 -4 -4 -4 -3 -3 -4  0 -4  2  1 -4  0 -3 -4 -2  2 -4 -3  4 1 0 0 1 0.00
-5 -5 -6 -7 -6 -5 -6 -7 -2 -5 -4 -6  3  2 -7 -5 -5 -1  9 -5 1 0 0 0 0.01
-5 -5 -5 -6 -6 -5 -5 -6  4 -5 -4 -5 -4  2 -6 -5 -5  4  9 -4 1 0 0 0 0.01
 1  1  0 -1 -3  3  1 -1  1 -2 -1  1 -2 -1 -3 -1  0  4  0 -1 1 0 0 1 0.00
 6 -2 -2 -4 -3 -1 -3  2 -4 -4 -4 -3 -2  0 -4 -2 -3 -5 -4 -2 1 0 0 0 0.01
-1 -5 -6 -6 -4 -5 -5 -6 -6  0 -2 -5 -2 -4 -5 -3  0 -6 -4  7 1 0 0 0 0.01
-2  7 -2 -3 -5  1 -2 -3 -1 -5 -5  2 -4 -2 -4  0 -3  1 -4 -4 1 0 0 1 0.02
 2  1  0 -2 -2  0 -1 -2  1  1  0  2  0 -2 -3 -1  1 -3 -1  0 1 0 0 1 0.03
-3 -5 -5 -6  2 -5 -5  1  1 -3  1 -5 -2  8 -6 -4 -4 -2  0 -3 0 0 1 1 0.06
-3 -5 -3 -4 -5 -5 -5  7 -5 -7 -7 -4 -6 -6 -5 -3 -4 -5 -6 -6 0 0 1 1 0.15
