 0 -2 -2 -3 -1 -2 -2 -3 -3  2  1 -2  3 -1 -2 -1  2 -3 -1  3 0 0 1 1 0.84
 1 -2 -1 -2  1 -2 -2  4 -2 -2 -2 -2  3 -3  0  1 -1 -3 -3 -2 0 0 1 1 0.68
 2 -3  0 -2 -2 -2 -2  4 -2  0 -2 -2  2 -3 -2 -1 -1 -3 -3  0 0 0 1 1 0.52
-3 -4 -4 -5 -4 -4 -4 -1 -1 -2 -1 -4  2  7 -5 -3 -3  0  6 -2 1 0 0 0 0.39
-3  6  0  1 -5  1 -1 -3  1 -4 -4  2 -3 -4 -3 -2  0 -4 -3 -4 0 0 1 1 0.25
-1 -3 -1 -2 -3 -2 -2  0 -3 -4 -4 -2 -3 -4 -3  6  0 -5 -4 -4 0 0 1 1 0.15
 0  2 -1  0 -3  0  0  4 -2 -4 -4  0 -3 -3 -3  1 -2 -3  0 -4 1 0 0 1 0.12
-3 -3 -5 -5 -3 -1 -4 -5 -4  0  5 -4  0  3 -4 -4 -3  6 -1 -1 1 0 0 0 0.09
-3 -2 -2  0 -6  1  7 -4 -2 -5 -5 -1 -4 -5 -3 -2 -3 -5 -4 -5 1 0 0 0 0.06
 1 -1 -1  2 -3  0  4 -2  1 -1 -2  0 -2 -3 -2 -1  0 -3 -1 -1 1 0 0 1 0.04
-2  3  1  1 -4  1  2 -3  1 -3 -1  3 -2 -3 -2  0 -2 -4 -2 -2 1 0 0 1 0.03
-1 -3  1 -3 -3 -3 -3 -4 -3  2  0 -3 -1  3 -4 -2 -1  5 -1  4 1 0 0 0 0.02
 4 -3 -2 -3 -2 -1 -2  1  1 -3 -3 -2  0 -3 -2  2 -1 -3  0 -1 1 0 0 0 0.01
 2  2  0  1 -3  1  0 -2 -2 -3 -3  4 -2 -4 -2 -1 -1 -4 -3 -1 1 0 0 1 0.01
 0  1  1 -1  0  3 -1 -3  2 -1  2 -1 -1  1 -3 -1 -1  2  1 -2 1 0 0 0 0.01
-3 -4 -5 -5  2 -4 -4 -5 -4  0  5 -4  3  1 -4 -4 -3 -3  0  0 1 0 0 0 0.01
-2  1  1  4  0  1  3 -3 -2 -3 -2  0 -2 -4  1  0  0 -4 -3 -2 1 0 0 1 0.01
 0  0  1  0 -3  1  0  1 -1 -3 -3  2 -2  0  1  1  0 -3  0 -2 1 0 0 1 0.01
 0  0 -1 -2  1 -1 -1 -2  0  0  2  1  1  1 -2 -1 -1 -2  2  0 0 0 1 1 0.01
-1 -1  3  0 -3 -2 -2  5 -2 -4 -4  0 -3 -4 -3  0 -2 -4 -3 -4 0 0 1 1 0.01
 0 -3 -3 -3 -2 -3 -3 -2 -3  4  1 -3  1  1 -3 -2 -1 -3 -2  4 0 0 1 0 0.01
 1  1 -1  1 -2  0  2 -1 -1 -2 -1  2 -2 -3  3  0  0 -3 -2 -2 0 0 1 1 0.01
 0 -2 -3 -3 -2 -2 -3 -3 -1 -2 -2 -2 -2  4 -1 -2 -2  8  5  0 0 0 1 0 0.01
-1 -1 -1  2 -3  1  3 -1  2 -1 -1  0 -1 -2 -2  0  1 -3 -2  0 0 1 0 1 0.01
-4 -1 -1 -1 -4 -3 -4 -5 -1 -3 -2 -4 -3  5 -5 -3 -3  0  8 -3 0 1 0 1 0.01
-3 -2 -2  0 -6  0  7 -1 -2 -5 -5  1 -4 -5 -3 -2 -3 -5 -4 -4 0 0 1 1 0.01
 0 -1 -1 -2  2  0  0 -1 -2  0 -1 -1 -1 -3  4  2  1 -3 -3  0 0 0 1 0 0.01
-2  0  0  1 -1  0  2 -3  2 -2 -1 -1 -2  1  0  0  1  5  0  0 0 1 0 0 0.01
-1  3 -1 -2 -3  0  0 -1  0 -3 -3  3 -2  0  0  2  0  3  0 -2 0 1 0 1 0.01
-2 -3 -3 -3 -2 -2  0 -4 -3  3  1 -3  0  3  0 -3 -2 -2  1  2 0 1 0 0 0.01
-1  0  1 -1 -3  0 -2 -1 -2 -3 -3  0 -3 -4  6  1 -2 -4 -3 -1 0 1 0 1 0.01
-3 -3 -3 -4 -4 -3 -3 -1  0 -3 -1 -1 -3  1 -4 -3 -3  5  8 -3 0 1 0 0 0.01
-1 -3 -2 -1 -2 -2 -1 -3 -3  2 -1 -2 -1  0  1  0  2 -3 -2  4 0 1 0 1 0.01
-1 -1 -3 -3 -2 -2 -1 -1 -3  3  1 -1  0 -1 -3 -2 -1  4 -1  3 0 1 0 1 0.01
 0 -1  0  0 -2  0  2 -2  1 -2 -2  1 -2 -2  5 -1  0 -2  1 -2 0 0 1 1 0.01
 3  0  1 -1 -1  0  0  0 -1 -1  0 -1 -1 -2 -1  1  0 -2 -2 -1 0 0 1 1 0.01
 0  1 -1  0 -2  0  1  1 -1 -2 -2  1 -2 -3  0  2  2 -3 -2 -1 0 1 0 1 0.01
-1 -1  2  1 -3  2  2 -1  1 -2 -3  1 -2 -3  0  1  1 -3 -1 -1 0 1 0 1 0.01
 1 -1 -1 -2 -3  0  0 -2  8 -3 -3 -1 -2 -3 -2  1 -2 -3  0 -3 0 1 0 1 0.01
 0  0  1 -2  0  0 -1 -2  0 -1  0  2  1 -2  0  0  2 -3  0  0 0 1 0 1 0.01
-3 -3 -4 -5 -4 -3 -4 -5  0 -3 -2 -3 -2  3 -5 -3 -3  1  8 -3 0 1 0 0 0.01
-1 -2  0 -2  0 -1 -1 -3  1  1  0 -1  2  0 -2  0  4 -3 -1  0 0 0 1 1 0.01
-2 -4 -4 -3 -4 -3 -3 -4 -4 -4 -4 -3 -4 -5  8 -2 -3 -5 -5 -4 0 0 1 0 0.01
-3 -3  0  7 -5 -2  0 -3 -2 -5 -5 -2 -5 -5 -3 -2 -2 -6 -5 -5 0 0 1 0 0.00
-2 -4 -4 -5 -4 -4 -4 -4 -2 -1 -1 -4 -1  8 -5 -4 -3  4  2 -2 0 1 0 0 0.00
-1 -2 -3 -3 -2 -2 -2 -4 -2  2  2  0  0  2 -3 -2 -1 -1  2  2 0 1 0 0 0.00
-2 -3 -4 -5 -2 -3 -4 -5 -4  2  5 -3  1 -1 -4 -3 -2 -3 -2  2 0 0 1 0 0.00
-1 -3 -2 -1 -4 -1 -1  3 -3 -4 -4 -2 -3 -4  7 -1 -2 -4 -4 -4 0 0 1 1 0.00
-2 -1  5  2 -3  0  0  1 -1 -3 -2  1 -2 -4 -2  1  0 -4 -3 -3 0 0 1 0 0.00
-1 -2  1  2  2 -1  1  4  2 -3 -3 -1 -3 -3 -2 -1 -2 -3 -2 -3 0 0 1 0 0.01
-1 -3 -3 -4 -2 -3 -3 -4 -3  4  1 -3  3 -1 -3 -2  1 -3  0  3 0 0 1 0 0.01
-2 -3 -3 -4 -2 -3 -3 -4  1  3  0 -3  0  3 -4 -3 -2  4  5  2 0 1 0 0 0.01
-2 -3 -4 -4 -2 -3 -4 -4 -4  4  3 -3  1 -1 -3 -3 -1 -3 -2  4 0 1 0 0 0.01
-2 -1 -2  0 -5  1  7 -4 -1 -5 -4  0 -3 -5 -2 -1 -2 -4 -3 -4 0 1 0 0 0.01
 1 -2 -2 -3  3 -2 -2 -2 -3  1  1 -2  0 -1 -2  0  3 -3 -2  2 0 1 0 0 0.01
 0  1 -1 -2 -4  0  0 -3 -2 -4 -4  6 -3 -4 -2 -1 -2 -4 -3 -3 0 1 0 0 0.01
-1 -3 -1 -2 -4  0 -1  6 -3 -5 -5 -2 -4 -4 -3 -1 -3 -4 -4 -4 0 0 1 1 0.01
-1  2 -2 -3 -3 -1 -1 -3 -1  0  1  0 -1  3 -3  0 -2 -1  4 -1 0 0 1 1 0.01
-3 -3 -4 -4 -4 -3  1 -4 -3 -2  0 -3  2  5 -4 -3 -3  9  1 -2 0 0 1 0 0.01
-1  0  0  3 -3  0  1  1 -2 -2 -2  0 -2 -3  0  0  2 -4 -3  0 0 0 1 1 0.01
 2 -1  0  0 -2  0  1 -1 -2 -2 -2  1 -2 -3  3  2  1 -3 -2 -1 1 0 0 1 0.02
 1  0 -1  2 -3  1  3 -2 -2 -2 -1  0 -2 -3  0  1  1 -3 -3 -2 1 0 0 1 0.02
-3 -2  0  6 -5 -1  2 -3 -2 -4 -4  0 -4 -4 -3  0 -2 -4  0 -4 1 0 0 0 0.02
 0  6  1 -2 -4  0 -1 -3  3 -1 -1  1 -2 -3 -3 -2 -2 -4 -2 -2 1 0 0 0 0.02
 0  3 -1  0  0  1  0 -2  2 -2 -3  4 -2 -3  0 -1 -1 -4 -2 -1 1 0 0 1 0.02
-2  1 -2 -2 -4  0 -1 -3 -2 -4 -2  7 -3 -4 -3 -2 -2 -4 -3 -4 1 0 0 0 0.01
-2 -2 -2 -3 -3  0  1 -4  3  2  0  0  4 -1 -3 -2 -2  3  2  1 1 0 0 0 0.01
 0  1  0 -2 -2  0 -1 -2 -2  0  2  2  0  1 -2  0  0 -2 -1 -1 1 0 0 1 0.01
 1  0 -2 -2 -2  2  0 -2  1 -1  2 -1  0  1 -3  0 -1 -2 -1 -1 1 0 0 0 0.01
 0 -3 -4 -4 -2 -3 -3 -4 -3  4  1 -3  0  2 -3 -2 -1 -2 -1  3 1 0 0 0 0.01
 0  3 -1 -2 -3  1 -1 -2 -1  0 -1  3 -1 -3 -2  0 -1 -3 -2 -1 1 0 0 1 0.01
-1  0  0  2 -4  3  3 -2  3 -3 -2  2 -2 -3 -2 -1  0 -3 -2 -3 1 0 0 1 0.01
-1  0 -1  1  1  5  2 -3  3 -3 -1  1 -1  0 -2  1 -1 -3 -1 -3 1 0 0 0 0.01
-2 -2  4 -1 -3 -1 -2 -3  5 -2  0 -2 -1  2 -3 -1 -2 -1  4 -2 0 0 1 0 0.01
-2 -2 -3 -3 -4 -2 -2  0 -3 -4 -4  1 -4 -5  8 -2 -2 -5 -4 -4 0 0 1 1 0.01
-2 -1  1  3 -3  0  3 -1  3 -3 -1 -1 -2 -3 -2  0  2 -4 -2 -2 0 0 1 1 0.01
 0 -2 -3 -3 -2 -2 -3 -3  1  2  3 -1  1 -1 -3  0 -1 -3 -2  1 0 0 1 0 0.01
-2  0  2  5 -4  0  1 -2 -1 -3 -3  1 -3 -4 -2 -1 -1 -4 -3 -1 0 0 1 0 0.01
-2  1 -3 -4 -2 -2 -3 -4 -3  4  3 -2  1  1 -3 -3 -2 -2 -1  1 0 1 0 0 0.01
 0  6 -2 -3 -3  0 -1 -3 -1 -2 -1  1 -1 -3 -3 -1 -1 -3 -2  0 0 1 0 0 0.01
-2 -3 -3 -4 -2 -3 -3 -4 -2  2  2 -3  3  5 -4 -2  0 -1  1  0 0 1 0 0 0.01
-1 -3 -4 -4 -2 -3 -3 -4 -4  3  2 -3  0 -1 -3 -3 -1 -3 -2  5 0 1 0 0 0.01
-3 -3 -3  0 -3 -3 -3 -4 -2  1  0 -3 -1  6 -4 -3 -3  4  3 -1 0 1 0 0 0.01
-1  0  0  0 -3  4  1 -2  0 -3 -3  1 -2 -2 -2  3  0 -2  2 -2 0 0 1 1 0.01
 0  1  3  2 -2  0  0 -1 -1 -3 -3  1 -1 -3 -2  2  0 -4 -2 -2 0 0 1 1 0.02
 1 -2 -1  1 -2 -1 -1  0 -2 -2 -1 -1  1 -3  5  2  0 -3 -3 -2 0 0 1 0 0.02
-1  2  1 -2 -3 -1 -1 -2  1 -2 -2  2 -1  2 -2  0  0 -1  4 -2 0 0 1 1 0.03
 2 -1  2 -1 -2 -1 -1 -1 -1 -2 -2  2 -2 -1 -2  1  1 -2  3 -2 0 0 1 1 0.04
-1  3  1 -1 -3  0  0 -2 -1 -3 -3  4 -2 -3  1  0  2 -3 -2 -2 0 1 0 1 0.04
-2 -2 -3 -4 -2 -2 -3 -4 -3  3  3 -1  1 -1 -3 -2 -1 -3 -2  2 0 0 1 0 0.05
-1  0  1  1 -2 -1 -1 -2  0 -2 -2 -1 -2  2 -2  2  1 -1  4 -2 0 0 1 1 0.06
 1  1 -1 -2 -3  0  0 -2 -2 -3 -3  5 -2 -4  1  0 -1 -4 -3 -3 0 0 1 1 0.06
 0  1  0 -2 -3  0 -1  3 -2 -2 -2  2  1 -3 -2 -1  0 -3 -3 -1 0 0 1 1 0.06
 0 -2 -1 -1 -2 -1 -1 -1 -1  0  0 -1 -1 -1 -2  4  1 -2  2 -1 0 0 1 0 0.05
-1  1 -1 -1 -3  0  0  2 -2 -3 -3  5 -2 -4  3 -1 -1 -3 -3 -3 0 0 1 1 0.04
 0 -1 -1 -2 -2  0 -1 -2 -2 -1 -2  1 -1 -3 -2  1  4 -3 -2  1 0 0 1 1 0.03
-1 -2 -1 -2 -2 -1 -2 -2 -2 -1 -1 -1  2 -2 -2  2  5 -3 -2  1 0 1 0 0 0.02
-2 -2 -2 -3 -3  0  1 -4  3  0 -2 -2 -2  1 -3 -2 -2  1  7 -2 1 0 0 0 0.02
 3  1 -1 -2 -2 -1  0  2 -2 -2 -2 -1  0 -3  2  0 -1 -3 -3 -2 1 0 0 0 0.01
 0  0 -1  2 -3  2  3 -2 -1 -1 -2  2  1 -3 -2 -1 -1 -3 -2  0 1 0 0 1 0.01
-4 -4 -5 -6 -4 -3 -4 -4 -4 -2 -3 -4 -3  1 -5 -4 -4 12  1 -4 1 0 0 0 0.01
 2 -3 -3 -3  8 -2 -3 -2 -3 -1 -1 -2 -1 -2 -2 -1 -1 -3 -2  1 1 0 0 0 0.01
 1 -1  1  3 -3  0  3 -2 -1 -2 -3  0 -2 -3 -2  1  1 -4 -3 -2 1 0 0 1 0.01
-1  2 -1  0 -4  2  0 -2 -1 -3 -3  5 -2 -4 -2 -1 -1 -4 -3 -3 1 0 0 1 0.01
 0 -1  3 -1 -2  0  0 -2  6 -2 -1 -1 -1 -1 -2 -1 -1 -2  2 -2 1 0 0 1 0.01
 0 -2  1  1 -2 -1 -1  5 -2 -3 -3 -1 -2 -3 -2  1 -1 -3 -3 -3 0 0 1 1 0.01
-2 -3 -3 -3 -2 -3 -3 -3 -2  3  0 -3  0  5 -3 -2 -1 -1  1  1 0 0 1 0 0.01
-1 -1 -2 -2 -2  1  0 -2 -2 -1  2  2  0 -2  4 -1 -1 -2 -2 -1 0 0 1 1 0.01
-1 -3 -3 -3  2 -2 -3 -3 -2  1 -1 -3 -1  3 -3 -2 -2  9  4 -1 0 1 0 0 0.01
 3 -2 -2 -2  6 -1 -2  1 -2 -2 -2  1 -2 -2 -2  1 -1 -3  0 -2 0 1 0 0 0.01
-1  1  0  4 -3 -1  0 -2 -1 -1 -2  1 -2  2 -1 -1 -2 -2  3 -2 0 1 0 1 0.01
 0  1 -1 -1 -3  1  1  0  3 -3 -3  3 -2 -2 -2  0  1 -2  2 -2 0 0 1 1 0.01
 0  1  0  2  0 -1 -1 -2  1 -1  1  0 -1 -1  3 -1  0 -3  0  0 0 0 1 1 0.01
-2 -4 -4 -4 -2 -3 -4 -4 -4  5  2 -3  1 -1 -3 -3 -1 -3 -2  3 0 0 1 0 0.01
-2 -3 -3 -3 -4 -2 -2 -3 -3 -4 -4 -2 -4 -5  8 -2 -2 -5 -4 -4 0 0 1 0 0.01
 2 -1 -2  0 -2  0  1 -2  0  1  0 -1  0 -2 -1  0  0 -3 -2  2 1 0 0 1 0.01
 0 -1  0  4 -3  0  3  0 -1 -2 -3 -1 -2 -3 -2  1 -1 -4 -3  0 1 0 0 1 0.01
-3 -4 -4 -5 -4 -3 -4  1 -4 -4 -1 -4 -2 -1 -5 -4 -4 11  1 -4 1 0 0 0 0.02
-2 -3 -4 -4 -2 -3 -4 -4 -4  2  4 -3  1  0 -4 -3 -2 -3 -2  2 1 0 0 0 0.03
 0  1  3  0 -3  1  1 -1 -1 -3 -3  3 -2 -3 -2  1  1 -3  0 -2 0 0 1 1 0.04
-2  2 -1  0 -4  1  5 -3  3 -4 -3  2 -2 -4 -2 -1 -2 -3 -2 -3 0 0 1 1 0.06
 0  0 -2 -2 -3 -1  0 -3 -2 -1  0  1 -1 -3  6 -1 -1 -3 -3  0 0 0 1 1 0.06
 0  2 -1 -1 -3  0  1 -1 -1 -3 -3  4 -2 -3  3  1  0 -3 -2 -2 0 0 1 1 0.08
-1  2  1 -1 -3  0  0  1 -1 -1  0  3 -1 -2 -2  0  0 -3 -2 -1 0 0 1 1 0.10
 0  2 -1  1 -3  0  2 -1 -1 -1 -2  0 -2 -3  4  0 -1 -3 -1 -1 0 0 1 1 0.13
 0  2  0 -2 -2 -1 -1 -3 -2  2  0  0  0 -2  3 -1 -1 -3 -2  2 0 0 1 0 0.14
 0 -2 -1 -1 -3  0 -1 -2 -2 -3 -3 -1 -2 -4  7  2  0 -4 -3 -3 0 0 1 0 0.18
-1 -1 -2 -2 -2  0  0 -3 -2  0  2 -1  0  4 -3 -1 -1  3  1 -1 1 0 0 1 0.24
-1 -2  0  3 -3 -1  1  4 -2 -3 -3 -1 -3 -3  0  0 -1 -3 -3 -2 1 0 0 1 0.28
-1  1 -2 -2 -2 -1 -1 -3 -2  2  1  2  0 -1 -2 -1 -1 -3 -2  2 1 0 0 1 0.34
-2 -3 -4 -4 -2 -2 -3 -4 -3  2  3 -3  2  2 -3 -3 -1 -1  0  1 0 0 1 0 0.39
-1  1 -1 -1 -2  0  0 -2  1  1 -1  4 -1 -2 -2 -1  1 -3 -1  0 0 1 0 1 0.43
 0  2 -1 -1 -2  2  1 -2 -1  0 -1  2 -1 -2  1  0  0 -3 -2  0 0 1 0 1 0.42
-1  2 -1 -1 -3  1  0 -2 -1 -2 -2  5 -1 -3 -1 -1 -1 -3 -2 -1 0 0 1 1 0.43
-1  1  0 -1 -3  1  0  3 -1 -3 -3  4 -2 -3 -2  0 -1 -3 -2 -3 0 0 1 1 0.48
 0 -2 -1 -1 -2 -1  0  4 -2 -1 -2 -1 -2 -3 -2  1 -1 -3 -2  0 0 0 1 1 0.58
 0  1  0  2 -3  1  1 -1 -1 -3 -3  4 -2 -3 -1  0 -1 -3 -2 -2 0 0 1 1 0.69
-1  2  0  0 -3  1  2 -2 -1 -3 -3  5 -2 -3 -1  0 -1 -3 -2 -3 0 0 1 1 0.76
