 4 -2 -1 -2 -1 -1 -1  2 -2 -2 -2 -1 -2 -3 -1  2  0 -3 -2 -1 0 0 1 1 0.67
 3 -2 -2  1 -2 -1  1 -1 -2 -3 -3 -1 -2 -4  5  0 -1 -4 -3 -2 0 0 1 1 0.49
 1 -1 -1  2 -3  5  3 -2 -1 -4 -3  1 -2 -4 -2  0  0 -4 -3 -3 0 0 1 1 0.28
-1 -2  3 -1 -3 -1  0 -1 -1 -1 -2  0 -2  1  2  1  0 -2  2  1 0 1 0 1 0.21
-2 -3 -5 -5 -2 -3 -4 -5 -4  2  5 -4  2 -1 -4 -4 -2 -3 -2  2 1 0 0 0 0.17
 6 -3 -3 -3 -2 -2 -2  0 -3 -2 -3 -2 -2 -4 -2  1 -1 -4 -3  0 1 0 0 0 0.12
-2 -2  2  6 -4 -1  3  0 -2 -4 -5  0 -4 -5 -3  0 -2 -5 -4 -4 1 0 0 1 0.10
-1  2 -2 -3 -3 -2 -3 -3 -2  0  1 -2  3  5 -3  0  1 -1  2 -1 1 0 0 1 0.08
-4 -2 -2 -3 -5 -2 -2 -4 10 -6 -5 -3 -4 -3 -4 -3 -4 -5  0 -5 1 0 0 1 0.06
 2 -1  0 -2 -2  0 -1  1 -2  0 -1  1 -1 -3 -2  1  1 -3 -2  1 1 0 0 1 0.04
 1 -1  1  2 -3  1  3  1 -2 -3 -2  1 -2 -3 -2  0 -1 -4 -3 -2 0 0 1 1 0.02
-2  2  3  0 -4 -1 -2 -3 -2 -1 -1  3  6 -3 -3 -1 -2 -4 -3 -2 0 0 1 1 0.02
 0 -2  0  0 -3  3  1  4 -2 -2 -3 -1 -2 -4 -3  1 -2 -4 -3 -3 0 0 1 1 0.02
 0 -2  1  1 -3  1  0  4 -2 -3 -4  0 -3 -4  0  1  1 -4 -3 -3 0 0 1 1 0.02
-3 -6 -5 -6 11 -6 -6 -5 -6 -4 -4 -6 -4 -5 -5 -3 -3 -5 -5 -3 1 0 0 1 0.01
 3 -2  0  2 -3  2  4 -1 -2 -4 -4  0 -3 -4 -2 -1 -1 -4 -3 -3 1 0 0 1 0.02
 2 -2  0  2 -2  1 -1  1 -2 -3 -3 -1 -3 -4 -2  3  1 -4 -3 -3 1 0 0 1 0.02
-3 -6 -5 -6 11 -6 -6 -5 -6 -4 -4 -6 -4 -5 -5 -3 -3 -5 -5 -3 0 0 1 1 0.02
-4 -3 -2 -4 -6 -2 -3 -5 11 -6 -5 -3 -4 -4 -5 -3 -4 -5 -1 -6 0 0 1 0 0.03
 1 -1 -1  0 -3  1  1  3 -2 -2 -2  2  0 -3 -2  0  2 -3 -3 -2 1 0 0 1 0.05
-2 -1  1  4 -3  1  1  1 -2 -2 -3  2 -2 -3  0  0  1 -4 -3 -2 1 0 0 1 0.05
 0 -2  0  1 -3 -1  1  4 -2 -3 -3  0 -3  0  2  0 -2 -3 -3 -3 1 0 0 1 0.06
 0 -1  0  0 -2  0  2 -2 -2  0  0  0  0 -2 -2  0  2 -3 -2  1 0 0 1 1 0.07
-1 -2 -3 -3 -4  0 -2 -3 -3  0 -1  2 -2 -4  7 -1  0 -4 -3 -2 0 0 1 1 0.07
-1 -2  1 -1 -2  0  0 -1  1 -1 -2  0 -2 -3  1  3  0 -4 -2  1 0 0 1 1 0.08
 2 -2  2  3 -2 -1  1  1 -2 -3 -3  0 -2 -1  0  1  1  1 -2 -2 0 0 1 1 0.09
-1 -2  1  6 -4  0  1  1 -2 -4 -4 -1 -4 -4 -3  0 -1 -5 -4 -2 0 0 1 1 0.10
 0 -2  1  1 -2  0 -1  2  1 -1  0 -1  1 -2 -1  2 -1 -3 -1 -2 0 0 1 1 0.07
 2 -2  0  1 -2  0  1 -1 -2 -2 -2  0 -2 -1  1  0  3 -3  0  0 1 0 0 1 0.06
 0 -2 -2 -1 -3 -2 -1 -2  4  0 -1 -2  0  3 -3  0  0 -1  4  1 1 0 0 1 0.04
-2 -1 -2  2 -4  0  6 -3 -2 -2 -1  0 -3 -4 -1  0 -2 -4 -3 -2 1 0 0 0 0.03
-1 -2  6 -1 -4  0 -2 -1  1 -3 -2 -2 -3  2 -3 -1 -1 -3  1 -1 1 0 0 0 0.02
 1  0 -1  2 -3  1  4 -1 -2 -3 -3  1 -2 -4 -2  1 -1 -4 -3 -2 1 0 0 1 0.01
 0  1  0 -2 -3  5  0 -2 -1 -3 -3  1 -2 -4 -1  2  1 -4 -3 -2 1 0 0 1 0.01
-3 -6 -5 -6 11 -6 -6 -5 -6 -4 -4 -6 -4 -5 -5 -3 -3 -5 -5 -3 1 0 0 1 0.01
 0 -2 -1 -3 -2  2 -1 -3 -3  1  2  0  0 -2 -3 -2  0 -3 -2  3 1 0 0 1 0.01
 1 -2  1  0 -3 -1  1  1 -2 -2 -3  0 -3 -4 -2  4  1 -4 -3 -3 1 0 0 1 0.01
-3 -6 -5 -6 11 -6 -6 -5 -6 -4 -4 -6 -4 -5 -5 -3 -3 -5 -5 -3 1 0 0 1 0.01
-4 -3 -2 -4 -6 -2 -3 -5 11 -6 -5 -3 -4 -4 -5 -3 -4 -5 -1 -6 1 0 0 1 0.01
 0 -3 -2  0 -4 -1  0  6 -3 -5 -5 -1 -4 -5 -3 -2 -1 -4 -4 -4 0 0 1 1 0.01
-1 -2  0  3 -3 -1  1  2 -2 -3 -3 -1 -3 -2  1  2  3 -4 -3 -3 0 0 1 0 0.01
-2 -1  1 -3 -3 -2 -2 -4 -2  0  4 -3  4  1 -4 -1 -1 -2  3 -1 1 0 0 0 0.01
 3 -1  0  1 -3 -1  2 -1 -2 -3 -3  3 -2 -3 -2  0  0 -4  0 -2 1 0 0 1 0.01
 2 -1  0  2 -3  1  4 -2 -2 -3 -3  1 -3 -4  0  0 -1 -4 -3 -1 1 0 0 1 0.02
-2 -3 -4 -4 -2 -3 -3 -4 -4  1  3 -2  4  1 -4 -1 -2 -3 -2  3 0 0 1 1 0.03
 3 -2 -1  4 -3 -1 -1  1 -3 -2 -2 -1 -2 -4 -2  0 -1 -4 -3  0 0 0 1 1 0.03
 2 -1  2  1 -3  0  1  2 -1 -3 -3  1 -2 -3 -2  1  0 -3  0 -3 0 0 1 1 0.03
 2 -3  0 -3 -3 -1 -3 -3 -3  0 -2 -2 -1 -4  6 -2  0 -5 -3  1 0 0 1 1 0.04
-2 -2 -2 -3 -5 -2 -2 -4 10 -6 -5  0 -4 -4 -4 -3 -4 -5 -1 -5 0 0 1 1 0.04
 0  0  0  1 -3  1  0 -1  2 -2 -2  3 -2 -3 -1  1  0 -3  0 -2 1 0 0 1 0.03
 0 -1  1 -1 -3  2 -1 -2 -2 -4 -4  0 -3 -4  4  4  1 -4 -3 -3 1 0 0 1 0.03
-4 -3 -2  0 -6 -2 -2 -5 10 -6 -5 -3 -4 -4 -5 -3 -4 -5 -1 -6 1 0 0 1 0.02
-1 -2  0  2 -3 -1  0 -3  1  1  2 -2  1  0  1 -1 -2 -3 -2 -1 0 0 1 1 0.02
-2 -4 -2  1 -4 -3 -1  6 -3 -2 -3 -3 -4 -4 -4 -2 -3 -4 -1 -2 0 0 1 1 0.01
-1 -1  2  3 -3  2  2 -1 -2 -1 -2  1  1 -3 -1 -1 -1 -4 -3  0 0 0 1 1 0.01
-2 -3 -4 -4 -2 -3 -4 -5 -4  4  3 -3  3  0 -1 -3  0 -3 -2  2 0 0 1 1 0.01
 1 -2  3  2 -3  0  2 -2 -1 -2 -2 -1  1 -3  1  1  0 -4 -3 -1 0 0 1 1 0.01
-3 -6 -5 -6 11 -6 -6 -5 -6 -4 -4 -6 -4 -5 -5 -3 -3 -5 -5 -3 1 0 0 0 0.01
 1 -2 -1  0 -2  0 -2 -2 -3 -1 -2 -2 -2 -3 -2  1  5 -4 -3  0 1 0 0 1 0.01
 0 -1  2  3 -3  0  2 -1 -2 -2 -3  0 -2 -3 -2  2  1 -4 -3  0 1 0 0 1 0.01
-3 -6 -5 -6 11 -6 -6 -5 -6 -4 -4 -6 -4 -5 -5 -3 -3 -5 -5 -3 0 0 1 1 0.01
-4 -3 -2 -4 -6 -2 -3 -5 11 -6 -5 -3 -4 -4 -5 -3 -4 -5 -1 -6 0 0 1 1 0.01
 1  1  0 -2 -2  1 -1 -2  2 -1 -1  2  0  0 -2  1  0 -3 -1  0 0 0 1 1 0.01
 1 -3 -2 -3 -3 -2 -1  4 -3  0 -3 -2 -3 -4  3 -1  0 -4 -4  0 0 0 1 1 0.02
-4 -3  1 -3 -6 -2 -2 -4 10 -6 -5 -3 -4 -4 -5 -3 -4 -5 -1 -6 0 0 1 1 0.02
 0 -1 -1  3 -3  2  4 -2 -2 -3 -3  2 -2 -4 -2  0  1 -4 -3 -2 0 0 1 1 0.02
 1  0 -1  0 -2  2  2 -2 -1 -2 -2  2  1 -3  2  0 -1 -2 -2 -2 0 0 1 0 0.02
 0 -1  2 -1 -2  1  1  0  0 -3 -3  0 -2 -3  0  4  0 -3 -2 -2 0 1 0 1 0.03
-1 -1 -2 -1 -1 -1 -1 -2 -2  1  0 -1  2 -1 -1 -1  0  2 -1  3 0 0 1 1 0.03
 2 -1  1  0 -1 -1 -1  2 -1 -2 -2  0 -1 -1  1  0 -1 -2 -1 -1 0 0 1 1 0.03
 0 -1  0  1 -1  1  0  0 -1 -1 -1  0  0 -1  3  0  0 -1  0 -1 0 0 1 1 0.02
 0  1  1 -1 -2  2  1 -1 -1 -1 -2  3 -1 -2 -1  0  0 -2 -2 -1 0 0 1 1 0.02
 0 -1  1  1 -2 -1  1 -2 -1  0  0 -1  1 -1  3  0  0 -2 -2  1 0 0 1 0 0.01
-1 -3 -3 -3 -3 -2 -3 -1 -1  0 -2 -3  0  0 -3  0  2 -1  6  1 0 0 1 1 0.01
-3 -6 -5 -6 11 -6 -6 -5 -6 -4 -4 -6 -4 -5 -5 -3 -3 -5 -5 -3 0 0 1 0 0.01
 1 -2  1  3 -3  0  1  0 -2  0  0 -1  0 -3 -2  0  0 -4 -3  0 0 0 1 1 0.01
 0 -1  4  1 -3  1  1  0 -1 -3 -3  0 -2 -3 -2  2  1 -3  0 -3 0 0 1 1 0.01
-3 -6 -5 -6 11 -6 -6 -5 -6 -4 -4 -6 -4 -5 -5 -3 -3 -5 -5 -3 0 0 1 1 0.01
-4 -3 -2 -4 -6 -2 -3 -5 11 -6 -5 -3 -4 -4 -5 -3 -4 -5 -1 -6 0 0 1 1 0.01
 0 -2  2  4 -3 -1  0 -1 -2 -3 -4 -1 -3 -4 -1  3  2 -4 -3 -3 0 0 1 1 0.02
-3 -3  0  3 -4 -3  0 -3 -2 -2 -2 -3 -2  6  0 -2 -3 -1  2 -3 0 0 1 1 0.03
 0 -3 -1 -2 -3 -2 -3  6 -3 -4 -4 -2 -3 -4 -3 -1 -2 -3 -4 -4 0 0 1 1 0.05
-2  5  3 -1 -4  1  0 -2  0 -3 -3  2 -2 -3 -2  0 -1 -3 -2 -3 0 0 1 1 0.07
 0 -1  0 -1 -1 -1 -1 -1 -2 -1 -2 -1 -1 -2 -1  3  4 -3 -2 -1 0 0 1 1 0.12
 3 -2 -1 -1 -1 -1 -1 -1 -2 -2 -2 -1 -2 -3  5  2  0 -3 -2 -1 1 0 0 0 0.15
 1 -1  0  4 -2  0  3 -1 -1 -3 -3  0 -2 -3 -1  0 -1 -3 -3 -2 1 0 0 1 0.31
 1 -1  1  0 -1  0  0  0 -1 -2 -2  0 -1 -3 -1  4  2 -3 -2 -1 1 0 0 1 0.41
 0 -3 -3 -3 -1 -2 -3 -3 -3  3  1 -2  1 -1 -2 -1  1 -3 -1  3 1 0 0 1 0.49
-2 -2 -4 -4 -1 -2 -3 -4 -3  2  4 -3  2  0 -3 -3 -1 -2 -1  1 0 0 1 1 0.59
-1  2  0 -1 -3  1  1 -2 -1 -3 -3  5 -1 -3 -1  0 -1 -3 -2 -2 0 0 1 1 0.60
-1  2  0 -1 -3  1  1 -2 -1 -3 -3  5 -1 -3 -1  0 -1 -3 -2 -2 0 0 1 1 0.66
