-1 -2 -3 -4 -2 -1 -2 -3 -2  1  2 -2  7  0 -3 -2 -1 -2 -1  0 0 0 1 1 0.62
 3  1 -1 -1 -2  0  2 -1 -1 -2 -2  0 -2 -3  4  0 -1 -3 -2 -1 0 0 1 1 0.33
 1 -1  0 -1 -2 -1 -1  2 -2 -3 -3 -1 -2 -3 -1  4  2 -3 -2 -2 0 1 0 1 0.17
-2 -3 -3 -4  4 -3 -3 -4  0 -1 -1 -3 -1  6 -4 -3 -2  1  6 -2 0 1 0 0 0.13
-2 -3 -3 -3 -3 -2 -3 -3  0  1 -1 -3 -1  4 -3  0 -2  1  7 -1 0 1 0 0 0.08
 0  1 -1  0 -2  0  4 -2 -1 -2 -2  0  2 -3 -2  1  2 -3 -2 -2 0 1 0 0 0.06
 2 -3 -3 -3 -1 -2 -3 -2 -3  2  1 -2  0  1 -3 -1 -1 -2 -1  3 0 1 0 0 0.04
-1 -3 -3 -4 -1 -3 -3 -4 -4  3  1 -3  0 -1 -3 -2  1 -3 -2  4 0 1 0 0 0.05
-1 -3 -4 -4 -2 -3 -3 -4 -3  4  2 -3  1  1 -3 -2 -1 -2 -1  3 0 1 0 0 0.03
-1  4 -1 -1 -4  3  1 -2 -1 -3 -3  4 -2 -4 -2 -1  1 -3 -2 -3 0 1 0 1 0.02
-1 -3 -3 -4 -2 -3 -3  0 -3  3  3 -3  1  0 -3 -2 -1 -2  1  2 0 0 1 0 0.02
-2 -3 -3 -3 -4 -2 -2 -3 -3 -4 -4 -2 -4 -5  8 -2 -2 -5 -4 -3 0 0 1 0 0.01
 1 -1  1  1  3 -1 -1  0 -1 -1 -1 -1  1  0 -2  2  1 -2 -1 -1 0 0 1 1 0.01
-2 -1  0  5 -3  0  2 -2 -1 -2 -1  1 -2 -3  2 -1 -1 -3 -3 -2 0 0 1 1 0.01
-2 -3 -4 -4 -2 -3 -4 -4 -3  3  2 -3  0  3 -4 -3 -2  7  0  2 0 0 1 1 0.02
-2 -1 -1  4  3  0  5 -3 -1 -3 -1 -1 -2 -3 -2 -1 -2 -4 -3 -3 0 0 1 1 0.02
 1 -1  1  2 -3  2  3 -1 -1 -3 -3  0 -2 -3 -2  1  1 -3 -2 -2 0 0 1 1 0.02
-1  0  0  1 -3  1  2 -2  4  0 -2 -1 -1 -1 -2  1 -1 -2  2  0 0 0 1 0 0.02
-1 -3 -3 -4 -2 -3 -3  0 -2  2  2 -3  1  0 -3 -2 -1 -2  2  3 0 0 1 0 0.03
-1 -2 -2 -2 -4  1  1 -3 -2 -4 -4 -1 -3 -4  7  0 -2 -4 -3 -3 0 0 1 1 0.03
 1 -2  1  1 -2 -2 -2  5 -2 -2 -3 -2 -2 -3 -2  0 -1 -3 -3 -1 0 0 1 1 0.03
-2 -3 -3 -3 -2  0 -3 -4 -2  4  2 -2  1  0 -3 -3 -1 -2  1  2 0 0 1 0 0.03
 0 -2 -1 -2  4  2 -1 -2 -1  0 -2 -1 -1 -2 -2  3  0 -2  1  0 0 0 1 1 0.03
 0 -1  0  4 -3  0  3 -2 -1 -2 -1  1 -2 -3 -2  0  1 -4 -3 -2 1 0 0 1 0.03
 1 -1  3  4 -2 -1  0 -1 -1 -3 -3 -1 -2 -3 -2  3  0 -3 -2 -2 1 0 0 1 0.03
 0 -3 -3 -3 -3 -3 -3 -3 -2 -1 -1 -3 -1  6  3 -2 -2 -1  1  0 1 0 0 0 0.02
 0 -3 -3 -3 -2 -2 -3 -3 -3  2  1 -3  0  2 -3 -2 -1  4  1  4 1 0 0 1 0.02
-1  1  4  2  3  0  1 -2 -1 -1 -2  0 -2 -3  1  0 -1 -3 -2 -2 1 0 0 1 0.02
-3  0 -3 -4 -3 -2 -3 -3 -3 -2 -1  0 -2  2 -4 -1 -2 10  1 -1 1 0 0 1 0.03
-1 -3 -4 -4 -2 -3 -3 -4 -3  2  2 -3  1  2  2 -2 -1 -2 -1  3 1 0 0 0 0.03
 2  1  1 -1 -2  1 -1 -1 -1 -2 -2 -1  0 -3 -2  2  2 -3 -2  0 1 0 0 1 0.03
 0 -2  2  1 -2 -1  1  2 -1 -2 -1 -1 -2 -3 -2  2  1 -3 -3 -2 0 0 1 1 0.04
-1  0  1  2 -3  2  1  0 -1 -1 -1  1 -1 -3  1 -1 -1 -3 -2  0 0 0 1 1 0.04
 0  2 -1 -1 -2  0  3 -2 -1  0  0  1 -1 -2 -2 -1 -1  4 -1  1 0 0 1 1 0.04
-2  2 -2  0 -3  1 -2 -3 -2 -3 -3 -1 -2 -1  1 -2  0 10  0 -3 0 0 1 0 0.04
-1  0  1  2 -3  3  3 -2 -1 -2 -3  0 -2 -3 -2  1  0 -3 -2 -1 0 0 1 1 0.03
 0  0 -3 -3 -2 -2 -2 -3 -1  1  3 -2  2  0 -3 -2 -1 -1  3  1 0 0 1 1 0.03
 0 -2 -2 -2 -3 -1  1 -2 -2 -3 -3 -1 -3 -4  7  0 -1 -4 -3 -3 0 0 1 1 0.03
 0 -2 -1  1 -4  0  3  0  4 -4 -4 -1 -3 -4  4 -1 -2 -4 -2 -3 0 0 1 1 0.03
-2 -2 -1  4 -3 -1  1  0 -2 -3 -3 -2 -2  1  1  0  0  5  1 -3 0 0 1 1 0.03
 0  2 -1  0 -2 -1  1  0 -2 -2 -1  0 -2  0  1  2 -1  4 -1 -2 0 0 1 0 0.02
-2 -2 -1  5 -4 -1  2 -3 -2  0 -2 -2 -2  0  1 -1 -2  4 -2 -1 0 0 1 1 0.02
-1 -3 -4 -4 -2 -2 -3 -3 -2  2  2 -3  4  0  1 -2 -2  7  2  1 0 0 1 0 0.02
-2  0  2  4 -3  1  0  1  2 -1 -3 -1 -2 -3  1 -1 -1 -4 -2 -1 0 0 1 1 0.02
 0 -1 -3 -3 -2 -1 -2 -3 -2  1  2 -2  2  1  1  0 -1  4 -1  0 1 0 0 1 0.02
 0 -1  2  2 -3  2  2  0 -1 -3 -3  1 -2 -4  3  0  0 -4 -3 -3 1 0 0 1 0.01
-1 -1 -1 -2 -3  4 -1  1  2 -1  2 -1  0  1 -3  0 -2 -2 -1 -2 1 0 0 1 0.01
 1 -3 -2  0 -2 -2 -2 -1 -2  2  1 -2  0 -1 -3 -1 -1  4  1  2 0 0 1 0 0.01
 0  0  1  4  3  0  3 -2 -1 -3 -3 -1 -2 -3  2 -1 -1 -3 -3 -3 0 0 1 1 0.01
 0  2 -1  3 -3  4  0 -2 -1 -1 -1  0 -1 -3 -2  0 -1  4 -2 -2 1 0 0 1 0.01
 1  0 -3 -3 -2 -1 -2 -3 -3  1  1  0  0 -2  4 -1 -1 -3 -2  1 1 0 0 1 0.01
 0 -1 -2 -2 -3  1  0 -3  0  0  0  1  2  0  2 -1 -2 -1  5 -1 1 0 0 0 0.01
 0  0 -3 -4 -2  0 -2 -3 -3  2  3 -2  1 -1 -3 -2 -1 -3 -2  3 1 0 0 0 0.01
-1  0  1  1 -2 -1  0 -2  2  0 -2 -1 -1 -2 -2  1  4 -3  1  0 1 0 0 0 0.01
 1 -3 -3 -4  2 -3 -3  0 -3  1  3 -3  1 -1 -3 -2 -1 -3 -2  2 1 0 0 0 0.01
 3 -3 -3 -3  5 -2 -3  1 -3  0  0 -2 -1  1 -2 -1 -1 -3 -2  1 1 0 0 0 0.01
-2 -2  0  4 -4  0  4  0  2 -3 -3 -1 -3 -4 -2 -1  0 -4 -3 -1 1 0 0 0 0.01
 1  3 -1 -2 -3  0 -1 -2 -2 -1 -1  4 -1 -3 -2  0 -1 -3 -2 -2 1 0 0 1 0.01
-2  0 -4 -4 -2 -2 -3 -4 -3  3  3 -2  3  2 -3 -3 -2 -2 -1  2 1 0 0 0 0.01
 1  1 -1  0 -2  2  0 -2 -1  1  0  1  0  1 -2 -1 -1 -2  1  1 1 0 0 0 0.01
 0  4  1  2 -3  0  1  0 -1 -3 -2  2  0 -3 -2 -1 -1 -3 -2 -2 1 0 0 1 0.01
-1 -1 -1  1 -2  1  4 -3 -2  2 -1 -1 -1 -2 -2 -1  0 -3 -2  2 1 0 0 0 0.01
-2 -3 -3 -4 -2 -3 -3 -4 -2  2  2 -3  2  6 -3 -3 -2 -1  1  0 1 0 0 0 0.01
 0  0 -2 -2 -2  2 -1 -2 -2  1  2 -1  0 -1  0  0 -1 -2  0  0 1 0 0 0 0.01
 0 -1  2 -1  2  2  0 -2 -1  0 -1  0 -1  0 -2 -1  0 -2  1  2 1 0 0 1 0.01
-1  1 -1 -1 -3  1  2 -2  3 -3 -2  1 -2 -1  1  1  0 -2  3 -2 1 0 0 0 0.01
-2 -3 -3 -4 -3 -2 -3  1 -2 -2  0 -3 -2  2 -3 -3 -2 10  2 -1 1 0 0 0 0.01
 1  2  3  1 -2  1  0  1 -1 -2 -2  0 -2 -3 -2  1 -1 -3 -2 -2 1 0 0 0 0.02
 0  2  2 -1 -2  1  0 -1 -1  0 -1  2  2 -2 -1  0  0 -2 -2 -1 1 0 0 1 0.02
-1 -1 -2 -2 -2 -1 -2 -2 -1  0  1  0  1  3 -2  0 -1  0  3  1 1 0 0 0 0.02
 0 -1  2 -1  4  0 -1 -2 -1 -1  0 -1 -1  1 -2  2  1 -2 -1 -1 1 0 0 0 0.02
 0  4 -1  0 -3  1  1 -2 -1 -3 -2  2 -2 -3  1  0  0 -3 -2 -2 0 0 1 1 0.01
 1  1  1  2 -2  1  1 -2 -1 -1  0  0 -1 -2 -2  0  1 -3 -2  0 0 0 1 1 0.01
 0  1 -1  1 -3  0  2  0 -2 -3 -3  0 -2 -3  5  0  0 -3 -3 -2 0 0 1 1 0.01
 2 -2 -2  0 -2 -1 -1 -1 -2  0 -1 -1 -1 -2  5  1  1 -3 -2 -1 0 0 1 0 0.01
-1  0 -1  0 -3  1 -1  0  1 -1  1  3 -1 -1  0  0 -1 -2  1  0 0 0 1 1 0.01
-3 -3 -3 -4 -3 -3 -3 -4  2  1  1 -3  1  5 -4 -3 -2  5  5  0 0 1 0 0 0.01
-4 -4 -4 -5 -4 -4 -4 -5 -2 -2 -1 -4 -1  8 -5 -4 -3  0  4 -2 1 0 0 0 0.01
 0 -3 -4 -4 -2 -3 -3 -3 -3  2  3 -3  2  3 -3 -2 -1 -2 -1  2 0 1 0 0 0.01
-2 -1 -2 -2 -5  8  0 -3 -1 -4 -4  0 -2 -5 -3 -2 -2 -4 -3 -4 0 1 0 0 0.01
 1 -3 -4 -4 -2 -3 -3 -3 -3  0  4 -3  2  3 -3 -2 -2 -2 -1  0 0 1 0 0 0.01
-2 -1 -2  0 -5  1  7 -4 -2 -5 -4 -1 -3 -5 -3 -2 -2 -4 -4 -4 0 1 0 0 0.01
-2 -1  1 -1 -4  2  2 -2  2 -3 -3  2 -2 -4  5 -1 -2 -4 -2 -3 0 1 0 1 0.01
 0 -2  1 -2  2 -2 -2  5 -2 -4 -4  0 -3 -4 -3  2 -1 -4 -3 -3 0 0 1 1 0.01
 1  0  1  1 -2  0  2  0 -1 -2 -3  1 -2 -3 -2  2  0 -3 -2 -1 0 0 1 1 0.01
 0 -1 -1 -1 -3  0  3  2  1 -3 -3  1 -2 -3  1  2  0 -3 -2 -1 0 0 1 1 0.01
-1  2  2 -1 -3 -1  1  2  0 -3 -3 -1 -2  1  1 -1 -2 -1  4 -3 0 0 1 0 0.01
-3  0 -4 -4 -3 -3 -3 -4 -2  0  0 -3  1  6  2 -3 -3  4  2 -1 0 1 0 0 0.01
-3 -2 -1 -3 -4 -1 -2 -3 10 -5 -4 -2 -3 -3 -4  0 -3 -4  0 -5 0 1 0 0 0.01
-2 -3 -4 -4 -2 -3 -3 -4 -2  2  3 -3  1  1 -4 -3 -2 -1  3  2 0 1 0 0 0.01
-3 -2 -1 -3 -4 -1 -2 -4 10  0 -4 -2 -3 -3 -4 -3 -3 -4  0 -4 0 1 0 0 0.01
-2 -3 -4 -4  3 -3 -3 -4 -4  2  3 -3  1 -1 -3 -2  0  4 -2  3 0 1 0 0 0.01
 0 -3 -4 -4  4 -3 -3 -4 -4  1  3 -3  0 -1 -3 -2 -1 -3 -2  4 0 1 0 0 0.01
 1 -3 -4 -4  2 -3 -3 -3 -4  3  2 -3  0 -1 -3 -2 -1 -3 -2  3 0 1 0 0 0.01
 1 -1  1  1 -3  1  3  2 -1 -3 -3 -1 -2 -4 -2  2 -1 -3 -3 -3 0 1 0 0 0.01
 1 -1 -1 -2 -2  3 -1  1 -2  0  0 -1 -1 -2  1  0  2 -3 -2  0 0 0 1 0 0.01
 0 -2 -1  1  1 -1  0  2 -2 -2 -3  0 -2 -3  4  2  1 -4 -3 -2 0 0 1 1 0.01
 0  0  2  1 -3  1 -1  3 -1 -3 -3  0 -2  1 -2  0 -1 -2 -1 -3 0 0 1 1 0.01
-1 -3 -3 -3 -2 -2 -3 -1  1  3  1 -3  3 -1 -3 -2 -1 -3 -1  3 0 0 1 0 0.02
-1  2  1 -1 -2  0 -1  0 -1 -2 -2  2 -2 -3  2  2  2 -3 -2 -1 0 0 1 1 0.02
 1 -2 -1 -2 -2 -1 -2  3 -2 -3 -3 -1 -3 -3  4  3 -1 -3 -3 -3 0 1 0 1 0.02
 0  5 -2 -3 -3 -1 -2 -3 -1 -1 -1  0  4  3 -2 -1 -2 -2 -1 -2 0 1 0 1 0.02
-1 -1  2  2 -2  0  2 -2 -1  0 -1 -1 -1 -2 -2 -1  1 -3 -2  2 0 1 0 0 0.01
-1 -2 -3 -3  2 -2 -3 -3 -2  2  2 -2  2  2 -3 -2 -1 -2  1  3 1 0 0 0 0.01
 0 -2 -1 -2  4 -2 -2  5 -2 -3 -1 -2 -2 -3 -2  2 -1 -3 -3 -2 1 0 0 1 0.01
-2  4  4 -1 -3  0 -1  0 -1 -3 -3  1 -2 -3 -2 -1  1 -3  0 -3 1 0 0 1 0.01
-1 -2 -3 -3 -3 -2 -3 -3  3  1 -1 -3 -1  2 -3 -2 -2  8  5 -1 1 0 0 1 0.01
-1 -2 -3 -3 -2 -2 -2 -3 -3  2  2 -2  2  1  1 -2  1 -2 -1  2 1 0 0 0 0.01
-1  4 -1 -1 -3  0  1 -1 -1 -3 -3  3 -2 -4 -2  2  1 -4 -3 -3 1 0 0 1 0.01
-1  2  2 -1 -3  3  1 -2  1 -3 -2  1  1 -3 -2  0  2 -3 -2 -2 1 0 0 1 0.01
-2 -3 -3 -4  2 -3 -4 -1 -3  4  0 -3  1  1 -4 -2  1  7 -1  0 1 0 0 0 0.01
-1  5 -1 -2 -3  1  0 -1 -1 -3 -1  2 -2  1 -3 -1  0 -3 -1 -2 1 0 0 1 0.01
 0  1  2  1 -3  2  2  1 -1 -3 -3  1 -2 -3 -2  0  1 -3 -2 -2 1 0 0 1 0.01
 0  0 -1 -2 -3  1 -1 -2  1 -1 -1  3 -1  3 -2  0 -1 -2  0  1 1 0 0 1 0.01
 0 -2 -3 -3 -2 -2 -3 -3 -3  2  3 -2  4 -1 -3 -2 -1 -2 -2  2 1 0 0 0 0.01
-1  0 -2  0  2 -2 -1 -3 -3  2  1 -2  0  0 -1 -2  0 -3 -1  2 1 0 0 0 0.01
-1  3  1  1 -3  2  1  0  2 -3 -3  2 -2 -3 -2  1  0 -3 -2 -3 1 0 0 1 0.01
-1  0 -1  3 -3 -1  1 -2  3 -1 -1  0 -1 -1 -2 -1 -1 -2  2  1 1 0 0 1 0.01
-1 -2 -3 -3 -2 -2 -1 -3 -2  2  1 -2  3  2 -3 -2 -1 -2  1  3 0 0 1 0 0.01
 1  0 -2 -3 -2 -2 -2 -2 -1 -2 -1 -2 -1  4 -1  0 -1  0  5 -1 0 0 1 0 0.01
-1  1 -1  1  1  1  1  1 -1 -2 -1  0  0  0  2 -1 -1  3 -1 -2 0 0 1 1 0.01
 0 -2  0 -2 -3 -1 -1  5  1 -3 -3  0 -2 -2 -2 -1 -2  3  1 -3 0 0 1 1 0.01
 0 -1  2 -1  1 -1 -1  0  3  0  0  0 -1 -2 -2  0  2 -3 -1  1 0 0 1 0 0.01
 1  1 -1  1 -2  2  3 -2 -1 -2 -2  1 -2 -2 -2  1 -1 -2  0 -1 0 0 1 1 0.01
-1 -2 -2 -2 -3 -2 -2  0 -3  0 -1 -2 -2 -3  6 -1  0 -3 -3 -1 0 0 1 0 0.01
 0  0 -1  0  2  1  0 -1 -1 -1  0  1 -1 -2 -1  0  2 -2 -2  0 0 0 1 1 0.01
 0 -2 -2  0 -1 -1 -2 -2 -1  2  1 -2  2  0 -2  0 -1 -1  3  1 0 0 1 0 0.01
 0 -1  0  1 -2 -1  1  0  2 -2 -1 -1 -2 -2  5  0 -1 -3 -2 -2 0 0 1 1 0.01
-1  0  2  3 -2 -1  0  1 -1 -1 -1 -1 -1 -2 -2  0 -1 -3 -2  1 0 0 1 1 0.01
-3 -3 -4 -4 -3  0 -3 -3 -2 -3 -3 -3 -3  0  0 -1 -3 11  4 -3 0 0 1 0 0.01
 0 -3 -3 -3  3 -3 -3 -1 -2 -1  0 -3  1  5  0 -1  0 -1  1  1 0 1 0 0 0.01
 1  1 -1  0 -2  1  0 -2 -1 -1  0  1 -1  0 -2  0  0 -2  0 -1 0 1 0 1 0.01
 0 -2 -2 -3  2  0 -2 -3 -2  2  1 -1  1 -1  2 -1 -1 -2  1  2 0 1 0 0 0.01
 1  0 -2 -3 -2  0 -2 -2 -3  0 -2 -2 -2 -2  1  0  3  7 -1  0 0 0 1 0 0.02
-2  0  3  1 -4  1  1 -2  2 -1 -3  4 -2 -3 -2 -1 -1 -4 -2 -1 0 1 0 1 0.02
-1 -2 -2 -2 -2 -2 -2 -3 -3  3 -1  0  0 -2 -2  1  3 -3 -2  1 0 0 1 1 0.03
 0  3  2 -1 -4  0 -1 -1 -1 -4 -3  4 -2 -4  1 -1 -1 -4 -3 -3 0 0 1 1 0.03
-2  3  3 -1 -4  1  0 -2  2 -4 -4  4 -2 -4 -1  0 -1 -4 -2 -3 0 0 1 1 0.05
 0 -2  1  0 -3 -2 -2  5  3 -3 -4 -2 -3 -4 -3 -1  2 -4 -2 -3 0 0 1 1 0.05
-1  3 -1 -2 -4 -1  0  4 -2 -4 -4  2 -3 -4 -3 -1  0 -4 -3 -3 0 0 1 1 0.05
 1 -1 -1 -2 -3  3 -1  2  2 -3 -3 -1 -2 -2 -2  1 -1  4  2 -2 0 0 1 1 0.04
 0 -2  4 -1 -3 -2 -2  3 -2 -4 -4 -2 -3 -2 -3 -1  0  7  1 -3 0 1 0 0 0.04
-2  5 -1 -2 -4  2  2 -3 -1 -4 -3  4 -2 -4 -2 -1 -2 -4 -3 -3 0 0 1 1 0.03
-1 -2 -2  1 -2 -2 -2 -3 -3  3  2 -2  0 -1 -2  0  1 -3 -2  3 0 0 1 1 0.02
-1  0 -2 -2  1 -1  0  0 -1  0  1 -1  0  2 -2 -1  0 -1  3  1 0 1 0 0 0.02
-1 -3  0  6 -3 -1  0  1 -2 -4 -4 -2 -3 -4 -2  1  1 -5 -4 -3 0 1 0 1 0.01
 1 -1 -2  0 -3  1  3 -3 -2 -1  1  0  1  2 -2  0 -1  3 -1 -1 0 0 1 0 0.01
 0 -2  0  3  3  0 -1  3 -2 -3 -3 -1 -3 -4 -2  2  0 -4 -3 -3 0 0 1 0 0.01
-3 -4 -4 -5 -4 -4 -4 -4 -1 -2 -1 -4 -2  7 -5 -3 -3  0  6 -2 1 0 0 0 0.01
-2 -4 -4 -4 -2 -4 -4 -5 -4  5  0 -4  0 -1 -4 -3 -1 -4 -2  4 0 0 1 0 0.01
-1  0 -2 -2 -3 -1  0 -3 -2  0  0  0 -1  0  5 -1  1 -2  1  0 0 0 1 0 0.01
 1  2  4 -1  2  0 -1 -2  2 -3 -3 -1 -2  1 -3  0  0 -3 -1 -2 0 0 1 1 0.01
 0 -3 -4 -5 -4 -3 -3 -4  0 -3 -3 -3 -3  1 -4 -3 -3  1  9 -3 0 0 1 1 0.00
-3 -3 -5 -5 -2 -3 -4 -5 -4  0  5 -4  1 -1 -4 -4 -2 -3 -2  0 0 0 1 0 0.00
-1 -3 -4 -4 -2 -3 -4 -4 -4  2  4 -3  3 -1 -4 -3 -2 -3 -2  1 0 0 1 0 0.00
-2 -2 -3 -3  2  1 -2 -3 -3 -4 -2  0 -3 -5  7 -2 -2 -5 -4 -3 0 0 1 1 0.01
-2  1 -2 -2 -4  0 -1 -3 -2  0 -3  6 -2 -4 -2 -2 -2 -4 -3 -3 0 0 1 0 0.01
-1 -1 -1 -3 -2 -1 -2 -4 -3  2  3 -1  1 -1 -3 -2  1 -3 -2  2 0 0 1 1 0.01
-2  1 -2 -2 -4  4 -1 -3  1 -4 -3 -1 -3 -3  6 -2 -2 -3  2 -3 0 0 1 0 0.01
-2  1  0 -2 -3 -2 -2 -3 -3 -2  0  0 -2 -3  6 -1 -2 -4 -3  0 0 0 1 1 0.01
-2 -1  3  2 -4  2  5 -3 -1 -4 -4  0 -3 -4 -2  0 -2 -4 -3 -4 0 0 1 1 0.01
 0 -2  0 -3  4 -2 -3 -3  0  0  2 -1  0  1 -3 -2 -1 -3 -1  2 0 1 0 0 0.01
-2 -1 -2 -2  2  4 -1 -3 -1  1  0  0 -1 -2 -3 -1  0  3  1  1 0 1 0 0 0.00
-4 -4 -5 -6 -4 -4 -4 -4 -2 -4 -3 -4 -3  0 -5 -4 -4 11  5 -4 0 1 0 0 0.01
 6 -3 -2 -3 -2 -2 -2 -1 -3 -3 -3 -2 -2 -3 -2  2 -1 -4 -3 -1 0 1 0 0 0.00
-3 -4 -5 -5 -4 -4 -4 -4 -4 -3 -3 -4 -3  2 -5 -1 -3 11  0  0 1 0 0 0 0.00
-1 -2 -1 -2 -2 -2 -2 -3 -3 -2 -3 -2 -2 -4 -2  1  7 -4 -3 -1 1 0 0 0 0.00
-3 -2  7  0 -4 -1 -2 -2 -1 -4 -5 -2 -3 -4 -3  1  1 -5 -3 -4 0 0 1 0 0.00
-2 -2 -3 -3 -2 -2 -1 -4 -3  4  1 -1  5  1 -3 -3 -2 -3 -2  1 0 0 1 0 0.01
-2 -2  2  3 -4  1  3  0 -1 -4 -4 -1 -3 -4  4  0 -1 -4 -3 -3 1 0 0 1 0.01
 0  2 -1  0 -4  2  4 -3 -1 -3 -2  2 -2 -1 -2 -1 -2 -3 -2 -3 1 0 0 1 0.01
-3 -3 -4 -4 -3 -3 -4 -4 -1  1  1 -4 -1  6 -4 -3 -3  0  6 -1 1 0 0 0 0.01
-1 -1 -1  1 -3  2  3  2 -1  0 -1  1 -2 -3 -2 -1  0 -3 -3 -2 0 0 1 1 0.01
 2  0 -1  3 -2 -1  1 -2 -1 -2 -2  0 -2 -2  2  1 -1 -2  2 -2 0 0 1 1 0.01
 4 -3 -3 -3 -1 -2 -2 -2 -3  1 -1 -2 -1  0 -2  1 -1 -3 -2  2 0 0 1 0 0.01
 2 -1 -3 -4  8 -3 -3 -2 -3 -1  0 -2 -2 -3 -3  0  0 -3 -3  1 0 0 1 0 0.01
-3 -3  1  1 -3 -3 -3 -4 -3  0  5 -3  1 -1 -4 -3 -2 -3 -2 -1 0 0 1 0 0.01
-1 -2  4 -1  4 -1  1 -2  1 -4 -4 -1 -3 -4 -2  3  0 -4 -3 -3 0 0 1 0 0.01
 0 -1 -2 -2 -2 -1  1 -3 -2  2  2 -2  0  0 -2 -1  0 -2 -1  2 1 0 0 1 0.01
 2  0 -1  2  2  1  1 -1 -2 -2 -2 -1 -2 -3  4  0  0 -3 -2 -2 1 0 0 1 0.02
 0  0  2 -1 -3  0  2 -2  3 -2 -1  3 -2 -2 -2 -1 -1 -2  2 -2 1 0 0 0 0.02
-3  7 -2 -3 -5  0 -2 -4 -2 -5 -4  1 -3 -4 -4 -2 -3 -4 -3 -4 1 0 0 0 0.02
 0  3 -1  0 -3  2  0 -2 -2 -2 -2  4 -2 -3 -2 -1 -1 -4 -2  1 1 0 0 1 0.02
-2  5  2 -1 -4  0  3 -3  3 -4 -3  1 -2 -4 -3  0 -2 -4 -2 -3 1 0 0 1 0.03
-2 -3 -4 -4  4 -3 -4 -4 -4  2  4 -3  3 -1 -4 -3 -2 -3 -2  0 1 0 0 0 0.04
 0 -2 -3 -3 -2 -2 -3 -3  3  2  2 -2  2 -1 -3 -2 -1 -3 -1  2 1 0 0 0 0.05
 1  2  0  3 -2  0  1  1 -1 -3 -3  2 -2 -3 -2  1 -1 -3 -3 -2 1 0 0 1 0.08
 0  0 -1  0 -3  4  3 -2  3 -3 -1  1 -1 -3 -2 -1 -1 -3 -1 -2 1 0 0 1 0.12
 0 -2 -2 -3 -3 -2 -2 -3  6 -2 -1 -2 -1  5 -3 -2 -2  5  2 -2 1 0 0 1 0.16
-2 -1 -2 -3 -2  2 -1 -3 -2  1  3 -1  3  2 -3 -2 -1 -2 -1  0 1 0 0 1 0.20
 1 -1 -1  0 -2  0  3 -2 -1 -1 -1  0 -1 -2 -1  1  3 -3 -2 -1 1 0 0 1 0.30
-1  0  3  1 -3  1  3 -2  5 -4 -3  0 -2 -3 -2  0 -1 -3  0 -3 0 0 1 1 0.49
 1 -2 -1 -2 -1 -1 -1 -1 -2  1 -1 -1  0 -2 -1  2  2 -3 -2  2 0 0 1 1 0.56
 2 -1  0 -1 -1 -1 -1  2 -1 -2 -3 -1 -2 -3 -1  3  1 -3 -2 -2 1 0 0 0 0.65
-1  1  0  0 -3  6  2 -2  0 -3 -2  1  0 -3 -1  0 -1 -2 -2 -2 0 0 1 1 0.75
-1  6  0 -2 -4  1  0 -2  0 -3 -2  2 -1 -3 -2 -1 -1 -3 -2 -3 0 0 1 1 0.81
 1 -1  1  0 -1  0  0  0 -1 -2 -3  0 -2 -3 -1  4  1 -3 -2 -2 0 0 1 1 0.86
