-1 -1 -2 -3 -2  0 -2 -3 -2  1  2 -1  6  0 -3 -2 -1 -2 -1  1 0 0 1 1 0.96
-2  0  6  1 -3  0  0  0  1 -3 -4  0 -2 -3 -2  1  0 -4 -2 -3 0 0 1 1 0.95
-1  0  0  2 -4  2  5 -2  0 -3 -3  1 -2 -3 -1  0 -1 -3 -2 -3 0 0 1 1 0.95
-1 -2 -3 -4 -2 -1 -2 -3 -2  1  3 -2  6  0 -3 -2 -1 -2 -1  1 0 0 1 0 0.96
-1 -1  0  1 -3  1  5 -2 -1 -3 -3  0 -2 -3 -1  0  2 -3 -2 -2 0 0 1 1 0.95
-2  3  5  3 -3  0  0 -1  0 -3 -3  0 -2 -3 -2  0 -1 -4 -2 -3 0 0 1 1 0.94
 2 -2 -1 -2 -1 -1 -1 -1 -2  0  1 -1  0 -2 -1  1  4 -3 -2  0 0 0 1 1 0.94
-1 -1  1  5 -3  0  3 -2 -1 -2 -3 -1 -2 -3 -2 -1 -1 -4 -3  0 0 0 1 1 0.97
-1 -1 -1  0 -3  0  2 -2  4 -3 -3 -1 -2 -3  6 -1 -1 -3 -1 -3 0 0 1 1 0.94
-1 -2 -2 -3 -1 -2 -2 -3 -1  1  2 -2  1  1 -2 -2 -1  0  3  2 0 0 1 1 0.95
-1 -2 -2 -3 -1 -1 -2 -3 -2  1  3 -2  3  0 -2  1  0 -2 -1  2 0 0 1 1 0.93
-1  0  4  2 -3  3  1 -2  0 -2 -2  0  2 -3 -2  0 -1 -3 -2 -2 0 0 1 1 0.92
-1 -2  0  4 -3 -1  0 -2  3  1 -2 -1 -2 -2 -2  1 -1 -4 -2 -1 0 0 1 1 0.88
-1 -1  0  3 -3  0  2 -2 -1 -3 -3  1 -2 -1  3  1 -1 -2  2 -3 0 0 1 1 0.89
 1 -2  3 -1 -1 -1 -1 -1 -1  0  1 -1  0 -1 -2  2  0 -3 -2  1 0 0 1 1 0.90
 0 -3 -2 -3 -1 -2 -2 -3 -3  3  1 -2  1 -1 -2 -1  2 -3 -2  3 0 0 1 1 0.86
-1 -1  4  0 -2  1 -1  1  0 -2 -2 -1  2 -1 -2  1  1 -2  1 -2 0 0 1 1 0.88
 0  1  1 -1 -2  2  1 -2 -1  1 -2  1 -1 -2 -2  2  1 -3 -2 -1 0 0 1 1 0.87
-1 -2  1  3 -3 -1 -1  0 -1 -1  0 -2 -1  0 -3  0  0 -1  4 -1 0 0 1 1 0.86
-1  1  0  1 -3  2  3 -2 -1 -3 -2  2 -2 -3  1  1 -1 -3 -2 -2 0 0 1 1 0.78
-2  4  2  2 -4  1  0 -3  4 -3 -3  1 -2 -2 -3 -1 -2 -3  1 -2 0 0 1 1 0.83
-1 -1  1  2 -3  1  1  1 -1 -3 -3 -1 -2 -1  3  1  1 -3 -2 -2 0 0 1 1 0.82
-1 -1 -2  0 -2 -1  1 -3 -1  1  1  0  0  0 -2 -1  1 -2  2  1 0 0 1 1 0.74
 1 -1  1  0 -2  1  0 -2  1 -2 -1 -1  1  1  1  2  0 -2 -1 -1 0 1 0 0 0.78
-1 -1  0  0 -2  2  0 -2  4  0 -2 -1 -1 -3 -2  2  3 -3 -1 -1 0 0 1 1 0.71
 0  1 -1  1 -3  2  2 -1  0 -1  0  1 -1 -2 -1  0  0 -3 -2  0 0 0 1 1 0.69
 0 -1  1  2 -3  1  1  1 -1 -1 -3  1 -2 -3  1  0  0 -3 -3 -2 0 0 1 1 0.57
-2 -1  2 -1 -3  3  2 -2  0 -1  0  0  1 -1  2 -1  0 -3 -2 -2 0 0 1 1 0.58
 0  1  1  1 -3  3  2 -2 -1 -3 -3  1 -2 -4  3  0 -1 -3 -3 -2 0 0 1 1 0.54
-1 -1  0  2 -3 -1 -1 -2  4 -3 -3  0 -2 -1  3  0 -1 -2  4 -1 0 0 1 1 0.55
 0 -2  0  1 -2 -1  1  0  3 -3 -3 -1 -2 -2 -2  3  1 -2  2 -2 0 0 1 1 0.68
-1 -1  0  0 -3  3  1  0  0 -2 -1 -1  2 -2  4  0  1 -3  0 -2 0 0 1 1 0.69
-1 -2  0 -1 -3  0  3 -3 -1  1 -1 -1  3  0 -3 -1 -1 -2  2  1 0 0 1 0 0.65
-2 -3 -3 -3 -2 -2 -3 -4 -3  3  0 -3  5 -2  4 -1  0 -3 -2  1 0 0 1 0 0.49
 0  1 -1 -2 -2  2  1 -2  0 -1  1  1  1 -2  0  0 -1 -3 -2  0 0 0 1 1 0.43
 1  0 -1  0 -2  2  0 -2 -2 -2 -3 -1 -2 -3  0  0  5 -4 -3 -2 0 0 1 1 0.45
-2  4 -1  2  0  2 -1 -3  3 -1 -1  0 -1  1 -3  0 -2 -3 -1 -2 0 0 1 0 0.49
 1  1 -2 -2 -2  0 -2 -3 -2  2  2 -1  2 -1 -2 -1  1 -2  0  1 0 0 1 0 0.49
 0  2  5  0 -3 -1 -1 -2  2 -3 -2  0  0 -3 -3  1 -1 -4 -2 -1 0 0 1 1 0.43
 0 -1  1  4 -4  2  4 -2 -1 -3 -3 -1 -3 -4 -2 -1 -2 -4 -3 -1 0 0 1 1 0.40
-1 -2  3  6 -4  0  1 -2 -2 -3 -4 -2 -3 -4 -3  0 -1 -5 -3  0 0 0 1 1 0.36
-1  0 -1 -2  1  0 -2  5  2 -3 -3 -2 -2 -2 -1 -1 -2 -2  1 -2 0 0 1 1 0.43
 0 -1 -1 -1 -2  0 -1 -1 -2 -2 -1  0 -2 -3 -2  3  4 -3 -2 -2 0 0 1 1 0.56
 0 -1  1 -1 -2  1  0 -2 -2  0 -1  1 -1 -2  1  1  3 -3 -2  1 0 0 1 1 0.74
 0 -2  1 -1 -2 -1  0  2 -2 -2  0 -1  1 -2  0  3  0 -3 -2 -1 0 0 1 1 0.75
-1 -2  6  2 -3 -1  0  0 -1 -4 -4 -2 -3 -4 -3  2  2 -5 -3 -3 0 0 1 1 0.69
 0 -2 -1 -3 -3  0 -2 -1  3 -1  1 -2  2  1  0  1 -1 -1  4  0 0 0 1 0 0.63
-3 -3 -1 -4 -3 -3 -3 -2  2  0  2 -3  2  6 -4 -3 -1 -1  3 -1 0 0 1 0 0.51
-2 -2  0  5 -4  2  2  1 -2 -4 -4 -1 -1 -3 -2  1 -2 -3  0 -3 0 0 1 1 0.60
 0  0  0  1 -3  1  0 -1  0 -3 -3  3 -2 -3 -1  3  0 -4 -3 -3 0 0 1 1 0.72
 0  4  0 -1 -3  0 -1 -2  2 -3 -1  1 -2 -3  2  1  0 -3 -1 -2 0 0 1 1 0.75
 0  1  1 -2 -3 -1 -1 -2  0 -1 -1  4 -2 -3 -2  1  0 -4 -1 -2 0 0 1 1 0.76
-1  1 -1 -1 -2  0 -2 -3 -2  0  2 -1  2 -1  0  1  0 -3  1  0 0 0 1 0 0.77
-2  4 -1  2 -4  1  0 -3  0 -3 -3  5 -2 -4 -2 -1 -2 -4 -3 -2 0 0 1 1 0.78
-1 -2 -2 -3 -2  1 -2 -3 -3  3  1 -2  0 -2 -1  0  1 -3 -2  3 0 1 0 0 0.82
 5 -2 -2 -2 -2 -2 -2  0 -2 -2 -3 -2 -2 -3  0  2 -1 -3 -1 -1 0 0 1 0 0.82
-2 -3 -3 -3 -3 -1 -2 -3  1 -3 -3 -2 -3 -4  8 -1 -2 -4 -3 -3 0 0 1 1 0.85
-2  6 -2 -2 -3 -1 -2  0 -2 -3 -2  0 -2 -3  1  0 -2 -3 -3 -3 0 0 1 0 0.75
-1 -2 -1 -2 -2 -2 -2  0 -3 -3 -1 -2 -1 -3  1  5  0 -4 -3 -2 0 0 1 0 0.65
-1  0 -1 -2 -1  0 -1  1 -2 -1 -2  1  1 -3  0  3  3 -3 -2 -2 0 0 1 1 0.62
-1 -2  0  2 -3  1 -1 -2  1 -1  2 -1 -1 -2 -1  1  1 -3 -1 -1 0 0 1 1 0.62
-1 -2 -2 -2 -4  6 -1 -3  1 -3  0 -1 -2 -4  1  1 -2 -3 -3 -2 0 0 1 0 0.63
-3 -3 -1 -3 -3 -1 -3 -3  1 -2 -1 -3 -1  6  0  0  0 -1  4  0 0 0 1 1 0.55
 0  2  1 -2 -3 -1 -1 -2 -2 -3 -2  4 -2 -4  2  1  0 -4 -3 -3 0 0 1 1 0.55
-2 -1 -2  3 -3 -2  2 -3 -3  3 -1 -2 -1 -3 -3 -2  0 -4 -3  3 0 0 1 1 0.43
 2 -3  0 -2 -3 -2 -2  5 -3 -2 -3 -2 -3 -3 -1  0 -1 -3 -3 -1 0 0 1 0 0.23
-4 -5 -5 -4 -5 -4 -4 -5 -5 -5 -5 -4 -5 -6  8 -4 -4 -6 -5 -5 0 0 1 0 0.13
-3 -4 -4 -1 -5 -1 -3 -3 -2 -4 -1 -3 -2 -1  7  2 -2 -5 -4 -4 0 0 1 1 0.08
-5 -5 -5 -6 -5 -5 -5 -5 -4 -2  2 -5  1  8 -6 -5 -4  3  0 -3 0 0 1 0 0.05
-1  0  1  0 -2  1  1  2  2 -3 -2  0 -2 -3 -1  1  1 -3 -1 -2 0 1 0 1 0.03
 0  0 -1  0 -3  0  1 -2 -1 -1 -1  0  1 -2  2  1  1  3 -2 -1 0 1 0 1 0.03
-1 -3 -3 -3 -3 -1 -3 -3 -2  0 -1 -1  0  0  1 -1  5 -4 -3  2 0 1 0 1 0.02
-2  0  0 -1 -1  2  3  0  1  0 -2  1 -1 -2 -3 -1  1 -4 -3  1 0 1 0 0 0.01
-2  0  1  1  0  3  0 -3  1  1 -1 -1  0 -3  2  0  0 -4 -3  1 0 1 0 1 0.01
-1 -2 -1 -2 -3 -1 -3  0  3  0  1  0  0  1 -3 -2 -1  4  4  0 0 0 1 1 0.01
-1  1  1 -3  1  2 -2  2  5 -4 -3  1 -3 -2 -3  0 -2  1  3 -3 0 0 1 0 0.01
 0 -1  2  0 -3  1  0 -1  3 -3 -3  0 -2 -1  3  0  2 -4 -1 -2 0 0 1 1 0.01
-3 -4 -4 -4 -1 -4 -4 -5 -5  4  2 -2  0 -2 -3 -2  3 -4 -3  3 0 1 0 0 0.01
-2 -2 -3 -3 -3 -1 -3 -4  0  1  2 -2  1  3 -4 -3 -1 -2  4  2 0 1 0 0 0.01
 0 -2  1  1  4  0 -1 -1 -2  1  0 -2 -1 -2 -2  0  0 -3 -1  1 0 1 0 0 0.02
 0 -1  0  3 -3  0  0  0  1 -2 -2  1 -1 -2 -2  1  3 -3 -1 -2 0 0 1 0 0.02
 1  0  2  1 -1  1  1  0  1 -3 -3  0 -2 -3  0  2  0 -3  0 -3 0 0 1 1 0.02
 0 -2  2  2 -3  0 -1  1  1 -3 -2 -1 -2 -2 -2  1  3  1 -3 -3 0 0 1 1 0.02
-1 -2  3  1 -4 -3 -1  5  1 -4 -3 -2 -1 -5 -4 -1 -3 -5 -4 -3 0 0 1 1 0.02
-2  3 -2 -1 -4  5  2 -3  2 -3 -2  1  1 -4 -2 -2  2 -4 -1 -3 0 0 1 0 0.02
-1  0 -1 -1 -3  1 -1 -3  0  1  0  1  2  0  3  0  0 -3 -2  0 0 1 0 1 0.02
-1 -4 -4 -5 -3  1 -4 -5  0  4  0 -4  1 -3  0 -3 -2 -4 -1  4 0 0 1 0 0.02
-2  1  1  1 -3  2  1 -2 -1 -1 -2  2 -1 -1 -1  0  2 -4 -1  0 0 0 1 1 0.01
-2 -5 -5 -5 -4 -4 -4 -5 -5  2  1 -4  0  1  7 -4 -2 -5 -4  2 0 0 1 0 0.01
-1  1  1  2 -3  2  3 -2 -1  0 -1  0  0 -2 -3  1 -1 -4 -3 -1 0 1 0 1 0.01
-4 -5 -6 -6 -4 -5 -5 -6 -5  5  4 -5  4 -2 -5 -5 -3 -5 -4  1 0 1 0 0 0.01
-1 -1  2  1 -4  2  0 -2  4 -1 -3 -1 -3 -3 -3  3  1 -1 -3 -3 0 1 0 0 0.01
 5 -4 -4 -4 -3 -2 -4  2 -4  0 -4 -3 -4 -5  2 -1 -2 -5 -5 -1 0 1 0 0 0.01
-3  5 -1 -3 -5  4  1 -4 -3  0 -3  3  1 -5 -4 -2 -1 -5 -4 -1 0 1 0 0 0.01
 0 -5 -5 -6  0 -5 -5 -5 -5  6  3 -5  0 -1 -5 -4 -3 -4 -3  1 0 1 0 0 0.01
-4 -2 -2  6 -6 -3  1 -2  7 -6 -6 -3 -5 -2 -5 -1 -4 -5  2 -6 0 1 0 0 0.01
-3  5 -3 -4 -6 -2 -3  3 -4 -6 -5  5 -4 -6 -4 -3 -4 -6 -5 -5 0 1 0 1 0.01
-3 -5 -2 -5 -5 -5 -5  6 -5 -5 -4 -5  7 -5 -6 -4 -4 -5 -6 -5 0 0 1 0 0.01
-6 -7 -7 -8 -6 -7 -7 -7 -5 -4 -3 -7 -4  9 -4 -6 -6 -3 -1 -5 0 0 1 0 0.01
-4 -5 -3  3 -5 -4  1 -5 -4 -4 -3 -4 -4  7 -5  1 -3 -3 -1 -4 0 1 0 1 0.01
-3 -2 -2 -4 -3  2  0 -5  1 -1  3 -3  2  2 -2 -2 -1 -2  3  1 0 1 0 1 0.01
 3 -4 -3 -4 -1 -3 -2  0 -2  3 -1 -2 -2 -3 -3  2 -1 -5 -3  2 0 1 0 1 0.01
-4 -4  3  5 -6 -2  5  0 -3 -6 -6 -3 -5 -6 -4 -3 -4 -6 -5 -6 0 0 1 1 0.01
-1 -1  4  3 -2 -1  0  3 -1 -5 -5 -2 -4 -5  0  2 -2 -5 -4 -5 0 0 1 1 0.01
-1 -2  0  1 -5  0  5 -3 -1 -5 -5  2 -4 -3  2  1 -1 -5 -2 -2 0 1 0 1 0.01
-7 -7 -8 -9 -6 -6 -7 -7 -7 -6  2 -7 -5 -2 -8 -7 -6 12 -2 -6 0 1 0 0 0.00
-3 -5 -4 -5 -4 -4 -5 -5 -5  4 -3 -4 -3 -4 -5 -3  6 -6 -5  3 0 1 0 0 0.00
-4 -7 -6 -6 10 -6 -7  3 -6 -5 -2 -6 -5 -5 -6 -3 -5 -5  2 -5 0 1 0 0 0.01
-6 -6 -6 -8  2 -6 -6 -7 -3 -6 -5 -6 -5 -1 -7 -6 -6 -2 10 -6 0 1 0 1 0.01
-5  7 -4 -5 -7 -2 -3 -6  0 -7 -6  4 -5 -7 -5 -4 -5 -6 -5 -6 0 0 1 0 0.01
-5  8 -4 -6 -8 -1 -4 -6 -4 -7 -6 -2 -5 -7 -6 -5 -5 -7 -6 -7 0 0 1 1 0.01
-6 -5  9 -3 -7 -4 -4 -5 -4 -8 -8 -4 -6 -7 -6 -4 -4 -8 -6 -7 0 0 1 1 0.01
-4 -2 -4 -5 -5 -4 -4 -5  4 -3  2 -4 -3 -1 -5 -4 -4 -2  8 -4 0 0 1 0 0.01
-5 -5 -5 -6 -5 -5 -5 -5 -4  0 -2 -5  1  9 -6 -5 -5  0 -1 -4 0 1 0 0 0.01
-1 -3 -3 -3 -4  6 -2 -4 -3 -4 -4 -2 -3 -5 -4  4  3 -5 -4 -4 0 1 0 0 0.01
-3 -4 -5 -5  5 -4 -4 -5 -5  4  3 -4  1 -2 -4 -4 -3 -4 -3  3 0 1 0 0 0.01
-1 -3  0  0  0 -1 -1 -2 -3  1 -2 -2 -2 -3 -3  3  2 -4 -3  3 0 1 0 0 0.01
 2 -3 -3 -3  7 -3 -3  3 -1 -2 -3 -3 -1 -4 -3  1 -1 -4 -3 -1 0 1 0 0 0.01
 2 -3 -2 -1  2 -2 -3 -2 -3 -4 -4 -3 -3 -4 -3  6  2 -4 -4 -3 0 1 0 0 0.01
-2 -4 -4 -4 -3 -3 -4 -4 -3  0  1 -4  0  7 -4 -3 -3 -2  3  1 0 1 0 0 0.01
-1 -2  0  1  1  0  1 -1  1 -1 -2 -1 -1 -2 -1  1  3 -2 -1 -1 0 1 0 1 0.02
-1 -2 -3 -3  0 -2 -3 -1 -2  1  3 -2  1  3 -1 -2  1 -2  0  0 0 0 1 0 0.02
-1  0  0  0  1  1  1 -2  0 -1 -1 -1 -2 -2  4  0 -1  4 -2 -1 0 0 1 1 0.02
-1  2  1  1 -3  2  0  1  0 -2 -1  0 -2 -3  3  0 -1  0 -2 -2 0 0 1 0 0.03
-1 -1  0 -2  3  1 -1  0  3  0 -1 -1  0  2 -2  0 -1  4  1  0 0 0 1 0 0.04
 0 -2  1  1 -3  1  0  0 -2 -2 -2 -1 -2 -3  1  3  1 -3  1 -2 0 0 1 1 0.04
-2 -2 -1 -3  0 -2 -1  1 -1  0  2 -2 -1  2  2 -1 -1  2 -1  0 1 0 0 1 0.04
-1 -1  1  1 -2  2  1  0  1 -2 -2  0 -2 -3  1  2  1 -3 -2 -1 1 0 0 1 0.05
 0  0 -1 -1 -2  1  0 -1  0  1  0  0  0 -2  3 -1  0 -3 -2  1 1 0 0 0 0.05
-2 -1 -2 -1  0 -2 -2 -3  0  1  1 -2  1  3 -2  0  2  3  1  1 1 0 0 0 0.06
-2 -2 -1 -1 -2 -1 -1 -1 -2  2  3 -2  0  0 -2  0  1 -1  0  0 1 0 0 0 0.08
-1  0  2  0 -3  3  1 -2  2 -2 -2  0 -2 -2  3  0 -1 -3 -2 -3 1 0 0 1 0.09
-1  2  4  0 -3  1  0  0  1 -2 -3  0 -1 -1  0  1  1 -3 -1 -3 0 0 1 0 0.13
 1 -1  1  0 -1  0 -1  2  1 -3 -2  1 -1 -3  0  2  2 -3 -2 -2 0 0 1 0 0.14
 0 -1 -1 -2 -2 -1 -1  1  0  0  1 -1  0  3  0  0 -1 -1  2  1 0 1 0 0 0.15
-1  0  0 -1 -2  0  0  0  1  0  0 -1  0 -1  1  0  1 -1  3 -1 0 1 0 0 0.15
-2 -1 -2 -3 -1  1 -2 -1  2  2  2 -2  0  0 -3 -2  1 -2  1  1 0 1 0 0 0.16
-1  1 -2 -1  0  2 -1 -3  0  1  0  0 -1  2  0  0 -1 -2  3  0 0 1 0 0 0.18
-1 -2 -1  0 -2  0 -1 -1 -1  1  1 -2  1  0  0 -1  0 -2  3  1 0 1 0 0 0.19
-1 -1  0  2 -2  1  1 -1 -1  0 -1  0 -1 -1  1  0  1 -2  0  0 0 1 0 1 0.20
-1 -1  1  2 -3  2  2 -1 -1 -2 -2 -1  1 -2  1  1  1 -3 -2 -1 0 0 1 1 0.20
-1  0  1  0 -3  2  0  2  0 -2 -1 -1 -2 -2 -2  1  2 -3  0 -2 0 0 1 1 0.22
 0 -1  1  0 -3  0  1  2  1 -3 -2 -1 -1 -2  1  2  0 -3 -2 -2 0 0 1 1 0.17
 0  1  1  0 -2  1  0  1  1 -1 -1 -1  0 -1  0  1  1 -2  0 -1 0 0 1 1 0.14
-1  0  2  1 -3  2  2  2  2 -1 -2  0 -2 -3 -2  0  0 -3 -2 -2 0 1 0 1 0.15
 0  1  2  1 -2  2  1  0 -1 -1 -2  0 -1 -2  1  1  0 -3 -1 -2 0 1 0 1 0.11
-1  3 -1 -2 -3  0  0 -2  1 -2 -1  1 -2 -3  3 -1  2 -3 -1 -1 0 1 0 1 0.07
 0  0 -1 -1 -1  1  0 -3 -2  2  1 -2  0  0 -1 -1  0 -2  2  2 0 1 0 0 0.04
-2  1 -1 -1 -4  2 -1 -3  0 -3 -2  0 -3 -2  5 -1  1 -4 -3 -1 0 1 0 1 0.02
-2 -5 -5 -6 -1 -5 -5 -3 -6  6 -1 -5 -2 -3 -2 -4 -3 -5 -4  5 0 0 1 0 0.02
-2  1  0 -1 -2  2  0 -3  2 -1  1  2 -1  0 -3  1 -1 -3  1 -1 0 0 1 0 0.01
 0 -1  1 -1  0  0  1  2  0 -4 -4 -1 -3 -1 -4  2 -2  0  5 -4 0 1 0 0 0.01
-4 -5 -5 -6 -5  1 -5 -6 -3 -3  2 -5  3  7 -6 -5 -2  0 -1 -3 0 1 0 0 0.01
 4 -3 -2 -2 -3 -1  2 -2 -3 -3 -3  0 -3 -2 -3  1  1 -1  0 -2 0 1 0 0 0.01
 0 -4 -5 -5 -3 -4 -5 -5 -5  3  3 -4  6 -3 -5 -4 -2 -4 -4  3 0 1 0 0 0.01
-1  3 -1 -3  4 -1 -1 -1 -3 -3 -3  1 -3 -4 -3  3  3 -4 -1 -3 0 1 0 0 0.01
-2 -5 -6 -6 -4 -5 -6 -3 -6  6  2 -5 -1 -3 -5 -5 -3 -5 -4  3 0 1 0 0 0.01
 0  0 -2 -3 -1 -2 -2 -3 -3 -2 -1  1 -2 -2 -3  4  2 -4 -3  2 0 1 0 0 0.01
 6 -4 -4 -4 -1 -4 -2  1 -4 -4 -5 -2 -4 -5 -4  1 -3 -5 -5 -3 0 1 0 0 0.02
 0  1 -2 -2 -3 -2 -1 -3 -3  2 -1  2  0  0 -3  0  1 -4 -2  3 0 1 0 0 0.02
-2 -3 -1 -2  5 -2  3 -4 -3 -1 -2  0  0 -3 -3  0  0 -4 -2  3 0 1 0 0 0.03
 1 -3  3  2  0 -2 -1 -2  0 -2 -3 -2 -1 -4 -3  4 -1 -4 -3 -1 0 0 1 0 0.04
-1 -3 -1  3 -3  1  2  1 -3  1 -2 -2 -2 -3 -3  0 -1 -4 -3  2 0 0 1 1 0.06
-2 -2  2  5 -4  3  3 -3 -1 -4 -5 -1 -4 -5  0  0  0 -5 -4 -4 0 0 1 1 0.05
-2 -3  2  2 -4  0  3  3  1 -4 -3 -1 -3 -3 -2 -1 -1 -4 -1 -3 0 0 1 1 0.05
-1 -1  3 -1 -1  0 -1  1  3 -1 -2  0 -2 -2 -3  1  1 -4 -2  1 0 0 1 1 0.04
 0 -2  0  0 -4  1  4 -2  2 -4 -2  1 -3 -4  2  1 -1 -4 -3 -3 0 1 0 1 0.03
-1 -4 -4 -5 -3 -4 -4 -5 -5  6 -1 -4 -2 -3 -2 -3  1 -5 -4  5 0 1 0 0 0.03
-2  1  1  0 -4 -1  5 -3 -2 -3 -3  0 -3 -4  0  2 -1 -4 -4 -2 0 1 0 1 0.03
-3 -3 -2 -4 -3 -3 -4 -4 -4  1  6 -4  1 -2 -4 -2 -3 -3 -3 -1 0 1 0 0 0.03
-2 -4 -4 -4 -3 -3 -4 -4 -4  4 -1 -3  1  1 -4 -3 -1 -3  1  5 0 1 0 0 0.03
-2 -1 -2 -2 -3  8  0 -3 -2 -3 -3 -1 -2 -3 -1 -2 -1  0 -2 -3 0 1 0 0 0.03
-2 -1  0 -2 -3  0 -2 -2  9 -3 -3 -1 -2 -2 -2 -2  1 -3 -1 -3 0 0 1 0 0.04
-2 -2  2 -2 -2 -2 -2 -2 -2 -2 -2 -2 -2 -3 -2  0  6 -3 -2 -2 0 0 1 0 0.05
 3 -2 -2 -2 -2 -2 -2 -2 -2 -3 -3 -2 -2 -3  6  1 -1 -3 -3 -2 0 0 1 1 0.07
-2  0 -2 -2 -3 -1  0 -2 -2 -3 -3  7 -2 -3 -2 -2 -2  1 -2 -3 0 0 1 1 0.10
-2  7 -2 -2 -3  0 -2 -3 -2 -3 -3  0 -2 -3 -2 -2 -2 -3 -2 -3 0 0 1 1 0.10
-2 -2  0  6 -3 -1  2 -2 -2 -3 -2 -2 -2 -3 -2 -2 -1 -3 -3 -2 0 0 1 1 0.12
-2  3 -1 -2 -3 -1 -1 -2 -2 -2 -2  6 -2 -3  0 -2 -2 -3 -2 -2 0 0 1 1 0.13
-1 -2 -1 -2 -3  3 -2  5 -2 -3 -3 -1 -2 -3 -2 -1 -1 -2 -3 -3 0 0 1 1 0.13
-2 -1 -2 -2 -3 -2  0  0 -2 -3 -3 -2  0 -3  6  1 -1 -3 -3 -2 0 0 1 1 0.13
-2 -1 -1  0 -3  4  3 -2 -1  1 -2  0 -2 -2 -1 -1  0  0 -2  0 0 0 1 1 0.12
 1  1  0 -1 -2 -1 -1 -1  2 -1 -1  0  0  2 -2  1  0 -2  1 -1 0 1 0 1 0.11
 1  0 -2 -2 -1  0  1 -2 -2 -1 -2  3 -2 -3  2  0  0 -3 -2  0 0 0 1 1 0.11
-3 -3 -3 -3 -4 -3 -3 -4 -4 -1 -2 -3  2 -4  8 -2 -3 -4 -4 -2 0 0 1 0 0.09
-1 -1  0  0 -2 -1  1  1 -2 -3 -3  0 -2 -3  3  0  0  5 -2 -1 0 0 1 1 0.07
-1  1 -1 -2 -3 -1  0 -3 -1  2 -1  4 -1 -3  1 -1 -2 -4 -3  1 0 0 1 1 0.06
-1 -3 -3 -3  1 -3 -1 -4 -1  4 -1 -3  0 -1 -1 -2  2 -3  2  3 0 1 0 0 0.05
 0  1 -2 -3 -3 -2 -1 -3 -1  2 -1  0 -1 -3  5 -1 -1 -4 -2  0 0 1 0 1 0.05
 1 -3 -4 -4  1 -3 -3 -3 -4  2  3 -3  0 -2 -1  0  0  3 -3  1 0 1 0 0 0.05
 1 -1 -1 -3 -3  2 -1 -1  1  3 -1  0 -1 -1 -1  0 -1 -4 -2  2 0 0 1 0 0.06
-1 -2  1 -4 -5 -3 -4 -3 -4 -2 -5 -4 -4  0  7  1 -2 -5 -4 -3 0 0 1 0 0.06
 0 -1  1 -2  2  1 -1  2 -3 -2 -3  2 -3 -3 -2  2  0  6 -3 -2 0 0 1 0 0.07
-1 -1  2  0 -4  2  0 -3  2 -3 -3  1 -3 -4  5  1 -1 -4 -2 -3 0 0 1 1 0.11
-1 -1 -2 -1 -3 -1 -1 -2  1  0  2 -2 -1 -3  4 -1  1  2 -3 -1 0 0 1 0 0.13
-1 -4 -4 -2 -4  0 -3 -1 -4 -2 -4  0 -4 -5  7 -1  0 -5 -4 -1 0 0 1 0 0.15
 0  0  1  1 -3 -1  0  1 -1 -3 -2  0 -1 -3  2  2  1  0 -3 -1 0 0 1 1 0.26
 0 -2  0  0  0  0 -1 -1  7  0  0 -1  0 -3  0 -1 -2 -3  0 -2 1 0 0 1 0.42
 0 -2  1  0 -3  3  1 -1  4 -1 -1 -1 -1 -3  1  0  0 -3  0 -1 1 0 0 1 0.46
 0 -1 -1 -2 -2 -1  0  0  0  0  0 -1  1  1  3  0  1 -3 -2  1 1 0 0 0 0.51
 0 -1  0  0 -2 -1 -1  0  1  2  0 -1  2 -1  1 -1  0 -3 -1  1 1 0 0 0 0.61
 1  2  0 -1 -3  0  0 -1  4 -3 -2  2  0  0 -1  0 -1 -3  0 -3 1 0 0 1 0.68
 1 -2  0  1 -3  1  2  0  1 -3 -1 -1 -2 -3  1  1  0 -3 -2 -2 1 0 0 1 0.73
 2 -2  1  0 -3 -1  0  0  0 -3 -2 -1 -2 -3  2  2  1 -3  0 -2 1 0 0 0 0.79
 1 -3  1 -1  2 -2 -2  0 -3 -3 -2 -1 -1 -1  1  4  0 -3 -2 -2 1 0 0 1 0.87
-2 -2  5 -1 -3  0 -1  2  1 -3 -1 -1 -3 -4  1  0  1 -4 -3 -2 1 0 0 1 0.88
 1 -1  1  0 -2 -1 -1  0  0  1  0  0  1 -2  0  0  0 -3 -2  1 0 0 1 1 0.90
 0  3  0 -2 -3  0 -1  0  2 -3 -3  0 -3 -3  3  1  0 -3  0 -2 0 0 1 1 0.92
-1  0  5 -2 -1 -1 -1  2  2 -3  0  0 -2 -2 -2  0 -2 -4 -3 -3 0 0 1 1 0.93
 0 -1  1 -1 -1  2  0  1  1  0 -1 -1 -1 -1  1  0  0 -3 -2  0 1 0 0 0 0.93
 1 -2  1  1 -3  1 -1  0  3 -1 -2 -1 -1 -1  2  2  0 -3 -1 -1 1 0 0 0 0.92
 0  1  0 -1 -3  1 -1  0 -2 -2 -2  3  0 -1  2  0  0  0 -3 -2 1 0 0 1 0.92
 0 -2 -1 -1 -2 -1 -1  0  2  1  0 -1  2  0  1  0  0 -2  0  1 0 0 1 1 0.92
 0  0  0  0 -3  1  2  1 -2 -2 -2  1 -2 -2  2  1  0 -3  0 -2 0 0 1 1 0.92
 0  0  1  0 -3  1  1  0  1 -2 -2  1 -1 -2  1  1 -1 -3  0 -1 0 0 1 1 0.91
 0 -2 -1 -1 -1 -1  0  0  1 -2  0 -2  2  1  3  0 -1  1  3 -2 0 0 1 0 0.90
-1 -1  2  3 -3  1  1 -1  1 -2 -2  0 -3 -3  3  0 -1 -3 -3 -2 1 0 0 1 0.91
 0  0 -1  1 -3  1 -1  0  4 -3 -1  0  0 -1  2  2 -1 -3 -1 -3 1 0 0 1 0.90
 0  0  0  0 -2  1  0  0 -2  0  0  0  0 -1  1  0  1 -2 -1  0 1 0 0 1 0.90
 0 -1  0  0 -2 -2 -1  1 -2  0  0 -2  0  2  1  0  0 -2  2 -1 1 0 0 0 0.90
 0 -2  0  0 -3 -1  0  1  2 -2  0 -2  1  1  3  0  0 -2  2 -1 0 1 0 0 0.90
-1 -2 -2 -2 -2 -2 -2  0  0  1  2 -1  1  3 -2 -1  0 -1  2  0 0 1 0 0 0.90
-1  0  0  2 -3  1  0 -1  3 -2 -1  0 -1 -2  2  1  0 -3  0 -2 0 1 0 0 0.89
-2  3 -1  0 -3  0  0 -1  0  0  0 -1 -1 -1  3  0  0 -3 -1 -1 1 0 0 0 0.90
 0 -2  2  3 -3  2  2 -1  1 -3 -3 -2 -3 -2  2  0 -1 -4 -2 -2 1 0 0 1 0.89
 0  1  0  1 -1  2  1 -1  2 -1 -2  1 -2 -1 -1  0  0  1  1 -1 1 0 0 1 0.91
 1 -1 -1  0 -2  0 -1  1 -1  1  0  0  0 -1 -1  0  1 -2  0  0 0 0 1 0 0.92
 0 -1  3  0 -2  1  0  1  0 -2 -2 -1  0 -3  2  1  1 -3 -2 -2 0 0 1 1 0.93
-1  0  0 -2 -2  0  0  0 -1  0  2 -1  0  0 -1  0  1 -2  0  0 1 0 0 1 0.93
-1  0  1  2 -3  2  1 -1  0 -3 -2  2 -2 -2  1  1  0 -3 -2 -2 1 0 0 1 0.94
 0 -1  1  0 -2  1  1  0  0  0 -1  1  0 -2  1  0  1 -3 -2 -1 1 0 0 1 0.95
 0 -1 -1  0  1 -1  0 -1  0  0  0 -1  1  1  1 -1  1 -1  2  0 0 0 1 0 0.94
 0 -1  2  2 -3  1  0  1 -2 -2 -1  1 -1 -3  0  0  0 -3  0 -1 0 0 1 1 0.95
 0 -1  0  1 -3  0  0  1 -1  0 -2  0  1 -3  3  0  0 -3 -1  0 0 0 1 1 0.95
-1 -1  1  3 -3  1  1  1 -1 -1 -1  1  1 -2  0  0 -1 -3 -1 -1 0 0 1 1 0.92
 0 -2  0  1  1  1 -1  0  2 -3 -2 -2 -1 -3 -1  4  1 -4 -2 -2 0 0 1 0 0.91
-1  0  0 -1 -1 -1 -1 -1 -1  2  1 -1  1  0  0 -1 -1 -2  0  1 1 0 0 0 0.90
-2 -2  0  0 -2  0 -1 -1 -2  1  3 -2  0  0 -2 -1 -1 -2  2  0 1 0 0 0 0.83
 0  0  1  1  0  0  0  0  2 -2 -2  1 -2  0  0  1  0 -2  0 -2 1 0 0 1 0.73
 0 -2  2  1 -2  1  0  0 -2 -1 -1 -1  0 -3 -1  2  2 -3 -2  0 1 0 0 0 0.68
-2 -2 -3 -2 -4  1 -2 -3  0  0 -2 -3 -2  1  1 -1 -2 -1  7 -3 0 0 1 0 0.60
 0  0 -3  0 -4  0  1 -1 -3 -4 -4 -2 -3 -4  6  0 -2 -4 -4 -3 0 0 1 0 0.47
 0 -1  1  1  0  1  0  0  0  0 -2  1 -1 -2  1  1  1 -3 -2  0 0 0 1 1 0.32
-1 -2  3  4 -2  1  1  2 -2 -3 -3 -1  0 -1  0  0 -1 -4 -3 -3 0 0 1 1 0.19
 1  1  1 -1  3  1  0  0 -1 -2 -2  0 -1 -3  1  2  0 -3 -2 -1 0 1 0 1 0.11
-1 -3 -3 -2 -2 -2 -3 -3 -3  4  0 -3 -1  0  2  0 -1 -2  2  2 0 1 0 0 0.07
 1 -1  0  0  0  1 -1  0 -2 -2 -2  1 -2 -2  2  2  1 -3  0 -1 0 1 0 1 0.05
-1  2 -1 -1 -1 -1 -1 -1 -1 -2 -1  3 -2 -2 -2  0  3  0 -1 -2 0 0 1 0 0.03
-1 -1 -2 -2 -2  0  1 -3 -2  0 -1 -1 -1  0  0 -1 -1 -3  0  4 0 0 1 0 0.02
 4 -2 -2 -3 -2 -2 -2 -1  5 -1 -2 -1 -1  0 -2  0 -2 -3 -1  1 0 1 0 0 0.02
-1  4  1 -2  0 -1 -1  0 -2 -2 -2  2 -2 -3 -2  0  2 -3 -3  0 0 1 0 0 0.01
-4 -4  0 -5 -4 -4 -4 -4 -2 -1 -2 -4 -2  6 -5 -4 -4  8  6 -2 0 1 0 0 0.01
-3  1  0  1 -5  0  6 -4 -2 -5 -5  3 -4 -5 -3 -2 -3 -5 -4 -4 0 1 0 0 0.01
-3  7 -2 -4 -5 -1 -2 -4 -2 -5 -4  2 -3 -5 -4  0 -3 -5 -4 -4 0 1 0 1 0.01
-3 -4 -5 -5 -3 -4 -5 -5 -5  5  3 -4  1 -2 -4 -4 -2 -4 -3  3 0 1 0 0 0.02
-3 -2 -3 -3 -6  8 -1 -4 -2 -6 -5 -1 -3 -6 -4  0 -3 -5 -4 -5 0 1 0 0 0.02
-4 -5 -5 -5 -4 -5 -5 -5 -3 -2 -2 -5 -2  9 -5 -4 -4 -1  2 -3 0 1 0 0 0.03
 4 -2 -2 -3 -2  0 -2  1 -3 -3 -3  1 -3 -4 -2  2  2 -4 -3 -2 0 1 0 0 0.05
 0 -2  2 -2 -3 -1 -2 -2 -3 -3 -3 -2 -3 -4 -3  4  5 -4 -3 -2 0 0 1 1 0.08
 4 -3  0 -2 -2 -1 -2 -2 -3 -3 -3 -2 -3 -4 -1  4  0 -4 -3 -2 0 0 1 1 0.12
-2 -3  5 -1 -3 -2 -3 -3 -2  4 -1 -2 -2 -1 -3 -1  2 -4 -3  0 0 0 1 1 0.12
-2  1  6 -1 -4  0 -2 -1 -2 -4 -3 -2 -3  0  1  1 -1 -4 -3 -4 0 0 1 1 0.13
 0 -2  2 -3 -1 -3 -3  4  0  0 -2 -3 -1 -2 -1 -2 -2 -3  2  1 0 0 1 1 0.15
-3  5  2 -1 -5 -1 -1 -2  1 -5 -4  5 -3 -5 -3 -1 -2 -5 -3 -4 0 0 1 1 0.13
-2  6 -1 -3 -4  1 -1  0 -2 -5 -4  3 -3 -5 -3  1 -2 -4 -4 -4 0 0 1 1 0.13
-1  3  1  0 -4  0 -1 -3  0 -4 -4  2 -3 -1  3  1  1 -4 -3 -3 0 0 1 1 0.13
 2  0  0  0 -2 -1  1  0 -2 -2  0 -1 -2 -1  2  1  0 -3 -2 -1 0 0 1 0 0.12
 0  0 -1 -1 -3  3  0 -2 -2  0  1 -1  0 -2  2  0  1 -3 -1 -1 0 0 1 0 0.10
 0 -1  1 -1 -4  6  1  0 -2 -4 -3  1 -2  1 -1 -1 -1 -4 -2 -3 0 0 1 0 0.08
 0  0  3 -1  0  2  0  1 -1 -2 -1  1 -1 -2 -1  1  0 -2 -1 -1 0 0 1 1 0.05
-3  4  2 -1  1  5 -1 -4 -2 -5 -4  3 -3 -4 -3 -2 -3 -4 -1 -4 0 0 1 1 0.03
-4  1 -1 -4 -5 -2 -3 -4  8 -4 -3 -1 -3  3 -4 -3 -3 -2  6 -4 0 1 0 1 0.02
-4 -4 -5 -5 -4 -4 -5 -5  0 -1 -2 -4 -2  7 -5 -4 -4 -1  7 -3 0 1 0 0 0.01
-2  2  1 -2  0  1 -2 -3  4  2 -1  0 -1 -2 -3 -1  1 -4 -2  3 0 1 0 0 0.01
-3 -4 -5 -5 -3 -4 -5 -5 -5  1  5 -4  0 -2 -5 -4 -3 -4 -3  3 0 1 0 0 0.01
-2  3 -2 -3 -4  3 -1 -4  5 -1 -2  1 -1 -3 -3 -1 -2 -4 -1  1 0 1 0 0 0.01
-1 -4 -5 -5  0 -4 -4 -5 -5  4  1 -4 -1 -2 -4 -3 -1 -4 -3  5 0 1 0 0 0.01
-1 -1  1 -1 -4  3  4 -3 -2 -1 -3  2  0 -4 -3  0  0 -4 -3 -1 0 1 0 0 0.01
-3 -4 -5 -5 -3 -4 -5 -5 -4  1  5 -4  0  2 -5 -4 -3 -3 -2  1 0 1 0 0 0.01
-2 -3  0 -3 -2 -2 -3  1  0  0  2 -3  1  0 -3  1 -1  5  1  0 0 1 0 0 0.01
 5 -3 -3 -3  3 -3 -3  2 -3 -3 -3 -3 -3 -4 -3  0 -2 -4 -3  0 0 1 0 0 0.01
 0 -2 -1  1  1 -1  1 -2 -2  2 -1 -1  1 -2 -2  0  1 -3  0  1 0 1 0 0 0.02
-2 -3 -3 -4 -2 -3 -3 -4 -3  3  3 -3  0 -1 -1 -2  0 -3 -2  3 0 1 0 0 0.03
 1  0  0  2 -1  0  2  1 -1 -2 -2  0  0 -2 -1  1  0 -2 -2 -2 0 0 1 0 0.04
 0 -1  2  3 -2  0  1  1  1 -2 -2  0 -2 -2  0  0  0 -2 -2 -1 1 0 0 0 0.07
-1  0  2  1 -1  1  1  1  0 -1 -1  1 -1 -2  1  0  0 -2  0 -1 1 0 0 1 0.12
 0 -1  2  1 -1  0  0 -1  1 -1 -1 -1 -1  0 -1  1  0 -1  1 -1 1 0 0 1 0.21
 0 -1  0  0 -1  0  0 -1 -1  0  0  0  0  0 -1  0  1 -1  1  0 0 0 1 0 0.30
 0  0  1  1 -1  0  0  0  3  0 -1  0 -1 -1  1  0  0 -1 -1 -1 0 0 1 1 0.43
 0  0  0  1 -1  0  0  0 -1  0 -1  0 -1 -1  0  0  1 -1  0  0 0 0 1 1 0.48
 0 -1  0  1 -1  0  0  0  0  0 -1  0 -1  0  2  0  0 -1  1  0 0 0 1 1 0.57
 0  0  1  1 -1  1  1 -1  0 -1 -1  0 -1 -1  0  1  0 -1 -1 -1 0 0 1 1 0.57
 0  0  0  0 -1  0  0  0 -1  0 -1  0 -1  0  2  0  0 -1  0  0 0 0 1 0 0.55
 0  0  0  0  0  0  0  1  0 -1 -1  0 -1 -1  1  1  0 -1  1  0 0 0 1 1 0.64
 0 -1  1  1  0  0  0  0  0  0 -1  0 -1  0  0  0  0 -1  1  0 0 0 1 0 0.72
 0  0  0  0 -1  0  0  0  0 -1 -1  0  0  0  1  0  1  0  2 -1 0 0 1 1 0.79
 0 -1 -1 -1  1  0  0 -1  0  0  0 -1  0  1  0  0  0  0  2  0 0 1 0 1 0.75
 1  0  0  1 -1  0  1  0  0 -1 -1  0 -1 -1  1  1  0 -1 -1 -1 0 1 0 0 0.73
 0  0  1  0 -1  0  1  0 -1  0  0  0  0 -1  1  0  0 -1 -1  0 0 1 0 1 0.62
 0  0  0  1 -1  0  0  0 -1  0  0  0  0  0  0  0  0 -1  0  0 0 1 0 0 0.51
 1 -1  0  0  1  0  0  0  0  0  0  0  0 -1  1  0  1 -1  0  0 0 1 0 1 0.50
 0 -1  0 -1 -1  0  0  0 -1  0  1  0  1  0  0  0  0 -1  0  0 0 0 1 0 0.51
 1  0  0  1 -1  1  1  0 -1 -1 -1  0 -1  0  1  0  0 -1  0 -1 0 0 1 1 0.49
-1  1  3  1 -2  1  0  0 -1 -1 -1  0 -1 -2  2  0  0 -2 -1 -1 0 0 1 1 0.38
 0 -1  1  2 -2  0  0  3 -1 -2 -2 -1 -1 -1  0  0  0 -1 -1 -1 0 0 1 1 0.31
 1  1  0  0 -1  0  0  1 -1 -1 -2  0 -1 -2  0  2  1 -2 -2 -1 0 0 1 0 0.22
 0  0  2  2 -2  1  1  0 -1  0 -2  0 -1 -2 -1  0  1 -2 -2 -1 0 1 0 1 0.13
 0 -2  0  2 -1 -1  1  2 -2 -1 -1 -1  0 -2  1  0  0 -2 -1 -1 0 1 0 0 0.07
 0  0  1  0  0  3  1 -1  1 -1 -1  1  0 -2 -1  0  1 -2  0 -1 0 1 0 0 0.04
-3 -1 -3 -3 -3 -2 -1 -3 -2 -2 -1  1 -2  5  1 -3 -3  8  4 -2 0 1 0 0 0.03
 1 -3 -3 -3 -2 -3 -1 -4 -3  4  1 -3  0  0 -3 -2 -1 -3  0  4 0 1 0 0 0.02
-2  1 -2 -2 -3 -1 -1 -3  0  1  1  3  0 -2  3 -1 -1 -3 -1  1 0 1 0 0 0.02
-2 -4 -4 -4 -3 -4 -4 -4 -4  5  3 -4  0 -2 -4 -3 -2 -4 -3  3 0 1 0 0 0.01
 5 -2 -2 -3  3  2 -1 -1 -3 -3 -1 -2 -2 -3 -2  1  0 -3 -3 -2 0 1 0 0 0.01
-1  2 -2 -1 -3  0  4 -3  0  0 -2  0  1 -1 -2  1 -1 -3  1 -1 0 1 0 0 0.01
 0  3 -2 -2 -1  1 -1 -2 -2  1  0  1  2 -2 -2  1  0 -3 -2  1 0 1 0 0 0.01
-1  1  1 -1 -3  2  2 -2  2  0  0  2  0 -2 -2 -1  1 -3 -2 -1 0 1 0 0 0.01
-2 -3 -2 -3 -3 -3 -3 -3 -3 -4 -4 -3 -3 -5 -3  5  5 -5 -4 -3 0 0 1 0 0.01
 2 -3 -2 -1 -4 -1  1  2  2 -4 -4 -2 -3 -4  5 -1  0 -4 -2 -3 0 0 1 0 0.02
-1 -4 -4 -3 -5 -2 -2 -3 -4 -5 -5  1 -5 -6  8 -2 -4 -6 -5 -5 0 0 1 1 0.03
-3 -4 -5 -5 -3 -4 -4 -5 -4  3  3 -4  5  2 -4 -4 -2 -3 -2  3 0 1 0 0 0.03
-3 -4 -5 -5 -3  0 -4 -5 -5  6  0 -4 -1  0 -5 -4 -1 -4 -3  4 0 1 0 0 0.04
-3 -5 -5 -6 -3 -5 -5 -6 -6  5 -1 -5  0 -3 -5 -4 -2 -5 -4  6 0 1 0 0 0.06
-4  8 -3 -5 -6 -2 -3 -5 -3 -6 -5 -1 -4 -6 -5 -4 -4 -6 -5 -6 0 1 0 1 0.11
-1 -5  0 -4 -5 -4 -4  7 -4 -6 -6 -4 -5 -6 -5 -1 -4 -5 -5 -5 0 0 1 1 0.11
-4  8  0 -4 -6  1 -3 -5 -3 -6 -5  0 -4 -6 -5 -3 -4 -5 -4 -5 0 0 1 1 0.16
-2 -3  1 -3 -4 -3 -3 -1 -3 -5 -5 -3 -4 -5  0  6 -1 -5 -4 -4 0 0 1 1 0.31
 0 -5 -5 -4 -5 -4 -4 -5 -5 -5 -5 -4 -5  0  8 -3 -4 -6 -5 -5 0 0 1 1 0.23
-1  4 -2 -3 -4 -2 -3  4 -3 -5 -5 -2 -4 -5 -4  4 -2 -5 -4 -4 0 0 1 1 0.27
-3  1  6 -2 -5 -2 -2 -3  7 -5 -5  0 -4  0 -4  1 -3 -5 -2 -5 0 0 1 1 0.29
-5 -5 -5 -6  1 -5 -5 -6 -2 -4 -3 -5 -3  6 -6 -5 -4 -1  8 -4 0 0 1 0 0.30
 1 -1 -1  2  0  4  1 -3  1 -2 -2  2 -2 -4 -2 -1  2 -4 -3 -2 0 0 1 1 0.38
 0 -1  3  2 -3 -1  1  0 -2 -3 -4  0 -1 -4 -2  3 -1 -4 -3 -3 0 0 1 1 0.49
 0  4 -1  1 -4 -1  3  2 -2 -4 -3  0 -3 -4 -2  2 -1 -4 -3 -3 0 0 1 1 0.56
-2  5 -2 -3 -5  2 -1 -4 -2 -5 -4  5 -3 -5 -3 -2 -3 -5 -4 -4 0 0 1 1 0.42
-3  6 -1  2 -5  2  2 -4 -2 -5 -4  1 -3 -5 -3 -2 -2 -4 -3 -4 0 0 1 1 0.42
-2 -4 -4 -4 -2 -3 -4 -4 -4  5  1 -3  0 -1  2 -3 -1 -3 -2  3 0 0 1 1 0.43
 1 -2 -2 -2 -2 -1 -1 -2 -2 -2  0  0 -1 -3  5  1  2 -3 -3 -1 0 0 1 1 0.45
-2 -3 -4 -4 -2 -3 -3 -4 -4  3  3 -3  1 -1 -3 -3 -1 -3 -2  3 0 0 1 1 0.55
-1  5 -1 -1 -4  1  0 -2 -1 -3 -3  4 -2 -3 -2 -1 -1 -3 -2 -3 0 0 1 1 0.67
