-4 -5 -5 -6 -5 -4 -5 -6 -5 -1  0 -5 10 -1 -6 -5 -4 -5 -4  0 0 0 1 1 0.37
-1 -4 -4 -6 -5 -3 -3 -6  3  0 -2 -4 10 -3 -4 -4  1 -5 -1 -1 0 0 1 1 0.24
-2  2  0 -1 -4  2  2 -3 -1  0 -1  2  1 -3 -2 -1  2 -4 -1 -1 0 1 0 1 0.20
 1 -2 -3 -4 -3  0 -3 -2 -4  1  0 -2 -1 -3 -3  0  5 -5 -4  1 0 0 1 1 0.19
-1  2  0 -2 -4  3  0 -3  0 -1 -3  4 -1 -4 -2  0  3 -5 -3  0 0 1 0 1 0.13
-2 -5 -6 -6 -4 -5 -6 -6 -6  5  3 -5  1 -2 -5 -5 -3 -5 -4  4 0 1 0 0 0.15
-1  4 -2 -3 -3  4 -2 -3 -1 -2 -4  4 -3  0 -4  0 -2 -5 -2 -2 0 1 0 1 0.16
-3  4 -2 -4 -7  2 -2 -5 -2 -6 -6  7 -5 -7 -3 -3 -3 -6 -5 -6 0 1 0 1 0.20
-4 -4 -2 -6 -1 -1 -6 -6 -3  2 -3 -6  0 -3 -6 -1 -3 11 -1  1 0 1 0 1 0.18
-4 -6 -4 -2 -6 -5 -6  8 -6 -7 -7 -5 -6 -7 -6 -3 -5 -6 -7 -7 0 0 1 1 0.22
-5 -4  8 -1 -7 -2 -4  1 -1 -7 -7 -2 -6 -1 -6 -3 -4 -7 -6 -7 0 0 1 1 0.35
 0 -3 -1 -4 -5 -2 -4 -1 -2 -6 -6 -3 -5 -6 -5  7 -2 -7 -5 -3 0 1 0 1 0.33
 1  0 -1 -3 -3  3 -2 -4  0  0  3  0  0 -2 -2 -1 -1 -4 -3  0 0 1 0 0 0.33
 4 -5 -4 -4 -4 -4 -3  5 -5 -2 -4 -4  2 -5 -4 -1 -2 -5 -5  0 0 1 0 0 0.30
-2 -5 -4 -6 -4 -5 -5 -5 -5  5  3 -5  1  0 -5 -3 -2 -5 -3  4 0 1 0 0 0.24
-1  7 -3 -5 -3 -2 -3 -4 -2  0 -4 -1 -4 -5 -2 -1  1 -6 -5 -1 0 1 0 1 0.15
-4 -6 -6 -6 -4 -6 -6 -7 -6  6  4 -6  0  0 -6 -5 -4 -5 -4  2 0 0 1 0 0.11
-4 -6 -2 -4 -7 -6 -5 -3 -6 -7 -7 -4 -7 -8  8  0 -2 -8 -7 -7 0 0 1 1 0.09
 3  0 -1 -3 -5  0 -2 -2  0 -4 -4  5 -1 -5  0  1 -2 -6 -3 -2 1 0 0 1 0.06
 2 -2  1  2 -3  0  1 -1  1 -2 -3 -1 -2 -4  0  2  0 -4  0 -1 1 0 0 1 0.05
-3 -5 -6 -6 -1 -4 -3 -6 -3  4  3 -5  2  3 -5 -5 -2  2 -1  3 1 0 0 0 0.03
 3 -3 -5 -5 -2 -4 -3 -4 -5  1  4 -3  2 -2 -4 -1 -1 -4 -4  2 1 0 0 0 0.04
 0  2  1  2 -2  2  3 -2 -1 -3 -4  2 -3 -3 -3  0 -1 -4 -1 -4 1 0 0 1 0.03
 1  1 -1  0 -4  4  3 -3 -1 -2 -1  1  0 -3 -3  0 -1 -4 -2 -1 1 0 0 1 0.03
 1 -4 -2 -4  2 -3 -4 -3  0  1  4 -3  2  0 -1 -1 -1  0 -2  0 1 0 0 0 0.03
-2  1  3  1 -2  1  0  4  4 -5 -5  0 -4 -5 -4 -1 -3 -5 -4 -4 0 0 1 1 0.03
-2 -2 -5 -6 -1 -4 -3 -6 -5  3  5 -5  2  1 -5 -5 -4  4 -3  1 0 0 1 0 0.03
 0  1  1  2 -2  1  1  0  3 -2 -3  2 -2 -3 -2  1  1 -4 -3 -2 0 0 1 1 0.02
 0  0  0  1 -3  0  3 -3 -3  1 -1 -1 -1 -2  1 -1  0 -4 -3  1 0 0 1 1 0.02
-2 -4  2  3 -5 -2  0  5 -1 -4 -6 -3 -5 -3 -3 -1 -2 -5 -2 -5 0 0 1 1 0.02
-1 -3  0  5  0  3  0 -3 -1 -2 -3 -2 -1 -5 -2  2  1 -5 -3 -2 0 0 1 1 0.02
-1  1  0  1 -1  1  3 -3  0 -2 -2  2 -1 -2 -1  0  2 -4 -1 -1 0 1 0 1 0.03
-1 -4 -4 -4 -3 -3 -1 -4 -3  2  2 -3  3  1 -4 -3 -2  4  1  4 0 1 0 0 0.02
-1  0  0  2 -4  1  3 -1  1  0 -2  1 -2 -1 -3  0  0 -4 -3 -1 0 1 0 1 0.02
 0 -3 -4 -4  1 -3 -4 -4 -3  3  2 -3  2  0 -1 -2  0 -3  0  3 0 1 0 0 0.02
 0  1  0  0 -3  1  2 -2  2 -1 -2  1 -1 -2 -3  1  1  0 -1 -1 0 1 0 1 0.02
-1 -2 -1 -3 -3  0  0 -2 -4  2  1 -2  1 -1 -2 -2 -1 -4 -1  4 0 1 0 1 0.02
-1  1 -1  1 -4  2  4 -2  0 -1 -2  1 -1 -4 -3  0  0 -4 -2 -1 0 1 0 1 0.02
-1 -2  4  4 -5 -1  1  2  0 -5 -5  0 -4 -5 -1 -1 -2 -5 -2 -5 0 0 1 1 0.02
-2 -1  2  2 -5  0  0  5  0 -4 -4  0 -4 -5 -2 -2 -2 -5 -4 -4 0 0 1 1 0.02
 0  3  0 -1  0  1  1  1 -1 -2 -3  2 -1 -3 -3  0  1 -4 -2 -2 0 1 0 1 0.01
-2 -4 -5 -3 -3 -4 -3 -5 -5  5  3 -3  2  1 -5 -3 -2 -4 -3  2 0 1 0 0 0.01
-2 -1 -3 -4  0 -2 -2 -3 -4  4  0 -2  1  1 -4 -2  1 -4 -2  3 0 1 0 0 0.01
-1 -5 -5 -5 -3 -3 -3 -5 -5  5  3 -4  0 -1 -5 -3 -2 -4 -3  3 0 1 0 0 0.01
-2  3 -1 -2 -4  0  2 -3 -1  0 -1  3 -1 -3 -3  0  2 -4 -2  0 0 1 0 1 0.02
 0  2 -1 -3 -2 -2 -2 -2 -4 -3 -2  0 -1 -5  7 -1 -2 -5 -4 -3 0 1 0 1 0.02
 1 -1 -1 -2 -1 -1 -1 -2  0  1  0  2  0 -1 -1 -1  0 -3 -1  2 0 0 1 1 0.02
 0  3  0 -1 -4  1 -1 -1 -1 -2 -3  4 -3 -3  0  0  0 -2 -3 -2 0 0 1 1 0.02
 0  2 -1 -1 -4  0  0 -2  0 -2 -3  4 -3 -3  3  0  0 -4 -2 -2 0 0 1 1 0.02
-1  3 -1  0 -4  1  0 -1  0 -1 -2  3 -2 -2  0 -1  0 -2 -1 -2 0 0 1 1 0.03
 0  1  0 -1 -4 -1  0 -2 -2 -2 -2  3 -3 -3  5 -1 -2 -4 -3 -3 0 0 1 1 0.02
 0  4 -1  1 -2  1  1 -1  1 -2 -2  2 -2 -2 -1  0  0 -1 -1 -1 0 0 1 1 0.02
-1 -1 -2 -1 -3 -1  0 -2 -1  0  1  0 -1  2 -1 -1 -1  0  6 -1 0 0 1 0 0.02
-1 -1  1  0 -1 -1 -2 -2 -1 -2 -1  0 -1 -2 -3  3  4 -1 -1 -2 0 0 1 1 0.01
-3 -2 -6 -4 -5 -5 -2 -6 -6  2  6 -5  1 -1 -6 -4 -3  2 -3 -1 1 0 0 1 0.02
 2 -3 -1  3 -6  0  5 -3  1 -5 -4  0 -3 -6 -5 -1 -3 -6 -4 -4 1 0 0 1 0.01
-2  1 -3  4 -7  2  5 -4 -2 -5 -5  0 -2 -6 -5 -2 -2 -1 -4 -5 1 0 0 1 0.01
-3  2 -4 -4 -5 -3 -4 -6 -5 -1  6 -2  2 -3 -6 -4 -3 -5 -2 -2 1 0 0 0 0.01
-3 -4 -4 -6  0 -5 -4 -6 -5  2  5 -4  1  4 -6 -4 -3 -1 -3  1 1 0 0 0 0.02
 5 -2 -1  0 -2  1  2 -2 -4 -3 -4  1 -3 -3 -4  1 -1 -5 -2 -3 1 0 0 1 0.02
 0  1  1  1 -2  3  2  2 -3 -4 -2  1  0 -5 -4 -1 -2 -5 -3 -3 0 0 1 1 0.03
-2 -4 -3 -4  5 -4 -4 -5 -2  4  0 -3  4  3 -5 -3 -2  3  3  1 0 0 1 0 0.04
-1 -1  1  4 -4  0  0  0  0 -4 -4  0 -3 -3  0  1  4 -5 -2 -3 0 0 1 1 0.06
 1 -4 -2  2 -5  1  2  1 -4 -4 -4  0 -4 -2  5 -1 -2 -5 -2 -4 0 0 1 1 0.09
 0 -2  0  3 -5  1  4 -2  0 -4 -3  2 -4 -5 -1  0 -1 -5 -1 -3 0 0 1 1 0.14
-1 -1  5 -1 -5  0  0  0 -2 -2 -3  1 -1 -2 -1 -1  0 -4  3 -3 0 0 1 0 0.18
-1  2 -2 -1 -3  0  0 -3  2  1  1  0  0  0  1 -1 -1 -3  0  0 0 0 1 1 0.25
-1 -2 -1  1 -2 -1  1 -1  8 -3 -4 -1 -1 -2  2 -1 -1 -1 -1 -5 0 0 1 0 0.43
 1 -1 -1  1  0 -1  3  1 -1 -2 -3  1 -4 -4  2  1 -1 -2 -4 -2 0 0 1 1 0.49
-1 -3 -2  2 -3 -1  6 -4 -4 -3 -2 -1 -3 -6 -3 -1 -1 -3 -5 -3 0 0 1 1 0.53
 0 -1 -2 -1 -2 -2  0 -4 -2  4  0 -3  0 -1 -2 -3 -1  4  1  3 0 0 1 0 0.60
-2 -4  0  7 -6 -2  2 -3  0 -4 -4 -4  1 -3 -3  0 -3 -7 -4 -3 0 0 1 1 0.69
-1 -4 -5 -4 -4 -3 -4 -6 -6 -4 -1 -2 -1  4 -4 -1  1 10 -2 -2 0 0 1 0 0.68
 1 -5 -2  1 -3 -3 -3  6 -3 -4 -3 -4 -2 -1 -5 -1 -1 -6 -3 -4 0 0 1 0 0.68
 0  0  0  0 -5  1  4 -1 -2 -4 -5  3 -4 -4  3  0 -1 -5 -4 -3 0 0 1 1 0.80
 2  0 -4  0 -5 -3 -3 -5 -5 -3 -5 -3 -2 -5  7  1 -3 -6 -4 -3 0 0 1 1 0.72
-1 -2 -4 -4 -4  1  2 -4 -3  1 -1 -1  0 -4 -5 -2  0 -5 -4  5 0 0 1 1 0.75
-3 -7 -5 -2 -7 -6 -4  7 -6 -8 -8 -4 -7 -8 -4 -4 -6 -7 -7 -4 0 0 1 0 0.57
 0  3  3  1 -5  0  1 -1 -1 -4 -4  3 -3 -5 -4  0 -2 -5 -4 -4 0 0 1 1 0.57
-6 -5 -5 -3 -9 -3  8 -7 -5 -8 -8 -2 -7 -8 -6 -5 -6 -8 -7 -7 0 0 1 1 0.48
 1 -3 -3 -3 -2 -2  0 -5 -3  3  3 -1  1 -1 -4 -2 -2 -4 -2  2 0 0 1 1 0.47
-7 -7 -8 -9 -7 -7 -7 -7 -7 -7 -6 -8 -6 -3 -8 -7 -7 13  1 -7 0 0 1 1 0.65
