-2 -2 -2 -3 -2 -1 -2 -3  2 -1 -1 -2 -1  3 -3 -2 -2  2  7 -1 0 0 1 1 0.89
-2  0  1 -1 -3  0  0 -2  7 -3 -3 -1 -2 -1 -2 -1 -2 -2  2 -3 0 0 1 1 0.83
-2 -2 -2 -3 -2 -1 -2 -3  2 -1 -1 -2 -1  3 -3 -2 -2  2  7 -1 0 0 1 1 0.80
-1  0  0  1 -4  2  5 -2  0 -3 -3  1 -2 -3 -1  0 -1 -3 -2 -2 0 0 1 1 0.73
-2  0  1 -1 -3  0  0 -2  8 -4 -3 -1 -2 -1 -2 -1 -2 -3  2 -3 0 0 1 1 0.68
-1  0  0  2 -4  2  5 -2  0 -4 -3  1 -2 -4 -1  0 -1 -3 -2 -3 0 0 1 1 0.68
-1 -2 -1 -2 -1 -1 -2 -3 -2  1  2 -1  3 -1 -2  0  3 -2 -1  0 0 0 1 1 0.66
-1  0  0  0 -3  3  3 -2  6 -3 -3  0 -1 -2 -2  0 -1 -3  0 -3 0 0 1 1 0.70
 2 -1  0  3 -1  0  0  0 -1 -2 -2 -1 -2 -3 -1  2  0 -3 -2 -1 0 0 1 1 0.67
 0 -2 -1 -1 -2 -1 -1 -2 -2 -3 -3 -1 -2 -3  7  2  0 -4 -3 -2 0 0 1 1 0.49
-2 -2 -4 -4 -1 -2 -3 -4 -3  2  4 -3  2  0 -3 -3 -1 -2 -1  1 0 0 1 0 0.33
 0 -1  1  5 -2  0  1 -1 -1 -3 -3 -1 -3 -3 -1  2  0 -4 -3 -3 0 0 1 0 0.19
 0 -1  0 -1 -2 -1 -1 -1 -1 -3 -3 -1 -2 -3  5  3  1 -3 -2 -2 1 0 0 1 0.13
 0  4  0 -1 -2  0  0 -2 -1 -2 -2  1 -1 -3 -1  2  2 -3 -2 -1 1 0 0 0 0.10
-2 -3 -4 -4 -1 -3 -3 -4 -3  4  2 -3  1  0 -3 -3 -1 -3 -1  2 1 0 0 0 0.07
-2  3  3 -1 -3  0 -1 -2  0 -2 -2  0 -1  3 -3 -1 -1  0  3 -2 1 0 0 1 0.06
-1  0  3  0 -2  0  0 -1 -1 -1  0  2 -1 -2 -2  1  0 -3 -2 -1 1 0 0 1 0.04
-1 -3 -3 -3 -1 -3 -3 -4 -4  4  1 -3  1  0 -3 -2 -1 -3 -1  3 1 0 0 0 0.03
-1 -3 -2 -3  6 -3 -3  3 -2 -1  1 -3  0  2 -3 -1 -2 -1  0 -1 1 0 0 0 0.02
-1 -1  0  4 -3  0  3 -2 -1 -2 -2  0 -2  2 -2  1 -1 -2  0 -2 1 0 0 0 0.02
-1 -2 -2 -3 -1 -2 -3 -3 -3  3  2 -2  1  0 -2 -1  2 -3 -1  2 1 0 0 0 0.02
-1  0  0  2 -4  2  6 -2  0 -4 -3  1 -2 -4 -1  0 -1 -3 -2 -3 1 0 0 0 0.01
-3 -3 -3 -4 -3 -4 -4 -3 -1  0  0 -3  0  7 -4 -3 -2  1  3 -1 1 0 0 0 0.01
-2 -1  3  3 -3  1  2 -2  5 -4 -3  0 -2 -3 -2  0 -1 -3  0 -3 1 0 0 1 0.01
 2 -1  0 -1 -1 -1 -1 -1 -2 -1 -2 -1 -1 -2 -1  2  3 -3 -2 -1 1 0 0 0 0.01
 0 -2 -1 -2  6 -1 -2 -2 -2 -1 -1 -1 -1 -2 -2  1  4 -3 -2  0 1 0 0 0 0.01
 0  0  3  1 -2  1  3 -1  0 -3 -3  0 -2 -3 -1  2  0 -3 -2 -3 1 0 0 0 0.01
-1 -1  3  4 -2  0  0 -1 -1 -2 -3 -1 -2 -3 -2  1  3 -4 -2 -2 1 0 0 1 0.01
-2 -2 -2 -3 -3 -2 -2 -3  2 -2 -1 -2 -1  3 -3 -2 -2  2  7 -1 1 0 0 0 0.01
-2 -3 -4 -4 -1 -3 -3 -4 -3  3  4 -3  2  0 -3 -3 -1 -2 -1  2 1 0 0 0 0.01
-2 -1  4 -1 -2 -1 -1 -2  1 -1  0 -1  3  1 -3 -1 -1  0  4 -1 1 0 0 1 0.01
-1  1 -1 -2 -3  1  0 -2 -1 -1  1  4  0 -2 -2 -1 -1 -3 -2 -1 1 0 0 0 0.01
-2 -3 -4 -4 -1 -3 -3 -4 -3  4  3 -3  1  0 -3 -3 -1 -3 -1  2 1 0 0 0 0.01
-1 -2 -3 -3 -2 -2 -3 -3 -3  3  2 -2  5  0 -3 -2 -1 -2 -1  2 1 0 0 0 0.01
-1 -1  5  1 -2  0 -1 -1  0 -2 -3  0 -2 -3 -2  1  3 -4 -2 -2 1 0 0 1 0.01
-1 -2 -2 -2  7 -2 -2 -2 -2  0  2 -2  0 -1 -2 -1 -1 -1 -1  0 0 0 1 0 0.02
 2 -1  0  0 -1  0  0  0 -1 -2 -2  0 -1 -2  0  3  1 -2 -1 -1 0 0 1 1 0.03
-1  0  3  0 -2  0  0 -1 -1 -2 -2  2 -1 -3 -1  1  3 -3 -2 -1 0 0 1 1 0.03
-2 -2  1  6 -4  0  2 -2 -1 -4 -4 -1 -3 -4 -2  0 -1 -5 -3 -4 0 0 1 1 0.04
-1  0 -1  0 -4  1  3 -2 -1 -3 -3  2 -2 -4  5  0 -1 -3 -2 -3 0 0 1 1 0.04
-1 -1 -1  1 -3  1  5 -3 -1 -1  1  0  0 -2 -2 -1 -1 -3 -2 -1 0 0 1 1 0.04
-1  2  0 -1 -3  1  1 -2 -1 -3 -3  5 -2 -3 -1  0 -1 -3 -2 -3 1 0 0 1 0.04
-1 -1  0 -1 -2  0 -1 -1  5 -1 -1 -1  0  4 -1 -1 -1  0  2 -1 1 0 0 0 0.04
-2 -1  6  1 -3  0  0 -1  0 -4 -4  0 -2 -3 -2  1  0 -4 -2 -3 1 0 0 1 0.04
-1 -1 -1  0 -2  1  3 -2  1 -2 -1  0 -1  1 -1 -1 -1  0  4 -1 1 0 0 1 0.04
 2 -2 -1 -2 -1 -1 -1 -1 -2  0  2 -1  1 -1 -2  2  0 -2 -2  0 1 0 0 0 0.04
-2 -2 -4 -4 -1 -2 -3 -4 -3  2  4 -3  2  0 -3 -3 -1 -2 -1  1 1 0 0 0 0.03
-1  1  3  3 -3  1  2 -1  0 -3 -3  3 -2 -3 -2  0 -1 -4 -2 -3 0 0 1 1 0.03
-2 -2  1  6 -4  0  2 -2 -1 -4 -4 -1 -3 -4 -2  0 -1 -5 -3 -4 0 0 1 0 0.02
-2  3  3  0 -3  0  0 -2  6 -3 -3  1 -2 -2 -2  0 -1 -3  0 -3 1 0 0 1 0.02
-1 -2 -2 -1 -2 -1  2 -3 -2  3  1 -1  0 -1 -2 -2 -1 -3 -2  3 1 0 0 1 0.02
 2 -2  0 -1 -1 -1 -1  4 -2 -3 -3 -1 -2 -3 -1  2  0 -3 -2 -2 1 0 0 0 0.02
-2 -3 -4 -3 -1 -3 -4 -4 -4  5  2 -3  1  0 -3 -3 -1 -3 -2  3 1 0 0 0 0.02
-2  3 -2 -3 -2 -1 -2 -3 -2  1  3  0  1  0 -3 -2 -1 -2 -1  0 1 0 0 0 0.01
-1  4  0 -1 -3  3  1 -2  0 -3 -3  4 -1 -3 -2  0 -1 -3 -2 -3 1 0 0 1 0.01
-1 -1 -1  1 -4  1  4 -3  1 -3 -2  0 -2  0 -2 -1 -1  0  4 -2 1 0 0 0 0.02
-1 -2 -3 -3 -1 -2 -3 -3 -3  3  2 -2  4  0 -3 -2 -1 -2 -1  3 1 0 0 0 0.02
-1  3 -1 -2 -2  0 -1 -3  0 -2 -2  0 -1  1 -2  0  2  0  5 -1 1 0 0 1 0.02
-1  1  0  0 -4  2  4 -2 -1 -3 -3  4 -2 -3 -1  0 -1 -3 -2 -3 1 0 0 1 0.02
-1 -1  5  1 -2  0 -1 -1  0 -3 -3  0 -2 -3 -2  1  2 -4 -2 -2 1 0 0 0 0.02
-1  0  2  0  5  5  1 -2  0 -3 -2  0 -1 -3 -2  0 -1 -3 -2 -2 1 0 0 0 0.02
-1  1  5  1 -3  1  0 -1  0 -3 -3  3 -2 -3 -2  0  0 -4 -2 -3 1 0 0 1 0.02
-1  4  0  0 -4  1  3 -2  0 -3 -3  3 -2 -3 -2  0 -1 -3 -2 -3 1 0 0 1 0.02
-2 -1  2 -1 -2 -1 -1 -2  4 -1  1 -1  0  1 -3 -1 -1  0  4 -1 0 0 1 0 0.02
-2 -1  3  3 -3  0  2 -2  0 -2 -2 -1 -2  3 -2  0 -1 -2  0 -2 0 0 1 1 0.02
-1 -1  4  0 -2 -1 -1 -1  1 -3 -2 -1 -2  0 -2  2  0  0  4 -2 0 0 1 0 0.02
-2 -3 -3 -4 -2 -3 -3 -4 -1  0  2 -3  1  5 -4 -2 -2  1  4  0 0 0 1 1 0.01
-1  4 -1 -2 -3  0  0 -3 -1 -1  1  3  0 -2 -2 -1 -1 -3 -2 -1 0 0 1 1 0.01
-2 -3 -4 -4 -1 -3 -3 -4 -3  3  4 -3  2  0 -3 -3 -1 -2 -1  2 0 0 1 0 0.01
-1 -2 -2  0 -3  0  3 -2 -2 -3 -3  0 -3 -4  7 -1 -1 -4 -3 -3 0 0 1 1 0.01
-2 -2 -2 -1 -3 -1  2 -3 -1  0  2 -1  0  4 -3 -2 -2 -1  1 -1 1 0 0 1 0.01
-1  3  0  1 -4  2  5 -2  0 -3 -3  1 -2 -3 -2  0 -1 -3 -2 -3 1 0 0 1 0.01
-1 -3 -3 -4 -1 -3 -3 -4 -3  4  2 -3  1  0 -3 -2 -1 -3 -1  3 1 0 0 0 0.01
-1  4  0 -1 -3  3  1 -2  0 -3 -2  3 -1 -3 -2  0 -1 -3 -2 -3 1 0 0 0 0.01
-1 -2  1  5 -3 -1  1 -2 -2  0 -2 -1 -2 -3 -2 -1 -1 -4 -3  1 1 0 0 1 0.01
 0 -1  4  0 -2  0  0  0  0 -3 -3  0 -2 -3 -1  4  1 -3 -2 -2 1 0 0 0 0.01
-1 -2 -3 -3 -2 -1 -3 -3 -2  3  2 -2  6  0 -3 -2 -1 -2 -1  1 1 0 0 0 0.01
 4 -2 -2 -2 -1 -1 -1 -1 -2  0 -1 -1  0 -2 -1  0  0 -3 -2  2 1 0 0 0 0.01
-2 -2  3 -1 -2 -1 -2 -2 -1  1  3 -2  1  0 -3 -1 -1 -2 -2  0 1 0 0 1 0.01
-2  6 -1 -2 -4  1  0 -3  0 -3 -2  2 -2 -3 -2 -1 -1 -3 -2 -3 1 0 0 0 0.01
-2 -3 -4 -3 -1 -3 -4 -4 -4  5  2 -3  1  0 -3 -3 -1 -3 -2  3 1 0 0 0 0.01
 1 -1  1  0 -1  0  0  0 -1 -3 -3  0 -2 -3 -1  4  1 -3 -2 -2 1 0 0 0 0.01
-2 -1  1  6 -4  0  3 -2 -1 -3 -4  0 -3 -4 -2  0 -1 -4 -3 -3 1 0 0 1 0.01
-2  6 -1 -2 -4  1  0 -3  0 -3 -2  2 -2 -3 -2 -1 -1 -3 -2 -3 1 0 0 0 0.01
-2 -2 -4 -4 -1 -2 -3 -4 -3  2  4 -3  2  0 -3 -3 -1 -2 -1  1 1 0 0 0 0.01
-2  5 -1 -2 -3  0 -1 -3 -1  2 -1  1  0 -2 -3 -1 -1 -3 -2  0 1 0 0 1 0.01
 2 -1  0  4 -2  0  1 -1 -1 -3 -3 -1 -2 -3 -1  2  0 -4 -2 -2 1 0 0 0 0.01
-2 -2 -3 -4 -3 -2 -3 -3  1 -1  0 -3 -1  5 -4 -2 -2  2  6 -1 1 0 0 0 0.01
-1 -4 -3 -4  9 -3 -4 -3 -3  0 -1 -3 -1 -2 -3 -1 -1 -3 -2  2 1 0 0 0 0.01
-2 -2 -2 -3 -2 -2 -3 -3 -2  0  0 -2  0  6 -3 -1  2  0  2 -1 0 0 1 1 0.01
 0 -1  1  5 -2  0  1 -1 -1 -3 -3 -1 -3 -3 -1  2  0 -4 -3 -3 0 0 1 1 0.01
-1  1  0  3 -4  1  3 -2 -1 -3 -3  4 -2 -4 -1  0 -1 -3 -2 -3 0 0 1 1 0.01
-1 -1  0  3 -3  0  3 -2  0 -3 -3  0 -2 -1  4 -1 -1 -1  3 -3 0 0 1 1 0.01
-1 -3 -3 -4 -1 -2 -3 -4 -3  2  3 -3  1  0 -3 -2 -1 -2 -1  3 0 0 1 0 0.01
 0 -1  0 -1 -1 -1 -1 -2 -2 -1 -1 -1 -1 -2 -1  1  5 -3 -2  0 0 0 1 1 0.01
 1 -1  0  3 -3  1  4 -1 -1 -3 -3  0 -2 -3 -1  0 -1 -3 -2 -2 1 0 0 1 0.01
 0 -1  0  3 -2 -1  0 -1  0 -2 -3 -1 -2  0 -2  2  0 -1  4 -2 1 0 0 1 0.01
-2 -2  2 -2 -3 -1 -2 -3  1 -2 -2 -2 -1  2 -3 -1 -1  2  7 -2 1 0 0 0 0.01
-1 -3 -3 -3 -1 -2 -3 -4 -3  4  2 -3  3  0 -3 -2 -1 -3 -1  3 1 0 0 0 0.01
-1  1 -1 -2 -2  0  0 -2 -2  0  1  4  0 -2 -2 -1 -1 -3 -2  1 1 0 0 1 0.01
 1  1  0 -1 -2  1  0 -1 -1 -2 -2  4 -1 -3 -1  0  2 -3 -2 -1 1 0 0 1 0.01
-2 -3 -4 -4 -1 -3 -3 -4 -3  3  4 -3  2  0 -3 -3 -1 -2 -1  2 1 0 0 0 0.01
-1  1  0  3 -4  1  1 -2 -1 -3 -3  4 -2 -4 -1  0 -1 -4 -2 -3 1 0 0 1 0.01
 0 -1  1  5 -2  0  1 -1 -1 -3 -3 -1 -3 -3 -1  2  0 -4 -3 -3 1 0 0 1 0.01
-2 -3 -3 -3 -2 -3 -3 -4 -1  4  1 -3  1  1 -3 -2 -1  0  4  2 1 0 0 0 0.01
-2 -3 -3 -4 -2 -3 -3 -4 -2  0  2 -3  1  6 -4 -3 -2  0  2  0 1 0 0 0 0.01
 0  0 -1 -1 -2  0 -1 -1 -1 -3 -2  2 -2 -1 -2  2  0  8  0 -2 1 0 0 1 0.01
-1 -3 -3 -4 -1 -3 -3 -4 -3  3  3 -3  2  0 -3 -2 -1 -2 -1  3 1 0 0 0 0.01
-1  0  0  2 -4  2  6 -2  0 -4 -3  1 -2 -4 -1  0 -1 -3 -2 -3 1 0 0 0 0.01
-1 -1 -1 -2 -2  3  0 -3 -1  0  2  0  1 -1 -2  0  2 -2 -1  0 1 0 0 0 0.01
-1  3  0  1 -4  2  5 -2  0 -3 -3  1 -2 -3 -2  0 -1 -3 -2 -3 1 0 0 1 0.01
 2 -2 -3 -3 -1 -2 -2 -2 -3  2  0 -2  0 -1 -2 -1  0 -3 -2  4 1 0 0 0 0.01
 1 -3 -3 -3 -2 -2 -3 -2 -2  2  0 -2  0  4 -3 -1 -1 -1  1  1 1 0 0 0 0.01
-1  1  0  1 -4  2  4 -2 -1 -3 -3  4 -2 -3 -1  0 -1 -3 -2 -3 1 0 0 0 0.01
-1 -1  3  1 -3  0  2  4 -1 -4 -4  0 -3 -3 -2  0 -1 -3 -3 -3 1 0 0 0 0.01
-1 -3 -3 -4 -2 -2 -3 -4 -1  2  2 -2  1  1 -3 -2 -1  0  4  2 1 0 0 0 0.01
-1 -2 -1 -2 -2 -2 -2 -2  0 -1 -1 -2 -1  5 -3  1 -1  1  4 -1 1 0 0 0 0.01
-2 -2 -3 -3 -2 -2 -3 -4  1  2  0 -2  0  2 -3 -2 -2  1  6  0 1 0 0 0 0.01
-2 -1  3 -1 -3 -1 -2 -2  1 -2 -2 -1 -2  2 -3 -1 -1  1  6 -2 1 0 0 1 0.01
-1 -3 -3 -3 -1 -3 -3 -4 -3  3  1 -3  1 -1 -3 -2  0 -3 -1  4 1 0 0 0 0.01
-1  1  0  4 -4  1  3 -2 -1 -3 -3  3 -2 -4 -1  0 -1 -4 -2 -3 1 0 0 1 0.02
-1 -1  0 -2  6  0 -1 -2  7 -3 -3 -1 -2 -2 -3 -1 -2 -3  1 -3 1 0 0 1 0.02
 2  1 -1 -1 -2  3  1 -1 -1 -2 -2  3 -1 -3 -1  0 -1 -3 -2 -2 0 0 1 0 0.04
-1  3  3  0 -3  1  0 -1  0 -3 -3  3 -2 -3 -2  1  0 -3 -2 -3 0 0 1 1 0.06
 0 -1  0  0 -2  0  3 -2 -1 -1 -2  0 -1 -3 -1  1  4 -3 -2 -1 0 0 1 1 0.07
-1 -2 -3 -4 -2 -2 -3 -3  0  1  0 -3  0  4 -3 -2 -1  1  5  2 1 0 0 1 0.07
 0  3  0 -1 -2  1  0 -1 -1 -3 -3  3 -2 -3 -1  3  0 -3 -2 -2 1 0 0 1 0.09
-1 -1  0  4 -4  1  5 -2  0 -4 -3  0 -3 -4 -1  0 -1 -4 -3 -3 1 0 0 1 0.11
-1  2  0 -1 -3  1  1 -2 -1 -3 -3  5 -2 -3 -1  0 -1 -3 -2 -3 1 0 0 0 0.10
-1  2  0 -1 -3  1  1 -2 -1 -3 -3  5 -2 -3 -1  0 -1 -3 -2 -3 1 0 0 1 0.10
-1  5  0  0 -4  1  3 -2  0 -3 -3  2 -2 -3 -2 -1 -1 -3 -2 -3 1 0 0 1 0.13
-1 -3 -3 -4 -1 -3 -3 -4 -3  3  2 -3  1  0 -3 -2 -1 -3 -1  3 1 0 0 0 0.10
-1 -3 -3 -3 -1 -2 -3 -4 -3  3  2 -2  4  0 -3 -2 -1 -2 -1  3 1 0 0 0 0.07
-2 -1  6  1 -3  0  0 -1  0 -4 -4  0 -2 -3 -2  1  0 -4 -2 -3 0 0 1 1 0.08
-2 -1  4  6 -4  0  1 -1 -1 -3 -4 -1 -3 -4 -2  0 -1 -4 -3 -3 0 0 1 0 0.05
-1  0 -2 -3 -2 -1 -1 -3 -2  1  3  2  1  0 -2 -2 -1 -2 -1  0 1 0 0 1 0.03
-1  1  0  3 -4  1  4 -2 -1 -3 -3  3 -2 -4 -1  0 -1 -4 -2 -3 1 0 0 1 0.03
-1 -2 -2 -3 -1 -2 -2 -3 -2  1  3 -2  1  0 -2  1  0 -2 -1  0 1 0 0 0 0.02
-2 -3 -4 -3 -1 -3 -4 -4 -4  5  2 -3  1  0 -3 -3 -1 -3 -2  3 1 0 0 0 0.02
-1  4  0 -1 -3  1  0 -2 -1 -3 -3  4 -2 -3 -2  0 -1 -3 -2 -3 1 0 0 1 0.01
-2 -2 -3 -4 -2 -2 -3 -3 -2  1  2 -3  4  4 -3 -2 -2  0  1  0 1 0 0 1 0.01
-2 -2 -3 -4 -2 -2 -3 -4  1  0  2 -2  0  2 -3 -2 -2  1  6 -1 1 0 0 0 0.01
-2 -1 -1 -2 -3 -1 -2 -3  6 -2 -1 -2 -1  4 -3 -2 -2  0  5 -2 1 0 0 0 0.01
-1 -1  0  4 -4  1  5 -2 -1 -4 -3  0 -3 -4 -1  0 -1 -4 -3 -3 1 0 0 1 0.01
 0 -1  0  0 -2  1  3 -2 -1 -2 -2  0 -2 -3 -1  2  3 -3 -2 -1 1 0 0 1 0.01
-2 -1 -2 -2 -2  2 -1 -3  0  0  2 -1  1  1 -3 -2 -1  0  4  0 1 0 0 0 0.01
-1 -2 -2 -1 -2  0  2 -3 -2  3  1 -1  0 -1 -2 -2 -1 -3 -2  2 1 0 0 0 0.02
-1 -1  3 -1 -2 -1 -1 -2  0 -2 -2 -1 -1  0 -2  0  3  0  4 -1 1 0 0 1 0.02
-1  0  2  2 -2  0  0 -2 -1  0 -1  2 -1 -2 -2  0  0 -4 -2  1 1 0 0 1 0.02
-1  1  5  1 -3  0  0 -1  0 -3 -3  3 -2 -3 -2  0  0 -4 -2 -3 1 0 0 1 0.02
-1 -2  0  3 -3 -2 -1  4 -2 -2 -2 -2 -2  3 -2 -1 -2 -2  0 -3 0 0 1 1 0.02
-1 -3 -3 -4 -1 -3 -3 -4 -3  3  3 -3  1  0 -3 -2 -1 -2 -1  3 0 0 1 0 0.02
-1  0 -1 -2 -2  0 -1 -2  0 -2 -1  2 -1  3 -2  1  0  0  3 -2 0 0 1 1 0.02
-2 -3 -4 -4 -2 -3 -3 -4 -3  2  3 -3  1  4 -3 -3 -1 -1  1  1 0 0 1 0 0.02
 0 -2 -1 -1 -1 -1 -1 -2 -2 -1 -2 -1 -1 -3  4  1  4 -3 -2 -1 0 0 1 1 0.02
-2  0  1  6 -4  0  1 -2 -1 -3 -4  2 -3 -4 -2  0 -1 -4 -3 -3 1 0 0 1 0.02
-2 -1  1  5 -4  1  4 -2 -1 -3 -4  0 -3 -4 -2  0 -1 -4 -3 -3 1 0 0 1 0.02
-1  1  0 -1 -3  5  2 -2  0 -3 -3  3 -1 -4 -1  0 -1 -2 -2 -3 1 0 0 0 0.02
-2 -3 -3 -4 -2 -2 -3 -4  0  2  2 -3  1  4 -3 -2 -1  0  4  1 1 0 0 0 0.02
-1  0  0  4 -3  0  1 -2 -1 -3 -3  2 -3 -4  4  0 -1 -4 -3 -3 1 0 0 1 0.02
-1 -1  4  4 -2  0  0 -1 -1 -3 -3 -1 -2 -3 -2  1  2 -4 -2 -2 1 0 0 1 0.02
 4 -2 -2 -2 -1 -1 -1  0 -2 -2 -2 -1 -1 -2 -1  1  0 -3 -2  0 1 0 0 0 0.02
 4 -2 -2 -2 -1 -1 -2 -1 -2  2  0 -1  0 -2 -1  0  0 -3 -2  1 1 0 0 0 0.02
 2 -2 -2 -3 -1 -1 -2 -2  0  0  0 -1  4  1 -2 -1 -1  0  4  0 1 0 0 1 0.01
-2  6 -1 -2 -4  1  0 -3  0 -3 -2  2 -2 -3 -2 -1 -1 -3 -2 -3 1 0 0 0 0.01
-1 -3 -3 -3 -1 -3 -3 -4 -4  4  1 -3  1 -1 -3 -2 -1 -3 -1  3 1 0 0 0 0.01
 1 -1  1  0 -1  0  0  0 -1 -3 -3  0 -2 -3 -1  4  1 -3 -2 -2 1 0 0 0 0.01
-1  0  5  1 -3  3  1 -1  0 -3 -3  0 -2 -3 -2  0  0 -3 -2 -3 1 0 0 1 0.01
-2 -3 -3 -4 -2 -3 -3 -4 -2  0  2 -3  1  6 -4 -3 -2  0  2  0 1 0 0 0 0.01
-1 -3 -3 -4 -1 -2 -3 -4 -3  2  2 -3  1  0 -3 -2  0 -3 -1  4 1 0 0 0 0.01
-2 -1  5  0 -2 -1 -1 -1  0  1 -1 -1 -1 -2 -2  0  0 -4 -2  0 1 0 0 1 0.01
-2 -2  1  6 -4  0  2 -2 -1 -4 -4 -1 -3 -4 -2  0 -1 -5 -3 -4 1 0 0 0 0.01
-1 -3 -3 -4 -1 -3 -3 -4 -3  3  3 -3  2  0 -3 -2 -1 -2 -1  3 1 0 0 0 0.01
-1 -3 -3 -3 -1 -3 -3 -4 -3  4  1 -3  1 -1 -3 -2  0 -3 -1  4 0 0 1 0 0.01
-2 -2  1  6 -3  0  1 -1 -1 -3 -4 -1 -3 -3 -1  0 -1 -4 -3 -3 0 0 1 1 0.01
 1 -1  1  0 -1  0  0  0 -1 -2 -2  0 -1 -2 -1  4  1 -3 -2 -2 0 0 1 1 0.01
-2 -2 -2 -3 -2 -1 -2 -3  2 -1 -1 -2 -1  3 -3 -2 -2  2  7 -1 0 0 1 1 0.02
-1 -3 -3 -3 -1 -3 -3 -4 -3  4  2 -3  1  0 -3 -2 -1 -3 -1  3 0 0 1 1 0.02
-1 -3 -3 -3 -1 -3 -3 -4 -3  4  2 -3  1  0 -3 -2 -1 -3 -1  3 0 0 1 1 0.03
-1  2  0 -1 -3  1  1 -2 -1 -3 -2  4 -1 -3 -1  0 -1 -3 -2 -2 0 0 1 1 0.03
-1 -2 -2 -1 -3 -1 -1 -2 -2 -3 -3 -1 -2 -4  7 -1 -1 -4 -3 -2 0 0 1 1 0.04
-1 -3 -3 -3 -1 -3 -3 -4 -3  4  2 -3  1  0 -3 -2 -1 -3 -1  3 0 0 1 1 0.05
-1 -2 -2 -1 -3 -1 -1 -2 -2 -3 -3 -1 -2 -4  7 -1 -1 -4 -3 -2 0 0 1 1 0.08
 4 -1 -2 -2  0 -1 -1  0 -2 -1 -1 -1 -1 -2 -1  1  0 -3 -2  0 0 0 1 1 0.15
-1 -2 -3 -4 -1 -2 -3 -4 -3  2  4 -2  2  0 -3 -2 -1 -2 -1  1 0 0 1 1 0.24
-1 -2 -2 -1 -3 -1 -1 -2 -2 -3 -3 -1 -2 -4  7 -1 -1 -4 -3 -2 0 0 1 1 0.41
