-1  2  0 -1 -3  4  1 -2  0 -3 -2  4 -1 -3 -1  0 -1 -3 -2 -2 0 0 1 1 0.67
-1 -3 -3 -2 -4 -2 -2 -3 -3 -3 -4 -2 -3 -4  8 -1 -2 -4 -4 -3 0 0 1 1 0.47
-1  2 -2 -2 -4  6  0 -3 -1 -4 -3  2  1 -4  0  0 -2 -4 -3 -2 0 0 1 0 0.38
 3  0  0 -2 -3 -1 -2  2 -3 -1 -2 -2 -2 -4  4  0 -2 -4 -3 -2 0 0 1 1 0.32
 0 -2 -1 -3 -1  2 -2 -3 -3  1 -2 -2  1 -3  5  2  1 -4 -3 -1 0 0 1 0 0.22
-2  0 -3  0 -5  7  3 -4 -3 -4 -5  0 -3 -6 -2 -1 -2 -5 -4  0 0 1 0 1 0.23
 0 -4 -4 -5 -3 -4 -4 -3 -4  1  2 -4  6  4 -5 -2 -3 -3 -1  1 0 1 0 0 0.22
-1  4 -1 -3 -4  3 -1 -4 -3 -4 -4 -1 -3 -5 -4 -1  5 -5 -4 -2 0 1 0 1 0.39
-2 -1 -3 -4 -5  6  0 -5 -2 -2 -1 -2  4  2 -2 -3 -2 -4 -1  0 0 1 0 0 0.31
-2 -4 -2 -4 -4 -3 -4 -4 -2 -2 -2 -3 -4  1 -3  6  3 -5 -4 -2 0 1 0 1 0.28
-6 -5  1 -3 -7 -4 -6 -7 -5 -7 -5 -6 -7 -8  8 -4 -5 -8 -7 -5 0 0 1 1 0.22
 2  2 -2 -1 -4  0 -1 -1 -1 -4 -3  1 -4 -4  3  2 -1 -3 -4 -2 0 0 1 1 0.15
-2 -1  1 -1 -4 -2 -1 -3  1 -3 -3  0 -2 -1 -1  5  0 -5  1 -2 0 0 1 1 0.15
-1  0 -5 -4 -4 -1 -4 -5 -4  1  3 -1  4 -3 -3 -3 -1 -5 -4  3 0 1 0 1 0.12
 0 -3 -1 -2 -4 -1 -2 -4  3 -1 -2 -2  0 -3 -3  5  1 -5 -3  2 0 1 0 1 0.10
 4 -3 -4 -4 -2 -2 -3  1 -4 -1 -1 -2 -1 -4  2 -1  1  1 -4  3 0 1 0 0 0.09
 0  0  1 -3 -5  4  0 -3 -1 -4 -4  0 -3 -5 -2  4 -1 -5 -2 -3 0 0 1 1 0.08
-2 -2 -4 -4 -4  0  2 -5 -4 -1  3  0 -1 -4  3 -2  1 -5 -4  2 0 0 1 1 0.06
-4 -5  1 -3 -7 -6 -5  7 -4 -8 -8 -3 -7 -8 -7 -4 -6 -7 -8 -8 0 0 1 1 0.05
-1 -2 -1  3 -6  5  4 -2  0 -6 -6  0 -5 -6 -5  0 -1 -6 -3 -5 0 0 1 1 0.04
-3  4  1 -1 -5 -1 -1 -5 -4 -3 -5  1  1 -6 -2  2  4 -6 -4 -3 0 0 1 1 0.02
 1 -6 -7 -7 -5 -6 -5 -6 -7  0  1 -6 -3 -3 -6 -4 -3 -7 -3  6 0 1 0 0 0.02
-4  0 -2 -1 -5  0  3 -5 -4 -4 -4  1 -1 -4 -5  1  6 -6 -5 -3 0 1 0 1 0.01
-5 -6 -7 -7 -5 -6 -7 -8 -7  6  5 -6  4 -1 -7 -6 -4 -6 -5 -1 0 1 0 0 0.01
-3  0  2 -1 -5  1  1 -4 -1 -4 -4  0 -4 -5  0  3  4 -3 -4 -2 0 1 0 0 0.01
-6 -9 -9 -9 12 -9 -10 -8 -9 -7 -7 -9 -7 -8 -9 -7 -7 -8 -8 -7 0 1 0 0 0.01
-2  2  1  0 -4  3  2 -3  0 -4 -3  2 -2 -3 -3  1  2 -3 -4 -3 0 1 0 0 0.01
 4 -4 -2 -4 -2 -3 -3  1  0 -1  0 -3 -1  0  1 -1  0 -4 -1  2 0 1 0 0 0.01
-2 -1  0 -1 -4 -1 -2 -2 -3  0  0  0 -2  1 -4  5  0 -1  1 -3 0 1 0 1 0.01
-2 -1  1 -1 -2  4  0  0 -1 -3 -2 -1 -3 -3 -3  3  1 -5 -2 -2 0 0 1 1 0.01
-2 -2  1  2 -3 -2 -3  0  2 -3 -3 -2 -5 -3 -3  5  1 -6 -3 -3 0 0 1 1 0.01
-1 -1  0  0 -2 -1 -1  0  0  2  0 -1  0 -2 -1  0  0 -1  0  2 0 0 1 0 0.01
-1 -1  2  1 -3 -3 -2  0  2 -1 -2 -2 -3 -1 -1  4  1 -5  0 -1 0 0 1 0 0.01
-1 -2  4 -1 -4  1 -1 -1 -2 -3 -3 -1 -4 -3  0  2  2 -1  3 -2 0 0 1 0 0.01
 0 -1  1 -1 -2 -2 -1  3 -1 -3 -3 -2 -3 -1 -2  1  0  1  4 -3 0 0 1 0 0.01
-2 -5 -5 -5  4 -5 -6 -6 -6  3  3 -5  2 -2 -6 -4 -2 -5 -1  4 0 1 0 0 0.01
 1 -2  1 -2 -5  0 -3 -2  3 -3 -4 -3 -2  1 -5  4 -1 -1  5 -4 0 1 0 0 0.01
-8 -8 -9 -10 -8 -8 -8 -6 -8 -8 -7 -9 -7 -5 -9 -8 -8 13 -2 -8 0 1 0 0 0.01
-5 -5 -5 -6 -4 -3 -5 -6  1  1  2 -4 -2  3 -6 -4 -5  1  8 -2 0 1 0 0 0.01
-5  5 -4 -5 -7  6 -3 -6  0 -6 -2  1 -3  1 -6 -4 -5 -1  3 -6 0 1 0 0 0.02
-4  0 -5 -5 -7  9 -2 -7 -1 -3 -1 -4 -5 -7 -6 -4 -4 -1 -6 -5 0 1 0 0 0.02
-2  3  0  1 -3  1 -1 -3  2 -2 -2  5 -3 -3  1  0 -1 -5 -3 -4 0 1 0 1 0.02
-2  0 -1 -2 -6  2 -1 -5 -2 -4 -2  2 -3 -6  7 -1 -2 -6 -6 -4 0 0 1 1 0.02
-1 -3 -2  2 -6 -4 -1  6  1 -6 -6 -4 -5 -2  0 -1 -3 -6 -5 -6 0 0 1 1 0.04
 0 -1 -1  0 -3  2  0  3 -2 -3 -3  2 -2 -3  2  1  0  0 -3 -3 0 0 1 1 0.05
 3 -1  0 -1  0  0 -1  0 -1 -3 -3  1 -2 -3 -1  1  0 -3 -3 -1 0 0 1 1 0.05
 1 -1 -1 -1 -1 -1 -1 -1  0  0  2 -1  0  0  0  0  0 -1 -1  0 0 0 1 1 0.05
-1  0  0  1 -2  2  1 -1 -1 -1 -1  2 -1 -1  2  0 -1 -2 -2 -1 0 0 1 0 0.04
-1  2  0 -1 -2  1  0  1 -1 -2 -1  1 -1 -2  1  2  0  1 -1 -1 0 0 1 0 0.03
-3 -3 -3 -3 -3 -2 -3 -2  2 -3 -2 -2 -2 -2  7 -2 -3 -2 -2 -2 0 0 1 0 0.02
-2  2 -1 -2 -3  2  1 -2  4 -1 -2  3 -1 -2 -2 -1  1 -3 -2 -1 0 1 0 1 0.02
-3 -2 -3 -2 -2 -3 -1 -3  1 -2  3 -3 -1  6 -4 -2 -1  0  2 -1 0 1 0 0 0.02
-3 -4 -4 -4 -4 -4 -3 -5 -5  3  5 -4  1  0 -5 -4 -4 -2 -2  1 0 1 0 0 0.02
-1 -5 -4 -5 -4 -4 -4 -4 -5  5  3 -4  3  0 -5 -2 -2 -1 -2  2 0 1 0 0 0.02
-2 -4 -5 -5 -5 -4 -5 -3 -2 -3 -3 -4 -3  2 -4 -1 -3  0  9 -3 0 1 0 0 0.03
 0 -1 -1  0 -1  0 -1 -1  0  1  1 -1  0  1 -2  0 -1  2  2  0 0 1 0 0 0.03
 2 -2  0  0 -3 -1 -2 -1  0 -2 -3 -1 -2 -2  0  4  0  2  1 -1 0 0 1 0 0.05
-1 -1  1  0 -3  0 -2  1  0 -2 -2  0 -2 -1 -2  4  1  0 -2 -2 0 0 1 0 0.09
 0 -2  2  0 -3 -1 -1  0 -1 -2 -2 -1 -1 -3 -2  3  2 -1 -1 -1 0 0 1 1 0.14
-1  4 -1 -1 -3  0 -1  1  1 -1  1  0 -2 -1 -2  1  0 -2 -1 -2 0 0 1 0 0.23
 1 -1  2 -1 -3  1  0  0 -1 -1 -2  1 -2 -1  1  2 -1 -3 -1 -1 0 0 1 1 0.25
-1  1  0 -1 -2  0  0  0  0 -2 -2  3 -2 -2  0  3  0 -1 -2 -2 0 0 1 1 0.29
 0 -1  0  0 -2 -1 -1  2 -1  0 -1 -1 -1 -2  1  0  2 -2 -2  1 0 1 0 1 0.30
 1 -1  0  0 -2 -1  0 -1 -2  1 -1  0 -1 -1 -1  0  2 -2 -1  1 0 1 0 1 0.29
-1  1 -1 -1 -2 -1 -1 -1  1 -2  0 -1 -1  1  3 -1  0  1  3 -1 0 1 0 0 0.30
 0 -1  1  4 -2  0  0  2  0 -2 -2  0 -2 -2  0  0 -1 -1  1 -2 0 0 1 0 0.34
-1  0  0  1 -2  1  2  1 -1 -2 -1 -1 -1 -2  1  1  0 -2 -1 -1 0 0 1 1 0.40
-1  0  1  1 -3  0  1  3  0 -2 -2  0 -2 -1 -1  1 -1 -2 -1 -2 0 0 1 1 0.41
 0  0 -1 -1 -1  0  0  0 -1  0  1  0  0  1  0  0  0 -2 -1  1 1 0 0 1 0.44
-1  0  1  2 -3 -1  0  2  0 -2 -1  1  0  0  1 -1 -1 -3 -1 -2 0 0 1 1 0.47
-1 -2  0  0 -2  1 -1  0 -2  0 -2 -1 -1 -2  1  2  2 -3 -2  1 0 0 1 1 0.50
-1  1  0 -1 -3  0  0  0 -2 -2 -3  0 -3 -3  4  2  1 -3 -3 -2 0 0 1 1 0.47
-1  2  0  0 -3  0  0 -2  0 -3 -2  2 -2 -1  1  2  0 -3 -2 -2 0 0 1 1 0.49
-3  6 -1 -3 -5  1 -1 -4  2 -2 -1  1 -1  0 -4 -1 -2 -1  1 -2 0 0 1 0 0.43
-4 -4 -3 -3 -5 -5 -4 -2 -5  1 -2 -4 -2  8 -4 -2  0 -3 -1 -1 0 1 0 0 0.30
 0 -3 -3 -2 -3 -3  0 -2 -4 -2 -4 -1 -4  0 -2  6  1 -5 -2 -1 0 1 0 1 0.23
 1 -3 -1 -3 -4 -4 -3  5 -2 -2 -3 -1 -1 -1 -3  0  1 -5 -4 -2 0 1 0 0 0.21
-1 -2 -2 -1 -3 -1  1 -1 -3 -3 -2  0  0 -1 -1  5  1 -1 -1  0 0 1 0 1 0.19
-1  3  0  0 -3  0  0 -1  1 -2 -2  3 -2 -1 -2  0 -1  1 -2 -1 0 1 0 1 0.17
 0  0  0  0 -3  1 -1  3 -1 -1 -2  1 -2 -3  1  1  0  1 -2 -1 0 1 0 1 0.17
-1 -1  0  1 -4  1  0  0 -3 -3 -3 -1 -2 -3 -2  5  0 -2 -2 -2 0 0 1 1 0.17
 0 -1  1  1 -4 -2 -2  5 -1 -4 -3 -2 -4 -4 -3  0 -1 -2 -3 -4 0 0 1 1 0.14
-1  0  3  1 -4  0 -2 -1 -1 -3 -4  0 -3 -2 -4  2  4 -5 -2 -3 0 0 1 1 0.10
-1  1  1  3 -3  1  0 -2 -2 -1 -2  0 -2 -1 -3  2  1 -4 -3 -1 0 1 0 1 0.07
 0 -5 -4 -4  1 -4 -5 -2  0 -3 -2 -5 -2  6 -3  0 -4 -2  6 -3 0 1 0 0 0.04
-2  1  0 -3 -3 -2 -3 -2  1 -1 -2 -1 -3 -2 -3  3  5 -4 -2 -1 0 1 0 0 0.03
-5 -4 -7 -8 -5 -6 -7 -8 -7 -2  7 -6 -1 -1 -4 -6 -5 -6 -5 -2 0 1 0 0 0.02
-3 -1  0 -3 -4 -1 -3 -5  2 -1 -2  0 -4 -5 -5  1  6 -6 -5  0 0 1 0 0 0.01
-4 -6 -6 -6 -4 -6 -6 -7 -6  7  3 -6  0 -3 -6 -4 -3 -6 -4  2 0 1 0 0 0.01
-2  0  2 -2 -3  1 -1 -3  2 -3 -4  2 -2 -5 -4  5  1 -5 -3 -4 0 0 1 1 0.01
-1  1  4  0 -3 -1 -1  2  2 -5 -5  1 -3 -4 -1  3 -2 -5 -4 -5 0 0 1 1 0.01
-1 -5 -5 -6 -4 -5 -5 -6 -5  0  4 -5  1  4 -3 -1 -2 -4 -2  3 0 0 1 0 0.01
-2  3 -3 -3 -6  6  2 -3  1 -6 -4  2 -4 -6 -5 -1 -1 -6 -5 -5 0 0 1 0 0.01
 2 -2 -3 -3  0  0  1 -4 -4 -3 -2  1 -1 -3  5  0  2 -5 -4 -2 0 0 1 1 0.01
-1 -1 -1  0 -6  2  6 -2 -4 -6 -6  0 -5 -7 -5  0 -1 -6 -5 -6 0 0 1 1 0.01
-6 -6  1  8 -8 -5 -2 -6 -1 -8 -8 -5 -7 -8 -6 -3 -5 -9 -7 -8 0 0 1 0 0.01
 1 -2 -3 -2 -4  2  4 -3 -3 -2 -3 -2 -2  1 -3  3 -1 -5 -3  0 0 0 1 0 0.01
 5 -3 -3 -3 -5 -5 -5  5 -5 -6 -5 -5 -5 -6 -5 -3 -3 -6 -6 -4 0 1 0 0 0.01
-3 -4 -2  3 -4 -3 -1 -5  0  2 -1 -3 -1 -1 -4 -1  4 -4  3  3 0 1 0 1 0.01
-6 -6 -7 -8 -7 -6 -7 -8 -3 -6 -4 -7 -6  0 -8 -6 -6 -2 10 -6 0 1 0 0 0.01
-6 -6 -6 -7  0 -3 -3 -7  0 -3 -1 -6 -1  7 -7 -5 -5 -2  8 -5 0 1 0 0 0.01
-5 -8 -8 -9 12 -8 -9 -8 -8 -6 -6 -8 -6 -7 -8 -6 -6 -7 -7 -6 0 1 0 0 0.01
 2  0 -2 -3 -2  3 -1  0 -1 -1  0 -1  3 -2 -3  2 -1 -4 -2  1 0 1 0 0 0.01
 1 -1  0 -2 -2  3 -1 -3 -1  1 -1 -1  1  0 -3  1  1 -3 -1  2 0 1 0 0 0.01
 0 -2  1  0 -3 -1 -1 -1  2  1  0 -2  0 -1 -3  1  1  3  3  0 0 1 0 0 0.01
 0  0  0  1 -3  0 -1  1  0  0 -1 -1 -2 -2 -3  2  0  0  3 -2 0 1 0 0 0.01
-2 -2  7  1 -4 -1 -1  0  0 -4 -5 -2 -4 -5 -4  2 -1 -5 -2 -4 0 0 1 1 0.02
-1 -2 -1 -1 -3  2 -1 -2 -2 -3 -2 -2 -1 -1  3  4  2 -1 -1 -2 0 0 1 0 0.02
 0 -1  0 -2 -1  0  0 -1 -1  1  0  0  1 -2  2  0  0  0 -1  2 0 1 0 0 0.02
-2 -2 -3 -2 -3  0 -2 -2 -2  0  4 -3  4  1 -2 -1  0  1  0  0 0 1 0 0 0.02
-3 -3 -3 -4 -4 -2 -2 -4  6  0 -2 -2 -1  1 -4 -2  3  0  5  0 0 1 0 1 0.02
-4 -5 -4 -5 -5 -3 -5 -4  0 -1 -1 -5 -3  8 -5 -2 -4  2  3 -3 0 1 0 0 0.02
-1 -4 -2 -3 -2 -3 -2  5 -4 -4 -6 -3 -5 -5 -2  5 -1 -5 -3 -5 0 0 1 0 0.02
-1 -1  2 -2 -4  0 -1  0  2 -4 -4  0 -4 -5  4  3  1 -5 -4 -3 0 0 1 1 0.02
-2 -4 -2 -3 -4 -4 -3  5 -4 -2 -1 -3 -1  4 -1 -2 -1 -4 -3 -2 0 0 1 0 0.03
-2 -2 -3 -4 -3  2 -2 -4 -4 -1  2 -3  0 -1  1 -2  3 -1 -3  3 0 1 0 0 0.04
-2  0 -2 -1 -4  0 -2 -3 -2 -3 -4  1 -3 -4  6  1  2 -1 -1 -1 0 1 0 0 0.04
 2 -4 -4 -1 -3 -4 -4 -3 -4  0  1 -4 -1 -3 -4 -3 -1 -5 -3  5 0 1 0 0 0.06
-2 -4 -4 -2 -4 -4 -1 -5  2  0  0 -4 -2  7 -5 -3  0 -2  1  0 0 1 0 1 0.10
-2 -2 -2  1 -3  3 -2 -4 -2  0  2  0  0  3 -2 -2 -2  0  1  1 0 1 0 1 0.15
-1 -1 -1 -1 -4 -2 -3 -3 -4 -2 -1  1 -3 -4  7 -1 -3 -5 -4 -1 0 0 1 1 0.29
 1  0 -2 -2 -2  0 -1  0  1  0  1 -1  0 -2 -1  0 -1 -2  0  2 0 0 1 1 0.45
-2  1  0 -2 -3  2 -1 -1 -2 -3 -3  3 -2 -4  2  1  3 -4 -3 -3 0 0 1 1 0.60
-1 -1 -2 -1 -3  1  0 -3 -3 -3 -4  1 -3 -4  5  0  4 -5 -4 -3 0 0 1 1 0.60
 1 -2 -2 -3 -3 -1 -1 -3 -3  0 -2  1 -2 -3 -3 -1  5 -4 -3  1 0 0 1 1 0.67
 3 -2 -2 -2 -2  0 -2 -2 -3  0 -1 -1 -2 -3 -2  2  3 -4 -3 -1 0 0 1 1 0.71
 3 -2  0 -2  0  2 -1 -2 -2 -2 -3 -1  0 -3  0  2  3 -4 -3 -1 0 0 1 1 0.76
-3 -4 -4 -3 -5 -3 -3 -4 -4 -5 -5 -3 -5 -6  8 -3 -3 -6 -5 -4 0 0 1 1 0.85
