-1 -2 -2 -3 -2 -1 -2 -3 -2  1  2 -2  6  0 -3 -2 -1 -2 -1  1 0 0 1 1 0.63
-1 -1  4  0 -2  0 -1 -1  0 -2 -2  0 -1 -3 -2  1  3 -3 -2 -1 0 0 1 1 0.37
-1  5 -1 -1 -4  1  0 -2 -1 -3 -3  4 -2 -3 -2 -1 -1 -3 -2 -3 0 0 1 1 0.24
-3 -3 -4 -4 -3 -3 -3 -3 -2 -1 -1 -3 -1  5 -4 -3 -3  9  3 -2 0 0 1 1 0.17
-2 -1  7  1 -3  0 -1 -1  0 -4 -4  0 -3 -3 -2  0  0 -4 -2 -3 0 0 1 0 0.11
-2 -3 -3 -4 -3 -3 -3 -3  0 -1  0 -3 -1  6 -4 -2 -2  1  6 -1 0 1 0 0 0.10
 0 -3 -1 -2 -3 -2 -2  6 -2 -4 -4 -2 -3 -4 -2 -1 -2 -3 -3 -4 0 1 0 0 0.10
-1 -3 -3 -4 -1 -3 -3 -4 -4  3  1 -3  1 -1 -3 -2  0 -3 -1  4 0 1 0 0 0.13
-1 -3 -3 -3 -2 -3 -3 -3 -2  1  0 -3  0  5 -3 -2 -1 -1  1  3 0 1 0 0 0.14
-1 -1 -1 -1 -1 -1 -1 -1 -1  0  0 -1  0  5 -1 -1 -1  0  2 -1 0 1 0 0 0.13
-1  4 -2 -3 -2  0 -1 -3 -2  1  1  0  0 -1 -3 -2 -1 -3 -2  2 0 1 0 0 0.11
-1  1  4  0 -3 -1 -1  4 -1 -4 -4 -1 -3 -3 -2  0 -1 -3 -3 -3 0 0 1 1 0.12
-2 -3 -3 -4 -2 -3 -3 -1 -2  1  3 -3  1  5 -3 -3 -2 -1  1  0 0 0 1 0 0.12
-2 -2 -2 -3 -3 -2 -2 -3  1 -2 -2 -2 -1  3 -3  0 -2  2  7 -2 0 0 1 1 0.13
-1 -1  2  1 -3  0  0 -2  7 -4 -3 -1 -2 -2 -2  1 -1 -3  1 -3 0 0 1 1 0.13
-1  1 -1 -1 -3  1  0 -2 -1 -1 -2  5 -1 -3 -2 -1 -1 -3 -2  1 0 0 1 0 0.16
-1 -2  1  6 -4 -1  1  3 -2 -4 -4 -1 -3 -4 -2 -1 -2 -4 -3 -4 0 0 1 0 0.17
-2 -1 -2 -2 -3  3  1 -3 -1 -1 -1 -1 -1  5 -3 -2 -2  0  2 -2 0 0 1 1 0.17
-1  5 -1 -1 -4  4  1 -2  0 -3 -3  2 -1 -3 -2 -1 -1 -3 -2 -3 0 0 1 0 0.18
-1 -2 -2 -1 -2  0  3 -3 -2  1  0 -1  0 -2 -2 -1 -1 -3 -2  3 0 0 1 1 0.15
-1 -3 -2 -3 -3 -2 -2 -3 -2 -1 -1 -2 -1  5  4  0 -1  0  2 -2 1 0 0 1 0.14
 0 -2  0 -1 -2 -1 -1  5 -2 -3 -3 -1 -2 -3 -2  3  0 -3 -3 -3 1 0 0 1 0.14
-1 -1 -2 -3 -1 -1 -2 -3 -3  1  1  1  1 -1 -2 -1  1 -3 -2  3 1 0 0 1 0.17
-1 -1  2  1 -2 -1 -1 -2 -2 -1 -1 -1  2 -2 -2  1  4 -3 -2 -1 1 0 0 0 0.15
-2 -2 -3 -4 -2 -1 -3 -3 -2  3  2 -2  7  0 -3 -2 -1 -2 -2  1 1 0 0 1 0.15
-1 -1  4  1 -3  1  3 -1  0 -3 -3  0 -2 -3 -2  2  0 -4 -2 -3 1 0 0 1 0.14
-2 -1  5  4 -4  0  2 -1  0 -4 -4  0 -3 -4 -2  0 -1 -4 -3 -3 1 0 0 0 0.12
 3 -1 -1 -1 -1 -1 -1  0 -2 -2 -2 -1 -2 -3 -1  3  1 -3 -2 -1 1 0 0 0 0.10
-1  2 -1 -2 -1 -1 -1 -2 -1  1  2  0  1  0 -1 -1 -1 -1 -1  0 1 0 0 1 0.09
-1  0  0  1 -2  1  4 -1  0 -2 -2  0 -1 -2 -1  0  1 -2 -1 -1 1 0 0 1 0.08
 0 -1  0  0 -1 -1 -1 -1 -1  1  0 -1  0 -1 -1  0  3 -2 -1  0 1 0 0 0 0.07
-1 -1  2 -1 -1 -1 -1 -1 -1  0  2 -1  2 -1 -1  0  1 -1 -1  0 1 0 0 1 0.07
-2  5 -1 -2 -3  2  0 -2  0 -3 -2  1 -1 -1 -2 -1 -1 -1  2 -2 1 0 0 1 0.06
 2 -2 -2 -2  4 -1 -2 -1 -2  2  0 -1  0 -1 -1  0  0 -2 -2  1 0 0 1 0 0.05
 1 -2 -2 -2 -1 -2 -2 -2 -2  4  1 -2  2 -1 -2 -1 -1 -2 -1  2 0 0 1 0 0.04
-1 -1  3  3 -2  0  0 -1 -1 -2 -2 -1 -1 -2 -1  1  3 -3 -2 -1 0 0 1 1 0.03
-1  0  2  1 -3  1  5 -2  0 -3 -3  0 -2 -3 -1  0 -1 -2 -2 -2 0 0 1 1 0.03
-2 -2  1  6 -3  0  1 -1 -1 -3 -3 -1 -3 -3 -1  0 -1 -3 -3 -3 0 0 1 1 0.03
-1 -1  1 -1 -2 -1 -1 -2 -1 -1 -1  0 -1  2 -2  1  4 -2 -1 -1 0 0 1 0 0.02
 0 -1 -1 -2 -2 -1 -1 -2  2 -1  0 -1  4  0 -2  3  0 -1  3 -1 0 0 1 1 0.02
-2 -3  1 -2 -2 -3 -3 -3 -2  4  1 -3  0  1 -3 -2 -1  5  0  2 0 0 1 0 0.02
-2 -2 -2 -4 -3 -2 -2 -3  2 -1  0 -2  4  3 -3 -2 -2  1  6 -1 0 1 0 0 0.02
-2 -2  1  6 -4  1  1 -2 -2 -4 -4 -1 -3 -4  2 -1 -1 -5 -3 -4 0 1 0 1 0.02
-1  1 -2 -3 -2 -2 -2  3 -2  1  1 -1  1 -1 -3 -1 -1 -3 -2  2 0 1 0 0 0.02
-1 -2 -2 -3 -1 -2 -2 -3 -3  3  1 -2  3 -1 -2  0  2 -3 -2  2 0 1 0 1 0.02
 1  0  2 -1 -2  0  0  2 -1 -3 -3  2 -2 -3 -1  1  1 -3 -2 -2 0 1 0 0 0.02
 0 -2 -2 -3 -2 -2 -2 -3 -2  2  0 -2  0  4 -3  0  2 -1  0  1 0 1 0 1 0.03
 0 -1  4  1 -2  0  1  2 -1 -3 -2 -1 -2 -3 -2  2  0 -3 -2 -2 0 1 0 0 0.04
-1 -1 -1  2 -3  0  3 -1 -2 -1  0 -1 -1 -3  3 -1  1 -3 -2 -1 0 0 1 1 0.06
-1 -1  0 -2 -3  0 -1  1  7 -2  0  0 -1 -2 -3 -1  0 -3  0 -2 0 0 1 0 0.07
-1 -1 -1  0  4 -1 -1 -2  6 -2 -2 -1 -2  0 -2  0 -1  0  4 -2 0 0 1 0 0.09
-1 -2 -2 -2 -1 -2 -2  1 -2  2  2 -2  1 -1 -2 -1  1 -2 -2  1 0 0 1 1 0.09
-1 -1  0  3 -2 -1  0 -1 -1  0 -1  0  0 -2 -1  1  0 -3 -2  1 0 0 1 1 0.10
 1  1  1 -1 -2  0  0  2 -1 -1 -2  3 -2 -3 -1  1 -1 -3 -2 -2 0 0 1 1 0.11
 1  0  0 -1 -2  0  1 -1 -1 -1 -2  2 -2 -3 -1  3  1 -3 -2 -1 0 1 0 1 0.12
-2 -2  3  5 -3 -1  1 -2  0 -3 -3 -1 -3 -2 -2  0 -1 -2  2 -3 0 0 1 1 0.12
-1 -2  4 -1 -2 -1 -1  2 -1  0 -1 -1  1  0 -2  2  0 -3 -2 -1 0 0 1 1 0.11
-1 -1  1  3 -3  1  4 -2 -1 -3 -3  1 -2 -3  1  0 -1 -3 -2 -3 0 0 1 1 0.10
-1 -1  1  3 -2  0  2 -2  4 -2 -2 -1 -1  2 -1 -1 -1 -1  1 -2 0 0 1 1 0.09
-1 -1  1 -1 -1 -1 -1 -2  1  2  0  0  0 -1 -1  0  2 -2 -1  1 0 0 1 1 0.08
-1  2  1 -1 -2  2  1 -1 -1 -1 -2  3 -1 -2 -1  0 -1 -2 -1 -1 0 1 0 1 0.07
-1 -2 -2 -2 -2 -2 -1 -2 -1  0  2 -2  1  4 -2 -2 -1  0  1  0 0 0 1 1 0.06
 2  1 -1 -1 -1 -1 -1 -1 -1 -1 -1  0 -1  2  0  1  0 -1  0 -1 0 0 1 1 0.05
 0 -2 -2 -2 -3 -2 -2 -2 -2 -3 -3 -1 -3 -4  7  0 -1 -4 -3 -2 0 0 1 1 0.03
-2 -2 -2  1 -3 -2 -1 -3  0 -1  0 -1 -1  4 -3 -2 -2  0  5  0 0 1 0 1 0.03
 0 -2 -1 -2 -2 -2 -2 -2  0  1 -1 -2 -1 -2 -2  2  4 -3 -2  2 0 1 0 0 0.02
 0  1  1  1 -3  2  2 -2 -1 -3 -3  1 -2 -3  2  1  0 -3 -2 -2 0 1 0 1 0.02
-1 -1  1 -2 -2 -1 -2  2 -2  0  1  1 -1 -2  3 -1 -1 -3 -1  0 0 1 0 0 0.02
-1  0 -1 -2 -3 -2 -1  5  2 -3 -3 -2  0 -1  1 -1 -2 -2  3 -3 0 0 1 1 0.01
 0 -2 -1 -2 -3 -2 -1 -3 -3 -3 -4  0 -3 -4  7  0 -2 -4 -3 -3 0 0 1 1 0.01
 0  1 -2 -2 -4  1  1 -3  0 -3 -3  3  1 -4  5 -1 -2 -4 -3 -3 0 1 0 1 0.01
 0 -1 -2 -3 -2  3 -1 -2 -2  1  0  0  1 -2 -3 -1 -1 -3 -2  3 0 1 0 1 0.01
-3 -3 -3 -4 -4 -3 -3 -4  2 -3 -2 -3 -2  3 -4 -3 -3  6  8 -3 0 1 0 0 0.01
 0 -3 -4 -4  2 -3 -3 -4 -4  2  2 -3  3 -1 -3 -2 -1 -3 -2  4 0 1 0 0 0.01
 2 -2  0 -2 -2 -2 -2 -2 -2  0  1 -2  0 -2 -2  0  3 -3 -1  2 0 1 0 0 0.01
 6 -3 -3 -3 -2 -2 -2  0 -3 -3 -3 -2 -2 -4 -2  0 -1 -4 -3 -2 0 0 1 0 0.01
-1 -2 -1 -1 -3  0  4 -3 -2 -3 -3 -1  0 -4 -2  2  4 -4 -3 -2 0 0 1 1 0.01
 0 -2  0 -2 -2 -2 -2 -2 -2 -4 -4 -2 -3 -4 -2  6  1 -4 -3 -3 0 0 1 0 0.01
 2  0 -2 -1  0 -1  1 -2  0 -2 -2  1  1 -3  3  0  0 -3 -2 -1 1 0 0 1 0.01
 0  1  2  0 -2  1  2 -1  1 -2 -3  0 -2 -3 -1  2  0 -3 -2 -1 1 0 0 1 0.01
-1 -3  1 -2 -2 -2 -2 -3 -3  0 -2 -2 -1 -3 -3  1  5 -4 -3  3 1 0 0 0 0.01
 0 -3 -3 -3 -2 -3 -3 -3 -4  2 -1 -3 -1 -2 -3 -1  3 -4 -2  4 1 0 0 0 0.01
-1 -1 -1  3 -4  0  4 -3 -2 -3 -3  0 -1 -4 -2  0  2 -4 -3 -1 1 0 0 1 0.01
-4 -4 -5 -5 -4 -3 -4 -4 -4 -2  1 -1 -2 -1 -5 -2 -3 11  1 -1 1 0 0 1 0.01
 5 -3 -3 -3 -2 -2 -2 -2 -3 -2  2 -2 -1 -3 -2 -1 -1 -4 -3 -1 1 0 0 0 0.01
 6 -3 -3 -3 -2 -2 -2 -1 -3 -3 -3 -2 -2 -4 -2  0 -2 -4 -3 -2 1 0 0 0 0.01
-1  2  0 -1 -4  1  3 -2 -1 -3 -3  4  0 -4 -2  1  0 -4 -3 -3 1 0 0 1 0.01
-2  4  1 -2 -4  1 -1 -3  3 -3 -2  3 -2 -1 -3 -1 -2 -2  3 -1 0 0 1 1 0.01
 2 -2 -2  0 -3 -3 -2  6 -3 -4 -4 -2 -3 -4 -3 -1 -2 -4 -4 -3 0 0 1 0 0.01
-3 -3 -4 -5 -2 -3 -4 -5 -4  2  5 -4  3  1 -4 -3 -2 -3 -2  0 0 0 1 0 0.01
-1 -4 -3 -3 -4 -3 -3 -4 -4 -4 -5 -3 -4 -5  8  0 -2 -5 -5 -4 0 0 1 0 0.01
-3 -3 -4 -5 -3 -3 -4 -5 -4  1  4 -3  6 -1 -4 -3 -2 -3 -2  0 0 1 0 0 0.01
-1 -3 -3 -4 -2 -3 -3 -4 -4  3  2 -3  0 -1 -3 -1  2 -3 -2  3 0 1 0 0 0.01
-3 -3 -4 -5 -3 -3 -4 -4 -3  0  3 -4  4  5 -4 -3 -3 -1  2 -1 0 1 0 0 0.01
-1  1  1 -1 -3  1 -1  1 -1 -3 -3  3 -2  0 -2  2  0 -3 -2 -3 0 0 1 0 0.01
-4 -4 -5 -6 -4 -4 -4 -4  1  0  1 -4  0 -1 -5 -4 -4 11  0 -1 0 0 1 0 0.01
-2 -2  0  4 -3 -1  0 -3  3  3 -1 -2  0 -2  1  0 -1 -3 -2  0 0 0 1 0 0.01
 0 -2 -1  4 -3  0 -1 -2 -2  3 -1 -2 -1 -2 -2 -1  0 -4 -3  0 0 0 1 0 0.01
 0 -2  2  2 -2 -1  0  0 -2 -2 -3 -1 -2 -3  0  3  3 -3 -2 -2 0 0 1 0 0.01
-2 -2  3  0 -2  0 -1 -3  1  0  2 -2  0 -1 -2  0  2 -3  0 -1 1 0 0 0 0.01
 1 -1  2  2 -3  3  3 -2  1 -3 -3  0 -2 -4 -2  1  0 -4 -2 -3 1 0 0 1 0.02
-2  0 -1  2 -4  2  5  0 -1 -3 -3  1 -2 -4 -2 -1  0 -4 -3 -1 1 0 0 1 0.02
-2  3 -2 -2 -4  0 -1 -3 -2 -3 -2  5 -2 -4  1 -2 -2 -4 -3 -1 1 0 0 0 0.02
 1  1 -1  1 -3  1  2 -2  0 -1 -1  3 -1 -3 -2  0 -1 -3 -1 -1 1 0 0 1 0.02
 3  0 -1  0 -2 -1  2 -1 -2 -2 -3  1 -2 -3 -2  1 -1 -4 -3 -2 1 0 0 1 0.02
-2  0  0 -3 -3  4 -1 -3 -1 -2  1  0  3  0 -3 -2 -2 -1  5 -2 1 0 0 0 0.01
 2 -3 -3 -4 -2 -2 -3 -3 -3  0  3 -2  4 -1 -3 -1  0 -2  1  0 1 0 0 0 0.01
-1  0  2  2 -4  1  4 -1 -1 -2 -2  0  0 -3  1  0 -1 -4 -3 -2 1 0 0 1 0.01
-2  3 -3 -4 -3 -2 -3 -4  1  0  4 -1  0  0 -3 -1  0 -3  0 -1 1 0 0 1 0.01
-3 -4 -4 -5 -4 -3 -4 -5  0 -3 -3 -4 -3  1 -5 -3 -3  4  9  0 1 0 0 0 0.01
 0  0  6  0 -3  1  1 -2  1 -3 -2  0 -2 -4 -3 -1 -1 -4 -3 -3 1 0 0 1 0.01
 2  1 -1  0  0  2  4 -2 -1 -2 -3  1 -2 -4 -2  0 -1 -4 -3 -2 1 0 0 1 0.01
 0 -3 -2 -3  1 -2 -3 -3  2  3  0 -2  0 -2 -3  0  1 -3 -2  3 1 0 0 0 0.01
 6 -3 -3 -3 -2 -2 -2 -1 -3 -3 -3 -2 -2 -4 -2  1 -1 -4 -3 -2 1 0 0 0 0.01
 2  1  0  0 -2  1  2 -1 -1 -2 -1  1 -1 -3 -2  1  1 -3 -2 -1 1 0 0 1 0.01
 2  0 -1  1 -3  2  4 -1 -2 -3 -3  2 -2 -4 -2 -1 -1 -4 -3 -2 1 0 0 1 0.02
 0 -2  1 -2  0 -1 -2 -3  7 -3 -3 -2 -2  2 -3  0  0 -1  5 -3 0 0 1 1 0.02
-1 -3  3 -1  0 -2 -2  6 -2 -5 -5 -1 -4 -4 -3 -1 -2 -4 -4 -4 0 0 1 1 0.02
-2  1 -2 -3 -3  0 -2 -4  7  1 -2 -1 -1  0 -3 -2 -2 -2  3  2 0 0 1 1 0.02
-3 -3  2  7 -4 -2  0 -2 -2 -4 -5 -2 -4 -5  1  0 -2 -5 -4 -4 0 0 1 1 0.01
 0 -3 -3 -3 -2 -3 -3 -2 -4  4  0 -3  0 -2  3 -2  0 -4 -3  2 0 0 1 0 0.01
 1 -1  1  1 -2  1  1 -1  2 -3 -3  1 -2 -3 -2  3  1 -4 -2 -2 0 0 1 1 0.01
 0  1  4  1 -3  1  1  0  0 -3 -2  1 -2 -3 -2  1 -1 -4 -2 -3 0 0 1 1 0.01
-1 -4 -4 -4 -2 -4 -4 -4 -4  5  0 -4  0  1 -4 -3 -1 -3 -2  4 0 0 1 0 0.01
 0  2  0  5 -4  0  2 -1 -2 -4 -4  1 -3 -4 -2 -1 -2 -4 -3 -3 0 0 1 0 0.01
-4 -2 -1 -3 -5 -1 -2 -4 10 -5 -5 -3 -4 -3 -4 -3 -4 -4  0 -5 0 1 0 0 0.01
 1  0 -1 -2  4  4 -1  0 -2 -1 -2  0 -2 -3 -2  1  1 -3 -3 -2 0 1 0 0 0.01
-1 -3 -3 -4 -2 -2 -3 -4 -3  2  3 -3  4  1 -3 -1  0 -2 -2  0 0 1 0 0 0.01
 1 -2 -2 -2 -2 -2 -2 -2 -3  0 -1 -2  3 -3  1  1  4 -3 -3  1 0 1 0 0 0.01
-1 -3 -3 -4  1 -2 -3 -4  2  1  3 -3  1  2 -3 -2 -2 -1  3  2 0 1 0 0 0.01
-2 -3 -4 -4 -2 -3 -4 -5  1  4  3 -3  2  1 -4 -3 -2 -3 -1  1 0 1 0 0 0.01
 2 -3 -3 -4  6 -3 -3 -1 -4  1 -1 -3 -1 -3 -3 -1  0 -4 -3  4 0 1 0 0 0.01
 0 -2  5 -1 -3 -1 -1 -2  5 -4 -4 -1 -3 -3 -3  3 -1 -4  1 -3 0 1 0 0 0.02
 0 -3 -3 -4 -2  0 -1 -4 -3  2  1 -3  0 -1 -3 -2 -1 -3  0  5 0 1 0 0 0.02
 0 -2  5  4 -3 -1  0  0  0 -4 -4 -1 -3 -4 -2  1  1 -4 -3 -3 0 0 1 0 0.02
-1 -2  0  4 -4  0  3 -3  3 -1 -3 -1 -3 -3  1 -1 -1 -4 -1 -2 0 0 1 1 0.02
 0 -2  2  6 -4 -1  0 -2 -2 -4 -4 -2 -4 -4 -3  2  1 -5 -4 -4 0 0 1 1 0.03
-1  3 -1  1 -3 -1  0  3 -2 -3 -3  1 -2 -4  2  1 -1 -4 -3 -1 1 0 0 1 0.03
-1  0  2  4 -4  1  4 -2 -1 -3 -3  1 -2 -4 -2  0  1 -4 -3 -3 1 0 0 1 0.03
-1  2 -1 -2 -3  3  1 -3  0  0 -1  3 -1 -3 -2  0  0 -3 -2  0 1 0 0 1 0.04
 6 -3 -3 -3 -2 -2 -2  0 -3 -3 -3 -2 -2 -4 -1  0 -1 -4 -3 -1 1 0 0 0 0.03
 0  4 -1 -1 -4  2  1 -2  0 -4 -3  4 -2 -4 -2  0 -1 -4 -2 -3 1 0 0 1 0.03
 1  1  0  3 -4  2  4 -2  2 -4 -4  0 -3 -4 -2  0 -2 -4 -3 -3 1 0 0 1 0.02
-1 -1 -1  2 -3  0  5 -3  2  0 -2 -1 -1 -3 -3 -1 -2 -4 -2  1 1 0 0 0 0.02
 0 -3 -3 -4  6 -3 -3 -3 -3  2  1 -3  2 -2 -3 -1  0 -3 -2  2 1 0 0 0 0.01
-2  6 -2 -3 -4  0 -1 -2  0 -3 -3  2 -2 -1 -3  0  1 -4 -2 -1 1 0 0 1 0.01
 1 -1  0  1 -3  3  3  0 -1 -1 -2  1 -2 -3 -2  0 -1 -3 -3 -1 1 0 0 1 0.01
 0 -3  0 -4 -3 -3 -3 -1 -1 -2 -2 -3 -2  5  0 -2 -3  0  6 -2 1 0 0 0 0.01
-3 -4 -5 -5 -2 -3 -4 -5 -4  3  5 -4  1  2 -4 -4 -2 -2 -1  0 1 0 0 0 0.01
 1  0 -1  0 -3  0  3  1  1 -3 -3  1 -2 -3  1  1  0 -3 -2 -2 1 0 0 0 0.01
 0 -1  4  3 -3  1  2 -1  1 -4 -4 -1 -3 -3 -2  1 -1  2 -2 -3 1 0 0 1 0.01
-3 -4 -4 -5 -4 -3 -4 -5 -1 -2  0 -4 -2  3 -5 -4 -3  9  7 -2 1 0 0 0 0.01
-2 -3 -3 -2 -2 -2 -1 -4  1  2  2 -3  0  0 -3 -3 -2 -2  3  3 1 0 0 0 0.01
 1  0  2  0 -2 -1 -1  1 -2 -1 -1  0 -1 -3  0  2  1 -3 -2 -1 1 0 0 1 0.01
 1 -2 -1 -1  3  0  3  1  4 -3 -3 -1 -3 -3 -2  0 -2 -3  1 -3 1 0 0 1 0.01
 0 -1 -1 -2 -2 -2 -2 -1 -3 -1 -1 -2  2 -3  1  2  5 -4 -3  0 0 0 1 1 0.02
-2  1  3  3 -4  2  0 -2  2 -4 -3  0 -3 -1  1 -1 -2 -2  4 -3 0 0 1 1 0.02
 1 -2 -2  0 -3  1  1 -2 -2 -2 -3  0 -2 -2  5  0  2 -4 -3 -2 0 0 1 1 0.02
 0  0  2  1 -3  1  3 -2  0 -3 -3  0 -2 -2 -2  1  1 -3  1 -3 0 0 1 1 0.03
 1  3  1 -1 -3  2  0 -2 -1  0 -1  0  1 -3 -2 -1  0 -3 -2  1 0 0 1 1 0.03
-1  4  0 -1 -3  0 -1 -3 -1  0 -2  3  1 -2 -2  1 -1 -3  0 -1 0 0 1 1 0.04
-2 -1 -3 -4 -2 -3 -3 -1 -3  4  2 -3  2  0 -3 -2 -1 -3 -2  3 0 0 1 1 0.04
-1 -2  1  6 -4 -1  2 -2 -2 -1 -4  0 -3 -4 -2  0 -2 -5 -4 -3 1 0 0 1 0.03
-2  2 -1  1 -4  0  4 -3  0 -3 -2  1  1 -1 -2  1  0 -2  4 -3 1 0 0 1 0.03
 1 -3 -2 -3 -2 -2 -3 -3 -3  3  2 -2  0 -1 -3  2 -1  2 -2  0 1 0 0 0 0.03
-1 -3  0 -3 -2 -3 -3 -4  2  4  2 -3  0  0 -3 -2 -2 -2  1  2 1 0 0 0 0.03
 1  0  2  3 -3  2  2 -1 -1 -3 -3  1 -2 -3 -2  1  0 -3 -3 -2 1 0 0 1 0.03
-1 -2  0 -1 -3  1  3 -3 -2  2  1 -1 -1 -2 -2  2 -1 -4 -2 -1 1 0 0 0 0.03
-3 -2  7 -1 -4 -1  0 -2  6 -5 -5 -2 -3 -4 -3  0 -2 -5 -2 -4 0 0 1 0 0.03
 3 -3 -3 -3 -2  0 -2  0 -3 -2 -1 -2 -2 -3  5  0 -1 -4 -3  0 0 1 0 0 0.03
 0 -4 -4 -4 -2 -3 -3 -4 -4  4  0 -3  0 -2 -3 -2  1 -4 -2  5 0 1 0 0 0.02
-1 -1 -2 -3 -4 -3 -1  7 -3 -5 -5 -3 -4 -5 -4 -2 -3 -4 -4 -5 0 1 0 0 0.02
-1 -2  2 -1  3 -2 -2 -1 -2 -3 -3 -1 -2 -4  2  2  4 -4 -3 -2 0 0 1 1 0.02
-1 -3 -2 -1 -3 -2 -1 -3  2 -2 -2 -2 -2  2  5 -2 -2 -1  5  0 1 0 0 0 0.02
-2  1  2  5 -4  0  3 -3 -1 -4 -4  0 -1 -4 -2 -1 -1 -4 -3 -4 1 0 0 1 0.02
-2  1 -1  4 -4  0  4 -2 -1 -3 -1  0 -2 -3 -2 -1  0 -3  0 -3 1 0 0 1 0.02
-1 -3 -2  0  9 -2 -1 -2  1 -2 -2 -2 -2 -3 -3  1 -1 -3 -2 -2 1 0 0 0 0.02
 0 -2 -2 -3 -2 -2 -2 -3 -2  3  1 -1  1  0 -2 -1  1 -1  3  1 1 0 0 1 0.01
-1  0 -1 -1 -2  0  1  0  1  0 -1  0 -1  0 -1  0  0  0  3 -1 1 0 0 1 0.02
-1  2 -1  1 -4  3  4 -3  3 -3 -3  0 -2 -2 -2 -1  0 -3  1 -3 1 0 0 1 0.02
 2 -2 -2 -2 -2 -1 -2 -2 -3  3  1 -1  0 -2 -2  2  1 -3 -2  1 1 0 0 0 0.02
 2 -2  0 -1 -2 -1 -1 -1 -2  2  0 -2 -1  0 -2  0  1 -3 -2  0 1 0 0 1 0.02
-1  2  0  0 -3  4  2 -2 -1 -2 -1  3  0 -1 -2 -1 -1 -2 -2 -2 1 0 0 1 0.02
 0  1 -1 -2 -2  1 -1 -2  2  1  1 -1  1 -1 -2 -1 -1 -2  1  1 1 0 0 0 0.03
 4  0 -1  3 -2 -1 -1 -1 -2 -2  0 -1 -1 -3 -2  0 -1 -3 -3  0 1 0 0 0 0.03
 0 -2 -3 -3 -2  1 -2 -2 -3  4  1 -1  1 -1 -3 -1 -1 -3 -2  2 1 0 0 1 0.03
-1  0 -1  4 -4  0  4  1 -2 -4 -4  1 -3 -4 -2 -1  0 -4 -3 -3 1 0 0 1 0.03
 2  0 -2 -2  1 -1  0 -2  1  0  1  2  0  0 -2 -1 -1 -3 -1  1 0 0 1 0 0.03
-1 -2  1 -1  4 -2 -2 -3 -3 -2 -3 -2 -2 -4  3  0  5 -4 -3 -2 0 0 1 1 0.03
-1 -3  2 -2 -4 -3 -3  6 -3 -5 -5 -3 -4 -4 -3 -1 -3 -4 -4 -4 0 0 1 1 0.02
 1 -2 -2 -3  0 -2 -2 -2 -3  3  0  0  0 -2 -2  0  1 -3 -2  3 0 0 1 1 0.02
 0  2  0 -1 -2  0  0 -2 -1 -2 -2  3 -2 -3 -2  2  1 -3 -2  0 0 1 0 0 0.02
-2  2  4  3 -4 -1 -1 -1  5 -4 -4  0 -3 -3 -3  0  0 -4 -2 -3 0 1 0 0 0.01
-1 -3 -4 -4  1 -3 -3 -4 -3  3  2 -3  0  2 -3 -2 -1 -2  1  3 0 1 0 0 0.01
-1 -3 -3 -4  3 -3 -3 -4 -3  1  4 -3  1 -1 -3 -2  1 -3 -2  1 0 1 0 0 0.01
-2 -3 -4 -5  5 -3 -4 -4 -4  1  4 -4  3  2 -4 -3 -2 -2 -1  0 0 1 0 0 0.01
-1 -3 -1 -2  4 -2 -2  4  2 -3 -1 -2  1 -3 -3  3 -1 -3 -3 -3 0 1 0 0 0.01
-3 -4 -4 -5 -3 -4 -5 -5 -3 -1  0 -4 -1  7 -5 -4 -3 -1  1  2 0 0 1 0 0.02
-2 -2 -2  0 -5  0  7 -4 -2 -5 -5 -1 -4 -5 -3 -2 -2 -5 -4 -4 0 0 1 0 0.02
 3 -2 -1 -2 -2 -2 -2  2 -2 -3 -3 -2 -3 -4 -1  4  0 -4 -3 -2 0 0 1 0 0.04
 0  0  3 -2 -3 -2 -2 -3 -2  2  0 -2  6 -2 -3 -1  0 -3 -2  0 0 0 1 0 0.05
 0  0  1 -1 -3  2  0  4 -2 -3 -1  2 -2 -3 -2  0 -1 -3 -3 -3 0 0 1 1 0.07
-1 -2  2  5 -3 -1  2  0 -2 -3 -3 -1 -3 -4 -2  1  0 -4 -2 -3 0 0 1 1 0.08
-1  3 -1 -1 -3  3  2 -3  1  0 -2  1 -1 -1  1 -1  0 -3 -2 -1 1 0 0 0 0.09
 0 -1  4  4 -3  1  3 -2 -1 -3 -3  0 -1 -4 -2  0  0 -4 -3 -2 1 0 0 1 0.09
 0  2  1  2 -3  1  3 -2  1 -3 -3  2 -2 -3 -2  0 -1 -3 -2 -3 1 0 0 1 0.09
-1  0 -2 -2 -2  2 -1 -3 -2  3  0  1  0 -2 -2 -2  1 -3 -2  3 1 0 0 0 0.10
-2  2 -2 -2 -2 -1 -1 -3 -2  2  2  3  0 -2 -2 -2 -1 -3 -2  1 1 0 0 0 0.09
 2 -1  2  3 -2 -1  1  0  0 -3 -3  0 -2 -3 -2  2 -1 -3 -2 -2 1 0 0 1 0.09
 0 -2  0 -2 -2 -2 -2 -2 -2  1  1 -2  0 -2 -2  3  1 -3 -2  2 1 0 0 0 0.09
-2 -3 -4 -4 -2 -2 -4 -4 -3  5  1 -3  7 -1 -4 -3 -2 -3 -2  1 1 0 0 0 0.09
-2  0  2  4 -3  1  1 -2  2  1 -2  2 -2 -3 -2 -1 -1 -4 -2 -2 1 0 0 0 0.07
-2  2  0 -1 -2 -1  0 -3 -2  1  2 -1  4 -1 -3 -2 -1 -3 -2  2 1 0 0 1 0.06
-1 -3 -3 -4 -2 -3 -3 -4 -3  2  2 -3  0  5 -4 -2  0 -1  1  2 1 0 0 0 0.06
-1 -2  5  3 -3  1  1 -2 -1 -3 -2 -1  3 -3 -3  0 -1 -4 -3 -3 1 0 0 0 0.07
 0  2  1  1 -3  3  3 -2 -1 -3 -3  1 -2 -3 -2  1  1 -3 -2 -2 1 0 0 1 0.07
-2  1  3  2 -4  3  1 -2 -1 -2 -3  3 -2 -4 -2 -1  0 -4 -3 -3 1 0 0 1 0.11
-2 -4 -4 -4 -2 -4 -4 -5 -4  5  0 -4  0 -2 -4 -3 -1 -4 -2  5 1 0 0 0 0.13
 1  0 -2 -2 -2  0  0 -1 -2  2  0  0  2 -1 -2 -1 -1 -3 -2  1 1 0 0 1 0.13
-2  2  1  1 -4  0 -1 -2 -2 -4 -4  4 -3 -4  5 -1 -2 -4 -3 -3 1 0 0 1 0.14
-3 -3 -3 -4 -3 -2 -3 -4  4 -2 -1 -3 -1  5 -4 -3 -3  1  6 -2 1 0 0 1 0.19
 0  3 -1 -3 -3 -1 -1 -3  5 -1  2  0  0 -2 -3 -2 -2 -3 -1 -1 1 0 0 0 0.21
-1  1 -1 -1 -3  4  0 -2 -1 -3 -2  4  2 -3 -2  1 -1 -3 -2 -2 1 0 0 1 0.33
-2 -1  0  5 -4  1  4 -2 -1 -4 -4  1 -3 -4 -2  0 -1 -4 -3 -3 1 0 0 1 0.47
-1  1  3 -1 -3  0  0 -2  4 -3 -3  2 -2 -1  1  0  0 -2  2 -2 0 0 1 1 0.54
-1  0  5  1 -3  3  0 -1  0 -3 -3  1 -2 -3 -2  1  0 -3 -2 -3 0 0 1 1 0.54
-1 -2 -3 -4 -1 -2 -3 -4 -3  2  4 -3  2  0 -3 -2 -1 -2 -1  2 0 0 1 0 0.54
 0 -1  5  1 -2  0  0  0  0 -3 -3  0 -2 -3 -2  3  1 -3 -2 -2 0 0 1 1 0.62
