 2 -2 -1 -2 -2 -2 -2  5 -2 -3 -3 -1 -2 -3 -2  0 -1 -3 -3 -2 0 0 1 1 0.64
 0 -3 -3 -3 -1 -2 -2 -3 -3  2  0 -2  0 -2  3  0  0 -3 -2  4 0 0 1 1 0.52
-1 -2 -2 -2 -3 -2 -2  2  0 -3 -4 -1 -3 -4  7  1 -1 -4 -3 -3 0 0 1 1 0.25
 1  3 -2 -3 -2  0 -1 -2 -2 -1  0  1  5 -2  0 -1  0 -3 -2  0 0 0 1 1 0.15
 0 -2 -2 -2 -3 -2 -2 -2 -3 -3 -1 -2 -2 -4  6  3 -1 -4 -3 -2 0 0 1 1 0.07
 0 -3 -3 -4 -3 -2 -3 -4  1  1 -1 -3 -1  1 -4 -2 -2  0  7  2 0 1 0 1 0.03
-1 -3 -3 -3 -2  0 -3 -4 -3  3  1 -2  1 -2 -3 -1  3 -3 -2  4 0 1 0 0 0.02
-2 -4 -4 -5 -2 -3 -4 -5 -4  2  4 -4  1 -1 -4 -3 -2 -3 -2  4 0 1 0 0 0.02
-2  2  0 -2 -5  1  0 -3 -2 -4 -4  6 -3 -5 -3 -1 -2 -4 -3 -4 0 1 0 0 0.01
-2 -4 -5 -5 -2 -4 -4 -5 -5  1 -1 -4 -1 -2 -4 -3 -1 -4 -3  6 0 1 0 0 0.01
-3  3 -1 -3  0 -1 -2 -4  9 -5 -4 -1 -3 -2 -4 -2 -3 -3  2 -4 0 1 0 0 0.01
-3 -3 -4 -5  5 -3 -4 -4  2 -2 -2 -4 -2  5 -5 -3 -3  0  7 -2 0 0 1 0 0.01
 0  1  0 -2 -3  1  1 -2 -2 -2 -3  4 -2 -4 -2  0  4 -4 -3 -1 0 0 1 1 0.00
-3 -4 -4 -5  3 -4 -4 -5 -1 -2 -2 -4 -2  6 -5 -3 -3  0  7 -2 0 0 1 0 0.00
-2 -3  2 -2 -3 -2 -2 -3 -3 -2 -3 -2 -2 -4 -3  0  7 -4 -3 -2 0 1 0 0 0.01
-2 -4 -4 -5 -2 -4 -4 -5 -4  2  1 -4  0  3 -4 -3 -2 -3 -1  5 0 1 0 0 0.01
 4 -3 -3 -3 -2 -2 -2 -2 -3  0 -1 -2 -1 -3 -2  0  1 -4 -3  3 0 1 0 0 0.01
-2 -3 -4 -4 -2 -3 -4 -4 -4  3  3 -3  4 -1 -4 -3 -1 -3 -2  3 0 1 0 0 0.01
-1  3 -1  1  2  2  3 -2 -1 -2 -2  1 -2 -3 -2  1  0 -3 -3 -2 0 1 0 1 0.01
 0 -3 -3 -3 -2 -2 -3 -3 -3  2  0 -2  1 -2 -3  0  3 -4 -2  4 0 1 0 0 0.01
 0  1 -1 -1 -3  3  0  0 -2 -3 -3  2 -2 -4  4  1 -1 -4 -3 -2 0 0 1 1 0.01
-1  3 -2 -2 -3 -1  0 -3  2 -2  0 -1 -2 -2  5  0  0 -4 -2 -2 0 0 1 1 0.01
-1 -1  0  2 -4 -1 -1  5 -3 -3 -4  0 -3 -4 -3 -1 -2 -4 -4 -1 0 0 1 1 0.01
 0 -2 -2 -3  1  0 -2 -3 -3  0  3 -2  0 -1  1  1  1 -3 -1  0 0 0 1 0 0.01
 0 -1 -2 -2 -3 -2 -2 -2 -3 -4 -4 -2 -3 -4  6  4  1 -4 -3 -3 0 0 1 1 0.01
-3 -3 -4 -5 -4 -3 -4 -5  0 -1  0 -3 -2  3 -4 -3 -3  0  8  2 1 0 0 0 0.01
 2  1 -1 -2 -2  0 -1  0  1 -3 -3  0 -2 -3  2  3  1 -4 -2 -2 1 0 0 1 0.01
 0 -1  0  2 -3  3  2 -2  0  0 -2 -1  0 -3 -2  0  1 -3 -2  0 1 0 0 1 0.01
-2 -3 -4 -5 -2 -3 -4 -5 -4  2  4 -3  1 -1 -4 -3 -1 -3 -2  2 1 0 0 0 0.01
 0  4 -2 -3 -3  0 -2 -3 -2  0  2  1  0 -2 -3 -1  0  0 -2  0 1 0 0 0 0.01
 1 -1  0  3 -3  2  3 -1  0 -2 -3  0 -2 -3 -2  0  0 -4 -3 -1 1 0 0 1 0.01
-1  1 -3 -3  1 -1 -2 -3 -3  0  2  2  5 -2 -3 -2 -1 -3 -2 -1 1 0 0 1 0.01
-2 -4 -4 -4 -2 -4 -4 -5 -4  4  2 -4  0 -1 -4 -3 -1 -4 -2  4 1 0 0 0 0.01
 3  2 -1 -2  5 -1 -2  0 -2 -3 -3 -1 -2 -4 -2  3  0 -4 -3 -2 1 0 0 0 0.01
-1  1  2  0 -4  2  3 -2 -1 -4 -4  4 -2 -4 -2  1 -1 -4 -3 -3 1 0 0 1 0.01
-2  2 -2 -2 -5  0 -1 -3 -2 -4 -4  7 -3 -5 -3 -2 -2 -5 -3 -4 1 0 0 0 0.01
-3 -4 -5 -5 -3 -4 -4 -5 -4  0  5 -4  1  3 -4 -4 -3 -2 -1  0 0 0 1 0 0.02
-1 -1  1  0 -3  2  3  2 -1 -3 -1  1 -2 -3 -2  0 -1 -3 -3 -3 0 0 1 1 0.02
-2 -2 -3 -3 -3  3 -2 -4  1  0  4 -2  2 -1 -3 -3 -2 -3 -2  0 0 0 1 0 0.02
-1  1 -2 -2 -3  2 -1 -3 -2 -2  1 -1 -1 -3  5  1 -1 -4 -3 -2 0 0 1 1 0.02
 3 -2 -2 -2 -2 -2  0 -2 -3 -3 -2 -2 -2 -4  5  1  0 -4 -3 -1 1 0 0 1 0.02
-1 -1  0  2 -3  1  4 -2  1 -3 -2  0  0 -3 -2  2  1 -4 -2 -3 1 0 0 1 0.02
 1  2 -1 -2  1  1  1 -2  6 -3 -3 -1 -2 -3 -3  0  0 -4 -1 -1 1 0 0 1 0.02
-1 -3 -2 -3 -2 -2 -3  0 -3  2  1 -2  2 -2 -3 -1  3 -3 -2  2 0 0 1 0 0.02
-1  3 -1 -2  1  2  0 -3 -2 -1 -2  3 -2 -3 -2 -1  3 -4 -3  0 0 0 1 1 0.03
-3 -4 -5 -5 -3 -4 -4 -5 -4  0  6 -4  1 -1 -4 -4 -3 -3 -2  0 0 1 0 0 0.03
-1  3 -1 -2  1 -1 -2 -2 -2 -4 -4 -1 -3 -3 -3  5  0  4 -3 -3 0 1 0 0 0.03
-3 -1 -3 -4 -4 -3 -3 -5  3 -1  1 -3 -2  2 -4 -3 -3  0  8 -2 0 1 0 0 0.03
 0  5 -1 -2 -3  0 -1 -2 -2 -3 -2  3 -2 -4 -2  1  1 -4 -3 -3 0 0 1 1 0.03
-1  0 -1 -2 -3  1 -1 -2  5 -3 -1  2 -2 -3  4  2 -1 -3 -1 -3 0 0 1 0 0.05
-1  3 -1  0 -3  2  3 -2  2 -1 -1  0  0 -3 -1 -1 -1 -3 -2 -1 0 0 1 1 0.05
 1 -1 -1  4 -3 -1  1  3 -2 -3 -4 -1 -3 -4 -2 -1 -2 -4 -4 -1 0 0 1 1 0.06
 0 -2  1  2 -2 -1 -1  1 -2 -3 -3 -1 -2 -3 -2  4  3 -4 -3 -1 0 0 1 1 0.08
 0  1  1  0  0  2  2  1  2 -4 -3  2 -2 -4  0  0 -1 -3 -2 -3 0 0 1 1 0.08
-2 -1 -1  2 -4  2  5 -2 -1 -3 -2  1 -2 -4 -2 -1 -2 -4 -3 -1 0 0 1 1 0.08
-1  0 -1  0 -2 -2 -2 -3 -2  0  3 -2  2  0 -3  1  0 -3 -2  0 0 0 1 1 0.10
-1 -3 -3 -3 -2 -3 -2  0 -4  2  0 -3  0 -2 -3 -1  1 -4 -2  4 0 1 0 1 0.10
 0 -3  0 -2 -2 -2  0 -3 -3  2  1 -2 -1 -2  5 -1  1 -4 -3  0 0 1 0 1 0.08
-2 -3  0  0 -2 -2 -3 -3 -3  2  4 -3  1 -1 -3 -1  0 -3 -2  1 0 0 1 0 0.09
 1  0  1 -1  1  0  1  0 -2 -3 -3 -1 -2 -3  0  4  1 -3 -3 -2 0 0 1 1 0.10
-1 -2  1  3 -4  1  5  0 -1 -4 -4 -1 -3 -4 -2  0 -1 -4 -3 -3 0 0 1 1 0.08
-1 -1  0  2 -3  1  4 -1 -2 -3 -3 -1 -3 -2 -2  0  2 -4 -3 -3 0 0 1 1 0.07
-1  0  3  3 -3  0  3  0 -1 -4 -4  1 -3 -4  0  1  0 -4 -3 -3 0 0 1 0 0.07
-1 -3 -3 -4 -3 -2 -3 -1 -3  0  2 -3  8 -1 -4 -2  0 -3 -3  0 1 0 0 0 0.06
-1  1 -1  0 -4  2  5 -1 -1 -4 -4  3 -3 -4 -2 -1 -2 -4 -3 -3 1 0 0 1 0.05
 1 -1 -1  3 -3  0  2  0 -2 -3 -3  2 -1 -3 -2  0  1 -4 -3 -1 1 0 0 1 0.04
 3 -3 -3 -4 -2 -2 -3 -2 -3  0  0 -2  3 -2 -3 -1 -1 -3 -2  3 1 0 0 0 0.04
-4 -4 -5 -5 -4  1 -4 -4 -4 -4 -3 -4 -3 -1 -5 -4 -4 12  0 -4 1 0 0 0 0.03
 0  0  2  0 -2  3  0  2 -1 -3 -3 -1 -2 -3 -2  3  0 -3 -3 -3 0 0 1 1 0.02
-1  2 -1 -1  3  4  1 -3  2 -2  0  0 -1 -3 -2  0  0 -3 -2 -2 0 0 1 0 0.02
 4 -3 -3 -3 -2 -2 -2 -2 -3  0  0 -2 -1 -2 -2  0 -1 -4 -2  3 0 0 1 1 0.02
 0  2  0  0 -3  0  1 -2  0 -2 -3  3 -2 -3 -2  1  2 -4 -2 -1 0 1 0 1 0.01
 0 -2  4  4 -3 -1  1  2 -1 -4 -4 -1 -3 -4 -3  0 -1 -4 -3 -3 0 0 1 1 0.01
-1  2  2 -2 -4 -2 -2  4 -1 -3 -2 -1 -3  0 -3 -1 -2 -2  4 -3 0 0 1 1 0.01
-2  5 -2 -3  8  1 -2 -4  1 -3 -3  0 -3 -4 -4 -2 -2 -4 -3 -3 0 1 0 0 0.01
 0 -3 -4 -4 -2 -3 -4 -4 -4  3  4 -3  1 -1 -4 -3 -2 -3 -2  1 0 1 0 0 0.01
-1 -1  0 -2 -2 -2 -2 -3 -3 -2 -3 -1 -2 -4 -2  1  6 -4 -3 -2 0 1 0 0 0.01
-3 -3 -5 -5 -2 -3 -4 -5 -4  1  5 -4  1 -1 -4 -4 -2 -3 -2  1 0 1 0 0 0.01
-4 -4 -5 -6  3  0 -4 -4 -4 -4 -4  0 -3 -1 -5 -4 -4 12  0 -5 0 1 0 0 0.01
-2 -5 -5 -5 11 -5 -6 -4 -5 -3 -3 -5 -3 -4 -5 -3 -3 -4 -4 -3 0 1 0 0 0.02
-1 -1  3  2 -4  4  3 -2 -1 -4 -4  0 -2 -4 -2  1 -1 -4 -3 -3 0 0 1 1 0.03
-1 -2  4  2  2 -1 -1  2  2 -2 -1 -1 -2 -3 -2  1 -1 -3 -2 -1 0 0 1 1 0.08
 0 -2  0 -2 -2 -1 -1 -2 -2 -2 -2 -1 -1 -3 -2  2  6 -3 -2 -1 0 0 1 1 0.26
