 0 -2  0 -1 -3 -2 -2  6 -2 -4 -4 -2 -3 -3 -2  0 -2 -3 -3 -3 0 0 1 1 0.63
-1  4  0 -1 -3  1  0 -2 -1 -3 -3  4 -2 -3 -2  0 -1 -3 -2 -3 0 0 1 1 0.55
-1 -4 -4 -4  7 -3 -4 -4 -4  4  1 -3  0 -1 -3 -2 -1 -3 -2  1 0 0 1 0 0.40
-2  0  4 -1 -3 -1 -2  2 -1 -3 -2 -1 -2  3  2 -1 -1 -1  2 -3 0 0 1 1 0.32
-2 -2  0  6 -4  0  4 -2 -2 -4 -4 -1 -4 -4 -2  0 -2 -5 -4 -4 0 0 1 1 0.26
-3 -4 -4 -5  4 -3 -4 -4 -2  2 -2 -4 -2  2 -4 -3  0  9  5 -1 0 0 1 1 0.22
 0 -1 -1  1 -4  2  5 -3 -2 -1 -2  1 -2 -4 -2  0 -2 -4 -3 -2 0 0 1 1 0.17
-2  1  1  2  3  2  3 -3  1 -3 -3  1 -2 -4 -2  0  0 -4 -3 -1 0 0 1 1 0.18
 0 -2  1  3 -3  1  1  1  1 -1 -2  0 -2 -3  3 -1 -1 -4 -3 -1 0 0 1 1 0.13
 1  4 -2 -1 -3  0  0 -3  1 -1 -2  2 -2 -1 -3 -1 -1 -4 -2  0 0 0 1 1 0.07
-2  0 -3 -3 -3 -1  0 -2 -2  1  3 -1  3  0 -4 -3 -1 -2  4  0 0 0 1 0 0.04
-2  0  0  5 -1  0  1  0  0 -2 -2 -1 -3 -1  0  0 -1 -4 -1 -1 0 0 1 1 0.02
-2 -1  1 -3 -3 -3 -3 -4 -2  3  0 -1 -2  0 -4  0  4 -4 -2  1 1 0 0 0 0.02
-2  5 -2 -3 -5  4  3 -4  3 -5 -4  1 -4 -5 -2 -1 -2 -2 -1 -5 1 0 0 1 0.01
 2  1 -2  1 -1  1  3  2 -3 -4 -3  0 -1 -5 -3  1  0 -5 -4 -3 1 0 0 0 0.01
-4 -5 -6 -6 -2 -5 -3 -6 -5  3  5 -5  1  2 -6 -5 -4 -4  1  1 1 0 0 0 0.01
 2 -5 -5 -5  4 -4 -5 -3 -5  3  1 -5 -1  2 -5 -3 -1 -4 -3  4 1 0 0 0 0.01
 0  3  0 -2 -4  3  2 -2 -3  0 -1  1  1 -4 -3 -2  2 -4 -4  0 1 0 0 0 0.01
-2 -2  2  7 -1  1  0 -5 -1 -6 -6 -1 -6 -2 -5  1 -4 -7 -6 -6 1 0 0 0 0.01
-6 -4 -4 -7 -6 -5 -6 -7  1 -5 -3 -3 -5  6 -7 -6 -5  1  9 -5 1 0 0 0 0.01
-3 -5 -5 -5 -4 -5 -3 -6 -5  6  2 -5 -2  1 -5 -4 -3 -4 -2  3 1 0 0 0 0.01
-2  0  0 -2  0  3  0  0  4 -1 -1  0 -1  2 -2  1 -1 -3  1 -1 1 0 0 0 0.01
-2 -2  0 -3  1 -1  0 -3  4 -4 -4 -4 -4  1 -5  0 -2  0  8 -4 1 0 0 0 0.01
-4  6 -2 -4  0 -1 -2 -4 -1 -3 -3  4 -4 -5 -4 -3 -3 -5 -2  0 1 0 0 0 0.02
-1 -4 -4 -3 -1 -4 -3 -5  3  1  5 -4  0 -2 -4 -3 -2 -4 -1  1 1 0 0 0 0.03
-1  4  0 -3  0  4  0 -1  3 -3 -2  1 -3 -2 -2  2 -2 -1 -2 -4 1 0 0 1 0.05
-2  4  0 -1 -4  5  0 -2 -2  0 -1  1  0 -3 -3  0 -2 -4 -3 -1 1 0 0 1 0.08
 0  2  2  0 -3  1  1 -2  2 -3 -2  2  0 -3 -2  1 -1  0 -1 -2 0 0 1 1 0.11
 0 -2  2 -1 -3 -1 -2  6 -1 -4 -4 -1 -2 -4 -2 -2 -2 -3 -3 -4 0 0 1 1 0.16
-1 -1 -3 -1 -3 -2 -1 -1  0  1  1 -2  1  2 -2 -2 -1  0  4  1 0 0 1 0 0.23
 0 -1  0  1  1  0  2  0 -1 -1 -2 -1  0  1 -1  1  0 -2 -1  0 0 1 0 1 0.30
-1 -2  0 -1  5  1  0 -1  0 -2 -1 -3 -3 -2 -2  0  0  7 -1 -1 0 0 1 0 0.33
 0  0  1  0 -2 -1  0  2  0 -2 -2  0 -2 -2  3  0 -1 -3  0 -2 0 0 1 1 0.38
 2  2  0  0 -2  0  1  0 -1 -2 -2  2 -2 -2  0  0  1 -3 -2 -1 0 0 1 1 0.34
 1  0  0  1  2 -1  0  1 -2 -1  1 -1  0 -1  0  0  0 -3 -2 -1 0 0 1 0 0.32
-1 -1 -1 -3 -5  0 -1 -2  3 -3 -3 -2 -4 -3  6  1 -1 -5 -4 -2 0 0 1 0 0.29
 0  1 -1 -1 -2  1  1  3  0 -3 -2 -1 -1 -2 -1  1  0 -4 -3 -3 0 0 1 1 0.34
 0 -1 -1 -1 -1  0  1 -2 -1  0  2 -2  2 -1  0  1  1 -3 -2  0 0 0 1 0 0.38
-1 -3 -2 -1 -5  0 -2  3 -1 -4 -3 -1 -2 -4  6 -1 -1 -5 -5 -3 0 0 1 1 0.36
 1 -1  0 -1 -1  0  0 -1 -1 -2 -1 -2 -1 -4  4  2  1 -4 -2 -1 0 0 1 0 0.40
 1  0 -2 -1 -1 -1 -1  2  0 -3 -2 -1 -2 -3  4  2 -1 -4 -4 -1 0 0 1 1 0.31
 0  0  0  0 -1  1  0 -2  0  0  0 -1  1 -1  1  0  0 -3 -2  1 0 0 1 1 0.23
 0  1  0  2 -3  1  2 -1  0 -2 -2  1 -2 -4 -1  2  1 -4 -3 -2 0 0 1 1 0.17
 2  0 -2 -1 -3  0  2 -2 -1 -3 -2  2 -3 -3  4 -2 -2 -5 -2 -1 1 0 0 1 0.13
 0 -1 -2 -3 -2  0  1 -4 -1  0  1 -2 -1 -3 -2  1  1 -4 -3  3 1 0 0 1 0.10
 1 -1  2 -1 -2 -1 -1 -2  5 -2 -1  0 -1  1 -3  2  0 -1  0 -2 1 0 0 0 0.07
 2  2 -2 -1 -1  2  2 -2  0 -3 -1  1 -2 -3  0  0  0 -4 -3 -2 1 0 0 1 0.06
 3 -2 -2 -3  2 -1 -2 -4 -4  0  0 -1  2 -3 -3  0  2 -2 -3  2 1 0 0 0 0.03
-3 -5 -6 -7 -5 -3 -6 -5 -6  1  5 -3  6 -3 -6 -4 -2 -5 -5 -1 1 0 0 0 0.02
-1  7 -1 -5 -6  3 -2 -4  1 -4 -1  0 -1 -4 -5 -3 -4 -6 -5 -3 1 0 0 1 0.02
-1  3  0  1 -2  1  0 -1 -1 -1 -2  2 -3 -4 -3  2 -1  0 -2  0 1 0 0 1 0.01
 1 -5 -3 -5 -4 -2 -4 -3 -5  3  2 -4  3 -2 -2 -1 -2 -5 -4  4 1 0 0 0 0.01
 4 -5 -3 -5  0 -2 -5  5 -5 -5 -5 -4 -5 -6 -5  0 -1 -6 -6 -1 1 0 0 0 0.01
-1 -3  2  6 -2  0  1 -4 -4 -3 -3 -2 -2  0 -5  0 -1  0 -3 -5 1 0 0 1 0.01
-3 -3 -1  3 -1  2  5 -1 -2  0 -4  0 -3 -6 -4  1 -4 -6 -3 -2 1 0 0 0 0.01
-4 -4 -6 -6 -1 -3 -6 -6 -5  3  4 -5  4  5 -6 -3 -3 -4  1  2 1 0 0 0 0.01
-4 -1  0  1 -7  3  6 -5 -4 -4 -2 -1 -3 -7 -5 -1 -2 -7 -6 -5 1 0 0 0 0.01
-1  4  0  0 -2  2  1 -2 -2 -3 -1  2 -1 -1 -4  0  0 -4  0 -2 1 0 0 1 0.01
-3  4  2  0 -2  2  1 -4 -1  0  0  3  3 -4 -4 -3 -3 -5 -4 -4 1 0 0 1 0.01
-4  0 -1 -5 -5 -2 -4 -3  7 -2 -1 -3  1  2 -5 -4 -3 -3  6  0 1 0 0 0 0.01
 0  2 -2  1 -4  3  2 -2  0 -2 -3  0  0 -4  3 -1  0 -1 -1 -3 1 0 0 1 0.01
 0  3  0  1 -2  2  1 -2 -1 -1 -2  1 -2 -2  0  0 -1 -3  0 -2 1 0 0 1 0.01
 1  1  0  1 -2  0  2 -3 -2 -1  1 -1 -1  2 -3 -1  0  0 -2  0 1 0 0 1 0.01
-2 -6 -6 -3 -1 -6 -6 -6 -4  0  3 -6 -1  7 -6 -6 -5 -3  4 -3 1 0 0 0 0.01
-1  2  3  0 -1  4  1 -1  2 -4 -4  1 -4 -5 -2  2  0 -5 -4 -4 1 0 0 1 0.01
 0  1  4  3 -2  0  0  2  0 -5 -3  0 -4 -5  0  1 -1 -5 -4 -4 1 0 0 1 0.01
-3 -2 -3 -4  2 -5 -6 -7 -5  1  3 -5  7  1 -5 -5 -4 -5  1  2 1 0 0 0 0.01
 2 -2 -3 -3  4 -3 -2 -2 -2  2  2 -2 -1 -3 -3  2 -1 -5 -4  0 1 0 0 0 0.01
-1  3  2  2 -3  2  1 -1  0 -4 -2  0 -3 -5 -2  1 -1 -5 -4 -2 1 0 0 1 0.01
-2  2  1  0 -5  6  0 -3  1 -5 -2  1  0 -2 -4 -1  0 -4  1 -4 1 0 0 1 0.01
-2 -3 -5 -5  1 -2 -5 -4 -5  2  5 -5  1  2 -5 -2 -2 -1 -3  0 1 0 0 0 0.01
-1 -2  1  1  3  1  0 -1  5 -2  0 -2 -1 -2 -3  0 -1 -3  1 -2 1 0 0 0 0.01
-1 -1 -2 -2 -1 -1 -3 -2 -2  4  2 -2  0 -1  0 -2 -1 -4 -2  2 0 0 1 1 0.02
-2 -2  2  2  0  0  0 -2 -1  0 -4  0 -3 -4 -2  1  4 -5 -1  0 0 0 1 0 0.02
-1 -1  0  0 -1 -1  1  0 -2 -3 -3  0 -2 -3  5  1 -1 -5 -4 -3 0 0 1 1 0.02
-1  2  2  3  0  0  2  1 -1 -3 -4  0 -2 -1 -2  0  0 -4 -2 -2 0 0 1 1 0.02
-1 -1  2  0 -1 -1 -1 -1  1  0  0 -2  0 -1 -3  1  3 -4 -1 -1 0 0 1 0 0.02
 4 -2 -1  1  0 -2  0 -1 -4 -4 -2 -1 -2 -5  0  1  1 -5 -5  0 0 0 1 0 0.02
-2  1 -3  0  1  2  0 -2  2 -2  0 -1 -1  2 -1  0 -1 -3  3 -1 1 0 0 0 0.01
-1  1  0  0 -4  3  2 -1  2 -2 -2  0 -1 -4  2  1  0 -4 -3 -2 1 0 0 1 0.01
 0  2 -1  0  1 -1 -1 -2 -3  0  0 -1  0 -3 -3  2  2 -4  0 -1 1 0 0 1 0.01
-2 -2 -5 -5  1 -5 -1 -5 -4 -1  0 -5  0  7 -1 -2 -1 -3  3  0 1 0 0 0 0.01
 1  0  1 -1 -1  1  0 -1 -1  0 -1  0  1 -1 -1  0  1  0 -1  1 1 0 0 0 0.01
 0  0  1  0  2  1  0  0  2 -2 -1  0 -2 -2  1  0  0 -2  1 -1 1 0 0 1 0.01
-1 -5 -5 -3 -1 -5 -5 -4 -5  3 -1 -5  1 -2 -5 -3 -1 -5 -2  6 1 0 0 0 0.01
 4 -2 -4 -4  0 -3 -2 -3 -4  0  1 -3  5  0 -2 -1 -1  1 -3  2 1 0 0 0 0.01
-1  2  1  3 -3  1  2 -1 -1 -2 -1  1 -1  0 -2 -1  0 -3 -1 -2 1 0 0 1 0.02
 0  0  0  0  0  0  2  0  2 -2 -1  1  0 -2 -2  1  0 -2 -2 -1 1 0 0 1 0.02
-1 -2 -2 -2  0 -1 -1 -2 -2  3  1 -2  3  1 -2 -1  0 -2 -1  2 1 0 0 0 0.02
 0 -1 -2 -2 -2 -2 -2  0 -2 -1  0 -1  0  5 -2 -1 -1  1  0  1 0 0 1 0 0.02
 2  0  0  0  1  0  0  0  0 -2 -2  0 -2 -2 -1  2 -1 -2 -2 -2 0 0 1 1 0.02
-1 -1  2  5 -2 -1  0  0 -1 -1 -2 -1  0 -3 -2  0  0 -3 -3 -2 0 0 1 1 0.03
-1  0  0  2 -3  1  3  1  0 -2 -1  0  0 -3 -2  0 -1 -3 -2 -2 0 0 1 1 0.03
-1 -1  0 -1 -2 -1 -1 -2 -2  1  2 -1  1  2 -2 -1  0 -2 -1  1 0 0 1 1 0.03
-1 -2 -2  1 -3 -2  1 -3  0 -2 -1 -1 -2  6 -3 -1  0 -2  0 -2 0 0 1 1 0.02
-1  2  1  2 -2  1  2 -1  0 -2 -2  1 -1 -2  0  1  0 -2 -1 -1 0 0 1 1 0.02
 0 -1  0  2  1  0  0  3 -2 -2 -2  0 -2 -3  0  1  0 -2 -2 -2 0 0 1 1 0.01
-1 -2  0 -1  0  1 -1  5  0  0 -3 -1 -2 -3  0 -1 -2 -3 -3 -2 0 0 1 1 0.01
-2 -3 -4 -4 -1 -3 -3 -4 -4  5  1 -2  2  1  0 -3  0 -3 -2  3 0 0 1 0 0.01
-3 -2  7 -2 -5 -3 -4 -4  1 -6 -6 -3 -5 -6 -5  1  3 -7 -5 -5 0 0 1 0 0.01
-7 -1 -8 -9 -7 -6 -7 -7 -6 -3 -4 -7 -6 -3 -8 -7 -7 13  1 -7 1 0 0 0 0.01
-1 -6 -4 -3 -6 -5 -3  7 -6 -7 -7 -5 -6 -7 -2 -1 -5 -6 -7 -7 1 0 0 0 0.01
-5  8 -2 -5 -7 -3 -4 -6  1 -6 -4  1 -5 -6 -6 -3 -2 -6 -1 -4 1 0 0 0 0.01
-4 -6 -6 -6 -4 -3 -6 -7 -6  6  1 -5 -2 -1 -6 -5 -4  0 -4  5 1 0 0 0 0.01
 0 -6 -6 -6 -4 -5 -6 -4 -6  3  0 -5  0 -4 -5 -3 -3 -6 -4  6 1 0 0 0 0.01
 4 -4 -3 -4  0 -3 -3  2 -4 -3 -4 -3  1 -5 -3  3  2 -5 -4  1 1 0 0 0 0.01
-2 -5 -6 -6 -4 -5 -6 -6 -5  2  5 -5  1  4 -6 -5 -4 -4  0  0 1 0 0 0 0.01
-5 -6 -6 -6 -5 -6 -6 -6 -4  2  2 -6 -2  7 -6 -4 -4 -3  4  0 1 0 0 0 0.01
 4 -3 -3 -3  1 -3  0  0  0 -2 -2 -3  0 -1 -3  1  2 -4  2  1 1 0 0 0 0.01
-6 -7 -7 -7 -6 -7 -7 -7 -5 -1 -1 -7 -3  9 -7 -6 -6 -3 -1  1 1 0 0 0 0.01
 3 -4 -3 -4 -1 -4 -2  5 -4 -3 -4 -4 -1 -5 -4  0  0 -5 -5 -2 1 0 0 0 0.01
 2 -2 -3 -4  3 -2 -4  5 -4 -5 -5 -4 -4 -2 -5 -1 -2 -4  3 -2 1 0 0 0 0.01
 2  2 -1 -3  0 -2 -1  0 -1  0 -1  1 -1  0 -3 -1  1 -3 -2  1 1 0 0 0 0.01
-4 -5 -5 -6 -4 -4 -5 -6 -5  1  5 -5  3  1 -5 -5 -2 -4  0  3 1 0 0 0 0.01
 4 -5 -4 -5  7 -4 -4 -2 -5  1 -1 -4 -1 -4 -4  0  0 -5 -2  0 1 0 0 0 0.01
 1  0 -2 -3 -2  0 -1 -4 -1  1  1  2  0 -1 -3 -1 -1 -4 -2  3 1 0 0 0 0.01
-2  1 -1  2 -1  2  3 -4  5 -4 -3  3 -3 -2 -3 -1 -2  1  1 -4 1 0 0 0 0.01
 0 -4 -4 -3  8 -2 -2 -4 -4 -1  2 -3  1  0 -4  2 -3 -1  0  0 1 0 0 0 0.01
 0 -1 -3 -4  1  0 -3 -4 -2  2  1  0  2  0 -2 -2 -1 -1 -1  3 1 0 0 0 0.02
-1  2  1  1 -4  1  4 -1 -1 -4 -3  2 -3 -3 -3  0  0 -3  0 -3 1 0 0 1 0.02
-1  2  0 -1  0  3  0 -2  1  0 -1  0  3 -3 -1  0 -1  0 -3  0 1 0 0 1 0.02
 0  1  1 -1 -4  3  0  2  1 -2 -2  1 -3 -4 -1  1  0 -4 -4 -2 0 0 1 1 0.02
-2  1  0  0 -1  2  3  1  2 -2 -3  1 -1 -2  2 -1 -2 -5 -4 -3 0 0 1 1 0.02
-1 -1 -1  0  0  0 -1 -1  1  0  2 -1  4 -1  0 -1 -2  1 -1 -1 0 0 1 0 0.02
-1 -1  0  0 -3  1  2 -1  0 -1 -2 -1 -1  1  2  1  0 -3 -1  1 1 0 0 1 0.02
 1 -1 -1  2  3 -1  1  2 -1 -3 -2 -2 -1 -4  0  1  0 -4 -4 -1 1 0 0 1 0.02
-1  0 -1  0  1  1  0 -1  0  1  1 -1  1  1 -1 -1  0 -2  1 -1 1 0 0 1 0.02
-1 -3 -5 -2  2 -3 -2 -6 -5  4  0 -3 -3 -1 -5 -2 -1 -5  1  5 1 0 0 0 0.01
 0  3  0  1 -1  1  1 -1  2 -4 -2  2 -2 -4  0  1 -1 -5 -2 -2 1 0 0 1 0.01
 0  2  2  1 -4  2  1 -2  0 -2 -1  0  0 -4 -1  0  1 -4 -3 -2 1 0 0 1 0.01
-2 -5 -6 -1 -4 -2 -5 -6 -6  5  2 -5 -2 -1 -6 -5 -2  4 -2  3 1 0 0 0 0.01
 2 -2 -3 -4  2 -3 -2 -1 -4  2 -1 -2  3 -2 -1  0 -1 -4  0  2 1 0 0 0 0.01
-1  1 -1  2 -2  1  3 -1  0 -1 -1  0  0 -2 -2  1 -1 -4  0  0 1 0 0 1 0.01
-3 -2 -4 -2  2 -1  0 -2  2 -1 -2 -4 -4  4 -5 -1 -1  9  3 -4 1 0 0 0 0.01
 0 -2 -4 -4  0 -3 -2 -4 -4  3  1 -4  5 -1 -4 -2  3 -4 -3  3 1 0 0 0 0.01
 2 -3 -3 -1  0 -2 -2  0 -4 -1 -1 -2  1 -4 -3  2  3 -4 -4  1 1 0 0 0 0.01
 0  0  0  3 -1  1  3 -3 -1 -2 -1  1 -2 -2 -3  0  0 -4 -1 -1 1 0 0 1 0.01
-4 -3 -6 -4 -6 -6 -4 -6 -2 -3  0 -6 -4  7 -6 -4 -5 -3  7  0 1 0 0 0 0.01
-3 -5 -6 -6 -1 -5 -6 -6 -6  4  4 -5  3 -2 -6 -5 -1 -5 -4  3 1 0 0 0 0.01
 0  1  1  1  0  0  1 -1 -1 -1 -1  0  1 -2 -3  0  1 -3 -2 -1 1 0 0 1 0.01
-2  1  2  1 -4  0  3 -1  1 -3 -3  2 -1 -5 -4  1  1 -5 -4 -1 1 0 0 1 0.01
-3  3  3  0 -3  0  1 -3  5 -5 -5  2 -2 -1 -2  0 -1 -5  0 -4 1 0 0 1 0.01
-2 -1 -3 -3  2 -2 -3 -3 -2  3  4 -2  1 -1 -3 -2  0 -3 -1  0 0 0 1 0 0.01
 0  1 -1 -1  0  0  0 -1  1  1  0  1  1 -1 -1  0  1 -2 -1  1 0 1 0 1 0.01
 2  2  2 -1 -3  2 -1  0  0 -2  0  1 -2 -3 -3  0 -1 -3 -1 -2 0 1 0 0 0.01
-1  1  1  3 -2  0  1  0  0 -3 -3 -1 -3 -3  3  1  1 -4 -3 -3 0 1 0 1 0.01
-9 -9 -10 -10 -8 -8 -9 -9 -8 -9 -8 -9 -7 -1 -10 -9 -8 13  0 -9 0 1 0 0 0.01
-4 -6 -7 -7 -5 -6 -7 -7 -7  7  3 -3  1 -2 -3 -6 -5 -6 -5  0 0 0 1 1 0.01
 0  2 -1 -1 -4  4  1 -4  2  0 -1  1  0 -3 -1 -1 -2 -5 -3  0 0 0 1 1 0.01
 1  1  0  2 -5  4  3 -2  1 -6 -5  2 -4 -6 -4  1 -2 -6 -4 -5 0 0 1 1 0.01
-3  3  6 -2 -6  4 -1 -5  5 -5 -6  0 -5 -6 -5 -1 -3 -6 -1 -6 0 0 1 1 0.01
-2  1  0 -2 -6 -5 -5  7 -5 -7 -7 -1 -6 -7 -6 -4 -5 -6 -6 -7 0 0 1 1 0.01
-2 -6 -5 -5 -6 -6 -6  7 -6 -8 -8 -6 -7 -7 -6  0 -4 -7 -7 -7 0 0 1 0 0.01
-3 -8 -9 -9 -7 -7 -8 -8 -7 -8 -7 -8 -7 -4 -8 -8 -7 13 -1 -8 1 0 0 0 0.01
 1 -1 -1  5 -5 -2  4 -3 -2 -2 -3 -2 -2 -5 -4 -2 -1 -6 -5  1 1 0 0 1 0.01
 1 -1  1  2  0 -1  1  5 -2 -5 -5 -1 -4 -5 -4 -1 -2 -5 -4 -5 1 0 0 1 0.01
 0 -6 -6 -6 -5 -4 -6 -6 -5  0  1 -6 -1  8 -6 -5 -5  0  0  0 1 0 0 0 0.02
 1 -3 -2 -4  2 -2 -3 -3 -2  1  2 -3  1  1 -4 -1  2 -3  0  3 1 0 0 0 0.03
 1  0  0  3 -4  2  3 -2 -1 -5 -5  2 -4 -5 -3  0  0 -5 -4 -4 1 0 0 1 0.04
-1  0 -4 -5  4 -2 -3 -5 -4  1  4 -2  0  3 -4 -3 -3 -3  0  0 1 0 0 0 0.07
 2 -2 -3 -2 -4 -3 -3  5 -3 -2 -3 -1 -3  3 -4  0 -3 -3  1 -1 1 0 0 0 0.08
-2  4  3  3 -4  1  1 -2  2 -4 -3  2 -2 -4 -3  0 -2 -5 -3 -4 1 0 0 1 0.10
-1 -1  1  3 -3  1  0  2 -2 -2 -3 -1  0 -3  0  0  1 -4 -3  0 1 0 0 1 0.13
 4 -3 -3 -2 -2  0 -2  0 -3  1 -1 -2  2 -3  1  0 -1 -4 -1  1 1 0 0 0 0.21
 1  2  0  0  0  1 -2 -1 -2  1  1  1 -1 -2 -2 -1 -1 -3 -3  0 1 0 0 1 0.30
 2 -2 -2  1  1  1  5 -2 -2 -4 -4  2 -3 -5 -3 -1 -1  1 -3 -3 0 0 1 1 0.44
-1  1  0  3 -4  2  4 -2 -2 -3 -3  2 -3 -4  0 -1 -1  1 -3 -1 0 0 1 1 0.59
 1  0  2 -2  0 -2 -2  1  1 -3 -2 -2 -1  1  0  2 -1 -2  2 -2 0 0 1 1 0.69
 0  5 -2 -2 -5  3  3 -3  2 -4 -4  2 -3 -4 -3 -1 -2 -4 -3 -4 0 0 1 1 0.70
-1  6 -2  0 -4  1  0 -3 -2 -3 -3  3  0 -1 -3 -2  1 -4 -3 -2 1 0 0 1 0.80
 1 -1  1  1 -3  1  3  1 -1 -3 -3  0 -2 -1  1  2 -1 -3 -2 -3 1 0 0 1 0.89
-1  3 -1  0 -4  4  3 -3 -1 -4 -3  1 -2 -4 -2  0  0 -3 -3 -3 1 0 0 1 0.88
 2  1 -1 -1 -2  0  2  2 -2 -2 -2 -1  1 -3 -2  2 -1 -3 -2 -1 0 0 1 1 0.88
 0  4 -1 -1 -4  2  3 -3  1 -3 -3  2 -2 -4 -2 -1 -2 -3 -2 -1 0 0 1 1 0.90
-1  3 -1 -1 -4  3  0 -2 -1 -3 -3  5 -2 -4 -2 -1 -1 -3 -2 -3 0 0 1 1 0.93
