-2 -3 -3 -4 -2 -2 -3 -4 -3  2  2 -3  7 -1 -3 -3 -1 -3 -2  2 0 0 1 1 0.86
 1 -1  3 -1 -2 -1 -1 -1 -1 -2 -3  1 -2 -3 -2  3  3 -3 -2 -2 0 0 1 1 0.80
 1 -2  2 -1 -2 -1 -1  2 -2 -3 -3 -1 -2 -3 -2  4  2 -4 -3 -2 0 0 1 1 0.75
-1 -3 -4 -4 -2 -2 -3 -4 -3  2  4 -3  5  0 -4 -1 -2 -3 -2  0 0 0 1 0 0.66
-2 -3 -3 -4 -3 -3 -3 -4 -3  1  3 -3  2  5 -1 -2 -2  1  0  0 0 0 1 0 0.63
-1 -2 -1  1 -2 -1 -1 -1  1 -3 -4 -2 -3 -2  5  3  0 -4 -3 -2 0 0 1 1 0.42
-2 -3 -3 -4 -3 -1 -3 -4 -2 -1  0 -3  0  7 -2  1 -1 -1  2 -1 0 0 1 1 0.36
-1 -2  0 -2  0 -2 -2  1  2 -2 -3 -2 -2 -3  2  1  5 -4 -2 -2 0 0 1 1 0.47
-1 -1  0 -2 -3 -1  0  0 -2 -4 -3  0 -3 -3  5  3  0 -4 -1 -3 0 0 1 1 0.48
 0 -3 -2 -3 -3 -1 -2  0  0 -4 -3 -2 -3 -4  7  2  0 -5 -4 -3 1 0 0 1 0.48
 2 -3 -1 -3 -2 -3 -3 -3 -3  3  2 -3  1 -2 -3 -1  1 -3 -2  2 1 0 0 0 0.48
-1 -4 -4 -1 -2 -3 -3 -4 -4  2  0 -3  1 -2 -4 -2 -1 -4 -3  6 1 0 0 0 0.40
-1  3 -2 -2 -1  0 -1 -3  4 -4 -3  5 -3 -4  0 -2 -1 -4 -2 -3 1 0 0 1 0.30
-2  6  0 -2 -4  0  0 -2 -2 -4 -3  3 -3 -4 -3  2 -1 -4 -3 -2 1 0 0 1 0.31
-3 -2 -4 -5 -1 -3 -4 -5 -4  0  6 -4  0 -1 -4 -2 -3 -3 -3 -1 1 0 0 0 0.29
-3 -2 -2 -4 -3 -2 -4 -2 -4  0  4 -3  5 -1 -4 -3 -3  7 -2  0 1 0 0 0 0.33
 1  0 -2 -2  5 -2 -1  4 -3 -3 -3  0 -3 -3 -2  1 -2 -4 -3 -3 1 0 0 1 0.34
-3 -1 -3 -4  3  0  0 -2  4 -3  0 -3 -1 -2 -4 -1 -3 10  2 -2 0 0 1 1 0.37
-2  5 -2  0 -4  1 -1 -2 -2 -1 -3  5 -3 -4 -3 -1 -1 -4 -3 -3 0 0 1 1 0.33
 1  1 -2 -2 -1  4  1 -2 -2 -1 -1  3 -2 -4 -3  0 -1 -4 -3 -1 0 0 1 1 0.50
 0  0 -2 -2  2 -2 -1  5 -1 -3 -1 -2 -3 -4 -2  0 -2 -4 -3 -2 0 0 1 0 0.48
-1 -1  0  4  2  0  2 -1  0 -3 -3  1 -2 -3 -1  1  1 -3 -3 -2 0 0 1 1 0.48
 0  0  0  2 -1  1  1  0  1  0  0  0 -1 -2  1  0  0 -2 -1 -1 0 0 1 1 0.45
-1 -1  3  1 -2  1  1  2  2 -2 -2  0 -2 -2 -1  0  0 -2 -2 -2 0 0 1 1 0.49
 0 -2  1  1 -1 -1  0  3 -2 -2 -2 -1 -2 -2  2  1 -1  0  0 -2 0 0 1 1 0.46
-1  0  1  1 -4  2  4 -1  1 -1 -3  1 -2 -4 -2  0 -1 -4 -3 -1 1 0 0 1 0.43
-1 -1  0  4 -4 -1  5 -3 -2 -4 -4 -1 -3 -4  0  1  1 -4 -1 -3 1 0 0 0 0.47
-2  0 -2  2 -5  2  6 -3 -1 -5 -5 -1 -4 -5 -1 -1 -3 -5 -4 -4 1 0 0 1 0.39
 0  0 -1  0  1  1  2  0  2 -4 -4  4 -3 -4  1  1  0 -4 -3 -3 1 0 0 1 0.30
-2  1  0 -1 -5 -3  2 -4 -3 -4 -4 -2 -3  4 -5 -2 -2  9 -1 -4 1 0 0 0 0.28
 3 -3 -1 -1  3 -2 -2 -2  0  1  1 -2 -1 -3 -2  1 -1 -4 -3  0 1 0 0 0 0.32
-2  3 -2 -1 -5  2  4 -1 -1 -4 -2  4 -2 -4 -3 -2 -3 -4 -4 -3 1 0 0 1 0.25
 1  4 -1 -3 -2 -1 -2 -2 -3 -5 -4  6 -3 -4 -2  0 -1 -5 -4 -4 1 0 0 1 0.24
 5 -1 -3  0 -1 -3 -1 -2  2 -2 -1 -3 -2 -1 -3  0  0 -4 -3  0 1 0 0 0 0.30
 1 -2 -4 -4  1 -4 -4 -4 -4  4  0 -4 -1  2 -4 -2  2 -4 -2  4 1 0 0 0 0.23
-3  1  1  3 -5  1  3 -4  4 -2 -3  2 -1 -2 -3 -2 -3 -4  2 -4 1 0 0 1 0.19
 3 -1  0 -3 -1 -1 -2 -2  0 -3 -3 -1 -1 -1 -3  4 -1 -5 -3 -1 1 0 0 1 0.17
-4 -5 -6 -6 -4 -5 -5 -6 -5  1  6 -5  0  2 -5 -5 -2 -4 -3  1 1 0 0 0 0.10
-2 -4 -5 -5 -1 -4 -3 -5 -4  2  3 -3  3  0 -4 -1 -2  3 -2  4 1 0 0 0 0.12
-2  2 -1 -1 -5 -1 -2 -4 -3 -5 -4  7 -4 -5 -4 -3 -3 -5 -4 -5 1 0 0 1 0.07
-2  4 -3 -2 -5  2 -1 -4 -3 -3 -1  6 -3 -5 -4 -2 -3 -5 -4 -3 1 0 0 1 0.06
 0 -4 -5 -6 -2 -4 -5 -5 -5  1  5 -4  3  0 -5 -4 -3 -4 -3 -1 1 0 0 0 0.05
-4  1 -1 -2 -6  1 -1 -3 -3 -4 -5  7 -4 -1 -4 -3 -3 -5 -4 -5 0 0 1 1 0.05
-3  1  0  2 -5 -1  3 -2  0 -5 -5  5 -4 -5  0 -2  0 -5 -4 -4 0 0 1 1 0.04
-2  3  1 -2 -1  0  0 -2  1 -1 -4  4 -3 -4  0  1  1 -4 -3 -3 0 0 1 1 0.03
-1  0  1  1 -2  2  1  3 -2 -3 -3  2 -2 -3 -2  0  0 -3 -2 -3 0 0 1 1 0.03
 1 -1  0  2  2  4  2  0 -1 -2 -1 -1 -1 -4 -2  0 -1 -4 -3 -1 0 0 1 0 0.04
-1 -3 -3 -2 -1 -2 -2 -2 -1  1  4 -3  1  0 -4 -1 -1 -4 -3  1 1 0 0 0 0.02
-1 -3  0  4 -5  0  5 -2 -2 -4 -2 -1 -2 -5 -3 -2 -3  0 -4 -2 1 0 0 1 0.02
 0 -1  0  2 -3  1  3 -2 -2 -1  1 -1  0 -3 -3  1  0 -4 -3 -1 1 0 0 0 0.02
-4 -4 -5 -6 -4 -4 -3 -6 -5  1  6 -5  1  1 -5 -5 -4 -4 -3 -1 1 0 0 0 0.03
-2  1 -3 -2 -4  0  3 -4 -3  2  2 -1 -1  0 -3 -3 -2  0  0  0 1 0 0 1 0.02
 1  2 -1  0 -1  2  1 -3  1 -2 -2  3 -1 -2 -2 -1  1 -3 -1 -2 1 0 0 1 0.02
 5 -4 -1 -4 -3 -3 -3 -2 -4 -2 -3 -3 -3 -4 -3  0  0 -4 -4  2 1 0 0 0 0.03
-2 -3 -4 -4 -3 -3 -1 -4 -4  3  3  1 -1 -2 -3 -3 -2 -3 -3  4 1 0 0 0 0.03
-1  0  0  0 -3  1  3 -3 -1 -1 -3  1 -1 -3 -2  3  2 -4 -3 -2 1 0 0 1 0.03
-1  2  1 -1  3  1 -1 -2  1 -3 -3  0 -3 -4 -3  4  2 -4 -2 -3 1 0 0 1 0.04
-1  2  0 -1 -3  2  0  2 -1 -3 -3  2 -2 -4  3 -1 -2 -4 -3 -1 0 0 1 1 0.05
-1 -3  3  2 -1 -3 -1  5 -3 -5 -5 -2 -4 -5 -4 -1  0 -5 -2 -4 0 0 1 1 0.05
 0  0 -1  0  0  0 -1  1 -1 -1  0 -1  1 -2  2  0  0 -3 -2  0 0 0 1 1 0.05
-2  0  2  2 -4  1  1 -1  2 -4 -4  0 -3 -3  5  1 -2 -5 -3 -3 0 0 1 1 0.08
-1 -3 -2 -1  0 -3 -1  0 -1 -2 -4 -3 -4 -4 -1  4  5 -5 -2 -3 0 0 1 0 0.07
 0  2  0  1 -4  0  0  1 -1 -3 -3  3 -3 -4  2  0 -1 -4 -3 -3 0 0 1 1 0.07
-1 -5 -1 -5 10  0 -5 -5 -5 -4 -4 -5 -4  1 -5 -3  0 -5 -4 -1 0 0 1 0 0.06
 0 -4 -4 -4  5 -4 -4 -4 -4  3  0 -4 -1  0 -4 -1 -1 -4 -3  5 0 0 1 0 0.08
 0 -1 -2 -3  0 -1 -2 -3  0 -1  1 -1  2  0  2  0  2 -3  1  0 0 1 0 0 0.07
 0 -4 -4 -4 -3 -3 -4 -4 -4  3  2 -3  2  1  3 -3  0 -4 -2  2 0 1 0 0 0.08
-1  1 -1 -1 -4  0 -1 -1  1 -2 -3  0 -3 -3  5  0  1 -4  0 -2 0 1 0 1 0.13
 0  1  1 -2  3  1 -1  0 -1 -2 -1  0 -2 -2  1  0  0  4  1 -2 0 0 1 1 0.14
 0  0  0  1 -3  1  0  1 -2 -3 -3  1 -3 -1  2  2  1 -3  0 -3 0 0 1 1 0.16
 0  0  0  0 -2  1  0 -1 -2  0  1  0  1 -2  0  0  0 -2 -2  0 0 0 1 1 0.17
-2 -1  0  4 -3  2  1 -2 -2 -1 -1  0 -2 -1  1  0 -1 -3 -2  0 0 0 1 1 0.23
 0 -2  0  0  3 -2 -1  3  1 -1 -2 -2 -2 -3 -1  1  0 -3 -3  0 0 0 1 0 0.24
-1  3 -1  0  3  0  1 -1 -2  0 -2  1 -2 -3  1  0  0  2 -2  0 0 0 1 1 0.23
 0  0 -1 -1 -2 -1 -1 -2 -2  1  1 -1  1 -1  0  0  1  4 -2  1 0 1 0 0 0.27
-1  1  0  1 -3  3  1  2 -2 -1 -1  0 -2 -3  0  0  0 -3 -3 -2 0 1 0 1 0.25
-1 -3 -2 -3 -2 -2 -2 -2 -3  2  1 -2  0 -1  1 -1 -1  3 -2  4 0 1 0 0 0.26
 2 -2 -1  0  0  0 -2  2  0 -1 -3 -2 -2 -3 -1  2 -1 -3  0 -1 0 0 1 1 0.21
 0  0  1 -1 -3  2 -1  3  4 -3 -3  0 -2 -1 -1  0 -1 -3 -2 -3 0 0 1 1 0.22
-1  5 -1 -2 -3  0  0 -1  3 -3 -3  1  1 -3  2  0 -1  2 -2 -3 0 1 0 1 0.22
-1  0 -1 -1 -3 -1  0  0  0 -3 -2  5 -1 -1  0  0 -1 -3  0 -1 0 1 0 1 0.19
 0 -1 -2 -1  2  0 -1  4 -2  0 -1 -2 -2 -2 -1  0 -1 -3 -2  1 0 1 0 0 0.16
 0 -1 -2 -2 -1 -2 -2 -3 -1  0  2 -2  0  3  2  0 -2  2  0  0 0 0 1 0 0.13
-2 -4 -4 -4 -4 -1 -3 -4  0 -4 -1 -3 -1 -1  8 -3 -3 -4 -4 -4 1 0 0 0 0.14
-3 -1 -1 -3 -5  2 -1 -4  9 -1 -3 -3 -2 -2 -2 -2 -3 -4 -1 -4 1 0 0 0 0.17
-1 -3 -4 -4 -3 -3 -4 -4 -3  2  2 -3  3  0 -2 -3 -2  0  1  5 1 0 0 0 0.22
-2 -3 -2 -4  2 -3 -3 -4 -3  4  3 -3  1  0 -2 -3  0  1 -2  1 1 0 0 0 0.20
-1 -3 -3 -4  3  0 -3 -4  0 -1  1 -3  0  1 -4 -2 -1 -1  6  1 1 0 0 0 0.21
 2 -4 -4 -4  9 -4 -4  0 -4 -3 -2 -4 -3  0 -4  0 -3 -4  0 -1 1 0 0 0 0.22
-3  6 -3 -3  1  3 -2 -4  2 -4 -3  4 -3 -4 -4 -3 -2 -4 -3 -4 1 0 0 0 0.24
 0 -3 -4 -4  0 -3 -3 -4 -4  3  4 -3  1 -1 -3 -3 -1 -3 -2  3 1 0 0 0 0.26
-4 -2 -5 -5 -4 -4 -4 -4 -4 -4 -3 -4 -3  6 -5 -4 -4 11  3 -4 1 0 0 0 0.27
-3  7 -3 -4  0  0 -3 -4 -1 -4 -3  0 -3  0 -4 -3 -3 -4 -3 -4 0 0 1 1 0.29
-4 -4 -1 -2 -4 -4 -3 -4 -4 -4 -4 -4 -4  2 -5 -4 -4 12  2 -4 0 0 1 0 0.22
-2 -2 -2 -2 -4 -2 -1 -3 -4 -5 -5 -1 -4 -5  7  2 -2  2 -4 -4 0 0 1 1 0.28
-4 -4 -1  6  0 -1  2 -3  1 -5 -3 -2 -4 -2  1 -2 -2 -5 -2 -3 0 0 1 1 0.22
-3 -4 -5 -5  0 -4 -4 -5 -4  1  5 -4  2 -2 -4 -1 -3 -4 -1  1 0 0 1 0 0.17
-2  4 -1  0 -4  4  0 -2  5 -4 -3  0 -2 -4 -1  0 -1  0 -3 -4 0 0 1 1 0.23
-2  0  2  0 -4 -1  0 -2  5 -4 -2  2 -3 -1  0  3  0 -4 -1 -2 0 0 1 1 0.25
 0 -2  0  0 -1  0  0  0  6 -3 -3 -1  0 -3  0  2 -1 -3  0 -2 0 0 1 1 0.24
 0 -1  2 -1  2 -1  1 -1  6 -3 -3 -1  1 -1 -2  1 -1 -1  0 -2 0 0 1 1 0.20
-3  1 -1  0 -5  3  6 -4 -3 -5 -4 -2 -1 -5 -2  0 -2  0 -1 -5 0 0 1 0 0.21
-4 -5 -5 -5 -4 -4 -2 -6 -5  1  6 -5  1 -3 -5 -4 -2 -4 -4  1 0 1 0 0 0.17
-3  5 -3 -2 -1  1 -1 -4  1 -3 -4  5 -4 -5 -4  0 -1 -5 -4 -3 0 1 0 1 0.15
 1  4 -1 -3 -2 -2 -2 -1  4 -4 -3  0 -3 -4  4  1  0 -4 -3 -3 0 1 0 1 0.14
-2 -1 -3 -4 -3  1 -3 -4 -2  2  4 -2  2 -2 -4 -2 -2 -4 -3  1 0 0 1 1 0.11
-2 -1 -2  2  4 -2  2 -2 -3 -3 -3  0 -2 -5  5  1 -2 -5 -4 -1 0 0 1 1 0.08
 0 -1  0 -2  4 -1 -1 -2  3  0 -1 -2 -1  1 -2  0  1  2  1  0 0 0 1 1 0.06
-4 -6 -6 -6 11 -6 -6 -3 -6 -5 -5 -1 -5 -6 -6 -5 -5 -6 -6 -5 0 0 1 0 0.06
-2  3  0 -1  0  4  3 -3  2 -4 -3  2 -2 -4 -1 -1 -1 -4 -1 -4 0 0 1 1 0.07
-2 -3 -3 -3 -1 -3 -2 -1  3 -3 -1 -3  0  4 -3  2  0  0  5 -2 0 0 1 1 0.09
 3 -2 -3  0  0 -2 -3  1  0 -3 -3 -1 -3  2  3  0 -1 -3  1 -3 0 0 1 0 0.16
-2  0 -2 -2 -1 -2 -2  1 -2 -1 -1 -1 -2  5 -2 -1 -2  0  4 -3 1 0 0 0 0.17
 1  0  1  3 -3  0  1  0  2 -3 -3  1 -1 -4 -3  1  0  1 -3 -2 1 0 0 1 0.15
 1  0  0 -2 -2  1 -1 -2  0  0  1  0  1 -1  0  1  0 -3 -1  0 1 0 0 1 0.15
-3  1  3  2  0  1  0 -1  1 -4 -4  4 -3 -5 -3 -1  0 -5 -4 -1 0 0 1 1 0.13
-1  0  2 -1  2  2  0  0  0 -3 -1  1 -1 -3  2  1  0 -3  1 -2 0 0 1 1 0.15
-1 -1  0  4 -5  0  2 -1 -3 -2 -3  2 -1 -5  0  0  0 -5 -4 -2 0 0 1 1 0.15
-2 -2  0  1  0  0  3 -3  1 -1  0 -1  0  0 -2  1  1  0  1 -2 0 1 0 1 0.16
-3 -3 -5 -5 -1 -4 -3 -6 -5  4  0 -4  0 -3 -2 -4 -1 -4  2  6 0 1 0 0 0.15
-5 -7 -7 -8 11 -7 -8 -7 -7 -5  0 -7 -5 -6 -7 -2 -5  2 -6 -5 0 1 0 0 0.14
-4 -6 -6 -6  8 -5 -6 -6 -6  4  0 -6  0 -4 -6 -5 -3 -5 -4  4 0 0 1 0 0.14
-5 -4  9  1 -7  0 -4 -4 -3 -7 -7 -4 -6 -7 -6 -3 -4 -8 -6 -7 0 0 1 0 0.12
-2 -6 -6 -6 -6 -5 -5 -6 -6 -5 -6 -5 -6 -7  8 -5 -5 -8 -7  1 1 0 0 0 0.21
-2 -2 -2 -3  1  0 -2 -3  4 -1  0 -2  4  2 -3 -2 -2  3  5 -1 1 0 0 0 0.17
-2 -1  0 -2 -4 -1 -1 -3  9 -4 -4 -2 -3 -3 -3  2 -2 -4  0 -4 1 0 0 0 0.16
-3 -3 -3 -4 -3 -2 -3 -4  0  0  0 -3  1  3 -4 -3 -2  6  7 -1 0 1 0 0 0.17
-1  3  0 -1 -3  1  1 -1  0 -2 -2  1 -2  0 -2  3  0 -3  0 -3 0 1 0 1 0.16
-3  6 -2 -3 -4  0 -1 -4 -2 -2 -2  3 -2  0  0 -2 -2  2 -2 -3 0 1 0 1 0.15
-1 -2 -2 -4 -2 -3 -3 -4 -4  3  2 -1  1 -1 -3 -3  0  2 -2  4 0 0 1 1 0.16
-1 -1  0  0  5  2  3 -3  0  0 -2  0 -2 -3 -3 -1 -1 -4 -2  0 0 0 1 1 0.16
 0  3 -1 -1 -3  0  0  1 -2 -2  0  0 -2 -2  0  1  1 -3  1 -1 0 0 1 1 0.14
-2  0 -2 -3 -5  0  1 -3 -4 -3 -3 -1 -4 -5  7 -2 -1 -6 -5 -4 0 0 1 1 0.17
 0 -2 -2 -1 -3  0  3 -2 -3  1 -2  0  1 -3  1 -1 -1 -4 -3  3 0 0 1 1 0.20
-1 -1 -2 -2 -3 -1 -2 -1 -3  1  3  1  1 -2 -1  1  1 -3 -3  0 0 0 1 0 0.25
-2 -3 -2 -1 -5 -1 -3 -3 -4 -4 -4 -3 -4 -3  8 -3 -3 -6 -5  1 0 0 1 1 0.23
-1 -4 -4 -4 -5 -4 -4  0 -5 -5 -5 -3 -5 -6  8 -2 -2 -6 -5 -5 0 0 1 0 0.31
-1 -1 -3 -1 -2 -2 -3 -3 -3  3  0 -2 -1 -1  2  1 -1 -4 -2  3 0 1 0 0 0.27
 1 -3 -3 -3 -2 -2 -3 -3 -3  0  3 -3  2 -1  3  0 -2  1 -1  0 0 1 0 1 0.30
-2 -3 -3 -4 -2 -3 -3 -4 -3  1  1 -3  0  1 -3 -1 -1 -2  3  5 0 1 0 0 0.35
-2  0  2  0 -4 -2 -1 -3 -3 -4 -4 -2 -3 -5  7  1  1 -5 -4 -3 0 0 1 1 0.45
-3  7 -2 -3 -5  0 -1 -4 -2 -4 -4  3 -3 -4 -1 -2 -1 -4 -3 -4 0 0 1 1 0.56
-2  0  3 -2 -3  1 -1 -3  6 -2  0 -1 -2 -1 -3 -1 -2 -2  3 -2 0 0 1 1 0.60
 0 -1  1 -1 -2 -1 -1 -1 -2 -2 -3 -1 -2 -3 -2  4  3 -3 -2 -2 0 0 1 1 0.74
