 4 -1 -1 -2  0 -1 -1  0 -2 -1 -1 -1 -1 -2 -1  1  0 -2 -2  0 0 0 1 1 0.96
-2 -2  1  6 -3  0  1 -1 -1 -3 -3 -1 -3 -3 -1  0 -1 -4 -3 -3 0 0 1 1 0.96
-1 -2 -3 -3 -1 -2 -3 -3 -3  1  4 -2  2  0 -3 -2 -1 -2 -1  1 0 0 1 0 0.96
 0 -1  0 -1 -1 -1 -1 -2 -2 -1 -1 -1 -1 -2 -1  1  4 -2 -2  0 0 0 1 1 0.96
 1 -1  1  0 -1  0  0  0 -1 -2 -2  0 -1 -2 -1  4  1 -3 -2 -2 0 0 1 1 0.96
-1 -1  0 -1 -2  0 -1 -2  6 -2 -2 -1 -1 -2 -2  0  3 -2  0 -1 0 0 1 1 0.97
-1 -1  0 -1 -2  0 -1 -2  6 -2 -2 -1 -1 -2 -2  0  3 -2  0 -1 0 0 1 1 0.93
-1 -1  0 -1 -2  0 -1 -2  5 -2 -2 -1 -1 -2 -2  1  4 -3  0 -1 0 0 1 1 0.92
 3 -1 -1 -2 -1  0 -1 -1  5 -2 -2 -1 -1 -2 -1  1 -1 -3  0 -1 0 0 1 1 0.87
-1  1  0 -1 -2  0  0 -2  5 -2 -2  2 -1 -2 -2  0  2 -3  0 -2 0 0 1 1 0.81
-1 -2 -1 -2 -2 -1 -1 -3  5  1  0 -2  0 -1 -2 -1 -1 -3  0  3 0 0 1 1 0.77
-1 -2  3 -1 -2 -2 -2 -2 -1  3  0 -2  0 -1 -2 -1  0 -3 -2  2 0 1 0 0 0.74
-1 -1  0  1 -3  1  4  3 -1 -4 -3  0 -2 -3 -2  0 -1 -3 -2 -3 0 0 1 0 0.70
-1 -2 -1  3 -3 -1  0 -2 -2 -3 -3 -1 -3 -4  7 -1 -1 -4 -3 -3 0 0 1 0 0.44
 4 -2 -2 -2  0 -1 -1  0 -2 -1 -2 -1 -1 -2 -1  1  0 -3 -2  0 0 1 0 0 0.32
-1  5  0 -2 -2  1  0 -2 -1 -2 -2  1 -1 -3 -2  0  2 -3 -2 -2 0 1 0 0 0.22
-2 -3 -3 -4 -1 -2 -3 -4 -3  3  3 -3  2  0 -3 -3 -1 -2 -1  2 0 1 0 0 0.15
 1 -1  0 -1 -1  0  0 -1 -1 -2 -2  0 -1 -2 -1  3  3 -3 -2 -1 0 1 0 1 0.10
 3 -2 -2 -2 -1 -1 -2 -1 -2  0  2 -1  0 -1 -1  0  0 -2 -2  0 0 1 0 0 0.07
 0 -1  0 -1 -1 -1 -1 -2 -2 -1 -1 -1 -1 -2 -1  1  5 -3 -2  0 0 1 0 1 0.06
-2 -2 -2 -3 -3 -2 -2 -3  1 -1 -1 -2 -1  5 -3 -2 -2  2  6 -1 0 1 0 0 0.04
 0  0 -1 -2 -2  0 -1 -2 -2  0 -1  2  0 -2 -1  0  2 -3 -2  2 0 1 0 1 0.04
 2 -1 -1  0 -2  0  3 -1 -1 -2 -2  0 -2 -3  5  0 -1 -3 -2 -2 0 1 0 1 0.04
 0 -2  0 -1 -3 -2 -2  6 -2 -4 -4 -2 -3 -3 -2  0 -2 -3 -3 -3 0 0 1 1 0.04
 4 -2 -2 -2  0 -1 -1  0 -2 -1 -2 -1 -1 -2 -1  1  0 -3 -2  0 0 0 1 1 0.04
 0 -2 -1 -1 -2 -1 -1 -2 -2 -3 -3 -1 -2 -3  7  2  0 -4 -3 -2 0 0 1 1 0.04
-2 -3 -3 -4 -1 -2 -3 -4 -3  3  3 -3  2  0 -3 -3 -1 -2 -1  2 0 1 0 0 0.04
 0 -1  0 -1 -1 -1 -1 -2 -2 -1 -1 -1 -1 -2 -1  1  5 -3 -2  0 0 1 0 1 0.04
 0 -1 -1 -1 -1 -1 -1 -1 -1  2  1 -1  0  0  0 -1  0 -1 -1  1 0 0 1 0 0.04
 0 -1 -1 -2 -1 -1 -1 -2 -2  0  0 -1  3 -1 -2  1  4 -2 -1  0 0 0 1 1 0.05
-2 -2  1  6 -4  0  2 -1 -1 -3 -4 -1 -3 -4 -2  0 -1 -4 -3 -3 0 0 1 1 0.05
-2 -1  6  1 -3  0  0 -1  1 -3 -4  0 -2 -3 -2  1  0 -4 -2 -3 0 0 1 1 0.05
-1 -2 -2 -3 -2 -2 -3  3 -3  0  3 -2  1  0 -3 -2 -1 -2 -2  0 0 0 1 0 0.05
-1  1  4  0 -3  1  0 -1  0 -3 -3  4 -2 -3 -1  0  0 -3 -2 -3 0 0 1 1 0.04
 0 -1  0 -1 -1 -1 -1 -1 -2  2  0 -1  0 -1 -1  3  1 -3 -2  1 0 0 1 0 0.04
-1  0  0  4 -3  5  2 -2  0 -3 -3  1 -1 -3 -1  0 -1 -3 -2 -3 0 0 1 1 0.04
 0  0  0 -1 -1  3  0 -2 -1 -1 -2  0 -1 -3 -1  1  4 -2 -2 -1 0 0 1 1 0.03
 0  0  0  1 -1  1  3 -1  0 -1 -1  0 -1 -1  0  0  0 -1 -1 -1 0 0 1 1 0.03
 0 -1 -1 -1 -1  0 -1 -1 -1  1  2 -1  1  0  0 -1  0 -1  0  0 0 0 1 1 0.02
 0 -1 -1 -1 -1  0 -1 -1 -1  1  2 -1  1  0  0 -1  0 -1  0  0 0 1 0 1 0.02
-1 -3 -3 -3 -1 -3 -3 -4 -3  4  1 -3  1  0 -3 -2 -1 -3 -1  3 0 1 0 0 0.02
 0 -2  0 -1 -3 -2 -2  6 -2 -4 -4 -2 -3 -3 -2  0 -2 -3 -3 -3 0 1 0 0 0.02
-1 -2 -1 -2 -1 -1 -2 -2 -2 -1 -1 -1 -1  3 -2  1  4 -1  1  0 0 1 0 0 0.01
-1 -3 -3 -3 -1 -3 -3 -4 -3  4  3 -3  1  0 -3 -3 -1 -2 -1  2 0 1 0 0 0.01
 0 -1  0 -1 -1 -1 -1 -1 -2 -1 -2 -1 -1 -2 -1  3  4 -3 -2 -1 0 1 0 1 0.01
-2 -2 -4 -4 -1 -2 -3 -4 -3  2  4 -3  2  0 -3 -3 -1 -2 -1  1 0 1 0 0 0.01
 0 -1  0 -1 -1 -1 -1  3 -2 -2 -2 -1 -2 -3 -1  2  3 -3 -2 -1 0 1 0 0 0.02
 0 -2  0 -1 -3 -2 -2  6 -2 -4 -4 -2 -3 -3 -2  0 -2 -3 -3 -3 0 0 1 1 0.02
-2 -2 -2 -3 -3 -2 -2 -3  2 -1 -1 -2 -1  3 -3 -2 -2  2  7 -1 0 0 1 0 0.02
-1  2  3  0 -3  1  0 -1  0 -3 -3  4 -2 -3 -1  0 -1 -3 -2 -3 0 0 1 1 0.02
 0 -2  0 -1 -2 -1 -2  5 -2 -2 -3 -1 -2 -3 -2  0  2 -3 -3 -2 0 0 1 1 0.02
 0 -1  0 -1 -1 -1 -1  3 -2 -2 -2 -1 -2 -3 -1  2  3 -3 -2 -1 0 0 1 0 0.02
-1 -2 -1 -1 -2 -1 -1 -2 -2 -2 -2 -1 -2 -3  6  0  2 -3 -3 -1 0 0 1 0 0.02
 2 -2 -1 -2 -1 -1 -1 -1 -2  0  1 -1  0 -1 -2  1  3 -2 -2  0 0 1 0 0 0.02
 0 -2 -1 -2 -1 -1 -1 -2 -2  2  0 -1  0 -1 -2  2  1 -3 -1  3 1 0 0 0 0.02
 2  3 -1 -2 -1  0 -1 -1 -1 -2 -2  0 -1 -2 -1  1  3 -3 -2 -1 1 0 0 1 0.02
 0 -1  1  5 -2  0  1 -1 -1 -3 -3 -1 -3 -3 -1  2  0 -4 -3 -3 1 0 0 0 0.02
-1 -2 -3 -4 -1 -2 -3 -4 -3  2  3 -3  2  0 -3 -2 -1 -2 -1  2 0 1 0 0 0.02
 0 -1  5  1 -2  0  0  0  0 -3 -3  0 -2 -3 -2  2  0 -4 -2 -3 0 1 0 1 0.02
-2 -3 -3 -4 -2 -3 -3 -3 -2  0  2 -3  1  5 -4 -3 -2  0  2  0 0 1 0 0 0.03
 1 -1  0 -1 -1  0  0 -1 -1 -2 -2  0 -1 -2 -1  3  3 -3 -2 -1 0 1 0 1 0.03
-2 -2  1  6 -4  0  2 -1 -1 -3 -4 -1 -3 -4 -2  0 -1 -4 -3 -3 0 0 1 0 0.03
 2 -2 -1 -2 -1 -1 -1 -1 -2  1 -1 -1  0 -2 -1  1  2 -3 -2  2 0 0 1 1 0.03
 2  0 -1 -1 -2  0 -1  3 -1 -2 -2  2 -2 -3 -1  0 -1 -3 -2 -2 0 0 1 1 0.03
 2 -2 -1 -2 -2 -2 -2  5 -2 -3 -3 -1 -2 -3 -2  0 -1 -3 -3 -2 0 0 1 1 0.03
 0 -2  0  3 -2 -1  0 -1 -2  0 -1 -1 -1 -2 -2  2  0 -3 -2  1 0 0 1 1 0.03
 2 -1 -1 -1 -2  3  0 -1 -1 -2 -2  0 -1 -3  5  0 -1 -3 -2 -2 0 0 1 1 0.02
-1  0 -1 -2 -2  0 -1  3 -1 -1  0  2  3 -2 -2 -1 -1 -2 -2 -1 0 0 1 1 0.02
-1 -2 -1 -2 -2 -1 -2 -2  0 -1 -1 -2 -1  4 -2  1  0  1  5 -1 0 0 1 1 0.02
-2 -2 -4 -4 -1 -2 -3 -4 -3  2  4 -3  2  0 -3 -3 -1 -2 -1  1 0 1 0 0 0.02
 0 -1  0  0 -2  1  3 -1 -1 -2 -2  0 -1 -3 -1  2  3 -3 -2 -1 0 1 0 0 0.02
-2 -2 -3 -4 -2 -3 -3 -4 -2  1  3 -3  1  4 -3 -3 -2  0  1  0 0 1 0 0 0.02
-1  0  3  0 -2  0  0 -1 -1 -2 -2  2 -1 -3 -1  1  3 -3 -2 -1 0 1 0 0 0.02
 0 -2  1  3 -2 -1  0  3 -1 -3 -3 -1 -2 -3 -1  2  0 -3 -3 -3 0 1 0 0 0.02
-1 -1 -1 -1 -2  3  0 -2 -1  2  0  0  0 -2 -2  0  2 -2 -2  1 0 0 1 1 0.02
 2 -1  0  3 -1  0  0 -1 -1 -2 -3 -1 -2 -3 -1  2  0 -3 -2 -2 0 0 1 1 0.02
 0 -2  0 -1 -3 -2 -2  6 -2 -4 -4 -2 -3 -3 -2  0 -2 -3 -3 -3 0 0 1 1 0.02
-2 -1  6  1 -3  0  0 -1  1 -3 -4  0 -2 -3 -2  1  0 -4 -2 -3 0 0 1 1 0.02
 2 -1  4  3 -2  0  0 -1 -1 -3 -3 -1 -2 -3 -2  1  0 -4 -2 -2 0 0 1 1 0.01
-1 -1 -1 -2 -2 -1 -1 -2  5  0  1 -1  0 -1 -2  0  2 -2  0 -1 0 0 1 0 0.01
-1 -1 -2 -2 -2  3  0 -3 -1  1  3 -1  1 -1 -2 -1 -1 -2 -1  0 0 1 0 1 0.01
 1 -2 -2 -3 -2 -2 -2 -2  0 -1 -1 -2 -1  4 -2 -1 -1  1  4 -1 0 1 0 0 0.01
 0 -1 -1  0 -2  0  2 -2 -1  0 -1 -1 -1 -2 -2  0  3 -3 -2  2 0 1 0 0 0.01
 2 -1  3  0 -1 -1 -1 -1 -1 -2 -2 -1 -1 -3 -1  1  3 -3 -2 -1 0 1 0 0 0.01
 2  0 -1 -2 -2  0 -1 -1 -1 -1 -1  2 -1  3 -2  0 -1 -1  1 -1 0 1 0 0 0.01
-1 -3 -3 -3 -1 -3 -3 -4 -3  4  1 -3  1  0 -3 -2 -1 -3 -1  3 0 1 0 0 0.01
-2 -2  3 -1 -2 -1 -2 -2  0  2  0 -2  0  1 -3 -1 -1  0  4  1 0 1 0 0 0.01
 0 -1  0 -1 -2 -1 -1  5 -1 -2 -2 -1 -2 -2 -1  0 -1 -2 -2 -2 0 1 0 0 0.02
 0  1  0 -1 -2  0  0  3 -1 -2 -2  2 -1 -2 -1  0 -1 -2 -1 -2 0 1 0 1 0.02
-1 -1  1  5 -2  0  1 -1 -1 -2 -2  0 -2 -2 -1  0 -1 -2 -2 -2 0 0 1 0 0.03
 0  0  3  0 -1  0  0  0  0 -2 -2  0 -1 -2 -1  2  1 -2 -1 -1 0 0 1 1 0.03
 2  3 -1 -1 -1  0  0 -1 -1 -1 -1  1 -1 -2 -1  0  0 -2 -1 -1 0 0 1 1 0.03
-1 -1  0  3 -2  0  0 -1 -1  0  0 -1  3 -1 -1  0 -1 -2 -1 -1 0 0 1 1 0.03
-1 -1 -2 -2 -1 -1 -2 -2 -1  0  2 -2  1  4 -2 -1 -1  0  1  0 0 0 1 1 0.03
 0 -1  1  4 -1  0  1 -1 -1 -2 -2  0 -1 -2 -1  2  0 -2 -1 -2 0 1 0 1 0.03
 0 -1 -1 -1 -1 -1 -1 -1 -1  2  1 -1  0  0  0 -1  0 -1 -1  1 0 1 0 0 0.03
 2 -1  0 -1 -1  0  0  0 -1 -1 -1  0 -1 -2  0  2  1 -2 -1 -1 0 0 1 0 0.03
-1 -1 -1 -1 -1 -1 -1 -2 -2  2  0 -1  0 -1  5 -1 -1 -2 -1  1 0 0 1 0 0.03
 0  2  0  0 -2  1  1 -1 -1 -2 -2  4 -1 -2  0  0  0 -2 -1 -2 0 1 0 1 0.03
-1 -3 -3 -3 -1 -2 -3 -3 -3  2  2 -2  1  0 -3 -2  0 -3 -1  3 0 1 0 0 0.03
-2 -1  6  1 -3  0  0 -1  1 -3 -4  0 -2 -3 -2  1  0 -4 -2 -3 0 0 1 0 0.03
 0 -2  0 -1 -3 -2 -2  6 -2 -4 -4 -2 -3 -3 -2  0 -2 -3 -3 -3 0 0 1 1 0.03
 2 -1 -1  0 -2  0  3  3 -1 -3 -3  0 -2 -3 -1  0 -1 -3 -2 -2 0 1 0 1 0.03
-1 -1  3  0 -3 -1 -1 -2  0 -2 -2 -1 -2  0  4  0 -1  0  4 -2 0 0 1 1 0.04
 2 -2 -3 -3 -1 -2 -2 -2 -3  2  2 -2  1  0 -2 -1 -1 -2 -1  1 0 0 1 1 0.04
 2 -1 -1 -2 -1 -1 -1 -1 -2  0  0 -1  2 -1 -1  2  0 -2 -2  1 0 0 1 1 0.04
 0 -2 -1 -1 -3 -2 -2  6 -2 -4 -4 -2 -3 -3 -2  0 -2 -3 -3 -3 0 0 1 1 0.04
 0 -1  1  4 -2  0  1 -1 -1 -2 -3 -1 -2 -3 -1  2  2 -3 -2 -2 0 0 1 1 0.04
 1 -1  0  4 -2  3  1 -1 -1 -3 -3  0 -2 -3 -1  0 -1 -3 -2 -2 0 0 1 1 0.05
 2 -1 -1 -2 -1  3  0 -2 -1  1  0  0  0 -2 -2  0  0 -3 -2  2 0 0 1 0 0.05
-1 -1  4  0 -2 -1 -1 -1 -1  1 -1 -1 -1 -2 -2  0  0 -3 -2  2 0 1 0 1 0.05
-2 -2 -4 -4 -1 -2 -3 -4 -3  2  4 -3  2  0 -3 -3 -1 -2 -1  1 0 0 1 0 0.05
 3 -1 -1 -1 -1 -1 -1 -1 -2 -2 -2 -1 -2 -3  4  2  0 -3 -2 -1 0 0 1 1 0.04
 2 -1 -1  0 -1  0  2 -1 -1 -2 -2  0 -1 -3 -1  1  3 -3 -2 -1 0 0 1 1 0.04
 0 -2 -1 -1 -3 -2 -2  6 -2 -4 -4 -2 -3 -3 -2  0 -2 -3 -3 -3 0 0 1 1 0.04
 0  0  0 -1 -1  3  0 -1 -1 -2 -2  0 -1 -3 -1  3  3 -3 -2 -1 0 1 0 1 0.03
 2  0  0 -1 -1  3  1 -1 -1 -2 -2  0 -1 -3 -1  1  2 -2 -2 -1 0 1 0 0 0.03
-1 -1  3  4 -2  0  1 -1 -1 -3 -3  0 -2 -3 -1  2  0 -4 -2 -3 0 1 0 1 0.02
-2 -3 -3 -3 -2 -3 -3 -4 -2  3  1 -3  1  4 -3 -3 -1 -1  1  2 0 1 0 0 0.02
-2 -2  0  3 -3  0  2 -2 -1 -2 -1 -1 -1  4 -2 -1 -1 -1  1 -2 0 1 0 1 0.03
-1 -2 -3 -3 -1 -2 -3 -3 -3  2  2 -2  3  0 -3 -2 -1 -2 -1  3 0 1 0 0 0.03
-1  5  0 -1 -3  1  0 -2  0 -3 -2  3 -1 -3 -2 -1 -1 -3 -2 -3 0 1 0 1 0.03
 0 -1  0 -1 -1  0 -1 -1 -1 -1 -2 -1 -1 -2 -1  3  4 -3 -2 -1 0 1 0 0 0.03
-2 -3 -4 -4 -2 -3 -3 -4 -3  3  1 -3  1  0 -3 -3 -1  7  0  2 0 1 0 1 0.04
 0 -2 -1 -1 -3 -2 -2  6 -2 -4 -4 -2 -3 -3 -2  0 -2 -3 -3 -3 0 1 0 0 0.05
 1 -1  1  0 -1  0  0  0 -1 -3 -3  0 -2 -3 -1  4  1 -3 -2 -2 0 0 1 0 0.06
-1  2  0 -1 -3  4  1 -2  0 -3 -2  3 -1 -3 -1  0 -1 -2 -2 -2 0 0 1 1 0.09
 2 -1 -1 -1 -1 -1 -1  4 -1 -2 -2 -1 -1 -2 -1  0 -1 -2 -2 -1 0 0 1 1 0.09
-1 -1  0  3 -3  0  3  4 -1 -4 -4 -1 -3 -3 -2  0 -1 -3 -3 -3 0 0 1 1 0.08
 0  1  0 -1 -1  1  0 -1 -1 -1 -1  3 -1 -2 -1  0  2 -2 -1 -1 0 0 1 1 0.08
-1 -3 -3 -3 -1 -3 -3 -4 -3  3  3 -3  2  0 -3 -3 -1 -2 -1  2 0 0 1 0 0.07
 3 -1 -1 -1 -1 -1 -1 -1 -2 -2 -2 -1 -2 -3  4  2  0 -3 -2 -1 0 0 1 1 0.09
 4 -2 -2 -2  0 -1 -1  0 -2 -1 -2 -1 -1 -2 -1  1  0 -3 -2  0 0 0 1 1 0.07
 0 -2 -1 -1 -3 -2 -2  6 -2 -4 -4 -2 -3 -3 -2  0 -2 -3 -3 -3 0 1 0 1 0.07
-1  1  0  0 -3  3  3 -2  0 -3 -3  3 -1 -3 -1  0 -1 -3 -2 -2 0 1 0 1 0.07
-2 -2 -2 -3 -3 -2 -2 -3  2 -1 -1 -2 -1  3 -3 -2 -2  2  7 -1 0 1 0 0 0.06
 0 -1  0 -1 -1 -1 -1 -2 -2 -1 -1 -1 -1 -2 -1  1  5 -3 -2  0 0 1 0 1 0.06
-1 -2  1  5 -3 -1  1  3 -1 -3 -4 -1 -3 -4 -2  0 -1 -4 -3 -3 0 1 0 0 0.06
 2 -1  5  0 -2  0 -1  0  0 -2 -3  0 -2 -3 -2  1  0 -3 -2 -2 0 1 0 1 0.10
 0 -3 -3 -3 -1 -2 -3 -3 -3  3  1 -2  1 -1 -3 -2  0 -3 -1  4 0 1 0 0 0.09
 0 -1 -1 -1 -1 -1 -1 -2 -2 -1 -2 -1 -1 -3  4  1  4 -3 -2 -1 0 1 0 0 0.06
-1 -3 -3 -3 -1 -3 -3 -4 -3  4  1 -3  1  0 -3 -2  0 -3 -1  3 0 1 0 0 0.08
 0 -1  0 -1 -1 -1 -1 -2 -2 -1 -1 -1 -1 -2 -1  1  5 -3 -2  0 0 1 0 0 0.08
-1 -2 -3 -4 -1 -2 -3 -4 -3  2  3 -2  2  0 -3 -2 -1 -2 -1  3 0 1 0 0 0.13
 2 -1  0 -1 -1  0  0  0 -1 -2 -2  0 -1 -2 -1  4  1 -3 -2 -1 0 1 0 0 0.21
-2 -1  6  1 -3  0  0 -1  1 -3 -4  0 -2 -3 -2  1  0 -4 -2 -3 0 0 1 0 0.37
-1  1  0  0 -3  6  2 -2  0 -3 -2  1 -1 -3 -1  0 -1 -2 -2 -2 0 0 1 0 0.50
