-1  1  0 -1 -4  6  1 -2  0 -3 -3  2 -1 -4 -2 -1 -1 -3 -2 -3 0 0 1 1 0.75
-2  0  2 -1 -4  7  0 -3  3 -4 -4  1 -2 -4 -3 -1 -2 -4 -2 -4 0 0 1 1 0.63
 0  0  4 -1 -3  1 -1 -2  1 -1 -3  2 -2 -2 -2  1  1 -3  0 -2 0 0 1 1 0.60
-2  0  0 -1 -4  5  0 -3  3 -3 -3  3 -2 -4  0  0 -1 -3 -2 -3 0 0 1 1 0.52
-2 -2  4 -1 -3 -1 -2 -3 -2  4 -1  0 -1  0 -3  0  0 -3 -2  0 0 0 1 1 0.46
 0 -1 -1 -2 -2  1 -1 -2  0 -1  1  1  1 -1 -1  3  2 -3 -1 -1 0 0 1 1 0.41
-2  1  1 -1 -4  1  1 -2 -1 -3 -2  6 -2 -4 -2 -1 -2 -4 -3 -3 0 0 1 1 0.37
-2 -2 -2 -4 -3 -3 -3 -4 -3  3  1  0  0  5 -4 -3 -2 -1  1  1 0 0 1 1 0.48
-1  0 -1 -2  2  4  0 -2 -1 -2 -1  2  1  0 -2  1 -1 -3 -2 -2 0 0 1 1 0.46
-2  0  5  0  2  1 -1  0 -1 -3 -3  2 -2 -3 -3 -1 -1 -3  1 -3 0 0 1 1 0.40
-3 -4 -4 -4 -3 -4 -4 -4 -2 -1 -1 -4 -1  7 -4 -1 -3  0  4 -2 0 1 0 0 0.35
-2  5 -1 -2 -3  1 -1 -1 -1 -3 -3  3 -2 -3 -1 -1 -2  3 -2 -3 0 1 0 1 0.30
 0 -3 -3 -4  2 -3 -3 -3 -4  2  0 -3  0 -2 -3 -2 -1 -3 -2  5 0 1 0 0 0.22
-2  0 -3 -3 -3 -2 -3 -4  1 -2 -2 -2 -2  2 -3 -1 -2  1  8 -2 0 1 0 1 0.22
-3 -2 -3 -4 -4 -2 -3 -4  0 -3 -2  0 -2  3 -4 -3 -3  4  8 -3 0 1 0 0 0.26
-2  6 -1 -2 -4  0 -1 -2 -1 -4 -3  3 -2 -4 -3 -2 -2 -4 -3 -3 0 0 1 1 0.39
-2  0  1  4 -3  1  3  0  0 -1 -3  0 -2 -3 -2 -1  1 -4 -3 -2 0 0 1 1 0.39
 0 -1  1 -1 -3 -1 -2  4  3 -3 -2  0 -2 -3  1  1 -1 -3 -2 -3 0 0 1 1 0.44
 1  5 -1 -2 -3  0  0  0  1 -3 -3  1 -2 -3  1  0  0 -3 -2 -2 0 0 1 1 0.47
-2 -2  2  5 -4 -1  1  2 -2 -4 -4 -1 -3 -4  0  0 -1 -4 -3 -4 0 0 1 1 0.44
-2 -1 -2  0 -4  3  1 -1  2 -4 -4  1 -3 -4  6 -1 -2 -4 -3 -3 0 0 1 1 0.43
-1 -1 -1  1 -2  1  1 -2  0  1  1 -1  0 -1 -1  0  0 -2  0  1 0 0 1 1 0.41
-4 -5 -6 -6 -4 -4 -5 -4 -4 -4 -3 -5 -3 -1 -6 -5 -4 12  1 -5 0 0 1 1 0.37
-2  2 -1 -1  1  3  1 -3 -1 -3 -1  5 -2 -3 -2 -1 -2 -4 -3 -3 0 1 0 1 0.36
-1 -1 -1 -2 -4 -3 -3  7 -3 -5 -5 -2 -4 -4 -3 -1 -3 -4 -4 -4 0 1 0 1 0.34
-2 -4 -3 -3 -4 -3 -2 -4 -4 -4 -4 -2 -4 -5  8 -2 -2 -5 -4 -4 0 1 0 1 0.20
 4 -1 -2 -2 -2 -2 -2  1 -2 -2 -2 -1 -2 -3 -2  0  2 -3 -3 -1 0 1 0 0 0.13
-1  2  0  0 -4  4  3 -2  1 -3 -3  3 -2 -4 -2  0  0 -3 -2 -2 0 1 0 1 0.09
-1 -3 -4 -4 -2 -3 -4 -4 -4  1  4 -3  1 -1 -4 -3 -2 -3 -2  3 0 1 0 0 0.07
-1 -3 -4 -4 -2 -3 -2 -4 -3  2  4 -3  1 -1 -2 -3 -2 -3 -2  1 0 1 0 1 0.05
-4 -4 -5 -6 -4 -4 -4 -4 -3 -4 -3 -4 -3  0 -5 -4 -4 12  4 -4 0 1 0 0 0.04
-2  1 -1 -2 -4  1  0 -3 -2 -4 -3  6 -2 -3 -2 -1 -2  6 -2 -3 0 1 0 1 0.03
-1 -4 -1 -2 -4 -3 -3  7 -3 -5 -5 -3 -4 -4 -3 -1 -3 -4 -4 -4 0 0 1 1 0.02
-2 -1 -1  2 -5  2  6 -3 -1 -4 -4  0 -3 -4 -2 -1 -2 -4 -2 -3 0 0 1 1 0.01
-1 -3 -1 -2 -4 -3 -3  7 -3 -5 -5 -3 -4 -4 -3 -1 -3 -4 -4 -4 0 0 1 1 0.01
 5 -2 -2 -3 -1 -2 -2 -1 -3 -2 -2 -2 -2 -3 -2  1 -1 -4 -3 -1 0 1 0 0 0.02
-1 -3 -3 -4 -1 -3 -3 -4 -3  3  3 -3  1  0 -3 -2 -1 -3 -1  3 0 1 0 0 0.02
-1 -3 -3 -3 -1 -3 -3 -3 -3  3  1 -3  1 -1 -3 -2  0 -3 -1  4 0 1 0 0 0.02
-1 -3 -3 -3  2 -3 -3 -4 -3  4  2 -3  1 -1 -3 -2 -1 -3 -2  3 0 1 0 0 0.01
-1  3  3  0 -4  3  2 -2  0 -3 -3  2 -2 -3 -2  0 -1 -3 -2 -3 0 1 0 0 0.01
-2 -2  2  5 -4  0  2 -3  1 -3 -3 -1 -3 -3 -3 -1  2 -4 -1 -1 0 0 1 1 0.02
-1 -2  2  1 -3  1  0  3  0 -4 -4  0 -3 -4  3  1 -1 -4 -3 -3 0 0 1 1 0.02
-1 -1  0  0 -3  2  3  1 -1 -3 -3  1 -2 -4 -2  1  1 -3 -3 -3 0 0 1 1 0.03
-1  0  1  4 -3  1  3  1 -1 -3 -3  1 -3 -4 -2 -1  0 -4 -3 -2 0 0 1 1 0.03
-2 -4 -4 -4 -2 -3 -4 -5 -3  5  2 -4  0 -1 -4 -3 -2 -2  3  2 0 1 0 0 0.04
-2  0 -2 -3 -3  0 -1 -3 -2  2  0  4 -1  2 -3 -2 -2 -3 -1  0 0 1 0 1 0.04
 0 -3 -3 -3 -2 -3 -3 -3 -3  2  0 -3  0 -2 -1  0  2 -4 -2  4 0 1 0 1 0.06
-1 -3 -4 -4 -2 -3 -3 -4 -4  3  0 -1  0 -2 -3 -3 -1 -4 -2  5 0 1 0 0 0.07
 0 -4 -3 -3 -4 -3 -3 -3 -4 -4 -4 -2 -4 -5  8 -2 -2 -5 -4 -4 0 1 0 1 0.10
-3  6  0 -3 -4  0 -1 -3  3 -3 -1  1 -2 -3 -3 -2 -2 -3  0 -3 1 0 0 1 0.19
-2  7 -1 -3 -4  0 -1 -3 -1 -4 -3  3 -2 -4 -3 -1  0 -4 -3 -3 1 0 0 1 0.21
-2  2 -1  2 -4  1  0 -2 -2 -4 -3  5 -2 -4 -2 -1 -2 -4 -3 -3 1 0 0 1 0.22
 4 -2 -2 -3  1 -2 -2 -1 -3  0 -1 -2 -1 -2 -2  0  0 -3 -2  1 0 1 0 0 0.22
-2  2 -1 -2 -4  0  0 -3 -2 -4 -3  6 -2 -4 -2 -1 -2 -4 -3 -3 0 1 0 1 0.15
-2 -3 -4 -4 -2 -3 -4 -4 -3  5  2 -3  1  2 -3 -2 -1 -2 -1  2 0 1 0 0 0.14
-2 -4 -4 -4 -2 -3 -4 -4 -4  5  2 -3  1 -1 -3 -3  0 -3 -2  2 0 1 0 1 0.15
-1  4 -1 -2 -3  0  0 -2 -1 -3 -3  4 -2 -3  3  0  0 -3 -2 -3 0 1 0 1 0.15
-2 -2  0  5 -3 -1  1 -2 -1 -2 -3 -1 -2 -3  4 -1 -1 -4 -3  0 0 0 1 1 0.15
-2 -2 -3 -3 -3 -2 -2 -3  1 -2 -1 -2 -2  1  2 -2 -2  4  7 -2 0 0 1 0 0.18
 0 -2  1 -1 -3  0 -1  5 -2 -4 -4 -1 -3 -4 -2  0  1 -3 -3 -3 0 0 1 1 0.20
 2 -1 -1  1 -2  0  2  1 -1 -2 -2  0 -1 -2  0  0  0 -2  1 -1 0 0 1 1 0.25
 0  1  0 -1 -3  0 -1  5 -2 -3 -3  0 -2 -3 -2  0  1 -3 -3 -2 0 0 1 1 0.34
 0  0  0  3 -3  2  3 -2  1 -3 -3  3 -2 -3  0 -1 -1 -3 -2 -2 0 0 1 1 0.47
-1  2  2  4 -3  0  1  1  1 -3 -3  0 -2 -3 -2 -1 -1 -4 -2 -2 0 0 1 1 0.59
-1 -2 -3 -3  6 -2 -3 -3 -2  0  0  0  3 -2 -3 -1 -1 -3 -2  3 0 0 1 0 0.60
-1 -3 -1  5 -3 -2  0  2 -3 -1 -1 -2  0 -3 -3 -1 -2 -4 -3  2 0 0 1 1 0.68
 3  0  0  0  0 -1 -1  0 -2 -3 -3 -1 -2 -3 -2  4  0 -4 -3 -2 0 0 1 1 0.70
 0 -1  0  1 -3  1  2  2 -1 -3 -3  1 -1 -3 -2  3  0 -3 -3 -3 0 0 1 1 0.74
 1  3  1 -2 -2 -1 -1  0 -2 -1 -2  0 -2 -3  1  2  2 -3 -2 -1 0 0 1 1 0.80
-2 -1  3  2 -3  4  0 -1  4 -3 -2  0 -2 -3 -1  1 -1 -3 -2 -3 0 0 1 1 0.84
-1 -1  1  3 -2 -1 -1 -2 -2  0  2 -2  3 -2 -1 -1  0 -3 -2  0 0 0 1 1 0.90
-1 -1 -1  2 -4  2  5  0  0 -4 -4  1 -3 -3 -2  0 -1 -3  0 -2 0 0 1 1 0.91
-2 -2  4  5 -4  0  0  2  0 -2 -4 -1 -3 -4 -3 -1 -1 -4 -3 -3 0 0 1 1 0.94
 1  1  1  0 -2 -1  0  0  0 -1 -1  0 -1 -2  0  1  2 -3 -2  0 0 0 1 0 0.96
-1  4  0 -1 -3  2  0  0  1 -3 -3  2 -2 -3  0  1 -1 -3 -2 -3 0 0 1 1 0.95
-1  1 -1  0 -4  2  4 -2 -1 -4 -3  3 -2 -4 -2 -1 -1 -3 -2 -3 0 0 1 1 0.95
 1 -1  1  2 -2  1  2 -1 -1 -2 -2  0 -2 -3 -1  1  2 -3 -2  0 1 0 0 0 0.94
 1  1  1  2 -3 -1 -1  3 -1 -2 -2  0  1 -3 -2  0 -1 -3 -3 -2 1 0 0 1 0.94
-1  1 -1  1 -4  1  5  2 -1 -4 -3  1 -2 -4 -2 -1 -1 -3 -3 -3 0 0 1 1 0.94
-1 -2 -3 -4 -1 -2 -3 -3 -3  2  2 -2  4  0 -3 -2 -1 -2 -1  3 0 0 1 1 0.94
 5 -2 -2 -2 -1 -1 -1  0 -2 -2 -2 -1 -1 -3 -1  1  0 -3 -2  0 0 0 1 1 0.94
