-1 -1 -2 -3 -1  0 -2 -3 -2  1  2 -1  5  0 -2 -1 -1 -1 -1  1 0 0 1 1 0.97
 0 -2  0 -1 -2 -2 -2  5 -2 -4 -4 -1 -3 -3 -2  0 -2 -2 -3 -3 0 0 1 1 0.98
 1 -1  1  0 -1  0  0  0 -1 -2 -2  0 -1 -2 -1  4  1 -3 -2 -2 0 0 1 1 0.98
 1 -1  1  0 -1  0  0  0 -1 -2 -2  0 -1 -2 -1  4  1 -3 -2 -2 0 0 1 0 0.98
-2  0  1 -1 -3  0  0 -2  7 -3 -3 -1 -2 -1 -2 -1 -2 -2  2 -3 0 0 1 1 0.98
-2  0  1 -1 -3  0  0 -2  7 -3 -3 -1 -2 -1 -2 -1 -2 -2  2 -3 0 0 1 1 0.98
-2  0  1 -1 -3  0  0 -2  7 -3 -3 -1 -2 -1 -2 -1 -2 -2  2 -3 0 0 1 1 0.99
-2  0  1 -1 -3  0  0 -2  7 -3 -3 -1 -2 -1 -2 -1 -2 -2  2 -3 0 0 1 1 0.99
-2  3  3  0 -3  0  0 -2  6 -3 -3  1 -2 -2 -2  0 -1 -3  0 -3 0 0 1 1 0.99
-2 -1 -1 -2 -3 -1 -1 -3  6 -2 -2 -1 -1  2 -3 -1 -2  1  6 -2 0 0 1 1 0.99
 1 -1  0 -1 -1 -1 -1  3 -1 -3 -3 -1 -2 -3 -1  3  1 -3 -2 -2 0 0 1 1 0.99
 1 -1  1  0 -1  0  0  0 -1 -3 -3  0 -2 -3 -1  4  1 -3 -2 -2 0 0 1 1 0.99
 0 -3  0 -1 -3 -2 -2  6 -2 -4 -4 -2 -3 -3 -2  0 -2 -3 -3 -3 0 0 1 1 0.99
 0 -2 -2 -2 -1 -2 -2 -2 -2  2  2 -2  1  0 -2  1  0 -2 -1  1 0 0 1 1 0.99
 0 -1  0 -1 -1 -1 -1 -1 -2  0 -1 -1  0 -2 -1  3  2 -3 -2  2 0 0 1 1 0.99
-2 -1  6  1 -3  0 -1 -1  0 -3 -4 -1 -3 -4  4  0  0 -4 -3 -3 0 0 1 1 0.98
 0  3  0 -1 -2  2  0 -2 -1 -2 -2  1 -1 -3 -1  2  3 -3 -2 -1 0 0 1 1 0.98
 0 -2 -1 -2 -2 -2 -2  5 -2 -2 -1 -2  2 -2 -3 -1 -2 -2 -3 -2 0 0 1 1 0.97
 1 -1  3  0 -1  0 -1 -1 -1 -2 -2 -1 -2 -3 -1  3  1 -3 -2  0 0 0 1 1 0.93
 1  0  3  0 -2  2  0 -1  3 -1 -1  0  1 -2 -2  0  0 -2 -1  0 0 0 1 1 0.87
 0 -2  0 -2 -2 -1 -2  0 -2  1  1 -1  5 -1 -2  1  1 -2 -2  0 0 0 1 1 0.87
 0 -1  4  1 -2  2  0  1  0 -3 -3  0 -2 -3 -2  2  0 -3 -2 -3 0 0 1 1 0.82
 1  1  1 -1 -2  3  0  0  2 -3 -3  0 -1 -3 -2  2  0 -3 -1 -2 0 0 1 1 0.78
-2 -1  3  5 -4  2  1  1 -1 -4 -4 -1 -3 -4 -2  0 -1 -4 -3 -3 0 0 1 1 0.77
-2  0 -2 -2 -4  3 -1 -3  3 -1 -3 -1 -2 -4  6 -1 -2 -4 -2 -2 0 0 1 0 0.67
 1 -1  0 -1 -1 -1 -1 -1 -1 -1 -2 -1 -1 -2  1  3  4 -2 -2 -1 0 0 1 1 0.56
 0  0  0 -1 -3  5  2  0  1 -3 -3  0 -1 -3 -2  1 -1 -2 -2 -2 0 0 1 1 0.48
 0 -1 -2 -2 -2  0 -1 -2 -2  3  0  1  0 -2  3 -1 -1 -3 -2  1 0 0 1 0 0.41
 1 -2 -2 -3 -1 -2 -2 -2 -3  3  2 -2  1 -1 -2 -1  1 -2 -2  2 0 0 1 1 0.31
-1  0 -1  1 -4  4  5 -3 -1 -4 -3  1 -2 -4 -2 -1 -1 -3 -3 -3 0 0 1 1 0.20
-1 -2  0  0 -2 -1 -1 -2 -2  0  0 -1 -1 -3  5  1  3 -3 -3 -1 1 0 0 0 0.13
-3 -4 -4 -5 -3 -4 -4 -4 -2 -1  0 -4 -1  8 -5 -3 -3  0  4 -2 0 0 1 1 0.09
-1 -3 -4 -4 -2 -3 -3 -4 -4  2  3 -3  1 -1 -3 -2  0 -3 -2  3 1 0 0 0 0.04
-2  1 -1 -2 -4  1  0 -2 -2 -4 -3  6 -2 -4 -2 -1 -2 -4 -3 -3 1 0 0 1 0.03
-1  3  1  0 -3  0  0  0  2 -3 -3  4 -2 -3 -2 -1  0 -4 -2 -3 0 0 1 1 0.03
-2 -3 -4 -4 -2 -3 -4 -4 -3  4  3 -3  1  2 -3 -3 -1 -2 -1  2 0 0 1 0 0.02
-2 -3 -4 -4 -2 -3 -4 -4 -4  1  4 -3  1  1 -4 -3 -2 -2 -1  2 0 0 1 0 0.02
 3 -1 -1 -2 -1 -1 -1 -1 -2 -2 -1  0 -1 -3 -1  2  2 -3 -2 -1 0 0 1 1 0.02
-1 -1  0 -2 -3 -1 -1 -2  8 -3 -3 -1 -2  0 -2  3  0 -3  0 -3 0 0 1 0 0.02
-2 -3 -4 -4 -2 -3 -3 -4 -3  1  5 -3  1  0 -3 -2  1 -2 -2  0 0 0 1 0 0.02
-2 -3  0  7 -4 -1  1 -2 -2 -3 -4 -2 -3 -4 -3 -1 -2 -5 -4  0 1 0 0 1 0.03
 0 -1  0  2 -2  1  3 -2 -1  0  0 -1 -1 -2 -2  0  1 -3 -2 -1 1 0 0 1 0.03
 0 -1  3 -1  3  3  0 -2 -1 -2 -1  0 -1 -3  1  0  2 -3 -2 -1 1 0 0 1 0.04
-2 -2  1  4 -3 -1  1 -2 -1 -2 -2 -1 -2  2 -2 -1  1 -1  3 -2 1 0 0 1 0.05
 0 -1  1 -1 -2  1  1 -2 -1  0 -1 -1 -1 -2  4  0  1 -3 -2  0 1 0 0 1 0.05
 0  0  1  1 -2  3  0  0 -1 -2 -2  0 -1 -2 -1  2  1 -2 -2 -2 1 0 0 1 0.07
 0  1  1 -1 -2  0  0 -1 -1 -2 -1  2 -1  1  4 -1 -1 -1 -1 -2 1 0 0 1 0.07
-1 -1  0 -1 -1 -1 -1 -1 -1  0  2 -1  0 -1  3  0  1 -1 -1  0 1 0 0 1 0.07
 0  1  1  0 -1  1  0  0 -1 -1  0  0  0 -1 -1  2  0 -2 -1 -1 0 0 1 1 0.07
-1  0  1 -1 -2  5  1 -1  0 -1  0  1  0 -2 -1  0 -1 -2 -1 -1 0 0 1 1 0.06
 0 -1 -1 -1 -1  1 -1 -1 -1 -1  0 -1  0  3  2  0 -1 -1  0 -1 0 0 1 1 0.06
 0 -1  1 -1 -2 -1 -1 -1  0 -1  0 -1  0  4 -1 -1 -1  0  3 -1 0 0 1 1 0.05
 1  0  1 -1 -2  2  0 -1 -1 -2 -2  1 -1 -2  4  0  0 -2 -2 -1 0 0 1 1 0.04
 0 -1  3  1 -2  0  0 -1 -1 -1  1  1  0 -1 -1  0 -1 -2 -1 -1 0 0 1 1 0.03
-1 -3 -3 -3 -2 -2 -3 -3 -3  2  3 -3  1  2  1 -2 -1 -2 -1  3 1 0 0 1 0.03
-2 -1  3  3 -3  3  3 -2  0 -3 -3  0 -2 -3 -2  0 -1 -3 -2 -3 1 0 0 1 0.02
 1 -1  0  2 -2  1  1  0 -1 -2 -2  0 -2 -2  1  2  0  3 -2 -1 1 0 0 0 0.02
-2 -2 -2 -3 -3 -2 -3 -4  4 -2 -1 -3 -1  5 -4 -1 -2  0  5 -2 1 0 0 0 0.02
 2  1 -2 -2 -2  1 -1 -2 -2 -1  2  1  0 -2 -2  0 -1 -3 -2  0 1 0 0 0 0.02
 1 -1  1 -1 -2  3  0 -1 -1 -2 -2  0 -1 -3 -1  2  3 -3 -2 -1 1 0 0 0 0.02
-1  1  1 -1 -2  3  0 -2 -1  0  1  0  1  0 -2  0 -1 -2  0 -1 1 0 0 1 0.02
-2 -3 -3 -3 -2 -3 -3 -3 -2  1  2 -3  0  6 -3 -2 -2  0  1  0 1 0 0 0 0.03
 0 -1  2 -1 -2  0 -1  2 -1 -2  0  0 -1 -2  2  0 -1 -2 -2 -1 0 0 1 0 0.03
-1  1  0 -1 -2  2  0 -1 -1 -2 -1  1 -1 -3  5  1 -1 -3 -2 -2 0 0 1 1 0.03
-1 -1  4  0 -2  3  0  0  0 -2 -2  0 -1  2  0  1  0 -2 -1 -2 0 0 1 1 0.04
-1 -1 -1 -2 -1  0 -1 -1 -2  1  3  0  1  0 -1  0 -1 -1 -1  0 0 0 1 0 0.04
-1  2  0 -1 -2  2  0 -1 -1 -2 -2  3 -1 -2  2  0  0 -2 -1 -2 0 0 1 1 0.03
 1  2 -1 -1 -2  0 -1  1  1 -2 -2  0 -1 -2  4  0  1 -2 -2 -2 0 0 1 1 0.02
 0 -1  3  3 -3  2  1  1 -1 -2 -3  0 -2 -3  1  1  0 -3 -2 -1 0 0 1 1 0.02
 1 -3 -2 -2  8 -2 -2 -1 -3 -2 -2 -2 -2 -3 -2  2  2 -3 -3 -2 0 0 1 0 0.02
 3  2 -1 -2 -2  0 -1  0 -2 -3 -3  4 -2 -3 -2  0 -1 -3 -2 -2 0 1 0 0 0.01
-2 -4 -4 -4 -2 -4 -4 -5 -4  5  1 -3  0 -1 -4 -3 -1 -4 -2  3 0 1 0 0 0.01
-1 -4 -4 -4 -2 -3 -4 -4 -4  5  1 -3  0 -1 -3 -3 -1 -4 -2  4 0 1 0 0 0.01
-2 -3 -4 -4 -2 -3 -3 -4 -3  2  1 -3  2  3 -3 -3 -1  5  1  3 0 1 0 0 0.01
-3 -1  7  1 -4 -1 -1 -1  0 -4 -5 -1 -3 -4 -3  0 -1 -5 -3 -4 0 1 0 0 0.01
 2 -2 -1 -2 -2 -2 -2  5 -2 -3 -3 -2 -3 -3 -2  1  0 -3 -3 -2 0 0 1 0 0.01
 0 -1  1 -1 -2  3  0 -2 -1 -2 -2  1  0 -3 -2  1  4 -3 -2 -1 0 0 1 1 0.01
-1 -3 -3 -3 -4 -2 -2 -3 -3 -4 -4 -2 -4 -5  8 -2 -2 -5 -4 -3 0 0 1 0 0.01
-2 -3 -4 -4 -2 -3 -4 -4 -2  3  1 -3  0  5 -4 -3 -2  0  3  1 0 0 1 0 0.02
 3 -2 -2 -2 -1 -1 -1  0 -2  2  0 -1  0 -1 -1  0  0 -2 -1  1 0 0 1 1 0.02
 0 -1 -1 -1 -2  3  0  1 -1 -2 -2  0 -1 -2  4  0 -1 -2 -2 -2 0 0 1 1 0.03
 1  2  0  0 -1  1  0  0  0 -1 -1  0 -1 -1  0  1  1 -1 -1 -1 0 0 1 1 0.04
 0  0  0  2 -1  1  0  0 -1 -1 -1  0 -1 -1  3  0  0 -1 -1 -1 0 0 1 1 0.05
 1  0  1  0 -1  1  0  0  0 -1 -1  0  0 -1  0  1  0 -1 -1  0 0 0 1 1 0.05
 0  0  2  1 -1  0  2  0  0 -1 -1  0 -1 -1  0  0  0 -1 -1 -1 0 0 1 1 0.05
-1 -1  2  3 -1  0  0  2 -1 -2 -2  0 -1 -2 -1  0  0 -1 -1 -1 0 0 1 1 0.04
 2 -1  0  1  1  0  0  0 -1 -1 -1  0 -1 -1  0  2  0 -1 -1 -1 0 0 1 0 0.03
-1  2 -1 -1 -2  0  0 -2 -1 -2 -2  3 -2 -3  5  0 -1 -3 -2 -2 1 0 0 1 0.03
 0 -1 -1 -2 -1  0 -1 -2 -2  0  2 -1  3 -1 -2  0  2 -2 -1  0 1 0 0 1 0.02
 0 -1 -1 -1 -2  3  2 -2 -1  0  0  0  0  0 -1  0  0 -2 -1  0 1 0 0 1 0.02
-3 -4 -4 -5 -3 -4 -4 -4 -2 -1  0 -4 -1  8 -5 -3 -3  0  2 -2 1 0 0 0 0.01
-2 -1 -2 -2 -3  5  0 -4 -2  0  3 -1  1 -1 -3 -2 -2 -3 -2 -1 1 0 0 0 0.01
-1  0  0  1 -3  4  1  1 -1 -3 -3  3 -2 -4 -2  0  1 -3 -2 -3 1 0 0 1 0.01
 0 -1  0 -2 -2  0 -1 -2 -2  2  0  2  3 -2 -2 -1  1  3 -2  0 1 0 0 0 0.01
-4 -4 -5 -5 -4  0 -4 -4 -3 -4 -3 -4 -3  0 -5 -4 -4 12  4 -4 1 0 0 0 0.01
 1 -1 -2 -2 -2  4 -1 -2 -2  0  2 -1  0  0 -2 -1  0 -2 -1 -1 1 0 0 0 0.01
 0  0 -1 -1 -3  5  1 -1 -1 -2 -1  0  0 -3 -2  1  1 -3 -2 -2 0 0 1 1 0.01
 0 -2 -2 -2  1  2 -1 -3 -2  1  1 -1  3 -2 -2  0  1 -3 -2  2 0 0 1 0 0.02
-1 -3 -3 -3 -3 -2 -2 -3 -3  0 -1 -2 -1 -3  6 -2  0 -4 -3  3 0 0 1 1 0.02
 1 -1  0 -2 -2  3 -1 -2 -2  0  2 -1  0 -2 -2 -1  0 -3 -2  1 0 0 1 1 0.02
 0 -2 -1 -2 -2 -1 -1 -2 -2 -2 -2 -1 -2 -3 -2  3  5 -3 -3 -1 0 0 1 1 0.02
-1  0 -1 -1 -3  5  0 -2 -1 -3 -2  0  0  0 -2  1  2 -3 -2 -2 0 0 1 1 0.02
-3 -1 -1 -2 -4 -1 -1 -3 10 -5 -4 -2 -3 -2 -3 -2 -3 -4  1 -4 0 0 1 0 0.03
 1 -1  1  2 -2  4  0 -2 -1 -1 -2  0 -1 -3 -2  1  0 -3 -2  0 0 1 0 1 0.03
-2 -3 -4 -4 -2 -3 -4 -4 -3  2  4 -3  3  0 -4 -3 -2 -2 -2  1 0 1 0 0 0.03
-1 -2  2 -2 -2 -2 -2 -1 -2 -1  0 -2 -1  2 -2  1  4 -2 -1 -1 0 1 0 0 0.03
 2 -2  1 -1 -2 -1 -1  2 -2 -3 -3 -1 -2 -3 -2  4  0 -3 -3 -2 0 1 0 0 0.02
-2 -3 -3 -4 -2 -3 -3 -4 -1  1  2 -3  1  5 -4 -3 -2  0  4  1 0 1 0 0 0.02
-3 -3  0  7 -5 -1  1 -2 -2 -4 -5 -2 -4 -5 -3 -1 -2 -5 -4 -4 0 0 1 0 0.02
 1 -3 -3 -3  6 -2 -3 -1 -1 -2 -2 -3 -2  3 -3 -1 -2  0  5 -2 0 1 0 0 0.02
-3 -1 -1 -2 -4  1 -1 -3  9 -5 -4 -2 -3 -3 -3 -2 -3 -4  1 -4 0 1 0 0 0.02
-1 -3 -3 -4 -2 -3 -3  1 -3  2  3 -3  1 -1 -3 -2 -1 -3 -2  3 0 1 0 0 0.01
-2 -4 -4 -4 -2 -4 -4 -5 -4  6  1 -4  0 -1 -4 -3 -1 -4 -2  3 0 0 1 0 0.01
-2 -3  2 -2 -4 -2 -2 -3 -3 -4 -4 -2 -4 -5  8 -2 -2 -5 -4 -4 0 0 1 0 0.01
 0 -3 -1 -2 -3 -3 -3  6 -3 -4 -4 -2 -3 -4 -3 -1  0 -3 -4 -4 0 0 1 0 0.01
 0 -1  0 -1 -1  1 -1 -1 -2 -2 -2 -1 -1 -3 -1  3  4 -3 -2 -1 0 0 1 1 0.01
 0 -2  3 -1 -3  0 -2  6 -2 -4 -4 -2 -3 -4 -3 -1 -2 -3 -4 -4 0 0 1 0 0.01
-1 -2 -1 -2 -2 -2 -2 -2 -3  0 -1 -2 -1 -3 -2  2  5 -3 -2  1 0 1 0 0 0.01
-1 -2 -3 -3 -2 -2 -2 -3 -1  1  2 -2  2  4 -3 -2 -1  0  3  1 0 1 0 0 0.01
-1 -3 -3 -4 -2 -3 -3 -4 -3  4  2 -3  2 -1 -3 -1 -1 -3 -2  3 0 1 0 0 0.01
-2 -4 -4 -4  7 -4 -4 -4 -4  4  0 -4  0  0 -4 -2 -1 -3 -2  2 0 1 0 0 0.01
-2 -1  6  1 -3  2 -1 -2  1 -3 -2 -1 -2 -3 -3  0 -1 -4 -3 -3 0 1 0 0 0.01
 2 -3 -3 -3 -1 -2 -2 -2 -3  2  0 -2  0  2 -2 -1 -1 -2 -1  3 0 1 0 0 0.01
 0  0  4  0  1 -1 -1  1 -1 -3 -3 -1 -2 -3 -2  2  2 -4 -2 -2 0 1 0 0 0.01
 1 -3 -2 -3  7 -2 -3  3 -3 -1 -1 -2 -2 -3 -3  0 -1 -3 -3  0 0 1 0 0 0.01
-2  4 -1 -2 -4  1  0 -3 -1 -4 -3  6 -2 -4 -2 -1 -2 -4 -3 -3 0 1 0 1 0.01
-1 -3 -4 -4 -2 -3 -3 -4 -4  3  0 -3  0 -2 -3 -3 -1 -4 -2  5 0 1 0 0 0.02
-2  6 -1 -2 -4  0 -1 -3 -1 -4 -3  3 -2 -4 -3 -2 -2 -4 -3 -3 0 1 0 1 0.02
-3 -4 -4 -5 -3 -4 -4 -4 -2 -1  0 -4  3  7 -5 -3 -3  0  2 -2 0 1 0 0 0.03
-3 -2  3  7 -4 -1  1 -2 -2 -4 -5 -2 -4 -4 -2 -1 -2 -5 -4 -4 0 0 1 1 0.04
-2 -1 -1  1 -5  3  6 -3 -1 -4 -4  0 -3 -4 -2 -1 -2 -4 -3 -3 0 0 1 1 0.06
 0  2  0 -1 -2 -1 -1  0 -2 -3 -3 -1 -2 -3 -2  5  1 -4 -3 -2 0 0 1 1 0.09
-1 -3 -1 -2 -4 -3 -3  7 -3 -5 -5 -2 -4 -4 -3 -1 -3 -4 -4 -4 0 0 1 1 0.10
-2  6  0 -2 -4  0 -1 -3 -1 -3 -3  3 -2 -4 -3 -1 -2 -4 -2 -1 0 0 1 1 0.10
-2 -2  4  5 -4 -1  0 -2 -1 -4 -4 -1 -3 -4 -2  1 -1 -5 -3 -4 0 0 1 1 0.12
-2  5 -1 -2 -4  0  0 -3 -1 -4 -3  4 -2 -4  2 -1 -2 -4 -3 -3 0 0 1 1 0.12
 0 -1 -1 -3 -2 -1 -2 -3  3  0  3 -2  4 -1 -3 -1 -1 -2 -1  0 0 0 1 1 0.12
-1 -3  0  0 -3 -2 -3  6 -2 -5 -4 -2 -3 -3 -3 -1 -2 -3 -1 -4 0 0 1 1 0.12
-2 -1  0  0 -4  4  4 -1 -1 -3 -1  0 -1  2 -2 -1 -2 -2 -1 -3 0 0 1 1 0.16
-1 -2  0  5 -3 -1  0 -2 -2 -3 -4 -1 -3 -4 -2  3  2 -4 -3 -3 0 0 1 1 0.20
 4 -2 -2 -2  2 -2 -2 -1 -2 -2 -2 -2 -2  2 -2  2 -1 -3 -1 -1 0 0 1 0 0.25
 0 -2  0  4 -2 -1  0 -2 -2  0 -1 -1 -1 -2 -2  1  2 -3 -2  1 0 1 0 1 0.30
-2 -3 -4 -4 -2 -3 -3 -4 -3  3  3 -3  3  0 -3 -3 -1 -3 -2  2 0 1 0 0 0.26
-1 -1 -1 -2 -2  1 -1 -3 -2  2  0 -1  0  0  3 -1  0 -3 -2  2 0 0 1 0 0.27
 0  1  1  0 -3  2  0 -2  3 -2 -2  0  0 -3  3  0  0 -3 -2 -2 0 0 1 1 0.25
-1 -1  2  2 -3  1  0  0 -1 -2 -3 -1 -2 -3  4  0  1 -3 -3 -1 0 0 1 1 0.31
 0 -1  3  2 -2  1  0 -1 -1 -2 -3  0 -2 -3  3  1  1 -3 -2 -2 0 0 1 1 0.43
 0  1  2  0 -2  2  2  1 -1 -1 -2  0 -1 -3  0  1  1 -3 -2 -1 0 0 1 1 0.50
 0  1  1  0 -2  1 -1  0 -1  0 -1  0  0 -2  2  1  2 -3 -2 -1 0 0 1 1 0.50
 1  0  0  0 -2  1  0  1 -1  0 -2  0 -1 -2  2  0  1 -3 -2  0 0 0 1 1 0.41
 0  1  0 -1 -2  2 -1  0 -1 -1  0  1 -1 -2  3  0  1 -3 -2  0 0 0 1 1 0.45
 0  0  2 -1 -2 -1 -1  0 -1 -2 -2  0 -2 -3  4  2  1 -3 -2 -2 0 0 1 1 0.46
 1  2  2  0 -2  0  0 -1 -1 -2 -2  1  0 -2 -1  2  0 -2 -2 -2 0 0 1 1 0.47
 2  0  2 -1 -1 -1 -1  1 -1 -1 -2 -1 -1 -2  2  0  1 -2 -2  0 0 0 1 1 0.56
 0  3  3  0 -2  0  0  1 -1 -2 -2  1 -2 -2 -1  2  0 -2 -2 -2 0 0 1 1 0.58
 0  1  1 -1 -2  3  0  1  1 -2 -2  0 -1 -3  0  0  1 -2 -2  0 0 0 1 1 0.40
-2  6 -1 -2 -4  0 -1 -3 -1 -3 -3  2 -2 -3 -3 -1  1 -3 -2 -3 0 0 1 0 0.18
 0 -1  0 -2 -3 -1 -1 -2 -2 -3 -3 -1 -3 -4  7  2 -1 -4 -3 -3 0 0 1 0 0.10
-1 -2 -3 -3 -2  0 -2 -4 -3  3  3 -2  1  1 -3 -2 -1 -2 -1  3 0 0 1 0 0.07
-3 -3 -4 -4 -3 -2 -3 -3 -2 -3 -2 -3 -2  1 -4 -3 -3 11  3 -3 0 0 1 0 0.04
 0 -2 -1 -2 -3 -2 -2  6 -2 -3 -3 -2 -3 -3 -2  1 -1 -3 -3 -3 0 0 1 0 0.02
 0 -1 -1 -1 -2 -1 -1 -1 -2 -2 -2 -1 -2 -3  4  3  2 -3 -2 -2 0 0 1 0 0.02
-2 -2 -1 -3 -3 -2 -3 -3  0 -2 -2 -3 -2  2 -3 -2 -2  9  6 -2 0 0 1 0 0.01
-2 -3 -3 -3 -3 -3 -3 -3  2 -1 -1 -3 -1  7 -3 -2 -2  0  4 -2 0 1 0 0 0.01
 0 -3 -1 -2 -3 -2 -2  6 -2 -4 -4 -2 -3 -3 -2 -1 -2 -3 -3 -3 0 1 0 0 0.01
-1 -2 -3 -3 -1 -2 -3 -3 -3  2  2 -2  1  2 -2 -2 -1 -2 -1  4 0 1 0 0 0.01
 0 -1  3  1 -2 -1 -1 -1 -1 -3 -3 -1 -2 -2 -1  4  1 -2  0 -2 0 1 0 0 0.01
-1 -2 -3 -3 -2 -2 -3  0 -3  2  3 -2  2  0 -2 -2 -1 -2 -1  1 0 1 0 0 0.01
-1  0  3 -1 -3  5  0 -2  2 -1 -2  0 -1 -2 -2  0  0 -2  1 -2 0 1 0 0 0.01
-1 -2 -3 -3 -2 -2 -3 -3 -3  1  4 -2  3  0 -3 -2 -1 -2 -1  1 0 1 0 0 0.01
-1 -3 -3 -3  1 -2 -3 -3 -3  4  0 -2  0 -1 -2 -2 -1 -3 -2  4 0 1 0 0 0.01
 0 -2 -3 -3 -1 -2 -2 -3 -3  3  1 -2  1 -1 -2 -1  0 -2 -1  3 0 1 0 0 0.01
-2 -2  0  6 -4 -1  2 -2 -2 -3 -4 -1 -3 -4 -2 -1 -2 -4 -3 -3 0 1 0 0 0.01
-1 -1  0  4 -3  1  5 -2 -1 -3 -3  0 -2 -3 -1  0 -1 -3 -3 -3 1 0 0 1 0.01
 0  4  2 -1 -2  1  0 -2 -1 -2 -2  1 -2 -3 -2  1  1 -3 -2 -2 1 0 0 1 0.01
 0 -2 -3 -3 -1 -2 -2 -3 -3  4  1 -2  1  0 -2 -2 -1 -2 -1  3 1 0 0 0 0.01
-2 -2  2 -2 -2 -2 -2 -2 -1  1  2 -2  1  4 -3 -2 -1 -1  1  0 1 0 0 0 0.02
-1  3  3  1 -2  1  0  0  2 -2 -2  1 -2  0 -2  0  0 -2 -1 -2 0 0 1 1 0.02
-1 -1  5  2 -3  0  1  1  0 -3 -3  0 -2 -3 -2  0 -1 -3 -2 -3 0 0 1 1 0.01
 0 -2  4  0  2  0 -1  2 -1 -1 -3 -1 -2 -3  2  1 -1 -4 -3 -2 0 0 1 1 0.01
 0 -1 -1  0 -4  2  4  4 -1 -4 -4 -1 -3 -4 -2 -1 -2 -3 -3 -3 0 0 1 1 0.01
 0 -3 -3 -4  4 -3 -3 -3 -2  2  0 -3  0  1 -3 -2  0 -2  2  3 0 1 0 0 0.01
-2 -4 -4 -4 -2 -4 -4 -5 -4  6  2 -4  1 -1 -4 -3 -1 -3 -2  2 0 1 0 0 0.01
 0 -2  3 -1 -2 -1 -1  0 -1 -1 -1 -1 -1 -3 -2  3  1 -4 -2  0 0 1 0 0 0.01
 2 -2  1 -1  3 -1 -1  1 -2 -3 -3 -1 -2 -3 -2  4  1 -3 -3 -2 0 0 1 0 0.01
-3 -3 -4 -4 -3 -3 -4 -4 -2  0  1 -3  2  6 -4 -3 -2  0  3 -1 0 0 1 0 0.01
-2 -1  6  3 -3 -1 -1 -1 -1 -4 -4 -1 -3 -4 -3  1 -1 -5 -3 -4 0 0 1 1 0.01
-3 -3 -3 -4 -4 -3 -3 -4  1 -3 -2 -3 -2  2 -4 -3 -3  4  8 -2 0 1 0 0 0.01
-2  5  4 -1 -4  0 -1 -2 -1 -3 -3  1 -2 -4 -3 -1  1 -4 -3 -3 0 1 0 1 0.01
-2 -3 -3 -4 -2 -3 -3 -4 -3  3  1 -3  4  4 -3 -2 -1 -2  0  1 0 1 0 0 0.01
-1 -3 -2 -3 -2 -2 -2 -3 -3  1  0 -2  0 -2 -3 -1  4 -3 -2  4 0 1 0 0 0.02
-3 -2 -2 -3 -4 -2  0 -4  4 -2 -2 -2 -2  3 -4 -2 -3  1  7 -2 0 1 0 0 0.03
-1  3 -1 -2 -3  1  0 -3 -1  1 -2  4 -1 -3 -2 -1 -1 -3 -2  0 0 0 1 1 0.04
-2 -3 -3 -3 -4 -2 -2 -3 -3 -4 -4 -2 -4 -5  8 -2 -2 -5 -4 -4 0 0 1 0 0.07
-2 -1  1  4 -4  1  4 -2 -1 -4 -4  1 -3 -4 -2  0 -1 -4 -3 -3 0 0 1 1 0.09
-3 -2  0  7 -4 -1  1 -2 -2 -4 -5  1 -4 -5 -2 -1 -2 -5 -4 -4 0 0 1 1 0.15
 0 -2  0 -1 -2 -1 -1 -1 -2 -3 -3 -1 -2 -3 -2  5  2 -4 -3 -2 0 0 1 0 0.16
-1 -2 -3 -3 -2  1 -2 -4 -3  2  3 -2  1 -1 -3 -2  0 -3 -2  2 0 1 0 0 0.27
-2 -3 -4 -4 -2 -2 -3 -4 -3  4  2 -3  4  1 -3 -3 -1 -2 -1  3 0 1 0 0 0.31
-1  2  1  0 -3  2  2 -2  2 -1 -2  3 -1 -3 -2  1 -1 -3 -2 -1 0 1 0 1 0.41
-2 -3 -4 -4 -2 -3 -4 -4 -4  5  2 -3  1 -1 -3 -3 -1 -3 -2  3 0 0 1 1 0.39
