 4 -2 -1 -2 -1 -1 -1 -1 -2 -2 -2 -1 -2 -3 -1  3  2 -3 -2 -1 0 0 1 1 0.92
 2 -3 -2 -2 -3 -2 -2 -2 -3 -3 -3 -2 -3 -4  7  1 -1 -4 -3 -3 0 0 1 1 0.87
-1 -1 -2  0 -4  3 -1 -3 -2 -4 -4  1 -3 -4  7  0 -2 -4 -3 -3 0 0 1 1 0.83
-1 -3  3 -2 -4  0 -2 -3 -3 -2 -4 -2 -3 -4  6  0  0  5 -3 -3 0 0 1 1 0.81
 1  0  0  0 -2  1  1  1 -1  0 -1  0 -1 -2 -2  1 -1 -3  0  0 0 0 1 1 0.78
 0 -3  0  2 -4  2  0 -3 -3 -4 -3 -2 -3 -5  6  1 -2 -5 -4 -3 0 0 1 0 0.72
 1  1  0 -2 -2  1  0  1  1 -1 -2  1 -1 -3 -2  1  0  3 -2 -1 0 0 1 1 0.65
 0  0  2  0  0  0  1  0 -2 -1 -2  0 -2 -3  0  1  2 -3 -1 -1 0 0 1 1 0.58
 2 -2  0  2 -3  1 -1 -2 -2 -2 -2  0 -1 -3  5 -1 -1 -4  0 -2 0 0 1 1 0.46
 3 -1  0  2 -1  1  0 -2  1 -3 -2  1 -2 -4 -1  2  0 -4 -3 -2 0 0 1 1 0.30
 2 -1  0 -2 -3  1  2  3 -2 -2 -3  2 -3 -4 -2  0 -1 -4 -3 -3 0 0 1 1 0.19
 0 -4 -1 -3 -4 -3 -2 -2 -2 -4 -4 -1 -4 -5  7 -1  1 -5 -5 -2 0 0 1 1 0.12
-3 -2 -4 -4 -3 -2 -2 -5 -4  3  4 -4  2  1 -1 -2 -3 -3 -1  1 0 1 0 0 0.09
 0 -1  0 -3 -1  0 -2 -3  1  1  0 -1  2 -2 -3  0  3 -4 -2  2 0 1 0 0 0.08
-3 -2 -5 -5 -3 -4 -4 -6 -5  5  4 -4 -1 -1 -5 -4 -2 -4 -3  1 0 1 0 0 0.07
 2  3 -1 -1 -1  2  1 -2  2 -3 -3  2 -2 -4 -3  0 -2 -4 -3 -2 0 1 0 1 0.05
 0  2  0  3 -4  1  3 -1  0 -4 -4  2 -3 -5 -2  1  0 -5 -4 -4 0 1 0 1 0.04
-2  2 -3 -3 -2  6  0 -2  0  0 -2 -1  3  0 -4 -1 -1 -4 -2 -2 0 1 0 0 0.03
-3  0 -3  1 -5 -2 -3  7 -4 -6 -6 -2 -5 -6 -5 -1 -4 -5 -5 -5 0 1 0 0 0.02
 0 -3  1 -2 -1 -3 -3 -1  1 -2 -4 -3  0 -1 -4  5  0 -4  3 -1 0 1 0 0 0.02
-6 -6 -7 -7 -6 -7 -7 -7  0 -4 -2 -7  1  9 -7 -5 -6 -3  1 -4 0 1 0 0 0.03
 1 -4 -3 -5 -2 -4 -3 -4  2 -3 -3 -4  2  5 -5  0  0  3  6 -3 0 1 0 0 0.02
 2 -5 -5 -5 -2 -4 -4 -5 -5  3 -1 -4 -2 -2 -4 -2 -2 -5 -1  6 0 1 0 0 0.03
-2 -5 -1 -5 -6 -5 -5  7 -5 -7 -7 -3 -6 -6 -5 -3 -3 -6 -6 -6 0 0 1 0 0.02
-2 -3 -1 -4 -6 -5 -4  7 -5 -7 -5 -5 -6 -6 -5 -3 -5 -6 -6 -6 0 0 1 1 0.02
 0  3  0 -2 -2  2  2 -2 -1 -3 -3  1 -3 -4 -3  0  3 -4 -3 -2 0 1 0 1 0.03
-2 -1 -1  0 -3  0  0 -4 -1  0 -2 -1 -2 -1 -1 -1  1 -2  5  3 0 1 0 1 0.04
 1 -1 -2 -3 -3 -1 -2 -4 -4  3  0 -1 -1  0 -2 -2  0 -4 -2  4 0 1 0 0 0.05
-1  0  0  0 -3  2  1 -2  0 -3 -3  1 -2 -2 -1  1  4 -4 -3 -1 0 1 0 1 0.06
 1  0  0  1 -2  0  0  0  1  0 -1 -1 -1 -2 -1  1  1 -3 -1  0 0 1 0 0 0.09
-1 -1  0  2 -2 -1  1  2  0 -3 -3  0 -3 -3  3  1  0 -3 -1 -2 0 0 1 1 0.09
 0 -1  1 -1 -2 -1 -1  4 -2 -2 -2 -1 -2  0 -1  0  1 -2 -2 -2 0 0 1 0 0.09
 0  0  0  0 -2  0 -1  0 -1  0  0  0 -1  0  0  0  2 -2  0  0 0 0 1 0 0.10
 0 -2  1  0 -2 -1  0 -1 -1 -1 -1 -1 -1  2  3  0  0 -1  2 -1 0 0 1 0 0.12
 0  0  1  1 -1  0  0 -1 -1  0 -1  0  0 -1  1  1  1  1 -1  0 0 0 1 1 0.13
 0 -1  1 -1 -1  0  0  0 -1 -1 -1  1 -1 -2  4  0  0 -2 -1 -1 0 0 1 1 0.13
 0  1  1  0 -2  0  0 -1  0 -1 -1  0  0 -1  3  0  0 -2 -1  0 0 0 1 1 0.13
 0  0  1  0 -1  0  0 -1  1 -1  0  1  0 -1  1  0  1 -2 -1 -1 0 0 1 1 0.11
-1 -1  0  0 -2  0 -1 -1 -1  0  0 -1 -1  1  2  0  0  1  2  0 0 0 1 1 0.10
-1 -1  1  3 -1  0  1  0 -1 -1 -2  0 -2 -2  1  0  1 -2  0 -1 0 0 1 1 0.10
 3 -2  0 -1 -2 -1 -1  0 -2 -2 -2 -1  0 -3  5  1  0 -3 -3 -1 0 0 1 1 0.09
 0  0  3  0 -3 -1  0  4 -1 -3 -3 -1 -3 -2  0  0 -1 -3  0 -3 0 0 1 1 0.08
-1  0  0 -1 -4  3 -1  5 -2 -4 -4 -1 -1 -4 -3 -1 -2 -4 -3 -3 0 1 0 0 0.06
-2  0  1 -1 -3  0  0 -3  4 -2 -2 -2 -3 -3 -2  1  5  0 -2 -3 0 1 0 0 0.04
-1 -2 -2 -3 -3 -2 -3 -4  1  2  1 -2 -1  2 -4  0 -1 -2  4  1 0 1 0 0 0.03
-1  0 -2 -2 -2  0 -1 -3  6  0 -2 -2  2  2 -2  1  1  0  2  0 0 1 0 0 0.02
 0  0 -2 -1  3 -2 -2  3 -1  1 -2 -1 -2 -2 -3 -1  1 -3 -1  2 0 1 0 0 0.02
-3 -4  2  6 -5 -2  0  4 -3 -5 -6 -3 -5 -6 -4 -2 -3 -6 -5 -3 0 0 1 0 0.01
-3 -1 -3 -4 -6  7 -1 -5  7 -6 -5 -2 -4 -2 -2 -1 -3 -5 -3 -6 0 0 1 0 0.01
 3 -4 -5 -5 -4 -4 -4  0 -4  0  1 -4  7 -3 -4 -3 -3 -5 -4  0 0 1 0 0 0.01
-4 -3  0 -5 -1 -4 -3 -6  3 -2 -4 -5 -4  3 -6 -2 -3  1  9 -4 0 1 0 0 0.01
-1 -6 -6 -6  1 -5 -5 -4 -6  0 -2 -5 -1 -2 -5 -4 -1 -6 -4  7 0 1 0 0 0.01
-2  1 -2  0 -5  3  5 -4  1 -3 -2 -1 -3  3 -4 -2 -1 -4 -2 -2 0 1 0 0 0.01
-3  1 -4 -5  1 -2 -4 -4  2 -4 -3  2 -3  3 -5 -2 -4  3  7 -2 0 1 0 0 0.01
-3  0 -3 -4 -4  5  0 -5  1  0  2 -2  1  3 -4 -3 -1 -1  1 -2 0 1 0 0 0.01
-1 -1 -2 -2 -3  0  0 -2 -3  3  1  0  0 -2 -2  0  1 -4 -2  1 0 1 0 0 0.01
-2 -5 -3 -5 -6 -2 -5 -5 -2 -6 -4 -4 -6 -7  8 -3 -3 -7 -6 -6 0 1 0 0 0.01
 2  0 -1 -1 -3  1  1 -3  0  0 -1  0  0 -3  0 -1  1  1 -3  2 0 0 1 1 0.01
-1  2  3  1 -4  0  0  1  2 -3 -3  1 -3 -3  1 -1  0 -4 -3 -1 0 0 1 1 0.02
 3  1 -2 -1 -3 -1 -1 -1 -1 -3 -3 -1 -2 -4  4  0  2 -5 -4 -1 0 0 1 1 0.02
-1  4  2 -3 -3  2 -1 -1  3 -4 -3  3 -3 -4 -1 -1  0 -5 -2 -3 0 0 1 1 0.02
-1  2 -1 -1 -4  1  0  0  1 -4 -4  3 -3 -4  4  0  0 -4 -1 -4 0 0 1 1 0.02
-2 -3  1 -3 -2 -2 -2 -2  1 -1  2 -1 -1  1 -1 -1  1  3  4  0 0 0 1 1 0.01
-2 -5 -3 -4 -5 -4 -4 -2 -5 -6 -6 -2 -5 -6  8  2 -3 -6 -6 -4 0 0 1 0 0.01
-3 -5 -5 -6 -3 -4 -5 -6 -5  5  3 -5  3 -2 -5 -4 -3 -4 -2  3 0 1 0 0 0.01
-2 -5 -5 -5 -3 -4 -5 -6 -5  3  2 -5  0 -1 -5 -3 -1 -5 -3  5 0 1 0 0 0.01
-4 -5 -5 -6 -4 -4 -5 -6 -4  0  3 -5  6  6 -6 -5 -4 -3  0 -1 0 1 0 0 0.01
-2 -4 -5 -6 -4 -1 -5 -5 -5  4  2 -4  2  0 -5 -4 -3  8 -2  3 0 1 0 0 0.01
-3 -4 -3 -4 -6 -2 -3 -3 11 -6 -6 -4 -5 -5 -1 -4 -5 -5 -2 -6 0 0 1 0 0.01
-3 -5 -3 -4 -5 -5 -5  7 -5 -6 -6 -4 -5 -6 -5  0 -4 -5 -6 -6 0 0 1 0 0.01
 2 -1 -1  1  0  0 -2  3 -1 -1 -2 -2 -2 -1 -3  1 -2 -3  1 -2 0 0 1 0 0.01
 1 -2 -1 -2  1 -2 -2  5  1 -2 -3 -3  0  1 -3  1 -1 -3 -1 -3 0 0 1 0 0.01
-2  0 -2 -3 -2  5 -1 -1  5 -2  1 -2  2 -2 -3  0 -2 -4  0 -2 0 0 1 0 0.01
-1  0  0 -1 -1  0 -3 -3 -1 -2 -4 -2 -3  0 -3  4  5 -5 -3 -2 0 0 1 0 0.01
 1  2 -2 -3 -4 -3 -3  5 -4 -3 -4  0 -1 -5 -1  1 -1 -5 -4 -3 1 0 0 0 0.01
 0  3 -1 -1 -2  2 -1 -2  2 -2 -2  2  0 -3 -3  0  2 -3  0 -1 1 0 0 0 0.01
 0 -3  2 -1  1 -1 -1  0 -1  1 -2 -2  0 -2 -1  1  4 -4 -3  1 1 0 0 0 0.01
-3 -5 -6 -6 -5 -5 -5 -5 -4 -4 -2 -5  0  4 -6 -5 -5 11  3 -5 1 0 0 0 0.01
-2  0 -1 -1 -3  2  4 -2  2 -1  1  0  1  0 -3 -2  0 -3  1 -2 0 0 1 0 0.01
-1 -2  3  0 -3 -1 -1 -2 -3 -2 -4 -2 -1 -4  0  2  5  1  0 -3 0 0 1 0 0.01
-1  1 -2 -3 -3 -2 -3 -2 -4 -3 -2  3 -3 -4 -3 -1  6 -4 -4 -1 0 0 1 0 0.01
-1 -4 -4 -4 -5 -4 -4 -4 -4 -4 -4 -4 -4 -5  8 -2 -2  4 -4  0 0 0 1 0 0.01
-3 -4 -2  7 -5 -3  0 -1 -3 -5 -3 -3 -4 -5 -1 -2 -3 -5 -5 -5 0 0 1 1 0.01
-2  0  0 -2 -4 -3 -2  6  1 -5 -5 -2 -4 -5 -4 -1 -3 -4 -4 -5 0 0 1 1 0.01
-3  6 -1  0 -4  1 -1  2 -1 -4 -4  0 -3 -4 -3 -1  0 -4 -3 -4 0 0 1 1 0.01
 0  2 -2  1 -4  1  4 -1 -2 -4 -3  0 -1 -1  4 -1 -2 -4 -3 -3 0 0 1 0 0.01
-2 -1 -3 -4 -5 -4 -4  7 -4 -6 -5 -4 -5 -5 -1  0 -4 -5 -5 -5 0 0 1 0 0.01
-3 -5 -5 -5 -2 -4 -5 -5 -4 -4 -1 -5 -1  5 -5 -5 -4 11  2 -4 1 0 0 0 0.01
 4 -2 -1 -1 -2  2 -1 -1 -1 -2  0 -1  0 -2  0  0 -1 -3 -1  0 1 0 0 0 0.01
 0  0  0  1  1  0  0 -1  2 -1 -1 -2  0 -1  1  2  1  2 -1 -2 1 0 0 0 0.01
-1  1  0 -1 -3 -1 -2 -3  3  0  1 -1  1  2 -3 -1 -2  2  4 -1 1 0 0 0 0.01
-1 -4 -5 -5 -4  0 -4 -5 -4  0  2 -4  2  7 -5 -2 -4  3  1 -3 1 0 0 0 0.01
 1 -4 -4 -5  1 -4 -4 -4 -4  1  5 -4  1 -2 -3 -3 -1 -4 -3  1 1 0 0 0 0.01
 0  5  1  1 -2  1  2 -2  0 -4 -4  1 -3 -4 -1  0 -2 -4 -3 -3 1 0 0 0 0.01
 2  3 -1 -1 -2  2 -1 -3  3 -4 -2  4  0 -4 -3 -2 -1 -4 -3 -3 0 0 1 1 0.00
-2  0  1 -2 -5 -2 -3  6 -2 -6 -5 -2 -5 -5 -4 -2 -4 -5 -5 -5 0 0 1 0 0.00
-4 -2 -4 -2 -2 -4 -4 -5  6 -4 -3 -4 -3  5 -5 -4 -4  4  7 -2 0 0 1 0 0.00
 1  1 -1  1 -2  1  2 -1 -1 -3 -3  0 -3 -2  3  1  0 -4 -3 -1 0 0 1 0 0.01
-2 -4 -4 -4  2 -4 -3 -2 -4  1 -1 -4  0 -3 -4 -2  2 -4 -3  6 0 1 0 0 0.01
-3 -4 -4 -5 -2 -4 -4 -5  1  0 -2 -4 -2  3 -5 -2 -4  1  8 -2 0 1 0 0 0.01
-1 -4 -2 -4 -1 -4 -4 -4 -4  3  3 -4  1 -2 -4 -2 -2 -4 -2  4 0 1 0 0 0.01
 0 -4 -4 -4 -1 -3 -4 -3 -4  2  1 -3  1  1  1 -1 -2  2 -2  4 0 1 0 0 0.01
-4 -4  1  7 -5 -1  0 -4 -1 -5 -3 -4 -5 -5 -4 -3 -2 -6 -1 -5 0 1 0 0 0.01
 0  2 -1 -3 -4  5  0 -1 -1 -2  0 -2 -1 -3  0 -1 -1  1 -3 -2 0 0 1 0 0.01
-1 -1 -2 -4 -4 -4 -4 -2 -4 -2 -2 -3 -2 -5  7 -2  1 -5 -5  1 0 0 1 0 0.02
 0  4 -2 -3 -4 -1  0  3 -2 -4 -2 -2  0  2 -2  1 -2 -1 -3 -4 0 0 1 0 0.02
-2  6 -2 -2  1 -1 -3 -4  4 -2 -3 -2 -1 -4 -3  0  1 -5  0  0 0 0 1 0 0.03
 0 -5 -4 -5 -6 -5 -5  7 -5 -6 -6  0 -6 -6 -5 -4 -5 -6 -6 -6 0 0 1 0 0.05
-5  7  0  0  1  0  1 -1 -4 -6 -2  0 -5 -6 -5 -3 -5  0 -5 -6 0 0 1 0 0.07
 4 -5  0 -4 -4 -4 -4  0 -4 -5 -5 -4 -5 -5 -4  5 -1 -5  0 -5 0 0 1 0 0.08
 0 -2  2 -2  0 -2 -3  5  2 -5 -5 -4 -1  0  3  0  1 -5 -5 -5 0 0 1 0 0.10
-2  2 -1 -3 -1  0 -2 -4 -1 -2 -2 -2 -2  2  1 -1  0  8  0 -1 0 0 1 0 0.11
 0 -1  2  2 -1 -1  0 -1  1 -2 -2 -1  0  0 -1  2  1 -4 -1 -1 0 0 1 1 0.14
-1 -1 -1  0  1  1 -1 -1 -4 -1 -1 -3  1 -1  4  1  2 -4 -4 -1 0 0 1 0 0.18
 0 -1 -1  0 -3  0  1  0 -2 -1 -1 -1  0  0  0  1  1 -1 -2  1 1 0 0 0 0.24
 2 -1  0 -1 -1 -1  0  1 -1  0 -1 -1  0 -2  1  0  1 -4 -3  1 1 0 0 1 0.25
 0 -1  0  0  1 -1  0  2  1  0  0 -1  0 -1 -1 -1  0 -1  1  0 1 0 0 0 0.25
-1 -2  2  1 -3  0  0  2  1 -2 -2 -1 -1  0  0  0  1 -3  1 -1 1 0 0 0 0.29
 1 -1 -1  0 -3  0  0 -1 -2  1 -1  0  1 -1  2  0  1  3  0  0 1 0 0 0 0.30
 1 -1 -1 -1 -2 -1  0  1  1 -1 -1  0  1  0  1  1  0 -2  1  0 1 0 0 0 0.33
 1  1 -1 -1 -2  0  0  1 -2 -1 -1  0  0 -2  2  0  0 -3 -1 -1 1 0 0 1 0.29
 0 -2 -2  0 -1  1 -1 -1 -1  0  0 -2  0 -1  2  0  0  0  2  1 0 0 1 1 0.29
 1  0  0 -1 -2  0 -1  3  1 -2 -1  0 -2 -2  2  0  1 -3 -2 -1 0 0 1 1 0.31
 0  2  0  0 -2  0  1 -1 -1 -1 -1  1 -1 -1  0  1  1 -2 -1 -1 0 0 1 1 0.28
 1 -1  0  0  0  0 -1 -1 -1  0  0 -1 -1  0 -1  1  0  1  2 -1 0 0 1 0 0.28
 0 -1 -1  1 -3 -1 -1 -2 -2 -1 -1 -1 -1 -3  4  2  2 -3  1  0 0 0 1 1 0.27
 2 -1 -1 -1 -1 -1  1 -1 -1  0 -1 -1 -1 -2  1  0  0  2  0  0 1 0 0 1 0.27
 0  0  0  1 -3  0  3 -1  0  0 -1  1 -2 -1 -1  0  1 -3 -2 -1 1 0 0 1 0.22
 0 -1 -2  0 -2  0  0 -1  0  0  0 -1 -1  1  2  1  0  1  0  0 1 0 0 1 0.17
-1 -1  0 -1 -1  0 -1 -2 -1  2  3 -1  1 -1 -1 -1  0 -1 -1  1 0 0 1 0 0.13
 0  0 -1  0 -3  1  0  0  2 -2 -1  0  1 -2  1  0  0  4  1  0 0 0 1 0 0.10
 1  2  0  2 -2  1  1 -1  1 -1 -1  0 -1 -1 -1  0  0  1 -2 -1 0 0 1 1 0.08
 0  1 -1 -2 -2 -2 -1  0 -2  1  0 -2  0  2  1 -1  0  1  2  0 0 0 1 0 0.06
-1  0 -1 -2 -3 -1 -2 -1  1  0  0 -2 -1  5 -2 -1  0  2  1  1 0 1 0 0 0.04
 1  0 -1  0 -1 -1  0 -2 -1  0 -2 -1  1  1  0  0  3 -3 -2  0 0 0 1 0 0.03
 3  1 -1 -1 -3 -1  0 -1 -3 -1 -2 -2 -1  0  2 -1  0 -3  2 -1 0 0 1 0 0.02
 1 -1 -1  1 -3 -1  0  2 -3 -1 -2 -1 -2 -2  2  1  2  0 -2 -1 0 0 1 0 0.02
 0  1  0  3 -1  1  2  0  0 -1 -1  1 -2 -3 -1 -1 -1 -4 -2  0 1 0 0 0 0.01
-1  1 -1  0 -4  4  3 -3  1 -4 -2  1 -1  1  0 -2  0 -4  0 -2 1 0 0 1 0.01
 1  0  1  0 -2  1  1  1 -2 -1 -1 -1  0  0  0  0  1 -3 -1  0 1 0 0 0 0.01
 3  0  0 -3 -2 -3 -3  0  1 -1  0 -2  0  0 -2  0 -1  6 -1  0 1 0 0 0 0.01
-2 -2 -4 -4 -4 -1 -4 -4 -1 -2 -2 -4 -3  5  0 -2 -3  9  3 -4 1 0 0 0 0.01
 0 -1  1  2 -2 -1  1 -1 -1 -1 -2 -1  0 -3  2  0  2 -1 -3  0 1 0 0 1 0.01
 1  1  0 -1 -2  2 -1 -1  0  0  1  0  0 -1 -1  0  1 -3 -1  0 1 0 0 0 0.01
 1 -3 -3 -3 -1 -1 -2 -2  1 -3 -2 -3 -1  6  0  0 -2  3  1  0 0 0 1 0 0.01
-2  6 -1 -3 -4  0 -1 -2 -2 -4 -3  1 -4 -2  1 -1 -3  0 -4 -3 0 0 1 0 0.01
-1 -1  0 -2 -3 -2 -2 -3 -1  3  2 -2  2  3 -1 -1 -2  0 -1  1 0 0 1 0 0.01
-1 -1 -1  0 -4  0 -3  5  4 -1 -4 -1 -4 -1  0 -1 -3 -4  2 -4 0 0 1 0 0.01
-1  0  1  1  1 -2  0  0  2 -1 -1  0  0 -3  3  0  1 -3 -1 -1 0 0 1 1 0.01
 0  0  0  0 -3  2  0 -1  0 -1  1  0  0 -1  0  0  0 -3 -1  0 0 0 1 1 0.01
 0 -1 -2  0 -3  1 -1 -2  2 -1 -1 -1 -2  1  0 -1 -1  6  2  0 0 0 1 1 0.01
 0  3  0 -1  1 -2 -1  1 -3 -3 -2  0  0  0  4 -1 -1 -4 -3 -1 0 0 1 1 0.01
-2  1  2  2 -4  3  1  1  0 -2 -3  0 -1 -2 -3 -1  0  2 -1  0 0 0 1 1 0.02
 3 -2 -3 -1 -1 -3 -1 -1 -3 -1 -1 -3  0  0  3  0 -1  3  1  0 0 0 1 1 0.02
-2 -1  0 -1 -4 -1 -2 -2  1 -1 -1 -1  0  5 -2 -2 -2  5  4 -1 0 0 1 0 0.02
 0  0 -1  1 -3  0  0  0 -2 -1 -1  0  0 -1  3 -1  0 -3 -1  0 0 0 1 1 0.02
 0  0  2  2 -4 -1 -1  4  4 -1 -4 -2 -1 -4 -3  0 -2 -4 -1 -3 0 0 1 1 0.02
-1 -2 -1 -1  0  1 -1  0 -1  0  0 -2  1 -2  0  0  2  2 -2  2 0 0 1 0 0.02
 0  1  0 -1 -4  6  0 -2  1 -2 -2  0 -3 -3 -3 -1 -3 -3  2 -2 0 0 1 0 0.02
-1 -2 -1 -4 -4 -3 -1  0  0 -1 -2 -3  1  6 -1 -1 -1  5  1  0 0 0 1 0 0.02
 0  0 -1  1 -4 -2  0 -2 -3 -4 -1 -1  1 -4  6  1  0 -4 -4 -3 0 0 1 0 0.02
-1  0 -1  0 -2 -1 -1  3  0  0  0 -1 -1 -1  0 -1  0 -3 -2  1 1 0 0 0 0.03
 1 -2  1  3 -4  0  2  0  0 -2 -3 -1 -3 -4  0  0  2 -5 -4 -2 1 0 0 1 0.03
 3 -1 -2 -1  0 -2 -1  3  1 -3 -2 -1 -4 -2  2  0 -2 -4  1 -2 1 0 0 0 0.02
-1  0 -1  0 -4  0  1 -2  0 -2  0 -1  1  4 -2 -1  0 -3  1  0 1 0 0 1 0.02
 1  1  1  5 -4 -1  0  0  0 -3 -2 -1  1  0 -2  0 -2 -5 -2 -4 1 0 0 1 0.02
 0  0 -1  1 -4  4  1 -1  1 -2 -1  0 -1 -2  0 -1 -1  1 -1 -1 1 0 0 1 0.02
 0 -1 -2 -1  1 -1 -2 -2 -3 -1  0 -3 -1  6 -4 -1 -1  0  3  0 1 0 0 0 0.02
 0  0 -3 -2  0  0 -2  0 -3  0 -1 -2  2  4 -1 -1 -1  4  3 -1 1 0 0 0 0.02
 1  3  0 -1 -1  2  0 -1  0 -3 -1  1  0 -1 -1  0 -1  0  2 -3 1 0 0 0 0.02
 1  1  0 -1  1  3  0 -1  0 -2 -2  0  0 -4  0  2 -1  1 -3 -2 1 0 0 0 0.02
 0  0  0 -1 -3  1 -2 -1 -3  0 -1 -2  3  1  1  0  0  3  0  1 0 0 1 0 0.02
 0  0  0  0 -3  0  0  0  2  0 -1 -2  1  1  0  0  0  3  1  0 0 0 1 0 0.02
 0 -3 -3 -1 -6  1 -4 -3 -6 -3 -4 -5  0 -1  7 -2 -2 -7 -6 -1 0 0 1 0 0.02
 0  2  2  3 -4  1 -1 -2 -3 -2  0 -2  0  1 -2  1 -1 -4  0 -3 0 1 0 0 0.02
-1 -1 -3 -3 -1  1 -2 -1 -2  0  0 -3  0  1 -1 -1  2  7  2 -1 0 0 1 0 0.03
 0 -1  0 -1 -1 -1 -1 -1 -2  1  1 -1  0  1  0  0  1  0  0  0 1 0 0 1 0.03
 0 -1  3  2 -2 -2 -1  2 -1 -4 -4 -1 -1 -4 -1  1  1  0 -4 -1 1 0 0 1 0.03
 0  1  2 -1 -3  0  0 -1  3 -3 -2  0 -1 -1  0  1  2  0  0 -2 1 0 0 1 0.03
 1  0  0 -1 -2 -1 -1  1  0  0  1 -1  0  1 -1  0  0 -2 -1  0 0 0 1 0 0.03
 0 -1 -1  3 -4  0  1 -1 -3 -1 -2 -2 -1  1  4 -1  0 -4 -1 -1 0 0 1 1 0.03
 0  0  0  0 -2  1 -1  0  0  0  0  0  0  1 -1  0  1 -2  1 -1 0 0 1 1 0.03
 0 -1 -1  3 -5  3  3 -1  1 -3 -2 -2 -4 -2  1 -1 -1 -5 -2 -3 0 0 1 1 0.03
 2  1  1  1 -3  2  1 -1  0 -1 -1  0  0 -1 -1  0  0 -4 -1  0 0 0 1 0 0.03
 0 -1  0  0  1  1  0 -2  2  1  0 -1  1  0  0 -1  0  4  1  0 1 0 0 0 0.02
 1 -1  0 -1  2 -4 -1 -1 -5  1 -1 -1  2  0 -5  0  2 -5  0  2 1 0 0 0 0.02
 1  1  0 -1 -3  1 -1 -2 -2  1  1  0  0 -1 -2 -1 -1  0  0  2 1 0 0 0 0.02
 3  1  0  2 -1  1 -1 -2 -1 -2 -1 -1 -3 -4  0  0 -1 -5 -4  0 1 0 0 1 0.02
 5 -1  0  2 -2 -1 -2  0 -1 -2 -2 -2 -4 -5 -2 -1  0 -5 -4 -2 1 0 0 0 0.02
 1 -1 -4 -3 -2 -3 -3  1 -3  1  2 -3  3 -1 -3 -2 -2 -3  4  1 1 0 0 0 0.03
 3 -2  0  2  3 -1  0 -1 -1 -2 -1 -1 -3 -2 -1  1  0 -4 -2 -1 1 0 0 0 0.02
 4  0 -1  0 -1  0  2 -2 -3 -4 -3  1 -1 -1 -1  0 -1  0 -1 -3 1 0 0 1 0.02
-1 -1 -3  0 -3  0 -1 -4 -3  1  4 -1  1 -1 -4 -2 -1  1 -1  1 1 0 0 0 0.01
 1 -1 -1 -1 -2  0 -2 -1 -3  1  2 -1  0  2 -1 -1 -1 -2  0  1 1 0 0 0 0.01
-1  0  0  3 -3  1  1 -1  1 -1 -2  0  1 -1  0  0  0 -4 -3 -1 1 0 0 1 0.01
-1  2  0  1 -4  1  0 -1  1 -1 -1  2 -2 -1  0 -1  0 -3  1 -1 1 0 0 1 0.01
-1 -2 -4 -4 -3 -3 -3 -3 -4  5  1 -4 -1 -2 -1 -1  2  3  0  2 1 0 0 0 0.01
 0 -3  0  1  1 -4 -2  6 -2 -4 -5 -1 -5 -5 -4 -1 -1 -5 -5 -5 0 0 1 1 0.01
 0  1  1  1 -5 -1 -2  1 -2 -5 -5  1 -5 -6  6 -1 -3 -6 -5 -5 0 0 1 0 0.01
 3 -4 -2 -4  4  0 -3  1 -2  0 -3 -3 -3 -4  2  2 -1 -5 -4  1 0 1 0 0 0.01
-2 -3 -5 -4  2 -4 -5 -5 -1  5  0 -4 -2  0 -2 -4 -1  2  1  4 0 1 0 0 0.01
-2  1 -5 -5 -4 -1 -4 -5 -4  1  5 -4  1  0 -5 -2 -3 -4  0  2 0 1 0 0 0.01
 0 -4 -4 -4 -3 -4 -4 -3 -4  3  2 -4  2  2  0 -1 -1 -3 -2  4 0 1 0 0 0.01
 1  0 -3 -3 -1 -3 -3  4 -4 -2 -3 -3 -3 -3  2  0  3 -4 -4 -1 0 1 0 0 0.01
-4 -4  0 -2 -5  0 -1 -5 10 -5 -3 -4 -1 -2 -5 -4 -4  0 -2 -5 0 1 0 0 0.01
-2 -1 -3 -4 -4 -3 -1  1  0 -6 -6 -3 -5 -6 -2  6 -1 -6 -5 -5 1 0 0 0 0.01
 2 -1 -3 -1 -4  5 -1 -4  1 -2 -2 -2  3 -1  0 -1  0  1  0 -1 1 0 0 0 0.01
 1 -3 -3 -4 -4  0 -4  6 -4 -5 -3 -4 -4  0 -3  1 -3 -5 -4 -5 1 0 0 0 0.01
 1 -2 -3 -4  0 -4 -1  6 -4 -5 -5 -4 -4 -5  0  1 -2 -5 -1 -3 0 0 1 0 0.01
 0 -1  1 -2 -3  1 -1  1 -2  0  0 -1  0  1  1  0  1 -3 -1  0 0 0 1 0 0.01
 0 -1 -2 -2 -1 -2 -2  0  0  0  0 -2  2  2  1  0 -1 -2  2  1 1 0 0 0 0.01
 3 -2 -3 -4  1 -4 -4  4 -4 -3 -4 -2 -4 -5  2  0 -1 -5 -5  0 1 0 0 0 0.01
-3 -1 -6 -4 -5 -3 -4 -6 -5  0  3 -5  2  2 -4 -5 -1 10  1 -3 1 0 0 0 0.01
 0  2  0 -1 -2  1  0 -2  0 -1  2  0  2 -1 -2  0 -1 -1 -1 -1 1 0 0 0 0.01
 2 -4 -4 -4 -3 -2 -4 -3 -4  2  1 -3  1 -1  0 -1  3  2 -2  1 1 0 0 0 0.01
 5 -4 -4 -4 -3 -2 -4  0 -4 -2 -2 -3 -2 -5  2  1  0 -5 -4  0 1 0 0 0 0.01
 1 -1  0  3 -3  0 -1 -1  1  0  0 -2  2 -2  1  1 -1 -4 -3 -1 1 0 0 1 0.01
 1  2  1  1 -2  1  1 -2  1 -2 -1  2  0 -3 -1 -1 -2 -4 -2  0 1 0 0 1 0.01
-1  4  3 -2  3  0  0 -2  3 -3 -3  0 -2 -3 -2  1 -1 -4  1 -3 0 0 1 1 0.01
-1  0 -2 -2 -4 -3 -3 -2 -4 -1 -3 -3 -4 -5  7  0  1 -5 -5 -2 0 0 1 1 0.01
-1  2  1  4 -4  1  2 -1  1 -4 -4  1 -2  0  0 -1  0 -4 -2 -4 0 0 1 1 0.01
-1  1  2 -2 -3 -1 -1  0  0  0  2  1  0 -2 -3 -1 -1 -3 -2 -1 0 0 1 0 0.01
-1 -5 -5 -5 -4 -5 -2 -6 -5  3  1 -5 -1  2 -5 -4 -1 -5 -3  5 0 1 0 0 0.01
 2  3  0 -1 -2  0 -1 -4  0 -3 -1  4 -3 -4 -4 -2 -2 -5 -4 -1 0 1 0 0 0.01
 5 -2 -3 -4  2 -3  0  3 -4 -4 -3 -3 -2 -5 -1  1 -1 -5 -5 -4 0 1 0 0 0.01
-1  0 -2 -5 -1 -2 -2 -5 -2  4  2 -4  1 -2 -5 -2 -3 -4  0  3 0 1 0 0 0.01
-2 -5 -5 -6 -4  0 -5 -6 -5  4  0 -5 -2  0 -3 -3 -2 -5 -2  5 0 1 0 0 0.01
 3 -3  3 -2 -2  1 -1  0 -1 -2  0 -2 -2 -4 -1  1 -1 -5 -4 -2 0 1 0 0 0.01
 0 -4 -5 -5 -3 -4 -4 -5 -3  4  2 -4  0  2  0 -4 -3 -1  4  2 0 1 0 0 0.01
-2  0 -3  0 -2 -2  7 -2 -3 -1 -5 -2 -4 -5 -4 -2 -3 -5 -5 -5 0 0 1 0 0.01
-1 -1 -4 -4 -5 -3 -3  1 -4 -5 -5  1 -4 -5  7 -1 -2 -5 -5 -4 0 0 1 0 0.01
 1 -3 -1 -2  1 -1 -2  4  0 -2 -2 -2 -1 -1 -1  0  0 -4 -1 -2 0 0 1 1 0.02
-1 -1 -1 -1  1  0  0  5 -4 -2 -2 -1  0 -4 -2 -1 -1 -5 -4 -2 0 0 1 1 0.02
 1 -3 -1 -1  2 -1 -1  1 -3 -1 -1 -3  0  1  4  0  0  3  1 -1 0 0 1 0 0.02
-2 -2 -1 -2  1 -4 -4  0 -4 -1  0 -4 -3  0  6 -2 -1 -5 -1  0 0 0 1 0 0.03
 0  0  1  0  2  1  0  0 -1 -2 -1  0 -1  0  1  0  0 -2  1 -1 0 0 1 1 0.03
 1 -1 -1 -1  0 -1  0 -1 -4 -2 -1 -1  0 -1  5  0  0 -5 -4 -1 1 0 0 1 0.04
-1  0  0  0 -3  0  0 -1  1  0 -1  0  1  0  0  0  0  3  1  0 1 0 0 1 0.04
 0  1  1  2  0  0  0  0  1 -1 -2  0 -2 -1  0  0  0 -3  0 -1 1 0 0 1 0.05
 1 -3 -1 -3  1 -3 -1 -1 -3  1  0 -1  1  3  0 -1  0  2  1  1 0 0 1 0 0.05
 1  1  0  0 -3  0  0  0  0 -2 -1  1  2  0  0  0 -1  2  0 -1 1 0 0 1 0.05
 1  0  1  0 -3  0  1  0  1 -1 -1  0 -2 -3  3  0  0 -3  0 -1 1 0 0 1 0.04
 0  0 -3 -1 -3 -2 -1 -3 -2  0  3 -2  2  1  0 -1  0 -2  1  0 1 0 0 0 0.03
 1  0  0 -1 -3  1  0 -1 -1 -1 -2  1 -1 -3 -1  0  3 -4 -1  0 0 0 1 1 0.02
-1  2  2  2 -4  0 -1  0  1 -4 -2  2 -3 -3 -3  0  0  0  1 -3 0 0 1 1 0.02
-1 -2 -3 -1 -3 -1 -2 -1 -3  4  0 -1  1 -2  1 -1  0 -4 -3  2 0 0 1 0 0.01
-3 -1 -5 -3  0 -2 -2 -5 -5 -5 -3 -2 -5 -3  8 -3 -2 -6 -5 -2 0 0 1 0 0.01
-1 -1 -3 -2  1  0 -1 -2  2  3  0 -2  1  1  1 -1  1 -3 -1  1 0 1 0 0 0.01
 0 -3 -3 -3 -1 -1 -3 -4 -4  1  4 -3  2 -2 -1 -2  0  1 -3  2 0 1 0 0 0.01
 0 -3 -3 -2 -3 -2 -1 -2 -3  2  1 -3  1  2 -3 -1  0  3  1  3 0 1 0 0 0.01
-2 -4 -2 -1 -4 -1 -1 -3 -3  2  1 -3  0  1 -2 -1 -1 -3  3  4 0 1 0 0 0.01
-1 -5 -3 -1 -5 -2 -2 -3  1 -2 -3 -4 -2  4  2 -1  1  7  5 -3 0 1 0 0 0.01
 2 -1 -3 -2 -4 -2 -2  5 -4 -5 -4 -2 -4 -5  1  1 -1 -5 -3 -2 0 0 1 0 0.01
-2 -4 -3  7 -6  1  2  0  0 -3 -4 -2 -5 -6 -2 -2 -4 -6 -5 -1 0 0 1 0 0.01
 1 -1  3 -3  1 -2 -2 -2  5 -3 -1 -1 -3  1 -4 -1  0 -1  4 -3 0 0 1 0 0.01
-2 -1 -1  2 -3 -1 -2 -4  0  3  1 -3  1  2 -2  1 -1 -3 -1  1 0 0 1 0 0.01
 0 -1 -1  3 -4  0  1 -1 -1 -2 -3  0 -2 -2  4  0 -1 -4 -1 -1 0 0 1 1 0.01
 0 -1  0  1  2  2  3 -1  2 -3 -2 -1 -2 -3  2  0 -1 -2  0 -2 0 0 1 1 0.02
 2 -2 -1  0 -3 -1  0 -1  1  1 -2 -1 -1  0  2  0  2  2 -1 -1 0 0 1 0 0.02
 0  0 -1  0 -2  1  0  0 -1  0 -1  0  1  1  1  0  0 -2  1  0 0 0 1 1 0.02
-1  3  0 -1 -1  2  1 -2  1 -2 -2  0  0 -2  0  1  0 -4 -1  0 0 0 1 1 0.03
-2 -2 -5  0 -5  2 -3 -1  0 -3 -4 -1 -1  0  1 -5 -1 11 -3 -5 0 0 1 0 0.03
-1  3 -1 -1 -3  2  0 -1 -2 -1  1  0  0  0  1  0  0  0 -1  0 1 0 0 0 0.03
 1  2  0 -1  0  0  0 -1 -1 -1 -3  0  0 -2  4  0  0 -1 -2  0 1 0 0 1 0.03
 1  4  2 -3 -1  0  0 -1  2  0 -1 -1  2 -1 -2 -1 -2 -4  0 -1 1 0 0 0 0.03
 0  2 -3 -2 -1 -1 -1 -3 -1  0  3  0  0 -1 -3  0 -1 -1  1  0 1 0 0 0 0.02
 3  1  1 -1 -4  2  1 -2  0 -3 -2  0 -2 -2  1  0 -1 -4 -1 -2 1 0 0 1 0.02
 1  0 -1 -1 -3  1 -2  0  0 -1  0  0  3  0  0  1  0  1  2 -2 1 0 0 1 0.02
 2 -2 -1  1  4 -1 -2  0  0 -1 -2 -3  1 -2 -3  0  1 -4  1  0 1 0 0 0 0.01
 0  3 -1  0 -4  2  0 -3  5 -2 -2  1  0 -2 -1 -1 -1  1  1 -3 1 0 0 1 0.01
 1  0  0  0  3  1  0 -1 -2 -1  0  0  0 -3  0  0  0 -3 -2 -1 1 0 0 1 0.01
 0 -3 -3 -1  1 -3 -1 -2  1 -1 -1 -3  2  3  0 -1  0  7  1 -1 1 0 0 0 0.01
 2  0 -3 -3  0  0 -1 -2  0  1  0 -1 -1  1 -3 -1  0  2  2  2 1 0 0 0 0.01
 2  0  1  4 -4  1  2 -1  0 -4 -2  2  0 -4 -3 -1  0 -4 -4 -3 1 0 0 1 0.01
 2  0 -3 -2  0  0 -2 -2  0 -1  0  0  1  3 -3  0  0 -2  2 -1 1 0 0 0 0.01
-1 -4 -4 -5 -3 -4 -3 -3 -4  2  3 -4  3  1 -4 -2 -2  3  2  2 1 0 0 0 0.01
-1  3  5 -2 -1  1 -1 -1 -1 -3 -3  1 -2 -3 -2 -2  0 -5 -2 -2 1 0 0 1 0.01
 3  3 -1  0 -5  4  1 -4 -1 -5 -2  2 -3 -5 -4  0  0 -5 -4 -4 1 0 0 1 0.01
 0  0  1  0 -3  1  0  0  2 -2 -1  0  1  0  1  0  0 -2  1 -1 0 0 1 1 0.01
-3  0  0  0  4 -3 -1  5  2 -5 -5 -3 -4  0 -4  0 -4 -4  1 -5 0 0 1 1 0.01
 1 -3 -2 -3  2 -2 -2  4 -3  0  0 -3  0  0 -1 -1 -2 -4 -1  1 0 0 1 0 0.01
-1  1  1  3 -4  0  0  0  1 -1 -3  2  0 -4  0  1 -1 -4 -3 -3 0 0 1 1 0.01
 3 -3 -2 -3  0 -2 -1 -1 -1  0 -2 -2 -1 -2  0  0  0 -4 -3  3 0 1 0 0 0.01
-2  1 -1  3 -1  0  3 -3  1 -3 -4  1 -3 -3 -3  0  4 -5 -3 -2 0 1 0 1 0.01
 0  0  0 -2  2  1  0 -3  2  0  0 -2  2  1 -3 -2  0  4  1  0 0 1 0 0 0.01
-1 -1 -3 -4  0 -3 -2 -1  0  2  2 -2  1  0 -1 -3  0  2  0  3 0 1 0 0 0.01
-2  1 -1  1  0  0  1 -3  4 -1  0  0  0  0 -1 -1 -1  1  1 -1 0 1 0 1 0.01
-4 -4 -5 -5 -4 -4 -5 -5 -4  0  5 -4  3  1  0 -4 -1 -4  2 -2 1 0 0 0 0.01
 1 -2 -1 -1 -4 -1  1  1 -4 -2 -4 -3 -4 -5  6 -1 -1 -5 -4 -4 1 0 0 0 0.01
-1  0  1  4 -4  1  3 -1  0 -4 -4  1 -1 -4  1  0 -1 -4 -3 -4 1 0 0 1 0.01
 0  0 -1 -1 -2  0  0 -2  2  2  0 -1  1  1 -1 -1 -1  0  0  1 1 0 0 1 0.01
-1 -2 -1 -1 -4  1 -1  6 -3 -4 -4  0 -4 -4 -3 -1 -3 -4 -4 -4 0 0 1 1 0.01
-2 -3 -3 -3  1 -2 -2 -3 -3  5  1 -1  2  2 -3 -3 -2  0 -2  1 0 0 1 0 0.01
-1  3  1 -2 -2  0  0 -1  4 -2 -1  1 -1  0  2 -1  0 -3  0 -1 0 0 1 1 0.01
-3 -4 -1 -1 -5 -4 -4  7 -4 -5 -5 -1 -5 -5 -4 -3 -4 -5 -5 -5 0 0 1 0 0.01
-2 -1  7 -1 -1 -1 -3 -2  4 -5 -6 -3 -5 -5 -4 -1 -1 -6 -4 -5 0 0 1 0 0.01
-1 -4 -2 -1  0 -3 -3  5 -4 -4 -4 -3 -4 -2 -3  3  3 -4 -4 -4 0 0 1 0 0.01
-5 -2 -1 -5 -7 -3 -2 -6 11 -6 -3 -4 -5 -5 -6 -4 -5 -6  0 -6 0 0 1 0 0.01
-3 -2 -4 -2 -2 -4 -4 -3 -4  0  2 -4  7  5 -5 -4 -1 -3 -1  0 0 0 1 0 0.02
-1 -3 -2 -4  0 -1 -4 -3 -4  1  3 -3  6  2  2 -3 -3 -3 -2 -1 1 0 0 0 0.02
-2 -4 -5 -6 -4 -4 -5 -5  2 -1 -1 -5  8  6 -5 -4 -1  2  0 -1 1 0 0 0 0.03
 0 -3 -1 -2 -3  1 -1 -2 -3  0  2 -2  5 -2 -2  1 -1 -3 -1  0 1 0 0 0 0.03
-2 -3 -1  5 -6 -1  5  0 -3 -6 -6 -2 -5 -6 -4 -3 -3 -6 -5 -5 0 0 1 0 0.03
-1  2 -1 -1 -3  0 -1 -3 -1 -2  1  3  1 -1 -3 -1  0 -3 -2  0 0 0 1 1 0.04
-4 -4  8  0 -6 -3 -3 -2  0 -6 -6 -3 -5 -6 -5  0 -1 -6 -1 -6 0 0 1 0 0.04
-2 -1  6 -2 -4 -3 -3  0 -1 -2 -5 -2 -4 -5 -2  4 -2 -6 -4 -4 1 0 0 0 0.03
-1 -1  0  5 -4 -1  1 -2 -1 -1  1 -1 -1 -2 -2 -2 -2  2 -1  0 1 0 0 0 0.03
 0  1 -2  1 -4  4  4 -2 -1 -2 -2  1 -2 -4 -3 -1 -2 -4 -3  0 1 0 0 1 0.02
-1 -4 -4 -4 -3 -4 -4 -4 -4  5  1 -4 -1 -1 -4 -2 -2 -4 -1  4 1 0 0 0 0.02
 5 -3 -3 -3 -2  1 -2 -1 -2 -2  0 -2 -2  1 -3 -1 -2  0  0 -1 1 0 0 0 0.02
 1  0  1  4 -4  1  1  0 -1 -4 -4  0 -3 -4  1 -1 -1 -4 -3 -3 1 0 0 1 0.01
-1  0 -2 -3 -2 -1 -1 -3  2  1  3 -1  0  1 -1 -2 -2  2  0  1 1 0 0 1 0.01
-2 -4 -4 -4 -3 -4 -4 -5 -4  4  3 -4  2 -1 -1 -3 -2 -4 -3  3 1 0 0 0 0.01
 0 -1 -1  0 -3  1  1 -1  1  1  1 -1  2  0 -3  1 -1 -3 -1  0 1 0 0 0 0.01
 0  2  1  2 -4  2  2 -1  0 -3 -4  2 -2 -4 -3  1  0 -4 -3 -3 1 0 0 1 0.02
-6 -3 -7 -8 -6 -6 -7 -6 -3 -6 -4 -7 -5  4 -7 -6 -6 12  0 -4 1 0 0 0 0.03
-2 -5 -5 -6 -3 -4 -5 -6 -5  4  5 -5  3  0 -5 -4 -3 -4 -3  0 1 0 0 0 0.04
 0  2  0  2 -2  1  1  0  1 -2 -3  2 -1 -4 -3  0 -1 -4 -2 -1 1 0 0 1 0.06
-1  3  0  1 -4  2  3 -2 -1 -4 -4  3 -3 -4 -3  0 -1 -4 -3 -4 1 0 0 1 0.08
-2  2  4 -2 -4  0 -1 -3  3 -4 -3  3 -2 -4  1  0 -2 -5 -2 -2 1 0 0 0 0.11
 1 -3 -1  1 -3 -3 -3 -2 -3  1  1 -3 -1 -2 -3 -2  3 -4  0  3 0 0 1 0 0.16
 3 -1 -1  2 -2 -1  0  0 -2 -2 -1  1 -2 -3 -1  1  0 -4 -3  0 0 0 1 1 0.31
-1  2  1  1 -3  1  1  2 -2 -3 -3  3 -1 -4 -2  0 -1 -4 -3 -1 0 0 1 1 0.62
-2 -3 -2  1 -4  3 -2 -1 -3 -4 -4 -2 -3 -5  7 -1 -1 -5 -4 -4 0 0 1 1 0.71
 2  1  0 -2 -2 -1 -1  1 -2 -2 -1  1 -2  2  3 -1 -1 -3 -1 -2 0 0 1 1 0.79
-1  3 -1 -2 -3  2  1 -3  6 -3 -1  0 -2 -2 -3 -1 -2 -2  2 -3 0 0 1 1 0.83
 0 -3 -1 -2 -3 -2 -3  6 -3 -4 -4 -2 -3 -4 -3 -1 -2 -3 -4 -4 0 0 1 1 0.85
-2  6 -1 -2 -4  1  0 -3  0 -3 -2  2 -2 -3 -2 -1 -1 -3 -2 -3 0 0 1 1 0.87
