 0 -2  0 -1 -3 -2 -2  6 -2 -4 -4 -2 -3 -3 -2  0 -2 -3 -3 -3 0 0 1 1 0.82
 4 -1 -2 -2  0 -1 -1  0 -2 -1 -1 -1 -1 -2 -1  1  0 -3 -2  0 1 0 0 0 0.77
-1 -2 -3 -4 -2 -1 -3 -3 -2  1  2 -2  7  0 -3 -2 -1 -2 -1  0 1 0 0 0 0.58
-1  4  0 -1 -4  1  0 -2 -1 -3 -3  5 -2 -3 -2 -1 -1 -3 -2 -3 1 0 0 0 0.45
-1 -1  6  1 -3  0 -1 -1  0 -3 -3 -1 -2 -3 -2  1  2 -4 -2 -2 1 0 0 1 0.33
 1 -1  0  0 -2  0  2 -1  4 -3 -3  0 -2 -3 -1  3  0 -3 -1 -2 1 0 0 0 0.17
-3 -3 -4 -4 -3 -4 -4 -4 -2  0  0 -4  0  7 -4 -3 -3  1  3 -1 1 0 0 0 0.11
-2 -2  1  6 -4  0  1 -2  5 -4 -4 -1 -3 -3 -2 -1 -1 -4 -1 -4 1 0 0 1 0.09
-1  5 -1 -2 -2  0 -1 -2 -1 -2  0  1 -1 -2 -2  1  0 -3 -2 -2 1 0 0 0 0.07
-2 -3 -4 -4 -2 -2 -3 -4 -3  1  4 -3  2  0 -3 -3 -2  7  0  0 1 0 0 0 0.05
-1 -3 -3 -4  5 -3 -3 -4 -4  3  1 -3  0 -1 -3 -2 -1 -3 -2  3 1 0 0 0 0.05
-2  2  1  5 -4  0  2 -2 -1 -4 -4  0 -3 -4 -2 -1 -1 -4 -3 -3 1 0 0 1 0.03
 2 -2  0 -1 -2 -1 -1  5 -2 -3 -3 -1 -2 -3 -2  2  0 -3 -3 -2 1 0 0 1 0.03
-2 -3 -4 -4 -2 -3 -3 -4 -3  3  4 -3  2  0 -3 -3 -1 -2 -1  1 1 0 0 0 0.03
 3 -2 -2 -2 -1 -1 -1 -1 -2  1 -1 -1  0 -2 -1  1  2 -3 -2  1 1 0 0 0 0.04
 1  1 -1 -1 -2  1  0 -1 -1 -3 -3  4 -2 -3 -1  1  0 -3 -2 -2 1 0 0 1 0.05
-1  2  0  4 -3  0  1 -2 -1 -1 -2  0 -2 -3 -2 -1 -1 -4 -2  1 1 0 0 1 0.05
-2 -2 -3 -4 -3 -2 -3 -4  2 -2 -1 -2 -1  3 -3 -2 -2  2  8 -2 1 0 0 0 0.06
 0  0  2 -1 -3  3  0  3 -1 -3 -3  2 -2 -3 -2  1 -1 -3 -2 -3 0 0 1 1 0.07
-1 -2 -3 -3 -2 -1 -2 -3 -2  1  2 -2  6 -1  4 -2 -1 -2 -2  0 0 0 1 1 0.08
 1 -2 -2 -2 -3 -2 -1 -2 -3 -3 -3 -1 -3 -4  7 -1 -1 -4 -3 -2 0 0 1 0 0.09
 0 -1  1 -1 -2 -1 -1  1 -2 -2 -2 -1 -2 -3  2  2  3 -3 -2 -1 0 1 0 0 0.10
-1 -2 -2 -2 -2 -2 -2 -2 -2  0  2 -2  0  3  3  1 -1 -1  0 -1 0 0 1 1 0.11
-1 -2 -2 -2 -3 -2 -1 -2 -3 -3 -3 -1 -3 -4  8  0 -1 -4 -3 -3 0 0 1 1 0.11
 0 -1  1  2 -3  0  2  2 -1 -3 -3  0 -2 -4  4  0 -1 -3 -3 -3 0 0 1 1 0.13
 1  2 -1 -1 -3  1  0 -1 -1 -3 -3  5 -2 -3 -1  0 -1 -3 -2 -2 0 0 1 1 0.12
-1  1  0 -1 -3  3  1 -2  4 -3 -3  4 -2 -3 -2 -1 -1 -3 -1 -3 0 0 1 1 0.12
-2 -1  0 -2 -3  3  0 -3  7 -3 -2 -1 -1  3 -3 -1 -2 -2  1 -3 0 0 1 0 0.09
-2 -1  0  4 -4  1  4 -2 -1 -1 -3  0 -2 -3 -2 -1 -1 -4 -3 -2 0 0 1 1 0.07
-2 -1  3  5 -4  0  1 -2  5 -4 -4 -1 -3 -3 -2  0 -1 -4 -1 -4 0 0 1 1 0.06
-1 -1  0  4 -4  1  5 -2 -1 -4 -4  0 -3 -4 -2  0 -1 -4 -3 -3 0 0 1 0 0.05
-1 -3 -3 -4 -1 -3 -3 -4 -4  3  1 -3  1 -1 -3 -2  0 -3 -2  4 0 0 1 1 0.03
-2 -2 -3 -4 -3 -2 -3 -4  1 -2 -2 -2 -1  3 -4 -2 -2  2  8 -2 0 1 0 1 0.03
-1  4 -2 -3  8 -1 -2 -3 -2 -2 -2  0 -2 -3 -3 -1 -1 -3 -3 -2 0 1 0 0 0.02
-2 -3 -4 -4 -3 -3 -4 -4 -2  0  2 -3  0  6 -4 -3 -2  0  2 -1 0 1 0 0 0.02
 0 -1 -1  0 -2  1  3 -2 -1 -1 -1  1  2 -2 -2  0  2 -3 -2 -1 0 1 0 1 0.01
-2 -3 -4 -4 -2 -3 -4 -4 -2  0  0 -3  0  6 -4 -3 -2  0  2  1 0 1 0 0 0.01
-1  0  3  3 -4  3  3 -2  0 -3 -3  2 -2 -4 -2  0 -1 -3 -2 -3 1 0 0 1 0.01
-1 -2  0  4 -3 -1  2  4 -2 -4 -4 -1 -3 -4 -2  0 -2 -4 -3 -4 1 0 0 1 0.01
-1 -3 -3 -4 -1 -2 -3 -4 -3  3  3 -3  2  0 -3 -2 -1 -3 -1  3 1 0 0 0 0.01
 0 -1  2  0 -2  0  2 -1 -1 -3 -3  0 -2 -3  4  3  1 -3 -2 -2 0 0 1 1 0.01
-1 -3 -3 -4 -1 -2 -3 -4 -3  3  1 -3  3 -1 -3 -2 -1 -3 -1  3 0 1 0 0 0.01
-1  3  2 -1 -3  1  0 -2  4 -3 -3  4 -2 -3 -2  0 -1 -3 -1 -3 0 1 0 0 0.01
-1 -3 -4 -4 -2 -3 -4 -4 -4  4  2 -3  1  0 -3 -3 -1 -3 -2  3 0 1 0 0 0.01
-2 -2 -3 -4 -3 -2 -3 -4  1  1 -1 -3 -1  2 -4 -2 -2  1  7  0 0 1 0 0 0.01
-1  0  0 -1 -3  5  2  4 -1 -4 -3  0 -2 -4 -2  0 -1 -3 -2 -3 0 1 0 0 0.01
-2 -2  1  5 -3  0  3 -2 -1 -3 -3 -1 -3 -4 -2  0  2 -4 -3 -3 0 0 1 0 0.01
-1  3  0  1 -4  3  3 -2  0 -3 -3  3 -2 -4 -2  0 -1 -3 -2 -3 0 0 1 1 0.01
-2 -3 -2  2  2 -3 -2 -3 -2 -1 -1 -3 -1  5  3 -2 -2 -1  1 -2 0 0 1 1 0.01
-1  4 -1 -2 -4  0 -1  3 -1 -4 -3  2 -2 -3 -2 -1 -2 -3 -3 -3 0 0 1 1 0.01
-3 -3 -4 -5  5 -3 -4 -3 -2 -3 -2 -3 -2  1 -4 -3 -3 11  4 -3 0 1 0 0 0.01
-1 -3 -4 -4 -1 -3 -3 -4 -4  4  1 -3  1 -1 -3 -2 -1 -3 -2  4 0 1 0 0 0.01
-2 -2  2 -2 -3 -1 -2 -3  3 -2 -2 -2 -2  2 -3 -1 -2  1  7 -2 0 1 0 0 0.01
-2 -3 -4 -4 -2 -3 -4 -4 -2  2  2 -3  0  6 -4 -3 -2  0  2  0 0 1 0 0 0.01
 1 -2 -2 -3 -1 -1 -2 -2  3  2  1 -2  0 -1 -2 -1  0 -3 -1  2 0 1 0 0 0.01
 4 -2 -1 -2 -1 -1 -1  0 -2 -2 -2 -1 -1 -3 -1  3  0 -3 -2 -1 0 1 0 0 0.01
-1 -1  0  3 -2  0  3 -2 -1 -2 -3  0 -2 -3 -2  0  3 -3 -2 -2 0 1 0 1 0.01
-2 -3 -4 -4 -2 -3 -3 -4 -3  3  2 -3  2  3 -3 -3 -1 -2  0  2 0 1 0 0 0.01
 0 -3 -1 -2 -3 -2 -2  6 -3 -4 -4 -2 -3 -4  3 -1 -2 -3 -4 -4 0 1 0 1 0.01
 2  0 -1 -2 -2  3  0 -1 -1 -1 -2  1 -1 -3 -2  0  1 -3 -2  1 0 1 0 1 0.01
-2 -3 -3 -3 -2 -2 -3 -3 -1  1  1 -2  0  4  3 -2 -1  0  3  1 0 0 1 0 0.01
-1  0  1  2 -3  4  3 -2  2 -1 -2  0 -1 -3 -2 -1 -1 -3 -2  0 0 0 1 1 0.01
-1 -1  2  4 -3  0  1 -2  2 -1 -2  0 -2 -3 -2 -1 -1 -4 -2  0 0 0 1 1 0.01
 1  1 -1 -2 -2 -1 -1 -2 -2 -1  0  1 -1 -1 -2  0  1  7 -1 -1 0 0 1 1 0.02
-1 -2  1  3 -3 -1  0 -2  0 -2 -2 -1 -2  3 -2  1 -1 -1  3 -2 0 0 1 1 0.02
 2 -1  1 -1 -1  0  2 -1 -1  0 -2 -1 -1 -2 -1  2  0 -3 -2  0 1 0 0 1 0.02
-2 -2  3  6 -4 -1  1  2 -1 -4 -4 -1 -3 -4 -2  0 -1 -4 -3 -4 1 0 0 1 0.01
 1 -2 -1 -2 -2 -2 -2  2 -2 -1 -1 -2 -1  2 -2  0  3 -2  0  0 1 0 0 0 0.01
-1 -2 -2 -3  4 -2 -3 -3 -3  1  3 -2  3 -1 -3  1 -1 -2 -2  0 1 0 0 0 0.01
-1  2  2  0 -3  2  2  0  0 -2 -2  0  2 -3 -2  0 -1 -3 -2 -2 1 0 0 0 0.01
 0  2  0 -1 -2  0  2 -2  2 -3 -3  0 -2 -1 -2  3  0 -1  3 -2 1 0 0 1 0.01
 1 -2 -3 -3 -1 -2 -3 -3 -3  1  3 -2  2  0 -3 -1 -1 -2 -2  1 1 0 0 0 0.01
-2 -3 -4 -4 -2 -3 -3 -4 -3  1  5 -3  2  0 -3 -3 -2 -2 -1  1 1 0 0 0 0.01
 1  2 -1 -1 -3  4  0 -2  3 -3 -2  0 -1 -1 -2  0 -1 -1  3 -2 0 0 1 0 0.01
 1 -2 -3 -2 -2 -1  1 -3 -2  0  3 -2  1  1 -2 -1 -1 -2 -1  0 0 0 1 1 0.01
-2 -1  7  1 -3  0 -1 -1  0 -4 -4 -1 -3 -4 -3  0  0 -5 -3 -4 0 0 1 0 0.01
 0 -1  3  3 -2  0  2 -1 -1 -3 -3  0 -2 -3 -2  3  0 -4 -3 -3 0 0 1 1 0.01
-3 -3 -4 -4 -3 -4 -4 -4 -2 -1  0 -4  0  7 -4 -3 -3  1  3 -1 0 0 1 0 0.01
 1 -1  3  0 -2  0 -1 -1 -1 -3 -3 -1 -2 -3 -1  5  1 -4 -2 -2 0 0 1 0 0.01
-2 -3 -4 -4 -2 -3 -3 -4 -3  1  4 -3  1  4 -4 -3 -2 -1  1  0 0 0 1 0 0.01
-1  5 -1 -2 -3  1  0 -2 -1 -3 -2  3 -2 -3 -2  0  2 -3 -2 -2 0 0 1 1 0.01
-1  2  0 -1 -3  1  0 -2  4 -3 -3  4 -2 -3 -2  0  1 -3 -1 -2 0 0 1 1 0.01
-1 -3 -3 -2 -4 -2 -2 -3 -3 -3 -4 -2 -3 -4  8 -1 -2 -4 -4 -3 0 0 1 0 0.01
 1 -3 -3 -4  5 -3 -3 -3 -2 -1  0 -3 -1  6 -3 -1 -2  0  2 -1 0 0 1 0 0.01
-2 -3 -4 -4 -2 -3 -3 -4 -3  1  3 -3  1  5 -4 -3 -2 -1  1  2 0 0 1 0 0.01
-1 -2 -1 -2 -1 -2 -2 -3 -3  3  0 -2  0 -2 -2  0  4 -3 -2  1 0 1 0 0 0.01
-2 -3 -4 -4 -2 -3 -3 -4 -2  1  3 -3  2  5 -4 -3 -2 -1  1  1 0 1 0 0 0.01
 0 -3 -1 -2 -3 -2 -3  6 -3 -4 -4 -2 -3 -4 -3 -1 -2 -3 -4 -4 0 1 0 0 0.01
-2 -2 -3 -4 -2 -2 -3 -4 -3  1  4 -2  5  0 -3 -2 -1 -2 -1  1 0 1 0 0 0.02
-1 -1  4  5 -3  0  0 -1 -1 -3 -4 -1 -3 -4 -2  1  1 -4 -3 -3 0 0 1 1 0.02
 0 -1  3  2 -2  0  2  2 -1 -3 -3  1 -2 -3 -2  2  0 -3 -2 -3 0 0 1 1 0.02
 0  1  0  0 -3  3  3  1 -1 -3 -3  3 -2 -4 -1  0 -1 -3 -2 -3 0 0 1 1 0.03
-1  1 -1  1 -3  0  0  0 -1 -3 -3  4 -2 -1 -2 -1 -1 -2  3 -3 0 0 1 1 0.03
 0 -1  3  2 -2  0  0 -2 -1  0 -1  1 -1 -2 -2  0 -1 -4 -2  1 0 1 0 0 0.03
 0 -3 -2 -2 -2 -2 -3  5 -3 -1  2 -2  0 -2 -3 -1 -2 -3 -2 -1 0 1 0 0 0.03
-1 -2 -2 -2 -2 -1  2 -3 -2  3  1 -2  0 -1 -2 -2 -1 -3 -2  3 0 1 0 0 0.03
-2 -3 -4 -4 -2 -3 -3 -4 -3  3  4 -3  2  0 -3 -3 -1 -2 -1  2 0 1 0 0 0.03
-1 -1  0 -1 -3  0 -1 -2  8 -4 -3 -1 -2 -2 -2  1 -1 -3  1 -3 0 1 0 0 0.03
 3 -2 -1 -2 -1 -1 -1 -1 -2 -1 -2 -1 -1 -3 -1  1  4 -3 -2  0 0 1 0 0 0.03
-2  7 -1 -2 -4  1 -1 -3 -1 -4 -3  2 -2 -3 -3 -1 -2 -3 -2 -3 0 1 0 0 0.03
-1 -1 -2 -2 -2  2 -1 -3 -2  3  1 -1  1 -1 -2 -1  2 -3 -2  2 0 1 0 0 0.03
-1 -3 -3 -2 -3 -2 -2 -3 -3 -2  0 -2 -2 -3  8 -2 -2 -4 -3 -2 0 1 0 0 0.02
-2 -3 -4 -4 -2 -2 -3 -4 -3  1  4 -3  1  0  3 -3 -2 -2 -2  0 0 0 1 0 0.02
 1 -2  2 -2 -2 -2 -2 -2 -2  2  2 -2  1 -1 -3 -1 -1 -3 -2  1 0 0 1 0 0.02
-1 -1  2  3 -4  1  5 -2  0 -4 -4  0 -3 -4 -2  0 -1 -4 -3 -3 0 0 1 1 0.02
-1 -3 -3 -4 -1 -2 -3 -4 -3  3  3 -3  3  0 -3 -2 -1 -2 -1  3 0 0 1 0 0.02
-2  0  3  5 -4  0  2 -2 -1 -4 -4  2 -3 -4 -2  0 -1 -4 -3 -3 0 0 1 0 0.02
 0 -1  5  1 -3  0  2  2  0 -3 -4  0 -2 -3 -2  1  0 -4 -3 -3 1 0 0 0 0.02
 1 -2 -2 -2 -1 -1  1 -3 -2  1  0 -1  0 -2 -2 -1  0 -3 -2  4 1 0 0 1 0.02
-1  1  0  0 -3  4  4 -2  0 -3 -3  1 -2 -4 -2  1  0 -3 -2 -3 1 0 0 1 0.02
 1 -2 -2 -3 -2 -1 -2  2 -2  0  1 -2  6 -1 -3 -1 -1 -2 -2  0 1 0 0 0 0.02
-1  5 -2 -3 -3  0 -1 -3 -1  1 -1  1 -1 -2 -3 -2 -1 -3 -2  1 1 0 0 0 0.01
 1  3 -1 -1 -3  1  2 -2 -1 -3 -3  4 -2 -3 -2  0 -1 -3 -2 -2 1 0 0 1 0.01
 0 -3 -2 -3 -1 -2 -2 -3 -3  3  2 -2  1 -1 -3  0  0 -3 -2  3 1 0 0 0 0.01
-3 -3 -4 -4 -3 -4 -4 -4 -2 -1  0 -4  0  7 -4 -3 -3  1  3 -1 1 0 0 0 0.01
-1  0 -1  1 -4  4  5 -3  0 -4 -3  1 -2 -4 -2  0 -1 -3 -2 -3 1 0 0 1 0.01
 1  0  1  2 -3  1  2 -1  4 -3 -3  2 -2 -3 -2  1 -1 -3 -1 -2 1 0 0 1 0.02
-2 -3 -4 -4 -2 -3 -3 -4 -3  2  4 -3  2  3 -3 -3 -2 -1  0  1 1 0 0 0 0.02
-2  0 -3 -4 -2 -2 -3 -4 -3  2  3 -2  1  3 -3 -3 -1 -1  0  1 1 0 0 0 0.02
-1 -1  3  3 -3  0  1  2  4 -4 -4 -1 -3 -3 -2  1 -1 -4 -1 -3 1 0 0 1 0.04
 1 -2 -2 -3 -1 -2 -2 -2 -3  1  2 -2  1 -1 -2  1  0 -3 -2  3 1 0 0 0 0.04
 4 -2 -1 -2 -1 -1 -1  0 -2 -2 -2 -1 -1 -3 -1  3  0 -3 -2 -1 1 0 0 0 0.05
 1 -2  0 -1 -2 -1 -1  3  4 -2 -2 -1 -2 -2 -2  1  1 -3 -1 -1 1 0 0 1 0.06
 1 -1 -1  2 -3  0  3  3 -1 -3 -3  0 -2 -3 -2  0 -1 -3 -3 -3 1 0 0 1 0.08
-1 -3 -3 -4 -2 -3 -3 -4 -3  4  1 -3  3 -1 -3 -3 -1 -3 -2  3 1 0 0 0 0.12
-1  4 -1 -1 -4  1  0 -2 -1 -3 -3  5 -2 -4 -2 -1 -1 -3 -2 -3 1 0 0 1 0.10
 0  1  3  0 -3  1  0 -1 -1 -3 -3  4 -2 -3 -1  0 -1 -4 -2 -2 1 0 0 1 0.16
-1  1  0 -1 -2  0 -1 -2  4 -2 -2  1 -1 -2 -2  1  3 -3 -1 -1 1 0 0 1 0.11
-2 -3 -4 -4 -2 -3 -4 -4 -2  0  2 -3  1  6 -4 -3 -2  0  2 -1 1 0 0 0 0.14
-1  0  5  3 -3  0  0  1  0 -4 -4  2 -3 -4 -2  0 -1 -4 -3 -3 0 0 1 1 0.17
-2 -3 -4 -4 -2 -3 -3 -4 -2  1  3 -3  1  5 -4 -3 -2 -1  1  0 0 0 1 1 0.21
-1 -3 -3 -3 -1 -3 -3 -4 -3  4  1 -3  1 -1 -3 -2  0 -3 -1  4 0 0 1 1 0.30
