 3 -1  0 -1 -1 -1 -1  0 -1 -2 -2 -1 -1 -2 -1  3  1 -3 -2 -1 0 0 1 1 0.95
-1  2  1 -1 -3  1  1 -2 -1 -3 -3  5 -2 -4 -1  0 -1 -3 -2 -3 0 0 1 1 0.94
-1  2  2 -1 -4  1  0 -2 -1 -3 -3  5 -2 -4 -1  0 -1 -4 -2 -3 0 0 1 1 0.95
-1 -1  5  0 -3 -1 -1  3  0 -4 -4  0 -3 -3 -2  0 -1 -4 -3 -3 0 0 1 1 0.95
-1  1  0 -1 -4  7  2 -2  0 -3 -3  1 -1 -4 -2 -1 -1 -3 -2 -3 1 0 0 1 0.94
 2 -1  0 -1 -1 -1 -1 -1 -1 -2 -3 -1 -2 -3 -1  4  2 -3 -2 -2 1 0 0 0 0.95
-1  0  4  0 -2  1  1 -1  0 -2  0  0 -1 -2 -2  1  1 -3 -2 -2 1 0 0 1 0.94
-2  6 -1 -2 -4  1  0 -3 -1 -4 -3  2 -2 -3 -3 -1 -2 -3 -2 -3 1 0 0 1 0.96
-2 -3 -4 -4 -2 -3 -3 -4 -3  1  5 -3  2  0 -3 -3 -2 -2 -1  1 1 0 0 0 0.96
 0 -2  0 -1 -1 -1 -1  1 -2 -1 -2 -1 -1 -3 -2  2  5 -3 -2 -1 1 0 0 1 0.95
 0 -1  1  0 -2  0  3 -2 -1  0 -1  1  1 -2 -2  0  1 -3 -2  0 1 0 0 1 0.93
-1  0 -1 -1 -4  7  1 -2  0 -4 -3  1 -1 -4 -2 -1 -1 -3 -2 -3 1 0 0 1 0.89
-2  0  0 -1 -4  4  0 -3  8 -4 -3  0 -2 -2 -2 -1 -2 -3  1 -3 1 0 0 0 0.87
-1  2 -1 -1 -4  1  2 -2 -1 -3 -3  5 -2 -4 -2 -1 -1 -4 -2 -3 1 0 0 1 0.82
 1 -1 -1  0 -2  1  4 -2 -1 -2  0  1 -1 -2 -2  0 -1 -3 -2 -1 0 0 1 1 0.78
 0  0  0 -1 -2  0 -1  3 -1 -3 -3  2 -2 -3 -1  3  0 -3 -2 -3 0 0 1 1 0.62
-1  0  3  0 -3  3  0  1  3 -3 -1  2 -1 -3 -2  0 -1 -3 -1 -2 0 0 1 1 0.60
 0 -2 -1 -1 -2 -1 -2  6 -2 -3 -3 -1 -2 -2 -2  0 -1 -2 -2 -2 0 0 1 1 0.53
 0 -2 -2 -2 -1 -1 -2 -2 -2  1  0 -1  0 -1  4 -1  0 -2 -1  3 1 0 0 1 0.42
 0 -2 -2 -2 -1 -1 -1 -2 -2  2  1 -1  1 -1 -1 -1  0 -2 -1  3 1 0 0 0 0.36
 0 -1  1 -1 -2 -1 -1  4 -2 -2 -2 -1 -2 -2 -1  1  3 -2 -2 -1 1 0 0 1 0.30
-1 -3 -3 -3 -1 -2 -3 -3 -3  5  1 -2  1 -1 -2 -2 -1 -2 -1  3 1 0 0 1 0.33
-2 -3 -3 -3 -2 -3 -3 -3 -2  2  0 -3  0  6 -3 -2 -2  0  2  0 1 0 0 0 0.25
-1 -1  3  0 -2 -1 -1  4  3 -3 -3 -1 -2 -2 -2  0  1 -2 -2 -2 1 0 0 0 0.28
 0 -1  0  3 -2  0  2 -2 -2 -2 -3  1 -2 -3 -2  0  3 -3 -2 -2 1 0 0 1 0.21
 0  0  0  2 -3  1  3 -2 -1 -3 -3  2 -2 -3 -2  0  2 -3  0 -2 1 0 0 1 0.17
 4 -2 -1 -2 -1 -1 -1 -1 -2 -2 -2 -1 -2 -3 -1  3  1 -3 -2 -1 1 0 0 0 0.16
-1  2  0 -1 -3  2  0 -2 -1 -3 -3  4 -2 -4 -2  2  0 -3 -2 -3 1 0 0 1 0.13
-1  0  2 -1 -2  0  0 -2 -1  0  1  2  1  0 -2  0 -1 -3 -1 -1 1 0 0 1 0.14
-2 -1  0  2 -4  3  0 -3  8 -4 -4 -1 -2 -3 -3 -1 -2 -3  0 -4 1 0 0 1 0.12
-2 -2  0  6 -4  0  3 -2 -2 -4 -4 -1 -4 -4 -2 -1 -2 -5 -4 -4 0 0 1 1 0.13
 0 -1 -2 -3 -2 -1 -1 -3 -2  1  2  2  3 -1 -2 -1 -1 -3 -2  0 0 0 1 0 0.11
 0 -1  2  0 -2  2  1  1 -1 -2  0  0 -1 -2 -2  1  2 -3 -2 -1 0 0 1 1 0.09
-1 -3 -4 -4 -1 -3 -3 -4 -4  3  2 -3  1 -1 -3 -3 -1 -3 -2  4 1 0 0 0 0.08
-1  2 -1 -2 -3 -1 -2  4 -1 -3 -3 -1 -2 -1 -3  1 -1 -2  3 -3 1 0 0 0 0.07
-1  0  1  2 -3  3  3 -2 -1 -3 -3  2 -2 -4 -2  1 -1 -3 -2 -3 1 0 0 1 0.06
 3 -2 -2 -3 -1 -2 -2 -2 -3  3  0 -2  0 -2 -2  0  1 -3 -2  2 1 0 0 0 0.05
 0 -2 -1 -2 -2 -1 -1 -2 -2  0  1 -1  3  0 -2  3  1 -3 -1  1 1 0 0 0 0.05
 0  1  0 -1 -3  1  1 -2  3 -1 -1  3 -1 -2 -2 -1 -1 -3 -1  0 1 0 0 1 0.04
-1 -1 -1  1 -2 -1 -1  0  2  0  2  1  0  1 -2  0 -1 -2 -1 -1 1 0 0 0 0.03
 2 -3 -3 -3 -1 -2 -3 -3 -3  2  0 -2  0 -2 -3 -1 -1 -3 -2  4 1 0 0 0 0.03
-1 -2 -2 -3 -2 -1 -2 -3 -2  2  2  0  3 -1 -2  0  1 -3 -2  1 1 0 0 1 0.03
-1  1  0  0 -3  2  3 -2 -1 -1 -1  2  2 -3 -2  0  1 -3 -2 -1 1 0 0 1 0.02
-1  3 -1 -2 -3  3  0 -2  0 -3 -3  3 -2 -1 -2 -1 -1 -2  3 -3 1 0 0 0 0.02
-2 -3 -4 -4 -2 -3 -4 -4 -4  1  5 -3  2  0 -4 -3 -2 -2 -2  0 1 0 0 0 0.02
 0  1 -1  0 -3  2  3 -2 -1 -3 -3  3 -2 -3 -1  0  1 -3 -2 -2 1 0 0 1 0.02
 0  0  2  1 -3  1  4 -2 -1 -3 -3  2 -2 -3 -2  0 -1 -3  0 -3 1 0 0 1 0.02
-2  2  0  2 -4  1  4 -2 -1 -4 -3  3 -2 -4 -2 -1 -1 -4 -3 -3 1 0 0 1 0.02
-3 -3 -4 -4 -3 -4 -4 -4 -1 -1  0 -4 -1  7 -4 -3 -3  1  4 -2 0 0 1 1 0.01
-1 -1 -1 -1 -3 -1 -1 -2 -2 -3 -3  2 -2 -3  6  0 -1 -3 -3 -2 0 0 1 1 0.01
-1 -1  2 -1 -3  3 -1  4 -1 -2 -1  0  1 -3 -2  0 -1 -3 -2 -2 0 0 1 1 0.01
-2 -3 -4 -4 -2 -3 -3 -4 -2  3  4 -3  1  1 -3 -3 -2 -1  3  1 0 0 1 0 0.01
 1 -1  0  2 -2  0  2 -1 -1 -2 -3  0 -2 -3 -1  2  3 -3 -2 -2 0 0 1 1 0.01
-3 -3 -4 -4 -3 -4 -4 -4 -2  2  1 -4  0  7 -4 -3 -2  0  2  0 0 1 0 0 0.01
-1  4 -1 -1 -3  2  2 -3 -1  0 -2  1 -1 -3 -2 -1  1 -3 -2 -1 0 1 0 1 0.01
-2 -2 -2 -3 -3 -2 -2 -3  5  0  0 -2 -1  3 -3 -1 -2  5  5 -1 0 1 0 1 0.01
-2  4 -1  0 -4  1  4 -3 -1 -4 -3  3 -2 -4 -2 -1 -1 -3 -2 -3 0 1 0 0 0.01
 0  2  0  0 -3  1  0 -2 -1 -2 -3  3 -2 -3  2  0  2 -3 -2 -2 0 0 1 1 0.02
 0  0  1  0 -2  3  0 -1 -1 -3 -3  1 -2 -3 -2  3  2 -3 -2 -2 0 0 1 0 0.02
 0 -3 -4 -4 -2 -3 -3 -3 -3  4  2 -3  1 -1 -3 -2 -1 -3 -2  2 0 1 0 0 0.02
-1  1 -1 -1 -3  1  2 -2 -1 -2 -2  2  2 -3 -2  1  2 -3 -2 -2 0 1 0 1 0.02
-1  0 -2 -2 -3  0 -1 -3 -2  2  2  4  2 -2 -2 -2 -1 -3 -2  0 1 0 0 0 0.02
 1  0 -1  0 -2  2  3 -2 -1  0 -2  2 -1 -3 -2  1  0 -3 -2 -1 1 0 0 1 0.02
-1 -1  0  4 -4  0  4 -2 -1 -3 -3 -1 -2  1 -2 -1 -2 -2  2 -3 1 0 0 1 0.02
-2 -3 -4 -4 -2 -3 -4 -4 -4  5  1 -3  4 -1 -4 -3 -1 -3 -2  2 1 0 0 0 0.03
-2 -2  5 -1 -2 -2 -2 -2 -1  3 -1 -2 -1 -2 -3 -1 -1 -4 -2  1 1 0 0 0 0.03
-1  0  0  2 -3  1  3 -2 -1 -2 -2  2 -2 -3 -2  1  1 -3 -2  0 1 0 0 1 0.03
 2 -1  1 -1 -2 -1 -1  1  2 -1 -2  0 -1  1 -2  1  0 -2 -1  0 1 0 0 0 0.03
-2 -3 -4 -4 -2 -3 -4 -4 -4  3  4 -3  1  0 -4 -3 -2 -2 -2  1 1 0 0 0 0.03
-2  5 -1 -2 -4  3  0 -3 -1 -4 -3  4 -2 -4 -2 -1 -1 -3 -2 -3 1 0 0 1 0.03
-1  2 -1 -1 -3  0  0  0 -1 -2 -2  3  2 -3 -2  1  1 -3 -2 -2 0 0 1 1 0.04
-1 -1 -2 -2 -2  1 -1 -3 -2  3  1  1  0  0 -2  1  0 -3 -1  1 0 0 1 1 0.05
-2 -1  2  5 -3 -1  0 -2 -1 -3 -2  0 -2  3 -2 -1  0 -3 -1 -3 0 0 1 1 0.05
-1 -2 -1  2 -3 -1 -1 -1 -2  0 -2  0  0 -3  5 -1 -1 -4 -3  0 0 0 1 1 0.05
-1  3  0  2 -3  0  2 -2 -1 -3 -2  1 -2  0 -2 -1  1 -2  2 -2 0 0 1 1 0.06
 0 -2 -3 -2 -2  1  0 -3 -2  1  3 -2  1 -1 -3 -2 -1 -3 -2  2 0 0 1 1 0.07
-1 -2  0  2 -3  0  3  4 -2 -4 -4 -1 -3 -4 -2  1 -1 -3 -3 -3 0 0 1 0 0.06
-2  0 -1  1 -3  4  0 -1 -1 -2 -1  1 -1  5 -3 -1 -2 -1  1 -2 0 0 1 1 0.06
 1 -1  0  4 -2 -1  0 -2 -2 -2 -3  0 -2 -3 -2  0  4 -4 -3 -1 0 0 1 1 0.06
 0 -2 -2  1 -2 -2 -2 -3 -3  2  3 -2  1 -1 -3 -1  0 -3 -2  1 0 0 1 1 0.05
-2 -2  1 -2 -3  1 -2 -3 -2 -2 -1 -2 -1  6  4 -2 -2 -1  1 -2 0 0 1 1 0.05
-1 -2 -2 -3 -1 -2 -2 -3 -2  2  2 -2  0  3 -2  0 -1 -1  0  3 0 0 1 1 0.05
-1 -2 -1  1  3  1  2 -3 -2  0 -1 -1 -1  1  4  0 -1 -3 -1 -1 0 0 1 1 0.05
 0 -1  5  2 -3  0  1 -1  0 -3 -4  0 -3 -4 -2  1  0 -4 -3 -3 0 0 1 1 0.04
 2  2  1 -1 -2  0 -1 -1 -1 -3 -3  0 -2 -3 -2  3  2 -3 -2 -2 0 0 1 0 0.03
 0  0  0 -1 -2  0 -1 -2 -1 -2 -3  2 -2 -2 -2  3  2 -2  2 -2 0 1 0 1 0.03
-2 -3 -4 -4 -2 -3 -4 -4 -4  5  1 -3  4 -1 -3 -3 -1 -3 -2  2 0 1 0 0 0.02
-1  2 -1 -2 -3  0  0 -2 -2  1 -1  4 -1 -3 -2  1 -1 -3 -2  1 0 0 1 1 0.02
-2 -3 -3 -2 -4 -2 -2 -3 -3 -4 -4 -2 -4 -5  8 -2 -2 -5 -4 -3 0 0 1 0 0.02
-3 -2  1  7 -4 -1  1 -2 -2 -4 -5 -2 -4 -5 -2 -1 -2 -5 -4 -4 0 0 1 1 0.01
-1 -3 -1 -2 -3 -3 -3  6 -3 -5 -5 -2 -4 -4 -3 -1 -2 -3 -4 -4 0 0 1 0 0.01
-1 -3 -1 -2 -3 -3 -3  6 -3 -5 -5 -2 -4 -4 -3 -1 -2 -3 -4 -4 0 0 1 0 0.01
-2 -4 -4 -4 -2 -3 -4 -4 -4  5  1 -3  1 -1 -3 -3 -1 -3 -2  3 0 1 0 0 0.01
-2 -3 -4 -4 -2 -3 -3 -4 -3  3  3 -3  1  0 -3 -2  0 -3 -2  2 0 1 0 0 0.01
-1 -1 -1  0 -3  0  4 -3 -1 -2  0 -1 -1  3 -2  0 -1 -1  2 -2 0 1 0 0 0.01
-1 -3 -4 -4 -2 -3 -3 -4 -3  3  3 -3  3 -1 -3 -2 -1 -3 -2  4 0 1 0 0 0.01
-1  1 -1 -2 -3  2  0 -2 -1 -1 -2  5  2 -3 -2 -1 -1 -3 -2  0 0 1 0 1 0.01
 0 -1  0  5 -3 -1  1 -1 -2 -3 -4  1 -3 -4 -2  2 -1 -4 -3 -3 0 0 1 0 0.01
 0  0  0  6 -4  0  3 -2 -1 -4 -4 -1 -3 -4 -2 -1 -1 -4 -3 -3 0 0 1 1 0.01
-2 -1  4  4 -4 -1  1  1  2 -4 -4  0 -3 -3 -2  0 -1 -3  1 -3 0 0 1 1 0.01
 0  0  1  2 -3  0  2  4 -1 -4 -4 -1 -3 -4 -2  2 -1 -3 -3 -3 0 0 1 1 0.01
-2  1  4  0 -3  0  2 -2  0 -3 -3  0 -2  1 -3 -1 -1 -1  4 -3 0 0 1 1 0.01
-2  3 -3 -3  3 -1 -2 -3 -2 -3 -3  2 -2 -1 -3 -2 -2 10  0 -3 0 1 0 1 0.01
-2  5 -1 -2 -4  0 -1 -3 -1 -3 -2  3 -2  3 -3 -1 -2 -2  0 -3 0 1 0 0 0.01
-1 -3 -3 -3 -2 -3 -3 -4 -3  3  0 -2  0 -2  5 -2 -1 -4 -2  3 0 1 0 0 0.01
-1 -3 -4 -4 -1 -3 -3 -4 -4  4  2 -3  1 -1 -3 -3 -1 -3 -2  3 0 1 0 0 0.01
-2 -3 -4 -4 -2 -2 -3 -4 -3  1  4 -3  2  0 -3 -3 -1 -2 -1  1 0 1 0 0 0.01
-1 -3 -3 -4 -1 -3 -3 -4 -4  4  1 -3  1 -1 -3 -2 -1 -3 -2  4 0 1 0 0 0.01
 1 -1  0 -1 -1 -1 -1  1 -2 -2 -3 -1 -2 -3 -1  4  3 -3 -2 -2 0 1 0 0 0.02
-1 -1 -1  1 -4  2  6 -3 -1 -4 -3  0 -3 -4 -2 -1 -1 -3 -3 -3 0 1 0 0 0.03
 3 -1 -2 -2 -1 -1 -1 -1 -2  0 -1  0 -1 -2 -1  1  0 -3 -2  1 0 1 0 0 0.05
-1  2 -1 -1 -4  1  0 -2 -1 -3 -3  6 -2 -4 -2 -1 -1 -4 -2 -3 0 1 0 0 0.05
-2  3  3 -1 -3  0 -1 -2  7 -3 -3  0 -2  0 -3 -1 -2 -2  2 -3 0 1 0 1 0.07
-1  0 -1 -1 -4  7  1 -3  0 -4 -3  1 -1 -4 -2 -1 -1 -3 -2 -3 0 0 1 0 0.08
 0 -3 -1 -2 -3 -2 -3  6 -3 -4 -4 -2 -3 -4 -3 -1 -2 -3 -4 -4 0 0 1 1 0.09
-1  1  2 -1 -2  0  0 -2 -1 -2 -2  4 -2 -3 -2  0  3 -3 -2 -2 0 0 1 1 0.10
-2 -2  5  5 -4 -1  1 -1 -1 -4 -4 -1 -3 -4 -2  0 -1 -5 -3 -4 1 0 0 0 0.11
-2 -3 -1  4 -2 -2 -1 -3 -3  3  0 -2  0 -2 -3 -2 -1 -4 -2  2 1 0 0 0 0.11
-1 -1 -1  0 -3  1  4 -3 -1  0  0  1  1 -2 -2 -1 -1 -3 -2  0 1 0 0 1 0.10
-2  4  5  0 -3  0 -1 -2  0 -3 -1  2 -2 -3 -2  0 -1 -4 -2 -3 1 0 0 0 0.11
 0 -2 -3 -3 -2  1 -2 -3 -2  4  1 -2  1 -1 -3 -2 -1 -3 -2  2 1 0 0 0 0.11
 0  3 -1 -1 -3  2  1 -2 -1 -2 -1  4 -1 -3 -2 -1 -1 -3 -2 -2 1 0 0 1 0.10
 2  0  1  0 -2  2  3 -1 -1 -3 -3  2 -2 -3 -1  0 -1 -3 -2 -2 0 0 1 1 0.11
 0 -3 -1 -2 -3 -2 -3  6 -3 -4 -4 -2 -3 -4 -3 -1 -2 -3 -4 -4 0 0 1 1 0.12
-1  1  0 -1 -2  0  0 -2 -1  1  1  2  0 -1 -1 -1  0 -2 -1  1 0 0 1 1 0.11
-1 -1 -2 -2 -1 -1 -1 -2 -2  1  3 -1  1  0 -1 -1 -1 -1 -1  0 0 0 1 1 0.10
 0 -1 -1 -1 -1  1 -1 -1 -1  1  0 -1  0 -1 -1 -1  0 -1 -1  3 0 1 0 0 0.11
 0 -1  0 -1 -2 -1 -1  5 -1 -2 -2 -1 -1 -2 -1  0 -1 -1 -2 -2 0 0 1 1 0.10
 0  1  0 -1 -1  1  0 -1 -1 -1 -1  3 -1 -2  0  0  0 -1 -1 -1 0 0 1 1 0.10
 1  1  2  1 -1  0  0 -1  0 -1 -1  2 -1 -1 -1  0  0 -1  0 -1 0 0 1 1 0.12
 0  0  3  1 -1  0  0  0  0 -2 -2  1 -1 -2 -1  1  0 -2 -1 -1 0 0 1 1 0.13
-1 -1  3  4 -2  0  1 -1  0 -2 -2  0 -1 -2 -1  0  0 -2 -1 -2 0 0 1 1 0.11
-1  2  0 -1 -3  5  1 -2  0 -3 -2  3 -1 -3 -1  0 -1 -2 -2 -2 0 1 0 1 0.11
-2 -1  0  5 -4  0  2 -2 -1 -3 -4  1 -3 -4  3 -1 -1 -4 -3 -3 0 0 1 0 0.11
-2  2 -2 -3 -2 -1 -1 -3 -2  0  3  2  1  1 -2 -2 -1 -2 -1  0 0 0 1 1 0.10
-1 -1 -2 -2 -2  4  0 -3 -1  0  1  0  6 -1 -2 -1 -1 -2 -2 -1 0 0 1 1 0.09
 4 -1 -1 -2 -1  1 -1  0 -2 -2 -2 -1 -1 -3  1  1  0 -3 -2 -1 0 0 1 1 0.09
 3  2 -1 -2 -1  1 -1 -1 -1 -2 -1  0  1 -2 -1  0  1 -3 -2 -1 0 0 1 0 0.09
 0 -3 -1 -2 -3 -2 -3  6 -3 -4 -4 -2 -3 -4 -3 -1 -2 -3 -4 -4 0 0 1 1 0.08
-2 -1  7  1 -3  0 -1 -1  0 -4 -4 -1 -3 -4 -3  0  0 -4 -3 -4 0 0 1 1 0.07
 5 -2 -2 -2 -1 -1 -1  0 -2 -1 -2 -1 -1 -3 -1  1  0 -3 -2  0 1 0 0 1 0.06
-2 -3 -4 -4 -2 -3 -4 -4 -4  5  1 -3  1 -1 -3 -3 -1 -3 -2  3 1 0 0 0 0.05
-1 -1 -1  1 -4  2  6 -3 -1 -4 -3  0 -3 -4 -2 -1 -1 -3 -3 -3 1 0 0 1 0.04
-2  7 -1 -2 -4  1 -1 -3 -1 -4 -3  2 -2 -3 -3 -1 -2 -3 -2 -3 1 0 0 1 0.04
 1 -2 -2 -2 -1 -1 -2 -2 -2  0  3 -2  2 -1 -2  2  0 -2 -2  0 1 0 0 0 0.03
-1 -2 -1 -2 -3 -1 -2  4  6 -3 -3 -2 -2 -1 -3 -1 -2 -1  3 -3 1 0 0 1 0.02
-1  2 -1 -1 -4  1  0 -2 -1 -3 -3  6 -2 -4 -2 -1 -1 -4 -2 -3 1 0 0 1 0.02
-2 -1  7  1 -3 -1 -1 -1  0 -4 -4 -1 -3 -4 -3  0 -1 -4 -3 -4 1 0 0 0 0.02
-1 -3 -4 -4 -1 -3 -3 -4 -3  4  2 -3  1  0 -3 -2 -1 -3 -2  3 1 0 0 0 0.01
 1 -1  0 -2 -1 -1 -1 -2 -2  2  0  0  0 -2 -2  2  2 -3 -2  1 1 0 0 1 0.01
 1 -1 -1  0 -3  1  4  3 -1 -4 -3  0 -2 -4 -2  0 -1 -3 -3 -3 1 0 0 0 0.01
-2 -3 -4 -4 -2 -3 -3 -4 -3  4  2 -3  2  3 -3 -3 -1 -2  0  2 1 0 0 0 0.01
 3  4 -1 -2 -2  0 -1 -1 -1 -2 -2  2 -1 -3 -2  0 -1 -3 -2 -1 1 0 0 0 0.01
 2 -1  5  0 -2 -1 -1 -1  0 -3 -3 -1 -2 -3 -2  1  1 -4 -2 -2 1 0 0 1 0.01
 0 -2 -2 -3 -2 -2 -2 -3 -1  0  1 -2  4  4 -3 -1 -1  0  3  0 1 0 0 0 0.01
-2 -2 -3 -4 -2 -1 -3 -3 -2  1  2 -2  7  2 -3 -2 -1 -2 -1  0 0 0 1 0 0.01
-2 -2  0 -3 -2 -2 -3 -3 -2  2  4 -2  4  0 -3 -2 -1 -2 -1  1 0 0 1 1 0.01
 1  1  0  1 -2  0  2  0  3 -3 -2  1 -2 -3 -2  2  0 -3 -1 -2 0 0 1 1 0.01
-2 -1 -1  3 -4  1  6 -3 -1 -4 -4  0 -3 -4 -2 -1 -2 -4 -3 -3 0 0 1 0 0.01
 1 -1  1 -1 -2 -1 -1  2 -2 -2  0  1 -1 -3 -2  3  0 -3 -2 -2 0 0 1 1 0.01
-2  0 -2 -3 -3 -1 -2 -4  6  3 -1 -2 -1  0 -3 -2 -2 -2  3  0 0 1 0 0 0.01
-2 -3 -3 -4 -2 -3 -3 -4 -2  2  0 -3  0  6 -4 -2  1  0  2  0 0 0 1 0 0.01
-2 -3 -3 -2 -4 -2 -2 -3 -3 -4 -4 -2 -3 -5  8 -2 -2 -5 -4 -3 0 0 1 0 0.00
-3 -3 -3 -4 -3 -3 -3 -4  0 -1 -1 -3 -1  6 -4 -3 -2  1  6 -2 0 1 0 0 0.00
-1 -3 -4 -4 -1 -3 -3 -4 -4  3  1 -3  0 -1 -3 -2 -1 -3 -2  5 0 1 0 0 0.00
-1 -3 -4 -4  8 -3 -4 -4 -4  1  3 -3  0 -1 -3 -2 -1 -3 -2  1 0 1 0 0 0.00
-3 -4 -4 -4 -3 -4 -4 -4 -2 -1  0 -4 -1  7 -4 -3 -3  0  3 -2 0 1 0 0 0.00
-1 -3 -2 -3 -2 -2 -3  4 -3  0  3 -2  0 -1 -3 -2 -2 -2 -2 -1 0 1 0 0 0.01
-2 -1 -1  1 -4  2  4 -3  0 -3 -3 -1 -2  0 -2 -1 -2  7  3 -3 0 1 0 0 0.01
 0 -3 -1 -2 -3 -2 -3  6 -3 -4 -4 -2 -3 -4 -3 -1 -2 -3 -4 -4 0 0 1 0 0.01
 0 -2 -1 -2  7 -2 -2 -2 -2 -2 -2 -2 -2 -2 -2  3  1  5 -2 -2 0 0 1 0 0.01
-2 -1  5  5 -4 -1  0 -1 -1 -4 -4 -1 -3 -4 -2  0 -1 -5 -3 -4 0 0 1 0 0.01
-3 -4 -4 -4 -3 -4 -4 -4 -2 -1  0 -4 -1  7 -4 -3 -3  0  3 -2 0 0 1 0 0.01
 1 -2  1  0 -2 -1 -1 -2  2  0  2 -2  1 -1 -2 -1 -1 -2 -1  1 0 0 1 0 0.01
-1 -1  0  0 -2  0  2 -2  2 -2 -2  0 -1 -2 -1  1  4 -3 -1 -1 0 0 1 1 0.01
-1  1  0  2 -3  2  4 -2  0 -2 -2  1 -1 -2 -1  0 -1 -2 -2 -2 0 0 1 1 0.01
 0 -1  2  2 -2  0  2 -1 -1 -2 -2  0 -1 -2 -1  1  3 -2 -2 -1 0 0 1 1 0.02
-1 -1 -1 -2 -1 -1 -1 -2 -2  2  0  1  0  1 -1 -1  1 -2  0  2 0 1 0 0 0.02
 0  0  1  0 -1  0  1 -1 -1 -1 -1  0 -1  1  0  2  1 -2 -1 -1 0 1 0 1 0.03
 0 -2 -2 -2 -1 -2 -2 -2 -2  3  1 -2  0 -1 -2 -1  0 -2 -1  4 0 1 0 0 0.03
 0  0  0  1 -1  0  1 -1 -1 -1 -1  1 -1 -2 -1  0  3 -2 -1 -1 0 1 0 1 0.04
-1  5  0 -1 -2  1  0 -1  0 -2 -1  1 -1 -1 -1  0 -1 -1 -1 -1 0 0 1 0 0.05
-1 -1 -1 -1 -2 -1 -1 -1 -1 -1 -1 -1 -1 -2  6  0 -1 -2 -1 -1 0 0 1 1 0.05
-1 -1  1  5 -2  0  1 -1 -1 -2 -2  0 -1 -2 -1  0 -1 -2 -1 -2 0 0 1 1 0.06
 0 -1  0 -1 -1 -1 -1  5 -1 -2 -2 -1 -1 -2 -1  0 -1 -1 -1 -2 0 0 1 1 0.06
-1  5  0 -1 -2  1  0 -1  0 -2 -1  1 -1 -1 -1  0 -1 -1 -1 -1 0 0 1 1 0.05
 0 -1 -1 -1 -1 -1 -1 -1 -1  2  0  0  0 -1 -1 -1  0 -1 -1  2 0 1 0 1 0.05
 0 -1 -1 -1 -1 -1 -1 -1 -1  2  0 -1  0 -1 -1 -1  0 -1 -1  3 0 1 0 0 0.05
 0  1  1  0 -1  0  0 -1 -1  0 -1  1  0 -1  0  0  2 -1 -1  0 0 1 0 1 0.04
-1 -1 -1 -1 -1 -1 -1 -1 -1  1  3 -1  1  0 -1 -1 -1 -1 -1  1 0 1 0 0 0.04
 0  0  0  0 -1  1  3 -1 -1  0 -1  0 -1 -1 -1  0  0 -2 -1  1 0 0 1 1 0.04
-1 -1 -1  1 -2 -1 -1 -1  3 -1 -1 -1 -1  1 -1 -1 -1  1  5 -1 0 0 1 1 0.04
-1 -1  4  2 -2  0  0  2  1 -3 -3  1 -2 -2 -1  0 -1 -2 -2 -2 0 0 1 1 0.04
 0 -1  0  1 -1  0  0 -1 -1 -2 -2  0 -2 -2 -1  4  1 -2 -2 -2 0 0 1 0 0.04
 0 -1  0 -1 -2 -1 -1  5 -1 -3 -2 -1 -2 -2 -1  2  0 -2 -2 -2 0 0 1 1 0.03
 0 -1 -2 -2 -1 -1 -2 -2 -2  3  1 -1  4 -1 -2 -1  0 -2 -1  1 0 0 1 1 0.03
-1  0 -2 -2 -1 -1 -2 -2 -2  1  4 -1  1  0 -2 -2 -1 -1 -1  0 0 0 1 0 0.02
-1 -1  5  3 -2  0  0 -1  0 -3 -3  0 -2 -3 -1  0  0 -3 -2 -2 0 0 1 0 0.02
-1  6 -1 -1 -3  1  0 -2 -1 -2 -2  2 -1 -2 -2 -1 -1 -2 -2 -2 0 0 1 0 0.02
-1 -2 -3 -3 -1 -2 -3 -3 -3  2  3 -2  1  0 -3 -2 -1 -2 -1  2 1 0 0 0 0.01
 1 -1  0  5 -2  0  1 -1 -1 -3 -3  1 -2 -3 -1  1 -1 -3 -3 -2 1 0 0 1 0.01
-1  5  0 -1 -2  1  0 -2 -1 -2 -2  3 -1 -2 -1 -1 -1 -2 -1 -2 1 0 0 1 0.01
-1 -2 -3 -3 -1 -2 -2 -3 -2  2  3 -2  1  0 -2 -2 -1 -2 -1  2 0 0 1 0 0.01
-1 -2  1 -1 -2 -1 -1 -2 -2 -1 -2 -1 -1  1 -2  1  5 -3 -1 -1 1 0 0 1 0.01
 3 -2 -2 -3 -1 -1 -2 -1 -2  2  0 -2  2 -1 -2  1  0 -3 -2  2 1 0 0 1 0.01
 4 -2 -2 -2 -1 -1 -2 -1 -2 -1  1 -1  0 -2 -2  1  0 -3 -2  0 1 0 0 0 0.01
-2 -1  6  0 -3 -1 -1 -1  0 -2 -1 -1  4 -2 -3  1 -1 -4 -2 -2 1 0 0 0 0.01
-2 -2 -2 -2 -3 -1  2 -3  0 -1  0 -2 -1  4 -3 -2 -2  1  6 -2 0 0 1 1 0.01
-1 -3 -1 -2 -3 -2 -3  5 -2 -3 -3 -2 -2  3 -3  0 -2 -2 -1 -3 0 0 1 1 0.01
-2  1 -2 -2 -3  1  2 -3 -1 -1  0 -1  5  2 -3 -2 -1 -1  3 -1 0 0 1 1 0.01
-1 -1 -2 -1 -3 -1  1 -2 -1 -2  0  0 -1 -2  6 -1 -1 -2  1 -2 0 0 1 1 0.01
-1 -2  1 -2 -1 -2 -2 -3 -2  3  2 -2  1  1 -2 -2 -1 -2 -1  2 0 0 1 1 0.01
-2 -1  6  1 -3  2  0 -1  0 -3 -3  0 -2 -3 -2  0 -1 -3 -2 -3 0 0 1 1 0.01
 0  0  0 -1 -1  2  0 -1 -1 -1 -1  1 -1 -2 -1  1  3 -2 -1  0 0 0 1 1 0.01
-1  1  6  0 -2  0 -1 -1  0 -3 -3  0 -2 -3 -2  0  2 -3 -2 -2 0 0 1 1 0.01
-1 -1 -2 -2 -1 -1 -1 -2 -1  1  3 -1  1  0 -1 -1 -1 -1  2  0 0 0 1 0 0.01
-1 -2 -2 -2  8 -2 -2 -2 -1 -1 -1 -2 -1 -1 -2 -1 -1 -1  2 -1 0 0 1 0 0.01
-1  0 -1 -1 -2  1  2 -2 -1  2  1  1  0 -1 -2 -1 -1 -2 -1  1 0 1 0 1 0.01
-2 -1  6  0 -3 -1 -1 -1  0 -2 -2 -1 -2  3 -2  0 -1 -2  0 -3 0 0 1 0 0.01
-1  2 -1 -1 -3  0  0 -2 -1  0 -1  5  0 -2 -2 -1 -1 -3 -2  0 0 1 0 1 0.01
-1  0 -2 -3 -2 -2 -2 -3 -1  0  0 -2  0  5 -3 -1  0  0  3  0 0 1 0 1 0.01
-1 -2 -2  1 -2 -2 -2 -3 -2  2  0  0  0 -1 -3 -2 -1 -3  1  4 0 1 0 1 0.02
-1  2  0 -1 -3  1  0  1 -1  0 -1  3 -1 -1 -2 -1 -1 -2  1 -1 0 0 1 1 0.02
 1 -1  1 -2  1 -1 -1 -2  6 -3 -3 -1 -2 -1  2  1 -1 -2  2 -2 0 0 1 1 0.02
-1  1  2  2 -3  1  1  2 -1 -3 -3  2 -2 -3 -2  1 -1 -3 -2 -3 0 0 1 1 0.02
-1 -2  0  5 -4 -1  1  3 -2 -4 -4 -1 -3 -4 -2  0 -1 -4 -3 -4 0 0 1 1 0.02
 0  2  1 -1 -3  0  1  0  2 -3 -2  3 -2  1 -2 -1 -1 -2  1 -2 0 0 1 1 0.02
 0 -1  2  2 -2 -1  1  2 -1 -1 -2 -1 -2 -3 -2  1  2 -3 -2 -1 0 0 1 1 0.02
-1 -2 -1 -2 -2 -1  0  2  4  3  0 -2  0  0 -2 -1 -1 -2 -1  0 0 1 0 1 0.02
-2  1 -3 -3 -2 -1 -2 -3 -1  0  2  0  6  0 -3 -2 -1 -1  2  0 0 1 0 1 0.02
-2 -3 -4 -4 -2 -3 -4 -4 -2  0  3 -3  1  6 -4 -3 -2  0  1 -1 0 1 0 0 0.01
-1  0  3  0 -3  5  1 -2  0 -3 -3  1 -2 -4 -2  2 -1 -3 -2 -3 0 0 1 0 0.01
 3  3 -2 -2 -2 -1 -1 -1 -2  0 -2  0 -2 -3  4  0 -1 -3 -2 -1 0 0 1 0 0.01
 2 -2 -2 -2 -1 -2 -2  3 -3  1 -1 -2 -1 -2 -2  0  2 -3 -2  1 0 0 1 0 0.01
 0 -2  0 -1 -2 -1 -1 -1 -2 -3 -3 -1 -2 -3 -2  6  1 -4 -3 -2 0 1 0 0 0.02
-2 -3 -3 -4 -2 -3 -3 -4 -3  3  2 -3  4  4 -4 -3 -2 -1  0  1 0 1 0 0 0.02
-3 -3 -3 -4 -3 -3 -3 -4  1 -2 -2 -3 -2  4 -4 -3 -3  1  8 -2 0 1 0 0 0.02
-2 -3 -2 -3  3 -2 -3 -3 -2 -1 -1 -2 -1  5 -3 -1  4 -1  1 -1 0 1 0 0 0.02
-2  5 -1 -2 -4  4  0 -3 -1 -4 -3  3 -2 -4 -2 -1 -1 -3 -2 -3 0 0 1 0 0.02
 0 -1  1 -1 -2 -1  0  4 -1 -2 -1 -1  1 -2 -1  0 -1 -2 -2 -2 0 0 1 0 0.02
-1 -1  3  4 -2  0  1 -1  0 -2 -2  0 -1 -2 -1  0  0 -2 -1 -2 0 0 1 1 0.03
 1 -1 -1 -1 -2  1  1  4 -1 -2 -2 -1 -2 -2 -1  0 -1 -2 -2 -2 0 0 1 0 0.03
 0  1  0  0 -3  2  4  0 -1 -3 -2  1 -2 -3 -1  0 -1 -2 -2 -2 0 0 1 1 0.03
-1  1 -1 -1 -3  2  2 -1  2 -3 -3  2 -2 -4  5  0 -1 -3 -2 -3 0 0 1 1 0.02
-4 -4 -5 -6 -4 -3 -4 -4 -4 -4 -3 -4 -3  0 -5 -4 -4 12  1 -4 0 0 1 0 0.02
 0 -1  2  3 -2 -1  1 -1 -1 -2 -3 -1 -2 -3 -2  2  3 -4 -2 -2 0 0 1 1 0.02
 1  0  0 -1 -2 -1  1 -2 -2  0  1  0  0 -2 -2  0  0 -3 -2  2 1 0 0 0 0.02
-1  0  2  0 -4  2  4  0 -1 -4 -3  3 -2 -4 -2  0 -1 -3 -2 -3 1 0 0 1 0.02
-1  0  0  2 -4  1  5 -3 -1 -1 -3  2 -2 -4 -2 -1 -1 -4 -3 -2 1 0 0 1 0.02
-2 -2 -3 -4 -2 -1 -3 -4 -3  0  1 -2  9 -1 -4 -3 -2 -2 -2  0 1 0 0 0 0.02
 2 -3 -3 -3 -2 -2 -3 -2 -2  0  0 -2  0  5 -3  0 -1 -1  1  0 1 0 0 0 0.02
-2 -1  0  5 -4  0  4 -2 -1 -2 -3 -1 -3 -4 -2  0 -1 -4 -3 -3 1 0 0 1 0.02
 0 -3 -4 -4 -2 -3 -3 -4 -4  4  1 -3  1 -1 -3 -2 -1 -3 -2  3 1 0 0 0 0.03
-2 -2 -3 -4 -2 -1 -3 -3 -2  0  2 -2  8 -1 -3  0 -1 -2 -2  0 1 0 0 0 0.03
-2 -1 -2 -3 -3 -1 -2 -3 -2  0  2  2  2  4 -3 -2 -2 -1  0 -1 1 0 0 0 0.04
 0 -1  0  5 -3  0  4 -2 -1 -3 -3  0 -3 -4 -2  1  0 -4 -3 -3 1 0 0 1 0.04
-1 -3 -4 -4 -2 -3 -3 -4 -4  4  1 -3  0 -1 -3 -2 -1 -3 -2  4 1 0 0 0 0.06
 4 -2 -1 -2 -1 -1 -1  1 -2 -2 -2 -1 -2 -3 -1  2  0 -3 -2 -1 1 0 0 0 0.06
-1  2  0  1 -3  1  3 -2 -1 -3 -3  3 -2 -3 -2  1  0 -3 -2 -3 1 0 0 0 0.06
-1  2 -1 -2 -2 -1 -1 -2 -2 -2 -2  1 -1 -3 -2  0  5 -3 -2 -1 1 0 0 0 0.05
 3 -2  0 -1 -1 -1 -1 -1 -2 -3 -3 -1 -2 -3 -1  4  1 -3 -2 -2 1 0 0 0 0.04
-2 -3 -4 -4 -2 -3 -3 -4 -3  3  4 -3  1  2 -3 -3 -2 -2 -1  1 1 0 0 0 0.04
-2  5 -1 -1 -4  2  1 -2  4 -3 -3  3 -2 -3 -2 -1 -1 -3 -1 -3 1 0 0 1 0.04
-1 -2 -3 -4 -2 -2 -3 -4 -1  2  1 -2  3  1 -3 -2 -1 -1  3  3 1 0 0 0 0.05
-2 -3 -4 -4 -2 -3 -3 -4 -3  2  4 -3  1  3 -3 -3 -2 -1  0  1 0 0 1 0 0.06
 1 -3 -1 -2 -3 -2 -2  6 -2 -4 -4 -2 -3 -3 -2  0 -2 -3 -3 -3 1 0 0 1 0.06
 0  2  0  4 -3  0  0 -1 -1 -3 -3  1 -2 -3 -2  2  0 -4 -2 -3 1 0 0 1 0.05
-1 -2  1  5 -3  0  2 -1 -1 -3 -4 -1 -3 -4  1  2  0 -4 -3 -3 1 0 0 0 0.07
 1 -2 -3 -3 -1 -2 -3 -3 -3  2  4 -2  1  0 -3 -1 -1 -2 -2  1 0 0 1 0 0.10
-3 -3 -4 -4 -3 -4 -4 -4 -2 -1  0 -4  0  7 -4 -3 -3  1  3 -1 1 0 0 1 0.10
-1  1  4  2 -3  1  2 -1  0 -3 -3  3 -2 -3 -2  0 -1 -4 -2 -3 1 0 0 1 0.13
-1  0 -1 -1 -3  6  1 -2  0 -2 -1  0  4 -2 -2 -1 -1 -2 -2 -2 1 0 0 0 0.19
-2 -3 -4 -4 -2 -3 -3 -4 -3  4  3 -3  1  0 -3 -3 -1 -3 -2  2 1 0 0 1 0.23
 0 -2 -1 -2 -1 -1 -2 -2 -2  1 -1 -1  0 -2 -2  1  5 -3 -2  1 1 0 0 1 0.22
-1  1  2 -1 -3  2  0  2 -1 -3 -2  3 -1 -3 -2  1  0 -3 -2 -2 0 0 1 1 0.32
-1  2  0 -1 -3  1  1 -2 -1 -3 -3  5 -2 -3 -1  0 -1 -3 -2 -3 0 0 1 1 0.43
