-1 -3 -3 -4 -1 -2 -3 -4 -3  3  3 -3  3  0 -3 -2 -1 -3 -2  3 0 0 1 1 0.95
-1 -3  1 -1 -3 -1 -2  6  0 -5 -4 -2 -3 -4  0 -1 -2 -3 -3 -4 0 0 1 1 0.96
 0 -1 -1  1 -4  1 -1 -3  9 -4 -4 -2 -3 -2 -3 -1 -2 -3  1 -4 0 0 1 1 0.97
-2  1  4  3 -4  0  0 -2  5 -4 -4  0 -3 -3 -1  0 -1 -4  0 -4 0 0 1 0 0.97
-2 -1  0 -1 -4 -1  1 -1  8 -4 -4  1 -3 -3 -3  0 -2 -3  1 -4 0 0 1 1 0.97
 0 -1 -1 -2 -2  0  1 -2  5 -2 -2 -1 -2 -2 -1  1  4 -3  0 -1 0 0 1 1 0.96
-2 -2 -2 -3 -3 -2 -2 -3  3 -2  0 -2 -2  1  3  0  1  0  6 -2 0 0 1 0 0.92
-2 -1  4  1 -3  1 -1 -2  5 -3 -3 -1 -2  2  1  1 -1 -3  1 -3 0 0 1 1 0.93
 1 -1  0  0 -2  3  0 -1 -1 -2 -2  1  0 -3 -1  3  2 -3 -2 -1 0 0 1 1 0.89
 1  0 -1 -2 -2  1  0  1 -2 -1  0  1 -1 -1  1  1 -1 -3 -2  0 0 0 1 0 0.84
 0  1  1  2 -3  3  1  0  2 -3 -3  0 -1 -3  1  2  0 -4 -2 -3 0 0 1 1 0.78
 0  4 -1  1 -3  0  1 -1 -2 -3 -2  3 -2 -4 -2  1 -1 -4 -3 -3 0 0 1 1 0.75
-1  3 -1  0 -4  1  2  0  0 -1 -2  2 -2 -3  0  0 -1 -4 -3 -2 0 0 1 1 0.71
-2  3 -1  1 -4  1  3 -1  3 -3 -4  0 -3 -4  2  1 -2 -4 -2 -3 0 0 1 1 0.71
 1  0 -1  3 -3  0  1  3 -2 -2 -2  1 -2 -3 -2  1 -1 -4 -3 -2 0 0 1 1 0.72
-2  5 -1 -2  0  1  2 -3  3 -3 -2  1 -1 -3 -2 -1 -2 -3  0 -2 0 0 1 1 0.74
-1  2 -2 -2  0  1  0 -2 -2 -1  2 -1  1  0 -2  0 -1  3  2  0 0 0 1 1 0.75
 0 -2  0 -2  2  0 -2 -2 -2 -1 -2 -2 -2 -4 -2  5  2 -4 -3 -2 0 0 1 1 0.71
-3  6  1 -2 -4  0  0 -3  2 -2 -2  2 -3 -3 -3 -1 -2 -4 -1 -3 1 0 0 1 0.68
-1 -3 -1  7 -5 -2  0 -3 -3 -4 -5 -2 -4 -5 -3 -1 -1 -6 -5 -3 1 0 0 0 0.54
-2  0 -2  0 -5  1  6 -3 -2  0 -4 -1 -3 -4 -3 -2 -1 -4 -4 -3 1 0 0 0 0.49
-1  3  0  0 -2  3  2 -3  2 -3 -1  2 -1 -2 -2  0 -2 -3 -1 -3 1 0 0 1 0.44
-1  6 -2 -3  1  0 -2 -4  2 -3  1  1 -2 -3 -2 -2 -2 -4 -3 -1 1 0 0 1 0.36
 5 -2 -2 -3 -2  2 -2  0 -3 -2 -1 -2 -2 -3 -1  0 -1 -3 -3  0 1 0 0 0 0.31
 1  4 -1  0 -1  1  1 -2  0 -3 -2  3 -1 -3 -1  1 -1 -3 -2 -2 1 0 0 1 0.26
 3 -2 -1  1 -2  1  3 -2  1 -2 -2 -1  1 -3 -2  1 -1 -4 -3 -1 1 0 0 1 0.22
-1 -2  0 -4 -2 -2 -3 -4 -1  1  4 -3  3 -1 -3 -2 -1 -3  0  2 0 0 1 0 0.16
-1  1  2  1  1  2  0  0  2 -3 -3  3 -2 -3 -2  0 -1 -4 -2 -1 0 0 1 1 0.13
-1 -4 -4 -4 -2 -4 -4 -4 -4  4  4 -4  0 -1 -4 -3 -2 -3 -3  2 0 0 1 0 0.11
-3 -4  0 -3 -1 -3 -3  0 -4 -5 -5 -3 -5 -6  8 -3 -3 -6 -5 -5 0 0 1 1 0.09
-2 -5 -5 -5 -4 -5 -5 -5 -3  2  1 -5  1  7 -5 -4 -3 -2  2  1 0 0 1 0 0.08
-1 -3  0 -3 -1 -2 -2 -3 -3 -4 -3 -2 -3 -4  4  4  3 -5 -4 -3 0 0 1 1 0.06
 1 -3  1 -2 -2 -2 -1 -3 -2  1  0 -1  0 -2 -2 -1  0 -3  2  4 1 0 0 0 0.06
-1 -1  0  4 -4  1  3 -2  2 -3 -1 -1 -2 -1 -3 -1  0 -4 -3 -3 1 0 0 1 0.05
-2  1 -2  2 -5  4  4 -4 -1 -4 -2  2 -1 -4 -3  0 -2  2 -3 -4 1 0 0 1 0.07
-3 -5 -5 -5 -3 -5 -5 -6 -5  7  1 -5  0 -2 -5 -4 -3 -5 -3  3 1 0 0 0 0.11
-1 -4 -3 -1 -2 -3 -3 -4 -4  4  0 -3  1 -2 -4  1  0 -4 -3  4 1 0 0 0 0.11
-2 -1  5  1 -4 -1  1  1  0 -4 -4 -1 -1 -4 -3  1  1 -4 -1 -2 1 0 0 1 0.12
-2 -4 -4 -5  1 -3 -4 -5 -4  1  4 -4  7  1 -4 -1 -2 -3 -3 -1 0 0 1 0 0.12
 0 -4 -3 -3 -4 -3 -3 -4 -4 -5 -5 -3 -4 -5  7  3  1 -6 -5 -4 0 0 1 1 0.12
-2  3  0 -4 -3 -3 -3 -4 -3  0  0 -2  2 -3 -4 -3  0 -4  0  5 1 0 0 1 0.11
-1  0  2  4 -4 -1  3 -2 -2 -2 -4  0 -3 -1 -3  1 -1 -4 -2 -3 1 0 0 1 0.11
-1 -2 -1  4 -4  1  5 -2 -2 -4 -4 -1 -2 -5 -3  0  1 -5 -4 -4 1 0 0 1 0.11
-4 -5 -5 -6 -5 -5 -5 -6 -4 -2  2 -5 -2  8  0 -5 -4 -2  1 -2 1 0 0 0 0.12
-3  0  6 -2 -5  4 -1 -3 -2 -4 -1  0 -1 -5 -4 -1 -1 -5 -4 -4 1 0 0 1 0.11
-1  2  1  0 -4  3  4 -3  1 -3 -3  0  0 -4 -3  1  1 -4 -3 -3 1 0 0 1 0.12
 0  0 -4 -5 -3 -3 -4 -4 -4  0  3  0  5  0 -4 -3 -2 -3 -3  2 1 0 0 0 0.11
-2 -2 -5 -5 -3 -4 -4 -5 -4  3  5 -2  3 -2 -5 -4 -3 -4 -3  1 1 0 0 1 0.11
 1  2  0  1 -3 -1  1 -2  0 -4 -4  3 -3 -4 -2  3  0 -4 -3 -3 1 0 0 1 0.11
-1  3  0 -1 -3  1 -1  1  0 -3 -1  3  1 -3 -3  0  0 -4 -3 -3 1 0 0 1 0.11
 0 -1  0 -1  1  0  0 -1  5 -2 -2 -2 -2  0  1 -1 -1 -2  4 -2 0 0 1 1 0.11
-1 -1  0  1 -1  2  0  2  3 -3 -3  1 -2 -2  0  0  1 -2  1 -2 0 0 1 1 0.11
-4 -5 -6 -6 -4 -5 -5 -6 -5  1  5 -5  0  3 -5 -5 -3 -3 -2  0 0 0 1 0 0.11
-2 -3  2  0 -3 -3 -3 -3 -3 -4 -4 -3 -4 -5  0  5  4 -5 -4 -3 0 0 1 1 0.11
-1  0 -1  2 -4  1  4 -2  0 -4 -2  0 -3 -4  3  1 -1 -4 -3 -4 1 0 0 1 0.11
 2 -1 -1  3 -3  0  2 -3  0  1 -1 -1 -2 -3 -1  0  0 -3  0 -1 1 0 0 1 0.11
-4  1 -3  2 -6  7  1 -5 -2 -5 -5 -2 -3 -5 -4 -3 -3 -4  1 -1 1 0 0 0 0.11
 0  0 -3 -4 -3  0 -3 -4 -1  2  3  1  3 -1 -4 -2 -2 -3 -2  2 1 0 0 1 0.11
 2  0 -1  1 -1  1  2 -2  3 -3 -3 -1  0 -4 -3  2  2 -4 -3 -3 1 0 0 1 0.13
-1 -1 -3  2  1 -3 -2 -4 -3  1  4 -3  0  2 -4 -3 -3 -3  0  0 1 0 0 0 0.14
 0 -4 -2 -4 -3  0 -4 -4 -4  4  2 -3  1 -2 -4 -3 -2 -4 -3  3 1 0 0 0 0.15
-3  5 -2 -3 -5  2  0 -4  5 -2 -4  3 -3 -4 -4 -1 -3  1 -2 -4 1 0 0 1 0.18
-2 -2  2  6 -5  0  0 -3 -1 -5 -5  1  0 -5 -3 -2 -1 -6 -4 -4 1 0 0 1 0.22
-1 -4 -4 -5 -3 -1 -4 -5 -4  5  0 -1  1  1 -4 -3 -2 -4 -2  3 1 0 0 0 0.27
 2  4 -2 -2 -2  0 -1 -2 -1 -1  1  0  0 -2 -2 -1 -1 -3 -2 -1 1 0 0 0 0.32
-1  3 -2 -2 -2  0 -1 -3 -2  1  1  2  0 -1 -2 -1 -1 -3 -2  2 1 0 0 1 0.42
-1  5 -1 -1 -4  1  2 -3 -1 -3 -3  2 -2 -3 -2 -1  0 -3 -2 -3 1 0 0 0 0.49
 2  0 -1 -2 -2  1 -1  3 -2 -2 -1 -1  0 -2 -2  1 -1 -3 -2 -1 1 0 0 0 0.56
-1  3 -1 -1 -3  1  0 -2 -1 -3 -3  5 -2 -3 -1  0  0 -3 -2 -3 1 0 0 1 0.58
-2 -1  6  1 -3 -1 -1 -1  0 -3 -3 -1 -2 -3 -2  1  2 -4 -2 -2 1 0 0 1 0.53
-1  4  0 -1 -3  1  0 -2 -1 -3 -3  3 -2 -3 -2  2  0 -3 -2 -3 1 0 0 1 0.55
-1 -2  0 -2 -2  0 -1  0 -2  2  1 -2  3  0 -3 -1 -1 -3 -1  2 1 0 0 1 0.59
 5 -2 -2 -2 -1 -1 -1 -1 -2 -2 -2 -1 -1 -2 -2  1 -1 -2  1 -1 1 0 0 1 0.63
 5 -2 -2 -2 -1 -1 -1  0 -2 -2 -2 -1 -2 -3 -1  1 -1 -3 -2 -1 1 0 0 1 0.64
 0  1 -1 -1 -3  6  2 -2  0 -3 -3  1 -1 -4 -2  1 -1 -3 -2 -3 1 0 0 1 0.65
-1  3  5  0 -3  0 -1 -1  0 -2 -3  1 -2 -3 -2  1  1 -4 -2 -2 1 0 0 1 0.54
-1 -4 -3 -4 10 -4 -4 -3 -3 -2 -2 -4 -2  0 -4 -2 -2 -3 -1 -2 1 0 0 1 0.42
-2  7 -1 -2 -4  0 -1 -3 -1 -4 -3  2 -2 -4  0 -1 -2 -3 -2 -3 1 0 0 1 0.36
-1  3 -1 -1 -4  2  1 -2 -1 -3 -3  4 -2 -2 -2 -1 -1 -2  2 -3 1 0 0 1 0.44
-2  6 -1 -2 -4  0 -1 -3 -1 -3 -2  3 -2 -3 -2 -1 -1 -3 -2 -3 1 0 0 1 0.46
-1  3 -1 -1 -4  1  0 -2 -1 -3 -3  6 -2 -4 -2 -1 -1 -4 -2 -3 1 0 0 1 0.45
-2 -3 -1 -3 -2 -2 -3 -4 -2  1  4 -3  3 -1 -3 -2  1 -3 -2  1 1 0 0 1 0.45
 0 -2  0  5 -4  1  3  0 -2 -4 -4 -1 -3 -4 -2 -1 -2 -4 -4 -4 1 0 0 1 0.41
 0  1  1  0  2  2  0 -1  0  0 -1  0 -1 -3 -2  1  1 -3 -2  0 1 0 0 1 0.36
-2  1  0 -3 -2 -2 -2 -4  2  4  1  0  1 -1 -3 -2 -2 -3 -2  1 0 0 1 1 0.37
-1 -1 -1  2 -2  0  0 -2  2  0  1  0  0 -1 -2  1  0 -2  1  1 0 0 1 1 0.34
-1  0  2  1  0  1  2  1  0  0 -2  1 -1  0 -2  0  0 -3 -2 -1 0 0 1 1 0.41
-2 -3 -2 -4 -2 -3 -4 -5 -4  2  5 -3  2 -1 -4 -3 -2 -3 -2  0 0 0 1 1 0.33
 1 -1  0  2 -3  2  4 -2 -1 -4 -3  0 -2 -4 -2  1  0 -4 -3 -3 0 0 1 0 0.39
-2  1  0  4  2  1  2 -1  5 -4 -3 -1 -3 -3 -2  0 -1 -3 -1 -3 0 0 1 1 0.48
-1  1 -1  3 -4  1  4  0 -1 -4 -3  0 -3 -3 -2 -1  0 -3  1 -3 0 0 1 1 0.56
-1 -3 -4 -4 -2 -3 -4 -4 -4  4  2 -3  1 -1 -3 -3 -1 -3 -2  4 0 0 1 1 0.66
