-1 -2 -2 -3 -2 -1 -2 -3 -2  1  2 -2  6  0 -3 -2 -1 -2 -1  1 0 0 1 1 0.86
 2 -1 -1 -1 -2 -1 -1  4 -2 -3 -3  2 -2 -3 -2  0  0 -3 -3 -2 0 0 1 1 0.80
 1  0 -1  0 -2  2  3 -2 -1  0 -2  1 -1 -3 -2  1  0 -3 -2 -1 0 0 1 1 0.76
-2  0 -3 -2 -4 -1  1 -3 -2 -4 -3  1 -2 -1  4 -2 -2  9  0 -3 0 1 0 1 0.65
-2 -2 -3 -3 -3  0 -1 -3 -2  0  0 -2  5  4  2 -2  0 -1  0  0 0 0 1 1 0.54
 1 -2  1  0 -3  1  1 -1 -2 -3 -3 -1 -2 -4  5  2 -1 -4 -3 -3 0 0 1 1 0.38
 2 -1 -1  2 -2  2  0 -1 -2 -1 -2  1 -2 -3  1  1  2 -4 -3 -1 0 0 1 1 0.20
-2 -3 -2 -1 -3 -3 -3 -4 -3  3  2 -3  4  4 -4 -3 -1 -2  0  0 0 0 1 1 0.15
 2  0 -1 -1 -3  2  0  0  1 -3 -1  1 -2 -3  2  1  0 -4 -3 -2 0 1 0 1 0.10
 2 -2  2 -1 -3  0 -2 -2  5 -1 -3 -2 -2 -1 -1  1  2  0  1 -1 0 0 1 0 0.07
 3 -3 -2 -3  2 -2 -2 -2 -3 -1 -1 -2 -2 -3  1  2  2 -4 -3  2 0 0 1 1 0.04
-3 -1 -2 -3 -4  4 -2 -4  8  0 -3 -1  2 -4 -4 -3 -1 -5 -2  1 0 0 1 1 0.03
-3 -4 -5 -5 -3 -4 -4 -5 -4  3  4 -4  4  2 -4 -4 -1 -3 -2  2 0 1 0 1 0.02
-4  8 -3 -5 -6 -2 -3 -5 -3 -6 -5  1  1 -6 -5 -4 -4 -6 -5 -5 0 1 0 1 0.01
-3 -5 -5 -5 -3 -5 -5 -6 -2  6 -1 -5  0  3 -5 -4 -2 -4 -1  4 0 1 0 1 0.01
 7 -4 -4 -4 -3 -3 -3 -2 -4 -3 -4 -3 -3 -4 -3 -1 -2 -5 -4 -2 0 1 0 1 0.01
-3  8 -3 -3 -4 -1 -2 -4 -2 -4 -4  0 -3 -4 -4 -3 -3 -4 -3 -4 0 1 0 0 0.01
-2  3 -4 -4 -5 -3 -3 -4  4 -5 -5 -3 -4 -5  7 -3 -4 -5 -4 -5 0 1 0 1 0.01
-2 -4 -3 -4 -1 -3 -4 -4 -4 -2 -3 -3 -3 -4 -4  2  5 -5 -4  4 0 0 1 0 0.01
-1  1  3  4 -4 -1 -1  1 -1 -4 -3 -2 -3 -4 -3  1  2 -4 -4 -3 0 0 1 1 0.01
-4 -1  5  6 -6  2  0 -4  0 -6 -6  0 -5 -6 -4 -1 -3 -6 -5 -6 0 0 1 1 0.01
-4 -5 -6 -6 -4 -5 -6 -6 -5  2  6 -5  1  2 -6 -5 -4 -4 -2 -1 1 0 0 0 0.01
 2 -2 -1  4 -4  2  3 -3  0 -4 -4  2 -4 -5 -3 -1 -1 -5 -4 -3 1 0 0 1 0.01
 2  4 -3 -1 -5  1  3 -3 -3 -4 -3  3 -2 -4 -3 -2 -1 -5 -4 -3 1 0 0 1 0.01
 2 -4 -3 -4 -3 -3 -3 -3 -4  3  0 -3 -1 -3 -3  3  1 -5 -4  1 1 0 0 0 0.01
-1 -1 -3 -3 -1 -2  2 -4 -3  3  2  0 -1  0 -3 -1 -1 -4 -3  2 1 0 0 0 0.01
 1  5  0  1 -4  0  2 -3  3 -4 -3  0 -3 -5  0  0 -1 -5 -3 -2 0 0 1 1 0.01
-6 -6 -7 -7 -6 -4 -7 -7 -5 -2 -2 -6  6  9 -7 -6 -5 -3 -1 -4 0 0 1 0 0.01
-6 -6 -6 -7 -7 -6 -6 -7 -2 -5 -5 -6 -5 -1 -7 -6 -6  4 10 -5 0 0 1 0 0.01
-3  4 -2 -3  6 -1  1 -3 -3 -1 -3 -1 -3 -4 -4  0  3 -5 -4  1 0 0 1 1 0.01
-1  0  1  5 -2  1  3 -1 -1 -5 -4  1 -4 -4 -3 -1 -1 -5 -4 -4 0 0 1 1 0.01
 0 -5 -4 -2 -1 -4 -4  5 -5  1  0 -4 -3 -4 -5 -3 -3 -5 -5  2 0 0 1 0 0.01
-4 -5 -7 -7 -4 -5 -6 -7 -6  0  6 -6  0 -2 -6 -6 -4 -5 -4  0 0 0 1 0 0.01
-3 -4 -1 -2 -2 -4 -5  7 -1 -7 -7 -5 -6 -7 -6 -4 -5 -6 -6 -7 0 0 1 1 0.01
-5 -5 -6 -7 -5 -5 -6 -6 -5 -2  5 -6  4  6 -6 -5 -4 -3 -2 -3 0 0 1 0 0.01
 0  0 -1  2 -4  1  2 -2 -2 -2 -4  2 -2 -4  2  0  1 -5 -4 -1 0 0 1 1 0.01
-2  1 -3 -4 -3  0  0 -4 -3  3  2 -1  1 -2 -2 -3  0 -4 -3  3 0 1 0 1 0.01
-3 -4 -4 -2 -3 -1 -4 -5 -4  3  4 -2 -1 -1 -4 -3 -1 -4  1  2 0 1 0 1 0.01
 1  1 -2 -1 -4  0 -1  4 -1 -4 -3 -1 -3 -1 -2  0 -2  5  0 -4 0 1 0 1 0.01
-2  5  0 -1 -5  1  2 -1 -1 -1 -4  0 -3 -5 -4  1  0 -5 -4 -4 0 1 0 1 0.02
-3 -3 -3 -1 -1  1 -2 -4 -1 -2 -3 -3 -3  7 -2 -2  0 -2  2 -2 0 1 0 1 0.02
 1 -1 -1  2 -3  0  2  2 -1 -3 -3 -1 -2  0  0  1  1 -1 -1  0 0 1 0 1 0.02
-2 -2  2  5 -4  0  2  0  0 -4 -4 -1 -4 -2  0 -1 -2 -4  2 -3 0 1 0 1 0.02
-3 -2 -2 -1 -5 -1  1 -3  9 -5 -5 -3 -4 -2  2  1 -3 -4 -1 -5 0 1 0 1 0.02
 0 -1  1  3 -4  2  3  1 -1 -4 -3 -2 -3  1 -3 -1 -2 -3  2 -4 0 0 1 1 0.02
 0 -1  2 -2 -5 -3  1  6 -4 -6 -6 -3 -5 -6 -2 -3 -4 -5 -5 -3 0 0 1 0 0.01
-4 -2 -4 -5 -5 -4 -5 -5  4 -3 -2 -4  1  7 -5 -1 -4  1  5 -2 0 1 0 1 0.01
-1 -3  2  5 -4 -1  0 -1 -1 -4 -4 -1 -4 -5 -3  2  2 -5 -4 -2 0 1 0 1 0.01
 0 -4 -1 -4 -4 -4 -2  6 -4 -3  2 -4 -3 -4 -4 -3 -2 -4 -4 -3 0 1 0 0 0.01
 3 -3 -4 -4 -1 -3 -3 -4 -4  2  1 -3 -1 -3 -4 -1 -1 -4 -3  4 0 1 0 0 0.01
-4 -5 -5 -6 -4 -2 -5 -6 -4  3 -1 -3  8  5 -5 -5 -4  3  0  1 0 1 0 0 0.01
-1 -4 -5 -5 -3 -4 -5 -5 -4  2  4 -4 -1  4 -5 -4 -3 -3 -1  3 0 1 0 0 0.01
-1 -5 -3 -4 -5 -4 -5  7 -5 -6 -6 -4 -5 -2 -5 -1 -4 -5 -2 -5 0 1 0 0 0.01
-1  1  1 -3 -4 -2 -2 -2  5 -1  2 -1 -1  0 -2 -2 -3  4  3 -2 0 0 1 1 0.01
-1  0 -3 -2 -5 -2  1  1 -2 -5 -5  1 -4 -5  6  1 -2 -5  0 -2 0 0 1 1 0.01
-1 -1  1  3 -4 -1  0  4  3 -4 -2 -1 -3 -4 -2  1 -1 -5 -4 -4 0 0 1 1 0.01
 2 -2 -1 -1 -1 -1  1 -1  4 -1  0 -1  0 -2 -3  0  0  3  1 -1 0 0 1 1 0.00
 2 -2  1  1 -3  0  0  2  3 -2 -2 -2 -1 -4  2  0 -1 -4 -3 -2 0 0 1 1 0.00
-3 -4 -2 -3 -2 -4 -3 -3  3 -1 -1 -4 -3  1 -5 -2 -1  9  6 -2 0 1 0 1 0.00
-4 -1 -2 -4 -5 -1 -1 -5 10 -5 -5 -4 -4 -5 -1 -4  1 -5 -2 -2 0 1 0 0 0.01
-3 -2 -5 -5 -3 -4 -4 -5 -4  3  5 -4  1  2 -4 -4 -2 -3 -3  0 0 1 0 0 0.01
-4 -3 -1 -2 -6  1  7 -1 -3 -5 -5 -2 -5 -5 -4 -2 -4 -5 -5 -5 0 1 0 0 0.01
-4 -5 -5 -3 -4 -5 -5 -5 -4  2  3 -5 -2  7 -5 -3 -4 -3 -1 -1 0 1 0 0 0.01
-1 -3 -1 -2 -4 -4 -4 -5 -5 -1 -4 -4 -3 -5 -2 -1  7  0 -4  2 0 1 0 0 0.01
-1  1 -1  0 -4  2  1 -2  7 -2 -1 -1 -3 -3 -2 -1 -2  0  1 -2 0 1 0 1 0.01
-2 -1  3  2  4  0  0 -2  7 -4 -4  0 -2 -4 -4  0 -1  2  0 -4 0 1 0 1 0.02
 0  2 -1  0 -3  0  1 -3  4 -1 -2  0 -1 -1  1  0  0  4  0 -1 0 0 1 1 0.02
-1 -3  1  3 -4 -2  1  5  1 -3 -5 -2 -4 -5 -3  1  0 -5 -3 -4 0 0 1 1 0.03
 0 -1 -1 -2 -3 -1 -1  2  4  0 -1  0 -1 -3 -2  0  1 -4  0  1 0 0 1 1 0.03
 0 -1  0  2 -4  0  1 -3  1 -1 -2 -1 -1 -4  4  2  0 -5 -4 -2 0 0 1 0 0.04
 1 -2 -2 -2 -3 -2 -1 -4 -1  0  0 -2 -2 -3  3  0  1 -4 -1  4 0 0 1 1 0.04
 0 -1 -1 -2  3 -2  0  3 -3 -2 -1 -1  0 -1  3 -1  0 -3  0 -1 0 0 1 0 0.04
-1  2  1 -1 -5 -2 -2 -2 -2 -2 -3  0 -4 -3  7 -1 -2 -5 -5 -2 0 0 1 1 0.03
 4  1 -2 -2 -1 -1 -2 -2 -3 -2 -1  0 -2 -2 -2  1  0 -4 -2  0 0 0 1 1 0.02
-1 -5 -2  0 -5 -2 -4 -2 -4 -5 -5 -2 -5 -2  8 -1 -3 -1  0 -5 0 0 1 1 0.02
-2 -4  0 -3 -4 -2 -4  2  4 -4 -5 -4 -4 -5 -2  1  6 -5 -4 -4 0 0 1 1 0.01
 1  1  0  0 -4  2  1  0  4 -3 -2  2 -3 -4  1  0 -1 -1 -2 -2 0 0 1 1 0.01
 0 -4 -1  5 -5 -2  4  0 -3 -1 -5 -3 -2 -2 -4 -3 -1 -5 -3 -4 0 0 1 1 0.01
 0 -3  5  4 -1  1 -2  0  5 -5 -5 -3 -4 -3 -4  0 -3 -5 -4 -5 0 0 1 1 0.01
-4 -2 -3 -5 -4 -1 -5 -2  2  1  5 -4  0  0 -5 -2 -2 -4 -1 -2 0 1 0 1 0.01
-2 -4 -5 -5  3 -4 -2 -3 -4  1  5 -4  1  0 -5 -4  0 -4 -1 -1 0 1 0 0 0.01
 2 -4 -4 -2 -1 -4 -3 -4 -4  1 -1 -4 -2 -3 -4 -1 -1  0 -3  6 0 1 0 1 0.01
-3 -2 -4 -4 -4 -4 -4 -2  1  0  3 -4 -1  6 -4 -4 -3 -2  1  0 0 1 0 1 0.01
-4 -4  0 -4 -4 -2 -2 -1  1 -4 -3 -4 -3 -1 -4 -2 -4 -1  9 -4 0 1 0 1 0.01
-2 -3 -3 -4  1 -3 -3 -4 -3  2  3 -3  1  2 -1 -3 -2 -2  1  3 0 0 1 0 0.01
 0 -2 -1  1 -4 -1 -1  0 -3 -4 -3 -1 -3 -4  6  1 -1 -4 -4 -3 0 0 1 1 0.01
-3 -3  3  5 -2  1  1  1  1 -4 -5 -2 -4 -5 -4  1 -1 -5 -4 -5 0 0 1 1 0.01
 0  2  0  0  2  2  2 -2  2 -1 -2  1 -2 -3  2  0 -1 -4 -2 -1 1 0 0 1 0.01
 2  0 -1  1 -3  1  2 -1  0 -1 -2  0 -1 -3  0  0  0 -4 -3  0 1 0 0 1 0.01
 1 -1 -2  4 -5  2  5 -2 -2 -3 -4 -1 -4 -5 -1 -2 -2 -5 -4 -2 1 0 0 1 0.01
-1 -2 -4 -4 -3  1 -3 -3 -1  2  0 -3  1  1 -4 -3 -3  8  3  2 1 0 0 0 0.01
-1  0  0  3 -4  3  2 -1  0 -3 -2  0 -3 -3 -1 -1 -1 -3  3 -2 1 0 0 1 0.01
 4  1 -1  0 -4  0  2 -1 -1 -2 -2  1 -2 -3 -3  1 -2 -5 -4 -2 1 0 0 1 0.01
 4 -1 -4 -4  0  1 -3 -2 -4  2  0 -3  1 -3 -4 -1 -1 -4 -3  3 1 0 0 0 0.01
 0 -3 -1 -4  7 -2 -4 -4  0  1  0  0  0 -3 -4 -1  0  0 -4  3 1 0 0 0 0.02
 2  2  0  2 -4  2  2 -2 -2 -4 -2  1 -3 -4 -2  0  0 -4 -3 -3 1 0 0 1 0.01
-2  7 -1 -2 -2  1 -2 -2  0 -5 -3  2 -4 -5 -4 -1 -2 -5  0 -5 1 0 0 1 0.02
-1 -5 -5 -6  0 -4 -5 -6 -5  3  4 -5  6 -3 -5 -2 -3 -5 -4  0 1 0 0 0 0.01
 0  2 -1  0 -3  3  1 -2  1 -1 -1  1 -2 -3 -2  0  0 -4 -3  0 1 0 0 1 0.01
 2  0  1  2 -4  1  3 -2  1 -3 -3  0 -3 -1 -3  0 -1 -4 -3 -2 1 0 0 1 0.01
 4 -2  0 -4  0 -1 -2 -3  3 -1  0 -1  3  0 -4 -1 -2 -4  1  0 0 0 1 0 0.01
-1 -5  1 -1 -6 -1 -1  7 -5 -7 -7 -4 -6 -6 -5 -3 -4 -6 -6 -6 0 0 1 1 0.02
 1 -4 -4 -5 -4 -4 -4  2  2  3 -2 -4  0  5 -5 -3 -1 -2  4  0 0 0 1 0 0.02
 0  1  0  0 -3  2  2 -2  0 -2 -2  1  0 -3  1  0  1 -4 -1 -1 0 0 1 1 0.01
 0  2 -2 -3  0 -1  1 -4 -1  2 -2 -1 -2 -1  4 -1 -1 -4  0  1 0 1 0 1 0.01
-3 -5 -5 -2  2 -4  0 -6 -5  2 -2 -3  0 -2 -5 -4  1 -6 -4  6 0 1 0 0 0.01
 0  2 -1  1 -4  0  2 -2 -3 -3 -4  2 -3 -4  2  0  2 -5 -4 -1 0 0 1 1 0.01
 3 -3  0 -2 -3 -2  0 -1 -1 -4 -2 -2 -1 -4  4  4  0 -4 -4 -3 0 0 1 0 0.01
 0  0 -1 -1 -4  2  3 -3  1 -2 -2  0 -2  3  2 -2 -2 -2  2 -1 0 0 1 1 0.01
-3 -2  7 -1 -5 -2 -2  1  3 -5 -6 -1 -5 -5 -5 -2 -3 -6 -4 -2 0 0 1 1 0.01
-2 -1 -4 -4 -5 -4  0 -3 -4 -5 -5 -2 -5 -6  8 -2 -1 -6 -5 -5 1 0 0 1 0.01
-2 -3 -3 -4 -4 -3 -3 -2 -1 -3 -3 -3 -3  3  0 -3 -3  3  8 -3 1 0 0 1 0.01
-4 -4 -4 -4  1 -3 -4 -4 -4 -1 -3 -4 -3 -2 -4 -4 -4 12 -1 -4 1 0 0 0 0.01
-1 -1  1  5 -4 -1  3  1 -3 -2 -3  0  3 -4 -3 -2 -2 -4 -4 -2 1 0 0 1 0.01
 0  2  0 -1 -3  1  2  1 -1 -1 -2  2 -1 -3 -2 -1 -1 -3 -1  0 0 0 1 1 0.01
-1  0  3 -1  1 -1  0  1  3 -3 -2  1 -2 -1 -3  0 -1  3  2 -1 0 0 1 1 0.01
 0 -5 -3 -4 -5 -4 -2  7 -5 -6 -6 -4 -5 -5 -5 -1 -4 -5 -2 -5 0 1 0 0 0.01
 1  0 -2 -2 -2  1 -1 -1 -3  1 -1  2  1 -1 -3 -1  0 -4 -3  2 0 1 0 0 0.00
-1 -4 -4 -5 -4 -4 -4 -5 -5 -3 -4 -4  3  0 -5 -1  7  2  1 -1 0 1 0 0 0.00
-4 -6 -6 -6 -5 -6 -6 -6 -4  3 -2 -6 -2  7 -6 -5 -2  1  2  3 0 1 0 0 0.00
-1  1 -3 -1 -5  3  5 -4  1 -3 -2  0 -1 -5 -4  0  0 -5 -4 -2 0 1 0 1 0.00
-6 -5 -2  8 -7 -4 -2 -5 -5 -7 -8 -5 -7 -8 -5 -4 -5 -8 -7 -7 0 0 1 0 0.00
-2 -3 -5 -3 -3 -5 -4 -4  0  1 -3 -3 -5 -4  8 -3 -3 -7 -3 -3 0 0 1 0 0.00
-2 -5 -1  8 -7 -4 -2 -5 -1 -7 -7 -4 -6 -7 -5 -2 -4 -8 -6 -6 0 0 1 0 0.00
-3 -3 -4 -5 -6 -5 -5  7 -5 -7 -7 -2 -6 -7 -6 -4 -5 -6 -6 -7 0 0 1 0 0.00
-5 -1 -1 -6 -5 -4 -5 -6 -1 -4 -4 -1 -4  0 -6 -5 -5  8  8 -1 0 0 1 0 0.00
-4  7 -3 -4 -1  0  1 -5 -1 -5 -2  2  0 -5 -2 -3 -1 -5 -4 -5 0 1 0 0 0.00
-2 -5 -5 -6 -3 -5 -5 -6 -5  5  2 -5 -1 -3 -5 -4 -1 -5 -3  5 0 1 0 0 0.01
-3 -5 -5 -5 -4 -4  1 -6 -5  0 -1 -4 -2 -4 -5 -4 -1 -6 -4  7 0 1 0 0 0.01
-4 -5 -6 -6 -4 -5 -5 -6 -5  2  5 -5  0  3 -5 -5 -3 -3 -2  0 0 1 0 0 0.01
 1 -2  0 -3  3  5 -2 -3 -2  1 -1 -2  4  0 -4  1 -2 -4 -2 -2 0 1 0 0 0.02
-3  0  6 -1 -5  4 -1 -3  2 -5 -5 -2 -4 -5  0 -1  0 -5 -4 -5 0 0 1 1 0.04
 1  4 -2 -2  1  1 -2  1 -2 -2 -1  0 -1 -3 -3  0  2 -4 -3 -2 0 0 1 1 0.03
 2  0 -1  1 -3  1  1  0 -2 -3 -3  2 -1 -4  0  1  0 -4 -3 -2 0 0 1 1 0.06
 0 -5 -1 -5 -5 -4 -5  3 -4 -5 -4 -5 -4  2 -5 -4 -4 11  0 -5 0 0 1 1 0.12
-1 -2 -2 -3 -2 -2 -2 -3 -3  4  1  0  0 -1 -3  1  0 -3 -2  2 0 0 1 1 0.22
-1 -1  4  3 -2 -1  0 -1 -1 -3 -3 -1 -2 -3 -2  3  2 -4 -2 -2 0 0 1 1 0.26
 1 -2 -1 -2 -2 -2 -2  6 -2 -3 -3 -2 -3 -3 -2  0 -1 -3 -3 -3 0 0 1 1 0.40
-1  2  0 -1 -3  1  1 -2 -1 -3 -2  4 -1 -3 -1  0 -1 -3 -2 -2 0 0 1 1 0.52
