-2 -4 -4 -3 -4 -3 -3 -4 -4 -4 -4 -3 -4 -5  8 -2 -3 -5 -5 -4 0 0 1 0 0.65
-1 -3 -4 -4 -2 -3 -3 -4 -3  0  4 -3  3 -1  2 -2 -2 -3 -2  0 0 1 0 0 0.67
-3  6 -1  2 -5  2  0 -3 -1 -4 -4  1 -3 -4 -1 -2 -2 -4 -3 -4 0 1 0 0 0.65
 0 -2 -2  0 -3  1  3  0 -2  0  1 -1  3 -2  1 -1 -1 -3 -2 -1 0 1 0 1 0.64
-1 -2  0 -2 -3 -1  0  4  3 -1 -2 -2 -1 -3 -3 -1  0 -3 -1  2 0 0 1 0 0.63
 1 -2  0 -2 -3 -1  1  5 -2 -4 -4 -2 -3 -4  3 -1 -1 -4 -3 -3 0 0 1 1 0.56
-2 -1  4  1 -4  0  2  0 -1 -3 -2  0 -3 -1  3  0 -1 -4 -3 -3 0 0 1 1 0.42
-1  2  0 -2 -3  3 -1  3 -2 -3 -2  0 -2 -4  1 -1 -2 -3 -3 -2 0 0 1 1 0.23
 0  0 -1 -1 -3  3  0 -3  1 -1 -2 -1 -2 -3  5 -1 -1 -4 -3  1 0 0 1 1 0.15
-1  0 -2 -2 -2  0 -2 -3  3  0  2 -1  1  2 -2 -1  0 -1  1  1 0 1 0 1 0.09
-1  0 -1 -2 -2  3 -1 -3  3  1 -1  1 -1 -2 -2 -1 -1 -3  0  2 0 1 0 0 0.05
-2 -1 -2 -2 -2 -1 -2 -3  3  0 -1  0 -1  1 -2  0 -1  0  6  1 0 1 0 0 0.03
-1 -3 -3 -3 -2 -1 -3 -3 -3  1 -1 -3 -1 -1 -3 -2 -1  8  0  4 0 0 1 1 0.03
-1 -3 -3 -3 -3 -2 -2 -3 -3 -3 -2 -2 -3 -4  8 -1 -2 -4 -4 -3 0 0 1 0 0.02
-3 -3 -4 -4 -3 -4 -4 -4 -2 -1  1 -4 -1  7 -4 -2 -3 -1  1 -1 0 0 1 0 0.02
 1 -1 -1 -1 -2 -1 -1 -1 -2 -3 -3  1 -2 -1 -2  4  2 -3 -2 -2 0 0 1 1 0.01
 1 -2 -1 -2 -2 -1 -2 -2 -2  0  0 -1  3 -2  0  2  4 -3 -2 -1 1 0 0 0 0.01
 1 -1 -1 -1 -2  1 -1  1 -2 -2 -1 -1 -1  1 -2  3  1 -2 -1 -2 1 0 0 1 0.01
-3 -2  1  7 -4 -1  2 -2 -2 -4 -4 -2 -4 -4 -2 -1 -2 -4 -4 -4 1 0 0 0 0.01
-2 -3 -4 -4 -2 -3 -3 -4 -3  1  5 -3  1  2 -3 -3 -2 -2 -1  1 1 0 0 0 0.01
 0  1  1  0  0 -1  0 -3  0 -2 -1 -1 -2  0 -3  1 -2 -1  6 -1 1 0 0 0 0.01
-1 -1  6  1 -4  4 -1  0 -1 -2 -4  0 -3 -4 -3  0 -1 -4 -3 -3 1 0 0 1 0.02
-3 -4 -4 -5 -3 -3 -4 -4 -4  3 -2 -4  2  2 -4 -2 -3 10  0 -1 1 0 0 0 0.02
-2  2 -2 -2  0  1  1 -3  0 -2 -4  6 -3 -4 -3 -1 -2 -4 -1 -3 1 0 0 1 0.03
 0  1  2 -1 -3  2  1 -2  2 -1 -2  1  0 -3 -2  0  2 -3 -1 -2 1 0 0 1 0.03
-1  1  2  0  0  3  2 -1  4 -3 -3  1 -2 -3 -3  0 -2 -4 -2 -1 0 0 1 1 0.03
 0 -1  3 -1 -2 -1 -1 -2  4 -1  1 -1  2  0 -2  1  0 -3 -1 -1 0 0 1 0 0.04
 1 -2 -2 -2 -3  0 -2  4 -2 -2 -1  0 -2 -3  4 -1  0 -3 -3 -1 0 0 1 1 0.04
-1  1  2  0 -3 -1 -1  1 -1 -3 -3  2 -2 -4  3  2  0 -4 -3 -3 0 0 1 1 0.04
-3 -3 -3 -4 -3 -3 -4 -4 -1 -1  1 -3 -1  6 -4 -1 -2  0  5 -2 0 0 1 0 0.04
 0  3 -1 -2 -2 -1 -1 -2 -2 -2  0 -1 -2 -3 -2  4  1 -4 -2  0 0 0 1 1 0.04
-2 -1  2  3 -4  1  4 -2 -1 -3 -3  1 -2 -4 -2  0 -1 -4 -3  0 0 0 1 1 0.03
-2 -1  5  5 -4 -1  1 -2 -1 -4 -4  2 -3 -4 -3  0 -1 -5 -4 -4 0 0 1 1 0.03
-3 -4 -4 -3 -5 -3 -3 -4  2 -5 -4 -3 -4 -5  8 -3 -3 -5 -4 -4 1 0 0 1 0.02
-1  1 -1  1  1  3  1  0 -1 -1 -1  0 -1 -3 -2  1  0 -3 -2  0 1 0 0 1 0.02
 1  1  0  1 -3  1  1  1  1 -2 -2  2 -2 -3 -2  0 -1 -3 -1 -1 1 0 0 1 0.01
-2 -3 -4 -4 -2 -3 -3 -4 -2  1  3 -3  1  3 -4 -2 -1  3  3  2 1 0 0 0 0.01
 2 -2 -3 -3 -2 -2 -3 -3 -1  4  1 -2  1 -2 -3 -1  1 -3 -2  1 1 0 0 0 0.01
 0  1  2  1 -3  1  2 -1 -1 -3 -3  2 -2 -4 -2  1  1 -4 -3 -3 1 0 0 1 0.01
-1  2 -2 -2 -3  0  1  1 -2 -1  3 -1  0 -2 -3 -2 -2 -3 -2  0 1 0 0 0 0.01
-2 -3 -4 -4 -2 -3 -4 -4 -3  3  3 -4  1  4 -4 -3 -2  3  0  2 1 0 0 0 0.01
-2  1 -1  2 -4  2  4 -3 -1 -3 -2  2 -2 -3 -2 -1 -2  3  0 -3 1 0 0 1 0.01
-1  1 -1 -2 -2  1 -1 -1  2 -2 -1  0  1  0 -2  3  2 -2  2 -2 1 0 0 0 0.01
-1 -3 -4 -4 -2 -3 -4 -4 -4  4  2 -3  2  2 -3 -3 -1 -3 -1  3 1 0 0 0 0.01
-2 -3 -3 -3 -1 -2 -3 -2 -3  1  2 -3  2  3 -3 -1  2 -2  0  0 1 0 0 0 0.01
-1  1 -1 -2 -3  2 -1  1  2 -1  0  1 -1  2 -3  0 -1 -1  0 -1 1 0 0 1 0.01
 0 -2 -1 -2 -2  2 -1 -3 -2 -2 -2 -1  1 -3  2  2  5 -4 -3 -2 1 0 0 0 0.01
-3 -2  1 -2 -4  1 -2 -3  7 -3 -3 -2 -2  4 -1 -1 -2 -2  3 -3 0 0 1 0 0.00
-2 -1  4  4 -4  3  2 -2 -1 -1 -1 -1 -2 -3 -3 -1 -2 -4 -3 -3 0 0 1 1 0.00
-2 -3 -3 -3 -3 -3 -3 -4 -3 -2  2 -3 -1 -2  6 -1 -2 -3  2 -2 0 0 1 0 0.00
-2 -3 -1  3 -3 -2 -1 -3 -3 -3 -3 -2 -2 -4  0  1  6 -4 -3 -2 0 0 1 0 0.00
-5 -1 -6 -6 -4 -4 -5 -5 -4 -5 -4 -5 -3  1 -6 -5 -4 12  0 -5 1 0 0 0 0.00
 1  0  1  4 -3  0  1 -1  2 -3 -4  1 -3 -4  1  0 -1 -4 -3 -3 1 0 0 0 0.00
-3 -3  0  7 -5 -1  2  0 -2 -5 -5 -2 -4 -5 -3 -2 -2 -6 -4 -5 1 0 0 0 0.00
-2 -4 -4 -4  7 -3 -4 -4 -4  2  2 -4  1 -1 -4 -3 -2 -3  0  2 1 0 0 0 0.00
-1  0  0  1  1  5  1 -3  4 -3 -3 -1  1 -3 -3 -1 -2 -3  1 -1 1 0 0 0 0.01
-1 -1 -2 -2 -3  5 -1 -3  1  2  0 -1 -1  1 -3  0  0 -3 -1  1 1 0 0 0 0.00
-2 -3 -4 -4 -2 -3 -3 -4 -3  3  4 -3  1  1 -3 -2 -2 -3 -2  1 1 0 0 0 0.00
-2 -3 -4 -4 -2 -1 -3 -5 -4  1  5 -3  2  0 -4 -3  0 -3 -2  0 1 0 0 0 0.01
 0  0  2  1 -3  3  0  1 -1 -2  0 -1  0 -3 -2  1  0 -3 -2 -2 1 0 0 1 0.01
 1 -2 -1  0 -2  0 -1 -2 -2  1 -1 -1  1 -1 -2  1  3 -3 -2  1 1 0 0 0 0.01
-1 -3 -3 -4  3 -3 -3 -4 -3  1  4 -3  0 -1 -3 -2  2 -3 -2  0 1 0 0 0 0.01
-3 -4 -4 -5  3 -4 -4 -4 -3  0  3 -4  2  6 -4 -3 -3 -1  1 -1 0 0 1 0 0.01
-1 -2  1  2 -2 -2 -2 -3 -3 -2 -3 -1 -2 -4 -2  2  6 -4 -3 -2 0 0 1 1 0.01
 1  0 -1 -1 -2  0  0  0  1 -2 -2 -1 -1 -3  4  2  2 -3 -2 -1 1 0 0 1 0.01
-2 -1  0  3 -4  0  4 -1  1 -4 -4  0 -3 -4 -2 -1  2 -4 -3 -3 1 0 0 1 0.01
-2 -1 -1  2 -5  0  6 -3 -2 -5 -4  1 -3 -5 -3 -2 -2 -4 -4 -4 1 0 0 0 0.01
-2  5 -1 -2  1  2 -1 -3 -2 -4 -3  5 -2 -4 -3 -2 -2  1 -3 -2 1 0 0 0 0.02
 0  1  1  1 -3  3  3 -1 -1 -3 -3  1 -2 -4 -2  0 -1 -3 -2 -3 1 0 0 1 0.01
 0  5 -2 -3 -3  1 -2 -3 -2 -3 -1  0  4 -3 -1 -2 -1  2 -3 -2 1 0 0 1 0.02
-1 -4 -4 -4 -2 -4 -4 -2 -4  5  0 -4 -1  1 -4 -3  0 -3 -2  3 1 0 0 0 0.02
-2  3 -2 -3 -3  2 -2 -3 -2  0  2 -1  1  0 -1 -1 -2  6 -1 -1 1 0 0 0 0.03
 0  0  2  0 -2  1  1  1 -1 -1  0  1 -1  0  0  0  0 -2 -2 -1 1 0 0 1 0.03
 2 -1  0 -1 -3  2  3 -2  1 -2 -1  1 -2 -3 -2 -1  1 -3 -2 -1 1 0 0 0 0.04
 5 -3 -3 -3 -2 -2 -2 -1 -3 -3 -3 -2 -2 -3 -2  0  2 -4 -3 -1 1 0 0 0 0.04
-2  5  0 -2 -3  0  0 -2 -2  0 -2  1  0 -3 -3 -1 -1 -4 -3  1 1 0 0 0 0.04
 0  2 -1  1 -3  1  2 -3 -2 -2 -3  4 -2 -3 -2 -1  0 -3  0 -3 1 0 0 1 0.05
 0  0  0 -1  0  1  0  0  0  0  1  0 -1 -1 -1  0 -1  1  1  0 0 0 1 1 0.06
 2 -3 -3 -4 -2 -3 -3  0 -3  1  0 -3  2 -1 -3 -1 -2  2 -2  4 0 0 1 0 0.06
-2  3  0  1 -3  1  0 -3 -2 -2  2 -1 -1 -3  4 -1 -2 -3 -3 -2 0 1 0 1 0.07
 0  0  1  0 -3  1  2  4 -2 -3 -2 -2 -3 -3 -3 -1 -1  2 -3 -1 0 0 1 0 0.09
-1  1  1  3 -3  0  0  2  0 -2 -2  0 -2 -3  0 -1 -1  3 -2  0 0 0 1 1 0.09
 2 -2  1  3 -3  1  1 -1  4 -3 -3 -2  2 -4 -1  0 -1 -4 -3 -2 0 0 1 1 0.10
 0 -2  1 -1  1 -2  0  3  0 -2  0 -1 -2 -1  1  0 -1 -3 -3 -2 0 0 1 1 0.10
 0  3 -1 -2  0  3  0  1  3 -3 -2  1 -2 -3 -3  0  0 -3 -2  0 0 0 1 1 0.12
-2 -3 -3  2 -4 -1  0 -1  1 -3  0 -2 -3 -4  6 -1 -1 -4 -4 -3 0 1 0 1 0.10
 1 -2  0 -2 -3  1  2  1 -2 -1 -2 -1 -2 -3 -3  0  4 -4 -1 -1 0 0 1 0 0.09
-2  0  0  1 -4  5  1 -3  0 -3 -1 -1 -2 -4 -1 -2  2  3 -3 -1 0 0 1 1 0.09
 1 -2  2  1 -2  1 -1  0  0 -1  1 -2  1 -2 -2 -1  0  3 -2  0 0 0 1 1 0.08
-1  1  1 -2 -3  2 -1  0  1 -1 -2 -1  0 -3  4 -1  0  2 -2  0 1 0 0 1 0.07
 1  0  2  1  0  1  1 -1 -1 -2 -2  0 -2 -3  1  0  1 -3 -1  0 1 0 0 1 0.05
-2  1 -1  0 -3  1  2 -1  0  0  0 -1 -1 -3  2 -1  2  1 -2 -1 1 0 0 1 0.04
 1 -3 -3 -3 -2 -3 -1  1 -3  4  1 -3 -1 -2 -3 -2 -2  1 -2  2 1 0 0 0 0.03
-1  1  2  4 -4  1  4 -2 -2 -4 -4  2 -3 -4 -3 -1 -2 -4 -4 -4 1 0 0 1 0.02
 2 -2 -1  0 -2  2  2 -2  2 -1 -2 -1  0 -3  0  0  2 -3  0 -1 1 0 0 1 0.02
 1  0 -1 -1 -2  2  0  1  1 -1  0  1  0 -2 -1  0  0 -2 -1  0 1 0 0 0 0.01
-2 -2 -3 -3 -2 -2 -2 -3 -1  1  2 -2  0  4 -3 -2 -1  4  3  1 0 0 1 0 0.01
-1 -1 -2 -2 -3 -1 -1 -2 -2 -2  0  1 -2 -3  7 -1 -1 -3 -3 -2 0 0 1 0 0.01
 0 -2 -2 -2 -2 -2 -2  0 -2  2  2 -2  1 -1 -1  1  0 -2 -2  0 0 0 1 1 0.01
 0 -1  0  0 -2  2  1 -2 -1  0 -1  1  0 -2 -2  1  2 -3 -2 -1 0 0 1 1 0.01
-2  4  1  3  2  2  1 -3  2 -3 -3  0 -2 -3 -3 -1 -2  5 -2 -3 0 0 1 1 0.01
-2 -3 -3 -2 -4 -2  0 -3  1 -3 -1 -2 -3 -4  7 -2 -2 -4 -3 -3 0 0 1 0 0.01
-1  0  3  3 -3  0  0  2  2 -3 -3 -1  1 -3  0  0 -1 -3 -2 -3 0 0 1 1 0.01
-3 -4 -4 -4  2 -3 -4 -4 -3 -3 -2 -4  2  2 -4 -4 -3 11  0 -3 0 0 1 0 0.02
-2 -2  3  6 -4  2  0 -2  2 -4 -4 -1 -3 -4 -2 -1 -2 -4 -3 -4 0 0 1 1 0.03
-1 -3  0 -3  1 -2 -2 -3 -1 -1 -1 -2 -2  4  3 -2 -1 -1  4 -1 0 0 1 0 0.03
 0 -1  6  0 -3  1  0 -2 -1 -3 -3 -1  1 -3  1 -1  0 -4 -3 -3 0 0 1 1 0.04
-1 -1  1  2 -2  0  0 -2 -2  0 -2 -1  0 -3 -2  2  4 -3 -2 -1 0 0 1 1 0.04
 2 -1  0  0 -2  1  2 -2 -1 -2 -2 -1 -2 -3  4  1 -1 -3 -2 -2 1 0 0 1 0.04
 1  0 -1  0 -3  0  3  1  0 -2 -3  0 -2 -3 -1  0  1 -3 -3 -1 1 0 0 1 0.04
 0 -1  1  2 -3 -1  0  4  5 -4 -4 -2 -3 -3 -3  0 -2 -4 -2 -3 1 0 0 0 0.04
-2  5 -2 -1  0  3 -1 -2 -2 -1  1  1  0 -2 -3 -2 -2 -3 -1 -2 1 0 0 1 0.06
 0  1  1 -1  0  2  3 -1 -1 -3 -1  1 -2 -3 -2 -1  1  2 -2 -2 1 0 0 1 0.05
 1  3  0 -2  1  1  0  1  3 -3 -3  0 -2 -2 -3  0 -2  4  1 -3 1 0 0 1 0.05
-2  2 -3 -4 -3 -2 -3 -4  1  2  4 -2  3 -1 -4 -2 -1 -3 -2  0 1 0 0 0 0.04
-2  3  0  2 -3  3  0 -3  2 -2  0  1  0 -3 -3 -1 -2 -1 -1 -1 1 0 0 1 0.03
-2  0  1  1 -3 -1 -1 -2  4  1  1  1  0 -1 -3 -2  0 -3  2  0 1 0 0 1 0.02
-3 -3 -1 -2  2  2 -2 -4 -1 -1  0 -2  4  3 -4 -3 -2 -1  6 -1 1 0 0 0 0.01
-2  5 -2 -3 -4  2 -1 -4  2  0  1  1 -1 -3 -3 -2 -2 -4 -2 -1 1 0 0 0 0.02
-1  2  0  2 -4  4  2 -3  1 -4 -2  2 -2 -4 -2 -1  1 -4 -3 -3 1 0 0 1 0.01
 0 -2 -1  0  5 -2 -1 -1  0  1  1 -1  1 -1 -3 -1  0  1 -1  0 1 0 0 0 0.02
-2 -3 -4 -4 -2 -3 -4 -5 -4  2  5 -4  0  1 -4 -2 -2 -3 -2  2 1 0 0 0 0.02
-2 -3 -4 -4 -2 -3 -4 -4 -4  3  4 -4  2 -1 -4 -3 -2  4 -2  2 1 0 0 0 0.02
 2  1  0  0 -2  2  2 -1 -2 -2 -1  0 -2 -3 -2  0 -1 -3 -2  0 1 0 0 0 0.04
 1 -3  1 -3 -4 -1 -3  6 -1 -5 -5 -3 -4 -4 -1 -1 -3 -4 -4 -4 1 0 0 0 0.03
-3 -4 -4 -5 -3 -3 -4 -5 -4  3  4 -4  4 -1 -4 -4 -2 -3  0  1 1 0 0 0 0.06
-1  5 -2 -2 -5  3  2 -3  1 -4 -4  3 -3 -4 -3 -2 -2  1 -3 -4 1 0 0 1 0.11
 1  2  1  0 -3  0  2  3 -1 -3 -3  1  0 -4 -2 -1 -1 -4 -3 -3 1 0 0 1 0.25
 5 -3 -2 -3 -2 -2 -2  2 -3 -3 -3 -2 -2 -4 -2  1 -1 -4 -3 -1 1 0 0 0 0.38
 3 -2 -2 -2 -2 -2 -2  2 -2  2 -1 -2 -1 -2 -2  2 -1 -3  1  0 1 0 0 1 0.51
-2  6 -1 -2 -4  4  0 -3  1 -4 -3  3 -2 -4 -3 -1 -2 -4 -2 -3 0 0 1 1 0.60
