-1 -2 -3 -4 -1 -1 -3 -3 -2  1  3 -2  5  0 -3 -2 -1 -2 -1  1 0 0 1 1 0.96
 0 -2  0 -1 -2 -1 -2  4 -2 -2 -2 -1 -2 -3 -2  1  3 -3 -2 -1 0 0 1 1 0.96
 1 -1  1  0 -1  0  0  0 -1 -3 -3  0 -2 -3 -1  4  1 -3 -2 -2 0 0 1 1 0.95
-1 -3  0  4  7 -1  0 -2 -2 -2 -2 -2 -2 -3 -2 -1 -1 -3 -3 -2 0 0 1 1 0.95
 0  1  0 -1 -2  1  0 -1 -1 -3 -3  3 -2 -3 -1  3  1 -3 -2 -2 0 0 1 1 0.92
-1 -3 -4 -3 -1 -3 -4 -4 -4  4  2 -3  1  0 -3 -3 -1 -3 -1  3 0 0 1 0 0.90
-1 -1  0 -1 -3  0 -1 -2  6 -3 -3 -1 -2 -2  6 -1 -2 -3  0 -3 0 0 1 1 0.93
-2 -1 -1 -2 -3 -1 -1 -3  6 -1 -1 -2 -1  5 -3 -2 -2  0  3 -2 0 0 1 0 0.94
-1 -1 -1 -2 -2 -1 -1 -3  6  1 -1 -2  0 -1 -2 -1 -1 -3  1  2 0 0 1 0 0.90
-1 -1  0 -1 -3  0 -1 -2  6 -3 -3 -1 -2 -2  6 -1 -2 -3  0 -3 0 0 1 0 0.81
-2 -1  0  0 -3  1  3 -3  6 -3 -3 -1 -2  0 -2 -1 -2 -1  4 -3 0 0 1 1 0.74
-1 -2 -2 -3 -1 -2 -2 -3  4  2  0 -2  0 -1 -3 -2 -1 -3  0  4 0 0 1 0 0.61
-1 -3 -2 -2 -3 -2 -2 -3 -3 -3 -3 -1 -3 -4  8 -1 -1 -4 -4 -3 0 0 1 0 0.54
-1 -3 -3 -2 -4 -2 -2 -3 -3 -4 -4 -2 -3 -4  8 -1 -2 -5 -4 -3 0 0 1 0 0.59
 1  1  0  3 -3  0  1  3 -1 -3 -3  0 -2 -3 -2  1 -1 -3 -3 -3 0 0 1 1 0.52
 3 -2 -1 -1 -1 -1 -1 -1 -2 -1 -2 -1 -1 -3 -1  3  1 -3 -2  1 0 1 0 0 0.38
-3 -3 -3 -4 -3 -3 -3 -4  1 -1 -1 -3 -1  5 -4 -3 -2  1  7 -2 0 1 0 0 0.24
 1 -1  0 -1 -1 -1 -1 -1 -1 -3 -3 -1 -2 -3 -1  5  1 -3 -2 -2 0 1 0 0 0.15
 0 -2 -3 -3 -1  1 -2 -3 -2  2  3 -2  1 -1 -3 -1 -1 -2 -2  2 0 1 0 0 0.08
 0  0  0  2 -3  1  3 -2 -1 -3 -3  3 -2 -3 -1  2  0 -3 -2 -3 1 0 0 1 0.05
 2 -1  0 -1 -1 -1 -1 -1 -2 -2 -2 -1 -2 -3 -1  4  3 -3 -2 -1 1 0 0 0 0.04
 5 -2 -2 -2 -1 -1 -1  0 -2 -2 -2 -1 -1 -3 -1  1  0 -3 -2 -1 1 0 0 0 0.03
-2 -3 -4 -4 -2 -3 -3 -4 -4  4  3 -3  1  0 -3 -3 -1 -3 -2  2 0 1 0 0 0.02
-1  2  3 -1 -3  1  0 -2 -1 -2  0  1 -1  1 -2  1 -1 -2 -1 -2 0 1 0 1 0.02
-1 -3 -3 -3 -1 -2 -3 -3 -3  3  2 -2  1 -1 -3  0  0 -3 -2  3 0 1 0 0 0.02
-2 -3 -4 -4 -2 -3 -3 -4 -3  2  4 -3  2  0 -3 -3 -1 -2 -1  2 0 0 1 0 0.01
 1 -1  0  3 -3  3  3 -2 -1 -3 -3  0 -2 -3 -1  1 -1 -3 -2 -2 0 0 1 1 0.01
-1 -1  5  2 -3 -1  0  2 -1 -3 -3 -1 -2 -3 -2  1  1 -4 -3 -3 0 0 1 1 0.01
-1  2 -1 -1 -3  2  0 -2  3 -2 -2  2 -1  2 -2 -1 -1 -1  3 -2 0 0 1 1 0.01
 0  0  0  2 -2  2  3 -1  0 -2 -2  0 -1 -2 -1  1  0 -2 -1 -2 0 0 1 1 0.01
-2 -2 -3 -4 -3 -2 -3 -4  1 -2 -2 -3 -2  3 -4 -2 -2  2  8 -2 0 1 0 0 0.01
-2  3 -2 -3 -3 -1 -1 -3 -1 -1  0  0  2 -1  4 -1 -1 -2  2 -1 0 1 0 0 0.01
-2 -3 -4 -4 -2 -3 -3 -4 -3  1  5 -3  2  0 -3 -3 -2 -2 -2  1 0 1 0 0 0.01
 0 -2 -2 -3 -1 -2 -2 -3 -3  2  1 -2  1 -1 -2  0  1 -3 -2  3 0 1 0 0 0.01
-1 -2  0  5 -3  0  2 -2 -1 -2  0 -1 -1  2 -2  1 -1 -3 -1 -2 0 1 0 0 0.01
 0 -2 -2 -2 -1 -2 -2 -2 -3  3  0 -2  0 -1 -2  1  2 -3 -2  3 0 1 0 0 0.01
-1  0 -1 -1 -3  0  2  4 -2 -2 -2  2 -2 -3 -2 -1 -1 -3 -3  0 0 1 0 1 0.01
-2  0 -1  0 -4  1  5 -3  0 -3 -3  2 -2 -1 -2 -1 -1  5  2 -3 0 1 0 1 0.01
-1 -3 -4 -4 -1 -3 -3 -4 -4  4  1 -3  1 -1 -3 -2 -1 -3 -2  4 0 1 0 0 0.01
-2 -1  4  5 -4  0  2 -1 -1 -4 -4 -1 -3 -4 -2  0 -1 -4 -3 -4 0 0 1 1 0.01
 0 -1  0 -1 -3  1  1  4 -1 -4 -4 -1 -2 -3 -2  2 -1 -3 -3 -3 0 0 1 1 0.01
-2 -3 -3 -4 -3 -2 -3 -4  1 -1  1 -3 -1  4 -4 -2 -2  1  7 -1 0 0 1 1 0.01
-1  1 -1 -1 -3 -1  1  5 -1 -4 -3 -1 -3 -2 -3 -1 -2 -2  2 -3 0 0 1 1 0.01
 0 -2  0  5 -3 -1  0  1 -2 -3 -4 -1 -3 -4  3  0 -1 -4 -3 -3 0 0 1 1 0.01
-1 -2 -3 -3 -2 -2 -2 -3 -3  3  1  0  2 -1 -3 -2 -1 -3 -2  4 0 1 0 0 0.01
-1  0 -1  0 -3  3  4 -3  0 -2  0  0 -1 -1 -2 -1 -1 -2  2 -2 0 1 0 1 0.01
 1 -2 -3 -3 -2 -2 -3  1 -2  1  3 -2  4 -1 -3 -1 -1 -2 -2  0 0 1 0 0 0.01
-1  3  2  0 -4  1  3 -2 -1 -3 -3  4 -2 -4 -2  0 -1 -4 -2 -3 0 1 0 1 0.01
 0 -3 -1 -2 -3 -2 -3  6 -3 -4 -4 -2 -3 -4 -3 -1 -2 -3 -4 -4 0 1 0 0 0.01
-1  3 -2 -2 -2  0 -1 -3 -2  1  0  2  3 -2 -2 -1 -1 -3 -2  1 0 1 0 0 0.01
-1 -3 -3 -4  4 -2 -3 -4 -1  1  0 -3  0  1 -3 -2 -1  0  5  3 0 1 0 0 0.01
 4 -2 -2 -2 -1 -1 -2  3 -2 -2 -2 -1 -2 -3 -2  1 -1 -3 -3 -1 0 1 0 0 0.01
-1 -2 -2 -3 -1 -2 -2 -3 -3  3  1 -2  2 -1 -2  0  1 -3 -2  2 0 1 0 0 0.01
-3 -3 -3 -4 -3 -3 -4 -4 -1 -1  0 -3 -1  7 -4 -3 -3  1  5 -1 0 1 0 0 0.01
-1 -1  0  3 -3  0  3 -2 -1  0 -2  1 -1 -3 -2 -1 -1 -4 -2  0 0 1 0 1 0.01
-1 -1  3  0 -3  0 -1  3  3 -3 -3  1 -2 -3 -2  1  1 -3 -2 -3 0 0 1 0 0.01
-1 -1 -1  3 -3 -1  1 -3 -2  0 -1  0 -1  3 -2 -1 -1 -2  0  1 0 0 1 1 0.01
-1 -2  3  4 -3 -1  0  1 -1 -3 -3 -1 -3 -2 -2  0  1 -2  1 -3 0 0 1 1 0.01
 0 -1 -1 -2 -3 -1 -1  5 -2 -4 -4  2 -3 -4 -2 -1 -2 -3 -3 -3 0 0 1 1 0.01
-1 -1  2  1 -2  1  0 -2 -1  0 -1 -1  2 -2  2  0  1 -2 -2  0 0 0 1 1 0.01
-2 -2 -3 -3 -2 -2 -3 -3 -1  0  0 -3  0  5 -3 -2 -1  0  4  1 0 1 0 0 0.01
-2 -2 -3 -4 -2 -2 -3 -4 -1  0  3 -3  3  4 -3 -2 -2  0  4  0 0 1 0 0 0.01
-1 -3 -4 -4 -2 -3 -3 -4 -3  2  3 -3  1  2 -3 -3 -1 -2  0  3 0 1 0 0 0.01
-2 -3 -3 -4 -3 -2 -3 -4  0 -1  0 -3  2  5 -4 -2 -2  1  6 -1 0 1 0 0 0.01
 2  0 -1 -2 -2  0 -1  1 -2 -1 -2  3 -1 -3 -2  0 -1 -3 -2  1 0 1 0 0 0.01
-3 -3 -3 -4 -3 -3 -3 -4  1 -1 -1 -3 -1  5 -4 -3 -2  2  7 -2 0 1 0 0 0.01
-1  2  0  2 -3  1  2 -2 -1 -2 -2  4 -2 -3 -2 -1 -1 -4 -2  0 0 0 1 1 0.01
-1 -2  0  4 -3 -1  0  3 -1 -3 -4 -1 -3 -2 -2  1 -1 -2  2 -3 0 0 1 1 0.01
-1 -1 -1  1 -4  1  6 -2 -1 -4 -3  0 -2 -4 -2  1 -1 -3 -3 -3 0 0 1 1 0.01
-1  0  2  2 -3  2  3 -1  0 -3 -3  2 -2 -3 -1  2  0 -3 -2 -3 0 0 1 1 0.01
 4 -2 -2 -2 -1 -1 -1 -1 -2 -2 -2 -1 -2 -3  4  1  1 -3 -2 -1 1 0 0 0 0.02
-1  3 -1 -1 -4  1  0 -2 -1 -3 -3  5 -2 -4 -2 -1 -1 -4 -2 -3 1 0 0 1 0.02
 1  0  2  0 -2  2  2 -1 -1 -1 -2  2 -1 -3 -2  1  0 -3 -2  0 1 0 0 1 0.02
-1 -2  2  2 -2 -1 -1 -2  0  0 -1 -1 -1  0 -2  2  0 -1  4  0 1 0 0 0 0.02
-3 -4 -5 -5 -3 -3 -4 -3 -3 -4 -2 -4 -2  0 -5 -4 -3 12  2 -4 1 0 0 0 0.02
-1  1  3  2 -3  0  0 -1 -1 -3 -3  4 -2 -4 -2  1  0 -4 -2 -3 1 0 0 1 0.02
 0  3  2 -1 -3  1  0 -2 -1 -3 -3  4 -2 -3 -2  0 -1 -4 -2 -3 1 0 0 1 0.02
-2 -3 -4 -4 -2 -3 -4 -4 -3  4  2 -3  1  2 -3 -3 -1 -2  0  2 1 0 0 0 0.02
-1  2  1 -2 -2 -1 -1 -2 -2  1 -1  1  0 -2 -2  0  2 -3 -2  2 1 0 0 0 0.02
-1  2 -1 -1 -4  1  0  1 -1 -3 -3  5 -2 -4 -2 -1 -1 -4 -2 -3 1 0 0 1 0.02
-1  3  2  0 -3  2  2 -2  0 -3 -3  3 -2 -3 -2  0  1 -3 -2 -2 1 0 0 1 0.02
 0 -2 -2 -3 -2 -2 -2 -3 -1  1  0 -2  0  4 -3  0 -1  0  4  1 0 1 0 0 0.02
 0 -3  2 -1 -3 -2 -2  6 -2 -4 -4 -2 -3 -4 -3 -1 -2 -3 -4 -4 0 1 0 0 0.03
-1 -2  1 -2 -2 -2 -2  1 -1  2  0 -2  0  4 -2 -1 -1 -1  1  0 0 1 0 0 0.03
-1 -1 -2 -2 -2 -1 -1 -2 -2 -1  0  1 -1 -1  4 -1 -1  8  0  0 0 1 0 0 0.03
 0 -1 -1 -1 -1 -1 -1 -1 -2  0  2 -1  0 -1 -1  3  0 -2 -1 -1 0 1 0 0 0.03
 0  2  0 -1 -2  0  0 -1 -1  0 -1  2 -1 -2 -1  2  0 -3 -2  0 0 1 0 0 0.02
-1  4 -1 -2 -2  0 -1 -3 -1  1  0  1  0  0 -2 -1 -1 -1  2  0 0 1 0 0 0.02
 0 -1  2 -1 -2  0 -1 -1 -1 -2 -2  1 -1  1 -2  3  3 -2 -1 -2 0 1 0 0 0.02
-2 -1 -2 -3 -2 -2 -2 -3  0  1 -1  0 -1  2 -3 -2 -1  0  6  2 0 1 0 0 0.01
-2 -3 -4 -4 -2 -3 -3 -4 -3  1  4 -3  2  2 -3 -3 -1 -2  0  1 0 1 0 0 0.01
-1  0  2  4 -3  0  2 -2 -1 -3 -3  2 -2 -4 -2  0  1 -4 -3 -3 0 1 0 0 0.01
-2 -3 -3 -4 -2 -2 -3 -4 -2  2  3 -3  3  2 -3 -3 -1 -1  3  1 0 0 1 0 0.01
 0 -1 -1 -1 -2 -1 -1  1 -2 -1  0 -1 -1 -2  5  1  0 -2 -2 -1 0 0 1 1 0.01
-2 -1  6  4 -3  0  0 -1  0 -3 -4 -1 -3 -4 -2  0  1 -4 -3 -3 0 0 1 1 0.01
-1  1 -1 -2 -2 -1 -2 -2  0 -1  0 -1  4  0 -2  2 -1 -1  4 -1 0 0 1 1 0.01
 0 -3 -1 -2 -3 -2 -3  6 -2 -4 -3 -2 -3  1 -3 -1 -2 -2 -2 -3 0 0 1 0 0.01
-1  0 -2 -2 -2  0 -1 -3 -1  0  1  3  0  0 -2 -1  1 -1  2  1 0 1 0 1 0.01
-3 -3 -3 -4 -3 -3 -3 -4  0 -1  0 -3 -1  6 -4 -3 -2  1  6 -1 0 1 0 0 0.01
 0 -1  0 -1 -2  2  0  1 -1 -3 -3  0 -2 -3 -1  4  2 -3 -2 -2 0 1 0 0 0.01
 0 -2 -1 -2 -1 -2 -2 -2 -3  1  2 -2  0 -1 -2  1  3 -3 -2  2 0 1 0 1 0.01
-2  3 -2 -2 -3  0 -1 -3 -1  1 -1  2 -1  3 -3 -1 -1 -2  0  0 0 1 0 1 0.01
-1  0 -1  1 -2  0  0 -2 -1 -1  1  2  0  0 -2  1  1 -2  2 -1 0 0 1 1 0.01
-1  2  2  3 -3  1  3 -2 -1 -3 -3  2 -2 -4 -2  1 -1 -4 -2 -3 0 0 1 1 0.01
 0 -2  3 -1 -3 -1 -2  5 -1 -4 -4 -1 -3 -4 -2  1 -1 -3 -3 -3 0 0 1 1 0.01
-1  1 -1 -2 -2  0 -1 -2 -2  1  0  3  0 -2 -2  0  2 -3 -2  0 0 0 1 1 0.01
-2  1  2  4 -4  0  2 -2  0 -3 -3  1 -2 -1 -2 -1 -1 -2  2 -3 0 1 0 1 0.01
-2 -3 -4 -4 -2 -3 -4 -4 -4  4  3 -3  1  0 -3 -3 -1 -3 -2  3 0 1 0 0 0.01
-1 -3 -3 -4 -2 -3 -3 -4 -1  3  0 -3  0  1 -3 -2 -1 -1  4  3 0 1 0 0 0.00
 1 -2 -1 -2 -1 -1 -1 -2 -2  1 -1 -1 -1 -2 -2  3  2 -3 -2  2 0 1 0 0 0.00
-3 -4 -5 -5 -3 -3 -4 -3 -3 -4 -2 -4 -2  0 -5 -4 -3 12  2 -4 0 1 0 0 0.00
-3 -3 -4 -5 -3 -3 -3 -3 -1 -3 -2 -3 -2  1 -4 -3 -3 11  5 -3 0 1 0 0 0.00
-1  3 -1 -1 -4  1  0 -2 -1 -3 -3  6 -2 -4 -2 -1 -1 -4 -2 -3 0 1 0 1 0.00
-1  0  2  4 -4  0  2  1 -1 -4 -4  2 -3 -4 -2  0 -1 -4 -3 -3 0 0 1 1 0.00
-2  3  5  0 -3  0 -1 -1  0 -2 -3  0 -2 -3 -3  0 -1 -4 -2  0 0 1 0 0 0.00
-3 -4 -5 -5 -3 -3 -4 -3 -3 -4 -2 -4 -2  0 -5 -4 -3 12  2 -4 0 1 0 0 0.00
-2 -3 -4 -4 -2 -2 -3 -4 -3  1  4 -3  3  2 -3 -3 -2 -2 -1  0 0 1 0 0 0.00
-3 -3 -4 -4 -3 -4 -4 -4 -2  1  0 -4  0  7 -4 -3 -2  0  2 -1 0 1 0 0 0.01
-1 -3 -3 -3 -1 -3 -3 -4 -4  4  1 -3  1 -1 -3 -2  1 -3 -2  3 0 1 0 0 0.01
 0 -3 -3 -3 -1 -3 -3 -3 -3  4  1 -3  1 -1 -3 -2 -1 -3 -2  3 0 1 0 0 0.01
-1 -1  0  0 -2  1  4 -2 -1 -2 -3  0 -2 -3 -1  1  3 -3 -2 -2 0 1 0 0 0.01
 0 -3 -1 -2 -3 -2 -2  6 -2 -4 -4 -2 -3 -4 -2  1 -1 -3 -3 -3 0 0 1 0 0.01
-1  3  2  0 -2  1  0 -1  0 -2 -2  3 -1 -2 -1  1  0 -2 -1 -2 0 0 1 1 0.01
-1 -1  4  4 -3  0  2 -1 -1 -4 -4 -1 -3 -4 -2  1  0 -4 -3 -3 0 0 1 1 0.02
 1  0  2  2 -2  0  0  2 -1 -3 -3  2 -2 -3 -2  1  0 -3 -3 -2 0 0 1 1 0.02
 1 -2 -1 -2 -1 -1 -1 -1 -2  2  0 -1  0 -1 -1  0  1 -2 -1  2 1 0 0 0 0.02
-1  0  0  3 -4  1  4 -2 -1 -4 -3  3 -2 -4 -2  0 -1 -4 -3 -3 1 0 0 1 0.02
-1  0  2  2 -3  1  4 -2 -1 -3 -3  2 -2 -4 -2  0  1 -4 -2 -3 1 0 0 1 0.02
-3 -4 -4 -4 -3 -4 -4 -4 -2 -1  0 -4  0  7 -4 -3 -3  1  3 -1 1 0 0 0 0.02
 2 -3 -3 -3 -1 -2 -3 -2 -3  1  0 -2  0  3 -3 -1 -1 -2  0  3 1 0 0 0 0.02
-1  1  3  0 -3  1  2 -2 -1 -2 -2  3  1 -3 -2  1  0 -3 -2 -2 1 0 0 1 0.02
-2 -1  0  3 -3  1  0 -3  5 -3 -3 -1 -2  1 -3 -1 -2  0  5 -3 1 0 0 1 0.01
-1 -3 -4 -4 -1 -3 -3 -4 -4  4  1 -3  1 -1 -3 -2 -1 -3 -2  4 1 0 0 0 0.02
-2 -1  5  0 -3 -1 -1 -2  0 -1 -1 -1  3  2 -3 -1 -1 -2  2 -2 1 0 0 0 0.02
-2  3  3  2 -4  1  3 -2  0 -4 -3  2 -2 -4 -2  0 -1 -4 -2 -3 1 0 0 1 0.02
-1 -3 -4 -4 -1 -3 -3 -4 -4  3  1 -3  0 -1 -3 -2 -1  6 -1  4 1 0 0 0 0.02
-2 -2 -3 -4 -3 -2 -3 -4  1 -2 -1 -3 -1  4 -4 -2 -2  2  8 -2 1 0 0 0 0.02
 1  0  0 -1 -2  0  1  3 -1 -3 -3  2 -2 -3 -2  1 -1 -3 -2 -2 1 0 0 1 0.04
-1  2 -1  0 -2  1  3 -2 -1 -1 -2  2 -1 -3 -2  0  2 -3 -2  0 1 0 0 1 0.06
-2 -3 -4 -4 -2 -3 -3 -4 -3  4  3 -3  3  0 -3 -3 -1 -3 -2  2 1 0 0 0 0.11
-1  3  0 -1 -4  1  1 -2 -1 -3 -3  5 -2 -3 -1  0 -1 -3 -2 -3 0 0 1 1 0.15
-1  0  0  0 -2  3  3 -2  0 -2 -2  1 -1 -3 -1  1  3 -3 -2 -1 0 0 1 1 0.31
