-1 -1 -2 -3 -1  0 -2 -3 -2  1  2 -1  5  0 -2 -1 -1 -1 -1  1 0 0 1 1 0.97
 0 -2  0 -1 -2 -2 -2  6 -2 -4 -4 -2 -3 -3 -2  0 -2 -2 -3 -3 0 0 1 1 0.98
 1 -1  1  0 -1  0  0  0 -1 -2 -2  0 -1 -2 -1  4  1 -3 -2 -2 0 0 1 1 0.98
 1 -1  1  0 -1  0  0  0 -1 -2 -2  0 -1 -2 -1  4  1 -3 -2 -2 0 0 1 0 0.98
-2  0  1 -1 -3  0  0 -2  7 -3 -3 -1 -2 -1 -2 -1 -2 -2  2 -3 0 0 1 1 0.98
-2  0  1 -1 -3  0  0 -2  7 -3 -3 -1 -2 -1 -2 -1 -2 -2  2 -3 0 0 1 0 0.98
-2  0  1 -1 -3  0  0 -2  7 -3 -3 -1 -2 -1 -2 -1 -2 -2  2 -3 0 0 1 0 0.98
-2  0  1 -1 -3  0  0 -2  7 -3 -3 -1 -2 -1 -2 -1 -2 -2  2 -3 0 0 1 0 0.98
-2  0  1 -1 -3  0  0 -2  7 -3 -3 -1 -2 -1 -2 -1 -2 -2  2 -3 0 0 1 0 0.97
-2  0  1 -1 -3  0  0 -2  7 -3 -3 -1 -2 -1 -2 -1 -2 -2  2 -3 0 0 1 0 0.94
 1 -1  1  0 -1  0  0  0 -1 -2 -2  0 -1 -2 -1  4  1 -3 -2 -2 0 0 1 0 0.92
 1 -1  1  0 -1  0  0  0 -1 -2 -2  0 -1 -2 -1  4  1 -3 -2 -2 0 0 1 1 0.88
 0 -2  0 -1 -2 -2 -2  6 -2 -4 -4 -2 -3 -3 -2  0 -2 -2 -3 -3 0 0 1 1 0.87
-1  5  0 -2 -3  1  0 -2  0 -3 -2  2 -1 -3 -2 -1 -1 -3 -2 -2 0 0 1 1 0.82
-1  0  0  2 -4  2  5 -2  0 -3 -3  1 -2 -3 -1  0 -1 -3 -2 -2 0 0 1 1 0.73
-2  0  6  1 -3  0  0  0  1 -3 -3  0 -2 -3 -2  1  0 -4 -2 -3 0 0 1 0 0.61
-1 -2 -3 -4 -1 -2 -3 -4 -3  2  4 -2  2  0 -3 -2 -1 -2 -1  1 0 0 1 0 0.45
-2 -2 -2 -3 -2 -1 -2 -3  2 -1 -1 -2 -1  3 -3 -2 -2  2  7 -1 0 0 1 1 0.36
-2 -3 -3 -3 -2 -3 -3 -3 -1  0  0 -3  0  6 -4 -2 -2  1  3 -1 0 0 1 0 0.22
-1  1  0  0 -3  5  2 -2  0 -3 -2  1  0 -3 -1  0 -1 -2 -1 -2 0 0 1 1 0.16
-1 -1  5  1 -3 -1 -1  4  0 -4 -4 -1 -3 -3 -2  0 -1 -3 -3 -3 0 0 1 1 0.08
-1  3  0 -1 -4  1  0 -2  4 -3 -3  4 -2 -3 -2 -1 -1 -3 -1 -3 0 0 1 1 0.05
-1 -3 -3 -4 -2 -2 -3 -4 -2  1  2 -3  4  4 -3 -2 -1 -1  1  2 0 0 1 0 0.03
-3 -3 -4 -4 -3 -4 -4 -4 -2  1  0 -4  0  7 -4 -3 -3  0  4 -1 0 1 0 0 0.02
-2 -3 -4 -4 -2 -3 -3 -4 -3  3  1 -3  0  5 -3 -3 -1 -1  1  3 0 1 0 0 0.01
 0 -2  0 -1 -1 -1 -1 -2 -2 -2 -2 -1 -1 -3 -2  3  5 -3 -2 -1 0 1 0 0 0.01
-3 -3  0  7 -5 -1  1 -2 -2 -4 -5 -2 -4 -5 -3 -1 -2 -6 -4 -4 0 0 1 0 0.01
-2 -4 -4 -5  8 -4 -4 -4 -4 -2  1 -4 -1 -1 -4 -3 -2  8 -1 -2 0 0 1 0 0.01
-2 -1 -1  1 -5  1  7 -3 -1 -4 -4  0 -3 -4 -2 -1 -2 -4 -3 -4 0 1 0 0 0.01
-1 -3 -1 -2 -4 -3 -3  7 -3 -5 -5 -3 -4 -4 -3 -1 -3 -4 -4 -4 0 0 1 0 0.01
-2 -3 -3 -3 -4 -2 -2 -3 -3 -4 -4 -2 -4 -5  8 -2 -2 -5 -4 -4 0 0 1 0 0.01
-2 -3 -4 -5 -2 -3 -4 -4 -4  2  3 -3  1  0 -4 -3 -2  8  0  1 0 0 1 0 0.01
 0 -2 -1 -2 -2 -1 -1 -2 -2  1 -1 -1 -1 -2 -2  3  3 -3 -2  1 0 1 0 0 0.01
-2 -3 -3 -3 -2 -2 -3 -4 -3  2  4 -3  1 -1  4 -2  1 -3 -2  0 0 0 1 0 0.01
-2 -1  6  0 -3  2 -1 -2 -1 -3 -3 -1  1 -3 -3  0  2 -4 -3 -3 0 0 1 0 0.01
-3 -3  0  7 -5 -1  1 -2 -2 -4 -5 -2 -4 -5 -3 -1 -2 -6 -4 -4 0 0 1 0 0.01
-3 -2  6  0 -3 -1 -2 -2  2 -1 -2 -2 -2  3 -3 -1 -1 -3 -1 -2 1 0 0 0 0.01
 6 -2 -3 -3 -1 -2 -2 -1 -3 -2 -2 -2 -2 -3 -2  0 -1 -4 -3 -1 1 0 0 0 0.01
-3 -3 -4 -4 -3 -3 -3 -4  0 -1  0 -3 -1  6 -4 -3 -3  1  7 -2 1 0 0 0 0.01
-2 -1 -1  2 -5  1  6 -3 -1 -4 -4  0 -3 -4 -2 -1 -2 -4 -3 -4 1 0 0 1 0.01
 0 -3 -4 -4  2 -3 -3 -3 -3  2  3 -3  1  0 -3 -2 -1 -2  1  2 1 0 0 0 0.01
 3 -2 -2 -3  6 -2 -2 -2 -2 -1 -1 -2  4 -2 -2  2 -1 -3 -2 -1 1 0 0 0 0.01
 2 -1 -1 -2 -2  2  0  2 -1 -1  0 -1  2  0 -2  0 -1 -2  1 -1 1 0 0 1 0.01
 2  2 -1 -2 -2 -1  0 -2  5 -2 -1 -1 -1  2 -2 -1 -1 -2  1 -2 1 0 0 1 0.01
-2 -4 -4 -4  2 -4 -4 -4 -3  3  1 -4  0  5 -4 -3 -2 -1  1  2 1 0 0 1 0.01
-2 -3 -3 -3 -3 -3 -3 -1 -3  3  0 -3  0  4  4 -2 -2 -2  0  1 1 0 0 0 0.01
-2 -1  3  1 -4  1  4 -2 -1 -3 -3  0 -3 -4  4 -1 -1 -4 -3 -3 0 0 1 1 0.01
-1 -1  4  3 -3 -1  0  3 -1 -4 -4  0 -3 -4 -2  1 -1 -4 -3 -3 0 0 1 0 0.01
 1 -3 -1  1 -3 -2 -2  5 -2 -3 -3 -2 -3 -2  1 -1 -2 -2  2 -3 1 0 0 1 0.01
-1  3  0  1 -4  1  3 -2  2 -3 -3  3 -2 -3 -2  0  0 -3 -2 -3 1 0 0 1 0.01
-3 -4 -4 -4 -3 -4 -4 -4 -3  2  2 -4  0  7 -4 -3 -3  0  2  0 1 0 0 0 0.01
-3 -4 -4 -5 -4 -4 -4 -4 -2 -1 -1 -4 -1  8 -5 -4 -3  0  2 -2 1 0 0 0 0.01
 0  1 -1  0 -3  1  4 -2 -1 -3 -3  2 -2 -4 -2  1  0 -4 -3 -3 1 0 0 0 0.01
-2  3  1 -2 -2  1 -1 -3 -2  3  0  1  0 -2 -3 -2 -1 -3 -2  2 1 0 0 0 0.01
-2 -3 -4 -4 -2 -3 -4 -4 -4  4  3 -3  1  0 -3 -3 -1 -3 -2  2 1 0 0 0 0.01
 0 -2  0 -1 -2 -1 -1 -1 -2 -3 -4 -1 -3 -4 -2  6  1 -4 -3 -3 1 0 0 0 0.01
-2  3  1 -1 -4  3  2 -3 -1 -3 -1  3 -1  0 -2 -1 -1 -3 -1 -3 1 0 0 1 0.01
-3 -3 -3 -4 -4 -3 -3 -4  0 -2 -2 -3 -2  5 -4 -3 -3  1  8 -2 1 0 0 0 0.01
-3 -3  0  7 -5 -1  1 -2 -2 -4 -5 -2 -4 -5 -3 -1 -2 -6 -4 -4 1 0 0 0 0.01
-3 -3  0  7 -5 -1  1 -2 -2 -4 -5 -2 -4 -5 -3 -1 -2 -6 -4 -4 1 0 0 0 0.01
-2 -3 -3 -4 -2 -3 -3 -4 -1  3  1 -3  1  2 -4 -3 -2  0  6  1 0 0 1 1 0.01
-2 -3 -4 -4 -2 -3 -4 -5 -4  2  5 -3  1  0 -4 -3 -2 -3 -2  1 0 0 1 0 0.02
 3 -2 -2 -3 -1 -2 -2 -1 -2  0 -1 -2  1 -2 -2  1  1 -2  1  2 0 0 1 0 0.02
-2 -2 -1  4 -3 -1  1 -3 -1 -1  1 -2 -1  1 -2 -1 -2 -1  3 -2 0 0 1 0 0.02
-1 -2 -1  1 -3  0  4 -3 -2  0 -2 -1 -1 -3 -2 -1  0 -4 -2  2 0 0 1 1 0.03
 0 -2 -2 -1 -2 -1  2  2 -2  1  0  0 -1 -2 -2 -1 -1 -3 -2  2 0 0 1 1 0.03
-1  4  1 -1 -3  2  0 -2  2 -3 -3  4 -2 -3 -2 -1 -1 -3 -2 -3 0 0 1 1 0.03
-2  5 -1 -2 -3  0 -1 -3 -1 -3 -1  3  1 -3 -2  0  0 -3 -2 -2 0 0 1 1 0.03
-1 -1 -1  1 -3  0  4 -2 -1 -3 -3  0 -3 -4  5  1 -1 -3 -3 -3 0 0 1 1 0.03
-1 -3  2  0 -3 -2 -2  6 -2 -4 -4 -2 -3 -4 -3 -1 -2 -3 -3 -4 0 0 1 1 0.03
-3 -3 -3 -4 -3 -2 -3 -4  1 -2 -2 -3 -2  2 -4 -3 -3  1  8 -2 0 0 1 0 0.03
-1  0  3  1 -3  1  3 -2  2 -3 -2  2 -2 -3 -2  0 -1 -3 -2 -3 0 0 1 0 0.03
 5 -2 -2 -3 -2 -2 -2 -1 -3 -2 -3 -2 -2 -3  4  0 -1 -4 -3 -1 0 0 1 0 0.02
-1 -3 -1 -2 -4 -3 -3  7 -3 -5 -5 -3 -4 -4 -3 -1 -3 -4 -4 -4 0 0 1 0 0.02
-1 -2  2  5 -3 -1  0  1 -1 -3 -4 -1 -3 -2 -2  1  0 -3  1 -3 0 0 1 0 0.01
-1 -2 -1 -2 -2 -2 -2 -3 -3 -2 -2 -2 -2 -3 -2  1  7 -4 -3 -1 1 0 0 0 0.01
-2 -3 -4 -5 -2 -3 -4 -5 -4  1  5 -3  1  0 -4 -3 -2 -3 -2  0 1 0 0 0 0.01
 2  3 -1 -2 -3  0  0 -2 -2 -3 -3  5 -2 -4 -2 -1 -1 -4 -3 -3 1 0 0 0 0.01
-2 -3 -4 -5 -2 -3 -4 -5 -4  1  5 -3  1  0 -4 -3 -2 -3 -2  0 1 0 0 0 0.01
-2 -4 -4 -4 -2 -4 -4 -5 -4  6  2 -4  1 -1 -4 -3 -2 -3 -2  2 1 0 0 0 0.01
 1 -3 -3 -3 -1 -2 -3 -3 -3  1  2 -2  1 -1 -3 -1  1 -3 -2  3 1 0 0 0 0.01
-2 -3 -3 -3 -4 -2 -2 -3 -3 -3 -4 -2 -3 -5  8 -2 -2 -5 -4 -1 1 0 0 0 0.01
-3 -4 -4 -5 -4 -4 -4 -4 -2 -1 -1 -4 -1  8 -5 -4 -3  0  2 -2 1 0 0 0 0.01
-2 -3 -4 -4 -2 -3 -4 -4 -3  1  4 -3  1  3 -4 -3 -2 -1  1  0 1 0 0 0 0.01
 1  0 -2 -2 -2 -1 -1 -2 -2  1  1  3  0 -2 -2 -1 -1 -3 -2  2 1 0 0 0 0.01
 4 -2 -3 -3 -1 -2 -2 -1 -3  0  1 -2 -1 -2 -2  0 -1 -3 -2  1 1 0 0 0 0.01
 2 -2  0 -2 -3 -1  0 -2  5 -2 -2 -2 -2  2 -3 -1 -2  0  5 -2 0 0 1 1 0.01
-1 -3  1  2 -4 -1  1  6 -2 -4 -4 -2 -3 -4 -3 -1 -2 -4 -4 -4 0 0 1 1 0.01
 2 -3 -3 -4 -1 -2 -3 -3 -3  2  2 -3  0 -1 -3 -2 -1 -3 -2  4 0 0 1 0 0.01
-1  0  2 -1 -2 -1 -1 -2 -2 -2 -3  3 -2 -3 -2  1  5 -4 -2 -2 0 0 1 1 0.01
-2  1  5  3 -4  0  2 -2  0 -4 -4  1 -3 -4 -2  0 -1 -4 -3 -3 1 0 0 1 0.01
 0  1  0  3 -4  2  4 -2 -1 -4 -3  2 -3 -4 -2 -1 -1 -4 -3 -3 1 0 0 1 0.01
-1 -1  2  5 -3  0  2 -2 -1 -3 -2  2 -2 -3 -2  1 -1 -4 -3 -3 1 0 0 1 0.02
-2 -3 -4 -4 -2 -3 -3 -4 -3  3  3 -3  4  0 -3 -3 -1 -3 -2  2 1 0 0 0 0.02
-2  3 -2 -2 -3  0  0 -3 -2  3  0  2  0 -2 -3 -2 -1 -3 -2  1 1 0 0 1 0.02
 0  3  2  2 -4  1  4 -2 -1 -4 -3  2 -2 -4 -2 -1 -1 -4 -3 -3 1 0 0 1 0.02
-2 -3 -4 -4 -2 -3 -4 -4 -2  2  1 -3  0  5 -4 -3 -2 -1  2  2 1 0 0 0 0.02
 2 -2  0 -1 -2 -1 -1 -1 -2 -3 -3 -1 -2 -3 -2  5  1 -4 -3 -2 1 0 0 0 0.02
-1  3 -1  0 -4  1  4 -3 -1 -3 -3  3 -2 -4 -2 -1  0 -4 -3 -3 1 0 0 1 0.02
-1  2  1  3 -3  0  2 -2 -1 -2 -1  2 -2 -3  1 -1 -1 -3 -2 -2 1 0 0 1 0.02
-1 -1  3 -1 -2 -1 -1 -1  2 -1 -1 -1 -1 -2 -2  1  3 -3 -1  1 1 0 0 0 0.02
 2 -2 -3 -3 -1 -2 -2 -2 -3  2  2 -2  0 -1 -2 -1 -1 -3 -2  2 0 0 1 0 0.02
-1  2  0 -2 -3  0 -1 -2  1 -2 -1  3 -1  2 -2 -1  1 -1  2 -2 0 0 1 1 0.02
-2 -3 -4 -4 -2 -3 -3 -4 -2  2  3 -3  3  3 -4 -3 -2 -1  3  1 0 1 0 1 0.01
-1 -3 -3 -3 -2 -3 -3 -4 -3  3  1 -3  0 -1 -3 -1  2 -3 -2  4 0 0 1 0 0.01
-2 -2  1  2 -4 -1  0 -3 -2 -3 -2 -2 -3 -4  7 -1 -2 -4 -4 -3 0 0 1 1 0.01
-1 -2  1  3 -4  1  2  4 -2 -4 -4 -1 -3 -4 -2 -1 -2 -4 -3 -4 0 0 1 1 0.01
 5 -2 -2 -2 -1 -2 -2 -1 -2 -2 -2 -2 -2 -3 -2  2 -1 -3 -3  0 1 0 0 0 0.01
-1  2  0  2 -4  1  3 -2 -1 -2 -1  2 -2 -2  1 -1 -1 -3  0 -1 1 0 0 1 0.01
-2 -1  1  1 -4  1  5 -3  2 -3 -3  1 -2  0  1 -1 -2 -2  1 -3 1 0 0 1 0.01
 2 -2 -2 -2 -1 -2 -2 -2 -2  0  1 -2  2  0 -2  0  3 -3 -1  0 1 0 0 0 0.01
-2 -3 -4 -4 -2 -2 -3 -4 -3  2  4 -3  5  1 -3 -3 -2 -2 -1  1 1 0 0 0 0.01
 1  2  0  0 -3  0  1  0 -1 -3 -3  3 -2 -4  1  0 -1 -4 -3 -3 1 0 0 1 0.01
-2 -2  0 -1 -3 -1  2 -3  3 -1  0 -1 -1  3 -3 -1  1 -1  3 -1 1 0 0 1 0.01
 1 -3 -4 -4 -2 -2 -3 -3 -3  2  4 -3  1 -1 -3 -2 -1 -3 -2  1 1 0 0 0 0.01
 0  0  2  1  2  3  0  0 -1 -1 -2  2  0 -3 -2  0  0 -3 -2 -2 1 0 0 0 0.01
 1  1  2  1 -2  1  3 -1 -1 -3 -3  1 -2 -3 -1  2  0 -3 -2 -2 0 0 1 1 0.01
 0  2  1 -2 -2 -1 -1 -2 -1  1  2  0  0 -1 -2  0  1 -2 -2  0 0 0 1 1 0.01
-2 -2 -3 -3 -2 -2 -3 -3 -2  0  2 -2  6  2 -3 -2 -2  7  2 -1 0 0 1 0 0.01
-2 -2  2  2 -3 -1  1 -2 -2 -3 -3 -1 -3 -4  6 -1  2 -4 -3 -3 0 1 0 0 0.01
 1 -2 -1 -2  2 -1 -1 -2 -2  0 -2 -1 -2 -3  5  3  2 -4 -3 -1 0 1 0 0 0.01
-2 -3 -3 -4  2 -3 -3 -4 -1  1  0 -3 -1  5 -4 -3 -2  0  5  2 0 1 0 0 0.01
-2 -4 -4 -4 -2 -3 -4 -4 -4  5  1 -3  0 -1 -4 -3 -1 -4 -2  4 0 1 0 0 0.01
 0 -3 -4 -4 -2 -3 -4 -4 -4  5  1 -3  0 -1 -3 -2 -1 -3 -2  4 0 1 0 0 0.01
 0 -2  0 -1 -2 -1 -1 -1 -2 -3 -4 -1 -3 -4 -2  6  1 -4 -3 -3 0 1 0 0 0.01
-1 -2 -1 -2 -2 -2 -2 -3 -3 -2 -2 -2 -2 -3 -2  1  7 -4 -3 -1 0 1 0 0 0.01
 1 -2  0 -1 -2 -1 -1 -1 -2 -3 -3 -1 -2 -3 -2  6  1 -4 -3 -3 0 1 0 0 0.01
-3 -3 -3 -4 -4 -3 -3 -4  1 -3 -2 -3 -2  2 -4 -3 -3  1  9 -2 0 1 0 0 0.01
-1  2  1  0  2  0  3  1 -1 -1 -3  1 -2 -3 -2  0  0 -3 -3 -2 1 0 0 0 0.01
-2  0 -1  1 -4  6  1 -3  5 -4 -3  0 -2 -4  2 -1 -2 -3 -1 -3 1 0 0 0 0.01
-3 -2 -2 -4 -4 -2 -3 -4  5 -2 -2 -3 -2  3 -4 -3 -3  1  7 -2 1 0 0 0 0.01
 1 -3 -4 -4 -2 -3 -3 -3 -3  4  3 -3  1 -1 -3 -2 -1 -3 -2  1 1 0 0 0 0.01
-1  2 -1  0  2  2  4 -3 -1 -3 -2  3  1 -2 -2 -1 -1 -3  1 -2 1 0 0 1 0.01
 3  3  0 -2 -2 -1 -1 -1 -2 -1 -2  0 -1 -3 -2  0 -1 -3 -2  1 1 0 0 1 0.01
-1 -2 -2 -3 -2 -2 -3 -3 -3  2  3 -2  1 -1 -3  0  1 -3 -2  2 1 0 0 0 0.01
 3 -3 -2 -2  7 -2 -2  0 -3 -2 -2 -2 -2 -3 -2  2 -1 -3 -3 -2 1 0 0 0 0.01
 0  1  3  2 -3  0  2  1 -1 -3 -3  0 -2 -3 -2  1 -1  3 -2 -3 1 0 0 1 0.01
-1  0 -2 -2 -2 -1  0 -3  2  1  1  1  3  1  1 -2 -1 -2  1  1 1 0 0 1 0.01
-1 -2 -2 -3 -2 -2 -2 -3 -3  2  2 -2  3 -1 -3  0  2 -3 -2  2 0 0 1 0 0.01
-1 -2  2 -1 -3 -2  0  6 -2 -4 -4  0 -3 -4 -3 -1 -2 -4 -4 -4 0 0 1 1 0.01
-1 -3 -4 -4 -2 -3 -4 -4 -3  2  1 -3  0  6 -4 -3 -2 -1  1  2 0 0 1 0 0.01
-2  1 -2 -2 -4  1  1 -3 -2 -4 -3  1 -3 -3  7 -1 -2 -3  0 -3 0 0 1 1 0.01
-1 -2 -1  1 -3 -1  2  2 -1 -2 -1 -1  2  3 -2 -1 -2 -1  2 -2 0 0 1 1 0.01
-2 -1  4  2 -3  0  4 -2  4 -3 -3  0 -2 -3 -2  0  0 -3 -2 -3 0 1 0 1 0.01
-1 -2 -2 -2 -1 -2 -2 -3 -3  2  1 -2  0 -1 -2  0  4 -3 -2  2 0 1 0 1 0.01
-1  1 -2 -3 -3 -1 -2 -3  5 -2 -2 -2  1  3 -3 -2 -2  0  6 -2 0 1 0 1 0.01
-1 -3 -1 -2  7 -2 -2  2  4 -3 -3 -2 -2 -2 -3  2 -1 -3  1 -2 0 1 0 0 0.01
-1 -2 -1 -2 -2 -2 -2 -3 -3 -2 -2 -2 -2 -3 -2  1  7 -4 -3 -1 0 1 0 0 0.01
-1  1  2  1 -3  2  3 -2 -1 -3 -3  1 -2 -3 -2  1  1  3 -2 -3 0 1 0 1 0.01
-2 -3 -4 -4 -2 -3 -3 -4 -3  1  3 -3  2  3 -4 -3 -1 -2  0  2 0 0 1 0 0.01
-2 -1  0  5 -4  2  1 -2 -2 -3 -3  0 -3 -4  3  0  0 -4 -3 -1 0 0 1 1 0.01
-2 -3 -4 -4 -2 -2 -3 -4 -3  1  4 -3  3  2  3 -3 -2 -2 -1  0 1 0 0 0 0.01
-2 -2  2  6 -4  0  4 -2 -1 -4 -4 -1 -3 -4 -2 -1 -2 -5 -3 -4 1 0 0 1 0.02
 0  2  1  1 -3  1  1 -2 -1 -2 -1  3 -1 -3 -1  1 -1 -3 -2 -2 1 0 0 1 0.02
 0 -3 -3 -4 -2 -2 -3 -3 -1  1  0 -3 -1  1 -3 -1 -1  4  5  2 0 0 1 0 0.02
 0 -1  2  1 -3  1  2 -2 -1 -3 -3  1 -2 -4  4  1 -1 -4 -3 -3 0 0 1 1 0.03
-2 -3 -4 -3 -2 -2 -1 -4 -3  3  3 -3  1 -1 -3 -3 -1 -3 -2  2 0 0 1 0 0.04
-1 -2  0  0 -2 -1 -1 -1 -2 -1 -1 -1 -2  0  5  1  0 -3 -2 -2 0 0 1 1 0.04
-1 -1  0  1 -3  2  3 -2 -1 -1 -3  1 -2 -3  4  1 -1 -3 -3 -2 1 0 0 1 0.03
-1  1 -1  1 -3  1  5  0 -1 -3 -3  1 -2 -4 -2  1  0 -3 -3 -3 1 0 0 1 0.04
-1 -2 -1  2 -3  0  4 -3 -2  0  1 -1 -1 -2 -2 -1 -2  3 -2 -2 1 0 0 0 0.04
 0  3 -1  0 -3  1  2 -2 -1 -2 -1  3 -1 -3 -2 -1  0 -3 -2  0 1 0 0 1 0.03
-2  2 -1  1 -4  1  4 -3 -1 -4 -4  5 -3 -4 -2 -1 -2 -4 -3 -3 1 0 0 1 0.03
 0  0 -1  1 -3  0  2 -2 -2 -1  0  2  0 -2 -2  0  0  5 -1 -1 1 0 0 1 0.03
 0 -3 -4 -4 -2 -3 -3 -4 -4  4  4 -3  1 -1 -3 -2 -1 -3 -2  1 1 0 0 0 0.03
-2 -2 -3 -2 -2  0  0 -4 -3  2  3  0  2 -1 -3 -2 -1 -3 -2  1 1 0 0 1 0.03
-1  2 -1  1 -4  2  4 -2 -1 -4 -3  3 -2 -4 -2  0 -1 -4 -3 -3 1 0 0 1 0.04
 0 -2 -3 -3 -2 -2 -3  0 -2  2  2  0  0  3 -3 -2 -2 -2  0  1 1 0 0 0 0.04
 1  3 -2 -3 -2 -1 -2 -2  3  0  0  0 -1  1 -3 -1 -1 -2  1  0 1 0 0 0 0.04
-1  1  0  3 -3  1  3 -2 -1 -2 -3  2 -2 -2 -2  1 -1 -3  0  0 1 0 0 1 0.05
-1 -2  0  2 -3  0  3 -3 -2  2 -1 -1 -1  0  1  0 -1 -3 -2  0 1 0 0 1 0.07
-2 -3 -4 -4 -2 -3 -3 -4 -4  5  1 -1  0  1  3 -3 -2 -3 -2  2 1 0 0 0 0.07
 1 -2 -1  1 -2 -1  1 -2  1  1  0  0 -1  0 -2  0 -1 -3 -1  1 1 0 0 0 0.08
 0 -1  3  2 -3  1  1  0  3 -3 -3  0 -2 -3  1  1 -1 -4 -2 -3 1 0 0 1 0.09
 0 -1  1  0 -2 -2 -2  0 -2  1  2 -2  2 -1 -3  0  0 -3 -2  0 0 0 1 0 0.09
-1 -2 -1  3 -3 -1  2 -2 -2 -3 -3 -1 -2  1  5  1 -1 -3 -2 -3 0 0 1 1 0.09
-1 -1  2  3 -3  0  2  2 -1 -3 -3  0 -2  1  1  0 -1 -2 -1 -3 1 0 0 1 0.09
-1 -1 -1  1 -3  1  4 -2 -1  1 -2  0 -1 -2  1  0  1 -3 -2 -1 1 0 0 1 0.09
-1  3  1  2 -3  1  3 -2 -1 -3 -3  2 -2 -3 -2 -1 -1 -3 -2 -3 1 0 0 1 0.08
 0 -2  0  0 -1 -1 -1 -2 -2  2  2 -1  1 -1 -2 -1  1 -2 -1  1 1 0 0 0 0.07
-2 -2 -2 -1 -2 -2 -2 -3  1  2  1 -2  0  4 -3 -2 -1 -1  2  2 1 0 0 0 0.06
-1  3  2  2 -3  1  2 -2 -1 -3 -1  2 -2 -3 -2 -1 -1 -3 -2 -2 1 0 0 1 0.05
-1  2 -1 -1 -2 -1 -1 -2 -1  1  0  2  0 -1 -2  0  0  4  1  1 1 0 0 1 0.04
-2 -3 -3 -3 -2 -3 -3 -3 -3  1  4 -3  1  3 -3 -3 -2 -2  0  1 1 0 0 0 0.03
-2 -2  2  5 -3 -1  1  0 -1 -3 -3 -1 -2  1 -2 -1  0 -2  1 -3 1 0 0 1 0.03
-2 -1  2  4 -4  0  4 -2  1 -3 -3  0 -3 -3 -2 -1 -1 -3 -2 -3 1 0 0 1 0.02
-2 -3 -3 -3 -2 -3 -1 -4 -3  3  2 -3  0  4 -3 -1 -2 -2  0  1 1 0 0 0 0.02
-3  1 -4 -4 -3 -3 -4 -4 -2  2  0 -3 -1  7 -4 -3 -3 -1  1 -1 1 0 0 0 0.02
-2 -3 -3 -3 -3 -2 -3  0 -3 -3 -2 -1 -2  3  4  1 -2  9  0 -3 1 0 0 1 0.02
-2  3  2 -1 -4  0  1 -1 -1 -3 -1  4 -2 -3 -2 -1 -1 -4 -3 -3 0 0 1 0 0.02
 0 -2 -2 -2 -2 -1  1 -3 -2  0  1 -2  6 -2  1  0  2 -3 -2 -1 1 0 0 1 0.01
-1  0  1  2 -4  1  5  0 -1 -4 -4  2 -3 -4 -2  0 -1 -4 -3 -3 1 0 0 1 0.02
 1 -3 -3 -3 -2 -2 -3 -3 -3  3  2 -2  0  1 -3  0  1 -3 -1  2 1 0 0 0 0.02
-1  0  2 -2 -4 -2 -2  6 -2 -4 -4  0 -3 -3 -3 -1 -2 -3  0 -4 1 0 0 1 0.02
-1  2  1 -1 -3  0  2 -2 -1 -1 -2  3 -2  0 -2  0 -1 -2  1 -1 1 0 0 1 0.02
-2 -3 -1  0 -2 -3 -3 -4 -2  4  2 -3  0  4 -4 -3 -2 -2  1  1 1 0 0 0 0.02
 0 -3 -4 -4  2 -3 -3 -3 -3  3  3 -3  2  2 -3 -2 -1 -2 -1  1 1 0 0 0 0.02
-1  1  2  2 -3  1  3 -2 -1 -3 -3  1 -2  0 -2  2 -1 -3 -2 -3 1 0 0 1 0.02
-1 -1  1  2 -3  0  2 -1 -1  0 -1  0  0 -2 -2  1  0 -3 -2 -1 0 0 1 1 0.02
-1 -4 -4 -4 -2 -3 -3 -4 -4  3  0 -3  0 -2 -3 -2  0 -4 -2  5 0 0 1 0 0.02
-2  3  2  1 -4  1  2 -2  1 -4 -3  4 -2 -4 -2 -1  0 -4 -2 -3 0 1 0 1 0.02
 1 -3 -3 -3 -2 -2 -2 -3 -3  1  0 -2  0 -2  4 -1  1 -3 -2  3 0 0 1 0 0.03
-1 -4 -4 -4 -2 -3 -3 -4 -4  4  0 -3  0 -2  2 -3 -1 -4 -2  5 0 0 1 0 0.03
 1 -3 -1  0 -3 -3 -3  6 -3 -4 -4 -2 -4 -4 -3 -1 -2 -4 -4 -4 0 0 1 0 0.04
 1 -3 -1 -2 -3 -3 -3  6 -3 -4 -4 -2 -3 -4 -3  0 -2 -4 -4 -4 1 0 0 0 0.04
-1  1 -1  1 -3  0  2  0 -1 -1 -2  2 -2 -2 -2  1  1 -2  2 -2 1 0 0 0 0.04
-1  3  0 -1 -4  0  2  4 -1 -4 -4  1 -3 -4 -3 -1 -2 -4 -3 -4 1 0 0 1 0.04
-2  1 -1 -2 -4  0  0 -3 -2 -4 -4  7 -3 -4 -2 -1 -2 -4 -3 -4 1 0 0 0 0.04
 2  3 -1 -2 -2  1 -1 -2 -2 -1 -1  2 -1 -3 -2  0  0 -3 -2  0 1 0 0 0 0.03
 0  2 -1  2 -3  0  3 -2 -1 -1 -1  2 -1 -3 -2 -1 -1 -4 -2  0 1 0 0 1 0.03
 4 -3 -3 -3 -1 -2 -2 -2 -3  2 -1 -2 -1 -2 -2 -1 -1 -4 -2  3 1 0 0 0 0.04
-1 -3 -3 -4  2 -3 -3 -4 -4  3  2 -3  3 -1 -3 -2  0 -3 -2  4 1 0 0 0 0.04
-2  2 -1  2 -3  1  3 -3 -1 -2  1  2 -1 -3 -2 -1  0 -3 -2 -2 1 0 0 1 0.04
 0  1  1  3 -3  0  3  1 -1 -4 -4  1 -3 -4 -2  1 -1 -4 -3 -3 1 0 0 1 0.04
-2 -3 -3 -4 -2 -3 -3 -4 -2  4  1 -3  0  2 -4 -1 -1 -1  4  2 1 0 0 0 0.04
 1  1 -1 -2  2 -2 -2 -1 -2  2  1  0  0 -1 -3  0 -1 -3 -2  1 1 0 0 0 0.04
-1  2  0  2 -3  0  3 -2 -1 -4 -3  2 -2 -4  2  2 -1 -4 -3 -3 1 0 0 1 0.04
-1  3 -1 -1 -3  2  3 -3 -1 -2 -1  3 -1 -3 -2  0 -1 -3 -2 -1 1 0 0 1 0.04
-1 -1  3  1 -3 -1  0 -2 -1 -1  2  2  0  0 -2 -1  0 -3 -2 -1 1 0 0 1 0.04
 1 -1  2  1 -2 -1  0  3 -1 -2 -3  0 -2 -3 -2  1 -1 -3 -2 -1 0 0 1 1 0.03
 0 -2 -3 -3 -2 -2 -3 -3 -2  3  2 -2  1  1 -3 -1 -1 -2  1  1 0 0 1 0 0.03
 0 -1  2  4 -3  0  2 -1 -1 -3 -3  1 -2 -3  1  1 -1 -3 -2 -2 0 0 1 1 0.03
 0  2 -2 -1 -2  0  1 -2 -1 -1  1  0  0  1  3 -1 -1 -2 -1  0 0 0 1 0 0.02
 1 -2 -1 -1 -2 -1  1  0 -2  0  0 -1 -1 -2  3  2  0 -3 -2  0 0 0 1 0 0.02
-1 -2 -3 -2 -2 -1  0 -3 -3  2  2 -2  4  1 -3 -2 -1 -2 -1  3 0 1 0 0 0.02
 2 -3 -3 -4 -3 -2 -3 -3  0  0 -2 -3 -1  1 -3 -2 -2  0  7  1 0 1 0 0 0.01
-1 -3 -3 -4 -2 -3 -3 -4 -4  4  0 -3  2 -1 -3 -1 -1 -4 -2  4 0 1 0 0 0.01
-1 -4 -2 -2 -4 -3 -3  7 -3 -5 -5 -3 -4 -4 -3 -1 -3 -4 -4 -4 0 1 0 0 0.01
-3 -3  0  7 -5 -2  0 -3 -2 -5 -5 -2 -4 -5 -3 -1 -2 -6 -4 -5 0 0 1 0 0.01
 0 -2  0 -1 -2 -1 -1  1 -2 -4 -4 -1 -3 -4 -2  6  0 -4 -3 -3 0 0 1 0 0.01
-2 -4 -4 -4 -2 -4 -4 -4 -4  6  0 -3  0 -1 -4  0 -1 -4 -2  2 1 0 0 0 0.01
-1 -2 -1 -2 -2 -1 -2 -2 -2 -2 -3 -2 -2 -3 -2  3  6 -4 -3 -1 1 0 0 0 0.01
-3 -3  0  7 -5 -2  0 -3 -2 -5 -5 -2 -4 -5 -3 -1 -2 -6 -4 -5 1 0 0 0 0.01
-1 -2 -3 -3 -2 -2 -3 -4 -2  2  0  0  0  2 -3 -2  0 -2  3  4 1 0 0 0 0.01
-2  0 -1  2 -4  3  4 -3  4 -4 -4  2 -2 -4 -2 -1 -2 -4 -2 -3 1 0 0 1 0.01
 1 -3 -3 -3 -2 -2 -3 -3 -3  0  0 -2  6 -2  5 -2 -1 -3 -3  2 1 0 0 0 0.01
-2 -3 -4 -5 -2 -3 -4 -4 -3  1  4 -3  3  3 -4 -3 -2 -2 -1  0 1 0 0 0 0.01
-1  4  1 -1 -3  1  3 -2 -1 -3 -1  2 -1 -3 -2  1 -1 -3 -2 -2 1 0 0 1 0.01
 0 -2 -2 -2 -3 -1  1 -3  3 -1  0 -2 -1  4 -3 -1  0  0  4 -1 1 0 0 0 0.01
 3 -3 -3 -3 -1 -2 -2 -2 -3  1  1 -2  0 -2 -2 -1 -1 -3 -2  3 1 0 0 0 0.01
-1  5  3 -1 -4  0 -1 -2 -1 -4 -3  3 -2 -4 -3 -1 -2 -4 -3 -3 1 0 0 1 0.01
 0  1 -1  2 -3  0  3  2 -1 -3 -3  1 -2 -3 -2  0 -1 -3 -3 -3 1 0 0 1 0.01
 0  2  3 -1 -2  0 -1 -2  3 -1  1  1 -1 -2 -2 -1 -1 -2 -1 -1 0 0 1 1 0.01
-1  0  1  2 -3 -1  0  4 -2 -4 -4  2 -3 -4 -2 -1 -2 -3 -3 -3 0 0 1 1 0.01
-1 -4 -2 -2 -4 -3 -3  7 -3 -5 -5 -3 -4 -4 -3 -1 -3 -4 -4 -4 0 0 1 0 0.01
-2 -3 -4 -4 -2 -3 -3 -4 -3  3  4 -3  1  0 -3 -3 -1 -3 -2  2 0 1 0 0 0.01
 3 -2 -1 -2 -1 -1 -1 -1 -2 -3 -3 -1 -2 -3  0  4  2 -4 -3 -2 0 1 0 0 0.01
-2 -4 -4 -4 -2 -3 -4 -5 -4  5  1 -3  0 -1 -4 -3 -1 -4 -2  4 0 1 0 0 0.01
 3 -2 -1 -2 -2 -1 -1 -1 -2 -2 -2 -1 -2 -3 -2  4  0 -4 -3  1 0 1 0 0 0.01
-3 -4 -4 -5 -3 -4 -4 -4 -3 -1 -1 -4 -1  8 -5 -4 -3  0  2  1 0 1 0 0 0.01
-2 -2  7  0 -4 -1 -1 -2 -1 -4 -5 -1 -3 -4 -3  1 -1 -5 -3 -4 0 0 1 0 0.01
-1 -3 -1 -2 -4 -2  0  6 -3 -5 -5 -2 -4 -4 -3 -1 -3 -4 -4 -4 0 0 1 0 0.01
-3 -2  8  0 -4 -1 -2 -2 -1 -5 -5 -1 -4 -4 -3 -1 -1 -5 -3 -4 0 0 1 0 0.01
-2  3 -1  1 -4  1  4 -1  1 -1 -3  0 -2 -3 -2 -1 -2 -4 -2 -1 1 0 0 1 0.01
-3 -3 -3 -4 -4 -3 -3 -4  3 -2 -2 -3 -2  4 -4 -3 -3  1  8 -2 1 0 0 1 0.01
 4 -2 -2 -2  2 -2 -2 -1 -3  0 -2 -2 -2 -3  2  1 -1 -4 -3 -1 1 0 0 0 0.01
-2 -3 -3 -4 -2  1 -3 -4 -3  3  3 -2  1 -1 -3 -3 -1 -3 -2  2 1 0 0 0 0.01
-2  4  1 -1 -4  0  1 -3 -1 -4 -3  2 -3 -4  5 -1  0 -4 -3 -3 0 0 1 1 0.01
 0 -1  0  0 -3  0  4 -3  3  0 -2 -1 -2 -1 -2  1 -1 -2  2 -1 0 0 1 0 0.01
 5 -2 -2 -2 -1 -2 -2  1 -3 -3 -3 -2 -2 -3 -2  2 -1 -4 -3 -1 0 0 1 0 0.01
-2 -1  3  4 -4  1  4 -2 -1 -4 -4  0 -3 -4 -2  0  1 -4 -3 -3 0 0 1 0 0.01
-2  1 -3 -4  2 -3 -3 -4 -3  3  1 -2  0  2 -3 -2 -1 -3 -1  3 0 1 0 0 0.01
 4 -2 -2 -2 -1 -2 -2 -1 -2  0 -2 -2 -1 -1 -2  1  1 -2  2  1 0 1 0 0 0.01
 0 -3 -4 -4 -2 -3 -3 -4 -4  4  1 -3  0 -1 -3 -2 -1 -3 -2  4 0 1 0 0 0.02
 2 -3 -3 -4 -2 -3 -3 -3 -3  4  2 -3  1 -1 -3 -2 -1 -3 -2  2 0 1 0 0 0.02
 2 -2 -1 -1 -2 -1 -1 -1 -2 -3 -3 -1 -2 -3 -2  5  0 -4 -3 -2 0 0 1 0 0.02
-2 -2 -1  3 -4  0  3 -3 -2 -3 -2  0 -2 -4  5 -1  1 -4 -3 -3 0 0 1 0 0.02
-1  0  3  4 -3  1  0 -2 -1 -3 -3 -1 -2 -4 -2  2  2 -4 -3 -3 0 0 1 0 0.02
 3 -2  0 -2 -1 -2 -2  0 -2  0  0 -2 -1 -2 -2  1  2 -3 -2 -1 0 0 1 0 0.02
-1  1 -2 -1 -2 -1 -2 -1 -2  1  1 -1  2  1 -3  0  1 -2  1  0 1 0 0 0 0.02
 2 -2 -2 -2 -2 -2 -2  0 -2  2 -1 -2 -1  0  1  2  0 -3 -2  0 1 0 0 0 0.02
-1 -2  0 -1 -2 -1  2 -3 -2  1  2 -1  0  0 -2  0  1 -3 -1  1 1 0 0 0 0.02
 2 -2 -2 -2 -2 -2 -2  0  1  0  2 -2  0 -1 -2  1  0 -3 -2  0 1 0 0 0 0.02
 0 -2 -2 -2 -2 -1  0 -1 -3  2 -1  0  1 -2  4 -2 -1 -4 -2  3 1 0 0 1 0.02
 0 -1 -3 -4 -2 -2 -3 -4 -3  3  3 -2  1 -1 -3 -2 -1 -3 -2  2 1 0 0 0 0.02
 2 -2 -3 -3  3 -2 -1 -2 -3  3  1 -2  0 -2 -2  0 -1 -3 -2  2 1 0 0 0 0.02
-1  0  2  4 -3  0  2 -2 -1 -3 -3  2 -2 -4 -2 -1 -1 -4 -3 -1 1 0 0 0 0.01
 0  0 -3 -3 -2 -2 -3 -3 -3  3  3 -2  1 -1 -3 -1  1 -3 -2  1 1 0 0 0 0.02
-3 -3 -3 -4  2 -3 -3 -4  5 -1 -1 -3 -1  6 -4 -3 -3  0  4 -1 1 0 0 0 0.02
 2 -2  2 -1 -2  0 -1 -1 -1 -1  0 -1  2  1 -2  2  0 -2 -1 -1 1 0 0 0 0.02
-1  3  1  0  1  2  3 -2 -1 -3 -3  2 -2 -4 -2  1 -1 -3 -2 -3 1 0 0 1 0.02
 0  1  2  0 -3  1  3  0 -1 -3 -3  2 -2  1 -2  0 -1 -3 -1 -3 1 0 0 1 0.02
-1  0 -1  0 -3 -1 -2  5 -2 -4 -4  1 -3 -4  2  1 -1 -3 -3 -3 1 0 0 1 0.02
-1  2 -1  1 -3  1  2 -2 -1 -2  0  3 -1  0 -2 -1  0 -3 -2 -2 1 0 0 1 0.02
 0  1  1  2 -3  0  3  1 -1 -3 -3  2 -2 -4 -2  0  0 -3 -3 -3 1 0 0 1 0.02
 3 -2  0  0 -2 -1 -1 -1 -2 -1 -2 -2 -1 -2  1  1 -1  3  0  1 1 0 0 0 0.02
-2 -3 -4 -4 -2 -3 -4 -4 -3  3  1 -3  3  5 -4 -3 -2 -1  1  2 1 0 0 1 0.02
-2  1 -1  0 -4  1  5  0 -1 -4 -4  2 -3 -4 -2 -1 -2 -4 -3 -3 1 0 0 1 0.02
-2 -2  2  0 -2 -2 -2 -3 -2  2  1 -2  0  3 -3 -1  0 -2  0  2 1 0 0 0 0.02
 0 -3 -3 -4  4 -3 -3 -3 -2  1  2 -3  0  3 -3 -2  0 -1  2  2 1 0 0 0 0.02
-1  0  0  0 -3  2  3 -2  2 -2 -3  2 -2 -3 -2  2  1 -3 -2 -1 1 0 0 1 0.02
 1  1  2  1 -3  1  1  0  0 -3 -3  2 -2 -1 -2  0 -1 -2  3 -2 1 0 0 1 0.02
-1 -2 -2 -2 -2 -2 -2  0 -2  1  1 -1  0  2 -2  1 -1 -1  2  1 0 0 1 0 0.02
-1  2 -1 -1 -3  0  2 -2 -1 -2  0  2 -1 -3  1  2  1 -3 -2 -2 0 0 1 1 0.02
 0 -2 -1  2 -2 -1 -1  0 -2  1  1 -2  1 -1  1 -1 -1 -2  1  1 0 0 1 0 0.03
-1 -1  0 -1 -3 -1  1  0 -2 -3 -3  1 -3 -3  6 -1 -1 -3  1 -3 0 0 1 1 0.03
-1 -1 -1  1 -3  0  4  2 -1 -3 -3  1 -2  0 -2 -1  0 -3 -2 -3 0 0 1 1 0.03
-1 -2 -1 -2 -2 -2 -2  2 -2 -1 -2 -2 -1  2  3  0  2 -2 -1  0 0 0 1 0 0.02
 0 -1 -1  1 -3  0  4  0 -1 -3 -1  1 -2 -2  1  0  0 -3  1 -2 0 1 0 1 0.02
-1 -3 -3 -4 -2 -3 -3 -4 -3  4  1 -1  0  4 -3 -2 -2 -2  0  1 0 1 0 0 0.02
-2  1 -1  1  2 -1  0 -1  3  0 -2  0 -1  0 -3 -1 -2 -1  4  0 0 1 0 0 0.02
-2  0  1 -2 -2 -2 -3 -3 -2  3  2 -2  0  1  0 -2 -1  3 -1  2 0 1 0 0 0.02
 0 -2 -3 -3 -2 -2 -1 -3 -3  2  2 -2  2 -1  0 -2  0 -3 -2  2 1 0 0 0 0.03
 0 -1  2  3 -3  1  3 -2 -1 -3 -3  0 -2 -4 -2  0  2 -4 -3 -2 1 0 0 1 0.03
-1  3  3  1  1  2  0 -2 -1 -3 -2  2  0 -3  1  1 -1 -3 -2 -3 1 0 0 1 0.03
 0  1  0  3 -3  1  3 -2 -1 -2 -1  0 -2 -3 -2  1 -1 -3 -2 -1 0 0 1 1 0.03
-2 -2  4  5 -4  0  2 -2 -1 -4 -4 -1 -3 -4  1 -1 -1 -4 -3 -3 0 0 1 1 0.03
-1  0 -2 -2 -2 -1 -2  0 -2  0  1  1  2  4 -2 -1  0 -1  1 -1 1 0 0 1 0.04
-1 -1  0  4 -4  1  5  0 -1 -4 -4  1 -3 -4 -2 -1 -1 -4 -3 -3 1 0 0 1 0.05
 0  0 -1  1 -3  2  4 -2 -1 -3 -3  2 -2 -2 -2  0  0 -2  1 -2 1 0 0 1 0.06
-2 -3 -4 -4 -2 -3 -4 -4 -4  3  3 -3  1  1 -3 -3 -1 -2 -1  2 1 0 0 0 0.06
 0 -3  0 -3 -2 -2 -3 -3 -3  3  2 -2  1 -1 -3 -1 -1 -3 -2  3 1 0 0 0 0.06
 0  1  1  0 -3  1  4  0 -1 -3 -3  2 -2 -4 -2  1 -1 -4 -3 -3 1 0 0 1 0.07
-1  1 -1 -1 -3  0  2 -3 -1  0  0  3  1 -1 -2  0 -1 -2  1 -1 1 0 0 1 0.07
 0 -2  0 -1 -2 -1 -1 -1  4 -3 -3 -1 -2 -3 -2  5  1 -4 -2 -3 1 0 0 0 0.09
-1  0 -1 -1 -3  0  3 -3 -2  0  0  4 -1 -3 -2 -1  1 -3 -2  0 1 0 0 1 0.08
 2  3 -1 -1 -2  1  1 -2 -1 -1 -2  2 -1 -3 -2  0 -1 -3 -2  0 1 0 0 1 0.11
-2 -3 -3 -4 -2 -2 -3 -4 -3  1  2 -3  6  4 -4 -3 -2 -2  0  1 1 0 0 0 0.12
-3  7 -1 -3 -5  0 -1 -3 -1 -4 -3  1 -2 -4 -3 -2 -2 -4 -3 -4 1 0 0 0 0.15
 1  2  2  1 -3  0  1 -2 -1 -2 -2  3  1 -3 -2  0 -1 -3 -2  0 1 0 0 1 0.19
-2  6  2 -2 -4  0 -1  0 -1 -4 -3  3 -2 -4 -3 -1 -2 -4 -3 -3 1 0 0 1 0.22
-2 -3 -4 -4 -2 -3 -4 -4 -4  3  3 -3  1 -1 -3 -3 -1 -3 -2  3 1 0 0 0 0.25
-3  7 -1 -3 -5  0 -1 -3 -1 -4 -3  1 -2 -4 -3 -2 -2 -4 -3 -4 1 0 0 0 0.27
-1 -3 -1 -2 -4 -2  0  6 -3 -5 -5 -2 -4 -4 -3 -1 -2 -4 -4 -4 1 0 0 1 0.39
-2  1 -1  2 -4  1  4 -3 -1 -1  0  2 -1 -3 -2 -1 -1 -3 -3 -2 1 0 0 1 0.39
 3 -2 -2 -3 -1 -2 -2 -1 -3  2 -1 -2 -1 -2 -2  1  0 -3 -2  2 1 0 0 0 0.41
 0 -3 -1 -2 -3 -3 -3  6 -3 -5 -5 -2 -4 -4 -3 -1 -2 -4 -4 -4 1 0 0 0 0.46
 1  0  1 -1 -3  0  2  3  2 -3 -3  2 -2 -2 -2  0 -1 -3  1 -3 1 0 0 1 0.50
-2 -3 -4 -5 -2 -3 -4 -5 -4  1  5 -3  1  0 -4 -3 -2 -3 -2  0 0 0 1 1 0.50
-1 -3 -1 -2 -3 -3 -3  6 -3 -5 -5 -2 -4 -4 -3  0 -2 -4 -4 -4 0 0 1 0 0.57
 0 -2  0 -1 -2 -2 -2  6 -2 -4 -4 -2 -3 -3 -2  0 -2 -2 -3 -3 0 0 1 0 0.68
 1 -1  1  0 -1  0  0  0 -1 -2 -2  0 -1 -2 -1  4  1 -3 -2 -2 0 0 1 0 0.67
