-1 -2 -3 -4 -2 -2 -3 -4 -3  2  3 -2  5  0 -3 -2 -1 -2 -1  1 0 0 1 1 0.96
 0 -1  2  2 -2  0  0 -1 -1 -3 -3  1 -2 -3  1  3  2 -4 -2 -2 0 0 1 1 0.96
-2  0  0  1 -3  0  0 -2  6 -3 -3  4 -2 -2 -2 -1  1 -3  2 -3 0 0 1 1 0.95
 0 -1  1  1 -3  2  0 -2  5 -3 -3  0 -2 -2 -2  2 -1 -2  2 -3 0 0 1 1 0.92
-2  3  3  4 -3  0  0  1  2 -4 -4  0 -3 -4 -2  1 -1 -4 -2 -3 0 0 1 1 0.88
 0 -2  0  0 -3 -2 -2 -3  5  2  2 -2  4 -1 -3 -2 -2 -3 -1  0 0 0 1 0 0.87
-1 -2  0 -2 -3 -2 -2 -1  3 -2  1  0 -2 -3 -3  2  4 -4 -2  0 0 0 1 1 0.83
-5 -3  1  1 -6 -4  3 -3  1 -4 -3 -5  9 -5 -6 -5 -5 -6 -5 -4 1 0 0 1 0.86
 4 -4 -2  5 -4 -4 -3  1 -4 -5 -5 -4 -5 -6 -4  3  0 -6 -5 -3 1 0 0 1 0.82
 4 -4 -3  3 -4 -1  0  2 -4 -5 -3 -3 -1 -5 -4  2 -1 -6 -5 -4 1 0 0 1 0.81
-3 -1  5  1  0 -4 -4 -5 -4  0  1 -4  6 -2 -4  1 -3 -6 -5 -2 1 0 0 0 0.79
-7 -7 -7 -4 -3 -7 -7 -8 -4 -6 -5 -7 -5  7 -8 -7 -7  1  8 -6 1 0 0 0 0.75
-3  4 -2 -5 -7  1 -2 -5  4 -7 -5 -3 -6 -5  1 -2 -3 10 -2 -5 1 0 0 1 0.73
-1  0  2  0 -2  2  1 -2  1 -3 -1 -1 -3 -4 -3  1  4 -5 -2 -1 0 0 1 1 0.67
-4 -6 -5 -6 -6 -5 -4 -6 -6 -7 -8 -6 -7 -8 -4  8 -1 -8 -7 -7 0 0 1 0 0.70
-4 -6 -5 -5 -6 -3 -5 -6 -3 -4 -6 -5 -2 -7 -3  6  6 -7 -4 -6 0 0 1 0 0.68
-5 -5 -4 -6 -8  8 -4 -7  8 -8 -7 -4 -6 -7 -5 -5 -6 -7 -5 -6 1 0 0 0 0.67
-1  5 -3 -4  4 -3 -4 -4  0 -3 -2  1 -1  2 -5 -3 -4 -1  5 -4 1 0 0 0 0.62
-1  5  1 -3 -3  2  1 -4  0 -6 -3  4 -2 -4 -5 -1 -2 -6 -2 -4 0 0 1 0 0.57
-3  1  2 -2 -3  2 -1 -3  5 -2  0  2 -1  2 -4 -1 -2 -4  2 -3 0 1 0 1 0.55
-7 -7 -8 -8 -7 -7 -7 -7  0 -7 -7 -7 -6 -2 -8 -7 -7 13 -4 -7 0 0 1 1 0.50
-3 -1 -4 -4 -4  2 -3 -5 -2  3  2 -2  2  0 -4  2  2 -4  0 -1 0 0 1 1 0.55
-6 -6 -6 -7 -6 -6 -6 -7  0 -3  1 -5 -3  9 -7 -6 -6 -4  3 -4 0 0 1 0 0.38
-2 -1  0  1 -5  0 -1 -2 -3 -5 -4  0 -4 -4 -2  3  5 -6 -5 -3 0 0 1 1 0.33
-1  2  1  1 -3  0 -1 -2  0 -2 -3  1 -3 -3  4  2 -1 -3 -2 -2 0 0 1 1 0.28
-3  3 -1 -1 -5  3  5 -4  3 -4 -3  2 -2 -2 -2 -1 -2 -4 -2 -4 1 0 0 1 0.19
-1 -3 -1  4 -2  3  5 -4 -3 -6 -4 -2 -5 -6 -2  0 -1 -6 -4 -6 1 0 0 1 0.15
-2 -1 -1  0 -4  3  2 -2 -1 -2  2  0 -2 -3 -3  1  0 -4 -3 -2 1 0 0 1 0.13
-2 -2 -5 -4 -4 -5 -4 -5 -5  2  5 -5  2 -3 -3 -4 -4 -5 -2  0 1 0 0 0 0.12
 3  2  0  1 -4  1  2 -2 -1 -2 -2  0 -1 -2 -3 -1  0 -1 -3 -3 1 0 0 1 0.09
 1  3 -1  1 -4  2  2 -3  0 -4 -3  2 -2 -4 -3  1  0 -4 -3 -3 1 0 0 1 0.09
-1  1 -2 -2 -1  1  0 -3  0  2  1  0  2  0 -1 -1  0  1  0  0 1 0 0 0 0.09
-2  7 -2 -4 -1 -1 -2 -3 -2 -5 -4  2 -4 -4 -3 -1 -2 -4 -2 -4 1 0 0 0 0.07
 2  1 -1 -1  0  2  1 -1  0 -1  0  1 -2 -3 -2  0 -1 -3 -2 -1 1 0 0 0 0.06
 0  0  2  2 -2  1  2 -1 -1 -3 -2  3 -1 -3 -2  0 -1 -3 -2 -2 1 0 0 1 0.06
 2 -2  0 -2  1  0 -2 -2 -2  0  2 -2 -1 -1 -2 -1  3 -3 -1  0 1 0 0 0 0.08
-2  0  7  1 -4  0  0 -3  1 -3 -3 -1 -4 -3 -2 -2 -2 -4 -1 -3 1 0 0 0 0.07
 1  2  0  0 -3  2  2 -2 -1 -1 -1  0 -2 -2 -1  0  0  2 -2 -1 1 0 0 1 0.07
 1  2  0  0 -1  0  1 -2 -1 -1 -1  3 -1 -3  0 -1 -1 -3 -2  0 1 0 0 1 0.09
 2 -2 -1 -1 -1 -3 -2  0 -2 -1  1 -2  0  3 -3 -1 -1 -2  2 -1 1 0 0 0 0.10
-1  4 -1  0  0  1  1 -2 -2  1 -1  2 -1 -2 -2 -1 -1  0 -3  0 1 0 0 0 0.12
 1  0  1  1  2  2  1 -2  0 -1 -2  1 -1 -2 -1  0  0 -3 -1 -1 1 0 0 1 0.13
-1  2 -1 -1 -3  2  0 -2 -1 -1 -2  4  0 -2 -1  0 -1 -1 -1 -2 1 0 0 1 0.17
 1 -1  0 -1 -2  0  0 -1  2  1  0 -1  1  0 -2  0 -1  0  0  0 1 0 0 0 0.20
 0  1 -1  0 -1  0  1  0 -2  1  1  0  0  0 -1  0  0 -2  0  0 1 0 0 1 0.18
 1 -1 -2  0 -3  2  2 -1  1 -1 -1  0 -1 -2  1  1 -1 -3 -1  0 1 0 0 1 0.20
-1  0  3  2 -1  2  1 -2  1 -2 -1  0 -1 -2 -1  1 -1 -3  0 -2 0 0 1 1 0.20
 0 -1  0 -1 -1  0  0  2 -1  0  0 -1  1 -1 -1  0 -1 -3 -1 -1 0 0 1 1 0.20
-1  1 -1 -1 -1  2  1 -2  0 -2 -1  3 -3  0 -1  0  1 -3  0 -1 0 0 1 1 0.20
 0  0  1 -1 -1 -1 -1 -1  0  0  0 -1  0  0  2  0  0 -3  0  0 0 0 1 0 0.23
-1  0 -1  0 -1  0  0 -1 -1  0  0  0  0 -1 -1  1  3 -1 -1 -1 0 0 1 1 0.23
-2  0 -2  1 -6  2 -1 -3 -2 -3 -3 -2 -1 -4  6 -1 -1 -6  0 -2 0 0 1 1 0.22
-1  0  2  2 -5 -2 -1 -2  0 -3 -3  0  1 -2  0  4  0 -5  0 -3 0 0 1 1 0.23
-1  2 -1  3 -2  1  1 -2  0  0 -1 -1  1  0 -1 -1  0  0  0 -2 0 0 1 1 0.21
 0  2  0 -1 -1  0  0 -2  1  0  0  1  0 -1  2  1 -1 -4 -1  0 0 0 1 1 0.19
-1  0  0  3  2  1  1 -3  0  0 -1  1 -1 -1 -2  1 -1 -4  1 -1 0 0 1 0 0.17
-3 -2  0 -2  2 -1 -2  3  0  0 -2 -1 -1  4  0 -3 -2  0  2 -2 0 0 1 0 0.14
-2 -1 -2 -2  0 -1 -2 -3  0  2  3 -1  3  0  1 -2 -2 -4  0  1 0 0 1 0 0.10
-2 -1  1  3  1  0 -1 -2  1 -1 -3  0 -6 -1  0  2  2 -7  0 -2 0 0 1 1 0.06
-1  0  0  0  2  0  0 -1  2  0 -1  0  2  1  0 -1  0  4  1 -1 1 0 0 1 0.05
 0  0  0  3 -6  1  4 -4  4 -3 -3 -1 -2 -4 -1  0 -2 -6 -2 -3 1 0 0 1 0.04
-3 -1 -2  1 -7  2  5 -5  1 -1 -4  2  0 -7 -1 -3  1 -1  0 -2 1 0 0 0 0.03
-5  0 -4  0 -1  0  7 -5 -1 -3 -1 -4 -8 -2 -8 -3 -4 -1  2 -2 1 0 0 0 0.03
 0  2 -3  0 -1  2 -1 -3  2 -1  3  0  1 -2 -3 -2  1  0 -2 -2 1 0 0 1 0.02
-1  2  0  0  0  1 -1 -2  3  0  0  2  0 -1 -6 -1  0  1  1 -2 1 0 0 0 0.02
-4  0 -3 -3  0 -1 -4 -4  0  2  4 -3  2 -1 -2 -3 -3  0  4 -1 1 0 0 0 0.02
-2  6 -1 -1  1  0 -3 -3  1  0 -1 -1  0 -1 -3 -2 -3  0 -2  1 1 0 0 0 0.01
-1  1  0  0  1  2 -1 -1  1  1 -2  2  1  0 -5 -1 -1  2  0  0 1 0 0 0 0.01
-1  0  0  0  2  0  0 -1  2  0 -1  0  2  1  0 -1  0  4  1 -1 1 0 0 0 0.01
 0 -6 -3 -4 -2 -3 -6  3 -1 -2 -3 -5  0  3 -6 -2 -2  0  7 -1 1 0 0 0 0.01
 2 -3  0 -3  7 -1  2 -2 -1 -1 -1 -3 -2 -5 -4 -1  0 -3 -4  1 1 0 0 0 0.01
-1  1  2  0 -2  1  1 -2  0 -2 -2  2 -2 -2 -3  1  0 -3  0 -1 1 0 0 1 0.01
-3  2 -2 -4 -4  2 -1 -5  0 -1  2  2 -1  5 -3 -3 -2  1  1 -2 1 0 0 0 0.01
-2 -6 -5 -7  1 -6 -6 -6 -3  6  3 -5  4 -2 -6 -4 -2 -2 -5  0 1 0 0 0 0.01
-3  1 -2 -4 -1  5 -1 -3  0  2  1 -1  1  1 -3  0 -1 -2  1 -1 1 0 0 1 0.01
-1  1 -1  3  0  3  4 -4  0 -3 -4  1 -3 -4 -3 -1  0 -6 -4 -4 1 0 0 1 0.01
 2 -4 -4 -5 -1 -2 -4 -4 -3  2  2 -2  3  3 -5 -2 -2 -4  0  2 1 0 0 0 0.01
 2 -5 -4 -5  7 -6 -4  5 -3 -3 -4 -4 -6 -1 -6 -1 -4 -6 -5 -3 1 0 0 0 0.01
 0  1  1  1 -1  2  1 -1 -1  1 -1  1  1 -3 -2  0  0 -1 -2 -1 1 0 0 1 0.01
 1  1 -1 -1 -2  0  0 -1  2  0  1  1  1  0 -2  0 -1 -2 -1  0 1 0 0 1 0.01
-2 -4 -4 -4 -1 -1 -4 -4 -2  1  4 -2  2  4 -3 -3 -2 -2  1  0 0 0 1 0 0.01
-4  4  0 -1 -6  2  0 -4  2 -3 -4  5 -3 -4 -5 -3 -3 -2 -3 -4 0 0 1 1 0.01
-1 -2 -2 -2  1 -1 -2 -2 -2  1  4 -2  2  0  2 -2 -1 -2 -2  0 0 0 1 1 0.01
 0  0  1 -1 -2  0  0  2  2 -2 -2  1 -2 -2  2  0  0 -1 -1 -2 0 0 1 1 0.01
-3 -4 -3 -3 -1 -3 -4 -5 -5  1  4 -4  5  3 -5 -3 -2 -2 -3  1 0 0 1 0 0.02
-5  3 -4 -3 -3 -1 -3 -4  1 -5 -5 -1 -5 -6  7  0 -1  0 -5 -5 0 0 1 1 0.02
-3  1 -2 -2 -4  6  0 -5  2 -2 -2 -1 -3 -3  1  0  1 -3  0 -2 1 0 0 1 0.02
-1  2 -1 -1 -1  1  1 -3 -1  0  0  1  0 -3 -2  1  0 -1 -2  1 1 0 0 1 0.02
 1 -6 -5 -6  0 -5 -4 -4 -6  2 -2 -5 -2 -5 -1 -2  4 -6 -5  5 1 0 0 0 0.03
-1  0 -5 -4 -1  0 -3 -5 -4  4  1  0  4  1 -4 -2 -1 -3 -1  2 1 0 0 0 0.03
 5 -5  1 -3  2 -5 -2  1 -3 -3 -4 -5 -3 -4 -2  0 -4  2  1 -4 1 0 0 0 0.04
-2 -5 -4 -6  1 -1 -6 -6 -5 -5 -1 -6 -2 -4 -5 -1  7 -7 -2 -1 1 0 0 0 0.05
 7 -6 -6 -6  0 -6 -4  1 -7 -6 -7 -6 -6 -7 -4  0 -3 -7 -7 -4 1 0 0 0 0.07
 1 -4 -2 -4  4  3 -3 -3 -1  4  0 -4  4 -2 -5 -2 -1 -5 -4  1 1 0 0 0 0.10
-1 -5  0 -4 -2  0 -5 -5  0  2 -1 -5  3 -4 -5  0  2 -5  0  5 1 0 0 0 0.18
-6 -7 -7 -8 -7 -7 -7 -8 -1  1  3 -7 -2  4 -7 -7 -6 -1  8 -3 1 0 0 0 0.19
-6 -7 -7 -8  3 -7 -7 -7 -3 -1  2 -7  3  7 -7 -5 -4  1  5 -2 1 0 0 0 0.20
-4  3  0  0 -7  3 -4 -6  8 -7 -7  3 -2 -5 -5 -3 -4 -7 -2 -7 1 0 0 0 0.23
-7  8 -4 -7 -4 -3 -6 -6 -2 -5 -7  1 -7 -8 -7 -5 -4 -8 -4 -4 1 0 0 0 0.23
-4 -8 -8 -8 -7 -8 -8 -8 -6 -4 -3 -8 -3  9 -8 -7 -3 -5  3 -3 1 0 0 0 0.24
-4 -1 -4 -7 -2 -5 -7 -7  1 -4  0 -6 -3  5 -7 -5 -5  3  8 -3 1 0 0 0 0.25
-1 -2 -3 -4  2 -1 -3 -4  0  0  3 -1  4 -1 -3  0  0 -4  2  0 1 0 0 0 0.27
-2  4  0 -2  0  0  0 -3  1 -2 -2  2 -2  2 -4  0  0 -2  0  1 1 0 0 1 0.26
-2  0  4 -2 -1  2 -1 -4  5 -3 -4  2 -1  0 -5 -2  0  2  0  0 0 0 1 0 0.26
-2 -3 -1 -1 -4 -2 -1 -3 -1 -3 -5 -1 -4 -6  1  6  0 -7 -5 -4 0 0 1 0 0.29
-3 -4 -3 -2 -1 -4 -3 -5  1  2  2 -4  2  5  0 -2 -1 -2  0  2 0 0 1 0 0.25
 0  1 -1 -2  0 -1 -2 -3 -2 -3 -1  3  6 -4 -3 -1  0 -1 -3  2 0 0 1 0 0.15
-2  2 -2  3  0  1  4 -4  0 -4 -4  2 -3 -6 -3 -1  1 -6 -4 -4 0 0 1 1 0.11
-4 -4  1 -5  1 -2 -3 -4  5  1 -2 -3 -1  5 -4 -3 -1  1  6 -3 0 0 1 0 0.08
-3 -3  3  5 -2 -1 -1 -3  7 -5 -5 -1 -3 -4  2  0 -3 -3 -3 -4 0 0 1 0 0.09
-3  3 -4 -6 -1 -3 -4 -4  0 -2  0 -3  2  0  6 -4 -3  1  1  0 1 0 0 0 0.09
-2  2  0 -1 -2  1  1 -2  1 -1 -2  3 -1  1 -2 -1 -1  0  3 -2 1 0 0 1 0.09
-1 -1  0  1 -1 -1  0 -3  2  2  2  0  0  0 -2 -1  0 -1 -1  0 1 0 0 0 0.07
 0 -2 -3 -4 -1 -3 -3 -2 -3  4  1 -3  2 -1 -3 -2  0 -3 -1  3 1 0 0 0 0.06
 3 -2 -3 -3  1 -2 -2  0 -1  1  1 -2  3 -1 -3  1 -1 -3 -1  0 1 0 0 0 0.06
 1 -1 -2 -2  1 -1 -2 -2  0  0  1 -1  3  0  2 -1  1  0  0  0 1 0 0 0 0.05
 3 -3 -1 -3  2 -2 -2 -1 -3 -1 -2 -2 -1  0 -1  1  4 -3 -3  0 1 0 0 0 0.06
 2 -4 -3 -4  9 -3 -1 -2 -4 -1 -3 -4 -3 -2 -4  1  0  1 -4 -1 1 0 0 0 0.05
-1 -3 -4 -4  0 -3 -4 -1 -3  3  3 -3  2  0 -3 -3 -1  0 -1  2 1 0 0 0 0.05
-3 -4 -2 -4  1 -4 -4 -4  1 -1  0 -4 -1  6 -4 -2 -2  4  5 -2 1 0 0 0 0.05
-2 -4 -4 -5  1 -4 -4 -5 -4  2  5 -4  1  1 -4 -3 -1 -3 -3  0 1 0 0 0 0.04
 5 -2 -3 -3  0 -2 -3  0 -3 -2 -3 -2 -3 -4 -3  1  0 -4 -3 -1 1 0 0 0 0.04
 1 -3 -1 -3  6 -2 -2  1  1 -1 -2 -2 -1 -2 -3  2  1 -3 -2 -1 1 0 0 0 0.04
-3  0 -2 -3 -5 -1  0 -2  2 -5 -5  7 -4 -5 -3 -3 -3 -5 -4 -4 1 0 0 1 0.06
 0 -2 -1 -1  1  0 -1 -3 -2  1  1 -2  2  0  0  0  1 -3  0  1 1 0 0 0 0.05
-1 -1  1  1  0  0  4  0  0 -2 -2  0 -3 -1 -3  0  0 -4 -3 -1 0 0 1 1 0.05
-1 -1  1  3 -4 -1  4  0  0 -2 -2 -1 -3 -1  0 -1  0 -4 -3 -3 0 0 1 1 0.04
 0 -2  0 -1  3  0 -1 -2  2  0 -1 -2  1  3 -1  0  1 -2  3 -2 0 0 1 0 0.04
-2  1  0 -1  0  0 -2 -2  2 -1 -2  0  0  1  5 -1 -1  1  2 -2 0 0 1 1 0.03
-2  3 -3 -4  0  0 -2 -5 -1  2  0  1  1 -1 -1 -3  0  0 -2  3 0 0 1 0 0.02
-3  3 -1 -2 -5  0 -2 -2  4 -2 -3  3 -1 -3  1  3  0 -1 -2 -2 0 0 1 1 0.02
 0 -2 -2 -4  0 -3 -2 -3 -4  4  3 -3  0 -1 -1  0  0 -4 -1  2 0 0 1 1 0.02
-1  4  2  1 -3  1  1 -2  1 -3 -2  2 -2 -3 -1 -1 -1 -2 -2 -2 1 0 0 1 0.01
-2  0  1  4 -2  2  1 -3  2 -2 -2  1 -2 -2 -4  0  0 -4  0 -2 1 0 0 1 0.01
-3  0 -3 -2 -2 -4 -3 -4 -2  3  2 -3 -1  5 -5 -3 -3 -4  2  3 1 0 0 0 0.01
 1 -5 -5 -3  3 -3 -4 -3 -3  4  1 -3  0 -3 -4 -2 -1 -5 -3  4 1 0 0 0 0.01
 0  1  2  0 -1  1  0  0  0  0 -2  2 -1 -1 -2  1 -1 -4 -1 -1 1 0 0 1 0.01
 0  0  2 -1 -4  0  1 -1  1 -1 -2  2 -1 -2 -3 -1  0 -2  1  2 1 0 0 0 0.01
 2 -3 -3 -4  0 -4 -3 -3 -4  3  2 -2  1  2 -2 -1  0 -1  1  1 0 0 1 0 0.02
-1  2  0  1  0  1 -1 -2  3 -3 -2  2 -1 -1  2 -1 -2  1  0 -3 0 0 1 1 0.01
-1  1  2  0 -4  2  2  0  2 -2 -2  1 -1 -3 -1  1  0 -4 -2 -2 0 0 1 1 0.01
-1 -1  0  2  1  1  0 -2  0 -1  0 -1  0 -1 -1  1  2  3  1 -1 0 0 1 1 0.02
-1  0  0  0  2  0  0 -1  2  0 -1  0  2  1  0 -1  0  4  1 -1 1 0 0 1 0.02
 0  0  1  0  0  1  1 -2  2 -2 -1  0 -1 -1  2  0 -1  0  1  0 1 0 0 1 0.02
-1  1  0  2 -2 -1  2  1 -1 -1 -2  1 -1  1  1  0 -1 -1  0 -2 1 0 0 0 0.02
-3  0  0  0  0  2  0 -2  2  1 -1 -1  0  2 -1 -1 -2  0  4 -1 1 0 0 0 0.02
-2 -2  2  2 -1  0  3 -3 -1 -1 -2  0 -1 -1  2 -1 -1  4 -1 -2 1 0 0 1 0.02
-2  1  1  0 -1  2  0 -3  2 -2 -1  2 -1  0  0  0 -1  0  3 -2 1 0 0 1 0.01
 0  1  0  1  1  0  0 -2  1 -1 -1 -1  0 -1  0 -1  2  3  0 -1 1 0 0 0 0.01
-1  0  0  0  2  0  0 -1  2  0 -1  0  2  1  0 -1  0  4  1 -1 1 0 0 0 0.01
-1 -1  1  4 -5  2  3 -3  0 -3 -3  1 -1 -3 -3  1  0 -5 -3 -3 1 0 0 1 0.01
-1  2 -1  2 -2  2  2 -3  1  0 -1  1 -1 -2 -3  1  0 -4 -1 -1 1 0 0 1 0.01
-3 -6 -6 -6 -5 -6 -4 -6 -1  6  2 -6  0 -2 -3 -5 -2 -6 -2  4 1 0 0 0 0.01
-1 -2 -3 -5 -2 -2 -5 -2 -1  3  4 -3  2  0 -5 -3 -2 -1 -1  2 1 0 0 1 0.01
 0  0  1  1 -4  2  3  0  0 -1 -2  1 -2 -2 -2 -1 -1 -4 -1 -2 1 0 0 1 0.01
 1 -2  0 -4  5 -1 -2 -1  1 -1  2 -2  3  0 -1 -1 -1  2  1 -2 1 0 0 0 0.01
-5 -5 -5  1 -6  1  8 -6 -5 -6 -6 -4 -6 -6 -5 -5 -5 -6 -6 -6 1 0 0 0 0.01
-2  2 -1 -1  1  0 -1 -2  1 -2  0 -1  3  4 -1 -1 -2  2  1 -2 1 0 0 1 0.01
-2  0 -1 -1  1  0 -1 -6  1  2  2  0  2  1 -1 -2  0  2  1  1 1 0 0 0 0.01
-2 -5 -6 -6  1 -5 -5 -3 -5  4  4 -5  4  0 -5 -5 -2 -5 -4  3 1 0 0 0 0.01
-2 -5 -6 -6  2 -5 -6 -3 -6  2  5 -5  3 -1 -6 -2 -2 -5 -1 -1 1 0 0 0 0.01
-2  1  0  0 -1  4  3 -3  1 -3 -3  1 -1 -1 -4  1 -1 -5 -1 -3 1 0 0 1 0.01
 1 -1 -1 -1 -2  1  2  1 -1 -1 -2  0  0 -3 -3  1  3 -4 -2  0 1 0 0 1 0.01
-1 -3  0 -3  2 -3 -3 -3 -3  1  3 -3  4  1 -3 -1  1  3 -2  0 0 0 1 0 0.01
 0  1  1  0  2  0  0  2  1 -2 -2  1 -2 -2 -2  0  0 -3  0 -1 0 0 1 1 0.02
-2 -5 -5 -5  2 -5 -5 -2 -4 -3 -2 -2  0  8 -5  0 -2  3  2 -4 0 0 1 1 0.02
-2 -1  2  4  2  1  1 -2  1 -2 -2 -1 -1  0 -3 -1  0 -3  3 -2 0 0 1 1 0.02
-2 -3 -4 -4  1 -3 -4 -4 -1  1  4 -2  2  4 -2 -3 -1 -2  1  1 0 0 1 0 0.03
-1  1  0 -1 -1  0 -1 -2  3  2  0  0  0 -1 -3  0  1  0  0  0 0 0 1 1 0.04
-1 -4  0 -5  1 -4 -4 -4 -4  3  0 -3  0  0 -2 -2 -1  0 -2  5 0 0 1 0 0.04
-2  1  0  1 -2  1  1 -2  5 -1 -3  0 -1  2 -1 -1 -1  1  1 -1 0 0 1 1 0.04
-2 -2  2 -2 -2  0 -4 -3  9 -3  0 -3 -2 -4 -3 -1  0 -5  0 -4 0 0 1 0 0.05
 0 -3 -3 -5 -2 -5 -3 -3 -2 -2 -4 -5 -6 -6  8 -3 -2 -6 -6 -4 0 0 1 0 0.05
-3 -2 -2 -4 -2  0 -3 -4  7 -1 -2 -2 -2  3 -5 -3 -3 -3  6 -1 1 0 0 0 0.04
-2  4 -1 -1 -1  0 -1 -2  1 -2 -3  4 -2 -3  0  0  0 -2 -3 -3 1 0 0 1 0.04
 0 -2 -2  0 -1 -2 -3 -3  3 -1 -1 -2 -2  3  3  1  0 -3  4 -3 1 0 0 0 0.03
-2 -3 -5 -3 -1 -4 -5 -5 -3  3  4 -4  2  0 -3 -2 -2 -4 -1  2 1 0 0 0 0.03
-2 -1  0  0 -2 -1  1 -3  1  1  1 -1  1  0 -1 -1 -1  0  1  1 1 0 0 1 0.02
-1 -1  1  0 -2  2  1  2  3 -4 -3  1 -1 -3 -2  0  0 -2  0 -3 1 0 0 1 0.02
 0  0  0 -2  2  0  0 -1  2  0 -1  0  1  1 -3  0  0  3  1  0 1 0 0 0 0.02
-1 -1 -1 -1  2  0 -1 -2  0  1  1 -1  1  1 -3 -1  0  2  0  1 1 0 0 0 0.02
-1  0  1  1  0  2  0 -2  2  0  0  2  2 -1 -1 -1 -1 -3  0 -1 1 0 0 1 0.02
 0 -1  0  3  0  0  2 -2  0 -2 -1  1 -1  1 -2  0  0 -4  0 -1 1 0 0 0 0.02
-2 -3 -3 -3  0 -4 -3 -3 -1  2  4 -5  3  2 -5 -3 -2  1  0  1 1 0 0 0 0.02
-2  1  1 -1  0  2  1  2  0 -1 -1  2 -1 -1 -2  0 -1 -4 -3 -2 1 0 0 1 0.02
 1  0  0  0  1  0  0 -1  0  0  0  0  0 -2 -1  0  1 -3 -1  0 1 0 0 1 0.02
-1  1  0  0  0  0  1 -1  0 -1  0  1  0  0 -1  1  0  2  0 -1 1 0 0 1 0.04
 0  0 -1  0  1  1  0 -1  0 -1  0  1  1  1  1  0 -1  0  1 -1 0 0 1 0 0.05
 0 -1  2  2 -1  0  0  1  1 -2 -1  1 -1 -1  2  0 -1 -1  0 -2 0 0 1 1 0.06
 0  0  0  0  0  0  0  0 -1  0  1  0  1 -1 -1  0  0 -2 -1  1 0 0 1 1 0.06
-1  0  0  0  2  0  0 -1  2  0 -1  0  2  1  0 -1  0  4  1 -1 0 0 1 0 0.06
-1  0  0  1  0  2  3 -2  1 -2 -3 -1 -1 -1  0  0 -1  2  0 -1 0 0 1 1 0.06
-1  0  0  0  2  0  0 -1  2  0 -1  0  2  1  0 -1  0  4  1 -1 0 0 1 1 0.05
-1  0  1  1  0 -1  0 -2 -1  1  0  0  0 -2  3  1  0 -4 -2 -1 1 0 0 0 0.04
-1  0  1  2 -2  2  3 -2  1 -3 -3  2 -2 -3 -1  1  1 -4  1 -3 1 0 0 1 0.03
 0  0  0  0 -2  1  2 -2  1  0  0  1  0  0  1  0  0 -3  0  0 1 0 0 1 0.03
 0 -4 -6 -3  0 -2 -2 -5 -1  2  4 -3  4  0 -3 -4 -2 -2 -2  1 1 0 0 0 0.02
 1  3 -1 -2  0  0 -1 -2  2 -1  0  1  0 -1 -3  0  0 -1  1  0 1 0 0 0 0.02
-1  1  1  0 -5  5  1 -4  1 -2 -3  2 -2 -2 -1  0  0 -5 -2 -2 1 0 0 1 0.02
 1  1  0 -2  0  0 -1 -1  1  0  0  0  2 -1 -2  0  2 -1 -1  0 1 0 0 0 0.02
 6 -3 -6 -4  2 -3 -4 -3 -3 -1 -4 -4 -2 -4 -4  1 -2 -2  1 -2 1 0 0 0 0.01
-3  1 -3  0 -2  0  0 -5 -2 -2 -4  0  1  0 -7 -2 -1 10  2 -3 1 0 0 0 0.01
 0  1  1  1  0  0  0 -1  0 -1 -1  0  0 -1 -1  1  0  1  0 -1 1 0 0 1 0.01
-1 -2 -4 -2  1 -2 -2 -5  1  3  1 -2  2  4 -2 -2 -2  2  2  0 1 0 0 0 0.01
 0 -2 -1 -4  2 -3 -2 -2  0  2  2 -1  2 -1 -4  0  1 -4 -1  2 1 0 0 0 0.01
-2  1  5  1 -2  1  0 -3  0  0 -2  1 -1 -1 -4  0  0  0  1 -2 1 0 0 1 0.01
 0  0 -1  6 -6 -1  0 -5 -1 -2 -2  1  1 -1 -3  0 -1 -6 -2 -3 1 0 0 1 0.01
 1 -4 -2 -4  2 -2 -4 -2  0  1  1 -4  2 -2 -3  3  0  2 -1  0 1 0 0 0 0.01
-1 -1 -3 -5  3  0 -2 -4  4 -1  3 -3  3  2 -5 -2 -3  0  5 -2 0 0 1 0 0.01
 0  0  0 -2  2  0  0  0  2  0 -1  0  1  0  0  0  0 -2  1  0 0 0 1 0 0.01
-3 -4 -2  1  1 -5 -3 -1 -6 -2 -3 -3  0 -2 -3  2  6 -1 -3 -2 0 0 1 0 0.01
-2 -3  0  5 -1 -2 -1 -2 -2 -2 -4 -3 -1 -1  2 -1  2 -1  1 -2 0 0 1 0 0.01
 1 -2 -2 -2 -1 -3 -3 -4 -5  1  3 -1  2 -1 -2 -2  0  0 -2  2 1 0 0 0 0.01
-3 -4  0 -4  7 -3 -3 -3  1  1 -2 -3  2  3  1 -1 -2  0  2  0 1 0 0 0 0.01
-2 -6 -7 -7  0 -6 -6 -7 -1  0  5 -3  2  3 -6 -6 -2 -5  0  1 1 0 0 0 0.01
-2  2 -2 -1 -2  3  0 -3  1  2  2  0  2 -2 -4 -2  0 -4 -1  0 1 0 0 0 0.02
-2 -3 -3 -6 -1 -1 -4 -6  4 -2 -3 -5 -1  5 -6 -1 -3  4  7 -2 0 0 1 0 0.01
-1 -1 -1 -2 -2  1  1 -3  1 -3 -2  1 -2 -5  4  1  2 -5 -2 -2 0 0 1 1 0.02
 0 -4 -3 -6 -1 -2 -3 -4 -6 -4 -5 -3 -2 -4  8 -1 -2 -7 -3 -4 1 0 0 0 0.02
-1  0  0 -2 -3  2  1 -2  5 -2 -4 -1 -4 -1  1  3 -1 -5  0 -3 1 0 0 0 0.02
-1 -2 -2 -1  0  3 -1 -4  3  2 -1 -1  2 -1 -2 -1  2 -4 -1  2 1 0 0 0 0.02
-3 -3 -6 -6 -5 -6 -6 -7 -6  7  1 -6  2 -2 -3 -5 -3 -6 -3  3 1 0 0 0 0.02
 7 -6 -6 -4 -1 -5 -3 -3 -6 -3 -5 -5  0 -3 -5 -1 -1  1 -6 -2 1 0 0 0 0.02
 2 -2 -4 -5  4 -3 -3 -3 -3  2  3 -4  1  1 -3 -2  0 -2 -2  2 1 0 0 0 0.02
 5 -5 -5 -5  0 -4 -4  1 -5 -3 -3 -2 -2 -3 -4  1  0 -5 -1  0 1 0 0 0 0.01
 4 -5 -3 -5  7 -3 -4 -4 -5 -2 -1 -2 -2 -4 -5  1 -1 -6 -5  1 1 0 0 0 0.01
-3 -5 -6 -6  0 -3 -6 -4 -3  5  4 -5  2  0 -6 -4 -2 -2 -2  2 1 0 0 0 0.01
-2 -1 -1 -3  1 -2 -1 -3  3  1  1 -2  0  2 -5 -1 -2  3  5 -1 1 0 0 0 0.01
-1 -2 -2 -3 -2 -2 -3 -4  2  2  4 -2  2  0 -4 -1 -2  0 -2  0 1 0 0 0 0.01
 5 -5 -1 -4 -1 -4 -3 -1 -3 -3 -3 -3  0 -4 -4  2  0 -6 -4  0 1 0 0 0 0.01
 2 -2 -1  1  4 -1 -3  0 -3  1  1 -3  0  0 -3  0  0 -1 -2 -1 1 0 0 0 0.01
-1  3  0  0 -1  1  1 -1  0 -2 -1  2 -2 -1 -2  1  0 -4 -1 -1 1 0 0 1 0.01
 0  1  0 -1 -1  0  0 -1  1  0  1  0  1  0 -1 -1  0  1  0  0 1 0 0 1 0.01
 0 -1  0 -2  2 -1 -1 -2  1 -1  2  0  1 -1 -2  0  0  1  1 -1 0 0 1 1 0.01
-1  0  3  0 -3  1  1  3  0 -3 -2  2 -2 -3 -2  0 -1 -2 -4 -2 0 0 1 1 0.01
-1 -1 -2 -1 -2  0  0 -2 -2  3  1  0  1  0 -2 -1 -1  0 -1  2 0 0 1 1 0.02
-1 -1  1  3 -3  0  2 -1 -1  0 -3  1 -2 -3  2  0  0 -2 -1 -2 0 0 1 1 0.02
-2 -3 -3 -3  0  0 -3 -4 -2  2  3 -2  3  1 -2 -2  0 -2 -1  2 0 0 1 0 0.02
-2 -2  0  2 -4  0  3 -3 -2 -2 -3  1 -2 -5  4 -1 -1  3 -4 -3 0 0 1 1 0.02
 0  1  0  2 -1  1  0 -1 -2 -2 -2  0 -3 -1  0  2  1 -1 -2 -2 0 0 1 1 0.02
-2 -1  0  1 -4  0  0 -2  1 -1 -1  0 -1  2 -1 -2 -1  5  5 -1 0 0 1 0 0.03
-2 -2  0  0 -2 -1  0 -1 -2  0  2  0  0  2  1 -1  0  0 -1  1 0 0 1 0 0.04
 1  0  0  0 -3  0  0  2  0 -3 -2  1 -3 -3  0  1  2 -2 -1 -3 0 0 1 1 0.04
-1  1 -1  2 -5  0  4  0  1 -3 -4  1 -2 -4  0  0 -1  3 -2 -3 0 0 1 1 0.05
-1  0  0 -1  2  0  0 -2 -1 -1 -1  2 -1 -1  1  1  0  5  0 -1 0 0 1 0 0.04
-1 -2 -1 -2 -2 -1 -1 -3 -1 -1  2 -2  0  2  1 -1 -1  6  0  0 0 0 1 0 0.04
-2 -2 -2 -1 -2  0  0 -2  1 -1 -1 -2  3  2 -3 -1 -2  9  0 -2 0 0 1 1 0.05
-1  0 -2 -2 -2 -2  0 -2 -1 -1  1 -2  1  3 -1  0 -1  6  2 -1 0 0 1 1 0.05
 0  0  0 -1  0  2  2 -1  0 -2 -2  3 -2 -1 -1  0 -1 -4 -1 -1 0 0 1 1 0.05
 0 -1  0  2  2  1  3 -1  0 -1 -2  0 -2 -1 -2  0 -1 -2 -1  0 0 0 1 1 0.05
-1 -2  2  2 -3  1 -1 -2 -1  0  0  0 -1  3  1  1 -2  0 -1 -1 0 0 1 1 0.05
-1  2  1  3 -4  0  2  0  1 -3 -3  0 -2 -3 -1  1  0  2 -2 -2 0 0 1 1 0.05
 0 -3  0  2  0  0  1 -4  0  0 -1 -2 -4 -5  0 -1  2 -6 -3  3 0 0 1 1 0.04
-1 -2  0  3  3 -2 -1 -3 -1 -1 -1  0 -1 -2 -1  1  3  3 -3 -1 0 0 1 1 0.05
-2  1 -2 -3  0 -1  0 -4 -1  1  3 -1  3  0  1 -2 -1  0  0 -1 1 0 0 1 0.06
 0  0  0  2 -2  0  3 -3  0 -4 -4  0 -2 -3  0  2  1 -6 -3 -3 1 0 0 1 0.06
 0 -1 -2  2 -6  3  3 -3  1 -2 -1  3 -2 -6 -2 -2 -2 -6 -4 -1 1 0 0 1 0.06
-2 -2 -4 -4  1 -5 -4 -7 -4  4  4 -3  2 -1 -6 -3 -3 -6 -3  2 1 0 0 0 0.05
-1 -1 -3  0 -3  1  1 -3 -2  1  2  1  2 -1 -3 -2 -1  2 -1  0 1 0 0 1 0.04
-1 -1  0  5 -3  1  4 -1 -3 -4 -5 -1 -6 -1 -4 -1 -1 -7 -6 -4 1 0 0 1 0.05
 1 -4 -2 -3  3 -2 -4 -3 -2  4  1 -3  0 -3 -5 -1  1 -2 -3  3 1 0 0 0 0.07
-2 -3 -5 -6  5 -3 -4 -5 -3  3  2 -4  5 -2 -5 -1  0 -3 -2  2 1 0 0 0 0.07
-1  2  3  1 -6  3  2 -2  2 -3 -3  2 -1 -3 -4 -1 -1 -6 -2 -2 1 0 0 1 0.08
 1  1 -2  0 -2  3  2 -3  1 -2 -2  1 -3 -2 -3  1  1 -5 -3 -2 1 0 0 1 0.08
-3 -7 -6 -6  6 -3 -5 -8 -7  5  1 -5  5  2 -5 -5 -3 -6 -1  1 1 0 0 0 0.08
-1  2 -1 -1 -1  1 -1 -4  0  0  2  1  2 -2 -3  0 -2 -5  0 -1 1 0 0 1 0.09
 0  0  3  3 -4  1  3 -3  0 -3 -4  0 -4 -4 -4  1  0 -6 -1 -4 1 0 0 1 0.09
-4 -4 -5 -5 -3 -2 -4 -6 -4  2  5 -4  4  1 -2 -5 -3  0 -3  0 1 0 0 0 0.11
-2 -3 -3 -5 -4 -5 -5 -5 -2  3  2 -4 -1  0 -3 -3 -5 -2  7  2 1 0 0 0 0.12
-1  1 -2  2 -2  2  3 -4 -2 -4 -5  4 -2 -6 -4  0  1 -4 -5 -3 1 0 0 1 0.13
-1  1  1 -1 -1  2  0 -2  1 -1  0  3 -2 -3 -3  1  0 -5 -2 -2 1 0 0 1 0.16
-2 -1 -1 -4 -1  0  0 -2  2 -1 -2 -2 -5  1 -1 -1  0  5  6 -1 0 0 1 0 0.19
-2  0  1  2 -6  2  3 -3 -3 -4 -3  3 -3 -3  2 -1 -1 -6 -3 -2 0 0 1 1 0.23
-1 -2 -2 -1 -4 -1  0 -4 -2 -1  0  0 -2  0  5  0  1 -5 -2  0 0 0 1 1 0.23
-1 -2 -2  0 -5 -3  0 -2 -3  0  0 -2 -3 -1  5 -1  0  0  0  0 0 0 1 0 0.29
-2  3 -1  1 -4  0  1 -3  2 -2 -2  2 -4 -2  1  1  2 -5 -2 -2 0 0 1 1 0.28
-1  1 -2 -1  0  0  1 -2 -1  0 -2  2  2 -2  1  2 -1 -1 -2  0 1 0 0 1 0.32
-3 -3 -1  3 -5  3  4 -4 -2 -4 -4  3 -1 -5 -1 -1 -1 -2 -1 -4 1 0 0 1 0.32
-1  1  1  2 -3  2  4 -4 -3 -3 -1  1 -2 -3 -2 -2 -2  0 -1 -2 1 0 0 1 0.34
 1 -2 -2 -3  0  0 -1 -3 -4  2  1 -2  3 -2 -3 -2 -3 -2 -3  4 1 0 0 0 0.37
 1  3  0 -2 -5  1  0 -3 -1 -3 -3  5 -3 -2 -2 -1  0 -5 -4 -2 1 0 0 1 0.34
 2  1 -1 -1 -4  0  2 -1  2 -2 -1  1 -1 -1  1  0  0 -3 -2  1 1 0 0 1 0.41
-1 -3 -5 -5  1 -1 -3 -4 -3  5  3 -4  0 -2 -4 -3 -2 -5 -2  2 1 0 0 0 0.37
-1  1  0  3 -3  0  2 -1 -1 -2  0  3  1 -2 -4 -1 -3 -5 -2 -2 1 0 0 1 0.37
 2  3  0 -1 -5  3  0 -2 -1 -4 -3  4 -4 -5 -2  0 -2 -2 -5 -3 1 0 0 1 0.39
-3  3 -4 -4 -7 -2 -1 -4 -2 -6 -3  7 -6 -7 -4 -3 -4 -7 -6 -6 1 0 0 0 0.39
-5 -4 -3 -7 -1 -4 -6 -5 -6  1  6 -5  1  0 -6 -3 -3 -3 -2  1 1 0 0 0 0.42
-3  2 -1  0 -6  1  3 -3  1 -4 -4  3 -3 -2  2 -2 -3 -5  3 -4 1 0 0 1 0.32
-2  4 -2 -4 -5 -1 -1 -5  3 -2 -1  4 -2  1 -4  0 -3 -3  1 -4 1 0 0 1 0.37
 1 -6 -5 -2 10 -3 -3 -3 -6  2 -3 -5 -2 -5  0 -2 -4 -1 -3  0 1 0 0 0 0.38
-3  5  0 -3 -3  3 -2 -3  5 -4 -2  2  0 -5  0 -2 -2 -1 -2 -4 0 0 1 1 0.47
-2 -1  6  2 -3 -3 -2 -2 -1 -4 -4  0 -3 -5 -4  3 -1 -6 -4 -4 0 0 1 1 0.57
 1 -3 -4 -5 -5  2 -2 -5 -3 -3 -1  0 -4 -4  6  0 -2  1 -2 -3 0 0 1 1 0.59
-1 -1 -3  3 -5  1  5 -3 -4 -4 -3  2  2 -3 -4 -1 -3 -5 -2 -3 0 0 1 1 0.64
-1  2  2 -1 -4 -1 -1 -2 -3  0  1  2  1  1 -1 -1 -1 -1 -1  0 0 0 1 1 0.70
 2 -1  3  1 -2  0 -1 -2 -2  0  0 -1 -1 -2 -1  1  0 -1 -3  0 0 0 1 1 0.73
-1 -2 -1 -1 -3 -1 -2 -2 -2  1  2 -1 -1 -1  4  0  0  0 -3  0 0 0 1 1 0.71
 0 -2  4  2 -4  1  1  1  1 -3 -3  0 -2 -4 -2  1 -2 -5 -2 -4 0 0 1 1 0.78
 0  2 -1 -2 -3  0 -1 -2  1 -1  0  1 -2 -4  0  3  0 -4 -3  0 1 0 0 1 0.81
 1  0  1 -1 -3  1  1 -1  0  1  0  0  0 -2 -2  0 -1 -3 -1  1 1 0 0 1 0.81
 1 -1  0 -1 -3  1  1 -1 -1 -1  0  1  0 -2 -3  1  2 -4 -1 -1 1 0 0 1 0.79
 0  3 -2 -3 -5  1  0 -4 -1 -4  0  4  0 -1 -2 -2 -2 -4  3 -2 1 0 0 1 0.79
-1  3 -2 -1 -3  2 -1 -2 -1 -5 -2  6 -4 -6 -2 -1 -2 -6 -5 -4 1 0 0 1 0.81
-1  6 -1 -1 -3  1  0 -5 -3 -3 -1  3 -3 -5 -1 -2 -1 -5 -5 -3 1 0 0 1 0.86
 1  2 -2 -2 -4  1  1 -2 -2 -3 -2  4 -2 -3  1  0 -1 -5 -1 -2 0 0 1 1 0.93
 1  1 -2  0 -4  2  0  3 -3 -2 -1 -1  1 -2  0  0 -2 -4 -3 -2 0 0 1 1 0.94
 1  1 -1  0 -4  1  2 -1  1 -2 -2  1 -2  0 -3  0 -1  1  3 -2 0 0 1 1 0.95
-1  0  0  1 -3  0  5 -1 -2 -1 -2  0 -2 -5 -1  0 -2 -2 -4 -2 0 0 1 1 0.95
 0 -2 -1  5 -5  2  3 -4 -3 -2 -4 -2 -4 -5  1  1  0 -5 -2 -2 0 0 1 1 0.96
 1 -1 -1  5 -5  0  3  1 -2 -5 -4 -2 -2 -3 -4  1 -2 -5 -4 -3 0 0 1 1 0.97
-1  0 -1  4 -4  2  3  1  0 -4 -4 -1 -2 -3 -1  1 -1 -5 -4 -3 0 0 1 1 0.98
 0  0  1  0 -1  1  1 -2  3 -2 -2  2 -2 -2  0  1  0  0  2 -2 1 0 0 1 0.98
 1 -1 -1  0 -3  0 -1 -1  0  0  0  2  0 -3  2 -2 -1 -4 -3  2 1 0 0 1 0.98
 4 -2 -2 -1 -4 -1  2 -1 -4  0 -4 -1 -3 -5 -2  3 -1 -5 -4  0 1 0 0 1 0.98
-3  2 -3 -1 -6  1  2 -3 -4 -5 -4  6 -4 -6  0  1 -2 -6 -5 -4 1 0 0 1 0.98
-2  3 -2 -2 -5  2  2 -1 -3 -5 -5  5 -1 -5 -2  1 -1 -1 -3 -5 1 0 0 1 0.98
 0  3 -3 -2 -3  1 -2 -3 -3 -3 -2  0  0 -4  5  2  0 -1 -2 -4 1 0 0 1 0.98
 0  2 -1 -1 -5 -1 -1 -2 -3 -5 -3  6 -3 -5  1  0 -1 -5 -2 -4 1 0 0 1 0.98
 0  0 -1 -1 -1  0  0 -1  2 -1  1  1  2 -1 -1  0  2 -3 -1  0 0 0 1 1 0.98
 0 -1  0  1 -4  0  4  1 -2 -1 -2  0 -1 -4  1 -1  1 -4 -4 -1 0 0 1 1 0.98
-1  3  0  0 -4  1  3 -2  0 -3 -4  1 -3 -2  0  2  0 -4 -2 -3 1 0 0 1 0.98
-2 -1 -1  2 -5  1  5 -3  1 -3 -3  0 -4 -5  2  1 -2 -5 -4 -4 1 0 0 1 0.98
 0  1 -2  0 -4  2  4  0 -2 -3 -1  1 -1 -4 -3  0  1 -4 -3  0 0 0 1 1 0.98
 0  0 -2 -2 -3  0  1  1 -3 -1 -2  1 -1 -1  2  1 -1  7  0  0 0 0 1 1 0.98
 0 -2 -1  0 -3  3  1 -3  0 -2 -3 -1 -1 -1 -2  2  4 -4 -3  1 0 0 1 1 0.98
-2  0  3  5 -5 -1  0 -1 -1 -4 -4  0 -1 -1  2 -2 -2 -5 -1 -2 0 0 1 1 0.98
-2  2  0  5 -5  2  3 -2 -3 -5 -5 -1 -4 -5  2  1 -2 -5 -4 -4 0 0 1 1 0.98
-2 -3  0  6 -4 -2  0 -3 -3 -1 -4 -1  1 -5 -3  2  0 -5 -4 -4 0 0 1 1 0.98
-1  0 -3 -3 -3  0 -1 -2 -3  0  3 -2  3  2 -3 -1 -2 -3 -1  1 0 0 1 0 0.95
 0 -3 -3 -3 -2 -2 -3  1 -3  2  2 -1  1  0 -1 -1  0 -3 -2  2 0 0 1 0 0.93
 0  0  2  5 -4  0  1  2 -2 -4 -4  1 -3 -4  0 -1 -2 -4 -4 -4 0 0 1 1 0.92
 0  0  1 -1 -2  1  0 -2 -2 -3 -3 -1 -2 -4 -2  4  3 -4 -3 -2 0 0 1 1 0.94
-2 -3 -4 -4 -2 -3 -4 -4 -4  3  4 -3  1  0 -3 -3 -1 -3 -2  2 0 0 1 1 0.93
