-1 -1 -1 -1 -1 -1 -1 -1 -1 -1 -1 -1 -1 -1 -1 -1 -1 -1 -1 -1 0 0 1 1 0.73
 4 -2 -2 -2  0 -1 -1  0 -2 -1 -2 -1 -1 -2 -1  1  0 -3 -2  0 0 0 1 1 0.57
 1 -2 -1 -1 -2 -1 -2  4 -2 -2 -2 -1 -2 -3 -2  1  2 -3 -2 -1 0 0 1 1 0.45
-2 -3 -3 -4 -2 -3 -3 -4 -3  2  4 -3  1  0 -3 -1 -1 -2 -2  0 0 0 1 0 0.43
-2 -3 -3 -2 -4 -2 -2 -3 -3 -4 -4 -2 -3 -5  8 -2 -2 -5 -4 -3 0 0 1 0 0.35
-2  5 -1 -2  1  0 -1 -3 -1 -2 -3  3 -2 -3 -2  0 -1 -3 -2 -1 0 0 1 1 0.24
-2  0 -2 -3  5 -2 -2 -3  4  0 -1 -2 -1  3 -3 -1 -2  0  5 -1 0 1 0 0 0.26
-1 -3 -3 -4  1 -2 -3 -3 -3  2  1 -3  4  3 -3 -1 -1 -2  0  3 0 1 0 0 0.36
 3 -2 -2 -2  4 -2 -2 -1 -2  0 -1 -2 -1 -2 -2  1  1 -3 -2  2 0 1 0 0 0.31
-2 -3 -3 -4 -2 -3 -3 -4 -3  3  2 -3  1  4 -3 -2  0 -1  1  1 0 1 0 0 0.24
-1  3 -1 -2 -4  2  0 -2 -1 -4 -3  5 -2 -4 -2  0 -1 -4 -3 -3 0 1 0 1 0.22
 1 -2  0 -1 -2 -1 -1  3 -2 -3 -3 -1 -2 -3 -2  4  0 -3 -3 -3 0 1 0 0 0.19
-1  0  3  3 -3  0  2 -1 -1 -3 -3  2 -2 -3 -2  1 -1 -3 -2 -3 0 0 1 1 0.15
 0  1  1 -1 -1  0  0 -1  2 -1 -1  0 -1  1 -1  1  0  0  3 -1 0 0 1 1 0.17
 0 -1  5  0 -2  0 -1 -1  2 -3 -3  1 -2 -3 -2  2  1 -3 -2 -2 0 0 1 1 0.14
-1  1  0  1 -3  1  0  5 -2 -4 -3  1 -3 -3 -2 -1 -2 -3 -3 -3 0 0 1 1 0.13
-1  2  1 -2 -3  0 -1  1 -1 -2  1  4 -1 -2 -2 -1 -1 -3 -2 -2 0 0 1 1 0.15
-3 -3 -3 -4 -3 -3 -3 -4  1 -2 -2 -3 -2  4 -4 -3 -3  1  8 -2 0 1 0 0 0.14
-1 -3 -4 -4 -2 -3 -3 -4 -3  1  5 -3  1  0  1 -3 -2 -3 -2  0 0 1 0 0 0.13
 1  5 -1 -2 -3  0 -1 -2 -1 -3 -2  1  1 -2 -2  1 -1 -3  1 -2 0 1 0 1 0.10
-2 -2 -3 -3 -2 -2 -3 -3  0  0  2 -2  0  2 -3 -1 -2  0  5  0 0 1 0 0 0.11
 0  0 -1 -2 -2  2  0 -2 -1  1  0  2  1 -2 -2 -1 -1 -2 -2  2 0 0 1 0 0.09
 2 -1  1 -1 -2  0 -1  0  3 -2 -2 -1 -2 -2 -1  3  1 -3 -1 -2 0 0 1 1 0.10
-1  0  0  4 -3  0  3  1  1 -2 -1  0 -2  0 -2 -1 -1 -3 -2 -2 0 0 1 1 0.12
-1  0  2  3 -2  1  0  0 -1 -2 -2  1 -1 -2 -1  1  1 -2 -2 -2 0 0 1 1 0.11
 1 -1 -1  0 -1  0  2  1 -1  1 -1 -1 -1 -2 -1  0  0 -2 -2  1 0 0 1 0 0.10
 0  0  0  3 -2  3  2 -1 -1 -2 -2  1 -2 -2 -1  1 -1 -2 -2 -2 0 0 1 0 0.09
-1  0  1 -1 -2  3  1  0 -1  0 -1  2 -1 -2 -1  0 -1 -2 -1  0 0 0 1 0 0.09
 0  3 -1 -1 -2  0  0  1  3 -2 -2  0 -1  1 -2 -1 -1 -1  3 -2 0 0 1 0 0.08
 0  1 -1 -1 -3  1 -1  4 -2 -3 -3  0 -2 -3  1  1 -1 -3 -3 -3 0 0 1 0 0.09
-2 -2  1 -2 -3  0  0 -1 -1 -1  1 -2  0  4 -3 -1  0 -1  3 -1 0 1 0 0 0.08
-2 -3 -4 -4 -2 -3 -3 -2 -3  2  4 -3  1  2 -3 -3 -2 -2 -1  2 0 1 0 0 0.07
 1  2 -1 -1 -2  3  1 -2 -1 -2 -2  2  1 -3 -2  1  2 -3 -2 -2 0 1 0 0 0.07
-2 -3 -3 -4  6 -3 -3 -1 -3 -1  1 -3  1  5 -4 -1 -2 -1  0  0 0 1 0 0 0.07
 0 -1  1  4 -3  0  2 -2  4 -3 -3 -1 -2 -3 -2  2  0 -4 -2 -3 0 1 0 0 0.07
 2 -2  0  0 -2 -1 -1  4 -2 -2 -2 -1 -2 -3 -2  1 -1 -3 -2 -1 0 1 0 0 0.06
-2 -1 -1  4 -4  0  5 -1 -1 -3 -2  1 -3 -4 -2 -1 -2 -4 -3 -3 0 0 1 1 0.07
-1 -2  1  4 -3 -1  2  0 -2 -1 -2  0 -2 -3 -2 -1  1 -4 -3  1 0 0 1 1 0.07
 1 -3 -2 -3 -2 -2 -3 -1 -3  3  1 -2  0 -1 -3 -1  2 -3 -2  1 0 0 1 0 0.06
 0 -1  0 -2 -2 -1 -2  0 -1  0  1  0  2  0 -2 -1  0 -2  2  1 0 0 1 0 0.06
-1  3  4  3 -3  0  0 -1 -1 -3 -3  0 -2 -3 -2  2  0 -4 -2 -3 0 0 1 0 0.06
-1 -2 -2 -1 -2 -1 -1 -2 -2 -2 -1 -1 -2 -2  7 -1 -1 -2 -2 -2 0 0 1 0 0.07
-2 -2 -2 -3 -2 -2 -2 -3  2 -1  1 -2  0  3 -3  0 -1  0  6 -1 0 0 1 0 0.08
 1 -2 -1 -2 -1 -1 -1 -1 -2  0  1 -1  0 -2 -1  2  3 -2 -2  1 0 0 1 0 0.09
-1  4 -1 -1 -2  1  0 -2 -1 -2 -2  2 -1 -3 -2  0  3 -3 -2 -2 0 0 1 0 0.09
-3 -3 -3 -4 -3 -4 -4 -4  3  0 -1 -4 -1  7 -4 -3 -3  0  3 -2 0 1 0 0 0.09
-1  0 -1  3  3  0  3 -2  1 -1 -2  0 -2 -1 -2  0 -1 -2  2 -2 0 1 0 0 0.11
 1 -2 -2 -2 -1 -2 -2 -2 -2  1  1 -2  0 -1 -2  1  1 -2 -2  3 0 1 0 0 0.10
-1 -1 -1  0 -3  1  5 -2 -1 -2 -2  0 -2  1 -1 -1 -1 -2  1  0 0 1 0 0 0.10
-1  0  1 -1 -2  1 -1 -2 -1 -2 -1  1  0 -1  5 -1  1 -2  1 -2 0 1 0 1 0.09
 2 -1  2 -1 -1 -1 -1 -1  2 -2 -1 -1 -1 -2 -1  3  0 -3 -2 -2 0 0 1 0 0.09
 0  3  1 -1 -3  2  0 -2 -1 -2 -2  3 -1 -2 -1  0  0 -2  1 -2 0 0 1 1 0.08
-2 -1  3  3 -3  0  1 -2 -1  0  1  0 -1  0 -2  0  0 -3 -2 -1 0 0 1 1 0.08
 0 -1  1  2 -3 -1 -1  2  5 -3 -3  0 -2 -2 -2  1 -1 -2  2 -3 0 0 1 1 0.07
 0  0  0  3 -3  1  3 -2 -1 -3 -3  3 -2 -4 -2  1 -1 -4 -3 -3 0 0 1 1 0.05
-1  0  2  3 -4 -1 -1  5 -2 -4 -4  1 -3 -4 -3 -1 -2 -4 -3 -4 0 0 1 1 0.04
 1 -2 -2 -3 -1 -2 -2 -2 -2  0  3 -2  1  1 -2 -1  2 -2 -1  1 0 0 1 0 0.03
-1 -3 -3 -3 -2 -2 -3 -3 -3  2  1 -3  0  2 -3  0 -1 -2 -1  4 0 1 0 0 0.02
-2  1 -1 -2 -3 -1 -1 -3  7 -2 -1 -1  1  3 -3  1 -2 -2  1 -2 0 1 0 0 0.03
-1 -3 -3 -3 -2 -3 -3 -4 -3  4  2 -3  1  1 -3 -2 -1 -2 -1  3 0 1 0 0 0.02
-2  6 -1 -2 -4  0 -1 -3 -1  0 -2  2 -2 -3 -3 -2 -2 -3 -2 -2 0 1 0 0 0.02
 2 -3 -2 -3  8 -2 -2 -2 -3 -2 -2 -2 -2  0 -2  2 -1 -3 -2 -2 0 1 0 0 0.02
 1  1  1 -2  6 -1 -1 -2 -2 -3 -3 -1 -2 -3  2  3  0 -3 -3 -2 0 0 1 0 0.02
 1 -1 -1 -2 -2 -1 -1 -2  4 -1  0 -1 -1  2 -2 -1 -1  0  5 -1 0 0 1 0 0.02
-2  0  6  0 -3 -1 -1 -2 -1 -3 -1  0 -2 -3 -3  1  1 -4 -3 -3 0 0 1 0 0.02
-1  2  5 -1 -4 -1 -1  3 -1 -4 -4  1 -3 -4 -3 -1 -1 -4 -3 -4 0 0 1 1 0.02
-2  4 -1 -2 -4  0  0 -3  3 -4 -3  5 -2 -4 -2 -1 -2 -4 -2 -3 0 0 1 0 0.02
-3 -3 -4 -4 -4 -3 -4 -4  0 -2 -1 -3 -2  6 -4 -3 -3  1  7 -2 0 1 0 0 0.02
-4 -4 -5 -6 -4 -4 -4 -4 -4 -4 -1 -5 -3 -1 -5 -4 -4 12  1 -4 0 1 0 0 0.02
-1  5 -2 -3 -3 -1 -2 -1 -2  0 -2  0 -1 -3 -3  1 -1 -4 -2  3 0 1 0 0 0.02
 0  6 -2 -3 -4  0 -1 -3 -1 -3 -3  1 -2 -4  0 -1 -2 -4 -3 -1 0 1 0 0 0.02
-1 -1  3 -1 -2  0  0  1  3 -2 -1 -1 -1 -2 -2  1  0  5 -1 -2 0 0 1 0 0.02
 0  0  1  3 -2  2  1  1 -1 -3 -3  0 -2 -3  1  2  0 -3 -2 -2 0 0 1 0 0.02
 1 -1 -1  1 -2  0  2  2 -1 -2 -2  0 -2 -3  3  1  0 -3 -2 -2 0 0 1 0 0.02
 0 -1  2  1  1  0  1  2 -1 -2 -3 -1 -2 -3 -2  1  1 -3 -2 -1 0 0 1 1 0.02
-1 -1  2  0 -3 -1  0  3  3 -3 -3 -1 -2 -3  2  1  0 -3 -2 -3 0 0 1 0 0.01
-2 -2  1  2 -2 -1 -1 -2  2 -1 -2 -2 -2  1 -2  0 -1  8  4 -2 0 0 1 1 0.01
 1 -3 -4 -4 -2 -3 -3 -3 -3  2 -1 -3 -1  0 -4 -2 -1  9  3  0 0 1 0 0 0.02
-2  1 -3 -4 -2 -3 -3 -4 -3  5  0 -2  0 -1 -3 -3 -1 -3 -2  3 0 1 0 0 0.02
 2  0 -2 -2 -1 -1 -2 -2 -2  1  0 -1  1  0 -2  0  0  4 -1  2 0 1 0 0 0.03
 4 -2  1 -2  2 -1 -2  2 -2 -2 -2 -1 -2 -3 -2  0  0 -3 -2 -1 0 1 0 0 0.04
 0 -2  1  3 -2 -1  0  2 -2  0 -2 -1 -2 -3 -2  1  2 -3 -2  0 0 1 0 0 0.06
 3  0 -2 -2 -1 -1 -2  0 -2 -1  1 -1 -1 -2 -2  1  1 -3 -2  0 0 1 0 0 0.08
-2 -1  4  5 -4 -1  0 -2  1 -4 -4  1 -3 -4 -2 -1  0 -5 -3 -3 0 0 1 1 0.11
 0  1  1  1 -3  1  4 -2 -1 -2 -3  1 -2 -3 -2  0  0 -3 -2 -1 0 0 1 1 0.14
 0 -3 -2 -2 -3 -2  0 -3 -3 -3 -3 -2 -3 -4  7 -1  2 -4 -3 -2 0 0 1 1 0.23
-1 -2  0  4 -3  1  2  0 -2 -3 -3 -1 -3 -4  4  0 -1 -4 -3 -1 0 0 1 0 0.24
 1 -1 -1  2 -2  0  4 -2 -1 -3 -3  0 -2 -3 -2  1  2 -3 -2 -2 0 0 1 0 0.22
-2 -2  3  6 -3 -1  0  0 -2 -3 -4 -1 -3 -4  1 -1  0 -4 -3 -3 0 0 1 1 0.22
 1  1  1 -1 -2  2  0 -2 -1 -2  0  1 -1 -3  2  0  2 -3 -2 -1 0 0 1 1 0.17
 0  0  0  3 -2 -1  0 -1 -2 -3 -3 -1 -2 -3 -2  5  0 -3 -3 -3 0 0 1 1 0.17
 0  0  1  1 -2  0  0 -1 -1 -2 -2  4 -1 -3 -1  1  1 -3 -2 -2 0 0 1 1 0.16
-1  0 -1  2 -2 -1 -1 -2 -2 -3 -2 -1 -2 -1  4  0 -1  8  0 -2 0 0 1 0 0.13
 1 -1  2  0 -1  0 -1 -1 -1 -2 -2 -1 -1 -1 -1  3  2 -2  0 -1 0 0 1 0 0.09
-1  1 -1  1  8 -1 -2 -2 -2 -2 -2 -1 -2 -2 -2  0 -1 -2 -2 -1 0 0 1 0 0.06
-1 -2 -1 -2  3 -2 -2 -2 -2 -2 -2 -2 -1  1 -2  1  5 -3 -1 -1 0 0 1 0 0.05
-2  2  0 -2 -2  1 -1 -3 -2  0  3  1  1 -1 -3 -2 -1 -2 -2 -1 0 0 1 0 0.04
-3 -4 -4 -5 -3 -4 -4 -4 -2  1  1 -4 -1  7 -5 -3 -3  0  2 -1 0 1 0 0 0.03
-2  1 -1  0 -4  3  4 -3 -1 -4 -3  4 -2 -4 -2 -1 -2 -4 -3 -3 0 1 0 1 0.03
 0 -3 -3 -2 -2 -2 -2 -3 -3  0  0 -2 -1 -3  6 -1 -1 -3 -3  0 0 1 0 0 0.03
-1 -2 -2 -2 -1 -2 -2 -3 -2  3  2 -2  1 -1 -2  0  0 -2 -1  3 0 1 0 1 0.03
 0  2 -2 -2 -3  0 -1 -2  1 -1 -2  1 -1  1  4 -1 -1 -1  3 -2 0 1 0 1 0.03
-1 -2  0 -2 -2 -1 -1 -2 -2  1  1 -1  0  2 -2  0  0 -2 -1  2 0 0 1 1 0.04
 0 -1  0  3 -2  0  2 -2  2 -2 -1  0 -2 -2 -1  0  0 -3 -2 -1 0 0 1 1 0.05
-1 -1  0  3 -2  1  2 -2 -1 -3 -3 -1 -2 -3  1  3  1 -3 -2 -2 0 0 1 1 0.06
-1 -2 -1  2 -2 -1 -1  3 -2  0 -2  0 -2 -2 -2  1 -1 -3 -2  0 0 0 1 1 0.07
 0  1  4  4 -3 -1  0  0 -1 -3 -3 -1 -3 -3 -2  1 -1 -4 -3 -3 0 0 1 1 0.06
 0 -2  0  1 -2 -1 -1 -2  2 -1  0 -1  1 -2  0  2  1 -3 -1  1 0 0 1 1 0.05
 0  0  2 -1 -3  1  0  2 -1 -3 -1  2  1 -2 -2  0 -1 -3  1 -2 0 0 1 1 0.04
 0  0 -1 -2 -2 -1  0  0 -2 -2 -2  1 -2  3 -2  1  3 -2 -1 -2 0 1 0 1 0.04
-2  0 -3 -4 -2 -2 -3 -4 -2  2  2 -2  0  3 -3 -2 -1 -1  2  2 0 1 0 0 0.03
 1  5 -1 -2 -3  0 -1 -2 -2 -2 -2  1 -2  0 -2  2 -1 -3 -2  0 0 1 0 0 0.03
 1  0 -3 -3 -2 -2 -3 -3 -2 -1  2 -2  0  5 -3  0 -2 -1  1 -1 0 1 0 0 0.03
 0  1 -2 -2 -2  3 -1 -3 -1 -1  2  0  0  2 -2  0 -1 -2 -1  0 0 1 0 0 0.02
 0  0  0 -1 -2  0 -1 -2  7 -3 -2 -1 -2 -2  2  2 -1 -2  0 -2 0 1 0 0 0.02
 1 -2 -2 -2 -1 -2 -2 -2 -2  1  0 -2  0 -1  1 -1 -1 -2  1  3 0 0 1 0 0.03
 1  0 -1  1 -2  5  0 -2 -1 -2  0  0  1 -2 -1 -1 -1 -2 -2 -2 0 0 1 0 0.03
 0 -1  1  2 -2  0  0 -1 -1 -1  1 -1  0 -1  2  0  0 -2 -2 -1 0 0 1 0 0.04
-1 -2 -1 -1 -2 -1 -2  5 -2 -3 -3  0 -2 -3 -2 -1  0 -2 -2 -2 0 0 1 1 0.05
-2 -1  1  3 -3  2  0 -1  5 -1 -1  2 -2 -3 -2  0 -1 -4 -1 -2 0 1 0 0 0.05
-1  0  2  3 -3  1 -1 -2  0 -2 -2 -1 -2  1 -3  0 -1 -1  4 -1 0 1 0 0 0.05
 2  2 -2 -2 -2 -1 -2 -2 -2  0  0 -1 -1 -2  1  0  2 -3 -2  1 0 1 0 0 0.04
-2  3 -2 -2  2  0  0 -3 -1 -2 -1  2 -1  1  0 -1 -2  5  3 -2 0 1 0 0 0.04
-1  0  2  2 -2 -1 -1 -2 -1 -1  1 -1  1  0 -2  1  0  3  1 -1 0 1 0 0 0.04
-1 -1  0  3 -3  1  0 -2 -1 -2 -1  2 -1  2 -2  0  0  3  1 -2 0 1 0 1 0.04
-1  3 -1 -2 -2  0  0  0 -1 -1  0  0  0  0 -2  1  0 -2 -1  0 0 0 1 1 0.04
-1 -1 -1  0 -2  1 -1 -1 -1 -1  0 -1 -1  1  0  1  0 -1  3  0 0 0 1 1 0.04
-1 -2  0  4 -3 -1 -1  3 -2 -1 -1 -2 -2  0  1  0  0 -3 -2 -2 0 0 1 1 0.04
 1  0  3  0 -2  0 -1  3 -1 -3 -2 -1  1 -3  1  0  0 -3 -3 -2 0 0 1 1 0.04
 1  0 -1 -1 -2 -1  1 -1  1 -1  0 -1 -1 -2  1  1  2 -3 -2  0 0 0 1 1 0.04
-1 -2 -2 -1 -2  1 -1 -1 -1  1 -1 -1 -1  3 -3 -1  1 -1  3  1 0 0 1 0 0.04
 0  3 -1 -2 -3 -1  0 -1  3  0 -1  0 -1 -2 -3 -1  1 -3  1  1 0 0 1 1 0.04
 1  0  1 -2 -2 -1 -1  3  1 -3 -3  1  0 -3 -2  1  1 -3 -2 -2 0 0 1 0 0.05
-1  2  0 -1  5  0 -2 -3 -1 -2 -2 -1 -2  0 -3 -2 -2 -1  5  0 0 1 0 0 0.07
-2 -2  1 -2 -2 -2 -1 -3 -2  0  3 -2  0  1  2 -2 -1 -2 -1  1 0 1 0 0 0.08
 1 -2  0  1 -2 -1  0 -2 -2  1  1 -1  0  2 -2  0  0 -2  0  0 0 1 0 0 0.08
 1  0 -1 -2 -1 -1 -1  1 -2  0  1  1  1 -1 -2  0  0 -2 -2  1 0 1 0 0 0.09
-1  2  2  2 -3  1  2  2  1 -3 -3  0 -2 -2 -2 -1 -1 -2  2 -3 0 1 0 1 0.11
 1 -1  0 -2 -2 -1 -1  0 -1 -2 -1  0 -1  2  2  1  0 -1  3 -2 0 1 0 0 0.12
 1  2  1 -1 -2  1  0 -1 -1 -1 -2  1 -1 -3 -2  2  0 -3 -2  0 0 0 1 1 0.13
 1 -1  1 -1 -3  4  1 -2  2 -2 -1  0 -1 -2  2  0 -1 -3  0  0 0 0 1 1 0.13
 0 -1 -1  1 -2  0  2 -2 -1  0 -1  0 -1 -2  3  2  0 -2  0 -1 0 0 1 1 0.13
 0 -1  0  3 -3  4  2 -2  2 -2 -1  0 -1 -3 -2 -1  0 -3 -2 -1 0 0 1 0 0.11
 0  0  0  1 -2  0  1 -2 -1 -2 -2  1 -2 -3  4  0  0 -3 -2 -1 0 0 1 1 0.09
 0  0  1  4 -2  1  1  0  1 -2 -2  1 -2 -3 -1  0  0 -3 -2 -1 0 0 1 1 0.08
-1 -2  0 -1 -2  0 -1  2 -2 -2 -1 -1 -2 -3  5  1 -1 -3 -2 -2 0 0 1 1 0.06
 0  0  0 -2  3 -1 -1  1 -1 -1 -1  1 -1  3 -2 -1 -1  3  2 -1 0 0 1 1 0.05
-1 -2  0  5 -3  0  2 -2  2 -3 -2 -1 -2 -3 -2  1  1 -3 -2 -2 0 0 1 0 0.04
 0 -1  0  2 -2  2  1 -2 -1  0  0 -1  1  0 -2  0 -1 -3 -1  1 0 0 1 0 0.02
-2 -4 -4 -4  0 -3 -4 -1  1  0  0 -4 -1  6 -4 -3 -2 -1  1  3 0 1 0 0 0.01
 0  0 -1 -1 -2  1  2 -3  2  0 -2 -1 -2 -3 -2  0  4 -3 -2 -1 0 1 0 1 0.01
 0 -3 -3 -4 -2 -3 -3 -4  1  3  0 -3  0  0 -3 -2  0 -3 -1  4 0 1 0 0 0.01
-1 -3 -2 -3 -2 -2 -2 -3 -3  3  1 -2  0  1 -3  1  3 -3 -1  1 0 1 0 0 0.01
-2 -2  3  6 -4 -1  2 -2 -2 -4 -4  0 -4 -4 -3  0 -2 -5 -4 -4 0 1 0 1 0.01
 0 -3 -3 -3 -2 -2 -3  2 -3 -1  2 -3  0  1 -3  0 -2  7 -1  0 1 0 0 0 0.01
 0  0 -1  0 -3  0  3  0 -1 -4 -4  1 -3 -4 -2  4  0 -4 -3 -3 1 0 0 1 0.01
-1 -1  1  2 -3  1  3 -2 -1 -3 -3  0 -2 -2 -2  2  2 -2  2 -2 1 0 0 1 0.01
 0 -2 -1 -2 -3  1 -1 -3  5  0  1 -2 -1 -1  1  0  0 -2  3 -1 1 0 0 0 0.01
 2  0 -2 -3  1 -2 -2  0 -2  0  1  0  0  0 -2 -1 -1 -3 -1  1 1 0 0 0 0.01
-2  1 -3 -2 -2  0 -1 -4 -3  4  1 -2  1 -1 -3 -2 -1 -3 -2  3 0 0 1 1 0.01
-2  0  1 -3 -2 -2 -2 -3  3  0  3 -2  0  2 -3 -2  0 -2 -1  0 0 0 1 0 0.01
-2 -3 -4 -3 -3 -2 -3 -4 -3 -1  3 -3  3 -2  6 -2 -2 -4 -3 -2 0 0 1 0 0.01
-2  3 -2 -2 -4 -1 -1 -3 -2 -4 -4  4 -3 -4  6 -2 -2 -4 -3 -3 0 0 1 1 0.01
-1  3  0  1 -2  0  2  0 -1 -1  0  1 -1 -1 -1  0  0 -1 -1 -1 0 0 1 1 0.01
-2  0 -2 -3 -3 -2 -2 -3  6 -2 -2 -2 -2  4 -3 -2 -2  0  6 -1 0 0 1 1 0.01
-1 -3 -4 -4 -2 -3 -4 -4 -4  3  1 -3  2 -1 -3 -3 -1 -3 -2  5 0 1 0 0 0.01
 2 -2 -2 -2  4 -2 -2  1 -3 -1 -2 -2  1 -2 -2  1  3  3 -2  0 0 1 0 0 0.01
-3 -4 -4 -5 -3 -4 -4 -4 -3  1  2 -4 -1  7 -5 -4 -3 -1  1 -1 0 1 0 0 0.01
-2  2 -1 -2 -4  0  0 -3 -2 -4 -4  6 -3 -4 -2 -1 -2 -4 -3 -4 0 1 0 1 0.01
-1 -3 -1 -2 -4 -3 -3  6 -3 -5 -5 -3 -4 -4 -3  0 -2 -4 -4 -4 0 0 1 0 0.01
-2 -2  3  5 -4 -1  1  0  2 -4 -4 -1 -3 -3 -2  1 -1 -4  0 -4 0 0 1 1 0.01
-3 -2  8  0 -4 -1 -2 -2 -1 -5 -5 -2 -4 -5 -3 -1 -1 -5 -4 -4 0 0 1 1 0.01
 1 -3  1  3 -3 -2 -1  5 -2 -4 -4 -2 -3 -4 -3 -1 -2 -4 -4 -4 0 0 1 1 0.01
-2  1 -1 -2 -3  2  0 -3 -1 -2  1  4  3 -2 -2 -1 -2 -3 -1 -2 0 0 1 1 0.01
-3 -3 -4 -5 -4 -3 -4 -4  0 -2 -2 -3 -2  5 -4 -3 -3  1  8 -2 0 1 0 0 0.01
-2 -3 -4 -5 -2 -3 -4 -5 -4  1  5 -3  3 -1 -4 -3 -2 -3 -2  1 0 1 0 0 0.01
 1  2 -1 -2  2 -1 -1  0  1 -2  0  0 -1 -2 -2  2  0 -3 -2 -1 0 1 0 0 0.01
 3 -2 -2 -3  3 -2 -2  0 -2  0  0 -2 -1 -1 -2 -1 -1 -2  1  2 0 1 0 0 0.01
-1  4 -1 -2 -3  1  0 -2  3  0  0  0  1 -2 -2 -1 -1 -2 -1  0 0 1 0 1 0.01
 0 -2 -1 -2 -2 -1 -2  1 -1  0 -1 -2  0  0 -2  0  2  6  2  0 0 1 0 1 0.01
-2 -2  1 -1 -2  1  2 -3 -2  3  1 -1  0 -1 -2 -2 -1 -3 -2  1 0 1 0 0 0.01
-1  2  3  2 -3  2  2  2 -1 -3 -3  1 -2 -3 -2 -1 -1 -3 -3 -3 0 0 1 1 0.01
 0  1  0  3 -3  1  2  3 -2 -4 -4  0 -3 -4 -2  0 -1 -3 -3 -3 0 0 1 1 0.01
-2  1  2  2 -3  0 -1 -2  2  0  0 -1  1  1 -3 -1  0 -2  2 -1 0 1 0 0 0.01
-2 -2  3  1 -4  0  1  1 -2 -4 -4 -1 -3 -3  4 -1 -2  6 -2 -4 0 1 0 0 0.01
-3  0 -3 -1  2 -2 -3 -4  4 -2 -1 -3 -2  0 -4 -3 -3  8  5 -1 0 1 0 0 0.01
-2 -3 -4 -4 -2 -3 -3 -4 -3  1  5 -3  3  0 -3 -3 -2 -2 -2  0 0 1 0 0 0.01
-1  0 -1  0 -4  5  3 -3 -1 -3 -3  1 -2 -4  1  0  0 -3 -3 -1 0 1 0 0 0.02
-4 -4 -4 -5 -4 -5 -5 -5 -3 -2 -1 -5 -1  8 -5 -4 -4  0  2 -2 0 1 0 0 0.02
 3 -2  1  0 -2 -1 -1  2  1 -3 -3 -1 -2 -3 -2  3  0 -3 -2 -2 0 1 0 1 0.02
 2 -2 -1 -1 -2 -1  0  1 -2 -2 -1 -1 -2 -2 -2  3  1 -3  1 -2 0 1 0 0 0.03
-1 -2  3  4 -3 -1  2 -2 -1 -3 -3 -1 -3  0 -2  2  1 -4 -2 -3 0 0 1 1 0.03
-2 -1  2  5 -4  3  2 -2 -1 -4 -4 -1 -3 -4 -2  1 -1 -4 -3 -4 0 0 1 1 0.03
-1  0  0 -2 -2 -1  0 -3 -2  3  1  0  0 -2  2  0 -1 -3 -2  2 0 0 1 1 0.04
 2 -2  2 -1 -2 -1 -2  4 -2 -3 -3 -1 -3 -3  1  3 -1 -4 -3 -3 0 0 1 1 0.04
-2  0  0  6 -4 -1  2 -2 -2 -4 -4  0 -3  0 -3 -1 -2 -4 -3 -4 0 0 1 0 0.03
 0 -2  0  1 -3 -1 -1 -2 -2  0  1 -1 -1 -2  5  0  0 -4 -3  0 1 0 0 1 0.03
 1  3 -1 -2 -3  0  1 -2  1 -3 -3  2 -2 -3 -2  0  2  3 -2 -2 1 0 0 1 0.02
 2 -3 -3 -3  4 -2 -3 -1 -3  1  0 -2 -1 -2 -3 -1  0 -3 -2  3 1 0 0 0 0.02
 2  0 -1 -2 -2 -1 -1  1  1  1 -1  0 -1 -2 -2  0  1 -3 -2  0 0 0 1 0 0.01
-3 -2  4 -1 -4  1  0 -3  6 -3 -3 -2 -2  3 -3 -1 -2 -2  3 -3 0 1 0 0 0.01
-2  0  0  0 -3  4  4 -3 -1 -1 -3  0 -2 -3 -2 -1  1  3 -2 -2 0 1 0 0 0.01
-1 -3 -3 -4 -2 -3 -3 -4 -4  3  0 -3  2 -2  1 -2  0 -4 -2  4 0 1 0 0 0.01
-1 -3 -3 -3 -2 -2 -1 -3  0  2  0 -3  0  4 -3 -2  0 -1  3  3 0 1 0 0 0.01
 0  0 -2 -2 -2  1 -1 -3 -1  0  0 -1  0  0  3  0  0 -1  3  0 0 1 0 1 0.01
-2 -2  3  1 -2 -1 -2 -1 -2 -1  2 -2  3 -2 -3 -1  2 -3 -2  0 0 0 1 0 0.01
 0  0  0 -2 -2  0 -1  0  0 -1  0 -1 -1  1  3  1 -1 -2 -1  1 0 0 1 1 0.01
-2 -2  4  5 -4 -1  1 -2 -1 -4 -4  0 -3 -4 -2 -1  0 -5 -4 -4 0 0 1 0 0.01
-1  1 -1 -2 -4  1 -2  6 -3 -5 -4 -2 -3 -4 -3 -1 -3 -4 -4 -4 0 0 1 0 0.01
-1  0  2 -1 -2 -1 -1 -2  1 -1 -2  1  1 -3 -2  2  2 -3 -2  0 0 0 1 0 0.01
 0 -3 -4 -4 -2 -3 -3 -4 -3  4  2 -3  0  2 -3 -2 -1 -3 -1  3 0 1 0 0 0.01
 2  3 -2 -3  5 -1 -2 -2 -2 -1 -2  0  1 -3 -2  1  0 -3 -2 -1 0 1 0 0 0.01
-2 -3 -4 -4 -2 -3 -3 -4 -3  3  3 -3  2  2 -3 -3 -1 -2 -1  3 0 1 0 0 0.01
-2  4 -1 -2  2  1 -1 -3 -1 -3 -3  4 -2 -2 -2 -1  0 -2  2 -3 0 1 0 0 0.01
 0 -2  4 -1 -2 -1 -1 -1  3 -4 -4 -1 -3 -3 -2  4  0 -4 -2 -3 0 1 0 0 0.01
-2  1  4  2 -3 -1 -1 -2  0  2 -2  0 -1 -3  1 -1 -1 -4 -2  1 0 0 1 0 0.01
-1  0  1 -1 -3  2 -1 -1  5 -3 -3  2 -2  0 -2  1 -1 -1  3 -3 0 0 1 1 0.01
-1  2  3 -1 -2 -1 -2 -2 -1 -1  1 -1  1  2 -3  1 -1 -2 -1 -2 0 0 1 1 0.01
-1 -2  4  3 -3  1 -1  4 -1 -4 -4 -1 -3 -4 -3  0 -1 -4 -3 -4 0 0 1 1 0.01
 0  5  2 -2 -4  0 -1 -2 -1 -4 -3  4 -2 -4 -2 -1 -2 -4 -3 -3 0 1 0 1 0.01
-3 -4 -4 -5 -3 -4 -4 -4 -1  0  0 -4 -1  7 -4 -3 -3  0  5 -1 0 1 0 0 0.01
-4 -5 -6 -6  3 -4 -5 -4 -4 -4 -3 -5 -3 -1 -5 -4 -4 12  0 -5 0 1 0 0 0.01
 0  6 -2 -3 -4  0 -1 -3 -1 -4 -3  3 -2 -4 -3 -2 -2 -4 -3 -3 0 1 0 0 0.01
 0  3  1  0 -2 -1 -1 -2 -1 -1  1  0  0  0  0 -1 -1 -2 -1  0 0 1 0 0 0.01
 1 -2  2  1 -2 -1  0 -1 -2 -2  0 -1 -2 -3 -2  4  1 -4 -3 -2 0 0 1 1 0.01
 0  0  1 -1  2  0  0 -2 -2 -2 -3 -1 -2 -3  4  0  3 -3 -3 -2 1 0 0 1 0.01
-1 -1  2  2 -2 -1  0  1 -1 -1 -1 -1  0 -2  3  0  0 -2 -2  0 1 0 0 1 0.01
-2 -1  6  1  1  2 -1 -2  0 -1 -3  0 -2 -2 -3  0 -1 -3  2 -3 1 0 0 1 0.01
-4 -4 -5 -6 -4 -4 -5  0 -4 -4 -4 -5 -3 -1 -5 -4 -4 12  0 -5 0 1 0 0 0.01
 0 -4 -4 -4 -2 -3 -4 -4 -4  5  0 -3  0 -1 -3 -2  0 -4 -2  3 0 1 0 0 0.01
-1  1  0 -4 -3 -2 -3 -3 -2  0  0 -2 -1  0 -4 -2 -1  9  3 -2 0 1 0 0 0.01
 4 -3 -3 -3  4 -2 -2 -2 -3 -2 -1 -2 -2 -3  3  0  0 -3 -3  0 0 1 0 0 0.02
-1  0  0  6 -4 -1  1 -3 -2 -1  0 -1 -2 -3 -3 -1 -2 -4 -3 -1 0 1 0 1 0.02
 1 -1 -1 -2 -2 -1 -2  3 -2  0 -2 -1 -1  0 -2  2  1 -2  0  0 0 1 0 0 0.03
 1 -1  2  3 -2  0  1  0 -1 -3 -3  0 -2 -3  0  0  2 -3 -3 -2 0 0 1 1 0.06
-1  1  0  5 -3  1  0  0 -1 -3 -3  0 -2 -3 -2  1  1 -3 -2 -2 0 0 1 1 0.08
 2 -2 -1 -2 -2 -1 -1 -2 -2 -2 -3  0 -2 -3  5  2  2 -3 -3 -2 1 0 0 0 0.10
 1  1  1 -1 -2  1  0 -1  2 -1 -2  1 -1 -2  1  1  0 -2 -1  0 1 0 0 1 0.13
 1 -1 -1 -1 -2  0  2  2 -2 -2 -2 -1  0 -3  1  1  1 -3 -2 -2 1 0 0 1 0.14
-1  0  1  0 -2 -1 -1  0 -1 -1  0 -1  1 -1 -2  1  2 -2  0  0 1 0 0 1 0.14
-2 -2  4  4 -3  0  0 -2 -1 -3 -2 -1 -2 -3  1  1  2 -4 -3 -3 0 0 1 1 0.11
-1  3  2  2 -3  0  2 -2  2 -3 -3  0 -2 -2 -2  0  1 -3  0 -3 0 0 1 1 0.11
 1  1 -1  2  1  0 -1 -2 -2 -1 -2 -1 -2 -3  4  0  0 -3 -2  0 1 0 0 0 0.09
 2  0  0  2  3 -1  1 -2  1 -2 -2 -1 -2  0 -2  0  2 -3 -2 -2 1 0 0 0 0.07
 0 -2 -1  0  5 -1 -1 -2  3 -2  0 -1 -1 -2 -2  1  3 -3 -2 -1 1 0 0 0 0.05
-2  0 -2 -2 -2  1 -1 -3  1  0  3 -1  0  2 -2 -2 -1  3  0  0 0 0 1 0 0.03
-3 -4 -4 -4 -4 -3 -1 -4 -2 -1 -1 -4 -1  7 -5 -3 -3  5  2  0 0 1 0 0 0.03
-2  2 -1  1 -3  0  2 -3 -2 -3 -3  2 -2 -2  1 -1  0  7 -1 -1 0 1 0 0 0.02
-1 -3 -3 -3 -3 -2 -2 -3 -3  0  1 -2 -1 -2  6  0 -1 -4 -3  2 0 1 0 0 0.02
 0 -1  0  2 -2 -1 -1 -3 -2  2  1  0  0 -2 -2 -1 -1 -3 -2  2 0 1 0 0 0.01
-1  4  0 -2 -3  1 -1 -3 -2  0 -1  3 -1 -3 -3 -1 -1 -3 -2  2 0 1 0 0 0.01
-1 -2  1 -1 -2  0 -2 -1  2  1  2  0  1  1 -3 -2 -1 -3 -1  2 0 1 0 0 0.02
-1 -1  2  3 -3  1  2  1 -1 -3 -2  0 -2 -3 -2  2 -1 -3 -3 -3 0 1 0 1 0.02
 0 -1  1  2 -2 -1 -1  1 -1 -1 -2  0 -2  0  0  2  1 -2  1 -1 0 0 1 1 0.02
 0 -1  3  2 -3  1  0  1 -1 -3 -3  0 -2  0 -2  0  2 -3 -2 -2 0 0 1 1 0.02
 1  0 -2 -2 -2 -1  0 -2 -2  1  1 -1  2 -1 -2  0  1 -2  2  2 0 1 0 1 0.02
-2 -3 -3 -4 -2  0 -3 -4 -2  3  2 -3  0  2 -3 -3 -1 -2  1  3 0 1 0 0 0.02
 4 -2 -2 -2 -2 -2 -2  2 -2 -2 -2 -2 -2 -3 -2  2  0 -3 -3  0 0 1 0 0 0.02
-2 -3 -4 -4 -2 -3 -3 -4 -3  0  4 -1  1  2  0 -3 -2 -2 -1  0 0 1 0 0 0.01
-2  4 -1  0 -3  1  0 -3 -1 -2  0  3 -1 -2 -2 -1  0 -3  1 -2 0 1 0 0 0.01
-1  0  5  1 -3 -1 -1  0 -1 -4 -4 -1 -3 -4 -2  3  0 -4 -3 -3 0 1 0 0 0.01
 1 -1 -2 -3 -2  0 -2 -2 -2  0  1  0  4  0  1 -1  1 -3 -2  0 0 0 1 0 0.01
-1  1  0 -2 -3  1 -1  3 -1 -2 -1 -1 -1  1 -2  0 -1 -2  0 -1 0 0 1 1 0.01
-2 -1  6  1 -3 -1 -1  1 -1 -4 -4  0 -3 -4 -3  1 -1 -4 -3 -4 0 0 1 1 0.01
-1 -1  3  3 -3  0  0  2 -1 -3 -2  0 -2 -3 -2  0  1 -3 -1 -3 0 0 1 0 0.01
-2  4  2 -2 -3  1 -1 -3  2 -1  0  1 -1 -1 -3 -1 -2  4  2 -2 0 1 0 1 0.01
-3 -3 -4 -4 -3 -3 -4 -4 -2  1  2 -4  0  6 -4 -3 -3  0  4 -1 0 1 0 0 0.01
-2 -4 -4 -5  9 -4 -5 -4 -4  1  2 -4  2 -2 -4 -2 -2 -3 -3 -1 0 1 0 0 0.01
-2  3 -1 -2 -4  1  0 -3  3 -1 -3  5  0 -3 -2  0 -2 -4 -2 -3 0 1 0 0 0.01
-2  6  2 -2 -4  0 -1  0 -1 -4 -3  1 -3 -4 -3  0 -2 -4 -3 -4 0 1 0 0 0.01
-1 -2 -2 -3 -2  0 -2 -3 -1  0  2 -2  0  2 -3  0  1 -1  3  1 0 1 0 1 0.02
 0  0  0  2 -2 -1 -1 -2 -2 -2 -2 -1 -2 -3 -2  0  5 -3 -3 -1 0 0 1 1 0.02
 1 -1 -1  0 -1 -1 -1 -1  0 -1 -1 -1 -1  0 -1  2  1  0  4 -1 0 0 1 1 0.02
 0 -1  1  2 -2 -1  0  2 -1 -2 -2 -1 -1 -2  1  0 -1  3 -1 -2 0 0 1 1 0.04
 0  2  0 -1 -1  0  0 -1 -1  0 -1  1 -1 -1 -1  0  0 -1 -1  1 0 0 1 1 0.04
 0  1  1  3 -3  0  1 -2 -1 -2 -1  1 -2 -3  2  0  0 -3 -2 -2 0 0 1 1 0.04
 0 -1  1  0 -3 -1  0  4 -1 -3 -3  0 -2  0 -2  0 -1 -1  3 -2 0 0 1 1 0.05
-2 -1  0 -2 -2 -1 -2 -2 -1 -1  0  1 -1  3 -2 -1  2  7  2 -2 0 0 1 0 0.08
-1  0 -1 -1 -2  1  1 -2 -2  1 -1 -1  1 -2  1  0  3 -3 -2  1 0 0 1 1 0.10
 0 -1  4  4 -3 -1  0 -1 -1 -3 -3 -1 -3 -3 -2  2  0 -4 -3 -3 0 0 1 0 0.16
 1 -3 -3 -3  8 -3 -3 -2 -3 -1 -1 -3 -2 -3 -3  1 -1 -3 -3  0 0 1 0 0 0.26
-2 -2 -3 -3 -2 -2 -3 -3 -3  1  4 -2  2 -1  0 -1 -1 -2 -2  1 0 1 0 0 0.26
 0 -2  5  1  4 -1  0 -1 -1 -3 -3 -1 -2  0 -3  1 -1 -3 -2 -3 0 1 0 0 0.27
 5 -2 -2 -3 -1 -2 -2 -1 -3 -2 -2 -2 -2 -3 -2  1  1 -4 -3  0 0 1 0 0 0.28
 3 -2 -1  0 -2 -2 -1  2 -2  0 -2 -1 -2 -3 -2  2  0 -3 -3  0 0 1 0 0 0.34
 1 -2  1 -1 -2  0 -1 -2 -2  1 -1 -1 -1  0 -2  2  2 -3 -1  1 0 1 0 0 0.29
 0  0  0  2 -2  1  0  2 -2 -3 -3  0 -2 -3  1  2  1 -3 -3 -2 0 0 1 1 0.27
-1 -2  0  1 -2  1 -1 -2 -2 -1 -2 -1 -2 -2 -2  3  4 -3  1 -1 0 0 1 1 0.30
-2 -3  0 -2 -2 -2 -1 -4 -2  4  1 -2  0 -1  2 -2 -1 -3  1  2 0 0 1 0 0.28
 0  0  0  4 -3 -1  2 -2 -2 -3 -3 -1  1 -3  1  0  2 -4 -3 -2 0 0 1 1 0.28
 0  2 -1 -1 -3  0  2 -2 -1 -2 -1  2 -1 -3  1  0  0 -3 -2  0 1 0 0 1 0.26
-1 -1 -1  1 -3  1  5 -3 -1 -3 -3  0 -2  0 -2  0  2 -3 -2 -2 1 0 0 0 0.23
 4 -2 -1 -2 -1 -1 -1 -1 -2 -2 -3 -1 -2 -3 -2  3  2 -3 -3 -1 1 0 0 0 0.28
-2  4  0 -2 -4  2 -1 -3  5 -1 -1  1 -1 -3 -3 -2 -2 -3 -1 -2 0 0 1 1 0.28
-2 -3 -4 -4 -2 -3 -4 -5 -4  2  4 -3  1 -1 -4 -3 -2 -3 -2  2 0 1 0 0 0.34
 0  2 -1 -1 -3  2  2 -2 -1  0 -1  1 -1 -2 -2 -1  0 -3 -2  1 0 1 0 1 0.33
-1 -3 -4 -4 -2 -3 -4 -4 -4  3  1 -3  2 -1 -3 -3 -1 -4 -2  5 0 1 0 0 0.32
 0 -1 -1  0 -3  1  5 -2  2 -1 -3  0 -2 -3 -2  2 -1 -4 -2 -2 0 1 0 0 0.19
-2 -1 -1  2 -4  1  6 -3 -1 -4 -4  1 -3 -4 -2 -1 -2 -4 -3 -2 0 1 0 1 0.22
-2 -2 -4 -4 -1 -2 -3 -4 -3  1  4 -3  2  0 -3 -3 -1 -2 -1  1 0 0 1 1 0.36
 0 -2  0 -1 -3 -2 -2  6 -2 -4 -4 -2 -3 -3 -2  0 -2 -3 -3 -3 0 0 1 1 0.43
 0  0  0  0 -2  4  1 -1  0 -3 -2  1 -1 -3 -1  3  1 -2 -2 -2 0 0 1 1 0.56
-2  0  6  1 -3  0  0  0  1 -3 -4  0 -2 -3 -2  1  0 -4 -2 -3 0 0 1 1 0.64
-2  0  6  1 -3  0  0  0  1 -3 -4  0 -2 -3 -2  1  0 -4 -2 -3 0 0 1 1 0.72
