-2 -2 -3 -4 -2 -2 -3 -4 -3  1  3 -2  7  0 -3 -2 -1 -2 -2  0 0 0 1 1 0.95
-2 -2  4  5 -4 -1  2 -2 -1 -4 -4 -1 -3 -4 -2 -1  0 -5 -3 -4 0 0 1 1 0.94
-1  0 -2 -3 -2 -1 -2 -3 -2  3  1  1  4  0  2  0 -1 -3 -2  1 0 0 1 0 0.95
 0  1  0  2 -3  2  2 -2  4 -4 -4  0 -2 -4 -2  3 -1 -4 -2 -2 0 0 1 1 0.95
 0  1 -1  0  2  0  0 -2  0 -3 -3  2 -1 -3  5  0 -1 -3  1 -3 0 0 1 1 0.96
-1  0  4  3 -3  0  1  1  0 -2 -3  1 -1 -4 -2  0  1 -4 -3 -3 0 0 1 1 0.95
 0 -1 -2 -3 -1 -1 -3 -1  0  2  0 -2  1  3 -2 -1 -1 -1  3  1 0 0 1 1 0.96
-1 -1 -1  0 -2 -2 -1 -2  0 -3 -4  1 -3 -4  6  2  1 -4 -2 -3 0 0 1 1 0.98
 0 -2  0 -1 -1 -1 -1 -1 -2 -1  0 -1  1 -1  1  1  3 -3 -2  0 0 0 1 1 0.97
-1 -1 -1 -2 -3  1  1 -2 -2 -2 -2  0 -1 -2  5  1 -1 -3 -2 -2 0 0 1 1 0.98
 1  2 -2  0 -2  0 -1 -2  0 -1 -1  0 -1 -2  4  0  0 -3 -2  1 0 0 1 1 0.98
 1 -1  1 -1 -2  1  0  1  0 -1  0 -1 -1 -1 -1  1  2 -3 -2  0 0 0 1 1 0.98
 1 -1  0  0 -1 -1 -1 -1 -2 -1 -1  0  0 -2  3  2  1 -2 -1  0 0 0 1 1 0.97
 0  0  0 -1  0  0 -1 -1  2  0  0  0  1 -1  3  0 -1 -2 -1  0 0 0 1 1 0.95
 1 -1  1  1 -2  1  0  1 -1 -2 -2  0 -1 -3  2  2  1 -3 -3 -2 0 0 1 1 0.94
-2  2 -1 -3 -4 -2 -3  5  2 -5 -5 -2 -4 -5 -4  1 -2 -4 -4 -4 0 0 1 1 0.94
 0 -1  1 -2 -2  2  0  0  5 -2 -2 -1 -2 -2 -1  1 -1 -3  0 -1 0 0 1 1 0.91
 0 -1  0 -2 -3 -2 -1  4  2 -3 -3  0 -3 -4 -3  3 -1 -4 -3 -2 0 1 0 1 0.89
-1  1  0 -2  3 -1  0  4 -2 -3 -1  0 -2 -3 -3  1  0 -3 -3 -3 0 0 1 1 0.89
-2 -1 -3 -4 -2  0 -3 -4 -3  2  0 -3  1 -2  1 -2  2 -4 -3  4 0 1 0 1 0.83
-3 -3  8 -1 -5 -2 -2 -3 -2 -5 -6  0 -4 -5 -3  2 -2 -6 -4 -5 0 0 1 0 0.82
 1  1 -2 -3  3  7 -1 -3 -2 -4 -3 -1 -3 -5 -3  0  0 -4 -4 -4 0 0 1 1 0.84
-1 -3 -4 -4 -3 -3 -1 -5  1 -1  5 -4  0 -1 -4 -3  0 -3  2  0 0 0 1 0 0.84
 1 -1 -3 -3 -4 -3 -4  6 -4 -5 -5 -3 -4 -5 -4  0 -3 -5 -5 -5 0 0 1 1 0.80
-2  3 -3 -3 -5 -3 -1  6 -4 -6 -6 -3 -5 -5 -4  0 -3 -5 -5 -5 0 0 1 0 0.78
 0 -3 -3 -3 -1 -2 -2 -3 -3  1  1 -2  1 -2  2  0  0 -4 -3  3 0 1 0 1 0.77
-4 -4 -4 -5 -4 -4 -4 -5 -2 -3 -2 -4 -3  7 -5  0 -4 -1  6 -3 0 0 1 1 0.74
 0 -2 -1 -1  0 -2 -2  0 -3  3  0 -2 -1 -2 -1  0  1 -4 -2  3 0 0 1 1 0.70
-1 -3  7 -1 -4 -2 -3 -2 -2 -5 -5 -3 -4 -5  3  1 -2 -5 -4 -5 0 0 1 1 0.66
-1 -5 -3 -4 -5 -5 -5  7 -5 -7 -6 -4 -5 -6 -5 -1 -4 -5 -6 -6 0 0 1 1 0.61
-4  7  2 -4 -6 -2 -3 -5  2 -6 -2  0 -4 -5 -5 -3 -2 -6 -4 -5 0 0 1 1 0.51
-4 -5  0 -4 -5 -4 -1 -2 -5 -5  0 -4 -4 -6  8 -4 -4 -6 -5 -5 0 0 1 1 0.45
-4 -5 -5 -5 -4 -4 -5 -6 -5 -1  6 -5 -1 -2 -5 -2 -1 -4 -4 -2 0 0 1 0 0.43
 0 -3 -4 -4  0 -4 -4 -2 -5 -4 -3 -4 -5 -6  7  2 -1 -6 -5 -5 0 0 1 1 0.39
-2 -2  3  4 -3 -1  1 -1 -1  1  0 -2  1 -2 -2 -1  0 -4 -2 -1 1 0 0 1 0.35
 0 -1 -1  1  2  0  0 -2  4 -1 -1 -1  0 -1  0  2 -1 -3  1 -1 1 0 0 1 0.32
-2 -2  0  0 -3 -1  0 -4 -3  3  1  0  1 -2 -3  0  3 -4 -3  2 1 0 0 0 0.29
-4  7 -3 -4 -6  2 -3 -5  1 -5  0 -1 -3 -5 -5 -1 -4 -5 -4 -4 1 0 0 0 0.28
-1  3 -2 -3 -2  5  0 -3  3 -3  0  1 -1 -3 -4 -2 -1 -1  0 -2 1 0 0 1 0.25
-1  4 -1  2 -4  3  1 -1  0 -4 -3  3 -3 -4 -3 -1 -2 -4 -1 -4 1 0 0 1 0.23
-3 -4 -4 -5 -3 -4 -5 -5 -5  6  1 -4  3  0 -4 -3  2 -4 -3  1 1 0 0 0 0.22
-2 -4 -4 -5 -3 -4 -4  0 -5  4  2 -4 -1 -2 -4 -3 -2 -4 -3  5 1 0 0 0 0.21
-1  1 -1  1 -4  2  5 -2  0 -1 -2  2 -3 -4 -3  0 -1 -4 -3 -3 1 0 0 1 0.20
-2 -3 -3 -4  3  0 -3 -4 -3  0  4 -3  4  1  0 -1 -2 -3 -2 -1 1 0 0 0 0.20
 4  0 -3 -4 -3 -3 -3 -3  3 -3  0 -3 -3  2 -3  1  0 -3  3 -3 1 0 0 0 0.22
 0  0  0  0 -2  1  0  0  1  0  0  0  1  0  1  0  0 -3 -1  0 1 0 0 1 0.23
 0  1  0  0  1  2  2  0  2 -1 -1  0  0 -1 -3  0  1 -3  0 -1 0 0 1 1 0.26
 0 -1  1 -1 -2  0  1  1  3 -1  0  1 -1 -1 -2 -1 -1 -2  2  0 0 0 1 1 0.29
 0  2  2 -2  1 -1 -2 -2  1  1 -1 -1  1  1 -3  0  0  2  0  1 0 0 1 1 0.31
-2  5 -2 -3 -4 -1 -2 -1  4 -4 -4  2 -3 -4 -1  2  0 -4 -3 -4 0 0 1 1 0.32
 0 -2 -3 -3 -1 -1 -2 -1  1 -2 -1  1 -2 -3  6 -2 -1 -3  1 -1 1 0 0 1 0.21
-1  1  1 -3  8 -2 -3 -3  2 -1 -3 -2 -2 -3 -1  0  0 -3  1  0 1 0 0 1 0.18
 0 -1  0  4 -3  0  2 -2  2 -2 -3 -1 -1 -3  1  1 -1 -3 -1 -1 1 0 0 0 0.18
 0 -3 -3 -4 -3 -3 -3 -4 -3  6  1 -3 -1 -2 -3 -1  0 -3  1  0 1 0 0 0 0.17
 3 -2 -2 -2 -2 -2 -2 -2 -2 -2 -3 -2 -2 -3 -2  4  1 -3 -3  1 1 0 0 0 0.17
 0  4  1 -2 -3  1 -1 -2  4 -3 -3  1 -2 -3 -2  1  1 -3 -2 -2 1 0 0 1 0.15
-2  0  1  0  2  1  0 -3  2  0 -1  0  1 -2  1  0  0  4  1 -2 1 0 0 1 0.13
-1 -3 -3 -3 -2 -2 -3 -3  1  1  2 -3  3  2  2 -2  0 -2 -1  1 1 0 0 1 0.09
 0  1  1 -2  2  1  0  0 -2 -2 -1  1 -2  1  1  0 -1  4 -1 -2 0 0 1 1 0.08
-1  1  1 -1 -2  1 -1  1 -1  1  0 -1  0 -2 -2  1  1 -3 -2  1 0 0 1 0 0.09
 1 -1  1 -1 -2  2 -1 -1  3 -2 -2 -1 -2 -3  1  3  2 -3 -2 -2 0 0 1 1 0.10
 0  1  1 -1 -3  2  0  0  5 -3 -3  1 -2 -2  2 -1 -1 -2  2 -2 1 0 0 1 0.12
 1 -2  1  1 -2 -1 -1  3 -1 -2 -2 -1 -2 -2  0  2  0 -2  1 -2 1 0 0 1 0.09
 2 -2 -2 -2  6 -2 -2 -2  2 -1 -1 -2 -1 -1 -2  0  2 -2  2  1 1 0 0 0 0.07
 0  0 -2 -3 -2 -1 -2 -3 -2  1  2  0  2 -1 -2 -1 -1 -2 -2  2 1 0 0 0 0.05
 0 -2  1  0 -2  0 -1  1 -2 -1 -2 -1 -2 -3  2  2  1 -3 -2  0 1 0 0 1 0.06
-1  1  1  1 -2  1  0  0 -1 -2 -2  3 -2 -3  1  0  1 -3 -2  0 1 0 0 1 0.06
 0 -1 -1  1 -2 -1  0 -2 -2  1  0  0  2  1 -2 -1  0 -2 -1  1 1 0 0 0 0.06
-2 -2 -1 -3  1  0 -1 -1 -3  1  3 -2  1  0  0 -2  0 -2 -2  0 1 0 0 0 0.06
 0  2  0  0  3  0 -1  0 -2 -2 -1  1 -2 -2  0  1  1 -3  0 -1 1 0 0 1 0.06
-1  1  1 -1 -2  1  1 -2  2 -1  0  1 -1 -2 -2  0  1 -3 -1  0 1 0 0 0 0.07
 0 -2  0 -1 -2  1 -2 -2 -1  1  1 -2 -1  2 -2  1  0  3  3  0 1 0 0 1 0.10
-1  3  1 -2 -3  1  0 -3  2 -1 -1 -1 -2  0  1  0 -1  1  2 -1 1 0 0 1 0.12
-1  3  1  0 -4  3  3 -3 -2 -3 -3  0  1 -4 -3 -1  0 -4 -3 -1 1 0 0 1 0.14
 0 -2  0 -2  1 -2 -2 -1  3 -2 -1 -1  0  0  1  1  4 -3  0 -1 1 0 0 1 0.17
 1 -2  1  0 -3 -2  0  4 -3 -3 -2 -1 -3 -4 -3  0  1 -4 -3 -3 0 0 1 1 0.23
 0 -1  0 -1 -2  0  0  1 -2 -1 -1  0 -2 -3  2  2  1  1 -2  0 0 0 1 1 0.21
-1  0 -1 -2  1 -1 -1  0 -2  2  0 -2  0  1  0  0  0 -2  0  1 0 0 1 0 0.26
-1  2  0  0 -3  1  0 -1  1  0 -1  2  0 -3  2  0 -1 -3 -2  0 0 0 1 1 0.35
 0 -3 -3 -3 -4  1 -3  0 -3 -3  0 -3  2  1  6  0 -3 -4 -3 -3 0 0 1 1 0.40
 0  1  2  1 -3  2  1  1  3 -3 -3  1 -2 -3 -2  1 -1 -3 -2 -2 0 0 1 1 0.36
 1 -2  0 -1  2  0 -2  2  0 -1 -1  0  1 -2  0  0  0  4 -2  0 0 0 1 1 0.35
 0 -2  0 -1  1 -1 -1  0  1  1  0 -1  0  0 -2  0  1 -2 -1  1 0 0 1 1 0.41
 0  2  0 -1 -3 -1 -2  3  1 -3 -2  1 -2 -1  0  0  0 -3  1 -3 0 0 1 1 0.41
 1  0  1 -1 -3  1  1  3 -2 -3 -2  0 -2 -3  1  1  1 -3 -3 -2 0 0 1 1 0.41
 1  0  1  0 -2  1 -1  2 -2 -3 -2  1 -2  0  0  1  2 -3 -2 -2 0 0 1 1 0.40
-1  3 -1 -2 -3  0  1  0  3 -3 -3  3 -2 -3  1  0  0 -3 -2 -3 0 0 1 1 0.37
-1  2  1 -1  3 -1 -1  1 -2 -2 -2  1 -2 -3  3  0  1 -3 -2 -1 0 0 1 1 0.37
 0  2  1 -1 -2  2  1 -2  3 -2  0  1 -1 -2 -2  1 -1 -3 -1 -2 0 0 1 1 0.37
-1  3 -1  0  1  0  0 -1  0  0 -1  1  0 -2 -1  0  0 -3  0  1 0 0 1 1 0.36
 1  0  0 -2 -2  0  0  0 -2  0  0  0 -1 -2  1  1  1 -3 -2  0 0 0 1 0 0.27
-1 -2  0  0  1  2 -2 -1 -3 -1 -1 -2  0 -3 -1  1  4 -3 -1  0 0 0 1 1 0.22
-2 -3  1  1  0  1  0 -2  0 -1 -3 -2  0 -5  6  1 -1 -5 -4 -1 1 0 0 1 0.16
 1  2  1  1  0  1  2 -1  0 -2 -2  1 -1 -1  0  1 -1  1 -2 -2 1 0 0 1 0.12
 0 -1 -1 -1 -3 -2  1 -4 -3  2  0 -1 -1 -1 -3 -1  0 -4 -3  4 1 0 0 0 0.08
-1 -3 -1  0  1 -1  2 -4  0  1 -1 -3 -2 -3 -3 -1  0  4 -2  4 1 0 0 1 0.04
-1  2  1  0  0  1  2 -1  1 -2 -2  1  0 -4 -1  1  0 -4 -3 -2 1 0 0 1 0.03
 0  3 -2 -2  0  0 -2 -4  3 -2 -2  4  0  0 -4 -1 -1 -4  2 -3 1 0 0 1 0.02
-4 -5 -5 -5  2 -5 -5 -5  0  7  0 -5  0 -3 -2 -2 -1 -5 -1  1 1 0 0 0 0.01
 1  1 -1  2 -1  2  2 -1  0 -1 -1  1 -1 -3  0 -1 -1 -4 -2  0 1 0 0 1 0.01
-1  1 -1  3 -4  3  3 -2  1 -1 -2  1 -2  0 -3  0 -2 -4 -1 -2 1 0 0 1 0.01
-2 -4 -4 -5  5 -4 -2 -5  0  0  1 -4  1  1 -5 -4 -3  1  7  0 1 0 0 0 0.01
-2  3 -3 -4 -1 -1 -3 -2  2 -2 -3  6 -4 -5 -4 -2 -3 -5 -2 -1 1 0 0 1 0.01
-2  5 -1 -2 -4  2  1 -3  2 -2 -1  2  1 -2 -1 -2 -2 -4 -3 -3 1 0 0 1 0.01
-1  1  0  1  0  2  4 -2  0 -2 -1  0 -1 -4 -3  0 -1 -4 -3 -1 1 0 0 1 0.01
-1  0  5  1  2  1 -1 -2  0 -4 -1  1 -3 -4 -3 -1 -1 -4  0 -2 0 0 1 1 0.02
-2 -4 -1 -1 -5 -3 -3  1  1 -5 -5 -3 -4 -1  7  0 -1 -5 -4 -4 0 0 1 1 0.02
 0 -1  2  0  0  1 -2  3  0 -3 -2  0  1  0 -3  1  1 -3 -2 -1 0 0 1 1 0.02
 1 -2 -2 -2  3 -2 -2  1 -2  1  1 -2  2 -1 -2  1  1 -2 -2  1 0 0 1 0 0.03
-2  1 -1 -1  1 -2 -2 -1 -1  0  0 -1 -1  4 -3  0  0 -1  2  0 0 0 1 1 0.03
 3 -1  0 -2 -2  2 -1  1 -2 -2 -1  0 -2 -3  0  2  0 -3 -2 -2 1 0 0 0 0.03
-1  1 -2  0  1  1 -2 -3  1 -1 -2  0 -2 -1 -3 -1 -2  8  2  1 1 0 0 1 0.03
-2  1 -1  3 -4 -1  4  1 -2 -4 -3 -1 -3 -2 -3 -2 -2  6  2 -3 1 0 0 1 0.03
-1 -2 -2 -2 -2  1  0 -3 -2  4  1 -2  1  0 -2 -1  1 -2 -2  1 1 0 0 0 0.03
-1  1 -1  1  3  1  1  0  2 -2 -1  1 -1 -2 -2  0 -1 -3 -2 -2 1 0 0 1 0.04
-2  1  1  5 -4  0  1 -2  0 -3 -1 -1 -1 -3 -3  0 -2 -3  0 -3 1 0 0 1 0.06
-1  3  0  1  0  1  1 -2 -2 -3 -2  1  0  0 -2  1  0  0 -2 -2 1 0 0 1 0.05
 0 -1 -2 -1 -2  1  1 -2 -2  0  0 -1  2  1  2 -1  1 -2 -1  0 1 0 0 0 0.05
 0  1 -2 -2  1  0  0 -1 -2  1  1 -1  1  0 -2  0  0 -2 -1  1 1 0 0 1 0.06
 0  0  0  0 -2  1  1 -1  0  0 -1  1  0 -2  1  0  0 -3 -2  0 1 0 0 1 0.09
-1  0  0  3 -3  1  3 -1  1 -3 -3  1 -3 -3  1 -1  0 -3 -3 -3 0 0 1 1 0.09
-1  2  2 -1 -1  0 -1  5 -1 -4 -3  0 -3 -4 -3 -1 -1 -4 -4 -4 0 0 1 1 0.10
 0 -3 -3 -2 -2 -2 -1 -3 -2  3  0 -3  1  0 -1 -2  0 -3 -2  3 0 0 1 0 0.10
-2 -4 -4 -2 10 -4 -4 -1 -4 -3 -1 -4  2 -4 -2 -1 -2 -4 -4 -2 0 0 1 0 0.11
-1  0  1  4 -1  0  1 -1 -1 -2 -1  0 -2 -2 -1  0  1 -3 -3 -2 0 0 1 1 0.09
 0  2  1 -1 -3  2  2  0 -1 -3 -2  2 -2 -3  2 -1  0 -3 -3 -2 0 0 1 1 0.09
 0 -1  2  3 -1  0  1  0  0 -3 -2  0 -3 -2 -2  2  0 -3  1 -2 0 0 1 1 0.11
-1 -1  5  0 -1  0  0 -2 -2 -3 -2  2 -1 -4 -3  2  2 -4 -3 -1 0 0 1 1 0.09
 1 -2 -3 -3  1 -3 -3 -1 -3  2  0 -3 -1 -2  1 -2  0 -4 -3  4 0 0 1 0 0.09
-3  0 -4 -4 -5 -4 -4 -4  2 -5 -2 -3 -4 -5  8 -3 -4 -5 -4 -4 0 0 1 0 0.08
-2  0  0 -3 -3 -1 -3 -3 -3 -4 -4 -2 -4 -4 -1  6  1 -5 -4 -4 0 0 1 1 0.06
-2 -3  0 -4 -3 -4 -4 -5 -5  2 -1  0 -2 -3 -4 -3 -1  1 -3  6 1 0 0 1 0.05
-1 -1 -2 -1 -4 -3 -2 -3  3 -5 -2 -3 -3 -2 -2  6 -2 -5  0 -3 1 0 0 1 0.05
 0 -3 -2 -2 -1  0 -3 -3 -4 -3 -4 -3 -2 -5 -3  6  1 -2 -4 -4 1 0 0 0 0.08
-4 -5 -2 -5 -4 -5 -5 -6 -5  7  0 -5  0 -1 -5 -5 -3 -5 -4  2 1 0 0 0 0.08
-3  0  6  3 -4 -2 -1 -3  0 -5 -5  0 -4 -5 -4  3 -2 -5 -2 -4 1 0 0 1 0.11
-4  7 -2 -4 -1  0  0  0  0 -6 -4  0 -4 -5 -5 -2 -4 -5 -1 -5 1 0 0 1 0.13
-2 -2 -5 -5 -3 -4 -5 -3 -3  5  1 -4  0 -2 -2 -4 -2 -4  0  4 1 0 0 0 0.16
-2 -4 -5 -6 -3 -4 -5 -6 -5  3  5 -4  2  0 -2 -4 -3 -4 -3  1 1 0 0 1 0.14
-2  7 -3 -2 -6  0 -2 -1 -3 -5 -5  1 -4 -5 -2 -1 -3 -5 -4 -4 1 0 0 1 0.18
 1 -2  4  1 -2 -2 -2  0 -1  0 -3 -1 -3 -4 -3  2  3 -4 -3 -2 0 0 1 1 0.30
-2  4 -2  0 -3  0  0 -3 -2 -3  0  5 -2 -2 -1 -2 -2 -4 -3 -3 0 0 1 1 0.39
 2 -2 -2  0 -2 -2 -1 -2 -2  1  1 -2  0  2 -3  0  0 -3 -1  1 0 0 1 1 0.42
 2 -1  0 -1 -3  2  1  1  1 -2 -2  1 -1 -2 -1  2  0 -3 -2 -2 0 0 1 1 0.58
-2  1 -1 -1 -5  5  4 -3  3 -4 -3  2 -3 -4 -2 -1 -1 -4 -3 -4 0 0 1 1 0.71
-1  1 -1  0 -4 -1 -1 -1  0 -4 -2  4 -3 -4  4  1  1 -4 -3 -3 0 0 1 1 0.68
 0 -2 -1  3 -3  2  4 -2 -2 -4 -4 -1 -3 -1  4 -1 -2 -4 -3 -3 0 0 1 1 0.79
-1  0  2  3 -3  3  1 -1 -1 -3 -3  1 -2 -4 -2  0  1 -4 -3 -3 0 0 1 1 0.85
-2  1 -1  0 -4  6  4 -3 -1 -4 -3  2 -2 -4 -2 -1 -2 -3 -3 -3 0 0 1 1 0.87
