-2 -3 -4 -4 -2 -3 -4 -4 -4  2  4 -3  1  2 -4 -3 -2 -2 -1  1 0 0 1 1 0.86
-2  2 -1 -1 -4  1  2 -3  4 -4 -3  4 -2 -4 -2 -1  0 -4 -2 -3 0 0 1 1 0.83
 1  7 -2 -3 -5  0  0 -3 -2 -4 -4  2 -3 -5 -3 -2 -2 -5 -4 -4 0 0 1 1 0.78
 0 -1 -2  1 -2 -1  4  3 -2 -4 -2 -1 -2  0 -3  0 -2 -3 -1 -3 0 0 1 1 0.75
-1  5 -1 -1 -3 -1 -2 -1 -1  1 -3  0 -1 -4 -3  2  0 -4 -3 -2 0 0 1 1 0.63
-1 -3 -1  5 -4 -1  2 -1 -3 -4 -2 -2  0 -4  0  4 -1 -5 -4 -2 0 0 1 1 0.38
 2 -3 -3 -2 -3 -2 -2 -3 -1 -2  2 -2  2  0 -1 -2 -1  2  5 -1 1 0 0 1 0.22
-2  2 -2  0 -4  2  3 -3  4 -1  0 -1 -2 -1 -2 -1 -1 -3 -1  0 1 0 0 1 0.24
-1  1  2 -1 -4  3 -1 -3  4 -2 -4  5 -3 -4 -3 -1 -1 -4 -2 -2 1 0 0 0 0.26
-1  0  2  2 -4  3  1 -2  5 -4 -4  1 -3 -4 -3  2 -2 -4 -2 -4 1 0 0 1 0.27
-2  0  1 -1 -4  1  3 -3  7 -4 -4  3 -3 -2 -1  0 -2 -4 -1 -4 1 0 0 1 0.28
-1 -3 -1 -3 -2 -3 -3 -4 -3  3  2 -3  0 -2 -3 -1  1 -4 -2  4 1 0 0 0 0.20
 2 -6 -6 -6 11 -6 -6 -2 -6 -1 -4 -6 -4 -5 -5 -3 -4 -5 -5 -3 1 0 0 0 0.15
 1  1 -1  0 -3  1  1  1  4 -4 -3  1 -3 -1 -3  0  0 -3  0 -3 1 0 0 1 0.10
 1  2 -3 -1 -3 -2  1 -3 -3  3  0 -2  1 -2 -3 -1 -1 -4 -3  2 1 0 0 1 0.09
-1 -2 -4 -4 -3 -3 -4  0 -3  0  3 -2  2  4 -4 -2 -2 -2  3 -1 1 0 0 0 0.09
 0  2  2 -1 -4  3 -1 -2 -1 -1 -1  3 -1 -1 -3  0  0 -4 -3 -3 1 0 0 1 0.07
-1  0  2  2  0  1  1 -2 -1 -3 -2  4 -1 -3 -3  0  0 -4 -3 -3 1 0 0 1 0.05
-3 -4 -5 -5 -4 -4 -5 -5  0  1  3 -4  1  6 -5 -4 -3 -2  1  0 1 0 0 1 0.04
-2 -2  1 -2 -4 -2 -2  6 -3  0 -3 -1 -4 -4 -1  0 -2 -4 -4 -4 0 0 1 1 0.04
-1  0 -1  1 -4  0  4 -3 -1 -2 -3  3 -3 -4  2 -1  0 -4 -3 -2 1 0 0 1 0.04
-1  2  0  3 -4  1  3 -2 -2 -2 -3  2  0 -4 -1 -1 -1 -4 -1 -2 1 0 0 1 0.05
 0 -1  4  2 -3 -1  0 -2  2 -2 -2  0 -1 -3 -3 -1  1 -4  0 -1 1 0 0 1 0.05
-1 -4 -4 -5 -3 -4 -4 -5 -3  0  3 -4  1  6 -5 -3 -2 -2  1  1 1 0 0 0 0.04
-1  3  0 -2 -3  2  0 -1  2 -2 -1  3  0 -2 -2  0  0 -3 -2 -1 1 0 0 1 0.05
 2 -2  1  2 -3 -2 -1  2 -2 -3 -3 -1 -2 -1 -2  2  0 -3  0 -2 1 0 0 0 0.05
-2  0 -3 -4 -3 -3 -2 -2 -4  3  4 -3  2 -1 -4 -2 -1  3 -2  1 1 0 0 0 0.06
 2 -2 -1 -2 -2 -2 -1 -2 -1  0  0  0  0 -1 -2  1  2 -3 -1  1 1 0 0 0 0.06
-2 -3 -3 -4  0 -3 -3 -4 -3  2  3 -3  3  1 -3 -1  1 -3 -2  1 1 0 0 0 0.08
 1 -4 -4 -4 -2 -3 -4 -4 -4  5  0 -3  1 -2 -3 -2  0 -4 -1  4 1 0 0 0 0.09
 0  1 -2 -1 -2  0 -2 -2 -2  0  1  1  3  1 -2 -1  1 -2 -1  0 1 0 0 1 0.10
-3 -3 -1 -4 -3 -3 -4 -4  0  0  1 -4  0  6 -4 -3 -2 -1  4  2 1 0 0 0 0.12
 4 -3 -2 -2 -2 -2 -2 -2 -3 -3 -3 -2 -3 -4 -2  4  2 -4 -3 -1 1 0 0 0 0.12
-2  3 -2 -2 -4  7  0 -3 -1 -4 -4  2 -2 -4 -3 -2 -2 -4 -3 -4 1 0 0 0 0.12
-2  0  0 -1 -3 -1 -1 -3  1 -2 -1  4  1  4 -3 -1 -1 -1  4 -2 1 0 0 1 0.12
-1 -3 -4 -4 -2 -2 -3 -4 -3  1  3 -3  1  4 -3 -3 -2 -1  1  2 0 0 1 0 0.15
-2  0 -2 -2 -1  5  0 -2  0 -4 -4 -1 -3 -4  5  0 -1 -4 -3 -3 0 0 1 0 0.12
-2  1  1  1 -4  2  2  0 -1 -4 -3  4 -2 -4 -2  0 -1 -4 -3 -3 0 0 1 1 0.13
 4 -3 -1 -3  6 -2 -3  0 -3 -1 -1 -2 -2 -3 -3  1 -1 -4 -3  0 0 0 1 0 0.18
 0 -2  1  1 -3 -1  0 -1  1 -3 -3 -2 -3 -4  3  2  4 -4 -3 -2 0 0 1 1 0.13
-3  1 -3 -4 -4 -2 -1 -4  2 -2  0 -1 -2  5 -4 -1  0 -1  5 -2 1 0 0 1 0.11
 0 -1 -1  2 -4  1  4 -1  2 -3 -3  0 -1  1  1 -1 -1 -3 -2 -3 1 0 0 1 0.12
-2 -2 -1  2 -4  2  5 -1 -2 -3 -4  0 -3 -4 -3 -1  1 -4 -3  0 1 0 0 1 0.12
-1 -3 -3 -4 -2  1 -3 -4  2  3  3 -3  2 -1 -3 -3 -2 -3 -2  3 1 0 0 0 0.10
 0 -1  1 -1 -3  1  1 -2  2  0  0  0  0 -3 -3  1  0 -4 -2  1 1 0 0 1 0.08
-1  0 -1  0  0  2  1 -2  1 -1 -3  4  2 -4 -1 -1  0 -4 -3 -3 1 0 0 0 0.06
-1 -1 -4 -4 -3 -1 -4 -4 -4  2  4 -3  3 -2 -4 -2 -1 -4 -3  2 1 0 0 0 0.05
 1 -3 -3 -4 -3 -1 -3 -1 -4  1 -1 -3  1 -3 -3  1  2 -4 -3  5 1 0 0 0 0.04
 0  1  2  1 -4  2  2 -3  2 -3 -2  3 -1 -4 -3  0  0 -4 -3 -3 1 0 0 1 0.05
 0  0  1  4 -4  1  3 -2  1 -2 -4  2 -3 -4 -3 -1 -1 -4 -3 -2 1 0 0 0 0.04
-1 -4 -5 -5 -3 -4 -4 -5 -4  4  2 -4  5  1 -4 -4 -2 -4 -2  4 1 0 0 0 0.03
 1 -3 -2 -4 -2 -3 -3 -2  0  1  2 -2  2 -2 -3 -1  3 -4 -3  3 1 0 0 0 0.03
 1 -2 -1  3 -3  0  2 -1  2 -3 -2  1 -3 -4 -1  2  1 -4 -3 -3 1 0 0 1 0.03
 0 -4 -2 -2 -3 -3 -4 -4 -3  2  3 -3  1  2 -4 -2 -2 -2  3  2 1 0 0 0 0.03
 3  0 -1 -3 -3 -1 -2  0  3  1 -1  1  0 -1 -3  0  1 -3  0  0 1 0 0 0 0.03
-2  0  0  3 -5  1  4 -1  0 -4 -4  3 -3 -5 -3  0  0 -5 -4 -3 1 0 0 1 0.08
 0  1  0  0 -3  1  2 -1 -1 -3 -2  4 -2 -4 -2  0  1 -4 -3 -2 1 0 0 1 0.11
-3 -2 -1 -5 11 -5 -5 -5 -5 -4 -3 -5 -4 -5  2 -2 -4 -5 -5 -4 1 0 0 0 0.14
 0 -3 -1 -3  8 -3 -1 -2 -3 -1 -1  0  0 -3 -3  0  2 -1 -3  0 1 0 0 1 0.14
 3  0  0  0 -2 -1 -1  2 -2 -2 -1  1 -2 -3 -2  1 -1 -3 -2 -1 0 0 1 1 0.16
-2  0  2  4 -4  0  2  0  4 -4 -4  0 -3 -4 -2  0 -2 -4 -3 -2 0 0 1 1 0.15
 0  0  0  1 -4  0  4  3 -2 -4 -3 -1  0 -4  0  0 -2 -4 -3 -2 0 0 1 1 0.16
 1  0  0  2  1  2  0 -2  0 -2 -2  1 -1 -3  0  1  1 -1 -2 -2 0 0 1 1 0.23
 1 -1  0  1 -2 -1  0 -1  1 -2  0 -1  0 -2  3  1  0  1 -2 -1 0 0 1 1 0.17
 1 -2 -2 -2 -3 -1  1 -1 -3 -2  0 -1  0 -3  5  1 -1 -4 -3 -1 0 0 1 1 0.17
 0 -2  3  3 -4  0  4  1 -1 -4 -4 -1 -3 -4  0  0 -1 -4 -3 -3 0 0 1 1 0.16
-3 -5 -5 -5 11 -5 -6 -5 -5 -4 -4 -5 -4 -5 -5  0 -4 -5 -5 -4 1 0 0 0 0.18
 0 -1 -2  0  0 -2 -1  0 -2 -1  2 -1  0  1 -2  1 -1  2  3 -1 1 0 0 0 0.16
-1  0 -1  3 -5  1  3 -3  3 -4 -1  4 -1 -2 -3 -2 -2 -4 -1 -4 1 0 0 1 0.18
-2  0  2  2 -3  1  1 -1  0 -2 -1  1 -2 -4  2  1  1 -4 -3 -3 1 0 0 1 0.26
 0  3 -1 -3 -3  2  1 -1 -2  0  2  0 -1 -2 -1 -2 -1 -3  0 -1 1 0 0 1 0.30
 1  0  1 -1 -3 -2 -1 -1  3  0  1 -2  3 -2 -1 -1  1 -4 -2  0 1 0 0 1 0.22
 0 -2  0  2 -3  0  1 -2  1 -2 -4  0 -3 -4  1  2  3  0 -1 -3 1 0 0 1 0.19
 2 -3 -3 -2 -2 -2  1 -3 -3  2  2 -2 -1 -1 -3 -2  1 -3 -2  2 1 0 0 1 0.16
-2 -4 -5 -5 -4 -4 -5 -5  0  2  3 -4  2  6 -5 -3 -3 -2  1 -1 1 0 0 0 0.07
-1 -3 -2 -3 -3  1 -2  1  2  0  3 -2  0 -1 -3  2  0 -3  0 -1 1 0 0 1 0.07
 0 -1  1  5 -4 -1  3 -1 -2 -2 -4  0 -4 -4 -3 -1 -2 -5 -1 -1 1 0 0 1 0.06
-1  1  0  0 -4  0  3 -3  3 -2 -3  4  0 -1 -3 -2 -1 -3  2 -2 1 0 0 1 0.06
-3 -4 -4 -5 -3 -4 -4 -5 -5  5  3 -4  4 -2 -4  1 -1 -4 -3  1 0 0 1 0 0.05
-4 -8 -7 -8 12 -7 -8 -7 -7 -5 -5 -7 -5 -6 -7 -5 -5 -6 -6 -5 0 0 1 0 0.05
 1  1  1  1 -3  0  2 -1  4 -2 -3  1 -3 -4 -2  1  0 -4 -2 -2 0 0 1 1 0.06
-1  1  2  2 -3  0  1 -2  0 -1 -1  1  1 -3  0  0 -1 -4 -2  0 0 0 1 1 0.08
-1 -1 -1  2 -5  4  3 -4  2 -4 -4  2 -1 -5  2 -2 -2 -5 -2 -3 0 0 1 1 0.09
 1 -1  1  2 -4 -1  3  2 -2 -4 -4  0 -3 -4 -3  2  0 -4 -4 -3 0 0 1 0 0.12
-1 -2 -1 -2 -2 -2 -2 -2 -3  2  2 -1  2 -1  3 -1  0  2 -2  1 0 0 1 1 0.07
 0  1 -1 -2 -2 -2 -2 -1 -1  0  2 -1 -1  3 -2  0  0 -2  0  0 0 0 1 0 0.06
-1 -3 -2  2 -4 -1  2 -2 -3 -4 -4 -2 -4 -5  5  3 -1 -5 -4 -1 0 0 1 0 0.06
-1  0  2 -1 -3  1  0 -1 -1 -1 -2  3 -2 -3 -2  1  0 -4 -3  1 0 0 1 1 0.05
-3 -1  2 -3 -5 -1 -2 -4  6 -4 -2  4 -3 -2 -4 -2 -3 -3  5 -2 0 0 1 0 0.04
 0 -2 -1  0 -1 -1  0  1  2 -2 -2 -1 -2 -2  4  0 -2 -2  3 -1 0 0 1 1 0.03
-1  0  2  1 -3  0  2  4 -2 -3 -3  1 -1 -1 -2 -1 -2  4 -2 -3 0 0 1 1 0.04
-3 -4 -4 -4 -3 -3 -4 -5  0  2  2 -4  3  4 -4 -1  2 -3  0  2 1 0 0 0 0.04
 3 -2 -1 -2 -3 -1  0 -1 -1 -4 -4  1 -3 -4 -1  3  2 -4 -2 -3 1 0 0 1 0.02
-1  1 -1  5 -5  1  3 -2  4 -5 -5  1 -2 -5 -3 -2 -3 -5 -2 -4 1 0 0 1 0.03
-4 -8 -7 -8 12 -7 -8 -7 -7 -5 -5 -7 -5 -6 -7 -5 -5 -6 -6 -5 1 0 0 0 0.03
-4 -8 -7 -8 12 -7 -8 -7 -7 -5 -5 -7 -5 -6 -7 -5 -5 -6 -6 -5 0 0 1 0 0.04
 2 -1  2  1 -3  0  1  0 -1 -3 -3  1 -3 -4 -3  2  1 -4 -3 -2 0 0 1 1 0.04
-3  1 -2  0 -5  3  0 -3  1  0 -1  5  0 -3 -3 -2 -2 -5 -3 -2 0 0 1 1 0.04
 0 -1  1  0 -3  2  2 -1 -1 -2 -2  1 -2 -4  2  2  0 -4 -3 -1 0 0 1 1 0.04
-1 -3  1  3 -4 -2  2  3 -2 -2 -2 -2 -3 -3 -3 -1  0 -4  2 -2 1 0 0 1 0.03
 0 -1 -3 -2 -3 -2  0 -3 -2 -1  2 -1  0  0  5  0  0 -4 -3  0 1 0 0 1 0.04
 1 -3  0  2 -5 -1  6 -3 -1 -5 -5 -1 -1 -1 -3 -2 -3 -5 -1 -3 1 0 0 1 0.04
-4  8 -4 -5 -6 -1 -3 -5 -3 -3 -3  1 -4 -6 -5 -2 -4 -6 -5 -3 1 0 0 0 0.05
 0  2  3 -2 -4 -1 -1  0  4 -1 -1  2 -2  0 -2  0 -1 -4 -2 -3 1 0 0 1 0.06
-2  1 -1 -1 -4  2  2 -3  1 -1  1  2 -1 -3  2 -2 -2 -4 -1  0 1 0 0 1 0.08
-4 -8 -7 -8 12 -7 -8 -7 -7 -5 -5 -7 -5 -6 -7 -5 -5 -6 -6 -5 1 0 0 0 0.11
-3 -5 -5 -6 -4 -5 -5 -6 -4  2  2 -5  4  7 -6 -4 -1 -2 -1 -1 1 0 0 0 0.07
 1 -1 -2 -1 -3 -2 -2 -3 -3  1  3 -2  0  2 -2 -1  0 -3  1  0 1 0 0 0 0.12
 3 -2 -2  0 -3  1  1 -2  2 -3 -1 -1 -2  0 -2  1  0 -3  1 -2 1 0 0 1 0.13
-2  1  1 -3 -4 -2 -3 -4  7  0  2 -3  3  0 -4 -2 -3 -3  1  0 0 0 1 0 0.11
-3  2 -2 -1 -5  0  2 -2  0 -5 -5  6 -2 -5  1 -1 -2 -5 -4 -3 0 0 1 1 0.09
 0  1  3  2 -4  0  0 -1  4 -2 -4  3 -2 -4 -1 -1 -1 -4 -1 -2 0 0 1 1 0.09
 2  0 -1  5 -4  1  0 -1  0 -4 -3  0 -3 -4  2  0 -2 -5 -4 -2 0 0 1 1 0.09
-1 -3  3  3 -4  0  1 -2  0 -4 -5 -1 -4 -5  5  0  0 -5 -4 -3 0 0 1 0 0.08
 2  0 -2  1 -3  0  0 -3  0  0 -1  1 -2 -3  3 -1  0 -4 -3  1 0 0 1 1 0.07
-1 -2  1  3 -4 -1  2  3 -2 -3 -2 -2 -3  1 -3  1 -1 -3  1 -3 0 0 1 0 0.12
-2 -1 -3 -1 -1 -3 -1 -4  1  1  2 -2  1  4 -4 -2 -2 -2  1  2 0 0 1 1 0.11
-2 -2 -3  0 -4 -1 -1 -2  0 -2 -1 -3 -3 -2  6  1  0 -5 -4 -2 0 0 1 1 0.09
-1 -2 -1  1 -4 -1  1 -4  0 -4 -1  0 -3 -5  5  0  2 -5 -4 -3 0 0 1 1 0.08
-2 -2 -3 -4 -4 -3 -1 -2  1 -1  1 -2  0  5  2 -1 -2 -2  4 -1 0 0 1 0 0.07
 0 -1 -3 -3 -3  3 -1 -4  0  0  1  0  0  0  1 -2 -1 -3 -1  2 0 0 1 1 0.07
-1  3 -2  0 -3  0  2 -3  0  1 -2  1 -1  0 -1  0  0 -3 -1 -1 0 0 1 1 0.07
-1 -5 -2 -4 -1 -4 -4 -5 -5 -1  1 -4 -3 -1  7 -2  0 -6 -5 -1 0 0 1 1 0.08
-1 -1  2  3  1 -1  4 -2 -2 -4 -3  0 -3 -5 -1  1  1 -5 -4 -4 0 0 1 1 0.09
 1 -3  2  1 -4 -2 -2  0 -3 -2 -2 -1 -2 -4  5  1 -1 -5 -4 -2 1 0 0 1 0.10
-1 -2 -1  4 -5  0  5 -4  0 -3 -4  1 -4 -5 -2 -1 -1 -5 -4 -1 1 0 0 1 0.10
 0  1 -2  1 -4  2  4 -1  0 -3 -2  1 -2 -2 -3  0  0 -4 -3  0 1 0 0 1 0.12
 0 -2 -2 -1 -2  0 -2 -2 -2  3  1  0  2 -2 -3  0  0 -4 -2  2 1 0 0 0 0.17
-4 -7 -6 -7 11 -7 -7 -6 -7 -5 -2 -7 -5  0 -6 -4 -4 -6 -5 -4 1 0 0 0 0.15
 0 -1  1  0 -4  3  3 -2 -2 -4 -4  4 -3 -5 -2  0  1 -5 -4 -4 1 0 0 1 0.23
 3 -1  1  0 -2  1  0 -2  0 -2  0  0  2 -3 -2  1  0 -4 -3 -1 1 0 0 1 0.20
-2 -4 -1  0 -4 -2 -3 -3  2 -3 -2 -4 -3  6 -1 -1 -3 -1  6 -3 1 0 0 0 0.21
 1  1  0 -1 -4  2  2 -2  2 -4 -4  4 -3 -4 -1  1 -1 -4 -3 -3 1 0 0 1 0.16
-1 -1  1  3 -5  0  5 -1 -2 -5 -5  2 -2 -5 -1  0 -2 -5 -4 -4 1 0 0 1 0.19
-1 -2  5  4 -5 -2  2 -1  2 -4 -2  0 -4 -3 -4  0 -2 -5 -3 -4 0 0 1 1 0.20
-2  3  0 -1 -5  2  2 -1  1 -4 -2  2 -3 -5  4 -1 -2 -5 -3 -4 1 0 0 1 0.17
-1  0  0  2 -4  3  3 -2  0 -2 -1  2 -1  0 -3 -1 -1 -4 -3  1 1 0 0 1 0.19
 0  0  0  1 -2  1  1 -1 -1 -2  1  0  0 -2  0  1  1 -3 -2 -1 1 0 0 1 0.18
-1 -4 -4 -5 -4 -4 -2 -1 -1 -1  1 -1 -2  6 -5 -1 -3 -2  1  2 1 0 0 0 0.18
 1 -1 -2 -3 -3  0  0 -2 -3 -1  2  3  3  0 -1 -1 -2  1 -2 -1 1 0 0 0 0.13
 0  1  3  1 -3  2  1  2  0 -3 -2  0  1 -4 -3  0 -1 -4 -3 -2 1 0 0 1 0.11
-2  4  0 -3 -4  3  0 -4  3 -4 -2  3 -1 -2 -3 -1  0 -4  1 -2 1 0 0 1 0.10
 0 -2 -3 -3  1 -2 -2 -3 -1  0  1 -2  1  4 -3 -2 -1  0  4  0 1 0 0 0 0.07
 0 -2 -2 -3 -1 -2 -2 -2 -2  2  3 -2  3 -1 -2  0  1 -2 -1  1 1 0 0 0 0.07
 0 -2 -2 -3 -2 -2 -2 -3  3  0 -1 -2 -1  3 -3  0 -1  4  6  0 1 0 0 0 0.08
-1 -2  1  1 -4  0  6 -1 -2 -4 -4  0 -1 -4 -3 -1 -1 -4 -4 -1 1 0 0 0 0.07
-2 -3 -3 -4 -3 -3 -2 -4 -2  2  1 -3  0  2 -3 -3 -1 -1  5  3 1 0 0 0 0.08
 4 -3 -2 -2 -2 -2 -2  1 -3 -1 -3 -2 -2 -3 -2  4 -1 -4 -3  0 1 0 0 0 0.10
-2  6  0 -3 -4  0 -2 -3 -2 -1 -3  2 -3 -4 -3  1 -1 -4 -3 -3 1 0 0 0 0.09
-2  6  2 -1 -4  1 -1 -2  1 -4 -4  1 -3 -4 -3  0  0 -4 -3 -3 1 0 0 0 0.08
-3 -2  3 -2 -4 -1 -2 -3  8 -3 -3  1 -3  1 -3 -1 -3 -2  4 -3 0 0 1 0 0.11
-1 -1 -3 -3 -4  0 -3  1 -3 -4 -4 -2 -3 -4  7 -1  1 -4 -4 -3 0 0 1 0 0.11
-2 -1  0  1 -3  3  0 -3  2 -2 -2  1 -1  4 -3 -2 -1 -1  3 -2 0 0 1 0 0.09
 2 -3 -3 -3 -2 -2 -3 -2 -3  1  2 -2  2  2 -3 -1  1 -2  0  1 0 0 1 0 0.10
 0 -3 -3 -3 -3 -1 -2 -3  0 -1 -2 -2 -2  2  4  1  0 -1  5 -2 0 0 1 0 0.09
 2 -2 -2 -2 -2 -1  1  0 -2 -1  1 -2  1 -1  2  0  0 -3 -2  1 1 0 0 0 0.08
-1 -2 -2  0 -3  0  1  0 -1 -3 -2 -2 -2 -2  6 -1 -1 -4 -3  0 1 0 0 1 0.06
 1 -2 -2 -2 -2  2  1 -2 -2  0  1 -1  0  0 -1  0  2 -3 -2  1 1 0 0 0 0.04
-1 -3 -4 -4  0 -3 -3 -4 -3  3  3 -3  2  1 -1 -3 -2 -3 -2  2 1 0 0 0 0.03
-2  0 -3 -3 -3 -1 -3 -4  0  0  4  0  0  1 -3 -1 -2 -2  0  1 1 0 0 0 0.03
 0  1  1  0 -2 -1 -1  0 -1 -1 -1  1 -2 -1 -2  2  2 -2  1 -1 1 0 0 1 0.03
-1 -3 -3 -3 -2 -2 -3 -2  0  2  2 -3  1  2 -3  0  0  1  3  2 1 0 0 0 0.03
 3 -2 -2 -3  2 -1 -2 -1 -3  0 -1 -2  0 -3 -2  1  3 -3 -3  0 1 0 0 0 0.03
 2  0 -1  0 -3  2  2 -1 -1 -1 -2  3 -2 -2 -2  0  0  2 -1 -1 1 0 0 1 0.04
-1  1  0  0  1  1  1  1  2 -1 -2  1 -2 -3  0  0  0 -2 -2 -2 1 0 0 1 0.06
-3 -3 -4 -4  3  0 -3 -4  3 -1 -1 -3 -3  4 -1 -3 -1  4  7 -3 1 0 0 0 0.06
-1  0  0  1  3  1  2 -1  0 -1  1  1  1 -2 -2  0 -1 -3 -2  0 1 0 0 0 0.07
 1  1  0  2 -3  0  2 -1  0 -2 -2  2 -2 -3  1  0  0 -4 -3 -2 1 0 0 1 0.08
 2 -2 -3 -2 -2 -2 -2 -1 -3  2  1  0  4 -1 -3 -1  0 -3 -2  2 1 0 0 0 0.09
 0 -3 -3 -4  0 -3 -3 -3 -3  3  2 -2  3  1 -3 -2 -1 -3 -2  2 1 0 0 0 0.09
 0  0 -1  1 -3  1  1  0  1 -2 -2  2 -2 -1  1  0  2 -3 -2 -2 1 0 0 1 0.11
-1  1  0  1 -3  0  2 -2  2 -3 -2  2 -2 -3 -1  2  1 -4 -3 -2 1 0 0 1 0.10
-3  0 -5 -5 11 -5 -5 -5 -5 -4 -4 -5  2 -5 -5 -4 -4 -5 -5 -4 1 0 0 0 0.14
-3 -5 -5 -5 11 -5 -5 -5 -5 -4 -4 -5 -4  0 -5 -4 -4 -4 -4 -4 0 0 1 0 0.21
 1  1 -1  0 -3  3  2 -1  1 -2 -2  2 -2 -2 -1  0  0 -3 -2 -1 0 0 1 1 0.25
 2  0 -2 -1 -3  0  3 -1 -2 -2 -2  0 -2 -3  0  1 -1 -3 -3  0 0 0 1 1 0.23
 2 -2 -2  1 -3  2  3 -1 -2 -2 -3 -1  0 -3  2  1 -2 -3  0 -2 0 0 1 1 0.24
-1 -1  4  4 -3  0  0 -1  0 -3 -4  1 -3 -4 -3  1  0 -4 -3 -2 0 0 1 1 0.29
 1  0 -2  0 -3  1  0 -2  1 -2 -2  4 -1 -3  3  0 -2 -4 -3 -1 1 0 0 1 0.28
 2 -2  0  0 -2  0  1  0  1  0 -1 -1  0  0  1 -1  2 -3 -2  0 1 0 0 1 0.28
 2  0  0 -1 -3  2  2 -2 -2 -2 -2  0 -2  0 -2  1  1 -3 -2  0 1 0 0 1 0.28
-3 -2 -5 -5 11 -5 -5 -5 -5 -3 -1 -5  2 -4 -5 -3 -3 -4 -2 -3 1 0 0 0 0.27
-3 -3 -4 -4 -3 -4 -4 -4 -3  0  3 -4 -1  7 -4 -3 -3 -2  2 -2 1 0 0 0 0.21
 0  0  0  0 -2  2 -1  0  0  0  1  0 -1 -1 -2  0  0 -2 -2  0 1 0 0 1 0.18
 0  0  0  0 -3  2  2 -2 -1 -2 -1  2 -1 -3  2  0  1 -3 -2 -2 1 0 0 1 0.19
 0  1 -2 -1 -4  2  3 -3 -2 -4 -2  5 -3 -4 -3 -1 -2 -4 -3 -2 1 0 0 0 0.17
 1  1 -2 -2 -2 -1  0  1 -2  0  1  0  1 -1 -1 -1  0 -3 -2  0 1 0 0 1 0.14
 1 -3 -2  2 -3 -1  0 -3 -3  0  0 -1  3 -2  4 -1  0 -4 -3 -2 1 0 0 1 0.16
 1 -2 -1 -1 -3  3  2 -2 -1  0 -1 -1 -2  1  1  0  0 -3 -2  0 1 0 0 1 0.21
-2  0 -2 -3 -3  1 -2 -4 -1  3  2 -1  3  0 -3 -2  0 -3 -2  1 1 0 0 0 0.15
-3  4 -1 -3 -5  3  0 -3 -2 -4 -4  6 -3 -4 -3 -1 -2 -4 -2 -4 1 0 0 1 0.14
-2 -2 -1  2 -4  0  3 -2  4 -3 -3  1 -3 -1  1 -1 -2 -3  4  0 1 0 0 1 0.16
-1 -2 -3 -3 -3 -2 -1 -3 -3  2  3  0  0  1 -3 -1 -1 -3 -2  1 1 0 0 0 0.15
-1  3  0 -2 -3  0  0 -1  2 -2 -2  2 -1 -3  0  1 -1 -3 -2  0 1 0 0 1 0.12
 0 -2 -2 -2 -3 -1  4 -2  2  0  1  0  1  0 -3  0 -1  0  0 -1 1 0 0 1 0.13
 0 -1 -1 -1 -2 -2 -2 -1 -2  2  2 -1  0  1  0  1 -1 -3 -2  1 1 0 0 0 0.11
-1 -1  0 -2  0  2  1 -2  1  0 -1 -2 -1 -1  0  3  2 -3 -2 -2 1 0 0 0 0.11
 1 -1  0  0 -2 -1  1 -1 -1  0  1 -1  0 -2  0  1  0 -1 -2  0 1 0 0 1 0.11
 0  1  0 -2 -3 -1  0 -3  2  0  1  1  2  0 -3 -1 -1 -2  2  0 1 0 0 0 0.10
 0  1  1 -1 -3  3  1 -1  3 -1 -1  1 -2 -3 -2  2 -1 -3 -2 -1 1 0 0 0 0.09
-1  0  2 -1 -3  3  1 -1  3 -3 -2  3 -2 -3 -2  1 -2 -3 -2 -3 1 0 0 0 0.08
-3  4  2 -2 -4  1  1 -3  6 -4 -4  1 -3 -3 -3 -1  0 -3  0 -4 1 0 0 0 0.08
-1 -2  0 -3 -2 -1 -2 -2  0  2  2 -1  1  1 -3 -1  0 -2 -1  2 1 0 0 0 0.06
 0 -5 -5 -5 11 -5 -5 -4 -5 -3 -1 -5 -3 -4 -4 -3 -3 -4 -4 -3 1 0 0 0 0.06
 1  2  0  0 -2 -1  1  1  2 -1 -2  0 -2 -1 -2  1  0  2  0 -1 1 0 0 0 0.05
 0  1  0  0 -2  0 -1 -3 -2  3  0 -1  0  0 -2  0 -1 -3 -2  2 1 0 0 0 0.06
-1  0 -2 -3 -2  0 -2 -1  1  0  2 -1  2  3 -3 -2 -2 -1  3  0 1 0 0 0 0.06
 0  1  0  0 -3  2  0 -2  1 -1 -1  2  1 -1 -2  1  1 -3 -2 -2 1 0 0 1 0.06
 0  0  2  0  0  1  1 -2  0 -2 -3  4 -3 -4  0  0  0 -4 -3 -1 1 0 0 1 0.07
-4 -2 -1 -2 -4 -1 -4 -4  1 -2  1 -4  0  7 -5 -4 -4 -2  4 -3 1 0 0 0 0.05
-2 -2  1 -3 -4 -3  0  6 -3 -5 -5  0 -4 -5 -1 -1 -2 -4 -4 -5 0 0 1 1 0.07
-2  0 -2  1 -4  0  4 -3  2 -3 -1  2  0  0  2  0 -1 -4 -2 -2 1 0 0 1 0.07
-2  4 -1  0 -4  0  3 -3 -2 -4 -2  2 -3  0 -3 -1 -1 -3  2 -3 1 0 0 1 0.06
 1  0  1  0 -3 -1  0 -2 -2  0 -2  2  0 -3 -1 -1  1 -3  0  2 1 0 0 0 0.05
-1 -4 -4 -5 -3 -4 -4 -1 -3  0  2 -4  0  5 -4  0 -1 -2  2  1 1 0 0 0 0.04
-2  2  2 -2 -5  4  0 -2  2 -4 -3  4  0 -4 -3 -1 -1 -4  1 -4 1 0 0 0 0.03
 3 -2  0  0 -3 -2 -1 -2 -2 -1  0  1 -2  1 -3  2 -1 -4 -2 -2 1 0 0 0 0.02
-1  1 -3 -3 -3 -1 -2 -1 -3  2  1 -1  2 -2 -3  2 -1  4 -1  1 1 0 0 0 0.02
 0 -1  1 -2 -3 -1  1 -3  2  0  0  2 -1  0 -3  0  1 -3  1  0 1 0 0 0 0.02
-1 -4 -5 -5 -1 -4 -5 -5 -4  2  4 -4  2  2 -5 -3 -2 -3 -2  2 1 0 0 0 0.02
 2 -4 -4 -4 -2 -3 -2 -4 -4  4  0 -2 -1 -1 -3 -2  0 -4 -2  3 1 0 0 0 0.01
 0  3 -2 -1 -4  2  1  0  1 -2 -1  3  0 -1 -3 -2 -1 -3  0 -1 1 0 0 0 0.01
-1 -4 -4 -5 -3 -4 -4 -5 -3  1  4 -4  2  4 -4 -3  0 -2  4  1 1 0 0 0 0.01
 3 -1 -2 -3  1 -2 -2 -3  1 -4 -4 -2 -3 -1 -3  5  2 -5 -3 -3 1 0 0 0 0.01
-3  0 -2 -3 -5  7  1 -2  1 -1 -4  3 -3 -1 -3 -1 -3 -4 -3 -4 1 0 0 0 0.01
-3  3 -2 -3 -5  0  0 -4 -3 -5 -4  6 -3 -2 -3 -2 -2 -4  0 -4 1 0 0 0 0.01
 1 -3 -3 -4 -3  0 -3 -4 -3  1  0 -3  2  6 -4 -2 -3  2  3  1 0 0 1 0 0.01
-3 -1 -4 -4 -1  0 -3 -2 -4 -2 -5 -3 -4 -5  8 -1 -2 -5 -5 -3 0 0 1 0 0.01
-2  0  2  0 -4  3  0 -3  0 -2 -3  4 -3 -4 -3  0  1 -4 -3 -2 0 0 1 1 0.01
 5 -3 -3 -4  1 -3 -3 -2 -4  1  0 -3  0 -3 -2 -1 -1 -4 -3  1 0 0 1 0 0.01
-1 -2  3  3 -3 -1  2 -1 -1 -4 -4  0 -3 -4  1  2  1 -4 -3 -3 0 0 1 1 0.02
-2 -2 -5 -5 -4 -2 -3 -5 -4 -2  1 -4 -1  7 -3 -1 -1 -2  1 -2 1 0 0 0 0.02
 1 -1 -2  1 -3  1  3 -2 -2 -2 -2  2 -1 -1  2  1  1 -4 -3 -2 1 0 0 1 0.02
-3 -3  1  3 -5  0  5 -4 -3 -2 -2 -1 -3 -5 -4 -2  2 -5 -4 -1 1 0 0 0 0.01
 0 -4 -5 -5 -3 -4 -5 -5 -1  4  3 -4  1 -2 -5 -4 -3 -4 -3  4 1 0 0 0 0.01
 0 -1 -1 -1 -3  1  0 -1  2  0  0 -1  1 -2 -3  1  1 -4 -2  1 1 0 0 0 0.02
-1  1  1  0 -4  0  2 -1  0 -2 -3  4 -3 -3  2  1 -1 -4 -3 -2 1 0 0 1 0.02
-1 -4 -5 -5 -3 -4 -4 -5 -4  3  4 -4  3  2 -4 -4 -2 -3 -2  2 1 0 0 0 0.02
 3 -3 -3 -3 -2 -3 -3 -1 -4  0  0 -3  1 -3 -3  1  2 -4 -3  3 1 0 0 0 0.02
-1  1 -1  0 -3  1  3 -2  2 -1  0  1  0 -3  0 -1  0 -4 -2 -1 1 0 0 1 0.03
-3  1  2  5 -5  1  1 -2  2 -5 -5  2 -4 -2 -3 -1 -2 -5 -1 -4 1 0 0 0 0.03
-1 -2 -3 -4  1 -3 -3 -2 -3  3  2 -3  3  1 -4 -1  0 -3  0  3 1 0 0 0 0.04
 2 -2 -1 -2 -2 -1 -2 -1  0 -1  0  1 -2 -3 -2  1  3 -4 -3  1 1 0 0 0 0.05
 0  0  2  1 -4  0  0  0  6 -4 -4  2 -3 -4 -3  1  1 -4 -2 -4 1 0 0 1 0.06
-1 -3 -2 -3 -2 -3 -2 -3  0  3  1 -2  2  1 -3 -1  0 -3 -2  3 1 0 0 0 0.09
 1 -3 -1 -3 -3  0 -3 -1  6  0  1 -3 -2  0 -4 -2 -1 -2  3  0 1 0 0 0 0.10
 0 -1  0  2 -3  2  3 -3  0 -1 -3  2 -1 -4 -2  1  0 -4 -2 -2 1 0 0 1 0.10
-2  1 -2  1 -4  0  3  1 -1 -3 -4  3 -2 -4 -1 -1  1 -4 -2 -3 1 0 0 1 0.09
-4 -3 -6 -7 11 -6 -7 -6 -6 -2 -3 -6 -4 -5 -6 -1 -4  1 -5 -4 1 0 0 0 0.11
-2 -7 -6 -7 11 -6 -7 -6 -6 -5 -5 -6 -5 -6 -6 -4 -1 -6 -6 -4 0 0 1 0 0.19
-1  1  0  2 -4  1  4  0  4 -4 -3  1  0 -4 -1 -1 -2 -4 -3 -4 0 0 1 1 0.20
 0 -2  0  0 -4 -2 -1  5  2 -4 -2 -3 -3 -4 -3  2 -1 -4 -4 -4 0 0 1 1 0.20
-1 -1  2  5 -4  0  1 -3 -2 -2 -3  0 -2 -4  0  0  0 -5 -4 -2 0 0 1 1 0.21
 1  0 -2 -1 -2  1  0 -3  1  0  0 -1  3 -2 -3  1  1 -3 -2  2 0 0 1 1 0.23
-2 -3 -3  0 -3  0  2 -4 -3  0  2 -2  2  0  2 -2 -2 -3 -2  2 0 0 1 1 0.21
 1 -2  0  3 -4  1  4 -3  3 -4 -4  1 -3 -4  1  0  0 -5 -3 -3 0 0 1 1 0.18
-2 -6 -6 -6 11 -6 -7 -5 -6 -4 -4 -6 -4 -5 -6 -2 -4  2 -5 -2 1 0 0 0 0.18
 0 -3 -3 -1 -2 -2 -3 -3 -3  2  2 -3  5  2 -3  0 -1 -2  0  1 1 0 0 0 0.17
 2  1 -2 -1 -2  0  2 -2 -1  0  1  0  1 -1 -2 -1 -1 -2 -1 -1 1 0 0 1 0.16
-2  1  1  3 -3  2  1  0  1 -3 -2  2 -2 -3 -2  1 -1 -4 -3 -3 1 0 0 1 0.11
-2  0 -1  5 -4  2  4 -2  0 -3 -2  0 -3 -3 -3 -1 -2 -3  1 -3 1 0 0 1 0.15
-1  4 -1 -3 -3 -1 -1  0  0  0  2 -1  0 -2 -1 -2  0  1 -2  0 1 0 0 0 0.12
 1 -1  1 -1 -3 -1  1 -2 -2 -2 -1  0  1  0  2  3  1 -2 -2 -2 1 0 0 1 0.10
 0  0 -1  1 -3  2  3 -3  1  0 -1  2  0 -3 -3  0 -1 -4 -3 -1 1 0 0 1 0.11
-1 -3 -4 -4 -3 -1 -4 -3  3  2  3 -4  0  2 -4 -3 -2 -3  2  2 1 0 0 0 0.13
 0 -3 -3 -3 -3 -2 -1 -2  1  1  2 -3  4  0 -3  0  2 -3 -2  1 1 0 0 0 0.14
 0 -1  2  2 -3  0  1  0 -1 -2 -2  1 -2 -2 -2  2  0 -4 -3  0 1 0 0 1 0.13
-1 -1 -1  0  0  2  1 -4  4 -4 -2  2 -3 -1 -3  1 -2 -2  5 -2 1 0 0 1 0.20
-2 -4 -4 -5 -3 -4 -4 -1 -4  4  2 -4  4 -2 -4 -2  1 -4 -3  2 1 0 0 0 0.19
-4 -2 -6 -7 11 -6 -7 -6 -6 -5 -5 -1 -5 -6 -6 -4 -4 -6 -6 -5 1 0 0 0 0.20
 0  0 -1  2 -4  0  3 -1  3 -1 -3  0 -3 -4 -3  3  0 -4 -3 -3 1 0 0 1 0.22
-2  1  3  1 -4  2  1 -2  3 -1 -4  3 -3 -4 -3  0 -1 -4  0 -2 1 0 0 1 0.25
-1 -1 -1 -3 -4  5  0 -4  2  0  1  1  0  0  0 -1 -2 -3 -1 -2 1 0 0 0 0.28
 0 -1  0  4 -3 -1  2 -2 -1 -3 -2 -1 -3 -4 -2  3  1 -5 -3 -3 0 0 1 1 0.29
 1 -2 -2  0 -3 -2 -1 -2 -2  1 -1 -1 -2 -1  3  2  2 -3  1  0 0 0 1 1 0.50
-1 -1 -3 -4 -3 -2 -3 -4 -3  3  2  2  1  2 -1 -1 -2 -3 -2  2 0 0 1 1 0.41
-2 -3  4  2 -4 -2  0 -3  2 -5 -5 -1 -4 -4 -2  5 -1 -5 -1 -4 0 0 1 0 0.42
 1 -2  0  2 -3 -2 -1 -1 -3 -2 -4  0 -3 -4  2  4  1 -5 -4 -3 1 0 0 1 0.43
-1  1  0 -1 -5  2  1  1  0 -5 -4  5 -3 -5 -1 -1 -2 -5 -4 -4 1 0 0 1 0.41
-2 -3 -4 -4 -3 -3 -3 -4 -3  4  2 -1  2  3 -4 -2 -1 -3  0  2 1 0 0 0 0.42
 2  1 -2 -2 -3  1  2  0 -1 -3 -3  3 -2 -4 -2  1  1 -4 -3 -1 1 0 0 1 0.45
-1  0  0  3 -4  1  3 -3  4 -4 -2  2 -3 -4  0  0 -1 -4 -3 -3 1 0 0 1 0.44
-1 -2 -6 -6 11 -6 -6 -5 -6 -5 -5 -6 -5 -6 -6 -4 -4 -5 -6 -4 1 0 0 0 0.25
-4 -7 -6 -7 11 -7 -7 -6 -7 -5 -5 -7 -5 -6 -7 -5 -4 -6 -6 -1 0 0 1 0 0.20
 0  0  2  0  0  2  2 -1 -1 -2 -2  1 -2 -2 -2  0  1 -2  1 -1 0 0 1 1 0.15
-2 -1 -2  3 -3  1  4 -2 -2 -2  2  1 -2 -3 -2 -1 -2 -3 -3 -2 0 0 1 1 0.12
 0  0 -1 -1 -3  1 -1 -3 -2 -3 -1  5 -2 -4  2  2 -1 -4 -3 -3 0 0 1 1 0.10
-2 -3 -1 -1 -4 -2  1 -3  1 -1 -3 -2 -1 -2  5  0  2 -3  4 -2 0 0 1 1 0.11
 1 -2 -3 -2 -3 -3 -3 -1 -3  0  1 -3 -1  0  5  1 -1 -4 -3  2 1 0 0 1 0.08
-2 -1 -3 -3 -2 -2  0 -3 -2  1  3 -2  3  2  0 -2 -2 -2  2  1 1 0 0 0 0.05
-1  2  1  2 -5  2  5 -2  0 -4 -4  1 -3 -5 -3 -2 -3 -4 -4 -4 1 0 0 1 0.05
-1  5 -2 -3  0  0 -2 -3 -3  1 -1  3 -1 -3 -4 -2 -2 -4 -3 -1 1 0 0 0 0.04
 0  0  0 -2 -3 -2 -1  2  0 -2 -1 -1 -2  2  0  2  0 -3  0 -1 1 0 0 0 0.04
-2 -2 -1 -1  2  1  2 -3  3 -1  0 -1  0 -1  3 -1 -1 -3  0  0 1 0 0 0 0.04
-4 -7 -6  0 11 -6 -6 -6  0 -2 -5 -6 -5 -6 -6 -4 -4 -6 -6 -4 1 0 0 1 0.04
-3 -5 -5 -5 -3 -4 -5 -5 -5  5  3 -4  1  4 -5 -4  0 -3 -2  1 1 0 0 0 0.04
 1 -2 -2 -1 -3 -1 -1 -3  1  2  0 -2  1 -1 -3  0  1 -2  3  1 1 0 0 0 0.04
 1  0  1  0 -3  0  1  0  4 -2 -3 -1 -2  1 -3  2  0 -3  1 -3 1 0 0 1 0.05
 1 -2 -3 -4 -3 -1 -1 -2 -3  0  3 -2  4  0 -3  1 -1 -3 -1  0 0 0 1 0 0.06
-2  1  1 -1 -5  2  4 -1  0 -4 -4  1 -3 -5  4 -2 -2 -4 -4 -2 0 0 1 1 0.07
 1  1  5 -1 -4 -2 -2 -2  0 -2 -4  2 -3 -2 -1  1 -1  0 -3 -1 0 0 1 1 0.08
 2 -3 -1  6 -4 -2  0 -1  2 -5 -5 -3 -4 -5 -1  0  0 -5 -1 -4 0 0 1 0 0.12
-1 -1  0  4 -4  3  3  0 -2 -4 -4  0 -3 -5  0  0 -1 -5 -4 -1 0 0 1 1 0.14
 0  0 -1 -3 -3 -1 -1 -3 -3  1 -1  2  0 -4  5  1  0 -4 -3 -1 0 0 1 0 0.13
-2 -4 -4  0 -5 -1 -1 -1 -1 -2 -3 -1 -4 -5  7 -1 -3 -5 -1 -2 0 0 1 1 0.15
 0  0  0  3 -4  1  3 -3 -2 -3 -2  1 -3  1 -2  0  0 -4 -3 -1 0 0 1 1 0.16
-1 -3 -3  0 -3 -3 -3 -1 -4  0  4 -1 -1  3  1 -1 -2  1 -2 -1 0 0 1 1 0.18
 0  0 -1  0  1 -1 -3 -4 -4 -3  1 -1 -3 -4  6  0 -1 -5 -4 -3 0 0 1 1 0.17
 1 -1 -1  2 -3 -2  2 -3 -3 -1  0 -1 -2 -4  2  3  0 -4 -3 -3 0 0 1 1 0.17
 0 -2  0 -1 -3  0  1 -2 -2  0  1 -2 -1  1  2  1  1 -3  1  0 0 0 1 0 0.21
-1  2  0  1 -3  2  2 -3  2 -1 -2  2  0 -3 -2 -1  0 -3 -2  1 0 0 1 1 0.18
-3  1 -2 -3 -4 -2  0 -3 -2  0  1 -1 -1  6 -4 -3 -3  2  3 -1 0 0 1 0 0.22
-1 -3  0 -1 -3 -2 -3 -2  0  0  0 -2 -1 -1  5 -1  2 -4 -2  1 0 0 1 0 0.18
-1 -1  0  2 -3 -1  3  1  1 -2 -1  0 -1  1 -3  0  2 -3 -2 -2 0 0 1 1 0.16
-2 -2  3  4 -4 -1  0  1  3 -2 -4  0 -3 -4 -1  1 -1 -4 -3 -2 0 0 1 1 0.17
-1  2 -1  2 -4  1  3 -3 -2 -3 -2  3 -2 -4  1 -1  0 -2 -3 -1 1 0 0 1 0.17
-1  1  2  3 -3  1  2 -1  1 -2 -3  1 -2 -1 -2  0  0 -3 -2 -1 1 0 0 1 0.16
-1  0 -2 -3 -2 -1 -1 -3 -2  1  1 -2  1  3 -3 -1  0 -1  1  2 1 0 0 0 0.14
 0 -4  0 -3  9 -3 -3 -1 -3  0 -3 -3 -3 -3 -3  1 -2 -4 -3  0 1 0 0 0 0.22
 0  1  1  1 -3  3  2 -1 -1 -3 -2  2 -2 -3 -2  2  0 -3 -2 -2 0 0 1 1 0.29
 1  0 -1  0 -3  2  3  0  0 -3 -3  2 -2 -1 -1  0  0 -3 -2 -3 0 0 1 1 0.20
 1 -1  1  2 -3  1  2  2 -2 -2 -3 -1 -2  1 -1  0 -2 -3  1 -3 0 0 1 1 0.25
-2 -1  2  0 -4  2  2 -1  1 -3 -3  3 -3 -4  1  1  0 -4 -3 -2 0 0 1 1 0.23
-1 -1  2  4 -4 -1  3 -2  1 -2 -4  0 -3 -4  0 -1  1 -4 -3 -3 0 0 1 1 0.19
 0  0  2  1 -3  1  1 -1  0 -1 -1  2  0 -2 -1  0  0 -3 -2  0 1 0 0 1 0.09
 0 -1 -3 -3 -3  2 -1 -2  2 -2  0 -2 -1  5 -2 -2 -2 -2  2  0 1 0 0 0 0.06
-2 -3 -3 -3 -3  0 -1 -4 -1  2  3 -1  4  1 -3 -2  0 -3 -2  0 1 0 0 0 0.05
 2 -1  0  3  0  0  1  1 -2 -2 -3  2 -2 -3 -2  0  0 -3 -1 -2 1 0 0 0 0.03
-2  3 -1 -1 -4  2  2 -3  1 -2 -2  3 -1 -4 -1  0  0 -4 -3 -3 1 0 0 1 0.04
-3 -3 -4 -4 -4  0 -3 -4 -2 -2  0  0 -2  6 -4 -2 -3 -1  6 -1 1 0 0 0 0.03
-1 -3 -2 -3 -2  0 -3 -4 -3  2  3 -3  3  0 -2 -2  2 -3 -2  1 1 0 0 0 0.03
-1 -3 -1 -3  0 -1  0 -4  3 -3 -2  0 -2  4 -4 -3 -3  3  6 -3 1 0 0 0 0.02
-2 -2 -2  2 -4  0  6 -2 -2 -3  1 -2 -3 -3 -3 -2 -2 -4 -1 -2 1 0 0 0 0.03
-2 -2 -3 -4 -2 -1 -3 -2 -1  2  2 -3  0  1 -4 -2 -1 -1  6  1 1 0 0 0 0.03
 3 -1 -2 -2 -3  0  0  0 -3 -3 -3 -1 -3 -4 -2  4  1 -4 -3 -1 1 0 0 0 0.03
-1  7 -3 -3 -5  1  0 -4 -2 -3 -1  0 -3 -4 -4 -3 -2 -4 -4 -2 1 0 0 0 0.04
-3  6  1 -3 -4 -1 -2 -3  2 -2 -3  3 -3 -4 -3 -2 -1 -4  0 -1 1 0 0 0 0.04
-1 -3 -1 -3 -4 -2 -2 -4  8 -4 -3 -1  0 -3  3 -1  1 -4  0 -4 0 0 1 0 0.03
-1  0  0 -1 -4  4  1 -3  3 -4 -4  1 -3 -3  5 -1 -1 -4  0 -4 0 0 1 1 0.03
 0 -2 -3 -1 -2 -2  0 -3 -3  2  3 -1  2  1 -3 -1 -1 -2  0  0 0 0 1 0 0.04
 1 -3 -3 -3 -4 -3 -2 -3  0 -4 -4 -3 -4 -2  5  4  1 -4  3 -4 0 0 1 0 0.03
 0 -1 -2  0 -3  2  3  0 -1  0 -1  1 -2 -2 -2  0  0 -4 -3  1 1 0 0 0 0.03
 0 -2 -2 -2 -3  1  2 -3 -3 -2 -1  0  0 -4  4  1 -1 -4 -3  1 1 0 0 0 0.03
-2 -2 -3 -3 -3  3  0 -3 -2  1  1 -2  3  3 -3 -2  0 -2  0  1 1 0 0 0 0.03
-3 -4 -5 -2 -3 -4 -5 -5 -1  3  5 -4  0  2 -5 -3 -3 -3 -2  1 1 0 0 0 0.02
-1  1 -1 -3 -3  0 -1 -3 -1  0  4  1  0 -2 -3  0  0 -4 -3  0 1 0 0 0 0.02
-1  5 -1 -3 -4  0  1 -2 -2 -4 -4  3 -3 -3 -1  1  1 -5 -3 -4 1 0 0 0 0.02
-2 -4 -4 -5 -3 -4 -4 -5 -4  4  2 -4  2  0 -4 -1 -1 -4  0  4 1 0 0 0 0.02
 3 -3 -2 -2 -2 -2 -2  0  1  0  0 -2  1  0 -3  0  1  1  0  1 1 0 0 0 0.02
 0  2  0  2 -4  0  2 -1 -2 -3 -4  4 -3 -4 -3  0  0 -4  0 -2 1 0 0 1 0.02
 0 -1 -1  1  1  0  1  2 -1 -1 -1  0 -1 -3  0  0 -1 -3 -1 -1 1 0 0 1 0.02
-2 -4 -4 -4  0 -3 -4 -3 -2 -1 -2 -4  0  3 -2  1  1 -1  7 -3 1 0 0 0 0.02
-1  0 -2  0 -4  2  3 -3  4 -2  0  1 -1 -1 -3 -1  0 -4 -2 -1 1 0 0 0 0.02
 1  0  1  2 -4  1  3 -3  1 -2 -3  3 -1 -4 -3  0  0 -4 -3 -2 1 0 0 1 0.02
 1 -1 -2 -3 -2 -1 -2 -2 -2  1  2 -1  2  1 -1  0  1 -2 -1  1 1 0 0 0 0.02
-1 -3 -3 -2 -2 -2 -2 -3 -3  1  4 -2  2  0 -3 -2 -1 -3  0  2 1 0 0 0 0.02
-1  1  1  1 -3  1  3  1 -1 -2 -2  1  0 -3  0  1  0 -3 -3 -2 1 0 0 1 0.02
 0  0  0  1 -3  1  3 -1  0 -3 -3  4 -1 -3  0  0  0 -3 -3 -3 1 0 0 1 0.03
-3 -5 -5 -5 11 -5 -5 -4 -5 -4 -4 -5 -4 -4 -5 -3 -3 -4 -4 -3 1 0 0 0 0.04
-2 -5 -4 -5 11 -4 -5 -4 -4 -3 -3 -4 -3 -1 -2  0 -3 -4 -4 -3 0 0 1 0 0.05
 1  0  0  1 -3  3  0 -2  2 -2 -2  2 -2 -2 -2  1 -1 -3 -2 -2 0 0 1 1 0.06
 2 -1  0 -1 -2  0  0  0 -2 -2  0  0  0 -2 -2  2  2  0 -2 -1 0 0 1 1 0.05
 1 -2 -2  2 -4  1  5 -1 -2 -3 -3  0 -3 -4  0  0 -2 -4 -1 -2 0 0 1 1 0.05
-1 -1  5  5 -4 -2  0 -2  0 -4 -4  0 -3 -4 -3  0  0 -4 -3 -4 0 0 1 1 0.05
 0 -1 -2 -3 -3 -1 -2 -3  3 -2 -3  1 -3 -1  6  1 -2 -4 -3 -2 1 0 0 0 0.06
 1 -1  1  0 -2  1  1 -2  2 -2  0 -1 -1 -2  2  0  1 -3 -2 -1 1 0 0 1 0.07
 2  0  0  0 -3  0  4  0 -2 -3 -3  0 -2 -3 -2  0  1 -3 -3  0 1 0 0 1 0.09
-3 -5 -5 -5 11 -5 -5 -4 -5 -4 -2 -5 -4 -4 -5 -3 -3 -4 -4 -3 1 0 0 0 0.11
-3 -2 -3 -4  0  1 -3 -4 -1  0  3 -3  0  4 -4 -3 -3 -1  4 -1 1 0 0 0 0.09
 0  1  2  2 -3  1  0  0  2 -2 -2  1 -2 -3 -1  1  0 -3 -2 -2 1 0 0 1 0.10
 0  0  1  1 -3  1  1  0  2 -2 -3  2 -1 -3 -1  1  1 -3 -1 -1 1 0 0 1 0.11
 1  1 -2 -2 -3  1  2  2 -2 -2 -2  2 -1 -3 -2 -1 -1 -1 -3  0 1 0 0 0 0.16
-1  2 -1 -1 -3  0  4  2 -2 -2 -1  1 -2 -1 -2 -1 -2 -3 -2 -2 1 0 0 0 0.12
 0 -2 -1  2 -3  1  3 -2  0 -3 -1  0 -3 -3  3  1 -1 -4 -1 -3 1 0 0 1 0.11
-1  0 -2  0 -3  4  3 -1 -1 -1  0  2  0 -2  0 -1  0  0 -2 -1 1 0 0 1 0.12
 0 -2 -4 -4 -3 -3 -4 -4 -3  2  4 -3  2  4 -4 -2 -2 -2 -1 -1 1 0 0 0 0.13
-1  2  3 -1 -3  3  0 -2 -1 -2 -2  3 -1 -2 -2  0  0 -3 -2 -2 1 0 0 1 0.09
-1  1  1  0 -4  1  2 -3  0 -3 -3  4 -1 -4  1  0 -1 -4 -3 -3 1 0 0 1 0.12
-1  0 -2 -1 -3  0  3 -3  4 -1 -1  1 -2 -1 -2 -2  1 -2  3 -1 1 0 0 1 0.10
 0 -3 -3 -4  0 -3 -3 -2 -4  4  2 -3  3 -2 -3 -1  2 -3 -3  2 1 0 0 0 0.07
 0  1  0  0 -3  2  2 -1  1 -2 -1  1 -1 -2 -1  1  0 -3  0 -1 1 0 0 1 0.09
 0  0 -1  1 -3  0  4 -1  0 -3 -1  2  1 -1  1  0 -2 -3 -2 -2 1 0 0 1 0.09
 0 -1 -1 -2 -2 -2 -1 -1  0  0  0 -2 -1  2  1  2  1 -2  1 -1 1 0 0 0 0.10
-2 -1  0 -2 -2  2  0 -3  0  1  1  0  0  1 -3  0  1  1 -1  0 1 0 0 0 0.09
 2  0  1  2 -3  0  2 -1 -2 -1 -2  0 -2 -3  0  0  0 -3 -3 -1 1 0 0 1 0.10
-1  2 -3 -3 -3  1  0 -4  0  1  2  2  3 -2 -3 -2 -2 -3  0  0 1 0 0 1 0.10
 1 -2 -1 -3 -2 -1 -2  1  2  0  0 -2  1 -2  0  0 -1 -4 -1  3 1 0 0 0 0.10
-3  1  0 -1 -5  4  1 -4  3 -5 -5  5 -3 -4 -3 -1 -1 -4  0 -4 1 0 0 1 0.09
-2  3  2  0 -4  4  2 -3  4 -4 -2  1 -3 -4 -3  0  1 -4 -1 -4 1 0 0 1 0.10
-2 -2  3 -1 -1 -1  0 -1  2  0  2 -1  1 -2 -3  1  0 -4 -3 -1 1 0 0 0 0.12
-4 -6 -5 -6 11 -6 -6 -5 -6 -4 -4 -6 -4 -5 -6 -4 -4 -5 -5 -4 0 0 1 0 0.08
 1 -2  0  3 -3 -1  3  3 -2 -4 -4  0 -3 -4 -3  0  0 -4 -4 -3 0 0 1 0 0.08
 0  0 -1  1 -2  1 -1 -2  2  1  2 -2  0  0 -3  0 -1 -3 -1  0 0 0 1 0 0.05
-3 -2 -4 -5 -4 -2 -2 -1  2  0  1 -4  0  5 -5 -3 -2  3  6 -2 0 0 1 0 0.06
 0  0  0  1 -4  4  2 -2  3 -3 -4  2 -3 -4 -3  2  1 -4 -3 -3 0 0 1 1 0.06
 0 -1  1 -1 -4  2  2 -3 -2 -4 -3  5 -3 -5 -3 -1 -1 -5 -4 -4 0 0 1 1 0.05
-2 -3  1 -2 -3  0 -3 -4  2  0  3 -2  1  3 -4 -3 -2 -2  2 -1 0 0 1 1 0.04
-2 -3  2 -1 -4 -3 -2  5 -3 -2 -4 -1 -4 -4 -1  0  1 -4 -4 -4 0 0 1 1 0.04
-2 -2  0  2 -5  0  3 -1  3 -4 -2  2 -3  3 -1 -1 -3 -4 -2 -4 1 0 0 1 0.03
-1  2 -1  2  0 -2  0 -2 -2 -4 -2  1 -3 -1 -1 -1  1 -2  5 -3 1 0 0 1 0.03
 0  0  1  1 -3 -1  1  0  1 -1 -1  1 -1  0 -1 -1  0 -2  2  0 1 0 0 1 0.03
 0 -5 -5 -5 -4 -5 -5 -5 -3 -2  2 -5 -2  7 -5  0 -4 -2  3 -3 1 0 0 0 0.02
-2  1 -1 -2 -5  5  1 -4  2 -4 -2  4 -3 -3 -3 -1  0 -4 -2 -4 1 0 0 1 0.02
 0 -1  5  1 -4  0  1 -2 -1 -2 -2  3 -3 -1 -3 -1 -1 -3  1 -3 1 0 0 1 0.03
 1  2 -1  0 -3  1  1 -2  2 -1 -1  2  0 -3 -2  1 -1 -1 -1  0 1 0 0 1 0.03
-1 -3 -2 -3  0 -2 -1 -4 -1  0  3 -2  1  2 -3 -3 -1 -2  3  0 1 0 0 0 0.03
 1 -1 -2 -3 -2 -2 -3 -3 -3  2  4 -3  1 -1 -3 -1  0 -3 -2  1 1 0 0 0 0.04
-1 -3 -3 -1 -2 -1  1 -3 -3  4  0 -1 -1  0 -3 -2 -2 -3 -2  4 1 0 0 1 0.05
 0  4 -1 -1 -3  0 -1 -2  0 -2  0  2  0 -2 -2  0  1 -3 -1 -2 1 0 0 1 0.06
-3 -4 -4 -5 -4 -4 -4 -5 -2  0  3 -4  0  4 -4 -4 -3 -1  6 -1 1 0 0 0 0.08
 0  1 -2 -3 -3 -2 -2 -2 -3 -2 -2  0  2 -1 -3  2  5 -4 -3 -1 1 0 0 1 0.11
 0  2 -2 -2 -4  4 -1 -1 -2 -2 -3  5 -3 -2 -3 -2  0 -4 -3 -3 1 0 0 1 0.18
-2  1 -1 -3 -4  1  0 -4 -3  0 -3  6  0 -4 -3 -2 -1 -5 -4 -3 1 0 0 1 0.18
 3 -2 -3 -3 -2  1  0 -2 -2  0  0 -2  4  1 -3 -1 -1  0  0  1 0 0 1 1 0.33
-2 -2 -4 -4 -5 -4 -4 -1 -4 -5 -5 -3 -5 -6  8 -3 -2 -6 -5 -5 0 0 1 1 0.25
-2  0  0  2 -4  6  1  0 -1 -3 -4  2 -3 -4 -3 -1  0 -4 -3 -4 0 0 1 1 0.22
 3 -3 -3 -3 -2 -2  0 -3 -3  0  3 -3 -1 -2 -3 -1 -1 -4 -3  2 0 0 1 0 0.23
-1 -3  2  0 -3 -2 -1 -3 -3 -3 -4 -2 -3 -4  2  4  4 -4 -3 -3 0 0 1 1 0.22
 1  0 -2 -1 -3 -2  0 -3 -2 -2  0 -2 -1  3  2  1  3 -3 -1 -2 1 0 0 1 0.16
 1 -1 -1  1 -3  2  3 -2 -2 -3 -3  2 -1 -4  3  1  1 -4 -3 -3 1 0 0 1 0.18
-2 -2 -1  2 -4  2  5 -3 -2 -3 -2  0 -3 -1 -3 -1  2 -4 -3 -2 1 0 0 1 0.18
-3 -3 -4 -4 -3 -3 -4 -4 -4  3  5 -4  0 -1 -4 -3 -2 -3 -3  2 1 0 0 0 0.09
 0 -2 -2 -3 -2  0  0 -3 -1  3  1  0  1 -2 -3 -1  0 -3 -1  2 1 0 0 1 0.10
 0  0 -1  1 -3  0  3  0 -1 -3 -2  2  0 -1  0  0 -1 -3 -1 -1 1 0 0 1 0.11
-2 -3 -4 -4 -3 -2 -3 -4  1  2  3 -3  3  3 -4 -3 -2 -2  1  1 1 0 0 1 0.10
 2 -3 -1 -3 -2 -2 -2  0 -3  0 -2 -2 -2 -3 -3  2  4 -4 -3  2 1 0 0 0 0.07
-2  3  0  1 -4  1  3 -1  2 -4 -4  4 -1 -4 -3 -1 -2 -4 -3 -2 1 0 0 1 0.07
 0  2  2  2 -4  3  1 -2  0 -4 -3  3 -3 -4 -3  0 -1 -4 -3 -3 1 0 0 1 0.06
-3  2 -4 -5 -4 -1 -3 -5  1  0  2 -2  7 -1 -3 -2 -2  4  0  1 1 0 0 0 0.04
 2 -1 -1 -3 -2 -2 -2  1 -1 -1 -2  0 -1 -3 -3  2  3 -4 -3  1 1 0 0 0 0.05
 1  1  2  3 -3  0  0 -2  0 -3 -3  1 -1 -4 -3  1  2 -4 -3 -3 1 0 0 1 0.06
 1 -3 -3 -3 -2 -3 -3 -2  0  2  1 -3 -1  3 -3 -1 -1  3 -1  2 1 0 0 0 0.06
 4 -3 -3 -4 -3 -3 -3  3  3 -3  1 -3 -2  0 -3 -1 -2 -4  0 -2 1 0 0 0 0.08
 2 -2 -1 -2 -3  0  0 -2  0 -1 -3  0 -3 -2 -3  4  2 -4 -3 -1 1 0 0 1 0.13
-1  2 -1 -2 -4 -1  1 -3  1 -3 -3  5 -2 -4 -3  0  3 -4 -1 -3 1 0 0 0 0.08
-4 -7 -6 -7 11 -6 -7 -6 -7 -5 -5 -7 -5 -6 -6 -4 -4  2 -6 -4 1 0 0 0 0.08
-4 -7 -6 -7 11 -6 -7 -6 -6 -1 -5 -7 -5 -6 -6 -4 -4 -6 -6 -4 0 0 1 0 0.10
 0 -1 -1 -1 -3  2  1 -1  2 -2 -2  1 -1 -1  1  2  1 -3 -2 -2 0 0 1 1 0.11
-2 -1 -3 -4 -3 -1 -3  0  2  2  4  0  2 -2 -4 -2 -2 -3 -2  0 0 0 1 0 0.11
-1 -2  4  1 -4  0 -1  0 -2 -4 -2 -2 -3 -4  3  3 -1 -5 -4 -4 0 0 1 0 0.13
 1 -2 -1  2 -4  1  4 -2 -2 -4 -4 -1 -3 -4 -3  3  0 -4 -4 -3 0 0 1 0 0.14
 0 -2  1  3 -4 -1  3 -2  2 -4 -4 -1 -3 -4  4 -1 -1 -4 -3 -3 0 0 1 0 0.11
-1  0 -1 -1  2  3  0 -3  2 -3 -3  3 -2  1  4 -2 -2 -3 -2 -3 1 0 0 0 0.13
 0  3 -2 -3 -3  4 -1 -3 -2 -1  2  1 -1 -3 -3 -1 -2  1 -2 -1 1 0 0 1 0.11
-3 -3 -4 -5  4 -1 -4 -4 -2  0  3 -3  4  2 -4 -2 -1 -1  4 -1 1 0 0 1 0.18
 2 -4 -3  0  7 -3 -3 -1 -4 -1 -2 -3 -2 -4  3  0  0 -4 -4  1 1 0 0 0 0.18
-3 -2 -1  3  9  0  0 -2 -4 -4 -4 -3 -4 -5 -4 -1 -3 -5 -4 -2 1 0 0 1 0.23
 2 -2  2 -1 -2 -1 -1  1 -2 -1 -2  0  1 -3 -1  2  0 -4 -3 -1 1 0 0 1 0.22
-3 -1 -2  0 -4  2  5 -4  1 -3  2 -1  0 -3 -3 -2 -3 -4 -3 -3 1 0 0 1 0.20
 0 -2 -1  2 -3 -2  0  2 -3  1 -1 -2  0 -2 -3 -1  0 -4 -3  2 1 0 0 0 0.19
 1  1  1  4 -3 -1  0  0  2 -3 -3  0 -2 -3 -1  1 -1 -3  0 -3 1 0 0 1 0.21
 3  0 -3 -3 -2 -2 -1 -1 -3 -1  2  0 -1  0 -3 -1  0 -3 -2 -1 1 0 0 1 0.28
-1 -1  0  3 -3  1  2 -2  0 -1 -2  1 -2  0 -3  0 -1 -4 -2  2 1 0 0 0 0.30
-1 -4 -1 -4 -3 -3 -4 -5 -4  3  4 -4  4 -1 -4 -3 -2 -3 -2  0 1 0 0 0 0.27
-1  0  2 -1 -3 -1 -1  4 -2 -2 -3  3  0 -4  0 -1 -2 -4 -3 -3 0 0 1 1 0.28
-2 -1  4  1 -3  1  3 -2 -1 -2  1 -1 -1 -3 -2 -1  1 -4 -3 -1 0 0 1 1 0.32
-2 -3 -4 -4 -2 -3 -4 -4 -4  4  4 -3  2  1 -4 -3 -1 -3 -1  1 0 0 1 1 0.27
-2 -2 -4 -4 -2 -2 -3 -4 -3  1  4 -3  2  0 -3 -3 -1 -2 -1  1 0 0 1 0 0.39
