-3 -4 -5 -6 -4 -3 -5 -6 -5  3  1 -4  9 -2 -5 -4 -3 -4 -4  2 0 0 1 1 0.95
-1 -4 -3 -3  0 -3 -2 -3 -3 -4 -5 -3 -4 -5  5  6 -1 -6 -3 -4 0 0 1 1 0.93
-3  3 -3 -4 -6 -1  0 -4 -2 -6 -5  7 -2 -6 -2 -2 -3 -6 -4 -5 0 0 1 1 0.90
 0  2 -2 -2 -4 -3 -2 -2 -2  0 -3 -1 -4 -5 -2  6 -2 -6 -5 -1 0 0 1 1 0.88
 2 -3  0  2 -4  3  5 -3 -3 -4 -4 -1 -2 -5 -2 -1 -3 -2 -3  0 0 0 1 0 0.82
 1  3 -1 -2 -3  0 -2 -1 -2 -1 -4  2 -2 -3  0  4  0 -4 -4 -2 0 0 1 1 0.75
-3 -5 -4 -4 -6 -4 -4 -3 -3 -5 -3 -2 -5 -7  8  2 -2 -7 -5 -5 0 0 1 1 0.75
-2  2 -2 -1 -6 -1  1  2 -2 -6 -4  6 -4 -5 -4 -2 -3 -6 -5 -5 0 0 1 1 0.83
 2 -2  0  1 -5 -1  6 -2 -3 -5 -4  0  1 -6 -2 -2 -2 -6 -4 -4 0 0 1 1 0.84
-3 -2 -2 -2 -5  2 -1 -3  4 -4 -1 -1 -2 -4  6  0 -3 -6 -2 -2 0 0 1 1 0.82
-1 -1  0  1 -5  0  5 -1 -1 -3 -1  0 -3 -2 -3 -2 -1 -5 -4 -2 1 0 0 1 0.83
-3  2 -1  0 -6  6  1 -4  2 -5 -5  2 -4 -6 -3 -2  1 -5 -4 -4 1 0 0 1 0.83
-1 -2 -2 -2 -3 -2 -2 -4  0  0  4 -4  1  0 -2 -2  2 -4 -2  2 1 0 0 1 0.79
-4  6 -3 -5  2  2 -3  2 -2 -6 -4  3 -5 -4 -4 -2 -3  3 -4 -5 1 0 0 0 0.73
-6 -1 -2 -5 -8 -2 -2 -6 -5 -7 -7  8 -2 -8 -6 -5 -5 -8 -7 -5 0 1 0 0 0.65
-5 -6 -7 -6 -4 -6 -6 -7 -6  4  5 -5  4 -1 -4 -6 -4 -5 -3 -1 0 1 0 0 0.59
-6 -7 -7 -8  0 -8 -8 -8 -6 -4 -2 -8 -5  9 -8 -5 -7 -4 -1 -3 0 1 0 1 0.49
-4 -7 -5 -7  1 -6 -7 -7 -7  7 -1 -6 -1 -4 -4 -5 -2 -7 -5  5 0 1 0 0 0.48
-3  2 -5 -5 -3 -5 -5  7 -6 -7 -4 -4 -7 -6 -6 -4 -6 -3 -7 -5 0 1 0 0 0.43
-3 -2 -3 -3 -5 -4 -4  7 -6 -8 -8 -6 -7 -8 -7 -3 -6 -5 -5 -5 0 0 1 1 0.35
-5 -5 -7 -7 -2 -6 -7 -7 -7  3  6 -6 -1 -4 -3 -5 -5 -4 -5 -1 0 0 1 0 0.34
-1 -2  3  0 -4 -4 -4 -2 -2 -5 -6  0 -5 -6  1  6 -1 -7 -6 -6 0 0 1 0 0.39
-3  0 -5 -4 -3 -1  0 -5 -2 -4 -3 -2 -3  6  0 -1 -4  8  1 -2 0 0 1 1 0.42
-3 -2  0  4 -5  2  6 -4 -2 -7 -6 -1 -4 -7 -4 -1 -3 -7 -3 -5 0 0 1 1 0.39
-1 -5 -2 -6 -4 -5 -4 -6 -4 -2 -5 -3 -2 -5 -5 -2  8 -3 -6 -2 0 0 1 0 0.47
-4 -3  0  0 -5 -4 -1 -4 -3 -1 -5 -4 -4 -6 -5  1  7 -7 -6 -4 0 0 1 1 0.54
-3 -3  2  5 -6  0  4 -2 -1 -4 -4  0 -3 -6 -2 -1 -1 -6 -2 -3 1 0 0 1 0.52
-2 -2 -3  3 -5  0  6 -2  1 -6 -5  1 -4 -5 -4 -2 -3 -7 -2 -6 1 0 0 1 0.50
-1  0  1  1 -1  0 -1  1  1 -4 -5 -1 -2 -5 -4  4  1 -6 -4 -3 1 0 0 0 0.57
-6 -5 -5 -8 -6 -6 -7 -8 -7 -1  7 -7  0  1 -4 -6 -5 -6 -5 -2 1 0 0 0 0.53
-5  7 -2 -4 -4  0 -3 -5 -3 -5 -4  3 -2 -4 -6 -2 -2 -2 -4 -4 1 0 0 1 0.51
-1 -1  2  3 -3  0  3 -2 -2 -4 -5  0 -5 -6 -4  4 -2 -6 -5 -4 1 0 0 1 0.54
-4 -3 -3 -5 -4 -3 -4 -7  9 -5 -4 -6 -6  0 -6 -6 -5 -4  8 -5 1 0 0 0 0.54
-6 -7 -7 -7  1 -7 -7 -5 -5 -5 -1 -7  1  9 -5  0 -6 -1  2 -3 1 0 0 0 0.44
-2 -2 -2 -2 -1  0  6  0 -3 -6 -5 -1 -4 -6 -4  3 -1 -6 -5 -4 1 0 0 1 0.42
-2  1 -1 -4 -6  7 -2 -5  1 -6 -5  4 -2 -7 -2 -2 -3 -4 -5 -5 1 0 0 1 0.42
-6 -3 -6 -7 -3 -4 -6 -5 -5 -5 -4 -6 -5  6 -7 -4 -6 10  6 -4 0 0 1 1 0.34
-4 -4 -5 -4 -7 -6 -5  8 -6 -8 -8 -4 -7 -7 -6 -5 -6 -1 -7 -6 0 0 1 0 0.30
-2 -2  0  0 -3 -1  4 -4 -2 -3 -3  2  3 -5 -2 -2  4 -5 -4 -3 0 0 1 1 0.29
-3 -5 -6 -6 -3 -5 -5 -6 -6  4  4 -5 -1 -1 -5 -5 -2 -5 -4  4 0 1 0 0 0.29
-1 -1 -2 -1 -3 -2  1 -3  0  0 -2  0  1 -4 -2  0  5 -5 -4  2 0 1 0 1 0.25
-3 -3  0  7 -3 -1  2 -2  0 -6 -6 -4 -3 -6 -4 -1 -2 -7 -4 -3 0 1 0 1 0.25
 1 -4 -5 -6 10 -5 -6 -4 -2  1 -3 -6 -4 -1 -6  0 -2 -5 -1  1 0 1 0 0 0.24
-2 -3 -1 -3 -1 -2  0 -5 -5  1 -1 -3  2 -3 -5 -3  1 -5 -4  6 0 1 0 1 0.24
-2 -6 -6 -5 -4 -5 -4 -6 -6  4 -1 -5 -1 -4 -5 -4 -3 -6 -5  6 0 1 0 0 0.26
-3 -2 -6 -6 -6 -5 -6 -6 -6  1 -1  2 10 -5 -5 -4 -3 -6 -5  0 0 1 0 1 0.28
-4  7 -3 -5 -3 -2 -2 -5 -3 -3 -3  3  2 -3 -4 -3  1 -6 -2 -3 0 1 0 1 0.31
-3 -4  1  8 -7 -5 -1 -4  0 -7 -7 -3 -7 -7 -5 -5 -4 -8 -4 -3 0 0 1 1 0.33
-3  2 -2 -4 -6 -2 -3 -4 -3 -4 -4  2 -3 -5  7 -1 -3 -6 -6 -6 0 0 1 1 0.36
 0 -2  6 -1 -5  2 -1 -2  0 -2 -2 -1  0 -1 -3 -1  1 -3 -2 -1 0 0 1 1 0.38
-2 -4  0 -4 -3 -5 -5 -4 -2 -4 -4 -4 -2 -5 -4  2  7 -6 -5 -4 0 0 1 1 0.40
-3 -1  0 -4 -6  1 -2  4 -3 -6 -6  6 -5 -6 -5 -3 -4 -6 -6 -6 0 0 1 1 0.44
-4  7 -2 -5  4  0 -3 -4  4 -4 -3  1 -1 -3 -4 -3 -4 -2 -3 -4 0 0 1 1 0.46
-1 -5 -2 -3 -1 -4 -4 -4 -2 -6 -5 -2 -1 -4  2  7 -3 -3 -5 -5 0 1 0 0 0.44
-5  8 -5 -6 -7 -2 -4 -4 -5 -6 -4  0 -5 -6 -6 -3 -5 -3 -6 -6 0 1 0 1 0.43
-2 -3 -5 -4  1 -6 -5  7 -6 -7 -5 -6 -6 -7 -6 -3 -4  0 -7 -5 0 1 0 0 0.39
-6 -7 -7 -7 -2 -7 -7 -5 -6 -2 -3 -7 -5  9 -7 -4 -4 -2 -1 -3 0 1 0 0 0.35
 0 -4 -5 -5 -1 -6 -4  7 -6 -5 -7 -5 -6 -7 -6 -4 -4 -6 -7 -4 0 1 0 0 0.34
-6 -6 -6 -7 -6 -6 -7 -7 -1 -3 -1 -7 -4  9 -7 -3 -6 -4  0 -4 0 1 0 0 0.23
-4 -6 -6 -5 -2 -5 -6 -6 -3  3  0 -5 -1 -3 -6 -4 -3 -2 -5  7 0 1 0 0 0.28
-3 -2 -3 -5  0 -3 -2 -4 -2 -1 -1 -2  0 -2 -3 -1  7 -3 -4  0 0 1 0 0 0.24
-5 -5 -5 -6  1 -5 -6 -5 -1 -4 -4 -4 -2  7 -2 -5 -5 -2  7 -5 0 1 0 0 0.21
 4 -2 -2 -1 -3 -2  0 -1 -2 -2 -3  2 -2 -2 -3  2  1 -5 -3 -2 0 0 1 1 0.18
-2 -3  0  4  3 -2  0 -4  2 -4 -4 -1 -4 -5 -1  1  4 -1 -4 -3 0 0 1 1 0.17
 1 -2 -3 -2  0 -1 -2 -3  0 -1 -1 -3  2 -4  4  0 -2  0 -2  4 1 0 0 1 0.17
 2 -1 -1  2 -2 -1  5 -2 -2 -4 -4  0 -3 -4 -4  0 -2 -2 -2 -3 1 0 0 1 0.14
 0 -2 -2  0  2 -2  5  0 -2 -3 -4 -1  1 -4 -3  2 -1 -5 -3  0 1 0 0 0 0.16
 1 -5 -6 -4 -1 -5 -5 -3 -6  0 -1 -4 -1 -4 -4 -4 -3 -2 -5  7 1 0 0 0 0.15
-2 -2  1  7 -6 -2  2 -1 -3 -5 -5 -1 -4 -4 -5 -2 -3 -6 -4 -4 1 0 0 1 0.15
 5  1 -1 -1 -2 -1 -1 -3 -3 -2 -3  3 -2 -5 -3 -1 -1 -3 -4 -2 1 0 0 1 0.14
 5 -5 -4 -4  1 -3 -5 -3 -5  0 -3 -4 -4 -5 -3 -3 -2 -5 -5  4 1 0 0 0 0.14
-3 -3 -4 -4 -3  0 -4 -5 -1  1  3 -3  8 -1 -5 -3 -2 -5 -4  1 1 0 0 0 0.14
 1 -1  5  0  3  0  1 -2 -1 -3 -2  1 -2 -4 -2  0 -1 -4 -4 -3 1 0 0 1 0.11
 4 -2  0  1  0  1  0 -1 -1 -2 -3 -2 -2 -3 -1  0  0 -5 -4  1 0 0 1 1 0.20
-3  6 -2 -2 -5  1 -1  0 -2 -4 -3  3 -4 -5  0 -1 -2 -2 -4 -4 0 0 1 1 0.21
-2 -2 -2 -1 -3 -2  2 -4 -2 -3 -2 -2 -4 -5  7  0 -1  0 -2 -4 0 0 1 1 0.22
-5 -3 -4 -4 -3 -1 -4 -7 11 -3 -6 -3 -3 -5 -4 -5 -3 -7 -3 -7 0 1 0 0 0.14
-3  1 -1 -3 -5  0  1 -4 -2  1 -3  5 -2 -1 -4 -1  1 -2 -1  1 0 1 0 1 0.12
-3 -4 -5 -6 -4 -5 -5 -2 -5  4  3 -5 -1 -1 -5 -5 -3 -2 -4  5 0 1 0 0 0.12
-4 -5  2  8 -4 -2 -1 -1 -4 -6 -3 -2 -2 -5 -5 -4 -4 -7 -4 -5 0 0 1 1 0.10
-3 -2  0 -1 -4 -4 -1  7 -4 -6 -5 -3 -6 -6 -5  0 -5 -6 -5 -4 0 0 1 1 0.16
-5  7 -2 -4 -3 -2 -1 -2  0 -6 -6  5 -5 -6 -5 -3 -3 -4 -5 -5 0 1 0 1 0.16
 0 -1 -1 -3  0  0  0 -3 -3  1 -1  1  1 -3 -3 -1  2 -2 -4  4 0 1 0 1 0.17
-3 -6 -5 -6 -1 -5 -4 -5 -6  4  0 -6  0 -4 -6 -3 -2  2 -4  6 0 1 0 0 0.18
-3 -3 -2  5 -7 -2  6 -3  0 -6 -6 -1 -4 -4 -5 -4 -4 -2 -6 -3 0 1 0 1 0.18
-1 -5 -2 -5  0 -5 -2 -5 -6 -1 -2 -5 -5 -5  7 -3  0 -7 -6  2 0 1 0 0 0.19
-5  0 -1 -4  0  0 -1 -6 -5 -6 -5  8 -4 -7 -5 -4 -5 -3 -6 -6 0 1 0 0 0.22
-5  7 -3 -5 -6 -2 -3 -4  1 -4 -3  3 -2 -6  0 -2 -3 -3 -5 -1 0 1 0 0 0.29
 6 -4 -3 -3  1 -4 -4 -3 -5 -4 -4 -4 -5 -5 -2 -1  1 -6 -5 -3 0 0 1 0 0.23
-2 -3 -2 -4 -1 -3 -3 -4 -5  3  0  0  2  0 -3 -2 -1 -5 -3  5 0 0 1 0 0.28
 1 -2 -3 -3 -4 -4 -3 -4 -5 -5 -5 -2 -3 -5  6  5 -2 -6 -5 -4 0 0 1 0 0.28
-5  6 -2 -5 -6 -1 -4 -2  0 -3 -3  3  3 -6 -2 -2 -2  1 -5 -2 0 0 1 1 0.34
-1  0  0  1 -5  1  4  0  1 -4 -3  2 -1 -5 -1  0 -1 -5 -4 -2 0 0 1 1 0.31
-2 -2  0  4 -4  0  2  0 -1 -2 -3  0 -1 -2 -1  0 -1 -5 -1 -1 1 0 0 1 0.32
 0  0  0 -1  0  2 -1  0  1 -1 -2  0  1  0 -1  3 -1  0 -1 -2 1 0 0 1 0.41
 0  0  1  0 -2  5  1 -1  0 -3 -3  0 -2 -2 -1  0 -1  0 -3  0 1 0 0 1 0.33
-1  4  0 -1 -3  1 -1 -1  0 -2 -3  3 -1 -2  0  1 -1 -3 -2 -2 0 0 1 1 0.41
-1 -2 -1 -2 -3 -2 -3  0 -1 -3 -1 -1 -3 -4  7  0 -1  0 -4 -3 0 0 1 1 0.42
 0 -1 -1  0 -3 -1  1  5 -1 -2 -3  1 -1 -3  0  0 -2 -3 -3 -3 0 0 1 1 0.38
 4  0 -2 -2 -1 -1 -1  0 -2 -1 -2  0  0 -3  0  0  0 -1 -2  0 0 0 1 0 0.36
-2 -1  1  1 -1  0 -2 -1  8 -3 -2  0 -2 -2  0  0 -2 -3 -1 -1 0 0 1 1 0.34
 0 -1 -1 -1 -1 -1 -1 -1 -2  0  3 -1  0  1  0 -1  0  0 -1  1 0 0 1 1 0.30
 0  2  0 -2 -3  0 -1 -1 -3 -2 -2  2 -1 -3  1  0  4 -4 -2 -2 0 0 1 1 0.24
-1 -3 -2 -3 -1 -1 -3 -2 -4  0 -1 -3  0 -3 -2  0  3 -4 -2  5 0 0 1 0 0.17
-3  2  1 -3 -2  0 -2 -2  0 -5 -4  6 -3 -5 -1 -2  0 -3 -3 -4 0 0 1 1 0.11
-5  2 -2 -5 -7 -1 -2 -4 -5 -5 -5  8 -5 -7 -5 -3 -4 -6 -6 -6 0 1 0 1 0.06
-4 -5 -6 -5 -2 -5 -6 -6 -6  7  2 -5  1 -1 -5 -3 -2 -5 -3  2 0 1 0 0 0.04
-6 -7 -7 -7 -1 -4 -7 -7 -1 -3 -2 -7 -4  9 -7 -3 -4 -3  1 -3 0 1 0 0 0.03
-2 -6 -4 -5  0 -6 -5 -6 -3  2 -1 -6 -2 -4 -6 -3 -4 -6 -2  7 0 1 0 0 0.03
-2 -3 -4 -2 -2 -3 -5  7 -5 -7 -7 -4 -6 -6 -5  0 -4 -3 -4 -5 0 1 0 0 0.03
-3 -2 -2 -2 -5 -5 -4  7 -5 -3 -6 -4 -6 -4 -5 -3 -3 -3 -6 -3 0 0 1 1 0.03
-4 -5 -4 -6 -4 -5 -5 -5  0  6  4 -5  1 -2 -5 -4 -3 -5 -4  2 0 0 1 0 0.03
 0  0  1 -1 -5 -1 -2 -1 -1 -4 -4  5 -4 -5  3  2 -1 -2 -4 -4 0 0 1 1 0.02
-1 -2 -1  1 -5  1  5 -2  0 -4 -4 -1 -2 -1  3  0 -1 -3 -1 -2 0 0 1 1 0.02
-2 -2  2  6 -3 -2  2 -3 -1 -5 -5 -2 -3 -4 -3  1  0 -6 -2 -5 0 0 1 1 0.01
 0 -4 -3 -4  1 -2 -4 -4  2  1  0 -4  1 -2 -3 -2  5 -3 -3  2 0 0 1 0 0.01
-2 -2 -1  0 -4 -1  4 -2 -3 -3 -4  0 -3 -5  0  1  4 -5 -4 -3 0 0 1 1 0.02
-2 -3  0  2 -6 -1  6 -3 -2 -5 -4  0 -4 -6 -2 -2 -3 -6 -5 -2 1 0 0 1 0.01
-2 -2  0  3 -4  0  4 -3  6 -4 -5 -1 -4 -3 -3 -1 -1 -4  2 -4 1 0 0 1 0.01
-2 -1  1  3 -2  0  2 -3  7 -4 -4  0 -1 -4 -3  0  0 -5 -1 -3 1 0 0 0 0.01
-4 -4 -6 -6 -4 -5 -5 -6 -5  3  5 -4  0  4 -3 -5 -3 -3 -2  1 1 0 0 0 0.01
-3  7 -2 -4 -6  0 -2 -3 -2 -3 -3  4 -4 -5 -3 -2 -2 -5 -3 -4 1 0 0 1 0.01
-1 -2  1  5 -2  1  3 -3 -1 -3 -5 -1 -3 -4 -4  1 -1 -5 -3 -3 1 0 0 1 0.01
-3 -5 -4 -3 -1 -5 -3 -6  4 -3 -3 -5 -3  3 -6 -4 -5 -2  9 -4 1 0 0 0 0.01
-5 -6 -6 -7 -4 -6 -5 -7 -5 -2 -1 -5 -1  9 -7 -3 -6 -3  0 -4 1 0 0 0 0.01
-1 -2  0  0 -3  0  5  1 -3 -4 -5 -1 -2 -5 -4  2 -1 -5 -5 -4 1 0 0 1 0.01
-2  0 -1 -3 -4  6  0 -2  0 -5 -4  3 -2 -5 -3  0  1 -3 -4 -4 1 0 0 1 0.01
-5 -3 -4 -5  0 -3 -6 -4  0 -4 -3 -5  0  7 -6 -5 -5  3  7 -5 1 0 0 0 0.01
-3 -3 -4 -5 -6 -5 -2  7 -6 -7 -7 -5 -6 -6 -6 -4 -4  0 -6 -5 0 0 1 1 0.01
-2  1  1 -2 -4  0  2 -3 -2 -2 -3  5  0 -4  0 -1  2 -5 -4 -2 0 0 1 1 0.01
-4 -5 -4 -6 -3 -5 -5 -6 -3  6  0 -5  0 -2 -5 -4  0 -5 -4  4 0 1 0 0 0.01
-1 -3 -2  1 -4 -1  5 -3 -3  0 -3 -1 -2 -5 -4 -2  2 -2 -4  1 0 1 0 1 0.01
-1 -3  1  4 -2  0  2 -3 -2 -2 -3  0 -1 -4 -3  0  0 -5 -4  2 0 1 0 1 0.02
 1 -4 -2 -5  4 -4 -4 -3  0  5 -1 -4  1 -2 -4 -2 -1 -4 -2  3 0 1 0 0 0.03
-2 -2  0  0 -4  1  5 -4 -2 -3 -3  0  1 -5 -3 -2  0 -5 -1  1 0 1 0 1 0.03
-3 -2 -4 -5 -2 -4 -5 -5 -5  5  2 -3  3  0 -5 -4 -2 -2 -2  3 0 1 0 0 0.04
-3 -1 -5 -6 -5 -3 -5 -4 -3  2  0 -3  9 -4  3 -4 -3 -5 -5  0 0 1 0 1 0.05
-1  1 -2 -3  0 -1  0 -3 -1  0 -1  0  2  2 -3 -1  4 -3  2  0 0 1 0 1 0.06
-4 -4  0  8 -1 -3  0 -3  0 -6 -6 -3 -6 -6 -4 -3 -3 -3 -4 -4 0 0 1 1 0.10
-2  5 -1 -3 -5  3 -1 -3  3 -4 -4  4 -3 -5  2 -2 -2 -5 -3 -4 0 0 1 1 0.10
-1 -2  2  2 -4  3  1  3 -1 -4 -3  0 -1 -4 -3  0  0 -3 -4 -2 0 0 1 1 0.14
-2 -2 -1 -3 -1 -1 -2 -3 -4 -4 -3  1 -2 -4 -4  4  5 -3 -4 -3 0 0 1 1 0.13
-2 -1  3 -1 -4  1 -2  5 -3 -5 -5  2 -3 -5 -4 -2 -2 -2 -5 -4 0 0 1 1 0.13
-3  5 -2 -4  0  1  0 -3 -2 -5 -4  6 -2 -6 -4 -3 -1 -6 -5 -5 0 0 1 1 0.14
-3  2 -1 -3 -3 -1 -2 -4  4 -4 -4  5 -3 -2  3  2 -3 -5 -3 -5 0 1 0 1 0.11
-5  8 -4 -5 -7 -1 -2 -4 -4 -4 -4  2 -5 -6 -4 -4 -3 -6 -5 -6 0 1 0 1 0.08
-1 -3 -2 -1 -6 -3 -4  7 -4 -6 -5 -4 -6 -6 -3 -2 -5 -6 -6 -4 0 1 0 0 0.06
-6 -6 -5 -5 -6 -7 -7 -7 -5 -1 -2 -7 -4  9 -7 -3 -6 -3  1 -2 0 1 0 0 0.06
 4 -5 -4 -3  4 -5 -5  5 -5 -3 -5 -4 -5 -5 -4 -2 -3 -1 -5 -1 0 1 0 0 0.03
-6 -6 -7 -7 -4 -7 -7 -5 -5 -5 -3 -7 -4  9 -7 -2 -6 -4 -1 -5 0 1 0 0 0.02
-3 -5 -4 -5 -3 -6 -5 -7 -6  4 -1 -6 -2 -2 -6 -5 -4 -6 -5  6 0 1 0 0 0.02
-2 -4 -2 -5 -5 -4  0 -4 -2 -1 -4 -3 -2 -5 -3 -1  7 -6 -1  0 0 1 0 0 0.02
-6 -6 -5 -7 -1 -4 -7 -7 -3 -4 -2 -7 -4  9 -7 -4 -6 -3  5 -3 0 1 0 0 0.01
 0 -3 -1  6 -4  0  3 -3  0 -5 -5  1 -3 -5 -3 -1 -1 -6 -5 -3 0 0 1 1 0.01
-2 -3  2  6 -1 -3  1 -2 -4 -6 -6 -2 -5 -5 -4  2  1 -6 -4 -5 0 0 1 1 0.01
-2 -2 -2  0  0 -1  4 -4  7 -3 -4 -1 -3 -4  0 -2 -2 -5  1  0 1 0 0 0 0.02
-1 -4  0  7 -6  0  3 -2 -1 -3 -6 -2 -4 -6 -3 -2 -3 -7 -4 -5 1 0 0 0 0.02
 2 -3 -2 -2 -1 -2  0 -2 -3  0 -4 -3 -3 -3  2  4  1 -5 -3  0 1 0 0 0 0.02
 2 -5 -5 -6 -4 -5 -6 -5 -6  0 -2 -5  0 -4 -5 -4 -3 -6 -5  7 1 0 0 0 0.02
-4 -1  1  7 -5 -1  2 -2 -2 -5 -6  1 -6 -6 -5 -3 -3 -7 -5 -6 1 0 0 0 0.02
 0  2  0 -1 -5  1  0 -4 -1 -6 -4  6 -3 -5 -4 -2 -3 -6 -5 -5 1 0 0 1 0.02
 2 -5 -5 -5  3 -4 -5 -5 -5  4  1 -4 -1 -2 -5 -3  1 -5 -4  3 1 0 0 0 0.05
-2 -5 -6 -6  4 -4 -6 -5 -6  2  3 -5  4 -1 -6 -4 -2 -5 -3  5 1 0 0 0 0.05
 0 -1  0 -1  0  0  1 -2 -1  3  0  0 -1 -2 -3 -1 -1 -4 -2  1 0 0 1 0 0.05
 0 -1  1 -1 -4  6  1 -4  2  0 -3  2 -1 -4 -3 -1  1 -4 -3 -2 0 0 1 1 0.05
-4  3  0 -4 -6 -1 -2 -1  3 -5 -5  6 -4 -6  1 -2 -1 -6 -4 -5 0 0 1 1 0.06
-3 -3 -1 -3 -1 -2 -3 -3  2 -2 -3  1  0  4  2  0 -2  0  6 -3 0 0 1 1 0.05
-5 -3 -1 -5 -3  1 -5 -7 10 -1 -1 -3 -6 -4 -3 -5 -6 -7 -2 -3 0 0 1 0 0.06
-2 -3  1  0 -4  0  2 -4 -1 -1 -2  1  1 -3  0 -1  4 -2 -3 -2 0 1 0 1 0.07
-3 -6 -6 -6 -5 -6 -6 -5 -6  5  2 -5  1 -1 -4 -4 -3 -6 -4  5 0 1 0 0 0.10
-2 -3  6  3 -2 -1 -2  1  0 -6 -3  1 -2 -4 -3 -1 -3 -6 -4 -5 0 0 1 0 0.16
-3 -4  1  1 -3 -4 -3  7 -4 -7 -5 -4 -4 -5 -6 -1 -3 -6 -4 -5 0 0 1 1 0.31
-3  3 -2 -4 -3 -1 -3 -2  7 -5 -4  4 -3 -3 -4  0 -1 -2 -1 -4 0 1 0 1 0.31
-2  1  4 -2 -4  2  0 -3  1 -3 -2  2  2 -4 -1  0  1  1 -4 -1 0 1 0 1 0.34
-2 -3 -7 -7  9 -6 -7 -5 -2  2 -2 -6  1 -3 -6 -4 -3 -4 -2  5 0 0 1 0 0.34
-4 -4 -4  3 -8 -1  7 -5 -4 -5 -7 -1 -6 -5 -6 -4 -3 -2 -6 -4 0 1 0 1 0.33
-1 -6 -6 -6  3 -6 -6 -5 -6  3 -1 -6 -2 -5  1 -5 -2 -6 -5  6 0 1 0 0 0.35
-5  5 -3 -2 -7 -3 -2 -4 -5 -6 -6  7 -5 -7 -5 -2 -4 -3 -6 -6 0 1 0 1 0.46
-3  5 -2 -4 -6 -3 -2 -4 -3 -1 -3  6 -2 -4 -3 -4 -4 -4 -5  0 0 1 0 0 0.53
 7 -6 -5 -6 -3 -5 -4 -2 -6 -5 -6 -4 -3 -4 -3  0 -1 -7 -6 -2 0 0 1 0 0.52
-2 -4 -4 -3 -1  2  1 -5 -4  1  3 -3  0 -1 -1 -3  1 -3 -2  2 0 0 1 1 0.64
-2 -5 -4 -4 -6 -1 -4 -5 -5 -5 -3 -4 -5 -4  7  5 -1  1 -5 -5 0 0 1 1 0.79
-5  5 -2 -5 -7 -1 -1 -4 -4 -6 -6  7 -3 -7 -4 -4 -4 -7 -6 -6 1 0 0 1 0.87
-2 -2 -2  2 -4  5  5 -2 -2 -6 -5  0 -4 -5  0 -2 -2 -4 -5 -4 1 0 0 1 0.91
-3 -2 -1  3 -6  2  5 -1 -2 -4 -4  0 -3 -5 -1 -2 -3 -6 -1 -2 1 0 0 1 0.93
-2 -3 -1 -2 -5  0 -4 -1 -1  0  0 -2  8 -1 -1  1 -1 -3 -2 -1 1 0 0 1 0.94
 3 -1  0 -1 -2  4  0  0 -1 -4 -2 -1 -1 -3  1  0 -1 -4 -3 -1 1 0 0 1 0.95
-1  3  0 -1 -3  0 -1  1 -2 -4 -3  1 -4 -3  2  4  0 -5 -3 -4 1 0 0 1 0.96
 4 -3 -1 -3 -2  0 -2 -1 -1 -3 -3 -2 -2 -4  4  0  0 -5  0  0 1 0 0 1 0.97
-1  0  1 -2 -3  1 -1  3 -2 -2 -3 -1 -2 -4  1  4  0  0 -4 -4 0 0 1 1 0.96
 2  0  0 -2 -3 -1 -3  2 -2 -3 -4 -2 -1 -2  1  3  0 -4 -1 -3 0 0 1 1 0.96
 0  0  0 -2 -4 -1 -3  0  5 -4 -3  0 -2 -4 -2  4  1 -5 -3 -4 0 0 1 1 0.97
-1  3  1 -1 -5  5 -1 -1  1 -4 -4  1 -1 -4  1  0 -2 -2 -4 -4 0 0 1 1 0.96
-1  7 -1 -1 -6  2 -2 -5 -3 -4 -4  2 -2 -4 -4 -1 -3  1 -3 -5 0 0 1 1 0.96
-2 -4 -3 -2 -3 -1 -2  7 -3 -6 -6 -4 -5 -6 -3  0 -1 -5 -3 -5 0 0 1 1 0.96
-4  7 -3 -4 -6  2 -2 -5 -3 -6 -5  3 -4 -6 -5 -3 -4 -5 -4 -5 0 0 1 1 0.96
