-3 -4 -4 -5 -3 -3 -4 -5 -4  0  1 -4  9 -1 -5 -4 -3 -4 -3  0 0 0 1 1 0.86
 3 -2  0 -2 -2 -1  0  3  0 -3 -3 -1 -1 -3 -1  2  1 -4 -1 -2 0 0 1 1 0.84
 0 -2  1  3 -3 -1  1 -1 -2 -2 -1 -1 -2 -3  1  3  1 -4 -3 -1 0 0 1 1 0.76
 1 -1 -1 -1 -2  1  1  0  2 -1 -1  0 -1  1 -1  1  1 -3 -1  0 0 0 1 1 0.59
-1 -4 -3 -3 -3 -2 -3 -4 -3 -1  3 -3  6 -2  3 -1 -1 -4 -3 -1 0 0 1 0 0.38
-1 -3  2 -1 -3 -2 -2 -2 -3 -3 -2 -2 -3 -5  1  4  4 -4 -4 -3 0 0 1 1 0.33
 0 -4 -2 -3  0 -2 -3 -3 -4  3  1 -2 -1 -1  3 -2  1 -1 -3  3 1 0 0 0 0.18
 0 -1 -1  4 -5  2  5 -4 -2 -5 -5  1 -3 -6 -3 -1 -2 -6 -5 -4 1 0 0 1 0.11
-2  2 -1  2 -6  2  6 -4 -1 -6 -4  0 -4 -6 -4 -1 -3 -6 -5 -5 1 0 0 1 0.06
 1  4  0 -2 -5  4 -1 -4 -2 -3 -4  3 -3 -5 -3 -1 -1 -5 -4 -3 1 0 0 0 0.04
-3 -3 -4 -5 -4 -3 -4 -6 -2  2  4 -3  3  4 -5 -4 -3 -2  3  0 1 0 0 0 0.03
 2  1  0  2 -4  1  3 -2  0 -4 -4  1 -3 -1 -3  0 -1 -5 -3 -3 1 0 0 1 0.02
-3 -1 -3 -4 -4 -2  0 -5 -3  2  4 -2 -1 -1 -5 -3 -1  1 -1  0 1 0 0 0 0.02
-1 -5 -6 -6  0 -5 -6 -6 -6  6  3 -5 -1 -1 -5 -4 -2 -5 -3  2 1 0 0 0 0.01
-1  2 -1 -3 -3  0 -1 -3  1 -1  0  3  1 -3 -3 -1  4 -3 -1 -2 1 0 0 1 0.01
-2  7 -3 -4 -6  0  0 -3 -2 -6 -5  2 -3 -5 -3  2 -3 -6 -4 -4 1 0 0 1 0.01
-3  0  5  0 -5 -3 -3  4 -2  1 -4 -3 -3 -4 -2 -2 -2 -5 -2 -1 1 0 0 1 0.01
 2 -4 -3 -4  2 -3 -3  0 -4  0  2 -3 -1 -2 -4 -1  3 -4 -3  1 1 0 0 0 0.01
 2 -2 -1  2 -4  3  4 -3  0 -3 -3 -2 -2 -4 -2 -1 -2 -5 -4  1 1 0 0 1 0.02
-4 -3 -3  2 -7  0  7 -5 -1 -4 -3 -2 -4 -6 -3 -2 -3 -6 -5 -3 1 0 0 1 0.02
-2 -3 -5 -6  5 -3 -5 -5 -3  4  1 -5 -1 -1 -5 -3 -2  0 -3  4 1 0 0 0 0.02
-3 -4 -2 -1 -3 -3 -3 -5 -2  4  3 -3  0  0 -5 -3 -2 -4 -3  3 0 0 1 0 0.02
-2 -2  2  1  0  0 -1  2 -2 -2 -3  0 -3 -4  2  1  3 -5 -2 -1 0 0 1 1 0.02
-1 -1 -1  2 -4  0  4 -2 -1 -1 -1  0 -2 -3  2 -1 -2 -5 -3  0 1 0 0 1 0.02
-1 -2 -1  4 -6  1  5 -2 -2 -5 -5 -1 -4 -5 -3 -1 -3 -5  0 -4 1 0 0 1 0.02
-2  0 -1  1 -5 -1  5 -2 -3  2 -1  0 -3 -4 -4 -2 -3 -5 -3 -3 1 0 0 1 0.02
-3 -5 -6 -6 -2 -4 -4 -6 -4  3  5 -4  2  0 -5 -5 -4 -1 -3  0 1 0 0 0 0.02
-2  4 -1  0 -4  1  3 -3 -1 -1 -1  4 -1 -3 -3 -2 -1 -3 -3 -2 1 0 0 1 0.02
 1  1  1  2 -3  1  2 -2 -1 -3 -2  2 -2 -4 -3  0 -1 -4 -3 -2 1 0 0 1 0.02
-2  0 -4 -4 -3 -2 -3 -4 -3  2  3  3  1 -2 -4 -2 -2 -2  1  1 1 0 0 0 0.02
-2 -4 -4 -4 -2 -3 -1 -5 -4  2  5 -3  2  0 -4 -3 -2 -3  0  1 1 0 0 0 0.02
 0  1  0  1 -4  1  4 -2 -1 -4 -4  3 -3 -5 -2  0 -1 -5 -4 -4 1 0 0 1 0.02
-2 -1  1  0 -5 -1  3  4 -3 -4 -4  3 -2 -5 -3 -1 -1 -5 -4 -4 0 0 1 1 0.02
-2  5  0 -2 -5  0 -1 -1 -2 -5 -5  5 -2 -5 -1 -2 -3 -5 -3 -4 0 0 1 1 0.01
-1 -1  2  0 -4  0  1  0  1 -4 -4  1 -4 -5  5  0 -1 -5 -4 -3 0 0 1 1 0.01
-3 -3 -4 -4 -4 -3 -3 -3 -2  0  3 -1 -1  2  5 -4 -3 -4 -2 -1 0 0 1 0 0.01
-3  5  1 -3 -3 -1 -2 -4 -2  2 -2  3 -2  1 -2 -1  0 -4 -2  0 0 1 0 0 0.01
 1 -5 -5 -5  6 -4 -5 -2  0  5  1 -5 -1 -1 -5 -3 -3 -5 -3  3 0 1 0 0 0.01
-4 -3 -5 -6 -1 -2 -4 -6 -3 -4  2  4 -3  1 -6 -5 -5 -2  8 -4 0 1 0 0 0.01
 0 -4 -2  1 -4 -3 -3 -5 -4  1  1 -4 -2 -2 -5 -2  3  8  0  1 0 1 0 0 0.01
-1 -6 -4 -5 -6 -5 -5  7 -5 -7 -6 -5 -6 -6 -5 -1 -5  3 -6 -4 0 0 1 0 0.01
-2  0 -3  2  0 -3 -3 -4 -3  0 -1 -3  0  5 -4 -2  2 -2  2  0 0 0 1 0 0.01
 2  3 -2  4 -4 -2  4 -1 -3 -4 -3 -2 -4 -5 -3 -1 -2 -5 -4 -4 0 0 1 0 0.01
-4 -5 -5 -5 -2 -5 -4 -5 -5 -2 -5 -4 -5 -6  8 -4  1 -6 -6 -4 0 0 1 0 0.01
-2 -2 -2 -4  0 -3 -4 -4 -4 -4 -3 -3 -4 -5 -4  4  6 -5 -4 -3 0 0 1 0 0.01
 2 -4 -3 -2 -4 -2 -4  6 -4 -5 -4 -3 -4 -5  0 -1 -3  1 -5 -4 0 0 1 0 0.01
-3  4 -2  0 -4 -1 -1 -2 -1 -3 -1  3 -1 -1  4 -2 -2  1 -2 -3 0 0 1 1 0.01
-3 -2 -4 -3 -3 -3 -4 -5 -4  3  3 -4  5 -1  3 -4 -2 -4 -3  0 0 0 1 0 0.01
-5 -3 -2 -3 -7 -4 -2 -4 11 -7 -6 -5 -5 -5 -3 -5 -2 -6 -2 -7 1 0 0 0 0.01
-3 -2 -5 -5  2 -2 -5 -6 -5  5  4 -4  0 -2 -5 -4 -3 -4 -4  1 1 0 0 0 0.01
 2 -5 -4 -4 -5 -4 -3  7 -5 -6 -6 -2 -5 -6 -4 -2 -3 -5 -6 -5 1 0 0 0 0.01
-4 -4 -3 -4 -6  4 -3 -5  9 -5 -5 -4 -1 -2 -5 -3 -2  4  4 -5 1 0 0 0 0.01
 0 -4 -3 -4 -2 -3 -4  1 -3  0  2 -3  0  3 -4 -1  2 -1  4 -1 1 0 0 0 0.01
-3 -5 -6 -6 -2 -5 -5 -6 -6  4  1 -5 -1 -3 -5 -3 -2 -6 -4  6 1 0 0 0 0.01
-2 -3 -2 -4 -3 -2 -3  2 -4 -1  0  1  1 -4  4 -1  0  3 -3  1 1 0 0 0 0.01
 1 -3 -4 -4 -2 -3 -4 -4 -4  1  3 -3  3  2 -4  2  0  0 -3  0 1 0 0 0 0.01
-2  2  2 -3 -3  0 -2 -3  0  2  2 -1  1  0 -4 -1 -1 -1  0  0 1 0 0 0 0.01
-1  1  1 -4 -5  0 -2 -4 -2 -3 -4  7 -2 -1 -4 -3 -3 -5 -1 -4 1 0 0 1 0.01
-2  0  2 -3 -2 -3 -3 -4 -3  2  3 -2  3 -1 -4 -2  1 -4 -2  2 1 0 0 0 0.01
 2  6  2 -4 -5 -2 -3 -3 -3 -1 -3  2 -1 -3 -4 -2 -3  0 -4 -2 1 0 0 0 0.01
-1 -1 -2  4 -4  4  1 -3  1 -2 -3  1 -3 -3 -4 -2 -1  4 -3  1 1 0 0 1 0.01
-3 -2 -5 -4  0 -3 -2 -5 -4  0  4 -3  3  6 -5 -4 -4  0 -1 -2 1 0 0 0 0.01
-3 -2 -4 -4 -5  7 -2 -5 -2 -1  2 -2  0 -4 -5 -2  0 -5 -4  1 1 0 0 0 0.01
-1  1  2  3 -5  3  2 -4  0 -4 -4  3 -4 -5 -3 -1 -2 -5 -3 -4 1 0 0 1 0.01
 4 -3  0  1  0 -2 -1 -3 -1 -2  1 -3 -1  2 -3  1 -2 -4 -2 -2 0 0 1 1 0.01
-3 -2 -2  0 -6 -3 -2  7 -3 -6 -6 -2 -5 -6 -5 -2 -3 -6 -6 -6 0 0 1 1 0.01
-1 -4 -2 -1  5 -3 -3 -1  6  0 -2 -4 -2  2 -4 -3 -2 -3  3  1 0 0 1 0 0.01
-3  1  2  2 -4  2  4 -3  2 -1 -3  2 -3 -4 -3 -1  1 -5 -3 -3 0 0 1 1 0.01
-1 -4 -4 -5  2 -2 -4 -4 -4  2  0 -4  3  1 -1 -1 -1 -4 -2  5 0 1 0 0 0.01
-3 -2 -2 -4 -3 -1 -3 -4 -2  2 -1  2 -1  3 -4 -2  2 -3  4  2 0 1 0 0 0.01
-3 -5 -5 -6 -2 -5 -5 -6 -5  5  1 -5 -1  5 -4 -5 -3 -4 -1  3 0 1 0 0 0.02
-3 -4 -5 -5 -4  1 -1 -5 -4  2  4 -4  4  1 -3 -3 -3  4 -1 -1 0 1 0 0 0.02
-3 -3 -5 -5 -4 -4 -2 -5 -5  6  2 -4  1  1 -5 -4 -3 -1  0  2 0 1 0 0 0.03
 5 -4 -2 -2 -4 -4 -4  3 -4 -2 -3 -4 -4 -5 -1 -2  1 -5 -4 -2 0 1 0 0 0.02
-3 -5  1  8 -6 -4 -2 -4 -5 -4 -6 -4 -6 -6 -5 -3 -1 -7 -6 -6 1 0 0 0 0.02
-1 -4 -3  1 -4 -1 -2 -3 -4  1  1 -3 -1  4 -4 -2 -2  8  0  1 1 0 0 0 0.02
-2 -3 -3 -4 -5  3  1 -5  7 -3 -4 -3 -4  2 -4 -2  3 -4  2 -2 1 0 0 0 0.02
 6 -3 -4 -4 -4 -3 -3  1 -4 -4 -4  1 -4 -5 -2  0 -1 -5 -4 -3 1 0 0 0 0.03
-3  0 -3 -4 -3  1 -2 -4  1 -2  2 -2  3  4 -4 -3 -2  4  3 -2 1 0 0 0 0.03
-3 -4 -4 -5 -4 -2 -4 -5 -5  4  4 -4  3 -1 -3 -3  2  1 -3  0 1 0 0 0 0.03
-1  1  4  4 -4 -2 -1  3 -3 -4 -3 -2 -4 -2 -3 -2 -1 -4 -4 -1 0 0 1 1 0.02
-3 -2  6  5 -5 -2 -2 -2  0 -4 -6  1 -5 -5 -4 -1 -1 -6 -1 -5 0 0 1 1 0.02
 0 -1 -3 -2  0 -1 -1 -3 -3 -2 -1  2  3 -1  4 -1 -2 -2  2 -1 0 0 1 1 0.02
-2  1 -1  0 -2 -2  0  2 -1 -3 -4  4 -3 -4 -2  2  1 -4 -4 -1 0 0 1 1 0.02
 0 -3  1  1  0 -2 -1  4  1 -2 -3 -3 -3 -1 -2  0 -1 -4 -1 -3 0 0 1 0 0.02
-2  0  1  2 -1 -2  0 -3 -3 -4 -4  2 -1 -2  5  0  2 -5 -4 -3 0 0 1 1 0.02
-1 -1 -1 -1 -1  0  3 -3 -3 -1  2 -1  3  0 -3  0 -2  5  0 -2 1 0 0 1 0.02
-3 -3  1  3 -6  2  5 -1 -3 -6 -6  2 -5 -6 -3 -1  0 -6 -5 -5 1 0 0 1 0.02
-2 -2 -3 -4 -4  0  0 -5 -4  2  2  1  0 -2 -4 -3  0 -1 -3  4 1 0 0 0 0.02
-1  2 -1 -1 -4 -1  1 -5 -4  4  1 -1  0 -3 -4 -1 -2 -5 -4  2 1 0 0 0 0.02
 0  3 -1  0 -4  4  4 -3 -2 -5 -4  3 -3 -5 -4 -1 -3 -6 -5 -3 1 0 0 1 0.02
-1 -1  5 -1 -3  0 -1 -3  3  0 -1  0 -1 -2 -2 -1  2 -4  0  0 1 0 0 1 0.02
 4  5 -1 -4 -4 -1 -3 -2 -4 -1 -2 -1 -1 -4 -4 -1 -1 -5 -4  1 1 0 0 0 0.02
 2  0 -1 -2 -1  1  1  1 -2 -2 -1  1 -1 -3 -1  0  0 -4 -2  0 1 0 0 0 0.02
-2  1  0  1 -3  1  2 -2 -1 -2 -3  1 -2 -3 -3  0  4  0 -3 -2 1 0 0 1 0.01
-2 -4 -3 -4 -5 -3 -3 -3 -1 -2 -1 -4 -2  0 -5 -4 -2 -2  9 -3 1 0 0 0 0.01
-1  0  0 -3 -2  1  0 -3 -1 -1  0  1  1  2 -3 -1  0 -2  5 -1 1 0 0 0 0.01
-1  2 -1  0 -4  2  4 -3 -1  0 -2  1 -2 -4 -3 -1 -1 -4 -2 -1 1 0 0 1 0.01
-2  0  3 -1 -3  6  3 -4  0 -4 -4  0 -2 -1 -4 -2 -3 -3 -1 -1 1 0 0 1 0.01
 2 -3 -2 -4  2  0 -2 -3 -4  3  0 -3  0 -1 -4 -3 -1 -3 -3  4 1 0 0 0 0.01
-1 -2 -4 -4 -3 -4 -4 -1 -4  4  1 -4  1  5 -5 -3 -3  5  1  1 1 0 0 0 0.01
-2  2 -2  1 -5  0  1 -3 -3 -3 -2  6 -2 -5 -2 -2 -1 -5 -4 -4 1 0 0 0 0.01
 3 -2 -2 -2 -2 -2 -2 -2 -4  4 -1 -1 -1 -3 -1 -1 -1 -4  0  2 1 0 0 0 0.01
 1 -3  0 -3 -1 -1 -2 -3 -3  1  4 -3  3 -2 -3 -1 -2 -3  0  1 1 0 0 0 0.01
-1 -1 -1  2  0 -2 -1 -1 -2  0  3 -1  0  1 -1 -1 -1  0 -1 -1 1 0 0 0 0.02
-1  1 -1  2 -2  1  2 -1 -1 -1 -1  2 -1 -1  2  0 -1 -2 -2 -1 1 0 0 1 0.02
 3 -1 -1 -1 -2  0  0 -1 -1 -2 -2 -1 -1 -1 -2  3  1 -1 -1 -1 1 0 0 0 0.03
 0 -1 -2 -1  2 -1 -1 -2 -1  2  1 -1  0  0 -1 -1  0 -2  1  2 1 0 0 0 0.03
-1 -1  0 -1  0 -2 -2  5 -1 -3 -2 -1 -2 -2 -2 -1  0 -3 -3 -1 0 0 1 1 0.04
-1 -1 -2 -1  0 -1 -1 -1 -2  2  2 -2  3  0 -1 -2 -1 -2 -1  2 0 0 1 0 0.03
-2 -2  1  6 -3  1 -1 -2 -2 -1 -4 -2 -4 -4  2 -1 -2 -4 -4 -2 0 0 1 1 0.03
-2 -1 -3 -4 -2 -2 -1 -3 -3  0  1 -3  2 -1  6 -1  0 -4 -4 -1 0 0 1 1 0.03
 0 -2  0  4 -4  0  4 -1  0 -4 -4 -1 -3  0 -3  1  0 -4 -3 -3 0 0 1 1 0.02
-3  3  2 -3 -6  0 -2 -3 -1 -5 -3  6 -3 -6 -3 -2 -2 -6 -5 -4 0 0 1 1 0.02
-1 -4 -4 -5  0 -4 -4 -5 -5  2  1 -3 -1 -1 -2  2  5 -5 -4  2 0 1 0 0 0.02
-2  2  0 -1 -3  0  4 -4 -1 -3 -2  3 -4 -2 -4 -2  3 -5 -3 -2 0 1 0 0 0.02
-5 -6 -7 -3 -2 -6 -6 -7 -2  5  0 -6 -1  6 -7 -6 -4  3  1  3 0 1 0 0 0.01
-2  2 -2 -4  0 -3 -3 -5  1  2  0 -2  1  3 -5 -4 -2 -1  0  4 0 1 0 0 0.01
-4  0 -3 -1 -3  1 -1 -4  0  1  0 -1 -1  4 -4 -1 -2  6  4  0 0 1 0 0 0.01
 1 -2  5 -2 -3  3 -2  3 -3 -6 -3 -2 -5 -1 -5  0 -3 -6 -2 -5 0 0 1 0 0.01
-1 -3  0 -2 -5 -1 -1 -1 -3 -6 -6 -3 -2 -4 -5  6  2  1 -5 -5 0 0 1 0 0.01
-2 -2 -2  4 -3  2  4 -3 -1 -2 -4 -1  1 -3 -4  2 -1 -5 -2 -3 0 0 1 1 0.01
-5 -3 -3 -4 -5 -3  0 -4 -2  2 -1 -4 -1  2 -1 -5 -5  9  4  0 1 0 0 0 0.01
-1  0 -2 -1 -2  3  1 -2  0  0  0  0  0 -2  3 -1 -1  4 -1  0 1 0 0 0 0.01
-1 -2  0 -3  0 -2  2 -3  1 -1  3  0  3  1 -4 -1 -2 -2 -1 -2 0 0 1 1 0.01
 0 -2  2  2  0 -1  0  1 -2 -2  1  0 -3 -4 -1  2  0 -4 -4 -2 0 0 1 1 0.01
 1  1  0  0 -1  0  1 -1 -1 -3 -1  2 -1 -2  3  0  0 -4 -2 -3 1 0 0 1 0.01
-2 -2 -2  3 -5 -2  5 -4 -1 -3  2  0  4 -2 -3 -2 -2 -3 -4 -3 1 0 0 1 0.01
-4 -3 -1 -2 -5 -3 -4  0  1 -4  1 -3 -2  1 -4  0  0 -2  8 -4 1 0 0 0 0.01
 1 -4 -2 -4 -2 -2 -3 -4 -4  0 -1 -3  0  2 -1  0  3  8 -1  0 1 0 0 0 0.01
 1  0 -1 -2 -3  0  1 -2 -1 -1  2 -1  3  1  1  0  0 -3 -1 -1 1 0 0 0 0.01
-3  0  0  5 -4 -1  1  0 -1 -2  1 -1 -1 -1 -4 -2 -2 -4  2 -3 1 0 0 0 0.01
-2 -3 -3 -6 -3 -3 -5 -5 -4  2  2 -4  4  1 -5 -4 -3 -2  3  4 1 0 0 0 0.01
-3 -5 -4 -5 -4 -4 -4 -4  0  4  3 -4  5  1 -5 -2 -3  2  4  0 1 0 0 0 0.01
-3  4  2  3 -5  1  1 -1 -2 -4 -3  3 -2 -4 -1 -2 -1 -5 -4 -4 1 0 0 0 0.01
-4 -4 -5 -6 -4 -5 -6 -7 -6  3  5 -4  3  0 -5 -5 -3 -5 -4  1 1 0 0 0 0.01
 4 -4 -1 -4  2 -3 -3 -3 -3 -2 -1 -4 -1 -2 -3  2  0 -5 -4  1 1 0 0 0 0.01
 1  3 -1 -2 -2  0 -2 -2 -2 -2 -2  0  0 -4 -4  3  2 -5 -4 -2 1 0 0 0 0.01
-2  1  0 -2 -3  0 -1 -3  1  0  0  2  1 -3 -1  0  2 -3 -2  2 1 0 0 1 0.02
-1 -4  1 -3  1 -3 -4 -4 -3  1 -1 -3  1  0 -3  0  3 -4  0  4 1 0 0 0 0.02
 2  2  1 -2 -4 -1 -2 -2 -3 -4 -5 -2 -4 -5 -2  3  5 -5 -4 -3 1 0 0 0 0.02
-3  3 -4 -4 -4  3  1 -4 -3  0  3 -1  0 -2 -4 -3 -3 -4 -3  2 1 0 0 0 0.03
 1  0  2 -1 -4  1  0 -3  4 -3 -2  1  5 -4 -1  0 -1 -4 -3 -2 1 0 0 1 0.03
-3  6 -3  3 -5  0 -2 -5 -1 -1  2 -1 -1 -4 -2 -1 -3 -5 -2 -3 1 0 0 1 0.05
 3 -2  2 -2  0 -1  2 -2 -3  1  0 -2  2 -2 -3 -1  0 -4 -3  1 1 0 0 0 0.06
-3  5 -3 -4 -5  0 -2 -5 -1 -3 -1  3  1 -1  2 -3 -2 -3 -2 -1 1 0 0 1 0.06
-2  4 -2  3 -5 -1  2 -4  1 -5 -5  3 -4 -4 -2  0  1 -5 -4 -4 1 0 0 1 0.07
 2 -1 -1  4  5 -2 -1 -2 -4 -2 -3 -3  1 -3 -3  1  0 -5 -4  1 1 0 0 0 0.08
-1 -3 -2 -4  2 -3 -2  2 -3 -2  0  1  4  5 -4 -1 -2 -1 -1 -2 1 0 0 0 0.08
 2  0 -1  1  1  2  0 -2  0 -2 -3  1 -3 -4 -1  2  2 -4 -3 -2 1 0 0 1 0.09
-1 -1  0  0 -5  1  5 -4 -2  2 -3  3 -1 -3 -4 -2 -3 -4 -3 -2 1 0 0 1 0.10
-2  4 -1 -4 -4 -2 -2 -5 -3  3 -1 -2  4 -3  0 -3 -2 -4 -1  3 1 0 0 1 0.10
-1 -1 -3 -3 -1 -1 -2  3 -1 -1 -1 -1  2  2 -1 -1 -2  0  4  1 1 0 0 1 0.10
 0  4  0 -2 -4  1  0  1  0 -4 -3  3 -2 -3 -2 -1 -1 -4 -1 -3 0 0 1 1 0.10
 0  0  2  0 -3  3  2 -1 -1 -1 -2  0 -2  2 -3  1 -1 -3  0 -2 0 0 1 1 0.10
-1 -2  2  0 -3  0  0  3 -1 -1 -2  0  0  0 -3  0  1 -3 -2  0 0 0 1 1 0.10
 0 -1  0  2 -2  2  4 -1 -2 -3 -3  0 -3 -4 -3 -1  0 -4 -2 -3 0 0 1 1 0.09
-1 -2  3  1 -3  0  1 -2  0 -3 -4 -1 -4 -4  4  2  0 -5 -3 -4 0 0 1 1 0.07
 0 -3 -3 -1 -3 -1 -2 -1 -2  4  1 -2  0 -2  3  0 -1 -4 -3  1 0 0 1 1 0.06
 1 -2  0 -1 -3 -2 -1 -2 -1 -2  0  0  1 -2  4  2  0 -4 -1 -1 0 0 1 1 0.07
 0 -4 -4 -5 -1 -3 -4 -4 -4  3  3 -4  2  0 -2 -2 -1 -4 -1  3 1 0 0 0 0.06
 2 -4 -2 -2 -3 -3 -3  3  6 -4 -4 -3 -3 -5 -3  4 -2 -5 -2 -3 1 0 0 0 0.04
-2 -3 -3 -1 -4  3  4  1 -1 -3 -2 -1  0  3 -1 -1 -3 -2 -1 -3 1 0 0 0 0.04
-3 -5 -5 -6 -2 -4 -5 -5 -5  3  3 -5  2  6 -5 -5 -3 -3 -1  1 1 0 0 0 0.04
-3 -4 -4 -5  1 -4 -4 -2 -4  3  3 -2  2  4 -5 -3 -1 -2 -2  1 1 0 0 0 0.03
-6 -6 -4 -7  0 -6 -6 -7 -3 -5 -4 -6 -5 -1 -7 -6 -3 -2 10 -4 0 0 1 0 0.03
-3 -6 -6 -5 -2 -5 -5 -6 -6 -4 -6 -5 -6 -7  8 -4 -2 -7 -6 -1 1 0 0 0 0.02
 0 -4 -4 -5  5 -4 -4 -1 -5  3  4 -4  0 -2 -2 -3 -3 -4 -4  2 1 0 0 0 0.02
-1 -4 -5 -5 -2 -4 -5 -5 -2  1  3 -4  8 -2 -5  1 -3 -3 -3  0 1 0 0 0 0.03
-5 -3 -4 -5 -7  9 -3 -6 -4 -7 -4 -3 -2 -7 -1 -4 -5 -6 -6 -6 1 0 0 0 0.03
 4 -4 -4 -4  5 -4 -3  3 -4 -1 -2 -4 -2 -4 -4 -1  0 -2 -4  2 1 0 0 0 0.02
 4 -4 -2 -5 -3 -3 -4 -3 -2 -2  2 -4 -1 -1 -4  0 -2  1  5 -1 0 0 1 0 0.02
-1 -5 -3  8 -6 -4 -2 -3 -5 -6 -7 -1 -6 -7  1 -2 -4 -7 -6 -5 0 0 1 0 0.02
-3 -4 -3 -3 -2 -3  2 -3 -4  5 -2 -4  0 -4 -4  3  1 -5 -4  0 1 0 0 0 0.02
-1 -3 -3 -3 -3  1  2 -4 -1 -1  0 -2  0  4 -4 -3  1  0 -1  3 1 0 0 0 0.02
 3 -3 -3 -3  1 -2  0 -2  2 -2 -2 -1  1  4 -4 -2 -2 -3  4 -2 1 0 0 0 0.02
-4 -4 -5 -5 -2 -1 -1 -3 -1  1  5 -4  2  3 -2 -4 -2 -3 -2  0 0 0 1 0 0.01
-3  1  1  3 -4  1  2  1 -1 -5 -5  5 -4 -5 -4 -2 -3 -5 -4 -4 0 0 1 1 0.01
 5 -2 -3 -4  2 -4 -4 -2 -4 -1 -2 -2 -1 -4 -3  0 -2 -5 -4  3 0 0 1 0 0.01
-4 -1  0  7 -6 -3 -1 -5  2 -4 -6 -3 -6 -6 -3 -3  0 -7 -6 -6 0 0 1 0 0.01
 0 -4 -4 -5  2 -4 -4 -2 -3  4  1 -4  0  0 -4 -3  0 -4 -2  3 0 1 0 0 0.01
 1 -3 -4 -3  4  3  4 -4 -4 -2 -2 -3 -3 -4 -2 -3 -3  5 -4  2 0 1 0 0 0.01
-3 -4 -4 -5 -3  1 -3 -3  1  1  3 -4  1  3  3 -4 -3 -4 -1  0 0 1 0 0 0.01
 0 -5 -4 -5 -3 -4 -5  6 -5 -3  1 -4 -1 -1 -5 -3 -4 -5 -4  2 0 0 1 0 0.01
-1 -5 -4 -5 -5 -5 -5  7 -5 -6 -6 -5 -6 -6 -5 -1 -5 -5 -6 -6 0 0 1 0 0.01
-2 -3 -1 -1 -3 -3  1 -4 -3  2  0 -1  5 -3 -4 -1  4 -4 -3  1 0 0 1 1 0.01
-5 -5 -3  8 -7 -4  1 -4 -5 -6 -7 -4 -6 -6 -5 -3 -5 -7 -3 -6 0 0 1 1 0.01
-5 -3 -2 -3 -6  9 -2 -6 -2 -6 -4 -2 -4 -7 -5 -4 -5 -6 -5 -6 1 0 0 0 0.01
-2  6 -3  0 -5 -1  0 -4  3 -3  0  3 -1 -4 -4 -3 -2 -1 -2 -2 1 0 0 0 0.01
-3  0 -2  0 -5 -3 -1 -1 -1 -4 -4  4 -4  5  4 -3 -3 -3 -1 -4 1 0 0 0 0.01
 0 -4  5 -3 -4 -3 -4 -3  1  3  0 -3  4 -3 -4 -2 -2 -4  1  2 1 0 0 0 0.01
-3 -4  3 -4 -1 -3 -3 -4  4  2  3 -4 -1  4 -5 -4 -3  2  0 -1 1 0 0 0 0.01
-1  0 -2 -3 -4 -2  2 -4 -4  0  3 -2  6 -3 -4 -3  0 -4 -4  1 1 0 0 0 0.01
-1 -2 -4 -5 -1  2 -4 -5 -2  0  3 -3  5  1 -4 -3 -2 -4 -1  2 1 0 0 0 0.01
 4 -4 -2 -4  1 -2 -4  5 -4 -2 -5 -4 -4 -5 -4  0  0 -5 -5 -2 1 0 0 0 0.01
-3  7 -2 -3 -2 -1  1 -3 -4 -2 -3  0 -2 -6 -5 -4 -2 -6 -5 -4 1 0 0 0 0.01
-2 -1  0  3 -5  0  5 -3  1 -4 -4  1 -2 -3 -4 -2  0 -5 -3 -4 1 0 0 1 0.01
-3 -4 -1 -4 -2 -2 -3 -4 -1  3  3 -3  0  1 -4 -3 -1  3  4  1 1 0 0 0 0.01
 0 -3 -4 -4  3  6 -3 -3 -1 -2  2 -3  2 -1 -4 -2 -3 -4 -2  1 1 0 0 0 0.01
-2  3 -1  0 -5  0  2 -2  2 -3 -4  2 -4 -5  5 -2 -2 -5 -4 -4 1 0 0 1 0.02
 0  2  0  1 -4  1  1 -2  3 -2 -2  3 -1 -2 -3  1 -1  0 -2 -2 1 0 0 1 0.02
-2 -2 -3 -3 -2 -2 -2 -5  0  1  2 -1  2  4 -4 -3 -2  0  5  0 0 0 1 0 0.02
-2 -1  3  0 -5 -2 -2  6 -2 -5 -5  1 -5 -3 -4 -2 -4 -5 -5 -4 0 0 1 1 0.01
-2  1 -1 -3 -3  4 -2 -2  1 -1 -1  0  2  1 -4 -1 -2  1  5 -2 0 0 1 1 0.01
 0  1 -1  0 -2 -1  3 -1 -1 -1 -3  4 -2 -3  0 -1 -1 -2  1 -1 0 0 1 1 0.01
-1 -1 -3 -3 -5  0  0 -3 -2 -4 -4  4 -3 -4  5 -1 -2 -5  3 -1 0 0 1 1 0.01
-1  4 -2 -3 -3  6 -1 -1 -1 -5 -5 -1 -5 -6  4 -3 -3 -6 -5 -3 0 0 1 1 0.01
 2 -4 -4 -3  3 -2  0 -3 -3  3 -1 -3 -1  0 -1 -2  0 -2 -3  4 0 1 0 0 0.01
 2 -3 -3 -3  4 -2 -3 -1  5  3 -2 -4 -2 -1 -4 -2  0 -5 -3  3 0 1 0 0 0.01
-4 -5 -6 -4 -4 -5 -5 -4 -5  3  5 -5  3 -1 -2 -4 -4 -5 -2  1 0 1 0 0 0.01
-3 -3 -4 -3 -1 -2 -2 -5  5 -2  0 -3  6  0 -2  0  3 -5 -3  1 0 1 0 0 0.01
-3 -3  3 -2 -4 -2  1 -4  4 -3  0 -3  6 -1 -3  0  1 -3 -3  0 0 0 1 0 0.01
-2 -2 -2 -5 -4 -4 -4 -1  3 -5 -6 -1 -6 -4  8 -3 -3 -6 -1 -4 0 0 1 1 0.02
-4  3 -5 -5 -2 -4 -5 -5 -4  3  4 -3  6  0 -4 -4 -2 -4 -4 -2 0 0 1 0 0.03
-4 -3 -5 -4 -2 -4 -4 -6 -5  2  5 -5  1 -3 -3 -5 -3 -4 -2  2 0 0 1 0 0.05
-2 -2 -2 -3 -5 -3  3 -4 -2 -2 -2 -3  0 -5  6 -2 -1 -1 -4  1 0 0 1 1 0.06
-2 -5 -2 -2 -5 -5 -3  7 -5 -6 -4 -4 -5 -6 -2  0 -4 -5 -6 -6 0 0 1 1 0.11
-4 -5 -5 -5 -4 -5 -5 -5 -5  2  6 -5  0 -2 -4 -4  2 -4 -4 -1 0 0 1 0 0.22
-2 -3  0  6 -5  1  0 -3 -2 -3 -3  0 -4 -3 -4  0  1 -5 -4 -2 0 0 1 1 0.27
-3 -4 -2 -3 -4  2 -2  7 -5 -3 -6 -3 -5 -3 -4 -2 -4 -5 -5 -5 0 0 1 1 0.40
-1 -2  1 -1 -3 -1  1  2 -2  0 -2  2 -1 -3  0  0  0 -4 -1  2 0 0 1 1 0.42
 1  0  0 -1 -5  2  2 -1 -1 -3 -3  5 -3 -5 -1 -2 -2 -5 -4 -4 0 0 1 1 0.43
-3 -1 -5 -3 -6 -2 -4 -5 -5 -4 -2  6  8 -2 -5 -4 -4 -6 -5 -4 0 0 1 1 0.46
-3 -5 -4 -5 -5  0 -2 -5 -5 -3 -3 -4  9 -4 -3  5 -3 -5 -5 -4 0 0 1 1 0.45
 1 -2  1 -3 -4 -3 -2 -2 -4 -5 -5  3 -4 -2 -4  6 -2 -5 -5 -5 0 0 1 1 0.39
 0 -1 -1 -3 -4 -1 -2 -3 -3 -4 -2  4 -4 -5 -3  5  0 -5 -4 -4 0 0 1 1 0.40
-1 -1  1  3 -4 -1  0 -3  0 -2 -3  0 -3 -1 -3  4  0 -4 -3 -1 0 0 1 1 0.47
 0 -3 -2 -1 -4 -1  1 -3 -3 -2  2  1 -1 -1  5 -2 -2 -4 -1 -2 0 0 1 1 0.37
-1 -1  3  2 -2 -1  1  4  1 -4 -3  0 -2 -3 -3  0 -2 -4 -2 -4 0 0 1 1 0.27
-2 -1  6 -2 -2 -3 -3 -1 -3 -3 -3 -3 -4 -4 -2  3  1  2 -4 -1 0 0 1 0 0.23
 2 -2 -1 -3  1  0 -1 -2 -1 -2 -2  2  0 -1 -3 -1  1 -2  5 -2 0 1 0 0 0.23
-4 -5 -6 -6 -4 -5 -6 -6 -5  7  0 -5 -2  0 -5 -5 -4 -5  0  2 0 1 0 0 0.14
 0 -3 -2  2 -1 -3 -2  2 -3 -3 -2 -2 -1  4 -1  0 -1 -2  3 -3 0 1 0 0 0.10
-2 -4 -5 -5 -3 -4 -4 -5 -4  3  3 -4  5  3 -1 -4 -2 -3 -2  2 0 1 0 0 0.07
 0 -1  0  1 -2 -1  2 -2  3 -2  1 -1  0 -2 -3  1  1 -3 -1 -2 0 0 1 1 0.06
-2 -4 -1  7 -5 -2  3 -4  0 -5 -4 -3 -2 -5 -4 -1 -3 -1 -5 -2 0 0 1 0 0.05
 0 -2  0  3 -3 -1  1 -2 -1 -4 -1 -1 -2 -4  2  3  1 -4 -4 -3 0 0 1 1 0.03
 1 -1 -2  0 -4  0  1 -3 -2 -3 -4  1 -2 -4  6 -1 -1 -5 -3 -2 1 0 0 1 0.03
 0 -1  2  3 -4  1  4 -1 -1 -3 -2  1 -3 -3 -2 -1 -2 -4 -2 -2 1 0 0 1 0.02
 0 -2 -1  4 -4  1  3 -4  1 -2 -3 -2 -2 -3 -3  0  1 -5 -4  0 1 0 0 1 0.02
-3 -5 -5 -6 -4 -2 -5 -6 -5  5  0 -2  6 -3 -5 -4 -3 -5 -4  4 1 0 0 0 0.02
-1  1  1 -2  0 -1  1 -2 -1 -2 -2  2 -2  4 -4  0 -1  0  3 -2 1 0 0 1 0.02
-1  2 -1  0 -4  1  1  3  0 -4 -2  4 -3 -1 -3  0 -1 -4 -3 -3 1 0 0 1 0.02
-1  1 -4 -4 -6 -2 -3 -4 -4 -2 -5  8 -5 -6 -5 -4 -4 -6 -5 -5 1 0 0 0 0.02
-2 -5 -5 -5 -2 -4 -5 -5 -5  6  3 -5  2 -2 -3 -4 -1 -5 -4  3 1 0 0 0 0.03
-2  2  1 -3 -5 -1  1 -3 -1 -3 -1  3  7 -3 -4 -1 -3  1 -2 -3 1 0 0 1 0.02
-1  1  0  0 -1  1 -1  0  0 -4 -5  4 -3 -5 -3  4 -1 -5 -2 -4 1 0 0 1 0.02
 5 -3 -3 -3  0 -2 -2 -1 -3  0 -1 -2  5 -3 -2 -1 -1 -3 -3 -1 1 0 0 0 0.03
-2 -2 -2 -2 -3 -2 -2 -3  0 -1 -1 -2 -2  5  1 -2 -2  0  6 -1 0 0 1 0 0.03
 0 -3 -2  2  9 -3 -3 -1 -3 -3 -3 -2 -3 -3 -3 -2  1  1 -3 -3 0 0 1 0 0.03
 0 -2 -1  2 -3 -2  2 -2 -2 -2 -3  1 -1 -3  6 -1 -1 -3 -3 -2 0 0 1 1 0.03
 0 -2 -2 -1 -3  1  0 -2 -2  0 -2 -1  0 -3  6 -1  0 -3 -3 -2 0 0 1 1 0.03
-1  2  0 -1 -3  0 -1  4 -2 -2 -1  2  1 -3 -1 -1 -1 -2 -2 -2 0 0 1 1 0.02
-1 -1  1  1 -2  1  3 -2  1  0 -1  0 -1 -2 -1  0  0 -3 -2  1 0 0 1 1 0.02
 0 -3 -3 -3 -2 -2 -1 -4 -4  5  0 -2 -2 -3 -3 -2  1 -4 -3  4 0 0 1 0 0.02
-1 -1 -1  1 -3  0  5 -2 -2 -3 -2  0 -3 -3  2  2 -1 -4 -2 -2 0 0 1 1 0.02
-2 -3  2  5 -2 -2  0  4 -3 -4 -4 -1 -3 -2 -4 -2 -2 -5 -2 -3 0 0 1 1 0.01
-3 -3  8  1 -5 -2  2 -3 -2 -5 -6 -2 -5 -5 -3 -1 -1 -6 -5 -4 0 0 1 0 0.01
-2 -4 -4 -4 -3 -4 -4  2 -3 -2  3 -4  1 -3  6 -3 -1 -5 -4 -2 0 0 1 0 0.01
-3 -4 -5 -3  4 -4 -3 -4 -3  3  1 -4  5 -3 -3 -4 -2 -5 -4  4 0 0 1 0 0.01
-2 -4 -5 -5 -4 -4 -3 -3 -4  2  4 -4  1  3 -2 -4 -3  6 -1 -1 0 0 1 0 0.01
 0  3 -1  2 -4  1  3 -2 -1 -3 -3  0 -2 -4 -2  1  1 -4 -3 -3 0 0 1 1 0.01
-4 -5 -3 -5 -5 -4 -5 -5 -3  3  0 -3 -1  4 -5 -4 -3  3  8 -2 1 0 0 0 0.01
 0 -3 -2 -3  0 -3 -2 -4 -3  2  2 -3  0  4 -4 -2 -1  0  3  1 1 0 0 0 0.01
-2  2  0  2 -4  2  4 -3 -1 -4 -4  4 -3 -4 -3 -2 -1 -5 -2 -3 0 1 0 1 0.01
-2 -3 -1 -1  1 -2 -2 -4  4 -2  2 -3 -1  1 -4 -2 -2 -2  6 -2 0 1 0 0 0.01
-2 -3 -3 -3 -1 -3 -3 -4  2  3  3 -3 -1  1 -4 -3 -2 -2 -1  3 0 1 0 0 0.01
 0 -3 -3 -3 -3 -3 -3 -3 -2  4  2 -3 -1 -1 -2  1  1 -4 -2  2 0 1 0 0 0.01
-2 -3 -4 -1 -3 -2 -2 -3 -2  0  2 -3  0  7 -4 -3 -3  1  2 -2 0 1 0 0 0.01
-1  1 -2 -2  0  0 -1 -1  0 -3 -3  0 -2 -4  6  0 -1 -1 -3 -2 0 0 1 0 0.01
 0  2 -1 -1 -2 -1 -1 -2  0  1  0  0 -1 -1  0  0  0  6  1 -1 0 0 1 0 0.01
-1  0 -1  1 -1  0  0 -1  0 -1  0  0  1  2  1 -1 -1 -2  2 -1 0 0 1 0 0.01
 0  0  0  1 -2  0  3  2 -1 -3 -2  0 -2 -3 -1  1  0 -3  0 -2 0 0 1 1 0.01
 0  0 -1  1 -3  0  3 -2  1 -1 -2  1  0 -3  1 -1  1 -3 -1 -2 0 0 1 1 0.02
-2 -3 -2 -3 -2 -2 -3 -3 -3  3  1 -3  0  6 -2 -2 -2  0 -1  1 0 1 0 0 0.02
 1  0  0  0 -1  0  2 -1 -1 -1 -1  0 -1  0 -1  0  1 -1 -1  1 0 1 0 1 0.03
 0 -1 -2 -2 -2 -1  1 -2 -2  3  0 -1 -1  0 -2 -1 -1 -3 -2  3 0 1 0 0 0.03
-1 -1  0  1  0  0  2 -2 -1  0  0  0 -1  1  0 -1 -1  1  0  0 0 0 1 1 0.05
-2  6 -2  0 -2  0 -1 -2 -2 -2 -1  1 -2 -2 -3 -2 -1  1 -3 -2 0 0 1 1 0.06
-1  0  0  2 -3  0  0 -1 -1 -2 -2  2 -2 -3  4  0 -1 -3 -2 -2 0 0 1 1 0.07
 0  1 -1  2 -3  2  4 -2 -1 -2 -2  1 -2 -3  0 -1 -2 -3 -2 -2 1 0 0 1 0.08
-1  0 -1  0 -2  1  2 -1 -1 -1 -2  4 -1 -2 -2 -1 -1 -2 -1  0 1 0 0 1 0.09
-1 -1  2  1 -2  0  0 -1  1 -1 -1 -1 -1  3 -1 -1 -1  1  3 -1 1 0 0 1 0.08
 0 -2 -1 -1 -2 -1  0  5 -1 -2 -1 -2 -2 -1 -1 -1 -1 -2 -2 -2 0 0 1 1 0.09
-1 -1 -1 -1 -3 -2  1  5 -2 -3 -3 -1 -3 -3 -2  1 -1 -3 -3 -3 0 0 1 1 0.08
-2  0  3  4 -2 -1  1  0 -2 -3 -3 -1 -3 -2  2  0  0 -3 -1 -2 0 0 1 1 0.07
-1  1  0 -2 -2 -1 -1 -2 -2  2  2  2  1 -2 -1 -1 -1 -3 -1  1 0 1 0 1 0.06
-1 -1  0  0 -2  0  1 -2  2 -1 -2  0 -2 -2  2  1  2 -3 -2  1 0 1 0 1 0.04
-2 -2 -2 -3 -2 -2 -3 -4 -2  0  1 -3 -1  5 -3 -3 -2 -1  7 -1 0 1 0 0 0.03
 1 -1  1  2 -3  0  2 -2  0 -2 -1  1 -2 -2 -1  1  2  0 -2 -2 0 0 1 1 0.02
-1 -2  3  2  0 -1  2 -2 -2 -3 -2  0 -3 -3 -3  3  1 -4 -3 -3 0 0 1 1 0.02
-1 -4 -4 -4 -3 -3 -3 -3 -1  4  1 -2  2  2 -1 -3 -3 -2  5  1 1 0 0 0 0.02
 1  0  1  3 -3  2  5 -2 -2 -3 -3  1 -4 -5 -2 -1 -1 -4 -4 -3 1 0 0 1 0.02
 0 -1 -1  3 -5  2  5 -3 -2 -4 -4  1 -4 -5 -3 -1 -2 -5 -3 -4 1 0 0 1 0.01
-4 -5 -6 -6 -3 -5 -5 -6 -5  3  5 -4  4  0 -5 -5 -4 -4 -3  0 1 0 0 0 0.01
-1  0 -3 -2 -2  0  4 -4  0 -1 -3  4 -1 -4 -3 -2 -1 -5 -3 -1 1 0 0 0 0.01
 2  1  0  1 -4  1  3 -3 -1 -3 -3  2 -2 -3 -3 -1  0 -4 -3 -2 1 0 0 1 0.01
 2  0 -1  5 -3  0  0 -1  3 -3 -3 -1 -1 -4 -4 -1 -2 -5 -3 -3 1 0 0 1 0.01
-3 -5 -4 -6 -2 -5 -4 -6 -3  0  0 -5  1  5 -6 -5 -4 -2  7  0 1 0 0 0 0.01
 2  2 -1 -2 -3  2  2 -2  0 -1 -1  2 -1 -4 -3  0  0 -4 -3  0 1 0 0 1 0.01
 2  1  2  1 -4  0  2 -3  0 -3 -4  1 -2 -5 -3  3 -1 -5 -4 -4 0 0 1 1 0.02
-3 -2 -1  1 -4 -1  1  6 -4 -6 -5  1 -5 -6 -5 -2 -4 -6 -6 -6 0 0 1 1 0.02
 0  0 -1  0 -2  0  2  1 -2  0 -2  3 -2 -3 -3  0  0 -2 -3 -1 0 0 1 1 0.02
-2 -4 -5 -5 -3 -4 -4 -5 -5  3  5 -4  2 -2 -5 -4 -3 -2 -3  2 0 0 1 0 0.02
-1 -4  3  0 -5 -2 -4  1  8 -5 -3 -4 -4 -4 -4  0  1 -6 -2 -5 0 0 1 1 0.02
-5 -2 -5  2 -1 -4 -1 -5 -6 -7 -7 -3 -7 -8  8 -2 -2 -8 -7 -5 1 0 0 1 0.01
 0  3 -2 -2 -4  2 -1  2 -1 -2 -1  1  4 -1 -2 -1 -1 -4 -2  1 1 0 0 1 0.01
-1 -4 -2  7 -6 -1  2 -4  0 -3 -3  2 -4 -6 -5 -3 -2 -7 -5 -3 1 0 0 1 0.01
 1 -5 -5 -4  2 -5 -6 -5 -6  2  5 -5 -1 -2 -6 -3 -2 -5 -3  3 1 0 0 0 0.01
-6 -2 -3 -4 -8 -2 -3 -6 -4 -8 -7  8 -6 -8 -6 -5 -6 -8 -7 -6 1 0 0 0 0.01
 0  1  1 -1 -4  1  1 -2 -1 -1 -1  2  2 -3  1 -1  0 -4 -3 -1 1 0 0 1 0.01
 3  1 -1 -1 -2  0 -1  0 -1 -1 -1 -1 -1  1 -3  0 -1 -2  1 -1 1 0 0 0 0.01
 0 -6 -6 -7 -2 -5 -5 -6 -6  0  5 -6 -1 -2 -6 -5 -1 -5 -5  4 1 0 0 0 0.01
 5 -4  1 -4 -3 -3  0  0 -4  0 -3 -2 -3 -4 -4  0  1 -6 -4  0 1 0 0 0 0.01
-1  3  1  2 -4  1  2 -1  0 -2 -2  3 -1 -2 -3 -1 -1 -3 -2 -2 1 0 0 1 0.01
 2 -1 -2 -2 -1 -1  3 -2 -1 -1 -2  0 -2 -1 -4 -1 -1 -4  3  1 1 0 0 0 0.01
-5 -6 -7 -7 -5 -6 -6 -7 -2  6  5 -6  2 -2 -6 -6 -4 -6 -4  0 1 0 0 0 0.01
-3 -4  6  0 -2  1  0 -4 -4  2 -3 -4 -3 -4 -5 -3 -1 -3 -3  3 1 0 0 0 0.01
 0  2  0  1 -4  1  3 -2 -1 -4 -3  3 -2 -4 -3  0  0 -3 -3 -3 1 0 0 1 0.01
-2 -1 -4 -4 -2 -2  0 -4 -3  3  3 -3  4  2 -4 -3 -2 -2 -2  0 1 0 0 0 0.01
-3 -4 -5 -4 -4 -4 -4 -5 -4  2  5 -4  2  0 -4 -4 -3 -4 -2  0 0 0 1 0 0.01
 2 -1 -1  2 -2  2  4 -2  0 -4 -3  1 -3 -4 -3 -1 -1 -4 -3 -3 1 0 0 1 0.01
-3  0 -3 -3 -5 -2 -1 -3 -2 -4 -3 -1 -4 -5  8 -3 -2 -5 -5 -4 1 0 0 1 0.01
 0 -4 -4 -4 -3 -4 -4 -3  1  6 -1 -4  0  1 -4 -3 -3 -4 -2  4 1 0 0 0 0.01
-4  7 -3 -3 -5  3 -2 -5 -1 -3 -4 -1 -3 -5 -4 -3 -3 -2 -1 -3 1 0 0 0 0.01
 2  0 -1  2 -5  1  4 -4 -2 -4 -5  3 -4 -4 -4 -2 -2 -5 -4 -4 1 0 0 1 0.02
-1  4 -2 -1 -5  0  1 -4  5 -2 -4  2 -2 -2 -4 -2 -3  1  2 -3 1 0 0 1 0.02
-3 -4 -5 -5  1 -5 -5 -4 -2 -1  1 -5  2  8 -5 -4 -4 -1  3 -2 1 0 0 0 0.03
-1  0  2  1 -4  2  4 -3  4 -3 -3  2 -2 -4 -3  0 -2 -4 -2 -3 0 0 1 1 0.03
-1  1  4  1 -4  0  0  0 -3 -3 -4  0 -4 -5 -2  4  1 -5 -4 -4 0 0 1 1 0.03
-1 -3  1  3 -5 -1  3 -2 -2 -5 -4  2 -3 -5  5 -1 -3 -5 -4 -5 1 0 0 1 0.03
 1 -2 -3  1 -5  0  6 -2  0 -4 -2  0 -4 -2 -3 -2 -3 -5 -3 -3 1 0 0 1 0.03
 2 -2 -3 -2 -3 -2  0 -2 -2 -1  1 -2  2  2 -4 -2 -2  7  1 -1 1 0 0 0 0.03
 2  1 -2 -2 -4  4  0 -3 -2 -2 -3  4 -2 -3 -1 -1 -2 -4 -1 -2 1 0 0 1 0.04
-1  1 -1  1 -5  1  4 -4 -1 -4 -3  4 -4 -5 -4 -1 -3 -5 -3 -2 1 0 0 1 0.04
 1 -2 -3 -1 -3 -2 -2 -4 -3  2  4 -2  1  0 -4 -2 -2 -4 -2  1 1 0 0 0 0.07
 2 -3 -2 -1 -3  0  1 -3 -3  1  2  0  0 -3 -3 -1  1 -1 -2  0 1 0 0 0 0.09
 1  1  0  0 -4  1  3 -2  0 -2 -1  2 -2 -4  0  0 -2 -2 -3 -2 1 0 0 1 0.13
 0  1  0 -1 -4  2  3 -4 -3 -2 -1  4 -1 -3 -3 -1 -2 -5 -2 -3 1 0 0 1 0.15
 5 -4 -2 -3 -3 -3 -2  3 -4 -2 -3 -3 -3  0 -4 -1 -2 -5 -3  1 0 0 1 0 0.17
-4 -5 -5 -6 -5 -4 -5 -6  1  0 -2 -1 -4  2 -6 -3 -4 -1  9 -2 0 0 1 0 0.15
-1 -2  0 -2 -5  0  2 -3 -4 -5 -5 -1 -5 -6  7 -1 -2 -6 -5 -5 0 0 1 1 0.17
-1 -2  0  3 -4  1  2 -2 -1 -1 -2 -1  0 -1  3 -1  0 -3  0 -1 0 0 1 1 0.26
 0 -1 -2  0 -3  0 -1 -3 -3 -1  0  1 -1  0  5 -1  0 -3 -2  0 0 0 1 1 0.40
 0  0 -1 -1 -2  1  0 -2 -2  1 -1  2 -1  0 -1  1  0 -3  0  2 0 0 1 1 0.56
-1  1 -1  1 -4  0  1 -1 -2 -4 -4  5 -3 -4  0 -1 -1 -4 -2 -3 0 0 1 1 0.66
 0  1 -1 -1 -3  3  2  1 -1 -2 -2  1 -1 -3  0  0  0 -3 -1  0 0 0 1 1 0.77
 0  0 -1  0 -1  1  1 -1 -1 -1 -2  3 -1 -2 -1  1  0 -3 -2 -1 0 0 1 1 0.81
 0 -1 -1  0 -3  0  3 -2 -2 -1 -1  1 -1 -3  3  0  0 -4 -2  0 0 0 1 1 0.87
 1 -1 -1 -1 -2  0  0 -2 -2  0  0  2  1  0  0  0  1 -3 -2  1 0 0 1 1 0.93
 3  0 -1  1 -3  0  1 -1 -2 -2 -3  1 -2 -4  1  1  0 -4 -3 -1 0 0 1 1 0.96
-1  1 -1  0 -3  1  2  1 -2  0 -1  2 -1 -3 -2  0 -1 -4 -3  0 0 0 1 1 0.97
 0 -1  1  1 -3  1  0  2 -2 -1 -2  0 -1 -2  2  1 -1 -3 -3 -2 0 0 1 1 0.98
 1 -2 -1 -1 -1  0  2 -1 -1 -3 -2  1 -2 -4  4  2  0 -4 -3 -1 0 0 1 1 0.98
 2  1 -2 -2 -2  1  0 -1 -2 -2 -2  1 -1 -2 -2  1  1 -3  0  0 0 0 1 1 0.98
 2  1  0 -1 -3  0  1 -1 -1 -1 -2  3 -1 -3  0 -1  0 -4 -3 -1 1 0 0 1 0.98
 0 -1  3  2 -3  1  1 -1  0 -3 -2  0 -2 -3 -2  2  0 -3  0 -1 0 0 1 1 0.98
 2  0  0 -2 -2  0  0  0 -1  0 -1  0  0 -3 -2  2  2 -3 -2  0 0 0 1 1 0.98
-1  2  0  2 -3  1  2 -1  0 -2  0  0  0 -3  0  0  0 -3 -2  0 0 0 1 1 0.98
 3 -2  0  0 -2 -1 -2 -1 -3 -1 -1 -1 -2 -3  4  0 -1 -4 -3  1 0 0 1 0 0.98
 0 -1 -1  1 -3  0  4  0 -2 -3 -1  1 -2 -3 -2 -1  2 -4 -3 -2 0 0 1 1 0.96
 1 -1  1  3 -4  2  4 -2 -1 -4 -4  1 -3 -4 -2 -1 -1 -4 -3 -3 0 1 0 1 0.97
-1 -3 -3 -3 -2 -2 -1 -4 -3  3  1 -2  1 -1 -3 -1  2 -3  0  3 0 1 0 0 0.97
-1 -3 -3 -3 -2 -2 -1 -4 -3  4  2 -3  2 -1 -3 -2 -1 -3 -2  3 0 1 0 0 0.98
 3 -1 -1 -2 -2  1  1  0  2  0 -1  0 -1  0 -2  1  0 -3 -1  0 0 1 0 0 0.98
-2 -2 -2 -1 -4  0  4 -3 -2 -2 -3  0 -3 -4  6 -1 -2 -4 -3  0 0 0 1 1 0.97
 0 -1 -1 -2 -2  1 -1  1  1  0 -1  0 -1  0 -2  2  0 -3 -1  2 0 0 1 1 0.96
 0  6 -1 -2 -4  0 -1 -3  3 -4 -3  2 -2 -3 -3 -1 -2 -4 -2 -3 0 0 1 1 0.95
-2  2  0 -2 -3  0 -1 -3  7 -3 -3  0 -2  0 -3 -1 -2 -1  4 -3 0 0 1 0 0.94
-2  0  0 -1 -3  3  1 -2  7 -3 -3  0 -1 -2 -2 -1 -1 -2  1 -3 0 0 1 1 0.94
-2 -1  0  3 -3  0  0 -2  5 -3 -3 -1 -2  1 -2 -1 -2  0  4 -3 0 0 1 1 0.94
-2  0  0 -1 -3  3  1 -2  7 -3 -3  0 -1 -2 -2 -1 -1 -2  1 -3 0 0 1 1 0.95
