-2 -2  1  6 -5  0  4 -3 -2 -4 -4 -1 -4 -5 -2 -1 -2 -5 -4 -4 0 0 1 1 0.79
 3 -3 -2 -3 -2 -2 -1 -1 -1 -2 -3 -2 -2  0  1  2  0 -2  5  0 0 0 1 1 0.65
-3  0 -1  1 -4  0  3 -1  7 -4 -4 -1 -3 -1 -2 -1 -2 -3  3 -2 0 0 1 1 0.47
 0  1 -2 -1 -4  3 -1 -3  3 -1 -1  4 -2 -3 -1 -2 -1 -4 -2  0 0 0 1 1 0.37
 0  1  1  2  2  0  2 -2  1 -3 -3  2 -3 -4 -2  2  0 -4 -3 -2 0 0 1 0 0.31
-3  1  2 -1 -4  1  3 -3  6 -2 -4  2 -3 -2 -2  0 -2 -4 -2 -4 1 0 0 1 0.27
-2 -4 -4 -4 -3 -4 -4 -5 -2  4  2 -4  0 -2 -1 -2  0 -4 -3  4 1 0 0 0 0.23
 1 -5 -2 -6 10 -5 -6 -1 -5 -1 -3 -3 -4 -5 -2 -3 -2 -5 -5 -3 1 0 0 0 0.42
 1  0 -1  1 -3  1  1  2  4 -3 -3  1 -3 -1 -3  0  0 -3 -1 -3 1 0 0 1 0.41
 0  2 -1 -1 -3 -1  2 -1 -1  2  0  0 -1 -2 -3  0 -1 -4 -2  1 1 0 0 0 0.36
-2 -2 -4 -5 -4 -4 -4 -1 -3  0  3 -3  2  5 -5 -4 -3 -2  4 -1 1 0 0 0 0.32
-1  2  3 -2 -4  4 -1 -2 -1 -1 -2  3 -1 -4 -1  0  0 -4 -3 -3 1 0 0 1 0.32
-1 -1  3  3  0  0  0 -1  1 -3 -3  3 -2 -3 -3  0  0 -4 -3 -3 1 0 0 1 0.30
-2 -4 -4 -4 -3 -3 -4 -4  1  1  3 -4  1  5 -4 -3 -2 -2  1  0 1 0 0 0 0.26
 0 -2  0 -2 -4 -2 -3  6 -3 -1 -2 -1 -3 -4 -2 -1 -1 -4 -4 -2 0 0 1 1 0.32
-1  0 -1  0 -4  0  5 -3 -2 -3 -4  3 -3 -4  1 -1  0 -4 -3 -2 1 0 0 1 0.34
-1  2  0  4 -4  1  3 -2 -2 -2 -3  1  1 -4 -1 -1 -1 -4 -1 -2 1 0 0 1 0.47
 1 -2  4  2 -3 -1  0 -1  2 -2 -2  0 -1 -3 -3 -1  1 -4  0 -1 1 0 0 0 0.61
-1 -4 -4 -5 -3 -4 -4 -4 -3  0  2 -4  1  6 -4 -3 -2 -1  2  0 1 0 0 0 0.59
-1  3  0 -2 -3  1  0 -1  1 -2 -1  3  0 -2 -3 -1  0 -4 -2 -1 1 0 0 0 0.51
 2 -2  0  2 -3 -2 -1  2 -2 -3 -3 -1 -3 -1 -2  2  0 -3  1 -2 1 0 0 0 0.48
-2  0 -3 -4 -3 -1 -2 -2  1  2  3 -3  1 -1 -4 -2 -1  3 -2  1 1 0 0 0 0.50
 2 -2 -2 -3  2 -2 -1 -2 -2  0  0  0  0 -1 -2  1  2 -3  0  1 1 0 0 0 0.50
-2 -3 -3 -4 -2 -3 -3 -4 -3  2  3 -3  3  1 -3 -1  1 -3 -2  2 1 0 0 0 0.57
 1 -4 -4 -4 -2 -3 -4 -4 -4  5  0 -3  1 -2 -4 -2  0 -4 -2  4 1 0 0 0 0.55
 0  1 -2 -1 -2  0 -2 -2 -2  0  1  0  3  1 -2 -1  1 -2  1  0 1 0 0 0 0.52
-3 -4 -1 -4 -3 -3 -4 -4  0  0  1 -4  0  6 -4 -3 -2 -1  4  2 1 0 0 0 0.56
 4 -3 -2 -2 -2 -2 -2 -2 -3 -3 -3 -2 -3 -4 -2  4  2 -4 -3 -1 1 0 0 0 0.50
-2  2 -2 -2 -4  7  0 -3 -1 -4 -4  2 -2 -4 -3 -2 -2 -4 -3 -4 1 0 0 0 0.48
-2  1 -1 -1 -3 -1 -2 -3  1 -1 -1  3  1  4 -3 -1 -2 -1  4 -2 1 0 0 0 0.45
 0 -3 -4 -4 -2 -2 -3 -4 -3  1  3 -3  2  4 -3 -3 -2 -2  1  2 0 0 1 0 0.48
-2  0 -2 -2 -1  5  0  0  0 -4 -4 -1 -3 -4  5  0 -1 -4 -3 -4 0 0 1 0 0.47
-2  1  1  1 -4  2  2 -1 -1 -3 -3  4 -2 -4 -2  0 -1 -4 -3 -1 0 0 1 1 0.44
 4 -3 -1 -3  6 -3 -3  0 -3 -1 -1 -3 -2 -3 -3  1 -1 -4 -3  1 0 0 1 0 0.45
 0 -2  1  1 -3 -2  0 -2  1 -3 -3 -2 -3 -4  3  2  4 -4 -3 -2 0 0 1 1 0.36
-3  1 -3 -4 -4 -2 -1 -4  2 -2  0 -1 -1  5 -4 -1  0 -1  5 -2 1 0 0 0 0.24
 0 -1 -1  3 -4  1  4 -1  2 -3 -3  0 -1  1  1 -1 -1 -3 -2 -3 1 0 0 1 0.18
-2 -2 -1  2 -4  2  5 -1  1 -3 -4  0 -3 -4 -3 -1  1 -4 -3  0 1 0 0 1 0.15
-1 -3 -3 -4 -2  1 -3 -4  2  3  3 -3  2 -1 -3 -3 -2 -3 -2  3 1 0 0 0 0.13
 0 -1  1 -1 -3  1  1 -2  2  0 -1  0  0 -3 -3  1  0 -4 -2  2 1 0 0 1 0.09
-1  0  0  0  0  2  1 -2  1  0 -3  4  2 -4  0 -1  0 -4 -3 -2 1 0 0 1 0.08
-1 -1 -4 -5 -3 -1 -4 -5 -4  2  4 -3  4 -2 -4 -2 -1 -4 -3  2 1 0 0 0 0.09
 1 -3 -3 -4 -3 -1 -3 -1 -4  1 -1 -3  1 -3 -3  0  1 -4 -3  5 1 0 0 0 0.07
 0  1  2  0 -4  2  2 -3  1 -1 -2  3 -1 -4 -3  0  0 -4 -3 -3 1 0 0 1 0.06
 0  0  1  4 -4  1  4 -2  1 -2 -4  2 -3 -4 -3 -1 -1 -5 -3 -2 1 0 0 1 0.06
 0 -1 -4 -5  1 -3 -4 -5 -4  3  2 -3  5  0 -4 -3 -2 -4 -3  4 1 0 0 0 0.07
-1 -3 -2 -4 -3 -3 -3 -2  0  2  2 -2  2 -2 -4 -1  3 -4 -3  3 1 0 0 0 0.06
 2 -1 -1  3 -3  0  2 -1  2 -3 -3  1 -3 -4 -1  1  1 -4 -3 -3 1 0 0 1 0.07
 0 -3 -2 -2 -3 -3 -3 -4 -3  2  3 -3  1  2 -4 -1 -2 -2  3  2 1 0 0 1 0.09
 2  0 -1 -3 -2 -1 -2  0  3  0  0  0  0  0 -3  0  1 -3  0  0 1 0 0 0 0.08
-2 -1  0  3 -4  1  4 -1  0 -4 -4  4 -3 -5 -3 -1  0 -5 -3 -2 1 0 0 1 0.14
 0  1  0  0 -4  1  2 -1  0 -3 -2  4 -3 -4 -3  0  2 -4 -3 -2 1 0 0 1 0.17
-3 -2 -4 -5 10 -4 -5 -4 -5 -4 -2 -4 -4 -5  2 -1 -3 -5 -4 -3 1 0 0 0 0.25
 0 -3 -1 -3  8 -3 -2 -1 -3 -1 -1  0  1 -3 -3 -1  2 -1 -3  0 1 0 0 1 0.28
 3  1  0  0 -2 -1  0  1  1 -3 -2  1 -2 -3 -1  1  0 -3 -2 -1 1 0 0 1 0.37
-2 -1  2  4 -4 -1  2  2  2 -3 -3  0 -3 -4 -2  0 -1 -4 -3 -2 0 0 1 1 0.46
 0 -1  2  3 -4  0  4  0 -2 -4 -4  0  0 -4 -1  0 -1 -4 -3 -3 0 0 1 1 0.47
 1  0 -1  0 -2  2  0 -2  0 -2 -1  1  0 -3  0  2  2 -3 -3 -1 0 0 1 1 0.59
 1 -1 -1  1 -2 -1  0  0  1 -1  1 -2  0 -2  3  0 -1  0 -2 -1 0 0 1 0 0.54
 1 -2 -2  0 -3  0  2 -1 -1 -3 -2  0 -1 -1  5  1 -1 -4 -3 -3 0 0 1 1 0.57
 0 -2  2  3  3 -1  3  2 -1 -4 -4 -1 -3 -4  0  0 -1  1 -3 -3 0 0 1 1 0.55
-1 -6 -6 -6 11 -6 -6 -6 -6 -3 -2 -6  1 -5 -6 -2 -4 -5 -2 -4 0 0 1 0 0.57
 0 -1 -2  1  0 -1  0  0 -2 -1  1 -1  1  0 -2  1 -1 -2  3 -1 0 0 1 1 0.47
-1  0 -1  4 -5  1  3 -3  3 -4 -2  4 -3 -4 -3 -2 -2 -5 -1 -4 0 0 1 1 0.51
-1  1  2  0 -3  2  0 -1  1 -2 -1  1 -2 -3  2  1  1 -4 -3 -2 0 0 1 1 0.59
 1  1 -1 -2 -3  2  1 -1  0  0  2  0  0 -2 -1 -1 -1 -3  0  0 1 0 0 0 0.47
 0 -1  1  0 -3 -2 -1  0  3  0  1 -2  3 -2 -1 -1  1 -3 -2  0 1 0 0 0 0.39
 1 -2  0  1 -3 -1  1 -2 -2 -1 -3 -1 -2 -3  1  3  3  0 -1 -2 1 0 0 0 0.39
 2 -2 -3 -1 -2  0  1 -3 -3  1  2 -1 -1 -2 -3 -1  1 -3 -2  1 1 0 0 0 0.37
-2 -4 -5 -5 -4 -4 -5 -5 -1  2  3 -4  0  6 -5 -3 -3 -2  1  1 1 0 0 0 0.27
-1 -2 -2 -3 -3  2 -1  0 -1  1  3 -2  2 -1 -1  1  0 -3 -1 -1 1 0 0 0 0.21
 0 -1  1  5 -4  0  3 -1 -2 -2 -4  0 -3 -5 -3  0 -2 -5 -4 -1 1 0 0 1 0.24
-1  1  0  0 -4  1  3 -3  3 -3 -4  4 -1 -1 -3 -2 -2 -3  3 -2 1 0 0 0 0.19
-3 -4 -4 -5 -3 -4 -4 -5 -4  5  3 -4  3 -2 -4  1 -1 -4 -3  1 1 0 0 0 0.15
-4 -7 -7 -7 12 -7 -8 -6 -7 -5 -5 -7 -5 -6 -7 -5 -5 -6 -6 -5 1 0 0 1 0.14
 1  0  1  2 -3  0  2 -1  4 -3 -4  1 -3 -4 -3  1  0 -4 -2 -2 0 0 1 1 0.13
-1  1  3  1 -3  0  2 -1  1 -1 -2  1  1 -3  0  0 -1 -4 -3  0 0 0 1 0 0.17
-1 -1  0  2 -4  4  2 -3  1 -4 -3  2 -1 -4  2 -2 -1 -4 -1 -2 0 0 1 1 0.18
 1 -1  0  2 -3 -1  3  2 -2 -4 -4  0 -3 -4 -1  2  0 -4 -3 -3 0 0 1 1 0.23
-2 -3 -2 -3 -3 -2 -1 -2 -2  2  3 -1  2  0  3 -2  0 -3 -2  0 0 0 1 0 0.24
 1  1 -1 -1 -2 -1 -2  0 -1 -2 -1 -1 -2  3  2  2  0 -2  0 -1 1 0 0 1 0.22
-1 -2  0  2 -4  2  3 -1 -2 -4 -4  0 -3 -4  4  2 -1 -4 -4 -2 1 0 0 1 0.23
-1  0  1  0 -3 -1 -1 -3 -2  0 -1  5 -2 -3 -3  0  0 -4 -3  1 1 0 0 1 0.17
-3 -2  2 -3 -2 -2 -2 -3  6 -2 -3 -3 -3 -1 -3  0 -2 -1  6 -1 1 0 0 0 0.16
-1 -3  2  0 -4 -1  0  3 -3 -4 -4 -2 -4 -5  5  1 -2 -5 -4 -2 0 0 1 1 0.13
-1  0  0  1 -2  1  1  2 -1 -2 -1  2 -1 -1 -1  0 -1  4 -1 -2 1 0 0 1 0.17
-2 -4 -4 -4 -3 -3 -4 -4 -1  2  2 -3  2  4 -4 -1  1 -2  0  2 1 0 0 0 0.19
 3 -2 -1 -2 -3 -1  0  0 -1 -4 -4  1 -3 -4 -1  3  1 -4 -2 -3 1 0 0 0 0.20
-1  1 -1  5 -5  1  3 -2  4 -5 -5  0 -2 -5 -3 -1 -2 -5 -2 -4 1 0 0 1 0.26
-4 -7 -7 -7 12 -7 -8 -6 -7 -5 -5 -7 -5 -6 -7 -5 -5 -6 -6 -5 1 0 0 0 0.27
-4 -7 -7 -7 12 -7 -8 -6 -7 -5 -5 -7 -5 -6 -7 -5 -5 -6 -6 -5 1 0 0 1 0.43
 2 -1  3  1 -3  0  1  0 -1 -3 -3  0 -3 -4 -3  2  2 -4 -3 -2 1 0 0 1 0.42
-2  1 -2  0 -5  3  0 -3  1 -1  0  5 -1 -3 -3 -2 -2 -5 -3 -2 0 0 1 1 0.46
 1 -1  1  0 -3  2  2 -1 -1 -2 -2  1 -2 -4  2  2  0 -4 -3 -1 0 0 1 1 0.46
-1 -3  1  3 -4 -2  2  3 -2 -1 -1 -2 -3 -3 -3 -1  0 -3  2 -2 0 0 1 0 0.41
 1 -3 -3 -2 -3 -2  0 -3 -2 -1  2 -1  0  0  4  0  0 -4 -3  0 0 0 1 1 0.40
 0 -3  0  2 -5  0  6 -3  0 -5 -5 -1 -1 -1 -3 -2 -3 -5 -1 -3 1 0 0 1 0.33
-4  8 -3 -5 -6 -1 -3 -5 -3 -3 -3  1 -4 -6 -5 -2 -4 -6 -5 -3 1 0 0 0 0.33
-1  2  2 -2 -4 -1 -1  0  5 -3 -1  2 -2  0 -2  0 -1 -4 -1 -3 1 0 0 0 0.31
-2  1 -1  0 -4  2  2 -3  1 -1  1  1 -1 -3  2 -1 -2 -3 -1  0 1 0 0 1 0.33
-4 -7 -7 -7 12 -7 -8 -6 -7 -5 -5 -7 -5 -6 -7 -5 -5 -6 -6 -5 1 0 0 0 0.34
-3 -5 -5 -6 -4 -5 -5 -6 -4  2  2 -5  3  7 -5 -4 -1 -2  0 -1 1 0 0 0 0.32
 1 -1 -3 -1 -3 -3 -3 -4 -3  1  3 -2  0  2 -3 -2  0 -3  1  0 1 0 0 0 0.31
 3 -2 -2  0 -3  1  1 -2  2 -3 -1 -1 -2  0 -3  1 -1 -3  1 -2 1 0 0 1 0.36
-1  1  1 -3 -4 -2 -3 -3  7 -1  2 -3  3 -1 -4 -2 -3 -4  1 -1 0 0 1 1 0.27
-3  2 -2 -1 -5  1  2 -1 -3 -5 -5  6 -2 -5  1 -2 -2 -5 -4 -3 0 0 1 0 0.21
 0  0  3  2 -4  0 -1  0  3 -2 -2  3 -2 -4 -1 -1 -1 -4 -2 -1 0 0 1 1 0.20
 2 -3 -2  5 -4  1 -1 -2  0 -3 -4 -2 -4 -2  2  0 -2 -5 -4 -1 0 0 1 1 0.21
 0 -2  2  3 -4  1  1 -1 -1 -4 -4 -1 -3 -4  4  0  1  0 -3 -2 0 0 1 1 0.17
 2  0 -2 -1 -3  1 -1 -3  1 -1 -2  1 -2 -4  5 -1  0 -4 -3  0 0 0 1 0 0.14
-1 -2  1  3 -4  0  2  2  0 -4 -3 -2 -3  0 -3  1 -1 -3  1 -3 0 0 1 1 0.21
-2 -3 -4 -3 -1 -3 -3 -4 -3  2  3 -3  1  4 -1 -1 -2 -2  1  1 0 0 1 0 0.18
-3 -1 -3 -4 -4 -3 -3 -3  1 -2 -2 -3 -2 -3  7  1  0 -5 -4 -2 0 0 1 1 0.16
-1 -1 -2  1 -4 -1  0 -3 -1 -3 -1  1 -3 -4  5  1  2 -4 -4 -1 0 0 1 1 0.17
-2 -3 -3 -3 -3 -3 -1 -2  1  0  1 -2  0  4  1 -2  1 -2  3 -1 0 0 1 1 0.19
 1 -2 -2 -3 -3  2 -1 -3  0  0  1  0  0  1  2 -1 -1 -3  0  2 0 0 1 1 0.16
 0  2 -1  1 -3  1  1 -1  0  0 -1  1 -2 -1  1  0  0 -3 -2 -1 0 0 1 1 0.14
 0 -4 -2  0  0 -1 -2 -4 -4 -1  0 -3 -3 -5  7 -1 -1 -5 -5 -2 0 0 1 1 0.14
-1 -1  1  2 -4 -1  3 -2 -2 -4 -2  1 -3  0  1  1  1 -3  1 -3 0 0 1 1 0.10
 0 -3  2 -1 -3 -1 -2 -2 -3  0  0 -1  0 -3  5 -1 -1 -4 -1  0 1 0 0 0 0.11
-1 -3 -1  4 -5  0  5 -4 -3 -3 -4 -1 -4 -5 -1 -1 -3 -5 -4 -1 1 0 0 1 0.10
 0  1 -2  1 -4  1  4 -1 -1 -3 -2  1 -2 -1 -3  0  1 -4 -3  0 1 0 0 1 0.13
-1 -2 -2  0 -2  0 -1 -2 -2  2  1  0  2 -2 -3  1  0 -4 -2  2 1 0 0 0 0.17
-4 -7 -6 -7 11 -6 -7 -6 -6 -4 -1 -7 -5  0 -6 -4 -4 -6 -5 -4 1 0 0 0 0.14
 0 -1  1  1 -4  3  3 -1  0 -4 -4  4 -3 -5 -2 -1  1 -4 -3 -3 1 0 0 1 0.20
 3 -1  1  1 -2  1  0 -2  1 -2  0 -1  1 -3 -2  1  0 -4 -3 -1 1 0 0 1 0.18
-1  0  0 -1 -4  0 -2 -2  3 -3 -1 -2 -2  5  1 -2 -3 -1  5 -3 1 0 0 0 0.24
 0  2  0  0 -3  1  1 -1  1 -3 -3  3 -2 -1  1  0 -1 -3 -2 -3 1 0 0 1 0.23
 0  0  0  1 -4  1  4  0 -2 -4 -4  2  0 -4  1  0 -1  3 -3 -3 1 0 0 1 0.23
-1 -2  5  3 -5 -2  2  0  2 -5 -5  0 -4 -3 -3  1 -2 -5 -4 -4 0 0 1 1 0.24
-2  3  1 -1 -5  3  2 -3  1 -4 -2  2 -3 -5  4 -1 -2 -5 -3 -4 1 0 0 1 0.22
-1  0  0  2 -4  3  3 -2  1 -2 -2  1 -1 -4 -2 -1 -1 -4 -3  1 1 0 0 1 0.25
 0  1  0  1 -2  0  0  0 -1 -2  0  1  1 -2  0  1  1 -3 -2 -1 1 0 0 1 0.15
-1 -3 -3 -4 -3 -3 -2 -1 -1 -1  1 -1 -1  6 -4 -1 -3 -2  2  1 1 0 0 0 0.13
 1 -2 -2 -3 -3  0 -1 -2 -2  0  2  2  4  0 -1 -1 -2  0  0 -1 1 0 0 0 0.09
 1 -1  3  2 -3  1  1  2 -1 -3 -2  0  0 -3 -2  1 -1 -3 -3 -2 1 0 0 0 0.07
-2  4  0 -2 -4  2  0 -3  3 -3 -2  3 -1 -2 -3 -1  1 -3  0 -2 1 0 0 1 0.05
 0 -2 -3 -3  2 -2 -2 -3 -1  0  1 -2  0  4 -3 -2 -2  0  5  0 1 0 0 0 0.04
 0 -2 -2 -3 -1 -2 -2 -2 -2  2  3 -2  2 -1 -2  0  1 -2 -1  1 1 0 0 0 0.03
 0 -2 -2 -3 -2 -2 -2 -3  3  0 -1 -2 -1  3 -3  0 -1  4  6  0 1 0 0 0 0.02
-1 -2  1  1 -5  0  6 -2 -2 -4 -4  0 -1 -5 -3 -1 -1 -5 -4 -1 1 0 0 0 0.02
-2 -3 -3 -4 -3 -3 -2 -4 -2  2  1 -3  0  2 -3 -3 -1 -1  5  3 1 0 0 0 0.02
 4 -3 -2 -3 -2 -2 -2  0 -3 -1 -3 -2 -2 -3 -2  4 -1 -4 -3  1 1 0 0 0 0.02
-3  6  0 -3 -4 -1 -2 -3 -2 -1 -3  2 -3 -4 -3  1 -1 -4 -3 -3 1 0 0 0 0.02
-2  6  2 -1 -4  1 -2 -2  2 -4 -4  1 -3 -4 -3  0  0 -4 -3 -4 1 0 0 0 0.02
-3 -2  3 -2 -4 -1 -2 -3  8 -4 -4  1 -3 -1 -3 -1 -1 -3  4 -4 0 0 1 1 0.03
-1 -1 -3 -3 -4  0 -3  1 -3 -4 -4 -3 -4 -5  7 -1  0 -4 -4 -4 0 0 1 0 0.03
-2 -1  0  1 -3  3  1 -3  1 -2 -2  0 -1  4 -3 -1 -1 -1  3 -2 0 0 1 0 0.03
 2 -3 -3 -3 -2 -2 -3 -2 -3  1  2 -2  2  2 -3 -1  1 -2  0  1 0 0 1 0 0.03
 0 -3 -3 -3 -3 -2 -2 -3  0 -1 -2 -2 -2  2  4  1  1 -1  5 -2 0 0 1 0 0.03
 2 -2 -2  0 -2 -1  0  0 -2 -1  1 -2 -1 -1  2  0  0 -3 -2  0 1 0 0 0 0.02
-1 -2 -2  1 -3  0  1 -1 -1 -3 -2 -2 -2 -2  6  1 -1 -4 -3 -1 1 0 0 0 0.02
 1 -1 -2 -2 -2  1  1 -2  0  0  1  0  0 -1 -1  0  2 -3 -2  1 1 0 0 0 0.01
-2 -3 -4 -4  0 -3 -4 -4 -4  3  3 -3  0  1 -1 -3 -2 -3 -2  3 1 0 0 0 0.01
-2 -2 -3 -4 -3 -1 -2 -4  0  1  4  0  0  2 -3 -3 -2 -3  0  1 1 0 0 0 0.01
 1  1  1 -1 -2 -1  0  0 -1 -1 -2  0 -2 -1 -2  2  2 -2  1 -1 1 0 0 0 0.01
-1 -3 -3 -3 -2 -3 -3 -3 -1  2  2 -3  1  2 -1  0  0  0  3  1 1 0 0 0 0.01
 4 -3 -2 -3  2 -1 -2 -1 -3 -2 -3 -2  0 -3 -1  1  3 -4 -3  0 1 0 0 0 0.01
 2  0  0  0 -3  2  2 -1 -1 -2 -2  3 -2 -2 -2  0  0  3 -1 -2 1 0 0 1 0.01
-1  2  0  0  2  1  1  1  2 -1 -2  1 -2 -3 -2  0  0 -2 -2 -2 1 0 0 1 0.01
-4 -4 -4 -5  4  0 -4 -5  4  0 -1 -4 -3  4 -5 -4 -4 -1  7 -3 1 0 0 0 0.02
-1  0  0  1  3  1  2 -2  0 -1  0  2  0 -3 -3  0 -1 -4 -3  0 1 0 0 1 0.02
 1  1  0  2 -3  0  2  0  0 -2 -2  2 -3 -4  2  0  1 -4 -3 -3 1 0 0 1 0.03
 2 -3 -4 -3 -3 -3 -3 -2 -4  3  1  0  5 -1 -4 -1  0 -4 -3  2 1 0 0 0 0.04
 0 -3 -3 -4  0 -3 -3 -2 -3  3  3 -2  3  1 -3 -2 -1 -3 -2  2 1 0 0 0 0.05
 0  0 -1  1 -3  1  1  0  1 -2 -2  2 -2 -1  1  0  3 -3 -2 -2 1 0 0 1 0.07
 0  1  0  1 -3  0  2 -2  2 -3 -2  2 -2 -4 -1  2  1 -4 -3 -2 1 0 0 1 0.08
-4  0 -5 -6 11 -5 -6 -5 -5 -4 -4 -5  2 -5 -5 -4 -4 -5 -5 -4 1 0 0 0 0.11
-3 -5 -5 -5 11 -5 -5 -5 -5 -4 -4 -5 -4 -5 -5 -4 -4 -5 -5 -4 0 0 1 0 0.14
 1  1 -1  0 -3  3  2 -1  0 -2 -2  2 -2 -2 -1  0  1 -3 -2 -1 0 0 1 1 0.19
 2  0 -2 -1 -3  1  3 -1 -2 -2 -2  0 -2 -3  0  1 -1 -3 -3  0 0 0 1 1 0.28
 2 -2 -2  1 -3  2  3 -1 -2 -3 -3 -1 -3 -3  2  0 -2 -3  0 -3 0 0 1 1 0.20
-1  0  4  4 -4  0  1 -1  0 -3 -4  1 -3 -4 -3  0  0 -4 -3 -2 0 0 1 1 0.22
 1  0 -2 -2 -3  1  0 -3  3 -2 -2  4 -1 -3  2  0 -2 -4 -2 -1 1 0 0 1 0.17
 2 -2  0  0 -2 -1  1  0  1  0 -1 -1  0 -3  1 -1  2 -3 -2  0 1 0 0 1 0.15
 2 -2  0 -1 -3  2  3 -2 -2 -2 -3 -1 -2  0 -1  1  1 -3 -2  0 1 0 0 1 0.13
-3 -2 -5 -5 11 -5 -5 -5 -5 -4 -1 -5 -4 -4 -5 -3 -3 -4 -2 -3 1 0 0 0 0.20
-3 -4 -4 -4 -4 -4 -4 -4  1  0  3 -4 -1  7 -4 -4 -3 -2  2 -2 1 0 0 0 0.19
 0  1  0  1 -3  3 -1  1  1 -1  1  0 -1 -1 -2  0  0 -1 -2 -2 1 0 0 1 0.18
 0  0  0  0 -3  1  2 -2  0 -1  0  1  0 -3  2 -1  2 -3 -2 -1 1 0 0 1 0.21
-1  1 -2 -2 -4  3  2 -2 -2 -3 -2  5 -3 -4 -3 -2 -2 -4 -3 -2 1 0 0 1 0.19
 2  2 -2 -3 -2 -1 -1  0 -2  0  2  0  1  0 -2 -1 -1 -3 -2  0 1 0 0 0 0.14
 1 -2 -1  2 -3 -1  2 -2 -2  0  0 -1 -2 -2  3  0  1 -3 -2 -1 1 0 0 1 0.14
 1 -2  0  0 -3  3  2 -2 -1 -3 -2  0 -2 -3  4  0 -1 -3 -3 -2 1 0 0 1 0.21
 0  1  1 -2 -2 -1 -2 -2  2  1  0 -1  2  1 -2  0  1 -2 -1  1 1 0 0 0 0.19
-1  3 -1 -3 -4  1  0 -3 -1 -1 -3  4  0 -4 -3 -1  1 -4 -3 -1 1 0 0 1 0.17
-1  1  0  0 -4  2  2 -2  4 -4 -4  4 -3 -2  0  0  0 -4 -1 -3 1 0 0 1 0.20
-1 -1 -2  1 -3  0  2 -2  1 -1  1  2 -1 -1 -1 -1 -1 -2  2  0 1 0 0 1 0.23
 0 -3 -3 -3 -2 -3 -3 -1  0  1  2 -3  1  0  0  1  0 -3 -2  2 1 0 0 0 0.21
-1  2  0 -1 -3  0  0 -2  2 -1  2  2  1 -2 -1 -1 -1 -3 -2 -1 1 0 0 1 0.17
 0 -1  0 -1 -3 -1  3 -1  1 -1  0  0  0  0 -3  0 -1  1  1 -1 1 0 0 1 0.26
 0 -1 -1 -1 -2 -2 -2 -1 -3  2 -1 -2  0  0 -1  3  2 -3 -2  0 1 0 0 0 0.26
 0 -2  0 -2  0  1  1 -1  1  0 -2 -2  0 -1 -3  4  1 -4 -1 -1 1 0 0 0 0.30
 1  0 -1  0 -2  0  1 -2  0 -1  1 -2  3 -2 -1  1 -1 -1 -1  1 1 0 0 0 0.29
-1  2  0 -1 -3  0  0 -3  0  1  1  2  0 -1 -3  1 -1 -3  1 -1 1 0 0 1 0.24
-1 -1  3 -1 -4  5  0 -1  4 -1 -1 -2 -2 -4 -3  0 -2 -4 -3 -1 1 0 0 0 0.13
-1  4 -1 -2 -4  3  1 -3  2 -4 -4  4 -3  0 -3 -2 -3 -4 -3 -4 1 0 0 0 0.10
-2 -2  2 -2 -3  1  0 -3  6  0  1 -1  0  0 -3 -1 -1 -3  0 -2 1 0 0 0 0.09
 0  1  0 -2 -2  0 -1 -1 -2  0  1  1  1  0 -2  1  0 -2 -1  1 1 0 0 0 0.07
-3 -4 -4 -4 10 -4 -4 -4 -4 -3 -3 -4 -3  2  1 -3 -3 -4 -3 -3 1 0 0 0 0.05
 1  0 -1  0 -2 -1  1  1  0 -1  0  0 -1  1 -2  1  0  3  0 -1 1 0 0 0 0.05
 0 -1  0 -1 -2  0  1 -2 -2  2  0 -1  0 -1 -2  1  0 -3 -2  1 1 0 0 0 0.04
-2 -1 -3 -4 -3 -2 -3 -1  4  0  3 -1  2  3 -4 -3 -2 -2  3 -1 1 0 0 0 0.02
 0  2  0  0 -3  2  0 -2  0 -1 -1  2  1 -1 -2  0  0 -3 -2  0 1 0 0 1 0.02
 0  0  2  0  2  1  1 -1  0 -2 -3  4 -2 -4 -2  0  0 -4 -3 -1 1 0 0 1 0.02
-4 -2  2 -4 -4 -4 -4 -4  1 -2  1 -4  0  7 -5 -3 -3 -1  5 -3 0 0 1 1 0.01
-2 -2  2 -3 -4 -3 -2  6 -3 -5 -5 -1 -4 -5  0 -1 -1 -4 -4 -4 0 0 1 1 0.02
-1 -1 -2  1 -4  1  4 -3  1 -3 -2  2  0 -1  3 -1 -1 -4 -3 -2 1 0 0 1 0.02
-2  4 -1  0 -4  1  2 -3 -2 -3 -2  2  1 -3 -3 -1  0 -3  0 -3 1 0 0 1 0.02
 2 -1  2 -1 -3 -1  0 -2 -2  0 -2  2 -2 -3 -2 -1  1 -4 -1  2 1 0 0 1 0.01
-1 -4 -4 -4 -3 -4 -4 -2 -3  0  3 -4  1  5 -4  0 -1 -2  1  0 1 0 0 0 0.01
-3  3  1 -2 -5  3  0 -3  2 -4 -2  4 -1 -4 -3 -1 -1 -4  0 -4 1 0 0 1 0.01
 4 -2  0  0 -3 -2 -2 -1 -2 -2  0  0 -2  1 -3  2 -1 -4 -1 -2 1 0 0 1 0.01
-1  0 -2 -3 -3 -1 -1 -1 -2  2  1  0  0 -1 -3  1 -1  5  1  1 1 0 0 1 0.01
 0 -1  1 -2 -3  0  0  0  2 -1  0  2  0 -1 -2  0  1 -2  1 -1 1 0 0 0 0.01
 0 -3 -4 -4  0 -3 -4 -4 -4  2  3 -3  1  2 -4 -2 -1 -3 -1  2 1 0 0 0 0.02
 2 -3 -3 -3 -2 -2 -1 -3 -3  3  0 -2 -1 -2 -3  0  1 -3 -1  3 1 0 0 0 0.02
 0  3 -2 -2 -3  1  1 -3  1 -1  0  3  0 -1 -3 -1 -1 -3  0 -1 1 0 0 0 0.02
-1 -3 -4 -4 -3 -3 -4 -4 -2  1  3 -3  2  4 -4 -3  0 -1  3  1 1 0 0 0 0.02
 2  0 -1 -2  2 -2 -2 -2  2 -3 -3 -2 -3 -3 -3  4  2 -4  1 -3 1 0 0 0 0.02
-2  0 -2 -2 -5  7  1  1  1 -5 -4  2 -3 -5 -3 -1 -3 -4 -3 -4 1 0 0 0 0.02
-2  3 -2 -3 -4  1 -1 -3 -2 -4 -4  6 -3  0 -3  0 -1 -3  1 -4 1 0 0 0 0.02
 0 -3 -2 -4 -3 -1 -3 -4 -2  0  1 -3  1  6 -4 -2 -2  2  3  1 0 0 1 0 0.02
-2 -3 -3 -3  0  2 -2 -2 -4 -2 -1 -3 -3 -5  7 -1  0 -5 -4 -2 0 0 1 0 0.02
-1  0  2  0 -4  2  0  0  0 -3 -3  4 -2 -4 -2  0  1 -4 -3 -3 0 0 1 1 0.02
 5 -3 -3 -3  3 -2 -3 -1 -3  0  0 -2  1 -3 -1  0 -1 -4 -3  0 0 0 1 0 0.02
-1 -2  3  3 -3 -1  2 -1  0 -4 -4  0 -3 -4  2  2  2 -4 -3 -3 0 0 1 1 0.02
-4 -2 -5 -5 -4 -2 -3 -5 -3 -2  1 -4 -1  7 -5 -2 -2 -2  3 -2 1 0 0 0 0.01
 1 -1 -2  1 -4  1  4 -2 -2 -3 -2  2 -1 -1  0  1  1 -4 -3 -3 1 0 0 1 0.01
-3 -3  0  4 -5  1  5 -4 -3 -2 -1 -2 -3 -5 -3 -2  2 -5 -4 -1 1 0 0 0 0.01
 0 -4 -5 -5 -3 -4 -4 -5  0  4  3 -4  1 -2 -4 -3 -2 -4 -3  4 1 0 0 0 0.01
 0 -1  1 -1 -3  2  0 -1  3  0  0 -1  0 -2 -3  1  1 -3 -2  0 1 0 0 1 0.02
-2  0  1 -1 -4  1  1 -1  0  0 -3  4 -3 -2  2  0 -1 -4 -3 -2 1 0 0 1 0.02
-2 -4 -5 -5 -3 -4 -4 -5 -4  2  5 -4  3  0 -4 -4 -1 -3 -3  1 1 0 0 0 0.02
 3 -3 -3 -4 -2 -3 -3 -1 -4  1  0 -3  0 -3 -3  0  2 -4 -3  4 1 0 0 0 0.02
-2 -1  1  0 -4  2  4 -2  2 -2  0  2  0 -3  0 -1  0 -4 -3 -2 1 0 0 1 0.02
-3  1  1  6 -5  0  2 -3 -3 -5 -5  1 -4 -2 -3 -1 -2 -5 -2 -5 1 0 0 1 0.03
-1 -3 -4 -4  1 -3 -4 -2 -4  3  2 -3  3  0 -4 -1  0 -3 -2  4 1 0 0 0 0.03
 2 -2 -1 -2 -2 -1 -1 -1  1 -1 -1  0 -2 -3 -2  1  3 -4 -3  1 1 0 0 0 0.04
 0 -1  2  2 -4 -1  0 -1  5 -3 -4  2 -3 -4 -3  1  0 -4 -2 -1 1 0 0 1 0.05
-1 -3 -2 -4 -2 -3 -2 -2 -3  3  2 -2  2  1 -4 -2 -1 -3 -1  3 1 0 0 0 0.07
 1 -2 -1 -3 -3 -1  1 -1  5 -1  1 -2 -2  0 -3 -2 -1 -2  4 -1 1 0 0 0 0.10
 0 -1  1  1 -4  1  3 -3  0 -3 -4  3 -1 -4 -2  1  0 -4 -2 -3 1 0 0 1 0.13
-1  0 -1  1 -4  0  3  0  0 -3 -4  3 -1 -4 -1  1  1 -4 -3 -3 1 0 0 0 0.18
-3 -2 -5 -6 10 -5 -6 -5 -6 -1 -2 -5 -4 -5 -5 -3  1  2 -5 -3 1 0 0 0 0.19
-3 -5 -5 -6 11 -5 -6  0 -6 -4 -4 -1 -4 -5 -5 -4 -4 -5 -5  0 1 0 0 0 0.31
 0  1  1  1 -4  0  3 -1  4 -4 -2  1  0 -4 -1  1 -2 -4 -2 -3 0 0 1 1 0.34
-1 -2  0  1 -4 -2  1  5 -3 -4 -2 -2 -3 -4 -3  1 -1 -4 -4 -4 0 0 1 0 0.35
-1 -2  2  5 -4  1  1 -3  0 -2 -2  0 -1 -4  1 -1  0  0 -3 -2 0 0 1 0 0.40
 1  0 -2 -1 -2  0 -1 -2 -3 -1  0 -2  2 -3  1  3  1 -4 -3  1 1 0 0 0 0.41
 1 -3 -3  0 -3 -2  1 -2 -3  0  2 -2  2 -1  1 -1 -2 -3 -2  2 1 0 0 0 0.40
 0 -1 -1  3 -4  1  4  0  2 -4 -4 -1 -3 -4  0  0 -1 -4 -3 -3 1 0 0 0 0.32
-2 -6  0 -5 11 -5 -6 -2 -5 -4 -4 -5 -4 -5 -5 -1 -3 -5 -5 -1 1 0 0 0 0.31
 1 -3 -3 -4  2 -3 -3 -3  1  2  2 -3  4  0 -3 -1 -1 -3  1  1 1 0 0 0 0.31
 0  2 -1  3 -4  2  3 -3 -1 -2 -1  2 -2 -2 -3 -1 -2 -4 -2 -2 1 0 0 0 0.29
-3 -2  1  5 -5  0  4  0  0 -5 -2 -1 -4 -5 -3  0 -1 -5 -4 -4 1 0 0 0 0.31
-2  5 -3 -4 -4  1 -1  0 -3 -1  2 -1  1 -3 -4 -1  1  3 -1 -2 1 0 0 0 0.28
 2 -2  1 -2 -3 -1  1 -2  0 -2 -1 -1  1 -3  2  2  0 -4  0 -1 1 0 0 1 0.23
 0  0 -1  2 -4  2  3 -3  0 -3 -3  3 -2 -4 -3  1  1 -2 -3 -3 1 0 0 1 0.19
-1 -4 -4 -5 -3 -3 -4 -5  3  3  3 -4  0  1 -4 -3 -2 -3  2  3 1 0 0 0 0.19
 1 -3 -3 -1 -3 -2 -3 -2  1  1  2 -3  4 -2 -3  0  3 -4 -3  1 1 0 0 0 0.21
 0 -1  2  2 -3  1  1 -1 -1 -2 -2  1 -2 -1 -2  2  0 -4 -2  0 1 0 0 1 0.21
-2  1 -1  0 -5  1  1 -4  4 -4 -2  3 -3 -1 -4 -1 -3 -2  5 -2 1 0 0 0 0.25
-2 -4 -4 -5 -3 -4 -4 -5 -4  5  2 -4  5  0 -4 -2  1 -4 -3  2 1 0 0 0 0.24
-4 -7 -7 -7 11 -7 -7 -6 -7  0 -5 -7 -5 -6 -7 -5 -5 -6 -6 -4 1 0 0 0 0.24
 0 -1  0  3 -4  0  3  0  1 -3 -3  0 -3 -4 -3  3  0 -4 -3 -3 1 0 0 1 0.29
 0  1  4  0 -4  2  0 -2  3 -4 -4  3 -3 -4 -3  0  0 -4  0 -4 0 0 1 1 0.33
-3 -2 -2 -3 -4  6  1 -4  2 -3  1  1  0  1 -1 -2 -3 -4 -1 -3 1 0 0 0 0.40
 1  0  0  4 -3 -1  2 -2 -1 -3 -4  1 -3 -1 -2  3  0 -4 -3 -3 1 0 0 1 0.49
 0 -2 -2  0 -3 -1  1 -2 -3  0 -2  0  0 -1  2  2  2 -4 -3  0 1 0 0 1 0.56
-2 -2 -3 -4 -3 -3 -3 -4 -4  3  3  2  1  1 -3 -2 -1 -3 -2  2 0 0 1 0 0.47
 1 -3  3  1 -4 -2 -1 -3 -2 -4 -4  0 -4 -4  0  5 -1 -5  0 -4 0 0 1 0 0.52
 0 -2 -1  0 -3 -2  0  0 -3 -3 -4  0 -3 -4  2  4  1 -5 -4 -1 0 0 1 1 0.52
-1  3  0 -1 -5  1  1  0 -1 -5 -4  5 -3 -4 -3 -2 -2 -4  1 -4 0 0 1 1 0.53
-2 -4 -4 -5  2 -4 -4 -5 -4  3  3 -4  2  3 -4 -3 -1 -3 -2  2 0 0 1 0 0.55
 2  0  0 -2 -3  2  1  0 -1 -3 -3  3 -3 -2 -2  2  0 -4 -1 -3 1 0 0 1 0.60
-1  0  0  3 -4  1  3 -3  3 -4 -4  1 -3  0  0  0 -1 -4  1 -3 1 0 0 1 0.61
-4 -7 -6 -7 11 -6 -7 -6 -7 -4 -5 -7 -5 -6 -6 -4 -1 -6 -6  0 1 0 0 0 0.49
-4 -6 -5 -6 11 -6 -6 -5 -6 -4 -4 -6 -4  0 -5 -4 -4 -5 -5 -4 1 0 0 0 0.52
 0 -2  2  2 -4  0  4 -2 -2 -4 -4  1 -3 -4 -3  0  0  2  1 -3 1 0 0 1 0.47
-3  0 -1  0 -4  1  0 -3 -3 -1  1  5 -1 -4 -3  0 -3 -5 -4 -3 0 0 1 1 0.48
 0 -1  0 -2 -4 -1  0 -2 -3 -3 -3  0 -3 -5  5  2  1 -5 -4 -3 0 0 1 1 0.46
 0 -2 -3 -2 -3 -2 -1  1 -2  1  1 -2  0  0  2 -1  0 -2  1  2 1 0 0 1 0.43
-1 -3 -4 -4 -3 -3 -1 -3 -4  0  3 -3  4 -2  3  0 -1 -4 -3  1 1 0 0 0 0.34
 0  0  0  3 -5  1  5 -2  0 -4 -4 -1 -1  1 -3 -1 -3 -4 -1 -3 1 0 0 1 0.29
-3  6 -2 -3 -4  0 -2 -3 -3  2 -1  3 -2 -3 -4 -2 -2 -4 -3 -1 1 0 0 0 0.30
 0  1  0 -2 -3 -2 -1  2  1 -2 -1  0 -2  2 -1  2  0 -2  0 -2 1 0 0 0 0.26
-1 -2  0 -1 -3  2  2 -3  4  0  0  0  0 -1  2 -1 -1 -3  0 -1 1 0 0 0 0.25
-4 -6 -5 -6 11 -6 -6 -5 -6 -4 -4 -6 -4 -5 -5 -4 -4 -5 -5 -4 1 0 0 0 0.26
-3 -5 -5 -5 -3 -4 -5 -5 -5  5  2 -4  2  3 -5 -4  0 -3 -2  1 1 0 0 0 0.28
 0 -3 -3 -1 -3 -1  0 -3 -1  2  1 -3  1 -1 -3 -1  1 -2  3  1 1 0 0 1 0.26
 1  0  1  0 -3  0  1  1  3 -2 -2 -1 -2  1 -2  1  1 -2  1 -2 0 0 1 1 0.24
 1 -3 -3 -3 -2 -2 -3 -3  1  0  3 -1  5 -1 -3  1 -1 -3 -2  1 0 0 1 0 0.26
-2 -1  0 -1 -4  2  4 -1 -1 -4 -4  2 -3 -4  4 -2 -2 -4 -4 -2 0 0 1 1 0.33
 0  1  5  0 -3 -1 -1  0  1 -3 -2  1 -3 -1  0 -1 -1  0 -3 -1 0 0 1 1 0.31
 2 -3  1  6 -4 -1  0 -2 -3 -4 -3 -1 -4 -4 -1  0 -2 -5 -4 -4 0 0 1 0 0.35
 0 -2  1  4 -3  0  3  1 -2 -3 -3 -1 -3 -4  1  0  0 -4 -3 -2 0 0 1 1 0.39
 0  1 -1 -2 -2  1  0 -1 -2  0  0  3  0 -2 -1  0  1 -3 -2 -1 0 0 1 1 0.45
-3 -4 -3 -2 -4 -3 -3  1 -3 -4 -4 -3 -4 -2  7 -1  0 -4  2 -4 0 0 1 1 0.46
 2 -2 -1  1 -3  0  2 -2 -2  0 -1  0 -1  0  2 -1 -1 -3 -1  0 0 0 1 1 0.42
-1 -2  1  4 -3  1  1  1 -2 -3 -2 -1 -3  0  2  0 -2 -3 -3 -3 0 0 1 1 0.47
 0 -3 -3 -4 -3 -1 -3 -4  0  0  4 -1  0  0  1 -1 -2 -3 -2  1 0 0 1 1 0.41
 0 -3 -2 -3 -4 -2 -1 -3 -2 -3 -1  0 -3 -3  6  3 -1 -4 -4 -2 0 0 1 1 0.50
-1 -1 -2  1 -3 -2  0 -3 -3 -2  1 -1 -1  1  4  2  0 -4 -3 -2 0 0 1 1 0.54
-1  1  1  0 -3 -1  0 -3  1  0  1  0  0  0  2  0  0 -3  0  0 1 0 0 0 0.55
 2 -2 -2 -2  0  0  0 -3 -3  2  1 -1 -1 -2  1 -1  0 -3 -1  2 1 0 0 0 0.54
 1  1  0  0 -2  1  2 -1 -1 -1 -2  0 -2 -1 -1  2  1 -3 -2  0 0 0 1 1 0.45
-1  2  1  1 -3  1  2 -2  0 -2 -3  2 -1 -3  2 -1 -1 -3 -1 -3 0 0 1 1 0.40
-3 -2 -2 -2 -3 -3 -2  0  0  1  1 -3 -1  5 -4 -3 -1  3  3 -1 0 0 1 0 0.25
-1 -3  0 -2 -3 -2 -3 -3 -1  1  1 -2  0  0  4 -1  1 -3 -1  2 0 0 1 0 0.27
 0 -1  0  2 -3  0  3  0 -2 -1 -3  0  0 -1  0  0  2 -3 -3 -2 0 0 1 1 0.34
-2 -2  3  4 -3 -2  1  0 -1 -1 -1 -2 -2 -3  0  1 -1 -4 -3 -1 0 0 1 1 0.44
-1  2  1  1 -3  1  2 -2  0 -3 -3  3 -2 -4  2  0  0 -2 -3 -2 0 0 1 1 0.32
-2 -1  1  4 -4  1  3 -2  1 -3 -2  1 -3  0 -3 -1 -1 -3 -2 -2 0 0 1 1 0.40
-1 -3 -4 -4 -2 -1 -3 -4 -3  3  1 -3  2  2 -1 -1 -1 -3 -1  4 1 0 0 0 0.39
-2 -5  0 -5 11 -5 -5 -3 -2 -4 -4 -5 -4 -5 -1 -2 -4 -5 -5 -4 1 0 0 0 0.29
-2  0  0  1 -4  4  2 -1 -2 -3 -1  3 -2 -4 -1 -1  1 -4 -3 -3 1 0 0 1 0.26
 0  0  2 -1 -2  2  1 -2  1 -2  0  0  1  1 -2  0  0 -2  0 -1 1 0 0 1 0.24
-2  1 -1 -1  0  0  0 -1 -1 -2 -1 -2 -2  4  0  1 -1  2  4 -2 1 0 0 0 0.28
 1 -1  0  2 -2  0  1 -1  1 -2 -2  0 -2 -1  1  2  2 -3 -2 -1 1 0 0 1 0.24
 1  0  0  1 -3  1  3  0  1 -3 -2  2 -2 -4  0  0  0 -4 -3 -3 1 0 0 1 0.23
 1 -2  2  2  1  0  3  1 -2 -3 -3  1 -3  0 -2 -1 -1 -4 -3 -3 0 0 1 1 0.21
-1  1  2 -2 -4  3  0 -1  1 -3 -2  4 -2 -4  2 -1 -2 -4 -3 -3 1 0 0 1 0.19
-1 -1  2  4 -3  1  2 -2 -1 -1 -2 -1 -2 -3  0 -1  1 -4 -3 -1 1 0 0 1 0.19
 0  0  1  1 -2  0  1 -1  0  0  0  1  0 -2 -1  0  1 -3 -2  0 1 0 0 1 0.10
 1 -3 -1 -3 -3 -3 -1 -1  1 -2 -1 -2 -2  6 -2 -1 -3 -2  2 -1 1 0 0 0 0.07
-2 -2 -3 -3 -3 -1 -2 -2  1  2  3  0  4  1 -3 -3 -1 -3 -2 -1 1 0 0 0 0.05
 2 -1  1  2  1  1  1  2 -2 -1 -2  1 -1 -3 -2  0 -1 -3 -1 -2 1 0 0 0 0.04
-2  4 -1 -2 -4  2  2 -3  1 -2 -3  3 -1 -4 -3  0  0 -4 -3 -3 1 0 0 1 0.03
-2 -4 -4 -5 -4 -4 -4 -4 -2 -2  0 -4  0  6 -4 -2 -3 -1  6 -1 1 0 0 0 0.02
-2 -3 -3 -3 -2 -3 -3 -4 -3  2  3 -3  2  0 -2 -2  2 -3 -2  1 1 0 0 0 0.02
-2 -3 -3 -4  0 -3 -3 -4  4 -2 -2 -2 -2  4 -4 -2 -3  5  7 -2 1 0 0 0 0.01
-2 -2  1  2 -4  1  6 -2 -2 -4 -2 -1 -3 -4 -3 -1 -2 -4 -1 -4 1 0 0 0 0.02
-2 -2 -2 -3 -1 -1 -3 -3 -1  2  2 -3  0  1 -3 -2 -1 -1  6  0 1 0 0 0 0.02
 2 -2 -1 -2 -2 -1 -2  1 -2 -1 -3 -2 -2 -3 -2  4  1 -3 -3  0 1 0 0 0 0.02
-2  7 -2 -3 -4  0 -2 -4  1 -2 -3  2 -3 -4 -3 -2 -2 -4 -3 -1 1 0 0 0 0.02
-3  7  1 -3 -4  0 -1 -4  1 -2 -4  2 -3 -4 -3 -1 -2 -4 -3 -4 0 0 1 0 0.02
-3 -2  1 -3 -4 -2 -2 -3  9 -4 -4  1 -3 -1 -4 -2  1 -3  3 -4 0 0 1 0 0.03
-1 -1 -2 -3 -4  1 -2 -2  2 -4 -3 -2 -3 -4  7 -2  2 -4 -3 -3 0 0 1 1 0.03
-1  0  1  2 -3  1  3 -2  0 -3 -3  1 -2  1 -2 -1  0 -3  0 -3 0 0 1 1 0.04
 0 -3 -3 -4 -2 -3 -3 -3  0  2  3 -3  1  1 -3 -1  0 -2  2  1 0 0 1 0 0.04
 1 -3 -2 -3 -3 -3 -3 -1 -3 -4 -4 -3 -3 -3  5  4  1 -4  2 -3 0 0 1 0 0.04
 0 -2 -2 -1 -3  0  2 -1 -1  0  0  0 -1  0  0 -1  0 -3 -2  2 1 0 0 0 0.03
 0 -2 -2 -1 -3  2  1 -1 -3 -1 -1 -2  0 -2  4  1 -1 -4 -3  2 1 0 0 0 0.03
-1 -3 -3 -3 -3  1  0 -3 -3  1  1 -2  1  3  0 -1  0 -2 -1  2 1 0 0 0 0.03
-2 -4 -2 -2  0 -1 -4 -4  0  3  4 -4  0  0 -4 -3 -2 -3 -2  2 1 0 0 0 0.03
-1 -2 -1 -3 -3 -2 -1 -1  0  0  4  1  0 -2 -3  0  0 -3 -3  0 1 0 0 0 0.03
 0  6 -1 -3 -4  0  0 -2 -2 -4 -4  3 -3 -2 -3  1  1 -4 -3 -4 1 0 0 0 0.04
-1 -3 -3 -4 -2 -3 -3 -4 -3  4  2 -3  1  1 -3 -1 -1 -3  0  3 1 0 0 0 0.05
 3 -2 -2 -1 -2 -1 -2  0  1 -1  0 -2  0  0 -2  1  1  1  1  0 1 0 0 0 0.05
 0  1  0  2 -3  0  2 -1  0 -3 -3  4 -2 -3 -2  0  0 -4 -2 -2 1 0 0 1 0.06
 0  0 -1 -1  1  0  1  2  1 -1 -1  0 -1 -2  1  0  0 -3 -1  0 1 0 0 0 0.07
-1 -3 -3 -4  1 -3 -3 -2 -1  0 -1 -3  0  2 -2 -1  1  2  7 -2 1 0 0 0 0.09
-1  0 -2  0 -3  2  3 -3  1 -2  1  1  1  0 -2 -1  0 -3 -2 -1 1 0 0 0 0.16
 0  0  1  2 -3  1  2 -1  0 -2 -2  2 -1 -3 -2  0  0 -3 -2 -2 1 0 0 1 0.19
 1 -1 -1 -2 -2 -1 -2 -1  0  0  2 -1  2  0 -1  0  1 -2 -1  0 1 0 0 0 0.21
-2 -3 -3 -4 -2 -3 -3 -4 -3  1  4 -2  2  0 -3 -2 -2 -3  0  2 1 0 0 0 0.22
-1  0  1  1 -3  1  3  1 -1 -3 -2  1  0 -3  0  1  0 -3 -3 -2 1 0 0 1 0.26
 0  0  0  1 -3  1  2 -1 -2 -2 -3  3 -1 -3  0  0  0 -3 -3 -3 1 0 0 1 0.29
-3 -5 -4 -5 11 -4 -5 -4 -5 -4 -4 -5 -4 -4 -4 -3 -3 -4 -4 -3 1 0 0 0 0.21
-2 -4 -4 -4 10 -4 -4 -4 -4 -3 -3 -4 -3 -1 -2  0 -3 -4 -4 -3 0 0 1 1 0.19
 2  0  0  1 -3  3  0 -2  2 -2 -2  2 -2 -1 -2  1 -1 -3 -2 -2 0 0 1 1 0.21
 1 -1  0 -1 -2  0  0  0 -2 -2 -1  0  0 -3 -2  3  2  0 -2 -1 0 0 1 1 0.14
 0 -2  0  2 -4  1  5  0 -2 -3 -3  0 -3 -4  0  0 -2 -4 -3 -2 0 0 1 1 0.13
-1 -1  5  5 -4 -1  0 -2  1 -4 -4  0 -3 -4 -3  0  0 -4 -3 -4 0 0 1 1 0.14
 0 -1 -1 -2 -3 -1 -2 -3  3 -2 -3  0 -3 -1  6  2 -1 -4 -3 -2 1 0 0 1 0.12
 1 -1  1  0 -2  0  1 -1  2 -1  0 -1 -1 -2  2  0  1 -3  0 -1 1 0 0 1 0.09
 2  0  0  0 -3  0  4  0 -2 -2 -3 -1 -2 -3 -2  0  1 -3 -3  0 1 0 0 1 0.08
-3 -5 -4 -5 11 -5 -5 -4 -5 -3 -2 -5 -4 -4 -4 -3 -3 -4 -4 -3 1 0 0 1 0.15
-1 -2 -3 -3  0  1 -3 -4 -1  0  3 -2  1  4 -3 -3 -2 -1  4 -1 1 0 0 0 0.10
 0  2  2  2 -3  1  0  0  0 -2 -2  1 -2 -3 -2  1  0 -3 -2 -2 0 0 1 1 0.08
 0  1  1  0 -3  1  0  0  2 -2 -3  2 -1 -3 -1  1  1 -3 -1 -2 0 0 1 1 0.08
 1  1 -2 -2 -3  2  1  2 -2 -2 -2  3 -1 -3 -2  0 -1 -1 -3  0 1 0 0 0 0.07
-1  2 -2 -1 -4  1  4  1 -2 -3  0  1 -2  0 -1 -1 -2 -4 -3 -2 1 0 0 1 0.05
 0 -2 -1  2 -4  1  4 -1  0 -3 -1 -1 -3 -4  3  0 -1 -4 -2 -3 1 0 0 1 0.05
-1 -1 -2 -1 -3  3  3 -2 -1 -1  0  1  2 -2  0 -1 -1 -3 -3 -1 1 0 0 1 0.06
-1 -2 -4 -5 -3 -4 -4 -4 -4  2  4 -4  1  5 -4 -2 -3 -2 -1 -1 1 0 0 0 0.05
-2  3  3  0 -4  3  0 -2 -2 -4 -3  4 -1 -4 -1  0 -1 -4 -3 -4 1 0 0 1 0.05
-1  2  1 -1 -4  0  2 -3  2 -4 -3  4 -3 -4  1  0 -1 -4 -3 -2 1 0 0 1 0.05
-1 -2 -2 -2 -4  0  3 -4  4 -1  0  0 -2 -1 -3 -2  1 -3  3  0 1 0 0 1 0.05
 0 -4 -4 -4  1 -3 -4 -4 -4  4  2 -4  3 -2 -4 -3  2 -4 -3  3 1 0 0 0 0.04
 0  1  0  1 -3  2  2 -1  1 -2 -2  1 -1 -3 -1  1  0 -3 -1 -2 1 0 0 1 0.05
-1  0 -2  1 -4  0  4 -1 -2 -3 -1  2 -2 -1 -1  1 -2 -4 -3 -2 1 0 0 1 0.07
-1 -1 -1 -2 -3 -2 -1 -1 -2  1  0 -2 -2  3  1  3  1 -2  1 -1 1 0 0 0 0.05
-1 -1  0 -2 -3  2  0 -3  2  1  1  0  0  0 -3  1  1  0 -2 -1 1 0 0 1 0.04
 2 -2  1  1 -3  0  2 -1 -2 -1 -1  0 -2 -3 -2  1  1 -4 -3 -1 1 0 0 1 0.05
-2  1 -3 -3 -3  0 -2 -4  1  1  2  3  3 -2 -3 -2 -1 -3  1  0 1 0 0 1 0.05
 1 -2 -1 -3 -2  0 -2  1  2  0  0 -2  1 -2 -3  1  0 -3 -1  2 1 0 0 0 0.05
-1  2  2  2 -3  2  2 -2  3 -3 -3  1 -2 -3 -2  1  1 -3 -2 -3 1 0 0 1 0.06
-2  2  1  0 -4  4  2 -3  4 -4 -2  1 -2 -3 -3 -1  1  3 -1 -3 1 0 0 1 0.05
-2 -2  3 -1 -1  0  1 -3  1 -1  2 -1  1 -2 -3  1  0  3 -2  0 1 0 0 0 0.04
-4 -6 -6 -6 11 -6 -6 -5 -6 -4 -5 -6 -5 -5 -6 -4 -4 -5 -5 -4 1 0 0 0 0.04
 1 -1 -1  3 -4 -1  3  2 -2 -4 -4  1 -3 -4 -3  1  0 -4 -4 -3 1 0 0 1 0.03
 0 -1 -1  1  1  1 -1 -2  2  1  2 -2  1  0 -3 -1 -1 -3 -1  0 1 0 0 1 0.03
-3 -1 -4 -4 -4 -2 -2 -1  1 -2  1 -3  0  5 -4 -1 -3 -1  6 -2 1 0 0 0 0.03
 1  0  0  0 -3  4  2 -2  2 -2 -3  1 -2 -4 -3  2  1 -4 -3 -3 1 0 0 1 0.03
 0  1  1  0 -4  2  2 -3  0 -4 -2  5 -3 -4 -3 -1 -1 -5 -3 -4 1 0 0 1 0.02
-2 -3  0 -2 -4 -2 -3 -5  4 -1  4 -3  0  3 -4 -3 -1 -3  2 -1 1 0 0 1 0.02
-1 -4  1 -1 -4 -3 -2  6 -4 -3 -5  0 -4 -5 -1 -1  1 -5 -5 -4 1 0 0 1 0.02
-2 -2 -1  2 -5 -1  4 -2  2 -4 -3  2 -3  3  1  0 -1 -4 -2 -4 1 0 0 1 0.02
-1  1 -1  3 -4 -2  1 -2 -1 -3 -1  1 -3 -1 -2 -1  1 -2  6 -3 1 0 0 1 0.02
 0  0  0  2 -3 -1  1  1  0 -1 -1  0 -2 -1 -1 -1 -1 -2  2  0 1 0 0 1 0.02
 0 -5 -4  0 -4 -4 -4 -5 -3 -2  2 -4 -2  6 -5 -1 -4 -2  4 -3 1 0 0 0 0.02
-2  3  0 -2 -4  3  0 -1  2 -4 -2  3 -3  0 -3  0  0 -4  0 -3 1 0 0 0 0.02
 1  0  3  1 -3  0  0 -2 -1 -1  0  2 -2 -1 -3 -1  0 -3  1 -2 1 0 0 0 0.02
 0  1 -1 -1 -3  2  1 -1  2  0  0  1  0 -2 -2  1 -1  1 -1  0 1 0 0 1 0.03
-1 -3 -2 -4  0 -3 -1 -4 -1  0  3 -2  1  2 -4 -2 -2 -2  4  0 1 0 0 0 0.03
 1 -1 -2 -4 -3 -3 -4 -4 -4  3  4 -3  1 -1 -4 -1  1 -3 -3  0 1 0 0 0 0.04
-1 -3 -3 -1 -2 -1  2 -3 -3  3  0 -1 -1 -1 -3 -1 -1 -3 -2  4 1 0 0 0 0.05
 1  4 -1  0 -3  0 -1 -2  1 -2  0  2  0 -1 -2  0 -1 -3 -1 -2 1 0 0 1 0.07
-3 -3 -4 -4 -3 -3 -4 -4 -2 -1  3 -4  0  4 -4 -3 -3 -1  6 -1 1 0 0 0 0.10
 1  2 -2 -2 -2 -2 -2 -2 -2 -2 -3  0 -2 -1 -2  2  4 -3  0 -1 1 0 0 0 0.14
 0  2 -2 -2 -3  3 -1  0 -2 -2 -3  4 -2 -2 -2 -1  0 -3 -3 -3 1 0 0 0 0.26
-1  1 -1 -2 -4  1  0 -3 -2  0 -2  5  0 -1 -3 -1 -1 -4 -1 -2 1 0 0 0 0.29
 2 -1 -3 -3 -2  0 -2 -2 -2  0  1 -2  3  1 -3 -1  0  0  0  1 0 0 1 0 0.34
-3 -1 -4 -4 -5  0 -3 -4 -4 -4 -2 -3 -4 -5  8 -3 -3 -5 -5 -4 0 0 1 0 0.31
-2  0  0  2 -4  5  1 -1  0 -3 -3  2 -2 -4 -3 -1  0 -4 -3 -3 0 0 1 1 0.23
 3 -3 -3 -3  1 -3 -3 -2 -3  0  3 -3 -1 -2 -3 -1  0 -3 -3  2 0 0 1 0 0.22
-1 -2  1  0 -3 -2 -1 -2 -2 -3 -3 -2 -1 -4  2  4  3 -4 -3 -3 0 0 1 1 0.19
 0 -3 -1 -1 -3 -2 -1 -3 -2 -2  0 -2 -1  4  3  1  3 -2  0 -2 1 0 0 0 0.15
 0 -1  0  1 -3  2  3 -2 -2 -3 -3  1 -1 -4  3  1  1 -4 -3 -3 1 0 0 1 0.13
-2 -2 -1  2 -4  2  5 -2 -2 -2 -2  0 -3 -2 -3 -1  2 -4 -3 -2 1 0 0 0 0.16
-2 -4 -5 -5 -3 -4 -4 -5 -1  2  5 -4  0 -2 -4 -4 -3 -4 -3  2 1 0 0 0 0.12
 0 -2 -1 -2 -2  0  0 -3  0  2  0  0  1 -2 -1  0  0 -3  0  2 1 0 0 0 0.09
 0  0 -1  1 -3  1  3  0 -1 -2 -2  2 -1 -1  0  0 -1 -3 -1 -1 1 0 0 1 0.09
-1 -3 -4 -4 -3 -1 -3 -4  1  2  3 -3  2  2 -4 -3 -1 -2  2  2 1 0 0 0 0.10
 1 -3  0 -2 -2 -2 -2  1 -3  0 -1 -2 -2 -3 -3  2  3 -4 -3  2 1 0 0 0 0.08
-1  3  0  0 -4  1  3 -1  3 -4 -3  3 -1 -4 -3 -1 -2 -4 -3 -2 1 0 0 0 0.08
-1  2  2  2 -4  2  1  0  1 -3 -2  3 -2 -4 -2  0 -1 -4 -3 -3 1 0 0 0 0.08
-2  2 -3 -4 -3 -1 -3 -4  2  1  2 -1  5  1 -1 -2 -1 -3  0  1 1 0 0 0 0.06
 2 -1 -1 -2 -2 -2 -2  1  1 -1 -2  0  0 -3 -2  1  3 -4 -3  1 1 0 0 0 0.05
 0  0  2  3 -3  0  0 -1  1 -2 -2  1 -1 -3 -2  1  1 -4 -3 -2 1 0 0 1 0.06
 1 -3 -3 -2 -2 -2 -3 -2  0  2  1 -2 -1  3 -3  0  0 -3 -1  2 1 0 0 0 0.04
 3 -3 -2 -3 -2 -2 -3  2  2  0  1 -2 -2  0 -3  0 -1 -3  1 -2 1 0 0 0 0.05
 2 -1  0 -1 -3  1  1 -2  0 -1 -3  0 -2 -3 -2  3  2 -4 -3 -1 1 0 0 1 0.05
-1  2 -1 -1 -4 -1  1 -3  2 -3 -3  5 -1 -4 -3 -1  3 -4 -1 -3 1 0 0 1 0.06
-3 -6 -5 -6 11 -5 -6 -5 -5 -4 -4 -5 -4 -5 -5 -4 -4  3 -5 -4 1 0 0 0 0.07
-3 -5 -5 -5 11 -5 -5 -5 -5  0 -4 -5 -4 -5 -5 -4 -3 -5 -5 -3 0 0 1 0 0.10
 0  0  0 -1 -2  2  1 -1  1 -2 -2  2  0 -2  1  2  1 -3 -2 -2 0 0 1 1 0.12
-2 -1 -2 -2 -2 -1 -1 -3  0  0  3 -1  1 -1 -3  1  0 -3 -2  1 0 0 1 1 0.11
 1 -1  0  1 -2 -1 -1  1 -2 -1 -2 -2 -1 -3  4  2  0 -3 -3 -2 0 0 1 1 0.09
-1 -2  1  2 -4  1  4 -1 -2 -4 -4 -1 -3  0 -3  2 -1 -4 -3 -2 1 0 0 1 0.06
 1 -1  1  3 -3 -1  3  2  0 -4 -4 -1 -3 -4  0  0 -1 -4 -3 -2 1 0 0 1 0.06
-1  1  1  1  0  2  1 -2  2 -2 -2  3 -2 -1  0 -1 -1 -3  0 -2 1 0 0 1 0.07
 0  3 -1 -1  1  3  1 -3 -2 -1 -1  1  1 -3  1 -1 -1  2 -2 -1 1 0 0 0 0.08
 1 -2 -2 -2 -2  0 -1 -1 -2  1  1 -2  3  1  0  1  0 -2 -1  1 1 0 0 0 0.09
 2 -1  1  1 -3 -1  0  0  3 -1 -2  1 -2 -3  1  0  0 -3  0 -1 1 0 0 0 0.08
-3 -5 -4 -4 10 -4  1  0 -5 -4 -1 -4 -4 -4 -5  0 -3  4 -4 -4 1 0 0 0 0.08
 2 -2 -3 -2 -2 -2 -3  1 -3  2  1 -3  3  0 -3  0 -1 -3  0  2 1 0 0 0 0.05
 1 -2 -2  2 -4  0  5 -3 -1 -2  0  0 -3 -3  0 -2 -1 -5 -4 -3 1 0 0 0 0.04
-2  0  2  3 -4  0  3  2 -1 -3 -4  1 -3 -4 -1  0 -1 -4 -2 -4 1 0 0 0 0.05
 0  1 -1 -1 -4  0  3 -1  1 -3  0  0 -1 -1 -3 -1 -2  1  4 -2 1 0 0 1 0.03
 1  1 -1 -3 -2 -2 -3 -3  0  0  3 -1  0 -2 -2 -1  1 -4 -3  1 1 0 0 0 0.02
-1 -2  0  3 -3  0  0 -1 -1 -3 -2  0 -3 -3  2  3  1 -4 -1 -1 1 0 0 0 0.02
 1 -2 -2 -1 -3 -1  1 -3  0  1  3  0  1 -1 -3  0 -1 -3 -2  0 1 0 0 0 0.01
 0 -3 -4 -4 -3 -3 -4 -4  4  3  1 -3  0  3 -4 -3 -2 -3  1  3 1 0 0 0 0.01
-2 -3 -3 -4  3 -3 -3 -2  1  3  3 -3  2  1 -4 -1  2 -3 -1  0 1 0 0 0 0.01
 0 -3  3  2 -4  0  1  4 -1 -2 -3 -2 -3 -3 -3 -1 -1 -4 -4  0 1 0 0 0 0.01
 0  1  0  1 -4  2  2 -3  2 -4 -4  3 -3 -3 -3  1 -2 -2  1 -2 1 0 0 0 0.01
-3 -4 -5 -5 -3 -4 -4 -5 -5  4  4 -4  2 -1 -4 -2  1 -4 -3  1 1 0 0 0 0.01
-4 -6 -5 -6 11 -6 -6 -5 -6 -4 -4 -6 -5 -5 -6 -1 -4 -5 -5 -4 1 0 0 0 0.01
 0  2 -1  2 -3  1  1  1 -2  0 -1  0 -1 -3 -2  0  0 -3 -2  0 1 0 0 0 0.02
-1  3  0  1 -2  0  0 -2  0  0  0  2  0 -1 -2  0 -1 -2 -1  0 1 0 0 0 0.02
-1  0  2 -1 -3  3  2 -3  6 -3 -1  0 -2 -1 -2 -1 -2 -3  0 -3 1 0 0 0 0.02
 0  0  2  0 -4  0  4 -2  0 -4 -3  3 -3 -4 -2  1  0 -4 -3 -2 1 0 0 1 0.04
 0 -1  1  0 -3  0  1 -2 -1 -2  1  2 -1  0  1 -1  0  2  0 -2 1 0 0 1 0.04
-1  2  1 -2 -3 -1 -1 -2  1 -1  0 -1 -1 -1 -2  3  3 -3 -2 -2 0 0 1 1 0.04
 0 -3 -2 -1 -3 -2 -1 -3 -1 -1 -3 -2 -3  1  5  1  3  2 -3 -2 0 0 1 1 0.03
-1 -1 -3 -2 -3 -2 -1 -1 -3  3  0  2  0 -1 -3 -2 -1 -4 -2  3 0 0 1 1 0.03
-3 -3  6  2 -4 -2 -1 -3  2 -5 -2 -1 -4 -4 -4  2 -2 -5  0 -4 0 0 1 0 0.02
 1 -2 -1  3 -3 -2  1 -1 -3 -4 -4  0 -3 -4  4  3 -2 -4 -1 -3 1 0 0 1 0.02
 0  2  0  0 -4  1  0  3  2 -4 -4  3 -3 -4 -3 -1 -1 -4 -3 -4 1 0 0 0 0.02
-3 -4 -5 -5 -3 -4 -5 -5 -4  3  1 -4  2  4 -5 -4 -1 -3  1  5 1 0 0 0 0.02
 2  1 -1  1  2  0  1  1  0 -3 -3  1 -2 -4 -2  1  2 -4 -3 -2 1 0 0 1 0.02
-3  0  2  3 -5  3  2 -3  6 -4 -4  2 -3 -4  0 -1 -3 -4 -2 -4 1 0 0 1 0.02
-4 -7 -6 -7 11 -7 -8 -6 -7 -5 -5 -7 -5 -6 -7 -5 -5 -6 -6 -5 1 0 0 0 0.01
-4 -7 -6 -7 11 -7 -8 -6 -7 -5 -5 -7 -5 -6 -7 -5 -5 -6 -6 -5 1 0 0 0 0.01
 1  0  2  1 -3  3  1 -1 -2 -3 -3  2 -3 -4 -2  1  2 -1 -3 -2 1 0 0 1 0.01
-1 -1  0  2 -4  1  3 -2 -1 -3 -1  2 -1 -3 -3  1  0 -4 -3 -3 0 0 1 1 0.02
 0 -2  2  0 -4  0  0 -3 -3 -4 -3  2 -3 -5  2  4 -1 -5 -4 -4 0 0 1 1 0.02
-1 -3 -2 -2 -3 -2  0  0 -1 -2  0 -2 -1  2  2 -1 -1 -1  5  0 0 0 1 0 0.02
 2  0 -2 -2 -2 -2 -1 -1 -2  0  0 -2  1 -2  2  2 -1 -3 -2  1 0 0 1 0 0.01
-2 -2  3  1 -4 -1  3 -2 -1 -3 -2 -1 -1  4 -3 -1  1 -3 -1 -3 0 0 1 1 0.01
-2  6 -1 -4 -5  1 -2 -3 -3  0 -4  0  0 -5  2 -1 -2 -5 -4 -4 1 0 0 0 0.01
-2  4  0 -3 -4 -1 -2 -1  0 -1  0  1  3 -1 -2 -1  0  1  0 -1 1 0 0 0 0.01
-3 -3  1  1 -4 -2  2 -2  1 -3  0 -1 -1 -2  5  0 -2 -4 -2 -2 1 0 0 0 0.01
-4 -7 -6 -7 11 -6 -7 -6 -7  2 -4 -6 -4 -5 -6 -4 -4 -6 -6 -1 1 0 0 0 0.01
-3 -5 -5 -6 -5 -5 -6 -6  0  3  0 -5  1  8 -6 -5 -4 -2  0 -1 1 0 0 0 0.01
 0 -1  0  1 -2 -1  0 -2 -1  0  0 -1  1 -2 -1  2  2 -3  2  0 1 0 0 1 0.01
 3 -2  1  1  5  0  0  0 -1 -3 -4 -1 -3 -2 -3  2 -1 -4 -3 -3 1 0 0 1 0.01
-1 -2 -4 -4 -3 -3 -4 -4  0  1  4 -2  2  0 -4 -1  1 -4 -2  0 0 0 1 0 0.01
-2 -2 -2 -2 -4  2  2  1 -1 -3 -2  2 -3 -2  2 -2 -1 -3  3  0 0 0 1 1 0.01
 1  0  0 -1 -2 -2 -1 -2 -2  0 -1 -1 -1  2  2  0  0  0 -1  2 0 0 1 1 0.02
 1 -3 -2  6 -4 -1 -1 -3 -2 -3 -3 -3  4 -4 -1 -2 -2 -5 -1 -2 0 0 1 0 0.02
-1 -2  0  1 -4  1  4 -1 -2 -4 -3  1 -3 -4  4  0  0 -4 -3 -3 0 0 1 1 0.03
 2 -2  1 -1 -2 -1  0 -1  0 -3 -3  1 -2 -3  1  1  4 -3 -3 -2 0 0 1 1 0.03
 1 -3 -1 -3 -3 -1 -3 -3  3 -2 -2 -3 -3  2  2 -2 -2 -1  7 -3 0 0 1 0 0.05
-1 -2 -1  0 -2  2  0 -1  0  0  0 -1  0 -2  0  0  0 -3 -2  3 0 0 1 1 0.05
-1 -2  0 -4 -4 -2 -3 -4 -4 -2  0 -1 -3 -5  7  0 -2 -5 -4 -4 0 0 1 1 0.07
 0 -1 -3 -1 -4 -1 -1 -4 -4 -2 -1  1 -3 -5  6  1 -2 -5 -4 -1 0 0 1 1 0.07
 0 -2 -2  0 -4  1  4 -3 -3 -4 -2  1 -3 -1  5  1 -1 -5 -3 -2 0 0 1 1 0.07
-2 -4 -5 -5 -2 -4 -4 -5  1 -1  3 -4  0  6 -3 -3 -2  1 -1  1 0 0 1 1 0.07
-1  0  1  1 -2  2 -1 -2 -1 -4 -2 -1 -3 -4  5  3  0 -5 -4 -3 0 0 1 1 0.07
 2 -2 -1  2  1  0  1 -2 -2 -3 -1 -2 -2 -4  4 -1  0 -4 -2 -1 0 0 1 1 0.09
-1 -1 -1  3 -3 -1  2 -1 -2  0 -1  0 -2 -1 -1  0  0 -3  0  1 1 0 0 1 0.10
-1  1 -1 -2 -3  1  1 -3 -1  0  1  2  0 -2 -1  0  2 -3 -2  1 1 0 0 1 0.11
-3 -2 -3 -3 -3 -2  0 -4 -3  0  1 -1  0  6 -1 -2 -3  3  1 -1 1 0 0 0 0.11
 0 -2  0  0 -3 -2 -2 -3  2  0 -2 -2 -2 -4  5  0  3 -4 -3  0 0 0 1 1 0.11
-1 -3 -2 -2  0 -3  0 -3 -3 -2  0 -1  0  5 -2  0  3 -2  0 -1 0 0 1 0 0.09
-2 -1  4  2 -4 -1  0 -1  6 -4 -4  0 -3 -4  0  1 -1 -4 -2 -4 0 0 1 1 0.11
 1  0 -1  2 -3  1  3 -1 -2 -3 -3  2 -3 -4  0  0  0  0 -3 -3 1 0 0 0 0.12
-3 -2  0  6 -5  1  2 -3 -3 -3 -4  1 -4 -2 -3  0 -2 -5 -4  0 1 0 0 1 0.14
-2 -4 -4 -4 -3 -3 -1 -5 -4  2  4 -4  3  0 -4 -3 -2  3 -1  2 1 0 0 0 0.18
-1 -7 -6 -7 11 -7 -7 -6 -7 -5 -5 -7 -5 -6 -6 -4 -4 -6 -6 -4 1 0 0 1 0.16
-2 -1  0  2 -4  4  0 -2  0 -4 -4  3 -3 -4  0  1  3 -4 -3 -3 0 0 1 1 0.15
 3 -1 -2 -1 -2 -1 -1  0 -1 -2  0  2 -1  0  0  1  1 -3 -2 -1 0 0 1 1 0.14
 0 -1  1 -1 -3  3  0  1  1 -3 -3 -1 -2  1  3  0 -2 -2  2 -3 0 0 1 1 0.16
-1  0  3  1 -4  0  4  1  2 -4 -3  1 -3 -4 -1  0 -2 -4 -3 -3 1 0 0 1 0.14
-1 -1  2  2  0  1  4 -2 -2 -2 -3  2 -1 -4  0 -1  1 -4 -3 -2 1 0 0 1 0.12
 0 -2  3  2 -4  0  4  0 -2 -4 -3  0 -3 -4  0 -1  1 -4 -3 -3 1 0 0 1 0.09
-2  2  0 -3 -4  3  0 -2  1 -2  2  3 -1 -1 -1 -2 -2 -4 -2 -1 1 0 0 0 0.09
 1 -2 -2 -1 -4  6  2 -2 -1 -1 -2  0 -1 -2 -2 -2 -2 -4 -1  1 1 0 0 0 0.11
-1  1  0 -2 -3 -1  0 -3  0  2  1  0  2 -2 -1  0  1 -3 -2  0 1 0 0 1 0.08
-1  0 -2  3 -4 -1  1 -2 -1 -1 -2  3  2  2  0 -1 -1 -3  0 -1 1 0 0 1 0.08
-2  2 -2 -3 -5  3 -1 -1 -3 -3 -1  6  0 -2 -3 -2 -1 -5 -4 -4 1 0 0 0 0.07
-3  0 -1  0 -5  5  0 -3  1 -4 -1  1 -1 -2 -4 -2 -2 -2  5 -4 1 0 0 0 0.06
-2  4 -2 -2 -2  1  2 -2  0  0 -2  2 -1 -4 -3 -1  3 -4 -3 -2 1 0 0 1 0.05
-1 -4 -5 -5 -4 -4 -5 -5 -3 -1  2 -4  0  6 -5 -4 -3 -2  4  0 1 0 0 0 0.06
-1 -3 -4 -3 -3 -3  1 -4 -4  2  4 -3  3 -1 -4 -2 -2 -3 -3  0 1 0 0 0 0.07
-1 -3 -3 -4 -3 -3 -3 -4  0  2  1 -3  0  0 -4 -1 -2  2  5  3 1 0 0 0 0.07
-3 -2  4  0 -5 -1  5  0  1 -5 -5  1 -4 -5 -3  1 -2 -5 -1 -4 1 0 0 0 0.05
-1  0 -4 -4 -3 -2 -3 -4 -3  2  4 -3  1  1 -3 -3 -1 -2  1  0 1 0 0 0 0.05
 2  0 -3 -3 -2 -1 -3  0 -3  1  0 -2  0 -3 -3  1 -1 -4 -3  4 1 0 0 0 0.05
-3  5 -2 -3 -5  1 -2 -4  1 -5 -4  5 -3 -5 -3 -2  1 -5 -4 -4 1 0 0 0 0.05
-3  5 -1 -3 -2  4 -2 -4  6 -4 -1  1  0 -4 -4 -2 -2  1 -1 -2 1 0 0 0 0.05
-1  0  1 -3 -4 -1 -2 -4  4 -2 -2  5  0  1 -4 -1 -2 -4  1 -2 0 0 1 0 0.07
-3 -5 -4 -4 -5 -4 -4 -2 -2 -5 -3 -4 -5 -6  8 -3  1 -6 -4 -3 0 0 1 0 0.09
-1  0  1  0 -4  3  2 -3  3 -4 -3  3 -3  2 -3 -2  0 -3  1 -3 0 0 1 1 0.07
 2 -3 -4 -5  0 -3 -4 -4 -4  4  2 -4  3  0 -4 -3 -1 -4 -3  2 0 0 1 0 0.07
 0 -3 -2 -1 -3 -2 -1 -1 -3 -3 -3 -2 -3 -3  4  0  4 -3  3 -3 0 0 1 1 0.07
 0 -2  0  2 -4  0  4  0  1 -2 -1  0  1 -2 -2 -1 -2 -4 -3 -2 1 0 0 1 0.06
-1 -2 -1  1 -4  0  4 -1 -2 -2 -2 -1 -1 -4  3  0 -1 -4 -3  1 1 0 0 1 0.04
-2  0 -3 -3 -5  5  2 -4  1 -2 -2 -1 -1  4 -4 -2  1 -3 -2 -2 1 0 0 1 0.03
-3 -3 -5 -5 -3 -4 -5 -6  0  3  5 -4  2  1 -5 -4 -3 -1 -1  0 1 0 0 0 0.02
 0  2  0 -1 -3  2  0 -1 -1 -2  0  3  0 -3 -3  1  1 -2 -3 -1 1 0 0 1 0.02
 1  0 -2  0  0  0  0 -1 -2 -3 -2  3 -2 -1 -1  2  3 -4 -3 -2 1 0 0 1 0.03
-1 -4 -4 -5  0 -1 -4 -5 -4  4  2 -4  2  0 -4 -3 -1  1  0  4 1 0 0 0 0.03
 0 -3 -3 -3 -2 -2 -3 -3  1  2  2 -3  2  1 -3  0  1 -3  1  1 1 0 0 0 0.03
 2 -1 -1  2 -3 -1  3  0  1 -2 -3  0 -3 -4 -2  1  2 -4 -3 -1 1 0 0 1 0.03
 0  0  1  3  2  0  1  0  1 -3 -2  1 -3 -4  2  0 -1 -4 -3 -3 1 0 0 1 0.04
-4 -5 -5 -5 -1 -5 -5 -3 -3 -1 -3 -5 -1  7 -4 -2  1 -2  5 -3 1 0 0 0 0.07
 0  0 -2 -1 -2  0  0 -2  0  0  2  0 -1 -1 -2  1  2 -3 -1  0 1 0 0 1 0.09
 2  0  1  0 -3 -1  1  1  1 -2 -3  3 -3 -4 -2  0  1 -4 -3 -3 1 0 0 1 0.10
 1 -3 -3 -4 -3 -3 -3 -3 -3  0  1 -3  5  2 -4  1  0 -3 -2  1 1 0 0 0 0.11
-2 -1 -4 -3 -1 -2 -3 -3 -4  2  3 -2  2  0 -4 -3  0 -4 -3  4 1 0 0 0 0.12
 0 -1  1  2 -4  2  3  0 -2 -3 -4  1 -1 -4 -1  0  0 -4 -3 -2 1 0 0 1 0.15
-1  1 -2 -1 -4  1  3 -1 -2 -4 -3  5 -2 -5 -1  1 -1 -4 -4 -3 1 0 0 1 0.20
-4 -7 -7 -7 12 -7 -8 -6 -7 -5 -5 -7 -5 -6 -7 -5 -5 -6 -6 -5 1 0 0 0 0.26
-4 -7 -6 -5 11 -7 -7 -4 -7 -5 -5 -7 -5 -6 -7 -3 -5 -6 -6 -5 1 0 0 1 0.43
 1  1 -1  2 -4  3  0 -1  2 -3 -4  4 -3 -2 -3  0  0 -4 -3 -3 0 0 1 1 0.51
 4 -2 -1 -1 -3 -1  1  0 -1 -2 -3  0 -3 -4 -3  2 -1 -1 -3  0 0 0 1 1 0.45
 0 -2 -2  2 -5  3  5 -4 -2 -4 -4  0 -3 -4  1  0 -3 -4  0 -1 0 0 1 1 0.50
-3 -2  4  5 -5 -1  2 -1 -3 -5 -5  1 -4 -5 -3  0 -1 -6 -5 -5 0 0 1 1 0.61
 0  1 -2 -2 -4  2 -1 -3  3 -2 -4  3 -3 -2  4  1 -1 -4 -3 -1 0 0 1 1 0.64
 0 -2  1  0 -4  2  4 -2  1 -3 -3  0 -1 -4 -3  0  2 -4 -3 -1 0 0 1 1 0.62
 4 -3 -2 -1 -3 -1  3  0 -3 -2 -3 -2  0 -4 -2  0  1 -4 -4  1 1 0 0 1 0.63
-4 -7 -7 -7 12 -7 -8 -6 -7 -5 -5 -7 -5 -6 -7 -5 -5 -6 -6 -5 1 0 0 0 0.70
-5 -5 -6 -6 -5 -6 -6 -6 -2 -2  3 -6  0  8 -6 -5 -5 -2  0 -3 1 0 0 0 0.69
 1  0  2  2 -3  1  0  0 -1 -3 -2  0 -2 -4 -2  1  1 -4 -3 -1 1 0 0 1 0.71
 1 -1 -1  0 -4  1  4 -1  2 -2 -3  1 -1 -4 -1  0  1 -4 -3 -1 1 0 0 1 0.65
-3 -1 -2  0 -6  1  6 -4 -3 -5 -5  5 -4 -6 -4 -3 -3 -5 -4 -3 1 0 0 1 0.71
 0  2 -2 -2 -4 -2  0  5 -1 -1 -2  1 -3 -4 -3  0 -2 -4 -4 -3 1 0 0 0 0.58
 2 -1 -1 -2 -4  0 -1 -2 -3 -4 -3  1 -3 -5  6  1 -1 -5 -3 -3 1 0 0 1 0.51
 0 -1  0 -2 -4  4  1 -1 -2 -2 -1  4 -1 -4 -2 -1 -1 -4 -3 -2 1 0 0 1 0.64
-1 -4 -4 -5 -3 -3 -4 -5 -1  2  5 -4  4  1 -4 -2 -1 -3  0 -1 1 0 0 0 0.59
-1  1  0 -2 -3 -1  0 -1 -1  3  0  2  0 -1 -3 -2  0 -4 -1  2 1 0 0 0 0.63
 1  1  0  0 -3  1  3 -2 -2 -2 -3  3 -1 -4 -2  1  0 -4 -2 -1 1 0 0 1 0.64
 0  1 -2 -1 -4  1  4 -2  2 -1 -3  2 -1 -4 -3 -1  0 -4 -2  0 1 0 0 1 0.74
-1 -3  0 -3  3 -3 -3 -3 -3  2  2 -3 -1 -2 -3  2  3 -4 -3  0 1 0 0 0 0.52
-1  3 -2 -2 -4  4  2 -3 -2 -2 -4  3 -2 -4 -1  1  0 -4 -3 -3 1 0 0 1 0.47
 3 -1 -1  2  0 -1  1 -1 -2 -3 -3  1 -1 -4 -1  2  0 -4 -3 -2 1 0 0 1 0.41
 3 -3 -3 -3 -2 -3 -3 -2 -3  0  0 -3 -2  4 -3  2  0 -2 -1  0 0 0 1 1 0.49
-3 -3 -5 -5 -3 -3 -4 -5 -4  3  5 -4  1 -1 -4 -4 -3 -3  0  1 0 0 1 0 0.55
 4 -2 -1 -3 -3 -1 -2  4 -3 -4 -4  2 -3 -4 -3  0 -2 -4 -4 -3 0 0 1 1 0.58
-2 -3 -4 -4 -2 -3 -4 -4 -4  3  2 -3  3 -1 -3 -3 -1 -3 -2  4 0 0 1 1 0.70
