 4 -1 -1 -2  0 -1 -1  0 -2 -1 -1 -1 -1 -2 -1  1  0 -2 -2  0 0 0 1 1 0.77
 0 -2  0 -1 -2 -2 -2  5 -2 -4 -4 -1 -3 -3 -2  0 -2 -2 -3 -3 0 0 1 1 0.70
 4 -1 -1 -2  0 -1 -1  0 -2 -1 -1 -1 -1 -2 -1  1  0 -2 -2  0 0 0 1 0 0.61
-1 -2 -3 -4 -1 -2 -3 -4 -3  1  4 -2  2  0 -3 -2 -1 -2 -1  1 1 0 0 0 0.58
-2 -3 -4 -4 -2 -2 -3 -2 -2 -3 -2 -3 -1  1 -4 -3 -2 10  2 -3 1 0 0 0 0.44
-1  0  0  1 -4  2  5 -2  0 -3 -3  1 -2 -3 -1  0 -1 -3 -2 -2 1 0 0 1 0.46
-1 -3 -3 -3 -1 -3 -3 -4 -3  4  1 -3  1  0 -3 -2 -1 -3 -1  2 1 0 0 0 0.52
-1  0  0  1 -4  2  5 -2  0 -3 -3  1 -2 -3 -1  0 -1 -3 -2 -2 1 0 0 0 0.69
-1  2  0 -1 -3  1  1 -1 -1 -3 -2  4 -1 -3 -1  0 -1 -3 -2 -2 1 0 0 1 0.61
-1  0  0  1 -4  2  5 -2  0 -3 -3  1 -2 -3 -1  0 -1 -3 -2 -2 1 0 0 1 0.54
-1 -2 -3 -4 -1 -2 -3 -4 -3  1  4 -2  2  0 -3 -2 -1 -2 -1  1 1 0 0 0 0.60
-2 -3 -3 -4 -2 -3 -3 -4 -2  3  1 -3  1  5 -3 -3 -1  0  2  1 1 0 0 0 0.50
 0 -2 -1 -2 -1 -1 -2 -2 -2  1  0 -1  0 -2 -2  0  3 -3 -1  3 1 0 0 1 0.56
-1  4  0 -1 -3  1  0 -2 -1 -3 -3  4 -2 -3 -1  0 -1 -3 -2 -3 0 0 1 1 0.56
 2 -2 -3 -3 -1 -2 -2 -2 -3  1  3 -2  1  0 -2 -1 -1 -2 -1  0 0 0 1 0 0.57
-1 -1 -1  0 -3  0  3  3 -1 -3 -3  0 -3 -4  5  0 -1 -3 -3 -3 0 0 1 1 0.50
 3 -1 -1 -2 -1 -1 -1  0 -2 -1 -2 -1 -1 -2 -1  1  3 -3 -2  0 0 0 1 1 0.48
-1 -2 -3 -3 -2 -1 -2 -3 -2  1  1 -2  3 -1  5 -1 -1 -3 -2  2 0 0 1 0 0.53
 1 -1  0 -1 -1  0  0 -1 -1 -3 -3 -1 -2 -3  4  4  1 -3 -2 -2 1 0 0 1 0.46
 1  3  0 -1 -2  0  0 -1 -1 -3 -3  1 -2 -3 -1  4  1 -3 -2 -2 1 0 0 1 0.47
 3  3 -1 -1 -1  0 -1 -1 -1 -2 -2  0 -1 -3 -1  2  0 -3 -2 -1 1 0 0 1 0.48
 0 -3 -2 -3 -1 -2 -3  2 -3  3  0 -2  0 -1 -3 -2 -1 -3 -2  3 0 0 1 0 0.54
-1  3  3  0 -3  1  2  2  0 -4 -3  1 -2 -3 -2  0 -1 -3 -2 -3 0 0 1 1 0.52
 0  3  0  0 -3  1  2 -2 -1 -3 -3  3 -2 -3 -1  2  0 -3 -2 -2 0 0 1 1 0.62
-1 -1  3  0 -3  0  0 -1  7 -3 -3 -1 -2 -2 -2  1  0 -3  1 -3 0 0 1 1 0.76
-1 -2 -2 -3 -1 -2 -3 -3 -3  1  4 -2  2  0 -3 -1  2 -2 -1  1 0 0 1 0 0.74
-1  0 -1  2 -3  2  0 -2 -1 -1 -2  2 -1 -3  4 -1 -1 -3 -2  0 0 0 1 1 0.73
-2 -3 -2  1 -4 -2 -1 -3 -3 -4 -4 -2 -3 -4  8 -1 -2 -4 -4 -3 0 0 1 1 0.75
 2 -1 -1 -2 -1 -1 -1 -1  2 -1  1  1  0 -2 -2  1  1 -3 -1 -1 0 0 1 0 0.81
-1  2 -1 -1 -2  2  0 -2 -1 -1 -2  3 -1 -2 -2  1  1 -2  1  0 0 0 1 1 0.79
 1  3 -1 -1 -3  0  0 -2 -1 -3 -3  3 -2 -3  3  1  1 -3 -2 -2 0 0 1 1 0.81
 1 -2 -2 -2 -3 -1 -1 -2 -3 -3 -3  1 -3 -4  7 -1 -1 -4 -3 -2 0 0 1 1 0.82
 0  1 -2 -2 -2 -1 -2  2 -2  1 -1 -1 -1 -1  2  0 -1 -2  1  1 0 0 1 1 0.78
 0  1 -2 -2 -3 -1  1 -2 -2 -3 -3  1 -3 -4  7 -1 -2 -4 -3 -3 0 0 1 1 0.62
-1  0 -1  0 -3  4  3  0  2 -3 -3  1 -2 -3 -2  1  0 -3 -2 -3 0 0 1 1 0.65
 1  1 -1 -1 -2  4  0 -2 -1 -3 -3  2 -1 -3 -2  2  2 -3 -2 -2 0 0 1 1 0.69
 0  2 -1  1 -2  2  0 -2  2  0 -2  2 -1  0 -2  0  0 -2 -1 -1 0 0 1 1 0.64
 0  0  1  1 -3  0  1  1 -1 -3 -3  2 -2 -3  4  1 -1 -3 -2 -2 0 0 1 1 0.66
-1  2 -1 -1 -2  2  2 -2 -1 -2 -2  1 -1  0 -1  1 -1  4 -1 -2 0 0 1 1 0.65
-1  1 -1 -1 -3  3  2 -2 -1 -3 -2  4 -2 -3  2  0  0 -3 -2 -2 0 0 1 1 0.59
-1 -1  1 -1 -2 -1  0 -2 -1  0 -1  0 -1  1 -2  2  2  5  0 -1 0 0 1 1 0.48
 1 -1  1  2 -3  3  2 -2 -1 -2 -3  0 -2 -3 -2  1 -1 -3 -2  0 0 0 1 1 0.42
 0 -2  1 -2 -2 -2 -2 -2 -2  1  0 -2 -1 -3  6  0  0 -4 -3  0 0 0 1 1 0.30
-1 -2 -1  2 -2 -1 -1 -2 -2 -2  0  0 -1 -3  4  2  2 -4 -3 -2 0 0 1 0 0.24
 1 -2 -2 -2 -2  0  0 -2 -1  1  1 -1  1  1 -2  0 -1 -2  2  0 0 0 1 0 0.24
-2  0  1  2 -4  1  3 -2 -1 -1 -3  3 -2 -3 -2 -1 -2  5 -2 -3 1 0 0 1 0.28
-1  0 -2 -2 -3  0  1 -3 -1 -1  1 -1  0  4 -3  1 -1 -1  2 -1 1 0 0 0 0.26
-1  3  1  2 -3  2  1 -2 -1 -3 -3  3 -2 -4 -2  0  0 -4 -3 -3 0 0 1 1 0.21
-2 -2 -3 -2 -2 -2  1 -3 -2  0  3 -2  0  4 -3 -2 -2 -1  0  1 0 0 1 0 0.20
-1 -2 -1  3 -3  0  1  1 -1 -2 -1  0 -1  3 -2  1 -1 -2  1 -2 0 0 1 1 0.16
-2 -1  2  0 -3 -1  1 -2  3 -1  1  1 -1  0  3 -1 -1 -3 -1 -1 0 0 1 1 0.15
 2  0 -1 -2 -2 -1 -2 -2 -1 -2 -1 -1 -1  3 -2  2 -1 -1  3 -1 0 0 1 1 0.16
 1 -1  1  2 -2  0  2 -1 -1 -2 -2  0 -2 -3 -1  1  2 -3 -2 -2 0 0 1 1 0.17
 4 -2 -2 -2 -2 -1  0  1 -2 -2 -2 -1 -1  2 -2  0  2 -2 -1 -1 0 0 1 0 0.13
 0  1 -2 -2 -2  1 -1 -2 -2  1  0  2  0 -2  1 -1  0 -3 -2  1 0 0 1 1 0.12
 0 -2 -1  1 -3  1 -1 -2 -2 -3 -3 -1 -3 -4  6  2  0 -4 -3 -3 0 0 1 1 0.12
 0  1 -2 -2 -2 -1 -2 -3  4  2 -1  1 -1 -1 -3 -2 -1 -2  3  1 0 0 1 1 0.11
-1  1  1 -1 -2 -1 -1 -1 -1 -2 -2  1 -2 -3  5  2  1 -3 -2 -2 0 0 1 1 0.09
-1  0  3  3 -3  0  2 -2 -1 -2 -1 -1 -2 -2 -2  1 -1 -3  0 -2 0 0 1 1 0.09
-1 -3 -2 -1 -2 -2 -2 -3 -3  4  2 -2  0 -1  0  0  0 -3 -2  2 0 0 1 0 0.09
 0  1  0  1 -2  2  1  0  2 -1 -1  1 -1 -2 -2  1 -1 -3 -1 -1 0 0 1 1 0.06
-2 -1  3  5  3 -1  2  0 -2 -4 -4  1 -3 -4  0  0 -1 -4 -3 -3 0 0 1 1 0.05
-2 -3 -3 -4 -2 -3 -3 -4 -3  4  2 -3  2  4 -3 -1 -2 -2  0  0 0 0 1 0 0.04
-1 -2  3  5 -3  0  1 -2 -1 -3 -3 -1 -3 -4  1  1 -1 -4 -3 -1 0 0 1 1 0.04
-1 -4 -5 -5 -4 -4 -4 -4 -3 -4 -3 -4 -3  2 -5 -4 -4 11  2 -4 1 0 0 0 0.03
 0 -1  3  0 -2  1 -1  0 -1  0 -2  0 -2 -3 -2  3  0 -3 -2 -2 0 0 1 1 0.03
-1  1  2  0 -2  0 -1 -1 -1 -2 -2  2  1 -3 -2  3  2 -3 -2 -2 1 0 0 1 0.03
 1 -2 -2 -3 -1 -2 -2 -2 -2  2  3 -2  1 -1 -2 -1 -1 -2 -1  1 0 0 1 0 0.02
-1  1  0 -1 -2  2  1 -2 -1  1 -2  2 -1 -2  1  1 -1 -3 -2  0 0 0 1 1 0.03
-1 -1  3  2 -2  1  0  1  2 -3 -3  1 -2 -3 -2  2 -1 -3 -2 -2 0 0 1 1 0.04
-1 -2  0 -2 -2 -2 -2 -3 -2  3  1 -2  0  3 -2 -2 -1 -1  0  2 0 1 0 0 0.06
-1  2 -1 -1 -3  0  2 -2  3 -1 -2  3 -2 -3 -2 -1  0 -3 -1 -2 0 1 0 1 0.07
 2 -2  0 -2 -2 -1 -1  2  3 -1 -1 -1 -1  0  1  1  0 -3 -1 -1 0 1 0 0 0.10
-1 -3 -1 -3  2 -3 -3 -1 -3  3  1 -3  2 -1 -3 -2  1 -3 -2  3 0 1 0 0 0.10
 0  0  1  2 -3  2  2  0  4 -3 -3  1 -2  0 -2 -1 -1 -3 -1 -2 0 1 0 1 0.10
-2  2  0 -2 -3 -1 -1 -3  4  0  1  1  1  1 -3 -2 -2  5  0 -1 0 1 0 0 0.12
 0 -2  2 -1 -2 -1 -1  0 -2 -3 -2 -1 -2 -3 -2  5  1 -3 -3 -3 0 0 1 0 0.12
 1 -1  2  3 -3  1  2 -2  1 -4 -4 -1 -3 -4 -2  2 -1 -4 -3 -3 0 0 1 1 0.13
 1 -2  1 -2 -2 -1 -2  3 -2 -3 -1  1 -2 -3 -1  3  1 -4 -3 -2 0 0 1 1 0.11
-1 -3  2 -2 -4  0 -3  6 -3 -1 -2 -2 -3 -4 -3  0 -2 -4 -4 -3 0 0 1 1 0.11
 1 -2  3  0 -2 -2 -2 -2 -2 -1 -3 -2 -3 -4 -2  4  3 -4 -3 -2 0 0 1 1 0.08
-1  0  0  0 -3  1  0  3 -2 -1 -2  0 -2  0 -2  1  1 -3 -2 -2 0 0 1 1 0.05
-1 -4  2 -2 -4 -3 -3  6 -3 -5 -2 -3 -4 -4 -4  0 -3 -4 -4 -4 0 1 0 0 0.04
 0 -4 -4 -4 -2 -3 -4 -4 -4  2  2 -3  0 -2 -4 -3 -2 -4 -2  5 0 1 0 0 0.03
-2 -3 -3 -3  2 -3 -3 -3  2  2  0 -3 -1  5 -3 -2 -1 -1  2  2 0 1 0 0 0.02
-3 -4 -4 -4 -3 -4 -4 -4 -2 -2  0 -4 -1  8 -4 -3 -3 -1  2 -2 0 1 0 0 0.02
 0 -3 -1 -3 -2 -2 -3 -3 -3  3  0 -3  0  1 -3 -2 -1 -2  0  4 0 1 0 0 0.01
 1 -1  0  2 -3  3  3 -2 -1 -2 -1  2 -2 -3 -2  0 -1 -3 -2 -2 0 1 0 1 0.01
-1 -2  0 -1 -2 -1  0  1 -2 -2 -1  0 -2 -3  2  2  3 -3 -2 -1 0 0 1 0 0.01
-2 -1  1  4 -4  2  3 -1  1 -4 -4  2 -3 -4 -2 -1 -2 -4 -3 -4 0 0 1 1 0.01
-2  0  1  1 -3  1  4 -1 -1 -2 -3  0 -2 -1 -2  1  0 -3  1 -3 0 0 1 1 0.01
 2  0  2  0 -3 -1 -1  3 -2 -3 -3  0 -3 -1 -2  2  0 -3 -3 -3 0 0 1 0 0.01
 4 -2 -3 -3  1  2 -2 -2 -3 -2 -2  0 -2 -3 -3  0  0  5 -2  1 0 1 0 0 0.01
 1 -4 -4 -4 -2 -3 -3 -3 -4  3  1 -3  0  1 -3 -2 -1 -3 -2  4 0 1 0 0 0.01
-2 -4 -5 -5  1 -4 -4 -5 -5  3  2 -4  1 -2 -4 -3 -2 -4 -3  5 0 1 0 0 0.02
-1 -3 -4 -4 -2 -3 -4 -4 -4  4  3 -2  2  0 -4 -3 -2 -3 -2  3 0 1 0 0 0.02
-3  0 -2 -3 -5 -1 -1 -4 -3 -5 -4  7 -3 -1 -3 -2 -3 -5 -4 -4 0 1 0 0 0.02
 1 -1 -2 -2 -3 -2 -2  3 -3  0 -1 -2 -2  2  2  1  0 -3 -2 -2 0 0 1 0 0.03
 1 -2 -1  1 -2 -2 -2  0 -2 -3 -3 -2  1 -3 -2  4  2 -4  0 -1 0 0 1 0 0.03
-1  1  1 -2 -3  1 -1  1 -2 -4 -4 -1 -3 -4  4  3  2 -4 -3 -3 0 0 1 1 0.03
-1  0  3  1  1  2 -1 -2 -2 -3 -3 -1 -2 -4 -3  3  4 -4 -3 -2 1 0 0 1 0.03
-1 -3 -3 -4  1 -3 -3 -4 -4  4  0 -3  3 -2 -3 -2  4 -4 -3  1 1 0 0 0 0.02
 4 -2 -2 -2 -2  3  0  0 -2 -3 -3 -2 -2 -1  0  0  0 -4 -3  0 1 0 0 0 0.02
 1 -2 -1 -2 -3  4 -1  1  0 -1 -3 -1 -2 -4  0  2  1 -4 -3  0 1 0 0 0 0.02
-3 -2 -2  2 -6  0  7 -2 -2 -5 -5 -1 -4 -5 -3 -2 -3 -5 -4 -5 1 0 0 0 0.02
-1  2 -3 -4  1  0 -2 -4 -2  2  1 -1 -1  1 -3 -2 -1 -2  2  3 1 0 0 0 0.02
-4 -4 -5 -5 -4 -4 -4 -5 -2 -2  2 -4 -1  6 -5 -4 -3 -1  6 -2 1 0 0 0 0.01
 3 -3 -2 -3  3 -3 -3  4 -3 -3  0 -3 -2 -1 -3  0 -1 -3 -3 -2 1 0 0 0 0.01
 1 -3  1 -2 -3 -2 -2  0 -1 -2 -3 -2 -3  0 -3  3  0 -2  5 -2 1 0 0 0 0.01
-2  0 -2 -1 -3  1  3 -3  1  1  1  2 -1  0 -3 -2 -1 -3 -2  1 1 0 0 0 0.01
-3 -4 -5 -5 -3 -4 -5 -5 -4  1  5 -4  0  2 -5 -4 -3 -3 -2  1 1 0 0 0 0.01
 4 -2 -2 -2  3  1  2  1 -3 -3 -2 -1 -2 -4 -2  0  0 -4 -3 -2 1 0 0 0 0.01
 0  3  0  0 -3  1  1 -1 -1 -1 -1  2  0 -3  0  0  0 -3 -2 -1 1 0 0 1 0.01
-1  0 -2 -3 -3  0  0 -3  2  2  0  1  0  1 -3 -1 -2  6 -1  0 1 0 0 1 0.01
-3 -4 -5 -5  1 -4 -5 -5 -4  1  5 -4  2  0 -5 -4 -3 -3 -2  0 1 0 0 0 0.01
-2  0  1  0 -4  1 -2  5 -3 -5 -5  2 -4 -5 -3 -2 -3 -4 -4 -4 0 0 1 1 0.01
-2 -4 -4 -5 -2 -4 -4 -5 -3  3  3 -4  0 -1 -4 -3 -2 -3  2  4 0 0 1 0 0.01
 0  3 -1 -2  1  1 -1 -3  2 -4 -4  2 -3 -4  5  0 -1 -4 -3 -3 0 0 1 1 0.01
 1 -3 -3 -3  5 -3 -3 -3 -4  3 -1 -3 -1 -3 -3  0  3 -4 -3  2 0 0 1 0 0.01
-3 -4 -1 -4 -5 -3 -3 -4 -4 -5 -3 -3 -4 -6  8 -3  0 -6 -5 -4 0 0 1 0 0.01
-1  0  2  2 -4  5  3 -3 -1 -4 -4  1 -3 -4 -3 -1  0  2 -3 -4 0 0 1 1 0.01
 1 -3 -3 -3 -2 -2 -3 -1 -3  0  1 -1  6  0 -3  0  0 -3 -2  1 0 1 0 0 0.01
-1  7 -2 -4 -5 -1 -2 -4 -2 -5 -4  2 -3 -5 -4 -3 -3 -5 -4 -4 0 1 0 0 0.01
-2 -4 -4 -4  2 -3 -4 -4 -4  3  3 -3  1 -2  0 -3  0 -4 -2  4 0 1 0 0 0.01
-2 -4 -4 -5  2 -4 -4 -5 -4  4  3 -4  2 -1 -4 -3 -2 -4 -3  3 0 1 0 0 0.02
-1  2 -1  2 -3  1  2 -2  4 -4 -4  1 -3 -3  0  2  0 -4 -1 -3 0 1 0 0 0.02
-2  1  2 -2  1 -2 -2 -3 -2 -2 -2 -1 -2  2 -3  2  0  6  3 -1 0 0 1 0 0.02
 0  1  1  0  3 -1  1  0 -2 -3 -2  0 -2 -2 -2  2  0 -3  1 -2 0 0 1 0 0.02
 1 -2  2  3 -3  1  1  0 -2 -3 -3 -1 -1 -4 -2  3  0 -4 -3 -3 1 0 0 0 0.02
-1  0  1  1  0  2  2 -3 -2 -3  0 -1 -1 -3  2  1  0  3 -2 -2 1 0 0 1 0.02
-1 -2 -2 -1 -5  0  6 -4 -2 -5 -4  0 -4  1 -3  0 -1 -4 -3 -4 1 0 0 0 0.02
 0 -3 -3 -3 -3  0 -1  0  1 -2  0 -1  1  4 -3 -2 -2  7  2 -2 1 0 0 0 0.02
 1 -1  1  0 -2  2  0 -2  0  1 -1  0  0 -1 -2  0  1 -3 -2  0 1 0 0 1 0.02
 1 -1  0  2 -3  3  3 -2 -2 -2 -1  0  0 -3  0  0  0 -4 -3 -1 1 0 0 1 0.03
-2 -1 -4 -4 -3  0 -3 -4 -3  4  2 -3  5 -2 -4 -2  0  2 -2  1 1 0 0 0 0.03
 0  1 -1 -2 -3  1 -1 -1 -2  0  1  2  1 -2 -2  2  0 -3  0 -1 1 0 0 0 0.02
 0  2  2  1 -3  1  2 -2  4 -2 -3  1  0 -3 -2 -1 -1 -3  0 -2 1 0 0 1 0.02
 3  1  3  1  1 -1  0 -1 -2 -3 -2 -1 -2 -3 -2  2  0 -3  0 -2 1 0 0 0 0.02
 0 -3 -3 -1 -2  0 -2 -3 -3  2  3 -2  2  1 -3 -2  0  2 -1  1 1 0 0 0 0.02
 0  2 -2  0  1  3  2 -3 -2 -2  1  0 -1 -2  0 -1 -1 -3 -2 -1 1 0 0 1 0.02
 0  0  3  0 -3  1  1  0 -1 -2 -2  1  0  3 -3 -1 -1 -2 -1 -2 1 0 0 1 0.02
 2 -3 -2  0  4 -2 -2 -2 -3  0  0 -2 -1  1 -2  1 -1 -3  0  2 1 0 0 0 0.02
 0  0  1  4 -3 -1  1 -2 -2 -3 -2  2 -2 -3  0  0  0 -4 -3 -3 0 0 1 1 0.02
 0 -1  0  1 -3  2  3 -1  1 -3 -3  1  0 -3  0  1  0 -3 -2 -3 0 0 1 1 0.02
-1 -2 -1 -1  0  0 -2 -3 -2  0  2 -1 -1 -1  2  2  1 -3  0  1 0 0 1 1 0.03
-2 -1  0  3 -3  2  0  1  1 -2  1 -2 -1  2 -3 -2 -2  2  1 -1 1 0 0 0 0.02
-1  3  0  2 -4  3  4 -3  1 -3 -1  0 -2 -4 -3 -1  0 -4 -3 -3 1 0 0 1 0.03
-1  2 -2 -3 -3 -1 -2 -2  2  0  0  0  4  2 -3 -1 -2 -2  0  1 1 0 0 1 0.03
-1 -3 -3 -3 -2 -3 -3 -4  0  4  2 -3  2  1 -3 -2  2 -3 -1  1 1 0 0 0 0.03
 0  0  0 -1  5  2  1  0 -2 -3 -3  2 -2 -3  0  1  2 -3 -3 -2 1 0 0 0 0.03
 1  0  2  0 -2  0  0 -2  2 -2 -1  1 -1 -3 -2  2  1 -4 -2 -1 1 0 0 1 0.02
-1  3 -2 -1 -4  0  4 -1 -2 -1  2 -1 -1 -3  0 -2 -2 -4 -3 -2 1 0 0 1 0.02
 0 -1 -3 -3 -2 -2 -1  0  2  1  3 -2  2  1 -3 -1 -2 -3 -1 -1 1 0 0 0 0.02
-2 -1  1  4 -4  1  2 -3 -2 -1  1  1 -1 -1 -3  0 -2 -4 -3 -2 0 0 1 1 0.01
-2  1  1  0 -4  3  3 -3  1 -3 -2  3  1 -4 -3  0 -2 -4 -3 -3 0 0 1 1 0.01
 3  0 -2  0 -3  0 -2 -2 -3 -3 -3  0 -3 -4  4  2  0 -4 -3 -2 0 0 1 0 0.01
-3 -4 -1 -4  7 -4 -4  1 -3 -3 -2 -4 -3  6  0 -3 -3 -2  3 -3 1 0 0 0 0.01
-3 -4 -4 -5 -3 -4 -4 -2 -4  1  4 -4  1  5 -5 -4 -3 -2  0  0 0 1 0 0 0.01
-2 -3 -4 -3 -3  0  0 -4 -3  2  4 -3  1  2 -4 -3 -1 -3 -2  1 0 1 0 0 0.01
-1 -4 -4 -5 -2 -3 -4 -5 -4  4  3 -4  3  1 -4 -3 -2 -3 -2  3 1 0 0 0 0.01
-3 -3 -4 -5 -4  3 -3 -5 -3  0  0 -1  9 -2 -4 -3 -3 -4 -3  0 1 0 0 0 0.01
-2 -2  2  1 -4  0  6 -1 -2 -5 -5 -1 -4 -5 -3  2 -2 -5 -4 -4 0 1 0 0 0.01
-4 -4 -4 -5  1 -4 -4 -5  2 -1  0 -4 -2  5 -5 -4 -4  0  8 -3 1 0 0 0 0.01
 0  0 -4 -4 -2 -3 -3 -4 -4  3  0  0 -1 -2 -4 -2 -2 -4 -3  5 0 0 1 0 0.01
-2  2  2 -2 -4  0  1 -3  5 -4 -4  1 -3 -4  5 -2 -1 -5 -2 -4 0 0 1 1 0.01
-1 -3 -2 -3 -4 -3 -3  7 -3 -4 -4 -3 -4 -4 -3 -2 -3 -4 -4 -4 0 0 1 0 0.02
 0  0 -1 -2  3 -1 -1 -1 -2  1  0  2 -1  0 -2  1  0 -2  0  0 0 0 1 1 0.02
-2 -1  2 -2  1  1 -2 -3 -2 -3 -3 -2 -3 -4  5  1  3 -4 -3 -1 0 0 1 1 0.03
-2 -3 -4 -4 -2 -3 -4  1 -3  1  4 -3  1  1 -4 -3 -2 -3 -2  1 1 0 0 0 0.03
 0  0  0  0 -3  0  0  0  0 -2  0  2 -1  0  0  0 -1 -2  1 -2 1 0 0 1 0.04
-1  2 -1  1  0  1  3  0 -1 -4 -3  1 -3 -1 -2  1 -2 -3  1 -3 1 0 0 1 0.05
 0 -3 -1 -3  3 -2 -3 -3 -2  0  2 -3  3  3  0  1 -1 -2  0  0 0 0 1 0 0.07
 1  0  2  1 -2  1 -1  2 -1 -3 -3  1 -1 -3 -1  1  1 -3 -2 -2 0 0 1 1 0.07
 0  0  0  0 -2  2  2  0 -1 -2 -2  1  2 -2  1  0  0 -2  0 -1 0 0 1 1 0.08
 2 -1 -2 -2 -2 -1  0 -2  1  0  1  1 -1 -2  1  0  1 -3 -2 -1 0 0 1 1 0.09
-2  2  3  2 -3 -2 -2 -3 -2 -2 -2 -1  0  4 -3 -1 -1 -2 -1  0 0 0 1 1 0.09
 2 -1 -1 -1 -2 -1  0 -1  4 -1  1 -2  1 -2 -3  0 -1 -3  0 -1 0 0 1 0 0.08
 1 -1 -1  0 -3 -1 -1  1 -2 -1 -2  3 -2 -4  3  2  1 -4 -3 -2 0 0 1 1 0.09
-1  3 -2 -1 -4  2  4 -3  0 -2 -1  2 -2 -4 -3  0 -2 -4 -3 -3 1 0 0 1 0.09
-1 -2 -2 -1 -3  1  1 -1  1  1 -1 -1 -1  0 -3  1  0 -2  4  1 1 0 0 1 0.10
 0 -3 -3 -4 -3 -3 -3 -3 -3  0  0 -1 -1  6 -4  2 -1 -2  0 -1 0 0 1 1 0.09
 3 -2  1 -2 -2 -2 -2  4 -2 -3 -3 -2 -3 -4 -2  2  0 -4 -3 -2 0 0 1 0 0.07
 0  2 -1 -1  2  2  2 -1 -1 -3 -3  2 -2 -4  2  0 -1 -4 -3 -2 1 0 0 1 0.06
 0  2  1  1 -3  1  2 -2  1 -2 -3  2 -2 -3 -2  1 -1 -3 -2 -1 1 0 0 1 0.04
-1  3 -2 -3 -2 -1 -2 -3 -2  1  0  2 -1 -2 -3 -1  3 -3 -2  1 1 0 0 0 0.04
 2 -3 -3 -4 -2 -2 -3 -3 -3  0  3 -2  1  2 -3 -1 -1 -2  1  0 1 0 0 0 0.03
 0  2  0 -1 -3  2  1 -2  2  0 -1  2  0  0 -2  0 -1 -3 -1 -1 1 0 0 1 0.02
 1  1  0  2 -3  3  2 -2 -1 -3 -3  1 -2 -4 -2  2 -1 -3 -3 -2 1 0 0 1 0.02
-2 -3 -4 -5 -2 -3 -4 -4 -4  1  4 -3  2  2 -4 -3 -2  5 -1  1 1 0 0 0 0.01
 0 -4 -2 -3 -4 -3 -3  7 -3 -5 -5 -3 -4 -4 -3 -1 -3 -4 -4 -4 1 0 0 0 0.01
 1  4 -1 -2 -3  1 -1 -1  1 -3 -2  3  0  0 -2  1 -1 -3 -2 -2 1 0 0 0 0.01
-1 -3 -3 -3 -2 -2 -3 -3 -3  3  2 -3  2 -1 -3 -2 -1  4 -1  3 1 0 0 0 0.01
-1 -3 -3 -3 -2 -2 -3 -3 -3  3  3 -2  4  1 -3 -2 -1 -2 -1  1 0 1 0 0 0.01
 3 -2 -2 -2 -1 -2 -2  1 -2  0  0 -2  2 -2 -2  0  0 -3 -2  1 0 1 0 0 0.01
-1 -3 -3 -4 -2 -3 -3 -3 -2  0  3 -3  1  5 -3 -3 -2 -1  1  0 0 1 0 0 0.01
 0 -2  0  6 -4 -1  2 -2 -2 -4 -4 -1 -3 -4 -2 -1 -2 -4 -3 -3 1 0 0 0 0.01
 0 -2 -3 -3 -1 -2 -3 -3 -3  3  2 -2  3 -1 -2 -2  0 -2 -2  2 0 1 0 0 0.01
-2 -3 -3 -4 -2 -3 -3 -3 -2  2  2 -3  0  5 -3 -3 -2  2  1  2 0 1 0 0 0.01
-2 -3 -3 -4  6 -3 -3 -4 -3  4  2 -3  0 -1 -3 -2 -1 -3 -2  1 0 1 0 0 0.01
-2  3  6  0 -3  0 -1 -1  2 -4 -3  1 -2 -3 -2 -1 -1 -4 -2 -3 0 0 1 0 0.01
-2 -1  7  0 -3 -1  1 -1 -1 -4 -4 -1 -3 -4 -3  0 -1 -4 -3 -3 0 0 1 0 0.01
-1 -2 -1 -1  0 -1  2  1  1 -2 -2 -1 -2  3  3  0 -1  3  0 -2 0 0 1 1 0.01
-1 -2  0  6  3 -1  0 -2 -2 -3 -3 -2 -3 -1 -2  0 -2 -4 -3 -3 0 0 1 0 0.01
-2  6 -1 -3 -4  0 -1  0 -2 -4 -3  2 -3 -4 -3 -2  0 -4 -3 -3 0 0 1 0 0.01
-1 -3 -3 -3 -2 -2 -3  0 -2  0  3 -3  0  3 -3 -1  1 -1  1  0 0 0 1 0 0.01
-1 -3  0 -2 -4 -2 -1 -3  2 -4 -4 -2 -4 -5  8 -2 -1 -5 -3 -4 0 0 1 0 0.01
-2 -3 -3 -4  2 -3 -3 -1 -3  1  4 -3  1  2 -3 -1 -1 -2 -1  0 0 1 0 0 0.01
 1  0  1 -2 -2 -2 -2  1 -2  3  1 -2  0  0 -1 -1 -1 -3 -2  1 0 1 0 0 0.01
-4 -4 -5 -6 -4 -3 -4 -1  1 -4 -3 -4 -3 -1 -5 -4 -4 12  3 -4 0 1 0 0 0.01
-2  3  2  4 -3  0  0 -2  1 -3 -3  1 -1 -4 -2  1  1 -4 -3 -3 0 0 1 0 0.01
-1 -1  4  1 -2  0  1  0  3 -2 -2 -1 -2 -2 -1  1  1 -2 -1 -2 0 0 1 1 0.01
 0  0  1  0 -2  0  1  1  1 -2 -2  0 -1  1 -1  1  0 -2 -1 -1 0 0 1 1 0.01
-1 -3 -1 -2 -3 -3 -3  6 -3 -4 -4 -2 -3 -4 -3  0  1 -4 -4 -4 0 0 1 0 0.01
-3 -2  7  0 -4 -1 -2 -2  1 -4 -4 -2 -3  2 -3 -1 -2 -3  1 -4 0 0 1 0 0.01
 1 -2 -2 -3 -2 -2 -2 -2 -2 -1  0 -2  2  3  4  1 -1 -2  1 -1 0 0 1 0 0.01
 2 -2  1  1 -2  0  2  1 -1 -3 -3 -1 -2 -3 -2  3  0 -3  0 -2 0 0 1 0 0.01
-3 -2  8  0 -4 -1 -2 -2  2 -5 -5 -2 -4 -4 -3 -1 -1 -5 -3 -4 0 0 1 0 0.01
-2 -3 -4 -4 -2 -3 -4 -4 -4  4  3 -3  2  2 -4 -3 -2 -2 -1  2 0 1 0 0 0.01
-2 -3 -4 -4 -2 -2 -4 -4 -3  3  3 -3  6 -1 -4 -3 -2 -3 -2  0 0 1 0 0 0.01
-2 -3 -4 -4  3 -3 -4 -4 -3  2  2 -3  0  4 -4 -3 -2 -1  1  3 0 1 0 0 0.01
 1  0 -1  1 -2  1  0 -2 -1 -2 -2  1 -2 -1 -2  2  0 -2  3 -1 0 1 0 0 0.01
-1  1  1  2 -3  0  2  1 -1 -3 -2  1  0 -3  2  0  0 -3 -3 -2 0 0 1 1 0.01
-1  3  4  2 -3  0  1 -2  1 -4 -3  2 -2 -4 -2  0 -1 -4 -3 -3 0 0 1 1 0.01
-1 -1  2  0 -3  1  0  3  2 -2 -2 -1  0  1 -2  0  0 -2  1 -2 0 0 1 1 0.01
 0 -2 -2  0 -2  0  1  1 -2 -2  0 -2 -1  0  3 -1 -1  7 -1 -1 0 0 1 0 0.01
-1  1 -1 -2  1  0  0 -3  3 -2 -2  0 -2  0  1  1  0 -1  5 -2 0 1 0 0 0.01
 1 -3 -3 -3 -2 -3 -3 -3 -3  3  1 -3  0  4 -3 -1 -1 -2  0  2 0 1 0 0 0.01
 1 -1  0 -1  1 -2 -2 -2 -1  0 -1 -2 -1  0 -2  2  0 -2  3  2 0 1 0 0 0.01
 2 -1  1 -1  3 -1 -2  1 -2 -1  1 -1  0 -2  0  1  0 -3 -2 -1 0 1 0 0 0.01
-2 -4 -2 -4 -2 -3 -4 -5  0  6  2 -3  2 -1 -4 -3 -1 -4 -2  2 0 1 0 0 0.01
-3 -3  3  6 -5 -1  0 -3  3 -5 -5 -2 -4 -5 -3 -1 -1 -5 -3 -4 0 0 1 0 0.01
 1  0  2  0 -2  3  0 -2 -1 -3 -2 -1 -1 -3  1  3  0 -3 -3 -2 0 0 1 0 0.02
 0  0  4 -1 -2  1 -1  2 -1 -2  0  0  1 -2 -2  0 -1 -3 -2 -1 0 0 1 1 0.03
 0 -2 -2 -1 -2 -2  0 -3 -3  4  1 -1  1 -1 -2 -1  0 -3 -2  2 0 0 1 0 0.03
 0 -2  1  0  3 -2 -1  0 -2  2 -1 -2 -1 -2 -2  1  3 -3  0  0 0 0 1 0 0.04
 0 -1  2  0  5  0 -1  1 -2 -2 -1 -1 -2  0  0  0  0 -3  0 -1 0 0 1 0 0.04
-2 -2 -2  2 -3 -1  1 -3  0  1  1 -1  0  2 -3  0 -1 -2  1  0 0 0 1 0 0.04
 0 -2  3  5 -4  0  2  0 -2 -4 -4  0 -3 -4 -2  1 -1 -4 -3 -4 0 0 1 1 0.04
 1  0  2  0 -3  1  2  2  1 -3 -3 -1 -2 -3  0  2  0 -4 -2 -2 0 0 1 1 0.04
 1  2  0  0 -2 -1 -1 -2  0  0 -2  0 -1 -3  0  3  0 -3 -1 -2 0 0 1 1 0.04
 0  3  3  2 -3  1  2 -2  1 -2 -3  1 -2 -4  0  0 -1 -4 -3 -3 1 0 0 1 0.03
 1  2 -1  1 -2 -1  0 -2 -2 -3 -3  0  0 -3  3  2  1 -3  0 -2 1 0 0 1 0.03
 0 -3 -3 -4 -4  1 -2 -4  5 -3 -3 -3 -2  2 -4 -2 -1  0  7 -3 1 0 0 0 0.02
-2  1 -1 -3  1 -2 -3 -1 -2  3  1 -1  3  2 -3 -2 -2 -2  2  0 1 0 0 0 0.02
-1 -1  3  1 -3  1  2 -1 -1 -1 -3  0 -2 -3  2  1  1 -4 -3 -2 1 0 0 1 0.02
-2  5  1 -2 -4  1 -1 -3 -2 -4 -2  4 -3 -4 -3 -1 -2 -4 -3 -4 1 0 0 1 0.02
 0 -4 -4 -4 -2 -3 -4 -4 -3  2  2 -3  0 -1 -4 -3 -2 -3  2  5 1 0 0 0 0.01
 0  3 -1 -1 -3  2  2 -2  1  0 -2  3  0 -3 -2  0  0 -3 -2 -2 1 0 0 1 0.01
 0  0  1  2 -3  1  1 -2 -1 -2  0  1 -1 -3  1  1  0 -3 -2 -2 1 0 0 1 0.01
 1 -2 -2  0 -2 -2 -2  0  2  0  2 -1  0  4 -3 -2 -2 -2  0 -1 1 0 0 0 0.02
 0 -3 -3 -1 -2 -2 -3 -3 -3  2  4 -1  1 -1 -3 -1 -1 -3 -2  1 1 0 0 0 0.02
 0  2  1 -2 -3  3 -1 -2  4 -2 -2  1 -2  3 -3 -1 -2 -1  3 -1 1 0 0 1 0.02
 0  2 -1  0  1  1  2 -2 -1 -3 -2  2 -2 -3 -2  2  1 -3 -3 -2 1 0 0 1 0.03
 1 -2 -3 -2  1 -2  1 -3  0  2  1 -2  0 -2 -3 -1  0 -3 -2  2 1 0 0 0 0.04
 0  1 -3 -4  4 -2 -3 -3 -3  2  1 -1  1  4 -3 -1 -1 -2  0 -1 1 0 0 0 0.05
 0  3  0  0 -3  3  1  1  1 -2 -1  1 -1 -3 -2 -1 -2 -3 -2 -1 1 0 0 1 0.07
-1  1  3  3 -3  1  2 -2  3 -4 -4  0 -3 -3 -2  1 -1  2 -2 -3 0 0 1 1 0.09
-1  1  0  1 -3  1  2 -3  0 -3 -3  1 -3 -4  5  0  1 -4 -3 -3 0 0 1 1 0.09
 0  1  3  0 -3  1  0  0 -1 -3 -1  1 -2 -3 -2  2  1 -4 -3 -2 0 0 1 1 0.10
-1  0  0  0 -2 -1 -1 -1  2  0  0  1 -1 -1 -2  0  1 -2  2  1 0 0 1 1 0.10
 0 -1  2  2 -4  2  4 -2 -1 -3 -3  0 -2 -4  2 -1  0 -4 -3 -2 0 0 1 1 0.10
 0 -2  0 -1 -2 -1  0  1 -2 -2 -1  0 -2 -3 -2  4  2 -4 -3 -1 1 0 0 0 0.11
-1  0  1  0 -3  2  1 -2 -2 -3 -3  3 -2 -1  3  2  0 -4 -2 -2 1 0 0 1 0.12
 1 -1 -2 -2  4  4  1 -2  2 -2  0 -1 -1 -2  1  0 -1 -3  0 -1 1 0 0 0 0.10
-2 -3 -3 -1 -2 -3 -3 -3 -3  3  2 -3  0  3 -3 -1  0 -2  0  1 1 0 0 0 0.08
 0  1  2  3 -3  0  0 -2  2 -3 -3  3 -2 -3 -2  1 -1 -4 -2 -1 1 0 0 1 0.08
 0  4 -1  0 -3  2  0 -3 -1 -3 -1  2  0 -3 -2  0  0 -3 -3 -2 1 0 0 1 0.06
-2  0 -3 -4 -2 -2 -3 -4 -3  2  2 -2  5  2 -4 -1 -1 -3 -1  3 1 0 0 0 0.05
-1  5 -1 -2 -3  1  0 -3 -2 -2 -3  3 -2 -4 -3  0  0 -4 -3  0 1 0 0 0 0.04
-2 -1  1  5 -4  2  2 -2  1 -3 -2  0 -2 -4 -2  0  0 -4 -3 -1 1 0 0 1 0.04
 0 -2 -2 -3  2 -2 -2 -2  3  0  0 -1 -1  3 -3  1 -1 -1  2  0 1 0 0 0 0.03
-2 -4 -4 -4 -2 -4 -4 -5 -4  5  2 -4  0  2 -4 -3 -2 -3 -1  2 1 0 0 0 0.02
 0 -2  0 -2 -2 -1  1 -1 -1  0  1 -2 -1  1 -2  1  0 -1  3  0 1 0 0 0 0.02
-1  0  3  2 -3  1  1  0 -1 -3 -1  3 -2 -3 -2  1  0 -4 -3 -3 1 0 0 1 0.02
-1 -2 -2 -3  4  1 -2  1  3 -3 -3  0 -2 -1  0  0 -2  5  4 -2 1 0 0 0 0.01
 0 -2 -2 -3  3 -1 -2 -3 -2  1  1 -2 -1 -2 -3  0  4 -3  1  0 0 0 1 0 0.02
 0  0  2 -2 -3  0 -2  4  2 -3  0  0 -2 -3 -3  0 -2 -3 -3 -3 0 0 1 0 0.02
-2 -3 -2 -3 -3 -2 -3 -4  4  2  0 -3 -1  2 -4  1 -2 -1  6 -1 0 0 1 0 0.02
-2 -1  3  4 -4  0  2 -2  2 -4 -4  2 -3 -3 -2  0  1 -4  0 -3 0 0 1 1 0.02
-2 -3 -4 -4 -2 -3 -4 -4 -3  3  4 -3  3 -1 -4 -3  0 -2  0  2 0 0 1 0 0.02
 0 -2  0  0 -3 -1 -1  3 -2 -3 -3  0 -3 -4  2  3  2 -4 -3 -3 0 0 1 1 0.02
 0 -1 -1  3 -3  0  2 -1 -2 -3 -1  1 -2 -3 -2  2  0 -4 -3 -2 1 0 0 1 0.02
-1 -1  0  3 -3  1  3 -2 -1 -2 -2  0  2 -3 -2  2 -1 -3 -2 -2 1 0 0 1 0.02
 0 -1 -1 -1  1  2  1  3 -1 -3 -3 -1 -2 -1 -2  2 -1 -3 -2 -3 1 0 0 0 0.02
 0  0 -1 -2  2  0 -1  0  0  1  1  0  0 -1 -2  0 -1 -2  0  1 1 0 0 0 0.02
 0  1 -2 -2 -2  0  0 -3 -2  2  2  0  1  0 -3  0 -1 -3 -2  1 1 0 0 1 0.02
 1 -2  0 -2 -2  2 -1 -2 -1  1  1 -1  0  1 -3  1 -1 -2  3  0 1 0 0 0 0.02
-2 -3 -1 -4 -2 -3 -4 -4 -3  4  3 -3  3  1 -4 -3 -2 -3 -2  2 1 0 0 0 0.02
-2  2 -1 -2 -4  5  1 -1  3 -3 -1  1  3 -3 -3 -2 -2 -3 -2 -3 1 0 0 0 0.02
-1  2 -1  2 -3  1  2 -2 -1 -1 -1  3 -2 -3 -2  0  0 -3 -3 -2 1 0 0 1 0.02
-1 -3 -2 -2 -4 -3 -1  6 -3 -5 -5 -3 -4 -5 -3  0 -3 -4 -4 -4 1 0 0 0 0.02
-3 -4 -4 -5 -3 -4 -4 -5 -3  5  2 -4  0  4 -4 -3 -2 -2  2  1 1 0 0 0 0.01
 2 -2 -2 -1 -2  0  0 -2 -2  1  2 -2  0 -2 -2  0 -1 -3 -2  2 1 0 0 0 0.01
 1 -1 -1  2 -2  0  0 -1  2 -1 -1  2 -1 -2  0  1  0 -3  1 -1 1 0 0 1 0.01
 0 -2 -1 -2  2  0 -2  4 -2 -1 -1 -2  0 -3 -3  1  1 -3 -3 -2 1 0 0 0 0.02
 0 -3 -3 -3  3 -2  0 -1 -3  4  0 -3  0 -2 -3 -2 -1 -4 -2  3 1 0 0 0 0.02
 0  3 -1  1 -4  3  3 -3  1 -4 -3  2 -2 -4  2 -1 -2 -4 -2 -3 1 0 0 1 0.02
-1  1  2  1 -3  0  3 -2 -1 -1 -3  3 -2 -4 -2  1  0 -4 -3 -2 1 0 0 1 0.02
 0 -3 -3 -3  3 -3 -3 -3 -3  4  2 -3  0  1 -3 -1 -1 -3 -2  2 1 0 0 0 0.02
 1 -1 -2 -2  1 -1 -1 -2 -2  1 -1  1 -1 -2  1  1  1 -3 -2  2 1 0 0 0 0.02
 1 -1  1  1 -2  2  0 -2 -1 -3 -3 -1 -2  0  0  3  1 -2  1 -2 1 0 0 1 0.02
-2 -2 -2  0 -3  1 -2 -3  1  1  2 -2  2  4 -3 -1 -2 -1  2  0 0 0 1 0 0.02
-1  1  2  2 -3 -1 -1  2 -2  0 -3  1 -2 -3 -2  1 -1  3 -2 -2 0 0 1 1 0.03
-2 -3  0  0 -2 -3 -3 -4 -3  3  3 -3  1 -1  1 -2 -1 -3 -2  2 1 0 0 0 0.03
-1 -1  0  3 -3  2  1 -2 -1  0 -2  1 -1 -2  1 -1  1 -2  1  0 1 0 0 1 0.03
 2  2 -1  0 -2  0  0  0 -2 -1 -1  1 -1 -2  1  0 -1 -3 -2 -1 1 0 0 0 0.04
-2 -2 -2 -3 -2 -2 -3 -3 -3  4  2 -2  0  2 -2 -2  1 -2 -1  1 1 0 0 0 0.05
-1  3  0  2 -3  2  2 -2  1 -3 -1  2 -2 -3 -2  1 -1 -3 -2 -2 1 0 0 1 0.04
 0  1  0  2 -2  2  3 -2 -1 -3 -2  0 -2 -3 -1  2  1 -3 -2 -2 1 0 0 1 0.04
-1  0  1  0 -3  1  4 -2 -1 -3 -3  2 -2 -3 -1  0  1 -3 -2 -2 1 0 0 1 0.05
-1 -1 -2 -2 -1 -1 -2 -2 -2  1  2  0  3 -1 -2  0  1 -2 -1  1 1 0 0 0 0.05
 0  1 -1  0 -2  0 -1 -2 -1  0  0  2  1 -2 -1  1  0 -2 -2  0 1 0 0 1 0.04
 0  1  1  4  2 -1  0 -2  4 -3 -3 -1 -2 -3 -2  1  1 -4 -2 -3 1 0 0 1 0.04
-3 -3 -4  0 -3 -3 -3 -4 -3 -2 -1  0 -2 -1 -4 -3 -3 11  0  0 1 0 0 0 0.04
 0 -1 -2 -1 -2  2  2 -3 -1  1 -1  1  2 -2 -2 -1 -1 -3 -2  2 1 0 0 0 0.03
 1  0  0  1 -2  0  2  0 -1 -3 -3  2 -2 -3 -1  2  1 -3 -2 -2 1 0 0 1 0.03
 1 -2  1  2 -2 -1 -1  0 -2 -2 -2 -1  1 -3  1  2  2 -3 -2  0 1 0 0 0 0.02
-3 -3 -4 -4 -3 -3 -4 -4 -2  1  1 -3  2  5 -4 -3 -2  6  4 -1 1 0 0 0 0.02
 0 -1  5  2 -3  2  0 -2  2 -2 -3 -1 -2 -3 -2  1 -1 -4 -2 -1 1 0 0 1 0.02
-1  0  4  0 -3  0  1 -1 -1 -3 -3  2 -2 -3 -2  3  0 -4 -3 -3 1 0 0 1 0.02
 1 -3 -3 -4  7 -3 -3 -3 -3  1  1 -3  0 -2 -3 -1 -1 -3 -2  1 1 0 0 0 0.02
-2 -2 -2  1 -3 -2 -2 -3  3 -1  2 -2  0  0 -3 -2 -2  7  3 -1 1 0 0 1 0.02
-1 -1  5  0 -3  0 -1 -1  0 -2 -2  1  2 -3 -2  0  1 -3 -2 -2 1 0 0 1 0.02
-1  0 -1 -2 -2  0 -1 -2 -1  1  1  2  0  0 -2 -1 -1 -1  2  0 0 0 1 1 0.02
-1 -1  4  3 -2  0  0  2  0 -3 -3 -1 -2 -3 -1  2  0 -3 -2 -2 0 0 1 1 0.02
-1 -2 -3 -3 -1 -2 -3 -3 -3  4  2 -2  1  0 -2 -2 -1 -2 -1  2 0 0 1 0 0.02
 0  0  0  0 -2  3  2 -1 -1 -2 -2  0 -1 -1 -1  1  0  6  0 -2 0 0 1 0 0.02
 0  0  0 -1 -2  0 -1  3 -1 -2 -2  1 -2 -3  4  1  0 -2 -2 -2 1 0 0 1 0.02
-1  0 -1 -1 -2  2  0 -2 -1  2  0  1  0 -1 -1 -1 -1 -2 -1  1 1 0 0 1 0.02
 1 -1  3 -1 -2 -1 -1  2  0 -2 -2 -1 -1  0 -1  0 -1 -1  2 -1 1 0 0 0 0.02
-1 -2 -2 -2 -1 -1 -2 -3 -2  3  2 -2  3  0 -2 -2 -1 -2 -1  2 1 0 0 0 0.02
-1 -2 -1  3 -3 -1  0 -2 -2 -3 -3 -1 -3 -4  7 -1 -1 -4 -3 -3 1 0 0 1 0.02
-3 -3 -3 -4 -3 -4 -4 -4 -2  0  0 -4  0  7 -4 -3 -2  1  3 -1 1 0 0 0 0.02
-2 -3 -4 -4 -1 -3 -3 -4 -3  3  3 -3  2  0 -3 -3 -1 -2 -1  2 1 0 0 0 0.02
-2 -2 -3 -2 -2 -1  2 -4 -2  1  4 -1  1  0 -3 -2 -1 -2 -1  0 1 0 0 0 0.03
-1  2  0  4 -3  0  2 -2 -1 -3 -3  0 -2 -3 -2  2  0 -3 -2 -3 1 0 0 1 0.03
-1 -2 -3 -3 -1 -2 -3 -3 -3  3  1 -2  5  0 -3 -2 -1 -2 -1  3 1 0 0 0 0.03
-2 -3 -4 -4 -1 -3 -3 -4 -3  3  4 -3  2  0 -3 -3 -1 -2 -1  1 1 0 0 0 0.04
 0  3  4  0 -2  0  0 -1  0 -3 -3  1 -2 -3 -2  2  0 -3 -2 -2 1 0 0 1 0.06
-1 -2 -2 -1 -2  0  2 -3 -2  3  1 -1  0 -1 -2 -2 -1 -3 -2  2 1 0 0 0 0.09
-2 -3 -3 -4 -3 -3 -3 -3 -1  0  0 -3  0  7 -4 -3 -2  1  3 -1 0 0 1 0 0.13
-1  0  0 -1 -3  4  1 -2  6 -3 -3  0 -1 -2 -2 -1 -1 -2  1 -3 0 0 1 1 0.26
