-1  4  0 -1 -3  5  1 -2  0 -3 -2  2 -1 -3 -2  0 -1 -2 -2 -3 0 0 1 1 0.95
-1  0 -1 -1 -3  6  1 -2  0 -2 -2  1 -1 -3 -2 -1 -1 -3 -2  0 0 0 1 1 0.93
 2 -2 -1 -2 -2 -2 -2  5 -2 -3 -3 -2 -2 -2 -2  0 -2 -2  2 -2 0 0 1 1 0.92
-2  1  6  3 -4 -1  1 -2 -1 -4 -4 -1 -3 -4  1 -1 -1 -5 -3 -4 0 0 1 1 0.86
-1  0 -2 -2 -3  2 -1 -3  1  0 -1 -1 -2 -3  6  0  1 -4 -3 -2 0 0 1 1 0.83
-1  0  5 -1 -4  3  0 -2  5 -4 -4 -1  1 -4 -1  0 -2 -4 -2 -4 0 0 1 1 0.82
-1  0 -2 -1 -2  2 -1  0  0  2  1 -1  2 -2 -1 -2 -1 -3 -2  2 0 0 1 0 0.73
 1 -1  1 -2 -2  2  0 -2 -2 -2 -1  1  0 -3 -1  3  3 -4 -3 -2 0 0 1 1 0.72
 0  3  0  0 -3  0 -1  0  0 -3 -1  1  0 -3  1  2  0 -4 -2 -2 0 0 1 1 0.62
-1 -2 -1 -3 -3  2 -1 -2  2 -2  1 -1  1 -3  5 -1  0 -4 -3 -1 1 0 0 0 0.57
-2 -1  0  1 -5  7  3 -4 -2 -5 -3  0 -3 -6 -4 -1 -2 -5 -4 -5 1 0 0 1 0.45
 1 -1 -2  1 -4  3  4 -2 -2 -4 -2  2 -3 -4  1 -1 -1 -4 -1 -3 1 0 0 1 0.39
-1  1 -2 -4 -3 -2 -2 -4 -3  2  3 -1  3 -2 -4 -2  1 -4 -3  1 1 0 0 0 0.37
 0 -3 -4 -1 -3  1  1 -4 -4  1  4 -1  1 -1 -4 -3 -3 -4 -3  1 1 0 0 0 0.27
 0  0  5  3 -5  1  3 -1  1 -5 -5 -1 -4 -5 -4  1 -2 -5 -4 -5 1 0 0 1 0.24
-1 -1 -1 -1  0  1  4 -2 -3 -1 -2  0  0 -4 -3 -1  4 -5 -4 -1 1 0 0 1 0.21
-1 -1 -4 -4  0 -3 -2 -4 -4  4  3 -2  2 -2 -2 -2 -1 -4 -2  2 1 0 0 0 0.22
-1  1  1  0 -1  1 -1  0  4 -2  0  1 -2 -1 -3 -1  0 -3  2 -1 1 0 0 1 0.17
 0  2  2 -1 -4  2  2 -3  2 -4 -2  3 -3 -2 -3 -1 -1 -4 -1 -4 1 0 0 1 0.13
-2  0 -2 -4 -4 -1 -1 -4 -4  1  5 -1  3 -2 -5 -1 -3 -4 -3 -1 1 0 0 0 0.15
-2  1 -1  2 -2  3  0 -2  2 -2  2  0  0 -2 -3  0 -1 -4 -3 -1 1 0 0 0 0.12
-1 -1 -1 -1 -4  4  0 -2  0 -1  0  2  3  0 -3  1  0 -3  0 -1 1 0 0 1 0.12
 0  1 -1  0 -5  4  3 -4 -3 -4 -1  3 -1 -5 -3  0 -1 -5 -4 -4 1 0 0 1 0.12
-1  2 -1 -2 -4  5  1 -4  0 -1  0  2  1 -4 -4 -2  0 -4 -1 -1 1 0 0 0 0.12
-2  3  0 -2 -4  0  3 -4 -1 -3  0  3  1 -4 -4  0 -2 -5 -3 -3 1 0 0 1 0.12
-1  0 -1  1  1  4  3 -3  2 -4 -1  0  0 -4 -4  0 -2 -4  1 -3 1 0 0 1 0.11
-1  0  2  0 -3  1  0 -2 -2  1  0  0  1  0 -3  0  1 -3 -2  2 1 0 0 0 0.11
-2 -1 -2 -3 -3 -2 -4 -3 -4  2  4 -2  1  0 -4 -2 -1  1 -1  2 1 0 0 0 0.09
 0  0 -1  1 -3  2  2 -1 -2  1 -2  0 -2 -3 -1  0  0 -4 -3  1 1 0 0 1 0.09
 0  2 -1  0 -4  4  1 -3  1 -4 -4  4  0 -4 -3  1 -2 -4 -1 -4 1 0 0 1 0.09
-2 -1 -4 -2 -4 -3  1 -5 -2  2  2 -1  6 -2 -4 -3 -2  3  0  1 1 0 0 0 0.08
 0 -1 -1 -2 -3  0 -2 -2  1  2  2  0  0 -1 -3 -2 -1  1  1  1 1 0 0 1 0.07
-1  0  0  0 -3  1  2 -1  5  0  0  0  1 -3 -3 -1  1  0 -2 -1 1 0 0 1 0.06
 1  2  0  2 -3  2  1 -2  0 -2 -2  2 -1 -3 -3 -1 -1 -3 -1 -1 1 0 0 1 0.06
 0  2 -2  0 -4  4  1 -1  2 -1 -1 -1  1 -2 -3  0 -1  2 -3 -2 1 0 0 0 0.05
 1  1 -2  1 -3  3  1 -2 -2 -2 -1  2  0  0 -3  0  1 -4 -2 -2 1 0 0 1 0.04
 0 -1  0 -2 -4  5  0 -3 -3  0  2 -1  1 -1 -4 -1  0 -4 -1  0 1 0 0 1 0.04
-1 -4 -4 -5 -3  0 -3 -4 -4  1  3 -3  4  3 -2 -2 -1  0  1  0 1 0 0 0 0.04
-1  0 -4 -3  0  0 -2 -2 -1  0  4 -3  2 -2 -4 -2  0 -1 -1  1 1 0 0 0 0.05
 0 -1  3  1 -2  1  1  1 -1 -1 -3  1 -3 -4 -3  1 -1  2 -2 -2 1 0 0 1 0.05
-2  2  1  1 -1  3  2  1  3 -4 -1  0 -2 -4 -1  0  0 -4 -2 -3 0 0 1 1 0.04
-1  1 -1 -2  0  0 -2 -1 -2  2  2  0  2 -1 -3 -2 -1 -3  1  1 0 0 1 0 0.05
 0  1  0  0 -1  1  0  0 -1 -1 -1  0  0 -1  1  1  0 -3 -2 -1 0 0 1 1 0.04
 0  1  1  1 -1  2  1 -3 -2 -3 -2  0  1 -1  4  0  0 -3 -3 -2 0 0 1 1 0.05
-1 -2  1  0  1  2  2 -2 -2 -2  0  0 -1 -1  1 -1  2 -3 -3 -1 1 0 0 1 0.05
-1 -1 -1 -4 -3 -2 -4 -4 -1  1  4 -3  1  2 -2 -1 -3  2  0  0 1 0 0 1 0.05
-1 -1  2  3  0  1  0 -1  2  1 -3  0 -1 -4 -1 -1 -1 -4 -3  0 0 0 1 1 0.05
-2  0  1  1 -4  3  4 -1  0 -3 -1  0  0 -3 -2  0  0 -4 -3 -2 1 0 0 1 0.05
 0 -1  2  1  0  1  1 -2 -2 -1  0  1  1 -1 -2 -1 -1  2 -1 -1 1 0 0 1 0.05
-1  2 -1 -1 -1  2 -1 -2  0  1  1  0  0 -2 -3  0  0 -3 -1  1 1 0 0 1 0.04
 0  0 -2 -1 -3  0  0 -3 -3  2  2  0  1 -2 -3 -1  0  1 -1  1 1 0 0 0 0.04
 0  0  0  0 -1  3  3 -3  2 -4 -3  1  0 -2  1  1  0 -4 -3 -2 1 0 0 1 0.03
-1  0 -1 -1 -4  2  3 -3  2  0  1  0 -2  0 -1 -1  0 -1 -2 -1 1 0 0 1 0.04
-2 -1 -3 -5 -4 -2 -1 -5  0  1  5 -3 -1  0 -5 -3 -2  5 -2 -1 1 0 0 0 0.03
 0  0  2 -1  1  5  1 -2  1 -4 -4  3 -3 -3 -3  0 -1  0 -2 -3 1 0 0 1 0.03
 1  0  2  0 -1  1  2 -2 -1  0 -1 -1  0 -2 -3  0  1  1 -3 -1 1 0 0 1 0.03
-2  0 -3 -5 -4 -2 -2 -2 -4  2  3 -3  1 -1 -2 -2 -1  8 -2 -2 1 0 0 0 0.03
-1  2  1  1  1  2  1 -1 -1 -2 -1  2 -1  0 -2  0 -2  0  0 -2 1 0 0 0 0.03
 0  2  1  0 -4  3  1  0  0 -2 -2  0 -1 -3 -2  0 -1 -4 -1  0 1 0 0 1 0.02
-1  2  0 -1 -4  4  2 -4  1  0 -3  1 -1 -5 -1  0  1 -5 -4 -1 1 0 0 1 0.03
-2 -1 -4  0 -5  7 -1 -1  0 -1  1 -1 -3 -3 -5 -2 -1 -5 -1 -2 1 0 0 0 0.02
 2  1  1 -1 -2  3  0 -3 -1  1 -1  0 -1 -4 -2 -1  1 -4 -3  1 1 0 0 1 0.02
 0 -1 -1 -1  1  1  0 -2 -1  0  0  1 -1 -1 -2  0  2  4  0 -1 1 0 0 1 0.02
 0 -4 -4 -3  2 -1 -4 -3  0  4  3 -4  3  1 -3 -2 -1 -4 -1  0 1 0 0 0 0.02
 0  0  0  0 -1  0  1  3  0 -1 -1  0 -2 -2 -3  1  0 -3  0 -1 1 0 0 1 0.02
 1  0  1  0 -3  1  0  3  2 -2 -3  0 -1 -2 -2  1 -1 -1 -3 -2 1 0 0 1 0.02
-1 -1  1 -1 -4  4  1  1  0 -3  0 -2 -1 -4  4 -2 -1  1 -3 -2 1 0 0 1 0.02
 0 -3 -2 -2 -3 -1 -3 -4 -3  3  3 -3  2  1 -1 -2  0 -3  0  1 1 0 0 0 0.02
-2  1  3  4 -1  3  1 -3  2 -3 -2 -1 -3 -4 -1 -1 -2 -4 -1 -4 1 0 0 1 0.01
 1 -1 -1  1 -3  3  2 -1  0 -3 -2  0 -2  0  0  1  2  0 -2 -2 1 0 0 1 0.01
-2 -1  2 -1  1  3  4 -1 -1 -1 -1 -1 -3 -2 -2  0 -3  3 -3 -1 1 0 0 0 0.01
-2 -2 -2 -2 -3  1  0 -4 -4  1  4 -2  1  0 -4 -3 -2 -1 -3  1 1 0 0 0 0.01
 0  0  2  1 -2  2  1  0 -1 -2 -2  1 -1 -2 -1  1  0 -4 -3  0 1 0 0 1 0.01
 1 -1 -1  0  1  2  2 -1  0 -3 -3  0  1 -2  0  1  0  3 -3 -3 1 0 0 1 0.01
-2 -3 -6 -6  2 -2 -3 -6 -6  1  5 -5 -2  0 -6 -4 -4  6 -3 -1 1 0 0 0 0.01
 0 -1  0  3  0  5  3 -2 -3 -1 -5  2 -1 -5 -4 -2 -2 -1 -2 -4 1 0 0 1 0.01
-1  2  3  0  0  5  2 -3 -1 -3 -3  1 -4 -5 -4 -2 -1  2 -4 -4 1 0 0 1 0.01
-1  1 -3 -4 -4 -1 -2 -4 -4  2  3 -3  2 -1 -2 -1  0  7  0 -2 1 0 0 0 0.01
 0  0 -1 -1 -1  4  2 -3 -1 -3  1  0  1  2 -3 -1 -1  1 -1 -2 1 0 0 1 0.01
 1  2  1 -1 -5  5  2 -4 -1 -5 -3  1 -2 -2 -4  1  1 -5 -4 -4 1 0 0 1 0.01
 0 -2 -1 -1  2  3  0 -1 -2 -1 -2  2 -1 -3 -3  0  2  5 -1 -3 1 0 0 1 0.02
 0 -2 -1 -3  1  1 -3 -1 -1  1  1 -1  0  4 -2 -1  1  1  1 -1 1 0 0 0 0.02
 0 -2 -2 -3  0  0 -1 -3 -1  4  1 -1  1  0 -3 -1  2  2 -1  1 0 0 1 0 0.02
 0 -1 -1 -2 -2  1 -2  1 -1  1  3  0  0  0 -3 -2 -1  0  0  0 0 0 1 0 0.02
-1 -1  0  1 -1  1  2  2 -1 -2 -1 -2 -1 -3 -2  1  0 -4 -3  0 0 0 1 1 0.02
 2  0 -1 -2 -3 -2  0 -1  0 -2  0 -1 -1 -3  4  0  0 -4 -1 -2 0 0 1 0 0.02
-1  1  2  0 -4  2  1 -2 -2 -3 -1  0 -2  2  4 -2  0  0  0 -2 0 0 1 1 0.02
-2 -1  3  2 -1  5  2 -2  1 -2  0 -2 -3 -4 -1 -1 -3 -4 -3 -1 0 0 1 1 0.02
 0 -3 -4 -4  0 -2 -4 -3 -1  4  4 -2  0 -1 -2 -2 -2 -3 -1  0 1 0 0 0 0.02
-1  3 -2 -1  4  0  0 -1  3 -2 -2  1 -2  2 -3  0 -1  1 -1 -2 1 0 0 0 0.03
-2  3  1  0 -4  4  0 -2  2 -2 -1  3  0 -4 -2 -1 -1 -4 -3 -1 1 0 0 1 0.03
 0 -3  0 -3  3  0 -2 -4 -3  1  3 -1  0 -1 -3 -3 -2  2 -1  2 1 0 0 0 0.03
 0  2 -2  2 -3  0  1 -1 -2 -1  0  0 -1  1 -1 -1  0 -3 -2 -1 1 0 0 1 0.03
 0  0 -1 -1 -4  3  3 -3  2 -1 -1  2  1 -2 -1 -1 -1 -4 -3 -2 1 0 0 1 0.03
-1 -2 -2 -4  2  0 -2 -3 -3 -1  4  0  1 -1 -2  0  0 -4 -2  0 1 0 0 0 0.05
-2  1 -2 -4  1  0 -1 -2 -3  1  4  0  2 -1 -4 -2 -1 -4 -1  0 1 0 0 0 0.04
-1  0 -2  0 -2  6  3 -2  1 -5 -4  2 -4 -4 -2 -3 -2  1 -4 -3 1 0 0 1 0.05
-2  0  1  2 -5  4  3  1 -2 -3 -2  1 -1 -4 -2 -2 -1  2 -4 -2 1 0 0 1 0.06
-3 -4 -3 -3 -4 -3 -4 -5 -4  1  5 -4  0 -1 -3 -3 -1 -4  0  1 1 0 0 0 0.06
-2  2 -1  0 -1  3  2 -2  2 -3 -2  1  0 -4  1  1  1 -4 -2 -1 1 0 0 1 0.08
-1 -1  1 -1 -3  1  0 -1 -2  2  1 -1  0  0 -2  1 -1 -3  1  0 1 0 0 1 0.07
-2 -1 -2  0 -4  5  0 -4  3 -1  0  0  2 -3  0 -1 -1  3 -1 -1 1 0 0 0 0.07
 0 -1 -1 -2 -1 -1 -1  0  0  0  1 -1  1  1 -2  1  0  0  0  0 1 0 0 0 0.07
-2  2 -1  0  0  0  1 -1  1 -1 -2  3 -3 -2  3  0  1 -4 -1 -3 1 0 0 1 0.07
-2  0 -1 -1 -4  4  1 -2  2  0 -1  2 -1 -4  0 -1 -1 -4 -2 -1 1 0 0 1 0.08
-2 -2 -2 -4 -3 -1  0 -3 -4  2  3 -1  1 -1 -4 -3 -1 -4 -3  3 1 0 0 0 0.08
-1 -2 -2  2 -2  3  2 -2  2 -1 -3  0 -3 -4  3  1  1 -5 -4 -3 1 0 0 1 0.08
-1 -1 -1 -1  0  1  2 -3 -1  2  1  0  0 -1 -1 -2 -1 -3  2  0 1 0 0 1 0.08
-3 -2 -4 -3 -4  1 -1 -3 -1  1  4 -2  1  1 -4 -2 -2 -3  2  0 1 0 0 0 0.08
-2  0  2  0 -2  2  2  0  4 -2  0  0 -1 -2 -2 -1 -1 -3  1 -2 1 0 0 0 0.07
 0 -2  2  3 -4  3  3 -2  0 -2 -2  0 -2 -4 -1 -1 -1 -5 -1 -2 1 0 0 1 0.07
-2  1 -1  0 -5  2  4 -2 -2 -3 -3  2 -1 -5  2 -1 -1 -5 -2 -4 1 0 0 1 0.08
-2 -5 -3 -5  0 -4 -5 -3 -5  3  4 -4  1  2 -1 -4 -2 -4 -1  1 1 0 0 0 0.07
-3 -2  2  0 -4  5  1 -3 -3 -2 -2  1  1 -5 -1  0  3 -5 -4 -2 1 0 0 1 0.10
-1  1 -2  0 -2  2  1 -3  2 -2 -1  1 -2 -1 -1  1  0 -3  4 -2 1 0 0 1 0.10
-2 -2 -2 -1 -1  0 -1 -1 -3  2  3 -1  3  1 -3 -1 -1  0 -2  1 1 0 0 0 0.10
-2  0 -1 -3 -3  1 -2 -4  0  1  3 -1  0 -1 -1 -2 -1 -3 -2  2 1 0 0 0 0.10
-2  2  3  3 -1  2  0 -2  1 -2 -3 -1 -1 -2 -1  1  0 -4  0 -2 1 0 0 1 0.11
-1  1 -1 -1  0  1  1 -3  1 -3  0  0 -1 -1  3  0  0 -3  2 -2 1 0 0 1 0.12
-1  1 -2 -1 -3  3  0 -1 -1  2  3 -1  1 -1 -3 -2 -2 -3 -3 -1 1 0 0 1 0.12
-1  0  2 -2 -3  1 -1  0 -1  0  0  0  0 -2  0  0  1 -3 -1  0 0 0 1 1 0.12
 0 -1  1  1 -3  3  0  0  0 -1 -1  2 -2 -3 -1  0  0 -3 -1 -2 0 0 1 1 0.13
-1  1  1 -2  1  2 -1 -1  1 -2  0  2 -2 -3  1  2  0 -4 -1 -1 0 0 1 1 0.16
 0 -2  1 -2  0  0  0  0 -2  0  0  0 -1 -2  2  1  0 -3  0  0 0 0 1 1 0.13
-1 -1 -2 -1  2  1  2 -3 -2 -1  2  0  0  0  1 -1  0 -2 -2 -1 0 0 1 1 0.13
-1 -1  1 -2  1 -1  0 -2 -2  1  1 -1  0  0  3 -1  0 -2  0  0 0 0 1 1 0.23
 0 -1  2  0  2  0  1  0  1 -1  0 -1  0  0 -1  0  1 -3 -2 -1 0 0 1 0 0.24
 0  0  0 -2  1  1  0  0 -2  1  0  0  1  1 -2  0  0 -2 -1  1 0 1 0 0 0.21
 0  1 -1 -2  3  1  1  0 -1  0 -2  1 -1 -2 -2  0  1 -2  1  0 0 1 0 0 0.21
-3 -4 -5 -5 -3 -4 -4 -5 -3  1  4 -4 -1  6 -4 -4 -3 -2  1 -2 0 1 0 0 0.22
-2  0 -3 -1 -3 -3 -3 -4 -4  4  0 -3 -1 -2 -4 -2  0 -4 -3  5 0 1 0 0 0.22
-2  0 -2 -4 -2 -3 -3 -4 -3  3  1 -3  0  0 -3 -3 -2 -3  1  5 0 1 0 0 0.23
-1 -2 -2  0 -4  2  5 -3 -2 -1 -1  0 -1 -1 -3  0  0 -4 -3 -3 0 1 0 1 0.28
-2  2  0 -2 -2  2  0 -3  2 -2 -1  4 -1 -3 -3  0  1 -3 -1 -2 0 0 1 1 0.23
-3 -2 -2  0 -5  8  1 -4  0 -5 -4 -2 -3 -5 -4  0 -3 -4 -4 -4 0 0 1 0 0.18
-3 -4 -4 -4 -5 -3 -3 -4 -4 -4 -1  1 -4 -4  8 -3 -3  3 -4 -4 0 0 1 1 0.23
-1 -1 -2 -1  6 -2 -1 -2  0  0  0 -2 -1  2  1  0  0 -2  0  0 0 0 1 1 0.26
-3 -4 -2 -1 -4 -1  1 -4 -4 -4 -3 -3 -4 -5  7  0 -2 -5 -4 -4 0 0 1 1 0.26
-1  0 -2 -3 -3  5  0 -2 -2 -2  2  0  3 -3 -3 -2 -1 -3 -3  0 1 0 0 1 0.32
-2 -2 -3 -4 -2  0 -3 -2 -4  3  1 -3  1 -2 -3 -3  0 -3 -3  5 0 1 0 0 0.44
-1 -3 -4 -4 -3 -3 -4 -4 -4  4  4 -1  3 -2 -2  0 -2 -4 -3  0 0 1 0 0 0.32
-2  1 -2 -3 -4  0  0 -3 -3 -3 -2  5  1  1 -1  0  2  1 -2 -1 0 1 0 1 0.26
-2  2 -2 -1 -4  1 -1 -3 -3 -1 -3  4 -1 -4 -3 -1  4 -4 -3 -2 0 0 1 1 0.25
-2 -1  2 -1  1  3 -1  3  2 -3  0 -1  1 -1 -3 -1 -2 -3  0 -3 0 0 1 1 0.18
-2 -1  0 -2 -3  2 -2 -1 -3 -1 -1  3 -2 -3 -3  0  3 -4 -3  1 0 0 1 1 0.16
-2  2 -2 -2 -4  4  1 -2 -2 -1 -3  3 -2  1 -1 -2  0 -3  1 -1 0 0 1 1 0.12
-1 -1 -3 -3 -1 -1 -1 -1 -3  1  1 -3 -1  6 -4 -2 -3 -2  1  0 0 0 1 0 0.12
 0  0  0 -1  0  1  0  1 -1  0  0  0  0 -2  0  1  1 -2 -2  0 0 0 1 1 0.09
 2  1  0  1 -1  1  2 -1 -1 -2 -1 -1 -1 -1 -2  0  0 -1 -2 -1 0 0 1 1 0.08
-1 -1  0  3 -2  1  1 -1  0 -1 -1  0 -1 -1  1  0  1 -2  0 -1 0 0 1 1 0.07
-1  2  0  0 -2  2  0 -2  3  0 -1  0 -1  0  0 -1  1 -2 -1  0 0 0 1 1 0.04
-1  0 -1 -2 -2 -1  0 -2 -2  1  2 -1  1  1  0 -1  0 -2  0  1 0 0 1 1 0.04
-1  1  0 -2 -1  0  0 -2 -2  1  1  2  1  0 -1  0  2 -3 -2  0 0 1 0 0 0.03
-2 -4 -2 -4  1  1 -4 -5 -4  2  1 -4 -1 -3 -4 -2 -1 -4 -3  5 0 1 0 0 0.02
-2  6 -2 -3  0  3  0 -4 -2 -2 -3  1 -3 -2 -4 -3 -3 -5 -4 -2 0 1 0 0 0.01
-3 -1 -4 -5 -3 -3 -4 -5  1  1  4 -4  1  4 -5 -2 -1  3  1  0 0 1 0 0 0.01
-3  0 -4 -5 -3  1 -3 -5  1  1  5 -1  1 -2 -1 -3 -3 -4 -3  0 0 1 0 0 0.01
-1 -1 -3 -1 -2 -1  0 -2 -3  2  1 -2  0  0 -3  0  1 -3  0  3 0 1 0 0 0.02
-1  0  0  1 -3 -1 -2  5 -3 -4 -2  0 -3 -4 -1  0 -1 -3 -3 -3 0 0 1 0 0.02
 0 -1  1  1 -2  0  0  0 -1  0 -1  1  0 -1  0  1  0 -3 -2  0 0 0 1 1 0.02
-1  2  1 -1 -4  2  1 -2  0 -3  0  3 -1 -3  2 -1  0  0 -3 -3 0 0 1 1 0.02
-1 -3 -3 -3 -3  1  0 -4 -1  1  3 -2  1  1 -1 -1 -1 -3 -2  1 0 0 1 0 0.02
 0 -1  3  0 -4 -1  2  1  0 -2 -2 -2 -3 -4  3  0  0 -4 -3 -3 0 0 1 1 0.03
-2 -2 -2 -1 -3 -3  0 -2 -3  3  2 -2  0  2  0 -2 -2 -3  0  2 0 1 0 0 0.03
-1  0  3  1 -1  1 -1 -1  6 -3 -2  0 -3 -1 -1  0 -2  0 -1 -2 0 1 0 1 0.04
-2  0 -2 -4  2 -1 -3 -2 -1  1  1  1  5  0 -4 -2 -2  0  4  1 0 0 1 0 0.04
-2 -3  5  1 -4  3 -2 -2  0 -1 -2 -1 -1 -2 -1  0  1 -4  0 -2 0 0 1 1 0.03
-1 -1 -2 -4 -4 -3 -2 -1 -1 -1  2 -2 -1 -2  5  1  0 -4  0 -1 0 0 1 1 0.03
-2  0  0 -2 -5  1  1 -4 -4 -5 -2  3 -3 -2  6 -1 -2 -5 -4 -3 0 0 1 1 0.02
-2 -2 -3 -5 -4  0 -3 -5 -5  1  0 -2 -1 -1 -5 -2 -2 -5 -4  6 0 1 0 0 0.02
-3  2  0 -1 -5  0  0 -4 -3 -2 -4  6 -4 -2 -4  0  0 -5 -2 -3 0 1 0 1 0.02
 4 -4 -1 -2  2  0 -3 -1 -4 -1 -3 -3 -3 -1  0 -1  1 -5 -4  3 0 1 0 0 0.02
-2 -1  0 -1  2  0  0 -2  0  0 -1  1 -1 -2 -2  2  3 -4 -1 -1 0 1 0 0 0.03
-3 -4 -2 -5 -2 -2 -5 -6 -1  6  1 -3  2  4 -5 -3 -3 -4 -3  0 0 1 0 0 0.04
-4 -1 -2  4 -4 -2 -2 -5 -4  4  0 -2  2 -3 -4 -2 -1 -5  0  2 0 1 0 0 0.06
-1 -1  1 -2  0 -1 -1 -2 -3 -2 -3  4 -3  0 -4  3  1 -5 -3  1 0 1 0 0 0.09
-3 -2  0  4 -5 -2  5 -2  1 -3 -2 -2 -2  0 -1  0 -1 -5 -1 -4 0 0 1 1 0.11
 0  2  2  0 -3  2  1 -2 -1 -1 -1  1 -1 -3 -2  1  0 -4 -2  0 0 0 1 1 0.16
-2  1  2  0 -5  6  0 -1  0 -2 -3  1 -3 -5 -2  1  0 -5 -4 -4 0 0 1 1 0.20
 3 -2  1 -1  1  0  1 -2 -3 -2 -2  0 -3  2  1  0  0 -4 -3 -1 1 0 0 1 0.26
-2  2  3 -2 -2  0 -2  1 -3 -2  0  2 -1 -2 -2  0  2 -4 -3  0 0 0 1 1 0.30
 0  1  3  0 -4  1  1 -2 -2 -1 -2  1 -1 -2 -1  1  1 -4 -3 -1 0 0 1 1 0.41
-1  0  2 -2 -1  0  0 -1 -1 -1  0  3  0 -2 -1  0  1 -4 -3 -1 0 0 1 1 0.48
-2  2  3 -1 -4  2  0  1 -1 -2 -3 -1 -3  0  1  0  0  0 -3  0 0 0 1 1 0.44
-1  1  2  1 -1  1  1 -2  0 -4 -3  2 -1 -2 -2  1  1 -5 -1 -4 0 0 1 1 0.49
-1  0  1  0 -1  1  1  1  0 -2 -2  1 -1 -4  1  2  1 -4  0 -2 0 0 1 1 0.43
 0 -1 -1 -3  2  1 -1  0 -3 -1 -1  0  1  2 -2  1  1 -3  0  0 0 0 1 1 0.47
-1  1  1  0 -4  1 -1  2  0 -4 -3  3 -3  1 -1  2  0 -4 -3 -2 0 0 1 1 0.52
 0 -1 -1 -1  2 -1  0  1  3  0 -2  0 -1 -2  1 -1  0 -3  0  0 0 0 1 1 0.57
-3 -2 -2 -2 -4 -1  1 -1 -4  4  2 -2  2  2 -2 -1 -1 -4 -3  0 0 0 1 0 0.60
-2 -2  2  1 -4  0  3 -1 -3  1  1  1 -1 -4 -4  0  0 -5 -4 -1 0 0 1 1 0.44
-3 -2  4  0  0 -2 -1  0 -2 -1  1  0  4 -2 -1  0 -1 -5  0 -1 0 0 1 1 0.45
 0 -2  4  2 -2  1  2  0 -3 -5 -2  0 -4 -5 -2  1  0 -5  0 -4 0 0 1 1 0.36
-1 -1  2 -2  3  0  1  1 -1 -1 -3  0  0  1 -2  0  2 -4  0 -1 0 0 1 1 0.33
-1  0  0 -2  3  3  2 -1 -1 -2 -2  1 -3 -3 -1  1  0 -4 -2 -1 0 0 1 1 0.32
-1 -2 -1 -1  3 -1 -1  1  1  0 -2  0  0 -2  3  1  0 -3 -1  1 0 1 0 1 0.30
-2 -2 -3 -4  2 -1 -1 -1 -3  0  3 -1  4  0 -4  0  0 -3 -1  1 0 1 0 0 0.28
-1 -2  2  2 -3  1  2  0  2 -1 -1 -1  1 -1 -1  0  0 -3  1 -2 0 0 1 1 0.20
-2  0  3 -1 -3  0  1  0  1 -2 -1 -1  2 -3  1  1  1  2 -1 -2 0 0 1 1 0.19
-1 -1  2  0 -1  1 -1  3 -1 -2 -2  0 -1 -1 -2  1  0 -4 -3 -1 0 0 1 1 0.18
-1  1  1 -1  2  1 -1  0  1  1 -3  1 -2 -4 -3  0  3 -4 -3  0 0 0 1 1 0.14
-2  0 -4 -4  3 -1 -2  1 -4 -1  3 -3  2  1 -2 -2 -1  4 -1 -1 0 1 0 0 0.14
-1 -1  0  0  0  1  0  0 -1 -1 -1  0  1 -1 -3  3  0 -4 -1  0 0 1 0 1 0.13
 4 -1 -1 -4  1 -3  0  0 -4 -1 -2 -2 -3  0 -4  1  0  1 -3  1 0 1 0 0 0.13
-2 -1  1  0 -5  1  1  0  5 -1 -2  3 -3 -4 -4  1  1 -5  0 -2 0 1 0 1 0.11
-5 -1 -5 -6  0 -5 -5  0  2  0 -2 -5  1  8 -6 -2 -1 -3  2 -1 0 1 0 0 0.12
-3  5  1 -1  1 -2 -2 -2  0 -5 -3  3 -4 -5  2  1 -1 -5 -4 -3 0 1 0 1 0.16
-3 -1  5 -1  0 -3 -3 -2  6  1  1 -1 -2 -3 -4 -2  0 -5  0 -1 0 1 0 0 0.14
-2 -3 -4 -4 -4 -3 -2 -1 -4 -2  3  3  6 -3 -4  0 -1  0 -4 -2 0 1 0 1 0.15
-1 -1  1 -2 -3  3 -1  0 -1 -1  0  0 -1  1 -3  1  1 -3  0  0 0 1 0 0 0.17
-3 -4  0 -4 -4 -2 -1 -2  0  1  4 -4  4 -2 -1 -2 -1 -4 -3 -1 0 0 1 1 0.16
-1  2  1 -1 -4  1  1 -3  0 -2 -1  4 -3 -4 -3 -1  0 -2 -3 -1 0 0 1 1 0.18
-1  3 -1 -1 -4  0  3  2 -1 -3 -4  3 -2 -5 -3  0 -2 -4 -4 -2 0 0 1 1 0.22
-2 -2 -3 -2  0  2 -1 -2 -3  3  0 -1  0 -2 -3  0  3 -4 -2  1 0 0 1 1 0.21
-1  4  1 -3 -5  0  0 -2  3 -4 -4  4 -4 -5 -4 -1  2 -5 -4 -3 0 0 1 1 0.16
-2  4  1 -3 -1  0  1 -1 -2 -1 -2  3  1 -4 -3 -1 -1 -4 -4  0 0 0 1 1 0.17
 1 -1  1 -2  4 -2  0  3 -3  0 -3 -2 -1 -1 -2  1  1  1 -3 -1 0 0 1 1 0.18
-1 -3 -2  3  3 -2  2  0 -3 -3 -1 -1 -1 -4  3  2 -1 -4 -4 -2 0 0 1 1 0.18
-1  1  2 -2 -1 -1 -1 -1  2  0  0  0  1  1 -1  0  1 -3 -1  1 0 1 0 0 0.18
 0  0  0  0 -3  0  1  0 -1 -1 -1  2 -2  0  0  1  0 -3 -2 -1 0 1 0 1 0.19
 0 -2 -1 -2 -1 -2 -1  0 -3  1  3 -2 -1  0 -2 -2  1 -3 -2  1 0 1 0 0 0.17
-1  3  1 -2  0  0  0 -1  1 -1  0  3  0 -3 -3  0  0 -4 -3  0 0 1 0 1 0.13
-1  1 -4 -3 -4 -3  1 -3 -1 -1 -1  1 -3  6 -4 -1 -3  1  2  0 0 1 0 0 0.13
 0  0  0 -1 -3  1  1  3 -1 -2 -2 -1 -2  0 -3  1  1 -3 -2 -1 0 1 0 0 0.10
 2 -2 -3 -2  1 -1  0 -2 -3  0  1 -2  1 -2  1  0  1 -3  1  1 0 1 0 0 0.08
-2 -1  1 -1 -2  3  3 -4  2 -2  1  0 -2 -4 -2  0  2 -4 -3 -3 0 1 0 0 0.08
-1 -3 -3 -2 -1 -3 -1 -1 -3  3  1 -2  1  3 -1  1  0 -3  1  1 0 1 0 0 0.08
-1  1  0 -2  1  0 -2 -4  2  0  0  1 -2  1 -3 -1  1  1 -1  2 0 1 0 1 0.06
-2 -3  0  1 -1  0  1 -4  1 -1  1  0  1 -2 -3  1  4 -4 -1 -1 0 1 0 1 0.06
-2 -2 -1  1 -3  1  3 -1 -1  1  0  0  1 -1 -1 -1  0 -3  0  0 0 0 1 1 0.07
-2 -1 -1  0 -4  2  3  1 -1 -2 -3  1 -3  0  0  0  1 -4 -1 -1 0 0 1 1 0.07
-2 -1  3  0 -2 -2 -2  2 -3 -1  0  2 -2  1 -3  0 -2 -3  0 -1 0 0 1 1 0.06
 0 -1  1 -1  0 -1  0 -3  4  1  1  0  0  3 -3 -2 -1 -3  0  0 0 0 1 1 0.06
 0 -3 -1 -2  0  1 -1 -1 -3  0 -1 -1 -1 -3 -1  1  4 -4 -1  0 0 1 0 1 0.06
-2 -2 -1 -1 -1 -1 -2 -1 -3  3  2  1  0  0 -2 -2  1 -4 -2  1 0 1 0 1 0.06
-2  0  1  1 -2 -2 -2 -3 -3  1  2 -1  0  2 -2  0  1 -3  0  0 0 1 0 1 0.06
-2 -3 -2 -2 -3  0 -1 -4  2  3  1 -2 -2  5 -4 -2  0 -3  0  1 0 1 0 0 0.05
-2  0  0 -1 -1  2  4 -2  2 -1  0  0 -2 -2 -1 -1 -1 -1 -1  0 0 1 0 1 0.05
-1  0 -1 -3  0  2  0 -3  0 -1 -1  0  0 -2 -3  3  3  1 -1 -3 0 1 0 1 0.05
 0  0  1  1 -3  3  1  0 -2 -1 -2  0 -2 -3  0  1  2 -3 -2  0 0 0 1 1 0.06
 0 -2  0  0  1  0 -1  0  0  0  0 -2  0  0  3  0  0 -3 -2  0 0 0 1 0 0.06
 0  0  0 -1  4  2  0  1 -1 -2 -2  1 -1 -2 -1  1  1 -2 -2 -2 0 0 1 1 0.06
-1  0  1  1  0  0  1 -2  1  0  1 -1  0  0 -2  0 -1 -2  0  0 0 0 1 1 0.05
-2  0 -2 -2 -4  1  0 -3  2 -4 -3  2 -3 -3  6  0 -2 -3  0 -3 0 0 1 0 0.05
-1  0 -2 -2  0 -2 -2 -2 -2  1  0 -2  0  3 -2  0  1 -1  0  2 0 1 0 0 0.05
-1 -2  1  0 -2 -2 -2  0  0  2  0 -1  1  0 -2 -1 -1 -3 -2  3 0 1 0 0 0.04
-1 -3 -3 -3  3  0 -2 -3 -3  2  1 -2  1  0 -3 -1  1 -3 -2  4 0 1 0 0 0.05
-1  0 -2 -3 -2 -2 -2  1 -2  3  1 -2  0  2 -3 -1  1 -2 -1  1 0 1 0 0 0.06
-1 -1  1 -1 -2 -1  1  1  2  0 -2 -1 -1 -2  2  1  1 -3 -1  0 0 1 0 0 0.07
-4 -1  6 -1 -5 -3 -3  1  7 -2 -5 -3 -4 -4 -4 -1 -3 -5 -3 -2 0 1 0 0 0.07
-2 -1  0  1 -1 -2  2  2 -3  1 -2 -2  0 -3 -1  1 -1 -4 -3  1 0 0 1 0 0.05
-1 -3  5 -2  5 -1 -3 -3 -3 -4  0  0 -3 -4 -4  3 -1 -5 -4 -3 0 0 1 0 0.05
-2 -2 -3 -4 -1  8 -2 -5 -3 -5 -2  0  1 -5 -4 -2 -2 -5 -4 -1 0 0 1 0 0.04
-3 -3 -1  3  0  2  1 -3 -3  0  1 -3  2  1 -4 -3 -2  7  0 -1 0 0 1 1 0.03
 0 -2  0 -2  1  1  1 -2 -1  0 -1 -2 -2 -1  4  1 -1  1 -1  0 0 0 1 0 0.03
-2 -2  4  2 -4  0  1  0  0 -1 -1  0 -3 -4 -2  2 -2 -4 -3 -1 0 0 1 1 0.02
 5 -1 -1 -3 -3  0 -1  1 -1 -3 -4 -1  1 -2 -3  1 -2 -4 -1 -2 1 0 0 0 0.02
 0 -3 -3  1 -2  1  2 -2 -3 -4 -2 -1 -1  2 -4 -3 -1  9  0 -3 1 0 0 0 0.01
 4 -2 -3 -4  1 -4 -4  4 -4 -4 -4 -3 -4 -1 -4  1 -2 -5 -4 -2 0 1 0 0 0.01
 0  0 -1 -2 -3 -1 -2 -3 -3 -2 -1  1 -1 -4  0  3  4 -4 -4 -1 0 1 0 0 0.01
-3 -3  0 -2  1 -1  0 -4 -4  5  2 -1 -1 -2 -4 -3  0 -4 -3  2 0 1 0 0 0.01
 0 -4 -5 -5 -4 -1 -4 -5 -4  1  4 -4  4  3 -5 -3 -1 -4 -3  0 0 1 0 0 0.01
-6 -6 -2 -7 -6 -6 -6 -3 -6 -2 -4  1 -5 -4 -7 -6 -6 12 -3 -3 1 0 0 0 0.01
-2  0  1  4  0 -1  0 -2  0 -2 -4  2 -3  2 -4 -1 -1  0  3 -4 1 0 0 0 0.01
-3  0  6  1  0 -1  0 -3  1 -2 -2 -1 -2 -5 -5  1 -3 -6 -1 -3 1 0 0 0 0.01
 3 -2 -2 -5 -1 -2 -4 -3  1  2  0 -4  5 -1 -1 -1 -2 -5 -1  1 1 0 0 0 0.01
-1 -5 -5 -5 -5 -5 -5 -5 -4 -1 -2 -5 -4  8 -5  1 -5 -3  0 -4 1 0 0 0 0.01
 1  0  0 -1  1  0  0  0  0 -1  0  0  0 -2 -1  1  1 -3 -2 -1 0 0 1 1 0.01
-2 -3  5  2 -4  0  2  0  1 -3 -2  0 -3 -4 -4  0 -1 -5 -4  0 0 0 1 1 0.01
-2  0  2 -1  0 -1 -1 -2  0  0 -3  0  0 -4  6 -1 -1 -5 -1 -2 0 0 1 1 0.01
-1 -1  0  2  0  0  0 -2  1 -1 -2 -1 -3 -1  5 -1  0 -4 -1 -1 0 0 1 1 0.01
-1  2 -2 -1  1  0  2 -2  2  0 -1  1  0  0  1  0 -1 -3 -2 -1 0 0 1 1 0.01
 1 -2 -2 -2 -1 -1 -2  1 -2  2  1 -2  2 -1 -2 -1 -1 -2 -1  1 0 0 1 0 0.01
-1 -1 -1 -3 -2  0  0 -1  1 -3 -1  0 -2 -4  5  2  2 -2 -3 -2 0 0 1 1 0.01
-6 -6 -6 -7 -1 -5 -6 -6  1 -2 -2 -6 -5 -1 -6 -6 -6 12  0 -6 1 0 0 0 0.01
 0 -1  1  2  0  0  2  0  0 -2 -3  0 -3 -4  3  2 -1 -4 -3 -3 1 0 0 1 0.01
-2  2  1  1  0  4  1 -3  1 -2 -1  0  0 -4 -3  1 -1  1 -3 -2 1 0 0 1 0.01
-1 -4 -5 -5 -3 -4 -5 -5 -4  1  3 -4  3  5 -5 -4 -2 -3  0  2 1 0 0 0 0.01
 2 -2 -3 -3  3 -1 -1  0 -2  1  0 -2  1  1 -3  0 -2 -2  1  1 1 0 0 0 0.01
-2 -1  3  2 -1  1  3 -2  0 -2 -3  1 -3 -1  1 -1  0 -4 -1 -2 1 0 0 1 0.01
 2 -3 -3 -3 -1  0  1 -1  0  0 -1 -1  3 -3 -3  0  1 -3  0  1 1 0 0 0 0.01
-4 -4 -5 -5 -4 -4 -5 -5 -5  3  5 -5  2  3 -5 -4 -3  1 -3  0 1 0 0 0 0.01
-1  0  4  1  0  2  1 -2  1 -2 -2  0  0 -1 -3  2 -2 -4 -3 -3 1 0 0 0 0.01
-1  1  0 -2  2  0  0 -1  2 -1 -1  0  2 -2 -3  1  0  5  0 -1 1 0 0 1 0.01
-2  1  1 -2 -3  1  0 -1  3  0 -1  2 -1  1 -2  0  0 -2  1 -2 1 0 0 0 0.02
 0 -2 -2 -3  3 -2 -2 -3  2  1  0  0 -1  2 -2 -2 -1  5  2  1 1 0 0 0 0.03
-1  0  0 -2  0  0 -1  0  0 -1  1  0  3  1 -2  1  0 -2 -1  0 1 0 0 0 0.04
 1  0  0 -1 -1 -1  0 -1 -1  0  0  1 -1 -1  0  2  1 -3 -2  0 1 0 0 1 0.06
 2 -1 -1 -1  3 -1  0 -1  0  1 -1 -2 -1  0 -2  1  0 -2  0  0 1 0 0 0 0.09
 0  0 -1 -1  0 -2 -2 -2 -3  0  1 -1  1 -1 -2  0  4 -3 -2  1 1 0 0 0 0.14
-1  1  1 -1  0 -1  0  3  2 -3 -1  3 -2 -3 -2 -1 -1 -3 -2 -3 1 0 0 1 0.14
 0  0  0 -1  1  4  0 -1 -1 -2 -1  3 -1 -2  0  0  0 -2 -1 -1 0 0 1 1 0.15
 0  0  1  2  1  1  0  0  0 -1 -1  0 -1 -2  0  1  0 -2  0  0 0 0 1 1 0.19
-1  0 -1  0 -2  0  2 -1 -1 -1  1  0  1  0  2  0  0 -2 -1 -1 0 0 1 1 0.18
-1  0  2  0  1  0 -1  0  0  0 -1  1  0 -1  0  0  0 -2 -1  1 0 0 1 1 0.19
 0  0  0  0  1  3  0 -1  0 -2  0  0 -1 -1  0  1  0 -2 -1 -1 0 0 1 1 0.20
 0 -1 -1  0  2  0 -1 -2  1  0 -1 -1  0 -1  1  2  1 -2 -2 -1 0 0 1 1 0.24
-1  1  2 -1 -2  1  0  0  1 -1  0  2 -1 -2  0  0  1 -2  2 -1 0 0 1 1 0.22
-3  6 -3  0 -5  2  0 -4  1 -4 -4  1 -4 -4 -2 -1 -3 -4  0 -2 0 0 1 1 0.19
-1 -1 -1 -1 -3  0 -1  3 -1 -2 -2  0 -3 -3  3  1 -1 -3  1 -2 0 0 1 1 0.22
-3 -5 -5 -6 -4 -5 -5 -6 -5  0  6 -2  0  1 -5 -5 -2 -4 -4 -1 0 0 1 0 0.17
-1 -1  3  2  1 -1 -1 -3  2 -3 -3  0 -2 -4 -1  3  3 -5 -2 -4 0 0 1 1 0.16
 0  0  0  1 -3  1  2 -2  0  0 -1  0  2 -2  1  1  1 -3  0 -1 1 0 0 1 0.20
-2  0  0  1 -2  2  3 -3  0 -2  0  1 -2 -2 -2  0 -2  3  2 -3 1 0 0 1 0.19
-1 -2  3  3  1  3  2 -1  2 -1 -2 -2 -3 -3  0 -1 -1 -4 -1 -3 1 0 0 1 0.16
-1 -2  0 -3 -3 -1 -1 -3 -3  0  3  0  1  3 -4 -1 -2  1  0  0 1 0 0 0 0.12
-1  0  1  2  1  2  2 -2  1 -2 -2  2 -1 -2 -2  0 -1 -3 -1 -1 1 0 0 1 0.08
-1 -3 -2 -3  1  0 -3 -4  1 -2  1 -3  3  4 -1 -2 -1  1  5 -1 1 0 0 0 0.06
-3 -1 -4 -4 -3 -3 -4 -5 -4  3  5 -1  1  0 -4 -1 -3 -4 -3  0 1 0 0 0 0.06
 2  2  0 -1  0  1 -1  0  3 -3 -1  1 -2 -2 -3  0  0 -3  0 -1 1 0 0 0 0.05
-1  0  1  1 -2  4  2 -1  0 -1 -1  1  1 -3 -3  0  0 -1 -3 -2 1 0 0 1 0.05
-1  1  2  0 -3  1  0 -2  2  0 -1  2  0  0 -2  0  0 -3 -2 -2 1 0 0 1 0.04
 0 -1 -2  0  1 -2 -2  0  1  1  1 -2  1  1  0 -2 -2 -2  2  1 1 0 0 0 0.04
-1 -2 -3 -1  1  0 -2 -1  0 -1 -1 -1  0  5 -4  0  0  4  0 -1 0 0 1 0 0.04
 0  0  1  0  2  1  0  0 -1  0 -2  0 -2 -2  1  0  0 -2  1  0 0 0 1 1 0.04
-1  0  3  1  2  1  1  0  0 -2 -3  1 -1 -4  0  1  0 -4 -3 -2 0 0 1 1 0.04
-2  1  3  3 -4  1  1 -1  1 -4 -4  2 -1 -4 -1  1 -1 -4 -1 -2 0 0 1 1 0.03
 0  0  1  0  2  1  0  0  2 -2 -1  0  1 -2  1  0  0 -3  1 -1 0 0 1 1 0.03
-1 -1  0 -3 -1 -1 -2 -3  1  1  1 -1  2  2 -2  0  0 -2  2  1 0 0 1 0 0.02
-1  1 -1 -4 -3 -3 -4 -4  0  5  1 -3  0 -3 -2 -2 -1 -4 -1  4 0 0 1 0 0.02
-1 -1  0  1 -4  0  0 -1  1 -4 -2 -1 -2 -3  2  4  2 -4 -2 -3 0 0 1 0 0.01
-3  1 -1 -1 -1  1  0 -2  0  0  0 -1  1 -2  0 -3 -2  9 -2 -1 1 0 0 1 0.01
 0  1  1  1 -3  1  2 -2 -1 -2 -1  1 -2  0 -1  1  0 -3  0 -1 1 0 0 1 0.01
 0  1  1  2 -4  3  2 -1  0 -3 -2  2  1 -4  1 -1 -1 -4 -3 -3 1 0 0 1 0.01
-5 -2 -5 -6  3 -5 -6 -6 -4  0  0 -5 -3  8 -2 -2 -5 -3  1 -1 1 0 0 0 0.01
 0 -1  2  3  5 -1  0 -1 -1 -1 -1  1 -1 -3 -3  1 -1 -4  0 -1 1 0 0 1 0.01
 0  1  1 -1 -2  1  1 -2  2 -2 -2  1 -1  1  1  0  1 -3 -1  0 1 0 0 1 0.01
-4 -5 -3 -5  1 -5 -3 -5 -2  0 -1 -5  1  8 -5 -4 -3  1 -1  2 1 0 0 0 0.01
-3 -5 -5 -6 -3 -4 -5 -1 -5  0  1 -5  0 -1 -5  0 -1 11 -1 -2 1 0 0 0 0.01
-1  1 -1  1  2  2  2  0 -2 -2 -1  1  1 -3 -2  0  0 -3 -1 -1 1 0 0 1 0.01
-6 -4 -6 -3 -6 -5 -6 -6 -6 -2 -2 -1 -5  0 -6 -3 -6 12  0 -4 1 0 0 0 0.01
-5 -6 -6 -6 -5 -6 -6 -6 -5  1  2 -6  0  8 -6 -5 -5  3 -1 -3 1 0 0 0 0.01
-2 -2 -2  3 -4 -2  0  3  0 -4 -2 -3 -3  2 -4 -2 -3  1  5 -3 1 0 0 0 0.01
 1 -2  0 -3 -4 -1 -1  2 -4 -3 -5  1 -1 -5  6  1 -1 -5 -5 -4 1 0 0 0 0.01
-1 -4 -4 -4  2 -3 -4 -3 -2  4  1 -4  1  2 -4 -1 -1 -3  0  3 1 0 0 0 0.01
 0 -3 -1 -3  0 -2 -1 -3 -3  1  3 -2  5  1 -1 -2 -2 -3  1  0 1 0 0 0 0.01
-2 -2  0  3 -4  1  3 -2 -2 -2 -2  1 -1 -1 -2  0 -1 -4 -2 -1 1 0 0 1 0.01
-1 -3 -1 -1  0 -3 -2 -1 -1  1  3 -1  1 -2 -3  0  2 -4 -3  1 1 0 0 0 0.01
-2 -2 -1 -2 -3 -3 -4 -4 -4  4  2 -3  1 -3 -2 -1  2 -4 -3  2 1 0 0 0 0.01
-2  4  0 -1 -4  0  0 -2  2 -4 -3  4 -3 -4 -1  1 -1 -4 -3 -4 1 0 0 1 0.01
-1  0  0  0 -1  0  0  0  0  1 -1  0 -1  1 -1  1  0 -1  1  0 1 0 0 0 0.02
-1  0  0  0  0  1 -1  0 -1  0  0  0  0  0  2  0  1  1 -1  0 1 0 0 1 0.01
-1  3 -1  2 -3  1  2 -3 -2 -2 -2  3  0 -1 -1 -1  0 -3 -3 -3 1 0 0 1 0.01
-3 -1  2  0  1 -2  0 -3  7 -3 -2  0  0 -1 -1 -1  0  1  1 -3 1 0 0 0 0.01
-2 -4 -4 -4 -1 -3 -2 -3  0  3  4 -4  3 -2 -2 -2 -2 -4 -1  1 1 0 0 0 0.01
-2  2  1 -1 -1  1  1 -2 -2  0  1  2  0 -2 -2  0 -1 -3  0 -1 1 0 0 1 0.01
 0  1  1  2  2  0  0  0 -1 -3 -3  1 -3 -4  2  1  0 -4 -3 -1 1 0 0 1 0.01
-1 -3 -3 -1 -3 -2 -2 -4  2  1  2 -1  2  1  1 -1  0  1  1  1 1 0 0 0 0.01
-5 -5 -6 -6  1 -5 -5 -5 -5 -1 -2 -5 -4  0 -6 -2 -5 12  1 -2 1 0 0 0 0.01
 0  0  2  1  3  1 -1 -1  1 -1 -2  0  0  0 -1  1 -1 -3  1 -1 1 0 0 1 0.01
 0  1  1  1  2  1  1 -2  2 -2 -1  1 -1 -3  1  0  0 -3 -2  0 0 0 1 1 0.01
-1  1  0  0  3  0  0  3  1 -3 -3  1 -2 -3  1  0  1 -3 -3 -1 0 0 1 0 0.01
-1  0 -1 -1  2 -2 -3 -2  2  0  1 -3  0  0 -3 -1  0  7  2 -1 0 0 1 0 0.01
-3 -4 -4 -5  3 -4 -5 -1 -4  5  0 -4  3  3 -4 -4 -3 -4 -2  2 0 1 0 0 0.01
-1 -2 -2 -3  0 -1  0 -3  2  1  0 -1  3  1 -1  0 -1  2  1  1 0 1 0 0 0.01
-1 -1 -2 -3 -3 -3 -3  6 -3 -4 -2 -3  0 -3 -3 -2 -1 -3 -1 -3 0 1 0 0 0.01
-3 -2 -3 -1 -4 -3 -1 -4 -3 -2  0 -2  0  7 -4 -1 -3 -1  3 -3 0 1 0 0 0.01
-2 -4 -4 -4  1 -3 -4 -4 -4  5  1 -4  3 -2 -4 -3  0 -4 -3  3 0 1 0 0 0.01
-1 -1  1  1  0 -1 -1  1  0 -3 -4  0 -3 -4 -3  4  2 -4 -3 -2 0 0 1 0 0.01
-2  4 -1 -3 -4  0 -1 -2 -2 -2 -3  5 -3 -4 -3  0  0 -4 -1 -3 1 0 0 1 0.02
-1  0  0  1 -3  3  2  0  0 -1 -2  2 -1 -3 -1  1 -1 -3 -3 -1 1 0 0 1 0.02
-1  1  1  1 -4  3  3 -2  1 -3 -2  1 -1 -3 -3  0  0 -3  0 -2 1 0 0 1 0.03
 4 -3 -3 -3  2 -2  2 -3 -3 -1 -2 -3 -2 -4 -3  0  1 -4 -3  2 1 0 0 0 0.04
-1  2  0 -1 -2  2  3 -2  3 -1 -2  2 -2 -2  0  0  0 -3 -2 -2 1 0 0 1 0.05
 0  1  2  3  0  2  2 -2  0 -3 -2  0 -2 -3 -2  2 -1 -4 -2 -2 1 0 0 1 0.05
-1  0 -1 -2 -1 -1 -3 -3 -3  1  3 -1  3  1 -3  0 -2 -1  0  0 1 0 0 0 0.05
-4 -5 -5 -5 -4 -4 -5 -5 -5 -1  6 -5  3 -2 -5 -5 -4 -4 -4 -2 1 0 0 0 0.04
 0  2  0 -1  0  1  0 -2  0  0  0  2  2 -2 -2  1  0 -3 -1 -1 1 0 0 1 0.04
-1  0  3  2 -1  1  0  1 -1 -3 -2  2  1 -3 -2  1  0 -4 -2 -3 0 0 1 1 0.03
 0  1 -1 -3  4  3  0 -3 -1 -2 -2  4 -1 -4 -2  0 -1 -4 -1 -2 0 0 1 1 0.03
-1  0 -2 -1  0  2  1 -2 -2 -1 -2  0 -1 -4  5  0 -1 -4 -3 -1 0 0 1 1 0.03
-2  0  1  1 -2 -1  0 -2  2 -2 -2 -1 -2 -2  5  1 -1 -4 -2 -1 0 0 1 1 0.02
 0 -2  0 -2 -2 -2 -2  5 -2 -3 -3 -2 -3 -3  0  1  0 -3 -3 -3 0 0 1 0 0.02
 0  0  0 -1  0 -1 -1 -2  0 -1 -1 -1 -1 -1 -1  2  4 -2 -1  0 0 1 0 0 0.01
-2 -3 -3 -3  1 -3 -3 -3 -1 -1  0 -3 -1  6 -3 -2 -2  0  4 -1 0 1 0 0 0.01
-1 -2 -3 -3 -1 -2 -2 -3 -2  2  3 -2  3  2 -2 -2 -1 -1  0  2 0 1 0 0 0.01
-1 -2 -2 -3 -1 -2 -2 -3 -2  2  2 -2  2  1 -2 -1  0 -1  0  2 0 1 0 0 0.01
-1  5 -1 -2  2  1  0 -2 -1 -2  0  1 -1 -2 -2 -1 -1 -2 -2 -2 0 1 0 0 0.01
-2 -2 -2  0  1 -2 -1 -3 -1 -1  0 -2  0  6 -3 -2 -2  0  3 -1 0 1 0 0 0.01
 1 -2 -1 -2 -2 -2 -2 -2 -2 -1 -3 -2 -3 -3  0  6  0 -4 -3 -2 0 0 1 0 0.01
-2  0  1  4  0  1  3 -1 -1 -3 -3  0 -3 -2 -2  0  0 -3 -3 -3 0 0 1 1 0.01
 0  0  1 -1 -2  0 -1  0 -2 -2 -3 -1 -2 -3 -2  4  3 -3 -3 -2 0 0 1 1 0.01
-1  0  0  1 -3  1  2 -2  2 -1 -2  1  0  1 -2  0 -1  2  0 -1 0 0 1 1 0.01
 0 -2 -2 -2 -1 -1  1 -3 -2  2  1  0  0 -2  5 -1 -1 -3 -1  0 0 0 1 1 0.01
-1 -2  0 -3 -4 -3 -2  6 -3 -4 -4 -1 -4 -4 -3 -1 -3  2 -4 -4 0 0 1 0 0.01
 2 -2 -1 -1  2  1 -1  4 -1 -3 -3 -1 -2 -1 -1  1 -1 -3 -2 -2 0 1 0 0 0.01
-2 -3 -3 -4 -2 -3 -3 -4 -2  3  2 -3  0  3 -3 -3 -2  2  2  2 0 1 0 0 0.01
 2 -2 -1 -2 -2 -2 -1  0 -2 -1 -2 -1 -2 -3 -2  1  4 -3 -1  1 0 1 0 0 0.01
-2 -4 -4 -4  2 -3 -4 -4 -3  5  1 -3  1  3 -4 -3 -1 -2  0  3 0 1 0 0 0.01
 3 -1 -1 -2  2 -2 -2  0 -1 -3 -3 -2 -2 -3 -1  3  3 -3 -3 -1 0 1 0 0 0.01
-2 -3 -3 -4 -2 -1 -3 -4  0 -2 -1 -3 -2  3 -4 -3 -3  9  6 -1 0 1 0 0 0.01
-1 -1 -3 -3 -2 -2 -2 -3 -1  2 -1  0  0 -2 -3 -1  1 -3 -2  5 0 1 0 0 0.01
 1 -1  0  0  0  0  1  2  2 -1 -2 -1 -1  0 -2  0  0  1  0 -1 0 1 0 1 0.01
-1  1  0  2 -1  1  1 -1  2 -1 -1  1 -1 -1  0  0  0 -3 -1  0 0 0 1 1 0.02
-1 -1  2  4  1  1  2  0 -1 -3 -3 -1 -3 -3 -2  1  0 -4 -3 -1 0 0 1 1 0.03
-1  1  1  1 -3  1  2 -1 -1 -1 -2  1 -1 -3  2  0 -1 -3  0  0 0 0 1 1 0.02
 0  1  1  1  2  1  0  0  2 -3 -2  0  1 -2  1  0  0 -3  1 -2 0 0 1 1 0.02
-1 -1  0  2  1  0  1  3  0 -3 -1  0 -3 -3 -3 -1 -1 -4 -1 -1 0 0 1 1 0.02
-1  2  1  0  0  2  2  0  2 -3 -2  1 -1 -3 -1  1  0 -3  0 -2 0 0 1 1 0.02
-1  2 -2 -1  0 -1 -2 -1  1  2  0 -1  0 -1  2 -1  0 -3  0  1 0 1 0 0 0.02
-1  2  0  0 -4  3  1 -2  1 -2 -1  2  1 -3 -1 -1 -1 -4 -1  0 0 1 0 1 0.02
-3 -4 -4 -4  0 -3 -2 -2  5  2 -1 -4  1  4 -1 -3 -2  3 -1  3 0 1 0 0 0.01
-3  0 -1 -2  1  1  0 -3  5  0 -1 -1 -3  3 -4 -2 -2  6  3 -1 0 1 0 0 0.01
-1  0  4 -3 -3 -1 -3 -3  2 -3  1 -1  3 -1 -2  2 -1  1 -1 -1 0 1 0 0 0.02
-1 -1 -5 -5  0 -4 -4 -5 -4  3  3 -4  0 -2 -1 -3 -2  2 -1  4 0 1 0 0 0.02
-1 -1 -1  0 -4  5  3 -4  1 -2 -2  1  1 -4  0  0 -2 -4  1 -4 0 0 1 1 0.02
-2 -2 -4 -4 -5 -1 -2 -1 -4 -5 -1 -2 -4 -1  7  0 -2 -5 -5 -4 0 0 1 0 0.02
-2 -1  0  1 -1  0  0 -1 -2 -2 -1 -2 -1  4 -3  0  2  1  4 -1 0 0 1 1 0.02
 0  0  1  2 -3 -1  0  0  0  0 -3  2 -2 -3 -1  1  3 -4 -3 -1 0 0 1 1 0.03
-1  1  2 -2 -4 -1 -1  1  0 -2 -3  4 -3 -5 -3 -1  3 -5 -4 -3 1 0 0 0 0.04
-1  2 -2  4 -4  0  2  1 -1 -4 -4  1  0 -4 -3  0 -2 -4 -1 -2 1 0 0 1 0.05
-2  0 -4 -2 -4 -3 -2  0 -4  0  4 -3  1  3 -4 -2 -1 -3 -2  0 1 0 0 1 0.04
 2 -1  2  1  0  0  0 -1 -1 -3 -2 -1 -2 -1 -2  3  0 -4 -2 -1 1 0 0 0 0.04
 1 -1  0 -2 -3  0 -2 -1  0  2  1  0  1 -1  0 -1 -1 -3  0  1 1 0 0 1 0.03
-2  4 -2 -3 -2  2  0 -3 -3 -1  0  2  0 -2 -1 -3 -3  2 -1  0 1 0 0 1 0.02
-1 -1  1 -2 -1  0 -3 -1 -1 -3 -4 -2 -4 -5  2  4  4 -5 -4 -4 0 0 1 1 0.02
-2 -5 -6 -6 -1 -5 -4 -6 -5  1  5 -5  0  4 -1 -3 -4 -4 -3 -2 1 0 0 0 0.02
 3  1 -2 -3 -1  0 -1 -1  2 -4 -3 -1 -3 -4  5  0 -2 -5 -4 -3 1 0 0 0 0.01
-3 -2  1  7 -5 -1  2 -2 -3 -4 -4 -1 -4 -1 -2 -1 -3 -5 -4 -4 1 0 0 1 0.01
-2  4 -3 -4  1 -1 -3 -4 -3  3  1 -2  3  2 -1 -3 -1 -3  0  0 1 0 0 0 0.01
-4 -5 -5 -5  0 -5 -5 -6 -1  5  4 -5 -1  1 -5 -4 -2 -4 -3  2 1 0 0 0 0.01
 1  4 -2 -3  1  0 -2  0  1 -2  0  0  0 -1 -3  1  0 -4 -2 -1 1 0 0 1 0.01
-1  0  3  5 -5  0  3 -2  0 -5 -3  0 -4 -5 -4  0 -2 -5 -1 -4 1 0 0 1 0.01
-3  0 -2 -1  3 -3  0 -4  0  2  2 -1  0  1 -4 -3 -3 -2  4 -2 0 0 1 0 0.01
-1 -2  1 -1 -3 -1 -1 -1  1  2 -1  2 -2 -1  3  0  0 -4 -1 -2 1 0 0 1 0.01
-2  2 -1 -1 -2  4  2 -2  4 -3 -2  0 -1 -2 -1  0 -1 -3  2 -2 0 0 1 1 0.01
-2 -2 -1  1 -3 -1 -2 -3  2  1  4 -3 -1  3 -3 -1 -2 -2  0 -1 1 0 0 0 0.02
-1  1 -1 -1 -2  0 -1 -2  0  1  1  1 -1  0 -2  0  1 -2  1  1 1 0 0 0 0.02
-1  1  1  1 -1  2  0 -1  3 -2 -2  0 -2  1 -1 -1  0 -2  3 -2 0 1 0 0 0.03
-3 -4 -2 -5 -3 -2 -4 -5 -4  3  4 -4  3  0 -4 -4 -3 -4 -3  3 1 0 0 0 0.03
-1 -1 -2 -2 -2 -1 -2  0  0  1  2 -1  2  0  0 -1 -1 -1  2  0 0 1 0 0 0.04
 1  1 -1  1  2  1  0 -1 -1 -2 -1  0  0 -1  0  0  0 -2  1 -1 0 0 1 1 0.05
 1  0 -1  0 -1  1  0 -1  0 -1  0  0  0  1  1 -1 -1  3  1  0 0 0 1 1 0.07
-1  0  1  2 -2  0  2  0 -1 -1  0  0 -1 -1 -1  0  1 -2 -2 -1 0 0 1 1 0.09
-1  0  3  0  0  0  0 -1  1  1 -1  1 -1 -2  1  0 -1 -2 -1  0 0 0 1 1 0.09
 0 -1  0  2 -2 -1  0  0 -2  2  0 -1 -1 -1  0  0  0 -2 -2  1 0 0 1 1 0.10
-1 -2 -2 -2  0 -1 -2  0  0 -1  0  0 -1 -1  5  0  1 -2 -1  0 0 0 1 1 0.11
-1  0  1  2 -2  0  3 -1 -1 -2 -2  1 -2 -2  0  0  0 -2 -2  0 0 0 1 1 0.09
 0  0  5  0 -2 -1  0  1  0 -2 -2  0 -1 -2  0  0  0 -2 -1 -1 0 0 1 1 0.10
-1 -2  0  0  0 -1 -1 -2 -2  0  0  0  1 -2  5 -1  0 -2 -2  0 0 0 1 1 0.11
-1 -1 -2 -1 -2 -1 -2 -1 -2  0  3 -1  0 -1  2 -1  0 -2  0  0 0 0 1 1 0.10
 0  3  0 -1 -1  1  0 -1 -1  0  0  2  0 -2 -1  0 -1 -2  0  0 0 0 1 1 0.09
-4 -4 -4 -2 -4 -4 -4 -3  0 -3  0 -3 -3  5 -3 -1  0 -1  7 -2 0 0 1 0 0.10
-1 -1 -3 -4 -4 -1 -1 -4 -1 -2  3  0 -2  0  5 -1 -3 -4 -3 -2 0 0 1 1 0.10
-2  1  4  4  1  0  0 -1 -1 -3 -2  0 -3 -4  1 -1 -1 -4 -1 -3 0 0 1 1 0.11
-2  1 -2 -3 -2 -2  0 -1 -3  4  0  1 -1  1 -3  0  1 -3 -2  1 0 0 1 0 0.14
-2 -3 -2 -1 -3  0  0 -4  2 -4 -4 -1 -4 -5  7 -1 -1 -5 -4 -4 0 0 1 1 0.17
-3  3 -3 -3 -5 -2 -1 -4 -3 -1 -3  6 -3 -5 -4 -3 -3 -5 -4 -1 0 0 1 1 0.19
-4 -1  1  7 -5 -2  2 -3  1 -4 -5 -2 -5 -5 -4 -3 -3 -6 -5 -4 1 0 0 1 0.17
 0  0  0  2 -4  2  4 -3  2 -2 -2  0 -3 -4 -3  0  0 -4 -3 -1 1 0 0 1 0.25
 5 -1 -4 -4 -3 -3 -2 -3 -4 -1 -1 -3  0 -4 -3 -1 -1 -5 -4  3 1 0 0 0 0.30
-5 -6 -6 -7 -5 -6 -6 -3 -4 -1  1 -6 -3  8 -7 -5 -5 -2  1 -1 1 0 0 0 0.41
-1  0 -1  0 -2  0  1  5 -2 -5 -5  0 -4 -5 -2  2 -3 -5 -4 -5 0 0 1 1 0.50
-2  3 -2 -1  1  1  2 -3  0 -4 -4  4 -3 -4  2  0 -1 -4 -1 -3 0 0 1 1 0.52
-4 -3 -1 -4 -4 -3 -4 -4  5 -3 -2 -4 -3  5 -4 -3 -4 -1  8 -3 0 0 1 0 0.53
-2 -3 -3 -4  1 -2 -2 -4 -1 -3 -3 -3 -3  1 -4 -2  0 -1  8 -3 0 0 1 0 0.53
-1  0  0 -2 -1  0  0 -2 -2 -3 -3 -1 -3 -4  2  3  4 -4 -3 -3 0 0 1 1 0.68
-1  1 -2 -2 -4  1  2 -3 -2 -3 -2  3  0 -3  5  0 -2 -4 -3 -2 0 0 1 1 0.75
-1  4 -1 -1 -3  1  1 -2 -1 -2 -3  3 -2 -2  1  0  0 -4 -3 -1 0 0 1 1 0.79
 0 -1  0  1 -3  2  1 -1  0  0 -2  0 -2 -3  2  1  1 -3 -2  0 0 0 1 1 0.83
 1 -1  3  1 -1  2  2  0  1 -3 -3 -1 -1 -4  0  1  1 -4 -3 -2 0 0 1 1 0.81
 0 -1 -1 -2 -3  0  1 -1 -1 -3 -1  2 -3 -3  5  0 -2 -4 -3 -3 0 0 1 1 0.80
 0  0 -1  0 -3  2  3 -3 -1 -2 -2  1 -1 -4  0  1  2 -4 -3  0 0 0 1 1 0.83
 0 -1 -2  0 -3 -1  0  0 -3 -3 -2 -1 -3 -4  5  1  1 -4 -3 -2 0 0 1 1 0.88
-1  1  1  1 -3  1 -1  0  1 -1 -2  0  2 -2  1  0  1 -3  0  1 0 0 1 1 0.88
-1  1  3  4 -4 -1  1  1 -1 -3 -4  0 -3 -4  2 -1 -1 -4 -1 -3 0 0 1 1 0.89
-2 -4  0 -2 -5 -3 -4  6 -2 -5 -3  1 -4 -5 -2 -2 -1 -5 -5 -4 0 0 1 1 0.87
-4 -5 -1  0 -6 -3 -4 -4 -2 -5 -4 -5 -4  0 -1 -4 -4 -1  9 -4 0 0 1 0 0.87
-2 -3 -2  2 -3 -3  1 -2 -4  2 -1 -2 -1 -3 -4 -3 -1 -1 -3  5 0 0 1 1 0.81
-3 -4 -4 -4 -5 -3 -3 -4 -4 -5 -5 -3 -5 -6  8  2 -3 -6 -5 -5 0 0 1 1 0.84
-1 -2 -3 -3 -2 -2 -1 -3 -3  2  2  0  2  0 -3 -2  0  2 -1  2 0 0 1 0 0.79
-1 -2  3  4 -3 -1  0  3 -1 -4 -4 -1 -3 -4 -2  2 -1 -4 -3 -3 0 0 1 1 0.76
 0 -1  3  0 -1  0 -1 -1 -1 -2 -2 -1 -2 -3 -1  3  3 -3 -2 -1 0 0 1 1 0.83
