-6 -6 -7 -7 -6 -7 -7 -7 -6 -1  4 -7 -3  7 -7 -6 -6 -4  0 -4 0 0 1 1 0.10
-3  2  2 -1 -6  4  2 -5  1 -5 -4  3 -4 -5 -1 -1  0  6 -4 -2 0 1 0 1 0.05
-2 -5 -7 -7 -5 -4 -3 -7 -7  4  1 -4  1 -2 -4 -5 -1 -3 -4  5 0 1 0 0 0.03
-3  3 -1  2 -6  2  3 -4  4 -6 -4  1 -5 -5 -5  2  0 -1  0 -3 0 1 0 1 0.02
-2 -6 -5 -6 -5 -5 -6 -7 -5  5  3 -5  1 -3 -5 -4  0 -6 -4  4 0 1 0 0 0.02
-1  0  0 -2 -5  3  2 -3  2 -3 -3 -2 -4  1 -1  3  1  3 -1 -3 0 1 0 1 0.02
-4 -8 -7 -4 -8 -6 -4 -8 -8 -8 -3 -5 -2 -4  8 -2 -1 -9 -8 -3 0 0 1 1 0.02
 0  1 -1 -1 -5  2  4 -1 -1 -4 -3  0 -1 -4  3 -1 -1 -5 -4 -3 0 0 1 1 0.02
-1 -1  3  2 -4  0  0 -1 -1 -3 -3 -2 -4  0  2  3  0 -2 -2 -2 0 0 1 1 0.02
-1  2  0  0 -4  2  1 -3  0 -2 -2  2 -1 -3  2  0  1 -4 -2  0 0 1 0 1 0.02
 1 -2 -4 -4 -2 -1  0 -4 -2  2  1 -2  0 -2 -1 -2  1 -3 -1  3 0 1 0 1 0.02
 0 -1 -4 -4 -3 -2 -1 -5 -5  1  1 -4  0  0 -4 -1  1 -5 -1  4 0 1 0 0 0.02
 3 -5 -4 -6 -5 -4 -3 -5 -5  0  1 -4 -1 -2 -2 -2 -2 -6 -4  6 0 1 0 0 0.02
-2  3  0 -2 -5  3  3 -3 -1 -2 -2  2 -2 -4  2 -2 -1 -5 -3 -3 0 1 0 1 0.02
 0  0 -3 -2 -3 -1  1 -3 -2  1  1 -1  0  1  2 -1 -1 -1  1  2 0 0 1 0 0.01
-6 -5 -2 -5 -8 -6 -4  7 -3 -9 -9 -5 -8 -9 -8 -4 -4 -2 -5 -9 0 0 1 1 0.01
-1 -3  0  4 -6  1  3  3  0 -5 -5 -2 -3 -7 -1  0 -1 -7 -3 -4 0 0 1 1 0.01
-1 -1  1 -1 -4 -2  0 -5 -1 -4 -6 -4 -5 -4  2  5  3 -2 -5 -4 0 0 1 1 0.01
 1 -3 -7 -7 -5 -2 -6 -7 -3  2  2 -4  1  0 -7 -4  0 -1 -3  5 0 1 0 0 0.01
-2  1  0 -3 -4  2  0 -4 -3 -1 -1  1  0 -1 -3  2  3  3 -3  0 0 1 0 1 0.01
-2 -8 -8 -9 -6 -7 -8 -9 -8  2  6 -8  1  1 -8 -7 -5 -7 -5  2 0 1 0 0 0.01
-2  0  5 -1 -6  0  1 -4  0 -2 -3  1 -3 -6  0  1  4 -7 -3 -2 0 1 0 0 0.01
-8 -11 -10 -11 12 -11 -11 -10 -11 -9 -9 -11 -9 -5 -10 -8 -8 -10 -5 -8 0 1 0 0 0.01
-1  2 -2 -1 -3  1  1 -3 -2 -2 -4  0 -3 -2 -2  4  1 -3 -4 -1 0 1 0 0 0.01
 4 -5 -4 -5 -1 -4 -5 -4 -2  0 -2 -5 -1 -1 -4  0  3 -3 -3  4 0 1 0 0 0.01
 0  0  2 -1 -4 -1 -1 -2 -1 -3 -2 -1 -2 -1 -1  4  3 -6 -4 -2 0 1 0 1 0.01
-1 -2 -2  1  1 -3 -4  6 -3 -5 -5 -4 -5 -5 -4  1 -3 -5 -3 -3 0 0 1 1 0.01
-2 -3  3  2  7 -2 -3 -1  1 -2 -3 -3 -3 -1 -4  1  1 -2  0 -2 0 0 1 0 0.01
-2 -3 -3  1 -4 -1 -1 -6  0 -7 -5 -6 -8 -6  8 -3 -2 -9 -2 -6 0 0 1 1 0.01
 0  1  0  0 -4  1  0 -1  0 -1 -1  1 -1 -3  2  0  2 -3 -3  0 0 0 1 1 0.01
 0 -3 -7 -2 -8 -6 -1 -2 -3 -3 -4 -4 -7 -5  8 -2 -3 -8 -4 -4 0 0 1 0 0.01
 0  0  0 -1 -2  1  1 -1 -1 -1 -1  0 -1 -3 -1  2  2 -5 -2  0 0 1 0 1 0.01
-3 -4 -2 -5 -5 -5 -5 -5 -3  5  2 -5  2  2 -2 -3 -3 -3 -2  4 0 1 0 0 0.01
-2 -1 -1 -3 -4  2 -2  1  1  0 -2 -1 -2 -3 -3  3  3 -2 -3 -1 0 1 0 1 0.01
-6 -5 -4 -6 -3 -4 -5 -2 -6 -5 -1 -5 -5 -5 -6 -6 -4 12 -3 -5 0 1 0 0 0.01
-2  4 -2 -2 -4 -1  1 -3  0 -2  0  2 -1  0 -4  1 -1  0  3 -3 0 1 0 1 0.02
-1  2  2 -1 -3 -1 -1 -1  1 -1 -1  2 -2 -1 -2 -1  2 -1 -1 -1 0 1 0 0 0.03
-2 -1  0  1 -4  2  1  4 -1 -2 -1  0 -3 -3  0  0 -1 -3 -3 -2 0 0 1 1 0.04
-1 -1  1  1 -3 -1  0 -1 -2  1  2 -1  0 -2 -1 -1 -1 -1 -2  1 0 0 1 1 0.05
-2  1  1  4 -5  1  3  2 -2 -3 -4 -2 -2 -5 -1 -1 -2 -4 -5 -4 0 0 1 1 0.07
-1  1 -1 -1 -4  1  0 -1  1 -1 -1 -1 -1 -2 -2  3  3 -4 -2 -1 0 0 1 1 0.07
-1 -1  0 -2 -5  0 -1 -3 -2 -1 -1 -2 -3  0  5  2  2 -3 -3 -3 0 0 1 1 0.08
-2 -2 -4 -3 -4 -2 -3 -4  1  1  4 -3  0  1 -2 -2  0 -1  1  0 0 0 1 0 0.11
-1  0  3  1 -4 -1 -1  2  2 -1 -3 -1 -2 -3  1  1  0 -2 -2 -2 0 0 1 1 0.09
-1  0 -1  0 -5  1  0  4  0 -2 -3  2 -3 -3 -1 -1 -2  1 -2 -2 0 0 1 1 0.09
-1  1  1  0 -4  0  1 -1  1  0 -1  2 -2 -3 -2  1  2 -3 -1  0 0 1 0 1 0.09
-1  0 -2  0 -3  0  0 -2 -1  2  0 -2  0 -2  0 -1  1 -2 -1  3 0 1 0 1 0.09
-2  2 -1  0 -4  1  0 -2 -1  0  1  1 -1  0 -1  0  0 -1  0  0 0 1 0 1 0.07
-1  0  1  2 -4  0  0  0  2 -1 -1 -1 -1 -1  0  2  1 -3 -1 -1 0 1 0 1 0.06
-2  0  2  0 -4  2  2  0  0 -1 -2  0 -2 -1  2  0  0 -5 -2  1 0 1 0 1 0.06
 0  0  0  1 -5  0 -1  4 -2 -2 -1 -2 -3 -1  1  0  0 -3 -3 -2 0 0 1 1 0.04
-1 -1  1  0 -4 -2 -1  2 -2 -3 -3 -2 -3 -2  0  1  3  5 -2  0 0 0 1 1 0.03
-1  0  2  1 -2  1 -1  0  1 -1 -1 -1 -1 -2 -2  0  2  3 -2  1 0 1 0 1 0.02
 0 -2  0 -3  2 -1 -3  2 -1 -2 -2 -1 -2 -2 -3  4  0  5 -2 -1 0 1 0 0 0.02
-1  0  0  0 -3  0  0 -2  1  0 -1  1  0 -2 -3  1  2 -2  0  1 0 1 0 0 0.01
-4 -5 -4 -7 -6  0 -3 -7 -2  0  6 -4 -1  1 -6 -3 -5  3  0 -1 0 1 0 0 0.01
-2  1  0 -2 -4  1  0 -4  1  1  0  0 -1  0 -4  0  3 -2  2  0 0 1 0 0 0.01
-5 -4 -7 -7 -6 -4 -5 -8 -7  6  3 -7  1  2 -7 -5 -5 -3 -3  2 0 1 0 0 0.01
-1  1  1  3 -5  1  0 -2 -1 -2 -2  0 -2 -3  0  2  1 -2 -3 -2 0 0 1 1 0.01
-1  1  4  2 -5 -1  0 -2 -1 -3 -3  0 -3 -6  3  2 -2 -6 -4 -1 0 0 1 1 0.01
 1 -1 -4 -3 -5 -3 -4 -4 -6  2  0 -3 -1 -3 -4 -3  0 -6 -3  5 0 0 1 0 0.01
 0  2  1 -1  0  2  0 -1  0 -3 -4  0 -1 -3 -2  2  3  0 -3 -1 0 0 1 1 0.01
 0  2 -2 -1 -3  0  1 -1 -1  0  1  0  0  0  1 -1  0  3  0  0 1 0 0 0 0.01
-1 -2  0  1 -5  1  4 -3  0 -2 -3 -2 -3 -5 -3  3  0  4 -2 -2 1 0 0 1 0.02
-3 -3  2  6 -7  0  0 -4  5 -4 -5 -2 -2 -7 -3 -1 -3 -8 -5 -6 1 0 0 0 0.02
 2 -3  0  2 -4  0  3  1 -2 -2 -3 -2  0 -5 -1  2 -1 -3 -3 -3 0 0 1 1 0.02
 0 -3 -3 -5 -4 -2 -4  6  2 -3 -6 -4 -4 -4 -1  0 -1 -7 -3 -4 0 0 1 0 0.02
-1  1  1 -1 -4  2  1 -2  1  0 -2  0 -1 -3 -1  1  1 -1 -2  1 0 1 0 1 0.01
-7 -3 -4 -8 -1 -6 -7 -4 -2 -3  0 -3 -1  0  1 -7 -6 -4  9 -2 0 1 0 0 0.01
-1  1 -2 -4  0  0  0 -3 -1  1  0 -1  1  1 -4  0  2 -2  0  1 0 1 0 0 0.01
-6 -8 -8 -8 11 -8 -8 -5 -8 -3 -5 -8 -7 -1 -8 -4 -5 -8 -3 -4 0 1 0 0 0.01
-1  1 -1 -3 -4  2  0 -3  2  0 -2  0  0  2 -4  1  2 -2  2  1 0 1 0 0 0.02
 5 -4 -3 -4 -1 -5 -4 -1 -6 -1 -1 -4 -2  1 -6 -1 -2 -6 -4  2 0 1 0 0 0.01
-1  0  2 -1 -5  0  0 -3  2 -1 -3 -2 -3  1 -3  2  4 -3  0 -2 0 1 0 0 0.02
-2 -1  5 -2  7 -1 -3  0 -1 -4 -3 -3 -4 -3 -3  0  1 -6 -3 -2 0 1 0 0 0.01
 1 -1  1  1 -3 -1  0  2  2 -3 -3 -1  0 -3  0  2  0 -3 -1 -3 0 0 1 1 0.02
 1  0  0  0 -4 -1  0  3 -1 -1 -3 -1 -1 -2  1  0  0 -5 -3  0 0 0 1 1 0.02
-1  1 -1  0 -5  0  1  4 -1 -1 -1  0 -1 -4 -1  0 -1 -3 -4 -1 0 1 0 1 0.02
-1  2  0 -2 -5  4 -1 -3  1 -3 -2  2 -2 -3 -1  1  2 -5 -3  0 0 1 0 1 0.03
 1  0  0  1  2  0 -1 -1  0  0 -1  0  0 -1 -2  0  0 -1  0  1 0 1 0 1 0.02
-1 -1 -1  0 -1  3  3 -3  0 -3 -3  1 -2 -3  0  2  1 -1 -2 -2 0 1 0 1 0.02
 2  1  0  0 -1  1  1 -2  2 -2 -3  2 -2 -2 -1  0  1 -5 -2 -2 0 1 0 0 0.02
 0  2 -1 -1 -4  0 -1 -1  0 -1 -2  0 -1 -2 -1  2  2 -4 -1  1 0 1 0 1 0.02
 2 -4 -4 -5 -1 -3 -1  0 -2  1  1 -3  2  1 -3 -1  1 -5 -1  3 0 1 0 0 0.01
-2  2  1 -1 -4  2  0 -3  1 -2 -1  1 -1  0 -2  1  2 -1  2 -2 0 1 0 1 0.01
-2 -6 -3 -7 -5 -3 -7 -7 -7  4  4 -6  1 -2 -3 -6 -1 -6 -5  4 0 1 0 0 0.01
-2  1  2  0 -2  1  1 -3  3  0 -1  0 -1 -2 -2  0  3 -5 -2  0 0 1 0 1 0.01
-1 -4 -7 -7 -6 -6 -4 -5 -2  2  0 -6  1 -3 -4 -4 -2 -7  0  6 0 1 0 0 0.01
-2 -1 -2 -3 -5  3 -1 -4  0 -2  2  0  0  1 -3 -2  0  0  6 -2 0 1 0 0 0.01
 1 -1 -1  0 -3  1  0  1  1 -1 -2  0 -1 -2 -1  2  0  0  1  1 0 1 0 0 0.01
-1  0 -1 -2 -3 -1 -2 -2  0  0  1 -1  2  2  3 -1 -1 -3  0  1 0 0 1 0 0.01
-1 -1  0 -1 -6  0 -1 -6  2 -1 -2 -1 -5 -6  6 -2 -1 -6  0 -2 0 0 1 1 0.02
-1  0  0  0 -3  0  0 -1  2  0 -1  0  1  0  0  0  0  3  1  0 0 0 1 1 0.02
-1 -1  0  0  0  0 -1 -2  0  2  0  0  0  1  0  0 -1  2 -1  1 0 0 1 1 0.04
-2  0 -2 -2 -5 -1 -2 -3  0  0 -1 -1  1 -1  5 -1  0 -5 -1  3 0 0 1 0 0.05
-1 -1  0 -1 -4  2  2 -2  0  1 -2  0  0 -1  0  0  0  0  0  1 0 1 0 1 0.06
-1 -1 -2 -2 -4 -1 -1 -3  0  4  1  0  2 -1 -1 -1 -1  0 -1  2 0 1 0 0 0.08
-1  0  0  0 -4  0  1 -1  3 -1 -2  0  0 -2  3  1  0  0 -1 -1 0 1 0 1 0.09
-1  0  0 -1 -3  1  0 -1 -1  0  0  0  0  0  2  0  0  0 -1  0 0 1 0 1 0.10
-1 -1  2  2 -4  1  1 -2  0 -1 -1  0 -1 -4  1  2  0 -4 -1 -1 0 0 1 1 0.11
 0 -1 -1  0 -1  1  0  1  0 -1 -2  0  0 -3  3  0  0 -4 -1  0 0 0 1 1 0.11
 0  0  0 -2 -2  0  0 -2  0 -1 -2 -1 -1 -2  4  1  2 -1 -2 -1 0 0 1 1 0.10
 0 -1 -1 -3 -3  0 -1 -2  0  1  1 -1  1  0 -1 -1 -1  3  0  2 0 1 0 0 0.09
-1  0  0  0 -3  1  0 -1  0  0 -1  0  1 -1  1  0  0 -3  0  1 0 1 0 1 0.09
 2 -2 -2 -2 -2 -1  3 -3 -2 -1 -1 -1  0 -3  0  1 -2 -5 -3  2 0 0 1 1 0.08
-3 -4  0 -2 -6 -2 -3  7 -2 -7 -7 -3 -6 -4 -3 -2 -3 -6 -3 -4 0 0 1 1 0.06
-1  2  0  1 -5  3  3 -2  1 -3 -3  1  0 -4 -4  0  1 -5 -3 -2 0 0 1 1 0.04
-1  0  0  3 -5  1  1 -3 -1 -3 -3 -1 -2 -5  4  1  2 -2 -3 -3 0 0 1 1 0.03
 2 -3 -3 -3 -2  0 -3 -3 -1  1  1 -3  0  2 -2 -1  0 -4  2  3 0 1 0 0 0.02
-1  0  1 -1 -4  2  1 -4 -2  1 -2 -1  0 -1 -3  0  4 -5 -2  0 0 1 0 1 0.01
-3 -6 -6 -7 -5 -6 -6 -4 -6  2  5 -6  2  2 -6 -5 -3  2 -2  3 0 1 0 0 0.01
-1  2  1 -1 -2  1  1 -3  0 -1 -3  0 -3 -3 -1  1  3 -2 -2 -1 0 1 0 1 0.01
-7 -10 -9 -10 12 -9 -10 -9 -9 -7 -3 -9 -8 -9 -9 -7 -1 -9 -9 -7 0 1 0 0 0.01
 0  2 -1  0 -2  2  1 -2  2 -1 -2  1 -2 -2  0  1  2 -4 -1 -1 0 1 0 0 0.01
 3 -5 -4 -4 -2 -5 -4 -2 -3  1 -2 -5 -1 -3 -4  0  0 -6 -3  5 0 1 0 0 0.01
 1  0 -1 -1 -3  0  0 -3  3 -2 -2 -1 -2 -2  3  1  1  0 -2 -1 0 0 1 0 0.01
 0  0  2  1 -6 -3 -1  5  1 -6 -5 -1 -5 -4 -3  1 -2 -6 -4 -4 0 0 1 1 0.01
 1 -3  0  2 -3 -2 -1  1 -3  0 -2 -2 -2 -2 -2  1 -1 -4 -2  3 0 0 1 0 0.01
 1 -1 -1 -3  2 -2 -1 -1  2 -2 -3  1 -2  1  1  0  0 -1  5 -2 0 1 0 0 0.01
-4 -5 -4 -5 -7 -3 -4 -4 -4 -7 -7 -4  0 -7  8 -3 -4 -7 -7 -5 0 0 1 0 0.01
 1  1 -1 -1 -3  0 -1 -1 -1  1  0 -1 -1 -1  1  1  0  4 -1  0 1 0 0 0 0.01
 1 -1 -1  1 -4  0  2  0  0 -2 -3 -1 -1 -2  4  0 -1 -4 -1 -1 1 0 0 1 0.01
-1  2  1 -1  1  0  0 -1  2  0  0  1 -1 -1  0  0  0 -2  0 -1 1 0 0 1 0.01
-1 -1  0 -3 -3 -1 -1 -3 -3  1  3 -1  0  0  2 -1 -2 -3  0  0 0 1 0 0 0.01
-1  0  0 -1 -4  2  1  0  0 -2 -2  0 -3 -2 -3  2  3 -4 -1  0 0 1 0 0 0.01
-3 -3 -5 -5 -4 -5 -5 -5 -5  5  1 -2  2  2 -5 -4 -3  4  1  3 0 1 0 0 0.01
-1  2  0 -1 -2  1  0 -4  0 -1 -2  0  0 -3 -2  2  3 -2 -2  0 0 1 0 0 0.01
-3 -3 -8 -8 -7 -7 -8 -8 -7 -3  2 -4 -6  0 -8 -4 -3 12 -4 -2 0 1 0 0 0.01
-3  0 -3 -2 -2 -2 -1 -3  1 -1  3  0  2  3 -3 -1 -1  0  4 -2 0 1 0 0 0.01
-4  5 -1 -3 -2 -1 -1 -3  1 -4 -2  5  0 -1 -5 -2 -1 -1 -3 -4 0 1 0 0 0.01
-2 -4  4  3 -6 -1  1  5 -2 -4 -5 -3 -3 -6 -6 -3 -5 -2 -3 -3 0 0 1 1 0.01
-3  0  2  3 -5  0  2  4  0 -3 -4 -2 -5 -6 -3 -1  0 -6 -5 -3 0 0 1 1 0.02
-1  2 -1 -1 -4  3  2 -1  1 -1 -3  2  1 -3 -1  0  0 -5 -2 -1 0 1 0 1 0.02
-1 -1  0 -2 -4  0  2 -4 -1  0  1 -1  0 -2  3 -1  0 -2 -1  1 0 1 0 1 0.03
-3 -2 -4 -4 -4 -1 -3 -6 -5  3  5 -4  2  0 -2 -3 -3 -1 -1  1 0 1 0 0 0.04
-1  0  0 -1 -2  0  1  0  3 -2 -2  1 -1  0  1  1  1  1  1 -2 0 1 0 1 0.07
-1  2  2  0 -2  0  0  0  1 -2 -3 -1 -2 -2  0  3  0 -1 -2 -2 0 1 0 1 0.09
-1 -1  0  0 -3  3  1  1  1  0 -2  0  0 -2 -1  0  0  2 -1  0 0 1 0 1 0.13
-1  0  1  1 -2  2  3 -2 -1 -2 -2  0 -1 -2  0  1  2 -4 -2 -1 0 1 0 1 0.19
 0  1  0 -1 -3 -1 -2 -1  0  0  0 -1 -1  4 -2  1 -1  0  2  0 0 0 1 0 0.24
 0 -1 -1 -1 -2  0 -1 -1  0  1  1 -1  1  1  0 -1  0 -1  0  1 0 0 1 1 0.27
 0  0  0  1 -3  2  2  1  0 -1 -2  1 -1 -2 -1  0  0 -1 -1 -1 0 0 1 1 0.32
-1  1  1  2 -3 -1  2 -1  1  0 -1 -1 -2 -2  0  1  1 -4 -2  0 0 0 1 1 0.42
 0  0  0  0 -2 -1  1  1  0 -1  0 -2  0 -1  2  1  0 -2 -1  0 0 0 1 1 0.39
 0  1  0  2 -4  0  1  0  0 -1 -2  0 -1 -1  1  1  0 -1 -2 -1 0 0 1 1 0.41
-1  1  0  0 -3  1  1  0 -1  0 -1  1  0 -1 -1  1  1 -2 -1 -1 0 0 1 1 0.47
 0  1  1  0 -3  0  0  0  0 -1 -2  2 -2 -1 -1  1  0  0  0 -1 0 0 1 1 0.44
 0  0  1  0 -2  0 -1 -1  1  0 -2  0 -1 -1  1  2  1 -2 -1  0 0 0 1 1 0.43
-2 -1 -2 -2 -3 -1 -1  0 -2  0  3 -1  0  0  1  0  0 -3 -1  1 0 0 1 1 0.44
 0  1 -1  0 -3  1  2 -1 -1 -1 -2 -1 -1 -1 -1  1  1  1 -1  1 0 1 0 1 0.51
-2  0  3  1 -3  0 -1  0 -2 -1 -1 -2 -3 -2 -2  2  3 -5 -3 -1 0 1 0 0 0.45
 0  0  0 -1 -2  1  0  2 -1 -1 -1  1 -1 -1 -2  1 -1 -2 -1  1 0 1 0 0 0.40
-1 -1  1  0 -4  0  0 -1  0 -1 -1 -2 -2 -2 -2  4  3 -3 -2  0 0 1 0 1 0.30
-1 -3 -2 -2 -3 -2 -2 -1 -1  0  3 -3  1  0 -3  2 -1 -2 -1  2 0 1 0 0 0.31
-2  0 -1  0 -3  0  2 -4 -1  0  0  0 -2 -3 -3  0  4 -4 -1  1 0 1 0 1 0.19
-2 -2 -2 -3  0  1 -2 -2  4  3  2 -2  1  1 -2 -2 -2  1  2  1 0 1 0 0 0.13
-2  0  0 -1  0 -1  0 -2  1  2  0 -1  1  0 -2 -1  2  1 -1 -1 0 1 0 1 0.11
-2 -1 -2 -1  0  0 -2 -3  1  1  1 -2  1  3  0  0 -1  2  2  2 0 1 0 0 0.09
-3  2  2 -2 -2  1 -2 -3  1  0  0 -2 -2 -3  0  0  4 -6 -2  1 0 0 1 1 0.06
 3 -1 -2 -3  1  0 -2 -3 -2 -2 -1 -2 -2 -2  4 -1 -3 -6 -3  2 0 0 1 0 0.05
-1  3 -2  0 -2  1 -1 -1  3 -1 -1  0 -1 -3 -3  0  2  2 -3  1 0 0 1 1 0.05
 0  4  0 -1 -6  0 -2 -2 -1 -2 -1  0 -1 -3  1  0  0  0 -1  0 1 0 0 1 0.03
-1  1 -1  0 -3  1  5 -1  0 -4 -2 -2 -3 -4 -3  0  1 -1 -2 -4 1 0 0 1 0.02
-5 -4  1  8 -3 -4  0 -8  1 -9 -6 -3 -3 -4 -2 -2 -3 -9 -4 -9 1 0 0 0 0.02
 0 -1  2  4 -6 -1 -2 -1  4  0 -1 -3  0 -1 -3  1  0 -6 -2 -2 0 0 1 1 0.02
-1 -2 -3 -3 -7 -1 -2  6  1 -8 -4 -4 -3 -2 -2  0 -4  3 -2 -5 0 0 1 1 0.01
 2  1 -2 -2 -1  1 -1  3  1 -3 -2  1 -1 -4 -1 -1  0 -1 -2 -1 0 0 1 1 0.01
 0 -1  4 -1 -4  1  1 -3  0 -1 -2 -1 -2 -3  1  0  1 -5  1  0 0 1 0 1 0.01
-4 -7 -5 -5 -2 -7 -5 -8 -3  1  1 -7 -1  4 -8 -5 -4 -5  8  0 0 1 0 0 0.01
-3  1 -2 -3 -5  1 -1 -4  2 -1 -3  0 -2 -5 -5  3  5 -1  1  0 0 1 0 0 0.01
-2 -3 -9 -10 12 -4 -10 -9 -9 -8 -8 -9 -8 -4 -9 -4 -4 -9 -9 -4 0 1 0 0 0.01
-2  4 -1 -4 -5  3  1 -4  2  0 -2  0  0 -4 -5  0  1  0 -3  1 0 1 0 1 0.01
 7 -6 -5 -7 -6 -6 -6 -5 -7 -6 -5 -6 -3 -4 -4 -3 -1 -2 -4  2 0 1 0 0 0.01
-2  2 -2 -1 -3  1  3 -3 -1 -3 -4  2 -2 -2 -4  0  3 -3 -3 -1 0 1 0 0 0.01
-2 -3  3 -3 -2 -2 -3 -3 -1 -1  4 -2  3 -2 -3 -1 -1 -3 -2  0 0 1 0 0 0.01
-1  1  2  3 -1  0  1 -2  2 -3 -3  1 -3 -2  1  1  0 -3 -2 -2 0 0 1 1 0.02
-1 -3 -3 -3  0 -2 -2 -3  0  3  4 -3  2 -1 -2 -2 -1 -3 -2  2 0 0 1 0 0.03
 0  1  0  2 -3  1  0  3  2 -1 -3 -1 -2 -2  1 -1 -1 -1 -2 -2 0 0 1 1 0.04
-2  0 -1  2 -4 -1  3  3  1 -4 -3  0 -3 -2  2  0 -1 -4 -2 -2 0 0 1 1 0.07
 0  0  0 -1 -2  0  0  0  2  0  1  0  1  0 -1 -1  0 -3 -1  1 0 0 1 1 0.09
-1 -1  0  2 -3  0  1  2 -2 -2 -1  0 -1 -1  3  1 -1 -3 -1 -2 0 0 1 1 0.12
 1 -1  1 -1 -3  0  0  0  0 -2  0 -1 -2  1  2  3 -1 -1  0 -1 0 0 1 1 0.13
 0 -2 -1  0 -3  0  2  0 -2  0  0 -1 -1 -2  2  1  0 -1 -2  0 0 0 1 1 0.15
 0 -2 -1 -1 -4  0 -1 -2 -1 -1  0 -2 -3  3  5 -2 -1  0 -2 -1 0 0 1 1 0.12
 0  2  0 -2 -2  1 -1  0  0  0 -2  2 -1  0 -1  1  0 -2 -1  1 0 0 1 1 0.12
 0 -1  1 -1 -2  0  1 -1  2  1 -1 -1 -1 -2  0  1  0 -2 -1  1 0 1 0 1 0.12
-1  4  1 -1 -2  0 -1 -2  0 -1 -1  2 -1 -3 -1  1  1 -2 -2 -1 0 1 0 1 0.13
-1  1 -1  0 -4  3  2 -3 -1 -3 -2  0 -1 -2 -3  3  1 -3 -2 -1 0 1 0 1 0.14
 4 -1 -3 -1 -4 -1  0 -2 -2 -2 -3 -1 -2 -5 -2  2  3 -3 -3 -2 0 1 0 0 0.12
 0 -1 -1 -2 -4  0  0 -3 -2 -1 -2 -1 -1 -1  3  3  3 -1 -2  0 0 1 0 1 0.10
-1  2 -2 -3 -3  3 -1 -3  0  1 -1  1  0 -1  1 -1  0 -1  0  2 0 1 0 1 0.07
-1 -1 -2  0 -1  2  2 -4  2 -1 -2  0  0 -3  0 -1  3 -3 -1  1 0 1 0 1 0.05
-4 -4 -7 -7 -6 -5 -4 -6 -7  1  6 -7  1 -2 -3 -7 -4 -6 -6  1 0 0 1 0 0.06
-2  1  3  2 -5  3  2 -4  2 -3 -5  0 -1 -4 -2  0  1 -3 -1 -2 0 0 1 1 0.08
-3 -6 -6 -7 -5 -6 -6 -4 -7  2 -1 -5 -1 -3 -5 -3  1 -6 -3  7 0 1 0 0 0.10
-3 -2  0 -3 -5  3  0 -4  5 -2  1 -1  0  3 -3 -2 -1 -2  4 -2 0 1 0 1 0.04
-1 -4 -4 -1 -3 -4 -1 -3  1  0 -3 -5 -4  1 -3 -1  0  1  6  4 0 0 1 1 0.05
 1 -3 -5 -6 -3 -2 -3 -1 -6 -4 -1 -1 -2 -3  6  1 -2 -7 -6 -2 0 0 1 1 0.06
-4 -8 -8 -6 -9 -4 -3 -8 -8 -6 -9 -7 -4 -6  9 -5 -7 -10 -9 -5 0 0 1 1 0.08
-2  5 -3 -2 -7  5 -1 -6 -4 -6 -4  4 -3 -6 -4 -1 -1 -6  1 -4 0 0 1 1 0.17
 1 -2  5  2 -5  0 -1 -2 -3  0 -2 -3 -2 -1  0 -1 -1 -2 -4  1 0 0 1 1 0.32
-4 -6 -4 -5 -5 -5 -5 -6 -6 -5 -6 -5 -5 -7 -6  0  8 -7 -6 -5 0 0 1 1 0.46
