-1  0 -1  0 -3  5  3 -2  0 -3 -2  1  1 -3 -2 -1 -1 -3 -2 -2 0 0 1 1 0.49
-1 -3 -1 -2 -4 -3 -2  7 -3 -5 -5 -2 -4 -4 -3 -1 -3 -4 -4 -4 0 0 1 0 0.24
-3 -4 -4 -3 -5 -3 -3 -4 -4 -5 -5 -3 -4 -5  8 -2 -2 -6 -5 -4 1 0 0 0 0.11
-2 -5 -5 -6 11 -5 -6 -5 -5 -3 -3 -5 -3 -4 -5 -3 -3 -4 -4 -3 1 0 0 0 0.06
-3 -3  0  8 -5 -2  0 -3 -3 -5 -5 -2 -5 -5 -3 -2 -3 -6 -5 -5 1 0 0 0 0.04
-1 -4 -4 -4 -2 -4 -4 -4 -4  6  2 -4  0 -1 -4 -2  0 -4 -2  2 1 0 0 0 0.03
-1 -3 -4 -5 -4 -3 -4 -4  0 -3 -1 -3 -2  2 -4 -3 -2  0  8 -3 1 0 0 0 0.03
 4 -2  0 -2 -2 -1 -1  1 -2 -3 -3  0 -2 -3 -2  2 -1 -4 -3 -2 1 0 0 1 0.03
 3  0  0 -1 -2 -1  0 -1 -2 -3 -3  0 -2 -3 -2  4  1 -4 -3 -2 1 0 0 1 0.02
 3 -3 -2 -3 -3 -2 -3  5 -1 -4 -4 -2 -3 -4 -1 -1 -2 -4 -4 -3 0 0 1 1 0.02
-1 -2  2  0 -4 -2 -3  6 -3 -5 -5 -1 -4 -4 -3 -1 -2 -4 -4 -4 0 0 1 1 0.02
 0 -3  0 -2 -2 -2 -2 -3 -3 -2 -3 -2 -2 -4 -3  0  7 -4 -2 -2 0 0 1 0 0.01
 0 -4 -4 -3 -4 -3 -3 -4 -4 -4 -2 -3 -3 -5  8 -2 -3 -5 -4 -3 0 0 1 1 0.01
-2 -5 -5 -5 11 -5 -6 -4 -5 -3 -3 -5 -3 -4 -5 -3 -3 -4 -4  0 0 1 0 0 0.02
-1 -3 -3 -4 -2 -3 -2 -4 -4  2 -1 -3 -1 -2 -3  0 -1 -4 -1  5 0 1 0 0 0.02
 6 -3 -3 -3 -2 -2 -2 -1 -3 -3 -3 -2 -2 -3 -2  0  0 -4 -3 -2 0 1 0 0 0.02
 6 -3 -3 -3 -2 -2 -2 -1 -3 -3 -3 -2 -2 -3 -2  0 -1 -4 -3 -2 0 1 0 0 0.02
-3 -2 -1 -3 -4 -1 -2 -4 10 -4 -4 -2 -3 -1 -4 -3 -3 -3  3 -4 0 1 0 0 0.02
 0 -2 -1 -2 -2 -2 -2  1 -2 -4 -4 -2 -3 -4 -2  6  0 -4 -3 -3 0 1 0 0 0.02
-1 -2 -2 -3 -2 -2 -2 -3 -3 -1  0 -2  1 -3 -2  0  6 -3 -3  1 0 0 1 0 0.01
-1 -3 -2 -3  2 -2 -2 -3 -3 -1 -2 -2 -1 -3 -2  0  5 -4 -3  3 0 0 1 0 0.01
-3  7 -2 -3 -5 -1 -2 -4 -2 -4 -4  1 -3 -4 -3 -2 -3 -4 -3 -4 0 1 0 0 0.01
 5 -2 -2 -2 -2 -2 -2 -1  0 -2  0 -2 -1 -3 -2  1 -1 -3 -2 -1 0 0 1 0 0.01
-3 -3 -5 -5 -3 -3 -4 -5 -4  0  6 -4  2 -1 -4 -4 -3 -3 -2 -1 0 0 1 0 0.01
-3 -3 -3 -4 -3 -3 -3 -4 -1 -2  0 -3 -2  4 -4 -1  1  0  7  0 0 0 1 0 0.01
 2  0  1  2 -2 -1 -1  2 -2 -3 -3  0 -2 -3 -2  2 -1 -3 -3 -2 0 0 1 1 0.01
 4 -2  1 -1 -2 -1 -2  1 -2 -3 -3 -1 -2 -3 -2  3  1 -4 -3 -2 0 0 1 1 0.01
-3 -3 -4 -5 -4 -3 -4 -5  0 -3 -2 -4  0  3 -5 -3 -3  0  9 -3 0 0 1 0 0.01
 1  1  4  0 -2 -1 -1 -1 -1 -3 -3  0 -1 -3 -2  2  2 -4 -3 -2 0 0 1 1 0.01
-1 -4 -2 -1 -4 -3 -3  7 -3 -5 -5 -3 -4 -5 -4 -2 -3 -4 -4 -5 0 0 1 1 0.01
 1 -1  0 -2 -3 -2 -2 -2 -3 -4 -4 -1 -3 -4  7  0 -2 -5 -4 -3 0 0 1 1 0.01
-3 -3 -4 -5  2 -3 -4 -5 -4  0  5 -4  2 -1 -4 -4 -2 -3 -2 -1 0 0 1 0 0.01
-3 -3 -4 -5 -4 -3 -4 -5  0 -2 -2 -4 -2  3 -4 -3 -3  0  8 -1 0 1 0 0 0.01
-2  3 -2 -2 -4  7  2 -3 -1 -4 -4  0 -2 -5 -3 -1 -2 -4 -3 -4 0 1 0 0 0.02
-2 -4 -4 -4 -2 -3 -4 -4 -4  2  1 -4  0 -2 -4 -3 -1 -4 -2  6 0 1 0 0 0.02
-2  4 -1 -2 -3  3 -1 -3 -2 -2  0  3  1 -3 -3  0  1 -3 -3 -2 0 1 0 1 0.03
-3  7  1 -3 -5 -1 -2 -4 -2 -5 -4  0 -3 -5 -4 -2 -3 -5 -4 -4 0 1 0 1 0.04
 3 -2 -1 -1 -2  0 -2  3 -2 -3 -1 -2 -2 -3 -2  2  0 -1 -3 -2 0 0 1 0 0.05
 0 -2 -1  0 -2 -1 -1 -2 -2 -4 -4 -1 -3 -4 -2  6  0 -4 -3 -3 0 0 1 1 0.06
-3 -3  1  7 -5 -2  0 -3 -3 -5 -5 -2 -5 -5 -3  0 -2 -6 -5 -5 0 0 1 1 0.07
-1 -2  5  0 -4 -1 -2  4  1 -5 -5 -2 -3 -4 -3  1 -2 -4 -3 -4 0 0 1 1 0.09
 4 -2 -2 -2 -2  0 -2 -1 -3 -3 -3  1 -2 -4 -2  1  2 -4 -3 -2 0 0 1 1 0.08
-1 -1 -2 -2 -3  2 -2 -3 -2 -1 -2  0 -2 -2 -3  0  6 -3 -1 -1 0 1 0 1 0.08
 0  2 -2 -2 -2  0 -2 -2 -1 -1  1  0  0 -1 -2  0  3 -3 -1 -1 0 1 0 1 0.07
-3 -3  5  6 -5 -2  0 -2 -2 -5 -5 -2 -4 -5 -3 -1 -1 -6 -4 -4 0 1 0 1 0.06
-3 -5 -5 -5 -3 -4 -5 -5 -5  6  0 -4  0 -2 -4 -4 -2 -4 -3  3 0 1 0 0 0.04
 1 -1 -1 -1 -3 -1 -2  4 -2 -3 -3  0 -3  0  0  1 -1 -3  0 -3 0 0 1 1 0.04
-1 -3 -3 -3 -3 -1 -3 -3 -3  0  0 -2 -1  0  5 -2  1 -4 -2  3 0 1 0 0 0.03
-2  0 -3 -3 -2 -1 -1 -3 -2  0  3 -2  1  0 -3 -2  0 -2  2  1 0 0 1 1 0.03
 2 -1  0 -1 -2  1  0  0 -2 -2 -3  0 -2 -3 -1  4  1 -3 -2 -2 0 0 1 1 0.03
 5 -1 -2 -2 -2 -2 -2 -1 -3 -3 -3 -1 -2 -4  2  1  0 -4 -3 -2 0 0 1 1 0.02
 0 -3  1 -2 -4 -3 -3  6 -3 -5 -5 -3 -4 -4 -3  1 -2 -4 -4 -4 0 0 1 1 0.02
-1 -4 -2 -2 -4 -3 -4  7 -3 -5 -5 -3 -4 -4 -4 -2 -3 -4  0 -5 0 0 1 0 0.03
 0 -3 -2 -3 -2 -3 -3 -3 -2  1  0 -3 -1  1 -1  0  1 -1  4  3 0 1 0 0 0.03
 5 -3 -3 -1 -2 -2 -2 -2 -3  0 -2 -2 -2 -3 -2  0  0 -4 -3  0 0 1 0 0 0.03
-1 -2  6  5 -4 -1 -1 -2  0 -4 -5 -1 -4 -4 -3 -1 -2 -5 -4 -4 0 0 1 1 0.02
 5 -3 -3 -3 -2 -2 -2 -1 -3 -1 -1 -2 -2 -3 -2  1 -1 -4 -3  1 1 0 0 0 0.02
 4 -2 -2  1 -2 -2 -1 -1 -2 -3 -3  0 -2 -3  1  1  0 -4 -3 -1 1 0 0 1 0.01
 5  0 -2 -2 -2  0 -2 -1  0 -2 -3 -1 -2 -3  0  1  0 -4 -3 -1 1 0 0 1 0.01
-1 -1 -2  0 -4  7  0 -3  2 -4  0 -1 -2 -4 -3 -2 -2 -4 -3 -3 1 0 0 0 0.01
-1 -3  1  7 -4 -2  0 -3 -3 -3 -2  0 -3 -4 -3 -2 -2 -5 -4 -1 1 0 0 1 0.01
 2  1 -1  0 -2  0  0 -2 -2 -3 -3  0 -2 -1 -2  3  2 -3 -2 -2 1 0 0 1 0.01
-1 -5 -5 -5  1 -5 -5 -5 -3 -2 -1 -5 -2  8 -5 -4 -4 -1  1 -3 1 0 0 0 0.01
-1 -5 -5 -6 11 -5 -6 -4 -5 -3 -3 -5 -3 -4 -5 -3 -3 -4 -4  0 0 0 1 0 0.01
 4 -2  1 -1 -2 -1 -1  3 -2 -3 -3 -1 -2 -4 -2  1 -1 -4 -3 -1 0 0 1 1 0.01
 0 -1  3 -1 -3 -1 -1  5 -2 -4 -4 -1 -3 -4 -3  1  0 -4 -3 -3 0 0 1 1 0.01
-1 -3 -1 -2 -2 -1 -2 -3 -3 -2 -2 -2 -2 -4 -3  3  6 -4 -3 -2 0 0 1 0 0.01
-1 -2 -1  0 -2 -2 -2  0 -2 -2 -2 -1 -2 -2 -2  2  5 -3  0 -1 0 0 1 0 0.00
-2 -6 -5 -6 11 -5 -6 -1 -5 -3 -3 -5 -4 -5 -5 -3 -3 -5 -5 -3 0 1 0 0 0.00
-1 -1 -3 -3 -2 -2 -2 -3 -1  1  2 -2  0 -2 -3  0  2  3 -2  3 0 1 0 1 0.00
-2 -4 -5 -5 -3 -4 -4 -5 -5  6  0 -4  0 -2 -4 -4 -1 -4 -3  4 0 1 0 0 0.00
 1  0 -1  0 -2 -2 -2 -2 -3 -2 -3 -1 -2 -4 -1  3  5 -4 -3 -1 0 1 0 0 0.01
-1  1 -2 -3 -2 -2 -1 -3 -1  3  0  1 -1 -2 -3 -1  2 -3  0  3 0 1 0 0 0.01
-3 -4 -5 -5 -3 -4 -5 -5 -5  6  1 -4  0 -1 -4 -4 -2  3 -2  2 0 1 0 0 0.01
-4 -4 -4 -5 -4 -4 -4 -5  0 -3 -3 -4 -3  3 -5 -4 -4  2  9 -3 0 0 1 0 0.01
-4 -3  0  8 -5 -2  0 -3 -3 -5 -6 -3 -5 -5 -3 -2 -3 -6 -5 -5 0 0 1 0 0.01
-3 -1 -2 -2 -5  8  0 -4 -1 -5 -4  0 -2 -5 -3 -2 -3 -4 -3 -4 0 0 1 0 0.01
-1 -2 -1 -2 -2 -2 -2 -2 -3  1 -3 -2 -2 -4 -2  5  3 -4 -3 -2 0 0 1 0 0.02
 0 -3 -1  0 -3 -2 -2  5 -3 -4 -4 -2 -3 -4  3  1 -1 -4 -4 -3 0 0 1 1 0.03
-2  4  2 -2 -4  1 -1 -3  3 -3 -1  2  1 -2 -3 -1 -2 -3  0 -3 0 0 1 1 0.04
 0 -2  0 -1 -3 -1  0  5  4 -3 -3 -1 -3 -3 -3 -1 -2 -3 -2 -1 0 0 1 1 0.06
-1  0  7  0 -4 -2 -2 -2 -1 -4 -5 -2 -4 -4 -3 -1 -2 -5 -4 -4 0 0 1 0 0.08
-3 -1  2  4 -5 -1 -1 -3  8 -5 -5 -2 -4 -4  0 -2 -2 -5 -1 -5 0 0 1 1 0.09
-3 -3 -4 -4 -2 -3 -4 -4 -4  1  5 -3  2 -1 -4 -3 -2 -3 -2  0 0 1 0 0 0.10
 0 -2 -2 -2 -2  1 -2 -2 -2 -1 -2 -1 -1 -1  1  0  4  3  0  1 0 1 0 1 0.10
 0  0 -1 -1 -3  4  0 -3  0  1 -1  0 -1 -2  1  1 -1 -2  1  0 0 1 0 1 0.11
 4 -1 -2 -2 -2  1  0  0 -2 -3 -3 -1 -2 -3  0  1 -1 -3 -3 -2 0 0 1 0 0.12
-1 -3 -2 -2 -3 -2 -2  2 -3 -1 -1 -2 -2 -3  7 -1 -2  2 -3 -2 0 0 1 0 0.12
 1  1 -1  0 -2 -1 -1  2 -2 -2 -3  1 -2 -3  5  0 -1 -3 -2 -1 0 0 1 1 0.19
-1 -3 -1 -2 -3 -2 -2  6  0 -3 -3 -2 -3 -3 -3  0 -2 -2  1 -2 0 0 1 1 0.14
 0 -2 -1 -1 -3 -2 -2  5 -2 -3 -3 -2 -3 -1 -2  1 -1 -2  1 -2 0 0 1 1 0.15
 2  0  1 -2 -2 -1 -2 -2 -1 -1 -1 -1 -1  3 -1  0 -1  5  0 -1 0 0 1 1 0.17
 1 -1  1  0 -2  0 -1  2 -1 -2 -2  1 -1 -1  1  1  0 -2 -2 -1 0 0 1 1 0.17
 0 -2 -1 -2 -3  0 -2  5  1 -3 -3  0 -2 -3 -1  0 -1 -3 -2 -2 0 0 1 0 0.18
 0 -2  1 -2 -3 -2 -1  2 -2 -3 -3 -1 -2 -3  6 -1 -1 -3 -3 -2 0 0 1 1 0.16
 1 -1  0  1  2  0  1  2 -1 -2 -2 -1 -1 -2 -1  1  1 -2 -2 -1 0 0 1 0 0.17
 2 -2 -2 -1 -2 -1 -1 -1 -2 -1  0 -1  0 -2  4  1  0 -3 -2  0 1 0 0 1 0.16
 0  0  4  0 -3 -1 -1  3  0 -3 -3 -1 -2 -3 -1  1 -1 -3 -2 -2 1 0 0 1 0.17
 0  0 -1  0 -3  2 -1  4 -2 -3 -3 -1 -2 -3  0  1  1 -3 -3 -1 1 0 0 0 0.17
 2 -2 -1 -2 -2  1 -2 -2  0 -2 -1 -1  0  1  4 -1 -1  1  3 -1 0 0 1 1 0.15
 1 -3  3  6 -4 -2 -1 -3  0 -4 -5 -2 -4 -5  0  0 -2 -5 -4 -4 0 0 1 0 0.13
 1  1  5  0 -3 -1 -2 -2 -2 -1 -2  1 -2 -3 -3  1  1 -1 -1 -1 0 1 0 0 0.12
-1 -3  1 -3 -3  0 -1  2 -3 -1  3 -2 -1 -2  3 -2  0 -4 -3 -2 0 0 1 0 0.14
 5 -3  0 -3 -3 -3 -3  0 -3 -2 -3 -3 -2 -4  2  0 -2 -5 -4  2 0 1 0 0 0.10
 0 -1  3  3 -3 -1 -1 -1 -2 -1 -1  0 -2 -3  0  2  0 -4 -3  0 0 1 0 0 0.08
 6 -3 -3 -4 -3 -3 -3  0  2 -3 -3 -3 -3 -4 -3 -1 -2 -4 -3 -2 0 0 1 0 0.06
-1 -1  2  2 -2 -1 -1  0 -2  1 -2 -1  0 -1 -2  1  4 -3  0 -1 0 0 1 0 0.05
 2  2 -1 -1 -2 -1  0  2 -2 -2 -2  0  0 -2 -2  1  0 -3 -2 -1 0 0 1 0 0.04
 3 -2 -2 -2 -2  0  2 -2  2  0  2 -2 -1 -2 -2  0 -2 -3 -2 -1 0 1 0 0 0.03
 0 -3 -3  0 -4 -3 -2 -3 -3 -4 -2 -1 -3 -4  7  2 -2 -5 -4 -4 0 1 0 0 0.03
-1 -4 -5 -5 -3 -4 -4 -5 -5  3  2 -4  1 -2 -4 -3 -1 -4 -3  5 0 1 0 0 0.03
-1 -2 -2 -3 -3 -2 -3 -1  0  0 -1 -2  1 -3  0  0  5 -4  0  1 0 1 0 1 0.02
 1 -3 -4 -4 -2 -3 -3 -3 -4  2  2 -3  1 -1  0 -2 -1 -3 -2  4 0 1 0 0 0.02
 0 -2  4 -1 -3 -2 -2  4 -2 -3 -3 -2  0 -2 -2  1  0 -3 -2 -3 0 0 1 1 0.01
-1 -2 -2 -3 -1 -3 -3  7 -3 -5 -5 -3 -4 -4 -3 -1 -3 -4 -4 -4 0 0 1 1 0.01
-1  3  0 -1 -3  3  0 -3  6 -3 -3  1 -2 -3 -2  0 -1 -3 -1 -1 0 1 0 1 0.01
-1  1 -1 -2 -4  1 -1 -2 -2 -3 -3  5 -2 -4  3  0  0 -4 -3 -3 0 1 0 1 0.01
 4 -3 -3 -3 -2 -2 -2 -2 -3 -1 -2 -2 -1 -3 -2 -1  0 -4 -3  3 0 1 0 0 0.01
-3 -3 -4 -4 -4 -3 -4 -4  0 -2 -1 -3 -2  2 -4 -3 -3  0  8  0 0 1 0 0 0.01
 1 -3 -1 -1 -3 -2 -3  6 -3 -4 -4 -2 -3 -4 -3  1 -2 -3 -4 -3 0 1 0 0 0.01
 0 -3 -3 -4 -2 -3 -3 -3 -3  2  2 -3  1  0 -3 -2 -1 -3 -2  4 0 1 0 0 0.01
-3 -3 -3  0 -3 -2 -2 -3 -1 -2 -1 -1 -2  5 -3 -1 -2  7  5 -1 0 1 0 0 0.01
-2 -2 -2 -3 -2 -3 -3 -3 -3  4  1 -3  1  2 -3 -3 -1 -2 -1  3 0 1 0 0 0.01
 2 -1  2  1 -2  1  1 -1  0 -3 -3  0 -2 -3 -1  3  1 -3 -2 -2 0 0 1 0 0.01
 1 -3 -3 -2 -3  0 -1  0 -3 -3 -4 -2 -3 -4  7 -1 -1 -4 -4 -2 0 0 1 0 0.01
 0  0  1 -2  0 -2 -3  5 -3 -4 -4 -1 -3 -2 -3 -1 -1 -3 -2 -4 0 0 1 0 0.01
-1 -2  2  0 -2  0 -1 -2 -2  0 -1 -1  2 -2 -2  1  3 -3  0  1 0 1 0 0 0.01
-1 -4 -2 -2 -4 -3 -3  6 -3 -5 -5 -3 -4 -5 -3  2 -2 -4 -4 -4 0 0 1 0 0.01
-3 -4 -4 -5  0 -3 -4 -5  0 -3 -2 -4 -1  2 -5 -1 -3  0  8 -3 0 1 0 0 0.02
-3  7 -2 -3 -5 -1 -2 -4  2 -5 -4  0 -3 -2 -4 -2 -3 -4 -3 -4 0 1 0 0 0.03
-2 -1  6  2  1 -1 -1 -2  1 -1 -3 -1 -3 -4  0 -1  0 -5 -3 -2 0 1 0 0 0.05
-2  0  5  4 -4  1  0  1 -1 -4 -3 -1 -3 -4 -3  0  1 -4 -3 -4 0 0 1 1 0.05
 1 -1  3  1 -3 -1 -1  2  3 -3 -3  1 -2 -3 -2  1  0 -4 -2 -2 0 0 1 1 0.06
 3 -2 -2 -2 -2 -2 -2 -1  1 -1 -1 -2 -2 -2  1  0  4 -3 -2  0 0 0 1 0 0.07
-1  0  2 -1 -2  0 -1 -2 -1 -1 -2  1 -2 -3 -2  2  3 -4 -2  1 0 0 1 1 0.08
-1 -2  2 -1 -4 -3 -3  6 -3 -5 -5 -3 -4 -4 -3 -1  1 -4 -4 -4 0 0 1 1 0.10
-1 -3 -3 -3 -2  0 -3 -4 -3  3  0 -3  1 -2 -3 -1  3 -4 -2  4 0 0 1 0 0.12
 5 -3 -3 -3 -2 -2 -2 -2 -3 -2 -3 -2 -3 -4  4  1 -2 -4 -3 -2 0 0 1 0 0.12
-1 -1 -2 -3 -2 -2 -3 -3 -3  2 -1 -1 -1 -3 -3  0  5 -4 -3  2 0 0 1 1 0.11
 0 -3  1  0 -4 -3 -2  6 -3 -5 -5 -2 -4 -5 -3 -2 -3 -4 -4 -4 0 1 0 1 0.08
 0 -3  2  6 -4 -2  0  0  0 -4 -4 -2 -4 -4 -3  2 -2 -5 -4 -4 0 0 1 1 0.07
 2 -1  0  1 -3  5  2 -2 -1 -3 -3  0 -2 -4 -2  1  0 -4 -3 -3 0 0 1 1 0.05
 2 -3 -3  0 -3 -2  1 -3 -3 -4 -4 -2 -3 -5  6  0 -2 -5 -4 -3 0 0 1 1 0.04
-2 -2 -2  0 -5  3  6 -4 -2  1 -3 -1 -3 -4 -3 -2 -2 -4 -3 -3 0 1 0 0 0.03
 2 -3 -2 -3 -3 -3 -3  6 -3 -4 -4 -3 -3  0 -3  0  0 -4 -3 -3 0 1 0 0 0.02
 0 -2 -2 -2 -2  0  2 -3 -2  2  2 -2  4 -1 -3 -2 -1 -3 -2  1 0 1 0 0 0.01
-3 -3 -4 -5 -4 -3 -3 -4  0 -2 -2 -3 -2  4 -4 -3 -3  1  8 -2 0 1 0 0 0.01
 3 -3 -3 -2 -2 -2 -2 -2 -3 -1  0 -2  7 -2 -3 -1 -1  4 -2 -1 0 1 0 0 0.01
-1 -4 -4 -4  2 -3 -4 -4 -4  3  1 -3  0 -2 -3 -3 -1 -4 -2  5 0 1 0 0 0.01
 1 -2 -2 -3 -2 -2 -2 -2 -3  1  2 -2  1  2 -2 -1  3 -2 -1  1 0 1 0 0 0.01
-1 -2  1  4 -3 -1  0  0 -2 -3 -4 -1 -3 -4 -2  3  0 -4 -3 -3 0 0 1 0 0.01
 1 -3 -1 -2 -3 -2 -3  6 -3 -4 -4 -2 -3 -4 -3  1 -2 -4 -4 -4 0 0 1 0 0.01
 1 -1  2  0 -2 -1 -1 -2  1 -2 -2 -1 -2 -3 -2  1  5 -3 -2 -1 0 0 1 1 0.00
-3  1  0 -3 -4 -1 -2 -3  8 -3  0 -2 -2 -1 -3 -2 -3 -3  3 -3 0 0 1 0 0.00
 0  1 -2 -3 -3 -2 -2 -3  0 -1 -1 -2 -1  2 -3 -2  1  0  6  2 0 0 1 0 0.00
 0 -1  6  0 -3  1 -1  0 -1 -4 -4 -1 -3 -4 -3  1  1 -4 -3 -3 0 0 1 0 0.00
 0 -2  2  2 -3  1  0  3 -1 -4 -4 -1 -3 -4 -2  3  0 -4 -3 -3 0 0 1 1 0.00
 0  0 -1  0 -3 -1 -2  4 -2 -3 -1 -1 -2 -2 -2  1 -1  4 -1 -2 0 0 1 1 0.00
-2 -5 -4 -5 11 -4 -5 -4 -5 -3 -3 -5 -3 -4 -4 -2 -2 -4 -4 -2 0 0 1 0 0.00
-2 -6 -5 -6 11 -5 -6 -5 -5 -3 -3 -5 -3 -4 -5 -3 -3 -4 -5 -3 0 0 1 0 0.00
-4 -4 -4 -5 -4 -5 -5  0 -3 -2 -1 -5 -2  8 -5 -4 -4 -1  2 -3 0 0 1 0 0.00
-3 -3  1  7 -5 -2  0 -3 -3 -4 -5 -2 -4 -5 -3 -2  1 -6 -5 -4 0 1 0 0 0.01
-4 -4 -4 -5 -4 -3 -4 -5  0 -3 -3 -4 -3  3 -5 -4 -3  0  9 -3 0 1 0 0 0.01
-1 -4 -2 -3 -4 -3 -4  7 -4 -5 -5 -3 -4 -5 -4 -2 -3 -4 -5 -5 0 1 0 0 0.01
-2 -2  8  0 -4 -2 -2 -2 -1 -5 -5 -2 -4 -5 -4  1 -1 -5 -4 -4 0 1 0 0 0.02
 5 -3 -2 -3 -2 -2 -2  1 -3 -2 -2 -2  2 -3 -2  1 -1 -4 -3 -1 0 1 0 0 0.03
-2 -2 -2  0 -5  1  7 -4 -2 -5 -5 -1 -4 -4 -3 -2 -2 -4 -1 -4 0 0 1 0 0.04
-1 -1  2  0 -2 -2 -2 -3 -3  1 -2 -2 -2 -3 -1  1  5 -4 -3  0 0 0 1 1 0.05
-1 -2  4  3 -3 -1 -1 -2 -2 -4 -4 -1 -3 -4 -2  3  2 -4 -3 -3 0 0 1 1 0.08
 0  1  4  1 -3 -1 -1  0  2 -2 -3 -1 -3 -3  0  3  0 -4 -2 -3 0 0 1 0 0.07
 0  3  3 -1 -3  0 -1 -2  1 -2 -2  1 -1 -3 -2  1  2 -3 -1 -1 0 0 1 1 0.09
 1 -3  0  7 -4 -2  0  0 -3 -4 -5 -2 -4 -5 -3 -1 -2 -5 -4 -4 0 0 1 1 0.08
-2 -2  1  5 -3 -1  0 -3  2 -3 -4 -2 -3 -4 -2 -1  4 -4 -3 -3 0 0 1 1 0.08
 0 -4 -2  0 -4 -3 -3  6 -3 -5 -5 -3 -4 -5 -3 -1 -3 -4 -4 -4 0 0 1 0 0.06
 2 -2  6  1 -3 -1  0 -2 -1 -4 -4 -2 -3 -4  0 -1 -1 -5 -3 -3 0 0 1 0 0.04
 1 -4 -2 -3 -4 -3 -3  6 -3 -5 -5 -3 -4 -4 -3 -1 -3 -4 -4 -4 0 0 1 0 0.03
 1 -2 -1 -1 -3 -1  0 -3  7 -2 -3 -1 -2 -3 -3  1  4 -4 -1 -2 0 0 1 0 0.02
-3 -3 -4 -5 -3 -2 -4 -5 -4  1  0 -3 10 -2 -5 -3 -3 -3 -3 -1 0 0 1 0 0.01
-2 -2  2  3 -5  0  6 -3 -1 -4 -4 -1 -3 -1 -3 -1 -2 -4 -3 -4 0 1 0 0 0.01
 5 -3 -3 -3  1 -2 -2  0 -3 -3 -3 -2 -2 -4 -2  0  1 -4 -3 -2 0 1 0 0 0.01
-1 -4 -4 -4 -2 -3 -4 -4 -4  6  1 -4  2 -1 -4 -3  0 -4 -2  3 0 1 0 0 0.01
-1 -3  2 -3 -4 -2 -2 -4  0 -3 -3 -3  1  1 -4 -1 -2  0  8 -3 0 1 0 0 0.01
-4 -4 -4 -5 -4 -4 -5 -5 -2  0 -1 -4 -1  7 -5 -4 -3  5  4 -2 0 1 0 0 0.01
 0 -4 -2 -3 -4 -3 -3  7 -3 -5 -5 -3 -4 -5 -3  0 -3 -4 -4 -4 0 1 0 0 0.01
-1 -2  5  3 -3 -1 -1 -2 -1 -3 -3 -1 -3 -4 -2  1  4 -4 -3 -2 0 0 1 0 0.01
 2 -1  2  1  1  0  1  0 -2 -1 -2  0 -2 -3 -2  2  0 -3 -2 -1 0 0 1 0 0.01
 0  0  1 -1  7 -2 -2 -1 -1 -2 -3  1 -2 -3 -1  0  2 -3 -3 -2 0 0 1 1 0.01
-1 -1 -3 -1 -3 -1 -3  0 -2 -1 -2 -3 -1  0 -3 -1 -1  8  3  2 0 0 1 1 0.01
-2 -3 -4 -4 -3 -2 -3 -3 -3 -2 -2 -3  0  5 -4 -1  0  9  1 -3 0 0 1 1 0.01
 0 -3 -1 -2 -3 -1 -2  5 -2 -4 -4 -2 -3 -3 -2  0 -1 -3  1 -3 0 0 1 0 0.01
-1  0  0 -1 -3 -1 -1  2  2 -3 -3 -1 -2 -1  3  1  0 -1  4 -2 0 1 0 1 0.01
-1 -4 -2 -3  7 -4 -4  6 -4 -4 -4 -3 -4 -4 -4 -2 -3 -4 -4 -4 0 0 1 0 0.01
 2 -1  1  1 -2  1  0 -1  0 -2 -3 -1 -2 -3  1  2  2 -3 -2 -1 0 0 1 1 0.01
-1 -1 -2 -3 -4 -3 -2  6 -3 -5 -5 -3 -4 -5  1 -2 -3 -4 -4 -5 0 0 1 1 0.01
 0 -1  3  2 -2  0  0  0 -1 -3 -3 -1 -2 -3  2  3  1 -4 -3 -3 0 0 1 1 0.01
-1 -4 -2 -3 -4 -3 -3  7 -3 -5 -5 -3 -4 -5 -4  0 -3 -4 -4 -5 0 0 1 0 0.01
-3 -4 -4 -3 -5 -3 -3 -4 -4 -5 -5 -3 -4 -6  8 -3 -3 -6 -5 -4 0 0 1 0 0.01
-5 -2 -6 -7 -5 -4 -5 -5 -5 -5 -4 -5 -4 -1 -6 -5 -5 12  0 -5 0 1 0 0 0.01
-2 -4 -4 -4 -2 -3 -4 -4 -4  4  0 -3  0 -1  1 -3 -1 -4 -2  5 0 1 0 0 0.01
-1 -2 -2 -2 -3  3  1  2 -2 -1  0 -2  7 -2 -3 -2 -2 -3 -3 -2 0 1 0 0 0.01
 5 -3 -3 -3 -2 -2 -2  0 -3 -1 -2 -2 -1 -3 -2  0  0 -4 -3  1 0 1 0 0 0.01
-3 -3  0  8 -5 -2  0 -3 -3 -5 -5 -2 -5 -5 -3 -2 -3 -6 -5 -5 0 1 0 0 0.01
 0 -3 -4 -4 -2  0 -3 -4 -3  0  5 -3  3 -1 -4 -3 -2 -3 -2  0 0 0 1 0 0.01
-3 -2 -2  0 -5  0  7 -4 -2 -5 -5 -1 -4 -5 -3 -2 -3 -5 -4 -4 0 0 1 0 0.01
 0 -2  7  1 -4 -2 -2 -2 -1 -4 -4 -2 -3 -3 -3  0 -2  4  0 -4 0 0 1 1 0.01
-1 -4  1 -2 -4 -3 -3  6 -3 -5 -5 -3 -4 -5 -4 -2 -3 -4 -4 -4 0 0 1 0 0.01
-2 -3 -4 -5 -2 -3 -4 -5 -4  1  5 -3  5 -1 -4 -3 -2 -3 -2  2 0 1 0 0 0.01
-3 -4 -4 -5 -4 -4 -4 -5 -1 -2 -1 -4 -2  7 -5 -4 -3  4  6  0 0 1 0 0 0.02
 1 -2 -1 -2 -2  1 -1  1  1 -2  0 -1 -1  0  0  3  0 -2  1 -2 0 0 1 0 0.02
-1 -2 -1 -1  3 -2 -2  5 -2 -3 -3 -2 -3 -3 -2  0  0 -3 -3 -3 0 0 1 0 0.03
 1 -1  1 -1 -2  0 -1  2 -1 -1 -1 -1 -1 -1 -2  0  0 -2  0  1 0 0 1 1 0.04
 0 -1  4  2 -2 -1 -1  1 -1 -3 -3 -1 -2 -3 -2  2  1 -3 -2 -2 0 0 1 1 0.05
 1  0  1  0 -2  1  0  1 -1 -2 -2  0 -2 -2  3  1  0 -2 -1 -1 0 0 1 1 0.06
 1  1  0 -1 -2  0 -1  3  0 -2 -2  1 -2 -3  0  1  0 -3 -2 -2 0 0 1 0 0.07
-2 -1  3  0 -3  1 -1 -2  1 -2 -1  0 -2  0 -1  0  0  5  4  0 0 1 0 1 0.08
-2 -1  6  1  3  0 -1  1 -1 -4 -4 -1 -3 -4  1 -1 -2 -5 -3 -4 0 0 1 0 0.10
 1 -1  0  0 -2 -1  0 -2 -2 -2 -2 -1 -2 -3  5  1  2  1 -3 -1 0 0 1 1 0.09
 1  0  4  1 -3  0 -1  2  0 -3 -2  0 -2 -3  1  1  0 -4 -3 -3 0 0 1 1 0.09
-2 -1  4  4 -3  3  1 -2  0 -1 -1  0 -2 -3 -2 -1 -1 -4 -2 -2 0 0 1 0 0.07
-2  1 -2 -3 -3 -2 -2 -3 -3 -2 -3  0 -3 -4  7  0  2 -4 -4 -1 0 0 1 1 0.06
 1 -2  1 -1 -2 -1 -1  2 -2 -3 -3 -1 -2 -3  1  3  2 -3 -3 -2 0 0 1 1 0.04
-2  0  0 -2 -2 -2 -1 -4 -3  4  1 -2  1  1 -3 -2 -1 -3 -1  2 0 0 1 0 0.03
 0 -1  1  1 -3  1  1  1  3 -3 -3  1 -2 -3  2  1  1 -4 -2 -3 0 0 1 1 0.02
 0 -2  0 -1 -2 -1 -1 -1  4 -2 -2 -2 -2  1 -2  2  0  3  5 -2 0 0 1 1 0.01
-2  5 -1  1 -4  0  0 -3 -2 -4 -3  3 -3 -4  3 -1 -1 -4 -3 -3 0 0 1 1 0.01
-4 -4 -4 -5 -4 -4 -4 -5 -1 -2 -1 -4 -2  7 -5 -4 -3  0  6 -2 0 0 1 0 0.01
 0 -4 -4 -4 -2 -3 -3 -4 -4  2  1 -3  0 -1 -3 -2  0 -4 -2  5 0 1 0 0 0.01
-1  3 -1 -2 -3 -2 -2 -3 -3 -2 -3 -1 -2 -4 -3  1  6 -4 -3 -1 0 1 0 0 0.01
 5 -3 -3 -3 -2 -2 -2 -1 -3 -2 -2 -2 -2  1 -2  0 -1 -4 -2  1 0 1 0 0 0.01
-1 -2 -2 -3 -2 -2 -2 -3 -2  2  1 -2  3  2 -2 -2 -1  3  2  1 0 1 0 0 0.01
 0 -2 -2 -2 -1 -2 -1 -2 -2  1  2 -2  0 -1 -2  0  1 -2 -1  3 0 1 0 0 0.01
-2  2 -1 -2 -3  0  0 -1 -2 -3 -3  6 -2 -3 -2 -1 -2 -3 -3 -3 0 1 0 0 0.01
-1 -2  4 -1 -4 -1 -2  4 -2 -4 -4  0 -3 -4 -3  2 -2 -4  0 -4 0 1 0 0 0.01
-1  1  2  0 -4  1  2  4 -2 -4 -4  0 -3 -4 -1  0 -1 -4 -3 -4 0 1 0 0 0.02
 1  0  1  2 -3  2  0 -2 -2 -3 -3 -1 -2 -4  4  1  2 -4 -3 -2 0 0 1 1 0.02
-1 -1  4  0 -3 -2 -2  3  0 -4 -4 -2 -3 -4 -3  1  3 -4 -3 -3 0 0 1 1 0.03
-2  1  0 -2 -3  3 -1 -2  3 -1  1  1 -1 -1 -3 -1  0 -3  1 -2 0 1 0 1 0.02
-3 -1 -4 -5 -3 -3 -4 -4  2  2 -1 -3  0  4 -4 -3 -3  8  4  1 0 1 0 0 0.03
 4 -2 -2 -2 -2 -2 -2  1 -2 -2 -2 -1 -2 -3 -2  1  3 -3 -3 -1 0 1 0 0 0.04
 1 -3 -4 -4 -2 -3 -3 -3 -3  3  3 -3  0  1 -3 -1  0 -3 -2  1 0 1 0 0 0.04
-2  5 -2 -2 -4  0  3 -3 -2 -4 -2  3 -1 -4 -3 -2 -2 -4 -3 -3 0 1 0 0 0.04
 0 -3 -1 -1 -3 -1 -2  5 -1 -4 -4 -2 -3 -2 -3  3 -2 -3  2 -3 0 1 0 0 0.06
 1 -3 -1 -2 -3 -2 -2  5 -3 -3 -3 -2 -3 -3 -2  2  2 -3 -3 -3 0 1 0 0 0.05
-1 -2  5  3 -3  1 -1 -2 -1 -3 -4 -1 -3 -4 -2  2  2 -4 -3 -3 0 1 0 1 0.05
 4 -2 -2 -2 -2 -2 -1  1 -3 -2  1 -2 -1 -3 -2  2 -1 -3 -3 -1 0 0 1 0 0.06
 2 -1  2 -1 -2  3  0 -2 -2  0 -2 -1 -1 -3 -1  1  2 -3 -2  0 0 0 1 1 0.08
 0 -1 -1 -2 -3  1 -2 -2 -1 -2  0 -1 -2 -3  4  3  1 -4 -3 -2 0 1 0 1 0.06
-1 -3  1 -3 -4 -3 -3  6 -3 -5 -5  0 -4 -5 -2  0 -3 -4 -4 -5 0 1 0 1 0.06
 1 -1  1 -1 -2 -1 -1  2 -2 -3 -3 -1 -3 -4  1  4  2 -4 -3 -3 0 1 0 1 0.05
-3 -4 -5 -5 -3 -3 -1 -5 -3 -1  4 -4  0  4 -5 -4 -3  6  2 -1 0 1 0 0 0.04
 0  0 -1 -2 -2  0 -2 -2 -2 -3 -3 -1 -2 -3 -2  3  5 -4 -2 -2 0 1 0 1 0.04
-1 -1 -2 -1 -2  0 -1 -3  0  0 -2 -1 -2 -3 -1  0  5 -4 -3  0 0 1 0 1 0.04
-2 -2 -2 -2 -2 -2 -2 -3 -1  1  1 -1  2  3  1 -1  0  2  4  0 0 1 0 0 0.04
-2 -2 -3 -3 -3 -2 -3 -1 -1 -2 -1 -1 -2  3 -3 -1  1  4  6 -2 0 1 0 0 0.04
 0 -2  2  4 -2 -1 -1 -1 -2 -1 -3 -1 -2 -3 -2  3  1 -4 -3 -2 0 1 0 1 0.04
-1 -3  0 -2 -4 -1 -1  6 -3 -4 -2 -2 -3 -4 -1 -2  0 -4 -4 -4 0 1 0 1 0.04
 2 -2 -1  0 -2 -1 -1  1 -2  0  0 -1 -1 -2  3  0 -1 -2  0  1 0 0 1 1 0.05
 1  4 -2 -3 -2 -1 -1 -1 -2  0  2  0 -1 -2  1 -1 -2 -3 -2  0 0 0 1 0 0.05
 0 -2 -2 -2 -3  1 -2 -2 -2 -1 -3 -2 -2 -3  6  1  2 -3 -3 -1 0 0 1 0 0.06
 0 -1  3  1 -2  1  1  1  3 -3 -3 -1 -2 -3  0  0  0 -3 -2 -2 0 0 1 1 0.05
 1 -1  0 -1  0 -1 -1  2 -2 -1 -1 -1 -1 -2 -1  0  1  3 -1  0 0 0 1 1 0.06
 1 -1  0 -2  1  0 -1  3 -2 -2 -2  0 -1 -2  0  2  0 -2  0 -1 0 0 1 1 0.06
-1 -3  0 -1 -3 -2 -2  4 -3  1  0 -2 -1 -3 -3 -1  2 -3 -3  0 0 0 1 1 0.06
-3 -3 -3 -2 -4 -1  4 -4 -1 -3 -3 -2 -3  3 -3 -2  1 -1  6 -3 0 0 1 0 0.07
 2 -1  2  0 -3  0 -1  4 -1 -3 -3 -1 -3 -3 -2  1 -1 -3 -1 -2 0 0 1 1 0.06
-2 -4 -1 -3 -4 -3 -3 -1 -4 -4 -4 -2 -4 -5  8 -1 -2 -5 -4 -3 0 0 1 1 0.06
-3 -2 -4 -5 -3 -3 -4  0 -3  1  0 -3  8  2 -4 -3  0 -3  2  0 0 0 1 0 0.04
-1  2  0 -1 -3  1 -1 -2  2 -2  0  3  1 -3 -2  1  1 -3 -2 -2 0 0 1 1 0.04
-1 -1  0 -1 -3  0  0 -3 -2 -1  0  3 -1  2 -3  1 -1  2 -1  1 0 1 0 0 0.03
-2  0  1  0 -4  3  4 -1  2 -3 -1  1 -2 -4 -3 -1 -1 -4 -3 -3 0 0 1 0 0.02
-1 -4 -2 -3 -4 -3 -3  6 -3 -5 -5 -3 -4 -4  1  1  1  2 -4 -4 0 0 1 0 0.02
 4 -2 -2 -2 -2 -1  0  1  1 -3 -3 -2 -2 -4  1  3  1 -4 -3 -2 0 1 0 0 0.02
-2 -1  1  0 -3 -3 -3  1 -3  4  1 -3 -1 -2 -1 -2 -2 -4 -3  1 0 1 0 0 0.01
-1 -1 -2  0 -2 -2 -1 -3 -2  3  1  0  0 -1 -3 -1  2 -3  0  2 0 1 0 0 0.01
-3 -4 -5 -5 -3 -4 -4 -4  0 -1  4 -4 -1  1 -5 -4 -3  9 -1 -2 0 1 0 0 0.01
 1  0 -2 -3 -3 -2 -3  5 -2 -4 -3  0 -3 -2 -3 -1 -2  1  4 -3 0 0 1 0 0.01
-2 -1  1 -2 -2 -2 -1 -1 -2  2  2 -2  0  1 -3 -1  1 -3 -2  0 0 0 1 0 0.01
-2 -3  0 -3 -4 -3 -3  5 -3 -4 -4 -3 -3 -2 -4 -2 -3  9  3 -4 0 0 1 0 0.01
 0 -3 -2 -2 -3 -3 -3  6 -3 -3 -1 -2 -3 -3 -3 -1 -2 -3 -3 -3 0 0 1 0 0.01
-3 -3  0  7 -5  0  1 -3 -3 -5 -5 -2 -4 -5 -3 -1 -3 -5 -4 -5 0 0 1 0 0.01
-1 -1  5 -1 -3  2  0  1 -1 -2  0 -1 -2 -3 -2  1 -1 -3 -2  0 0 0 1 0 0.01
 0  0 -1  1 -2 -1  0  0 -1 -3 -3  0 -2  0 -2  3  1 -2  2 -2 0 0 1 0 0.01
 0 -1  5  1 -3 -1 -1  0  0 -1 -1 -1 -2 -2 -1  1 -1 -3  1 -1 0 0 1 0 0.01
 1 -1 -1 -1 -2 -1  0  3 -2 -2  0 -1 -2 -2  1  0  1  1 -2 -2 0 0 1 1 0.01
 2 -2  1 -1 -2  0 -2  3 -2 -2 -2 -2 -2 -3  1  1  0 -3 -3  1 0 0 1 0 0.01
-1  0  3 -1  1  1 -2 -1  2  0 -2  0 -1  0 -1 -1 -2  7 -1 -1 0 0 1 0 0.01
 0  2 -1 -3 -4 -2 -1  5  1 -2 -4 -2 -4 -4 -4 -2 -3  3 -3 -4 0 1 0 0 0.01
 0 -2 -1  0 -2  0  1 -1 -2  1  1 -1 -1 -2 -2  0  3 -3 -2  0 0 1 0 0 0.01
-3 -4 -4 -4 -3 -3 -4 -4 -2  0  0 -4 -1  6 -4 -3 -1  6  5 -2 0 1 0 0 0.01
-3 -4 -4 -5 -4 -4 -4 -5 -2 -2 -2 -4 -2  5 -4 -3  3 -1  7  1 0 1 0 0 0.01
 0 -2  0  2 -3  0  4 -2 -1 -1 -3 -1  0 -3  1  0  0 -3  1 -2 0 1 0 0 0.01
 0 -1 -1  0 -3  0 -2  4  3 -4 -4 -2 -3 -3  0  2  0  5 -2 -3 0 1 0 0 0.01
 1  0  0  0  3  0  0 -1 -1 -2 -2 -1 -2  1 -2  0  1 -2  3  0 0 1 0 0 0.01
 0  1  1 -2 -2  1  0 -1 -2  1  1 -1  3 -2 -2  0  1 -3 -2  1 0 1 0 0 0.01
 0  0  1  0 -2  1 -1  0 -1  0  0 -1 -1  1 -2  0  0 -2  1  0 0 1 0 0 0.01
 1 -2  1 -2 -3 -1 -2  2 -2 -1 -3 -1 -2 -2  0  3  1 -3  1  0 0 0 1 1 0.01
 0 -1  2 -1 -4 -2 -2  5 -2 -4 -4  1 -3 -4 -2  0  0 -4 -4 -2 0 0 1 1 0.01
 0 -4  0  1 -4 -3 -3 -2 -2 -1 -2 -3 -1  1  0 -1 -2  1  7  0 0 0 1 1 0.01
-2 -4 -3  1 -1  0 -3 -4 -3 -2 -4 -3 -4  0  6  0  1  3  4 -2 0 0 1 0 0.01
-2 -3  1 -2 -3  0 -2 -2 -2 -1  0 -1  0  0 -2  3  2  4  2 -2 0 0 1 1 0.02
 0  0  3  4 -3  0 -1 -1  0 -3 -2  0 -3 -1 -1  1  0 -4  0 -2 1 0 0 1 0.02
 2  2  0  3 -3 -1  1 -1  0 -3 -2 -1 -3 -4  1  1  0 -4 -3 -1 1 0 0 1 0.03
 1 -2 -2 -3 -2  0 -2 -2 -2  0 -1 -1 -2 -1  1  2  3 -3  2  1 1 0 0 0 0.05
 0 -1  2  3 -3 -1  2  0  1 -2 -3 -1 -2 -2 -2  0  0  1  1 -1 1 0 0 0 0.08
-1  3  4  1 -4  2 -1 -2 -2 -2 -3  0  0 -3 -1  0 -2 -4  0  0 1 0 0 1 0.09
 3  2 -2 -3 -3  0  0  0  0 -3 -2  1  1 -3  0  0  1 -3  1 -2 1 0 0 1 0.13
 1 -2 -2 -1  1 -2 -3 -3 -3  1  0 -1  0  1  1 -1  1 -3 -2  3 1 0 0 0 0.16
-1  2  0  1 -4  4 -1  1  3 -3 -3  1 -3 -3 -1 -1  0 -3  2 -2 1 0 0 0 0.21
 3  0 -1 -1 -2  0  1 -1 -2 -1 -2 -1 -2 -1  1  0  2 -3 -1  0 1 0 0 1 0.25
 1  0  3  1 -3  1  0  0  1 -2 -1 -1 -2 -3  1  0  0 -3  0 -1 1 0 0 0 0.31
 0  1  1 -2 -2  1 -1 -2 -2  1  0  1  2 -2  1  0  1 -3 -2  0 1 0 0 0 0.36
 0  0  0 -1 -2  0 -2  1 -3  0  0  0  1 -3 -3  0  1 -4 -3  3 1 0 0 1 0.36
 2 -1  0 -1 -2  0 -2  0 -2  0  0  0 -1 -2  2  0  0 -3  0  0 1 0 0 1 0.42
 0  1 -2  0 -3  1  0 -3  2  0  0  0  2 -2  1  0  0  4 -2  0 1 0 0 0 0.43
 0  0  0  0  1 -3 -3  2  1 -1 -1  2  1 -1 -1  1 -1 -4  1 -1 0 0 1 1 0.51
-1  0  0  0  2  0  0 -1  2  0 -1  0  1  0  0  0  0  3  1 -1 0 1 0 0 0.55
 0  1  1  1  1  1 -1  0 -4 -1 -2  0  0 -5  0  0 -1  2 -4  1 0 1 0 1 0.57
 0  0  1  0 -2  1  0  0  2  0 -1  0 -1 -2  1  0  0 -2  1  0 0 1 0 1 0.57
 0  0  0  0 -3  1  0  0  2  0 -1  0  1  0  1  0  0  3 -1 -2 0 0 1 0 0.55
 0  0  0  0 -3  1  0  0  1  0 -1  0  1  0  0  0  0  3 -1  0 0 0 1 1 0.65
 0  0  0  0 -2  1  0  0  1  0 -1  0  1  0  1  0  0 -2  1  0 0 0 1 0 0.62
 0  0  0  0 -2 -1  0 -1 -2  0  0 -1  1  0  0  1  1 -3  0  1 0 0 1 0 0.68
 0  0  0  0  1  0 -1  1 -2  0 -1  0 -1  0  1  1  1 -3  0  0 0 0 1 1 0.74
 0 -1  0  0 -3  0  0  3 -2 -1  0  0 -2 -3  0  0  0 -3 -3  0 0 0 1 1 0.73
 0 -1  1 -1 -3 -2 -1  1 -3 -1 -1 -1 -2  0  5  0  0 -4 -3  0 0 0 1 1 0.71
 1  0  0  0 -2  0  0 -1 -2 -1 -1  0  0 -1  1  1  1 -3 -2  0 0 0 1 1 0.69
 0 -1 -2 -2 -2  1  0  0  2  0  0  0  1  1  1  0  0 -2  1  0 0 0 1 0 0.70
 1  0  0  0 -3  1  0 -1  0 -1 -1  0 -2 -2  1  0  1  2  0 -1 0 0 1 1 0.67
 1 -1  0 -1 -3  0  0  0 -2  0 -1 -1 -2 -1  2  0  1  0 -2  2 0 0 1 1 0.64
 0 -2  0 -1 -4 -2 -2  5 -3 -4 -2 -2 -4 -4  2  1 -1 -4 -2 -2 0 0 1 1 0.63
 1  1  0  1 -3  2  0  1 -1 -2 -2  0 -2 -1  0  1  1 -4 -3 -1 0 0 1 1 0.54
 0  0 -1 -2 -3  0 -1 -1 -1  1 -1 -1 -2 -1  2  1  1  1  1  1 0 1 0 1 0.45
 0  0 -1  0 -2  0 -1  0  1  1  0 -1  0 -1  1  0  0  1  0  1 0 1 0 0 0.38
 1 -1 -2 -1 -3 -1 -2  0 -2 -2 -3 -1 -3  0  1  3  1  5  2 -2 0 1 0 0 0.31
-1  1  0 -2 -2 -1 -2  0 -1  1  2 -1  1  0 -3 -1 -1 -3 -1  1 0 1 0 0 0.31
-1  5 -1 -2  0  2 -1  0  0 -3 -2  1 -2 -4 -3  1  1  2 -3 -2 0 1 0 0 0.25
 0 -3 -1 -3  0 -2 -2  0  0  1  1 -2 -1  2  0  1  0  1  1  1 0 1 0 0 0.23
 1  0 -2  0 -3  2  1  0  1 -3 -2  0 -2 -1  0  1  3 -3  0 -2 0 0 1 0 0.17
 1 -3 -2  0 -3 -2  0  1  1 -3 -2 -2 -2 -1  0  3  2 -4  0 -1 0 0 1 0 0.10
 1  0  0 -2 -2 -1 -1 -1  1 -1  0  0  0  1  2  0  1 -2  2  0 0 0 1 1 0.06
 0 -1  4  0  2 -2 -1  3  0 -2 -4  0 -3 -1 -3  1  0 -4 -1 -2 0 0 1 1 0.03
 0 -2 -1  0  2 -1  0  1  2 -2 -1 -1 -1  3 -3  0 -1  0  3 -1 0 0 1 1 0.02
 0  0  0  0 -3  1  0 -1 -2 -1 -3  0 -2  0  3  2  1 -3 -2 -2 0 0 1 1 0.02
 0  1  1  1  2  0  0  2  1 -3 -3  0 -2 -3  0  0  1 -3  0 -1 0 0 1 1 0.01
-2  5  2 -1 -4  1 -1 -4  1 -3  0  1  0 -2 -4  0  0  0  0 -1 0 1 0 0 0.01
-2 -3 -4 -1 -5 -4 -5 -5  0  0 -2 -4 -4  3 -3 -1  0 -2  8 -1 0 1 0 0 0.01
-1 -4 -5 -2 -3 -4 -4 -5 -5  4  2 -4 -2 -3 -4 -4  1  5 -3  4 0 1 0 0 0.01
 1  6 -3  0 -4  1 -3 -2  1 -2 -3 -1 -3 -5 -4  1  0 -5 -4 -1 0 1 0 0 0.01
 0 -1 -2 -4  0  0 -2 -1  9  0 -2 -4 -4 -2 -5 -2  0 -5  1 -2 0 1 0 0 0.01
 0  1  0  0 -3  2 -1 -1 -1 -2 -3  0 -3  0 -1  3  0  2  1 -1 0 1 0 1 0.01
-2 -3  4  4 -5 -3  0  3 -1 -5 -5 -1 -4 -2 -4 -1  1  1 -1 -5 0 0 1 1 0.01
 0 -1  1  2 -4  0 -1  2 -2 -2 -3 -1 -3  2 -3  1  1 -3  3 -2 0 0 1 1 0.01
-1  1  0  0 -3 -1 -1  0  0  0  0 -1 -1 -1 -3 -1  3  1  0  1 0 1 0 1 0.01
 2 -4 -1 -2 -3 -3 -4  2 -4  1  0 -2  0 -2 -4 -2  0 -4 -4  3 0 1 0 0 0.01
-2  2  3  0  0  0 -1 -1  2 -2 -2  1  0  1 -3 -1  0  3  1  0 0 1 0 0 0.01
-1 -4 -1 -1 -3 -1 -4 -2 -4  3  3 -4  0  0 -4 -3  3 -4  0  1 0 1 0 0 0.02
 0  0  0  3  0  1  1 -1  1 -2 -1  0 -2 -2  1  0  0  0 -2 -1 0 1 0 0 0.03
 1 -2 -2  0 -2  0 -1 -1 -3 -1 -1 -2 -2 -3  3  0  1 -3 -3  2 0 1 0 1 0.04
-1  0 -3  0 -2 -1 -2 -2 -3  2  0 -2 -1 -2 -2 -2  0 -3  1  4 0 0 1 0 0.06
 0  0  1  3 -2  1  0  1 -2 -2 -3  0 -2 -3  1  2  1 -3 -2 -2 0 0 1 1 0.07
 0 -1  0  0 -2  0  0  0 -2  0  0 -1 -1  0  0  1  1 -2  0  0 0 0 1 1 0.10
 0  0  2  3 -3 -1  1  1 -2 -3 -3 -2 -3 -3 -1  2  0  3 -1 -3 0 0 1 1 0.12
 0 -1 -1  0 -3 -1  0 -1 -3 -2  0 -1 -2 -1  2  4 -1 -4 -3 -1 0 0 1 0 0.12
 1 -2  2  1  2 -1  0  1  0 -3 -3 -1 -3 -1  1  2  0 -3 -1 -3 0 0 1 1 0.13
 1 -1  0  0 -2  1  0 -1 -2  0  0 -1 -1  0  0  1  1 -3 -2  1 1 0 0 1 0.12
 1 -1  0 -1 -2  0 -1 -2  0  0  1  0  0 -1 -1  1  1  1 -2  0 1 0 0 1 0.11
-1 -3  0  2 -3  0 -1 -1  0 -1  1 -1 -2  0  4  0  0  1  1  0 1 0 0 0 0.09
 0  2 -1  0  1  0  0  0  1 -1  0  2  0 -1  0 -1 -2 -3  0 -1 1 0 0 0 0.09
 1  0  1  0 -3  3  2 -1 -2 -1 -2  1  0 -4  0  0  0 -4 -3  0 1 0 0 1 0.06
 0  0  1  6 -5  1  0 -2  2 -2 -4 -1 -4  0 -2 -1 -3 -5 -3 -4 1 0 0 0 0.04
 3 -1  1  1  1  2  0 -1 -3 -3 -1 -2 -3 -2 -3  3  0  1 -3 -2 0 0 1 0 0.03
-2 -1 -1  0 -3  4  0 -2  1 -2 -1 -1  2  1 -3  1  3  2  0 -3 0 0 1 0 0.02
-5  0 -5 -6 -5 -5 -5 -1 -4 -1 -2 -5 -4  6 -6 -5 -5 10  2 -4 0 1 0 0 0.01
-1  2 -1 -2  1  0  1 -1  0  1 -2  2  0 -2 -3  0  3 -3 -1  0 0 1 0 0 0.01
 0 -2 -3 -1 -3 -2 -3 -4 -1  2  1 -1  2 -1 -2 -1 -1 -3  0  4 0 1 0 0 0.01
-1  3 -3 -4 -1 -1 -1 -4 -1  0 -1 -2  0 -3 -4 -1 -1  3 -3  5 0 1 0 0 0.01
 2  1 -2 -3 -4  0  0 -3 -3 -4 -4  0 -3 -1  5 -1  2  1 -4 -1 0 1 0 1 0.01
 1 -5 -1 -1 -5 -4 -4  6 -4 -5 -3 -4 -4 -5 -5 -1  0 -5  1 -2 0 0 1 0 0.01
-3 -1 -4 -2 -4 -4 -4  1 -4 -1  5 -1 -1  0 -4 -4 -3 -4  0 -2 0 0 1 1 0.01
 5 -3  0  0 -3 -3 -1  1 -3 -3 -4 -3 -3 -4 -3  1  0 -1  1 -2 0 0 1 1 0.01
-2 -2  3  4 -4 -1  1  1 -2 -5 -5  0 -4 -3 -3  2 -1 -4  0 -4 0 0 1 0 0.01
 1  1  0  0 -3 -1 -1  0 -3 -4 -4  1 -3 -4  4  3  1 -5 -4 -3 0 0 1 1 0.01
 0  0  3  0 -3  0 -1  3  2 -4 -2  0 -3 -4 -3  2  0 -4 -2 -3 0 0 1 1 0.01
 1 -3 -2  0  8 -2 -3  1 -3 -3 -1 -3 -3 -2 -3  1  1 -3  1 -2 0 0 1 0 0.01
 1 -4 -3 -4 -3 -3 -2 -4 -3  2  0 -3 -1  2 -4 -3 -2 -2  4  4 0 1 0 0 0.01
-1 -2 -2 -3 -3 -3 -3 -3 -3  0 -4 -3 -3 -4 -3  6  1 -5 -4 -1 0 1 0 0 0.01
-4 -5 -6 -6 -4 -5 -6 -6 -5  3  3 -6 -2  7 -6 -5 -4 -3 -1 -2 0 1 0 0 0.01
 1  3 -3 -2 -5  3  5 -4 -2 -5 -2 -1 -3 -4 -3 -2 -3 -4  1 -4 0 1 0 0 0.01
 0 -3 -2  0 -3 -3 -2  1 -3 -4 -3 -3 -3 -4  0  5  0 -5 -4 -3 0 1 0 0 0.01
 1  1 -1 -3  0  0 -1 -2  0  0 -1  0 -1 -2  1 -1  0  3  0  2 0 0 1 0 0.01
-1 -2  5  4 -1 -2 -2  0 -2 -4 -2 -1 -3 -4 -4  0  0 -5 -3 -1 0 0 1 1 0.01
 1 -1 -1 -1 -3  0 -1 -2  1 -1 -1 -1 -1  3 -3  0  1 -1  5 -2 0 0 1 1 0.01
 1 -3 -3 -3 -4 -3 -3 -2  0 -1 -3 -1 -3 -4  7  0 -1 -5 -4 -3 0 0 1 1 0.01
-2 -2  2 -1 -5 -2 -3  6 -4 -6 -6 -3 -5 -6 -5 -2 -1 -5 -5 -5 0 0 1 1 0.01
 0  3  0  0 -1  1 -1 -2  2 -3 -2  1 -2 -1 -3  1 -1 -2  4 -2 0 1 0 0 0.01
-4 -5 -5 -6 -5 -5 -5 -6 -1 -4 -4 -5 -4  6 -6 -1 -4  3  8 -4 0 1 0 0 0.01
-3 -4 -5 -5 -3 -4 -5 -5 -5  3  5 -4  0 -2 -5 -4 -3 -4 -3  2 0 1 0 0 0.01
-3  7 -1 -4 -5 -1 -3 -4 -3 -4 -4  0 -4 -5 -4  1  0 -5 -2 -2 0 1 0 0 0.01
 1 -1 -2 -3 -4  1 -2 -4  9 -4 -3 -3 -3 -2 -4 -1 -3 -4  0  0 0 1 0 0 0.01
 0  2 -1  0 -3  2  1 -2 -1 -3 -2  0 -2  0 -1  2  0  3  3 -1 0 1 0 1 0.01
-1 -2  5  4 -4 -2  0  2  0 -4 -4 -2 -4 -4 -3  0  0 -4 -1 -4 0 0 1 1 0.01
-3 -3 -2 -3 -4 -3 -4  2 -1 -3 -1 -3 -1  5 -4  0 -1  2  5 -2 0 0 1 0 0.01
-1  3  0  2 -3  2  1 -1  0 -2 -2  1 -2 -2 -3  0  1 -3 -2 -1 0 1 0 1 0.01
-2 -4 -5 -5 -3 -4 -4 -5 -4  2  4 -4 -1  2 -4 -4 -2 -3 -2  4 0 1 0 0 0.02
-1  3 -2 -3 -3  1  0 -3  1  0 -1  2 -1 -2 -3  0 -1  3  1  1 0 1 0 0 0.02
-1  0 -3 -4 -3 -2 -3 -4 -3  2  4 -2  0  1 -4 -1  0 -3 -2  1 0 1 0 0 0.02
 1 -1  2  3 -3  1  2 -1  3 -3 -3  0 -3 -4 -2  1 -1 -4 -3 -2 0 1 0 0 0.03
 2  1 -2 -1 -3  1  0  0 -2 -3 -3  2 -1 -3  3  0  0 -4 -2 -1 0 1 0 1 0.03
-1  0  5  2 -3 -2  0  0  0 -3 -2 -1 -1  1 -2  0  1  0  0 -2 0 0 1 1 0.04
-1 -1  0  5 -4  1  1 -1 -3 -1 -3 -1 -3 -4  0  0  0 -4 -4 -2 0 0 1 1 0.05
 0 -1  3  0 -3 -2 -1  4 -2 -4 -4 -1 -1 -4  0  0 -2 -4 -1 -2 0 0 1 1 0.06
 0 -3  1  1 -3  1 -2  0 -3 -3 -2 -2 -3 -4 -3  4  3 -4 -1 -1 0 0 1 1 0.08
 1 -1  1  1 -3  0  1  0 -2 -3 -3  2 -2 -3  1  1  1 -3  0 -2 1 0 0 1 0.07
 1  0 -1 -1 -2  0  0 -1 -2  0  2 -1  0 -2  1  1  1 -3 -2 -1 1 0 0 1 0.09
-2 -4 -3 -1 -4 -3 -2 -4 -3 -2  0 -4  2  7 -1  0 -1 -2  2 -3 1 0 0 0 0.07
 1  3  0  0 -1  0  0  0  2 -2 -3  2 -2 -3  0  0 -1  1 -1 -2 1 0 0 1 0.06
 1  2  0  0 -3  2  2  0 -2 -3 -3  2 -2 -2 -2  0  0 -3 -3 -2 1 0 0 0 0.04
 0 -1  0  6 -4 -1  1 -1  0 -4 -3 -1 -4 -4 -3  0 -2 -4  0 -4 1 0 0 0 0.04
 6 -4 -3 -4 -3 -1 -3 -1 -4 -4 -3 -3 -3 -5 -3  2 -1 -5 -4 -2 0 0 1 0 0.03
-1 -4 -3 -4 -4  0 -3 -4 -4 -4 -4 -3 -3 -5 -4  3  7 -5 -4 -3 0 0 1 0 0.02
-5 -5 -6 -6 -5 -5 -6 -6 -4 -3 -3 -6 -3  8 -6 -5 -5  7  2 -4 0 1 0 0 0.02
-2  3 -2 -4  8 -2 -4 -4 -1 -2 -1  1 -1  0 -4 -2 -1 -1  1  0 0 1 0 0 0.01
 0  3 -3 -2 -3  0 -1 -3  0  0 -1  0  0 -1  5 -2 -1 -4 -3  0 0 1 0 0 0.02
-2  4 -2 -3 -4  2  1 -3 -3 -1 -1  0 -1 -4 -4  0 -1 -4 -3  3 0 1 0 0 0.02
 2 -1  0 -1 -3  1  1 -1 -3 -3 -2  0 -3 -4  4 -1  1 -4 -3 -1 0 1 0 1 0.02
 0 -4 -1 -1 -4 -3 -3  6 -1 -4 -5 -3 -4 -5 -2 -1 -2 -4 -4 -2 0 0 1 0 0.03
-1 -1 -1 -3 -3  0 -1 -3 -2  0  4 -1  0  1 -3  0 -1  2 -2 -1 0 0 1 0 0.03
 0 -2  4  3 -3 -1 -1 -1 -1 -1 -3 -2 -3  0 -2  1  1 -4  0 -2 0 0 1 0 0.03
 1 -2 -1  0 -3 -3 -2  4 -3 -4 -4 -2 -4 -4  3  2  0 -4 -1 -4 0 0 1 1 0.04
 0 -1  0  1 -3  2  0  2  1 -3 -4  1 -3 -4 -1  2  2 -4 -1 -2 0 0 1 1 0.03
 0 -3 -1 -2  1  0 -3  5 -2 -4 -2 -3 -2 -1 -4  2 -1  4  0 -3 0 0 1 0 0.03
-1 -3  0 -2 -3 -1 -3 -4 -3  2  0 -3  0  0 -4  0  2  1  0  4 0 1 0 0 0.02
 1  2 -2 -3 -4 -3 -1 -2 -4 -5 -5 -2 -1 -5 -4  6  0 -5 -4 -4 0 1 0 0 0.02
-4 -2 -5 -6 -4 -5 -5 -6 -4  1  4 -5  0  6 -6 -5 -4 -2  1 -1 0 1 0 0 0.01
 0  4 -1 -2 -5  3  4 -4  0 -4 -4  0 -1 -5 -3 -1 -2 -4 -4 -2 0 1 0 0 0.01
 1 -4 -2 -3 -3 -3 -3 -3 -4 -4 -1 -3 -3 -4 -2  6 -1  1 -4 -1 0 1 0 0 0.01
 1 -3 -2 -4 -1 -2 -3 -1  1 -1 -2 -2 -2  2 -4  0 -1  6  5  2 0 0 1 0 0.01
 0 -2  6  1 -4 -2 -2 -1  0 -3 -4  0 -1 -4 -3  1  0 -5 -4 -3 0 0 1 0 0.01
-2 -3  0  1 -2 -1 -1 -2  2 -1 -1 -1 -1  3 -4 -1 -3 -1  7 -2 0 0 1 0 0.01
-1 -2 -3 -4 -5 -1 -3 -2 -4 -5 -4 -2 -4 -5  8  0 -1 -5 -5 -4 0 0 1 0 0.01
 0 -3  2  1 -3 -2 -1  4 -1 -4 -3 -1 -3 -4 -3  0  2 -4 -3 -3 0 0 1 0 0.01
-1  5 -2 -2 -4  1 -2 -3  1 -4 -2  1 -1 -1 -3  0 -1  4  1 -3 0 1 0 0 0.01
-4 -4 -3 -5 -5 -4 -4 -5  1 -4 -3 -3 -2  4 -5 -4 -4  3  8 -2 0 1 0 0 0.01
-2 -4 -5 -5 -3 -4 -4 -5 -4  4  4 -4  0  1 -4 -4 -3  3 -2  1 0 1 0 0 0.01
-1  7 -3 -1 -1  0 -2 -4  1 -3 -4 -1 -4 -5 -4 -3 -2 -5 -1 -2 0 1 0 0 0.01
-2 -1 -1 -4 -5 -1 -3 -5 10 -5 -2 -3 -4 -4 -5 -2 -4  3 -1 -2 0 1 0 0 0.01
 0  3 -1 -1 -4  2  0 -3 -1 -1 -2 -1 -2  1 -3  0 -1  0  5 -1 0 1 0 1 0.01
-1 -1  5  3 -4  0  0  2  0 -4 -3 -2 -3 -4 -3  0 -1 -5 -2 -2 0 0 1 1 0.01
-1 -1  4  1 -4 -2 -3  2 -1 -4 -3 -2 -3  3 -1  1 -2 -1  3 -3 0 0 1 1 0.01
 0  0 -1 -1 -3  2  2  0  1  1  0  0 -1 -3 -3 -1  0 -4 -2  1 0 1 0 0 0.01
-1 -4 -1 -5 -3 -4 -4  0 -4  0  5 -4  1 -1 -2 -3 -3 -4 -3  1 0 1 0 0 0.01
-2  3 -4 -4 -4 -1 -2 -4 -2 -2 -3  1 -3  0 -4 -3 -2  7  6 -2 0 1 0 0 0.01
 1 -4 -4 -4 -3 -3 -4 -4 -4  4  3 -4  0 -2 -4 -3 -2 -4 -3  3 0 1 0 0 0.01
 3 -2 -1  2 -2  1  1  0 -1 -1  0 -1 -2 -3 -2  1 -1 -3 -2 -1 0 1 0 0 0.01
 0  1 -1 -1 -3  2  0  0 -2 -2 -3  1 -1 -3  2  2  1 -3 -2 -1 0 1 0 0 0.02
 0 -1  3  1 -2 -1 -1 -1 -1  1 -1 -1 -1 -2  2  0  0 -3  0  0 0 0 1 0 0.02
 0 -1 -1  2 -2 -1 -1  4 -2 -1 -2 -1 -1 -1  0  1  0 -2 -1 -1 0 0 1 1 0.04
-1 -1 -1  0 -2 -2 -1  5  0 -3 -3 -1 -2 -1 -1  0 -1 -2 -2 -2 0 0 1 1 0.05
 0 -1  0 -1 -1 -1 -1  0 -2  0  0 -1 -1 -1  1  1  2  0 -1  1 0 0 1 1 0.08
-1  0  2  3 -2  1  0 -1  4 -2 -1  0 -2 -2  0  0 -1 -2 -1 -2 0 0 1 0 0.13
 1 -1 -1  1 -2  0  0 -1 -2 -1 -1  0 -1 -2  3  0  1 -2 -1 -1 1 0 0 1 0.14
-2 -2 -1  0 -3 -1 -1 -2 -1  0 -1 -2 -1  5 -2 -1 -2  4  4 -1 1 0 0 0 0.14
 0  1  1  5 -3  1  1 -1 -2 -2 -3  0 -2 -3 -2 -1 -1 -3 -3 -2 1 0 0 0 0.14
 2 -1  2  0 -2  0  1  0  0 -2 -2  0 -1 -2 -2  2  1 -3  0 -2 0 0 1 1 0.14
 1  0  0  1 -3  1  0 -2 -2 -2 -2  0 -2 -3  1  2  3 -4 -3 -2 0 0 1 1 0.12
 3 -2 -1  1  0  1  0  0 -2 -3 -3 -1 -2 -3 -2  0  2  1  1 -2 0 0 1 1 0.13
 1 -1 -1 -2 -2  0 -2 -1 -1 -1  2 -2 -1 -2 -2  3  2 -3 -2  0 0 0 1 1 0.14
-3 -1 -4  1 -4 -4 -2 -3 -3 -3 -2 -3 -3  7 -5 -4 -4  4  4 -3 1 0 0 0 0.13
-1  4  4 -1 -4  0 -2 -1  2 -4 -3  1 -3 -3 -3 -1  1  0 -3 -2 1 0 0 1 0.11
 1  0  2  3 -3  2  2  0 -2 -3 -3  0 -1 -4 -2  0 -1 -4 -3 -3 1 0 0 1 0.08
-2 -4 -1  7 -5 -2  2 -4 -3 -5 -5 -3 -5 -5 -4 -2 -3 -6 -5 -4 1 0 0 0 0.06
 4 -2 -3 -3 -2 -2 -3 -2 -3 -1 -2 -2 -2 -3 -3  2  2 -4 -3  2 0 0 1 0 0.06
 0 -3 -1 -3 -3 -3 -3 -2 -3 -3 -4 -3 -3 -4 -3  5  5 -5 -4 -1 0 0 1 0 0.04
-5 -6 -6 -7 -5 -6 -6 -6 -4 -4 -3 -6 -3  7 -7 -5 -5 10  1 -4 0 1 0 0 0.04
 1  2  0 -2  1  0 -1 -2 -2  1  0  0 -1  0 -3 -1  0  0 -1  1 0 1 0 1 0.05
-1  0 -4 -4 -3 -3 -4 -4 -4  3  2 -2  1  1 -1 -3 -1 -4 -2  4 0 1 0 0 0.03
 0  2 -1  0 -3 -1  1  1 -1 -1 -2  0 -1 -3 -3  1  2 -4 -3  1 0 1 0 1 0.04
 2 -2  1  1 -3  2  0 -1 -2 -3 -3  0 -3 -4  2  2  1 -4 -2 -3 0 1 0 1 0.07
 1 -4 -3 -3 -4 -3 -3  5 -4 -5 -5 -3 -4 -5  5  1 -3 -5 -5 -4 0 0 1 0 0.15
-4 -4 -5 -6 -4 -2 -5 -5 -4 -2  3 -5 -1  4 -5 -5 -4  9  1 -3 0 0 1 0 0.15
 6 -3 -3 -3 -2 -3 -3 -2 -3 -3 -4 -3 -3 -4 -3  2 -2 -5 -4 -2 0 0 1 1 0.22
 1 -1  3  0 -2  0 -1 -1 -1 -3 -3 -1 -2 -3 -1  4  1 -3 -2 -2 0 0 1 1 0.42
