-1 -2 -3 -4 -1 -1 -3 -3 -2  1  3 -2  5  0 -3 -2 -1 -2 -1  1 0 0 1 1 0.96
 3 -2 -1 -2 -1 -1 -2  4 -2 -2 -3 -1 -2 -3 -2  1 -1 -3 -3 -1 0 0 1 1 0.97
-2  4  0 -1 -3  1  0 -2  6 -3 -3  1 -2 -2 -2 -1 -2 -3  0 -3 0 0 1 0 0.98
-1  0  0 -1 -3  3  1 -2  7 -3 -3  0 -1 -2 -2 -1 -1 -2  1 -3 0 0 1 1 0.98
-2  6 -1 -2 -4  1  0 -3  2 -3 -3  2 -2 -3 -2 -1 -1 -3 -2 -3 0 0 1 0 0.98
 2 -2  0 -1 -2 -1 -1  4  3 -3 -3 -1 -2 -3 -2  2  0 -3 -1 -2 0 0 1 0 0.98
-1 -3 -3 -4  6 -3 -3  0  0 -2 -1 -3 -1  3 -3 -2 -2  8  1 -2 0 0 1 0 0.98
 0 -2 -2 -2 -1 -2 -2  0  0  2  0 -2  0 -1 -2  1  0 -3 -1  3 0 0 1 0 0.99
 2  0 -1 -2  5 -1 -1 -1  2 -2 -2 -1 -2 -2 -2  2  0 -2  0 -1 0 0 1 0 0.99
 1 -1  3  0 -1  0  0  0 -1 -3 -3  0 -2 -3 -1  4  1 -3 -2 -2 0 0 1 1 0.99
 1 -1  0  0 -2  2  0  4  4 -3 -3 -1 -2 -3 -2  0 -1 -3 -1 -2 0 0 1 1 0.99
 2 -1  0 -1  4 -1 -1 -1 -1 -1 -1 -1 -1 -2 -1  3  1 -2 -2 -1 0 0 1 0 0.98
-1  0 -2 -2 -2 -1 -2 -3 -2  0 -1 -1 -1 -1  6 -1 -1  2 -1  2 0 0 1 0 0.98
-1  4 -1 -2 -3  3  0 -1 -1 -3 -3  2 -2 -3  2 -1 -1  3 -2 -3 0 0 1 1 0.98
-1  5  0  2 -3  0  0 -2 -1 -3 -3  1 -2 -3 -2  0  0 -3 -2 -3 0 0 1 0 0.98
 1  0  1 -1 -2 -1 -1  2 -2  1 -1  0 -1 -2 -2  2  1 -3 -2  0 0 0 1 0 0.96
-2 -3 -2 -3 -3 -2 -3 -3 -2 -1  0 -2 -1  6  3  0 -1  0  2 -1 0 0 1 0 0.92
 4 -2 -2 -2  4 -1 -1  0 -2 -1 -2 -1 -1 -3 -1  1  0 -3 -2  0 0 0 1 1 0.89
 0 -1  0 -1 -1 -1 -1 -2  1 -1 -2 -1 -1 -2 -2  1  5 -3 -2  0 0 0 1 0 0.85
 0  0  0  0 -3  3  4  0 -1 -3 -3  0 -2 -3  2  1 -1 -3 -2 -3 0 0 1 1 0.80
 0  4  0 -1 -3  0  0 -2 -1 -3 -2  3 -1 -3 -2  0  2 -3 -2 -2 0 0 1 1 0.68
-1  5 -1 -1 -3  2  0 -2 -1 -2 -2  1 -1 -3 -2  1 -1 -3 -2 -1 0 0 1 1 0.60
 0 -2  2  4 -2 -1  0  0 -1 -2 -3 -1 -2 -3 -2  1  1 -4 -3 -1 0 0 1 1 0.47
-1  5 -1 -1 -3  1  1  0 -1 -3 -3  2 -2 -3 -1 -1 -1 -3 -2 -3 0 0 1 1 0.32
 1  1  4  0 -2  0 -1 -1  0 -3 -3  0 -2 -3 -1  3  0 -3 -2 -2 0 0 1 0 0.21
 0  2 -2 -2 -2 -1 -1 -2 -1  0  2  0  0  0 -2  0 -1 -1  1  0 1 0 0 1 0.15
 0 -2 -3 -3 -1 -2 -3 -3 -3  1  4 -2  1  0 -2 -2 -1 -2 -1  0 1 0 0 0 0.16
-2 -2 -2 -3 -3 -2 -2 -3  1 -1  0 -2 -1  3 -3 -2 -2  1  7 -1 1 0 0 0 0.16
-1 -1  0  4 -3  1  4 -2 -1 -3 -3  0 -2 -3 -1  1  1 -3 -2 -2 1 0 0 0 0.18
 2 -1 -1 -2 -2  0 -1 -2  7 -3 -2 -1 -2 -1 -2  1 -1 -2  2 -2 1 0 0 0 0.19
 4 -2 -2 -2 -1 -1 -1 -1 -2 -1 -1 -1 -1 -2 -1  1  0 -3 -2  1 1 0 0 0 0.11
-2  6  0 -2  0  2 -1 -3 -1 -3 -2  1 -2  2 -3 -1 -2 -3 -1 -3 1 0 0 1 0.08
-1  0  1  2 -4  1  4  0 -1 -4 -4  2 -3 -4  3  0 -1 -4 -3 -3 0 0 1 1 0.08
 0 -3 -1 -2 -3 -2 -2  6 -3 -3 -1 -2 -2 -3 -2  1  0 -3 -3 -3 0 0 1 1 0.08
-2  2  0 -3 -3 -1 -2 -3  0 -2 -2  0 -2  2 -3 -2 -2  5  7 -2 0 0 1 1 0.09
 1  0  0  3 -2  0  0 -1 -1 -3 -3  1 -2 -2 -1  4  1 -3  0 -2 0 0 1 0 0.10
 3  0 -1  3 -2  0  2 -1  0 -2 -2 -1 -2 -3 -2  0 -1 -3 -2 -2 0 0 1 1 0.10
 0  1 -2 -1 -2 -1 -1 -1 -2  1  2  2  1 -1 -2 -1 -1 -2  0  0 0 0 1 1 0.09
 0 -2 -1  2 -3 -2 -1 -2 -2 -3 -2 -2 -2 -2  6  0 -1 -3 -1 -2 0 0 1 0 0.06
-5 -6 -6 -6 -6  1 -4 -7 -4 -4 -2 -3 11 -5 -7 -6 -5 -6 -5 -3 0 0 1 1 0.04
-5 -6 -6 -7 -5 -5 -6 -7  3  4  6 -6 -1 -2 -6 -6 -5 -4 -3 -2 0 0 1 1 0.03
-6 -6 -2  8 -8 -5 -1 -5 -5 -8 -8 -5 -8 -8 -6 -3 -5 -9 -8 -8 0 0 1 1 0.03
-2 -2 -5 -5 -4 -2 -5 -6 -5  5  3 -4  3 -1  2 -3 -3 -5 -1  0 1 0 0 0 0.02
-3  4  0 -3 -6  2  1 -4 -2 -5 -5  6 -4 -6 -5 -3 -2 -6 -5 -4 1 0 0 1 0.01
-1  0 -4 -4 -4 -1 -3 -5 -1 -1  3 -1  0  4 -4 -2 -2  5  2 -1 1 0 0 1 0.01
-4 -6 -6 -7 -3 -6 -6 -7 -6  5  4 -6  0  1 -6 -5 -4 -5 -4  2 1 0 0 0 0.01
-4  8 -4 -5  4 -1 -3 -6 -4 -6 -5  0 -5 -7 -6 -4 -4 -7 -6 -4 1 0 0 1 0.01
 1 -1  2  2 -5  2  4 -3 -2 -5 -5  1 -4 -5 -4  0  0 -5 -4 -4 1 0 0 1 0.01
-4 -2  7  4  3  0  1 -4  3 -6 -6 -3 -5 -6 -5 -2 -2 -7 -4 -6 0 0 1 1 0.01
-1 -2 -5 -5 -5 -3 -3 -5 -4 -1  1 -2 -3  1  7 -3 -1 -6 -3 -2 1 0 0 0 0.01
 0 -4 -2  6 -6  0  5 -4 -2 -6 -6 -2 -5 -5 -3 -3 -2 -7 -6 -5 1 0 0 1 0.01
 2  0 -2 -1 -3  0  3 -1 -1 -1  0  0 -1 -1 -2 -1  0  0 -1  0 1 0 0 1 0.01
 1 -5 -6 -6 -2 -5 -5 -5 -5  2  0 -5 -1  2 -5 -4 -1 -5 -2  6 1 0 0 1 0.01
 3  3 -2  1 -4  1  0 -3 -2 -1 -3  3 -3 -5 -4 -1 -2 -5 -3 -1 1 0 0 0 0.01
 3  2 -1  0 -4  2  3 -2 -1 -3 -3  2 -3 -5 -3 -1 -1 -4 -4 -3 1 0 0 1 0.01
 3  2  2 -1 -3  0 -1  0 -3 -4 -3  2  0 -4 -3  1 -2 -4 -3 -3 1 0 0 1 0.02
-3 -4 -6 -6  0  2 -5 -6 -5  1  6 -5  2 -2 -6 -5 -3 -1 -3 -1 1 0 0 0 0.02
 3  3 -1 -1 -4  1  2 -2 -1 -1 -2  2 -2 -4 -3  0 -2 -5 -4 -2 1 0 0 1 0.02
 0  3  2  0 -3 -1 -2 -3  0 -2  0  2 -2 -3 -3  0  2 -4 -3 -2 1 0 0 1 0.03
-5  8 -4 -6 -7 -3 -4 -5 -4 -7 -6  2 -5 -7 -6 -5 -5 -7 -6 -5 1 0 0 0 0.04
-3  0  2 -2 -3 -1 -3  6  1 -6 -6  2 -5 -5 -5 -2 -4 -6 -4 -6 0 0 1 1 0.04
 0 -1  0  0 -2 -1  2  1 -1 -1  0  0  1  2 -1  0 -1 -2  1  0 0 0 1 1 0.04
 0 -1  0  4 -3  0  3 -1 -1 -2 -2  0 -2 -2  1  0  0 -3 -3 -1 0 0 1 1 0.04
-1 -3 -3 -3 -1 -1 -1 -3 -3  1  2 -2  0  2  3 -2 -1 -2  0  2 0 0 1 0 0.03
 1  2  0  1 -1  0  0 -1 -1 -1 -1  1 -1 -1  0  1  0 -2 -1 -1 0 0 1 1 0.03
 1 -1 -1  0 -1  0  0  0  0 -1  0  0 -1 -1  2  1  0 -1 -1  0 1 0 0 1 0.02
 2 -1 -1  0 -1  0  1  0 -1 -1 -1  0 -1 -1  0  0  0  1  0  0 1 0 0 1 0.02
-1 -2  1  6 -3 -1  0 -2 -1 -1 -1 -1 -2 -3 -1 -1 -1  0 -3 -1 1 0 0 0 0.02
-1 -2 -4 -4 -3 -3 -4 -4 -4  3  4 -3  0  0 -3 -3 -1 -3 -2  4 1 0 0 0 0.02
 1 -1  0  5 -4  0  2 -2 -2 -4 -4 -1 -4 -4  2 -1 -1 -5 -4 -4 1 0 0 1 0.01
 2  2 -1  0 -3  2  3 -1  0 -4 -2  1 -2 -3  0 -1  0 -4 -3 -3 1 0 0 1 0.01
-2 -5 -5 -5 -4 -5 -5 -6 -5  4  3 -5 -1  4 -5 -4 -3 -2 -1  2 1 0 0 0 0.01
-1 -1 -2 -3 -2  0 -1 -4 -3  3  4 -1  0 -1 -3 -2 -1 -4 -3  1 1 0 0 0 0.01
 3  0 -1  1 -1  1  3 -2 -1 -4 -3  0 -3 -4 -3  2  0 -5 -4 -3 1 0 0 1 0.01
 0 -3 -5 -5 -3 -2 -4 -5 -4  1  5 -3  1 -1 -5 -4  0 -2 -1  0 1 0 0 0 0.01
-3 -4 -2  7 -7 -2  3 -5 -4 -5 -6 -4 -6 -1 -5 -3 -4  6  1 -6 1 0 0 0 0.01
 1  0  0  1 -4  3  4 -2 -1 -3 -3  1 -3 -4 -3  0 -1 -5 -4 -2 1 0 0 1 0.01
 0  4 -1 -1 -4  3  4 -4 -2 -5 -4  3 -3 -6 -4 -1 -2 -5 -4 -5 1 0 0 1 0.02
-4  7 -3 -5 -6  0 -3 -6 -2 -4  1 -1 -2 -5 -6 -3 -4  4 -1 -3 1 0 0 0 0.04
-4  7 -2 -5 -5 -1 -3 -5 -4 -5 -4  4 -5 -5 -5 -3 -3 -6 -5 -3 1 0 0 1 0.04
 2  0 -1  1 -4  3  3 -2 -2 -3 -3  1 -2 -5 -3  2  0 -5 -4 -2 1 0 0 1 0.06
 1 -4 -3 -4 -2 -3 -4 -5 -1  2  4 -2  0 -2 -5 -2 -2 -3 -2  1 1 0 0 0 0.09
-3  2 -2 -2 -4  4  0 -4 -3  3  2  0 -1 -3 -4 -3 -1 -4 -3  0 1 0 0 0 0.10
 1 -1 -2 -3 -3  2  1 -1 -1 -1 -2  0 -1 -2 -3  0  3 -4 -3  2 1 0 0 1 0.14
 0  2 -2  0 -5  3  5 -4 -2 -4 -4  2 -3 -6 -4 -1 -1 -5 -4 -3 1 0 0 1 0.22
 1 -1 -3 -4 -1 -3 -3 -1 -3  2  1 -3  0  1 -4  0  2 -2 -2  3 1 0 0 0 0.26
-4  1  0  3 -7  4  6 -5 -3 -6 -6 -2 -5 -6 -5 -1 -3 -6 -5 -5 1 0 0 1 0.23
 0  1  1  1 -3  2  3 -1 -2 -4 -3  0 -3 -5 -3  1  1 -5 -3 -2 1 0 0 1 0.33
 0 -4 -5 -5 -3 -3 -5 -5 -5 -1  6 -2  2 -1 -6 -5 -3 -4 -3 -1 1 0 0 0 0.32
-4  5 -2 -4 -6  6  2 -5 -3 -6 -4  4 -4 -6 -5 -3 -4 -6 -5 -6 1 0 0 1 0.33
 5 -1  1 -3 -4  0  2 -2  1 -5 -4 -1 -4 -5 -4  1 -1 -5 -4 -4 1 0 0 1 0.40
-3  3 -3  0 -6  3  5 -5 -2 -4 -2  2 -3 -4 -4 -2 -2 -5 -4 -4 1 0 0 1 0.54
-3  7 -4 -5 -7  4 -3 -3 -2 -6 -5  2 -4 -6 -5 -2 -4 -6 -5 -6 1 0 0 1 0.51
-4 -3  8 -2 -6 -3 -1 -2 -3 -7 -7  2 -6 -7 -5 -3 -4 -7 -6 -6 1 0 0 1 0.38
 3  0 -1 -1 -3  2  2 -2 -2 -3 -3  1 -2 -4 -3  1  1 -5 -4 -1 1 0 0 1 0.47
 1  0 -1 -3 -3 -2 -2 -3 -1  2  1 -1  0  0 -4 -1 -1 -4 -2  3 1 0 0 0 0.44
 2 -4 -2 -4 -4 -4 -4  1 -4 -6 -6 -4 -5 -6 -4  6  1 -6 -4 -5 0 0 1 1 0.50
-1  1 -1  0 -6  1  2 -3 -3 -4 -5  6 -4 -6 -4 -1 -3 -6 -4 -4 1 0 0 1 0.48
 2  0 -1 -1 -4  4  4 -3 -2 -3 -1  2 -2 -4 -3  0 -1 -5 -4 -3 1 0 0 1 0.51
-4 -6 -6 -6 -4 -6 -6 -7 -6  7 -1 -6  2 -1 -6 -5 -3 -6 -4  4 1 0 0 1 0.41
 2  1 -2 -4 -5 -1 -4  6 -3 -5 -5  0 -5 -5  0 -1 -3 -5 -5 -4 1 0 0 1 0.44
 2  1 -2 -2 -4  4  1 -1 -2 -1 -2  3  0 -4 -3 -1 -1 -4 -3 -2 0 0 1 1 0.51
 4 -1 -4 -4 -3 -1 -3 -3 -4 -1  3  1  2 -2 -4 -2 -3 -4  0 -2 0 0 1 1 0.53
-2  0 -3 -3 -4 -2 -2 -3 -3  0  1  6  3 -3 -2 -2 -3 -4 -3 -1 0 0 1 1 0.53
 2  3 -2 -2 -3 -1 -2  0 -2 -2 -3  3 -2 -3 -1  0 -1 -3 -3 -1 0 0 1 1 0.50
 1  1  3  0 -3  2  2 -1 -1 -3 -3  1 -2 -3 -2  1  0 -3 -2 -2 0 0 1 1 0.51
-2  0 -1 -2 -3  1 -1  5 -2 -3 -3  2 -2 -3 -2 -1 -2 -3 -3 -3 0 0 1 1 0.39
-1 -1  0  3 -3  1  4 -1 -1 -2 -2  2 -2 -3 -2 -1 -1 -3 -3 -2 0 0 1 1 0.31
-1 -1  2  5  0 -1  0 -1  0 -2 -2  1 -2 -3 -1  1 -1 -3 -2 -2 0 0 1 1 0.30
 3 -1 -1  0 -1  0  0  0 -1 -1 -1 -1 -1 -2  1  1  1 -2 -2 -1 0 0 1 1 0.33
 0  0  0  1 -1  1  1  0 -1 -1 -1  1 -1 -2 -1  2  1 -1 -1 -1 0 0 1 1 0.34
 1  0  0  0 -1  0  1  0 -1  0  0  0  0 -1  0  0  0 -1 -1  1 1 0 0 1 0.37
 0  0  0  0 -1  2  1  0  0 -1 -1  1  0 -1  0  0  0 -1 -1 -1 1 0 0 1 0.41
 0  0  0  1 -1  2  1  0  0 -1 -1  1 -1 -1  0  1  0 -1 -1 -1 1 0 0 1 0.37
 0 -1  0  2 -1  0  0  1 -1 -1 -1  0 -1 -1  1  0  0 -1 -1 -1 0 0 1 1 0.35
 0 -1  0  1 -1  0  2 -1  1 -1 -1  0 -1 -1  2  0  0 -1 -1 -1 0 0 1 1 0.26
 0  1 -1  1 -2  1  3 -1  0 -1 -1  0 -1 -2  0  0  0 -1 -1  0 0 0 1 1 0.23
 1  2 -1 -1 -1 -1 -1 -1 -1  1 -1  1 -1  0 -1 -1  0 -1  2  1 0 0 1 1 0.17
 1 -1  0  1 -2  3  3 -1 -1 -2 -2  0 -2 -2  1  0  0 -2 -2 -1 0 0 1 1 0.13
 3  0 -1  1 -3  0  2 -1  0 -3 -3 -1 -3 -3  2  1 -1 -4 -3 -2 0 0 1 1 0.14
 0 -3 -3 -4 -3 -4 -4 -4 -4  2  5 -3  1 -2 -4 -3 -2 -4 -2  1 0 0 1 1 0.12
-3  3 -3 -4 -3 -2 -2 -4 -4  4  2  2  4  0 -4 -3 -3 -4 -3  0 0 0 1 1 0.09
 4 -2 -1  0 -3  0  3 -2 -3 -3 -2  0 -3 -4 -3  0 -1 -5 -4 -2 0 0 1 0 0.09
-1  3 -2 -1 -5  3  5 -3  1 -4 -3  1 -4 -5 -2 -2 -3 -5 -4 -3 0 0 1 1 0.11
 1 -4 -3 -4 -4 -3 -4  3 -4  0 -1 -4  6 -3 -4  0 -1 -4 -4  3 0 0 1 0 0.10
 1  4  1 -1 -4  1  0  0 -2 -4 -4  4 -3 -5 -3  0 -1 -4 -4 -3 1 0 0 1 0.09
 1  0  0  1 -4  2  4 -1  0 -3 -3  1 -2 -4 -3  0  0 -4 -3 -3 1 0 0 1 0.10
-3 -4 -2 -5 -3 -4 -5 -5 -5  4  4 -2  2  0 -5 -4 -3 -4 -3  3 1 0 0 0 0.11
 1  2  0 -2 -4 -2 -2  3 -3 -5 -3  4 -4 -5 -2  2 -2 -5 -4 -3 1 0 0 1 0.10
 2 -1  0  4 -4  1  3 -1 -3 -3 -4  1 -4 -5 -3  0  0 -5 -4 -3 1 0 0 1 0.11
-1  3 -1  1 -5  3  4 -1 -1 -4 -4  3 -3 -3 -3 -1 -1 -5 -3 -4 1 0 0 1 0.16
-3 -5 -6 -6 -4 -4 -5 -6 -5  5  4 -4  2 -3 -3 -4 -3 -4 -4  3 1 0 0 0 0.13
 1 -1  0  0 -4  0  1 -2 -1 -3 -4  4 -1 -1  0  0 -1 -5 -3 -2 1 0 0 1 0.10
 3 -1 -1  1 -3  1  3 -1  0 -2 -2 -1 -3 -4 -1  0  0 -4 -3 -1 1 0 0 1 0.15
 2 -3 -3 -4 -2 -2 -4 -3 -3  1  4 -2  1 -1 -4 -1 -2 -3 -2  0 1 0 0 0 0.15
-2 -3 -1  4 -6  0  5 -4 -2 -6 -5  1 -5 -5 -4 -1 -3 -5  2 -4 1 0 0 1 0.13
 2 -1 -1  1 -4  1  3 -1 -1 -2 -3  0 -3 -4  2  0  0 -5 -4 -1 1 0 0 1 0.13
 0  3 -1  1 -5  3  4 -3 -3 -3 -3  2 -3 -5 -4 -1 -1 -4 -4 -2 1 0 0 1 0.16
 1 -1 -3 -3 -4  1  3 -4 -3  0  4 -3  0 -2 -4 -2 -2 -4 -2  1 1 0 0 0 0.13
 2  3  1  2 -4  0  1 -1 -1 -4 -3  2 -3 -4 -3  0  0 -5 -4 -2 1 0 0 1 0.12
 1  0 -1  1 -5  4  4 -2 -1 -3 -3  0 -3 -5 -3 -1 -1 -5 -4 -2 1 0 0 1 0.11
 1 -4 -4 -5 -2 -4 -4 -5 -3  3  4 -3 -1 -2 -5 -3 -1 -2 -2  3 1 0 0 0 0.10
-1 -1 -1  3 -4  3  5 -2 -3 -4 -3  1 -3 -5 -4 -1 -1 -5 -4 -4 1 0 0 0 0.08
 3 -1  0  1 -4  1  4 -1 -2 -4 -4  1 -3 -5 -3  0  0 -5 -3 -3 1 0 0 1 0.07
 1  1 -2  0 -4  3  4 -4  0 -4 -4  3 -4 -5 -3 -1 -2 -4 -4 -4 1 0 0 1 0.10
-3 -3 -5 -6 -3 -1 -4 -6 -1  3  4 -4  2  3 -5 -4 -3 -1  0  1 1 0 0 0 0.07
-2  1  2  2 -4  3  2 -3  2 -4 -4  0 -3 -3 -4 -1  0 -3  3 -3 1 0 0 0 0.05
 1  0  1  3 -3  1  2 -1  0 -3  0  0 -2 -3 -2  0  0 -4  1 -2 1 0 0 0 0.04
 0  1 -3 -4 -3  1  0 -4 -2  3  3 -1  1  0 -4 -3 -2  1  0  0 1 0 0 1 0.04
 3 -4 -4 -5 -3  0 -4 -3  0  0  4 -4  3 -2 -5 -3 -2 -1 -2  0 1 0 0 0 0.03
 1  0 -4 -4 -2 -1 -2 -4 -3 -1  4 -3  4 -1 -4  0 -2  1 -1 -1 0 0 1 0 0.03
 1  3  0 -2  0  1  0  0  1 -3 -2  1 -2 -3 -2  1  1 -3 -2 -2 0 0 1 1 0.03
-4 -5 -6 -6 -4 -5 -6 -7 -6  6  4 -5  0 -2 -6 -5 -3 -5 -3  2 0 0 1 0 0.03
-4 -5 -6 -5 -7 -5 -4 -3 -6 -7 -7 -5 -7 -8  9 -2 -5 -8 -7 -7 0 0 1 0 0.04
-5 -5  9 -3 -7 -3 -5 -5 -4 -8 -8 -4 -4 -7 -6 -4 -4 -8 -6 -7 0 0 1 0 0.03
-3  0 -4 -4 -4  0 -4 -5 -4  4  3 -3  3 -1 -3 -4 -1 -3 -2  2 0 0 1 1 0.05
-1 -5 -5 -5 -2 -5 -5 -5 -6 -1 -1 -4 -4 -6  7 -3  2 -6 -4  0 0 0 1 0 0.06
 0 -3  0  3 -3 -1 -1 -4  8 -2 -2 -3 -2 -2 -5  0 -4 -5 -2 -4 0 0 1 0 0.09
 0 -4 -2  4 -6 -2  4 -4 -3 -5 -5 -2 -5 -6  5 -1 -3 -6 -5 -4 0 0 1 1 0.16
-1 -3 -1  5 -4 -2  1  1 -3 -5 -5 -2 -5 -5 -4  4  0 -6 -5 -5 0 0 1 1 0.18
 0 -6 -6 -5  0 -5 -6 -6 -6  0 -3 -5 -3 -4 -6 -4  1 -6 -5  7 0 0 1 0 0.25
-5 -7 -6 -6 -7 -5 -6 -7 -7 -6 -7 -4 -7 -8  9 -5 -5 -8 -7 -6 0 0 1 0 0.20
 0 -4 -3  1 -3 -1  1 -4 -3  2 -1 -3 -1 -1 -2 -2 -1 -5 -1  4 0 0 1 1 0.20
-4 -6 -4 -5 -4 -5 -6  8 -4 -8 -8 -5 -7 -7 -6 -2 -5 -7 -7 -7 0 0 1 0 0.18
-1 -3  0  7 -6 -2  0  2 -4 -6 -6  0 -5 -6 -3 -1 -1 -7 -5 -5 0 0 1 1 0.23
-4 -4 -3  3 -5 -2  7 -5 -4 -7 -7 -3 -6 -7 -4 -1 -3 -7 -6 -6 1 0 0 1 0.23
 0 -2  2  4 -4 -1  3 -3  1 -5 -5 -1 -4 -5 -3  3  1 -6 -4 -4 1 0 0 1 0.21
-1 -3 -1  6 -3  3  3 -1  0 -6 -6 -2 -4 -5 -4 -1 -3 -6 -3 -5 1 0 0 1 0.19
 1 -4  8  0 -6 -4 -2 -3 -2 -6 -6 -4 -5  1 -5 -1 -3 -4  0 -6 0 0 1 0 0.15
-2  2  1 -4 -3  1 -2 -5 -3  1 -1 -1 -2 -4  0 -3 -1 -5 -4  5 0 1 0 1 0.15
-4 -4 -4 -3 -3 -1  6 -6 -3 -1 -2 -3 -3 -5 -3 -4 -2 -6 -4  4 0 1 0 1 0.14
-3 -1 -5 -4 -3 -2 -1 -6 -4  4  3 -4  0 -3 -5 -4 -3 -5 -3  5 0 1 0 1 0.16
-2  6 -3 -2 -4  0  1 -4  4 -4 -3  3 -3 -4 -5 -1 -3 -5 -1 -5 0 1 0 1 0.14
-3  5 -3 -3 -4  0  0 -4  2 -3 -3  2 -1 -2 -4 -1  1 -4 -1  1 0 1 0 1 0.11
-5 -3 -5 -5 -4 -5 -1 -6  0 -1 -4 -5 -4  0 -7 -5 -4 11  0  4 0 1 0 1 0.06
-3 -6 -3 -4 -6 -5 -5  7 -5 -7 -4 -5 -5 -6 -5 -2 -5  0 -7 -7 0 0 1 1 0.06
-2 -3 -1  3 -4  1  5 -3 -3 -4 -5 -1 -4 -4 -3 -1  4 -6 -4 -3 0 0 1 1 0.04
-2 -2 -5 -4 -6 -2 -2 -5 -4  0 -2  3 -3 -6  7 -3 -3 -6 -3 -1 0 0 1 1 0.05
-2  6 -4 -4 -5 -2 -3 -5 -2 -5 -4  1 -5 -6  6 -3  0 -6 -2 -4 0 0 1 1 0.05
 1 -1  0  1 -3  2  2 -1  0 -2 -3  1 -2 -4 -2  1  2 -4 -3 -1 0 0 1 1 0.04
-5 -4 -6 -5 -5 -5 -4 -3 -2 -1  0 -4 -1  8 -2 -6 -5  0  1 -3 0 0 1 1 0.03
-1 -4  0  6 -5 -2  0  1 -3 -4 -4 -2 -5 -4  0  2 -1 -6 -5 -4 0 0 1 1 0.03
-4 -6 -4 -2 -5 -5 -3 -6 -2 -3 -3 -4 -4  9 -3 -5 -5  0  0 -4 0 0 1 0 0.02
 0 -1 -1  1 -5  1  5 -2 -2 -4 -4  1 -4 -5  2 -1  2 -4 -4 -3 0 0 1 1 0.02
 0 -5 -5 -5 -4 -4 -5 -3 -5  1 -2 -4 -4 -2  7 -3 -4 -5 -4  2 0 0 1 0 0.02
-3  4 -3 -4 -1  0 -2 -3 -3 -4 -1  6 -3 -6 -3 -3 -3 -6 -5 -3 0 0 1 1 0.01
 1 -3  1  5 -5 -1  2  1 -1 -5 -4 -3 -5 -5  4 -1 -3 -6 -4 -5 0 0 1 1 0.01
-6 -5 -4 -6 -7 -4 -5 -6 11 -7 -7 -5 -6 -6 -7 -5 -6 -7 -3 -4 1 0 0 0 0.01
-2 -5 -6 -3 -4 -4 -5 -3 -4 -2  2 -5 -3  2 -4 -5 -3  9  2  3 1 0 0 0 0.01
-1 -4 -2  5 -6  1  6 -5 -3 -6 -5 -2 -5 -6 -4 -3 -2 -3 -5 -3 1 0 0 1 0.01
-4 -5 -6 -6 -4 -5 -6 -6 -6  5  5 -5 -1 -2 -6 -5 -4 -5 -4  1 1 0 0 0 0.01
 2 -5 -2 -4 -3 -5 -5  7 -5 -6 -4 -5 -3 -5 -4 -3 -4 -6 -6 -4 1 0 0 0 0.01
 0 -2 -3 -1 -6  1  6 -3 -3 -4 -5  0 -4 -5  0 -1  0 -6 -5 -2 1 0 0 1 0.01
 2  1  1  1 -3  0  1  0 -2 -2 -2  2 -1 -3  0  0 -1 -4 -3 -2 1 0 0 1 0.01
-2 -3 -1 -5 -2 -4 -5 -5  0 -1  6 -4  0 -3 -6 -4 -3 -3 -4 -2 0 0 1 0 0.01
-2 -2  1  4 -5 -2 -1  6 -3 -6 -6 -1 -5 -6 -4 -2 -3 -6 -6 -6 0 0 1 0 0.01
 0 -4 -4 -4 -1 -1 -4  1 -4  5  2 -3  2 -2 -4 -3 -3  4 -2  0 0 0 1 0 0.01
-2 -5 -5 -5 -4 -4 -5 -6 -5  4  4 -5  4  1 -5 -4 -3 -4 -3  0 0 1 0 0 0.01
-6  1 -1  8 -7 -4 -1 -3 -5 -4 -7 -4 -7 -5 -5 -4 -5 -8 -7 -7 0 1 0 0 0.01
-4 -3 -5 -6 -6  1 -3 -5 -4 -2 -1 -5  3  8 -5 -3 -1  1 -1 -2 0 0 1 0 0.02
 1 -1 -3  2 -4  0  6 -3 -3 -5 -6  1 -5 -6 -2 -3 -3 -6 -5 -3 0 0 1 1 0.02
 1  7 -3 -4 -3 -1 -2 -4 -2 -5 -3 -1 -1 -6 -5 -1  2 -6 -5 -4 0 0 1 1 0.02
 5 -5 -4 -5 -3 -4 -4  5 -5 -5  0 -4 -4 -5 -4 -1 -4 -6 -5 -3 0 0 1 0 0.02
 5 -2 -4 -4 -3 -3 -4  0 -4 -2 -4 -3 -3 -5 -3  2  1 -5 -4  2 0 0 1 1 0.02
-3  2 -3 -4 -6 -2 -1 -3  3 -5 -5  7 -4 -6 -5 -3 -4 -6 -5 -5 0 0 1 1 0.03
-3 -5 -6 -6 -4 -5 -5 -6 -6  4  3 -5  1 -3 -3 -5 -2 -5 -4  5 0 0 1 0 0.04
 3 -4 -3 -4 -3 -4 -4 -3 -5 -5 -5 -4 -5 -6 -4  6  3 -6 -5 -4 0 0 1 0 0.03
-3 -5 -4 -5 -6  0 -3  7 -4 -8 -7 -2 -6 -7 -6 -4 -5 -6 -7 -7 0 0 1 0 0.03
 4 -2 -3 -4 -4 -2 -3 -2  3 -5 -5 -3 -4 -5 -2  5  0 -6 -4 -4 0 0 1 1 0.02
-5  8 -3 -5 -7 -3 -4  1 -3 -7 -6  1 -5 -7 -6 -4 -5 -6 -5 -6 0 0 1 0 0.02
-5 -6 -6 -7 -6 -6 -6 -6 -5 -4 -4 -6 -3  9 -7  1 -5  1 -1 -5 0 0 1 0 0.02
 0 -4 -3 -5 -2 -3 -4 -5 -2 -1 -1 -4 -2 -1  0  0  3 -3  6  3 0 0 1 0 0.02
-2 -5 -4 -5 -4 -5 -5 -4 -3  0  0 -5 -1  5 -5 -3 -1 -2  5  4 0 1 0 0 0.02
-4 -5 -4 -5 -4 -4 -5 -4 -3 -1  5 -5  4  0 -6 -4 -4 -3  5 -2 0 1 0 0 0.01
-3  4 -2 -4 -3 -1 -2 -3 -2 -2 -2  5 -1 -2 -4 -1  1 -1 -2 -1 0 1 0 0 0.01
-3 -4  2 -3 -6 -4 -5  7 -4 -7 -7 -2 -6 -6 -5 -2 -4 -6 -6 -6 0 0 1 0 0.01
 2 -2 -1  1 -3  2  1 -1 -1 -1  0  0  1 -1  1 -1 -2  1 -2 -1 1 0 0 0 0.01
 1 -5 -4 -5 -4 -5 -5  6 -5  1  1 -5  1 -3 -5 -3 -4 -5 -5 -1 1 0 0 0 0.01
 7 -5 -5 -3 -3 -5 -5 -4 -5 -4 -5 -4 -4 -5 -4 -1 -3 -6 -5  1 1 0 0 0 0.01
-2  7 -4 -3 -1  0 -3 -5 -3 -3  2  1  1 -2 -5 -4 -4 -4 -4 -4 1 0 0 0 0.01
-5 -6 -7 -7 -5 -6 -7 -7 -6 -1  7 -6  3 -3 -7 -6 -5  0 -5 -2 1 0 0 0 0.01
-4 -3 -2 -1 -7  4  6 -5  6 -6 -4 -3 -5 -3 -5 -3 -4 -6 -4 -4 1 0 0 0 0.01
-4  7 -4 -5 -6 -1 -4 -6  3 -3  1 -2  1 -3 -3 -3 -3  1 -4 -5 1 0 0 0 0.01
 7 -5 -5 -5 -4 -4 -5  1 -5 -5 -4 -4 -5 -6 -5 -1 -3 -6 -6 -4 1 0 0 0 0.01
-5 -5 -7 -7 -3 -3 -6 -7 -6  1  6 -6  1 -3 -6 -6 -4 -5 -4  1 1 0 0 0 0.01
 1 -2 -3 -4 -2 -1 -3  0 -4  4  1 -3  2 -1 -4 -2 -1 -3  1  2 1 0 0 0 0.01
-2  0  6 -2 -4  6 -2 -4 -1 -6 -5 -3 -2 -6 -3  0 -1 -4 -5 -5 1 0 0 0 0.01
-4 -6 -6 -7 -4 -6 -6 -6 -4 -4  0 -6  1  8 -7 -5 -5  4  4 -4 1 0 0 0 0.01
 2 -5 -5 -6 -3 -4 -5 -4 -5 -3 -2 -5  9  2 -6 -4  1 -5 -2 -3 1 0 0 0 0.01
-2 -5 -6 -6 -4 -5 -6 -4 -6  2  6 -5  3 -1 -6 -5 -4 -5 -4  0 1 0 0 0 0.01
-2 -3  2  7 -6  0 -1 -4 -3 -6 -7 -3 -5 -6 -5 -1 -3 -4 -5 -6 1 0 0 1 0.01
-2  0 -3 -3 -2  2  0 -4 -1  0  2  2  1  0 -4 -2  2 -4 -2  1 1 0 0 0 0.01
 1 -4  0 -5 -5  0 -4 -5  9 -5  1 -4 -3 -4 -5 -4 -2 -6 -3 -2 1 0 0 0 0.01
-1  1 -2 -3 -2  0 -3 -2 -3  1 -1 -2  1 -4 -4 -1  5 -5 -3  2 1 0 0 1 0.01
 1  1 -2 -1 -5  2  5 -2  1 -5 -5  3 -4 -5 -3  0 -2 -5 -4 -3 1 0 0 1 0.01
 0  3  2 -3 -6  1  0 -4  8 -6 -5  1 -4 -4 -5 -3 -4  1 -1 -5 0 0 1 1 0.01
-3 -6 -3 -2 -6 -5 -5  7 -5 -8 -8 -5 -7 -7 -6 -4 -5 -7 -7 -7 0 0 1 1 0.01
-6 -5 -6 -7 -5 -6 -6 -7 -3 -5 -3 -6 -4  6 -7 -6 -6 -2  9 -5 0 0 1 0 0.01
-3 -1 -3 -3 -4  1  1 -4 -3  0 -2  0 -2 -5 -4 -1  6 -5 -4  0 0 1 0 1 0.01
-4 -4 -4 -1 -7 -1  7 -6 -4 -5 -1 -3 -2 -4  4 -4 -4 -6 -6 -4 0 1 0 0 0.01
-2 -5 -5 -6  2 -4 -4 -6 -1  2  0 -5  6  0 -5 -4  0  2 -2  4 0 1 0 0 0.01
-1 -4  0 -4 -2 -2 -3 -4 -2  3  1 -4  1  2 -4  0  1  3  4  0 0 1 0 0 0.01
-2 -5 -5 -5 -4 -5 -5 -5 -4 -3 -3 -5 -4 -5  6 -3  3 -6 -5  4 0 0 1 0 0.01
-5 -7 -7 -6 -7 -6 -6 -7 -7 -7 -7 -5 -7 -8  9 -5 -4 -8 -8 -7 0 0 1 0 0.01
-1 -4 -4  2 -3 -2 -2 -5 -1  0  0 -4 -2  3 -5 -2 -1 -2  6  1 0 0 1 0 0.01
-4 -5 -6 -6 -4 -5 -6 -7 -6  3  5 -5  6 -1 -2 -5 -4 -5 -4  0 0 1 0 0 0.01
 0 -6 -6 -7 -4 -5 -6 -6 -6  0  1 -6 -1 -4 -6 -5 -3 -6 -5  7 0 1 0 0 0.01
-5  5  7 -3 -6 -2 -3 -4  0 -6 -4  2 -5 -6 -5 -2 -2 -7 -5 -6 0 0 1 0 0.01
 1  3 -1  2 -4  0  0  1  1 -4 -4 -1 -3 -4  3  1 -1 -5 -2 -3 1 0 0 0 0.01
 2 -1  0  4 -5  1  4 -3 -2 -5 -5  0 -4 -4 -3  0 -1 -5 -3 -3 1 0 0 0 0.01
 2 -4 -3 -4  0 -3 -4 -4 -4  1 -3 -3 -1 -4 -4  4  2 -5 -4  2 1 0 0 0 0.01
-3 -5 -6 -7 -3 -5 -4 -6 -5 -1  4 -5  8  3 -6 -5 -4 -4 -2  0 1 0 0 0 0.01
-1  1 -3 -2 -4  1  3 -3 -2 -1 -1 -1 -1  3 -4 -2  2  0  4  0 1 0 0 0 0.02
-1 -5 -3 -5 -6 -5 -5  7 -6 -6 -7 -2 -6 -7 -6 -3 -5 -4 -7 -6 1 0 0 0 0.02
-3 -5 -3 -5  5 -4 -3 -5 -6 -1 -4 -5 -4 -6 -5  0  7 -6 -5 -2 1 0 0 0 0.03
-1 -5 -4 -3 -6 -5 -6  7 -6 -7 -7 -5 -6 -7 -6 -3 -2 -6 -7 -7 0 0 1 0 0.04
-5 -3 -1 -3 -6  8 -3 -6 -1 -5 -5 -2  4  4 -5 -2 -4 -5 -2 -5 0 0 1 1 0.05
-3 -4 -2 -5 -4  0 -5 -6 -5 -1  5 -5 -1  2 -6 -4  0  0 -1 -2 0 0 1 1 0.06
-3 -5 -5 -4 -6 -4 -4 -2 -5 -5 -6 -4 -5 -6  9 -4 -4 -6 -6 -4 0 0 1 0 0.04
-4  1  2  0 -6 -1 -3  0 -3 -6 -4  7 -5 -6 -5 -3 -4 -6 -5 -6 0 0 1 1 0.04
 2 -6 -5 -5 -5 -6 -3  0 -3 -4 -3 -6 -4  8 -3 -4 -5 -3 -1 -4 0 0 1 0 0.04
 2 -1  1 -1 -4  0  4  0  4 -4 -4  1 -3 -4 -2  0 -1 -4 -3 -3 0 0 1 1 0.03
 1 -2  0  2 -5 -1  6 -2 -3 -5 -4 -1 -4 -5  2 -1 -3 -5 -4 -4 0 0 1 1 0.02
-3 -4  0  7 -6 -1  1 -3 -4 -6 -6 -4 -6 -6 -4  1  0 -7 -6 -6 0 0 1 0 0.02
 0 -1  0  1 -2  3  1 -2  0 -1  2 -1  1 -2 -2  0 -1  0 -2 -1 0 0 1 1 0.02
-1 -5 -5 -5 -4 -2 -5 -5 -4  3  1 -5  3  5 -5 -4 -2 -3  2  2 0 0 1 0 0.02
-3  1 -4 -5 -5 -2 -4 -4  3 -4 -3  1 -3  4 -5 -3 -4  0  7 -4 0 0 1 0 0.02
-1  2  2 -1  1  0  0 -2  3 -2 -2  2 -2 -3 -2  1  2 -3 -1 -1 0 1 0 0 0.02
-1 -3 -2 -1 -1 -2 -1 -3 -3  4  2 -2  0 -2 -2 -2  1 -3 -2  2 0 1 0 0 0.02
 0 -1  0  4 -4  0  4 -2 -1 -3 -3  0 -3 -4 -1  0 -1 -4 -3 -3 0 0 1 0 0.02
-1 -1  1  2 -3 -1  1  3 -2 -3 -3  1 -2 -3  3 -1 -1 -3 -3 -3 0 0 1 1 0.02
 1 -1  0  0  1  0  1  0  0 -1 -1 -1 -1 -1 -1  1  1  0  0 -1 0 0 1 1 0.01
 0  2  0  1 -1  1  1  0  0 -1 -1  1 -1 -1  1  0  0 -1 -1 -1 0 0 1 1 0.01
 0  0  0  1 -1  0  1  1  0 -1 -1  0 -1  1  0  0  0 -1  0 -1 0 0 1 0 0.01
-1 -1  0  4 -3  1  3 -2 -1 -3 -1 -1 -2 -3  0  0 -1 -1 -2 -2 0 0 1 1 0.01
-3 -2  1  7 -4 -2  1  0 -2 -4 -5 -2 -4 -5 -1 -2 -2 -5 -4 -4 0 0 1 1 0.01
-3  0 -5 -5 -4  0 -4 -5 -1 -2  5 -4  2  1 -5 -4 -3  1  4 -2 0 0 1 0 0.01
-3 -4  2 -5  3 -5 -5 -3 -2 -4 -4 -5 -3  3 -6 -1 -1  7  7 -3 0 1 0 0 0.01
-4 -6 -7 -7 -5 -6 -6 -7 -6 -2  7 -6  2 -3 -5 -6 -4 -3 -3 -3 0 1 0 0 0.01
 1 -6 -5 -6 -1 -5 -6 -6 -6  7 -1 -5 -2 -4 -5 -3 -1 -6 -4  3 0 0 1 0 0.01
-2 -6 -5 -5 -6 -5 -5  3 -6 -7 -7 -5 -6 -7  8 -1 -5 -7 -7 -6 0 0 1 0 0.01
-4 -5 -4 -5 -5 -5 -5 -4 -6 -5 -5 -5 -5 -6 -5 -3  8 -7 -6 -4 0 0 1 0 0.01
 6 -5 -4 -5 -4 -4 -4 -2 -5 -5 -4 -4 -5 -6 -4  3 -3 -6 -5 -4 1 0 0 0 0.01
-5 -4 -4 -2 -8 -2  8 -6 -4 -7 -7 -3 -6 -7 -5 -4 -5  0 -6 -6 1 0 0 0 0.01
-3 -6 -6 -6 -4 -6 -6 -6 -1  2 -2 -6 -2 -4 -6 -3 -3 -6 -5  7 1 0 0 0 0.01
 0 -5 -5 -5 -4 -3 -4  0 -5 -5 -4 -4 -4 -5  8 -1  1 -6 -6 -3 1 0 0 0 0.01
-3 -5 -6 -6 -4 -5 -6 -6 -6  0  5 -5  0 -3 -6 -5 -3 -5 -4  4 1 0 0 0 0.01
 3 -5 -2 -5 -3 -4 -4  0 -5 -4 -5 -4 -3 -6 -1 -2  7 -6 -5  0 1 0 0 0 0.01
-1 -4  7 -3 -1 -4 -4  4 -4 -7 -7 -4 -6 -7 -6 -1 -4 -7 -5 -6 1 0 0 0 0.02
-3 -5 -5 -6 -4 -4 -5 -6 -3  2  3 -5  4  2 -6 -3 -2 -2  6 -1 1 0 0 0 0.02
-2 -3 -4 -5 -5 -4 -4 -6  8 -3 -3 -4 -3  4 -5 -4 -4 -3  6  3 1 0 0 0 0.02
 2  6 -1 -4 -5 -1 -3 -3 -2 -4 -4  0  5 -5 -5  1 -3 -5 -4 -4 0 0 1 0 0.01
-4 -5  2  7 -7 -2  2  2 -3 -7 -7 -3 -6 -7 -5 -3 -4 -7 -6 -6 0 0 1 0 0.02
-3 -2 -3  0 -5  1  7 -5  3 -6 -5 -2 -3 -6 -1  0 -1 -6 -5 -4 0 1 0 0 0.02
-2 -5 -6 -6 -4 -6 -6 -6 -6  7 -1 -6  0 -4 -2 -1 -1 -6 -4  2 0 1 0 0 0.02
-4 -5 -6 -6 -4 -5 -6 -6 -5  3  5 -5  0  0 -6 -5 -3 -5 -3  3 0 1 0 0 0.02
 1 -3  0  5 -5 -1  2 -3 -3 -4 -3 -1 -3 -5  2  1 -2 -6 -5 -4 0 1 0 0 0.02
 2 -2 -2  0 -4  0  4  0 -2 -2  0 -1 -2  2 -1 -1 -1  1 -2 -2 1 0 0 1 0.02
 1  1  0  3 -4  0  3 -1 -2 -4 -4  2 -3 -5 -2  2 -1 -5 -4 -4 1 0 0 1 0.01
 0 -1  0  5 -5  3  3 -3 -2 -4 -4  1 -2 -5 -4  0 -1 -5 -3 -3 1 0 0 0 0.01
-5 -6 -6 -6 -5 -5 -6  0 -6 -2  6 -6  0 -2 -5 -6 -4 -5 -5 -3 0 0 1 0 0.01
-4 -7 -6 -6 -7 -6 -5 -5 -5 -7 -6 -5 -7 -8  9 -4 -4 -8 -7 -6 0 0 1 1 0.01
-3  0 -4 -5 -4 -2 -3 -5 -3  4  3  1  1 -2 -5 -4 -2 -4 -3  2 0 1 0 0 0.01
-2  6 -1 -4 -3 -1 -3 -4  0 -5 -2  4 -3 -3 -5 -1 -3 -4  3 -5 0 1 0 1 0.01
-5 -4 -5 -3 -4 -4 -5 -6  3 -2  0 -5  5  4 -6 -5 -2 -1  7 -1 0 1 0 0 0.01
 2 -4 -4 -5  5 -2 -4 -4 -5 -2 -2 -4 -2 -5 -4 -2  5 -5 -4  3 0 1 0 0 0.01
 6 -5 -5 -5  5 -4 -5  3 -5 -5 -4 -4 -4 -6 -4 -1 -3 -6 -5 -4 0 1 0 0 0.01
-3 -4 -4 -5 -2  0 -4 -4  6 -2  1 -4 -1  3 -5  0 -4  5  6 -3 0 1 0 1 0.01
-3 -5 -3 -4 -5 -4 -4 -4 -1 -5 -6 -4 -5 -6 -5  6  6 -6 -5 -4 0 1 0 0 0.02
 1 -5 -3 -4 -5 -2 -4 -4  3 -5 -3 -4 -3 -6  7  0  2 -6 -3 -5 0 1 0 0 0.02
-2 -8 -1 -7 11 -7 -8 -7 -7 -6 -4 -7 -6 -7 -7 -1 -5 -7 -7 -5 0 1 0 0 0.04
-4 -7 -7 -8 -6 -7 -7 -7 -5 -4 -4 -7 -4  9 -8 -6 -6 -1  5 -5 0 1 0 0 0.06
-6  9 -5 -6 -8 -3 -3 -7 -4 -7 -7 -2 -6 -7 -6 -5 -5 -7 -6 -7 0 0 1 1 0.08
 2  5 -2 -4 -4 -1 -2 -4 -2 -5 -5  1 -4 -5 -4  4  0 -6 -5 -4 0 0 1 0 0.16
-5 -4 -4 -3 -8 -2  8 -6 -4 -8 -7 -2 -6 -8 -5 -4 -5 -7 -6 -7 0 0 1 0 0.19
 7 -5 -5 -3 -4 -4 -4 -3 -5 -3 -5 -3 -3 -6 -4 -2  1 -6 -5 -3 0 0 1 1 0.20
-3 -6 -1  0 -6 -5 -5  7 -4 -7 -7 -3 -6 -7 -6 -2 -5 -6 -7 -7 0 0 1 1 0.21
 3 -4 -3 -4 -4 -4 -4 -4  2 -5 -6 -4 -5 -6 -4  6  2 -6 -5 -5 0 0 1 1 0.23
-4 -6 -4 -5 -7 -6 -3  8 -6 -8 -8 -5 -7 -7 -6 -4 -6 -7 -7 -7 0 0 1 1 0.31
-3  6 -4 -4 -6  1 -3 -5 -4 -6 -4  5 -5 -6 -5 -3 -2 -6 -4 -5 0 0 1 1 0.31
-3 -5 -2  8 -7 -2  2 -4 -3 -6 -6 -4 -6 -3 -5 -4 -5 -7 -3 -7 0 0 1 0 0.49
-3 -5 -3 -5 -5 -4 -3 -5 -5 -3 -4 -4 -2 -6  2 -1  7 -6 -5  1 0 0 1 1 0.56
-4  8 -4 -5 -7 -3 -4 -6 -3 -7 -6  2 -4 -7 -6 -4 -5  3 -5 -6 0 0 1 1 0.52
-4 -3 -4 -5 -7 -6 -6  8 -6 -8 -8 -5 -7 -7 -6 -4 -6 -7 -7 -7 0 0 1 0 0.60
-4 -5 -6 -7 -4 -5 -6 -7 -6  4  5 -5  6  0 -6 -5 -4 -5 -2 -1 0 0 1 0 0.63
-4 -5 -4 -3 -5 -5 -6 -7 -5  7  1 -3  0  0 -6 -5 -4 -4  4  0 0 0 1 0 0.63
-6  9 -5 -6 -8 -3 -4 -7 -4 -7 -6 -2 -6 -7 -6 -5 -5 -7 -6 -7 0 0 1 0 0.68
-4 -3 -3 -5 -5  6 -3 -4 -4 -1  1 -3  3 -5 -5 -4 -3 -5 -4  4 0 0 1 0 0.79
-6 -4 -4 -6 -8 -4 -5 -7 11 -8 -8 -5 -6 -6 -3 -6 -6 -7 -2 -8 0 0 1 0 0.64
-5 -3 -4 -5 -7  9 -1 -6  4 -7 -7 -3 -5 -7 -6 -4 -5 -2 -5 -7 0 1 0 0 0.54
-7 -7 -3 -8 -7 -8 -8 -8 -6 -4 -4 -7 -4  9 -8 -7 -6 -3 -1 -5 0 1 0 0 0.70
-3 -3  5  4 -5  0  2 -3  3 -5 -5 -2 -4 -4 -4  0  2  0 -3 -5 0 1 0 0 0.55
-5 -2 -4 -5 -7 -3 -3 -6 -5 -7 -7  8 -6 -7 -5 -3 -5 -7 -6 -7 0 1 0 0 0.57
-2 -6 -7 -7 -1 -6 -6 -7 -7  0 -1 -6 -3 -5 -6 -5 -4 -7 -5  7 0 1 0 0 0.49
-5 -4 -4 -3 -8 -2  8 -4 -4 -8 -7 -3 -6 -8 -5 -4 -5 -7 -6 -7 0 1 0 0 0.35
-4 -5 -6 -7 -5 -1 -6 -4 -6 -1  4 -5  9 -3 -6 -5 -5 -5 -5 -3 0 1 0 0 0.21
-4 -6 -6 -7 -5 -6 -6 -7 -5  0 -3 -6 -3  6 -6 -5 -4 -4  2  6 0 1 0 0 0.13
-1  0  0 -3 -1  3 -2  1 -1 -1 -4  4 -2 -4 -4  1 -2  2 -2  1 0 1 0 0 0.11
-4 -5 -6 -6 -5 -5 -6 -6 -4  4  0 -5 -1  6 -6 -5 -4 -2  4  2 0 1 0 0 0.06
 1 -5 -4 -5  6 -4 -3 -5 -5 -2 -3 -4 -3 -5 -5  0  5 -6 -5  4 0 1 0 0 0.08
 0  3 -2 -2 -4 -1  0  0  5 -4 -2  3 -3 -4 -2 -2  2 -4 -3 -3 0 0 1 0 0.05
-2 -5 -3 -3 -5 -4 -4 -4 -5 -5 -5 -4 -5 -6  8 -3 -4 -6 -5 -5 0 0 1 1 0.04
 0  0  0  1 -1  0  1  1  0 -1 -1  0 -1 -1  0  0  0 -1 -1 -1 0 0 1 0 0.03
 0  0  0  0 -1  0  0  0  0  0  0  0  0  0  0  0  0  0  0  0 1 0 0 1 0.03
-2 -3 -3  3 -5 -1  7 -3 -3 -5 -5 -2 -5 -5 -4 -3 -3 -5 -5 -5 1 0 0 1 0.04
-2 -1  1  4 -5  4  3 -4  1 -5 -4  1 -4 -5 -4 -1  1 -5 -4 -4 1 0 0 1 0.04
 1 -5 -3 -4 -5 -4 -4 -3 -5 -6 -6 -4 -5 -6 -5  7 -2 -7 -6 -5 1 0 0 0 0.04
 0 -2 -2  2 -4 -1  2 -3  0 -3 -2 -2  2  1 -3  1 -2  4  6 -3 1 0 0 0 0.04
 2 -1  0  3 -5  3  3 -3 -1 -4 -4  0 -3 -5 -4 -1 -2 -5 -4 -3 1 0 0 1 0.04
 2 -1 -3 -2 -4  0  5 -4 -3 -1  1 -3  1 -2 -4 -3 -3  1 -2 -2 1 0 0 0 0.05
-5 -5 -5 -6 -5 -3 -5 -6  7 -3  5 -5 -2  1 -6 -5 -5 -5 -2 -3 1 0 0 0 0.05
-3 -2 -2  2 -7  2  7 -5 -2 -6 -5 -2 -4 -5 -5 -3 -4 -3 -5 -6 1 0 0 1 0.05
-1  3 -1 -1 -5  2  4 -2 -2 -4 -3  3 -2 -5 -4  0 -2 -4 -4 -4 1 0 0 1 0.04
-5 -5 -6 -7 -5 -5 -6 -7 -6  1  5 -5  7  3 -6 -5 -4 -4 -3 -2 1 0 0 0 0.04
-3 -1 -4 -5 -2 -4 -4 -5 -5  0  3 -4 -1 -4 -5 -3  5 -5 -4  2 1 0 0 0 0.03
 2  1  0  0 -3  1  0  2  0 -4 -3  0 -3 -4 -3  2 -1 -5 -4 -3 1 0 0 1 0.02
-2 -3  3  3  4 -1  0 -4  6  0  0 -3  0 -2 -4 -2 -3  4 -3 -3 1 0 0 0 0.03
 6 -4 -5 -4 -4  3  2 -3 -4 -5 -5 -4 -4 -6 -4 -2 -4 -6 -5 -3 1 0 0 0 0.02
-3 -1 -4 -2 -3 -1  7 -5 -4 -5 -6  0  3 -6 -5 -2 -3 -6 -6 -5 1 0 0 0 0.01
 1  0  1  2 -4  0  4 -1 -1 -4 -4  2 -2 -4 -3  0  0 -5 -3 -2 1 0 0 1 0.01
-3 -6 -5 -6 -2 -5 -6 -6 -6  6  1 -5  4 -2 -5 -5 -3 -1 -4  4 1 0 0 0 0.01
-4 -6 -7 -7 -2 -6 -6 -7 -5 -1  6 -6  0  2 -6 -6 -5 -5 -1 -3 1 0 0 0 0.01
 0  1 -2 -1 -4  6  2 -3 -2 -4 -5  2 -3 -6 -4 -1  2 -5 -4 -4 1 0 0 1 0.01
 2  2 -2 -2 -4  0  2  0 -2 -3  1  3 -1 -4 -3  0 -2 -4 -4 -3 1 0 0 1 0.01
-5 -6 -7 -7 -2 -6 -7 -7 -6  0  6 -6  0 -3 -7 -6 -5 -5 -5 -1 0 0 1 0 0.01
-3 -3  1  0 -5 -1  5  5 -3 -6 -6  1 -4 -6 -5 -3 -4 -6 -5 -6 0 0 1 1 0.01
-5 -6 -7 -7 -5 -6 -6 -7 -6  2  6 -6 -1 -2 -6 -6 -4 -5 -4  0 0 0 1 0 0.01
-1 -5 -5 -5 -3 -5 -5 -6  6 -7 -7 -5 -6 -7  8 -4 -4 -7 -5 -6 0 0 1 0 0.01
-6 -6 -6 -7 -3 -6 -6 -7  1 -5 -5 -6 -5  4 -7 -6 -6 -1  9 -5 0 1 0 0 0.01
-5  8 -4 -6 -8 -1 -3 -6  3 -7 -6  0 -5 -7 -6 -5 -5 -7 -5 -7 0 1 0 1 0.01
-3  0 -3 -6 -4 -4 -5 -6 -2  1 -1  1 -3 -4 -5 -4  1 -3 -4  6 0 1 0 0 0.01
-3 -5 -6 -6 -4 -5 -5 -6 -6  4  3 -4  5 -3 -5 -4 -3 -5 -4  5 0 1 0 0 0.01
 0 -2  0  4 -1  0  1 -3 -3 -1  1 -1 -1 -3 -3  0  1 -5 -4  0 0 1 0 0 0.02
-4 -5 -5 -6 -4 -5 -6 -6 -6  1  5 -5  5 -3 -6 -5  0 -5 -4  0 0 0 1 0 0.02
 1 -7 -6 -7 10 -6 -6 -6 -6 -5 -5 -6 -5 -6  2  0 -3 -6 -6 -3 0 0 1 0 0.02
 1 -4 -3 -4 -3 -4 -4 -1 -5 -4 -5 -3 -4 -6 -5  2  7 -6 -5 -4 1 0 0 0 0.03
-1 -5 -4 -5 -6  2 -3  7 -5 -7 -7 -4 -6 -7 -6 -3 -5 -6 -6 -7 1 0 0 1 0.04
-6 -5 -3  8 -8 -4  2 -5 -5 -7 -8 -5 -7 -8 -6 -4 -5 -8 -7 -7 1 0 0 1 0.05
-4 -5 -6 -7 -5 -5 -6 -7 -6  2  5 -5  8 -3 -6 -5 -2 -5 -4 -2 0 0 1 0 0.08
-3 -6 -4 -5 -6 -5 -6  7 -6 -8 -8 -5 -6 -7 -6  0 -4 -6 -7 -7 0 0 1 1 0.08
 0 -5 -5 -5 -5 -4 -6 -4 -5 -3  0 -6 -3  8 -3  0 -2 -3  0 -4 0 0 1 1 0.07
 1 -4 -1 -3 -4 -3 -3  2 -4 -5 -5 -3 -4 -5  3  4  1 -6 -5 -3 0 0 1 0 0.06
 6 -5 -4 -4 -4  0 -4 -3 -5 -5 -5 -3 -3 -6 -4  3 -3 -6 -5 -4 0 0 1 0 0.05
 5  1 -4 -4  1  0 -3 -3 -1 -4 -4 -3 -2 -3 -4  0  1 -4  4 -2 0 0 1 0 0.04
-4  5 -4 -4 -5 -1 -3 -5 -3 -5 -4  6  0 -4 -5 -4 -4 -6 -5 -5 0 1 0 0 0.03
-4 -3 -4 -5  2 -3 -4 -5 -5 -5 -5  5 -2 -6 -5 -2  6 -6 -5 -4 0 1 0 0 0.02
-6 -6 -6 -7 -6 -6 -6 -7  2 -2 -4 -6 -4  5 -7 -6 -5  1  9 -3 0 1 0 0 0.02
-6 -6 -3  9 -8 -5 -3 -6 -5 -8 -8 -5 -7 -8 -6 -4 -5 -9 -8 -8 0 1 0 0 0.01
-4 -6 -5 -6  4 -5 -6 -7 -6  6  4 -6 -1 -3 -6 -5 -3 -5 -4  0 0 1 0 0 0.01
-5 -4 -4 -3 -8 -2  8 -6 -4 -8 -6 -3 -6 -7 -5 -4 -5 -7 -5 -7 0 1 0 0 0.01
 3 -6 -6 -6 -1 -5 -5 -5 -6 -1 -3 -5 -2 -5 -5 -4 -2 -6 -5  6 0 1 0 0 0.01
-8 -8 -9 -10 -8 -7 -8 -8 -7 -8 -7 -8 -7 -3 -9 -8 -8 13 -2 -8 0 1 0 0 0.01
-1 -5 -6 -6 -3 -4 -5 -6 -5  1  4 -5  7 -1 -5 -2 -4 -5 -4  1 0 1 0 0 0.01
-3 -7 -6 -6 -7 -6 -5 -7 -7 -7 -7 -5 -7 -8  9 -5 -5 -8 -7 -7 0 0 1 0 0.01
 2 -3 -3 -4 -4 -2 -3  5 -4 -5 -5 -4 -5 -5 -4  3  1 -5 -4 -4 0 0 1 1 0.01
-2  3 -4 -2 -4  7  0 -5 -3 -5 -3 -2 -3 -3 -5 -2 -4 -5  3 -3 0 0 1 0 0.02
-3 -3  5  2 -6  1  1  4 -2 -6 -6 -1 -5 -6 -5 -2 -3 -6 -5 -6 0 0 1 1 0.03
 1  4 -2 -2  2 -1  0 -3 -1 -3 -3  3 -1 -5 -4 -1  4 -5 -4 -2 0 1 0 1 0.03
-6 -6 -7 -8 -7 -6 -6 -7 -2 -5 -5 -6 -5  4 -7 -6 -6  6  9 -5 0 1 0 0 0.05
-4  7 -4 -5 -6 -3 -4  2 -4 -5  0  0 -2 -5 -5 -4 -4 -6 -2 -2 0 1 0 0 0.06
-5 -4 -4 -3 -8 -2  8 -6 -4 -8 -7 -3 -6 -8 -5 -4 -5 -7 -6 -7 0 1 0 1 0.08
-3 -6 -6 -6 -4 -6 -6 -7 -7  7  1 -6 -2 -3 -6 -5 -2 -6 -5  4 0 1 0 0 0.05
-3 -4 -3 -4 -4 -4 -4 -4 -1 -5 -6 -4 -5 -6 -4  7  3 -6 -5 -3 0 1 0 0 0.05
-3 -5 -3 -4 -5 -4 -4 -4 -5 -6 -6 -4 -6 -6 -4  7 -2 -7 -6 -6 0 1 0 0 0.04
 1 -6 -6 -6 10 -6 -6 -5 -6 -1 -4 -6 -2 -6 -4 -3  2 -6 -6  1 0 1 0 0 0.03
-3 -5 -3 -4 -5 -4 -4 -3 -5 -6 -6 -4 -6 -6 -5  7 -2 -7 -6 -6 0 1 0 0 0.03
-5 -3  8 -2 -2 -3 -4 -4 -3 -5 -5 -4 -3 -6 -6 -2 -2 -4 -3 -1 0 1 0 0 0.04
-4 -6 -6 -5 10 -6 -7 -6 -6 -3 -3 -6  2  5 -6 -4  1 -1 -3 -2 0 0 1 0 0.04
-3  0 -3 -2 -4 -2  4  3 -2 -4 -2 -1 -3 -4 -4 -2  4  2 -4 -3 0 0 1 0 0.03
 0 -5 -1  8 -6 -3 -1 -3 -5 -6 -6 -4 -6 -7 -4 -2  1 -7 -6 -6 0 0 1 0 0.03
-6 -6 -7 -7 -2 -7 -7 -7 -4 -4 -4 -7 -4  9 -7 -6 -6  1  5 -5 1 0 0 0 0.04
-5 -3 -4 -5 -7  9 -2 -6 -4 -7 -7 -3 -5 -8 -6 -4 -5 -6 -6 -7 1 0 0 0 0.03
 7 -4 -5 -5 -4 -4 -4 -2 -5 -5 -5 -4 -5 -6 -3  2 -3 -6 -5 -4 1 0 0 0 0.03
-5  9 -4 -6 -7 -3 -4 -6 -4 -7 -6 -2 -5 -7 -6 -4 -5 -7 -6 -5 1 0 0 0 0.04
-5  9 -4 -6 -7 -3 -4 -6 -4 -7 -6 -2 -5 -7 -6 -4 -4 -7 -6 -7 1 0 0 0 0.05
 4 -4 -4 -5 -3 -4 -5 -2 -5 -2  3 -4  6 -3 -5 -1 -3 -5 -4 -2 1 0 0 0 0.04
-2 -1  6  0 -5  3 -2  1  4 -5 -4  1 -1 -5 -4  0 -3 -5 -3 -5 0 0 1 0 0.06
 3 -4 -5 -5 -3 -5 -5 -4 -5  6  0 -5 -1 -4 -5 -3  0 -5 -4  1 0 1 0 0 0.09
-5  8 -4 -5 -7 -1 -4 -6 -3 -6 -4  1  3 -5 -4 -4 -4 -6 -4 -5 0 1 0 0 0.11
-5 -4 -6 -6  0 -5 -2 -6  0 -4 -4 -5 -1  6 -6 -4 -2  4  8 -2 0 1 0 0 0.08
-5  7 -4 -5 -7  2 -2 -5 -3 -6 -6  4 -5 -6 -5 -4 -4 -6 -4 -6 0 1 0 1 0.09
-1  2  1  4 -5 -2  0 -1 -3 -4 -4 -1 -4 -5  4 -1  1 -5 -4 -3 0 0 1 0 0.08
 1 -1 -1  1 -4  1  5 -2 -2 -4 -4  2 -4 -5  1  0 -2 -5 -4 -4 0 0 1 1 0.06
 1 -1  2  3 -4  0  1  2 -2 -4 -4  1 -3 -4  0  0  1 -5 -4 -4 0 0 1 1 0.06
-1 -3  0 -1 -5 -1 -1  6  0 -6 -6  3 -5 -5 -4 -1 -3 -5 -5 -5 0 0 1 1 0.06
-3  1 -3 -3 -6 -1  2 -3 -3 -6 -5  7 -4 -6 -3 -1 -3 -2 -5 -5 0 0 1 1 0.05
-1 -4  2 -4 -4 -3 -4 -4 -4 -2  1 -2 -1 -4  5 -1  3 -5 -4  0 0 1 0 1 0.03
-2  3 -2 -1 -2  5  4 -4  1 -4 -5  1 -3 -5 -4 -1 -2 -4 -4 -3 0 1 0 1 0.03
-4 -4 -5 -6 -5 -5 -5 -5  1 -1  3 -5 -1  6 -1 -4 -2 -1  5 -2 0 1 0 0 0.02
 2 -5 -5 -6  1 -5 -5 -4 -6  0  1 -5 -2 -3 -2 -4 -2 -5 -4  6 0 0 1 0 0.01
 0 -5 -3 -5 -7 -4 -4 -6 11 -7 -7 -5 -6 -5 -6 -4 -6 -6 -1 -7 0 1 0 0 0.01
-3 -5 -4 -4 -4 -5 -5 -6 -6 -4 -5 -5  0 -6 -5 -2  8 -6 -6 -4 0 1 0 0 0.01
-5 -6 -7 -7 -5 -6 -6 -7 -6 -1  6 -6 -1 -3 -6 -6 -4 -5 -4  1 0 1 0 0 0.01
-6 -5  9 -3 -7 -4 -5 -5 -4 -8 -8 -5 -7 -8 -6 -4 -4 -8 -7 -7 0 1 0 0 0.01
 1 -6 -2 -5 -6 -5 -5  7 -6 -7 -7 -5 -6 -7 -6 -2 -5 -6 -7 -6 0 1 0 0 0.01
-3 -5 -3 -4 -5 -4 -4 -4 -5 -6 -6 -4 -5 -6 -5  6  5 -7 -5 -5 0 1 0 0 0.01
 3 -4 -3 -4 -3 -4 -4  6 -4 -5 -3 -4 -4 -5 -4 -1 -3 -5 -5 -4 0 1 0 0 0.01
-4 -5 -6 -7  5 -5 -6 -7 -6  1  5 -6 -1 -3 -6 -5 -2 -5 -4  1 0 1 0 0 0.01
 7 -5 -5 -6 -4 -5 -5 -2 -6 -5 -5 -5 -5 -6 -3 -3 -4 -7 -6 -4 0 1 0 0 0.01
-3 -5 -5 -6 -3 -5 -5 -6 -6  3  0 -5 -1 -3 -5 -3  2 -6 -4  6 1 0 0 0 0.01
-3 -5 -4 -4 -6 -5 -5  6 -5 -6 -6 -4 -6 -6  4  0  1 -6 -6 -5 1 0 0 0 0.01
-6  9 -5 -6 -8 -3 -4 -7 -4 -7 -7 -2 -6 -7 -6 -5 -5 -7 -6 -7 1 0 0 0 0.01
 1 -5 -4 -5  2 -4 -4 -4 -5 -1  1 -4  0 -4 -5 -2  6  5 -4  0 1 0 0 0 0.01
-4 -5 -6 -6 -4 -5 -5 -6 -5  2  5 -5  5  0 -6 -5 -3 -1 -2  2 1 0 0 0 0.01
 3 -4 -5 -6 -4 -5 -5 -5 -6  4 -1 -5 -2 -4 -5 -3 -3 -6 -4  5 1 0 0 0 0.01
 7 -5 -5 -5  0 -4 -5 -3 -5 -5 -5 -4 -4 -6 -2 -1 -3 -6 -6 -4 1 0 0 0 0.01
-4 -6 -6 -6 -4 -6 -6 -7 -6  6  2 -6 -1 -2 -6 -5 -4 -5 -4  4 1 0 0 0 0.01
-5 -5 -7 -7 -3 -5 -6 -7 -6  1  6 -6  5 -3 -6 -6 -4 -1 -3 -1 1 0 0 0 0.01
-5 -4 -4 -2 -8 -2  8 -6 -4 -8 -7 -3 -6 -8 -5 -4 -5 -7 -6 -7 1 0 0 0 0.02
-5 -4  8 -3 -6 -3 -4 -4  0 -5 -7 -4 -6 -6 -6  1  0 -7 -1 -4 1 0 0 0 0.02
-5 -5  3 -5 -1 -4 -5 -1  6 -5 -5 -5 -5  1 -6 -5 -5 -2  8 -5 0 0 1 0 0.02
-5 -3 -4 -4 -7  9 -2 -6 -4 -7 -5 -3 -5 -8 -6 -4 -5 -4 -5 -6 0 1 0 0 0.04
-4  1  4 -1 -4  7  0 -5 -2 -6 -4 -1 -4 -6 -4 -3  0 -6 -5 -6 0 0 1 1 0.05
 4 -2 -3 -1 -4 -1  4 -3 -3 -5 -4  2 -4 -6  2 -1 -3 -6 -5 -3 0 0 1 1 0.05
-6 -6 -1  8 -8 -4 -1 -5 -4 -7 -8 -4 -7 -8 -6 -4 -5 -8 -7 -6 0 0 1 1 0.09
-4 -5 -4 -5 -5 -6 -6  8 -5 -8 -8 -5 -7 -7 -6 -4 -6 -7 -7 -7 0 0 1 1 0.09
-2  0 -2 -3 -4 -3 -3 -3 -2 -6 -5 -2 -5 -6 -4  6  3 -6 -5 -4 0 0 1 0 0.06
-4 -6 -6 -7 -4 -6 -6 -7 -7  5 -2 -6 -2 -2 -6 -5 -4 -6 -4  6 0 1 0 0 0.05
-1  2 -1 -1 -1 -1  0 -3 -1  0  1  1 -1 -3 -3 -1  2 -4 -2  2 0 1 0 1 0.04
-4 -6 -6 -7 -4 -6 -6 -7 -7  6  0 -6 -2 -3 -5 -5 -4 -6 -4  5 0 0 1 0 0.03
-5 -7 -7 -6 -7 -6 -6 -7 -7 -7 -7 -5 -7 -8  9 -5 -6 -8 -7 -7 0 0 1 0 0.03
 0 -1 -2  2 -6  0  6 -4 -3 -6 -5  1 -4 -6  2 -2 -1 -5 -5 -4 1 0 0 1 0.03
 5 -4 -5 -5 -3 -4 -4 -3 -5 -1 -3 -3 -3 -5  0 -3 -3 -6 -5  5 1 0 0 0 0.01
-5 -6 -7 -7 -5 -6 -7 -7 -7 -1  7 -6 -1 -3 -7 -6 -5 -5 -5 -3 1 0 0 0 0.02
-2  6 -4 -4 -6  5 -2 -5  0 -2 -3  1 -4 -5 -5 -4 -4 -1 -4  2 1 0 0 1 0.03
-4 -2 -5 -3 -7 -4 -4 -4 -4 -7 -7  0 -6 -7  8 -2 -4 -8 -7 -6 1 0 0 1 0.04
-6 -6 -6 -8 -7 -6 -6 -7 -2 -5 -4 -6 -4  3 -7 -6 -6  2 10 -5 1 0 0 1 0.04
-4 -5 -6 -7 -1 -5 -6 -7 -5 -1  3 -5  9  1 -6 -5 -1 -5 -4  0 1 0 0 0 0.07
-3 -2  0 -3 -6 -4 -5  7 -2 -7 -7 -2 -6 -7 -6 -3 -5 -6 -6 -7 0 0 1 1 0.09
-2 -1 -1 -3  0 -2 -3  6 -4 -3 -2 -1 -1  1 -5 -2  1 -5 -4 -2 0 0 1 1 0.09
-1  0 -1  3 -4  1  2 -4 -2  0  1  1  0 -3 -3 -1 -1 -4 -3  0 0 0 1 1 0.14
-2  3 -2  0 -3 -1  4 -4 -2 -2 -3  1 -3 -3 -3 -1  1 -4 -2  1 0 1 0 1 0.17
-2 -1 -5 -5 -1 -4 -4 -6 -4  5  1 -1 -1 -2 -5 -4 -2 -2 -2  4 0 1 0 0 0.14
-2 -4 -4 -3 -3 -3  0 -4 -4  5  2 -3 -1 -2 -2 -2  2 -4 -3  0 0 0 1 1 0.12
 2  2 -2 -2 -4 -1  2 -2 -2 -3 -3  3 -2 -4  2  0  1 -4 -4 -2 0 0 1 1 0.18
-3 -4 -5 -3 -6 -3 -2 -5 -2 -6 -6  0 -5 -6  8 -3 -4 -6 -6 -5 0 0 1 1 0.19
 1  1  1 -2 -3  1  1 -1 -1 -2 -3  3 -2 -4 -2  0  2 -4 -3  1 0 0 1 1 0.13
 0  2  2  0 -2  1 -1 -3  6 -4 -4  3 -3 -3 -3 -1 -1 -3  1 -3 0 0 1 0 0.25
 0 -1 -1 -2 -2 -1  0 -1 -3  2  0  0  1  0 -2 -1  1 -3 -2  3 0 0 1 0 0.30
-2 -3 -3 -3 -4 -2 -2  1 -3 -4 -4 -2 -4 -5  8 -2 -2 -5 -4 -4 0 0 1 1 0.30
-1 -2 -3 -3 -2 -2  0 -3 -3  1  3 -2  1  2 -3 -2 -1 -2  0  2 0 0 1 0 0.21
-1  3  2 -1 -3  4  0 -2  0 -3 -3  2 -2 -3 -2  1 -1 -3 -2 -3 0 1 0 1 0.26
 1 -1 -2 -3 -2 -1 -2 -2  0 -2 -2  1 -1  1 -2 -1 -1  1  6 -2 0 1 0 0 0.28
-2 -3 -3 -3 -2 -3 -3 -4 -3  4  2 -3  1  1 -3 -3 -1 -2 -1  2 0 0 1 1 0.31
 0 -3 -1 -2 -3 -2 -3  6 -3 -4 -4 -2 -3 -4 -3  0 -2 -3 -4 -4 0 0 1 0 0.42
 0 -2 -2  1 -3 -1 -1 -2 -2 -3 -3  0 -3 -4  7 -1 -1 -4 -3 -3 0 0 1 1 0.47
 0 -1  6  0 -3 -1 -1  3 -1 -4 -4 -1 -3 -4 -3  0 -1 -4 -3 -3 0 0 1 1 0.49
-1  2 -1 -1 -4  6  3 -3  0 -4 -3  1 -1 -4 -2 -1 -1 -3 -2 -3 0 0 1 1 0.51
-2  3 -1  1 -4 -1 -1 -3  2 -4 -3  0 -3 -4  6 -1 -2 -4 -2 -3 0 0 1 1 0.58
-1  2  0  0 -4  3  3 -2  0 -3 -3  3 -2 -3 -2  0 -1 -3 -1 -3 0 0 1 1 0.65
-1  4 -1 -2 -3  1  0 -2 -1 -2 -1  4 -1 -3  1 -1 -1 -3 -2 -2 0 0 1 1 0.74
-1  2 -1  0 -3  0 -1 -2 -2 -3 -3  2 -3 -4  7 -1 -1 -4 -3 -3 0 0 1 1 0.88
 0  3  0 -1 -3 -1 -1  3 -2 -3 -3  0 -2 -3  4  0 -1 -3 -3 -3 0 0 1 1 0.91
-2  4 -2 -3 -2 -1 -2 -3 -2  0  3  0  1  0 -3 -2 -1 -2 -1  0 0 0 1 0 0.93
-1  2 -2 -2 -3 -1 -1 -3 -2 -3 -3  0 -3 -4  8 -1 -1 -4 -3 -3 0 0 1 1 0.89
 1 -2 -1 -1 -2 -2 -2  5 -2 -3 -2 -2  0 -3  0  0 -1 -3 -3 -2 0 0 1 1 0.93
-1  0 -1 -1 -3  5  1 -2  0 -3 -2  1 -1 -2  4 -1 -1 -2  1 -2 0 0 1 1 0.96
 0 -1 -2 -1 -3 -1 -1 -2 -2 -3 -3  1 -2 -4  7  0 -1 -4 -3 -2 0 0 1 1 0.95
 4 -1 -2 -2 -1 -1 -1  0 -2  0 -1  1 -1 -2 -1  1  0 -3 -2  1 0 0 1 1 0.95
 1 -2 -1 -2 -1 -1 -1 -2 -2  1  0 -1  0 -1  1  2  1 -3 -2  2 0 0 1 1 0.95
 1 -1  1  0 -1  0  0  0 -1 -3 -3  0 -2 -3 -1  4  1 -3 -2 -2 0 0 1 1 0.96
