-2 -2 -3 -4 -2 -2 -3 -4 -3  1  4 -3  3  2 -3 -2 -1 -1  0  1 0 0 1 1 0.96
 1 -2 -1 -1 -2 -2 -2  6 -2 -4 -3 -2 -3 -3 -2  0 -1 -3 -3 -3 0 0 1 1 0.92
 0 -2  0 -1 -2 -2 -2  6 -2 -4 -4 -1 -3 -3 -2  1 -1 -3 -3 -3 0 0 1 1 0.88
-1 -3 -3 -4 -2 -3 -3 -3 -2  1  1 -3  2  5 -3 -2 -1  0  2  2 0 0 1 0 0.85
 0 -1  0 -1 -1 -1 -1 -2 -2 -1 -1 -1 -1 -2 -1  1  5 -3 -2  0 0 0 1 1 0.84
-1  1  0 -1 -3  5  2  1  0 -3 -2  1 -1 -3 -2  0 -1 -2 -2 -3 0 0 1 1 0.83
 0 -2  0  1 -3 -2 -1  6 -2 -4 -4 -2 -3 -3 -2  0 -2 -3 -3 -3 0 0 1 1 0.78
-1  1  3  0 -3  5  1 -1  0 -3 -3  1 -1 -3 -2  0 -1 -3 -2 -3 0 0 1 1 0.76
-2  0  6  1 -3  1  0 -1  0 -3 -4  0 -2 -3 -2  0  0 -4 -2 -3 0 1 0 1 0.66
-2 -3 -3 -3 -2 -3 -3 -4 -3  4  1 -3  2  2 -3 -2 -1 -2  0  2 0 0 1 0 0.65
 0 -2 -1 -2 -2 -2 -2  0 -1 -1 -1 -2 -1  5 -2  2  0  0  2 -1 0 0 1 1 0.63
-1  1  2  0 -2  0  2 -2 -1 -2 -2  0 -1 -3 -1  1  3 -3 -2 -1 0 0 1 1 0.52
-1 -1  2  5 -4  0  3  1 -1 -3 -4  0 -3 -4 -2  0 -1 -4 -3 -3 0 0 1 1 0.52
 0 -1  0 -1 -1 -1 -1 -1 -2 -1 -2 -1 -1 -2 -1  3  4 -3 -2 -1 0 1 0 0 0.50
-1 -3 -3 -3 -1 -3 -3 -4 -3  3  1 -3  1 -1 -3 -2  0 -3 -1  4 0 1 0 0 0.40
-1 -3 -3 -4 -2 -3 -3 -3 -2  1  1 -3  1  5 -3 -2 -1  0  2  2 0 1 0 0 0.36
 4 -2 -2 -2 -1 -1 -1  0 -2 -2 -2 -1 -1 -2 -1  1  0 -3 -2  0 0 1 0 0 0.33
 4 -2 -2 -2 -1 -1 -1  0 -2 -2 -2 -1 -1 -2 -1  1  0 -3 -2  0 0 1 0 0 0.25
 0  0  0  1 -3  1  4 -1  0 -3 -3  0 -2 -3 -1  2  0 -3 -2 -2 0 0 1 1 0.19
 0 -2 -2 -3 -1 -2 -2 -3 -3  2  1 -2  0 -1 -2  0  2 -3 -1  3 0 0 1 1 0.20
-1 -3 -3 -3 -1 -3 -3 -4 -3  4  2 -3  1  0 -3 -2 -1 -3 -1  3 0 0 1 1 0.19
 0 -1 -1  0 -2  1  2 -2 -1 -3 -3  0 -2 -3  6  2  0 -3 -2 -2 0 0 1 1 0.15
 2 -2 -1 -2 -2 -2 -2  5 -2 -3 -3 -1 -2 -3 -2  0 -1 -3 -3 -2 0 0 1 1 0.20
 1 -1  0  0 -1  0  0 -1 -1 -3 -3  0 -2 -3 -1  5  1 -3 -2 -2 0 0 1 0 0.20
 4 -2 -2 -2 -1 -1 -1 -1 -2  0 -1 -1 -1 -2 -1  1  0 -3 -2  2 0 0 1 0 0.18
 3 -2 -2 -2 -1 -1 -1 -1 -2 -1 -1 -1 -1 -2  4  0  0 -3 -2  1 0 1 0 0 0.13
 0  0  0 -1 -2  0  0 -2 -2 -1 -2  2 -1 -3 -1  1  4 -3 -2 -1 0 1 0 1 0.13
 1 -2 -3 -3 -1 -2 -2 -2 -3  1  3 -2  1  0 -2 -1 -1 -2 -1  0 0 1 0 0 0.14
-2 -1  6  1 -3  0 -1 -1  0 -4 -4  0 -3 -3 -2  0  0 -4 -2 -3 0 0 1 1 0.10
 0 -2 -1 -2 -1 -1 -1 -2 -2  2  0 -1  0 -2 -2  1  4 -3 -2  1 0 0 1 1 0.09
 2 -1  1 -1 -1 -1 -1 -1 -1  0 -1 -1 -1 -2 -1  2  3 -3 -2  0 0 0 1 1 0.07
-1 -2 -3 -4 -1 -2 -3 -4 -3  3  3 -2  4  0 -3 -2 -1 -2 -1  1 0 0 1 1 0.05
 0  0 -1 -1 -2  0 -1 -2 -2  0 -1  2 -1 -2 -1  1  4 -3 -2  1 0 0 1 1 0.04
 0  1  0 -1 -3  1  0 -1 -1 -3 -3  4 -2 -3 -1  2  0 -3 -2 -2 0 0 1 0 0.03
-2 -1  5  1 -3  1  3 -1  0 -4 -4  0 -2 -3 -2  0  0 -4 -2 -3 0 0 1 0 0.03
-1 -2 -3 -3 -2 -2 -3 -3 -1  3  1 -2  3  1 -3 -2 -1  0  4  2 0 1 0 0 0.02
-1  0  3  0 -3  5  1 -1  0 -3 -3  1 -1 -3 -2  1  0 -3 -2 -3 0 1 0 1 0.02
-1 -1  5  0 -2 -1 -1  1 -1  1 -1 -1 -1 -2 -2  0 -1 -3 -2  0 0 0 1 1 0.02
 0 -3 -1 -2 -3 -2 -2  6 -2 -4 -4 -2 -3 -4 -2 -1 -2 -3 -3 -4 0 0 1 1 0.02
-2  2  6  1 -3  0  0 -1  0 -4 -3  1 -2 -3 -2  0  0 -4 -2 -3 0 1 0 1 0.02
 4 -2 -1 -2 -1 -1 -1  0 -2 -2 -2 -1 -1 -3 -1  2  0 -3 -2 -1 0 1 0 0 0.01
-2 -2 -3 -4 -2 -2 -3 -4  1  0  2 -2  0  2 -3 -2 -2  1  6 -1 0 1 0 0 0.01
-1 -3 -3 -3 -1 -3 -3 -4 -4  4  1 -3  1 -1 -3 -2 -1 -3 -2  3 0 1 0 0 0.01
-1 -2  0  5 -3 -1  1 -2 -2  0 -2 -1 -2 -3 -2 -1 -1 -4 -3  2 0 1 0 0 0.01
-2  3 -2 -3 -2 -1 -2 -3 -2  2  3  0  1 -1 -3 -2 -1 -2 -2  1 1 0 0 0 0.01
-1 -2 -2 -3 -2 -1 -2 -3  1 -1 -1 -2 -1  2 -3  1 -1  1  6  0 1 0 0 1 0.01
-2 -2  1  6 -4 -1  1 -2 -1 -4 -4 -1 -4 -4 -2 -1 -1 -5 -4 -4 1 0 0 0 0.01
 0 -2 -2 -2 -1 -1 -1 -2 -2  2  0 -1  0 -1 -1 -1  0 -2 -1  3 1 0 0 0 0.01
-1  2  0 -1 -2  1  1 -1 -1 -2 -2  4 -1 -2 -1  0 -1 -2 -1 -2 1 0 0 1 0.01
-1 -1  3  0 -1 -1 -1 -1 -1  0  2 -1  0 -1 -1  0  0 -2 -1  0 0 0 1 1 0.01
 0  0 -1 -1 -3 -1 -1  5 -2 -4 -4  2 -2 -3 -2  0 -1 -3 -3 -3 0 0 1 1 0.01
-1  1 -1 -1 -3  1  1 -2 -1  0  0  4 -1 -2 -2 -1 -1 -3 -2  1 0 0 1 1 0.01
-2 -3 -4 -4 -2 -3 -4 -4 -3  5  1 -3  2  0 -3 -3 -1 -3 -2  2 0 0 1 0 0.01
-2  0  2  5 -4  0  1 -2 -1 -3 -4  2 -3 -4 -2  0 -1 -4 -3 -3 0 0 1 1 0.01
-1 -3 -2 -2 -3 -2 -2 -3 -3 -3 -3 -1 -3 -4  8 -1 -2 -4 -3 -3 1 0 0 0 0.01
-1 -1 -2 -1 -2  1  3 -3 -2  0  3 -1  1 -1 -2 -2 -1 -2 -2  0 1 0 0 1 0.01
-1  0  3  3 -3  4  1 -2  0 -3 -3  1 -2 -4 -2  0 -1 -3 -2 -3 1 0 0 1 0.01
-2 -2 -3 -4 -2 -2 -3 -4 -1  1  3 -3  1  3 -3 -3 -2  0  3  0 0 1 0 0 0.01
-1 -3 -3 -4 -1 -3 -3 -4 -4  4  1 -3  1 -1 -3 -2 -1 -3 -2  3 0 1 0 0 0.01
 0 -1  2  1 -2 -1 -1 -2 -1  0 -1  1 -1 -2 -2  0  1 -3 -2  2 0 1 0 1 0.01
-2 -2 -3 -4 -2 -2 -3 -4 -1  1  3 -3  1  1 -3 -3 -2  0  4  0 0 1 0 1 0.01
-1 -1  2  0 -3  0  2 -2 -1 -3 -3  0 -3 -4  6 -1 -1 -4 -3 -3 0 0 1 1 0.01
 0  0  0  0 -2  3  3 -2 -1 -3 -3  0 -2 -3  2  2  0 -3 -2 -2 0 0 1 1 0.01
 0 -2  2 -1 -3 -2 -2  5 -2 -4 -4 -1 -3 -3  3  0 -1 -3 -3 -3 0 0 1 1 0.01
-2 -2 -3 -4 -3 -2 -3 -4  1 -1  1 -3  0  4 -3 -2 -2  1  6 -1 0 0 1 0 0.01
 0  0  0 -1 -2  0  0 -2  4 -2 -2  1 -1 -2 -1  2  3 -3 -1 -1 0 1 0 1 0.01
 3 -2 -2 -3 -1 -2 -2 -1 -2  1  0 -2  0 -2 -2  0  0 -3 -2  2 0 1 0 0 0.01
-1  1  2  0 -3  4  1 -2  0  0 -2  2 -1 -3 -2  0 -1 -3 -2 -1 0 1 0 1 0.01
-1 -2 -1 -2 -2 -1 -2 -2  1 -2 -2 -2 -2  2 -2  2 -1  1  6 -2 0 1 0 0 0.01
-1 -2 -3 -4 -2 -2 -3 -4  0  0 -1 -2 -1  2 -3 -2 -1  1  6  2 0 1 0 0 0.01
-1 -3 -3 -4 -1 -3 -3 -4 -3  4  1 -3  1  2 -3 -2 -1 -2  0  3 0 1 0 0 0.01
 0  3  0 -1 -2  0  0 -1 -1 -3 -2  3 -2 -3 -1  2  1 -3 -2 -2 0 1 0 1 0.01
-1  1  0 -1 -3  5  1 -2  0 -3 -3  3 -1 -4 -2  0 -1 -3 -2 -3 0 1 0 0 0.02
 0 -3 -1 -2 -3 -2 -3  6 -2 -4 -4 -2 -3 -4 -3 -1 -2 -3 -3 -4 0 0 1 1 0.02
 1  0  0 -1 -2  0 -1  3 -2 -2 -3  2 -2 -3 -1  2  2 -3 -2 -2 0 0 1 1 0.02
-1  2  2  2 -3  2  2 -2  0 -3 -3  3 -2 -3 -2  0 -1 -3 -2 -3 0 1 0 1 0.02
-2 -2 -3 -4 -2 -2 -3 -4  1  1 -1 -2 -1  2 -3 -2 -2  1  7  1 0 1 0 1 0.02
-2 -2 -3 -3 -3 -2 -2 -3  0 -2 -1 -2 -1  4  5 -2 -2  1  5 -2 0 1 0 0 0.02
 1 -1  0 -1 -1 -1 -1  2 -2 -2 -2 -1 -2 -3 -1  3  3 -3 -2 -1 0 0 1 1 0.03
-1  0  3  4 -3  2  1 -1 -1 -3 -3  1 -2 -3 -2  1 -1 -4 -3 -3 0 0 1 1 0.03
-1 -3 -3 -3 -2 -2 -3 -3 -3  3  0 -2  0 -1  4 -2 -1 -3 -2  3 1 0 0 0 0.03
 0 -1  2 -1 -1 -1 -1 -1 -1  0 -1 -1 -1 -2 -2  3  1 -3 -2  2 1 0 0 1 0.03
-1  1  0  0 -4  4  3 -2  0 -3 -3  3 -1 -4 -1  0 -1 -3 -2 -3 1 0 0 1 0.03
-1 -1  1 -2 -2 -1 -2 -3 -2  1  3  1  1 -1 -3 -2 -1 -2 -2  0 0 0 1 0 0.03
-1  3  0 -1 -3  4  1 -2  0 -3 -2  2 -1 -3 -2  0  2 -3 -2 -2 0 0 1 1 0.03
 1 -2 -1 -2 -1 -1 -1 -2 -2  1 -1 -1  0 -2 -2  2  3 -3 -2  2 0 0 1 1 0.04
 0 -2 -1 -2 -2 -1 -1 -2 -2  0 -1 -1 -1 -3  4  0  4 -3 -2  1 0 0 1 1 0.03
 0 -3 -1 -2 -3 -2 -3  6 -2 -4 -4 -2 -3 -4 -3 -1 -2 -3 -3 -4 0 1 0 1 0.03
 2  1 -1 -1 -1  0 -1  0 -1 -2 -1  0  1 -2 -1  2  1 -3 -2 -1 0 1 0 1 0.02
 4 -2 -2 -2 -1 -1 -1 -1  0 -2 -2 -1 -1  0 -2  0 -1  0  4 -1 0 1 0 0 0.02
 0  2  0 -1 -2  0  0 -2 -1 -2 -2  3 -1 -3 -1  2  2 -3 -2 -2 0 1 0 1 0.01
-1 -3 -4 -4 -1 -3 -3 -4 -4  4  2 -3  1  0 -3 -3 -1 -3 -2  3 0 1 0 0 0.01
-1 -1  3 -1 -2 -1 -1 -2 -1 -1 -1 -1  1 -2 -2  1  4 -3 -2 -1 0 1 0 0 0.01
-2 -2 -3 -4 -3 -2 -3 -4  1 -2 -1 -2 -1  3 -3 -2 -2  2  7 -2 0 1 0 0 0.01
-1  3  4  0 -3  0 -1 -2  0 -3 -3  1 -2 -3 -2  0  2 -3 -2 -2 0 1 0 1 0.01
-1 -3 -4 -4 -1 -3 -3 -4 -3  4  3 -3  1  0 -3 -3 -1 -3 -1  2 0 1 0 0 0.01
-2 -2 -3 -3 -2  1 -2 -3 -2  1  3 -2  2  3 -3 -2 -1 -1  0  0 0 1 0 0 0.01
-1 -1  1  5 -3  0  1  1 -1 -3 -3  1 -2 -3 -2  0  1 -4 -3 -3 0 0 1 0 0.02
 1  0  0  0 -2  1  3 -1 -1 -3 -3  1 -2 -3 -1  2  1 -3 -2 -2 0 0 1 1 0.02
 0  0  2  4 -3  0  1 -1 -1 -3 -3  2 -2 -3 -2  0  0 -4 -3 -2 0 0 1 1 0.02
 0 -2  0  2 -3 -2 -1  5 -2 -4 -4 -2 -3 -4 -2 -1 -2 -3 -3 -4 0 0 1 1 0.03
-1 -1  3  0 -2  1  2 -1  0 -2  0  0 -1 -2 -2  2  0 -3 -2 -2 0 0 1 1 0.03
-1 -2 -2  1 -3 -2 -1 -2 -2 -3 -3 -1 -3 -4  8 -1 -1 -4 -3 -3 0 1 0 1 0.04
-1 -1 -1 -2 -2 -1 -1 -3  6  0 -1 -2 -1  0 -3 -2 -1 -1  4  2 0 0 1 0 0.04
-1 -1  1 -2 -2 -1 -2 -3 -1  1  0  0  0  0 -2 -1  1 -1  3  2 0 1 0 1 0.04
-1  1  0 -1 -3  0  0  3 -1 -3 -3  4 -2 -3 -2  0 -1 -3 -2 -3 0 0 1 0 0.04
 1 -1  0  0 -2  0  2 -1 -1 -2 -2  0 -2 -3  3  3  2 -3 -2 -2 0 0 1 1 0.04
-2 -2  1  7 -4 -1  1 -2 -1 -4 -4 -1 -4 -4 -2 -1 -1 -5 -4 -4 0 0 1 1 0.03
 0 -3 -1 -2 -3 -2 -2  6 -2 -4 -4 -2 -3 -4 -3 -1 -2 -3 -3 -4 0 0 1 1 0.02
-1  1  0 -1 -3  6  2 -2  0 -3 -3  1 -1 -4 -2  0 -1 -2 -2 -3 0 0 1 1 0.02
 1 -2 -3 -3 -1 -2 -2 -2 -3  3  1 -2  1 -1 -2 -1  0 -3 -2  2 0 1 0 1 0.02
-2 -2  0  5 -3 -1  0 -2 -2  1 -1 -1 -1 -2 -2 -1 -1 -4 -3  1 0 0 1 0 0.01
-1 -3 -3 -3 -1 -2 -3 -3 -3  4  1 -2  1 -1 -3  0  0 -3 -2  3 0 1 0 1 0.01
-1  3 -2 -3 -2 -1 -2 -3 -2  1  0  0  0 -2 -3 -2 -1 -3 -2  3 0 1 0 0 0.01
 0 -1  3  0 -2  0  0 -1 -1 -3 -3  0 -2 -3 -1  4  1 -3 -2 -2 0 1 0 1 0.01
-1 -3 -3 -4 -1 -2 -3 -4 -3  3  3 -3  1  0 -3 -2 -1 -2 -1  3 0 1 0 0 0.01
 1 -1  4  0 -2 -1 -1 -1 -1 -1 -2 -1 -2 -3 -2  2  0 -3 -2  0 0 1 0 1 0.01
-1 -2 -3 -3 -1 -2 -3 -3 -3  2  3 -2  1  0 -3 -2  1 -2 -1  2 0 1 0 0 0.01
-1 -2 -1 -2 -2 -1 -2 -2  0 -1 -1 -1 -1  0 -2  0  4  0  4 -1 0 1 0 0 0.01
-1 -3 -3 -4 -2 -3 -3 -4 -3  3  1 -3  1  4 -3 -2 -1 -1  1  3 0 1 0 0 0.01
-2 -2 -3 -4 -3 -2 -3 -4  1 -1  0 -2 -1  3 -3 -2 -2  2  7 -1 0 1 0 0 0.01
-2 -1  4  5 -3  1  1 -1  0 -4 -4 -1 -3 -4 -2  0 -1 -4 -3 -3 0 0 1 0 0.01
 0 -1  1 -1 -2 -1 -1 -1 -1 -2 -3 -1 -2 -3  5  3  2 -3 -2 -2 0 0 1 0 0.01
 0 -1  0  0 -1  0  2 -1 -1 -2 -2  0 -1 -2 -1  2  3 -3 -2 -1 1 0 0 1 0.01
 1 -2 -1 -1 -2 -1  0 -1 -2 -1 -1 -1  1 -2  5  0  1 -3 -2  0 1 0 0 1 0.01
 1 -2 -3 -3 -1 -2 -2 -2 -2  1  3 -2  1  0 -2 -1 -1 -2 -1  1 1 0 0 0 0.01
-2  5 -1 -2 -3  0 -1 -3 -1 -1  2  2  0 -2 -3 -1 -1 -3 -2 -1 1 0 0 0 0.02
-2 -1  2  5 -4  0  2 -2 -1 -3 -4  1 -3 -4 -2  0 -1 -4 -3 -3 1 0 0 1 0.02
-1  2  2 -1 -2  0  0 -2 -1  1 -1  3 -1 -2 -2  1  0 -3 -2  0 1 0 0 0 0.02
-2 -3 -4 -4 -2 -3 -4 -4 -4  5  2 -3  1  0 -3 -3 -1 -3 -2  2 1 0 0 0 0.03
-2  0  3  4 -3  0  2 -1 -1 -3 -3  2 -3 -4 -2  0 -1 -4 -3 -3 1 0 0 1 0.03
-1  0  0  2 -4  1  5 -2 -1 -3 -3  3 -2 -4 -1  0 -1 -3 -2 -3 1 0 0 1 0.04
-1 -3 -3 -4 -1 -3 -3 -4 -3  3  1 -3  1 -1 -3 -2  0 -3 -1  4 1 0 0 0 0.05
-1  2  1  0 -3  1  3 -2 -1  1 -1  2 -1 -2 -2 -1 -1 -3 -2 -1 1 0 0 0 0.06
-1  1  1  0 -3  1  3 -2 -1 -3 -3  3 -2 -3 -1  0  2 -3 -2 -2 1 0 0 1 0.07
-1  1  4  3 -3  0  1 -1  0 -3 -3  3 -2 -3 -2  0 -1 -4 -2 -3 1 0 0 1 0.08
 3 -2 -2 -2 -1 -2 -2 -1 -2  2  0 -2  0 -2 -2  0  0 -3 -2  1 1 0 0 0 0.07
-1  0  4  3 -3  0  2 -1  0 -3 -3  1 -2 -3 -2  0  1 -4 -2 -3 0 0 1 1 0.09
-2 -1  1  6 -4  0  3 -2 -1 -4 -4 -1 -3 -4 -2  0 -1 -4 -3 -3 0 0 1 1 0.10
-1 -2  3 -1 -3 -1 -1  1 -2 -3 -3 -1 -3 -4  7 -1 -1 -4 -3 -3 0 0 1 1 0.11
-1  1  4  0 -3  2  0 -1  0 -3 -3  4 -2 -3 -2  0 -1 -4 -2 -3 0 0 1 1 0.13
-3 -3 -4 -4 -3 -2 -3 -3 -1 -3 -2 -3 -2  2 -4 -3 -3 10  5 -3 0 1 0 0 0.12
 0 -1  0  2 -1  0  0 -1 -1 -2 -2  0 -1 -2 -1  3  2 -2 -2 -1 0 0 1 0 0.10
-1 -1  0  4 -2  1  3 -1  0 -2 -2  0 -2 -2 -1  0 -1 -2 -2 -2 1 0 0 1 0.09
-1  0  1  2 -3  3  2  2  0 -3 -3  1 -2 -3 -1  0 -1 -2 -2 -2 1 0 0 1 0.09
 0 -1  4  0 -2  0  0 -1 -1 -3 -3  0 -2 -3 -1  4  1 -3 -2 -2 1 0 0 0 0.09
-1  5 -1 -2 -3  0 -1  3 -1 -4 -3  1 -2 -3 -2 -1 -2 -3 -2 -3 1 0 0 0 0.09
-1  0  2  4 -3  0  3 -2 -1 -3 -3  1 -2 -3 -2  0  1 -4 -3 -3 1 0 0 1 0.07
-1  0  0  3 -4  1  5 -2 -1 -3 -3  2 -2 -4 -1  0 -1 -3 -2 -3 1 0 0 1 0.06
-1 -3 -3 -4 -1 -3 -3 -4 -4  3  1 -3  1 -1 -3 -2  0 -3 -2  4 1 0 0 0 0.05
-1  0 -2 -3 -2 -1 -1 -3 -2  1  3  2  1 -1 -2 -2 -1 -2 -2  0 1 0 0 0 0.04
 0  0  0  0 -2  0  3 -2 -1  0 -1  1 -1 -2 -1  1  2 -3 -2  0 1 0 0 1 0.04
 0 -1  0  1 -3  0  1  4 -2 -4 -3  1 -2 -3 -2  1 -1 -3 -3 -3 1 0 0 0 0.04
-2 -3 -4 -4 -1 -3 -3 -4 -3  2  4 -3  2  0 -3 -3 -1 -2 -1  2 1 0 0 0 0.03
-1 -1  0  4 -4  1  4 -2  2 -4 -3  0 -3 -3 -2  0 -1 -4 -2 -3 1 0 0 1 0.03
-1  0  0  2 -2  0  0 -2 -2  0 -1  3 -1 -2 -2  0  2 -3 -2  1 1 0 0 1 0.03
-2 -3 -4 -4 -2 -3 -4 -4 -4  5  1 -3  1  0 -3 -3 -1 -3 -2  2 1 0 0 0 0.03
-1  3  0 -1 -3  1  0 -2 -1 -3 -3  5 -2 -3 -1  0  0 -3 -2 -2 1 0 0 1 0.03
-1  0  4  0 -2  0  1 -1 -1 -1 -2  1 -1 -3 -2  0  2 -3 -2  0 1 0 0 1 0.04
-2 -1  1  6 -4  0  3 -2 -1 -4 -4 -1 -3 -4 -2  0 -1 -4 -3 -3 1 0 0 0 0.05
-2 -3 -4 -4 -1 -3 -3 -4 -3  4  3 -3  1  0 -3 -3 -1 -3 -1  2 1 0 0 0 0.05
-2 -1  1  5 -4  1  4 -2 -1 -4 -4  0 -3 -4 -2  0 -1 -4 -3 -3 1 0 0 1 0.05
-1  0  5  1 -2  0  0  0  0 -2 -2  0 -1 -2 -1  0  0 -2 -1 -2 1 0 0 1 0.06
-2  4  5  0 -3  0  0 -1  0 -4 -3  1 -2 -3 -2  0 -1 -4 -2 -3 0 0 1 1 0.05
-1 -3 -2 -2 -3 -2 -2 -3 -3 -3 -3 -1 -3 -4  8 -1 -1 -4 -3 -3 0 0 1 0 0.05
-1  1  0 -1 -3  2  0 -2 -1 -2 -2  4 -1 -3 -1  0  2 -3 -2 -2 0 0 1 0 0.06
-1  0  0 -1 -2  0  1 -2 -1 -2 -2  2 -1 -3 -1  1  4 -3 -2 -1 0 0 1 1 0.06
-1  0 -1 -1 -3  4  2 -3 -1  2  0  0  0 -2 -2 -1 -1 -3 -2  0 1 0 0 0 0.05
 1 -2 -1  1 -2 -1 -1 -1 -2 -1 -2 -1 -2 -3  5  2  1 -3 -2 -1 1 0 0 1 0.05
-2 -2  3  6 -4  0  1 -1 -1 -4 -4 -1 -3 -4 -2  0 -1 -5 -3 -3 1 0 0 1 0.05
-1 -3 -3 -3 -1 -3 -3 -4 -4  4  1 -3  1 -1 -3 -2 -1 -3 -2  3 1 0 0 0 0.04
 0 -1  2  4 -3  0  0 -1 -1 -3 -3  1 -3 -4  4  0 -1 -4 -3 -3 1 0 0 1 0.04
 1 -1  4  2 -2  0  1 -1  0 -3 -3  0 -2 -3 -2  1  0 -3 -2 -2 1 0 0 1 0.04
-1  1 -1 -2 -3  0  0 -2 -1 -1  1  4  0  1 -2 -1 -1 -2 -1 -1 1 0 0 0 0.04
-2 -3 -4 -4 -2 -3 -4 -4 -4  5  2 -3  1  0 -3 -3 -1 -3 -2  2 1 0 0 0 0.04
-1 -2  1  3 -2 -1 -1 -2 -2  1 -1 -1 -1 -2 -2  1  1 -3 -2  1 1 0 0 1 0.03
-1  0 -1  1 -4  1  5 -2 -1 -2 -1  2 -1 -3 -2 -1 -1 -3 -2 -2 1 0 0 1 0.03
-1 -3 -3 -4 -1 -3 -3 -4 -4  3  1 -3  1 -1 -3 -2  0 -3 -2  4 1 0 0 0 0.03
-2 -1  5  3 -3  0  0 -1  0 -3 -3 -1 -2 -3 -2  0  1 -4 -3 -3 1 0 0 1 0.04
-1 -1  4  1 -3  1  4 -2  0 -2 -2  0  1 -3 -2  0 -1 -3 -2 -2 1 0 0 1 0.05
-1  0 -2 -2 -2  0  1 -3 -2  1  3  2  1 -1 -2 -2 -1 -2 -2  0 1 0 0 0 0.06
-1  0  0  2 -4  1  5 -2 -1 -3 -3  2 -2 -4 -1  0 -1 -3 -2 -3 1 0 0 1 0.07
-1  2  3  0 -3  1  0 -2 -1 -3 -3  5 -2 -3 -2  0 -1 -4 -2 -3 0 0 1 1 0.08
-1  0 -1 -2 -2  3  0 -3 -1  1  2  2  0 -1 -2 -1 -1 -2 -2  0 0 0 1 1 0.09
-2 -2 -4 -4 -2 -2 -3 -4 -3  1  4 -3  2  0 -3 -3 -1 -2 -1  1 0 0 1 0 0.13
-1 -1 -2 -1 -2  0  2 -3 -2  1  0  1  0 -2 -2 -1  1 -3 -2  3 0 0 1 1 0.14
-1 -2  2 -1 -2 -1 -2 -2 -2  0  1 -2  0 -1  4 -1 -1 -3 -2  1 0 1 0 1 0.19
-1  2 -1 -2 -2  0 -1 -2 -2 -1  1  1  0 -2  3  1  1 -3 -2 -1 1 0 0 1 0.23
-1 -2 -1  4 -2 -1  0 -2 -2  1  1 -2  0 -1 -2 -1  1 -3 -2  2 1 0 0 1 0.24
 0 -2 -1 -2 -2 -1 -1 -2 -2 -2 -2 -1 -2 -3  6  0  3 -3 -3 -1 1 0 0 1 0.29
 0 -2  1  5 -2 -1  0 -1 -2 -2 -3 -1 -2 -3 -1  0  3 -4 -3 -2 1 0 0 1 0.45
 3  0 -1 -2 -1  0  0 -1 -1 -2 -2  3 -1 -3 -1  1  0 -3 -2 -1 1 0 0 1 0.63
-2 -2  0  4 -3 -1  0 -2 -2 -1 -1 -1 -2 -3  5 -1 -1 -4 -3 -2 1 0 0 1 0.75
-1  1  0  3 -4  1  3 -2 -1 -3 -3  4 -2 -4 -1  0 -1 -4 -2 -3 1 0 0 1 0.80
-2 -1  3 -1 -3 -1 -1 -2  4 -2 -2 -1 -2  2 -3 -1 -1  1  6 -2 0 0 1 1 0.84
-1 -1  1  5 -3  0  1 -1  3 -3 -4 -1 -3 -3 -2  1 -1 -4 -2 -3 0 0 1 1 0.90
-1 -2 -2 -2 -3 -1 -1 -2  3 -3 -3 -1 -3 -3  7 -1 -1 -4 -2 -3 0 0 1 1 0.92
-1  0  0  1 -3  1  4 -2  6 -3 -3  0 -2 -2 -2 -1 -1 -3  0 -3 0 0 1 1 0.93
-2  0  1 -1 -3  0  0 -2  7 -3 -3 -1 -1 -1 -2 -1 -2 -2  2 -3 0 0 1 1 0.94
-2  0  1 -1 -3  0  0 -2  7 -3 -3 -1 -1 -1 -2 -1 -2 -2  2 -3 0 0 1 1 0.95
