 0 -3  2 -2 -3 -2 -2 -3 -3 -3 -4 -2 -3 -4 -3  4  5 -5 -4 -3 0 0 1 1 0.48
 2 -4 -4 -4 -2 -4 -4 -4 -4  4  0 -4 -1 -2 -4 -2 -1 -4 -3  4 0 0 1 1 0.37
-2 -3 -3 -1 -5 -1  7 -4 -3 -6 -5 -2 -5 -6 -4  2 -1 -6 -5 -5 1 0 0 1 0.25
-3  1  0  5 -6  2  5 -3 -2 -6 -6  0 -5 -6 -4  0 -3 -6 -4 -5 1 0 0 1 0.19
-1  0  1 -1 -4  5 -1 -4 -2  2 -3  0  1 -4 -4  2  2 -5 -4  0 1 0 0 1 0.14
-3 -6 -6 -7 -5 -6 -6 -7 -4  6 -3 -6 -3 -2 -6 -6 -5 -3  8 -2 1 0 0 0 0.11
-4 -2 -4 -2 -7  8 -1 -6 -3 -4 -6  3 -4 -7 -5 -2 -2 -6 -5 -4 1 0 0 1 0.20
-2  0 -4 -5 -5 -3 -2 -4 -5  1 -3  5 -2 -5 -5 -3 -2 -6 -5  5 1 0 0 1 0.31
-4 -3 -5 -6 -5 -4 -4 -6 -5 -1  5  4  1 -3 -5 -5 -2 -5 -4 -2 0 0 1 1 0.26
-3 -2 -2 -1 -5 -2  4 -3 -3 -5 -5  2 -2 -6 -4  2  4 -6 -5 -4 0 0 1 1 0.32
-3 -2 -3 -2 -6  5 -3  5  1 -6 -1 -2 -4 -6  0 -3 -4 -6 -5 -5 0 0 1 1 0.34
-4  0 -6 -6 -5 -5 -5 -7  1  1  6 -2  0 -3 -4 -5 -2 -5 -4 -1 0 0 1 0 0.38
-4 -2 -4  3 -8  0  7 -6 -4 -7 -7 -3 -6 -7 -5 -3 -4 -7 -6 -7 1 0 0 1 0.33
 5 -2 -4 -3 -5 -2 -4 -4  9 -6 -6 -2 -5 -6 -2 -3 -5 -6 -3 -5 1 0 0 1 0.38
-4 -6 -7 -7 -5 -6 -6 -7 -7  6 -2 -6  1 -4 -6 -6 -4 -6 -5  6 1 0 0 0 0.38
-5  6 -5 -6 -6 -3 -4 -6 -5 -1  4 -2 -2 -4 -6 -5 -4 -6 -5 -2 1 0 0 0 0.45
-2  0 -3 -2 -5 -1 -2 -5 -2 -2  3  6  0 -4 -4 -1 -2 -5 -4 -3 0 0 1 1 0.68
-4  8 -2 -6 -3 -3 -3 -7 -1 -5 -5 -2 -6 -7 -6 -4 -5 -7 -6 -7 0 0 1 0 0.77
-5 -7 -7 -6 -8 -6 -6 -7 -7 -8 -8 -6 -7 -8  9 -5 -6 -9 -8 -7 0 0 1 0 0.71
 0 -5 -1  6 -6 -4 -3  5 -5 -7 -7 -4 -6 -7 -5  0 -4 -7 -6 -6 0 0 1 1 0.71
-4 -5 -5 -6 -5 -4 -5 -4 -6 -3 -2 -5  9 -5 -6  0  5 -6 -5 -4 0 0 1 0 0.77
-7 -7 -7 -8 -7 -6 -7 -8 -3 -6 -6 -7 -6 -2 -8 -4 -6 -2 10 -6 0 1 0 0 0.72
-5 -7 -7 -7 -5 -7 -7 -8 -7  8 -2 -7 -1 -4 -7 -6 -5 -7 -5  1 0 1 0 0 0.70
-4 -6 -5 -5 -7 -3 -6  8 -6 -8 -8 -6 -7 -7 -6 -4 -6 -7 -7 -7 0 1 0 0 0.68
-3 -5 -1  4 -5 -4 -3 -2 -5 -6 -6 -4 -5 -6  0  6  0 -7 -6 -5 0 0 1 0 0.65
-2 -2 -2 -4 -1 -3 -3 -4 -4  3 -2 -3 -2 -3 -2 -2  5 -4 -3  4 0 0 1 0 0.46
-1 -2 -1  3 -4  0  5  1 -2 -3 -4 -1 -3 -4 -3  1 -2 -4 -4 -4 0 0 1 1 0.42
-1  1  0  2 -3  0  1 -2  0 -2 -1  2  0 -2  3  0  0 -3 -1 -1 0 0 1 1 0.38
 0  0  0 -1 -2  1  0  1  1  0 -1 -1  0 -1 -1  0  1 -2 -1  0 0 0 1 1 0.37
-1 -1  0  0 -2  0  2 -1 -1 -2 -2  0 -1 -2  0  1  3 -2 -2 -1 0 0 1 1 0.27
-1  0  0  1  0  3  2 -1 -1 -1 -1  0  1 -1 -1  0  0 -1 -1 -1 0 0 1 1 0.26
 0  0  1  0 -1  2  1 -1  0 -1 -1  0 -1 -1  2  0  0 -1 -1  0 0 1 0 1 0.22
-1 -1 -1 -1  1  0 -1 -1 -1  0  1 -1  6 -1 -1 -1  0 -1  0  0 0 1 0 0 0.16
-2 -2 -2 -2 -2 -1 -2 -2 -1 -2 -1 -2 -1  1 -1 -1 -1 10  1 -2 0 1 0 0 0.14
-1 -1 -1 -1  0 -1 -1 -1 -1  2  0 -1  0 -1 -1 -1  0  1 -1  4 0 1 0 0 0.14
-1 -1 -1 -1 -1 -1 -1 -1  1  0  0 -1 -1  3 -1 -1 -1  3  5 -1 0 1 0 0 0.14
-1 -1  3  3 -1  0  1 -1 -1 -1 -1  0 -1 -1 -1  0  0 -1 -1 -1 0 0 1 1 0.12
-1  0  1  1 -2  0  3  0 -1 -1 -1  1 -1 -2  0  0  0 -1 -1 -1 0 0 1 1 0.10
 0 -1  0  2 -1  0  2  1 -1 -1 -1  0 -1 -2  0  0  0 -1 -1 -1 0 0 1 1 0.10
 0  0  1  0 -1  0  1  0 -1 -1 -1  1 -1 -1  0  0  1  0  0  0 0 0 1 1 0.11
 0  1  0 -1  1  1  0  1  0 -1 -1  1 -1 -1  0  0  0 -1  0 -1 0 0 1 1 0.09
-1 -1 -1 -1 -1 -1 -1 -1 -1  2  0 -1  6  0 -1 -1 -1 -1 -1  0 0 1 0 0 0.11
 0  0  0 -1 -1  0  1 -1  0  1  0  0  0 -1  0  0  0 -1 -1  2 0 1 0 1 0.11
-1  0  0 -1  1  1  0 -1  1 -1  0  0  0  1  0  0  0  0  2 -1 0 1 0 1 0.11
-1  4 -1 -1 -2  0  0 -1 -1 -1 -1  3 -1 -2 -1 -1 -1 -1 -1 -1 0 1 0 1 0.10
 0  0  1  1 -1  1  2 -1  0 -1 -1  1 -1 -1  0  0  0 -1 -1 -1 0 1 0 1 0.08
 0 -1 -1 -1  0 -1 -1 -1 -1  3  0 -1  0 -1 -1 -1  0 -1 -1  3 0 1 0 0 0.08
-1  0  1  0 -2 -1 -1 -2 -1 -2 -1  0  0 -2 -1  1  5 -2 -2 -1 0 1 0 1 0.07
-1 -2 -1 -2 -2 -2 -2  0  0  0 -1 -2  0  3 -2  0  0  1  6 -1 0 0 1 0 0.07
 0 -1 -1 -2 -1 -2 -2 -2 -2  2 -1 -1 -1 -1 -1  1  0 -2 -2  4 0 0 1 0 0.07
-2  4 -2 -2 -4 -1 -2 -3 -2 -4 -4  1 -3 -4  6 -2 -2 -4 -3 -3 1 0 0 1 0.07
 0 -6 -4 -5 -6 -6 -6  7 -6 -8 -8 -6 -7 -7 -6 -4 -4 -6 -2 -7 1 0 0 0 0.07
-5 -6 -7 -7 -5 -6 -7 -7 -6 -2  7 -6 -2  1 -7 -6 -5 -5 -3 -2 1 0 0 0 0.08
-6 -5 -4 -6 -3 -3 -5 -6  9 -5 -1 -5 -5  1 -7 -5 -6 -1  6 -6 1 0 0 0 0.13
-5  0 -4 -5 -7 -2 -4 -6  9 -7 -7  5 -6 -6 -6 -4 -5 -7 -3 -7 1 0 0 1 0.11
-5 -6 -7 -7 -2 -5 -6 -7 -6  6  4 -6  5 -1 -6 -6 -3 -5 -4 -1 1 0 0 0 0.21
-4 -6 -6 -7 -5 -6 -6 -7 -5  1 -2 -6 -3  6 -6 -5 -4 -4  0  6 1 0 0 0 0.23
-5 -5 -3  6 -5 -5 -3 -6 -3 -6 -5 -5 -5  3 -6 -5 -5  7  6 -6 1 0 0 0 0.27
-5 -4 -5 -2 -8 -2  8 -6 -4 -7 -7 -4 -6 -7 -5 -4 -5 -7 -6 -6 1 0 0 0 0.28
-4 -6 -6 -7 -4 -6 -6 -4 -7  7 -1 -6 -2 -4 -6 -5 -3 -6 -5  5 1 0 0 0 0.26
-4 -5 -6 -6 -4 -5 -6 -6 -6  2  4 -5  0 -3 -6 -4 -4 -5 -4  5 1 0 0 0 0.29
-4 -5 -3  7 -4 -4 -3 -5 -5 -2 -4 -5 -2 -5 -5 -4 -3 -7 -5  5 1 0 0 0 0.38
-6 -5  9 -3 -7 -4 -5 -5 -1 -7 -8 -5 -6 -7 -6 -4 -4 -8 -6 -7 1 0 0 0 0.37
 5 -5 -4 -4  1 -4 -4  0 -5 -5 -5 -4 -5 -6 -4  5 -3 -6 -5 -4 1 0 0 0 0.40
 4 -2 -5 -6 -3 -5 -5 -5 -5  6 -2 -5 -3 -4 -5 -3 -3 -6 -5  2 1 0 0 0 0.49
-6 -6 -3  9 -8 -5 -3 -6 -5 -7 -8 -4 -7 -8 -6 -3 -5 -8 -7 -7 1 0 0 1 0.50
-4 -4  6 -2 -1 -2  6 -5  1 -2 -6 -3 -5 -6 -5 -4 -4 -7 -5 -3 1 0 0 1 0.41
 5 -2 -3 -4 -3 -3 -3 -4 -1 -4 -4  5 -4 -2 -4  0 -1 -5 -2 -2 1 0 0 1 0.40
-2 -1 -2 -4 -4  3 -3 -5 -2  0  4 -2  4 -3 -5 -3 -3 -5 -4  1 1 0 0 0 0.45
 5  6 -1 -5 -5 -2 -4 -4 -1 -5 -5 -2 -4 -6 -4 -2 -3 -6 -4 -4 1 0 0 1 0.35
-4 -5 -2  5 -2 -3 -1  6 -2 -7 -7 -4 -4 -6 -3 -4 -5 -6 -5 -6 0 0 1 1 0.33
 0 -1 -1 -1 -1  0  0  0  0 -1 -1  1  0 -1  4  0  0 -1 -1 -1 0 0 1 1 0.32
-2 -1  1 -4 -1 -2 -2 -3  4 -4 -4  1 -4  3  0  2  0 -2  6 -4 0 0 1 1 0.25
 1 -6 -5 -5  9 -2 -5 -2 -6 -4 -3 -5  7 -5 -6 -4 -4 -6 -5 -1 0 0 1 0 0.18
-3 -3  3  5 -5 -2 -2 -4 -2 -5 -5  2 -5 -6 -4  2  4 -6 -5 -4 0 0 1 1 0.17
-1  1  1  0  2  0  2 -3  4 -2 -3  1 -1 -2 -3  0  2 -3  0 -2 0 1 0 0 0.18
-5 -6 -5 -6 -5 -6 -6 -7 -7  7  1 -6  0 -2 -6 -5 -3 -6 -5  1 0 1 0 0 0.08
-2  2  1  1 -4  0  2 -3 -1 -1 -3  4 -2 -3 -3  0  0 -2 -2 -2 0 1 0 1 0.06
-3 -6 -6 -7 -4 -6 -6 -7 -7  3 -2 -6 -3 -4 -6 -5 -3 -6 -5  7 0 1 0 0 0.05
-2 -2  1  1 -1 -2  1 -4 -3  1 -3 -1 -2 -1 -4  0  5  1 -3  1 0 1 0 0 0.04
-5 -6 -7 -7 -5 -6 -7 -7 -7  8  1 -6 -2 -3 -6 -5 -4 -6 -4  2 0 1 0 0 0.06
-4 -3  4  5 -5 -2  2 -4  7 -5 -4 -3 -5 -5 -4 -2 -2 -6 -3 -5 0 1 0 1 0.06
 1  2 -1 -2 -2  0 -1 -2 -2 -1 -1  3 -1 -3  4  0  0 -3 -2  0 0 0 1 0 0.08
-2 -3 -2  6 -6 -1  5 -4 -4 -4 -5 -1 -5 -6 -4 -2 -3 -6 -5 -3 0 0 1 1 0.06
 0 -1  2  3 -2  1  1  1 -1 -2 -2  1 -2 -3 -2  1  0 -2 -2 -2 0 0 1 1 0.07
-4 -2  7 -1 -3 -3 -2  4 -3 -7 -6 -3 -4 -6 -5  1 -3 -6 -6 -6 0 0 1 0 0.08
-1 -1 -2 -3 -1 -1  0 -3 -3  0 -1 -1  0 -2 -3  5  1  0 -1  0 0 1 0 0 0.09
-4 -6 -6 -6  0 -6 -6 -6 -6  7 -2 -6 -2 -3 -6 -5 -4 -6 -4  4 0 1 0 0 0.10
-2  0 -3 -4 -1 -2 -2 -4 -3 -4 -4 -1 -2 -5 -4  5  5 -5 -4 -3 0 1 0 0 0.11
-4 -6 -5 -6 -4 -6 -6 -6 -6  4 -2 -6 -2 -2 -6 -5 -3 -6 -5  7 0 1 0 0 0.13
-2  1 -2 -3 -1  0  2 -4 -2  0 -2  0  0  1 -4  0  1  6  3 -1 0 1 0 0 0.09
-5 -5  6  7 -6 -4 -3 -5 -4 -6 -7 -4 -6 -6 -5 -4 -4 -7  0 -6 0 1 0 0 0.13
-5 -4  8  5 -6 -3 -3 -4 -2 -7 -7 -3 -6 -5 -5 -2 -4 -5 -5 -6 0 0 1 1 0.17
-4 -6 -4 -5 -6 -6 -6  8 -6 -7 -7 -5 -6 -7 -6 -4 -5 -6 -7 -7 0 0 1 1 0.21
-3  7 -1 -1 -1 -1 -1 -4 -2 -6 -5  3 -5 -6 -2 -2 -4 -6 -5 -5 0 0 1 1 0.34
-3 -6 -4 -5 -6 -5 -6  7 -6 -7 -6 -5 -6 -7 -3 -3 -5 -6 -7 -7 0 0 1 1 0.42
-4 -6 -7 -7 -5 -6 -7 -7 -7  8 -2 -6  1 -4 -6 -6 -4 -6 -5  1 0 0 1 0 0.40
-4 -6 -6 -2 -7 -5 -5 -5 -6 -7 -7 -5 -7 -7  9 -3 -5 -7 -7 -6 0 0 1 0 0.53
-3 -6 -6 -6 -4 -5 -5 -6 -6  3 -2 -5 -3 -4 -5 -4  2 -6 -5  7 0 0 1 0 0.56
-2 -2 -2  5 -5  0  4  2 -3 -3 -5 -1 -4 -5 -4 -2 -3 -6 -5  1 0 0 1 1 0.61
-4 -3 -3 -4 -4 -2  1 -5 -4  6  0 -1  5 -2 -3 -4 -1 -3 -3  0 0 0 1 1 0.66
-6 -4  0 -5 -7  2 -4 -6 11 -7 -4 -3 -4 -6 -5 -5 -5 -6 -3 -3 0 0 1 0 0.64
-1 -1 -2  0 -5  0  3 -4 -1 -5 -5  4 -4 -4  5 -1 -1 -5 -4 -4 0 0 1 1 0.65
-3 -2 -2 -1 -5  1  4 -2 -3 -2 -4  5 -3 -5 -4 -2  1 -5 -4  0 0 0 1 1 0.58
-2 -3 -3 -2 -5 -1  6 -3  3 -4 -3 -1  1 -4 -3 -2  2 -5  1 -3 0 0 1 1 0.67
-4 -2  2 -1 -6  0 -3  5  0 -6 -6  4 -5 -6 -5 -3 -4 -6 -5 -6 0 0 1 1 0.60
-3  2 -4 -4  1 -2 -3 -5 -4  3  0  3  4 -3 -4 -3 -2 -4 -3  3 0 0 1 0 0.65
-4 -5 -4 -5 -5 -4 -4 -5 -3 -5 -4 -4 -3 -1  5  4 -3  3  6 -5 0 0 1 0 0.60
 5 -5 -3 -5 -4 -4 -4 -3 -5  2 -3 -4 -3 -4 -4 -2  1 -5 -4  3 0 0 1 0 0.49
 2 -5 -5 -5 -3 -5 -5 -5 -5 -2  2 -4 -2 -5  6 -4 -4 -6 -5  3 1 0 0 0 0.35
-1 -3 -4 -3 -6  0  7 -4 -1 -6 -6 -3 -5 -6 -5 -1  0 -6 -6 -5 1 0 0 0 0.20
-3 -5 -5 -6 -4 -5 -5 -6 -5  1  3 -5  4 -3 -5 -4  1 -5 -4  5 0 1 0 0 0.29
-2 -6 -6 -6 -4 -6 -6 -6 -6  6 -2 -6 -2 -1 -6 -5 -3 -6 -4  5 0 1 0 0 0.23
-5 -6 -6 -7 -5 -5 -6 -6 -3 -3  2 -6  7  7 -6 -6 -5 -4  0 -4 0 1 0 0 0.22
-4 -5 -4 -4  0 -5 -4  5 -5 -5 -5 -5 -5 -6 -5 -2  6 -6 -6 -5 0 1 0 0 0.18
-3 -2  0 -4 -2  2 -1 -5  6  2 -3  0  0 -4 -3 -2  0 -5 -2  4 0 1 0 0 0.17
-5 -6 -7 -7 -5 -6 -6 -7 -6  0  7 -6 -1 -3 -6 -4 -5 -1 -5 -3 0 1 0 0 0.16
-5 -3 -4 -5 -6 -2 -5 -2  9 -4  4 -5 -2 -2 -6 -5 -5 -6 -3 -5 0 0 1 0 0.19
 6 -5 -4 -3 -4 -4 -4 -4 -5 -5 -5 -4 -4 -5 -2 -1  5 -6 -5 -4 0 0 1 0 0.20
-3 -4 -4 -3 -5 -5 -5  6 -5 -6 -6 -4 -6 -6 -5  4 -3 -6 -6 -6 0 0 1 1 0.23
-2 -3 -3 -1 -5 -3 -3  6 -5 -6 -6 -4 -5 -1 -5  4 -1 -6 -5 -5 0 0 1 1 0.22
-5 -2  6 -4 -6 -3 -2 -5 -1 -6 -6  7 -5 -6 -5 -4 -4 -7 -5 -4 0 0 1 1 0.30
-6 -6 -6 -7 -1 -6 -4 -7 -2 -3 -4 -6 -4  8 -7 -6 -6 -3  6 -5 0 0 1 0 0.36
-4 -5  2  7 -2 -4 -2  3 -5 -6 -7 -4 -6 -7 -5 -2 -3 -7 -6 -6 0 0 1 1 0.40
-3 -3  2  6 -6  0 -2  3  0 -6 -6  3 -5 -3 -4 -1 -3 -6 -4 -6 0 0 1 1 0.50
-2 -3  4  3 -5  0  1  3 -2 -5 -5  1 -4 -5 -4  1 -1 -6 -5 -5 0 0 1 1 0.57
 0 -3 -1 -2 -4  1  4  3 -3 -4 -5 -2 -4 -5 -4  3  0 -5 -5 -2 0 0 1 1 0.63
-3 -2 -5 -4 -5 -1  0 -5 -3 -4 -4  4 -4 -2 -6 -5 -4 -3  8 -5 0 0 1 0 0.51
-3  1 -4 -5 -7  1 -2 -5 -4 -7 -7  8 -5 -6 -4 -4 -2 -7 -5 -6 0 1 0 1 0.55
-3 -6 -6 -6 -4 -5 -6 -6 -6  2 -2 -6 -3 -3 -6 -5  2 -6 -3  7 0 1 0 0 0.59
-2 -5 -2 -4 -5 -4 -4 -2 -5 -3 -5 -4 -5 -6 -5  6  4 -6 -5  0 0 1 0 0 0.52
-3 -6 -3 -3 -6 -6 -6  7 -6 -3 -7 -6 -6 -7 -6 -4 -6 -6 -7 -7 0 1 0 0 0.60
-4 -4 -4 -5 -6 -5 -2  7 -2 -7 -7 -4 -7 -7 -6 -4 -6 -6 -7 -7 0 1 0 0 0.49
-5  5 -2 -5 -6 -4 -5 -5 -5 -3  5 -2 -1 -4 -6 -5 -5 -6 -5 -4 0 0 1 0 0.38
-6 -5  6 -5 -7 -5 -5 -4 10 -8 -8 -5 -6 -6 -7 -5 -5 -7 -4 -8 0 0 1 0 0.19
-4 -7 -5 -6 -1 -6 -6  8 -6 -8 -8 -6 -7 -7 -6 -5 -6 -7 -7 -7 0 0 1 0 0.15
-5 -6 -7 -7 -5 -6 -6 -7 -5 -2 -3 -4 -4  3 -6 -6 -5 -4  6  6 0 0 1 0 0.12
-5 -7 -5 -6 -7 -6 -7  8 -7 -8 -8 -6 -7 -8 -7 -5 -6 -7 -7 -8 0 0 1 0 0.08
 5 -5 -6 -6 -4 -5 -5 -5 -6  1 -3 -5 -3 -3 -5 -1 -4 -6 -5  4 0 0 1 0 0.07
-3 -4 -4 -5 -6 -4 -4 -5 -3 -7 -7  5 -6 -7 -3  6 -3 -7 -6 -6 0 1 0 0 0.04
-4 -6 -7 -7  4 -6 -6 -7 -5 -2  4 -6 -3 -4 -6 -6 -4 -6 -5  6 1 0 0 0 0.02
 0 -6 -6 -6  6 -6 -6 -6 -6 -2 -4 -6 -4 -5 -6 -3  2 -6 -5  6 1 0 0 0 0.03
-6 -5  9 -3 -7 -5 -5 -5 -4 -7 -5 -5 -7 -7 -7 -4 -5 -8 -7 -7 1 0 0 0 0.02
 6 -5 -6 -6 -4 -5 -5 -3 -6  5 -3 -5 -2 -4 -5 -4 -4 -6 -5  0 1 0 0 0 0.02
-5 -6 -7 -7 -5 -6 -6 -7 -5 -3  5 -6 -2  6 -6 -6 -5  1  2 -3 1 0 0 0 0.02
-3 -5 -4 -5 -4 -5 -5 -5 -6 -7 -7 -5 -6 -7 -5  8 -3 -7 -6 -6 1 0 0 0 0.01
-3 -1 -2  0 -5 -1  4 -5 -1 -4 -3  2 -4 -5 -4  1  5 -6 -5 -2 1 0 0 0 0.01
-4  1 -2 -2 -3 -1  4 -5  2 -4 -4  3 -3 -2 -5 -1 -2  8  1 -4 1 0 0 0 0.01
-4 -5 -5 -6  0 -5 -6 -4 -5 -2  5 -5  2  6 -6 -5 -3 -4 -2 -1 0 1 0 0 0.01
-3 -1 -2  1 -3 -1  4 -4  0  1 -3  1 -1 -4 -4 -1  3 -3 -3  1 0 1 0 0 0.02
 0 -5 -6 -6 -4 -5 -5 -6 -6  3  2 -5  0 -4 -5 -4 -3 -5 -4  6 0 1 0 0 0.02
-4  0 -2 -1 -5  1  6 -5 -1 -2 -4  0 -3 -3 -4 -3  3 -2 -1 -2 0 1 0 0 0.02
-3 -5 -5 -6  1 -4 -5 -6 -6  4 -2 -5 -3 -4 -5 -4  4 -6 -5  5 0 1 0 0 0.01
 2 -2 -1 -2  2  0 -1 -1  0 -1 -1 -1 -1  1 -2 -1  0  4  3  1 0 1 0 0 0.02
-1  1  0  4  2 -1  0  0  0 -1 -1 -1 -1 -2 -1  0  0  0 -1 -1 0 0 1 1 0.02
-1  3  0  0 -2  0  0  0  4 -3 -3  3 -2 -3 -2  1 -1 -2 -1 -3 0 0 1 1 0.02
-3  6  0  0 -2  0  2 -2 -2 -4 -4  2 -1 -5 -4 -1 -1 -5 -4 -3 0 0 1 1 0.03
-2  1  4  4 -4  0  1 -1  2 -4 -4 -1 -3 -3 -4  0  0 -4  2 -3 0 0 1 1 0.03
-3 -1 -2 -4 -2 -1 -2  6 -2 -6 -5  3 -2 -5 -4 -2 -4 -5 -3 -5 0 0 1 1 0.03
-3  0 -1 -4 -3  2 -2 -4  4 -2 -2  6 -1 -4 -4 -3 -3 -5 -4 -3 0 1 0 1 0.02
-2  1 -3 -2 -2 -2  0 -4  1  4  0  2 -1 -2 -4 -1 -1 -4  0  2 0 1 0 1 0.03
-6 -5 -6 -7 -5 -5 -6 -4  5 -5 -4 -6 -5  5 -7 -6 -5  5  8 -5 0 1 0 0 0.03
-2  2 -2 -3 -5  2  2 -3  2 -1 -3  4 -2  1 -4 -2  0 -3  2 -2 0 1 0 0 0.03
-4 -3 -5 -3 -7  8 -2 -6 -1 -1 -4 -3  4 -7 -6 -5 -5 -6 -2 -3 0 1 0 0 0.03
-2  3 -2 -1 -4 -1  2 -2  0 -1 -4  1 -3 -2 -4  0  4 -2 -4  1 0 1 0 0 0.04
-6 -6 -8 -7 -7 -7 -7 -8 -3 -5 -5 -5 -4  6 -6 -7 -7  9  7 -5 0 1 0 0 0.04
-1  2 -1 -2 -2  0  4 -3  2 -4 -4  1  0 -2 -3  2  2 -5 -1 -2 0 1 0 0 0.06
-4  4  4  3 -1 -1  0 -3  3 -3 -3  2 -2 -4 -5 -2 -2 -6 -2 -5 0 0 1 1 0.06
-4 -4  6 -4 -7 -5 -6  6 -1 -7 -5 -5 -4 -7 -5 -4 -4 -7 -7 -7 0 0 1 1 0.09
-2 -3 -3 -2 -4 -3 -1 -1  1  1 -1  2  8 -3 -4 -4 -3 -5 -2  3 0 0 1 1 0.13
 0 -2 -2 -2 -4 -1 -2  1 -1 -3 -3  0 -2 -2  5  1  2 -5 -2 -2 0 0 1 1 0.16
-1  1  0  1 -3  2  1 -3 -1 -1 -2  3 -1 -3  0 -1  0 -4 -3  2 0 0 1 1 0.14
 2 -1 -2 -2  3 -2 -1 -3 -2  0 -1  1  2 -2 -2  0  2 -4  0  2 0 0 1 1 0.13
-1 -2  0  1 -2  0  2  2  2 -3 -3  0 -2 -3  2  2  1 -4  0 -3 0 0 1 1 0.16
-3 -2 -2  2 -5 -1  3 -3 -4 -2  0  3 -2 -5  4 -2 -1 -6 -5 -2 0 0 1 1 0.12
 1 -2 -2 -4 -3 -3 -2 -4 -1  0  3 -1  2 -2  5 -3 -2 -5 -4  2 0 0 1 1 0.12
-1  0 -2 -2 -4  1  3 -4  1  0 -4  5 -3 -4 -4 -2 -1 -6 -2  1 0 1 0 1 0.12
-2 -2 -3 -2 -2 -1  0 -1 -3  5 -1  0 -2 -4 -3 -3 -2 -5 -3  3 0 1 0 0 0.09
-2 -1 -3 -3 -4 -2 -1  0 -4  3 -1  2 -1 -3 -3 -1  3 -5 -4  2 0 0 1 1 0.09
-2 -3 -1  1  1 -2  0  5 -3 -5 -5  2 -5 -5  2  1 -1 -6 -4 -4 0 0 1 1 0.07
 0 -2  0  2  3 -1  2 -3  0 -2 -2  1 -2  1 -1  0  1 -2  1 -2 0 0 1 1 0.06
-1 -2  0  0 -1 -2 -1 -2 -3 -4 -5  2 -4 -3 -1  3  5 -5 -2 -3 0 0 1 1 0.04
-2 -1  1  3 -4 -1  2  3 -1 -4 -5  2 -4 -5 -1  1  0 -5 -3 -4 0 0 1 1 0.03
-1  1 -1  1 -3  1  3 -2  0 -3 -3  4 -3 -4 -1  1  0 -5 -3 -4 0 0 1 1 0.03
-4  2  1  4 -5 -1 -1 -3  3 -5 -5 -1 -5 -6 -2  1  5 -6 -4 -4 0 0 1 1 0.02
-4 -6 -5 -6 -6 -6 -6  6 -5 -6 -6 -6 -6  3 -6 -3 -4  3  5 -6 0 0 1 0 0.01
-5 -6 -2 -6 -6 -6 -6 -7 -7 -3 -6 -5 -6 -7 -6 -2  8 -7 -7  0 0 1 0 0 0.01
-3  2 -3 -3  3  0  1 -5 -3  1 -2  4 -1 -4 -4 -1  2 -4 -1 -1 0 1 0 0 0.01
-5 -7 -7 -7 -5 -3 -7 -8 -7  6 -2 -7 -3 -4 -7 -5 -1 -7 -6  6 0 1 0 0 0.01
-4  3 -3 -5 -3 -2 -2 -6  5 -2 -5 -2 -4 -3 -5  1  6 -1 -2 -4 0 1 0 0 0.01
-7 -8 -8 -9 -3 -8 -8 -8 -6 -5 -5 -8 -5 10 -9 -7 -7  0  0 -6 0 1 0 0 0.01
-3  0 -4 -4 -4  1 -2 -5  0 -1  1  5  1 -2 -5 -1 -1  6  1 -1 0 1 0 0 0.01
 0 -7 -7 -7 -7 -6 -6 -7 -7 -7 -6 -6 -7 -5  9 -5 -6 -8 -8 -5 0 1 0 0 0.01
-5 -6 -2  8 -8 -5 -3 -6 -6 -8 -9 -6 -8 -8 -6  2 -6 -9 -8 -8 0 0 1 1 0.01
 0 -3 -3  0 -4 -3 -1 -2 -1 -1  2 -2 -1  1  4 -1  0  0  2 -2 1 0 0 0 0.01
 0 -2 -2  2 -5  1  4 -3 -4 -5 -3  2 -4 -6 -4  2  1 -6 -5 -4 1 0 0 1 0.01
-5  3 -5 -6 -6 -4 -5 -5 -6  6 -3  3 -1 -4 -6 -3  1 -7 -5 -2 1 0 0 0 0.01
-7 -8 -8 -9 -8 -8 -8 -8 -6 -5 -3 -8 -2 10 -9 -8 -6 -4  0 -6 0 0 1 0 0.01
-3 -1  2 -1 -5  0  3  2  0 -5 -5  2 -4 -6 -3  1  3 -6 -4 -5 0 0 1 1 0.01
-3 -4  2  1 -5 -1  2 -4 -2  0 -1 -3  7 -4 -5 -2  3 -6 -5 -1 0 0 1 0 0.02
-2 -2  0  1 -3  0  1 -5 -4  1 -1  0 -3 -5 -4 -1  5 -5 -5  0 0 0 1 1 0.02
-2 -2 -2  0  1 -1  4  0  1 -1 -3  1 -3 -4 -4  0  2 -5 -2  0 0 0 1 1 0.02
-5 -5 -7 -6 -6 -6 -6 -7 -4  2  3 -6  1  6 -7 -6 -4 -2  5 -2 0 0 1 0 0.02
-4 -2  2  6 -5  0  1 -3  2 -6 -6  0 -5 -3 -4  1 -1 -6 -1 -5 1 0 0 0 0.02
-3 -2 -1  3 -6 -3  1 -5 -2 -5 -4  1 -3  4 -4 -2 -3  0  7 -5 1 0 0 1 0.02
-4 -4  0  7 -6 -3  3 -3 -3 -5 -6 -1 -6 -5 -5 -1 -4 -6 -5 -6 1 0 0 1 0.02
-3 -4 -3 -4 -4 -4 -4 -5  0  5 -1 -4  2  0 -4 -3  4 -5 -3  1 1 0 0 0 0.02
-3 -4 -5 -5 -3 -3  0 -6 -5  2  5 -4 -1 -2 -5 -4 -3 -3  0  3 1 0 0 0 0.02
 5 -2 -2  0 -2  0  1 -1 -1 -3 -3  0 -3 -4 -2  2 -1 -4 -3 -3 1 0 0 1 0.02
-1 -2 -1 -2 -2 -1 -1 -1  1  1  3 -1  0 -1 -2  0  1 -2 -1  1 1 0 0 0 0.02
-1  1 -2 -2 -1 -1 -1 -2 -1  0  3 -1  5  1 -1 -1 -1 -1 -1  0 1 0 0 0 0.02
 0  1 -1 -1  0  0  0 -1  0  0  0  1  0 -1 -1  0  0  0  0  0 1 0 0 0 0.02
-3  5  2 -1 -4  1 -1 -3 -1 -4 -4  5 -3 -4 -3 -2 -1 -4 -4 -4 1 0 0 1 0.01
-6  9 -5 -6 -7 -4 -2 -7 -5 -7 -6 -2 -6 -7 -6 -5 -6 -7 -2 -7 1 0 0 0 0.01
 1 -5 -5 -6 -2 -5 -5 -5 -5  1  4 -5  1  1 -5 -3 -3 -5 -3  4 1 0 0 0 0.01
-5  6 -5 -5 -6  0 -3 -6 -3 -4 -2 -1 -3  0 -6 -5 -5  0  6 -1 1 0 0 0 0.01
-6 -5 -4  6 -8 -1  7 -6 -5 -8 -6 -4 -7 -7 -6 -5 -5 -8 -2 -7 1 0 0 1 0.01
-4 -6 -3 -7 -3 -4 -5 -7 -6  2  5 -6  5 -3 -6 -3 -2 -5 -4  0 1 0 0 0 0.01
 7 -6 -3 -6 -1 -5 -5 -4 -6 -2 -6 -5 -6 -7 -5  2 -4 -7 -6 -4 0 0 1 0 0.01
 0 -7 -6 -7 -2 -7 -7  4 -5 -4 -4 -6 -5  8 -7 -5 -5 -4  3 -5 0 0 1 0 0.01
-3 -5 -4 -6  4 -5 -6 -6 -6 -1  5 -5 -1 -4 -6  0  2 -5 -5 -1 0 0 1 0 0.01
-4 -5  7 -4  1 -5 -5 -5 -3 -2 -1 -4 -2 -5 -5 -2  3 -7 -4  0 0 0 1 0 0.01
 0  3 -1 -3 -3 -2 -2 -2  0 -4 -5  6 -4 -6  1  2 -3 -6 -5 -5 0 0 1 1 0.01
-2 -4  2  1 -6 -5 -3  6 -4 -6 -7 -1 -6 -7 -6 -1 -2 -6 -6 -5 0 0 1 1 0.01
-3 -6 -7 -7  1 -5 -6 -7 -7  4  3 -6 -2 -4 -6 -6 -3 -6 -5  5 0 1 0 0 0.01
-2  4  1 -3 -3 -1  0 -3  1 -5 -5  5 -4 -5 -5  0  1 -6 -3 -4 0 1 0 1 0.01
-5 -7 -7 -6 -2 -6 -5 -8 -7  7  0 -7 -3 -3 -6 -6 -3 -7 -5  5 0 1 0 0 0.01
-2  0 -1 -3 -3 -1  0 -4  1  0 -2  1 -1  3 -4  1  3  0  3  0 0 1 0 0 0.01
-5 -5 -7 -7 -4 -6 -7 -7 -6  2  6 -6 -1  3 -7 -5 -4  0 -3 -1 0 1 0 0 0.01
-3  1  6 -1 -3 -1  1 -4 -1  0 -4  1 -2 -2 -5 -1  3 -6 -4 -2 0 0 1 1 0.01
-5 -6 -2  7 -8 -5 -1  4 -4 -8 -8 -4 -7 -8 -6 -3 -6 -8 -7 -7 0 0 1 1 0.01
-3 -1  1  0 -2  1  5 -4  0 -5 -2  4 -3 -6 -4 -1  0 -6 -4 -3 0 0 1 1 0.01
-4  7 -3 -5 -7 -1 -4 -6 -2 -4 -3  2 -4  0 -3 -4 -5 -7 -4 -2 0 0 1 1 0.01
-3 -3 -1 -1 -1 -1  1 -4  5  2  2 -2 -1  0 -3 -1  0 -4 -1  1 0 0 1 0 0.01
-2 -2  0  2 -3 -2  2  0 -2 -4 -5  1 -4 -1  3  0 -2 -4  4 -4 0 0 1 1 0.01
-2 -3 -2  0  1  0  5 -4 -3  2 -2  1 -2 -2 -2 -3 -3 -5 -3  2 1 0 0 1 0.01
-3  1  1 -2 -6 -2  2  4  0 -5 -6  4 -4 -6 -4 -1 -2 -6 -5 -6 1 0 0 1 0.01
-3 -6  2 -2 -6 -5 -4  6 -4 -7 -7 -3 -6 -7 -6  1 -2 -6 -6 -3 1 0 0 0 0.01
-5 -7 -7 -6 -6 -7 -6 -7 -6  6  2 -7 -1  6 -6 -6 -3 -3 -3  0 1 0 0 0 0.01
-1  3  0 -3 -5  1  1 -4  0  0 -3  5 -3 -4 -3  0 -2 -6 -3  0 1 0 0 1 0.01
 1 -3 -1  3 -5  1  4 -2  1 -3 -6 -1 -4 -4 -4  3 -1 -6 -5 -5 1 0 0 1 0.01
-7 -7 -7 -8 -7 -7 -8 -8 -4 -6 -3 -7 -5  7 -8 -7 -7 -3  8 -6 1 0 0 0 0.01
-2 -7 -7 -7  2 -6 -6 -7 -7  2 -3 -6  1 -1 -6 -4 -4 -7 -4  7 1 0 0 0 0.01
-2  1 -1  3 -6  1  4 -3 -3 -5 -5  3 -4 -6 -4  0 -1 -6 -5 -5 1 0 0 1 0.01
-5 -5 -4 -3 -5 -4 -4 -5  4 -3  2 -5  5  4 -6 -5 -4 -2  6 -3 1 0 0 0 0.01
-5 -6 -7 -7 -2 -5 -6 -4 -1  1  5 -5  1  1 -7 -6 -4 -4  7 -3 1 0 0 0 0.01
-1 -3  6  2 -4 -3 -3 -4 -2  0  1 -3 -3 -1 -4 -2  0 -6 -4 -1 1 0 0 0 0.01
-2  3  1 -1 -5  1  2 -1 -1 -4 -4  5 -3 -2 -2 -1 -1 -5 -4 -3 0 0 1 1 0.02
 1 -2  5  2 -3 -2  0  1  0 -5 -5 -1 -2 -4 -3  2  0 -5 -3 -4 0 0 1 1 0.02
-1  3 -1 -2 -4  0 -1 -2 -3  0 -3  6 -3 -1 -3 -2 -2 -5 -2 -2 0 0 1 1 0.03
 0 -1  1  1 -3  1  3 -2 -1 -2 -1  1 -2 -3 -2  0  3 -4 -3  0 0 0 1 1 0.03
 0 -1  0  2 -2 -2  0 -3 -2 -2 -3  1 -3 -4  5  1  0 -5 -3  1 0 0 1 1 0.03
-2 -1 -2  0 -2 -2  1 -3 -3  3  3 -2  0 -2 -2 -1 -2 -4 -2  0 0 0 1 1 0.03
-2  1  1 -1 -4 -1 -1 -3  6  1 -1 -1  0  2 -2 -1  0 -4  1 -1 0 0 1 1 0.02
-1 -2  1  2 -4  0  2  2  0 -4 -4  1 -4 -5  4  0 -1 -5 -3 -3 0 0 1 1 0.02
 0 -2  2  3 -2  0  4 -3 -1 -3 -3  2 -2 -4 -1 -1  1 -5 -4 -2 0 0 1 1 0.02
-1 -4 -2 -2  1 -2 -1 -2 -2  2 -4  0 -3 -2  5  0 -2 -5 -2  2 0 0 1 1 0.02
-2 -4  0 -3 -2 -3 -3 -4 -1  5  1 -2 -1  2  0 -2 -1 -4 -2  1 0 0 1 0 0.02
-3 -3 -3 -1 -4 -2 -1 -2  2 -3 -4  1 -3  2  2 -1  0 -3  7 -2 0 1 0 1 0.03
-2  0 -3 -4  3 -4 -5 -4 -3  4 -1 -2  2  4 -3 -4 -2 -5  0  3 0 1 0 0 0.02
-1 -2 -1  0 -2  0  3 -4 -1  2 -1 -1  2  0 -4  0  0 -5 -2  2 0 1 0 0 0.02
-1 -2 -1  0 -1 -2 -2  4  4 -2 -4 -1 -3  2 -4  0  0 -3  3 -3 0 1 0 0 0.02
-3 -2 -2  1  0  0  6 -4 -2 -2 -4 -1 -2  0 -5 -1 -1 -4 -3 -1 0 1 0 1 0.03
-1  3 -1 -1 -4  1  1 -2  0 -2 -4  5 -1 -4 -4  0 -2 -6 -2 -1 0 0 1 1 0.03
-2 -3  2  4 -1 -1  1 -2 -2  0 -3  0 -2 -3  1 -2 -1 -6 -4  2 0 0 1 1 0.04
-3 -4  5  4 -4 -2 -1  4  1 -5 -6 -3 -4 -7 -3  0 -1 -7 -5 -5 0 0 1 1 0.04
-3 -3 -2  3 -1 -3  1 -2 -2  4 -3 -2 -1 -4  0 -2 -1 -3 -1  3 0 0 1 1 0.04
-1  5 -2 -2 -3  1  1 -1 -1 -1 -2 -1  0 -2  0  0  0 -1 -1 -1 0 1 0 1 0.05
-4 -8 -8 -8 -1 -7 -8 -6 -8  0 -3 -8 -1  0 -8 -7 -5 10 -4  6 0 1 0 0 0.04
-6 -5  0  1 -8  2  7 -7 -1 -8 -8 -2 -7 -8 -6 -2 -4 -8 -7 -6 0 1 0 0 0.04
-3 -7 -7 -8 -1 -7 -7 -8 -7  5  0 -7 -2  0 -7 -6 -5 -7 -3  6 0 1 0 0 0.05
 6 -7 -6 -7  5 -6 -6  2 -7 -5 -5 -6 -4 -5 -1  0 -4 -7 -7 -3 0 1 0 0 0.07
-4 -6 -7 -7 -2 -6 -6 -6 -6  3  3 -6  6  4 -7 -2 -5 -5 -3  3 0 1 0 0 0.09
 1 -2 -4 -5  1  7 -3  0 -4 -3 -1 -3 -2 -6 -6  0  1  1 -2 -2 0 1 0 0 0.09
-2 -4 -6 -7 -2 -4 -5 -6  1 -2  1 -4  2  0  1 -4 -3  8  7  1 0 1 0 0 0.10
-3 -4  6 -3 -1 -5 -5 -5 -2 -6 -7 -4 -6 -5 -3  5  2 -8 -4 -4 0 0 1 0 0.10
-3 -1  1  7 -7 -3  3 -4 -3 -5 -7 -2 -7 -7 -2 -2  0 -8 -7 -5 0 0 1 1 0.14
-2 -2 -1  2 -5 -3 -1  4 -2 -3 -5  1 -4 -4 -5  3  1 -6 -5 -2 0 0 1 1 0.12
-3 -5 -2 -4 -4  2 -2  4 -2 -5 -5 -5 -5  2 -6 -1 -2 -4  7 -4 0 0 1 1 0.15
-2 -3  1 -2 -6  1 -3 -3  3 -3 -3 -1 -3  6 -4  2  0 -4  0 -3 0 0 1 1 0.16
-4 -1  1 -1 -7  5  6 -5 -3 -7 -6 -1 -1 -7 -4 -1 -1 -7  0 -5 0 0 1 1 0.16
-4 -2  5 -3 -2  6 -1 -5  2 -2 -2 -1 -2 -5 -4  0  0 -7 -4 -2 0 1 0 0 0.17
-4 -6 -6 -7 -2 -6 -6 -7 -1  5  1 -6  1 -2 -6 -5 -4 -6  0  5 0 1 0 0 0.17
-1 -6 -1 -5  5 -5 -5 -2 -6 -7 -6 -5 -6 -7 -3  7  1 -7 -5 -6 0 1 0 0 0.28
-7 -7 -8 -8 -7 -4 -8 -8 -6 -6 -4 -7 -5  9 -8 -7 -7 -4  5 -6 0 1 0 0 0.32
 3 -6 -6 -6 -1 -6 -6 -6 -6 -3 -4 -6 -4 -6 -1 -5  3 -7 -6  6 0 1 0 0 0.48
-7 -6  9 -5 -8 -6 -6 -6 -5 -8 -8 -6 -7 -8 -1 -5 -6 -8 -7 -8 0 0 1 0 0.52
-3 -4  7 -1 -3 -5 -5  1 -3 -6 -6 -2 -4 -7 -6  4 -3 -7 -6 -6 0 0 1 0 0.50
-5 -6 -7 -7 -6 -6 -7 -7 -7  8 -3 -6 -1 -2 -6 -4 -5 -6 -2  0 0 0 1 0 0.46
 2  1  4 -3  4 -3 -3 -4  3 -4 -5 -2 -5 -2  3  0 -2 -6 -2 -4 0 0 1 0 0.49
-4 -6 -3 -6 -6  3 -5 -6 -6 -5 -3 -4 -5 -7 -6 -2  8 -7 -6 -5 0 0 1 0 0.51
-2  3 -2 -3 -4 -1 -1 -4  3  2 -1  0 -1 -3  0  0  3 -3  1  0 0 0 1 1 0.46
-4  2 -2  4 -7  0  5 -5 -3 -6 -6  4 -4 -7 -5 -1 -3 -7 -5 -6 0 0 1 1 0.47
-5 -7 -5 -6 -7 -6 -7  8 -4 -8 -8 -6 -7 -7 -7 -5 -6 -7 -7 -7 0 0 1 1 0.42
-5 -7 -5 -6 -7 -6 -7  8 -7 -8 -8 -6 -7 -7 -7 -5 -6 -7 -7 -7 0 0 1 0 0.25
-4  1 -4 -5 -5 -4 -5 -5 -4 -5 -4 -1  0 -5 -4  1  7 -6 -4 -4 0 0 1 0 0.15
-8 -6 -5 -7 -9 -3 -6 -8 12 -10 -9 -7 -8 -7 -8 -7 -8 -9 -4 -9 1 0 0 0 0.15
-4 -6 -7 -6 -1 -5  2 -7 -7 -1  3 -6  0 -4 -6 -6 -4 -7 -5  6 1 0 0 0 0.11
 2 -3  3  4 -5 -1  0 -3 -2 -2 -4 -2 -3 -4 -4  2  2 -6 -5 -1 1 0 0 1 0.06
-2 -6 -5 -6 -5 -4 -6  6  4 -7 -5 -6 -5 -2 -7 -4 -5 -5  6 -6 1 0 0 0 0.05
-3 -7 -7 -8 -6 -7 -7 -8 -6  4 -1 -7 -2  7 -7 -6 -5 -5 -2  4 1 0 0 0 0.03
 1  5 -4 -5 -4 -3 -3 -5 -5 -3 -3  4 -1 -6 -5 -1  1 -6 -5  2 1 0 0 0 0.02
 1  0  2  5 -5 -1  0 -1 -4 -4 -5 -3 -1 -6 -4  2  2 -6 -5 -5 1 0 0 1 0.02
 5 -2 -3 -4 -5  5 -3  0 -2 -5 -4 -1  0 -6 -3 -1 -4 -6 -6 -3 1 0 0 0 0.01
-5 -6 -7 -7 -5 -6 -7 -7 -7  5  5 -6  2 -3 -7 -6 -4 -3 -3  2 1 0 0 0 0.01
-1 -6 -4 -6  2 -5 -6 -6 -6  1 -3 -5 -3 -5 -6 -2  7 -7 -4  3 1 0 0 0 0.01
-1  6  1 -1 -6 -1 -1 -3 -4 -6 -5  3 -5 -6 -4  0  0 -6 -5 -5 1 0 0 1 0.01
 1  0 -1 -4 -1  0 -3 -3  1 -1 -3  3 -3 -3 -3  0  3 -5  0  2 1 0 0 0 0.01
-3 -6 -7 -7 -4 -6 -6 -7 -6  5  4 -6  2  2 -6 -6 -4 -5 -1  2 1 0 0 0 0.01
-1 -3  6 -3 -4  0 -3 -4 -3  2 -1  1  1 -3 -5 -1  0 -6 -5  1 1 0 0 0 0.01
 0 -1  3  4 -6  0  4 -2 -2 -5 -5  1 -4 -6 -2  1 -1 -6 -4 -4 1 0 0 1 0.02
 0 -3 -2 -2 -6  0 -2 -5  0 -1 -3  0 -1  1 -6 -2 -2 -2  7  2 1 0 0 0 0.03
 4 -5 -5 -5 -3 -4 -3 -1 -4  3  2 -4  2 -2 -5 -2 -3 -5 -2  2 1 0 0 0 0.04
-1  3  2  1 -5  0  1 -2 -1 -3 -4  5 -2 -5 -4 -1 -2 -6 -4 -3 1 0 0 1 0.06
-1  2  1 -2 -6  0 -1 -5 -2 -3 -3  6  0 -6 -5 -1 -2 -6 -2 -5 1 0 0 1 0.05
-1  1  3 -2 -6  0  0 -4  1 -3  0  5 -2 -4 -3 -1 -2 -4 -1 -4 1 0 0 1 0.06
-3 -1  6 -1 -4 -2  0 -1 -1 -4 -4  5 -3 -6 -5 -2 -3 -6 -1 -4 0 0 1 1 0.06
-4 -2  0  2 -7 -2  2 -4 -3 -5 -6  7 -2 -6 -2 -3 -4 -7 -5 -6 0 0 1 1 0.08
 1  0  2  0 -2  0  1  1 -1 -2 -1  2 -2 -2 -2  0  0 -3 -1 -2 0 0 1 1 0.08
-2 -2 -1  4 -2 -2  1  3 -2 -4 -4  4 -4 -3 -2 -2 -2 -5 -4 -4 0 0 1 1 0.08
 0 -2 -1  0 -2 -1  1 -2 -1  2 -1  1  0 -1  0 -1  0 -4 -3  2 0 0 1 1 0.08
 1 -2  5  0 -5 -1  1 -2 -2 -3 -4  2 -2 -5 -1  2  1 -6 -5 -3 0 0 1 1 0.06
-2 -6 -6 -6 -4 -5 -6 -6 -6  4  4 -5  0  0 -3 -5  0 -5 -3  4 0 0 1 0 0.05
-2 -1 -2 -3 -5 -1  0 -3 -2 -3 -5  5 -3 -6 -5  3  3 -6 -5 -4 0 0 1 1 0.04
-1 -6 -4 -6 -7 -2 -6  6 -6 -6 -5 -3 -6 -4  5 -2 -2 -3 -7 -5 1 0 0 1 0.03
 1 -4  1  5 -6  0  3 -3  3 -5 -5 -3 -2  2 -3 -1 -2 -6 -2 -5 1 0 0 1 0.03
-5 -5  0  7 -7  4 -2 -6  2 -4 -4 -4  2 -3 -6 -5 -1 -7  0 -3 1 0 0 0 0.02
 0 -6 -7 -7  0 -6 -6 -7 -6  5 -1 -6  0  2 -6 -4 -2 -4 -4  5 1 0 0 0 0.01
-6  7 -5 -6 -8 -4 -5 -7 -5 -8 -6  5 -4 -8 -7 -5 -6 -8 -7 -7 1 0 0 0 0.01
-4 -2  5  0 -6  0  6 -4 -2 -6 -6 -1 -2 -6 -2 -1 -4 -6 -5 -5 1 0 0 1 0.01
-2 -3  1 -4 -4 -2 -4  5  7 -6 -6 -3 -4 -2 -5 -3 -3 -5  0 -6 0 0 1 0 0.01
-4 -5 -6 -7 -2 -5 -6 -7 -6  3  6 -6  5 -1 -6 -5 -4 -5 -4 -1 0 1 0 0 0.01
-2 -5 -3 -5 -1 -4 -5 -5 -2 -1 -4 -5  0  4 -5 -1  5  7  1 -1 0 1 0 0 0.01
 4 -5 -5 -5  2 -4 -4 -3 -5  3  0 -4 -2 -1 -4 -2 -3 -5 -4  3 0 1 0 0 0.01
-5 -6 -6 -6 -3 -6 -6 -6 -5  4 -3 -6 -3  7 -6 -5 -4 -4  1  4 0 1 0 0 0.01
-4 -6 -6 -6 -3 -6 -6 -6 -6  6  1 -6 -1 -4 -6 -5 -4 -6 -2  5 0 1 0 0 0.02
-3 -4  6 -1 -5 -4 -4 -4 -3 -4 -6 -2 -5 -6 -5  6 -3 -7 -6 -6 0 1 0 0 0.03
 2 -5 -5 -6  7 -5 -5 -5 -6  2 -2 -5 -3 -2 -5 -1 -3 -6 -5  5 0 1 0 0 0.04
-4  1 -4 -4 -5  0 -3 -5 -4 -3  3  6 -2 -3 -5 -1 -1 -5 -1 -2 0 1 0 0 0.05
-4 -3 -6 -6 -4 -5 -6 -6  3  6  1 -5  0 -4 -6 -5 -4 -6 -4  4 0 1 0 0 0.07
-1 -2 -2  2 -1 -1  3 -3 -2 -3 -4 -2 -1 -5  5 -1 -2 -6 -5  1 0 0 1 1 0.12
-4 -4  7  4 -6 -1  3 -4 -1 -6 -6 -4 -1 -6 -5 -1 -4 -7 -6 -6 0 0 1 1 0.20
-4 -6 -6 -6 -5 -6 -6 -6 -6 -3 -4 -5 -2 -3  9 -4 -5 -7 -7 -6 0 0 1 0 0.36
 2 -2 -3 -3 -1  6 -1 -3 -3 -3 -4  2 -3 -5 -4  1  3 -5 -2 -3 0 0 1 1 0.61
-6 -7 -7 -7 -7 -7 -7 -7 -6 -2 -4 -7 -4  9 -7 -7 -6 -4  0 -5 0 0 1 0 0.68
-4 -4  0  5 -6 -2  5 -5 -4 -6 -4 -1 -5 -6 -4  2  0 -6 -5 -4 0 0 1 1 0.80
-3 -5 -2 -3 -5 -4 -3  5 -5 -6 -6 -4 -5 -4 -5  5 -1 -6 -5 -5 0 0 1 1 0.81
-3 -4 -5 -5 -7  9 -3 -6 -4 -7 -5 -3 -5 -7 -1 -5 -5 -1 -6 -6 0 0 1 1 0.86
-2 -5 -4 -5 -5 -5 -5 -6 -6 -5 -2 -3 -1 -6 -5  0  8 -6 -6 -3 0 0 1 1 0.87
-5 -2 -4 -5 -7 -3 -4 -4 -5 -7 -7  8 -6 -7 -5 -3 -5 -7 -6 -6 1 0 0 1 0.91
-1 -4 -2  2 -5  0  5 -1 -4 -5 -4 -3 -2 -6 -4 -1  4 -6 -5 -3 1 0 0 1 0.91
-4  0  2 -4  0  2 -2 -5 -2 -3 -5  6 -3 -5 -4 -3  3 -6  0 -5 1 0 0 1 0.89
-5 -6 -7 -7  1 -6 -6 -7 -6 -2  6 -6  4 -3 -6 -6 -5 -5 -5 -2 0 0 1 0 0.93
-3 -5 -1 -4 -4 -4 -4  4 -5 -2 -4 -4 -3 -5 -4 -1  5 -5 -5  1 0 0 1 1 0.88
-3 -4  6 -3 -4 -3 -4 -4 -4 -2  1 -3 -2 -3 -4  3  4 -5 -5 -3 0 0 1 1 0.88
-2  3 -1 -1 -5  3 -2 -3 -3 -5 -5  3 -3 -5  1  4 -1 -5 -4 -4 0 0 1 1 0.72
 1 -3 -2  0 -5  1  5 -3 -3 -2 -3 -1 -2 -2  3 -1 -2 -5 -3  0 0 0 1 1 0.70
 1 -2  0 -3 -3 -1 -3 -2 -3  0 -2  1  0 -2 -2  2  0 -4 -3  4 0 0 1 1 0.51
-1  4  0  1 -4  1 -1 -2 -2 -3 -3  3 -2 -3 -3  2 -1 -5 -3 -2 0 0 1 1 0.48
-2 -3 -3 -3 -4 -2 -2  2 -3 -3 -2 -2 -3  6 -1  1  1  0  0 -3 0 0 1 0 0.51
 2 -4 -2 -4 -3 -4 -3  5 -3  3 -2 -3 -1 -3 -3 -2 -3 -4 -1  1 0 0 1 1 0.42
-2 -4 -4 -3 -3 -3 -3 -3 -4 -1 -3 -4 -3 -4 -4  4  1 -5 -1  5 0 0 1 1 0.45
-2 -1  0  3 -4  1  3 -4  0 -3 -2  3 -2 -4 -3  0  1 -5 -3  0 0 0 1 1 0.26
-1 -2  0 -3  7  1 -3 -1 -2 -3 -2 -2 -3  2  0  3  0  0 -1 -2 0 0 1 0 0.19
 0 -2  0  0 -2  1  2 -3 -2  2  0  0  0 -2 -1 -1  0 -4 -3  2 0 0 1 1 0.15
-2 -4 -5 -5  0 -4 -5 -5 -3  2  3 -4  3  2  1 -4 -2 -4 -2  4 0 0 1 0 0.13
-1 -3  2 -2 -4 -3 -3  1  0 -4 -3 -3 -2 -1  2  5  0 -5  0 -2 1 0 0 1 0.10
-2 -2  0  4 -6 -1  6 -4 -3 -5 -5  0 -5 -6 -2 -2 -3 -6 -4 -5 1 0 0 1 0.10
 0  0  2  1 -4  1  1 -2  1 -3 -4  4 -3 -4 -2  1  0 -5 -1 -3 1 0 0 1 0.09
-4 -5 -5 -6 -5 -5 -4 -5 -5  0  3 -4  0  8 -6 -5 -3 -2  2 -2 1 0 0 0 0.05
 0 -4 -2 -3 -3 -3 -2 -3 -4  3  3 -3  2  2 -3  0 -1 -3 -1  1 1 0 0 0 0.04
-2  0  3  0 -5 -1  3 -3 -1 -2 -5  5 -4 -2 -4 -2  1 -5 -1 -4 1 0 0 1 0.04
 0  0  0 -2 -2  1  1 -2  0 -2 -3  3 -2  1  3 -1 -2  3  2 -2 1 0 0 1 0.04
 2 -3 -1 -2 -3 -2 -2 -4 -1  3  2 -3  0  1 -3 -2 -2 -4 -2  3 1 0 0 0 0.03
 0 -3 -2 -2 -3 -1  3 -3 -3  2  1 -2  2 -1  0  0 -1 -4 -3  2 1 0 0 0 0.05
 2 -1  4  0 -5  0  1  0 -2 -5 -5  4 -4 -6 -4  0 -3 -6 -4 -4 1 0 0 1 0.05
-2  0  1 -1  5 -2 -2 -4  0 -4 -4  3 -3 -5  2  3  2 -6 -4 -3 0 0 1 1 0.03
 1 -2 -1  0 -4 -1 -1  4 -4 -2 -3  0 -2 -3  2  0 -1 -1 -4 -3 1 0 0 1 0.03
-2 -6 -7 -6 -5 -5 -6 -7 -7  7  1 -5 -1 -2 -6 -4 -3 -6 -5  3 1 0 0 0 0.03
 0 -5 -5 -6 -1 -2 -3 -6 -4  3  0 -4  3 -3 -5 -3 -1 -6 -3  5 1 0 0 0 0.03
 0 -1  0  4 -6  1  5 -2 -2 -6 -6  1 -4 -6 -4 -1 -1 -6 -5 -5 1 0 0 1 0.03
-1  1  3 -2 -5  1  0 -3 -1 -4 -4  5 -3 -6 -4  2  0 -6 -3 -4 1 0 0 1 0.03
 1 -3 -4 -6  0 -5 -5 -5 -4  6  1 -3  0 -4 -5 -3 -2 -6 -4  3 1 0 0 0 0.04
 0 -3 -6 -6 -2 -4 -5 -6 -5  4  4 -4  3 -1 -5 -3 -2 -5 -4  2 1 0 0 0 0.03
 0  1  3  2 -2  0  2 -2  0 -3 -1 -1 -1 -4 -4  2 -1 -5 -4 -3 1 0 0 1 0.05
 2 -3 -3 -3 -4 -2 -2 -4 -2  0  0  1  1  3 -5 -2 -3  8  1 -3 1 0 0 0 0.08
 6 -3 -3 -5 -4 -2 -4 -3 -5 -1 -2 -2  0 -2 -4  0 -1 -5 -3  2 1 0 0 0 0.08
 1  2  1  0 -4  3  1 -3  0 -2 -3  4 -1 -5 -3 -1  0 -5 -4 -3 1 0 0 1 0.11
 3 -1 -4 -4 -4  0  0 -2 -1 -2 -2  1 -1  5 -4  0 -2 -3 -1 -1 1 0 0 1 0.15
-2  5  1 -4 -7 -1 -3 -5  0 -6 -6  6 -5 -7 -5 -4 -4 -7 -5 -5 1 0 0 1 0.26
 4 -3 -2 -1 -5  4  4 -4  2 -3 -3 -3 -3 -5 -2 -2 -2 -6 -4 -3 1 0 0 1 0.26
 3  3  0  2 -4  3  0 -2 -2 -4 -4  0  1 -5 -4  0  0 -5 -4 -3 1 0 0 1 0.33
 4  0  0 -2 -4  2  2 -3 -3 -2 -3  2 -1 -5 -4 -1  1 -5 -4 -1 1 0 0 1 0.44
 1  3  0  1 -4  3  2 -3 -3 -2 -1  2  2 -4 -4 -1 -1 -5 -4 -2 1 0 0 1 0.35
-1 -2 -5 -5 -4 -3 -4 -5 -5  1  4  3  3 -2 -5 -3  0 -5 -4 -1 1 0 0 0 0.42
 4  2  3 -1 -4  1 -2 -3 -3 -3 -3  4 -3 -5 -4 -1 -2 -5 -4 -3 1 0 0 1 0.39
-3  5 -4 -5 -7 -3 -3 -6 -2 -7 -6  7 -3 -7 -5 -3 -5 -7 -4 -6 1 0 0 1 0.58
-2  0 -2  0 -6  2  4 -4 -3 -6 -5  6 -4 -6 -4 -1 -3 -6 -5 -5 1 0 0 1 0.50
-1 -4 -3 -4  6 -3 -4 -3 -4 -1  3 -2  4 -3 -4  3  0 -4 -4 -1 0 0 1 1 0.60
 2 -3 -2 -3 -3 -2 -2 -3 -3 -3 -4 -2 -3 -4 -3  5  5 -5 -4 -3 0 0 1 1 0.71
