 3 -1 -1 -1 -1 -1 -1 -1 -2 -1 -1 -1 -1 -2 -1  2  2 -3 -2  1 0 0 1 1 0.65
-1  0  0  3 -4  2  5 -2  0 -4 -3  1 -2 -4 -2  0 -1 -3 -3 -3 0 0 1 1 0.60
-1 -1  0  4 -4  3  4 -2 -1 -4 -3  0 -2 -4 -2  0 -1 -4 -3 -3 0 0 1 1 0.46
 0  0 -1 -2 -1 -1 -1 -2 -2  0  0  0  0 -2 -2  1  3  4 -1  1 0 1 0 1 0.34
-1 -4 -4 -4 10 -4 -5 -3 -4 -2 -2 -4 -2 -3 -4 -2 -2 -3 -3 -2 0 1 0 0 0.23
-2 -2 -1 -2 -2 -1 -2 -2  3 -1 -1 -2 -1  4 -2 -1  1  1  5 -1 0 1 0 1 0.17
-2 -2  1  6 -3 -1  1 -2 -1 -3 -3 -1 -3 -3 -2 -1 -1 -4 -3 -3 0 1 0 0 0.10
 0  0 -1 -2 -2  0 -1 -2 -2  0 -2  3 -1 -3  4  0  0 -3 -2  1 0 0 1 1 0.09
-2 -2 -1  1 -2 -1 -1 -3  3  1 -1 -2 -1  2 -3 -1 -1 -1  4  1 0 0 1 1 0.07
-1 -2  4  2 -2 -1 -1 -2 -1 -2 -3 -1 -2 -3 -2  1  4 -4 -3 -2 0 0 1 1 0.05
 1 -2 -1 -2 -3  0 -1  5 -1 -3 -3 -2 -2 -3 -2  0 -1 -3 -3 -1 0 0 1 1 0.04
 1  2  0 -2 -2  2  0 -2 -1  1 -1  0 -1 -2 -2  1  1 -3 -2  1 0 1 0 1 0.03
-1 -1  0 -1 -2  0 -1 -2  1 -2 -2  1  1  0 -2  2  3 -2  2 -1 0 1 0 1 0.02
-3 -3 -3 -4 -4 -2 -3 -4  4 -2 -2 -3 -2  2 -4 -3 -3  1  8 -2 0 1 0 0 0.02
 1  3  0  2 -3  2  2 -2 -1 -3 -3  1 -2 -3  0  0  0 -3 -2 -2 0 1 0 1 0.02
-1 -3 -4 -4 -2 -3 -3 -4 -4  3  0 -3  0 -1  2 -2 -1 -4 -2  5 0 0 1 1 0.02
-1 -3  1 -2 -3 -2 -3  6 -2 -5 -5 -2 -4 -4 -3 -1 -2 -3 -4 -4 0 0 1 1 0.02
-1 -1  0  2 -4  3  4  0  3 -4 -3  0 -2 -4 -2 -1 -1 -3 -2 -3 0 0 1 1 0.02
 0 -1  2  0 -2  2  2 -2 -1 -2 -2  0 -2 -3 -2  0  3 -3 -2 -2 0 1 0 1 0.02
-3 -3 -4 -5 -3 -3 -4 -4 -1 -3 -2 -4 -2  3 -5 -3 -3 11  5 -3 0 1 0 0 0.02
-2 -1 -1  2 -3  1  4 -3 -1  0  0  1  1 -2 -2 -1 -1 -3 -2 -1 0 1 0 1 0.02
-1  5 -1  1 -3  0  0 -2 -1 -3 -3  2 -2 -4 -2  1  0 -4 -2 -3 0 1 0 0 0.02
-2 -1  2 -1 -3  0 -1 -2  2 -2 -1  1  2 -3  5 -1 -1 -3 -2 -2 0 1 0 1 0.02
 1  2  0 -1 -2  1  1  0  2 -3 -3  3 -2 -3 -2  2  0 -3 -2 -2 0 1 0 1 0.01
 0 -2  0  5 -4  0  4  1 -1 -4 -4 -1 -3 -4 -2 -1 -2 -4 -3 -3 0 0 1 1 0.01
-1 -3  1 -2 -3 -2 -2  5 -2 -3  0 -2 -2 -3 -3  0  1 -3 -3 -2 0 0 1 1 0.01
-2  1 -2 -3 -3  0 -2 -3  4 -1  0 -2  4  5 -3 -2 -2 -1  3 -1 0 1 0 0 0.01
-2 -1 -2 -3 -2 -1 -2 -3 -2  3  2  2  4 -1  2 -2 -1 -3 -2  1 0 1 0 0 0.01
-2 -2 -3 -4 -2 -2 -3 -4 -3  0  2  0  5  0 -3 -3 -2  8  0 -1 0 1 0 0 0.01
-2  0  3  3 -3 -1 -1 -2 -1 -1 -2 -1 -2 -1 -3  0 -1  6  2 -2 0 1 0 1 0.01
-1 -5 -4 -5 10 -4 -5 -4 -4 -2 -2 -4 -3 -4 -4 -2 -2 -4 -4 -2 0 1 0 0 0.01
-1  1 -1 -1 -2  2  1 -2 -2 -2 -2  0 -1 -3 -2  0  5 -3 -2 -1 0 1 0 1 0.00
-1 -5 -4 -5 10 -4 -5 -4 -4 -2 -2 -4 -3 -4 -4 -2 -2 -4 -4 -2 0 1 0 0 0.00
-1 -2 -2 -2 -2 -1  0 -3 -2  3  2 -2  1  0 -2 -1  1 -1  1  1 0 1 0 1 0.01
 0 -2 -1 -2 -3 -2 -2  6 -2 -4 -4 -2 -3 -3 -2 -1 -2 -3 -3 -3 0 1 0 0 0.01
 0  1  2 -1 -2  1  1 -2 -1 -2  0  0 -1  1 -2  1  0 -2 -1 -2 0 0 1 1 0.01
 0 -3 -1 -2 -3 -2 -3  6 -3 -4 -4 -2 -3 -4  2 -1 -2 -3 -4 -4 0 0 1 1 0.01
-1  4  2 -1 -3  1  0 -2 -1 -3 -3  2 -2 -3 -2  3  0 -3 -2 -3 0 0 1 1 0.01
-1 -3 -1 -2 -3 -3 -3  6 -3 -3  0 -2 -2 -3 -3 -1 -2 -3 -4 -3 0 0 1 0 0.01
-2  2 -1 -1 -3  0  1 -2  5 -3 -3  3 -2 -2 -2 -1  1  4  0 -3 0 1 0 1 0.01
-2 -3 -4 -4 -2 -3 -4 -4 -2  3  0 -3  0  4 -4 -3 -2  8  2  1 0 1 0 0 0.01
-1  3  1  2 -3  0  0 -2 -1 -3 -3  2 -2 -3 -2  3  0 -4 -2 -3 0 1 0 1 0.01
-1 -5 -4 -5 10 -4 -5 -4 -4 -2 -2 -4 -3 -4 -4 -2 -2 -4 -4 -2 0 1 0 0 0.01
-1 -2  0  4 -2 -1  0 -2 -2  0 -2 -1 -2 -3 -2  2  3 -4 -3 -1 0 1 0 0 0.01
 2 -2 -1  1 -2 -1 -1 -1 -2  2 -1 -1 -1 -2  0  3  0 -3 -2  0 0 0 1 0 0.01
 2  0  1 -1 -2 -1 -1  2 -2  0 -2 -1 -2 -3 -2  2  0 -3 -2 -1 0 0 1 0 0.01
-2  0  5  3 -4  0  2 -2  0 -4 -4  2 -3 -4 -2  0 -1 -4 -3 -3 0 0 1 1 0.01
-3  4 -2 -3 -4  2 -1 -3 -1 -3 -3  0 -2 -1 -3 -2 -2  9  3 -3 0 1 0 0 0.01
-1 -5 -4 -5 10 -4 -5 -4 -4 -2 -2 -4 -3 -4 -4 -2 -2 -4 -4 -2 0 1 0 0 0.01
-2 -1 -1 -2 -3  2 -1 -3  8  0 -1  1 -1 -2 -3 -2 -2 -3  0 -1 0 1 0 0 0.01
-1 -2  0  4 -3  0  3 -2 -1 -2 -3 -1 -2 -2 -2  0  2 -3  1 -1 0 1 0 1 0.01
-1 -1  3  1 -3  0  2  3 -1 -4 -4 -1 -3 -4 -2  1  1 -4 -3 -3 0 0 1 1 0.01
-1  1 -1 -2 -3 -2 -2  5 -1 -3 -3  0 -3 -2 -3 -1  0 -2  2 -3 0 0 1 1 0.01
 0  1  1 -2 -2  2 -1  2  0  0 -1  0 -1 -2 -2 -1 -1 -3 -2  1 0 1 0 1 0.01
 0 -2  3 -1 -2 -1 -1  1 -1 -1 -2 -1 -1  1 -2  2  2 -3 -1  0 0 1 0 1 0.01
-3 -3 -3 -4 -3 -3 -3 -4  1 -2 -2 -3 -2  4 -4 -3 -3  1  8 -2 0 1 0 0 0.01
-1  3  2  1 -3  2  0 -2 -1 -3 -3  4 -2 -4 -2  0  0 -4 -2 -3 0 1 0 1 0.01
-2 -2 -3 -3 -2 -2 -3 -4 -3  4  1  0  0  2 -3 -2 -1 -3 -1  3 0 0 1 1 0.01
-1 -3  1 -2 -3 -2 -2  6 -2 -4 -4 -2 -3 -4 -3 -1  1 -3 -4 -3 0 0 1 1 0.01
-2 -1  2  4 -4  2  4 -2  0 -4 -4  0 -3 -3 -2 -1 -1 -3  1 -3 0 0 1 1 0.01
 0  0  0 -1 -2  0 -1 -2 -2 -1 -2  2 -2 -3 -2  2  4 -3 -2 -1 0 1 0 1 0.02
-4 -4 -5 -5 -4 -3 -4 -4 -3 -3 -3 -4 -2  2 -5 -4 -4 12  3 -4 0 1 0 0 0.02
-2  3  0  4 -4  2  2 -2 -1 -3 -3  1 -2 -4 -2  0  1 -4 -3 -3 0 1 0 1 0.02
-2  5 -1 -1 -4  2  1 -3  1 -1 -2  3 -2 -3 -2 -1 -1 -3 -2 -2 0 1 0 1 0.03
-1  2 -1  2 -3  3  0 -2 -1  0 -2  0 -1 -3  4  0 -1 -3 -2 -2 0 1 0 1 0.04
-1 -1  2 -1 -3  0 -1  2  6 -3 -3  0 -2 -1 -2 -1 -1 -2  2 -3 0 0 1 0 0.03
-1 -1  0  2 -4  2  4 -3  3 -3 -3  0 -2 -4  3 -1  1 -4 -2 -3 0 0 1 1 0.03
-1 -1  3  0 -2  0  2  1 -1 -2 -2 -1 -2 -3 -2  1  2 -3 -2  0 0 0 1 1 0.02
 0  0  2  0 -2  2  0  2  0 -2 -2  0 -1 -2 -1  0  0 -1 -1 -1 0 0 1 1 0.02
 1 -2  2  2 -3 -2 -1  5 -2 -4 -4 -2 -3 -3 -2  0 -1 -3 -3 -3 0 0 1 1 0.02
-2 -1 -1 -2 -3  3 -1 -3  5 -2 -2  1  1  0 -1 -1 -2 -1  5  0 0 0 1 1 0.01
-2  1 -2 -3 -2 -1 -2 -3 -2  1  2  1  6 -1 -3 -2  0 -3 -2  0 0 1 0 1 0.01
-2 -2 -3 -3  3 -1  1 -4 -2  0  2 -2  4  0 -3 -2 -2  3  2  0 0 1 0 0 0.01
-1  0  1  2 -3  2  4 -2 -1 -3 -3  1 -2 -3 -2  2  1 -3 -2 -3 0 1 0 1 0.01
-1 -5 -4 -5 10 -4 -5 -4 -4 -2 -2 -4 -3 -4 -4 -2 -2 -4 -4 -2 0 1 0 0 0.01
-1 -2 -2 -3 -2 -2 -2 -3 -2  1  1 -2  0 -1 -2  0  4 -2  2  3 0 1 0 1 0.01
-1 -4 -3 -4 10 -3 -4 -3 -4 -2 -2 -3 -2 -3 -3  2 -1 -3 -3 -2 0 1 0 0 0.01
-1 -2 -3 -3 -2 -2 -3 -3 -2  2  3 -2  1  2 -3 -2 -1 -1  2  1 0 1 0 1 0.01
 0 -2 -1 -2 -3 -2 -2  6 -2 -4 -4 -2 -3 -3 -2 -1 -2 -3 -3 -3 0 1 0 0 0.01
-1  1  6  1 -4  1  2 -2  0 -4 -4  0 -3 -4 -2  0 -1 -4 -3 -3 0 0 1 1 0.01
-1 -3 -1 -2 -3 -3 -3  6 -3 -5 -5 -2 -4 -4 -3 -1 -2  2 -4 -4 0 0 1 1 0.01
-1  2  2 -1 -3  0  0 -2 -1  0 -2  4 -2 -3 -2  1  1 -4 -2 -2 0 0 1 1 0.01
 0 -3 -1 -2 -3 -2 -3  6 -3 -4 -4 -2 -3 -4 -3  1 -2 -3 -4 -4 0 0 1 0 0.01
-1  3 -1  0 -4  1  5  1 -1 -4 -3  2 -3 -4 -2 -1 -2 -4 -3 -3 0 1 0 1 0.01
-3 -3 -4 -5 -3 -3 -4 -4 -2  0 -1 -4 -1  4 -4 -3 -3 10  4  0 0 1 0 0 0.01
-1  2  0 -1 -2  0 -1 -2  3 -2 -2  3 -2 -3 -2  1  4 -3 -2 -2 0 1 0 1 0.01
-1 -5 -4 -5 10 -4 -5 -4 -4 -2 -2 -4 -3 -4 -4 -2 -2 -4 -4 -2 0 1 0 0 0.02
 0  0  0  3 -3  2  2 -2  0 -3 -3  3 -2 -1 -2 -1 -1 -2  2 -2 0 1 0 1 0.04
 0 -3 -3 -2 -3 -2 -2 -3 -3 -3 -3 -2 -3 -4  8 -1 -2 -4 -4 -3 0 1 0 1 0.06
-1 -3 -4 -4 -1 -3 -3 -4 -3  3  3 -3  1  0 -3 -2 -1 -3 -1  3 0 0 1 1 0.13
