 3 -2 -1 -2 -2 -2 -2  4 -2 -3 -3 -1 -2 -3 -2  1 -1 -3 -3 -2 0 0 1 1 0.82
 3 -2 -1  2 -2 -1  1  1 -2 -2 -2 -1 -2 -3 -2  1 -1 -3 -2  0 0 0 1 1 0.71
 0  2 -1 -1 -3  1  3  0 -1 -3 -3  3 -2 -3 -2 -1  0 -3 -2 -1 0 0 1 1 0.51
-1  2 -1 -1 -3  0  2  0 -1 -3 -3  4 -2 -4 -2  1  1 -4 -3 -3 0 0 1 1 0.23
-3  7 -2 -3 -5  1 -1 -3 -1 -4 -3  3 -3 -4 -3 -2 -2 -4 -3 -4 0 0 1 0 0.09
-2 -4 -4 -3 -4 -3 -3 -4 -4 -4 -5 -3 -4 -5  8 -2 -3 -5 -5 -4 0 0 1 0 0.03
-5 -5 -6 -6 -4 -4 -5 -4 -4 -5 -4 -5 -3 -1 -6 -5 -4 12  0 -5 0 0 1 0 0.01
-2  0  1  2 -4  0  3 -3 -1 -4 -4  5 -3 -4 -2 -1 -2 -4 -3 -3 0 0 1 1 0.01
-2 -5 -5 -5 11 -5 -6 -4 -5 -3 -3 -5 -3 -4 -5 -3 -3 -4 -4 -3 0 0 1 1 0.01
-2 -5 -5 -5 11 -5 -6 -4 -5 -3 -3 -5 -3 -4 -5 -3 -3 -4 -4 -3 0 0 1 0 0.01
-3 -3  3  7 -5 -2  0 -2 -2 -5 -5 -2 -4 -5 -3 -1 -2 -6 -4 -5 0 0 1 0 0.01
-1  1  2  2 -3  1  1 -2 -1 -1  0  0 -1  0 -2  1  0 -3  0 -1 0 0 1 1 0.01
 2 -3 -3 -3  3 -1 -2 -1 -3  2  0 -2 -1 -2  2 -1  1 -3 -2  2 0 1 0 1 0.01
-1 -1 -2 -1 -2 -1  2 -3 -2  1  1  0  1  0  0 -1  0 -3 -2  1 0 1 0 1 0.01
-1 -2 -3 -3  9  0 -3 -3 -3 -1 -2  0  1 -3  3 -2 -2 -3 -3 -2 0 1 0 1 0.01
 0 -1  0  0 -2  0  0 -2 -2 -2 -2 -1 -1 -2  0  2  4 -2  0 -1 0 0 1 1 0.01
-1  5 -1 -2 -3  0 -1  0 -1 -3 -3  4 -2 -3  0 -1 -1 -3 -2 -3 0 0 1 1 0.01
 0 -2 -1 -2 -2 -1 -1 -2 -2  2 -1 -1  0  0 -1  3  1  3 -1  0 0 0 1 1 0.01
-2 -2  0  0 -2 -2 -2 -3  0  3  1 -1  0  3 -3 -2 -1  2  2  0 0 0 1 1 0.01
-2 -3 -3 -2 -3 -2 -2 -3 -3 -3 -3 -2 -3 -3  8 -2 -2 -3  0 -3 0 0 1 1 0.01
 0 -1 -3 -2 -3 -2 -2 -3 -3 -3 -2 -2 -3 -4  7 -2 -2 -4 -3 -3 0 0 1 0 0.01
 0  1 -1 -2 -2  1 -1 -2 -1  1  0  0  0  3 -2 -1  0 -1  0  0 0 1 0 1 0.01
-2 -3 -3 -4  9 -3 -4 -3 -3 -2 -2 -3 -2 -1 -3 -2 -2  8  2 -2 0 1 0 0 0.01
-2  5 -1 -2 -3  2  0 -2 -1 -3 -3  2 -2 -3 -2  0  1  2 -2 -3 0 1 0 1 0.01
-2 -4 -3 -4 10 -3 -4 -3 -4 -2 -2 -4 -3 -3 -3 -2 -2 -3 -3 -2 0 1 0 0 0.01
 0 -1  3  1 -2 -1  0 -2  1 -1  1 -1  3  0 -2 -1  0 -2 -1 -1 0 0 1 0 0.01
-3 -2  0  7 -4 -1  0 -2 -2 -4 -4 -2 -4 -4 -2 -1 -2 -4 -3 -4 0 0 1 0 0.01
-1  0 -1 -1 -2  1  4 -2 -1  1  0  0  0 -2 -2 -1 -1 -3 -2  2 1 0 0 1 0.01
-1 -2 -3 -3 -2 -2 -2  0 -3  1  2 -1  0 -1 -2 -2 -1 -3 -2  4 1 0 0 0 0.01
-2 -1  0  4 -3  0  4 -2 -1 -3 -3  1 -2  0  0 -1 -1 -3 -2 -3 0 0 1 1 0.01
-1  3 -1 -1 -3  4  2 -2  1 -3 -2  3 -1 -3 -2  0  0 -2 -2 -2 0 0 1 1 0.01
-2 -4 -3 -4 10 -3 -4 -3 -3 -2 -2 -3 -2 -3 -3 -2 -2 -3 -3 -2 0 0 1 1 0.01
 3 -1 -1  0 -2 -1 -1 -1  3 -2 -2 -1 -1  0  2  2  0 -2 -1 -1 0 0 1 1 0.01
 3  0 -1  1 -2 -1  0  0 -2 -2 -2  1 -2 -3  2  1 -1 -3 -2 -1 0 0 1 1 0.02
 3 -1 -1  1 -1  1 -1  0 -2 -2 -2 -1 -1 -3 -1  0  2 -3 -2 -1 0 0 1 1 0.02
-2 -4 -3 -4 10 -3 -4 -3 -3 -2 -2 -3 -2 -3 -3 -2 -2 -3 -3 -2 0 0 1 0 0.02
-1  1 -1 -1 -3  2  2 -2 -1 -3 -3  5 -2 -3 -1 -1  0 -3 -2 -2 0 0 1 1 0.03
 1  0  0  2 -2  0  1 -1 -1 -2 -1  0 -1 -2 -1  2  0 -3 -2 -1 0 0 1 1 0.03
-2 -4 -3 -4 10 -3 -2 -3 -3 -2 -2 -3 -2 -3 -3 -2 -2 -3 -3 -2 0 1 0 0 0.04
-1  3 -1  1 -2  2  1  1 -1 -1 -2  0 -1 -2  0 -1 -1 -2 -2  0 0 1 0 0 0.05
 0  0 -1  1 -3  0  4 -1 -1 -3 -3  0 -2 -3  4 -1 -1 -3 -2 -2 0 1 0 1 0.05
 3 -1 -1 -1 -1  0 -1 -1  1 -1 -1  0 -1 -2  0  2  1 -3 -2  0 0 0 1 0 0.06
 0  1 -1 -1 -2  0  2 -1 -1 -2 -2  1  1 -2  4  1  0 -2 -2 -1 0 0 1 1 0.06
 2 -2 -1 -1 -1 -1 -1  3 -2 -2 -2 -1 -2 -2 -1  3  0 -2 -2 -2 0 0 1 1 0.06
-1 -1  1  4 -3 -1  1  0 -1 -2 -2 -1 -2  2  2  0 -1 -2 -1 -2 0 0 1 1 0.06
 0 -2 -1  2 -3 -2 -1  0 -2 -3 -3 -2 -3 -4  6  1 -1 -4 -3 -3 0 0 1 1 0.04
 0 -2  0 -1 -2 -1  0  4 -2 -3 -3 -1 -2  0  1  2  0 -3 -2 -2 0 0 1 1 0.03
-1  4 -1 -2 -2  0 -1  1 -1 -2  0  1 -1 -2  3  0 -1 -2 -2 -1 0 0 1 0 0.02
-2  1 -2 -3  2 -1 -2 -3  3 -1  2  0  0  3 -3 -2 -2 -1  2 -1 0 1 0 1 0.02
-1 -3 -3 -3 -2 -3 -3 -4 -3  5  0 -3  0 -1 -3 -2 -1 -3 -2  4 0 1 0 0 0.01
-2 -4 -4 -4 10 -4 -4 -3 -4 -2 -3 -4 -3 -3 -4 -2 -2 -3 -3 -2 0 1 0 0 0.01
-1  1  2  2 -2  2  2  0  2 -2 -2  0 -2 -1 -2  1 -1 -3 -1 -1 0 0 1 1 0.01
-3 -3  0  7 -4 -1  0 -2 -2 -4 -4 -2 -4 -4 -2 -1 -2 -4 -4 -4 0 0 1 0 0.01
-1  1 -2 -3 -2  1 -2 -3 -2  0 -1 -1  0  0 -2 -2  0  7 -1  3 0 1 0 1 0.01
-3 -3 -3 -4 -3 -2 -3 -4  1  0 -2 -3 -2  3 -3 -3 -2  1  8 -2 0 1 0 0 0.01
-2  1 -2 -3 -2 -2 -2 -3  1  1  0 -2 -1  1 -3 -1  2  8  0  0 0 1 0 1 0.00
 0 -2 -1 -2 -3 -2 -2  6 -2 -3 -3 -2 -3 -3 -2  1 -1 -3 -3 -1 0 0 1 0 0.00
-1 -2  1  5 -3 -1  1 -2 -2 -1  0  0 -2 -2 -2  0 -1  2 -2 -2 0 0 1 1 0.00
 0 -3 -2 -2 -3 -2 -2 -3 -3 -1 -1 -2 -2 -3  7 -1  0 -3 -3 -2 0 0 1 0 0.00
 0 -2 -1 -1 -3 -2  1  6 -2 -4 -3 -2 -3 -3 -2 -1 -2 -3 -3 -3 0 0 1 1 0.00
-2 -3 -2  0 -3 -2 -1 -3 -3 -3 -3 -2 -3 -4  8 -2 -1 -4 -3 -3 0 0 1 1 0.00
-1  0  0 -1 -2 -1  0  0 -1  0  0  1  0  3  2  0 -1 -1  0 -1 0 0 1 1 0.00
-1 -3 -3 -3  9 -3  0 -3 -3 -2 -2 -3 -2 -3 -3 -2 -2 -3 -3  1 0 0 1 1 0.00
-1  6 -1 -2 -4  0 -1 -3  1 -3 -3  2 -2 -3 -2 -1 -2 -3 -2 -3 0 0 1 0 0.00
-2 -3 -3 -2 -3 -2 -2 -3 -3 -3 -3 -2 -3 -4  8 -2  0 -4 -3 -3 0 0 1 0 0.00
-3 -4 -4 -5 -3 -3 -4 -3 -3 -4 -3 -4 -3 -1 -4 -4 -3 12  1 -4 0 0 1 0 0.00
-1  0  0  4 -3  0  1  0 -1 -3 -3  4 -2 -3  0 -1 -1 -3 -3 -3 0 0 1 1 0.00
-2 -5 -5 -6 11 -5 -6 -4 -5 -3 -3 -5 -3 -4 -5 -3 -3 -4 -4 -3 0 0 1 0 0.00
-2 -5 -5 -6 11 -5 -6 -4 -5 -3 -3 -5 -3 -4 -5 -3 -3 -4 -4 -3 0 0 1 0 0.00
-3 -3  2  7 -5 -2  0 -3 -2 -5 -5 -2 -4 -5 -3 -2 -1 -6 -5 -5 0 0 1 1 0.00
-1  1  2  0 -3  0  1 -2 -1 -1 -1  2  0  2 -2  1  0 -2 -1 -1 0 0 1 1 0.00
 2  0 -2 -2  6  0 -2  0 -3 -2 -2 -2 -2 -3  2  0  1 -3 -3  0 0 1 0 1 0.00
 0 -3 -3 -3 -2 -2 -3 -2 -3  2  2 -2  1  2  0 -1  1 -2 -1  2 0 1 0 1 0.00
-2 -5 -5 -5 11 -5 -5 -4 -5 -3 -3 -5 -3 -4  1 -3 -3 -4 -4 -3 0 1 0 1 0.00
-1 -2  2 -2 -2 -2 -2 -3 -2 -2 -3 -2 -2 -3 -2  1  6 -4  0 -2 0 0 1 1 0.01
-2  5  0 -2 -4  0 -1  0 -2 -4 -4  4 -3 -4 -3 -1 -2 -4 -3 -4 0 0 1 1 0.01
 0 -2 -1  0 -2 -1  1  1 -2 -3 -3 -1  0 -3  1  4  0 -4 -3 -3 0 0 1 1 0.01
-1 -3  1  2 -2 -1 -2 -3 -2  3  2 -2  1  1 -3 -2 -1  1  1  0 0 0 1 1 0.01
-2 -4 -3 -3 -4 -3 -3 -4  3 -1 -4 -3 -4 -5  8 -2 -3 -5 -4 -3 0 0 1 0 0.01
-1 -1 -3 -3 -4 -3 -3 -4 -4 -4 -4 -2 -4 -5  8 -1 -2 -5 -4 -4 0 0 1 0 0.01
 0 -1  0 -2 -2  2 -1 -3 -2  2  0  0  1  0 -2 -1  3 -3 -2  0 0 0 1 1 0.01
-2 -5 -5 -5 10 -5 -5 -4 -5 -3  0 -5 -3 -3 -5 -3 -3  4 -3 -2 0 1 0 0 0.01
-2  5 -1 -2 -4  3 -1 -3  4 -3 -3  0  1 -3 -3  0 -1 -3 -2 -3 0 1 0 1 0.01
-2 -5 -4 -5 10 -4 -5 -4 -5 -2 -3 -4 -3 -4 -4  0 -2 -4 -4  0 0 1 0 0 0.01
 1  2  0 -2 -2  0 -1  1  0 -1  1  0  1 -2 -2  0  0 -3 -2  0 0 0 1 1 0.01
-3  2  0  7 -5 -1  0 -3 -2 -5 -5 -1 -4 -5 -3 -2 -2 -6 -4 -5 0 0 1 0 0.01
 0  1 -1 -1 -3  0  3 -3 -2  0 -1  2  0 -1 -2 -1  0  1 -2  1 0 1 0 0 0.01
 0 -2 -2 -3 -2 -2 -3  3 -3  1  0 -2 -1 -2 -3 -2 -1 -3 -2  4 0 1 0 1 0.01
 0  0  0  3 -3  0  4  0 -1 -3 -3  1 -2 -2 -2 -1 -1 -3 -2 -3 0 0 1 1 0.01
 0  2  0  0 -2  3  0 -2 -1 -3 -3  2 -2 -3 -2  2  2 -3 -2 -2 0 0 1 1 0.02
-1  1 -3 -4 10 -3 -4 -1 -4 -3 -3 -3 -3 -4 -4 -2 -2 -3 -3 -2 0 0 1 0 0.01
 3  0 -1 -1 -2 -1 -1 -1  5 -3 -3 -1 -2 -3  1  2 -1 -3 -1 -2 0 0 1 0 0.02
 2 -2 -1  1 -2 -1 -1  0 -2 -2 -3 -1 -2 -3  4  3  0 -3 -3 -1 0 0 1 1 0.02
 3  0  0 -2 -2 -1 -1  1 -2 -2 -2 -1 -2 -3 -2  1  3 -3 -2 -1 0 0 1 1 0.02
-1 -4 -3 -4 10 -4 -4  0 -4 -3 -3 -4 -3 -4 -4 -1 -2 -3 -4 -2 0 0 1 0 0.01
-2  3  1  0 -4  1  1 -1 -1 -3 -3  5 -2 -4 -2 -1 -2 -4 -3 -3 0 0 1 1 0.02
 1  2  0  2 -2  0  2 -1  1 -2 -1  1 -2 -3 -2  1  0 -3 -2 -2 0 0 1 1 0.02
-2 -4 -4 -4 10 -4 -4 -4 -4 -2 -3 -4 -3 -4 -4 -2 -2 -4 -4 -1 0 1 0 1 0.01
-1  0 -2 -2 -2  2  1  0 -2  1  1  1  0 -2 -2 -1 -1 -3 -2  2 0 1 0 1 0.02
-1  0 -1 -1  6  0  0 -3 -2 -1  1  0 -1 -2  4 -1 -1 -3 -2 -1 0 1 0 1 0.02
 1 -2 -1 -2 -1  0  0 -2 -1  0  0 -1 -1 -1  0  1  1 -2  2  1 0 1 0 0 0.02
-1  3 -1 -1 -3  0  2  0  1 -2 -2  0 -2 -2  2  1 -1  1  0 -1 0 0 1 1 0.02
 0 -2 -1 -1 -2 -1 -1  2 -2 -1 -3 -1 -2 -1 -2  5  0 -3 -2 -1 0 0 1 1 0.02
-1  0  0  4 -3  0  2  0 -1 -1 -2  0 -2  0 -2  0 -1  3  0 -1 0 0 1 1 0.02
-2 -1 -3  1 -4 -2 -2 -3 -3 -4 -4 -2 -4 -4  8 -1 -2 -4 -4 -4 0 0 1 1 0.01
-1 -1 -1 -3 -4 -2 -2 -3 -3 -4 -4 -2 -3  1  7  1  1 -4 -3 -3 0 0 1 1 0.01
-2  6  1 -2 -4  3  0 -1 -1 -4 -1  1 -2 -4 -3 -2 -2 -4 -3 -4 0 1 0 0 0.01
-3  1 -3 -4  6 -2 -3 -4  5 -3 -2 -2 -2  3 -4 -3 -3 -1  5 -3 0 1 0 1 0.01
-2  3 -2 -3 -3  2 -2 -4  0  1 -1 -1  2 -1 -3 -1 -1 -3  0  3 0 1 0 0 0.01
-3 -6 -5 -6 11 -5 -6 -5 -5 -3 -4 -5 -4 -5 -5 -3 -3 -5 -5 -3 0 1 0 0 0.01
-1  1  0  0 -3  1 -1 -3  0  0  1  1  0  2 -2  0  0 -2  1 -1 0 0 1 1 0.01
-4 -4  0  8 -5 -2  0 -3 -3 -5 -6 -3 -5 -6 -3 -2 -3 -6 -5 -5 0 0 1 0 0.01
-2  2 -2 -2 -3  2 -1 -3  0  0 -1 -1 -1  1 -3  0  1  5 -1  1 0 0 1 1 0.01
-3 -3 -3 -4 -4 -3 -3 -4  4 -1 -1 -3 -2  6 -4 -3 -1  0  6 -2 0 1 0 0 0.01
-2  1 -1 -2 -3  1 -1 -3  6 -1 -2 -1 -2  1  0 -1  4 -3 -1 -2 0 1 0 1 0.01
-1 -3  2 -2 -3 -3 -3  6 -3 -4 -4 -2 -3 -4 -3 -1 -2 -4 -4 -1 0 0 1 0 0.02
-2 -2 -1  3 -3  1  1 -3  0 -1 -2 -2 -2  3  0 -2 -2  3  3 -2 0 0 1 1 0.04
-2 -4 -3 -3  4 -3 -3 -4 -4 -1 -3 -3 -3 -2  8 -2 -2 -4 -4 -1 0 0 1 1 0.08
 0  0 -2 -2 -3 -2 -3  6 -2 -4 -4 -2 -3 -3  1 -1 -2 -3  1 -4 0 0 1 0 0.07
-2  0 -3 -3 -4 -2 -2 -4 -3 -4 -4 -2 -4 -5  8 -2 -2 -5 -4 -4 0 0 1 1 0.06
-1  3 -1 -2 -3  2  0 -2 -1 -2 -2  4  2 -3  0  1  1 -3 -2 -1 0 0 1 1 0.08
-2 -5 -4 -5 11 -5 -5 -4 -5 -3 -3 -5 -3 -4 -4 -2 -2 -4 -4 -2 0 0 1 1 0.10
 0 -1 -1 -2 -2 -1 -1 -2  4 -2 -3  1 -2 -3 -2  1  5 -3 -2 -2 0 0 1 1 0.15
-1 -2  2  1 -4 -1  3 -2 -2 -4 -4 -1 -3 -4  6  0 -1 -4 -3 -3 0 0 1 1 0.29
-2  4 -1 -1 -4  2  3 -3  2 -4 -3  3 -2 -3 -2 -1 -1 -3 -2 -3 0 0 1 1 0.43
