-2 -3 -4 -4 -2 -2 -4 -4 -3  4  2 -3  6 -1 -4 -3 -2 -3 -2  1 0 0 1 1 0.75
-2  0 -3 -4 -2 -1 -3 -4 -3  1  4 -2  3  0 -3 -3  0 -3 -2  1 0 1 0 0 0.59
 1  0 -3 -2 -2 -2 -1 -3 -3  1  3  0  1 -1 -3 -1  0 -3 -2  0 0 0 1 0 0.50
-1  0  3  0 -3 -1 -2 -2  0 -1 -2  0 -2 -3 -3  2  4 -4 -3 -1 0 0 1 1 0.32
-1 -2 -4 -5 -5 -1 -4  0  1 -4 -4 -2 -4  0 -2  0 -1 -1  8 -4 0 0 1 1 0.20
-1  0 -2 -1 -5 -2 -3  6 -4 -6 -5  4 -4 -5 -4 -1 -3 -5 -5 -5 1 0 0 1 0.12
-1 -3 -3  0 -3 -1  0 -4 -4  4  2 -3  2 -2 -4 -1  1 -4 -3  1 1 0 0 1 0.08
 0 -1 -2  0 -3 -2 -2 -1 -3  0  0 -2 -2 -1 -2  1  4 -3  2 -1 1 0 0 1 0.07
 1  0 -1  1 -3  0  0 -2 -2 -1  0  2 -1 -3  3 -1 -1 -3  0 -1 1 0 0 1 0.05
 2 -2  0  3 -4  0  4 -1  0 -2 -3 -1 -3 -4  1  0 -1 -5 -4 -3 1 0 0 1 0.04
 0 -1 -2  1 -4  3  4 -3 -2 -2  0 -2 -1  1 -3 -2 -2  1  2 -2 1 0 0 0 0.03
-4  3 -2 -4 -5 -2 -3 -3  1 -3 -2  3 -3  3 -4 -3 -3  2  6 -2 1 0 0 0 0.02
 0  1  0  2 -4  3  3 -2 -1 -4 -2  1 -1 -3 -3 -1 -1  5 -3 -3 1 0 0 1 0.02
 3  2 -2 -1 -4  1  2 -1  0 -2 -3  3 -3 -4 -3  0 -1 -4 -3 -3 1 0 0 1 0.01
-4  0 -5 -5 -4 -2 -4 -6 -4  3  4 -3  6  0 -5 -4 -2 -4 -3 -1 1 0 0 0 0.01
-2 -2 -4 -2 -3 -2 -3 -4  0  0  3 -2  1  2 -4 -2 -2  5  5  0 1 0 0 0 0.01
 2 -1 -2  2 -4  2  4 -3  0 -3 -2  0 -3 -4 -3 -1 -1 -5 -4 -2 1 0 0 1 0.01
 2  0 -2 -1 -2  0  3 -3 -1 -2 -3  2 -1  0 -3  1 -1  0 -2 -1 1 0 0 1 0.01
-1 -1 -3 -3  0  8  1 -5 -1 -5 -4 -2 -3 -6 -4 -2 -2 -5 -4 -5 0 0 1 0 0.01
-1 -1  3  1 -1 -1 -1  5 -2 -5 -4  1 -3 -5 -1 -1 -2 -5 -4 -4 0 0 1 1 0.01
-2 -2  0 -2 -1 -4 -3  6  0 -6 -5 -2 -5 -2  1 -1 -4  2  1 -5 0 0 1 0 0.01
-2  4 -2 -2  2 -1 -2 -3  2  0  1  3  0 -3 -4 -1 -1 -4 -3  1 0 1 0 1 0.01
-4 -7 -6 -1 11 -6 -6 -6 -6 -5 -5 -6 -5 -6 -6 -1 -4 -6 -6 -4 0 0 1 0 0.01
 3 -2 -2 -2  0 -2 -2 -1 -2 -3 -1  0 -3 -1  5 -2 -3 -4  2 -2 0 0 1 1 0.01
-2 -5 -5 -5 -3 -5 -5 -1 -5  6  3 -5  1 -2 -5 -4 -2 -4 -3  1 0 0 1 0 0.01
-4 -6 -6 -6 11 -6 -6 -6 -6 -4 -3 -6 -4 -5 -6 -4  0 -5 -6 -4 0 0 1 0 0.01
-1  1 -1  0 -4  3  1  4  1 -3 -3  1 -3 -4 -2  0 -2 -3 -3 -3 0 0 1 1 0.01
-1  4  0 -1 -3 -1  1 -1  1  0 -1  1 -2 -3 -2  0  0 -3 -2 -1 0 0 1 1 0.01
 2 -1 -2  0 -3 -1  2 -2 -2 -2  0  1 -2 -3  4  0 -1 -4 -3 -1 0 1 0 1 0.02
-1 -2 -2 -2 -2 -2 -1 -1 -2  2  3 -1  3  1  0 -1 -1 -2 -1  0 0 0 1 0 0.02
-1  0  3  3  1 -1  0  0  0 -2 -3  0 -1  0  0  0  1 -3 -2 -1 0 0 1 1 0.02
 0 -2  0  2 -3 -1  1  3  0 -2 -2 -1 -2 -1  2  0 -1 -3 -2 -2 0 0 1 1 0.03
 0 -1 -1  3 -3  0  1  0 -2 -2 -2  2 -1 -3  2  0  0  0 -3  0 0 0 1 1 0.03
 0  0 -2 -1 -2 -2 -2 -1  0  1 -1 -1  1 -1  0  0  2 -1  0  2 1 0 0 0 0.03
 0  2  1 -1 -3  1  0  0  1 -2 -3  3 -1 -2  2  0 -1 -3 -2 -1 1 0 0 1 0.02
 1  3 -2 -1 -3  0  0 -1 -1 -1 -2  3 -2 -3  0  0  0 -4 -3  0 1 0 0 1 0.02
 0 -2  2 -1 -1 -1 -1 -1  0  1  2 -1  0  0  0 -1 -1  0  0  0 0 0 1 0 0.01
 2  0 -2 -3  5 -2 -2 -3  6 -2 -2  0 -1 -3 -1  0 -2 -3 -2  1 0 1 0 1 0.01
-2 -2 -4 -4 -3 -3 -4 -4 -4  2  3 -3  1 -2 -4 -3 -1 -4 -3  5 0 1 0 0 0.01
-4 -4 -1  8 -5 -3  0 -4 -3 -5 -5 -3 -5 -5 -4 -3 -3 -6 -5 -2 0 1 0 0 0.01
-4 -3 -2 -4 -5 -2 -3 -5 11 -5 -5 -4 -4 -4 -5 -4 -4 -5 -1 -2 0 1 0 0 0.01
-3 -3  1  7  6 -3  0 -3 -3 -4 -5 -1 -4 -5 -4 -2 -3 -5 -5 -4 0 0 1 0 0.01
-4 -3 -2 -4 -5 -3 -3 -5 11 -6 -5 -4 -4 -4 -5 -4 -4 -5 -1 -5 0 0 1 1 0.01
 1 -1  0  1 -2  1  2 -1 -1 -1 -1  0  0 -1 -1  0  0 -2 -1 -1 0 0 1 1 0.01
-1  0 -1  1  4 -1 -1 -1  0  0  1 -1  0  0 -1  0 -1 -1 -1 -1 0 0 1 0 0.01
 0 -1  1  1  3  0  0  0  2 -1 -1  0 -1 -1  1  0  0 -1 -1 -1 0 0 1 1 0.02
 0 -1  0  1  1 -1 -1  3 -1 -1 -1 -1 -1 -1  1  0  0 -1 -1  0 0 0 1 1 0.02
 0  1  0  0 -1  0  0  0  2 -1 -1  0 -1 -1  3  0  0 -1 -1 -1 0 0 1 1 0.02
-1  3  2 -1 -2  0  0  1  0 -2 -2  2 -2 -2 -1  0  0 -2 -2 -1 0 0 1 1 0.01
 2 -1 -2 -3  2 -1 -2 -2 -3 -3 -3  1 -2 -4 -3  0  5 -4 -2 -1 0 0 1 0 0.01
-1 -5 -3 -4 -5 -4 -4  7 -4 -6 -4 -3 -5 -5 -4 -2 -4 -5 -5 -5 0 0 1 0 0.01
-1  3  0 -1  3  0  1 -3  2 -1 -1  3 -1 -1 -3 -2 -2  1  0 -1 0 1 0 0 0.01
-3 -5 -5 -4  6 -5 -5 -3 -5  3 -1 -5  0 -3 -5 -4 -3 -5 -4  6 0 1 0 0 0.01
-5  8 -4 -5 -7 -2 -3 -6 -3 -6 -5 -1 -5 -6 -5 -4 -4 -6 -5 -6 0 1 0 0 0.01
 1 -4 -1 -2  1 -1 -1  6 -4 -5 -5 -3 -5 -5 -4 -1 -3 -5 -5 -5 0 1 0 0 0.00
-2 -4 -5 -5 -1 -4 -5 -5 -5  3  4 -4  0 -2 -5 -3 -2  1 -3  3 0 1 0 0 0.00
-2 -5 -6 -6  0 -4 -5 -6 -5  2  5 -5  0 -2 -5 -4 -3 -4 -3  1 0 1 0 0 0.00
-4 -6 -3 -4 11 -3 -6 -6  4 -2 -5 -6 -5 -5 -6 -2 -4 -6 -5 -4 0 0 1 0 0.00
-1  4  2 -1 -1  0 -2  1  2 -3 -3  0 -3 -1 -1  1  1 -4 -2 -2 1 0 0 1 0.00
-1  0  1 -1  1 -1 -1  1 -1 -3 -1  0  0 -2  2  1  1  5  0 -2 1 0 0 0 0.00
-2 -7 -6 -4 11 -6 -2 -6 -6 -4 -5 -6 -5 -6 -6 -4 -2 -6 -6 -2 1 0 0 0 0.01
-5 -4  9  0 -6 -3 -3 -4 -3 -7 -7 -3 -5 -6 -5 -2 -3 -7 -5 -6 1 0 0 0 0.01
 2  2 -1 -2  0  0 -2  0  0  0 -1  1  1 -3 -2  0  1 -3 -2  0 1 0 0 1 0.01
 2 -2 -2 -2 -2 -1 -2  2 -2  0  1 -2  1  1 -2 -1  0 -2  0  1 1 0 0 0 0.01
-2 -2 -3 -2 -3 -1  3 -3 -2  1  4 -2  0 -2 -3 -2 -2 -3 -2  0 1 0 0 0 0.01
-2 -3 -2 -2 -3 -3 -2  7 -3 -4 -4 -3 -3 -4 -3 -2 -3 -3 -3 -4 1 0 0 1 0.01
-1  2  0 -1 -1  2  0 -2  0 -1  0  2  1 -1 -2 -1 -1 -2  2 -1 1 0 0 1 0.01
-1 -2 -3 -3  1 -2 -3 -3 -2  3  2 -2  3  2 -2 -2 -1 -2  0  3 1 0 0 0 0.02
-1  2 -1 -1 -3  0  2  0  0 -1 -1  3 -2 -3  0 -1 -1 -3 -2 -1 1 0 0 0 0.02
-1  0  4  2 -2 -1 -1  0  5 -2 -2  0 -2 -2  0  0 -1 -2 -1 -2 1 0 0 1 0.03
 0  1  1  1 -2  0  0 -1 -1 -1 -1  1 -1 -1 -1  0 -1  4  0  0 1 0 0 0 0.04
 1 -1 -1 -2 -1 -1 -1 -1 -1  0  0 -1 -1  3  1  0  0  3  1  0 1 0 0 0 0.06
 0  0  1  1 -2  0  1  1 -1 -1 -1  1  1  0  0  0  0 -2 -1 -1 1 0 0 1 0.07
-1  5 -1  1 -2  0  0 -1 -1 -2 -2  1 -2 -2 -2  0  0 -2 -2 -2 1 0 0 1 0.07
 0 -1 -1 -1 -1 -1 -1  0 -1 -1 -1 -1 -1  1  2  2  0  4  3 -1 0 0 1 0 0.07
 0 -1  0  2  1 -1  0  4 -1 -2 -2  0 -2 -2 -1  0  0 -2 -2 -1 0 0 1 1 0.06
 0 -1 -1 -2 -1 -1 -2 -1  0  0  2 -1  1  0 -2  0  0 -2  0  2 0 0 1 0 0.05
 1  0 -1  0 -2  0  0 -1 -2  1  1  1  1 -1  0 -1 -1 -2 -2  1 1 0 0 1 0.05
 2  0 -1 -2 -2 -1 -2  4 -2 -2 -2  0 -2 -2 -1  1 -1 -2  1 -2 1 0 0 1 0.04
-1  3  0  0 -3  2  0 -2  3 -2 -1  1 -1 -2  0 -1  0  2 -1 -2 1 0 0 1 0.04
 2 -2  1  1 -2  0 -1  2 -2 -1 -1 -1 -1 -1 -1  0 -1 -2 -1  0 0 0 1 1 0.03
 1  3 -2 -2  0  0 -1 -1  1  1 -1 -1 -1 -2 -2 -1  0 -3 -1  2 0 0 1 0 0.02
 0 -1  1  6 -4 -1  1 -3 -3 -4 -3 -1 -4 -4 -1  0 -1 -5  0 -4 0 0 1 1 0.01
-2 -1  1  1  2 -2 -1 -3 -1  1  0 -2 -1  2  1 -1 -2 -1  5 -2 1 0 0 0 0.01
 0 -2 -3 -3 -2 -3 -2 -2 -3  3  2 -3  0 -2  2 -1 -1 -4 -3  2 1 0 0 0 0.01
-1  0 -1  2 -4  2  4 -3 -2 -3 -3  1  1 -4  1 -1  0 -4 -3 -1 1 0 0 1 0.01
 1 -2 -4 -4 -3 -2 -3 -3 -3 -1 -1 -2 -1  5 -4 -1 -2  8  2 -1 1 0 0 0 0.01
-1 -3 -4 -5 -1 -3 -4 -5  0 -1  5 -1  1  3 -4 -4 -3 -3 -2 -1 1 0 0 0 0.01
-1  4 -1  0 -4  2  3 -3  1 -3 -3  2 -1 -4  0 -1 -1 -4 -3 -1 1 0 0 1 0.01
 0  3  4 -1 -3 -1  0  1  0 -4 -4  1 -3 -4 -3  1  0 -4 -3 -3 1 0 0 1 0.01
 3 -3 -4 -4 -2 -3 -3 -1 -3  0  3 -3  2 -1 -3 -2 -2 -3  1  2 1 0 0 0 0.01
 2 -2 -4 -4 -2 -3 -3 -3 -3  4  1 -3  0 -1 -3 -1 -2 -3  0  2 1 0 0 0 0.01
 1 -1  1  4 -3  1  2 -2  0 -3 -3  0 -3 -4 -2  0  1 -4 -3 -1 1 0 0 1 0.01
-5 -1 -5 -6 -5 -4 -5 -6  1 -4 -4 -4 -4  0 -6 -4 -4 -1  9 -4 1 0 0 0 0.01
-3 -2 -5 -6 -3 -4 -5 -6 -2  1  5 -4  1 -1 -5 -4 -3  4  1  0 1 0 0 0 0.01
-1  2  0  2 -4  0  4 -1 -2 -4 -2  3 -3 -4 -3 -1 -1 -4 -3 -3 1 0 0 1 0.01
 1  2  1  0 -3  1  0  0  0 -3 -3  1 -2 -2  0  1  1 -3 -1 -2 0 0 1 1 0.01
-3 -3  0  5  1 -2  1 -3  0 -4 -4 -2 -4 -5  5 -2  1 -5 -4 -4 0 0 1 1 0.01
-2 -1  0 -2 -3  0 -1 -2  2 -3 -2 -1 -2  0  5 -1  1 -2  4 -2 0 0 1 0 0.01
 3 -2  0 -2 -2 -2 -2 -2  0 -2 -3  0 -2 -3  0  2  3  1 -2 -1 0 0 1 1 0.01
-1 -1  1  3  0  1  2 -1 -2 -1 -2  0 -2  0  1  0  1 -3 -2  0 0 0 1 1 0.01
 0  1  4  0 -3  1  0  0  2 -3 -2  1  0  1  0  0 -1 -3 -1 -2 0 0 1 1 0.01
 0 -1  1  0 -2 -2 -2 -2  0  1  1 -2  0 -1  3 -1  0 -3  0  2 0 0 1 0 0.01
-2 -3 -4 -4 -2 -3 -4 -4 -3  5  2 -2  2 -1 -4 -3 -1 -2  3  2 0 1 0 0 0.01
-3 -3 -2 -3 -4 -2 -2  3  8 -4 -4 -3 -3 -2 -4 -3 -3 -3  4 -4 0 0 1 0 0.01
 0  0 -2 -1 -3 -1  1 -3 -3 -1 -3  1 -3 -4  6  0 -2 -4 -3 -2 0 0 1 1 0.02
 0  4  2 -2 -3  2 -1 -2  1 -3 -1  2 -2 -3 -2  1  0 -4 -2 -3 1 0 0 1 0.02
-3 -2 -2 -3 -3 -2 -1 -2  5  2  0 -1 -1  4 -4 -3 -2 -1  4  0 1 0 0 0 0.02
 2  1 -2 -2 -2  0  0 -2 -2  1  0  2 -1 -2 -1  0  0 -3 -2  2 1 0 0 0 0.02
-1 -2  2  1 -3  0  0  0 -2 -3 -3  0 -3 -4  5  0  2 -4 -3 -2 1 0 0 1 0.03
-2 -3 -1  6 -4 -1  3 -3 -2  0 -4  0 -3 -4 -1 -2 -2  2 -4 -2 1 0 0 1 0.03
 0  1 -1  1 -3  1  3 -3  0 -2  0  2  3 -3 -2 -1 -2 -3 -2 -2 1 0 0 0 0.04
 0  0 -1 -1 -2  0  2 -2  0  0  0  2 -1 -3  1  1  1 -3 -2  1 1 0 0 0 0.05
-2  1 -2 -1 -5  0  2 -3 -2 -4 -4  6 -3 -5  1 -1 -2 -5 -4 -4 1 0 0 1 0.05
-1  3  1 -1 -4  0  3 -3  2 -1 -2  0 -2  1 -3 -1 -2  4 -1 -2 1 0 0 1 0.06
-1 -3 -3 -1 -3 -1  0 -4 -2  1  2 -3  0  5 -4 -1 -2 -1  2 -1 1 0 0 0 0.06
 2  1  1 -2 -2  0 -1 -1 -2 -2 -1 -1 -2 -3  1  3  1 -4 -3 -2 1 0 0 1 0.07
-3  7 -2 -3 -5  0 -2 -4 -2 -5 -4  3 -3 -5 -4 -2 -3 -4 -3 -4 0 0 1 1 0.07
-2  0  3 -2  3  0 -2 -3 -2 -1  3  0  1 -2 -3 -2 -1 -3 -2  0 0 0 1 1 0.07
 0  2  2  2 -3 -1 -1  2 -1 -3 -3  2 -2 -3 -2  1  2 -4 -3 -2 0 0 1 1 0.07
-2  3  0 -2 -3  1 -1 -3 -2 -2  0  4 -1 -3 -2 -1 -1 -4 -2  0 1 0 0 1 0.06
 2 -1 -1  0 -2  0  1 -1 -2 -1 -1  1 -1 -3  3  1  0 -3 -2 -1 1 0 0 1 0.05
-1  1  0  2 -4  1  4 -1 -1 -3 -3  1 -2 -4 -2  0  1 -4 -3 -3 1 0 0 1 0.05
-2 -2 -3 -3 -2  2 -2 -4 -2  2  2 -2  7 -1 -3 -2 -2 -3 -2  0 1 0 0 0 0.04
 0  0 -2 -1 -2 -1 -2 -3 -3  3  1  1  2 -1 -3 -2 -1 -3 -2  1 1 0 0 0 0.04
 4 -1 -2  0 -2 -1  1 -1 -1 -2 -1 -1 -1 -2 -2  0 -1 -2  2 -1 1 0 0 1 0.03
 0  2 -1  1 -3  1  4 -2  2 -1 -2  0  0 -3 -2 -1 -1 -3 -2 -2 1 0 0 1 0.03
 2  1 -2 -3 -2 -1 -2 -2 -2  0  2 -1  5 -1 -2 -1 -1 -2 -2  0 1 0 0 0 0.03
 0  0  0  2 -3  2  2 -2 -1 -1  0  1 -1 -2 -2 -1 -1 -3 -2 -1 1 0 0 1 0.03
 1  1  0 -1 -2  1  1 -1 -1 -2 -2  2 -1 -3 -1  2  1 -3 -2 -1 1 0 0 1 0.02
-1  2  1 -1 -2  1  2 -3  1 -1  1  0  1 -1 -2 -1 -1 -1  2  0 0 0 1 1 0.02
 0 -2  2 -1 -3 -2 -2  6 -2 -4 -4 -2 -3 -3 -2 -1 -2 -3 -3 -3 0 0 1 1 0.02
-2 -3 -4 -4 -2 -3 -4 -4 -3  2  2 -3  2  5 -4 -3 -2 -1  1  1 0 0 1 0 0.03
 1 -1 -1  2 -2  0  2 -2 -2  0 -1  0  1 -2 -2  0  1 -3 -2  0 0 0 1 1 0.03
-2 -3 -3 -4 -3 -2 -3 -1  2  2 -1 -3 -1  3 -4 -2 -2  1  6  0 0 0 1 1 0.03
-1 -2  4  1  2 -1  0 -1 -1 -3 -3 -1 -3 -4  4  1 -1 -4 -3 -3 0 0 1 1 0.04
-2 -1  1  4 -4  0  3 -2 -1 -3 -2  1 -2 -4  4 -1 -1 -4 -3 -3 0 0 1 1 0.04
 0  0  1  0 -2  0  1  2 -1 -2 -1  2 -1 -3 -2  1  1 -3 -2 -2 0 0 1 1 0.04
 0 -1  0  4  3 -1  0 -2 -2 -2 -2  0  2 -3 -2  0  1 -3 -3 -1 0 0 1 0 0.04
-1 -1 -1  0 -2  2  0  0 -2 -2 -2  1 -1 -3 -2  1  4 -3 -2  0 0 0 1 1 0.04
-2  3 -1 -2 -4  1  0 -2 -1 -4 -3  6 -2 -4 -2 -1 -1 -4 -3 -3 1 0 0 1 0.04
 2  0 -1 -1 -2  0  1 -2  4 -2 -2  2 -2 -3  0  1  1 -3 -1 -1 1 0 0 1 0.04
 0  0  0  3 -3  3  3 -2 -1 -3 -3  1 -2 -4 -2 -1 -1 -3 -2 -1 1 0 0 1 0.05
 0  0 -3 -3 -2 -2 -3 -3 -3  2  4 -2  2 -1 -3  0 -1 -2 -2  0 1 0 0 0 0.04
 0 -2 -2 -2  3 -1  1 -3 -3  3  0 -2  1 -1 -3 -1  1 -3 -2  3 1 0 0 0 0.04
 1  1 -1  0 -3  0  1 -2 -1 -3 -3  4 -2 -3  1  0  1 -4 -2 -2 1 0 0 1 0.03
 0 -1 -1 -2  2 -1 -1  0 -2  1  0  1  0  1 -2  1  0 -2 -1  1 1 0 0 0 0.04
-3 -3 -3 -4 -3 -3 -3 -4  0 -2 -1 -3 -1  6 -4 -3 -3  1  7 -2 1 0 0 0 0.05
-1  4  1 -1 -3  0  0 -2 -1 -2  0  3  1 -3 -2  0 -1 -3 -2 -2 1 0 0 1 0.05
-1  2  2 -1 -3  2  0 -2 -1 -3 -3  5 -2 -4 -2  0  1 -4 -2 -3 1 0 0 1 0.08
 0  0 -1  0 -3  5  3  1 -1 -4 -3  0 -2 -4 -2  1 -1 -3 -2 -3 1 0 0 0 0.06
-2 -3 -4 -4 -2 -3 -4 -4 -3  2  3 -3  2  5 -4 -3 -2 -1  1  0 1 0 0 0 0.07
-1  3 -2 -2 -3  0 -1 -3 -2  1 -1  3  1 -2  2 -1 -1 -3 -2  1 1 0 0 1 0.08
-1  3 -1 -2 -3  2  0 -2 -1 -2  0  5 -1 -3 -2 -1 -1 -3 -2 -2 1 0 0 1 0.16
 1  1 -1 -2 -2  1  0 -1 -1 -1 -1  1 -1  2 -2  1  0 -2  0 -1 1 0 0 1 0.21
-1 -2 -2 -3 -2 -2 -3 -3 -3  2  3 -2  3 -1 -3 -1  3 -2 -2  1 0 0 1 0 0.28
-1  2 -1 -1 -4  2  3 -2 -1 -3 -3  5 -2 -4 -2 -1 -1 -3 -2 -3 0 0 1 1 0.37
