-2  0  3  0 -4  5  3 -2  0 -4 -3  2 -2 -4 -2 -1 -1 -3 -2 -3 0 0 1 1 0.74
-2  2  0 -2 -5  5  0 -3 -1 -4 -4  5 -2 -5 -2 -1 -2 -4 -3 -4 0 0 1 1 0.63
-1 -4 -4 -4 -2 -3 -4 -4 -4  5  2 -4  1  0 -1 -1 -2 -4 -3  1 0 0 1 0 0.58
-1  4  3 -1 -4  1 -1  0 -1 -4 -4  3 -3 -4 -3  2 -1 -4 -3 -4 0 0 1 1 0.48
 3 -3 -3 -3 -3 -3 -3 -2 -4 -3 -4 -3 -3 -4  6  1  1 -5 -3 -2 0 0 1 1 0.49
 2 -2  0  4 -3  0  3 -1 -2 -3 -4 -1 -3 -4 -2  2  1 -4 -3 -3 0 0 1 0 0.43
-3 -2 -2  1 -6  0  7 -4 -2 -5 -5 -1 -4 -6 -4 -2 -3 -5 -4 -5 0 0 1 0 0.43
-2 -4 -5 -5 -3 -4 -5 -6 -5  6  1 -4  0 -2 -2 -4 -2 -5 -3  3 0 0 1 0 0.70
 0  1 -1 -2 -2 -2 -2 -2 -3 -2 -2 -2 -2 -4 -3  5  2 -5 -3 -2 0 0 1 0 0.64
 1 -1  0  2 -3  0  2 -1 -2 -3 -4  1 -3 -4 -2  4  1 -1 -3 -3 1 0 0 0 0.59
 0 -3 -4 -4 -3 -3 -3 -4 -4  5  2 -3  0 -1 -4 -3 -2 -4 -1  2 1 0 0 0 0.54
-3 -4 -5 -5 -3 -4 -5 -6 -5  5  4 -4  0 -1 -5 -3 -2 -4 -3  0 1 0 0 0 0.39
-2  3 -1 -1 -5  1  3 -2 -2 -4 -3  5 -2 -4 -3 -2 -2 -4 -3 -4 1 0 0 1 0.32
-1  1  0  1 -4  4  3 -2 -1 -4 -4  2 -2 -4 -3  1 -1 -4 -3 -4 1 0 0 1 0.29
-3  4 -1 -2 -5  5  2 -3 -1 -4 -4  2 -3  0 -3 -2 -3 -4  0 -4 1 0 0 1 0.29
-3 -5 -5 -5 -3 -5 -5 -6 -5  7  2 -5  0 -1 -5 -4 -2 -4 -3  2 0 0 1 1 0.27
 1  1 -1  0 -3  2  4 -2 -1 -3 -1  2 -2 -3 -2  1  0 -4 -3 -3 0 0 1 1 0.21
-1 -1  4  1 -4  2  0  3  0 -4 -4  0 -3 -4 -3  1 -1 -4 -3 -4 0 0 1 1 0.20
-1 -4 -4 -5 -4 -3 -4 -4 -1  0  0 -3 -2  5 -5 -3 -2  0  7 -1 0 0 1 1 0.14
-1 -1  2  3 -1  2  2  0 -1 -4 -4  1 -3 -3 -2  1  0 -4  0 -3 0 0 1 1 0.17
 1 -1  0  0 -2  1  0 -1 -2 -1 -1  0 -1 -2  1  1  2 -3 -2  0 0 0 1 1 0.14
 0  0  1  2 -3  1  3 -1  0 -3 -3  2 -2 -4 -1  1  0 -4 -3 -2 0 0 1 1 0.13
 2 -3 -2 -3 -1 -2 -2 -2 -3  2  1 -2  0 -1 -2  1  1 -3 -2  2 0 0 1 1 0.12
-1  0  1  3 -3  2  3 -1 -1 -3 -4  2 -3 -4 -2  1  0 -4 -3 -2 0 0 1 1 0.11
 0  0 -3 -2 -2 -1 -2 -3 -3  2  2 -2  1  1 -2 -1  0 -3  0  3 0 0 1 1 0.09
 0  1  1  2 -3  1  3 -2 -1 -2 -3  0 -2 -2 -2  1  0 -4 -2  0 0 0 1 1 0.06
-2 -2  3  2 -5  0  6 -2 -1 -5 -5 -1 -4 -5 -3  0 -1 -5 -4 -4 0 0 1 1 0.07
-1 -3 -3 -3 -2 -1  0 -4 -4  2 -1 -3 -1 -2 -3 -1  3 -4 -2  4 0 1 0 0 0.05
-2 -5 -3 -4 -5 -4 -4  7 -4 -6 -6 -4 -5 -5 -4 -2 -4 -5 -5 -5 0 1 0 0 0.03
-2  3 -1 -2 -3  0 -1 -3  0 -1 -3  0 -2 -2 -3  0  5 -2  0  0 0 1 0 1 0.03
-2 -5 -5 -5 -3 -4 -5 -5 -5  3 -1 -4 -1 -3 -5 -4 -2 -5 -3  7 0 1 0 0 0.02
-2 -3 -4 -4 -2 -3 -4 -4 -4  3  4 -3  1  0 -4 -2  0 -3 -2  3 0 1 0 1 0.01
-1 -1 -1  0 -3  4  1 -2 -2 -4 -3 -1 -2 -2 -1  4  1 -1  1 -3 0 1 0 0 0.01
 0 -4 -4 -5 -2 -4 -4 -5 -5  3  0 -4 -1 -2 -4 -2 -1 -4 -2  6 0 1 0 0 0.01
 0 -3 -2 -3 -3 -3 -3  6 -4 -5 -5 -2 -4 -4 -4  0 -1 -4 -4 -4 0 1 0 0 0.01
-4 -4 -1  8 -6 -3 -1 -4 -3 -6 -6 -3 -5 -6 -4 -3 -3 -7 -5 -6 0 0 1 0 0.01
-2 -4 -2 -3 -5 -3 -4  7 -4 -6 -6 -4 -5 -5 -4 -2 -4 -5 -5 -5 0 0 1 0 0.01
-3 -5 -5 -5 -3 -5 -5 -6 -5  7  0 -5  0 -2 -5 -3 -2 -5 -3  3 0 1 0 0 0.01
 6 -3 -4 -4  1 -3 -3 -2 -4 -1 -3 -3 -3 -4 -3 -1 -2 -4 -4  0 0 1 0 0 0.01
-3  7 -2 -3 -5  0 -2 -4  3 -3 -2  1 -3 -4 -4 -2 -1 -5 -3 -3 0 1 0 0 0.01
 0 -4 -4 -5 -2 -4 -4 -4 -5  4  0 -4 -1 -2 -4 -3 -2 -4 -3  5 0 1 0 0 0.01
-3 -3 -2 -2 -3 -2  0 -4  6 -3 -3 -3 -3  2 -4 -1 -2  1  7 -3 0 1 0 1 0.01
-2 -5 -3 -3 -5 -4 -4  7 -4 -6 -6 -4 -5 -5 -4 -2 -4 -5 -5 -5 0 1 0 0 0.01
-3 -4 -5 -5 -3 -4 -5 -5 -5  1  6 -4  2 -1 -5 -3 -3 -3 -3  0 0 0 1 0 0.01
 0  1  2  3 -3  1  2 -1 -1 -3 -3  1 -3 -4  1  1  0 -4 -2 -3 0 0 1 1 0.01
-2 -1  5  2 -4  1  1  0  1 -4 -4  2 -3 -4 -3  1 -1 -5 -3 -4 0 0 1 1 0.02
 3 -4 -4 -4  4 -3 -3 -3 -4  2 -1 -3 -1 -3 -3 -2 -1 -4 -3  5 0 0 1 0 0.02
-3 -1 -3 -4 -4  4  0 -4 -3 -2 -1  0  8 -2 -4 -3 -2 -4 -3 -2 0 1 0 1 0.03
 5 -3 -2 -3 -2  1 -2 -2 -2 -2 -2 -2  0 -1 -3  2  0 -3  2 -2 0 0 1 0 0.03
-2 -3  3 -2 -4 -1  1  6 -3 -5 -4 -2 -1 -4 -3  0 -2 -4 -3 -4 0 0 1 1 0.05
-3 -2 -3 -1 -6  0  7 -5 -2 -6 -5 -1 -4 -6 -3 -2 -3 -5 -4 -5 0 1 0 0 0.05
-3 -4 -5 -5 -3 -3 -4 -5 -4  1  5 -3  7 -1 -5 -4 -2 -3 -3  0 0 1 0 0 0.05
-2 -4 -5 -5 -2 -4 -4 -5 -5  2  4 -4  0 -2 -4 -4 -2 -4 -3  5 0 1 0 0 0.05
-2 -1 -2  0 -4  1  6 -4 -2 -2 -3 -1 -3 -4 -3 -2 -2 -5 -4 -3 0 1 0 1 0.04
-5 -5 -5 -6 -5 -6 -6 -6 -4 -2  0 -5 -2  9 -6 -4 -4 -1  1 -3 0 1 0 0 0.05
 1 -2 -1  1 -4  0  3 -2  0 -4 -4 -1 -3 -4  5  1 -1 -5 -3 -3 0 0 1 1 0.05
-1 -2  4  3  0 -1  0  3  1 -4 -4 -2 -3 -4 -3  2  0 -4 -3 -4 0 0 1 1 0.05
-1 -3  1  0 -4 -3 -2  6 -3 -6 -5 -2 -4 -5 -4 -1 -3 -5 -5 -5 0 0 1 1 0.03
-1 -2 -3 -3 -2 -2 -2 -3 -4  2  1 -2  0 -2 -3 -1  3 -4 -3  4 0 0 1 0 0.03
-2  1 -2 -3 -3  0 -1 -3 -1  0  0  3  2  2 -3 -2 -1 -1  4  0 0 1 0 1 0.04
 0 -4 -2 -3 -4 -4 -4  7 -4 -6 -6 -4 -5 -5 -4 -2 -4 -5 -5 -5 0 1 0 0 0.05
-3 -4 -4 -5 -3 -2 -4 -5 -4  4  2 -4  8 -2 -4 -4 -2 -4 -3  1 0 1 0 0 0.05
 5 -3 -3 -4  1 -3 -3 -2 -4 -1 -2 -3 -2 -4 -3  0 -1 -4 -3  2 0 1 0 0 0.06
-3 -3 -4 -4 -3  2 -3 -5 -3  0  5 -3  4  1 -4 -3 -2 -3 -2 -1 0 1 0 0 0.06
-4 -3  8  0 -5 -2 -2 -2 -2 -6 -6 -2 -5 -5 -4 -1 -2 -6 -5 -5 0 1 0 0 0.05
-3 -4 -5 -6 -3 -4 -5 -6 -5  1  6 -4  0 -1 -3 -4 -3 -4 -3 -1 0 1 0 0 0.03
-3 -1 -2  2 -6  0  7 -4 -2 -5 -5 -1 -4 -5 -3 -2 -3 -4 -4 -5 0 0 1 0 0.03
 0  1  1  0 -3  1  4 -2 -1 -3 -3  0 -2 -3  1  1  0 -4 -2 -1 0 0 1 1 0.03
-3  0  2  6 -5 -1  1 -1 -1 -5 -5 -1 -4 -5 -3  0 -2 -5 -4 -5 0 0 1 1 0.04
-2 -2  6  1 -3  1  1 -2  1 -4 -4 -1 -3 -4 -3  2  0 -5 -3 -3 0 0 1 0 0.04
-2 -5 -5 -5 -2 -4 -5 -5 -5  3 -1 -4 -1 -3 -4 -4 -2 -5 -3  6 0 1 0 0 0.03
-2 -4 -2 -3 -5 -4 -3  7 -4 -6 -6 -4 -5 -5 -4 -1 -4 -5 -5 -5 0 1 0 0 0.02
 3 -4 -4 -4  4 -3 -3 -3 -4  3 -1 -3 -1 -3 -3 -2 -1 -4 -3  4 0 1 0 0 0.02
-1 -4 -5 -5 -3 -4 -4 -5 -5  3 -1 -4 -1 -3 -3 -3 -2 -5 -3  6 0 1 0 0 0.02
-2 -4 -5 -5 -2 -4 -4 -5 -4  4  3 -4  1 -1 -4 -4 -2 -4 -3  3 0 1 0 0 0.01
-3 -4 -5 -5 -3 -4 -4 -5 -4  0  4 -4  4  5 -5 -3 -3 -2  0 -1 0 0 1 0 0.01
-2 -4 -2 -3 -5 -4 -4  7 -4 -6 -6 -4 -5 -5 -4 -2 -3 -5 -5 -5 0 0 1 1 0.01
-1 -2  3  4 -4 -1  2 -1 -1 -4 -4 -1 -3 -4  2  2 -1 -5 -4 -4 0 0 1 1 0.01
-2 -3 -1  5 -3 -2  0  1 -1 -3 -3 -2 -3  2 -2  0 -1 -1  4 -2 1 0 0 0 0.02
 0  3  0  1 -3  1  1 -2 -1 -2 -1  2 -1 -3 -2  1  2 -3 -2 -2 1 0 0 1 0.02
 0 -1  1  1 -3  0  1  2  2 -2  0  0 -1 -2 -2  0  0 -3 -2 -2 1 0 0 1 0.02
-3 -5 -5 -5 -3 -5 -5 -6 -5  7  1 -5  0 -2 -5 -4 -2 -4 -3  3 0 0 1 0 0.02
-1  2 -1 -2 -3  2  1 -2 -1 -3 -2  5 -2 -4 -3  0 -1 -4 -3 -2 0 0 1 1 0.04
-3 -2 -2 -1 -6  1  7 -4 -2 -6 -5 -1 -4 -6 -3 -2 -3 -5 -4 -4 0 0 1 1 0.04
-2 -4 -2 -3 -5 -3 -4  7 -3 -6 -6 -4 -5 -5 -4 -2 -4 -5 -5 -5 0 0 1 1 0.04
-2 -2  0  6 -4  2  1 -2 -1 -4 -4 -2  0 -3 -3  1  0 -5 -4 -4 0 0 1 0 0.03
-1 -1 -1 -2 -2  1  1 -3 -2  2  0  1  0 -2 -1  1  3 -3 -2  0 0 1 0 1 0.04
-1 -5 -5 -5  0 -4 -4 -5 -5  1 -1 -4 -1 -3 -4 -3 -2 -5 -3  7 0 1 0 0 0.04
-2  4 -2 -3 -5  0 -1 -3 -1 -4 -4  6 -3 -5 -3 -2 -1 -4 -2 -3 0 1 0 1 0.04
 0  7 -2 -3  3 -1 -2 -2 -2 -4 -4  0 -3 -5 -3 -1  0 -5 -4 -4 0 1 0 0 0.05
-2 -3 -2 -3 -3 -3 -3 -4 -4 -3 -2 -3 -2 -4 -3  0  7 -5 -4 -2 0 1 0 1 0.05
-2 -2  0 -2 -4 -2 -3  7 -1 -6 -5  0 -4 -5 -4 -2 -3 -4 -5 -5 0 1 0 1 0.04
 0  5 -1 -1 -4  1  1 -3 -1 -3 -3  3 -2 -4 -3  0 -1 -4 -3 -3 0 1 0 1 0.03
-2 -3 -5 -5 -3 -3 -5 -5 -5  6  1 -3  0 -2 -4 -3 -2 -4 -3  3 0 1 0 0 0.03
 2 -3 -4 -4 -2 -3 -3 -3 -4  1  2 -3  3 -1 -3 -2 -1 -3 -2  4 0 0 1 0 0.03
-1 -1  0  4 -4  2  4 -1 -1 -4 -4 -1 -3 -4 -3  3 -1 -4 -3 -4 0 1 0 0 0.02
-2 -4 -5 -5 -3 -4 -4 -5 -5  4 -1 -4 -1 -2 -4 -4 -1 -5 -3  6 0 1 0 0 0.02
-3 -3 -2 -3 -4 -3 -3 -3 -4 -5 -5 -2 -4 -6  8 -3 -3 -6 -5 -5 0 1 0 0 0.01
-1 -4 -5 -5 -3 -4 -4 -5 -5  1 -1 -4 -1 -3 -4 -3 -1 -5 -3  7 0 1 0 0 0.01
-2 -4 -1 -3 -4 -4 -4  7 -4 -6 -6 -3 -5 -5 -4  0 -3 -5 -5 -5 0 0 1 0 0.01
-2  0  0  4 -5  0  4 -3 -1 -4 -4  2 -2 -4  3 -1 -2 -5 -3 -4 1 0 0 1 0.01
 3 -2  0 -1 -3  0  3  3 -2 -4 -4 -1 -3 -4 -2  0 -2 -4 -3 -3 1 0 0 1 0.01
-3 -3 -4 -5 -1 -3 -4 -5 -3  1  4 -4  5  2 -4 -3 -2 -2  2  0 1 0 0 0 0.02
-3 -4 -5 -5 -2 -3 -4 -5 -4  3  5 -3  1 -1 -4 -4 -2 -3 -3  1 0 0 1 0 0.01
-2 -5 -3 -3 -5 -4 -4  7 -4 -6 -6 -4 -5 -5 -4 -2 -4 -5 -5 -5 0 0 1 0 0.01
-4  8 -3 -4 -6 -1 -2 -5 -3 -5 -5  0 -4 -5 -5 -3 -3 -5 -4 -5 0 0 1 0 0.01
-2 -5 -5 -5 -3 -4 -5 -5 -5  1 -1 -4 -1 -3 -5 -4 -2 -5 -3  7 0 1 0 0 0.01
-2 -4 -5 -5 -3 -4 -4 -5 -5  3  0 -4 -1 -2 -4 -4 -2 -5 -3  6 0 1 0 0 0.01
-4 -3  6  6 -5 -2 -1 -3 -2 -5 -6 -2 -5 -5 -4 -1 -2 -6 -5 -5 0 0 1 0 0.01
 4 -3 -3 -3 -3 -2 -3  1 -3 -3 -4 -2 -3 -4  5  0  0 -4 -4 -2 0 0 1 0 0.01
-3 -4 -5 -6 -3 -4 -5 -6 -5  0  6 -4  1 -1 -4 -4 -3 -4 -3  0 0 0 1 0 0.01
 0 -4 -2 -3 -3 -4 -4  7 -4 -6 -6 -3 -4 -5 -4 -2 -3 -5 -5 -5 0 0 1 0 0.02
-1  1  4 -1 -4  4  2 -3  0 -2 -2  0 -1 -4 -3 -1 -1 -4 -3 -1 0 0 1 1 0.03
 0 -4 -4 -4 -4 -3 -3 -4 -4 -5 -5 -3 -5 -6  8 -2 -3 -6 -5 -4 0 1 0 1 0.04
-3 -5 -5 -5 -3 -5 -5 -6 -5  7  2 -5  0 -2 -5 -4 -2 -4 -3  2 0 0 1 0 0.06
-4 -4 -1  8 -6 -3 -1 -4 -3 -6 -6 -3 -6 -6 -4 -3 -3 -7 -6 -6 0 0 1 0 0.07
-2 -4 -2 -2 -5 -4 -4  7 -4 -6 -6 -4 -5 -5 -4 -2 -4 -5 -5 -5 0 0 1 1 0.08
-1  2 -2 -3 -4  0 -1 -2 -2 -3  1  6 -1 -4 -3 -2 -2 -4 -3 -3 0 0 1 1 0.08
-2 -4 -2 -3 -5 -4 -4  7 -4 -6 -6 -3 -5 -5 -4 -2 -4 -5 -5 -5 0 0 1 1 0.10
 1 -2 -2  1 -4 -1  2 -3 -3 -4 -4 -1 -4 -5  7 -1 -2 -5 -4 -4 0 0 1 1 0.10
-3 -5 -5 -5 -3 -4 -5 -6 -5  6  2 -4  0 -1 -4 -4 -2 -4 -3  2 0 0 1 0 0.11
 0  0  2  1 -3  1  2  0  0 -2 -2  2 -2 -3  0  0  0 -4 -2 -1 0 0 1 1 0.18
 3 -2  0  0  0 -2 -1  0 -1 -2 -2 -2 -2 -3 -2  2  3 -4 -2 -1 0 0 1 1 0.17
 0 -1  0  2 -2  0  2 -2  0 -3 -3  3 -2 -4 -1  1  2 -4 -3 -1 0 0 1 1 0.14
-1  0 -1  1 -3  1  4  0  1 -1 -1  2 -1 -3 -2 -1  0 -3 -2 -2 0 1 0 1 0.13
-2  4 -1 -2 -2 -1 -1 -3 -1 -2 -2  0 -1  2 -3  1  2 -1  3 -2 0 1 0 1 0.12
-1  6 -1 -1 -4 -1 -1 -3 -2 -3 -2  0  2 -3 -4  1 -2 -4 -1 -3 0 1 0 0 0.11
 0  3 -2 -2 -2 -1 -1 -3 -2 -2  0  0 -2 -2  6 -2 -2 -4 -3 -1 0 1 0 1 0.10
 0 -4 -4 -4 -2 -4 -4 -4 -4  4  2 -4  0 -2 -4 -3 -1 -4 -3  4 0 0 1 0 0.09
-3 -2 -2  1 -6  1  7  0 -2 -5 -5 -1 -4 -5 -3 -2 -3 -5 -4 -5 0 0 1 1 0.09
 0  2 -1 -2 -2  0 -1 -2 -1  1  1  1  0  0 -2  1  0 -3 -1  2 0 0 1 1 0.09
-2  0 -1 -2 -4  2  0 -3 -2  1 -2  5  0 -4  3 -1 -1 -4 -3  0 0 0 1 1 0.13
 7 -4 -4 -4 -2 -3 -3 -2 -4 -3 -4 -3 -3 -4 -3 -1 -2 -5 -4 -2 0 0 1 0 0.10
-2 -4 -4 -4 -5 -3 -3 -4 -2 -5 -5 -3 -4 -5  8 -2 -2 -6 -4 -4 0 0 1 0 0.09
-2 -4 -1 -3 -4 -4 -4  7 -4 -6 -6 -3 -5 -5 -3 -1 -2 -5 -5 -5 0 0 1 1 0.10
-2 -5 -5 -5 -3 -4 -5 -5 -5  6  0 -4 -1 -2 -4 -4 -2 -5 -3  5 0 0 1 0 0.09
-2 -4 -4 -5 -3 -4 -4 -5 -4  6  1 -4  4 -2 -4 -3 -2 -4 -3  2 0 0 1 0 0.10
 1 -2 -1  2 -2  1  2 -2 -1 -3 -3  0 -1 -1  4  1  0  0  1 -2 0 0 1 0 0.13
-4  8 -3 -4 -6 -1 -2 -5 -3 -5 -5  0 -4 -5 -5 -3 -3 -5 -4 -5 0 1 0 0 0.15
-2  3 -2 -2 -4  5  0 -3 -1  0 -3  5 -2 -4 -3 -2 -2 -4 -3 -3 0 0 1 1 0.11
-1 -3 -2 -2 -3 -2 -2 -2 -3 -4 -5 -2 -4 -4  4  6 -1 -5 -4 -4 0 0 1 1 0.11
-2 -5 -5 -5 -3 -4 -5 -5 -5  1 -1 -4 -1 -3 -5 -4 -2 -5 -3  7 0 0 1 0 0.13
-2  1  2  2  1 -1  0 -2  6 -4 -4  1 -3 -1 -3  1  0 -3  2 -3 0 0 1 1 0.08
-3 -1 -2 -1 -5  4  6 -4 -2 -4 -4 -1 -3 -5 -3 -2  0 -5 -4 -1 0 0 1 0 0.09
-3 -5 -4 -4 -5 -4 -4 -5 -5 -5 -4 -3 -5 -6  9 -2 -3 -6 -5 -5 0 1 0 1 0.10
-3 -4 -5 -5 -1 -3 -4 -5 -4  1  4 -4  6 -1 -4 -4 -2 -3 -3  2 0 0 1 0 0.09
-1 -1 -2 -2 -5  8  0 -4 -1 -4 -3 -1  0 -4 -3 -1 -3 -4 -1 -4 0 0 1 0 0.07
-2 -3 -2 -3 -3 -3 -3 -4 -4 -2 -3 -3 -3 -4 -3  0  7 -5 -4 -2 0 0 1 0 0.06
-2 -5 -3 -3 -5 -4 -4  7 -4 -6 -6 -4 -5 -5 -4 -2 -4 -5 -5 -5 0 0 1 0 0.06
-3 -4 -5 -5 -3 -4 -4 -5 -4  5  4 -4  1 -1 -4 -4 -2 -3  0  1 0 0 1 0 0.04
-3  0 -2 -3 -4 -1 -1 -4 -3 -1 -1  7  0 -4 -3 -1  0 -5 -4 -2 1 0 0 0 0.03
 6 -3 -3 -3  1 -3 -3 -2 -3 -2 -3 -2 -3 -3 -2  2 -1 -4 -3  0 1 0 0 0 0.03
-3 -5 -5 -5 -3 -4 -5 -5 -5  6  0 -4 -1 -2 -4 -3 -2 -5 -3  4 1 0 0 0 0.02
-4 -4 -1  8 -6 -3 -1 -4 -3 -6 -6 -3 -5 -6 -4 -2 -2 -7 -5 -5 1 0 0 0 0.01
 4 -3 -2 -3 -2 -2 -2 -1 -3 -3 -2 -2 -2 -4 -3  4  0 -4 -3 -2 1 0 0 0 0.01
-3 -4 -5 -5 -3 -3 -4 -5 -4 -1  3 -4  9 -2 -3 -4 -2  1 -3 -1 1 0 0 0 0.01
-2 -4 -4 -5 -3 -4 -4 -5 -5  5  0 -4 -1  0 -4 -3  1 -4 -3  4 0 0 1 0 0.01
-2 -5 -5 -4 -5 -4 -4 -5 -5 -5 -5 -3 -5 -6  9 -3 -3 -6 -5 -5 0 0 1 0 0.02
-3 -5 -5 -5 -3 -5 -5 -6 -5  7  0 -5 -1 -2 -5 -4 -2 -5 -3  2 0 0 1 0 0.02
-2 -5 -3 -3 -3 -4 -4  7 -4 -6 -6 -4 -5 -5 -4 -2 -4 -5 -5 -5 0 1 0 0 0.02
-4  8 -3 -4 -6 -1 -2 -5 -2 -5 -4  1 -4 -5 -4 -3 -3 -5 -4 -5 0 0 1 0 0.02
-2 -5 -3 -3 -5 -4 -4  7 -4 -6 -6 -4 -5 -5 -4 -2 -4 -5 -5 -5 0 0 1 0 0.03
-3 -1 -2 -3 -6  9  0 -4 -2 -5 -5 -1 -3 -6 -4 -3 -3 -5 -4 -5 0 0 1 0 0.03
-4  8 -3 -4 -6  0 -2 -5 -2 -5 -5  0 -4 -5 -4 -3 -3 -5 -4 -5 0 1 0 0 0.03
-3 -2 -2 -1 -6  3  7 -4 -2 -5 -5 -1 -4 -6 -3 -2 -3 -5 -4 -5 0 0 1 0 0.05
-3 -4 -5 -5 -3 -4 -5 -5 -5  0  6 -4  0 -1 -3 -4 -3 -3 -3 -1 0 1 0 0 0.04
-3 -5 -5 -5 -3 -5 -5 -6 -5  7  0 -5 -1 -2 -5 -4 -3 -5 -3  2 0 1 0 0 0.05
-3 -5 -5 -5 -3 -5 -5 -6 -5  8  0 -5 -1 -2 -5 -4 -3 -5 -3  1 0 1 0 0 0.05
-2 -4 -2 -3 -5 -4 -4  7 -4 -6 -6 -4 -5 -5 -4 -2 -4 -5 -5 -5 0 1 0 0 0.06
-4 -4 -1  8 -6 -2 -1 -3 -3 -5 -6 -3 -5 -6 -4 -2 -3 -6 -5 -5 0 0 1 0 0.05
-4  8 -3 -4 -6 -1 -2 -5 -2 -5 -4  0 -4 -5 -4 -3 -3 -5 -4 -5 0 0 1 0 0.04
-2 -1 -2 -2 -5  8  0 -2 -2 -5 -4  2 -3 -5 -3 -2 -3 -4 -4 -4 0 0 1 1 0.03
-2 -3 -2 -3 -3 -3 -3 -4 -4 -1 -3 -3 -3 -4 -3 -1  7 -5 -4 -1 0 0 1 0 0.02
-2 -4 -2 -3 -5 -4 -4  7 -4 -6 -6 -4 -5 -5 -4 -2 -4 -5 -5 -5 0 0 1 1 0.02
-3  0 -2 -3 -5 -1 -1 -4 -3 -5 -5  7 -4 -5 -3 -2 -3 -5 -4 -4 1 0 0 0 0.01
-2 -3 -2 -3 -3 -3 -3 -4 -4 -3 -3 -3 -3 -4 -3  0  7 -5 -4 -2 1 0 0 1 0.01
 5 -3 -2 -3 -2 -2 -2 -2 -3 -3 -3 -2 -3 -4 -2  2  2 -4 -3 -2 1 0 0 1 0.01
-2 -4 -5 -5 -3 -4 -4 -5 -5  6  1 -4  0 -2 -4 -4 -2 -4 -3  4 1 0 0 0 0.01
 6 -3 -3 -4  3 -3 -3 -1 -4 -2 -2 -3 -3 -4 -3 -1 -1 -4 -4 -2 1 0 0 0 0.01
-2 -4 -4 -4 -3 -4 -4 -5 -4  6  2 -4  0 -2 -4 -3  0 -4 -3  3 1 0 0 0 0.01
-4 -4 -1  8 -6 -2 -1 -4 -3 -5 -6 -3 -5 -6 -4 -2 -3 -6 -5 -5 1 0 0 0 0.01
 2 -3 -2 -3 -2 -3 -3 -3 -4 -2 -3 -3 -3 -4 -3  0  6 -4 -4 -2 1 0 0 0 0.01
-3 -5 -5 -5 -3 -5 -5 -6 -5  7  0 -5  1 -1 -5 -4 -2 -4 -3  1 1 0 0 0 0.01
-3 -4 -5 -5 -3 -4 -4 -5 -4  6  3 -4  0 -1 -3 -2 -2 -4 -3  1 1 0 0 0 0.01
-2 -2  8 -1 -5 -2 -2 -3  0 -5 -5 -2 -4 -5 -4 -1 -2 -6 -4 -5 1 0 0 0 0.02
-3 -1 -2 -3 -5  8  0 -4 -2 -5 -4 -1 -3 -5 -4 -2 -3 -4 -4 -5 0 0 1 0 0.03
-2  2 -2 -3 -5  0 -1 -3 -2 -4 -4  7 -3 -5 -3 -2 -2 -5 -4 -4 1 0 0 1 0.05
 0  2  0  0 -1  1  1  1  0 -1 -1  1 -1 -1  0  0  0 -1 -1 -1 1 0 0 1 0.06
 0 -1  1 -1 -1  1  0 -1  0  0  0  0  0  2 -1  0  0  2  1  0 1 0 0 0 0.08
-1 -1  4  0 -2 -1 -1  0  1 -2 -2 -1 -1  0 -1  0 -1  5  1 -2 1 0 0 0 0.09
 0  0  0  2 -1  1  2  0  0 -1 -1  0 -1 -1  0  1  0 -1 -1 -1 0 0 1 1 0.13
 1  0  0  0 -1  0  0  2 -1 -1 -1  0 -1 -1  0  1  0 -1 -1 -1 0 0 1 1 0.11
 0  0  0  0 -1  0  0  1 -1 -1 -1  0 -1 -1  0  0  1 -1 -1  0 0 0 1 1 0.10
 0 -1  1  4 -1  0  1 -1 -1 -1 -1  0 -1 -1  0  1  0 -1 -1 -1 0 0 1 1 0.09
 0  0  0  1 -1  1  2 -1  0 -1 -1  0 -1 -1  2  0  0 -1 -1 -1 0 0 1 1 0.07
-1 -1  1  2 -3 -1 -1  4 -2 -3 -3  2 -2 -2 -2  1  0 -3 -2 -3 0 0 1 1 0.05
-1  0  0  0 -3  3  2 -2 -1 -3 -3  4 -2 -3 -2  0  1 -3 -2 -2 0 0 1 1 0.04
-1  0  0  3 -3  2  0  2 -1 -3 -3  3 -3 -4  2 -1 -1 -3 -3 -3 0 0 1 0 0.02
-2 -4 -4 -5 -1 -3 -4 -5 -4  2  3 -4  3 -2 -4 -3 -1 -4 -3  5 0 0 1 0 0.02
-3  1 -3 -4 -3 -2 -3 -4  1  3 -1  1 -1  1 -4 -3 -2 -1  6  0 0 1 0 0 0.01
-3 -4 -5 -6 11 -5 -6 -5 -6 -4 -4 -6 -4 -5 -5 -2 -3 -5 -5 -3 0 1 0 0 0.01
-2 -5 -5 -5 -3 -4 -5 -5 -5  6  0 -4 -1 -1 -4 -4 -2 -4 -3  4 0 1 0 0 0.01
-4 -4 -5 -6 -5 -4 -5 -6  0 -4 -4 -4 -4  1 -6 -4 -4  2  9 -4 0 1 0 0 0.01
-2 -5 -5 -5 -1 -4 -4 -5 -5  1 -1 -4 -1 -3 -4 -4 -2 -5 -3  7 0 1 0 0 0.01
 6 -3 -4 -4 -2 -3 -3 -1 -4 -3 -4 -3 -3 -4 -3 -1 -2 -5 -4 -2 0 1 0 0 0.01
-3 -5 -5 -5  0 -4 -5 -5 -5  7  0 -4  0 -2 -4 -4 -2 -4 -3  3 0 1 0 0 0.01
-2 -4 -2 -3 -5 -4 -4  7 -4 -6 -6 -4 -5 -5 -4 -2 -4 -5 -5 -5 0 0 1 0 0.01
-3 -1 -2 -3 -5  9  0 -4 -2 -5 -4 -1 -3 -6 -4 -3 -3 -4 -4 -5 0 0 1 0 0.02
-3  1 -2 -3 -5 -1 -1 -4 -3 -5 -5  7 -4 -5 -3 -2 -3 -5 -4 -4 0 0 1 0 0.02
 3  4  0 -1 -2  1  0  1 -2 -3 -3  1 -2 -4 -3  0 -1 -4 -3 -3 1 0 0 0 0.02
 0 -3 -1 -2 -3 -2 -2 -2 -3 -4 -5 -2 -4 -4 -3  7  0 -5 -4 -4 1 0 0 0 0.02
-1 -3  0 -3 -3 -2 -2 -3 -3 -3 -3 -2 -3 -4 -3  3  6 -4 -4 -2 1 0 0 0 0.02
-2 -4 -5 -5 -3 -4 -4 -5 -5  4  0 -4 -1 -2 -4 -3 -2 -4 -3  6 1 0 0 0 0.02
 6  0 -3 -4 -2 -2 -3 -2 -3 -3 -3 -2 -2 -4 -3  0 -1 -4 -4 -1 1 0 0 0 0.02
 0  1  2 -1 -4  5  0  0  0 -4 -3  0 -2 -4 -3  1 -1 -4 -3 -3 1 0 0 0 0.02
-2 -3 -4 -4 -2 -1 -4 -4 -4  3  3 -3  0  0 -4 -3 -1 -3 -2  4 1 0 0 0 0.03
-1  0 -4 -4 -3 -3 -3 -3 -3  2 -1 -2  0 -2 -4 -3 -1 -4 -2  6 1 0 0 0 0.02
-1  2  2  1 -4  2  2 -1  0 -4 -3  3 -2 -4 -2  0  0 -4 -3 -3 1 0 0 1 0.02
 0  1 -1 -2 -3 -1 -2 -3 -3  1 -1  2 -1 -3 -2  0  4 -4 -3  0 1 0 0 1 0.02
-3 -4 -5 -6 -3 -4 -5 -6 -3  0  6 -4  0  1 -5 -4 -3 -3 -3 -1 1 0 0 0 0.01
-1  2 -1  0 -4  2  5 -3 -1 -3 -4  1 -3 -4 -3  0  1 -4 -3 -3 1 0 0 1 0.02
-1  0 -1  3 -5  2  5 -2 -1 -4 -4  2 -3 -5 -3 -1 -2 -4 -3 -4 1 0 0 1 0.02
 2  1  2 -2 -3  0 -1 -1  5 -3 -3  1 -1  0 -3  0 -1 -2  3 -2 0 0 1 1 0.02
-2 -3  0  3 -5 -3 -2  6 -3 -6 -6 -3 -5 -5 -4 -2 -3 -5 -5 -5 0 0 1 1 0.02
 6 -3 -4 -4 -1 -3 -3 -2 -4 -3 -3 -3 -3 -4 -3 -1 -2 -5 -4 -2 0 0 1 0 0.01
-3 -4 -4 -5 -3 -3 -4 -5 -4  0  4 -4  9 -2 -5 -3 -3 -4 -3 -1 1 0 0 0 0.01
 0 -1 -1  4 -4  0  4 -2 -2 -4 -4  2 -3 -4 -1 -1 -2 -5 -4 -4 1 0 0 1 0.01
-4 -4 -1 -5 -5 -3 -4 -5  3 -4 -3 -3 -3  1 -5 -3 -4  0  9 -4 1 0 0 0 0.01
-2 -3 -2 -3  0 -3 -3 -3 -4 -3 -3 -3 -3 -4 -2  2  7 -4 -4 -2 0 1 0 0 0.01
-2 -4 -4 -4 -2 -4 -4 -5 -4  6  0 -4 -1 -2 -4 -2  3 -4 -3  2 0 1 0 0 0.01
-2 -4 -5 -5 -3 -4 -4 -5 -5  5  0 -4  0 -2 -4 -4 -2 -4 -3  5 0 1 0 0 0.01
-2 -5 -5 -5 -3 -4 -5 -5 -5  2  0 -4  0 -2 -4 -4 -2 -5 -3  7 0 1 0 0 0.01
 4 -3  0 -3  0 -2 -2 -2 -2 -2 -2 -2 -2 -3 -2  3  0 -4 -3  0 0 1 0 0 0.01
 6 -3 -3 -3 -2 -2  0 -2 -3 -3 -4 -2 -3 -4 -3  1 -1 -5 -4 -2 0 1 0 0 0.01
-1 -3  1 -2 -1 -2 -2  0 -3 -3 -3 -2 -2 -4  2  2  5 -4 -3 -2 0 0 1 0 0.01
 6 -4 -4 -4 -2 -3 -3 -2 -4 -3 -4 -3 -3 -4 -1 -1 -2 -5 -4 -2 0 0 1 0 0.02
 1 -3  0  0 -3 -2 -2 -2 -3 -4 -4 -2 -3 -4 -3  6  0 -5 -4 -3 0 0 1 0 0.02
-2 -3 -1  6 -5  0  4 -3 -2 -5 -5 -2 -4 -5 -3  0 -2 -5 -4 -4 0 0 1 0 0.01
 2 -3 -2 -3 -1 -2 -2 -2 -2 -4 -2 -2 -2 -4  6  2 -1 -5 -4 -3 0 0 1 0 0.01
 6 -3 -3 -4 -2 -3 -3 -2 -4 -3 -3 -3 -3 -4 -2  0 -2 -4 -4 -1 1 0 0 0 0.01
 2 -3 -3 -3 -3 -2 -3  0 -4 -4 -4 -2 -3 -5  7  0  1 -5 -4 -3 1 0 0 0 0.01
-3 -4 -3 -5 -3 -3 -4 -5 -4  0  5 -4  5  2 -3 -4 -3 -3 -1 -1 1 0 0 0 0.01
-3 -1 -2 -3 -5  8  0 -4 -2 -4 -1  2 -2 -5 -3 -2 -3 -4 -4 -4 1 0 0 0 0.01
-4 -4 -5 -6 -5 -4 -5 -5 -1 -3 -3 -4 -3  5 -5 -4 -4  3  8 -2 1 0 0 0 0.01
-3 -4 -5 -5 -3 -4 -4 -5 -4  4  4 -4  1  0 -4 -4 -2 -3  1  1 1 0 0 0 0.01
 6 -4 -4 -4 -2 -3 -3 -2 -4 -3 -4 -3 -3 -4 -3  0 -2 -5 -4 -2 1 0 0 0 0.01
-2 -5 -4 -4 -5 -4 -4 -5 -5 -5 -5 -3 -5 -6  9 -3 -3 -6 -5 -5 1 0 0 0 0.01
-4 -4 -5 -6 -5 -4 -5 -5 -1 -3 -3 -4  0  5 -5 -4 -4  0  9 -3 1 0 0 0 0.01
 4 -3 -2 -3 -2 -2 -2 -2 -3 -3 -3 -2 -2 -4 -1  3  4 -4 -3 -1 1 0 0 0 0.01
 0 -4 -2 -3 -4 -4 -4  7 -4 -6 -6 -4 -5 -5 -4 -2 -3 -5 -5 -5 1 0 0 0 0.01
 3 -4 -3 -4  9 -3 -4 -3 -4 -2 -3 -3 -3 -4 -4  0  1 -4 -4  0 1 0 0 0 0.01
 5 -3 -2 -3 -1 -2 -2 -2 -3 -3 -3 -2 -3 -4 -3  2  2 -4 -3 -2 1 0 0 0 0.01
-2 -4 -5 -5 -3 -3 -4 -5 -4  4  2 -4  8 -2 -5 -4 -3 -4 -3  0 1 0 0 0 0.01
 3 -4 -2 -3 -4 -3 -4  6 -4 -5 -5 -3 -4 -5 -4 -2 -3 -4 -5 -4 1 0 0 0 0.01
-3 -2 -2 -1 -6  2  7 -4 -2 -6 -5 -1 -4 -6 -3 -2 -3 -5 -4 -5 1 0 0 0 0.01
-4 -3 -3 -4 -5 -2  1 -5  4 -4 -3 -3 -3  3 -5 -3 -4  4  8 -4 1 0 0 0 0.01
-4 -5 -5 -5 -5 -5 -5 -5 -3 -2 -2 -5 -2  8 -6 -5 -4  6  2 -3 1 0 0 0 0.01
-3  6 -3 -4 -4 -2 -3 -5 -3 -2 -1 -1  8 -3 -4 -3 -3 -4 -3 -2 1 0 0 0 0.01
-3 -3 -1  6 -5 -2  1 -3  1 -4 -4 -3 -4  0 -4 -2 -3 -2  6 -4 1 0 0 1 0.01
-2  2  5  0 -4  2  0 -2 -1 -4 -4  1 -3 -4 -3  0  1 -5 -3 -4 0 0 1 1 0.01
-1 -4 -2 -3 -3 -3 -2  7 -3 -6 -6 -2 -5 -5 -4 -2 -3 -5 -5 -5 0 0 1 1 0.01
-2  3 -1 -2 -4  2  2 -2 -2 -3 -2  5  4 -4 -3 -2 -2 -4 -2 -3 0 0 1 1 0.01
-2 -3 -1  4 -5 -2 -2 -4  9 -5 -5 -3 -4 -4 -1 -2 -3 -5 -1 -5 0 1 0 0 0.01
 4 -3 -3 -4  0 -3 -3 -1 -4 -1 -2 -3 -2 -3 -3  0  1 -4 -3  3 0 1 0 0 0.01
-3 -4 -5 -5 -3 -4 -5 -5 -5  0  6 -4  0 -1 -5 -3 -3 -4 -3  0 0 1 0 0 0.01
-2 -5 -5 -5  1 -5 -5 -5 -5  7  0 -4  0 -2 -5 -4 -2 -5 -3  3 0 1 0 0 0.01
-2 -4 -5 -5 -1 -4 -4 -4 -5  5  0 -4  0  0 -4 -3 -1 -4 -3  5 0 1 0 0 0.01
-4 -4 -5 -6 -5 -4 -5 -6 -1 -4 -3 -4 -3  3 -6 -4 -4  0  9 -4 0 1 0 0 0.01
-4 -4 -1  8 -6 -3 -1 -4 -3 -6 -6 -3 -6 -6 -4 -3 -3 -7 -6 -6 0 1 0 0 0.01
-4 -4 -1  8 -6 -3 -1 -4 -3 -6 -6 -3 -6 -6 -4 -3 -3 -7 -6 -6 0 0 1 0 0.01
-3 -4 -5 -6 -3 -4 -5 -6 -5  0  6 -4  0 -1 -1 -4 -3 -4 -3 -1 1 0 0 0 0.01
-1 -3 -1 -2 -3 -2 -2 -2 -3 -4 -4 -2 -3 -4 -3  6  3 -5 -3 -3 1 0 0 0 0.02
-3  0 -2 -3 -5 -1 -1 -4 -3 -5 -5  7 -4 -6 -3 -2 -3 -5 -4 -5 1 0 0 0 0.02
-3 -1 -2 -3 -5  8 -1 -4  7 -5 -5 -1 -3 -5 -4 -3 -3 -4 -2 -5 1 0 0 0 0.04
 6 -4 -4 -4 -2 -3 -3 -2 -4 -3 -4 -3 -3 -4 -3  0 -2 -5 -4 -2 1 0 0 0 0.05
 0 -3 -2 -2 -3  2  0 -4 -3  1 -1 -3 -1 -2 -3 -2 -1  3 -2  5 1 0 0 0 0.06
 6 -3 -4 -4 -2 -3 -3 -2 -4 -3 -4 -3 -3 -4 -3  0 -2 -5 -4 -2 1 0 0 0 0.04
-4 -4 -5 -6 -5 -4 -5 -6 -1 -4 -4 -4 -4  1 -6 -4 -4  0 10 -4 1 0 0 0 0.04
-4  8 -3 -4 -6 -1 -2 -5 -3 -5 -5  0 -4 -5 -5 -3 -3 -5 -4 -5 1 0 0 0 0.03
 1 -1 -2 -2 -4  7  3 -3 -2 -4 -4 -1 -3 -5 -3 -1  0 -4 -3 -4 1 0 0 0 0.04
-3 -4 -4 -5 -3 -3 -4 -5 -4  3  2 -4  8 -2 -4 -4 -2 -4 -3  2 1 0 0 0 0.03
 0 -3 -2 -2 -2 -2 -2 -2 -3 -5 -5 -2 -3 -5 -3  7 -1 -5 -4 -4 1 0 0 0 0.04
-3 -4 -6 -6 -3 -4 -5 -6 -5  0  6 -5  0 -1 -5 -5 -3 -4 -3 -1 1 0 0 0 0.04
-3 -4 -5 -5 -3 -4 -5 -6 -5  2  6 -4  0 -1 -5 -4 -2 -4 -3  0 1 0 0 0 0.04
-3 -4 -5 -6 -3 -4 -5 -6 -5  0  6 -4  1 -1 -5 -4 -3 -4 -3 -1 0 0 1 0 0.05
-4  8 -3 -3 -6 -1 -1 -4 -1 -5 -4  2 -4 -5 -4 -3 -3 -5 -4 -5 0 0 1 1 0.05
-4  8 -3 -4 -6 -1 -2 -5 -3 -5 -5  0 -4 -5 -5 -3 -3 -5 -4 -5 0 0 1 0 0.05
-3 -5 -4 -4 -5 -4 -4 -5 -5 -5 -5 -3 -5 -6  9 -2 -3 -6 -5 -5 0 0 1 1 0.05
-3 -5 -4 -4 -5 -4 -3 -5 -5 -5 -5 -3 -5 -6  9 -1 -3 -6 -5 -5 0 0 1 0 0.06
-1 -5 -3 -3 -5 -4 -4  7 -4 -6 -6 -4 -5 -5 -4 -2 -4 -5 -5 -5 0 0 1 0 0.05
-4  8 -3 -4 -2 -1 -2 -5 -3 -5 -5  0 -4 -5 -5 -3 -3 -5 -4 -5 1 0 0 0 0.04
-3 -2 -3 -1 -6  0  7 -5 -2 -6 -5 -1 -4 -6 -3 -2 -3 -5 -4 -5 1 0 0 1 0.04
 7 -4 -4 -4 -3 -3 -3 -2 -4 -3 -4 -3 -3 -4 -3 -1 -2 -5 -4 -2 1 0 0 0 0.04
-4 -4 -3 -6 -5 -4 -5 -6 -1 -4 -3 -4 -3  4 -5 -4 -4  0  9 -4 0 0 1 0 0.03
-3 -5 -5 -4 -5 -4 -4 -5 -5 -5 -6 -4 -5 -6  9 -3 -4 -6 -6 -5 0 0 1 0 0.03
-2 -5 -3 -3 -5 -4 -4  7 -4 -6 -6 -4 -5 -5 -4 -2 -4 -5 -5 -5 0 0 1 0 0.04
-4 -4 -1  8 -6 -3 -1 -4 -3 -6 -6 -3 -6 -6 -4 -3 -3 -7 -6 -6 0 0 1 0 0.03
-2 -5 -5 -5 -3 -4 -5 -5 -5  3 -1 -4 -1 -3 -4 -4 -2 -5 -3  7 1 0 0 0 0.02
-5 -5 -6 -6 -5 -6 -6 -6 -4 -2 -1 -6 -2  9 -6 -5 -5 -1  1 -3 1 0 0 0 0.02
-4 -4 -3 -6 -5 -4 -5 -6  0 -4 -4 -4 -4  1 -6 -4 -4  0  9 -4 1 0 0 0 0.02
-3 -4 -3 -5 -1 -4 -5 -5 -5  1  6 -4  0 -1 -5 -4 -2 -4 -3 -1 1 0 0 0 0.02
-4 -3 -1 -4 -6 -2 -3 -5 11 -6 -6 -3 -4 -4 -5 -4 -4 -5 -1 -6 1 0 0 0 0.03
-1 -3 -2 -2 -3 -2 -2 -3 -3 -5 -5 -2 -4 -5 -3  7 -1 -5 -4 -4 1 0 0 0 0.03
-4  8 -3 -4 -6 -1 -2 -5 -3 -5 -5  0 -4 -5 -5 -3 -3 -5 -4 -5 1 0 0 0 0.03
-3 -4 -5 -6 -3 -4 -5 -6 -5  0  6 -4  0 -1 -3 -4 -3 -4 -3 -1 1 0 0 0 0.04
-3 -4 -5 -6 -3 -4 -5 -6 -5  0  6 -4  0 -1 -5 -3 -3 -4 -3 -1 1 0 0 0 0.05
-3 -2 -3 -1 -6  0  7 -5 -2 -6 -5 -1 -4 -6 -3 -2 -3 -5 -4 -5 0 0 1 0 0.10
-4  8 -3 -4 -4 -1 -2 -4 -3 -5 -5  0 -4 -5 -5 -3 -3 -5 -4 -5 0 0 1 0 0.11
 6 -3 -3 -3  3 -3 -3 -2 -3 -3 -3 -3 -3 -4 -3  2 -2 -5 -4 -2 0 0 1 0 0.11
 6 -3 -3 -4  2 -3 -3 -2 -4 -3 -3 -3 -3 -4 -3  1 -2 -5 -4 -2 0 0 1 0 0.10
-3  4 -2 -3 -3  0 -1 -4 -2 -5 -4  7 -3 -5 -3 -2 -3 -5 -4 -4 0 1 0 0 0.10
-3 -1 -4 -5 -3 -3 -4 -5 -4  1  4 -3  5 -1 -4 -3 -2 -3 -2  2 0 1 0 0 0.10
-1 -2  6  0 -3 -2 -2 -1 -1 -4 -5 -2 -4 -5 -3  5 -1 -5 -3 -4 0 0 1 0 0.10
 0 -2  0  6 -5 -1  2 -3 -3 -4 -4  0 -4 -5 -1  0 -2 -5 -4 -4 1 0 0 1 0.12
 1  0  0  2 -4  2  4 -2  1 -3 -3  2 -3 -4 -2  0 -1 -4 -3 -1 1 0 0 1 0.10
-2 -1  0 -3 -2 -1 -2 -3  2  0  3  0  2  2 -3 -1  0 -1  3 -1 1 0 0 1 0.09
-2 -3 -2 -3 -4 -2 -3  7 -4 -6 -6  1 -4 -5 -4 -2 -3 -5 -5 -5 0 0 1 1 0.08
 2 -3  0 -2 -3 -2  0  5 -3 -4 -4 -2 -3 -4 -3  0  1 -4 -4 -3 0 0 1 0 0.07
-2 -5 -3 -3 -5 -4 -4  7 -4 -6 -6 -4 -5 -5 -4 -2 -4 -5 -5 -5 0 0 1 0 0.06
-1 -3 -1 -2 -3 -2 -2 -3 -3 -5 -5 -2 -4 -5 -2  7 -1 -5 -4 -4 0 1 0 0 0.05
-3 -4 -5 -5 -3 -3 -4 -5 -4  2  5 -4  6 -1 -5 -4 -3 -3 -3  0 0 1 0 0 0.04
-2 -3 -2 -3 -3 -3 -3 -4 -4 -3 -4 -3 -3 -5 -2 -1  7 -5 -4 -2 0 1 0 0 0.03
 6 -3 -3 -4 -2 -3 -3  1 -4 -3 -4 -3 -3 -4 -3  0 -2 -5 -4 -2 0 1 0 0 0.02
-3 -4 -5 -6 -3 -4 -5 -6 -5  0  6 -4  0 -1 -5 -4 -3 -4 -3 -1 0 1 0 0 0.02
-3 -4 -4 -4 -5 -4 -3 -4 -4 -5 -5 -3 -5 -6  9 -3 -3 -6 -5 -5 0 1 0 0 0.02
-3 -4 -5 -5 -3 -4 -4 -5 -5  6  0 -4  0  0 -4 -4 -2 -4 -3  3 0 1 0 0 0.02
-3 -5 -5 -5 -3 -4 -5 -5 -5  7  0 -4 -1 -2 -4 -4 -2 -4 -3  3 0 1 0 0 0.02
-3 -2 -2 -1 -6  0  7 -4 -2 -5 -5 -1 -4 -5 -3 -2 -3 -5 -4 -4 0 1 0 0 0.02
-2 -3 -2 -3 -3 -3 -3 -4 -4 -3 -3 -3 -3 -4 -3 -1  7 -4 -4 -2 0 0 1 0 0.02
-3 -1 -2 -2 -5  8  0 -4 -2 -4 -2  2 -2 -5 -3 -2 -3 -4 -3 -4 0 0 1 1 0.02
 6 -3 -2 -2 -2 -2 -1  1 -3 -3 -3 -2 -3 -4 -2  0 -2 -4 -3 -2 0 0 1 1 0.02
-2 -4  3 -2 -4 -3 -3  6 -3 -5 -5 -3 -4 -5 -4 -1 -3 -4 -5 -5 0 0 1 1 0.02
-4 -4 -1  8 -6 -2  0 -4 -3 -6 -6 -3 -5 -6 -4 -2 -3 -7 -5 -6 0 0 1 1 0.01
-2 -4 -5 -5 -3 -4 -2 -5 -5  3 -1 -4 -1 -2 -4 -4 -2 -5 -3  6 0 0 1 1 0.01
 0 -3 -2 -2 -2 -2 -2 -2 -3 -5 -5 -2 -4 -5 -3  7  0 -5 -4 -4 0 0 1 0 0.01
 6 -3 -3 -4 -2 -3 -1 -1 -4 -3 -4 -3 -3 -4 -3  0 -2 -5 -4 -2 0 0 1 0 0.01
-4 -4 -5 -6 -5 -4 -5 -6 -1 -3 -3 -4 -3  4 -6 -4 -4  0  9 -3 1 0 0 0 0.01
-3 -5 -5 -5 -3 -4 -5 -5 -5  7  0 -4 -1 -2 -4 -4 -2 -4 -3  2 1 0 0 0 0.01
-2 -4 -4 -4 -5 -3 -3 -4 -4 -5 -5 -3 -5 -6  9 -3 -3 -6 -5 -5 1 0 0 0 0.01
-2 -3 -2 -3 -3 -3 -3 -4 -4 -3 -3 -3 -3 -4 -3 -1  7 -4 -4 -2 1 0 0 0 0.01
-4 -3  8 -1 -5 -2 -2 -3 -2 -5 -5 -2 -4 -5 -4 -2 -2 -6 -4 -5 1 0 0 0 0.01
-2 -4 -5 -5 -3 -4 -4 -5 -5  1 -1 -4 -1 -3 -4 -4 -2 -5 -3  7 1 0 0 0 0.01
-3 -5 -5 -5 -3 -5 -5 -6 -5  7  0 -5 -1 -2 -5 -4 -3 -5 -3  1 1 0 0 0 0.01
-1 -3 -1 -2 -3 -2 -2 -2 -3 -4 -4 -2 -4 -4 -2  7 -1 -5 -4 -4 1 0 0 0 0.01
-3 -5 -5 -5 -3 -5 -5 -6 -5  7  0 -5 -1 -2 -5 -4 -3 -5 -3  1 1 0 0 0 0.01
-2 -3 -2 -3 -3 -3 -3 -4 -4 -3 -3 -3 -3 -4 -3 -1  7 -4 -4 -2 0 0 1 0 0.01
-4 -4 -1  8 -5 -2  0 -3 -3 -5 -5 -3 -5 -5 -3 -2 -3 -6 -5 -5 0 0 1 0 0.01
-2 -4 -2 -3 -4 -4 -4  7 -4 -5 -5 -3 -4 -5 -4 -2 -3 -4 -5 -5 0 1 0 0 0.01
-3 -1 -2 -3 -5  8  0 -4 -2 -5 -4 -1 -3 -5 -3 -2 -3 -4 -4 -4 0 1 0 0 0.01
-3 -5 -5 -5  2 -5 -5 -6 -5  7  0 -5 -1 -2 -5 -4 -2 -5 -3  2 0 1 0 0 0.01
-4 -3 -5 -5 -2 -5 -5 -5 -2 -2 -1 -5 -1  8 -5 -4 -4 -1  5 -3 0 1 0 0 0.01
-3 -4 -5 -5 -3 -4 -5 -5 -5  1  6 -4  0 -1 -5 -3 -3 -3 -3 -1 0 1 0 0 0.01
-2 -2 -1  1 -5  2  6 -3 -2 -4 -2 -1 -3 -5 -3  1 -2 -5 -4 -4 0 0 1 1 0.02
 1 -2 -1 -2 -2 -2 -2 -1 -3 -3 -2 -2 -2 -4  1  4  4 -4 -3 -2 1 0 0 1 0.02
-3 -2  2  6 -5  1  4 -1 -2 -5 -5 -1 -4 -5 -3 -1 -2 -5 -4 -4 1 0 0 1 0.02
-3 -4 -5 -5 -3 -3 -4 -5 -4  0  6 -4  2  0 -5 -3 -3 -3 -2 -1 1 0 0 0 0.02
-5 -5 -5 -6 -5 -6 -6 -5 -4 -2 -2 -5 -2  9 -6 -5 -4 -1  1 -3 1 0 0 0 0.01
-3 -3  6 -2 -4 -2 -3 -3  2 -4 -3 -3 -2  3 -4 -2 -3 -2  6 -4 1 0 0 0 0.01
 3  1 -1 -2 -3  2 -1 -2 -2 -3 -2  2 -2 -4 -2  3 -1 -4 -3 -2 1 0 0 1 0.01
-2 -4  0 -3 -5 -1 -4  7 -4 -6 -6 -3 -5 -5 -4 -2 -3 -5 -5 -5 0 0 1 0 0.02
-1 -3 -3 -4 -3  2 -3 -4 -3  5  0 -3  1  1 -4 -3 -1 -3 -2  3 0 0 1 0 0.01
-4  8 -3 -4 -5 -1 -2 -5 -2 -4 -2  0 -2 -5 -4 -3 -3 -5 -4 -4 0 0 1 0 0.01
-3 -5 -4 -4 -5 -4 -4 -5 -5 -2 -4 -3 -5 -6  9 -3 -3 -6 -5 -4 0 0 1 0 0.01
 6 -3 -4 -4  1 -3 -3 -2 -4 -3 -3 -3 -3 -4 -3 -1 -2 -5 -4 -2 0 0 1 0 0.01
-3 -4 -5 -5 -3 -4 -5 -5 -4  6  0 -4  1 -2 -4 -4 -2 -4  0  4 0 1 0 0 0.01
-3 -3  8  3 -5 -2 -2 -3 -2 -5 -3 -2 -4 -5 -4  0 -2 -6 -4 -5 0 0 1 0 0.01
 2 -4 -4 -4 -2 -3 -3 -4 -4  1  0 -3 -1 -3  0 -2 -1 -4 -3  6 0 0 1 0 0.02
 0 -4 -2 -3 -4 -4 -4  7 -4 -6 -6 -4 -5 -5 -4 -2 -3 -5 -5 -5 0 0 1 1 0.02
-3 -4 -4 -5 -3 -4 -4 -4 -4  5  4 -4  0 -1 -4 -3 -1 -4 -3  1 0 0 1 1 0.03
-1 -3 -2 -2 -3 -2 -2 -3 -3 -5 -5 -2 -4 -1 -3  7 -1 -5 -4 -4 0 0 1 0 0.03
-2 -5 -5 -5 -3 -4 -5 -5 -5  1  0 -4 -1 -3 -3 -4 -2 -5 -3  7 0 1 0 1 0.04
-1 -3 -2 -2 -3 -2 -2 -2 -3 -5 -5 -2 -4 -5 -3  7  0 -5 -4 -3 0 1 0 0 0.04
-3  8 -3 -3 -2 -1 -2 -4 -2 -5 -4  0 -3 -5 -4 -3 -3 -5 -4 -5 0 0 1 1 0.06
-2 -4 -5 -5 -3 -4 -4 -5 -5  1 -1 -4 -1 -3 -4 -4 -2 -5 -2  7 0 0 1 0 0.06
-2 -4 -2 -3 -4 -4 -4  7 -4 -5 -5 -3 -4 -5 -4 -2 -3 -4 -5 -5 1 0 0 0 0.10
-1 -3 -2 -2 -3 -3 -3  5 -3 -4 -4 -2 -4 -2 -3  4 -2 -4 -4 -4 1 0 0 1 0.10
 5 -2  1  0 -2 -2 -2 -1 -3 -3 -3 -1 -3 -4 -2  3 -1 -4 -3 -2 1 0 0 1 0.09
 6 -3 -3 -4 -2 -3 -3 -2 -3 -3 -3 -3 -3 -4 -3 -1 -2 -4 -4 -2 1 0 0 0 0.09
-3 -1 -2 -3 -5  8  1 -4 -2 -5 -5 -1 -2 -6 -4 -2 -3 -4 -4 -5 0 0 1 0 0.09
-2 -2 -3 -4  1 -3 -3 -4 -3  4  1 -3  0 -1 -2 -1  3 -3 -2  2 0 0 1 0 0.09
-3  1 -1 -2 -5  1 -1 -3 -3 -5 -5  7 -3 -5 -2 -2 -3 -5 -4 -4 1 0 0 1 0.09
 5 -3 -3 -3  0 -3 -3 -1 -3  0 -2 -2 -2 -4 -2  1 -1 -4 -3 -1 1 0 0 0 0.13
-3 -4 -5 -5 -4 -3 -4 -5 -4  2  1 -4  9 -2 -5 -4 -1 -4 -3  0 1 0 0 0 0.11
-3  2 -2 -3 -5 -1 -1 -4 -3 -2 -4  7 -3 -5 -3 -2 -3 -5 -4 -4 1 0 0 1 0.09
-2  0 -2 -2 -5  6  0 -3 -2 -5 -4  5 -3 -5 -3  0 -2 -4 -4 -4 1 0 0 1 0.08
-1 -4 -5 -5 -3 -3 -4 -5 -4  2  1 -4 -1 -2 -4 -3 -2 -5 -3  6 1 0 0 0 0.06
 5 -2 -3 -3  1 -2 -2  0 -3 -3 -3 -2 -3 -4 -3  3 -1 -4 -4 -2 1 0 0 0 0.05
-1 -4 -2 -3 -4 -3 -4  7 -4 -6 -6 -3 -5 -5 -4 -1 -3 -5 -5 -5 1 0 0 1 0.05
-1  0  0 -2 -3 -1 -2  1 -2 -3 -3  1 -1 -4  0  3  4 -4 -3 -2 1 0 0 1 0.04
-3 -4 -4 -5 -3 -3 -4 -5 -4  3  5 -4  4 -1 -4 -2 -2 -3 -2  1 1 0 0 0 0.03
-3  5 -2 -3 -5 -1 -1 -4 -2 -5 -4  6 -3 -5 -3 -2 -3 -5 -4 -4 1 0 0 1 0.02
-3 -4 -4 -5 -3 -4 -4 -2 -4  2  5 -4  1 -1 -2 -3  0 -3 -2  0 1 0 0 1 0.02
 0 -2  0  5 -4  0  4 -3 -2 -4 -4 -1 -3 -1 -3  0 -1 -4 -2 -3 1 0 0 0 0.01
-3 -4 -5 -5 -3  0 -4 -5 -4  0  6 -4  2 -1 -4 -4 -3 -3 -1 -1 1 0 0 0 0.01
 6 -3 -3 -4 -2 -3 -3 -2 -4 -3 -3 -3 -3 -4 -3  1 -2 -5 -4 -2 1 0 0 0 0.01
-1 -1 -2 -3 -5  8  0 -4 -2 -5 -4 -1 -3 -5 -3  0 -2 -4 -4 -4 1 0 0 1 0.01
-4 -4 -4 -5 -4 -4 -4 -5 -1 -3 -3 -4 -3  5 -5 -4 -4  0  9 -3 1 0 0 0 0.01
-1  7 -2 -2 -4 -1 -2 -4 -1 -5 -4  0 -3 -5 -4 -2 -2 -5 -3 -4 1 0 0 1 0.01
-2 -2 -2  1 -6  0  7 -4 -2 -5 -5 -1 -4 -5 -3 -1 -3 -5 -4 -5 1 0 0 1 0.01
-3 -4 -5 -5 -3 -3 -4 -5 -4  1  5 -3  4 -1 -4 -4 -2 -3 -3  3 1 0 0 0 0.01
 4 -2 -2 -2 -3  2  4 -2 -2 -3 -3 -1 -3 -4 -3 -1 -2 -4 -3 -2 1 0 0 1 0.02
 6 -3 -3 -2 -2 -3 -3 -1 -3 -3 -3 -2 -3 -4 -3  1 -1 -4 -4 -1 1 0 0 1 0.03
-4 -5 -5 -6 -5 -5 -5 -5 -3 -2 -2 -5 -2  9 -6 -3 -4 -1  1 -3 1 0 0 0 0.04
 5 -3 -2 -3 -2 -2 -2 -2 -3 -3 -3 -2 -2 -4 -2  3  1 -4 -3 -2 0 0 1 1 0.03
-1 -1 -2 -2 -5  8  0 -4 -2 -4 -4  2  1 -5 -3 -2 -2 -4 -4 -4 0 0 1 1 0.04
-4 -5 -5 -6 -5 -5 -5 -5 -3 -2 -1 -5 -2  9 -6 -3 -4 -1  1 -3 0 0 1 0 0.04
 3 -3 -2 -3 -3 -3 -3  6 -3 -4 -4 -3 -3 -4 -3  0 -2 -4 -4 -3 0 0 1 1 0.04
 0 -3 -1 -2 -3 -2 -2 -1 -3 -4 -4 -2 -3 -4 -3  6  0 -5 -4 -4 0 0 1 1 0.05
-4 -4 -1  8 -6 -2  1 -3 -3 -5 -6 -3 -5 -6 -4 -2 -3 -6 -5 -5 0 0 1 1 0.05
-3 -4 -5 -5 -3 -4 -5 -5 -5  0  6 -4  2 -1 -5 -4 -3 -3 -3 -1 0 0 1 1 0.05
-4 -4 -1  8 -6 -2  0 -4 -3 -5 -6 -3 -5 -6 -4 -2 -3 -6 -5 -5 0 0 1 1 0.04
 4 -1 -2  0 -3  1  1 -2 -2 -3 -3  2 -2 -4  1  0 -1 -4 -3 -2 1 0 0 1 0.05
 5 -3 -2 -1 -2 -2 -1 -1 -2 -2 -3 -2 -2 -3 -2  2  1 -4 -3  0 1 0 0 1 0.05
-2 -3 -2 -3 -3 -3 -3 -4 -4 -2 -3 -3 -3 -4 -3  2  7 -5 -4 -2 1 0 0 0 0.05
-1  3 -2 -2 -5  6  0 -3 -2 -4 -2  4 -1 -5 -3 -2 -2 -4 -3 -3 1 0 0 1 0.05
 2  1  1  0 -3  3  1 -2 -1 -3 -2  2  0 -3 -2  0 -1 -3  0 -2 1 0 0 1 0.05
-2  1 -2 -2 -4  6  0 -4 -2 -2  1  1 -1 -3 -2 -2  1 -4 -3 -1 1 0 0 0 0.05
-3 -4 -5 -5 -3 -4 -5 -6 -5  2  6 -4  0 -1 -5 -3 -3 -4 -3 -1 1 0 0 0 0.05
 2 -1  4  3 -3  0  2 -2 -1 -3 -3 -1 -3 -4 -3  0  0 -4 -3 -2 1 0 0 1 0.04
-3  7 -2 -3 -5  1 -2 -4  3 -5 -4  2 -3 -4 -4 -2 -3 -4 -1 -4 1 0 0 0 0.05
-2 -5 -3 -3 -5 -4 -4  7 -4 -6 -6 -4 -5 -5 -4 -2 -4 -5 -5 -5 1 0 0 0 0.04
 2  2 -1 -1 -3  3  3 -2 -1 -2 -2  1 -1 -3 -2  0 -1 -3 -1  0 1 0 0 1 0.03
-3  7 -2 -4 -4 -1 -2 -3  0 -4 -4  2 -2 -5 -4 -3 -3 -5 -3 -4 1 0 0 0 0.03
-2 -3  0 -4 -3 -3 -4 -4 -4  2  4 -3  3 -1 -4 -3  0 -2 -2  1 1 0 0 0 0.04
-2  1 -1 -3 -3 -1 -3 -4 -3  0 -1 -2  3 -2 -3 -1  4 -4 -1  3 1 0 0 0 0.04
-3 -2 -2 -1 -6  1  7 -4 -2 -5 -5 -1 -4 -6 -3 -2 -3 -5 -4 -5 1 0 0 0 0.06
-2 -4 -5 -5 -3 -4 -4 -5 -4  3  4 -4  2 -1 -4 -3 -2 -3 -3  2 1 0 0 0 0.08
-3 -4 -5 -5 -3 -4 -5 -5 -4  0  6 -4  3  0 -2 -3 -3 -3 -3 -1 0 0 1 0 0.07
-3  0 -2 -3 -5 -1 -1 -4 -3 -2 -4  7 -3 -5 -3 -2 -3 -5 -4 -3 0 0 1 0 0.07
-3 -1 -2 -3 -6  9  0 -4 -2 -5 -5 -1 -3 -6 -4 -3 -3 -5 -4 -5 0 0 1 0 0.08
 0 -2  0  1 -4 -1 -1  2 -3 -4 -3  1 -3 -4  6  0 -2 -4 -4 -3 0 0 1 1 0.07
-2  0 -2 -3 -5  8  1 -4 -1 -4 -1  0 -2 -5 -1 -2 -3 -4 -4 -2 0 0 1 1 0.07
-2 -3  1 -4 -1 -3 -3 -3  3 -3 -3 -3 -3  3 -5 -1 -3  0  8 -3 0 0 1 1 0.09
 1 -1  0 -1 -2  2  0 -2  1 -2 -3  1 -2 -3 -1  3  0 -4 -3  0 0 0 1 1 0.08
-3 -5 -5 -4 -5 -4 -4 -5 -5 -5 -4 -4 -5 -6  9 -3 -2 -6 -5 -5 0 0 1 0 0.07
-2 -3 -4 -5 -3 -1 -4 -5 -3  1  4 -3  6  1 -4 -3 -2 -3  2  1 0 0 1 0 0.06
 2 -2 -1 -1 -3 -1 -1 -2 -3 -3 -3  0 -3 -4  6  2  1 -4 -4 -3 0 0 1 0 0.05
-1 -4 -3 -4 -2 -3 -4 -5 -4  3  1 -4  2 -1 -3 -3 -1 -3 -3  5 1 0 0 0 0.04
 1 -2  0  0 -4  0  6 -2  0 -4 -4 -1 -3 -4 -2  0 -2  0 -3 -3 1 0 0 0 0.02
-2  0  0  2 -5  1  5 -3  0 -3 -3  3 -3 -4 -3 -1 -2 -4 -1 -3 1 0 0 0 0.02
-3 -1 -2 -3 -5  8  1 -4 -2 -3 -3 -1  3 -5 -4 -3 -3 -4 -4 -4 1 0 0 0 0.01
 0 -4 -4 -5 -3 -4 -4 -3 -5  3 -1 -4  0 -2 -4 -2 -1 -5 -3  6 1 0 0 0 0.01
 2 -3 -3 -4  2 -3 -3 -3 -3  2  1 -3  1 -2  1 -1  0 -4 -2  3 1 0 0 0 0.01
 0 -3 -2 -3 -2 -2 -2 -3 -3  3  1 -3  1 -2 -3  2  1 -4 -3  3 1 0 0 0 0.01
-3 -4 -5 -5 -3 -4 -5 -5 -5  6  3 -4  1  0 -4 -4 -2 -3 -3  2 1 0 0 0 0.01
-4 -4 -4 -5 -1 -4 -4 -5  1 -3 -2 -4 -3  5 -5 -4 -4  5  8 -3 1 0 0 0 0.01
 5 -3 -3 -4  2 -3 -3 -1 -3 -1 -1 -3 -1 -4 -3  0  1 -4 -3 -1 1 0 0 0 0.01
 3 -4 -2 -3 -2 -3 -3  5 -4 -2 -1 -3 -2 -3 -3 -1 -2 -4 -4  0 1 0 0 0 0.01
-1 -2  1 -2 -2 -1 -1 -1 -3  1 -1 -2 -1 -3 -3  0  4 -4 -3  3 1 0 0 0 0.01
-2  3  5 -1 -4  0  1 -2  3 -4 -4  3 -3 -4 -3 -1 -1 -5 -3 -4 0 0 1 1 0.01
-2 -3  0 -1 -5 -3 -3  7 -3 -6 -5 -1 -5 -5 -4 -2 -3 -5 -5 -5 0 0 1 0 0.01
-3 -3 -3 -4  0 -2 -3 -4  4 -2  0 -2 -1  5 -5 -3 -3  0  7 -2 0 0 1 0 0.01
-3 -3 -5 -5  0 -4 -4 -5 -4  1  5 -4  2  1 -5 -4 -2 -3 -1  0 0 0 1 0 0.01
-3 -1  0  7 -5 -2  0 -3 -2 -4 -3  0 -1 -5 -4 -2 -2 -6 -5 -4 0 0 1 0 0.01
-1  1  1  5 -4  0  1 -1 -1 -3 -4  2 -3 -4 -1  1 -1 -4 -4 -3 0 0 1 1 0.01
-2 -4 -5 -5 -3 -4 -4 -5 -4  4  2 -4  3 -1 -4 -4 -2 -3 -2  4 0 0 1 0 0.01
 0 -2 -2  2 -4 -1  3 -3 -3 -4 -4 -1 -4 -5  6 -1 -2 -5 -4 -4 0 0 1 1 0.01
-1 -4 -4 -4 -3 -3 -3 -4 -4  2  1 -3  0 -2  1 -3  0 -4 -3  5 1 0 0 1 0.01
 0 -1  2  3 -3  0  3  0 -1 -3 -4  1 -3 -4 -1  2  0 -4 -2 -3 1 0 0 1 0.01
-1  2  0  3 -4  2  1 -3  0 -3 -3  4 -2 -4 -3 -1 -2 -4 -3 -3 1 0 0 1 0.01
-2 -5 -5 -5 -2 -4 -5 -5 -5  5  0 -4  0 -2 -4 -4 -2 -5 -3  5 1 0 0 0 0.01
 0  3  0 -2 -2  1 -1  0 -1 -1  0  2 -1 -3 -1  0  1 -3 -2  0 1 0 0 1 0.01
 0  3  0  2 -4  1  2 -2 -1 -3 -3  2 -2 -4  0  0 -1 -4 -3 -3 1 0 0 1 0.01
-3 -5 -5 -6 -1 -5 -5 -5 -2 -3 -2 -5 -2  8 -6 -4 -4  4  4 -3 1 0 0 0 0.01
-2 -1 -2 -1 -3  2  6 -4 -2 -2 -1 -1 -2 -5 -3 -2 -2 -5 -4 -3 1 0 0 0 0.01
 1  1  1  1 -3  1  1 -1  0 -2 -2  2 -1 -3 -2  1  1 -3 -2 -1 1 0 0 1 0.01
 2 -1  0  2 -4  1  4  1 -1 -4 -3  0 -2 -3 -2  0 -1 -4 -3 -3 1 0 0 1 0.01
-3 -4 -5 -5 -3 -4 -5 -5 -3  1  4 -4  2  5 -3 -4 -3  2  2 -1 1 0 0 0 0.01
-2  1 -3 -4 -1 -2 -3 -4  1  1  4 -2  1  1 -4 -2 -2 -2  2  0 1 0 0 0 0.01
 2  0  1  2 -3  1  3 -1 -1 -3 -3  1 -2 -3 -1  1  0 -4 -3 -3 1 0 0 1 0.01
-2 -2 -2 -2 -4 -2 -1 -4  5 -2 -2 -2 -2  4 -3 -1 -2  2  6 -2 1 0 0 1 0.01
-1 -4 -5 -5 -3 -3 -4 -5 -4  3  4 -4  5  2 -4 -3 -2 -3 -2  2 1 0 0 0 0.01
-1  3  1  3 -4  0  1 -2  2 -3 -3  3 -3 -4 -3 -1 -1 -4 -2 -3 1 0 0 1 0.02
 1  0  1  0 -2  0  0 -1  0 -2 -2 -1 -1 -3 -2  3  2 -3 -2 -1 1 0 0 1 0.02
 0  1  4  0 -3  2  1 -2  1 -3 -3  2 -2 -3 -2  1  0 -4 -2 -2 0 0 1 1 0.02
-1  0  0 -2 -2  1  0 -2  7 -3 -3  2 -3 -1 -3 -2 -2 -2  4 -3 0 0 1 0 0.02
 2  0 -1 -1 -3  2 -1 -1 -2 -4 -3  1 -3 -4  5  1  0 -4 -3 -3 1 0 0 1 0.02
 0 -1  0  4 -4  1  4  0 -1 -4 -4  1 -3 -5 -2  0 -2 -5 -3 -4 1 0 0 1 0.03
-2 -4 -4 -3 -2 -4 -4 -5 -4  4  3 -4  0  2 -4 -3 -1 -3  0  3 1 0 0 0 0.03
-2 -2 -3 -4 -2 -2 -3  0 -3  1  4 -3  2  1 -2 -3 -2 -2  0  0 1 0 0 0 0.04
 1  0  1  3 -4  2  3 -1 -1 -3 -3  2 -2 -3 -2  0  0 -4 -3 -3 1 0 0 0 0.04
 1  0  0  1 -2  1  2 -1 -1  0 -2  1 -2 -3 -2  1  2 -2 -3 -1 1 0 0 1 0.05
-3 -5 -5 -5 -3 -5 -5 -6 -5  7  2 -5  0 -1 -5 -4 -3 -5 -3  2 1 0 0 0 0.05
 0  4  1 -1 -3  0  1 -2 -1 -2 -1  2 -1 -3 -1  0 -1 -3 -3 -1 1 0 0 1 0.05
 1 -1  0  1 -3  1  3 -1 -2 -3 -3  1 -2 -4 -2  1  2 -4 -3 -2 1 0 0 1 0.08
-1 -1  0  1 -3  0  2 -1 -2 -3 -3  3 -2 -4 -2  1  3 -4 -3 -2 1 0 0 1 0.10
-1  0  0 -2 -2  0 -1  4 -2 -5 -4  4 -3 -5 -2 -2 -2 -4 -4 -4 0 0 1 0 0.12
 1 -1  0  2 -3  2  2 -1 -1 -2 -3  3 -2 -4 -2 -1  0 -4 -3  0 0 0 1 1 0.11
-3 -3 -5 -5 -3 -4 -5 -5 -3  3  4 -4  1  3 -4 -4 -3  2  1  0 0 0 1 0 0.12
-1 -2  2  3 -3 -2  0 -1 -2 -3 -4 -1 -3 -4  1  3  3 -4 -4 -3 0 0 1 0 0.11
-1 -2  0  5 -4  0  3 -1 -2 -4 -4  1 -4 -5  1 -1 -2 -5 -4 -4 1 0 0 1 0.11
-1 -2 -1  4 -5  1  5 -2 -2 -4 -4  0 -4 -5 -3 -1 -2 -5 -4 -4 1 0 0 1 0.13
 1 -2 -1 -1 -2 -2 -2 -2 -3  2  2 -2  1 -2 -2  0  2 -3 -2  1 1 0 0 0 0.10
 0 -1 -1  2 -3  1  4 -2 -2 -1 -2  1 -1 -3 -2 -1  0 -4 -3 -1 1 0 0 1 0.09
 3 -1  0  1 -3  1  2  0 -2 -2 -3  1 -2 -4 -2  1  0 -4 -3 -2 1 0 0 1 0.08
 1  1 -1 -1 -3  2  1 -1 -1 -1  0  3 -1 -3 -2  0  0 -4 -2 -1 1 0 0 1 0.07
-3 -4 -5 -6 -3 -4 -5 -6 -5  3  5 -4  3  0 -5 -4 -3 -4 -3  0 1 0 0 0 0.06
-1  1  1  0 -4  0  1 -2  1 -2 -2  5 -2 -4 -3 -1  0 -4 -2 -1 1 0 0 1 0.05
 2 -1  0  2 -3  1  3 -2 -1 -3 -3  2 -2 -4 -2  1  0 -4 -3 -3 1 0 0 1 0.05
 4 -3 -3 -3 -1 -2 -2 -1 -3  1 -1 -3 -1  1 -3 -1 -1 -4 -2  2 1 0 0 0 0.05
 0 -4 -4 -4  1 -4 -4 -4 -4  5  2 -4  1 -1 -4 -3  0 -4 -2  3 1 0 0 0 0.04
 0  0  1  2 -3  1  3 -2 -1 -2 -2  2 -2 -4 -2  0  1 -4 -3 -1 1 0 0 1 0.03
 1 -1  1  2 -4  0  4 -2 -1 -4 -4  1 -3 -4 -3  1  0 -5 -3 -3 1 0 0 1 0.04
-3 -5 -5 -6  0 -2 -4 -5 -1 -1 -1 -5 -2  8 -6 -3 -3  0  3 -1 1 0 0 0 0.03
 1  0  0 -2 -3 -1 -1 -2 -3 -1  0  5  1 -3 -3 -1  1 -4 -3  0 1 0 0 0 0.02
 1  0  0  0 -3  2  2 -1 -2 -3 -3  3 -2 -4 -2  1  0 -4 -3 -3 1 0 0 1 0.03
-1  0  1  0 -2  2  1  1 -1 -1 -2  1 -1 -3 -2  2  2 -4 -3 -1 1 0 0 1 0.04
-4 -5 -5 -6 -5 -5 -6 -6 -3 -3 -2 -5 -2  8 -6 -5 -4  1  4 -3 1 0 0 0 0.07
 0  0 -1 -2 -3  3  2 -2 -2 -1  1  3  0 -3 -2  0  0 -3 -3 -1 0 0 1 1 0.10
 6 -3 -3 -3 -2 -2 -2 -1 -3 -3 -3 -2 -3 -4 -2  2 -1 -4 -3 -2 0 0 1 1 0.23
