-2 -2 -3 -4 -2 -1 -3 -4 -3  1  2 -2  8 -1 -3 -2 -1 -2 -2  2 0 0 1 1 0.97
 0 -2  4 -1 -3 -2 -2  5 -2 -3 -4 -2 -3 -4 -1  1 -1 -4 -3 -2 0 0 1 1 0.98
 1 -1  0 -2 -2 -1 -1 -2  0 -2 -2 -1  0 -1 -1  3  4 -3 -2 -1 0 0 1 1 0.98
 2 -2 -1 -1  1 -1 -1  0 -2 -1 -2 -1 -2 -3  3  2  2 -3 -3  0 0 0 1 1 0.98
 3 -1  0 -1  2  0  0 -2  4 -2 -1  0  0 -1 -2  1  0 -3 -1 -1 0 0 1 1 0.98
 0  1  0 -2 -3  1 -1 -1  5 -1 -2  1 -2 -2  1  0  3 -3 -1 -1 0 0 1 1 0.98
-1 -1  2 -1 -1  1  1 -2  5  0 -2  1  2 -3 -1  1 -1 -3 -1 -1 0 0 1 1 0.98
 1  0  1  0 -3  2  2 -2  2 -1 -2  1 -1 -1  0  0  1 -3 -2 -1 0 0 1 1 0.99
 0  0  1  0 -3  2  1 -2  5 -2 -1  0 -2 -3 -2  1  1 -3 -1  0 0 0 1 1 0.99
 0  0  1 -1 -3  1  1  0  4 -2 -3  1 -2 -3  3  1  0 -3 -1 -2 0 0 1 1 0.99
 1 -1  1  0 -2  1  0 -1 -1 -1 -2  0 -1 -3 -1  3  2 -4 -3 -1 0 0 1 1 0.98
 0 -1  1  0 -1  0  0 -1  0 -3 -2  2 -2 -3  2  3  1  0 -3 -2 0 0 1 1 0.98
 1 -1  0  1 -3  1  1  1 -1 -3 -2  0 -2 -3  1  2  2 -4 -3 -2 0 0 1 1 0.94
 0 -1 -1 -3 -3  0 -1 -3 -3  0  0  0  4 -3  0  0  4 -4 -3  1 0 0 1 1 0.90
 1 -1 -1 -2 -2  1  0 -2 -1  2 -1 -1  2 -2  2  0  1 -4 -2  1 0 0 1 0 0.88
 1  0 -1 -1 -3  0 -1 -2  2  0 -2  1 -1 -2  3  1  1 -4 -2  0 0 0 1 1 0.86
 1  2  1  0 -2  1  1 -1  0 -2 -1  1  0 -3 -1  0  1 -3 -2 -2 0 0 1 1 0.83
 0 -2  0 -1 -3 -1  0  2 -2 -3 -4  1 -1 -4  4  2  1 -4 -4 -2 0 0 1 1 0.74
 0 -1  1  0 -1  2  3 -3 -1 -3 -3  1 -1 -4 -1  3  1 -4 -3 -3 0 0 1 1 0.49
-2  2  0 -1 -5  3  3 -3  1 -4 -3  3 -2 -4  1 -1  0 -5 -3 -2 0 0 1 1 0.26
-2 -3 -5 -6 -2 -3 -5 -5 -5  3  3 -4  7 -2 -3 -3 -3 -4  1  1 0 0 1 0 0.15
-3 -1  3  0 -4 -3 -3 -4 -4 -4 -5  0 -4 -6 -3  3  6 -6 -5 -4 0 0 1 1 0.09
-3 -6 -4 -5 -4 -5 -6  6 -6  0  1 -5 -3 -5 -6 -4 -5 -6 -6  1 1 0 0 0 0.05
 6 -5 -4 -5 -4 -4 -4  3 -5 -5 -5 -4 -5 -6 -4  2 -2 -6 -5 -3 1 0 0 0 0.02
-2  3 -3  2 -6  5  5 -4  0 -6 -5  0 -4 -2 -4 -2 -1 -5 -2 -5 1 0 0 1 0.02
 3 -5 -5 -5 -4 -4 -5 -4  1  4 -1 -4  4 -1 -5 -1 -3  2  5 -1 1 0 0 0 0.02
-4 -6 -6 -7 -4 -5 -6 -7 -6  3  5 -6  1  0 -6 -5 -3 -5 -4  3 1 0 0 0 0.01
-1 -5 -6 -6  0 -5 -5 -6 -5  4  2 -5  1  3 -5 -4 -2  0 -2  4 1 0 0 0 0.01
-2  4 -2  2 -6  3  4 -5  1 -5 -4  2 -4 -6 -4 -3 -2 -6 -3 -5 1 0 0 1 0.01
 3  4 -4 -4  6 -2 -3 -3 -4 -4 -3 -2 -3 -4 -4  3  0 -6 -4 -2 1 0 0 0 0.01
-6 -6 -8 -8 -4 -6 -7 -8 -7 -2  7 -7  0 -2 -7 -7 -5 -6 -5 -3 1 0 0 0 0.01
-1  2 -2 -2 -4  1  3 -4  3  0 -1  4 -2 -4 -4 -2 -3 -5  0  0 1 0 0 1 0.01
 1  2 -1  3 -4  3  4 -4 -1 -4 -3  0 -3 -6 -4 -1 -3 -5 -5 -4 1 0 0 1 0.01
-2 -2 -2 -3 -3  4  4 -5  3  0  1 -2 -1 -4 -4 -3 -3 -5 -2  1 0 0 1 1 0.02
-3 -5  0 -1 -7 -3 -2  7 -3 -8 -8 -2 -6 -7 -6 -3 -5 -7 -7 -7 0 0 1 1 0.02
 0 -6 -7 -7 -2 -6 -6 -7 -7  3 -2 -6 -2 -5 -6 -5 -1 -7 -5  7 0 0 1 0 0.03
-4  2  0  5 -6  0  4 -4 -2 -6 -6  2 -5 -5 -4 -2  0 -6 -5 -5 0 0 1 1 0.05
-2 -3 -2  1 -1 -1 -1 -4  5  0 -2 -3 -2 -1 -4  0  4 -4  2  2 0 1 0 0 0.05
-3 -6 -7 -7 -4 -6 -6 -7 -7  6  0 -6  1 -3 -6 -5 -3 -6 -5  5 0 1 0 0 0.06
-5 -7 -7 -8 -7 -7 -7 -8  3 -5 -4 -7 -5  9 -8 -6 -7  1  0 -5 0 1 0 0 0.08
-4 -7 -5 -6 -7 -6 -6  8 -6 -8 -8 -6 -7 -8 -6 -2 -4 -7 -7 -7 0 1 0 0 0.09
-5 -6 -6 -7 -5 -5 -6 -7 -1  3  1 -6 -1  0 -7 -6 -5 -3  8  3 0 0 1 0 0.12
-5 -7 -7 -6 -8 -5 -6 -7 -7 -5 -8 -6 -7 -9  9 -5 -6 -9 -8 -6 0 0 1 0 0.21
-4 -7 -5 -6 -7 -6 -7  8 -6 -8 -8 -6 -7 -8 -7 -5 -6 -7 -7 -8 0 0 1 0 0.22
-3 -6 -4  5 -7 -5 -4  6 -6 -7 -8 -5 -7 -7 -6 -4 -5 -7 -7 -7 1 0 0 1 0.13
 5 -5 -4 -5 -4 -2 -4 -4 -4 -4 -4 -4 -2  4 -5  0  0 -4  3 -1 1 0 0 0 0.10
 0 -5  4 -5 -3 -5 -5 -5 -5  4 -1 -5 -2 -4 -5 -4 -2 -6 -5  5 1 0 0 0 0.09
-5 -6 -7 -7 -3 -6 -7 -7 -6  1  6 -6  4 -3 -7 -6 -5 -5 -4 -2 1 0 0 0 0.07
-2 -4  1  1 -4 -1 -2 -2  3 -4 -5 -2 -3 -4  6 -1  0 -6 -1 -2 1 0 0 0 0.05
 0 -5 -6 -6 -4 -5 -5 -6 -5  5  3 -5 -1  4 -5 -4 -1 -4 -1  2 1 0 0 0 0.04
-6 -6 -7 -8 -6 -6 -7 -7 -2 -4  2 -6  0  3 -7 -6 -6 -2  9 -5 1 0 0 0 0.03
-6 -2 -2  8 -8 -4 -2 -5 -2 -8 -8 -1 -7 -8 -6 -4 -5 -9 -6 -8 0 0 1 1 0.02
 4 -2 -3 -2 -4  0  3 -3  2 -2 -4  0 -2 -4  1 -1 -1 -5  1 -1 1 0 0 0 0.02
-4 -6 -7 -7 -5 -6 -6 -7 -6  4  5 -6  1 -1 -6 -6 -4 -5 -4  1 1 0 0 0 0.01
-3 -4 -4 -4 -2 -3  0 -5  2  1 -1 -4  0  3  1 -3 -4 -1  7 -1 1 0 0 1 0.01
 0  1  0  4 -5  2  2 -1  0 -5 -5  3 -4 -5 -4  0 -2 -6 -4 -4 1 0 0 1 0.01
 0 -2 -1 -1  2  3  0 -3  3 -2 -3 -2 -2 -1 -3  4  0 -4  1  0 0 0 1 1 0.01
-2 -2  1  3 -4  0  1  2 -2 -5 -5  2 -4 -5  4  0  0 -5 -5 -4 0 0 1 1 0.01
-1  0 -1  1 -3  0  1  2 -1  2 -1  2 -2 -2 -2 -1 -1  0 -1 -1 0 0 1 1 0.01
-3 -3 -4 -4 -3 -3 -4 -4 -4  4  3 -3  2  2 -3 -3 -2 -3 -2  2 0 0 1 0 0.01
-2  5  1 -1 -5  1  2 -4  2 -5 -5  3 -4 -4  1 -2 -1 -5 -4 -5 0 1 0 1 0.01
-6 -4 -2 -6 -5 -3 -5 -7 10 -6  0 -5 -3 -2 -7 -5 -6  7 -1 -2 0 1 0 0 0.02
-1 -6 -6 -6 -4 -5 -6 -6 -2  6 -1 -6 -1 -2 -6 -5 -3 -5  1  5 0 1 0 0 0.02
-4 -5 -3 -6 -3 -5 -6  3 -6 -2  5 -5 -1 -3 -5 -5  0 -5 -4 -3 0 1 0 0 0.02
 0 -5  2 -4  4 -4 -4 -4 -5 -2 -1 -4  0 -3 -2 -1  3 -6 -4  5 0 0 1 0 0.03
 0  7 -4 -5  6 -3 -4 -5 -4 -6 -6 -2 -5 -6 -6  1 -2 -6 -5 -2 0 0 1 0 0.03
-6 -3  5 -3 -6 -3 -4 -6 10 -8 -7 -5 -6 -6 -7 -5 -5 -7 -3 -7 1 0 0 0 0.04
-5 -5 -5 -3 -8 -3  8 -7 -5 -8 -7 -4 -7 -8 -6 -5 -5 -7 -7 -7 1 0 0 0 0.05
-4 -4 -5 -3 -7  8 -3 -6 -4 -5  2 -3 -4 -6  0 -5 -5 -6 -6 -5 1 0 0 0 0.06
 2 -5  5 -4 -1 -4 -4  6 -3 -6 -6 -4 -4 -6 -5 -3 -4 -6 -6 -5 1 0 0 0 0.08
 7 -5 -5 -6 -3 -5 -5 -1 -5 -4 -5 -5 -5 -6 -5 -2 -4 -6 -6 -1 1 0 0 0 0.12
 3 -4 -4 -4 -2 -4 -4  4 -5  0 -3 -4 -3 -5 -4  0  1 -5 -4  2 1 0 0 0 0.16
-6 -5 -4 -6 -6 -4 -5 -6 10 -5 -4 -5  0  2 -6 -5 -6 -4  6 -6 1 0 0 0 0.20
 7 -5 -5 -6 -4 -5 -3 -4 -5 -4 -5 -5  4 -6 -5 -2 -4 -6 -5 -4 1 0 0 0 0.36
 7 -5 -6 -6 -4 -5 -5 -4 -6 -5 -6 -5 -5 -6 -5 -3 -4 -7 -6 -4 1 0 0 0 0.38
-5 -5 -2  7 -7 -1  3 -5 -5 -2 -7 -4 -6 -7 -5 -2 -1 -7 -6 -5 1 0 0 0 0.34
 2 -6 -4 -5 -6 -5 -6  7 -6 -7 -7 -5 -6 -7 -6 -4 -5 -6 -7 -6 1 0 0 0 0.22
-2 -6 -7 -7 -3 -6 -6 -7 -3 -6 -5 -6 -2  1 -7 -5 -5 -2 10 -6 1 0 0 0 0.27
 7 -5 -5 -6 -4 -5 -5 -2 -4 -5 -5 -5 -5 -6 -5  0 -3 -6 -4 -4 0 1 0 0 0.25
-5  8 -5 -6 -6  0 -4 -7 -1 -6 -5  0 -3 -7 -6 -4 -5 -6 -5 -5 0 1 0 0 0.23
 4 -4 -4 -5 -2 -4 -4 -3 -5  1 -2 -4  0 -3 -4  2 -1 -5 -1  3 0 1 0 0 0.21
-3  1  1 -4 -3 -3 -4 -4 -1 -5 -4  2 -1 -6 -4  3  6 -6 -5 -4 0 0 1 1 0.21
-4 -4 -2 -4 -3 -4 -5  7 -5 -7 -7 -5 -6 -7 -2 -3 -5 -6 -7 -7 0 0 1 1 0.17
-2  3 -1 -1 -2  0  0 -1 -2 -3 -3  6 -3 -3 -2 -2 -2 -3 -3 -3 0 0 1 1 0.14
-1 -5 -5 -6 -2 -5 -5 -4 -6  2  1 -5  2 -4  3 -4  0 -6 -4  5 0 0 1 0 0.15
 0 -6 -4 -5 -6 -6 -5  7 -6 -7 -7 -5 -6 -7 -6  0 -5 -7 -7 -7 0 1 0 0 0.13
 2 -6 -6 -7  3 -6 -6 -5 -7 -1 -3 -6 -3 -5 -6 -4 -3 -7 -5  7 0 1 0 0 0.14
 2 -6 -6 -6  9 -6 -6 -6 -6 -1  1 -6  0 -3 -6 -4 -3 -6 -5  3 0 1 0 0 0.12
-1 -5 -6 -6  1 -5 -5 -6 -5  4  3 -5  4  2 -5 -4 -3 -4 -3  2 0 1 0 0 0.12
 4 -5 -5 -5 -4 -4 -5 -1 -5 -1 -3 -4 -3 -5 -5 -1  3 -6 -5  5 0 1 0 0 0.11
-5 -6 -5 -6 -3 -5 -6 -6 -6 -5 -6 -5 -5 -7 -6 -2  8 -7 -6 -5 0 0 1 0 0.09
-3 -5 -4 -5 -5 -5 -5 -5 -4 -6 -5 -5 -5  4 -5  6 -3 -2  3 -4 0 0 1 0 0.15
-4 -7 -4 -6  1 -6 -6  7 -6 -8 -8 -6 -7 -7 -6 -4 -1 -7 -7 -7 0 0 1 0 0.15
-1 -6 -6 -6 -6 -6 -6 -6 -7 -4 -6 -5 -5 -7  8 -5 -5 -8 -7  4 0 0 1 0 0.16
-4 -7 -5 -6 -7 -6 -7  8 -7 -8 -8 -6 -7 -8 -7 -5 -6 -7 -8 -8 0 0 1 0 0.15
 6 -5 -5 -4 -5 -4  3  1 -5 -4 -4 -4 -4 -3 -5 -2 -4 -6 -5 -2 1 0 0 0 0.15
-4 -5 -5 -6 -2 -5 -5 -6 -6 -4  3 -5 -3  0 -5 -3  7 -6 -5 -4 1 0 0 0 0.15
-5 -5  8 -3 -6 -4 -4 -5 -4 -7 -8 -2 -6 -7 -6  3 -4 -8 -6 -7 1 0 0 0 0.15
 4 -5 -5 -6 -2 -4 -5 -4 -5  0  4 -5  2 -3 -5 -3  1 -5 -4  1 1 0 0 0 0.16
-3 -6 -7 -7 -1 -6 -6 -7 -7  4  1 -6 -1 -4 -6 -5 -3 -6 -5  6 1 0 0 0 0.15
-5 -5  5 -4 -6 -5 -5 -5 -5 -6 -6 -5 -5 -7 -6 -3  7 -7 -6 -5 1 0 0 0 0.17
 3 -6 -4 -5 -6 -5 -5  6 -6 -7 -7 -5 -6 -7  1 -2 -4 -6 -6 -6 1 0 0 0 0.10
-5 -6 -7 -7 -5 -6 -7 -7 -7  7  2 -6 -1 -4 -6 -6 -3 -6 -5  2 1 0 0 0 0.09
 7 -5 -6 -6 -3 -3 -5 -2 -6 -5 -4 -5 -2 -6 -5 -3 -1 -7 -5 -2 1 0 0 0 0.08
-3 -5  1  4 -5 -2 -3  4 -5 -5 -6 -4 -5 -6 -5 -2  5 -6 -6 -5 1 0 0 0 0.08
 7 -6 -5 -6 -5 -5 -5 -4 -6 -6 -6 -5 -5 -6 -5  1 -4 -7 -6 -4 1 0 0 0 0.07
-5 -5  0 -6 -5  0 -5 -7  3 -5 -1 -4  3  3 -7 -5 -5 -1  8 -5 1 0 0 0 0.05
 3 -5 -5 -6 -2 -4 -5 -5 -5 -1  1 -5  9 -4 -6  1 -3 -6 -4 -3 1 0 0 0 0.06
-6 -5 -3  7 -8 -4  5 -6 -5 -7 -8 -4 -7 -8 -6 -4 -5 -8 -7 -7 0 0 1 1 0.04
-3 -1  0 -4 -5 -3 -3 -4  4 -6 -5  0 -3 -1 -5  6 -3 -6 -1 -6 0 0 1 1 0.03
-3 -6 -5 -5 -3 -5 -5 -6 -6  5  0 -5 -2 -4 -6  1 -1 -6 -5  5 0 0 1 0 0.03
-3 -7 -7 -6 -8 -6 -6 -1 -7 -8 -8 -6 -7 -8  9 -5 -6 -8 -8 -7 0 0 1 0 0.03
-4 -6 -6 -7 -4 -5 -6 -7 -6  3  3 -5  7 -3 -6 -5 -4 -5 -4  4 0 1 0 0 0.02
-4 -7 -7 -7 -5 -6 -7 -7 -7  3  0 -6 -3 -4 -6 -6 -4 -7 -5  7 0 1 0 0 0.02
 4 -5 -4 -5  5 -3 -5 -5  5  1 -3 -3 -3 -3 -5 -3 -3 -6 -4  4 0 1 0 0 0.02
-5 -7 -7 -7 -5 -6 -7 -7 -7  7  1 -6 -2  2 -7 -6 -4 -6 -4  1 0 1 0 0 0.02
-2 -5 -4 -5  0 -4 -5 -5 -5 -3 -5 -5 -4 -6 -5  3  7 -6 -5  2 0 1 0 0 0.02
-3 -7 -5 -6  1 -6 -6  8 -6 -8 -8 -6 -7 -8 -6 -5 -6 -7 -7 -7 0 1 0 0 0.02
 0 -3  2 -4  0  8 -3  0 -4 -5 -5 -3 -4 -7 -5 -2 -1 -6 -4 -1 0 1 0 0 0.02
-4 -6 -6 -6 -5 -5 -6 -7 -7 -2 -4 -6 -4 -5  5 -5 -4 -7 -6  7 0 0 1 0 0.02
 2 -3  1 -3 -3 -3 -3  2 -1 -4 -5 -3 -3 -4  5  2  0 -5 -5 -3 0 0 1 1 0.02
-1  2 -2 -4 -3 -2 -3 -4 -4 -1 -1 -2 -1 -4 -4  3  5 -5 -4  0 1 0 0 1 0.03
 0  0  1  0 -2 -1 -1 -1  1 -1 -2  0 -2 -3  3  3  1 -3 -1 -2 1 0 0 1 0.05
 1 -1  0  0 -1  0  1 -1 -1  0  0 -1  0 -1 -1  1  0 -1 -1  0 1 0 0 1 0.07
 0  1 -1 -1 -1  3  0  0  0  0 -1  0  1  0 -1  0  0  0  1  0 0 0 1 1 0.05
 1  1  0  0 -1  0  0  1  0 -1 -1  1  0 -1  0  0  0 -1 -1 -1 0 0 1 1 0.05
 0  0  1  0 -1  0 -1 -1 -1  2 -1  1 -1 -1 -1  1  1 -2 -1  0 0 0 1 1 0.05
 0 -1  3 -1 -3  1 -2  5  3 -3 -3 -1 -2 -2 -2 -1 -2 -2 -2 -3 0 0 1 1 0.04
-2  0 -3 -4 -3 -2 -1 -4 -4 -1  4 -1  3  0 -1 -2  2 -2 -1 -1 0 0 1 0 0.03
-4 -4 -4  4 -4 -4 -4 -5 -5  5  4 -5 -1 -3 -5 -4 -4 -5 -3 -2 0 1 0 0 0.04
 2 -5 -4 -5 -4 -4 -5  5 -5 -2  3 -4 -2 -4 -5 -3 -4 -5 -5 -1 0 0 1 0 0.03
-4  0  2 -3 -5 -3 -2 -3  7 -4 -4  1 -4  5 -5 -1  2 -4 -1 -4 0 0 1 1 0.03
-5 -4 -3  6 -7  4 -3 -6  8 -7 -7 -4 -6 -7 -6 -4 -5 -7 -4 -7 0 0 1 0 0.02
 4 -2 -3 -2 -4  0  3 -3 -4 -4 -4 -2 -4 -5 -4  2  3 -5 -5 -3 0 0 1 1 0.02
 1 -5 -6 -6 -1 -5 -6 -4 -5  0  2 -5 -2  7 -6 -4  0 -3 -1  0 0 0 1 0 0.02
-4  0 -3  4 -7  7 -2  3 -4 -7 -6 -1 -5 -4 -5 -4 -5 -6 -6 -6 0 0 1 1 0.02
-3 -4  2  2 -5 -1  6 -4 -2  2 -2 -3 -3 -5 -4 -3  1 -6 -5 -1 0 0 1 1 0.01
 1 -4 -3 -4  2 -3 -3  2 -3  1  0 -3 -2  1 -1 -1  0 -3  0  3 0 0 1 0 0.01
-4 -5  1  8 -6 -3 -2  2 -5 -6 -6 -4 -6 -6 -5 -3 -4 -7 -6 -6 0 0 1 1 0.01
-1 -2 -3 -2 -2  0 -3 -3  0  5  0 -3  0  3 -3 -1  2 -3 -1  0 0 0 1 1 0.01
 0 -1  1 -1 -2  2  0 -2 -1 -2 -2 -1  2  0 -1  1  3 -2 -2 -1 0 0 1 0 0.01
-1  0 -2 -3 -1 -2 -2 -3  0  1  2 -2  1  1 -2 -1 -1  0  1  3 1 0 0 0 0.01
-1  3  1 -2 -4 -1 -1  5 -2 -4 -4 -1 -4 -4 -3 -1 -2 -4 -4 -4 1 0 0 1 0.01
-2 -5 -5 -5  3 -5 -5 -5 -5  6 -1 -5  6 -3 -5 -4 -3 -5 -4  2 1 0 0 0 0.01
-1 -4 -3 -4 -4 -3 -3 -4 -4 -3 -3 -3 -2  3 -4  3  6 -4  1 -2 1 0 0 0 0.01
 0  4 -2 -3 -4  1  0 -4 -3 -1 -1  1  6 -3 -4 -1 -1 -4 -3 -2 1 0 0 1 0.01
-4 -4  1 -3 -4  0  1 -4  0 -6 -6 -1 -5 -6  7 -2 -1 -6 -6 -5 1 0 0 1 0.01
-3 -6 -6 -6  5 -6 -6 -6 -6  7 -2 -6 -2 -2 -6 -5 -4 -6 -4  3 1 0 0 0 0.01
-3 -5 -4 -5 -2 -5 -5 -5 -6 -3 -5 -5 -4 -6 -5  1  7 -6 -5  3 1 0 0 0 0.01
-4 -2 -4 -5  6 -1 -1 -5 -3 -3 -6  7 -5 -7 -5 -4 -4 -7 -6  0 1 0 0 1 0.01
 1 -4 -2  0 -6 -3 -4 -5 10 -6 -6 -5 -5 -3 -6 -3  0  1  2 -6 1 0 0 0 0.01
-2 -3  7 -3 -5  3 -3 -4 -3 -5 -5 -3 -3 -6 -5  4  0 -7 -5 -2 0 1 0 0 0.01
 2 -5 -5 -6 -5 -5 -5 -4 -3 -3 -3 -5 -2  6 -6 -3  0  3  6 -1 0 1 0 0 0.01
-3  0 -3 -5 -3  1 -3 -5 -4  2  4 -1  3  0 -5 -1 -2 -3 -3  1 0 1 0 1 0.01
-3 -6 -7 -7 -1 -6 -6 -7 -7  3  3 -6 -2 -4 -4 -5 -4 -6 -5  6 0 1 0 0 0.01
-3  3  2  1 -5  1 -1 -4 -3 -5 -4  4 -3 -5 -4  0  3 -6 -4 -4 0 0 1 1 0.01
-3  1  3  6 -4 -2  0 -4  2 -5 -6  0 -5 -6 -4  1 -2 -6 -5 -5 0 0 1 1 0.01
 3 -4 -5 -5 -3 -3 -4 -3 -5  2  0 -4 -2 -4  5 -2 -1 -5 -4  3 1 0 0 0 0.01
 1  1  2  2 -3  0  3 -2  1 -4 -3  1 -3 -5 -3  0 -1 -5 -3 -3 1 0 0 1 0.01
-3 -1  1  6 -6  1  4 -5 -1 -5 -6  0 -4 -6 -4 -1  1 -6 -5 -5 1 0 0 1 0.01
 3 -5 -6 -6 -4 -5 -5 -5 -6  4  4 -5  0 -3 -5 -4 -3 -5 -4 -1 1 0 0 0 0.01
 4 -5 -5 -5 -2 -3 -4 -2  1 -5 -4 -4 -5 -2  7 -3 -2 -7 -5 -3 1 0 0 0 0.01
 1  4 -2  1 -3  1  2 -1 -1 -3 -3  1 -2 -4 -1  0  0 -3 -2 -3 1 0 0 1 0.01
-1 -3 -3 -2 -3  1  2 -5 -2  4  0 -3 -1 -4 -4 -2  3 -5 -3  2 1 0 0 0 0.01
-4 -6 -7 -7 -5 -6 -6 -7 -6  7  2 -6  2  0 -6 -6 -4 -6 -4  3 1 0 0 0 0.01
 2  3 -2  4 -4 -1 -1 -4  3 -5 -5  4 -5 -5 -3 -2 -3 -6 -4 -4 1 0 0 1 0.01
-2  4 -1 -2 -5  0  5 -4  0 -6 -5  3 -4 -5 -4 -2 -1 -6 -5 -5 1 0 0 1 0.01
 6 -5 -5 -6  3 -5 -5 -4 -5 -4 -3 -5 -3 -5 -5 -2 -2 -6 -6  1 1 0 0 0 0.01
-5 -7 -7 -7 -6 -7 -7 -7 -2  3  2 -7 -3  8 -7 -6 -5 -3  0 -3 1 0 0 0 0.01
 0  3 -3 -3 -5 -1 -1 -3  6 -3 -3 -2 -4  0 -5 -1 -2 -3  6 -3 1 0 0 1 0.01
 2 -4 -3 -3 -4 -3  0 -5 -5  6  0 -4 -2 -4 -5 -2  1 -5 -4  1 1 0 0 0 0.01
 6 -6 -6 -6  6 -5 -5 -4 -6 -5 -5 -5 -4 -6 -5 -1 -1 -7 -6 -3 1 0 0 0 0.02
-3  3 -3 -4 -4  0 -2 -5 -4 -2  1 -2 -2 -2 -4  1  5  4  2 -2 1 0 0 1 0.02
-3  0 -3 -5 -6 -4 -2  6 -2  0 -3 -1 -5 -4 -5 -2 -3 -6 -3 -2 0 0 1 1 0.03
-4  8 -3 -4 -7  0  0 -6  2 -7 -5 -1 -3 -4 -6 -4 -2 -6  1 -6 0 0 1 1 0.03
-4 -1 -4 -5 -7  1 -4 -5 -3 -7 -7  1 -6 -7  8  2 -4 -7 -6 -6 0 0 1 1 0.04
-4  4 -4 -5 -6 -2 -4  6 -5 -7 -4 -1 -6 -7 -6 -4 -5 -6 -6 -7 0 0 1 1 0.04
-3 -6 -7 -6 -8 -6 -6 -7 -7 -7 -8 -6 -7 -8  9 -5 -5 -9 -8 -4 0 0 1 0 0.04
-4 -7 -7 -7 -4 -6 -7 -4 -7 -1 -3 -6 -3 -5 -7 -5 -3 -7 -5  8 0 1 0 0 0.04
-5 -5 -6 -7 -5 -5 -6 -7  1 -2  5 -6 -1 -2 -6 -5 -4 -2  6  2 0 1 0 0 0.11
-4 -6 -7 -7 -4 -6 -6 -7 -7  6  1 -6 -2 -4 -6 -6 -4 -6 -5  5 0 1 0 0 0.10
-4 -5 -1  7 -7 -1  2 -1 -5 -6 -5 -4  0 -7 -5 -1 -2 -5 -4 -6 0 1 0 0 0.08
-4 -6 -6 -7 -4 -6 -6 -7 -6  6  4 -6 -1  0 -6 -5 -4 -5 -4  2 0 0 1 0 0.07
-2 -6 -6 -6 -4 -6 -5 -6 -6 -7 -7 -5 -7 -8  8 -1  0 -8 -7 -6 0 0 1 0 0.04
 0  2 -3 -4  2 -2 -3 -5 -4 -3 -5  7 -3 -6 -5  0  0 -6 -5 -4 1 0 0 1 0.05
-6 -6  3  8 -6 -4 -3 -5 -4 -7 -8 -5 -7 -8 -6 -3 -4 -8 -7 -7 1 0 0 0 0.06
 0 -5 -6 -6 -2 -5 -5 -6 -5  4  1 -5  5 -3 -5 -4 -3 -5 -4  5 1 0 0 0 0.09
 0 -3 -3 -4 -2  4 -3 -1 -3 -1  0 -3  1  0 -1  0  2 -4 -1  2 1 0 0 0 0.09
 1 -1  2  2 -3  3  0 -1 -2 -1 -1 -1  0  0 -3 -1  0 -4 -1 -1 0 0 1 1 0.11
 4 -1 -1 -1 -3  2  1  0 -2 -1 -1  1 -1 -2  1 -1 -1 -4 -3 -1 0 0 1 1 0.08
-1  0 -1  0 -5  1  3 -4 -1 -2 -2  3  1 -4  3 -1  0 -5 -4 -2 0 0 1 1 0.08
 0 -4 -3 -4  5 -3 -3 -1  1  2 -1 -3  0  1 -4 -2  1 -3  2  3 0 0 1 0 0.07
-1 -2 -1  3 -5 -1  4 -3 -1 -4 -3  1 -4 -4  4 -1  0 -5 -2 -3 0 0 1 1 0.08
 0 -3 -3 -3 -3 -3 -2 -4 -1 -2 -2 -1 -2  4  4 -2  1 -1  4 -2 0 0 1 1 0.09
 0  0 -1  0  0  0  2 -3  0  0 -2  0 -1  0  3  0  0 -4 -2  1 0 0 1 1 0.10
 0 -2 -2 -2 -2 -1 -1  0 -1  2  0 -1  0  0  2  0 -1  3  3  0 0 0 1 1 0.11
-1  1  0  3 -3  0  1 -2  1 -2 -3 -1 -3 -2  3  0 -1 -3  1 -1 0 0 1 1 0.11
-1  0 -1  0 -4 -1  2 -4  0 -1  3  0  0 -1  0 -2 -1 -4  1 -1 0 0 1 1 0.10
-1  1 -3 -4 -5 -3 -1 -4 -3 -3 -2  0 -3 -5  7  1 -1 -6 -4 -3 0 0 1 1 0.09
 0 -1 -2 -2 -3 -2 -1  4 -2 -2  0 -1 -2 -3  1  2  0 -1 -3 -1 0 0 1 1 0.14
-2 -1 -3 -5 -5 -2 -2 -3  0 -2 -1  1 -3  1  2 -3 -2  0  8 -1 0 0 1 1 0.12
-1  2  2 -2 -3  2  0 -3  1 -3 -2  3 -3 -4  4  0 -1 -5 -3 -2 0 0 1 1 0.16
-1 -3  2 -3 -5 -2 -2 -1 -2 -1 -3 -3 -3 -4  6  1 -2 -5 -3  0 0 0 1 1 0.17
-1 -1  3  4 -3 -1  0 -3  0 -3 -3  0 -3 -3  1 -1  3 -5 -2  1 0 0 1 1 0.12
 0  1 -2 -2 -3  0  0 -2 -2  0 -1  1 -1 -2  3 -1  2 -3  1  1 0 0 1 1 0.12
-1  1  0  2 -4  1  3 -2  0 -3 -3  3 -1 -3  0 -1  0 -3 -3 -2 0 0 1 1 0.10
 2 -2 -2 -3 -1 -1 -3  4 -3 -1 -3 -1 -3 -3  4 -1 -1 -5 -2 -2 0 0 1 1 0.09
-2 -2  3  1 -2 -1  2 -4  7 -2  2 -2 -3 -3 -2 -2 -1 -5 -2 -2 0 0 1 1 0.05
 1  0  0  2 -3  1  2 -1 -1 -2 -2  1 -2 -3  2  1 -1 -4 -2 -2 1 0 0 1 0.04
 2  1 -1 -1 -4  0  2  2 -2 -3 -1  2 -1 -3 -2 -1 -2 -2  1 -2 1 0 0 1 0.03
 2 -2 -3  0  3  6  0 -4 -3 -3 -3 -1 -1 -1 -4 -2 -3 -5 -3  1 1 0 0 0 0.02
-1 -5 -6 -6 -4 -6 -6 -6 -6  6  2 -5 -1 -2 -5 -5 -3 -4 -4  4 1 0 0 0 0.01
 0  3  0  3 -4  1  3 -2 -2 -5 -3  3 -3 -5 -4 -1 -1 -4 -4 -3 1 0 0 1 0.01
 1  2 -2 -1 -4  2  3 -3  0 -3 -3  4 -3 -5 -4 -2  0 -5 -4 -1 1 0 0 1 0.01
 6 -4 -5 -5 -3 -4 -5 -3 -5  1 -1 -4 -2 -3 -5 -3 -1 -5 -5  2 1 0 0 0 0.01
 3 -1 -4 -5 -1 -3 -2 -3 -4  1  3 -3  1 -3 -4 -2 -1 -4 -3  3 1 0 0 0 0.01
 1  2 -1  1 -5  2  4 -3 -1 -5 -4  3 -3 -5 -3  0 -1 -5 -4 -3 1 0 0 1 0.01
 2  0 -4 -5 -3 -2 -2 -4 -4 -1  4 -1  5  0 -5 -3 -2 -2  1 -1 1 0 0 0 0.01
-5 -6 -7 -7 -4 -6 -6 -7 -6  6  4 -6  3 -2 -6 -6 -4 -5 -4  0 1 0 0 0 0.01
 2  1  2 -1 -3  1  1 -2  1 -3  0  1  0 -3 -3  1 -1 -4 -2 -2 1 0 0 1 0.01
 2  1  1  0 -4  2  2 -1  0 -3 -3  3 -3 -4 -3  1 -1 -5 -4 -2 1 0 0 1 0.01
 7 -5 -5 -4 -1 -5 -5 -4 -6 -5 -6 -5 -5 -6 -5  2 -4 -7 -6 -4 0 0 1 0 0.01
-3  3 -2 -3 -5  2  3 -5  0 -5 -5  6 -4 -5 -4 -1 -2 -5 -4 -1 0 0 1 1 0.01
-3  6  2 -4 -3  0 -3 -5 -1 -6 -5  5 -4 -5 -5 -1 -4 -6 -5 -6 0 0 1 0 0.01
-5 -7 -7 -6 -8 -6 -6 -7 -7 -7 -7 -6 -7 -8  9 -5 -6 -9 -8 -3 0 0 1 0 0.01
-1 -6 -6 -6 -4 -5 -6 -6 -6  2  2 -5  2  0 -6 -4 -3 -5  0  6 0 1 0 0 0.01
-4 -6 -7 -7 -4 -6 -6 -7 -6  6  4 -6  2  2 -6 -6 -4 -3 -4  1 0 1 0 0 0.01
-5 -6 -6 -7 -2 -5 -6 -7 -3  1  3 -6  2  2 -6 -5 -5 -3  7  0 0 1 0 0 0.01
 4 -5 -5 -5 -2 -4 -4 -1 -5  1 -1 -4 -2 -2 -4  0  0 -5 -4  4 0 1 0 0 0.01
-4 -6 -4  3 -3 -6 -5  7 -6 -8 -8 -5 -7 -7 -6 -4 -6 -7 -7 -7 0 0 1 0 0.01
 2 -5 -4 -5 -5 -3 -4  6  0 -3 -5 -5 -5 -1 -1 -3 -4 -6 -3  1 0 0 1 0 0.01
-4 -5 -4 -5  5 -5  2  7 -6 -6 -3 -1 -6 -7 -6 -4 -5 -6 -7 -6 0 0 1 0 0.01
 3 -5 -5 -6  0 -5 -5 -5 -6  2  0 -5 -1 -3 -5 -3 -2 -6 -4  6 1 0 0 0 0.01
-2  1 -1 -3 -3 -2 -3 -2  2  5  0 -3 -1 -3 -5  0 -2 -5 -3  3 1 0 0 0 0.01
 0  5  1 -4 -3 -1 -3 -3  1  1  1  0  1 -3 -4  0 -1 -1 -1 -1 1 0 0 0 0.01
 3 -4 -3 -4 -3 -4 -4  1  4 -5 -5 -4 -4  2 -4  4 -3 -4  2 -4 0 0 1 0 0.01
-2  1  3  2 -5  0  1  4  1 -6 -6  1 -5 -4 -4 -2 -3 -6 -4 -5 0 0 1 1 0.01
 6 -5 -5 -5  2 -5 -5 -2 -5 -2  0 -4 -2 -5 -4 -1 -2 -6 -5  1 1 0 0 0 0.01
 1 -1 -1 -1  0  1  1 -2  3 -3 -1  0 -2 -4 -3  3  0 -3 -2 -1 1 0 0 0 0.01
 1  0 -1  3 -5  2  4 -1 -1 -5 -5  2 -4 -5  1 -1 -3 -5 -4 -4 1 0 0 1 0.01
 1 -2 -3 -1 -6  2  6 -4 -2 -4 -1  0 -3 -5 -2 -2 -3 -6 -2 -2 1 0 0 0 0.01
-3 -5 -6 -7 -4 -5 -6 -7 -6  1  5 -6 -1  2 -6 -5 -1 -5 -4  3 1 0 0 0 0.01
 0  4 -1 -3 -2  0 -2 -4  2  0  0  2  0 -2 -4 -1  1 -3 -1  0 1 0 0 1 0.01
 1  1 -1  1 -5  3  4 -3 -1 -4 -4  2 -4 -5 -4 -2 -1 -1 -4 -3 1 0 0 1 0.01
-5 -6 -7 -7 -5 -6 -7 -7 -6  0  5 -6 -1  6 -7 -6 -5  1 -2 -3 1 0 0 0 0.01
 5 -5 -4 -5 -3 -3 -4 -4 -4  1 -1 -4 -1 -4 -4 -1 -2 -6 -5  4 1 0 0 0 0.01
-1  2 -1  3 -6  1  5 -4  1 -4 -5  0 -5 -5 -4 -2 -1 -6 -4 -5 1 0 0 1 0.01
 0  2 -2 -3 -3  1  0 -3  0 -1  1  4  0 -2 -4 -2  0 -4 -2 -1 1 0 0 1 0.01
 0 -4 -2 -4  0 -2 -4 -3 -1  0  2 -4  0  0 -4  1  5 -3  0  0 1 0 0 0 0.01
-2  0  3  1 -4  3 -1  5  0 -6 -5  0 -2 -6 -3 -1 -4 -6 -4 -5 0 0 1 1 0.01
 1 -5 -5 -6 -2 -5 -5 -5 -3  5  2 -5  1  3 -5 -3 -3 -4  3  0 0 0 1 0 0.01
-3 -7 -7 -6 -8 -4 -6 -6 -7 -8 -8 -6 -7 -6  9 -6 -6 -9 -8 -7 0 0 1 0 0.01
 0 -5 -5 -6  1 -5 -5 -6  0  2 -1 -5 -1 -2 -5 -2  0 -6 -1  6 0 1 0 0 0.01
 2 -5 -4 -5  1 -4 -4 -4 -5  0 -3 -4 -2  2 -5 -1  4 -5 -3  4 0 1 0 0 0.02
-1 -4  2 -1  0 -2 -2 -4  0 -3 -3 -4  0 -5 -3  2  5 -2 -4  2 0 1 0 0 0.03
-2 -5 -4 -5 -5 -5 -5 -5 -6 -5 -2 -5  2 -6 -5  1  7 -7 -6 -4 0 0 1 0 0.04
-5 -6 -4 -7 -5 -5 -6 -7 -6  0  6 -6  1  1  3 -3 -4 -5 -4 -2 0 0 1 0 0.04
-5 -4 -5 -7 -6 -2 -6 -7 -1 -3  2 -1 10 -4 -4 -2 -3 -2 -5 -3 0 0 1 1 0.05
 2 -6 -5 -5 -4 -6 -6  7 -6 -7 -7 -5 -6 -7 -5 -3 -5 -7 -7 -7 0 0 1 0 0.06
-4  2 -4 -5 -5 -2 -4 -6 -5  1  4  5  0 -4 -5 -4 -4 -6 -5 -3 0 0 1 1 0.06
-3 -6 -4 -4 -5 -6 -6  7 -6 -8 -8 -5 -7 -7 -6  1 -3 -7 -7 -7 0 0 1 0 0.08
 5 -4 -4 -4  2 -4 -4  1 -5 -1  0 -4 -2 -4 -4  1 -1 -5 -4  1 0 0 1 0 0.12
-4 -6 -6 -6 -5 -5 -6 -6 -4  3  1 -6  1  6 -5 -5 -4 -3  3  2 0 0 1 0 0.07
-1 -4  1  3 -6 -5 -3 -4 -4 -7 -7 -4 -6 -7  7  0 -3 -8 -6 -6 0 0 1 1 0.07
 2 -3 -2  2 -3 -1  5  2 -1 -4 -5 -2 -4 -4 -2  0 -1 -5 -1 -3 0 0 1 1 0.05
 0 -2  2  3 -3  1  0 -1  1 -4 -3 -1 -3 -5 -3  3  3 -5 -3 -3 0 0 1 1 0.04
-5 -3  0  4 -4 -3 -2 -3 10 -7 -4 -4 -6 -5 -4 -1 -3 -7 -2 -7 0 0 1 0 0.03
-2  0 -4  0 -4 -2  1 -5 -2 -6 -6  1 -6 -6  7 -2 -3 -7 -5 -4 0 0 1 1 0.03
-2  1  2 -3 -1  4 -3 -3  2 -3  4 -1  0 -2 -1 -3 -3 -4 -1 -2 0 0 1 0 0.02
-1 -5  0 -5  1 -4 -4 -5  3 -4 -1 -5 -2  6 -4  2 -4  4  5 -3 0 0 1 0 0.02
-2 -4 -5 -6 -3 -5 -5  1 -5  3  4 -5  2 -2 -5 -4  0 -5 -2  1 0 0 1 0 0.02
-4 -6 -4 -5 -6 -6 -6  8 -6 -7 -7 -5 -7 -7 -6 -4 -6 -6 -7 -7 0 0 1 0 0.02
-4 -4 -3 -6 -5 -4 -5 -6 -3 -1 -1 -4  9 -4 -6 -3  2 -5 -5  2 0 0 1 0 0.02
-1 -1 -1 -1 -1 -1 -1  0  0 -1 -1 -1  1  1 -1 -1 -1  1  6 -1 0 1 0 0 0.02
 1 -4 -3 -4 -4 -3 -1 -4 -4  1  4 -4  0 -3  2 -3 -2  3 -3  2 0 0 1 0 0.02
-4 -7 -5 -6 -7 -6 -7  8 -7 -8 -8 -6 -7 -8 -7 -5 -6 -7 -8 -8 0 0 1 0 0.01
 1 -6 -3 -1 -5 -5 -4 -5 -5 -3 -2 -4 10 -5 -6 -3  0 -6 -5 -2 0 0 1 0 0.01
 0 -3 -3 -6 -7 -4 -5 -1 10 -5 -1 -5  1 -4 -6 -5 -5 -2 -3 -1 0 0 1 0 0.01
-3 -6 -4 -5 -3 -5 -6  7 -6 -7 -7 -5 -6 -7 -6  3 -4 -7 -7 -7 0 0 1 0 0.01
-1  1  1  0 -2 -1 -1 -4  0 -4 -3 -2 -3 -4 -3  2  6 -3 -4 -3 0 0 1 0 0.01
 1  0 -4 -2 -5 -2 -1 -4 -2 -2 -3  2 -3  0  3 -2 -3 -2  6  1 1 0 0 1 0.01
 3 -3 -3  0 -2 -1  3 -1  0 -4 -4 -3 -4  0 -1 -1  0  1  4 -2 1 0 0 0 0.01
 5 -5 -5 -5  2 -4 -4 -3 -5 -1 -2 -4 -4 -5 -3  1 -2 -6 -5  3 1 0 0 0 0.01
-2  2  7 -3 -6 -2 -4 -3 -3 -5 -6  1 -5 -6 -5 -1 -1 -7 -5  0 1 0 0 1 0.01
-1  0 -1 -1 -4  1  2 -2  0 -2  0  1  5  1 -4 -2 -1 -2  2 -2 1 0 0 1 0.01
 5  0 -4 -5 -1 -1 -3 -1 -3  0 -1 -3 -2 -4 -4 -1 -1 -5  0 -2 1 0 0 0 0.01
-3 -6 -6 -6 -4 -5 -6 -6 -6  3  1 -5  6 -3 -6 -5 -1 -6 -4  5 1 0 0 0 0.01
-2 -2  1  0 -2  4  4 -3  5 -5 -4 -2 -2 -5 -3  1  1 -5 -1 -5 1 0 0 1 0.01
-2  0  3  2 -5  1  4 -1  3 -5 -5  1 -4 -5 -4  2 -2 -5 -2 -5 1 0 0 1 0.01
 4 -5 -5 -5  8 -5 -5 -4 -5 -5 -5 -5 -5 -6 -5  4 -1 -6 -6 -4 0 0 1 0 0.01
-6 -6 -3  9 -8 -5 -2 -6 -6 -8 -8 -5 -8 -8 -6 -5 -6 -9 -8 -8 0 0 1 0 0.01
-1 -6 -6 -7  5 -5 -6 -3 -6 -2  5 -6 -1 -2 -6 -5 -3 -5 -3  2 0 1 0 0 0.01
-4 -6 -6 -7 -4 -5 -6 -7 -6  5  5 -6  2 -2 -6 -5 -4 -5  0  2 0 1 0 0 0.02
-5 -6 -7 -7 -4 -6 -6 -7 -6  6  3 -6 -1  1 -6 -6 -4 -5 -4  2 0 1 0 0 0.02
 4 -4  1 -4  3 -3 -4  0 -4 -3 -1 -3  0  0 -4  2  0 -5 -4  0 0 1 0 0 0.03
 0 -6 -6 -6 -3 -5 -6 -6 -6  5  3 -5 -1 -1 -6 -5 -3 -5 -4  5 0 1 0 0 0.03
-4 -7 -5 -6 -7 -6 -7  8 -7 -8 -8 -6 -7 -8 -7 -5 -6 -7 -8 -8 0 1 0 0 0.03
 5 -5 -5 -5  1 -4 -3 -3 -5 -3 -3 -4  1 -5  0  0  0 -6 -5  2 0 0 1 0 0.04
-5  8 -5 -6 -7 -2 -4 -6 -5  2  0 -1 -2 -2 -6 -5 -5  1 -5 -4 0 0 1 0 0.04
-6 -6 -7 -7 -6 -5 -7 -7 -5 -2  1 -1  3  9 -7 -6 -6 -1 -1 -3 0 0 1 0 0.06
-3 -5  1  7 -4 -4 -3 -3 -4 -6 -7 -4 -6 -7 -5  4  1 -7 -6 -4 0 0 1 0 0.06
-6 -6 -3  9 -8 -5 -3 -6 -6 -8 -8 -5 -8 -8 -6 -5 -6 -9 -8 -8 0 0 1 1 0.09
-5  7 -5 -6 -7 -3 -4 -6 -4 -2 -4 -2 -1  3 -6 -4  1 -5  0 -5 0 0 1 0 0.08
-2 -5  4 -3 -4 -3 -5 -5 -5  2 -1 -5 -3 -4 -5 -1  0 -6 -5  6 0 0 1 1 0.07
-2 -5 -4 -5 -5 -5 -5 -6 -6  0 -1 -5 -2  0 -5  0  7 -6 -5 -1 0 0 1 0 0.06
 1 -6  1 -5 -4 -5 -5  7 -5 -6 -6 -5 -3 -6 -5  0 -2 -6 -5 -2 0 0 1 0 0.06
-2  2  3  0 -5 -1 -2  2 -2 -2 -3  4 -3 -4 -4  0 -2 -4 -4 -1 0 0 1 1 0.06
-1 -3 -3 -5 -4 -4 -4 -4 -4  1  3 -4 -1  4  1 -1 -1 -3  2  1 0 0 1 0 0.06
 1 -2  1  4 -4 -1  1 -2 -2 -5 -5  1 -4 -5 -3  4  2 -6 -5 -4 0 0 1 1 0.04
 1  0 -1 -2 -3  1  1 -1  2 -3 -2  2 -3 -2 -3  1  1 -3  3 -3 0 0 1 1 0.03
-4  0 -1 -5 -6 -2 -4 -4  1 -3 -1 -1 -3  8 -6 -1 -5 -3  2 -4 0 0 1 1 0.02
 5 -5 -4 -5  4 -4 -4 -3 -5  1  0 -4 -2 -1 -3 -1 -1 -5  1 -2 0 0 1 0 0.02
-3 -2 -2  2 -3 -1 -2 -2 -3 -5 -6  3 -4 -7  7  0 -1 -7 -6 -4 0 0 1 1 0.01
-3  1  4  1 -4  2  0 -1  4 -4 -2  2 -3 -3  1 -2  0 -5 -1 -3 0 0 1 1 0.01
 6  1 -3 -2 -4 -2  0 -3 -4 -4 -2  0 -1 -5 -4  0 -3 -6 -5 -4 0 0 1 1 0.01
-3  2  3 -2 -5  1 -2 -4 -1 -5 -5  6 -4 -5 -5 -2  0 -5 -2 -4 0 1 0 1 0.01
-1 -4 -5 -5  0 -4 -5 -5 -5  5 -1  0 -1 -2 -5 -2  1 -5 -4  4 0 1 0 0 0.01
-2 -7 -7 -7 -5 -6 -7 -7 -7  7  0 -6  0 -4 -6 -6 -4 -6 -5  3 0 1 0 0 0.01
-6 -4 -2  1 -7  1  1 -6 10 -2 -4 -4 -4 -5 -6 -4 -5 -6  0 -7 0 1 0 0 0.01
 2 -6 -4 -6 -3 -5 -6 -6 -6  6  0 -5 -1  3 -5 -4 -4 -5 -3  3 0 1 0 0 0.01
-4 -5  0  7 -7  0  0 -3  5 -7 -4 -4 -6 -4 -5 -3 -3 -7 -5 -7 0 1 0 0 0.01
-3 -4 -4 -2 -5 -5 -4 -5 -6  7 -2 -4 -3 -4  1  2 -3 -6 -5  2 0 0 1 0 0.01
-5 -1 -1  8 -7 -3  0 -3 -2 -7 -7 -4 -7 -3 -6 -4 -2 -8 -2 -7 0 0 1 1 0.01
 0  1 -5 -4 -3 -1 -2 -5  2 -5 -5 -1 -5 -4  7 -2 -2 -6  1 -5 1 0 0 0 0.01
 5 -4 -4 -5  0 -4 -4 -4 -5 -1 -2 -3 -2 -5 -4  2  1 -6 -3  3 1 0 0 1 0.01
-2  0 -2 -2 -3  0  5 -5 -4 -5 -5  2 -4 -6 -4  3  0 -6 -5 -2 1 0 0 1 0.01
-4 -7 -7 -7 -5 -6 -7 -7 -7  7  0 -6  1 -1 -6 -6 -4 -6 -5  3 0 0 1 0 0.01
-2  2  3  0 -5 -2 -3  4 -1 -5 -6  0 -4 -6 -5  3 -3 -6 -5 -5 0 0 1 1 0.01
-5 -1 -1 -2 -7  0 -3 -1  2 -6 -6  7 -5 -4 -5 -3 -4 -6  3 -5 0 0 1 1 0.01
-1  0  6 -3 -4 -2 -3 -3  4  1 -2 -2 -3 -5 -1  0  0 -6 -4 -1 0 0 1 1 0.01
-2  3 -4 -4 -4 -2 -1 -5 -2  3 -2 -1 -1 -1 -5 -2  1 -3 -2  4 0 0 1 0 0.01
-1  2  0 -1 -4  0  0 -3  2 -2 -2  2 -1  3  1 -1 -1 -2  4 -2 0 0 1 1 0.01
 3 -3 -2 -3 -3 -3 -2 -1 -2 -1 -3 -4 -3 -4  4 -1  1 -5 -4  3 0 0 1 0 0.01
-2 -3  1  6  1  0  0  1  4 -6 -6 -3 -5 -6 -1 -2 -3 -1 -3 -6 0 0 1 1 0.01
-2 -5 -6 -6 -2 -5 -5 -6 -2  5  1 -5 -1 -2 -6 -4 -3 -5 -1  6 0 0 1 0 0.01
 0  0 -2 -4 -4  1 -3  0 -1 -5 -2 -3 -5 -1  7 -1 -3 -2 -2 -3 0 0 1 0 0.01
-4 -6 -6 -7 -3 -5 -6 -7 -6  6  2 -6  6 -2 -4 -6 -4 -6 -4  2 1 0 0 0 0.01
 0  0 -2 -3 -2 -1 -3 -2 -2  1 -1  2 -2 -4 -3 -3 -2 -3 -4  5 1 0 0 0 0.01
 0 -6 -4  3 -6 -5 -2  6 -5 -7 -6 -4 -6 -1 -5 -3 -4 -6 -5 -6 1 0 0 0 0.01
-1 -5 -1  7 -4 -3 -2 -5 -4 -4 -1 -4 -4  2 -2 -2 -4 -6 -4  1 1 0 0 0 0.01
 2 -5 -5 -6  3 -5 -5 -5 -5  2  4 -5  1 -2 -5 -3 -3 -5 -4  4 1 0 0 0 0.01
 0  4  0  1 -5  2  0 -1 -1 -5 -4  5 -4 -5 -3 -1 -1 -5 -4 -4 1 0 0 1 0.01
 2  0  0  0 -3  1  2  0  1 -2 -2  2 -2 -4 -2  0  0 -2 -2 -1 1 0 0 1 0.01
-1 -5 -6 -6 -3 -5 -5 -6 -6  2  4 -5  1 -2 -5 -3 -2 -5 -4  5 1 0 0 0 0.01
-1 -4 -2 -5 -4 -4 -4 -5 -1  2  5 -4  0 -3 -5 -2  0 -5 -4  0 1 0 0 0 0.01
 1  1  0  1 -4  2  3 -1 -2 -4 -4  2 -3 -5  1  0  0 -5 -4 -3 1 0 0 1 0.01
 0  3 -2  1 -4  2  2 -2  0 -2 -1  2 -1 -4 -3 -1 -1 -4 -3 -2 1 0 0 1 0.02
-2 -4 -5 -5 -3 -5 -5 -6 -5  3  5 -4  5 -1 -4 -4 -3 -3 -4  1 1 0 0 0 0.02
 0 -1  1  1 -1  0  0  0 -1  0  0  1 -1 -3  2  0  0 -3 -3  0 0 0 1 1 0.02
 1  1 -1  0 -4  2  2 -2  2 -4 -3  2 -2 -4  3 -1 -1  2 -3 -3 1 0 0 1 0.02
 2  1  1 -2 -1  1  1 -1 -1 -1  0  1  0 -2 -1  1 -1 -1 -2 -1 1 0 0 1 0.03
 0 -1  1  3 -2  0  1 -2 -2 -1  0  0 -2 -2 -1 -1 -1  5 -1  0 1 0 0 1 0.04
 0  3 -1 -1 -3  1  0 -3  2 -1  1  2 -1 -2 -1 -1  0  3 -1 -1 1 0 0 1 0.04
 2  0  0  0 -1  0  1 -1  0 -1 -2  0 -2 -3  1  1  2 -2 -2 -1 1 0 0 1 0.04
 1 -1 -1  1 -2  1  1 -1  0 -1 -1  0 -1 -1  1  0  1  1  0 -1 1 0 0 1 0.04
-2  1 -2 -1 -4  0  1 -4  0 -1  0  0 -2 -2 -1 -2 -2  9 -1 -2 0 0 1 1 0.03
-1  0  2  0 -4  0 -1  0  1 -2 -1 -1 -1 -2  1 -2 -2  8 -2 -1 0 0 1 1 0.03
 0  2 -1  0 -4  2  1 -2  0 -1 -2  3 -2 -2  1  0 -1  0  2 -2 1 0 0 1 0.03
-1  1 -2 -1 -5  4  2 -3  1 -2 -2  1 -2 -3  0 -2 -1  6  0 -2 0 0 1 1 0.02
-2  3 -2 -3 -1  0 -2 -4 -1  2 -2  2 -2 -3  3 -1 -2  6 -3  0 1 0 0 1 0.02
 0  1  1  1 -3  2  2 -3  2  0 -2  1 -1 -1 -1 -1 -1  0 -1  0 1 0 0 1 0.02
 1  1 -1  0 -2  1  2 -2 -1 -2 -2  1 -2 -1  1  0  1 -3 -1 -2 1 0 0 1 0.02
-2 -2 -2 -4 -2 -1 -1 -5  4 -1 -1 -2 -2  2 -2 -3 -2  8  5  0 1 0 0 0 0.02
-2  2 -3 -3 -1 -1 -1 -4 -3 -1 -3  1 -2 -6  7 -2 -2 -2 -5 -2 1 0 0 1 0.03
 0  0 -2 -2 -3 -1  1 -2 -1 -1  3  1  0  0 -1 -1 -1  0 -1 -1 1 0 0 1 0.03
 0  2  0  0 -2  0  0  2  0 -2 -2  1 -2 -2  0  1  1  1 -1 -1 1 0 0 1 0.04
-2 -2 -2 -3 -3 -2 -1 -5  0  0  0 -1  1  2 -1 -3 -1  4  7  0 1 0 0 0 0.04
-1  1  0  2 -4  1  1 -2 -1 -3 -3  2 -2 -4  4 -1  0 -4 -3 -2 0 0 1 1 0.05
 1  0  0  1 -2  1  1 -1  2 -2 -1  1 -2  0  2  0  0 -3  0 -1 0 0 1 1 0.07
-2  0  1  4 -3  0  2 -1 -1 -4 -3  1 -4 -5  2  2  0 -3 -2 -4 0 0 1 1 0.07
 0 -1  1  3 -1 -1  1  2 -1 -3 -4  0 -2 -4  0  2  0 -2 -1 -3 0 0 1 1 0.08
 0 -2  1  3 -4  2  3  1  0 -3 -4  0 -3 -4 -1  0  0 -5 -3 -2 0 0 1 1 0.07
 0  0 -2 -1 -1 -1  0 -1 -1  0 -1  1  0 -2  3  0  0 -2 -1  1 0 0 1 1 0.06
-3 -2 -3 -3 -4 -4 -3 -5 -4  6  3 -3  0 -2 -4 -3 -3 -5 -4  1 0 0 1 0 0.05
 0  0  0 -1 -4 -1  0 -2  0 -3 -2  4  1 -3 -3  1  3 -4  1 -3 0 0 1 1 0.04
-1 -4 -4 -5 -5  2 -4 -3  2 -4 -6 -3 -4 -7  8 -2 -3 -7 -5 -4 1 0 0 1 0.03
 0 -2 -3 -3 -4  7  1 -4 -1 -2  0 -1  0 -5  1 -2 -2 -3 -3 -4 1 0 0 1 0.03
-1  2 -2  1 -4  1  1 -2  1 -3 -2  0 -2  2 -4 -1  0  6  4 -3 1 0 0 0 0.03
 0 -5 -3 -5 -4 -1 -4 -4 -4  2  1 -4  1  2 -4 -3 -2 -5 -3  5 1 0 0 0 0.02
 0 -5 -1 -5 -3 -2 -2 -4 -4  5  1 -4  1  0 -3 -4 -3  6 -1  2 1 0 0 0 0.02
-1  1 -2 -1 -3  3  4 -3  0 -4 -3  1 -2 -4  1 -1 -1  2  0 -1 1 0 0 1 0.02
 1  3 -2 -3 -1  2  1 -3  0 -2  0  2  1 -1 -3 -1  1 -4 -2 -1 1 0 0 0 0.02
-3 -5 -6 -6 -4 -5 -6 -6 -6  5  4 -5  0  1 -6 -5 -3  2 -2  3 1 0 0 0 0.02
-1  0  2 -1 -2  1 -1  2  3 -4 -4 -1 -2 -1 -4  2 -2  2  4 -4 1 0 0 0 0.01
 0  1 -1  2 -4  2  4 -2  3 -4 -4  1 -3 -4 -3 -1 -2 -4 -3 -4 1 0 0 1 0.02
-1 -1 -3 -4 -2 -1 -3 -4 -2  2  3 -1  2  2 -3 -3 -1  3  0  1 1 0 0 0 0.02
-1 -2 -1 -2  0  0 -2 -2 -2  0  2 -2  1  1 -2  0  3  0  0  0 1 0 0 0 0.02
-1  4  1 -1 -2  0  0 -2  1 -2 -2  4 -2 -2 -1 -1 -1 -2 -2 -2 1 0 0 1 0.02
 1 -1 -1 -1 -1  0  0  2  1 -1  0 -1  1  1  1  0 -1  0 -1  0 0 0 1 1 0.02
 1 -1 -1 -1 -1 -1 -1  1 -1  0  1  0  0  0 -1  0  2 -1 -1  0 0 0 1 0 0.02
 0  0  1  3 -3  2  1  2  0 -3 -3  1 -2 -3  1  0 -1 -3 -2 -2 0 0 1 1 0.02
-1  0  0  2 -3 -1  2  3 -2 -3 -3  0 -1 -3  2 -1 -2 -3 -3 -3 0 0 1 1 0.02
-3 -1  3  5 -5 -1  3 -1 -2 -5 -5  1 -4 -5  0 -1 -3 -5 -4 -4 0 0 1 1 0.02
 5 -4 -3  2 -1 -3 -3 -2 -4 -3 -2 -3  2 -2 -2  0  2 -4 -2 -2 0 1 0 0 0.02
-1 -4 -5 -6 -4 -5 -5 -6 -4  6 -1 -5  0  1 -2 -4 -2 -3  3  3 0 1 0 0 0.02
-4 -6 -6 -6 -2 -6 -6 -7 -5  5  0 -6 -1  0 -6 -5 -4 -1  2  5 0 1 0 0 0.02
 2 -5 -4 -5  1 -4 -4 -5 -5  3 -1 -4 -3 -4 -4  0  4 -5 -4  3 0 1 0 0 0.02
 3 -5 -4 -5  0 -4 -4 -4 -5 -5 -5 -4 -5 -6 -4  3  6 -6 -5 -3 0 1 0 0 0.03
-5 -5 -3  7 -7 -3  5  1 -5 -7 -7 -4 -6 -7 -5 -4 -5 -7 -6 -7 0 0 1 0 0.03
-3 -6 -6 -6 -5 -1 -6 -7 -6  0 -3 -5  0 -5 -3 -4  3 -7 -5  7 0 0 1 0 0.03
-4 -7 -5 -6 -7 -6 -7  8 -7 -8 -8 -6 -7 -8 -7 -5 -6 -7 -8 -8 0 0 1 0 0.03
-5 -4 -3  3 -5  8 -2 -6 -3 -7 -6 -3 -5 -7 -6 -4  3 -7 -6 -5 0 0 1 0 0.04
 0 -5  2 -4  3 -4 -4 -5 10 -7 -7 -5 -6 -6 -4  2 -5 -7 -3 -6 1 0 0 0 0.05
-1 -3  0 -5 -2  8 -2 -5 -4 -3  0 -3 -4 -1 -6 -3 -5  3 -4 -6 1 0 0 0 0.07
-6 -6 -7 -8 -3 -6 -7 -7 -6 -1 -3 -6 10  6 -7 -6 -6 -5 -4 -4 1 0 0 0 0.07
-2 -7 -1 -7 -7 -6 -7  3 -6 -6 -6 -7 -4  2 -7 -5 -1 11 -2 -5 1 0 0 0 0.13
 6 -5 -5 -5  2 -4 -3 -3 -5  2 -3 -4 -1 -5 -4  0  1 -6 -5  0 1 0 0 0 0.12
 6 -5 -1 -5 -2  0 -4 -3 -4 -2 -3 -4  1 -5 -3  0 -3  4 -5 -2 1 0 0 0 0.07
-3 -1 -3  1 -7  8  1 -5  2 -5 -2  0 -2 -6 -5 -3 -1 -6 -5 -6 1 0 0 0 0.08
-4 -5 -4 -6 -5 -5 -5 -6  4  0  1 -5 -1  6 -5 -4  0 -1  6 -3 0 0 1 0 0.07
-4 -1 -5 -3 -1 -4 -3 -5 -2  1  0  0  0  4  1 -3 -3  0  7 -2 0 0 1 0 0.08
-3 -2  1  0 -7 -2 -3  0  0 -7 -6  0 -6 -7  7 -3 -4 -7 -6 -6 0 0 1 1 0.06
-1  6  3 -3  3 -2 -2 -3  1 -4 -4 -1 -4  0 -5 -2  1 -5 -2 -1 0 0 1 0 0.07
-1  3  0 -2 -3  2 -1  1  1 -4 -5 -1 -4 -5 -3  2  4 -5 -3 -4 0 0 1 0 0.07
-3 -6 -5 -7 -4 -5 -6 -4  0 -1  1 -6 -2  6 -7 -6 -5 10  3 -1 0 1 0 0 0.06
-3 -6 -6 -6 -3 -5 -2 -7 -6  6  3 -5  2 -3 -6 -5 -4 -5 -4  2 0 1 0 0 0.07
 0 -4  4 -3 -4 -4 -4 -1 -4 -4 -5 -4 -4 -1 -4  4  5 -6 -5 -3 0 0 1 0 0.07
-3 -4 -4 -4 -5  5 -4 -5 -5 -7 -7 -4 -5 -7  1  6 -3 -7 -6 -6 0 0 1 0 0.07
 1 -5 -4 -5 -2 -5 -5  6 -5 -3 -5 -5  1 -6 -1 -1 -3 -6 -6  1 0 0 1 0 0.06
-3 -6 -4 -5 -6 -1 -6  6 -5 -5  1 -5 -5 -1 -6 -4 -5 -5  2 -5 0 0 1 0 0.11
-1 -6 -7 -7 -5 -4 -6 -7 -5 -3  5 -6 -1 -2 -7 -5 -5  7  4 -3 0 0 1 0 0.11
 0 -6 -5 -5 -3 -6 -6  7 -6 -7 -5 -6 -4 -7 -6 -3 -3 -7 -7 -7 0 0 1 0 0.10
-2 -5 -4 -5 -3 -5 -5 -3 -6 -5 -6 -5 -5 -6 -5  4  7 -7 -6 -4 0 0 1 0 0.19
-6 -6 -7 -8 -6 -5 -7 -8 -7  4 -2 -6 10 -5 -7 -6 -5 -6 -6 -3 0 0 1 0 0.19
-4 -7 -5 -6 -7 -6 -7  8 -7 -8 -8 -6 -7 -8 -7 -5 -6 -7 -8 -8 0 0 1 0 0.21
-6 -6 -7 -8 -7 -6 -7 -7 -4 -5 -4 -7 -4  7 -8 -6 -6  4  7 -2 0 0 1 0 0.19
 1 -5 -4 -4 -1 -5 -5  6 -5 -6 -6 -5 -6 -6 -5  2  1 -6 -6 -6 0 0 1 0 0.19
-4 -5 -6 -6 -4 -5 -6 -5 -5  1  4 -5  1  3 -6 -5 -1 -4 -2  4 1 0 0 0 0.19
-4 -7 -6 -6 -7 -6 -6  3 -7 -7 -8 -6 -7 -8  8 -5 -6 -8 -7 -7 1 0 0 0 0.18
 7 -6 -6 -6 -2 -5 -5 -3 -6 -6 -5 -5 -5 -5 -5 -1 -4 -6  0 -4 1 0 0 0 0.11
 6 -5 -5 -5  4 -5 -5  0 -5 -5 -3 -4 -4 -6 -5 -1  1 -6 -5 -3 1 0 0 0 0.09
-4 -5 -5 -6 -2  0 -5 -6 -4  5  3 -5  6 -2 -6 -5 -4 -5 -1  1 1 0 0 0 0.08
-3 -7 -5 -6 -7 -6 -7  8 -6 -8 -8 -6 -7 -8 -7 -5 -6 -7 -8 -8 1 0 0 0 0.06
 6 -5 -5 -6 -1 -5 -5 -4 -5 -1 -3 -5 -4 -5 -5 -2 -2 -6  0  2 1 0 0 0 0.05
 2 -1 -4 -4 -3  6 -2 -2 -3 -6 -5  5 -4 -6 -4 -2 -3 -4 -4 -3 1 0 0 0 0.04
 0 -3 -4 -4  0 -1 -3 -5 -4  2  3 -3  4  2 -5 -3 -2 -3 -2  3 1 0 0 0 0.03
 6 -5 -3 -5 -5 -5 -5  3 -5 -5 -5 -4 -4 -6 -5 -2 -3 -6 -4 -3 0 0 1 0 0.02
 2  2  2  0  3 -1 -1 -3  3 -3 -1  0 -1  1 -3 -1 -1 -2 -1 -1 0 0 1 1 0.02
-3 -1 -4 -5 -4 -2 -4 -2 -4 -7 -5  1 -5 -7  8 -3 -2 -7 -7 -6 0 0 1 1 0.01
-4 -3  2  6 -6  0  3  0 -2 -6 -6  0 -6 -7 -4 -2 -3 -7 -5 -5 0 0 1 1 0.01
 1  5 -2  0 -4  0  1 -4 -2 -5 -2  4 -2 -5 -4  0 -2 -5 -4 -4 0 0 1 1 0.01
-3  5 -2  0 -4  1  1 -5 -2 -2  0  0 -1 -4  1 -2  2 -5 -4 -1 0 0 1 1 0.01
-3 -6 -2 -6 -2 -6 -6 -7 -7  0 -2 -6 -2 -5  0 -3  0 -7 -5  7 0 1 0 0 0.01
-2 -6 -6 -7 -1 -6 -6 -6 -6  6  0 -6 -2  1 -6 -5 -4  6 -3  4 0 1 0 0 0.01
 2 -4  1  1  7 -4 -4 -4 -2 -1  3 -4 -2 -4 -5 -1 -2 -5 -4  1 0 1 0 0 0.01
-4 -6 -6 -6  1 -6 -6 -6 -6  6  1 -6 -1  5 -6 -5 -4 -3 -3  3 0 1 0 0 0.01
 2 -4 -2  1  0 -4 -3 -3 -4  2 -3 -4 -3 -4 -4  1  3 -5 -4  3 0 1 0 0 0.01
-4 -7 -5 -6 -7 -6 -7  8 -7 -8 -8 -6 -7 -8 -7 -5 -6 -7 -8 -8 0 0 1 0 0.01
-6 -6 -3  8 -8 -4  2 -6 -5 -8 -8 -5 -7 -8 -6 -5 -5 -9 -8 -8 0 0 1 0 0.01
 1 -6 -5 -5 -6 -6 -6  7 -6 -8 -8 -6 -7 -7 -6 -3 -5 -7 -7 -7 0 0 1 0 0.01
 2 -5 -4 -4  5 -4 -4  2 -5 -6 -6 -4 -5 -6 -5  6 -3 -6 -6 -5 1 0 0 0 0.01
-3 -7 -7 -7 -6 -7 -7 -7 -6  4  0 -7 -1  8 -7 -6 -5 -3 -1 -1 1 0 0 0 0.02
-5  0 -5 -5 -7  8 -3 -5 -3 -6  0 -2  3 -5 -6 -5 -5 -6 -5 -5 1 0 0 0 0.03
-6 -6 -7 -8 -6 -5 -7 -8 -6 -3  2 -6 10 -4 -7 -6 -5 -6 -6  0 1 0 0 0 0.04
-4 -5  6 -4  3 -4 -5 -5 -4 -5 -5 -4 -3 -6 -5 -1  6 -7 -6 -4 0 0 1 0 0.04
 1 -4  2 -4  3 -3 -4  0 -4  4  0 -4  3 -3 -5 -1 -2 -5 -4  2 1 0 0 0 0.04
-4 -3  1 -5 -5  9 -2 -5 -2 -7 -4 -3  0 -5 -5 -4 -4  3 -6 -7 1 0 0 1 0.05
-5 -5 -5  0 -8 -3  8 -7 -5 -8 -8 -4 -7 -8 -6 -5 -5 -8 -7 -7 1 0 0 0 0.03
-5 -6 -7 -7 -4 -6 -6 -7 -6  2  6 -6  3 -1 -6 -6 -4 -5 -4  1 1 0 0 0 0.02
 4 -4 -3 -4 -2 -3 -3  2 -4 -3 -5 -4  0 -5 -4  4 -1 -6 -3 -2 1 0 0 0 0.02
-3 -5  0 -5 -4 -5 -5 -6 -6 -2 -4 -5 -3 -6 -5 -1  8 -7 -6 -1 1 0 0 0 0.02
 3 -5 -6 -6  7 -5 -5 -5 -6  3  1 -5  5 -4 -5 -4 -4 -5 -5  0 1 0 0 0 0.01
 2  0 -2 -4  0 -2 -3 -3 -3  2  1  1  0 -1 -3 -1  0 -4 -2  3 1 0 0 0 0.01
-2  5 -2 -2 -3  5  1 -4  0  0 -3  0 -2 -5 -5 -2 -4 -5 -4 -2 1 0 0 1 0.01
-3 -3  2 -2  1  0  1 -5  4 -4 -1 -2 -3  0 -5 -2 -3  4  7 -5 0 0 1 1 0.01
-3  1  4  2 -6  1  0  4  1 -6 -6  2 -4 -6 -4 -2 -3 -6 -5 -6 0 0 1 1 0.01
-2 -5 -5 -6 -1  0 -5 -6 -5  4  5 -4  0 -1 -6 -5 -1  2 -3  0 0 0 1 0 0.01
-3 -1  3  1 -6 -4 -4 -3 -3 -6 -7  2 -6 -7  7 -3 -2 -7 -6 -6 0 0 1 1 0.01
-3 -6 -5 -6 -4 -5 -5 -6 -6  4 -1 -5 -2 -3  4 -3 -1 -6 -5  5 0 1 0 0 0.01
-4 -2 -2 -5 -6 -3 -4 -6 -4  4 -3  6 -3 -5 -5 -4 -2 -6  1  1 0 1 0 0 0.01
-3 -6 -3 -6 -4 -2 -3 -7 -5  6  0 -5 -1 -3 -6 -4 -1 -6 -4  4 0 1 0 0 0.01
 1 -5 -6 -6  1 -5 -5 -5 -5  3  1 -5 -1  5 -5 -4 -4 -4 -1  3 0 1 0 0 0.01
-3 -5  0 -6  0 -5 -6 -6 -6  5  3 -5 -1 -3 -6 -3 -3 -5 -4  4 0 1 0 0 0.01
-4 -6 -6 -7 -4 -6 -6 -7 -6  5  5 -6  2  2 -5 -6 -4 -5 -3  1 0 1 0 0 0.01
-6 -4  9  1  2 -4 -4 -5 -2 -8 -8 -5 -7 -6 -6 -4 -4 -8 -3 -7 0 1 0 0 0.01
-6 -5  9 -3 -8 -5 -5 -5 -4 -8 -8 -5 -7 -8 -7 -4 -5 -9 -7 -8 0 0 1 0 0.01
-1  2  1  2 -1  2  0  3  3 -5 -4 -1 -3 -3 -4  1 -2 -5 -3 -5 0 0 1 1 0.01
 0 -1  0 -4 -1 -3 -4  3 -2 -3 -4 -3 -3  2 -5  1 -1  3  5  0 0 0 1 0 0.01
-5 -5 -6 -7 -5 -1 -6 -7 -3 -2  5 -6  3 -1 -6 -6 -5  3  6 -3 0 0 1 0 0.02
-4 -6 -4 -5 -6 -5 -1  7 -6 -7 -6 -5 -6 -7 -6 -4  4 -6 -7 -6 0 1 0 0 0.02
-5 -6 -5 -8 -6 -5 -7 -7 -6  4 -1 -6 10 -4 -7 -6 -1 -6 -5  0 0 1 0 0 0.03
-4 -5 -6 -4 -5 -4  4 -7 -6 -1 -1 -5 -3 -5 -5 -5 -4 -7 -5  7 0 1 0 0 0.05
-4  8 -4 -6 -7 -3 -4 -5  0 -7 -6  1 -5 -7 -6 -4 -5 -7 -2 -2 0 1 0 0 0.04
-1 -3 -4 -4 -2  8  0 -6 -2 -5 -1 -3 -2 -1 -3 -4 -2 -6 -1 -1 0 1 0 0 0.06
-7 -7 -8 -8 -7 -4 -7 -7 -7  4 -1 -7 -1  1 -8 -7 -6 12 -3 -4 0 0 1 0 0.07
-5 -4 -4 -5 -7  8 -2 -6  7 -7 -7 -3 -5 -7 -6 -5 -5 -6 -5 -7 0 0 1 0 0.09
-2  0 -1  0 -4  2  4  2  2 -4 -3  1 -3 -4  1 -1  0 -3 -3 -3 0 0 1 1 0.15
-2  3  0  4 -5  1  4 -3  2 -4 -3 -1 -1 -4 -4  0 -2 -5 -1 -5 0 0 1 1 0.15
 0  0  0 -2 -2  1  1  1  2 -4 -2  0 -1  0 -4  1 -1 -3  4 -3 0 0 1 1 0.25
 1  4 -1 -3 -2 -2 -1 -2  0 -3 -4 -2 -4 -1  2  3 -1 -5  1 -2 0 0 1 1 0.17
-2 -5 -1 -6 -4 -2 -3 -2  1 -5 -5 -5 -1  3 -6 -1 -2 -2  9 -4 0 0 1 0 0.18
-2 -4  6 -1 -1 -3 -3 -3 -1 -4 -5 -3  2 -5 -4  4  3 -6 -3 -2 0 0 1 1 0.16
-2  0  1  5 -2  1  3 -3  1 -4 -3 -2 -3 -4 -2 -1 -2 -6 -2 -1 0 0 1 1 0.13
-2 -2 -3 -3 -1 -3 -3 -3 -2  4  3 -3  1 -1 -4 -1  2 -3 -2  1 0 0 1 0 0.13
 0 -1  0  3 -4  3  0  0  1 -3 -2  1 -3 -3  0  1  0 -4  0 -2 0 0 1 1 0.07
-1 -1  4  0 -3  1  0 -2  1 -2  0 -1  2 -3  2  0  0 -4 -3 -1 0 0 1 1 0.07
-6 -6 -7 -7 -7 -5 -6 -7 -4 -5 -6 -6 -3 -5  7 -6 -2  9 -5 -1 1 0 0 0 0.05
-5 -1  3  7 -7 -2 -2 -3 -1 -7 -7  0 -7 -7 -5 -3 -5 -8 -7 -7 0 0 1 1 0.04
-6 -7 -2 -7 -7 -7 -7 -7  1 -3 -3 -7 -4  8 -8 -6 -6  2  5 -5 1 0 0 0 0.05
 1 -4 -3 -3 -1 -2 -2 -4  2  1  0 -1  0 -4 -3 -2  0 -5 -4  5 1 0 0 0 0.03
 0  1 -2  0 -5  1  0 -1 -3 -4 -2  6 -1 -6 -4 -2 -1 -6 -5 -5 1 0 0 1 0.03
-5 -6 -7 -7 -5 -6 -6 -7 -6  2  6 -6  2 -2 -6 -6 -4 -4 -3  1 1 0 0 0 0.03
 6 -5 -5 -5 -4 -4 -5 -3 -5 -3 -1 -4 -3 -4  2 -1 -3 -6 -5  1 1 0 0 0 0.05
-1  0  0  2 -6  1  6 -3 -1 -6 -6  0 -4 -6  0 -1 -2 -6 -5 -4 1 0 0 1 0.04
 6 -5 -4 -4 -3 -4 -4  0 -5 -3 -2 -4 -4 -4 -4  2 -1 -6 -5  1 0 0 1 0 0.03
-6 -6 -6 -7 -3 -5 -6 -7 -2  0  1 -6  3  6 -7 -6 -5 -2  7 -4 0 0 1 0 0.02
-3 -4  1 -2 -6 -5 -4  7 -2 -8 -8 -5 -7 -6 -6 -3 -5 -7 -5 -7 0 0 1 1 0.02
 3 -4 -3 -5  4 -4 -3  2  4  3 -2 -4 -1 -2 -2 -2 -3  1 -3  1 0 0 1 0 0.02
 0  0 -1  0 -3  0  2 -2 -1 -1 -1  3 -2 -3  1 -1  0 -4 -3  2 0 1 0 1 0.02
 2 -5 -2 -2 -3 -5 -5  6 -3 -6 -7 -3 -6 -6 -5  0  0 -6 -5 -6 0 1 0 0 0.02
-1 -1 -4 -4  1 -1 -1 -5  0  3  2 -2  3  3 -4 -3 -2  0  3  1 0 1 0 0 0.01
-3  7 -2 -2 -5  1 -1 -5 -1 -5 -3  2 -3 -6 -5 -2  0 -6 -4 -2 0 1 0 1 0.01
 1 -6 -6 -6  4 -6 -6 -6 -6  5 -1 -6 -2 -3 -6 -5 -3 -6 -5  6 0 1 0 0 0.01
-1  1 -1  1 -5  0  3 -3 -1 -4 -5  1 -4 -2 -4  2  4 -4 -3 -3 0 0 1 1 0.01
-2  2  1  1  0 -1  0 -4  0 -5 -5  3 -4 -5 -4  0  5 -6 -3 -4 0 0 1 1 0.01
-1  3 -2 -2 -5  0  3 -4 -2 -3 -3  3 -2 -4  5 -2  0 -5 -4 -1 1 0 0 1 0.01
 1 -3 -1  3 -4 -1  4  2 -1 -3 -5  0 -4 -6 -4  1 -2 -4 -5 -5 1 0 0 1 0.01
-4 -4 -2  4 -6  3  6 -4 -3 -6 -6 -2 -5 -7 -5 -3 -2 -7 -6 -6 1 0 0 1 0.01
-1 -5 -6 -6 -4 -5 -5 -6 -6  1  5 -5  0  2 -4 -5 -4  2 -3  4 1 0 0 0 0.01
 0  1  0  4 -5  1  4 -3 -1 -3 -3  1 -3 -5 -2 -1 -1 -5 -4 -1 1 0 0 1 0.01
 2 -1 -1  2 -4  1  3  0 -3 -4 -4  2 -3 -5  2  0 -2 -5 -4 -4 1 0 0 1 0.01
 5 -3 -4 -3 -3 -2 -3 -2 -5 -1  0 -1 -2 -4 -4 -2  1 -5 -5  2 1 0 0 0 0.02
-4 -5 -6 -6 -3 -3 -5 -7 -6  4  5 -5  2  3 -6 -5 -2  0 -3  0 1 0 0 0 0.02
 1  2  0  3 -5  2  3 -4 -1 -3 -3  3 -3 -5 -2 -1 -1 -5 -4 -4 1 0 0 1 0.02
 0  1 -1 -1 -5  3  4 -4 -1 -4 -4  3 -2 -4 -3 -1  0 -1 -3 -4 1 0 0 1 0.01
 6 -4 -5 -2 -1 -3 -1 -2 -5 -2 -2 -3  4 -3 -4 -1 -2 -4 -4 -2 1 0 0 0 0.01
-2  0 -2 -4 -4 -2 -3 -5 -2  2  3 -2  2  5 -5 -3 -1 -3 -1  0 1 0 0 0 0.01
 4 -1  2  0 -2  0  2 -1 -2 -3 -3  1 -3 -3 -3  1 -1 -5 -4 -3 1 0 0 1 0.01
 0 -1  1  0 -2  0  0 -3  3  1 -1  0  1 -2 -3  2  1 -2  0 -1 1 0 0 1 0.01
 0  1  4  2 -1  0  0 -3 -1 -4 -4  3 -3 -5  2 -1 -1 -5 -3 -4 0 0 1 1 0.01
-3 -3  1  5 -4 -2  0  4 -2 -5 -5  0 -4 -5 -3  0 -2 -5 -5 -5 0 0 1 1 0.01
-1  4 -2 -2  2  1  0 -1  0 -3 -3  2 -2 -3  3  0 -1 -4 -3 -2 0 0 1 1 0.01
-3 -5 -5 -5 -3 -5 -5 -5 -5  1  2 -5  0  2  6 -4 -1 -2  1  0 0 0 1 0 0.01
 0  1 -4 -4  4  1 -4 -4 -3  0 -1 -3 -1 -3 -4 -1 -1 -4 -2  5 0 1 0 0 0.01
-4 -6 -6 -7 -5 -6 -6 -7 -6  1  4 -6  3  5 -6 -5 -4 -4 -2  3 0 1 0 0 0.01
-4 -5 -6 -6 -4 -5 -6 -6 -6  6  2 -5  3 -1 -6 -5 -4 -5 -4  4 0 1 0 0 0.01
-5 -5  0  6 -6 -3  5 -6  0 -7 -7 -4 -6 -4 -5 -4 -5  3 -3 -6 0 1 0 0 0.01
-1 -6 -6 -6  5 -5 -6 -6 -6  2  0 -5 -1  5  1 -5 -4 -4 -2  5 0 1 0 0 0.01
-2  2 -3 -4 -1  0 -2 -5  3  3  0 -1  5 -1 -4 -3 -1  1  0  2 0 1 0 0 0.02
-3 -5 -6 -6 -3 -5 -6 -6 -6  4  2 -5  3 -4 -6 -5 -1 -6 -4  6 0 1 0 0 0.04
 0 -2 -2  5 -5 -2  1 -1  3 -5 -6 -3 -5 -5  5  0 -2 -6 -5 -5 0 0 1 1 0.05
 0  5 -3 -4 -3  1  0 -4 -3 -5 -4  3 -4 -6  4 -1 -3 -2 -5 -2 0 0 1 1 0.08
-2 -4 -1  5 -5 -2  1  3 -2 -4 -2 -2  4 -2 -4 -1  0 -5 -2 -4 0 0 1 1 0.08
 3 -3 -2  6 -4 -3  1 -3 -4 -4 -4  0 -4 -4 -4 -2 -3 -5 -4  0 0 0 1 1 0.09
 3 -1 -1 -3  3  0 -2 -1 -2  0  0 -1  3 -3 -1  1 -1 -4 -3 -1 0 0 1 0 0.07
-2 -3  4 -1 -2 -2 -2 -3 -1 -1 -1 -3 -3 -3  5  2  1 -4  0  0 0 0 1 0 0.11
 1  0  0  4 -4  0  3 -3  1 -3 -4 -1 -4 -3  2  0 -1  2 -1 -4 1 0 0 1 0.14
 1 -2  3  0 -3  1  2 -1 -2 -3 -1 -1  2 -3  1  0  2 -4 -3 -2 1 0 0 1 0.19
-3 -5 -5 -6 -4 -4 -5 -6 -5  1  4 -5  7 -2 -5 -1 -3 -4 -4  2 1 0 0 0 0.26
 0  1 -3 -2 -3  0 -1 -3 -2  2  0  2  1  0 -3 -1 -1  1 -1  2 1 0 0 1 0.26
 0  3 -1 -2 -4 -1  2  0 -2 -3 -2  2  0 -4  3 -1 -1 -4 -3 -3 1 0 0 1 0.28
 0 -3 -3 -4 -3  2 -3 -4 -3  0  3 -3  4  2 -2 -2  1 -1 -1  0 1 0 0 0 0.25
 3 -3 -3 -3 -3 -3 -3  3 -4 -1  1 -3 -1 -3 -2 -1  0 -4 -3  3 1 0 0 0 0.40
 0  0 -1 -1 -4  3  4 -3 -1 -4 -4  3 -3 -5  2 -2  0 -5 -4 -4 1 0 0 1 0.48
 2  0 -2 -3 -3 -1 -2  3 -3 -1  0 -2 -2 -2 -1  1  0  5 -2 -2 1 0 0 1 0.62
 0 -2  1 -2 -1 -1 -2  3 -1  0  0 -1  1 -1 -3  0  1 -3 -2  0 1 0 0 0 0.73
 2  1 -1  1 -1  1  1 -1  0 -4 -4  3 -3 -4 -3  2 -2 -4 -3 -3 1 0 0 1 0.79
 0  4 -2 -2 -4  1  2  1 -1 -4 -4  3 -2 -4 -2  0 -1 -4 -3 -3 1 0 0 1 0.82
-2  1 -1 -4 -1 -1 -3 -4 -3  3  2 -2  3 -1 -2 -2  2 -3 -2  2 1 0 0 0 0.80
-1 -1  6 -1 -1  1 -2 -3  3 -1 -4 -2  1 -4 -3  3  0 -5 -3 -3 1 0 0 1 0.87
 5 -3 -2 -3  0 -1 -2  0 -3 -3 -1 -2 -1 -4 -1  2 -1 -4 -2 -1 1 0 0 1 0.91
 5 -2 -3 -3  1 -1 -1 -1 -3 -3 -2 -2 -2 -4 -1  1  0 -4 -3 -2 0 0 1 1 0.91
 1  3  4 -2 -3 -1 -2 -2 -2 -3 -3  0 -1 -4  5 -1 -1 -4 -3 -2 0 0 1 1 0.92
-1  2  2  1 -3 -1  0  4 -2 -4 -3  1 -1 -4  0  0 -1 -4 -3 -3 0 0 1 1 0.93
-2  4 -1  0 -4  2  4 -3 -1 -4 -3  2 -2 -4 -2 -1 -1 -3 -2 -3 0 0 1 1 0.95
