-4 -5 -6 -7 -5 -4 -6 -6 -5 -2 -1 -5 11 -3 -6 -5 -4 -5 -4 -1 0 0 1 1 0.74
 1  1  4 -1 -4  0  0 -3 -2 -5 -5  3 -4 -5 -3  3 -2 -5 -4 -4 0 0 1 1 0.39
-6  5 -4 -8 -1 -3 -6 -8 -6 -5 -3 -2 10 -3 -7 -6 -3 -7 -6 -5 0 0 1 0 0.15
-5 -3 -6 -3 -6 -2  3 -7 -6  6 -2 -2  2 -5 -2 -5  1 -6 -5 -1 0 0 1 1 0.05
-5 -6 -6 -6 -6 -5 -5 -6 -6  5 -1 -5 -4 -5  7 -3 -2 -6 -6 -2 0 0 1 0 0.02
-7  1 -4 -7 -9 -3 -4 -8 -7 -9 -6  8 -2 -9 -7 -6 -7 -9 -8 -8 0 0 1 0 0.01
-9 -9 -10 -10 -9 -10 -10 -10 -7 -4 -3 -10  0  9 -10 -9 -9 -6  4 -5 0 1 0 0 0.01
-9  9 -8 -9 -11 -3 -7 -10 -7 -6 -9  1 -9 -10 -9 -8 -8 -10 -9 -10 0 1 0 0 0.01
 6 -7 -7 -8 -6 -7 -3  1 -8  1 -6 -7 -3 -2 -7 -4 -5 -3 -7  4 0 1 0 0 0.01
-8 -2 -9 -9 -1 -8 -9 -9 -8 -4 -5 -3 -7  3 -9 -8 -8 12  3 -4 0 1 0 0 0.01
-4 -3  2  7 -1 -5 -4 -4  1 -2 -3 -4 -6 -2 -3  0 -5 -6  0 -1 0 1 0 0 0.01
-3 -1  0 -3 -5 -1  1 -2 -3  0 -2  6 -4 -5 -2 -2  0 -5 -1 -1 0 0 1 1 0.02
-2  1  0  2 -5  0  3 -3  0 -1 -1  3 -2 -3 -1 -2 -1 -5  1  0 0 0 1 1 0.03
-1  0  2  0 -2  0  2  0  0 -1 -1  1 -2 -3 -4  0  2 -5  0 -3 0 0 1 1 0.05
-4  1  4  0 -3  0  2  0  1 -6 -4  6 -2 -6 -4 -3 -4 -6 -4 -6 0 0 1 1 0.08
-3  3 -1  0  1  0  3 -4 -1  0 -4  4 -2 -4 -5 -1 -1  0 -5 -1 0 1 0 1 0.06
-6 -6 -6 -6 -6 -6 -6 -4 -3  2 -2 -3 10  2 -6 -6 -4  4  3 -2 0 1 0 0 0.06
-3  1 -3 -3  0 -3 -2 -2  2  2  1 -2  1  1 -5 -1 -3  5  4  1 0 1 0 0 0.06
-3 -2  0  2 -2  1  1 -1  0 -2 -3  1 -4  0  0  0 -2  0  6 -4 0 1 0 1 0.06
-4 -2  2  1 -4 -2 -1  1 -1  1 -2 -3  0 -3  0  0 -2  4 -2  4 0 1 0 1 0.08
-1 -1 -1  1 -2  0  2 -1  1  0 -1  0 -1  0 -2  0  0 -1 -1  1 0 1 0 0 0.09
 0  0  1  1 -1  1  2  1 -1 -2 -1 -1 -2 -1 -1  0  0 -3  2 -1 0 1 0 0 0.13
-3 -1 -1  0 -1 -3 -1 -2 -2  4  1 -2  3  1  0 -1 -1  1 -3  0 0 1 0 0 0.13
 0 -1  1  2  1  0  1  0  3  0  0 -1 -1 -1 -2  0  0 -1  0  0 0 1 0 0 0.15
-2 -4 -1 -3  0 -2 -2 -2 -2  2  0 -2 -1  6 -3 -2 -3  2  3 -1 0 1 0 0 0.13
-1 -2  2  4 -1 -1  1 -1  0  0 -1  0 -1  0 -2 -1  0  4 -1 -1 0 0 1 1 0.13
-1 -1  0  3 -1 -1  2  0  0 -1 -2  1 -3  1 -1  0  0  0  1 -1 0 0 1 1 0.13
-1  0  2  2 -3 -1  1  1  0 -2 -3  2 -3  0 -1  1  0 -1  1 -1 0 0 1 1 0.14
-1  0  2  0 -2 -1  1  2 -2  0 -1  1 -2 -1 -2  0  0 -2  1 -1 0 0 1 1 0.18
 0 -1  1 -1 -1  0  0  1 -2  0  0  1 -1 -1 -1  0 -1  1  0  0 0 0 1 1 0.16
 0  0  0  0 -1  0  0 -1 -1  0  0  1  0  1 -1  0  0  2  0  1 0 1 0 0 0.17
-1 -1  0 -1  1 -1 -1 -2 -1  3  0 -1  2  0 -1  0 -1  2  0  1 0 1 0 0 0.17
 0 -1 -1 -1  0  0  0  0 -1  0  1  0  1  0 -1  1  0 -2  0  0 0 1 0 0 0.18
 0 -1  0 -1  2 -1 -1  0  0  1  0 -1  0  0  1  0  0 -2  0  0 0 1 0 0 0.21
-1 -1 -1  0  0  0 -1 -1 -1  2  1 -1  0  0 -1 -1 -1  0  1  1 0 1 0 0 0.28
 0  0  1  0 -1  1  0  0  1  0 -1  1  0 -1  0  0  0 -2  0  1 0 1 0 0 0.31
-2 -2  3  4 -1  0  1 -2  1 -1 -2  0  0 -1 -2 -1 -1  0  1  0 0 1 0 1 0.31
-1 -1  0  0  0 -1  0  0 -1 -1  0  0 -1  2 -2  0 -1  3  3 -1 0 1 0 0 0.26
-1 -1  1  2  0  1  2 -1  1  0 -1  0 -2 -1  0  0 -1  1 -1  0 0 1 0 1 0.23
-1  0  0  0 -2 -1  0  0 -1  1  0  0  0  1  1  1 -1 -1  1  0 0 1 0 0 0.23
-1  0  3  1 -1  0  1  0  0 -1 -1  1 -2 -1 -1  0  0  3 -1 -2 0 1 0 1 0.23
-1 -1 -1  1  1 -1  1  3 -1 -1 -2  0 -2  1 -2 -1  0 -1  1  0 0 0 1 1 0.25
-1 -1  0  1 -1  0  0  0  1  0  0  0  1 -1 -1  0  0  0  0  0 0 0 1 1 0.23
-1  0 -1  0 -2 -2  1  0  0  0 -1  0  0 -1  2 -1  1  5 -1 -1 0 0 1 1 0.22
-1  0  0  1 -1 -2  0  2 -1  0 -2  0  0  0 -1  0  0  2  1 -1 0 0 1 1 0.24
 0 -1  0  1  1  0  0 -1  1  0 -1 -1  1  0 -1  0  0  1  2  0 0 0 1 1 0.26
-1 -1  0  0  0  0  0  0  0  1  0  0  0  0 -1 -1  0 -2  2  1 0 0 1 0 0.27
-1  1  0  2 -1  0  3 -2  1 -1 -1  1  0  1 -1  0 -1 -1 -1  0 0 1 0 1 0.29
 0 -1  0  0  1 -1  0 -1  0  2  1 -1  0  1 -1  0  0 -2  1  1 0 1 0 0 0.28
-1 -1  1  1 -1 -1  1  1 -1  0 -1  0 -2  1  1 -1  0 -1  2 -1 0 1 0 1 0.24
 0 -1  0  1  2 -1  0 -1  0  0  0  0 -1  0 -1  0  0  2  1  0 0 1 0 0 0.20
-1  0  1  1 -2 -1  1  2 -1 -1 -1  1 -2 -2 -1  0  0 -1 -1  0 0 1 0 1 0.19
-1 -1  0  2 -2  0  1  0  1 -1 -1  0 -1  1  0  1  0  0  0  0 0 1 0 1 0.17
 0 -1 -1 -1  1 -1  0 -1  0  0  0  0 -1  1  0  0 -1  1  3 -1 0 1 0 1 0.15
-1 -1  2  4 -2 -1  0  0  0  0 -1  0  0 -1 -1 -1 -1 -1  0  0 0 1 0 0 0.14
-1  0  1  2  1  0  1  0 -1  0 -1  0  0  0  0  0  1 -1  0 -1 0 1 0 0 0.13
-1 -1  0  0 -2 -1  0 -1  0  1  0  0  0  0  0  0  0  2  2  0 1 0 0 1 0.11
-1 -1  1  0 -1 -1  0  0  0  0  0  0 -1  1 -1 -1  0  3  1  0 1 0 0 1 0.10
 0  0  1  0  0 -1  0  1  0  0 -1  0 -1  0  0  0  1  1  0  0 1 0 0 1 0.09
-1  0 -1 -1 -1 -1  0 -1  1  1  0  0 -1  2 -1  0 -1  3  3  0 0 0 1 1 0.07
-1  0  1  3  0  0  1 -1  1 -2 -1  1 -1 -1  1  0  0 -1 -1 -1 0 0 1 1 0.05
-1 -1  0  1 -1  0  1 -1 -1  0  0 -1  0  1 -1  0 -1  1 -1  1 0 0 1 1 0.03
-1  1  0  3 -1  0  1 -1 -1  0 -1  1 -1  0 -1  0 -1 -1  1 -1 0 0 1 0 0.02
-1 -1  2  4 -2  0  2 -1 -1 -1 -3  1 -1 -2  2 -1 -2 -2  0 -3 0 0 1 0 0.01
 0 -1 -2 -1  1 -1  1 -2 -2  1  0 -1  1  1 -2  0 -1  1  2  1 0 1 0 0 0.01
-1 -2 -1 -2 -2 -1  3 -3 -1  2 -1  0 -2 -3  1 -1  2 -2 -2  2 0 1 0 1 0.01
-3 -4 -5 -5 -2 -4 -4 -5 -4  2  4 -4  0  1 -2 -3 -2  1  0  3 0 1 0 0 0.01
-2 -1 -3 -3  1 -2  0  2 -4 -1  2 -3  8 -3 -5 -2 -2 -4 -4 -2 0 1 0 0 0.01
-4 -1 -3 -3 -6  8  0 -5 -3 -4 -2 -1 -2 -4 -4 -3 -4  6  1 -4 0 1 0 0 0.01
-3 -4 -1 -4 -1 -4 -4  0 -1 -4 -4 -4 -3  4 -3  3 -3  3  7 -3 0 1 0 0 0.01
-2 -4 -3 -1 -4 -3 -4 -4 -4  1 -2 -3 -3 -4 -4  0  7 -5 -4 -2 0 1 0 0 0.01
-2 -3 -1 -3 -2 -1 -2  7 -4 -6 -6 -4 -5 -6 -5 -3 -3 -5 -6 -6 0 1 0 1 0.01
-2 -1 -4 -4 -3  0 -3 -5 -2  2  4 -1  2  1 -4 -3 -2 -3  0  1 0 1 0 0 0.01
-2  1 -1 -2 -2 -1  0 -4  1 -3 -3  6 -1  0 -3 -2  0 -2  0 -3 0 1 0 1 0.01
-5 -5  0  8 -6 -3  0 -4 -4 -6 -6 -4 -6 -6 -5 -2 -2 -7 -6 -6 0 0 1 0 0.01
 0  1 -1 -2  0 -1  1 -4  0  0 -2  5  0 -3 -3 -1 -1 -5 -4  0 0 0 1 1 0.01
-2  0  7  1 -5 -2 -1 -2  1 -4 -3  1 -3 -5 -4 -1 -1  1 -1 -5 0 0 1 1 0.01
-2 -2  0  1 -5 -2  0  6 -4 -6 -5 -1 -5 -6 -4 -2 -3 -5 -3 -4 0 0 1 1 0.01
-2  2  1 -1 -4  0  0 -4  1 -1 -3  4 -2 -3 -3 -2  2 -5 -3  2 0 0 1 1 0.01
-1 -1 -1  1 -5  0  5 -3 -2 -4 -3  3  0 -2 -2 -1 -1 -4 -2 -4 0 1 0 1 0.01
-2 -5 -5 -5 -3 -5 -5 -3 -5  7  0 -5 -1 -1 -5 -2 -2 -5 -1  2 0 1 0 0 0.01
-2 -5 -5 -6  2 -4 -5 -5  1 -3 -3 -5 -3  6 -6 -4 -4  5  8 -4 0 1 0 0 0.01
-1 -2  0  3 -5  1  6 -3  0 -2 -3  0 -3 -5 -2 -2 -2 -5 -4 -3 0 0 1 0 0.01
-1  0  1 -1 -4 -2 -1  6  0 -5 -5  0 -4 -4 -4 -1 -3  0 -2 -4 0 0 1 0 0.01
-3 -4  1  7 -6 -3 -1 -1  0 -5 -6 -3 -5 -5 -4 -1 -3 -6 -1 -5 0 1 0 0 0.01
-2 -3 -2 -1 -3 -4 -4 -4 -4  6  1 -4  0 -1 -5 -4 -2 -4  1  2 0 1 0 0 0.01
-1 -2 -4 -3  0 -3 -4 -3 -4  3  2 -2  0  0 -4 -3 -1 -3 -2  4 0 1 0 0 0.01
-2  1 -2 -1 -4  2  2 -4  1  0  0  3  0 -1 -3 -1 -2  2  0 -1 0 1 0 0 0.01
-1 -1  0  0 -1  0 -1 -1  2  1 -1  1  0  1 -2 -1 -1  2  2  1 0 1 0 1 0.02
-1  0  1  1 -1 -1  2  0  1 -2 -2  1 -1  0 -1  0  1  0  0 -1 0 0 1 1 0.02
 0  0  0  1 -1  0  0  0  0  0 -1  0 -1  0  0  0  0  1  0  0 0 0 1 1 0.03
-1 -1  1  0  1  0  0  0  0  0 -1  0  1  1  1  0  0  0  1 -1 0 0 1 1 0.05
-2  0  2  2 -1 -1  2  0 -2  0 -2  1 -2  1 -2 -1 -1  3  1 -2 0 0 1 1 0.06
-2  0  0  1 -2 -1  1  0  1  0 -2  1  0  0  2  0 -1 -1  2 -2 0 0 1 1 0.05
-2 -1 -3  1 -2 -2  1  1  1  1 -1  0  0  3 -3 -1 -1  2  4 -1 0 0 1 1 0.05
-1  0  0  1  0  0  1  0  0  0 -2  0  0  1 -1  0  0 -2  1  0 0 0 1 1 0.04
-1 -1  1  0 -1 -2  1  0  2  1 -1  0  0 -1  0 -1  0  0  2  0 0 0 1 1 0.04
-3  2  2  2 -1 -1  2 -2  0  0  0  2 -2 -2 -3 -1 -2  2 -2  0 0 0 1 1 0.03
-2  1  1  1 -3 -2  2  0  1 -1 -3  1 -4 -3  0  0  0  3  2 -2 0 0 1 1 0.03
-1 -2 -1 -1  1  0  0  0  1  3 -2  0 -3  2 -3  1  0 -2  2  0 0 0 1 1 0.02
-2 -1  0 -2 -1 -2  0 -2  1  3  0  0 -1  1 -1 -1  0 -4  1  2 0 1 0 1 0.01
-2 -4  1 -2  1 -3 -2  3 -1  0 -2  0  0  2 -5 -2 -1  0  4  0 0 1 0 0 0.01
-2 -1 -2  0 -2  1  3 -3 -1  2 -2  2 -2 -3 -3 -3  0  0 -2  3 0 1 0 0 0.01
-3 -4 -5 -3 -2 -7 -1 -2 -1  3 -4 -2 -3  0 -8 -5 -4  3  1  6 0 1 0 0 0.01
-2  0  0  0  2 -2  2 -1 -3  1 -2  3 -2 -1 -5 -2  0 -5  0  2 0 1 0 0 0.01
-5  1 -2 -4  0 -1 -1 -6 -4 -2 -1 -2  2  5 -5 -3 -7  6  6 -1 0 1 0 0 0.01
 0  0  0  2 -1  0  2 -1  2 -1  0  1 -3 -1 -1  0 -3  0  1  0 0 1 0 0 0.01
-3 -1  4  4 -3  1  3 -2  0 -1 -5  2 -3 -4 -7 -2 -2 -1  0 -2 0 0 1 0 0.01
 1 -3  0  0  3 -1 -1  5 -3 -2 -5 -2 -8 -2 -5 -1 -3 -4  1 -4 0 0 1 0 0.01
 1  2 -2 -2  3 -1  1  2 -6  0 -3  1  2 -1 -5  1 -2  0 -2 -1 0 1 0 0 0.01
-1 -9 -4 -5 -1 -5 -3 -3 -2 -1 -2 -7 -1  7 -5 -6 -1  7  4 -3 0 1 0 0 0.01
-1 -1  0  0  4 -1 -2  0 -5 -1 -1  0  1  0 -4 -1 -2  3  4  1 0 1 0 0 0.01
-1 -2 -2 -2 -1 -5 -2 -1 -7  3  0 -1 -3  3 -5 -3 -3  6  3  2 0 1 0 0 0.01
-4  0  1  3 -1 -1  3 -2 -3  0 -3  3 -2 -3 -2  0 -1 -3 -3 -1 0 0 1 0 0.01
-2 -2  1  0  2 -3 -3 -1  0  0  1 -3 -1  3  0 -1  0  6  3 -1 0 0 1 1 0.02
-4 -3  1  1  0 -2  0  1 -4  3  1 -1 -1 -1 -1 -1 -2 -2  1  1 0 0 1 0 0.03
-3 -1  4  3 -2 -2 -1  2  0 -4 -5  2 -5 -1 -1  2 -3 -8 -4 -2 0 0 1 1 0.05
-1  0  1  0  1  0  0  2  1  0  0  0 -2  0 -2 -1  0  1  0  0 0 0 1 0 0.06
-1  0  0  1 -2  0  0  0  0  2 -1  1  0 -1 -2  1  0 -2  0  0 0 0 1 0 0.11
-2  0  0  1 -3 -2  2 -3  1 -1 -1 -3 -1  4 -1 -1 -1  2  4 -2 0 0 1 0 0.10
-1 -1  0  0  3 -1  0  0  0  1  0 -2  1  1  0  0  0 -1  2 -1 0 0 1 0 0.13
-1  0  1  0  0  0  1  0  1  0  1 -1 -2  0 -1  0 -1  1  2 -1 1 0 0 0 0.13
-3  0  1  2  2 -1  0 -1  0 -2  0  0 -2 -2  0  1 -2  3  2 -2 1 0 0 0 0.11
-2  1  2  2 -1 -1  1 -1  2 -2  2 -1 -2  0 -5 -1 -2  1 -2 -2 1 0 0 0 0.10
-2 -2 -1  0  3 -2 -1 -2  0  1  1 -1  0  3 -2 -1 -3  6  1 -1 1 0 0 0 0.09
-1 -2 -1  0  0 -2  0 -1 -1  2  1 -1 -1  2 -3  1 -1 -2  2  0 1 0 0 1 0.10
-3  0  2  1 -1 -2  1 -2  1 -1  0 -3  0  1 -1  0 -1  3  3 -1 0 0 1 1 0.06
-1  2  1  1 -2 -2  1 -1 -1  1 -2  0  0  0 -2  1  0  1  0  0 0 0 1 1 0.05
-1 -3  2  3 -2 -2  4 -1  1 -3 -4  0  0 -3 -2  1 -1 -6  0 -3 0 0 1 1 0.05
-1 -1  2  3  1 -1  3  1 -1 -2 -3 -2 -2 -5 -3  1  1 -6  1 -3 0 0 1 0 0.02
-4 -4  0 -4  5 -6 -6 -3 -2  3  1 -3  2  4 -7 -4 -5  1  4  1 0 1 0 0 0.02
-5 -2 -5 -3 -2 -2  7 -8 -1 -2 -5  1 -8 -5 -8 -2 -1 -3 -2  0 0 1 0 0 0.02
-7 -5 -3 -10 -9 -10 -10 -10 -10  5 -4 -6 -7 -5 -10 -9 -6 -10 -4  7 0 1 0 0 0.02
-3 -10 -2 -5 -5 -7 -10 -7 -10  7  0 -2 -4 -8 -10 -9 -4 -10 -6  4 0 1 0 1 0.02
-6 -6 -9 -10 -11 -11 -6  8 -11 -13 -13 -5 -12 -12 -11 -3 -10 -12 -12 -12 0 1 0 0 0.05
-11 -10  9  0 -12 -9 -9 -10 -9 -13 -13 -9 -11 -12 -11 -3 -3 -13 -11 -12 0 1 0 0 0.13
-6 -4 -11 -11 -9 -5 -5 -11 -11  8 -4 -2  0 -8 -6 -6 -4 -11 -9  4 0 0 1 1 0.09
-11 -10 -6 -11 -5 -4 -6 -12  8 -5 -10 -10 -10  3 -12 -10 -11  2  9 -10 0 0 1 1 0.14
-7 -4 -4  3 -12  2  7 -7 -8 -11 -11 -6 -4 -12 -10 -6 -3 -11 -10 -5 0 0 1 1 0.24
-9 -8  9  0 -10 -4 -8 -9  2 -11 -11 -3 -10 -11 -10 -2 -4 -11 -10 -11 0 0 1 1 0.34
-3 -6 -6 -6 -9 -4 -4 -6 -2 -6 -2  2 -9 -6  8  0 -6 -10 -9 -5 0 0 1 1 0.42
-8 -6 -2  2 -10 -2  7 -3  3 -9 -9 -3 -4 -5 -8 -6 -8 -9 -5 -6 0 0 1 1 0.65
-8 -9 -10 -10 -8 -9 -9 -10 -9 -1  7 -9  0 -3 -5 -9 -6 -3 -8 -6 0 0 1 1 0.66
-7 -6 -11 -11 -9 -9 -10 -11 -3  0  7 -10  1 -5 -10 -7 -6 -1 -5 -3 0 0 1 1 0.49
-8 -5 -3 -4 -11 -1  7 -2 -7 -5 -10  3 -9 -10 -8 -7 -5 -10 -9 -6 0 0 1 1 0.56
 1  0 -3  1 -7 -5  4  3 -6 -4 -5 -4 -6 -7 -5 -1 -5 -7 -4  3 0 0 1 1 0.74
 1 -3  2  2 -5 -2  0  0 -4 -2 -3  3 -3 -5 -3  2  2 -6 -5  1 0 0 1 1 0.84
-6 -5 -3 -4 -9 -3  7 -3 -5 -4 -8  3 -7 -8 -6 -3 -3 -8 -7 -7 0 0 1 1 0.82
 1  0 -1 -2 -3 -2 -2  5 -2 -4 -4  0 -3 -4 -2  1 -1 -3 -3 -3 0 0 1 1 0.77
 1 -1  4  0 -3  0  1 -2  5 -4 -3  1 -2 -3 -2  0 -1 -4 -1 -3 0 0 1 0 0.75
-2 -1  3  4 -4  0  3 -2  4 -4 -4  0 -3 -3 -2  0 -1 -4 -2 -3 0 0 1 1 0.85
-2 -1  0 -2 -2 -1 -1 -3  7  2  0 -2  0 -1 -3 -2 -1 -3  1  0 0 0 1 1 0.88
-2  0  0  0 -4  1  3 -2  7 -4 -3  0 -2 -2 -2 -1 -2 -3  1 -3 0 0 1 1 0.94
-2 -1 -1 -2 -3  0 -1 -3  6 -2 -2 -1 -1  2 -3 -1 -2  1  6 -2 0 0 1 1 0.94
-2  0  1 -1 -3  0  0 -2  7 -3 -3 -1 -2 -1 -2 -1 -2 -2  2 -3 0 0 1 1 0.88
