-1 -1 -2 -3 -1  0 -2 -3 -1  1  2 -1  5  0 -2 -1 -1 -1 -1  1 0 0 1 1 0.81
 0 -1  0 -1 -1 -1 -1 -2 -2 -1 -1 -1 -1 -2 -1  1  4 -2 -2  0 0 0 1 1 0.63
-1  0  0  1 -3  2  5 -2  0 -3 -3  1 -2 -3 -1  0 -1 -3 -2 -2 0 0 1 1 0.54
-1 -2 -3 -3 -1 -2 -3 -3 -3  1  4 -2  2  0 -3 -2 -1 -2 -1  1 0 0 1 0 0.51
-1 -2 -2 -2 -3 -2 -1 -2 -2 -3 -3 -1 -3 -4  8 -1 -1 -4 -3 -3 0 0 1 1 0.44
-2 -2 -2 -3 -2 -1 -2 -3  4  1  3 -2  1  0 -3 -2 -2 -2  0  0 0 0 1 0 0.48
-1 -1  0  3 -3  3  2  2 -1 -3 -3  0 -2 -4  2  0 -1 -3 -2 -3 0 0 1 1 0.36
-1 -2 -2 -2 -2 -2 -2  3  3  1  1 -2  0  3 -3 -2 -2 -1  1 -1 0 0 1 0 0.48
 2 -2  1 -1 -1 -1 -1  1 -2 -1 -2 -1 -1 -2 -1  2  0 -3 -2  1 0 0 1 1 0.31
 2 -1 -1 -1  4  1  2 -1 -1 -2 -2 -1 -1 -1 -1  0 -1 -1  2 -1 0 0 1 1 0.26
 2 -2 -1  2 -2 -1 -1 -1 -1 -2 -2 -1 -2 -1  5  0 -1 -2  2 -2 0 0 1 1 0.21
-2 -2  0  7 -4 -1  2 -2 -2 -4 -4 -1 -4 -4 -2 -1 -2 -5 -4 -4 1 0 0 1 0.18
 0  0  0  3 -3 -1  0 -2 -2 -3 -3  0 -3 -4  5  1  0 -4 -3 -3 1 0 0 1 0.17
 0 -1 -1  2 -3  1  5 -1 -1  0 -2  0 -2 -3 -2 -1 -1 -4 -3 -1 1 0 0 1 0.13
-1 -3 -3 -3 -2 -2 -3 -4 -3  3  3 -3  2  0 -3 -1 -1 -3 -2  2 1 0 0 0 0.10
 1 -2 -2 -1 -2  0  2 -2 -2  0  2 -1  2 -1 -2  0 -1  3 -1  0 1 0 0 1 0.06
 1  3 -1 -1 -2  1  1 -2 -1 -1  0  1  1 -2  1 -1 -1 -3 -2 -1 1 0 0 1 0.05
 0 -3 -3 -4 -1 -3 -3 -3 -3  2  2 -3  1  2 -3 -2 -1 -2 -1  3 1 0 0 0 0.04
 2  1 -2 -2 -1 -1 -1 -2  1  1 -1  0 -1 -2 -2  0  1 -3 -2  1 1 0 0 1 0.03
 2  3 -1  1 -2  1  2 -1 -1 -3 -3  0 -2 -3 -2  0 -1 -3 -2 -2 1 0 0 1 0.03
 1 -1 -1 -1 -2  0  1 -2  2 -1  1  0 -1 -1 -2  1  1  4  0 -1 1 0 0 1 0.03
-2 -3 -3 -3 -2 -3 -3 -3 -2  2  3 -3  1  5 -3 -2 -2 -1  1  0 1 0 0 0 0.03
 0  3  1 -2 -2  0 -1 -2 -1 -1  2  1  0 -1 -2 -1 -1 -2  2 -1 1 0 0 1 0.02
 0  3  0  2 -3  0  2 -2  1 -3 -3  2 -2 -3 -2  1  1 -3 -2 -2 1 0 0 1 0.02
 2 -2 -2 -3 -1  1 -1 -2 -2  0  3 -1  0 -1 -2  0 -1 -3 -2  0 1 0 0 1 0.02
-2 -2  0  6 -4 -1  1 -2 -2 -4 -4 -1 -4 -4  1 -1  1 -5 -4 -3 0 0 1 0 0.03
-2 -3 -3 -2 -4 -2  0 -3 -3 -4 -4 -2 -4 -5  8 -2 -2 -5 -4 -3 0 0 1 1 0.02
-1 -2  0  6 -4  0  2 -2 -2 -3 -3  0 -3 -4 -2 -1  0 -4 -3 -1 0 0 1 1 0.03
-1  0 -1 -2 -3 -2 -2  6 -2 -3 -1 -2 -2 -3 -2 -1 -2 -3 -3 -3 0 0 1 0 0.02
 0  2  0  1 -3  3  3 -2 -1 -3 -3  1 -2 -3 -2  1 -1 -3 -2 -1 1 0 0 1 0.02
-2  5 -1 -2 -3  2 -1 -3 -1 -2 -1  1 -1  1 -3  0 -2 -3 -2 -1 1 0 0 1 0.02
-2 -3 -3 -4 -2 -3 -3 -4 -2  0  2 -3  3  5 -4 -2  0  3  1 -1 1 0 0 0 0.02
 4  0 -2 -2 -2 -1 -2  1 -2  0 -2 -1 -2 -3  1  1 -1 -3 -3 -1 1 0 0 0 0.02
 2  1 -1 -2 -2  1 -1  3 -1 -3 -3  1 -2 -2 -2  1 -1  3  0 -2 1 0 0 1 0.02
 3 -3 -3 -3 -1 -2 -2 -2 -3  1  0 -2  3 -2 -2 -1 -1 -3 -2  4 1 0 0 0 0.02
-2 -3 -4 -4 -2 -3 -3 -4 -3  2  3 -3  2  3 -4 -3 -2 -2  0  2 1 0 0 0 0.02
-2  7 -1 -2 -4  0  1 -3 -1 -4 -3  1 -2 -4 -3  0 -2 -4 -3 -3 1 0 0 0 0.01
 0  1  0  4 -3  2  2 -2  1 -3 -3  1 -2 -4 -2  0 -1 -4 -2 -3 1 0 0 1 0.01
 1 -2 -1 -2  6 -2 -2 -2 -2 -2 -2 -2 -2 -3 -2  3  3 -3 -3 -2 1 0 0 0 0.01
-2 -3 -4 -4 -2 -3 -4 -4 -2  4  2 -3  0  4 -4 -3 -2 -1  2  2 1 0 0 0 0.01
-3 -3  0  7 -4 -1  0 -2 -2 -4 -4 -2 -4  1 -3 -1 -2 -4  0 -4 1 0 0 1 0.01
 0 -1 -1  2 -3  4  2 -2 -1 -2 -1  0  2 -2 -2  0 -1 -2  1 -2 1 0 0 0 0.01
 0 -3 -4 -4 -2 -3 -3 -3 -3  3  3 -3  1 -1 -3 -2 -1 -3 -2  3 1 0 0 0 0.01
-2 -3 -4 -4 -2 -3 -3 -4 -1  3  3 -3  0  1 -4 -3 -2  0  5  0 1 0 0 0 0.01
-3 -2  2  6 -4 -1  0 -2 -2 -3 -2 -2  3 -3 -3 -1 -2 -5 -4 -3 0 0 1 1 0.02
-1 -3 -1 -2 -3 -2 -2  5 -3 -3 -3 -2  1 -3  1  0  1 -3 -3 -3 1 0 0 0 0.02
 0 -1 -1 -1 -3  4  3 -2 -1 -3 -3  0 -2 -3  3 -1 -1 -2  1 -3 1 0 0 1 0.02
-2  5  2 -1 -4  0  0 -3  5 -4 -3  3 -2 -3 -3 -1 -2 -4 -1 -3 1 0 0 1 0.02
-1 -2 -1 -2 -2 -2 -2 -3 -3 -2 -2 -2 -2 -3 -2  0  6 -4 -3 -1 1 0 0 0 0.02
-1 -3 -1 -2 -4 -3 -3  6  2 -5 -5 -2 -4 -4 -3 -1 -3 -3 -3 -4 0 0 1 0 0.02
-3  7 -2 -3 -5  0 -1 -4 -1 -4 -3  1 -3 -4 -3 -2 -2 -4 -3 -4 0 0 1 0 0.02
-3  2 -3 -4 -3 -2 -3 -4 -1 -2 -1 -2 -1  5 -4 -3 -3  6  5 -2 0 0 1 0 0.02
 1  2  1  4  1 -1  0 -2 -2 -2 -1 -1 -2 -3 -2  1 -1 -4 -3 -2 0 0 1 0 0.02
-2 -3 -4 -4 -3 -3 -3 -4 -1  1  1 -3 -1  3  1 -3 -2  8  4  0 1 0 0 0 0.02
-1  2  1  3 -3  1  3 -1 -1 -3 -3  1 -2 -4 -2  1  0 -4 -3 -3 1 0 0 1 0.02
-2  1  0  3 -4  5  2 -3  2 -4 -3  0 -2 -4 -2 -1 -1 -3 -2 -3 1 0 0 1 0.02
-2 -3 -4 -5 -2 -3 -4 -5 -4  1  5 -3  1  0 -4 -3 -2 -3 -2  1 0 0 1 0 0.02
-1  1 -1  1 -3  0  3 -3  3 -2 -1  0  0  1 -2  0  0 -2  2 -2 0 0 1 1 0.02
 0  1 -1 -1 -4  0  1  0 -2 -4 -3  5 -2 -4 -2 -1 -2 -4 -3 -3 1 0 0 1 0.03
-1  2 -1  1 -2 -1 -1 -3 -2 -2 -2 -1 -2 -3 -2  0  6 -4 -3 -1 1 0 0 1 0.03
-2 -1 -1  1 -5  1  6 -3 -1 -4 -4  0 -3 -4 -2 -1 -2 -4 -3 -4 1 0 0 0 0.03
-1  3 -1 -2 -4  0  0 -2 -2 -4 -3  5 -2 -4 -2  1 -1 -4 -3 -3 1 0 0 1 0.03
 2  1 -1 -2 -2 -1 -1 -2 -2 -2 -2 -1 -2 -3 -2  1  5 -3 -2 -1 1 0 0 1 0.03
-2 -2 -1 -3 -3 -1 -2 -3  7 -2  0 -2 -1  0 -3 -2  0 -1  5 -2 1 0 0 0 0.03
 0 -3 -3 -3 -2 -2 -3 -3 -3  3  2 -3  2  2 -3 -2  0 -2  0  2 1 0 0 0 0.03
 1 -3 -1 -2 -3 -2 -3  6 -3 -4 -4 -2 -3 -4 -3  0 -2 -3 -4 -4 1 0 0 1 0.03
 0 -2 -1 -2 -2 -2 -2 -2 -3 -1  0 -2 -1 -3 -2  2  5 -3 -2 -1 1 0 0 0 0.02
-1  2 -2 -2 -2 -1  0 -3 -2  1  3  1  0 -1 -3 -2 -1 -3 -2  0 1 0 0 0 0.01
-1 -3 -4 -4 -2 -3 -3 -4 -4  3  2 -3  1  0 -3 -3 -1 -3 -1  4 1 0 0 0 0.01
-2 -1 -1  0 -5  2  6 -3 -1 -4 -4  0 -3 -4 -2 -1 -2 -4 -3 -4 1 0 0 0 0.01
-2  0 -3 -4 -2  0 -3 -4 -3  5  0 -2  0 -1 -3 -3 -2 -3  1  2 1 0 0 0 0.01
-1 -1  4  0 -3  0  2 -2  2 -1 -2 -1 -2 -3 -2  1 -1  3 -2 -2 1 0 0 0 0.01
-1 -3 -4 -4 -2 -3 -3  0 -3  2  4 -3  1 -1 -3 -3 -2 -3 -2  1 1 0 0 0 0.01
-2  5 -1 -2  2  4  0 -3  1 -3 -1  1 -1 -3 -3 -1  0 -3 -2 -2 1 0 0 0 0.01
 2  5  1  1 -3  0 -1 -2  1 -3 -3  1 -2 -3 -2 -1 -1 -4 -2 -3 1 0 0 1 0.01
 1 -1  2  0 -3  0  4 -2 -1 -2  0  0  0 -3 -2  0 -1 -3 -2 -2 1 0 0 1 0.01
-3 -3 -4 -5 -3 -4 -4 -4 -3  0  3 -4  0  6 -4 -3 -3 -1  1 -1 0 0 1 0 0.01
 0  1 -1  2 -3  0  0  3 -2 -3 -3  1 -2 -4  3 -1 -1 -3 -3 -3 0 0 1 1 0.01
-2 -3 -4 -4 -2 -3 -4 -1 -3  2  3 -3  1  5 -4 -3 -2 -1  0  0 0 0 1 0 0.02
 0  1  0  3 -3  0  1  1 -1 -2 -1  1 -2 -3  2  0  0 -4 -3 -2 0 1 0 1 0.02
 0  1  1  4 -3  0  0  1 -1 -3 -3  2 -3 -4  1  0 -1 -4 -3 -3 0 0 1 1 0.02
-1 -2 -1  0 -4 -2  0  6 -3 -4 -4  0 -3 -4 -3 -1 -2 -3 -4 -4 0 0 1 0 0.02
 0  1 -1  1 -2  2  2  0 -1 -1 -2  1 -1  1 -1  0 -1 -2 -1 -2 0 0 1 1 0.02
-1  2  0  2 -3  1  0 -2  4 -2 -2  0 -1 -3 -2  1 -1 -3 -1  0 0 0 1 1 0.02
-2 -2 -3 -3 -2 -2 -3 -4 -3  0  4 -2  4 -1  1 -2  1 -3 -2  0 0 0 1 0 0.02
-2 -2  0  7 -4 -1  1 -2 -2 -4 -4 -2 -4 -4 -2 -1 -2 -4 -4 -4 0 0 1 1 0.02
-2 -2 -2 -3 -2 -2 -2 -3 -1 -1  0 -2 -1  3 -3 -1  3  3  5 -1 0 1 0 0 0.01
-1  3 -1  1 -2  0  2 -2 -1  0  0  1 -1 -2 -2  0 -1 -3 -2  0 0 1 0 1 0.02
-1  0 -3 -3 -2 -3 -3 -4 -3  6  0 -2  0 -1 -3 -2 -1 -3 -2  1 0 1 0 0 0.01
 4 -2 -1 -1 -1  0  1 -1 -2 -1  1 -1 -1 -2 -2  0 -1 -3 -2 -1 0 0 1 1 0.01
-1 -3 -1  0 -3 -2 -1  6 -2 -4 -4 -2 -3 -4  1 -1 -2 -3 -3 -3 0 0 1 1 0.01
-1 -1 -2 -2 -2  0 -1 -3  4  1  0 -1  0  0 -2 -1  0 -2  1  3 0 1 0 0 0.01
-2 -2  0  5 -4  1  3 -2 -1 -3 -3 -1 -3 -4  4 -1 -1 -4 -3 -3 0 1 0 0 0.01
-1 -3 -3 -3 -2 -3 -3 -3 -3  2  1 -3  0  1 -3 -2 -1 -3 -1  5 0 1 0 0 0.01
-2 -2  0  7 -4 -1  2 -2 -2 -4 -4 -1 -3 -4 -2 -1 -2 -4 -3 -4 0 1 0 0 0.01
 0 -3 -3 -4  8 -3 -3 -3 -3  2  0 -3 -1 -2 -3 -2 -1 -3 -2  2 0 1 0 0 0.01
-2  3 -1 -2 -4  0  0 -3 -2 -4 -3  6 -2 -4 -2 -1 -2 -4 -3 -3 0 1 0 0 0.01
-2 -3  0 -3 -3 -2 -3  0  3 -1  1 -3 -1  4 -4 -2 -2  6  4 -2 0 1 0 0 0.01
 0 -2  0 -1 -2 -1 -1 -2 -2 -3 -3 -1 -2  1 -2  5  3 -3 -2 -2 0 1 0 0 0.01
 0  0 -1 -2 -2  3  0 -2  1 -1  1  2  4 -1 -2 -1 -1 -2 -2 -1 0 0 1 1 0.01
 0  1  1  0 -2  0 -1  2  1 -2 -3  0 -2 -3 -2  1  2 -3 -2 -2 0 0 1 1 0.01
-1  1 -1  1 -2  0  0  1 -1 -1  1  0 -1 -2  0  1  1 -3 -2 -1 0 0 1 1 0.01
-1 -2  1  1 -3 -1 -1  3  2 -3 -2 -2 -2  2  1  0 -1 -1  3 -2 0 0 1 0 0.01
 0 -1  2  2 -3  0 -1  4 -1 -3 -3  0 -2 -3 -2  1 -1 -3 -3 -3 0 0 1 0 0.01
-4 -4 -5 -6 -4 -4 -4 -4 -4 -4 -3 -5 -3 -1 -5 -4 -4 12  1 -4 0 0 1 0 0.01
-1  0 -3 -3 -3 -1  1 -4 -3 -1  0 -2  8 -2 -3 -2 -2 -3 -2 -1 0 0 1 1 0.01
-2 -4 -4 -4 -2 -4 -4 -5 -4  5  2 -4  0  2 -4 -3 -2 -3 -1  1 0 1 0 0 0.01
-2 -3 -3 -3 -4 -2 -2 -3 -3 -4 -4 -2 -4 -5  8  0 -2 -5 -4 -4 0 0 1 0 0.01
-1  1 -2 -2 -3  1 -1 -3 -2 -1  0 -1  1 -3  5 -1  1 -3 -3 -1 1 0 0 1 0.01
-2 -1 -1  0 -5  1  6 -3  2 -1 -4  0 -3 -4 -2 -1 -2 -4 -3 -3 1 0 0 1 0.01
 4 -2 -2 -2 -1 -2 -2  0 -2 -1 -2 -2  2 -2 -2  1  1  3 -2  0 1 0 0 0 0.01
-2 -2 -2  0 -2  1  0 -3  0  2  2 -2  0  2 -3 -2 -2 -1  3  0 0 0 1 1 0.01
-1 -2  1  4  2 -1  1  3 -2 -4 -4  0 -3 -4 -2  0 -1 -4 -3 -3 0 0 1 1 0.01
-1  0  1 -1 -3  2  3  0  5 -3 -3  1 -2 -3  1  0 -1 -3 -1 -1 0 0 1 0 0.01
-1 -3 -3 -3 -2 -2 -3 -3  2  3  2 -2  0 -1  3 -2 -1 -3 -2  2 0 1 0 0 0.01
 1 -4 -3 -4  8 -3 -4  0 -4  1 -1 -3 -1 -3 -3 -1 -2 -3 -3  1 0 1 0 0 0.01
-2 -3 -4 -4 -2 -3 -4 -4 -4  3  4 -3  3  0 -4 -3 -2 -3 -2  1 0 1 0 0 0.01
-1 -3 -4 -4 -2 -3 -3 -1 -3  1  3 -3  2 -1 -3 -2 -1 -3 -2  3 0 1 0 0 0.01
 0 -3 -3 -4  4 -3 -3 -3 -4  3  1 -3  0 -1 -3 -2  0 -3 -2  4 0 1 0 0 0.01
 2  0 -2 -2 -2  1 -1 -2  4 -3 -2 -1 -2 -1 -2 -1  0  8  0 -2 0 1 0 0 0.01
 5 -2 -2 -3 -1 -2 -2  2 -3 -2 -2 -2  1 -3 -2  1 -1 -3 -3  0 0 1 0 0 0.01
-2 -2  2  6 -3 -1  0 -2 -2 -4 -4 -1 -3 -4 -2  2  1 -5 -3 -3 0 1 0 0 0.01
-2  1  0  5 -4  0  4 -3 -2 -3 -2 -1 -3 -4 -2 -1 -2 -4 -3 -3 0 0 1 0 0.01
 0  1 -1  2 -3  2  2 -2  1 -2 -2  1 -2 -2  1 -1 -1 -3  0  0 0 0 1 1 0.01
 0  4  0  0 -3  3  1 -2  2 -3 -3  1 -2 -3 -2  0  1 -3 -2 -2 0 0 1 1 0.01
 3  0 -1  0  1 -1 -1  2 -2 -3 -3 -1 -2 -3 -2  3  0 -3 -3 -2 0 0 1 0 0.01
-1  4 -1 -2  1  0  0  0 -1 -1 -1  2 -1 -3 -2  0  1 -3 -2 -2 0 1 0 1 0.01
-3 -3 -4 -4  5 -3 -4 -4  2 -3  0 -4 -2  3 -4 -1 -3 10  1 -3 0 1 0 0 0.01
 1  1 -1 -2 -2 -1 -1 -2  1 -3 -3 -1 -2 -1 -2  3  1  4  3 -2 0 1 0 1 0.01
 3 -2 -3 -3 -1 -2 -2 -2 -3  0  1 -2  2  1 -2  0 -1 -2 -1  2 0 1 0 0 0.01
-1 -3 -1  1  1 -3 -3  6 -3 -4 -4 -3 -4 -4 -3 -1 -3  4 -3 -4 0 1 0 0 0.01
-2 -3 -4 -4 -2 -3 -4 -4 -3  2  4 -3  1  2 -4 -3 -2 -2 -1  2 0 1 0 0 0.01
 0 -3 -3 -3 -2 -2 -1 -3 -3  3  1 -3  3  3 -3 -2 -1 -2  0  2 0 1 0 0 0.01
-2  5 -2 -3 -3  0 -1 -3 -2  1 -1  1  0 -3 -3 -2 -2 -4 -2  2 0 1 0 0 0.02
 3 -2 -2 -3 -1 -2 -2  1 -3  1 -1 -2 -1 -1 -2  0  1 -3 -2  1 0 0 1 0 0.03
-2  5 -1  1 -3  0 -1 -3  3 -1 -1  0 -2 -3 -3  0  0 -4 -2 -2 0 0 1 1 0.04
-2  2  0  2 -4  0  2 -3 -2 -4 -4  0 -3 -4  6  0 -2 -4 -3 -3 1 0 0 1 0.05
 1 -1  0  4 -3  1  4  0 -1 -3 -3 -1 -3 -4 -2  0 -1 -4 -3 -3 1 0 0 1 0.07
 0  1 -2 -3 -2 -1 -2  0 -1  0 -1  1  1  2 -3 -1 -1 -1  4  0 1 0 0 0 0.09
 0  0 -4 -4  1 -2 -3 -4 -3  1  4 -2  1 -1 -3 -2 -2 -3 -2  1 0 1 0 0 0.12
 1  2  1 -2 -2 -1 -2  2 -2 -2 -3 -1 -2 -3 -2  1  4 -3 -3 -2 0 0 1 1 0.17
 1  2  1  0 -2  1  0  1 -1 -3 -3  2 -2 -3  2  1  0 -3 -2 -2 0 0 1 1 0.19
 0 -2 -1 -2 -3 -1 -1  4 -2 -2 -3  1 -2 -3  1 -1  0 -3  0  0 0 0 1 1 0.22
-2 -2  7  0 -4  1 -1 -2 -1 -4 -5 -1 -3 -4 -3  1 -1 -5 -3 -4 0 0 1 1 0.22
-2  6  1 -2 -4  0 -1  0 -1 -4 -3  3 -2 -4 -3 -1 -2 -4 -3 -4 0 0 1 1 0.20
-3 -3  0  7 -5 -2  0 -3 -2 -4 -5 -2 -4 -5 -3 -1 -2 -6 -4 -4 0 0 1 0 0.17
 1  2  0 -2 -3 -1 -2  4 -2 -3 -2  0 -2 -3 -2  0 -2 -3 -3 -3 0 0 1 1 0.17
-2  1 -1 -2 -4  0  0 -3 -2 -4 -4  6 -2 -4  1 -1  0 -4 -3 -3 0 0 1 1 0.19
 0  5 -1 -2 -3  0 -1 -1 -1 -3 -2  1 -2  1 -2  1  1 -3 -1 -2 0 1 0 1 0.19
 0  1 -1 -2 -2 -1 -1  3  0 -2 -2  0 -2 -3  1  2  2 -3 -2 -1 0 0 1 1 0.18
-2 -3 -4 -4 -2 -3 -4 -4 -4  3  4 -3  1  1 -4 -3 -2 -2 -1  2 0 1 0 0 0.14
 0 -2  2 -1 -2 -1 -1 -2 -2 -2 -1 -1 -2 -3 -2  4  3 -4 -3 -2 0 0 1 0 0.11
 3  0 -1  1 -2 -1 -1 -1 -2 -2 -2  2 -2 -3  1  1  1 -3 -2  0 1 0 0 1 0.10
 1  1 -1 -1 -2  1  2  0  1 -2 -1  2 -1 -3  1  1 -1 -3 -2 -1 1 0 0 1 0.08
 3 -2 -1 -2 -2  1 -2  4  3 -3 -3 -2 -2 -3 -2  0 -2 -3 -2 -2 1 0 0 0 0.07
 0  5 -2 -3 -3 -1 -1 -3  2 -1 -2  1 -2  3 -3 -2 -2 -2  2 -2 1 0 0 1 0.04
 2  1  1  0 -2  1  1  1  1 -3 -3  1 -2 -3 -2  2  0 -3 -2 -2 1 0 0 1 0.02
 1  0  2 -1 -2  1  1  1  1 -2 -1 -1 -1 -2 -2  1  0 -3  0 -2 0 0 1 1 0.02
 0 -3 -3 -4 -2 -3 -3 -4 -3  4  0 -3  0 -1 -3 -2  1 -3  1  3 0 0 1 0 0.01
-1  1 -2 -1 -2 -1 -2 -3 -1  0  2 -1  0  0 -3  0  1 -2  2  1 0 1 0 1 0.01
-3 -4 -5 -5 -3 -3 -4 -4 -4 -2  0 -2  2 -1 -5 -4 -3 11  0 -1 0 1 0 1 0.01
-2 -3 -4 -4 -2 -3 -3 -4 -4  2  4 -3  1 -1  2 -3 -2  4 -2  0 0 1 0 0 0.01
-1 -3 -3 -4 -2 -2 -3 -3  2 -1  2 -3  1  4 -3 -1 -2  7  1 -1 0 0 1 0 0.01
-1  1 -1  0  2  0 -1 -2  0 -1 -1  1 -1  0  2  0  0 -2  1  0 0 0 1 1 0.01
-2  1  0  5 -4  0  3  2 -2 -4 -4  0 -3 -4 -2 -1 -2 -4 -3 -4 0 0 1 1 0.01
-1  0  1  2 -2  1  1 -2  4 -2 -2  0 -1 -2 -1  1 -1  3  0 -1 0 0 1 1 0.01
 3 -1 -1 -1 -1  0 -1  2 -2 -2 -2 -1 -1 -2 -1  0  2 -2 -2 -1 0 0 1 1 0.01
-2  1 -2  1 -3 -1  0 -2 -2 -3 -3  0 -3 -3  7 -1 -2 -3 -3 -3 0 0 1 1 0.01
-2 -3 -4 -4 -2 -3 -3 -4 -2  0  4 -3  2  2 -4 -3 -2  4  3  0 0 0 1 0 0.01
-2  2 -2  1 -4  3 -1 -3 -2 -3 -3 -1 -3 -4  6 -2 -2 -4 -3 -1 0 0 1 1 0.01
 1 -1 -2 -1 -3  0  3 -2 -2 -3 -3  1 -2 -4  5 -1  0 -4 -3 -1 0 0 1 1 0.01
-3 -2  7  0 -4 -1  1 -2 -1 -5 -5 -1 -3 -4 -3 -1 -1 -5 -3 -4 0 0 1 0 0.01
-1  1 -2 -3 -2 -2 -2 -3 -2  1  2 -1  1  2  1 -1  1 -1  2  1 1 0 0 0 0.01
-3 -3 -5 -5 -2 -3 -4 -4 -4  0  5 -4  1  0 -4 -4 -2  7 -1 -1 1 0 0 0 0.01
 0  2 -2 -3 -2 -1 -2 -3 -2  0  4  0  1 -1 -3  0 -1 -3 -2 -1 1 0 0 0 0.01
-2  2  0 -2 -3  2 -1  2  6 -3 -2  0 -2 -3 -3 -1  1 -3 -1 -3 1 0 0 1 0.01
-1 -3 -4 -4 -2 -1 -3 -4 -3  2  4 -3  1 -1 -3 -3 -2 -3 -2  1 0 0 1 0 0.01
-1 -2  0  4 -3 -1  0 -2 -2 -3 -4 -1 -3 -4  4  2  0 -4 -3 -3 0 0 1 1 0.01
-1  0 -1  2 -3  0  3 -1 -2 -1 -1 -1  1 -3  3 -1  0 -3 -3  0 1 0 0 1 0.01
 1  1 -1  2 -3  1  2 -2  1 -2 -3  1 -2 -3  3  0 -1 -3 -2 -1 1 0 0 1 0.01
 2  0 -1  3 -2 -1 -1 -2 -2 -1 -1 -1 -1 -2 -2  0  2 -3 -2  1 1 0 0 0 0.02
-1  5 -2 -2 -3  0 -1 -3 -2  0 -1  1 -1 -2 -2 -2 -1 -3 -2  2 1 0 0 0 0.02
 2 -1 -1  2 -2  2  2 -1 -1 -1 -1  1 -1 -2 -1  0  0 -3 -2  0 1 0 0 1 0.02
 2  3 -1  0 -2  1  1 -2 -1 -2 -2  2 -1 -3 -2  0  0 -3 -2 -1 1 0 0 1 0.03
-2 -3 -3 -3 -2 -3 -3 -4 -3  5  1 -3  0 -1 -3 -3 -1 -3 -2  3 1 0 0 0 0.05
-2 -3 -3 -4 -2 -3 -3 -3 -2  1  2 -3  3  5 -3 -3 -2 -1  1  0 1 0 0 0 0.07
 3  1  0  0 -1 -1  0 -1 -1 -2 -2 -1 -2 -3 -1  2  1 -3 -2 -1 1 0 0 1 0.11
 1  0  0 -2 -2  0 -1  2  1 -2 -1  0 -1  1  3  0 -1 -2  1 -2 0 0 1 0 0.14
 1  3 -1  0 -3  1  1  1 -1 -3 -3  2 -2 -3  0  1 -1 -3 -2 -2 0 0 1 1 0.16
 0 -1  0  1 -2 -1  1 -1 -2 -2 -2 -1 -2 -3  3  3  2 -3 -2 -2 0 0 1 1 0.17
 0  1  1  0 -1  0  0  0  0 -1  0  0  0 -1  0  0  0 -1 -1  0 0 0 1 1 0.16
 0  2  0  0 -1  0  0  0  0  0  0  0  0 -1  0  0  0 -1  0  0 0 0 1 1 0.16
 0  1  0  0 -1  1  0  2  0 -1 -1  0 -1 -1  0  0  0 -1 -1 -1 0 0 1 1 0.17
 0  1  1  0 -1  0  0  0  0  0  0  0  0 -1  0  1  0 -1  0  0 0 0 1 1 0.19
 0  0  1  0 -1  1  0  0  0 -1 -1  1  0 -1  0  1  0 -1 -1 -1 0 0 1 1 0.18
 0  0  0  0 -1  0  0  1  2  0 -1  0  0 -1  1  1  0 -1  0  0 0 0 1 0 0.18
-1 -3 -1 -2 -3  0 -2  6 -2 -4 -4 -2 -3 -4 -3 -1 -2 -3 -3 -4 1 0 0 0 0.17
 1  0  3 -1 -3  5  1 -2 -1 -3 -3  1 -1 -3 -2  0  0 -3 -2 -2 1 0 0 0 0.15
 2  2 -1  0 -2  3  1 -1 -1 -2 -2  1 -1 -3 -1  0  1 -3 -2 -1 1 0 0 0 0.12
-1  7 -2 -3 -4  0 -1 -3 -1 -3 -3  2  1 -4 -3 -2 -2 -4 -3 -3 1 0 0 0 0.07
 0 -3 -3 -3 -2 -2 -3 -3 -3  1  2 -2  3 -1 -3 -1  2 -3 -2  3 1 0 0 0 0.05
 3 -1  4  1 -2 -1 -1 -1 -1 -3 -3  0 -2 -3 -2  1  0 -4 -3 -2 1 0 0 0 0.03
 0 -1  1  0 -3  3  4 -2  1 -3 -2  0  2 -3 -2  0 -1 -3 -2 -2 1 0 0 0 0.02
-2 -3 -4 -5 -2 -3 -4 -4 -3  1  5 -3  1  3 -4 -3 -2 -2 -1  0 1 0 0 0 0.02
-3 -4 -4 -5 -4 -4 -4 -4 -2 -1 -1 -4  2  8 -5 -4 -3  0  2 -2 1 0 0 0 0.01
-2  6 -2 -3 -4  0 -1 -4 -2 -2  1  1 -1 -3 -3 -2 -2 -3 -3 -2 1 0 0 1 0.01
 0  3 -1 -1 -3  1  3 -3 -1 -1  1  1 -1 -2 -2 -1  0 -3 -2 -1 1 0 0 1 0.01
 2 -2  0 -2 -1 -2 -2 -2 -2  1  1 -2  0 -2 -2  0 -1 -3 -2  3 0 0 1 0 0.01
 0  1 -1  1 -3  5  1 -2  2 -2 -1  0  1 -3 -2 -1  1 -3 -2 -2 0 0 1 1 0.01
-1  3  1  1 -3  1  1  3 -1 -4 -3  0 -2 -2 -2 -1 -2 -2  1 -3 0 0 1 1 0.02
-2  5 -1 -2  1  2  1 -3  1 -2 -1  1  0 -3 -3 -1  1 -3 -2 -2 0 0 1 1 0.02
-1  2 -2 -2 -3  1 -1 -3 -2  0  1  0 -1 -2  5 -2 -1 -3 -2  1 0 0 1 1 0.02
-1 -3 -4 -4 -2 -3 -3 -4 -4  4  1 -3  0 -1 -3 -2  1 -3 -2  4 0 1 0 0 0.02
 0 -2  1  0 -3 -1 -1  1  3 -3 -3 -1 -3 -4  6  1  0 -4 -2 -3 0 0 1 1 0.01
-2  7 -2 -2 -4  0  0 -3 -1 -3 -3  1 -2 -4 -3 -2 -2 -4 -3 -1 1 0 0 1 0.01
 1 -2  1  2 -2 -1  1  1  1 -3 -3 -1 -2 -3 -2  1  2 -3 -2 -2 1 0 0 1 0.01
 2 -3 -2 -1 -1 -2 -2 -2 -3  2  0 -2  0 -2 -2 -1  1 -3 -2  4 1 0 0 0 0.01
-1 -3 -4 -4 -2 -3 -3 -4 -4  4  2 -3  1 -1 -3 -3 -1 -3 -2  4 1 0 0 0 0.01
 2  3 -2 -2 -2  0  2 -2 -2 -1  1  0  1 -2 -2 -1 -1 -3 -2 -1 1 0 0 0 0.01
 3 -2 -1 -2 -2 -2 -2 -2 -3 -2 -2 -2 -2 -3  1  0  5 -3 -3 -1 1 0 0 0 0.02
 1 -3 -4 -4 -2 -3 -3 -3 -4  1  2 -3  0 -1 -3 -2 -1 -3 -2  4 1 0 0 0 0.02
 5 -2 -2 -3 -1 -2 -2  0 -3 -2  0 -2 -1 -3 -2  0  0 -3 -3 -1 1 0 0 0 0.02
-1  3  1  1 -4  5  1 -3  1 -3 -2  1  2 -3 -2 -1 -1 -3 -2 -3 0 0 1 1 0.02
-2  2 -1 -2 -4  7  1  0 -1 -4 -3  0 -2 -4 -3 -1 -2 -3 -3 -3 0 0 1 1 0.03
 0  2 -1  1 -3  2  1 -2 -1 -2  0  3 -1 -2 -2  0 -1 -3  0 -1 0 0 1 1 0.03
-3 -3  0  7 -5 -1  0 -3 -2 -4 -5 -2 -4 -5 -3 -1 -2 -6 -4 -4 0 0 1 1 0.04
-1 -2  0 -1 -3 -2 -2  0  2 -2 -2 -2 -2  4  2 -1 -2  0  5 -2 0 0 1 0 0.04
 1 -2 -3 -3 -2  0 -2 -3 -2 -1  0  0  7 -2  0 -2 -2 -3 -2 -1 1 0 0 0 0.05
-1  5 -1 -2 -4  0  0 -3 -1 -4 -3  5 -2 -4 -2 -1 -2 -4 -3 -3 1 0 0 0 0.06
-2  7 -2 -3 -4  0 -1 -3 -1 -4 -3  1 -2 -4 -3 -2  0 -4 -3 -3 1 0 0 0 0.09
 0 -3 -4 -4 -2 -3 -3 -4 -4  3  1 -3  0 -1 -3 -2 -1 -3 -2  4 1 0 0 0 0.08
-3  7 -2 -3 -5  0 -1 -4 -1 -4 -3  1 -3 -4 -3 -2 -2 -4 -3 -4 0 0 1 1 0.07
 2 -1 -1  0 -1  1 -1  1 -1 -2 -2 -1 -1 -1 -1  2  0 -1  3 -1 0 0 1 1 0.08
-1  0  5  3 -2  0  0 -1  0 -2 -2  0 -2 -2 -1  0 -1 -2 -2 -2 0 0 1 1 0.07
 1 -1  1 -1 -2 -1 -1  5 -1 -2 -2  0 -2 -2 -1  0 -1 -2 -2 -2 0 0 1 1 0.06
-1  0 -1  1 -3 -1  1  5 -2 -4 -4 -1 -3 -3 -2  0 -2 -3 -3 -3 0 0 1 0 0.06
 4  0 -1 -2 -1 -1 -1 -1 -2 -2 -2 -1 -2 -3 -2  2  3 -3 -2 -1 1 0 0 0 0.06
-1  6 -2 -3 -4  0 -1 -3 -1 -3 -3  1 -2 -4  1 -2 -2 -4 -3 -1 1 0 0 1 0.05
 0  0  0  3 -2 -1  0 -2 -2  0 -2 -1 -1 -3 -2  2  2 -4 -2  1 1 0 0 1 0.04
 1  0 -2  0 -2 -1 -1 -2 -2  1  0  1  0 -2  1 -1  0 -3 -2  2 1 0 0 1 0.03
-2 -3 -4 -5 -2 -3 -4 -5 -4  1  5 -3  3  0 -4 -3 -2 -3 -2  0 0 0 1 0 0.02
 2  5 -1 -2 -3  3  0 -2 -1 -3 -2  1 -2 -3 -2 -1 -1 -3 -2 -2 1 0 0 1 0.02
 0  2 -2  0 -3 -1  0 -2 -2 -3 -3  1 -2 -3  6  0 -1 -3 -3 -3 1 0 0 1 0.01
-2  0 -1  1 -4  1  5 -3  1 -3 -1  0 -2 -4  1 -1 -2 -4 -3 -3 1 0 0 1 0.01
-1 -1 -1 -2 -4 -3 -3  6 -2 -5 -4 -2 -4 -3 -3 -1 -3 -3  1 -4 0 0 1 0 0.01
-2 -3 -4 -4 -2 -3 -4 -4 -3  5  2 -3  0  0 -3 -3 -1 -2  2  3 0 1 0 0 0.01
 1 -3 -3 -3 -1 -2 -3 -3 -3  2  2 -3  1 -1 -3 -2  0 -3 -2  3 0 1 0 0 0.01
-2 -3 -4 -4 -2 -3 -4 -4 -4  4  3 -3  1 -1 -3 -3 -1 -3 -2  3 0 1 0 0 0.01
-1 -3 -4 -4 -2 -3 -3 -4 -3  1  4 -3  2  2 -3 -3 -2 -2 -1  1 0 1 0 0 0.01
 0  0 -1 -1 -3 -1  0  5 -2 -4 -4 -1 -3 -4 -3  2 -1 -3 -3 -4 0 0 1 0 0.01
-1 -1  0  2 -3  0 -1  4  4 -4 -4  1 -3 -3 -2 -1  0 -3 -2 -3 0 0 1 1 0.01
-2  2  2  0 -4  2 -1 -3  1 -3 -3 -1 -2  0 -3 -2 -2  6  5 -3 0 0 1 1 0.01
 0  0  0  1 -2  0  1  0 -1 -1 -1 -1  0 -1  1  1  1 -1  2 -1 0 0 1 1 0.01
 0  2  1  1 -3  0  0 -2 -1 -2 -3  2 -2 -2  0  1 -1  3  1 -2 0 0 1 1 0.01
 0 -1  0  2 -3  2  0  1  7 -4 -4 -1 -3 -3 -3 -1 -2 -3  0 -3 1 0 0 0 0.02
 0  4 -1 -2 -3  1 -1 -1 -1 -3 -3  1  0 -3  4  0 -1 -3 -3 -3 1 0 0 1 0.02
 1  2  1  1 -2  3  1 -1  1 -2 -2  1 -1 -3 -2  0 -1 -3 -2 -2 1 0 0 1 0.02
 1 -3 -3 -4 -2 -3 -3 -3 -3  3  3 -3  2 -1 -3 -2 -1 -3 -2  2 1 0 0 0 0.02
 5 -3 -3 -3 -1 -2 -2 -1 -3  1 -2 -2 -1 -3 -2  0 -1 -4 -3  0 1 0 0 0 0.01
 1  3  0  1 -2  0  2  0  0 -2 -1  1 -1 -3 -2  0 -1 -3 -2 -1 1 0 0 1 0.01
 3 -1 -1  1 -2  1  1 -1  2 -2 -2  1 -2 -3 -2  0 -1 -3 -2  0 1 0 0 1 0.02
-2 -3 -4 -5 -2 -3 -4 -5 -4  1  5 -3  1  0 -4 -3 -2 -3 -2  0 0 0 1 0 0.01
 0  1  1  2 -3  0  0  5 -2 -4 -4  0 -3 -4 -2 -1 -2 -3 -3 -3 0 0 1 1 0.02
-1 -3 -3 -4 -2 -3 -3  0 -3  1  4 -3  1  2 -3 -1 -2 -2 -1  1 0 0 1 0 0.01
 1  0 -3 -2 -3  1 -1 -3 -3 -3 -3 -1 -3 -4  7 -1 -2 -4 -3 -1 0 0 1 1 0.02
 0  0 -2 -2 -2 -1 -1 -3  2  2  1  0  0 -2 -1 -1  0 -3 -1  3 0 0 1 1 0.02
-1 -3 -3 -2  5 -2 -2 -3 -3 -3 -1 -2 -2 -3  7 -2 -2 -4 -3 -2 0 0 1 0 0.02
 1  2 -1  1 -2  1  1  1 -1 -1 -2  0 -2 -3  0  1  0 -3 -2 -2 0 0 1 1 0.02
 1  2 -1  0 -2  0  2  1 -1 -2 -1  1 -2 -3  2  1  1 -3 -2 -2 0 0 1 1 0.02
-1 -2  0  3 -3 -2 -1  5 -2 -4 -4  0 -3 -4 -2  1 -1 -4 -4 -4 0 0 1 0 0.02
 0  1 -1  3 -4  1  5 -2 -1 -4 -4  0 -3 -4 -2 -1 -2 -4 -3 -3 0 0 1 0 0.02
-2 -3 -3 -4 -3 -3 -3 -3 -2 -1  1 -3 -1  6 -4  0 -1  3  3 -1 0 1 0 0 0.02
-1 -3 -4 -4 -2 -3 -3 -4 -4  4  2 -3  0 -1 -3 -3 -1 -3 -2  4 0 1 0 0 0.02
 2 -2 -1 -1 -2 -1 -1 -1 -2 -3 -3 -1 -2 -3 -2  5  0 -4 -3 -2 0 1 0 0 0.02
 1 -3 -2 -3  3 -2 -2 -2  1  1  0 -2  0 -1 -2 -1  1 -3  0  3 0 1 0 0 0.03
-2  6 -1 -2 -4  1 -1 -3 -1 -4 -3  2 -2 -4 -3  0 -2 -4 -3 -3 0 1 0 0 0.03
-1 -3 -4 -4 -2 -3 -3 -4 -3  2  3 -3  1 -1  3 -2 -1 -3 -2  2 0 1 0 0 0.04
 2  0 -2 -3 -2 -1 -2 -2 -2  0 -1  0  1  0 -2 -1  1 -2  2  2 0 1 0 0 0.05
 1  1  0 -1 -3  0  0 -2 -2 -3 -2  1 -2 -1  5  1 -1 -3 -2 -2 0 1 0 0 0.08
 3  0 -1  0  1  0 -1 -1  2 -1  0 -1 -1 -2 -2  0 -1  3 -1  0 0 0 1 0 0.12
 0  3  0  1 -3  2  2 -2 -1 -3 -3  2 -2 -3 -2  1  0 -3 -2 -2 0 0 1 1 0.14
-1  0  0  1 -3  0  3 -2 -2 -4 -3  0 -3 -4  6  1 -1 -4 -3 -3 0 0 1 1 0.14
 1 -1  0  2  1 -1  0  3  3 -3 -3 -1 -2 -3 -2  1 -1 -3 -2 -2 0 0 1 1 0.15
-2  0  0  4 -3  0  1 -2  6 -3 -3  0 -2  0 -2 -1 -2 -2  1 -3 0 0 1 0 0.15
 1  0  0  3 -2  1  2 -1  1 -1  0  0 -1 -2 -1  0  0 -3 -2 -1 0 0 1 1 0.15
 2  4 -1 -1 -2  0  1  1 -1 -3 -2  0 -2 -3 -2  0 -1 -3 -2 -2 0 0 1 1 0.15
-1 -1 -1 -2 -3  1 -1  0 -2 -3 -3  0 -2 -3  6  0  2 -3 -3 -2 0 0 1 1 0.15
 1  1 -1 -1 -2  1 -1  1 -1 -2 -2  1 -1 -1 -2  2  2 -3 -2 -1 0 0 1 0 0.14
 2 -2 -2 -3 -1 -2 -2 -2 -3  2  0 -2  0  0 -2  0  2 -3 -1  2 0 1 0 0 0.13
-1 -1 -1  0 -3  0  4 -2 -1 -1 -2 -1 -1  2 -2  1  0 -2  1  1 0 1 0 1 0.12
 0 -3 -3 -3 -2 -2 -1 -4 -3  4  2 -3  2 -1 -3 -2 -1 -3 -2  1 0 0 1 0 0.09
-1 -1  0  5 -4  1  2  2 -1 -4 -4  0 -3 -4 -2  0 -1 -4 -3 -3 0 0 1 1 0.06
 1 -3 -1  0 -3 -2 -2  6 -3 -4 -4 -2 -3 -4 -3 -1 -2 -3 -4 -3 0 0 1 1 0.04
 0  1 -1  0 -2  3  0  2 -1 -1 -2  1 -1 -3 -2  1  0 -3 -2  0 0 0 1 1 0.03
 1  0  0 -1 -2 -1  0 -2  3 -1  0 -1 -1  1 -2  0  0  3  3 -1 0 1 0 1 0.03
-4 -4 -5 -6 -4 -3 -4 -4 -4 -4 -3 -4 -3  0 -5 -4 -4 12  1 -4 0 1 0 0 0.02
 1  4 -2 -3 -2 -1 -2 -3 -2  0 -1  0 -1 -2 -3 -1 -1 -3 -2  3 0 1 0 0 0.02
 0  2 -2 -3  2 -1 -2 -3 -2  2  1  0  0 -1 -3 -1 -1 -3 -2  2 0 1 0 1 0.03
 5 -2 -2 -2 -1 -1 -2 -1 -2 -2 -2 -1 -2 -3 -2  1 -1 -3 -3 -1 0 0 1 0 0.04
 1  2 -1  1  2 -1  0  1 -2 -1 -1  0 -1 -3 -2  0  2 -3 -2  0 0 0 1 1 0.05
 0  0 -1  0 -2 -1 -1  1 -2 -3 -3 -1 -2 -3  5  2 -1 -4 -3 -1 0 0 1 1 0.07
 0 -2  1  3 -3 -1  1  3 -2 -3 -3 -1 -3 -3 -2  0  1 -3 -3 -3 0 0 1 1 0.10
-2 -2  0  6 -4  0  4 -2 -1 -4 -4 -1 -3 -4 -2 -1 -2 -5 -4 -4 0 0 1 1 0.14
-2 -2  0 -2 -3  0  0 -3 -2 -3 -1 -1 -2 -4  7 -1 -2 -4 -3 -3 0 0 1 1 0.18
 0 -2 -3 -3 -2 -2  0 -3 -3  2  2 -2  0 -1  1 -2 -1 -3 -2  3 0 0 1 1 0.23
 0 -2 -2 -1 -2  1  3 -3 -2  1 -1 -1 -1 -2 -2 -1  0 -3 -2  3 0 0 1 1 0.34
 0 -2 -2 -1 -3  1  1 -2 -2 -3 -3 -1  0 -4  6  0 -1 -4 -3 -2 0 0 1 1 0.36
 4 -2 -2 -3 -1 -2 -2 -1 -2 -1  0 -2 -1 -2 -2  0 -1 -3 -2  1 0 0 1 0 0.42
-2 -3 -3 -2 -4 -2 -2 -3 -3 -4 -4 -2 -3 -5  8 -2 -2 -5 -4 -3 0 0 1 0 0.48
-1 -1 -1  1 -2  2  1 -3 -2  1  1  1  0 -2 -2 -1  1 -3 -2  1 0 0 1 1 0.55
 0 -3 -3 -4 -1 -2 -3 -3 -3  2  4 -3  1  0 -3 -2 -1 -2 -1  2 0 0 1 0 0.46
-1 -3 -2 -2 -3 -2 -2 -3 -3 -3 -3 -2 -3 -4  8 -1  0 -4 -3 -3 0 0 1 1 0.53
-1  2 -1 -2 -3  0 -1 -2  3 -2 -1  1 -1  3 -2 -1  1 -1  1 -2 0 0 1 1 0.66
-1  2  0 -1 -3  1  0 -2 -1 -2 -2  5 -1 -3 -1  0  2 -3 -2 -2 0 0 1 1 0.68
 0  4  0 -1 -2  1  0 -1 -1 -3 -2  1 -2 -3 -1  3  0 -3 -2 -2 0 0 1 1 0.73
 2 -1  4  0 -1  0 -1  0  0 -2 -2  0 -2 -3 -1  1  0 -3 -2 -1 0 0 1 1 0.79
-1  0  0  2 -4  2  5 -2  0 -3 -3  1 -2 -3 -1  0 -1 -3 -2 -3 0 0 1 1 0.85
