 0 -2  0 -1 -2 -2 -2  6 -2 -4 -4 -2 -3 -3 -2  0 -2 -2 -3 -3 0 0 1 1 0.85
 4 -1 -2 -2  0 -1 -1  0 -2 -1 -1 -1 -1 -2 -1  1  0 -2 -2  0 1 0 0 1 0.79
-2 -2  1  6 -3  0  1 -1 -1 -3 -4 -1 -3 -3 -1  0 -1 -4 -3 -3 1 0 0 1 0.73
-2 -2  1  6 -3  0  1 -1 -1 -3 -4 -1 -3 -3 -1  0 -1 -4 -3 -3 1 0 0 1 0.68
 0 -2 -3 -3 -1 -2 -2 -3 -3  3  1 -2  1 -1 -2 -2  0 -3 -1  4 0 0 1 0 0.68
 0 -2 -3 -3 -1 -2 -2 -3 -3  3  1 -2  1 -1 -2 -2  0 -3 -1  4 0 1 0 0 0.67
-2 -2  1  6 -3  0  1 -1 -1 -3 -4 -1 -3 -3 -1  0 -1 -4 -3 -3 0 0 1 0 0.65
 1 -1  1  0 -1  0  0  0 -1 -2 -2  0 -1 -2 -1  4  1 -3 -2 -2 1 0 0 1 0.63
 1 -1  1  0 -1  0  0  0 -1 -2 -2  0 -1 -2 -1  4  1 -3 -2 -2 1 0 0 1 0.56
-1  2  0 -1 -3  1  1 -2 -1 -3 -2  4 -1 -3 -1  0 -1 -3 -2 -2 1 0 0 1 0.42
 1 -1  1  0 -1  0  0  0 -1 -2 -2  0 -1 -2 -1  4  1 -3 -2 -2 0 0 1 0 0.28
-2 -3 -3 -3 -2 -3 -3 -3 -1  0  0 -3  0  6 -4 -2 -2  1  3 -1 0 1 0 1 0.26
 0 -2 -3 -3 -1 -2 -2 -3 -3  3  1 -2  1 -1 -2 -2  0 -3 -1  4 0 1 0 1 0.24
-1 -1 -2 -3 -1  0 -2 -3 -2  1  2 -1  5  0 -2 -1 -1 -1 -1  1 0 1 0 1 0.23
-1  0  0  1 -4  2  5 -2  0 -3 -3  1 -2 -3 -1  0 -1 -3 -2 -2 0 1 0 1 0.22
-2  0  6  1 -3  0  0  0  1 -3 -3  0 -2 -3 -2  1  0 -4 -2 -3 0 0 1 1 0.20
-2 -3 -3 -3 -2 -3 -3 -3 -1  0  0 -3  0  6 -4 -2 -2  1  3 -1 0 0 1 0 0.15
 1 -1  1  0 -1  0  0  0 -1 -2 -2  0 -1 -2 -1  4  1 -3 -2 -2 0 1 0 1 0.11
 1 -1  1  0 -1  0  0  0 -1 -2 -2  0 -1 -2 -1  4  1 -3 -2 -2 0 1 0 0 0.12
-2 -2 -2 -3 -2 -1 -2 -3  2 -1 -1 -2 -1  3 -3 -2 -2  2  7 -1 0 1 0 0 0.11
-2  0  1 -1 -3  0  0 -2  7 -3 -3 -1 -2 -1 -2 -1 -2 -2  2 -3 0 1 0 0 0.11
 0 -2  0 -1 -2 -2 -2  6 -2 -4 -4 -2 -3 -3 -2  0 -2 -2 -3 -3 0 1 0 0 0.10
 0 -1  0 -1 -1 -1 -1 -2 -2 -1 -1 -1 -1 -2 -1  1  4 -2 -2  0 0 1 0 0 0.10
-1  2  0 -1 -3  1  1 -2 -1 -3 -2  4 -1 -3 -1  0 -1 -3 -2 -2 0 0 1 1 0.08
-1 -2 -2 -1 -3 -1 -1 -2 -2 -3 -3 -1 -2 -4  7 -1 -1 -4 -3 -2 0 0 1 1 0.08
 0 -2  0 -1 -2 -2 -2  6 -2 -4 -4 -2 -3 -3 -2  0 -2 -2 -3 -3 0 0 1 1 0.09
-2 -2 -2 -3 -2 -1 -2 -3  2 -1 -1 -2 -1  3 -3 -2 -2  2  7 -1 0 0 1 1 0.08
 0 -2 -3 -3 -1 -2 -2 -3 -3  3  1 -2  1 -1 -2 -2  0 -3 -1  4 1 0 0 0 0.10
-2 -2  1  6 -3  0  1 -1 -1 -3 -4 -1 -3 -3 -1  0 -1 -4 -3 -3 1 0 0 1 0.11
 1 -1  1  0 -1  0  0  0 -1 -2 -2  0 -1 -2 -1  4  1 -3 -2 -2 1 0 0 1 0.16
-1 -3 -3 -3 -1 -3 -3 -4 -3  4  2 -3  1  0 -3 -2 -1 -3 -1  3 1 0 0 0 0.16
-1  1  0  0 -3  5  2 -2  0 -3 -2  1  0 -3 -1  0 -1 -2 -1 -2 1 0 0 0 0.18
-1  2  0 -1 -3  1  1 -2 -1 -3 -2  4 -1 -3 -1  0 -1 -3 -2 -2 1 0 0 1 0.22
 0 -2  0 -1 -2 -2 -2  6 -2 -4 -4 -2 -3 -3 -2  0 -2 -2 -3 -3 0 0 1 1 0.21
-1 -3 -3 -3 -1 -3 -3 -4 -3  4  2 -3  1  0 -3 -2 -1 -3 -1  3 0 0 1 0 0.28
-1  1  0  0 -3  5  2 -2  0 -3 -2  1  0 -3 -1  0 -1 -2 -1 -2 0 0 1 1 0.27
-1  2  0 -1 -3  1  1 -2 -1 -3 -2  4 -1 -3 -1  0 -1 -3 -2 -2 0 0 1 1 0.34
-1 -2 -2 -1 -3 -1 -1 -2 -2 -3 -3 -1 -2 -4  7 -1 -1 -4 -3 -2 0 0 1 1 0.29
-1  2  0 -1 -3  1  1 -2 -1 -3 -2  4 -1 -3 -1  0 -1 -3 -2 -2 0 0 1 1 0.25
 1 -1  1  0 -1  0  0  0 -1 -2 -2  0 -1 -2 -1  4  1 -3 -2 -2 0 0 1 1 0.24
 0 -2  0 -1 -2 -2 -2  6 -2 -4 -4 -2 -3 -3 -2  0 -2 -2 -3 -3 0 0 1 1 0.23
 0 -1  0 -1 -1 -1 -1 -2 -2 -1 -1 -1 -1 -2 -1  1  4 -2 -2  0 0 0 1 1 0.26
-1  1  0  0 -3  5  2 -2  0 -3 -2  1  0 -3 -1  0 -1 -2 -1 -2 0 0 1 0 0.26
 0 -2  0 -1 -2 -2 -2  6 -2 -4 -4 -2 -3 -3 -2  0 -2 -2 -3 -3 0 0 1 1 0.26
-2  0  6  1 -3  0  0  0  1 -3 -3  0 -2 -3 -2  1  0 -4 -2 -3 0 0 1 1 0.22
-2 -2 -2 -3 -2 -1 -2 -3  2 -1 -1 -2 -1  3 -3 -2 -2  2  7 -1 0 0 1 1 0.17
-2 -2  1  6 -3  0  1 -1 -1 -3 -4 -1 -3 -3 -1  0 -1 -4 -3 -3 0 0 1 1 0.12
-2 -2  1  6 -3  0  1 -1 -1 -3 -4 -1 -3 -3 -1  0 -1 -4 -3 -3 1 0 0 1 0.08
-2 -2  1  6 -3  0  1 -1 -1 -3 -4 -1 -3 -3 -1  0 -1 -4 -3 -3 1 0 0 0 0.05
-2 -3 -4 -4 -2 -2 -3 -2 -2 -3 -2 -3 -1  1 -4 -3 -2 10  2 -3 1 0 0 0 0.04
-1  2  0 -1 -3  1  1 -2 -1 -3 -2  4 -1 -3 -1  0 -1 -3 -2 -2 0 0 1 0 0.03
 0 -2  0 -1 -2 -2 -2  6 -2 -4 -4 -2 -3 -3 -2  0 -2 -2 -3 -3 0 0 1 0 0.02
-2 -3 -3 -3 -2 -3 -3 -3 -1  0  0 -3  0  6 -4 -2 -2  1  3 -1 0 1 0 0 0.02
-2 -2 -2 -3 -2 -1 -2 -3  2 -1 -1 -2 -1  3 -3 -2 -2  2  7 -1 0 1 0 0 0.02
 1 -1  1  0 -1  0  0  0 -1 -2 -2  0 -1 -2 -1  4  1 -3 -2 -2 0 1 0 0 0.02
 0 -1  0 -1 -1 -1 -1 -2 -2 -1 -1 -1 -1 -2 -1  1  4 -2 -2  0 0 1 0 0 0.02
-2 -2  1  6 -3  0  1 -1 -1 -3 -4 -1 -3 -3 -1  0 -1 -4 -3 -3 0 0 1 1 0.02
-2  0  6  1 -3  0  0  0  1 -3 -3  0 -2 -3 -2  1  0 -4 -2 -3 0 0 1 0 0.02
-1  2  0 -1 -3  1  1 -2 -1 -3 -2  4 -1 -3 -1  0 -1 -3 -2 -2 1 0 0 1 0.03
-2 -2 -2 -3 -2 -1 -2 -3  2 -1 -1 -2 -1  3 -3 -2 -2  2  7 -1 1 0 0 0 0.03
-2 -2  1  6 -3  0  1 -1 -1 -3 -4 -1 -3 -3 -1  0 -1 -4 -3 -3 1 0 0 0 0.04
 4 -1 -2 -2  0 -1 -1  0 -2 -1 -1 -1 -1 -2 -1  1  0 -2 -2  0 1 0 0 0 0.06
 4 -1 -2 -2  0 -1 -1  0 -2 -1 -1 -1 -1 -2 -1  1  0 -2 -2  0 1 0 0 0 0.07
 0 -2  0 -1 -2 -2 -2  6 -2 -4 -4 -2 -3 -3 -2  0 -2 -2 -3 -3 0 0 1 1 0.07
-2 -2 -2 -3 -2 -1 -2 -3  2 -1 -1 -2 -1  3 -3 -2 -2  2  7 -1 0 0 1 1 0.09
 1 -1  1  0 -1  0  0  0 -1 -2 -2  0 -1 -2 -1  4  1 -3 -2 -2 0 0 1 0 0.09
 0 -2 -3 -3 -1 -2 -2 -3 -3  3  1 -2  1 -1 -2 -2  0 -3 -1  4 0 0 1 0 0.10
-2 -2  1  6 -3  0  1 -1 -1 -3 -4 -1 -3 -3 -1  0 -1 -4 -3 -3 0 0 1 1 0.11
-2  0  6  1 -3  0  0  0  1 -3 -3  0 -2 -3 -2  1  0 -4 -2 -3 0 0 1 1 0.13
-1  0  0  1 -4  2  5 -2  0 -3 -3  1 -2 -3 -1  0 -1 -3 -2 -2 0 0 1 1 0.13
-2  0  6  1 -3  0  0  0  1 -3 -3  0 -2 -3 -2  1  0 -4 -2 -3 0 0 1 1 0.11
-1 -2 -2 -1 -3 -1 -1 -2 -2 -3 -3 -1 -2 -4  7 -1 -1 -4 -3 -2 0 0 1 1 0.11
-1 -2 -3 -4 -1 -2 -3 -4 -3  2  4 -2  2  0 -3 -2 -1 -2 -1  1 0 0 1 1 0.11
 1 -1  1  0 -1  0  0  0 -1 -2 -2  0 -1 -2 -1  4  1 -3 -2 -2 0 0 1 1 0.11
 0 -2  0 -1 -2 -2 -2  6 -2 -4 -4 -2 -3 -3 -2  0 -2 -2 -3 -3 0 0 1 0 0.11
-1  2  0 -1 -3  1  1 -2 -1 -3 -2  4 -1 -3 -1  0 -1 -3 -2 -2 0 0 1 1 0.10
 4 -1 -2 -2  0 -1 -1  0 -2 -1 -1 -1 -1 -2 -1  1  0 -2 -2  0 0 0 1 0 0.09
 0 -2  0 -1 -2 -2 -2  6 -2 -4 -4 -2 -3 -3 -2  0 -2 -2 -3 -3 0 0 1 0 0.07
 0 -2  0 -1 -2 -2 -2  6 -2 -4 -4 -2 -3 -3 -2  0 -2 -2 -3 -3 0 1 0 0 0.06
 0 -2 -3 -3 -1 -2 -2 -3 -3  3  1 -2  1 -1 -2 -2  0 -3 -1  4 0 1 0 0 0.04
 0 -2 -3 -3 -1 -2 -2 -3 -3  3  1 -2  1 -1 -2 -2  0 -3 -1  4 0 1 0 0 0.03
-1  2  0 -1 -3  1  1 -2 -1 -3 -2  4 -1 -3 -1  0 -1 -3 -2 -2 0 1 0 1 0.03
 0 -2 -3 -3 -1 -2 -2 -3 -3  3  1 -2  1 -1 -2 -2  0 -3 -1  4 0 1 0 0 0.02
 0 -1  0 -1 -1 -1 -1 -2 -2 -1 -1 -1 -1 -2 -1  1  4 -2 -2  0 0 1 0 1 0.02
-2 -2 -2 -3 -2 -1 -2 -3  2 -1 -1 -2 -1  3 -3 -2 -2  2  7 -1 0 0 1 0 0.02
-1 -2 -2 -1 -3 -1 -1 -2 -2 -3 -3 -1 -2 -4  7 -1 -1 -4 -3 -2 0 0 1 1 0.02
 0 -2  0 -1 -2 -2 -2  6 -2 -4 -4 -2 -3 -3 -2  0 -2 -2 -3 -3 0 0 1 1 0.02
-1 -2 -3 -4 -1 -2 -3 -4 -3  2  4 -2  2  0 -3 -2 -1 -2 -1  1 0 1 0 1 0.02
 0 -1  0 -1 -1 -1 -1 -2 -2 -1 -1 -1 -1 -2 -1  1  4 -2 -2  0 0 1 0 0 0.02
-1  2  0 -1 -3  1  1 -2 -1 -3 -3  5 -1 -3 -1  0 -1 -3 -2 -2 0 1 0 0 0.02
-1 -3 -3 -4 -1 -2 -3 -4 -3  2  3 -3  2  0 -3 -2 -1 -2 -1  3 0 1 0 0 0.03
-2 -2 -4 -4 -1 -2 -3 -4 -3  2  4 -3  2  0 -3 -3 -1 -2 -1  1 0 1 0 0 0.03
 3  0 -1 -1 -2  4  1 -1  0 -2 -2  0 -1 -3 -1  1  0 -2 -2 -1 0 1 0 0 0.04
-1 -2 -1 -2 -1 -1 -2 -3 -2  1  3 -2  1 -1 -2  0  3 -2 -1  0 0 1 0 0 0.06
 3  1 -1 -1 -2  0  0 -1 -1 -2 -2  3 -1 -3 -1  1  0 -3 -2 -1 0 0 1 1 0.06
 3 -2 -2 -3 -1 -2 -2 -1 -2  1  0 -2  0 -2 -2  0  0 -3 -2  3 0 0 1 0 0.07
-2 -2  1  6 -4  0  2 -1 -1 -3 -4 -1 -3 -4 -2  0 -1 -5 -3 -3 0 0 1 1 0.08
-1  0  4  1 -3  1  4 -1  0 -3 -3  0 -2 -3 -2  0  0 -4 -2 -3 0 0 1 1 0.10
 4 -2 -2 -2  0 -1 -1  0 -2 -1 -2 -1 -1 -2 -1  1  0 -3 -2  0 1 0 0 0 0.11
-1  0  0  2 -4  2  5 -2  0 -3 -3  1 -2 -3 -1  0 -1 -3 -2 -3 1 0 0 1 0.13
 0 -2  0 -1 -2 -1 -2  4 -2 -2 -2 -1 -2 -3 -2  1  3 -3 -2 -1 1 0 0 1 0.16
-1 -3 -3 -3 -1 -3 -3 -4 -3  4  1 -3  1 -1 -3 -2  0 -3 -1  3 1 0 0 0 0.14
-1  2  0 -1 -3  1  1 -2 -1 -3 -3  5 -1 -3 -1  0 -1 -3 -2 -2 1 0 0 0 0.16
-1  2  0 -1 -3  1  1 -2 -1 -3 -3  5 -1 -3 -1  0 -1 -3 -2 -2 1 0 0 1 0.18
-1  0  0  1 -4  1  4 -2  6 -3 -3  0 -2 -2 -2 -1 -1 -3  0 -3 1 0 0 1 0.16
-1 -1 -2  0 -2  1  3 -3 -1  0  2  0  1 -1 -2 -1 -1 -2 -2  0 1 0 0 0 0.17
 0  1  0 -1 -3  0  0  4 -1 -3 -3  3 -2 -3 -2  0 -1 -3 -3 -3 0 0 1 1 0.19
-2 -2 -4 -4 -1 -2 -3 -4 -3  2  4 -3  2  0 -3 -3 -1 -2 -1  1 0 0 1 0 0.22
 0  0  0  1 -2  1  4 -1 -1 -3 -3  0 -2 -3 -1  3  0 -3 -2 -2 0 0 1 1 0.21
 0 -1 -1 -2 -1 -1 -1 -2 -2  0  2 -1  1 -1 -2  2  0 -2 -1  0 0 0 1 1 0.22
 0 -2 -1 -2 -1 -1 -2 -2 -3  1  0 -1  0 -2 -2  0  3 -3 -2  3 0 0 1 1 0.19
-1  4  0  0 -4  2  4 -2  0 -3 -3  2 -2 -3 -2  0 -1 -3 -2 -3 0 0 1 1 0.16
-1  1 -1 -1 -3  0  0 -2 -1 -3 -3  3 -2 -4  6 -1 -1 -4 -3 -3 0 0 1 0 0.16
-1  0 -1 -2 -2  4  0 -3 -1  0  2  0  1 -1 -2 -1 -1 -2 -1  0 1 0 0 0 0.14
-1 -2 -3 -4 -1 -1 -3 -3 -2  1  3 -2  5  0 -3 -2 -1 -2 -1  1 1 0 0 0 0.15
-1 -1  1  5 -4  1  4 -2 -1 -3 -3  0 -3 -4 -1  0 -1 -4 -3 -3 1 0 0 1 0.13
 0  0  0 -1 -3  4  1  4 -1 -3 -3  0 -1 -3 -2  0 -1 -2 -2 -3 1 0 0 0 0.13
 0 -3 -2 -2 -2 -2 -2  4 -3  1 -1 -2 -1 -2 -2 -1 -1 -3 -2  2 0 0 1 0 0.12
 0 -1  0  0 -3  1  3  4 -1 -4 -3  0 -3 -3 -2  0 -1 -3 -3 -3 0 0 1 0 0.10
 0  0  0 -1 -2  4  1 -2  0 -2 -2  0 -1 -3 -1  1  3 -2 -2 -1 0 0 1 1 0.08
-1  0  0  2 -4  2  5 -2  0 -3 -3  1 -2 -3 -1  0 -1 -3 -2 -3 1 0 0 1 0.06
-1  0  0  2 -4  2  5 -2  0 -3 -3  1 -2 -3 -1  0 -1 -3 -2 -3 1 0 0 1 0.05
-2 -3 -3 -4 -3 -3 -3 -3 -1  0  0 -3  0  7 -4 -3 -2  1  3 -1 1 0 0 0 0.03
-1 -3 -3 -3 -1 -3 -3 -4 -4  4  2 -3  1  0 -3 -3 -1 -3 -1  3 1 0 0 0 0.03
-1  1  0  1 -4  2  4 -2  0 -3 -3  3 -2 -3 -1  0 -1 -3 -2 -3 1 0 0 1 0.02
-2  4 -2 -3 -2  0 -1 -3 -1  0  2  1  1 -1 -3 -2 -1 -2 -1  0 1 0 0 1 0.02
-2 -3 -3 -4 -2 -3 -3 -4 -2  1  3 -3  1  5 -3 -3 -2  0  2  0 1 0 0 0 0.02
 3 -2 -1 -2 -1 -1 -2  4 -2 -2 -3 -1 -2 -3 -2  1 -1 -3 -3 -1 0 0 1 0 0.02
-1  1  1  4 -4  1  1 -2 -1 -3 -3  3 -2 -4 -1  0 -1 -4 -3 -3 0 0 1 1 0.02
-1 -1  4  0 -3 -1 -1  4  0 -4 -4 -1 -3 -3 -2  0 -1 -3 -3 -3 0 0 1 1 0.02
 3 -2 -2 -2 -1 -1 -1 -1 -2 -2 -2 -1 -2 -3  6  0 -1 -3 -2 -1 0 0 1 0 0.02
 0  4  0 -1 -2  1  0 -1 -1 -3 -2  1 -2 -3 -2  3  0 -3 -2 -2 0 0 1 1 0.02
 3  4 -1 -2 -2  0 -1 -1 -1 -2 -2  1 -1 -3 -2  0 -1 -3 -2 -1 0 1 0 0 0.01
 0 -3 -3 -3 -1 -2 -3 -3 -3  3  1 -2  1 -1 -3 -2  0 -3 -1  4 0 1 0 0 0.01
-1 -3 -4 -4 -2 -2 -3 -3 -3  1  0 -3  0  0 -3 -2 -1  9  1  2 0 1 0 0 0.01
 3 -2 -2 -3 -1 -2 -2 -1 -2  0  2 -2  1 -1 -2  0 -1 -2 -2  0 0 1 0 0 0.02
 1 -1  0 -1 -1  0 -1 -1 -1 -2 -2  0 -1 -2 -1  3  4 -3 -2 -1 0 1 0 0 0.02
-2 -2 -4 -4 -1 -2 -3 -4 -3  2  4 -3  2  0 -3 -3 -1 -2 -1  1 0 1 0 0 0.03
 0 -1 -1 -1 -1  0  0 -1 -1 -1 -1  0 -1 -2  6  0  0 -1 -1 -1 0 1 0 1 0.04
-1 -1 -1 -1 -1 -1 -1 -1 -1  0  0 -1  0  5 -1 -1 -1  1  2 -1 0 0 1 0 0.04
 3  0 -1 -1 -2  4  1 -1  0 -2 -2  0 -1 -3 -1  1  0 -2 -2 -1 0 0 1 1 0.05
-1  0  0  2 -4  2  5 -2  0 -3 -3  1 -2 -3 -1  0 -1 -3 -2 -3 0 0 1 1 0.07
 1 -2  0 -1 -2 -1 -1  4 -2 -3 -3 -1 -2 -3 -2  3  0 -3 -2 -2 0 0 1 1 0.09
 0 -2 -1 -2 -2 -1 -1 -1 -1 -1 -1 -1 -1  5 -2  2  0  0  2 -1 0 0 1 1 0.10
 1 -1  0 -1 -1  0 -1 -1 -1 -2 -2  0 -1 -2 -1  3  4 -3 -2 -1 0 0 1 1 0.09
 1 -1  1  0 -1  0  0  0 -1 -3 -3  0 -2 -3 -1  4  1 -3 -2 -2 0 0 1 0 0.09
-1 -2 -3 -3 -1 -1 -2 -3 -2  2  2 -2  4  0 -3 -2  0 -2 -1  3 0 1 0 1 0.08
 0  0  0  1 -2  1  4 -1  0 -1 -1  0 -1 -1  0  0  0 -1 -1 -1 0 1 0 0 0.08
-1 -1 -1 -1 -1 -1 -1 -1  1 -1 -1 -1 -1  2 -1 -1 -1  1  5 -1 0 1 0 0 0.10
-1 -1 -1 -1 -1 -1 -1 -1 -1  3  1 -1  1  0 -1 -1  0 -1 -1  2 0 1 0 0 0.10
-1  0  4  1 -1  0  0  0  0 -2 -1  0 -1 -1 -1  0  0 -1 -1 -1 0 1 0 0 0.10
-2  0  6  1 -3  0  0  0  1 -3 -4  0 -2 -3 -2  1  0 -4 -2 -3 0 0 1 0 0.08
-1 -3 -2 -3 -3 -2 -3  4 -2 -3 -3 -2 -2  0 -3 -1 -2  9  1 -3 0 0 1 0 0.08
-1  1  0  1 -4  2  4 -2  0 -3 -3  3 -2 -3 -1  0 -1 -3 -2 -3 0 0 1 1 0.06
-1  0 -1 -1 -3  4  1 -2 -1 -3 -3  0 -1 -4  6  0 -1 -3 -2 -2 0 0 1 1 0.07
 4 -2 -2 -2  0 -1 -1  0 -2 -1 -2 -1 -1 -2 -1  1  0 -3 -2  0 0 0 1 0 0.07
 3  1 -1 -1 -2  0  0 -1 -1 -2 -2  3 -1 -3 -1  1  0 -3 -2 -1 0 0 1 1 0.07
 3 -1  0 -1 -1  0 -1  0 -1 -2 -2  0 -1 -2 -1  3  1 -3 -2 -1 0 0 1 1 0.07
-2 -2 -4 -4 -1 -2 -3 -4 -3  2  4 -3  2  0 -3 -3 -1 -2 -1  1 0 0 1 0 0.05
 0 -1  1  4 -2  0  1 -1 -1 -3 -3  0 -2 -3 -1  3  0 -4 -2 -2 0 1 0 1 0.06
 3 -2 -2 -3 -1 -2 -2 -1 -2  1  0 -2  0 -2 -2  0  0 -3 -2  3 0 1 0 0 0.06
-1  0  0  2 -4  2  5 -2  0 -3 -3  1 -2 -3 -1  0 -1 -3 -2 -3 0 1 0 1 0.07
 3 -2 -2 -3 -1 -2 -2 -1 -2  0  2 -2  1 -1 -2  0 -1 -2 -2  0 0 1 0 1 0.09
-1 -1  1  5 -4  1  4 -2 -1 -3 -3  0 -3 -4 -1  0 -1 -4 -3 -3 0 1 0 1 0.10
-1 -3 -3 -3 -1 -3 -3 -4 -4  4  2 -3  1  0 -3 -3 -1 -3 -1  3 0 1 0 1 0.11
-1 -1  4  0 -2  0 -1 -1  0 -2 -2  0 -1 -3 -2  1  3 -3 -2 -1 0 0 1 1 0.11
-2  0 -1 -2 -3  4  0 -3  0 -1 -1  0  0  5 -2 -1 -1  0  2 -2 1 0 0 0 0.15
-1  0  0  2 -4  2  5 -2  0 -3 -3  1 -2 -3 -1  0 -1 -3 -2 -3 1 0 0 1 0.17
 0 -1  0  1 -2  1  4 -2 -1 -2 -2  0 -1 -3 -1  1  3 -3 -2 -1 1 0 0 1 0.15
-2  4 -1 -2 -3  0 -1 -3  1 -2 -2  1 -1  1 -3 -1 -1  1  5 -2 1 0 0 1 0.18
 1 -2  0 -1 -2 -1 -1  4 -2 -3 -3 -1 -2 -3 -2  3  0 -3 -2 -2 1 0 0 1 0.19
-1  2  0 -1 -3  4  1 -2  0 -3 -2  4 -1 -3 -1  0 -1 -3 -2 -2 1 0 0 1 0.17
-1  4  0  0 -4  2  4 -2  0 -3 -3  2 -2 -3 -2  0 -1 -3 -2 -3 1 0 0 1 0.17
 0 -3  0 -1 -3 -2 -2  6 -2 -4 -4 -2 -3 -3 -2  0 -2 -3 -3 -3 1 0 0 0 0.16
-1  0 -1 -2 -2  4  0 -3 -1  1  0  0  0 -2 -2 -1  0 -3 -1  2 1 0 0 0 0.17
-2 -2  1  6 -4  0  2 -1 -1 -3 -4 -1 -3 -4 -2  0 -1 -5 -3 -3 1 0 0 1 0.15
 3 -1 -1  0 -2  1  4 -1 -1 -2 -2  0 -2 -3 -1  1  0 -3 -2 -1 1 0 0 0 0.15
 3 -2 -2 -3 -1 -1 -1 -1 -2  0  1 -1  4 -1 -2  0  0 -2 -1  0 1 0 0 0 0.12
-1  1 -1 -2 -3  0  0 -2  1 -2 -2  3 -1  1 -2 -1 -1  1  5 -2 1 0 0 1 0.09
 3 -1 -1  0 -2  1  4 -1 -1 -2 -2  0 -2 -3 -1  1  0 -3 -2 -1 1 0 0 1 0.07
-1 -2 -2 -3 -2 -1 -2 -3  1  0  1 -2  4  2 -3 -2 -1  1  5  0 1 0 0 0 0.06
 3 -2 -2 -3 -1 -1 -1 -1 -2  0  1 -1  4 -1 -2  0  0 -2 -1  0 1 0 0 1 0.04
 3 -1 -1 -1 -1 -1 -1 -1 -2 -1 -1 -1 -1 -2 -1  1  3 -3 -2  0 0 0 1 1 0.03
-1  1  0  1 -4  4  4 -2  0 -3 -3  1 -1 -3 -1  0 -1 -3 -2 -3 0 0 1 1 0.05
 3 -2 -2 -3 -1 -2 -2 -1 -3  3  0 -2  0 -1 -2  0  0 -3 -2  2 1 0 0 0 0.04
 0 -3 -1 -2  7 -2 -3  4 -3 -2 -2 -2 -2 -3 -3 -1 -1 -3 -3 -2 1 0 0 1 0.04
 3 -1 -1  0 -2  1  4 -1 -1 -2 -2  0 -2 -3 -1  1  0 -3 -2 -1 1 0 0 1 0.04
 0 -3  0 -1 -3 -2 -2  6 -2 -4 -4 -2 -3 -3 -2  0 -2 -3 -3 -3 0 0 1 1 0.05
-1 -1  4  0 -2 -1 -1 -2 -1  1 -1 -1  0 -2 -2  0  0 -4 -2  2 0 0 1 1 0.06
-2  6  0 -2 -4  1  0 -3  0 -3 -2  2 -1 -3 -2 -1 -1 -3 -2 -3 0 0 1 1 0.07
-1 -3 -3 -4 -1 -2 -3 -4 -3  2  3 -3  2  0 -3 -2 -1 -2 -1  3 0 1 0 0 0.09
-1  4  0 -1 -3  4  1 -2  0 -3 -2  2 -1 -3 -2  0 -1 -2 -2 -3 0 1 0 1 0.09
-1  4 -1 -2 -2  0 -1 -3 -1  0  1  1  4 -1 -2 -1 -1 -2 -1 -1 0 1 0 1 0.10
 1 -1  0 -1 -1  0 -1 -1 -1 -2 -2  0 -1 -2 -1  3  4 -3 -2 -1 0 1 0 0 0.09
 0 -3 -3 -3 -1 -2 -3 -3 -3  3  1 -2  1 -1 -3 -2  0 -3 -1  4 0 0 1 0 0.08
 0 -3  0 -1 -3 -2 -2  6 -2 -4 -4 -2 -3 -3 -2  0 -2 -3 -3 -3 0 0 1 1 0.07
 0 -1  0 -1 -2 -1 -1 -1 -2 -3 -3 -1 -2 -3  6  3  0 -3 -2 -2 0 0 1 1 0.08
 0  0  0  1 -2  1  4 -1 -1 -3 -3  0 -2 -3 -1  3  0 -3 -2 -2 0 0 1 1 0.10
-2 -3 -4 -4 -1 -3 -3 -4 -3  3  3 -3  2  0 -3 -3 -1 -2 -1  2 0 0 1 1 0.07
 0 -1 -1 -2 -1 -1 -1 -2 -2  0  2 -1  1 -1 -2  2  0 -2 -1  0 0 0 1 1 0.05
 0 -4 -3 -4  9 -3 -4 -3 -3 -1 -1 -3 -2 -3 -3 -1 -1 -3 -3 -1 0 0 1 0 0.04
-1  1 -1 -2 -2  0 -1 -3 -2  2  0  3  0 -1 -2 -1 -1 -3 -2  1 0 0 1 0 0.03
-2  4  4  0 -3  1  0 -1  0 -3 -3  1 -2 -3 -2  0 -1 -3 -2 -3 0 0 1 1 0.02
 3 -2 -2 -3 -1 -2 -2 -1 -2  0  2 -2  1 -1 -2  0 -1 -2 -2  0 0 0 1 0 0.02
-2 -2  1  6 -4  0  2 -1 -1 -3 -4 -1 -3 -4 -2  0 -1 -5 -3 -3 0 0 1 1 0.02
-2 -3 -4 -4 -2 -3 -3 -3 -3  3  0 -3  0  0 -3 -3 -2  9  1  1 1 0 0 0 0.02
-2 -2  1  6 -4  0  2 -2 -1 -3 -4 -1 -3 -4 -2  0 -1 -5 -3 -3 1 0 0 1 0.02
-1 -3 -3 -4  6 -3 -3 -3 -3  3  1 -3  0 -1 -3 -2 -1 -3 -2  3 1 0 0 1 0.02
-1 -3 -3 -3 -1 -3 -3 -4 -3  4  1 -3  1  0 -3 -2 -1 -3 -1  3 1 0 0 0 0.03
-2  6 -1 -2 -4  1  0 -3  0 -3 -2  2 -2 -3 -2 -1 -1 -3 -2 -3 1 0 0 1 0.04
-2 -2  1  5 -4 -1  1 -2 -2 -3 -4 -1 -3 -4  5 -1 -1 -4 -3 -3 1 0 0 1 0.07
 0  0 -1 -1 -2  0  0 -2 -1 -1  1  2  0 -1 -2  2  0 -3 -2 -1 1 0 0 1 0.10
-1 -1 -1  0 -2  0  2 -3 -1  0  2 -1  0 -1 -2  0  2 -2 -2  0 1 0 0 0 0.09
-1  2  0 -1 -3  4  1 -2  0 -3 -3  4 -1 -3 -1  0 -1 -3 -2 -2 1 0 0 1 0.13
-1 -1  0  4 -3  1  3 -2 -1 -2 -3  0 -2 -3 -1  0  2 -3 -2 -2 1 0 0 1 0.17
-1  2  3  0 -3  1  0 -1  0 -3 -3  4 -2 -3 -1  0 -1 -3 -2 -3 1 0 0 1 0.20
-1 -1 -2 -2 -2  3  0 -3 -1  2  2 -1  1 -1 -2 -2 -1 -2 -1  1 1 0 0 0 0.21
-1 -2 -2 -1 -3  0  2 -3 -1 -2 -1 -1 -1  3  5 -1 -1 -1  1 -2 1 0 0 1 0.22
 0 -1  0 -1 -1  0 -1 -2 -2  0  0 -1  3 -1 -2  2  3 -2 -2  0 1 0 0 1 0.30
 3 -2 -2 -2 -1 -1 -2 -1 -2  0  2 -1  0 -1 -1  0  0 -2 -2  0 1 0 0 0 0.30
-1  1  0  1 -4  2  4 -2  0 -3 -3  3 -2 -3 -1  0 -1 -3 -2 -3 1 0 0 1 0.42
-1  0 -1  0 -3  1  3 -3 -1  2 -1  2  0 -2 -2 -1 -1 -3 -2  0 1 0 0 1 0.46
-1 -2 -1 -2 -3 -1 -1 -2  5 -3 -3 -1 -2 -3  7 -1 -1 -3 -1 -3 0 0 1 1 0.50
 2  3 -1 -2 -2  0 -1  3 -1 -3 -2  0 -2 -3 -2  0 -1 -3 -2 -2 0 0 1 1 0.46
-1  0 -1 -1 -3  0  0 -2 -2 -3 -3  2 -2 -4  7 -1 -1 -4 -3 -3 0 0 1 1 0.42
-1 -3 -3 -3 -1 -3 -3 -4 -3  3  1 -3  1 -1 -3 -2  0 -3 -1  4 1 0 0 0 0.39
-1  1  0  0 -3  4  3 -2  0 -3 -3  3 -1 -3 -1  0 -1 -3 -2 -3 1 0 0 1 0.36
-1  1  3  0 -2  1  0 -1  0 -2 -2  3 -1 -2 -1  0  0 -2 -1 -2 1 0 0 1 0.43
-1  0 -1 -1 -3  0  0 -2 -2 -3 -3  2 -2 -4  7 -1 -1 -4 -3 -3 1 0 0 1 0.38
 2 -2 -1 -2 -1 -1 -2  3 -2 -1  0 -1  3 -2 -2  0 -1 -2 -2 -1 0 0 1 0 0.38
 0 -1  4  0 -2  0  0  0  0 -3 -3  0 -2 -3 -1  4  1 -3 -2 -2 0 0 1 1 0.36
-1  1  0  1 -4  2  4 -2  0 -3 -3  3 -2 -3 -1  0 -1 -3 -2 -3 0 0 1 1 0.43
 1 -1  0  0 -1  0 -1  3 -1 -2 -2 -1 -1 -2 -1  2  0 -2 -1 -2 0 0 1 1 0.40
-1 -1 -1  0 -2  1  3 -1 -1 -2 -2  0 -1 -2  5  0 -1 -2 -2 -2 0 0 1 1 0.35
-1 -1  3  0 -3  0  3 -2 -1 -1  1  0  0 -2 -2  0 -1 -3 -2 -1 0 0 1 1 0.38
-1  0 -2 -2 -2 -1 -1 -3 -2  2  2  2  1 -1 -2 -2 -1 -3 -2  1 0 0 1 1 0.29
 2 -2 -1 -2 -1 -1 -1 -1 -2  1  0 -1  0 -2 -1  1  3 -3 -2  2 0 0 1 1 0.26
-1 -3 -4 -4 -2 -3 -3 -3 -3  3  0 -3  0  0 -3 -2 -1  8  0  2 0 0 1 1 0.22
 3 -1  0 -1 -1  0  0  0 -1 -2 -2  0 -1 -3 -1  4  1 -3 -2 -1 0 0 1 1 0.26
-1  4  0  0 -4  1  3 -2  0 -3 -3  3 -2 -3 -2  0 -1 -3 -2 -3 1 0 0 1 0.22
-1  0  0  1 -4  4  5 -2  0 -3 -3  1 -2 -3 -1  0 -1 -3 -2 -3 1 0 0 1 0.18
-1  4  3  0 -3  1  0 -1  0 -3 -3  3 -2 -3 -2  0 -1 -3 -2 -3 1 0 0 1 0.15
 4 -1 -1 -1 -1 -1 -1  0 -2 -2 -2 -1 -1 -2 -1  3  0 -3 -2 -1 1 0 0 0 0.12
-1  2  0 -1 -3  1  1 -2 -1 -3 -3  5 -2 -3 -1  0 -1 -3 -2 -3 1 0 0 1 0.11
 2  0 -1  0 -2  3  3 -1  0 -3 -2  1 -1 -3 -1  0 -1 -3 -2 -2 1 0 0 1 0.11
 2 -1 -1 -2 -1 -1 -1 -1  0 -2 -2 -1 -1  1 -2  2  0  0  4 -1 1 0 0 0 0.12
-2 -3 -4 -4 -2 -3 -3 -4 -2  1  3 -3  2  4 -3 -3 -2 -1  1  0 1 0 0 0 0.10
-2 -1  1  5 -4  1  3 -2 -1 -3 -4  0 -3 -4 -2  0 -1 -4 -3 -3 1 0 0 1 0.07
-1  1  0  4 -4  1  3 -2 -1 -3 -3  3 -2 -4 -1  0 -1 -4 -2 -3 1 0 0 1 0.07
-2 -3 -3 -4 -2 -3 -3 -3 -2  1  1 -3  0  6 -3 -2 -1  0  2  2 1 0 0 0 0.05
-2  0  0 -1 -3  3  1 -2  7 -3 -3  0 -1 -2 -2 -1 -1 -2  1 -3 1 0 0 0 0.04
-1 -1  0  3 -3  3  1  3 -1 -3 -3  0 -2 -4 -2  0 -1 -3 -3 -3 1 0 0 1 0.04
-1  3  0 -1 -2  3  1 -2  0 -2 -2  1 -1 -3 -2  0  2 -3 -2 -2 1 0 0 1 0.04
 2 -2 -3 -3 -1 -2 -2 -2 -3  1  3 -2  1  0 -2 -1 -1 -2 -1  0 1 0 0 0 0.04
-1  0 -2 -2 -2  0 -1 -3  0  0  2  2  0  1 -2 -1 -1  0  4 -1 1 0 0 0 0.04
-1  1  3  1 -3  1  3 -1  0 -3 -3  3 -2 -3 -1  0 -1 -3 -2 -3 0 0 1 1 0.03
-1  0  0  0 -3  4  3 -2  5 -3 -3  1 -1 -3 -2  0 -1 -3  0 -3 0 0 1 1 0.03
-2 -3 -3 -3 -2 -2 -2 -3 -2  0  2 -2  0  4  5 -2 -2 -1  1 -1 0 0 1 0 0.04
-1  0  5  1 -3  1  3 -1  0 -4 -4  0 -2 -3 -2  0  0 -4 -2 -3 0 0 1 1 0.04
-2 -2 -4 -4 -1 -2 -3 -4 -3  2  4 -3  2  0 -3 -3 -1 -2 -1  1 1 0 0 0 0.04
 0 -1  0 -1 -2 -1 -1 -1 -2 -2 -2 -1 -2 -3  5  2  3 -3 -2 -1 1 0 0 1 0.04
-1  0  0  2 -4  2  5 -2  0 -4 -3  1 -2 -4 -1  0 -1 -3 -2 -3 1 0 0 1 0.05
-1 -3 -2 -3 -2 -3 -3  3 -2  0  2 -2  0  4 -3 -2 -2 -1  1 -1 0 0 1 1 0.05
-1  0  3  0 -3  0  0 -1 -1 -3 -3  2 -2 -4  5  0 -1 -4 -2 -3 0 0 1 1 0.05
-1 -2 -1 -2 -1 -1 -2 -2 -2  0  2 -1  1 -1 -2  1  4 -2 -2  0 0 0 1 1 0.06
 0 -1 -2 -2 -1 -1 -1 -2 -2  2  1 -1  0 -1 -1 -1  0 -2 -1  3 0 1 0 0 0.05
 0 -1  0  0 -1  0  0 -1 -1 -1 -1  0 -1 -2  0  2  3 -2 -1 -1 0 0 1 1 0.06
 0  3  0 -1 -2  0 -1  3 -1 -2 -2  1 -1 -2 -1  0 -1 -2 -1 -2 0 0 1 0 0.06
 0 -1  0 -1 -1  0 -1 -1 -1 -1 -1  0 -1 -1 -1  1  4 -1 -1  0 0 0 1 0 0.06
-1  0  5  1 -3  1  3 -1  0 -4 -4  0 -2 -3 -2  0  0 -4 -2 -3 0 0 1 1 0.05
-1  4 -1 -1 -3  1  0 -2 -1 -3 -3  3 -2 -3  5 -1 -1 -3 -2 -3 1 0 0 0 0.04
 3 -2 -2 -2 -1 -1 -1 -1 -2  1 -1 -1  0 -2 -1  0  0 -3 -2  2 1 0 0 0 0.03
-2 -3 -3 -4 -2 -3 -3 -4 -2  0  2 -3  1  6 -4 -3 -2  0  2  0 1 0 0 0 0.02
 3 -1 -1 -1  0  0 -1  0 -1 -1 -1  0 -1 -2  0  1  0 -2 -1  0 1 0 0 0 0.02
 0 -1 -1 -1 -1 -1 -1  3 -2  1 -1 -1  0 -1 -1 -1  0 -2 -1  2 1 0 0 0 0.01
 3 -1 -1 -1  0  0 -1  0 -1 -1 -1  0 -1 -2  0  1  0 -2 -1  0 1 0 0 0 0.01
 0 -1  3  0 -2  0 -1  3  0 -2 -2 -1 -2 -2 -1  0  0 -2 -2 -2 1 0 0 0 0.01
-2 -2 -3 -4 -2 -2 -3 -4 -1  1  3 -2  1  2 -3 -2 -1  0  4  0 1 0 0 0 0.01
 4 -2 -2 -2 -1 -1 -1  0 -2 -1 -2 -1 -1 -2 -1  1  0 -3 -2  0 1 0 0 0 0.01
 2 -2 -3 -3 -1 -2 -2 -2 -3  1  3 -2  1  0 -2 -1 -1 -2 -1  0 1 0 0 0 0.01
-3 -3 -3 -4 -3 -2 -3 -3  0 -2 -2 -3 -1  2 -4 -3 -2 10  5 -2 1 0 0 0 0.01
 3 -2 -1 -2 -1 -1 -1  3 -2 -2 -2 -1 -2 -3 -1  1 -1 -3 -2 -1 1 0 0 0 0.01
-1  0 -2 -2 -2  0 -1 -3  0  0 -1  2  0  1 -2 -1 -1  0  4  2 1 0 0 0 0.01
 2 -1  4  4 -2  0  0 -1 -1 -3 -3 -1 -2 -3 -2  1  0 -4 -2 -2 1 0 0 0 0.01
-1 -2 -3 -3 -1 -2 -3 -3 -3  2  1 -2  4 -1 -3 -2  0 -3 -1  3 1 0 0 0 0.01
 3 -2 -2 -2 -1 -1 -1 -1  0 -1 -1 -1 -1  1 -2  0 -1  0  4 -1 1 0 0 0 0.01
-1  0  0  4 -4  4  3 -2  0 -3 -3  1 -2 -4 -1  0 -1 -3 -2 -3 1 0 0 1 0.01
-1 -3 -3 -4 -1 -2 -3 -4 -3  2  2 -3  1  0 -3 -2  0 -3 -1  3 1 0 0 0 0.02
 2 -3 -3 -3 -1 -2 -2 -2 -2  2  0 -2  0  4 -2 -1 -1 -1  1  1 0 0 1 0 0.02
 0  0  1  3 -2  0  1 -1 -1 -3 -3  2 -2 -3 -1  2  0 -4 -2 -3 0 0 1 1 0.03
 1 -1  0 -1 -1  0  0 -1 -1 -2 -2  0 -1 -3 -1  4  3 -3 -2 -1 0 0 1 1 0.04
-1 -1  0  4 -4  1  5 -2  0 -3 -3  0 -3 -4 -1  0 -1 -4 -3 -3 0 0 1 1 0.04
-1 -1  4  0 -2 -1 -1 -1 -1 -2 -2 -1 -1 -3 -2  1  4 -3 -2 -1 0 0 1 1 0.04
 2 -2 -1 -2 -1 -1 -1 -1 -2  0 -1 -1  0 -2 -1  2  1 -3 -2  2 0 0 1 0 0.05
-1 -1  1  5 -3  0  1 -1 -1 -3 -3 -1 -3 -3 -1  2  0 -4 -3 -3 0 0 1 1 0.05
 0 -2  3 -1 -2 -1 -2  3 -1  0 -1 -1 -1 -2 -2  0 -1 -3 -2  1 1 0 0 1 0.05
-2 -2 -4 -4 -1 -2 -3 -4 -3  2  4 -3  2  0 -3 -3 -1 -2 -1  1 1 0 0 0 0.04
-1 -1  0  4 -4  1  5 -2  0 -3 -3  0 -3 -4 -1  0 -1 -4 -3 -3 1 0 0 1 0.04
-1  1 -1 -1 -3  0  0 -2 -2  2 -1  4  0 -2 -2 -1 -1 -3 -2  0 1 0 0 0 0.04
 3 -1 -1 -2 -1 -1 -1  0 -2 -1 -2 -1 -1 -2 -1  1  3 -3 -2  0 1 0 0 0 0.03
 3 -1 -1 -2 -1 -1 -1  0 -2 -1 -2 -1 -1 -2 -1  1  3 -3 -2  0 1 0 0 0 0.03
 2  3 -2 -2 -1  0 -1 -2 -2  0 -1  0  0 -2 -2  0  0 -3 -2  2 1 0 0 0 0.03
 2 -2 -3 -3 -1 -2 -2 -2 -3  2  0 -2  0 -1 -2  0  0 -3 -2  3 1 0 0 0 0.03
-1 -2 -1 -2 -1 -1 -2 -2 -2  0  2 -1  0 -1 -2  1  4 -2 -2  0 1 0 0 0 0.02
 3 -1  0 -1 -1  0  0  0 -1 -2 -2  0 -1 -3 -1  4  1 -3 -2 -1 1 0 0 0 0.02
-2 -3 -4 -4 -1 -3 -3 -4 -3  4  3 -3  2  0 -3 -3 -1 -2 -1  2 1 0 0 0 0.02
-1 -2 -3 -4 -1 -2 -3 -4 -3  2  3 -3  2  0 -3 -2 -1 -2 -1  2 0 0 1 0 0.02
-1 -2 -2 -2 -3 -1 -1 -2 -2 -3 -3 -1 -3 -4  8 -1 -1 -4 -3 -3 0 0 1 0 0.02
 0 -3 -1 -1 -3 -2 -2  6 -2 -4 -4 -2 -3 -3 -2  0 -2 -3 -3 -3 0 0 1 0 0.02
-1 -3 -3 -4 -1 -3 -3 -4 -3  3  3 -3  1  0 -3 -2 -1 -3 -1  3 1 0 0 0 0.01
 0 -3 -1 -1 -3 -2 -2  6 -2 -4 -4 -2 -3 -3 -2  0 -2 -3 -3 -3 1 0 0 0 0.01
 0 -2  0  3  6 -1  0 -1 -2 -2 -3 -1 -2 -3 -2  2  0 -3 -3 -2 1 0 0 1 0.02
 3 -2 -2 -2 -1 -1 -1 -1 -2  1 -1 -1  0 -2 -1  0  0 -3 -2  2 1 0 0 0 0.02
-1 -2 -3 -4 -1 -2 -3 -3 -3  2  3 -2  4  0 -3 -2 -1 -2 -1  2 1 0 0 0 0.02
 0 -1  0 -1 -3  3  0  5 -1 -4 -3  0 -2 -3 -2  0 -1 -3 -3 -3 0 1 0 0 0.02
-2 -3 -4 -4 -1 -3 -3 -4 -3  3  4 -3  2  0 -3 -3 -1 -2 -1  2 0 1 0 0 0.03
 4 -2 -2 -2 -1 -1 -1  0 -2 -1 -2 -1 -1 -2 -1  1  0 -3 -2  0 0 0 1 0 0.03
-2 -2  1  6 -4  0  2 -2 -1 -3 -4 -1 -3 -4 -2  0 -1 -5 -3 -3 0 0 1 1 0.03
 1 -2  0 -1 -2 -1 -1  5 -2 -3 -3 -1 -2 -3 -2  2  0 -3 -3 -3 0 0 1 0 0.04
 2 -2 -3 -3 -1 -2 -2 -2 -3  3  1 -2  0 -1 -2 -1  0 -3 -2  3 0 0 1 0 0.04
-1 -1  3  1 -2  0  3 -2 -1  0 -1  0 -1 -2 -2  0  0 -3 -2  1 0 0 1 1 0.03
-2  3  0 -1 -3  1  0 -2  7 -3 -3  1 -2 -2 -2 -1 -2 -3  1 -3 0 0 1 1 0.03
 0 -2  0 -1 -3 -1 -1  5  5 -4 -4 -1 -2 -3 -2 -1 -2 -3 -1 -3 0 0 1 1 0.03
-2 -1  5  4 -3  0  0 -1  0 -4 -4  0 -3 -3 -2  0  0 -4 -3 -3 0 0 1 1 0.03
 2 -2 -1 -2 -1 -1 -1 -1 -2  1 -1 -1  0 -2 -1  1  3 -3 -2  2 1 0 0 0 0.03
-1 -1  0  4 -4  1  5 -2  0 -3 -3  0 -3 -4 -1  0 -1 -4 -3 -3 1 0 0 1 0.03
 3 -1 -1  0 -1  0  3  0 -1 -2 -2  0 -1 -3 -1  1  0 -3 -2 -1 1 0 0 1 0.02
-1 -3 -3 -3 -1 -3 -3 -4 -4  4  2 -3  1  0 -3 -3 -1 -3 -1  3 1 0 0 0 0.02
 3 -2 -2 -3 -1 -2 -2 -1 -2  1  0 -2  0 -2 -2  0  0 -3 -2  3 1 0 0 0 0.02
 3 -2 -2 -3 -1 -2 -2 -1 -2  1  0 -2  0 -2 -2  0  0 -3 -2  3 1 0 0 0 0.02
-1  0  4  1 -3  4  1 -1  1 -3 -3  1 -1 -3 -2  0  0 -3 -2 -3 1 0 0 0 0.02
 1 -1  1  0 -1  0  0  0 -1 -3 -3  0 -2 -3 -1  4  1 -3 -2 -2 1 0 0 0 0.02
-1 -3 -3 -3 -1 -3 -3 -4 -3  4  1 -3  1 -1 -3 -2  0 -3 -1  3 1 0 0 0 0.02
 4 -2 -2 -2  0 -1 -1  0 -2 -1 -2 -1 -1 -2 -1  1  0 -3 -2  0 1 0 0 0 0.02
-1 -2 -3 -4 -1 -1 -3 -3 -2  1  3 -2  5  0 -3 -2 -1 -2 -1  1 1 0 0 0 0.02
 3 -1  0 -1 -1  0 -1  0 -1 -2 -2  0 -1 -2 -1  3  1 -3 -2 -1 1 0 0 0 0.02
 3 -1  0 -1 -1  0 -1  0 -1 -2 -2  0 -1 -2 -1  3  1 -3 -2 -1 1 0 0 0 0.02
-2 -3 -3 -4 -2 -3 -3 -4 -2  1  3 -3  1  5 -3 -3 -2  0  2  0 1 0 0 0 0.02
-1 -2 -2 -3 -2  0 -2 -3 -2  1  2 -1  6  0 -3 -2 -1 -2 -1  1 1 0 0 0 0.02
 0 -3 -2 -2 -2 -2 -2  4 -3  1 -1 -2 -1 -2 -2 -1 -1 -3 -2  2 1 0 0 0 0.02
 4 -2 -2 -2  0 -1 -1  0 -2 -1 -2 -1 -1 -2 -1  1  0 -3 -2  0 1 0 0 0 0.02
-1  0 -1 -2 -2  4  0 -3 -1  0  2  0  1 -1 -2 -1 -1 -2 -1  0 1 0 0 0 0.02
 3 -2 -2 -3 -1 -2 -2 -1 -2  1  0 -2  0 -2 -2  0  0 -3 -2  3 1 0 0 0 0.01
-1 -3 -3 -3 -1 -3 -3 -4 -3  4  1 -3  1 -1 -3 -2  0 -3 -1  3 1 0 0 0 0.02
-1 -2 -2 -2 -3 -1 -1 -2 -2 -3 -3 -1 -3 -4  8 -1 -1 -4 -3 -3 1 0 0 0 0.02
 3 -2 -2 -3 -1 -2 -2 -1 -2  0  2 -2  1 -1 -2  0 -1 -2 -2  0 1 0 0 0 0.01
-1 -3 -3 -4 -1 -2 -3 -4 -3  2  3 -3  2  0 -3 -2 -1 -2 -1  3 1 0 0 0 0.01
 0 -3  0 -1 -3 -2 -2  6 -2 -4 -4 -2 -3 -3 -2  0 -2 -3 -3 -3 1 0 0 0 0.01
-1  1  0  1 -4  4  4 -2  0 -3 -3  1 -1 -3 -1  0 -1 -3 -2 -3 1 0 0 1 0.01
-2 -2 -4 -4 -1 -2 -3 -4 -3  2  4 -3  2  0 -3 -3 -1 -2 -1  1 1 0 0 0 0.01
-1 -3 -3 -4 -1 -2 -3 -4 -3  2  3 -3  2  0 -3 -2 -1 -2 -1  3 1 0 0 0 0.01
-1 -2  1  4 -3 -1  0  4 -2 -4 -4 -1 -3 -4 -2  0 -1 -3 -3 -3 1 0 0 0 0.01
-1 -3 -2 -2 -2 -2 -3  4 -3  2  0 -2  0 -1 -3 -1 -1 -3 -2  1 1 0 0 0 0.01
 3 -2 -1 -2 -1 -1 -2  4 -2 -2 -3 -1 -2 -3 -2  1 -1 -3 -3 -1 1 0 0 0 0.01
-1 -3 -3 -4 -2 -3 -3 -3 -2  2  1 -3  0  5 -3 -2 -1  0  2  3 1 0 0 0 0.01
 3 -2 -2 -3 -1 -2 -2 -1 -2  0  2 -2  1 -1 -2  0 -1 -2 -2  0 1 0 0 0 0.01
 3 -1 -1 -1 -1 -1 -1 -1 -2 -1 -1 -1 -1 -2 -1  1  3 -3 -2  0 1 0 0 0 0.01
-2 -2 -2 -3 -3 -2 -2 -3  2 -1 -1 -2 -1  3 -3 -2 -2  2  7 -1 1 0 0 0 0.01
-1 -1  4  0 -2  0 -1 -1  0 -2 -2  0 -1 -3 -2  1  3 -3 -2 -1 1 0 0 1 0.01
-2 -3 -3 -4 -2 -3 -3 -4 -2  1  3 -3  1  5 -3 -3 -2  0  2  0 1 0 0 0 0.01
 0 -3 -2 -2 -2 -2 -2  4 -3  1 -1 -2 -1 -2 -2 -1 -1 -3 -2  2 1 0 0 0 0.01
-1  1  0  1 -4  2  4 -2  0 -3 -3  3 -2 -3 -1  0 -1 -3 -2 -3 1 0 0 1 0.01
 0 -1 -1 -2 -1 -1 -1 -2 -2  0  2 -1  1 -1 -2  2  0 -2 -1  0 1 0 0 0 0.01
 3 -2 -2 -3 -1 -2 -2 -1 -3  3  0 -2  0 -1 -2  0  0 -3 -2  2 1 0 0 0 0.01
 0 -2 -1 -1 -1 -1 -1 -2 -2  3  0 -1  0 -1 -2  2  1 -3 -2  1 1 0 0 0 0.01
-1  0  4  1 -3  1  4 -1  0 -3 -3  0 -2 -3 -2  0  0 -4 -2 -3 1 0 0 1 0.01
 3 -2 -2 -3 -1 -2 -2 -1 -2  0  2 -2  1 -1 -2  0 -1 -2 -2  0 1 0 0 0 0.01
-1 -3 -3 -4 -2 -3 -3 -3 -2  2  1 -3  0  5 -3 -2 -1  0  2  3 1 0 0 0 0.01
-1  4  0 -1 -3  4  1 -2  0 -3 -2  2 -1 -3 -2  0 -1 -2 -2 -3 1 0 0 1 0.01
-1 -2 -3 -3 -2 -2 -2 -3  0  1  0 -2  0  2 -3 -2 -1  1  5  2 1 0 0 0 0.01
 0 -3 -3 -3 -1 -2 -3 -3 -3  3  1 -2  1 -1 -3 -2  0 -3 -1  4 1 0 0 0 0.01
-1 -1 -1 -2 -2 -1 -1 -3  6  1 -1 -2  0 -1 -2 -1 -1 -3  1  2 1 0 0 0 0.01
-2  0  6  1 -3  0  0  0  1 -3 -4  0 -2 -3 -2  1  0 -4 -2 -3 1 0 0 1 0.01
 3 -1  0 -1 -1  0 -1  0 -1 -2 -2  0 -1 -2 -1  3  1 -3 -2 -1 1 0 0 0 0.01
-1 -2 -3 -3 -2 -2 -2 -3  0  1  0 -2  0  2 -3 -2 -1  1  5  2 1 0 0 1 0.02
 3 -1  4  0 -1  0 -1  0  0 -2 -2  0 -2 -3 -1  1  0 -3 -2 -1 0 0 1 1 0.02
-1  4  0 -1 -3  4  1 -2  0 -3 -2  2 -1 -3 -2  0 -1 -2 -2 -3 0 0 1 1 0.02
-1 -2 -2 -2 -3 -1 -1 -2 -2 -3 -3 -1 -3 -4  8 -1 -1 -4 -3 -3 0 0 1 0 0.03
 3 -1 -1  0 -2  1  4 -1 -1 -2 -2  0 -2 -3 -1  1  0 -3 -2 -1 0 0 1 1 0.04
-2 -2 -3 -4 -3 -2 -3 -3  1 -1  0 -3  0  5 -4 -2 -2  2  6 -1 0 0 1 1 0.05
 1 -1  1  0 -1  0  0  0 -1 -3 -3  0 -2 -3 -1  4  1 -3 -2 -2 0 0 1 1 0.06
-1 -2 -2 -2 -3 -1 -1 -2 -2 -3 -3 -1 -3 -4  8 -1 -1 -4 -3 -3 0 0 1 1 0.06
 0 -2  0 -1 -2 -2 -2  6 -2 -4 -4 -2 -3 -3 -2  0 -2 -2 -3 -3 0 0 1 1 0.05
-2  0  1 -1 -3  0  0 -2  7 -3 -3 -1 -2 -1 -2 -1 -2 -2  2 -3 0 0 1 1 0.05
-1  2  0 -1 -3  1  1 -2 -1 -3 -2  4 -1 -3 -1  0 -1 -3 -2 -2 0 0 1 1 0.04
 0 -1  0 -1 -1 -1 -1 -2 -2 -1 -1 -1 -1 -2 -1  1  4 -2 -2  0 0 0 1 0 0.03
-1  1  0  0 -3  5  2 -2  0 -3 -2  1  0 -3 -1  0 -1 -2 -1 -2 0 0 1 0 0.03
-1 -2 -2 -1 -3 -1 -1 -2 -2 -3 -3 -1 -2 -4  7 -1 -1 -4 -3 -2 0 0 1 0 0.02
-2 -3 -3 -3 -2 -3 -3 -3 -1  0  0 -3  0  6 -4 -2 -2  1  3 -1 1 0 0 0 0.02
-1 -2 -3 -4 -1 -2 -3 -4 -3  2  4 -2  2  0 -3 -2 -1 -2 -1  1 1 0 0 0 0.01
-2  0  1 -1 -3  0  0 -2  7 -3 -3 -1 -2 -1 -2 -1 -2 -2  2 -3 0 0 1 1 0.01
-2 -2  1  6 -3  0  1 -1 -1 -3 -4 -1 -3 -3 -1  0 -1 -4 -3 -3 0 0 1 1 0.01
 0 -2  0 -1 -2 -2 -2  6 -2 -4 -4 -2 -3 -3 -2  0 -2 -2 -3 -3 0 0 1 0 0.01
-2 -2 -2 -3 -2 -1 -2 -3  2 -1 -1 -2 -1  3 -3 -2 -2  2  7 -1 0 0 1 0 0.01
 4 -1 -2 -2  0 -1 -1  0 -2 -1 -1 -1 -1 -2 -1  1  0 -2 -2  0 0 1 0 1 0.01
 0 -2 -3 -3 -1 -2 -2 -3 -3  3  1 -2  1 -1 -2 -2  0 -3 -1  4 0 1 0 0 0.01
 1 -1  1  0 -1  0  0  0 -1 -2 -2  0 -1 -2 -1  4  1 -3 -2 -2 0 1 0 0 0.01
-2 -3 -4 -4 -2 -2 -3 -2 -2 -3 -2 -3 -1  1 -4 -3 -2 10  2 -3 0 1 0 0 0.01
-2  0  6  1 -3  0  0  0  1 -3 -3  0 -2 -3 -2  1  0 -4 -2 -3 0 0 1 1 0.01
 0 -1  0 -1 -1 -1 -1 -2 -2 -1 -1 -1 -1 -2 -1  1  4 -2 -2  0 0 0 1 1 0.01
 0 -2 -3 -3 -1 -2 -2 -3 -3  3  1 -2  1 -1 -2 -2  0 -3 -1  4 0 1 0 1 0.01
-1  0  0  1 -4  2  5 -2  0 -3 -3  1 -2 -3 -1  0 -1 -3 -2 -2 0 0 1 1 0.01
-2 -2  1  6 -3  0  1 -1 -1 -3 -4 -1 -3 -3 -1  0 -1 -4 -3 -3 0 0 1 1 0.01
 1 -1  1  0 -1  0  0  0 -1 -2 -2  0 -1 -2 -1  4  1 -3 -2 -2 0 0 1 0 0.01
-1 -3 -3 -3 -1 -3 -3 -4 -3  4  2 -3  1  0 -3 -2 -1 -3 -1  3 0 1 0 0 0.02
-1 -3 -3 -3 -1 -3 -3 -4 -3  4  2 -3  1  0 -3 -2 -1 -3 -1  3 0 1 0 0 0.02
-1  5  0 -2 -3  1  0 -2  0 -3 -2  2 -1 -3 -2 -1 -1 -3 -2 -2 0 1 0 0 0.03
 0 -1  0 -1 -1 -1 -1 -2 -2 -1 -1 -1 -1 -2 -1  1  4 -2 -2  0 0 1 0 0 0.04
 0 -2  0 -1 -2 -2 -2  6 -2 -4 -4 -2 -3 -3 -2  0 -2 -2 -3 -3 0 0 1 0 0.04
-2 -3 -3 -3 -2 -3 -3 -3 -1  0  0 -3  0  6 -4 -2 -2  1  3 -1 0 0 1 0 0.04
-1  1  0  0 -3  5  2 -2  0 -3 -2  1  0 -3 -1  0 -1 -2 -1 -2 0 0 1 1 0.04
 0 -2  0 -1 -2 -2 -2  6 -2 -4 -4 -2 -3 -3 -2  0 -2 -2 -3 -3 0 0 1 1 0.04
-1  0  0  1 -4  2  5 -2  0 -3 -3  1 -2 -3 -1  0 -1 -3 -2 -2 0 0 1 1 0.03
 1 -1  1  0 -1  0  0  0 -1 -2 -2  0 -1 -2 -1  4  1 -3 -2 -2 0 0 1 1 0.03
 0 -2  0 -1 -2 -2 -2  6 -2 -4 -4 -2 -3 -3 -2  0 -2 -2 -3 -3 0 0 1 0 0.03
-2  0  1 -1 -3  0  0 -2  7 -3 -3 -1 -2 -1 -2 -1 -2 -2  2 -3 0 0 1 1 0.03
-2 -2  1  6 -3  0  1 -1 -1 -3 -4 -1 -3 -3 -1  0 -1 -4 -3 -3 0 1 0 1 0.03
-1 -3 -3 -3 -1 -3 -3 -4 -3  4  2 -3  1  0 -3 -2 -1 -3 -1  3 0 1 0 0 0.03
-1  2  0 -1 -3  1  1 -2 -1 -3 -2  4 -1 -3 -1  0 -1 -3 -2 -2 0 1 0 0 0.03
-1 -3 -3 -3 -1 -3 -3 -4 -3  4  2 -3  1  0 -3 -2 -1 -3 -1  3 0 1 0 0 0.03
 0 -1  0 -1 -1 -1 -1 -2 -2 -1 -1 -1 -1 -2 -1  1  4 -2 -2  0 0 1 0 1 0.02
 4 -1 -2 -2  0 -1 -1  0 -2 -1 -1 -1 -1 -2 -1  1  0 -2 -2  0 0 1 0 0 0.02
-1  0  0  1 -4  2  5 -2  0 -3 -3  1 -2 -3 -1  0 -1 -3 -2 -2 0 0 1 1 0.02
-2  0  6  1 -3  0  0  0  1 -3 -3  0 -2 -3 -2  1  0 -4 -2 -3 0 0 1 1 0.02
 0 -1  0 -1 -1 -1 -1 -2 -2 -1 -1 -1 -1 -2 -1  1  4 -2 -2  0 0 0 1 1 0.02
-1 -2 -2 -1 -3 -1 -1 -2 -2 -3 -3 -1 -2 -4  7 -1 -1 -4 -3 -2 0 0 1 1 0.01
-1 -2 -3 -4 -1 -2 -3 -4 -3  2  4 -2  2  0 -3 -2 -1 -2 -1  1 0 0 1 0 0.01
-1 -2 -2 -1 -3 -1 -1 -2 -2 -3 -3 -1 -2 -4  7 -1 -1 -4 -3 -2 0 0 1 1 0.01
-1 -3 -3 -3 -1 -3 -3 -4 -3  4  2 -3  1  0 -3 -2 -1 -3 -1  3 0 1 0 0 0.01
 4 -1 -2 -2  0 -1 -1  0 -2 -1 -1 -1 -1 -2 -1  1  0 -2 -2  0 0 1 0 0 0.01
 0 -2  0 -1 -2 -2 -2  6 -2 -4 -4 -2 -3 -3 -2  0 -2 -2 -3 -3 0 1 0 0 0.01
 0 -2 -3 -3 -1 -2 -2 -3 -3  3  1 -2  1 -1 -2 -2  0 -3 -1  4 0 1 0 0 0.01
-1 -2 -3 -4 -1 -2 -3 -4 -3  2  4 -2  2  0 -3 -2 -1 -2 -1  1 0 1 0 0 0.01
-1 -2 -3 -4 -1 -2 -3 -4 -3  2  4 -2  2  0 -3 -2 -1 -2 -1  1 0 1 0 0 0.01
-1 -2 -2 -1 -3 -1 -1 -2 -2 -3 -3 -1 -2 -4  7 -1 -1 -4 -3 -2 0 1 0 0 0.01
 0 -1  0 -1 -1 -1 -1 -2 -2 -1 -1 -1 -1 -2 -1  1  4 -2 -2  0 0 0 1 0 0.01
-1 -3 -3 -3 -1 -3 -3 -4 -3  4  2 -3  1  0 -3 -2 -1 -3 -1  3 0 0 1 1 0.02
-1 -2 -2 -1 -3 -1 -1 -2 -2 -3 -3 -1 -2 -4  7 -1 -1 -4 -3 -2 0 0 1 1 0.02
 0 -2  0 -1 -2 -2 -2  6 -2 -4 -4 -2 -3 -3 -2  0 -2 -2 -3 -3 0 0 1 1 0.03
-1  2  0 -1 -3  1  1 -2 -1 -3 -2  4 -1 -3 -1  0 -1 -3 -2 -2 0 0 1 1 0.04
-1 -2 -3 -4 -1 -2 -3 -4 -3  2  4 -2  2  0 -3 -2 -1 -2 -1  1 0 1 0 0 0.05
-2 -2  1  6 -3  0  1 -1 -1 -3 -4 -1 -3 -3 -1  0 -1 -4 -3 -3 0 1 0 1 0.06
 0 -2 -3 -3 -1 -2 -2 -3 -3  3  1 -2  1 -1 -2 -2  0 -3 -1  4 0 1 0 0 0.06
-2  0  6  1 -3  0  0  0  1 -3 -3  0 -2 -3 -2  1  0 -4 -2 -3 0 0 1 1 0.06
-1  2  0 -1 -3  1  1 -2 -1 -3 -2  4 -1 -3 -1  0 -1 -3 -2 -2 0 0 1 1 0.07
 1 -1  1  0 -1  0  0  0 -1 -2 -2  0 -1 -2 -1  4  1 -3 -2 -2 0 0 1 1 0.07
-1  2  0 -1 -3  1  1 -2 -1 -3 -2  4 -1 -3 -1  0 -1 -3 -2 -2 0 0 1 1 0.07
 0 -1  0 -1 -1 -1 -1 -2 -2 -1 -1 -1 -1 -2 -1  1  4 -2 -2  0 0 1 0 0 0.07
-2  0  1 -1 -3  0  0 -2  7 -3 -3 -1 -2 -1 -2 -1 -2 -2  2 -3 0 1 0 0 0.07
-1 -3 -3 -3 -1 -3 -3 -4 -3  4  2 -3  1  0 -3 -2 -1 -3 -1  3 0 1 0 0 0.07
 1 -1  1  0 -1  0  0  0 -1 -2 -2  0 -1 -2 -1  4  1 -3 -2 -2 0 1 0 0 0.07
 0 -2 -3 -3 -1 -2 -2 -3 -3  3  1 -2  1 -1 -2 -2  0 -3 -1  4 0 1 0 0 0.07
-2  0  6  1 -3  0  0  0  1 -3 -3  0 -2 -3 -2  1  0 -4 -2 -3 0 0 1 1 0.05
 0 -2  0 -1 -2 -2 -2  6 -2 -4 -4 -2 -3 -3 -2  0 -2 -2 -3 -3 0 0 1 0 0.04
-1  5  0 -2 -3  1  0 -2  0 -3 -2  2 -1 -3 -2 -1 -1 -3 -2 -2 0 0 1 1 0.03
-1  2  0 -1 -3  1  1 -2 -1 -3 -2  4 -1 -3 -1  0 -1 -3 -2 -2 0 1 0 1 0.03
-1 -3 -3 -3 -1 -3 -3 -4 -3  4  2 -3  1  0 -3 -2 -1 -3 -1  3 0 0 1 0 0.02
-1  5  0 -2 -3  1  0 -2  0 -3 -2  2 -1 -3 -2 -1 -1 -3 -2 -2 0 0 1 1 0.02
-1 -1 -2 -3 -1  0 -2 -3 -2  1  2 -1  5  0 -2 -1 -1 -1 -1  1 0 0 1 0 0.02
-1  5  0 -2 -3  1  0 -2  0 -3 -2  2 -1 -3 -2 -1 -1 -3 -2 -2 0 1 0 1 0.02
 0 -3 -3 -3  8 -3 -4 -2 -3 -1 -1 -3 -1 -2 -3 -1 -1 -2 -2 -1 0 1 0 0 0.01
-1  5  0 -2 -3  1  0 -2  0 -3 -2  2 -1 -3 -2 -1 -1 -3 -2 -2 0 1 0 0 0.01
 4 -1 -2 -2  0 -1 -1  0 -2 -1 -1 -1 -1 -2 -1  1  0 -2 -2  0 0 1 0 1 0.01
-1 -3 -3 -3 -1 -3 -3 -4 -3  4  2 -3  1  0 -3 -2 -1 -3 -1  3 0 1 0 0 0.01
-2 -2  1  6 -3  0  1 -1 -1 -3 -4 -1 -3 -3 -1  0 -1 -4 -3 -3 0 0 1 1 0.01
 0 -2  0 -1 -2 -2 -2  6 -2 -4 -4 -2 -3 -3 -2  0 -2 -2 -3 -3 0 0 1 0 0.01
-2 -2  1  6 -3  0  1 -1 -1 -3 -4 -1 -3 -3 -1  0 -1 -4 -3 -3 0 0 1 1 0.01
 0 -2 -3 -3 -1 -2 -2 -3 -3  3  1 -2  1 -1 -2 -2  0 -3 -1  4 0 1 0 0 0.01
 0 -1  0 -1 -1 -1 -1 -2 -2 -1 -1 -1 -1 -2 -1  1  4 -2 -2  0 0 1 0 0 0.01
-2 -3 -3 -3 -2 -3 -3 -3 -1  0  0 -3  0  6 -4 -2 -2  1  3 -1 0 1 0 0 0.01
 0 -3 -3 -3  8 -3 -4 -2 -3 -1 -1 -3 -1 -2 -3 -1 -1 -2 -2 -1 0 1 0 0 0.01
-1  5  0 -2 -3  1  0 -2  0 -3 -2  2 -1 -3 -2 -1 -1 -3 -2 -2 0 0 1 0 0.01
-1 -2 -2 -1 -3 -1 -1 -2 -2 -3 -3 -1 -2 -4  7 -1 -1 -4 -3 -2 0 0 1 1 0.01
-1  2  0 -1 -3  1  1 -2 -1 -3 -2  4 -1 -3 -1  0 -1 -3 -2 -2 0 0 1 1 0.01
 1 -1  1  0 -1  0  0  0 -1 -2 -2  0 -1 -2 -1  4  1 -3 -2 -2 0 0 1 1 0.01
-1 -2 -2 -1 -3 -1 -1 -2 -2 -3 -3 -1 -2 -4  7 -1 -1 -4 -3 -2 0 0 1 0 0.02
 0 -2 -3 -3 -1 -2 -2 -3 -3  3  1 -2  1 -1 -2 -2  0 -3 -1  4 0 1 0 0 0.02
-2 -2 -2 -3 -2 -1 -2 -3  2 -1 -1 -2 -1  3 -3 -2 -2  2  7 -1 0 1 0 0 0.02
 0 -2 -3 -3 -1 -2 -2 -3 -3  3  1 -2  1 -1 -2 -2  0 -3 -1  4 0 1 0 0 0.02
 0 -2  0 -1 -2 -2 -2  6 -2 -4 -4 -2 -3 -3 -2  0 -2 -2 -3 -3 0 1 0 0 0.02
-2  0  6  1 -3  0  0  0  1 -3 -3  0 -2 -3 -2  1  0 -4 -2 -3 0 0 1 1 0.02
 0 -2  0 -1 -2 -2 -2  6 -2 -4 -4 -2 -3 -3 -2  0 -2 -2 -3 -3 0 0 1 1 0.01
 0 -2 -3 -3 -1 -2 -2 -3 -3  3  1 -2  1 -1 -2 -2  0 -3 -1  4 0 0 1 0 0.01
-2  0  1 -1 -3  0  0 -2  7 -3 -3 -1 -2 -1 -2 -1 -2 -2  2 -3 0 0 1 1 0.01
 4 -1 -2 -2  0 -1 -1  0 -2 -1 -1 -1 -1 -2 -1  1  0 -2 -2  0 0 0 1 0 0.01
-2  0  6  1 -3  0  0  0  1 -3 -3  0 -2 -3 -2  1  0 -4 -2 -3 0 1 0 1 0.01
-1 -2 -3 -4 -1 -2 -3 -4 -3  2  4 -2  2  0 -3 -2 -1 -2 -1  1 0 1 0 0 0.02
-2  0  1 -1 -3  0  0 -2  7 -3 -3 -1 -2 -1 -2 -1 -2 -2  2 -3 0 1 0 0 0.02
 0 -2 -3 -3 -1 -2 -2 -3 -3  3  1 -2  1 -1 -2 -2  0 -3 -1  4 0 1 0 0 0.03
 4 -1 -2 -2  0 -1 -1  0 -2 -1 -1 -1 -1 -2 -1  1  0 -2 -2  0 0 1 0 0 0.04
-2 -3 -3 -3 -2 -3 -3 -3 -1  0  0 -3  0  6 -4 -2 -2  1  3 -1 0 1 0 0 0.06
-2  0  1 -1 -3  0  0 -2  7 -3 -3 -1 -2 -1 -2 -1 -2 -2  2 -3 0 1 0 0 0.08
-1  5  0 -2 -3  1  0 -2  0 -3 -2  2 -1 -3 -2 -1 -1 -3 -2 -2 0 1 0 1 0.13
 1 -1  1  0 -1  0  0  0 -1 -2 -2  0 -1 -2 -1  4  1 -3 -2 -2 0 0 1 1 0.15
 1 -1  1  0 -1  0  0  0 -1 -2 -2  0 -1 -2 -1  4  1 -3 -2 -2 0 0 1 1 0.22
 1 -1  1  0 -1  0  0  0 -1 -2 -2  0 -1 -2 -1  4  1 -3 -2 -2 0 0 1 1 0.26
-1  0  0  1 -4  2  5 -2  0 -3 -3  1 -2 -3 -1  0 -1 -3 -2 -2 0 0 1 1 0.28
-1  2  0 -1 -3  1  1 -2 -1 -3 -2  4 -1 -3 -1  0 -1 -3 -2 -2 0 0 1 1 0.29
-1 -3 -3 -3 -1 -3 -3 -4 -3  4  2 -3  1  0 -3 -2 -1 -3 -1  3 0 0 1 1 0.35
-2  0  1 -1 -3  0  0 -2  7 -3 -3 -1 -2 -1 -2 -1 -2 -2  2 -3 0 0 1 1 0.41
 1 -1  1  0 -1  0  0  0 -1 -2 -2  0 -1 -2 -1  4  1 -3 -2 -2 0 0 1 1 0.42
-2  0  6  1 -3  0  0  0  1 -3 -3  0 -2 -3 -2  1  0 -4 -2 -3 0 0 1 1 0.39
-1  0  0  1 -4  2  5 -2  0 -3 -3  1 -2 -3 -1  0 -1 -3 -2 -2 0 0 1 1 0.37
-1 -3 -3 -3 -1 -3 -3 -4 -3  4  2 -3  1  0 -3 -2 -1 -3 -1  3 0 1 0 0 0.33
 1 -1  1  0 -1  0  0  0 -1 -2 -2  0 -1 -2 -1  4  1 -3 -2 -2 0 0 1 1 0.31
 1 -1  1  0 -1  0  0  0 -1 -2 -2  0 -1 -2 -1  4  1 -3 -2 -2 0 0 1 1 0.27
-2 -2  1  6 -3  0  1 -1 -1 -3 -4 -1 -3 -3 -1  0 -1 -4 -3 -3 0 0 1 1 0.26
 1 -1  1  0 -1  0  0  0 -1 -2 -2  0 -1 -2 -1  4  1 -3 -2 -2 0 0 1 1 0.29
-1 -3 -3 -3 -1 -3 -3 -4 -3  4  2 -3  1  0 -3 -2 -1 -3 -1  3 0 1 0 0 0.23
 0 -2  0 -1 -2 -2 -2  6 -2 -4 -4 -2 -3 -3 -2  0 -2 -2 -3 -3 0 0 1 1 0.21
 0 -2 -3 -3 -1 -2 -2 -3 -3  3  1 -2  1 -1 -2 -2  0 -3 -1  4 0 1 0 0 0.19
-1 -2 -3 -4 -1 -2 -3 -4 -3  2  4 -2  2  0 -3 -2 -1 -2 -1  1 0 1 0 0 0.14
 0 -2  0 -1 -2 -2 -2  6 -2 -4 -4 -2 -3 -3 -2  0 -2 -2 -3 -3 0 0 1 0 0.17
-2 -2 -2 -3 -2 -1 -2 -3  2 -1 -1 -2 -1  3 -3 -2 -2  2  7 -1 0 1 0 1 0.19
-1  1  0  0 -3  5  2 -2  0 -3 -2  1  0 -3 -1  0 -1 -2 -1 -2 0 1 0 0 0.31
-1  2  0 -1 -3  1  1 -2 -1 -3 -2  4 -1 -3 -1  0 -1 -3 -2 -2 0 1 0 1 0.22
 0 -1  0 -1 -1 -1 -1 -2 -2 -1 -1 -1 -1 -2 -1  1  4 -2 -2  0 0 1 0 1 0.22
 0 -2 -3 -3 -1 -2 -2 -3 -3  3  1 -2  1 -1 -2 -2  0 -3 -1  4 0 1 0 0 0.16
-2 -2  1  6 -3  0  1 -1 -1 -3 -4 -1 -3 -3 -1  0 -1 -4 -3 -3 0 0 1 1 0.16
-2  0  1 -1 -3  0  0 -2  7 -3 -3 -1 -2 -1 -2 -1 -2 -2  2 -3 0 0 1 1 0.19
 0 -1  0 -1 -1 -1 -1 -2 -2 -1 -1 -1 -1 -2 -1  1  4 -2 -2  0 0 0 1 1 0.20
-1  2  0 -1 -3  1  1 -2 -1 -3 -2  4 -1 -3 -1  0 -1 -3 -2 -2 0 1 0 1 0.26
 0 -2 -3 -3 -1 -2 -2 -3 -3  3  1 -2  1 -1 -2 -2  0 -3 -1  4 0 1 0 0 0.19
-2  0  6  1 -3  0  0  0  1 -3 -3  0 -2 -3 -2  1  0 -4 -2 -3 0 1 0 1 0.18
 1 -1  1  0 -1  0  0  0 -1 -2 -2  0 -1 -2 -1  4  1 -3 -2 -2 0 1 0 1 0.16
-1  2  0 -1 -3  1  1 -2 -1 -3 -2  4 -1 -3 -1  0 -1 -3 -2 -2 0 1 0 1 0.15
-1 -2 -3 -4 -1 -2 -3 -4 -3  2  4 -2  2  0 -3 -2 -1 -2 -1  1 0 1 0 0 0.16
 1 -1  1  0 -1  0  0  0 -1 -2 -2  0 -1 -2 -1  4  1 -3 -2 -2 0 1 0 0 0.20
-1 -2 -3 -4 -1 -2 -3 -4 -3  2  4 -2  2  0 -3 -2 -1 -2 -1  1 0 1 0 0 0.24
-2 -3 -3 -3 -2 -3 -3 -3 -1  0  0 -3  0  6 -4 -2 -2  1  3 -1 0 1 0 0 0.17
-2 -3 -3 -3 -2 -3 -3 -3 -1  0  0 -3  0  6 -4 -2 -2  1  3 -1 0 1 0 0 0.12
-1  0  0  1 -4  2  5 -2  0 -3 -3  1 -2 -3 -1  0 -1 -3 -2 -2 0 1 0 1 0.09
-1 -3 -3 -3 -1 -3 -3 -4 -3  4  2 -3  1  0 -3 -2 -1 -3 -1  3 0 1 0 0 0.12
-1  2  0 -1 -3  1  1 -2 -1 -3 -2  4 -1 -3 -1  0 -1 -3 -2 -2 0 0 1 1 0.17
 1 -1  1  0 -1  0  0  0 -1 -2 -2  0 -1 -2 -1  4  1 -3 -2 -2 0 0 1 1 0.33
