-1 -1 -2 -3 -1  0 -2 -3 -2  1  2 -1  5  0 -2 -1 -1 -1 -1  1 0 0 1 1 0.97
 0 -2  0 -1 -2 -2 -2  5 -2 -4 -4 -1 -3 -3 -2  0 -2 -2 -3 -3 0 0 1 1 0.98
 1 -1  1  0 -1  0  0  0 -1 -2 -2  0 -1 -2 -1  4  1 -3 -2 -2 0 0 1 1 0.98
 1 -1  1  0 -1  0  0  0 -1 -2 -2  0 -1 -2 -1  4  1 -3 -2 -2 0 0 1 0 0.98
-2  0  1 -1 -3  0  0 -2  7 -3 -3 -1 -2 -1 -2 -1 -2 -2  2 -3 0 0 1 1 0.98
-2  0  1 -1 -3  0  0 -2  7 -3 -3 -1 -2 -1 -2 -1 -2 -2  2 -3 0 0 1 1 0.98
-2  0  1 -1 -3  0  0 -2  7 -3 -3 -1 -2 -1 -2 -1 -2 -2  2 -3 0 0 1 0 0.98
-2  0  1 -1 -3  0  0 -2  7 -3 -3 -1 -2 -1 -2 -1 -2 -2  2 -3 0 0 1 0 0.98
-2  0  1 -1 -3  0  0 -2  7 -3 -3 -1 -2 -1 -2 -1 -2 -2  2 -3 0 0 1 0 0.94
-2  0  1 -1 -3  0  0 -2  7 -3 -3 -1 -2 -1 -2 -1 -2 -2  2 -3 0 0 1 0 0.92
 1 -1  1  0 -1  0  0  0 -1 -2 -2  0 -1 -2 -1  4  1 -3 -2 -2 0 0 1 0 0.88
 1 -1  1  0 -1  0  0  0 -1 -2 -2  0 -1 -2 -1  4  1 -3 -2 -2 0 0 1 1 0.83
 0 -2  0 -1 -2 -2 -2  5 -2 -4 -4 -1 -3 -3 -2  0 -2 -2 -3 -3 0 0 1 1 0.70
-1  5  0 -2 -3  1  0 -2  0 -3 -2  2 -1 -3 -2 -1 -1 -3 -2 -2 0 0 1 1 0.55
-1  0  0  1 -4  2  5 -2  0 -3 -3  1 -2 -3 -1  0 -1 -3 -2 -2 0 0 1 1 0.40
-1  0  6  1 -3  0  0  0  1 -3 -3  0 -2 -3 -2  1  0 -4 -2 -3 0 0 1 0 0.21
-1 -2 -3 -4 -1 -2 -3 -4 -3  1  4 -2  2  0 -3 -2 -1 -2 -1  1 0 1 0 0 0.16
-2 -2 -2 -3 -2 -1 -2 -3  2 -1 -1 -2 -1  3 -3 -2 -2  2  6 -1 0 0 1 0 0.10
-2 -3 -3 -3 -2 -3 -3 -3 -1  0  0 -3  0  6 -4 -2 -2  1  3 -1 0 0 1 0 0.07
-1  1  0  0 -3  5  2 -2  0 -3 -2  1  0 -3 -1  0 -1 -2 -1 -2 0 0 1 1 0.05
 1 -2  0 -1 -2 -1 -1  4 -2 -3 -3 -1 -2 -3 -1  3  0 -3 -2 -2 0 0 1 1 0.04
-1 -2 -2 -3 -2 -1 -2 -3 -2  1  2 -2  6  0 -3 -2 -1 -2 -1  1 0 0 1 1 0.03
-1  2  0  0 -3  2  3 -2 -1 -3 -3  4 -2 -3 -1  0 -1 -3 -2 -3 0 1 0 1 0.02
-1  3  0 -1 -3  4  1 -2  4 -3 -2  1 -1 -3 -2 -1 -1 -2  0 -3 0 1 0 1 0.01
-1  0  0  3 -4  2  5 -2  0 -3 -3  0 -2 -4 -1  0 -1 -3 -2 -3 0 1 0 0 0.01
-1 -2 -2 -3 -2 -2 -3 -3 -2  1  3 -2  1  4 -3 -1  1 -1  1  0 0 1 0 1 0.01
-1 -3 -3 -3 -1 -3 -3 -4 -3  4  1 -3  1 -1 -3 -2  0 -3 -1  4 0 1 0 0 0.01
 4 -1 -1 -1 -1  0  2  0 -1 -2 -2  0 -1 -3 -1  1  0 -3 -2 -1 0 1 0 1 0.01
 3  3 -1 -1 -2  2  0 -1 -1 -2 -2  1 -1 -3 -1  0 -1 -3 -2 -1 0 1 0 0 0.01
-1 -3 -3 -3 -1 -3 -3 -4 -3  4  1 -3  1  0 -3 -2 -1 -3 -1  3 0 1 0 0 0.01
-1  0  0  1 -4  2  5 -2  0 -4 -3  1 -2 -4 -1  0 -1 -3 -2 -3 0 1 0 1 0.01
-1 -3 -3 -3 -1 -3 -3 -4 -3  3  2 -3  1  0 -3 -2 -1 -3 -1  3 0 1 0 0 0.01
-2 -2  0  5 -3 -1  1 -2 -2 -1  1 -1 -1 -2 -2 -1 -1 -4 -3 -2 0 0 1 0 0.01
 0  2  0  0 -2  1  2  2 -1 -3 -3  0 -2 -3 -1  2  1 -3 -2 -2 0 0 1 1 0.01
 2 -1  3  0 -2  0  2 -1 -1 -2 -2  0 -2 -3 -1  1  1 -3 -2 -1 0 0 1 1 0.01
 0 -3 -1 -2 -3 -2 -2  6 -2 -4 -4 -2 -3 -3 -2  0 -2 -3 -3 -3 0 0 1 0 0.01
-1  5  0 -1 -4  3  1 -2  0 -3 -2  2 -1 -3 -2 -1 -1 -3 -2 -3 0 0 1 1 0.01
-2 -3 -4 -4 -1 -3 -3 -4 -3  3  3 -3  2  0 -3 -3 -1 -2 -1  2 0 1 0 0 0.01
-2 -1  0 -2 -3  0 -1 -3  7  1 -1 -1 -1 -1 -3 -1 -2 -3  1  0 0 1 0 0 0.02
-1 -3 -3 -4 -1 -2 -3 -4 -3  2  3 -3  1  0 -3 -2 -1 -2 -1  3 0 1 0 0 0.02
 0 -1  0 -1 -1 -1 -1 -2 -2  0 -1 -1 -1 -2 -1  2  4 -3 -2  1 0 1 0 0 0.01
-1 -2 -2 -2 -3 -2 -2  3 -2 -3 -3 -1 -3 -4  7 -1 -1 -4 -3 -3 0 1 0 0 0.01
 2 -2  0  2 -2 -1  0  3 -2 -3 -3 -1 -2 -3 -2  1  0 -3 -3 -2 0 0 1 1 0.01
 1  0  2  0 -3  1  2  2 -1 -3 -3  2 -2 -3 -1  0 -1 -3 -2 -2 0 0 1 1 0.02
 0 -1  0  0 -2  0  2 -1  4 -3 -3  0 -2 -3 -1  3  1 -3 -1 -2 0 0 1 0 0.01
 0  2  0  0 -2  2  3 -1  0 -3 -3  1 -2 -3 -1  2  0 -3 -2 -2 0 0 1 1 0.01
-2 -3 -3 -4 -3 -3 -3 -3 -1 -1  0 -3  0  6 -4 -3 -2  1  5 -1 0 0 1 0 0.01
-1 -1 -1 -1 -3  2  0 -2 -2 -3 -3  0 -2 -4  6  0  1 -3 -3 -2 0 0 1 1 0.01
-2 -2 -3 -4 -2 -2 -3 -4  1 -1  1 -2  0  3 -3 -2 -2  2  7 -1 0 0 1 0 0.01
-2 -3 -4 -4 -1 -3 -4 -4 -4  5  1 -3  1  0 -3 -3 -1 -3 -2  3 1 0 0 0 0.01
-2 -2 -2 -4 -3 -2 -2 -4  2 -2 -1 -2 -1  3 -3 -2 -2  2  8 -2 1 0 0 1 0.01
-2  6 -1 -2 -4  1  0 -3  0 -3 -3  2 -2 -3 -2 -1 -1 -3 -2 -3 1 0 0 0 0.01
-1 -1 -1  1 -3  1  5 -3 -1  1 -2  0 -1 -3 -2 -1 -1 -3 -2 -1 1 0 0 0 0.01
 4 -2 -2 -2 -1 -1 -1  2 -2 -2 -2 -1 -1 -3 -1  1  0 -3 -2 -1 0 0 1 1 0.01
 1 -2 -3 -3 -1 -1 -2 -2 -2  2  1 -2  5 -1 -2 -1 -1 -2 -1  1 0 0 1 0 0.01
-1  0  0  1 -4  2  6 -2  0 -4 -3  1 -2 -4 -1  0 -1 -3 -2 -3 0 0 1 1 0.01
 0 -3 -3 -4 -1 -3 -3 -4 -4  3  1 -3  1 -1 -3 -2  0 -3 -1  5 0 0 1 0 0.01
 0  0  0 -1 -2  0  0 -1  5 -3 -3  2 -2 -2 -2  3  0 -3  0 -3 0 1 0 1 0.01
-3 -3 -4 -5 -3 -2 -3 -3 -3 -3 -2 -4 -2  1 -4 -3 -3 12  2 -3 0 1 0 0 0.01
-1 -2  3  6 -3  0  1 -1 -1 -3 -4 -1 -3 -4 -2  1 -1 -4 -3 -3 0 1 0 1 0.01
 1 -1  3  2 -2  0  2 -1 -1 -3 -3  0 -2 -3 -1  2  0 -3 -2 -2 0 0 1 1 0.02
 0 -1  4  3 -2  0  0 -1  0 -3 -3  0 -2 -3 -2  3  0 -4 -2 -3 0 0 1 1 0.02
 0  2 -1 -2 -1 -1 -1 -2 -2  0  1  0  0 -1 -2  1  2 -3 -2  1 0 0 1 1 0.02
-1  4 -1 -2 -3  1  0 -2 -1 -1  0  4  0 -2 -2 -1 -1 -3 -2 -2 0 0 1 1 0.03
 2 -1 -1 -1 -1 -1 -1 -1 -1 -1 -1 -1 -1  2 -1  2  3 -2  0 -1 0 1 0 0 0.03
-2 -3 -4 -4 -2 -3 -3 -4 -3  1  4 -3  2  3 -3 -3 -2 -1  0  0 0 1 0 0 0.04
-2 -1  0 -2 -3  0 -1 -2  7 -2 -2 -1 -1  0 -2 -1  1 -1  4 -2 0 1 0 0 0.03
 1 -1  0  0 -1  0  0 -1 -1 -3 -3  0 -2 -3 -1  5  1 -3 -2 -2 0 0 1 0 0.03
-1 -2 -2 -2 -3 -2 -1 -3 -3 -3 -3 -1 -3 -4  8 -1 -1 -4 -3 -3 0 0 1 0 0.03
-1  0 -2 -2 -2  0 -1 -3 -2  1 -1  2 -1 -2  4 -1 -1 -3 -2  2 0 0 1 1 0.03
-1 -2 -2 -2 -3 -2 -1 -3 -3 -3 -3 -1 -3 -4  8 -1 -1 -4 -3 -3 0 0 1 1 0.03
-2  6 -1 -2 -4  1  0 -3  0 -3 -3  2 -2 -3 -2 -1 -1 -3 -2 -3 0 0 1 1 0.02
-1  0  0  1 -4  3  5 -2  0 -4 -3  1 -2 -4 -1  0 -1 -3 -2 -3 0 0 1 1 0.02
-3 -3 -4 -5 -3 -2 -3 -3 -3 -3 -2 -4 -2  1 -4 -3 -3 12  2 -3 0 0 1 0 0.01
 1 -1  0 -1 -1 -1 -1 -1 -1 -2 -2 -1 -1 -3 -1  3  4 -3 -2 -1 0 0 1 0 0.02
-2 -2 -2 -3 -3 -1 -2 -3  5 -2 -2 -2 -1  2 -3 -2 -2  2  7 -2 1 0 0 0 0.01
 2 -1 -1 -1 -1 -1 -1 -1 -1 -1 -1 -1 -1  2 -1  3  2 -2  0 -1 1 0 0 0 0.01
-1  2  3  3 -3  4  1 -2  0 -3 -3  1 -2 -3 -2  0 -1 -3 -2 -3 1 0 0 1 0.01
-3 -3 -4 -5 -3 -2 -3 -3 -3 -3 -2 -4 -2  1 -4 -3 -3 12  2 -3 1 0 0 0 0.01
-2 -3 -4 -4 -2 -3 -3 -4 -2  2  3 -3  1  4 -3 -3 -2 -1  1  1 1 0 0 0 0.01
-1  3  0 -1 -3  4  1 -2  4 -2  0  1  0 -2 -2 -1 -1 -2 -1 -2 1 0 0 1 0.01
-1  0  0 -1 -3  5  1 -2  6 -3 -3  0 -1 -3 -2 -1 -1 -2  0 -3 1 0 0 1 0.01
-2 -3 -4 -4 -1 -3 -3 -4 -4  4  2 -3  1  0 -3 -3 -1 -3 -2  2 1 0 0 0 0.01
-2 -2 -2 -3 -2 -2 -3 -3 -2  0  2 -2  1  4 -3 -1  1  0  1  0 1 0 0 0 0.01
 3  0 -1 -1 -1  0 -1  2 -2 -2 -2  2 -2 -3 -1  2  0 -3 -2 -1 1 0 0 1 0.01
 3 -2 -2 -3 -1 -1 -2 -1 -2  1  0 -1  0 -2 -2  0  0 -3 -2  2 1 0 0 0 0.01
 4 -2 -1 -2 -1 -1 -1  0 -2 -1 -2 -1 -1 -2 -1  1  1 -3 -2  0 1 0 0 0 0.02
 3  0 -1 -1 -1  0  0 -1 -1 -2 -2  2 -1 -3 -1  2  2 -3 -2 -1 1 0 0 1 0.02
-1 -1  3  1 -3  1  3  2 -1 -3 -3  0 -2 -3 -2  0  1 -3 -2 -2 1 0 0 1 0.02
-1  0 -1 -2  7  5  0 -2 -1 -2 -2  0 -1 -3 -2 -1 -1 -2 -2 -2 0 0 1 0 0.02
-1 -2  4  0 -3 -1 -1  5 -1 -4 -4 -1 -3 -3 -2  0 -1 -3 -3 -3 0 0 1 0 0.02
-1 -3 -3 -4  6 -3 -3 -3 -3  3  0 -3  0 -1 -3 -2 -1 -3 -2  2 0 1 0 0 0.02
-1  1  3  1 -3  1  3 -2  0 -3 -3  3 -2 -3 -1  0 -1 -3 -2 -3 0 1 0 1 0.02
-2 -2 -3 -4 -2 -2 -3 -4 -3  1  4 -2  2  0  3 -2 -1 -2 -1  0 0 1 0 0 0.02
 1  1 -2 -3 -1 -1 -2 -2 -2  2  0 -1  0 -2 -2 -1  0 -3 -2  3 0 1 0 0 0.02
-1 -2 -2 -3 -2 -2 -3 -3 -2  2  3 -2  1  2 -3 -1  1 -1  0  1 0 0 1 1 0.02
 1 -1  2 -1 -2 -1 -1  3 -1 -2 -3 -1 -2 -3 -2  1  2 -3 -2 -2 0 0 1 0 0.02
-1 -2  2  2 -3 -1  0 -2 -1 -3 -3 -1 -2 -3  5  0  1 -4 -3 -2 0 0 1 1 0.03
-2  0  2  4 -3  4  1 -2  0 -3 -3  0 -2 -4 -2  0 -1 -3 -2 -3 0 0 1 1 0.03
 0 -1  0 -1 -1 -1 -1 -2 -2 -1 -1 -1 -1 -2 -1  1  5 -3 -2  0 0 0 1 0 0.03
-1  3 -1 -2 -2  0  0 -2 -1 -1  1  3  0 -2 -2  0  1 -3 -2 -1 0 1 0 1 0.03
-3 -3 -4 -5 -3 -2 -3 -3 -3 -3 -2 -4 -2  1 -4 -3 -3 12  2 -3 0 1 0 0 0.03
 0 -2 -2 -3 -1 -2 -2 -3 -3  3  1 -2  0 -1 -2 -1  2 -3 -2  4 0 1 0 1 0.04
-2 -1  6  1 -3  0 -1 -1  0 -4 -4  0 -3 -3 -2  0  0 -4 -2 -3 0 0 1 1 0.05
-1 -3 -3 -3 -1 -3 -3 -4 -4  4  1 -3  1 -1 -3 -2 -1 -3 -1  3 0 0 1 0 0.06
 0 -2  0  2 -2 -1  0 -1 -2 -3 -3 -1 -2 -3  6  2  0 -4 -3 -2 0 0 1 1 0.08
-1 -2  2  4 -3 -1  0 -2 -1 -3 -3 -1 -2 -3  3  0  2 -4 -3 -2 1 0 0 1 0.14
-1 -1  0  3 -3  2  3  1 -1 -2  0  0 -1 -3 -2 -1 -1 -3 -2 -2 1 0 0 1 0.10
-1 -2 -4 -4 -1 -2 -3 -4 -3  2  4 -3  2  0 -3 -3 -1 -2 -1  2 1 0 0 0 0.11
-1  4  0 -1 -4  1  0 -2 -1 -3 -3  4 -2 -3 -2 -1 -1 -3 -2 -3 1 0 0 1 0.11
 2  0 -2 -2 -1 -1 -1 -1 -2  0 -1  2 -1  2 -2  0 -1 -2  0  1 1 0 0 1 0.13
-1  0  0  1 -4  4  4 -2  0 -3 -3  1 -1 -3 -1  0 -1 -3 -2 -3 1 0 0 1 0.15
-2 -3 -4 -4 -1 -3 -3 -4 -3  3  4 -3  2  0 -3 -3 -1 -2 -1  1 1 0 0 0 0.17
 1 -2 -2 -2 -1 -2 -2 -2 -3  2  0 -2  0 -1 -2  0  2 -3 -2  2 1 0 0 1 0.28
-1 -1  3  0 -3 -1 -1  4  4 -4 -4 -1 -2 -3 -2  0 -1 -3 -1 -3 1 0 0 1 0.32
 3 -1 -1 -1 -1 -1 -1  0 -1 -2 -2 -1 -1 -2 -1  3  1 -3 -2 -1 1 0 0 0 0.48
 2 -1  0 -1 -1 -1 -1 -1 -1 -1 -2 -1 -1 -2 -1  3  3 -3 -2 -1 1 0 0 0 0.62
 3 -1  0 -1 -1  0  0  0 -1 -2 -2  0 -1 -2 -1  3  1 -3 -2 -1 1 0 0 1 0.73
 4 -2 -2 -2  0 -1 -1  0 -2 -1 -2 -1 -1 -2 -1  1  0 -3 -2  0 0 0 1 1 0.81
