-1 -2 -2 -3 -2 -1 -2 -3 -2  1  2 -2  6  0 -3 -2 -1 -2 -1  1 0 0 1 1 0.96
-1  0 -2 -2 -3 -1 -1 -2 -2 -1  1  2  0 -2  6 -1 -1 -3 -2 -1 0 0 1 1 0.97
-1 -2 -3 -4 -2 -2 -3 -4 -3  3  2 -2  4  0 -3 -2 -1 -2 -1  2 1 0 0 0 0.97
-2 -1  0 -3 -2 -1 -2 -3 -1  0  1  0  4  4 -3 -2 -1  0  3 -1 1 0 0 0 0.97
-1  5  1 -1 -3  3  0 -2  0 -3 -3  2 -2 -3 -2 -1  0 -3 -2 -3 1 0 0 0 0.98
-2 -2 -3 -3 -2 -2 -3 -3 -1  1  1 -1  0  5 -3 -1 -2  0  3 -1 1 0 0 0 0.98
 1 -1 -1 -2 -1 -1 -1 -2 -2  0  1  1  0 -2 -2  2  2 -3 -2  0 1 0 0 0 0.99
 2 -1 -2 -2  2 -1 -1 -2 -2  1  0  1 -1 -2 -2  0  1 -3 -2  1 1 0 0 0 0.99
-2 -3 -3 -4 -2 -2 -3 -4 -2  1  3 -3  0  0 -3 -1 -2  8  2  1 1 0 0 0 0.99
 3 -1 -1 -2 -1 -1 -1 -1 -2  0 -1  2 -1 -2 -1  1  2 -3 -2  0 1 0 0 0 0.99
-2 -2 -3 -3 -2 -2 -3 -4 -3  4  2  0  4 -1 -3 -2  0 -3 -2  1 1 0 0 0 0.99
-1 -2 -1 -2 -2 -2 -2  3 -2  0  0 -2 -1 -2 -2  1  4 -3 -2 -1 1 0 0 0 0.99
 0 -3 -3 -4 -2 -2 -3 -3 -3  2  4 -3  1  0 -3 -2  0 -2 -2  2 1 0 0 0 0.99
 1 -2 -1 -2 -2 -2 -2  5 -2 -2 -1 -2 -2 -3 -2  2 -1 -3 -3 -2 1 0 0 0 0.99
 0 -3 -3 -4  2 -2 -3 -3 -3  1  3 -3  3  1 -3 -2  0 -2 -1  1 1 0 0 0 0.98
 0 -2 -3 -3 -2 -2 -3 -1 -2  1  3 -1  1  0 -3  0 -1 -2  1  1 1 0 0 0 0.98
 2 -1 -1 -2 -1 -1 -2  1 -2 -1  1 -1  0  0 -2  2  2 -2 -1  0 1 0 0 0 0.97
 3 -3 -2 -3  5 -2 -2  1 -3 -1  0 -2  0 -2 -2 -1  0  6 -1  0 0 0 1 0 0.97
 1 -2 -2 -2 -2 -2 -2  0 -2 -2 -1 -2  1  1  5  0  0 -3 -2 -2 0 0 1 0 0.96
 1 -2  0 -2  1 -2 -2  2 -1  0  0 -2 -1  0 -2  1 -1 -1  2  0 0 0 1 0 0.96
 1 -1  1  0 -2  0  0 -2  2 -1  1 -1 -1 -2  1  1  1 -3 -2 -1 0 0 1 0 0.95
 3 -2  1 -2 -2 -1 -1 -1 -2 -2 -2  0 -2 -3  4  1 -1 -3 -2  0 1 0 0 0 0.94
 1 -2  0 -2  2 -1 -1 -1  2  1  0 -1  3 -1 -2  0  1 -3 -1  1 1 0 0 0 0.91
 3 -2 -1 -2  1  1 -1  1 -2 -2  0 -1 -1 -2  0  0 -1  3 -2 -1 1 0 0 0 0.83
 3 -1  0 -2 -1 -1 -1 -1 -2 -1 -1  1 -1 -2  0  1  0  3 -2 -1 0 0 1 0 0.82
 0 -1  0 -1  2  0  0 -2 -2 -1  0  0 -1  0  0  0  2  3 -1  0 0 0 1 0 0.81
 1 -1  1  0 -2  1  0 -1 -1 -2 -1 -1 -1  1  1  3  1 -2 -1 -2 0 0 1 1 0.81
 1 -1  3 -1 -2  1 -1  0  1 -1 -1  0 -1 -2 -1  1  0 -2 -2 -1 0 0 1 0 0.74
-1 -2  0  0 -2 -1  0 -2 -2 -1  0 -1 -1 -1  5  0  0 -3 -2  0 0 0 1 1 0.64
 2 -1  1  0 -2 -1  0 -1 -1 -2 -1  1 -1 -1  0  1  1 -3 -2 -1 0 0 1 0 0.54
-1 -2 -2 -1 -2  0 -1 -3 -2  2  0  0  0  4 -3 -1 -1 -1  0  1 0 0 1 0 0.47
-1  0  1  2 -2  1  0  0  1  0  0  0 -1 -2 -2  0  0 -2 -1  0 0 0 1 1 0.42
 0  1 -1  0 -2  0  0  2  0 -2 -1  0 -1 -2  2  0  0 -3 -1 -1 1 0 0 1 0.41
 2  2  0  0 -3  2  0 -2 -1 -2 -3  3 -2 -3 -2  1 -1 -3 -2 -2 1 0 0 1 0.41
 1 -1  1  0 -2  2  2  1  0 -1 -1 -1  1 -3 -2  0  0 -3 -2 -1 1 0 0 1 0.36
 1 -2 -2 -1 -2 -2 -2 -2 -2  2  1 -2  1  0 -2  1  0 -2  1  2 1 0 0 0 0.36
 1  0 -1  1 -2  0 -1 -2  0  0  0  0  4  0 -2  0  0 -3 -2  1 1 0 0 0 0.39
 1  0  1  1 -2  2 -1 -2  1 -1 -1  1 -1  3 -2 -1  0 -2  1 -1 0 0 1 1 0.35
 2 -2  1  1 -2 -1  1  1 -2 -3 -3  0 -2 -3  1  2  1 -4 -3 -2 0 0 1 0 0.27
-1  2 -1  0 -3  3  2 -2  0 -3 -3  2 -2 -3  2  0 -1 -3 -1 -1 0 0 1 1 0.21
-2  0 -3 -3 -2 -2 -3 -4 -3  3  2 -1  3 -1 -3 -2  1 -3 -2  2 0 1 0 0 0.19
-3 -3 -3 -4 -3 -3 -1 -4 -1  2  1 -3  1  3 -4 -3 -1  0  6 -1 0 1 0 0 0.22
-1 -2 -1  4 -3 -1  0  2  1 -3  0 -2 -2  1 -3  2 -1 -3 -2 -3 0 1 0 1 0.21
-4 -5 -5 -5 -4 -5 -2 -5 -3 -2 -1 -5 -2  8 -5 -1 -4 -1  1 -3 0 0 1 0 0.18
-1 -2 -2  3 -5  0  6 -4 -2 -5 -4 -1 -4  1 -3 -2 -3 -4 -3 -4 0 0 1 1 0.17
-1 -1  0  3 -3  2  3  1  0 -4 -4  0 -3 -4 -2  2  1 -4 -3 -3 0 0 1 1 0.13
 0 -1  3  1 -3  1  1  2 -1 -2 -3  0 -2 -4  2  1  0 -4 -3 -2 0 0 1 1 0.12
 0 -1  1  1 -2  1  1 -1 -2  0 -1  0  0 -2  0 -1  0 -3 -2  1 0 0 1 1 0.12
-1 -2 -2  2 -3  0  2 -3 -3  0 -1 -1 -2 -3  5 -1 -2 -4 -3  1 0 0 1 0 0.15
-2  0 -2 -2 -3  1  0 -3 -2  1  1  0 -1 -2  4 -2 -1 -3 -2  1 0 0 1 0 0.13
 3  0  1  1 -2  1  1  0 -2 -3 -3  0 -2 -3  1  1  0 -3 -3 -2 0 0 1 1 0.15
 0 -2  2  3 -2 -1  0 -1 -1 -2 -2 -1 -2  0 -1  0  2 -2  1 -2 0 0 1 1 0.12
-2 -4 -4 -5  0 -4 -4 -4 -3  3  0 -4  0  5 -4 -3 -2  7  2  2 0 0 1 0 0.08
-1 -1  0 -2  0  0 -2 -3  2  1 -1  1 -1  0 -3  1  3 -3 -2  0 0 1 0 1 0.08
 2 -2 -1 -1  0 -2 -2 -2  2 -1 -2 -2 -2 -3 -2  3  3 -4 -2  1 0 0 1 0 0.10
 1 -2  1  1 -2 -1  1  2 -2 -1 -3 -1 -2 -3 -1  2  1 -3 -2 -1 0 0 1 1 0.19
 0 -1  1  0 -3  2  1  1  0 -3 -3  2 -2 -1  1  0  1 -3 -1 -2 0 0 1 1 0.15
-1 -1  3  1 -3 -1 -1  4  2 -4 -4  1 -3 -4 -1  1 -1 -4 -3 -4 0 0 1 1 0.15
 0 -2  1  0  1  0 -1  3  1 -3 -3  0 -3 -3 -2  4  0 -3 -3 -3 0 0 1 1 0.14
 0  2 -1 -1 -3  2  1 -2  2 -2 -3  1 -2 -3 -1  1  3 -3 -2 -1 0 1 0 1 0.12
 0 -3 -4 -4 -2 -3 -4 -4 -4  1  4 -1  0 -1 -4 -3 -2 -3 -2  3 0 1 0 0 0.16
 1  0  0 -2 -2  0  0 -1 -2 -3 -2  0 -2 -4 -2  4  2 -4 -3 -2 0 1 0 1 0.16
-1 -1 -4 -4 -2 -1 -3 -4 -4  4  3 -3  0  1 -4 -2 -2 -3 -2  2 0 1 0 0 0.20
-1 -3  0 -2 -3 -2 -2 -2 -3 -4 -5 -1 -4 -5 -3  6  1 -5 -4 -4 0 1 0 0 0.16
 0 -2  2  3 -3  0  1  1  1 -2 -3  0 -3 -4 -1  2  0 -4 -3 -3 0 0 1 1 0.16
 1  1  1  1 -3  1  2 -2 -2  0  1  1 -1 -2 -2 -1 -1 -3 -2 -1 1 0 0 1 0.13
-2  3 -2 -3  2  0 -2 -4  8 -3 -4 -1 -3  2 -4 -3 -3 -3  1 -4 1 0 0 0 0.11
 2 -2 -3 -3 -3 -2 -3 -1  1 -2 -2 -1 -2  2 -3 -1 -2  0  6  0 1 0 0 0 0.12
-3  1 -2 -3 -5 -1 -1 -4 -3  1 -3  6 -3 -4 -3 -2  0 -5 -4 -2 0 0 1 1 0.12
-2 -2  1  4 -1 -1  2 -3  4 -3 -1 -1  4 -3 -3  1 -2 -4 -2 -3 0 0 1 1 0.12
-2 -5 -3 -3 -5 -4 -4  7 -4 -6 -4 -4 -5 -5 -4 -2 -4 -5 -5 -5 0 0 1 0 0.08
 0  0  3 -1 -3  1  2 -1  1 -3 -3  2 -2 -4 -2  2  1 -4 -3 -2 0 0 1 1 0.06
-2  2  1 -2 -4  5 -1 -3  5 -4 -3  2 -2 -3 -3  1 -2 -3  2 -3 0 0 1 1 0.04
 2 -3 -2 -2 -3 -2 -2  0 -3 -4 -4 -2 -3 -4 -3  6 -1 -5 -4 -3 0 1 0 0 0.03
-3 -4 -5 -6 -3 -4 -5 -6 -5  1  6 -4  1 -1 -5 -4 -3 -4 -3  0 0 1 0 0 0.02
-1  3 -2 -2  1  2  2 -3 -2 -2  0  3  1 -3 -3  0 -2 -4 -3 -1 0 1 0 1 0.02
-6 -6 -7 -7 -5 -5 -6 -6 -5 -2 -4 -6 -4 -2 -7 -6 -5 13 -1 -5 0 1 0 0 0.02
 0  0  3  3 -3  3  1 -2  0 -3 -4  1 -2 -4 -2  1  1 -4 -3 -3 0 1 0 1 0.02
-5 -5 -5 -6 -5 -4 -5 -5  1 -4 -3 -5 -3  5 -6 -4 -2 10  4 -4 0 1 0 0 0.01
-1  0  0  1  1  4  1 -1  1 -3 -3  2 -2 -4  0  1  1 -4 -3 -3 0 0 1 1 0.01
 1  0  1  0 -3  2 -1  1 -2 -3 -3  1 -3 -4  4  1  0 -4 -3 -3 0 0 1 1 0.01
 0  1  1 -1 -4  0 -2  5 -3 -4 -4  0 -3 -4 -1  0 -2 -4 -4 -4 0 0 1 1 0.02
 3 -2 -1  3 -2 -1 -1  1 -3 -3 -4 -2 -3 -4 -2  3  0 -4 -3 -3 0 0 1 0 0.02
 1  1 -2 -2 -2  0 -2 -3 -2  0 -1  2  0 -3 -2  1  3 -4 -3  2 0 1 0 1 0.02
-2 -3 -4 -4 -3 -3 -4 -4 -4  2  4 -1  2  2 -4 -2 -1 -3 -2  1 0 1 0 0 0.02
-1  2  2  0 -3 -1  0 -2  1 -2 -1 -1 -1 -1 -2  2  4 -3 -2 -2 0 1 0 0 0.03
-2 -4 -4 -1 -3 -4 -4 -5 -4  4  3 -4  0  1 -1 -3 -2 -3 -2  3 0 1 0 0 0.04
 0  1  2  1 -3  2  1 -2  4 -2 -3  2 -2 -3 -1  1  0 -4 -2 -1 0 1 0 1 0.05
-1  1  2  0 -3  1  1  0  2 -1  0  2  0 -2 -2  0 -1  2 -2 -2 0 0 1 1 0.08
 0  0  1  2 -3 -1  0 -2 -2 -2 -1  0 -2 -2  4  0 -1 -3 -2 -1 0 0 1 1 0.09
 0 -2  0 -2 -2 -1 -2  1 -2  2  2 -1  1  0 -2  0 -1 -2 -1  1 0 0 1 0 0.10
 0  0  1  1 -2  1  0  1 -1  1 -1  1 -1 -2  0  0 -1 -3 -2 -1 0 0 1 1 0.13
-2 -2 -2 -3 -2 -1 -2 -2 -2  2  1 -2  1  4 -3 -1 -1 -1  3  1 0 0 1 0 0.18
 0 -1 -1 -1 -2  0  1  0  0 -1 -1  1 -1 -2  4  0  1 -3 -2 -1 0 0 1 1 0.22
 0  0  0  0 -2  1  0  0 -1 -1  0  0 -1 -2  3  1  1 -2  0 -1 0 0 1 1 0.26
-1 -1  2  3 -2  0  1 -2  0 -2 -1  1 -2 -1  0  0  1 -2  0 -2 0 0 1 1 0.24
 0  0  1  3 -2  0  1 -2 -1  0 -1  2 -1 -2 -2  0 -1 -3 -2  0 0 0 1 1 0.21
-1 -1  0  2 -2  0  1 -2 -1 -1 -1  1 -1 -1  3  0  0 -2  1 -1 0 0 1 1 0.19
 2 -1  2  0 -2 -1  0  1 -1 -1  0 -1  0 -1 -2  0  1 -2 -2 -1 0 0 1 1 0.20
 0  0  1  0 -2 -1  0  2 -1 -2 -2  1 -2  0  1  2  0 -2  0 -1 0 0 1 1 0.24
 0  1  0  0 -2  1  1 -2 -1 -1  1  3 -1 -2 -2  1  1 -2 -2 -1 0 0 1 1 0.22
 2  0 -1  0 -2  0  0  0 -1 -1 -1  0 -1  0  2  0  0 -2 -1  0 0 0 1 1 0.23
 1  1 -2 -2  1 -1 -1 -1 -1 -1  0  0 -1 -1 -2 -1 -1  7  2  0 0 0 1 0 0.19
 0  0 -1  0  1  0 -1  3 -1 -1 -1  0  0 -2  0  0  0  1 -1 -1 0 0 1 1 0.15
 0  2  1  1 -2  1  1  1 -1 -2 -2  1 -1 -2  1  0  0 -2 -1 -2 0 0 1 1 0.13
 1 -1  2  0 -1  0  0  0 -1  0 -1  0  0 -2  1  2  1 -2 -2  0 0 0 1 1 0.11
 0  1  1 -1 -2  0 -1 -2  1 -2 -2  3 -1 -1  0  1  1 -1  2 -2 0 0 1 1 0.07
 0  1  0 -1  1  0 -1 -1 -1 -1  0  0  0  0  0  0  1 -2  0  0 0 0 1 0 0.04
-1 -2  1 -1 -3  2 -1  3  0 -3 -2 -1 -2 -1  2  2 -1 -3 -1 -3 0 0 1 0 0.03
 1 -3 -2 -2 -2 -2 -2  5 -3 -1 -3 -2 -2 -3 -2 -1  2 -3 -3  1 0 1 0 0 0.02
-1 -4 -4 -4 -3 -4 -4 -4 -3  3  2 -4  2  5 -4 -3 -2  4  0  1 0 1 0 0 0.01
 0  1  0 -2 -2  1 -1 -2 -2  1 -1  1  2 -2 -2  2  1 -3  0  0 0 1 0 0 0.01
 0 -4 -4 -5 -3 -3 -4 -4 -3  0  2 -4  3  5 -4 -3 -2 -2  0  2 0 1 0 0 0.01
-5 -1 -6 -3 -5 -4 -5 -5  1 -6 -5 -5 -4 -2 -6 -5 -5 12 -1 -6 0 1 0 0 0.01
-2 -4 -5 -5 -3 -4 -4 -5 -4  5  3 -4  3 -1 -4 -4 -2 -4 -3  3 0 1 0 0 0.01
-4 -4 -4  0 -5 -4 -4 -5 -1 -4 -3 -2 -3  2 -5 -4 -4  3  9 -4 0 1 0 0 0.01
-2  0  7 -1  2  3 -2 -3 -2 -5 -5 -2 -4 -5 -4  2 -2 -5 -4 -4 0 0 1 0 0.01
 0 -1 -2  1 -5  0  5 -2 -2 -4 -4  2  1 -5  2 -1 -2 -4 -4 -4 0 0 1 1 0.01
 0  1 -1 -2 -3  1  1 -3  2 -1 -3  4 -2 -1 -2  1  1 -4 -2 -2 0 0 1 1 0.01
 3 -4 -4 -3 -4 -3 -3 -3 -4 -4 -2 -3 -3 -5  7  0 -1 -5 -4 -3 0 0 1 0 0.02
-2 -1 -2 -3 -3  3 -1 -3 -2  3  0  0  2 -2 -3  1  0 -4 -3  2 0 0 1 1 0.02
 0  0  2  4 -4  1  0 -1 -2 -2 -4  0 -3 -4  1  0 -2 -5 -3 -2 0 0 1 1 0.03
 1 -3 -1  4 -4 -2  1  4 -3 -4 -4  0 -4 -4 -3  0 -1 -4 -4 -4 0 0 1 1 0.03
 1  0  0 -1 -3  2 -1 -2  0 -2 -3  4 -2 -2 -1  1  1 -3  2  0 0 0 1 1 0.02
-2 -4 -4 -5 -3 -3 -4 -5 -4  3  4 -4  4 -1 -4 -3 -2 -3 -3  1 0 1 0 0 0.03
-2  3 -2 -2 -3  0  1 -3  3  1 -1  1 -2 -3 -3 -1  3 -4 -2  0 0 1 0 0 0.02
-3 -5 -5 -5 -3 -5 -5 -5 -4  3  0 -5 -1  7 -5 -4 -3 -2  0  3 0 1 0 0 0.02
 0  1  0  2  1  2  3 -3 -2 -1 -3  0 -2 -3 -2  1  0 -4 -3  0 0 1 0 1 0.02
-2 -4 -4 -5 -4 -4 -4 -5 -3  0  2 -4 -1  7 -5 -1 -1 -1  1 -1 0 1 0 0 0.03
 0  0 -1 -1 -2 -1 -1  3  3 -2 -2  0 -1 -1 -1  0 -1 -1  1 -1 0 1 0 1 0.03
-1  1  2  1 -2  1  2  0 -1 -2 -2  1 -1 -2 -1  0  0 -2 -1 -1 0 0 1 1 0.03
 0  0  1 -1 -2  0  0  2 -1 -2 -2  2 -1 -2  1  0  1 -2 -1 -1 0 0 1 1 0.04
 0 -1 -1 -1 -1 -1  0 -2 -1  0  2  0  0  2 -1  0  0 -1  0  0 0 0 1 1 0.05
 0  0  2  0  0  0 -1  0 -1  0  1 -1  1 -2 -2  0  0 -2 -2  0 0 0 1 1 0.06
 2  1  1 -1 -2  0  0  0 -2 -2 -3  2 -2 -3  2  1  1 -3 -2 -2 0 0 1 1 0.08
 1 -2  2  3 -2  1  0 -1 -1 -2 -2 -1 -2 -1 -2  1  2 -3 -1 -1 0 0 1 1 0.08
 0 -1  3  2 -3 -1 -1  4  1 -3 -3 -1 -3 -3  0  0 -1 -3 -3 -2 0 0 1 1 0.07
-1  2  1 -1 -3  1  2  0  0 -2 -3  3 -2 -3 -2  0  0 -3 -2 -2 0 0 1 1 0.05
 1  0 -2 -2 -2 -1  0 -2 -2  0  0  1 -1 -2  3  0  1 -3 -1  2 0 1 0 0 0.05
 0  0 -1  2  5  1 -1 -2  0 -3 -3  2 -2 -3  1  2 -1 -3 -3 -2 0 1 0 1 0.03
 2 -1 -3 -3  1  0 -1 -3 -1 -2 -1 -1 -2  0 -3  0  2 -1  6 -2 0 1 0 0 0.02
-1  2 -2 -2 -3  1  0  1 -1 -1 -3  1 -2 -2 -3  2 -1  6  1 -1 0 1 0 1 0.02
-2 -4 -4 -5 -4 -4 -5  0 -3  1  1 -4 -1  7 -5 -3 -1 -1  1 -2 0 1 0 0 0.01
-1  1 -1  1 -3  1  1 -1 -1 -3 -3  1 -2  0  3  0  1 -3 -2 -3 0 1 0 1 0.01
-1 -4 -4 -5 -3 -4 -4 -4 -3  2  1 -4  1  5 -4 -3 -2 -2  3  3 0 1 0 0 0.01
-2  2  4 -1 -4  0  0  1  2 -3 -3  3 -3 -3 -3  0 -2 -4  0 -2 0 1 0 1 0.01
-3 -4 -5 -5 -3 -4 -4 -5 -4  3  5 -4  4 -1 -4 -4 -3 -3 -3  1 0 1 0 0 0.01
-2 -2  7  2 -5  0 -1  1 -1 -5 -5 -1 -4 -4 -4 -1 -2 -5  0 -5 0 1 0 0 0.00
-1 -4 -4 -5 -4 -4 -4 -5 -3 -2 -2  0 -2  8 -5 -2 -4 -1  3 -3 0 1 0 0 0.00
 0  0  0 -2 -3  1  0 -3  1  1 -2  2 -2 -3 -1  1  4 -4 -3 -1 0 0 1 1 0.00
-2 -4  0 -3 -5 -4 -4  7 -4 -6 -6 -4 -5 -5 -4 -2 -4 -5 -5 -5 0 0 1 0 0.00
-5 -6 -7 -7 -5 -5 -6 -6 -5  0 -4 -6 -4 -2 -7 -6 -5 12 -1 -5 0 1 0 0 0.00
-1  8 -3 -4 -5 -1 -2 -4 -2 -5 -4  1 -4 -5 -4 -2 -3 -5 -4 -5 0 1 0 0 0.00
 4 -1 -2 -1  1 -2  0  2 -3 -3 -3  0 -3 -4 -2  0  2 -4 -3 -2 0 1 0 0 0.00
 2 -4 -1 -4  5 -3 -4 -3 -4  2 -1 -3  1  1 -3 -2 -2 -3 -2  4 0 1 0 0 0.01
 0  0 -4 -5  2 -4 -4  1  1 -5 -2 -4 -3 -2 -5 -3 -4 11 -1 -4 0 1 0 0 0.01
-1  1 -4 -5 -3 -3 -4 -5 -4  4  0 -3 -1 -2 -4 -3 -2 -4 -3  5 0 1 0 0 0.01
 0 -1 -1 -2  4  0 -2  0 -2  0 -2  1  0 -3  2  2  1 -4 -3 -2 0 1 0 0 0.01
-4 -4 -4 -5 -4 -3  0 -5 -1 -2  1 -4 -2  6 -5 -4 -4  0  7 -3 0 1 0 0 0.01
-1  2  2  1 -3  3  4 -2  1 -3 -3  1 -2 -3 -2  0 -1 -3 -2 -3 0 0 1 1 0.02
-2  4  3 -1 -3  0  2 -1 -1 -3 -3  0 -2 -2 -3  0 -2 -2  3 -1 0 0 1 1 0.03
-2 -2  0  6 -3 -1  0  1 -2 -1 -3 -2  1 -3 -2  0 -2 -3 -3 -2 0 0 1 0 0.04
 0 -1 -2 -2 -2  0  0 -1 -2 -1  1  1  5  1 -2  0  0 -2 -1 -1 0 0 1 0 0.06
 0  0  1  2 -2  2  2  0  0 -2 -1  1 -1 -2  1 -1 -1 -2 -2 -2 0 0 1 1 0.11
-1 -1  2 -1 -2  0 -1  4  0 -1 -2  1  0 -2 -2 -1  0 -2 -2 -1 0 0 1 1 0.17
-1  3 -1 -1 -2  0 -1  0  0 -2 -2  2 -2 -2  3 -1  1 -2  0 -2 0 0 1 1 0.19
 0 -1  0  1 -2  0  2  0 -1 -1  0 -1 -1 -2  3 -1 -1 -2 -2 -1 0 0 1 1 0.26
-1 -1  0 -1 -1 -1 -1 -1  0  1  0 -1  2  2 -1 -1  0  4  3  0 0 0 1 0 0.26
 0 -1  2  0 -1  0  1  0 -1 -2 -1  0 -1 -2  2  1  1  1 -1 -1 0 0 1 1 0.28
 0 -1 -1 -1 -1 -1 -1  2 -1  0  1 -1  1  1 -1  0 -1 -1 -1  0 0 0 1 0 0.29
 1 -1  1  0  1 -1 -1 -1 -1  0  0 -1 -1 -1  0  1  0 -1  0  1 0 0 1 1 0.29
 0  0  0  0 -1  0  0  1 -1 -1 -1  1 -1 -1  1  0  0 -1 -1  0 0 0 1 1 0.35
 0 -1  0  0 -1 -1  0  0  1  1  0 -1  0  0 -1  0  1 -1 -1  0 0 0 1 0 0.33
 0  0  2  0 -1  0  1  0 -1 -1 -1  0 -1 -1 -1  1  2 -1 -1 -1 0 0 1 1 0.43
 1 -1  0  0 -1  0  0  1 -1 -1 -1  0 -1  1 -1  1  1 -1  0  0 0 0 1 0 0.43
 0 -1  0  1 -1  0  1  0 -1 -1 -1  0 -1 -1  2  0  2 -1 -1  0 0 0 1 1 0.47
-1  0  0  1 -1  0  2 -1 -1  0  0  1 -1 -1 -1  0  0  3  1  0 0 0 1 0 0.46
 0  0  0  2 -1  0  0 -1 -1  0 -1  0 -1  0 -1  1  0 -1 -1 -1 0 0 1 1 0.46
 1 -1 -1 -1 -1 -1 -1  2 -1  0  0 -1 -1 -1  1  0 -1  4 -1 -1 0 0 1 0 0.46
 0 -1  0 -1  2  1  1  0  1 -1 -1  0 -1  0 -1  0  1 -1  1 -1 0 0 1 1 0.44
 0  1  0  0 -2  2  1 -1 -1 -1 -1  0 -1  0  2  0  0 -1  0 -1 0 0 1 1 0.44
 0 -1  0  1 -1  1  0  0  0  0  0  0  1 -1  2  0  0 -1 -1 -1 0 0 1 1 0.35
 0 -1 -1 -1  3  1  1  0 -1 -1  0  0  2 -1 -1  1  1 -1 -1 -1 0 0 1 1 0.32
 1  0  0 -1 -1  0 -1 -1 -1  2  0  0  0 -1  0  1  0 -1  0  1 0 0 1 0 0.26
 0 -1  1  2 -2  1  1  2 -1 -1 -1  0 -1  0 -1  0 -1 -1 -1 -1 0 0 1 1 0.23
 0  1  0  1 -1  0  0  0  1 -1 -1  1 -1 -1 -1  0 -1 -1  1 -1 0 0 1 1 0.22
 0  0  1  0 -1  0  0  0  1 -1 -1  1 -1 -2  1  2  0 -2 -1 -1 0 0 1 1 0.24
 1 -1  0 -1 -1  0 -1  1 -1 -1  0  1  0 -1  1  0  0 -1  0 -1 0 0 1 1 0.23
-1 -1  0  2 -2  0  1  2  1 -2 -2  1 -2 -1 -1  1  1 -2 -1 -2 0 0 1 1 0.20
 1  0  0  1 -2  0  1  1 -1 -1  0  1 -1 -2  1  0  0 -2 -2 -1 0 0 1 1 0.16
-1  1  1  2 -3  0  0  2  0 -2 -2  0 -2 -2  0  0  0 -2  0 -2 0 0 1 1 0.11
-2 -3 -3 -4 -2 -3 -3 -4 -3  4  2 -3  5  2 -3 -3 -2 -2 -1  2 0 1 0 0 0.07
-1 -2  2  5 -3 -1  1 -2 -2 -2 -3 -1 -3 -3 -2  0  1 -4 -3 -1 0 1 0 1 0.04
 0  1  1  0 -2  0  2 -1 -1 -2  0  1 -1 -2 -2  2  0 -3 -2 -1 0 1 0 1 0.04
-2 -3 -3 -4 -2 -3 -3 -4 -3  3  3 -3  3  0 -3 -3 -2  1  2  2 0 1 0 0 0.03
-2  5 -1 -2 -3  1  1 -3 -1 -2 -2  2 -2 -2 -2 -1  1 -3  0  0 0 1 0 1 0.02
-1 -3 -3 -3 -2 -3 -3 -3 -3  4  1 -3  1  4 -3 -3 -2 -2  0  2 0 1 0 0 0.02
-1  1 -1 -1 -2  1  2 -2 -2  2  0  1 -1 -2 -2  0  1 -3 -2  2 0 1 0 1 0.02
 4 -2 -2 -2 -2 -2 -2 -1 -2  0  0 -2 -1 -1  1  0  0 -3 -2  0 0 1 0 0 0.02
-2 -3 -3 -3 -4 -3 -2 -3 -3 -3 -1 -1 -3  1  8 -2 -2 -4 -3 -3 0 0 1 0 0.02
 1 -1  1  2 -2  1  1  0 -1 -2 -1  0 -2 -2 -2  2 -1 -3  0 -2 0 0 1 1 0.03
 0  1  3  0 -2  1  1  1 -1 -1 -2  0 -2 -3 -2  1  0 -3 -2 -2 0 0 1 1 0.03
 1 -1 -1 -1 -1  0  0  0 -1  0  0  0 -1 -2  0  1  2 -2 -1  1 0 0 1 0 0.04
-1 -1  1 -1 -2  0  1  1 -1 -1 -1  1  1 -2  3  1  0 -2 -2  0 0 0 1 1 0.03
 0  0  0  0 -2  2  1 -2 -1 -3 -2  2 -2 -1  1  2  1 -3 -1 -2 0 0 1 1 0.04
-2 -4  2 -3 -4 -3 -3  6 -3 -5 -5 -3 -4 -4 -4 -2  0 -4 -4 -4 0 0 1 0 0.03
-2  3  2 -2 -3  0  2 -3 -2 -2 -3  1 -2 -4 -2  1  4 -4 -3 -1 0 1 0 1 0.03
-2 -3 -4 -4 -2 -3 -3 -4 -4  3  4 -3  0  0 -3 -3  0 -3 -2  3 0 1 0 0 0.02
-3 -4 -4 -4 -4 -3 -4 -4  0 -2 -1 -4 -2  6 -4 -1 -3  4  6 -3 0 1 0 0 0.02
-3 -1 -4 -4 -3 -4 -4 -4 -3  4  2 -3  1  5 -4 -4 -3 -2  0  0 0 1 0 0 0.02
-4 -4 -1  8 -6  1 -1 -4 -4 -6 -6  0 -6 -6 -4 -3 -4 -7 -6 -6 0 1 0 0 0.02
-1  3  0  1 -3  2  0 -3  4 -1 -1  1 -2  0 -3 -1  1 -3 -1 -1 0 1 0 0 0.03
-2  0 -3 -4 -3  0 -3 -4  2  3  3 -3  2  0 -4 -3 -2  2 -1  2 0 1 0 0 0.03
-2 -1 -2 -1 -3  1  2 -3 -3  2  0 -1  4 -2 -3 -1  2 -3 -3  1 0 1 0 0 0.03
-3 -4 -2 -4 -3 -3 -4 -4 -3  1  3 -4  1  4  2 -3  0  4  0 -1 0 1 0 0 0.03
 2 -2  0 -1 -2  0 -1 -1 -2 -3 -1  0 -2 -3  2  3  1 -3 -1 -2 0 1 0 0 0.04
 0 -1 -2 -2 -2 -2  1 -2 -3  2 -1 -1 -1  0  0  1  0 -3 -2  3 0 0 1 0 0.05
 0  0  0  1 -3  0  0 -2 -1 -1 -2  3 -2  0  2  0  1 -3 -2  0 0 0 1 1 0.05
-2 -3  1  6  0 -1  0 -1 -3 -1 -3  0 -1 -4 -3 -2 -1 -5 -4  0 0 0 1 1 0.05
 2 -2  1  0 -2  0 -1 -1 -2  0 -1 -1  2 -3  2  1  1 -3 -3  0 0 0 1 1 0.05
-1  5  3  0 -4 -1  0  0  2 -3 -2  1 -3 -4 -3 -2 -2  1 -3 -2 0 0 1 1 0.05
-1 -1 -2 -1 -3  2  0 -3  1 -2 -1  1 -2  1 -3 -1  0  5  3  0 0 0 1 0 0.06
 0  3  1 -2 -4  5 -1 -2  0 -3 -1  0 -2 -4  3 -1 -2 -4 -3 -3 0 0 1 1 0.06
 0 -2 -1 -2 -2  0 -2 -3  0 -1 -1 -2  2 -2 -3  2  4  4  1  1 0 0 1 0 0.06
 1  2 -2 -2 -3  0  0 -2 -2 -2 -1 -1 -2 -1  3  2  2 -3 -2 -1 0 0 1 1 0.05
-2 -4 -2  7 -5  0 -1 -4  3 -5 -5 -3 -5 -5 -4 -1 -3 -5 -4 -5 0 0 1 0 0.04
-1 -3 -3 -1 -1 -1  0 -4  1 -1  2 -2  0  2 -1 -1 -2 -1  5 -1 0 0 1 0 0.03
-1  1 -3 -3 -4  6  0 -4  2 -4 -3  0  0 -4 -4 -3  0  6 -3 -2 0 0 1 1 0.02
-1 -3 -2 -3  2  0 -3  0  2  1  1 -2  2  1 -3 -2  0 -2  1  3 0 0 1 0 0.02
-2 -2 -1  1 -4 -2  0 -2  2 -2 -4  2 -3 -3  5  0 -1  4  0 -4 0 0 1 1 0.02
-1 -2  1  1  2 -2  0 -1 -2 -2 -1  0  1  1  1  0  3 -3  0 -1 0 0 1 1 0.02
 0  2  2 -1 -3  1 -1 -1  2 -2 -1  0  1 -1 -3  0  0  2  1 -1 0 0 1 1 0.02
-1 -1  3 -2 -3  0 -2  0  0  0  0  0  1 -2 -3 -2  0  3  2  0 0 0 1 1 0.02
-1 -2  0  0 -1  1  0 -1  2 -1  1 -1 -2 -1 -1 -1  2  6  1 -1 0 0 1 1 0.02
-1 -1  1  0  0  0  3 -3 -2 -2 -3  2  0 -3 -1  0 -1  6  0 -3 0 0 1 1 0.03
 0 -1  0  0 -3 -2  0 -1 -3 -1  2 -2 -1  0  3 -1 -1  4  0 -1 1 0 0 0 0.03
-2  0 -1  3 -4  2  3 -3  0 -2 -1 -1  0  0 -3  1 -2 -4 -3  1 1 0 0 0 0.03
-3  0  1 -1 -3  2 -2 -4  0  3  0 -2  0 -2 -4 -2 -1  3  3  2 1 0 0 0 0.04
 0 -1  1  1 -4  3  0 -2  0 -3 -1 -1  0 -2 -3  2  1 -3  3 -2 1 0 0 1 0.05
-2  0 -2 -1 -4 -2  1 -4  0 -3 -1 -1  0  4 -1  0 -2  7  4 -2 0 0 1 0 0.06
-2  1  3  1 -4  1  1  0  5 -3 -2  0  0 -1 -1  0  0 -3  2 -3 0 0 1 0 0.08
 0 -1  3  1 -3  1  0 -2  1 -2 -1  0  0 -2 -3  1  0  2  2 -1 0 0 1 1 0.11
 0 -2  0  0 -3  0  0 -2  3  0  1 -2  0 -1  2 -1  0 -3  0  0 0 0 1 0 0.11
-1  2  1  0 -3  2  1 -2 -2 -3 -2  2 -1 -3  2  0  0  1 -1 -2 0 0 1 1 0.12
-1 -2 -3 -1 -3 -1 -1 -2 -2 -1 -1  0  1  1  5 -1  0 -3  3 -2 0 0 1 1 0.15
 1 -1 -1  4 -3  0  0 -3 -1 -1  0  0 -2 -3  1 -1  1 -3  0 -1 0 0 1 1 0.16
-1 -1 -2 -2 -2 -1  1 -3 -2  1  2  0  1  1  1 -1 -1 -3 -1  2 0 0 1 0 0.15
 1 -2  2 -1 -3 -1  0 -1 -2 -3 -3  2 -3 -4  5  1 -1 -4 -3 -2 0 0 1 1 0.18
 0 -3 -1  0 -2 -2 -2 -1 -3  1  2 -2  1  1  0 -2  0 -3 -2  2 0 0 1 0 0.19
 1 -1  1  1 -3  0 -2 -3 -3 -1 -2 -2 -2 -3  0  1  5 -4 -3 -1 0 0 1 0 0.16
 2 -1  0  1 -3  0  1 -1 -2 -3 -3 -2 -3  0  3  2  1 -4 -3  0 1 0 0 1 0.14
 1  0 -1  0 -3  2  2 -1  0 -2 -1  0  1 -3 -2  1  1 -3 -1  0 1 0 0 1 0.15
-2  0  1  2 -4  3  2 -1 -2 -3 -1  1  1 -4 -3  0  1 -4 -3 -3 1 0 0 1 0.15
 0  1  0 -1 -3  1  0  0  0  0  0  2  0 -3  0  0  0 -3 -2 -1 1 0 0 1 0.13
 1  0  0  1 -3  1  1  0 -2 -1 -1  2 -2 -3  1  0  0 -3 -3 -2 1 0 0 1 0.12
 0  1  1  1 -3  1  0  0  2 -1 -2  0 -2  1  1  0  0 -2  1 -2 1 0 0 1 0.09
 0 -1 -4 -4  0 -3 -3 -4 -3  3  1  0  2  4 -2 -3 -1 -2  3  1 1 0 0 0 0.06
 1  1  0  4 -5  2  3 -3 -1 -5 -5  2 -4 -5 -1  0 -2 -5 -4 -4 1 0 0 1 0.04
 1  0 -1 -1 -2  0  0 -1 -2  0  1  1  1 -2 -1  0  1 -3 -3  0 1 0 0 1 0.03
-1 -2 -5 -3 -4 -4 -5 -5 -5  5  3 -3  4 -3 -5 -2  1 -4 -1  1 1 0 0 0 0.02
-1  4 -2 -1 -5 -2  3 -3 -3 -3 -2  2 -3 -3 -4 -2  1 -4  2 -2 1 0 0 0 0.02
-1  0  0  2 -4  3  2 -1  0 -4 -2  2 -3 -2 -1  0 -1 -4 -2 -2 1 0 0 1 0.01
-2  6  0 -4 -6  0  0 -2 -3 -2 -2  1  1 -3 -5 -2 -1  1 -4 -4 1 0 0 1 0.01
-2  0 -6 -6 -5 -4 -5 -6 -4  0  2  0 -3  3 -6 -5 -2  8  4 -1 1 0 0 0 0.01
-1  4 -2 -1 -4  0  0 -2 -1  1  0  1 -1  1 -1 -2  1 -3  0 -1 1 0 0 0 0.01
 0 -1  3  4 -4  1  2  0 -1 -4 -2  1 -3 -4 -3  0  0 -4 -1 -4 1 0 0 1 0.01
-1  1  0  1 -3  0  1 -2 -1  0  0  0  2  0 -3  0  0  4  1  0 1 0 0 1 0.01
-2 -1  0 -2 -1 -2 -2 -5 -1  2  3 -2  0  2 -5 -3 -2  1  4  0 1 0 0 0 0.02
-1  0 -3 -3 -3 -1 -3 -2 -1  1  1  0  0  0 -1 -1  3 -3  3  1 0 0 1 0 0.03
 1 -2  1 -1 -4  0  0  4 -3 -3 -2  0 -3 -4  0 -1  1 -4 -1 -1 0 0 1 1 0.05
-2 -1  2  2 -3 -1  0  2 -2 -1 -2  0  0 -3  1  0  1 -3  1 -2 0 0 1 1 0.07
 0  0  0  1 -3  1  1  1 -1  0 -1  1  0 -3  1  0  0  1 -2 -1 0 0 1 1 0.11
 0 -1 -1 -1 -3  1 -1  0  1 -1 -1  2  0 -3  3  0  0  3  0 -1 0 0 1 1 0.13
-1  0 -1  3 -3  1  2 -3 -1 -1 -1  0  0 -1  0  0  0 -3  0  0 0 0 1 1 0.14
 0  0  2  1 -3 -1  0 -1 -2  0 -2  0  0 -2 -1  2  1 -3  1  0 0 0 1 1 0.17
-1 -1  3  2 -3  0  0  1  0 -2 -1  1 -2 -1  1  0  0 -3  0 -1 0 0 1 1 0.20
-1  1 -1  1 -3  1  1 -2  0 -2  0  2  0 -1  1  0  1  1 -1 -1 0 0 1 1 0.19
 1  0  1  0 -2  0  0  0 -2  0  0  0  0 -1  1  0  0 -3  0  0 0 0 1 1 0.19
 0 -2  0  0 -2  0  0  0 -1  0  0 -1  0  0  1  0  0 -2  1  0 0 0 1 1 0.18
 0  1  1  1 -2  1  0  0 -1  0 -1  0 -1 -2  1 -1  0 -2  1  0 1 0 0 1 0.16
 0  1  0  2 -4  0  2 -1 -1 -3 -3  3 -2 -2 -1  1  1  2 -3 -3 1 0 0 1 0.17
 0 -1  1  1 -3  2  2 -2 -1  0 -1  1  0  0 -1  1 -1 -3 -1  0 1 0 0 0 0.24
-1 -2  0 -1 -3 -3 -2 -3 -3  3  2 -3  3  0 -4  0 -1  1  1  2 1 0 0 0 0.20
 2 -2  1  3 -3  1  2  0 -2 -3 -3 -1 -3 -4 -1  2  1 -4 -3 -2 1 0 0 1 0.16
 1  0 -1 -1 -3 -1  1 -1  1 -3 -2  3 -3 -2 -3  1  2 -4 -3 -3 1 0 0 1 0.14
 2 -3 -1 -1 -3 -3 -3 -2 -2  3  2 -3  3 -2 -3 -2 -1  0 -2  0 1 0 0 0 0.11
-2  3  0 -1 -3  2  0 -3  0 -1  0  2 -1 -2 -3  0  0 -3  1 -2 1 0 0 0 0.07
 1  0 -1  2 -3  1  1  0 -1 -3 -2  3 -1 -3 -1  1  0 -4 -3 -3 1 0 0 1 0.06
 0  1  0  1 -3  1  1 -1  1 -2 -2  2 -1 -1 -2  0  1 -3  0 -2 1 0 0 1 0.06
 0 -3 -2 -3 -3 -1 -3  0 -2  0 -2 -2 -2  5 -3 -1 -3  6  5  0 1 0 0 0 0.04
 1  1  1  3 -3  1  2 -2 -2 -2 -3  2 -2 -3 -2  0 -1 -3 -3 -3 1 0 0 1 0.04
 2  0 -1 -1 -2  2  0 -1  0 -2 -2  1 -1  0  0  1  1  2 -1 -1 1 0 0 1 0.04
 1 -1 -2 -2 -2 -2 -2 -3 -1 -1  3 -2  2  0 -2 -2  1  4  3 -1 1 0 0 0 0.04
 0  0  3  2 -3  1  0  1 -1 -2 -1  1 -1 -2 -2  0  0  2 -2 -2 1 0 0 1 0.04
-1 -2 -1 -3 -2 -2 -1 -3 -3  5  1 -2 -1 -2 -2 -1  0  0 -2  0 0 0 1 0 0.04
 0  2  0  0 -2  2  1 -1  1 -1 -2  1 -1 -2 -1  0  1 -2 -1  0 0 0 1 1 0.05
-1  2 -1 -1 -3  2  1 -1 -2 -2 -3  2 -1 -2  1  0  2  0  0 -1 0 0 1 1 0.05
 0 -1  1  2 -2  0 -1 -2  1  1 -1 -1  0 -1 -2  0  0  0  2  0 0 0 1 1 0.05
 2  0 -1  1 -3 -1  0  0 -2 -2 -2  2 -1 -3  1  1  0  1  0 -2 0 0 1 1 0.05
 0 -2  5  5 -4 -2  0 -2 -1 -3 -4  1  0 -4 -2  0 -1 -5 -4 -4 0 0 1 1 0.05
 0 -1 -2  1 -4 -2  0  5 -3 -3 -4 -1 -1 -4 -2  0 -3 -4 -2 -4 0 0 1 1 0.06
-1  0  1 -1 -3  2 -1  1 -2  0 -1  1 -1  1 -2  1  3 -3  0 -2 0 0 1 1 0.05
-1 -1 -1 -2 -2 -1 -1 -3 -2  3  1 -1  0  1 -2 -1 -1  4  1  2 0 0 1 0 0.05
 0  1  2  0 -3  0 -1  0 -1 -1 -2  0 -2 -3 -1  2  3 -3 -3 -2 0 0 1 1 0.06
 0 -2  0  2  1 -2 -2  5 -1 -3 -3  0 -3 -3 -3 -1 -2 -3 -1 -2 0 0 1 1 0.06
 0  2  1 -1 -2  1  0 -1 -1 -1  1  1  0 -2  1 -1  0  0 -1 -1 0 0 1 1 0.07
-1 -1 -1 -1 -3  0 -2  1  2 -2 -1 -1 -1 -1  5  0 -1 -3 -1 -1 0 0 1 1 0.09
-1 -2 -3 -3 -2 -2 -2 -2 -3  4  3 -3  0 -1 -3 -1 -1  0  0  1 0 0 1 0 0.09
-1 -2 -1  1 -1 -1 -1 -2  0  0  0 -1  0  2  0 -1 -1  7  3 -1 0 0 1 0 0.10
 1 -1  1  2 -2  0  0 -1  1 -2 -1  0  0  0  0  1  1  2  0 -2 0 0 1 0 0.14
 0  0  1  3 -2 -1 -1 -2 -2  0 -1 -1  0 -2  2  0  0  1  0  1 0 0 1 1 0.19
 0  3  1  1 -2  1  0 -1 -1 -1 -1  2  1 -2 -1  0  0  0  0 -2 0 0 1 1 0.21
 0  0  1  2 -3  2  1 -1  2 -2 -1  1 -2 -2 -1  1 -1 -3 -1 -2 0 0 1 1 0.24
 0  0  0 -1  0  1  1  0  1  0  0  1  0 -1 -1  1  0 -2  0 -1 0 0 1 0 0.27
-1  0  1  0 -2  1  2  0  0  0 -1  0  0 -1 -2  0  0  0 -1  0 0 0 1 1 0.23
 1 -1 -1  0 -2  0  0 -1 -1  0  0  0  0  0  0  0  1  0  0  0 0 0 1 0 0.25
 0 -1 -1  0 -2  0 -1 -2  2 -1 -1  1  0  0 -1  0 -1  2  5 -2 0 0 1 0 0.30
 0  0  0  1 -2  2  2  0 -1 -1 -1  1 -1 -2  1  0 -1  1 -1 -1 0 0 1 1 0.33
 0  1  3  1 -1 -1  0 -1 -2 -2 -2  1 -2 -3  3  0  0  2 -1 -1 0 0 1 1 0.34
 0  2 -1  2 -3  0  3 -1 -2 -1 -2  0  1 -3 -2  1  2 -3 -3 -2 0 0 1 1 0.34
 0 -1  2  2 -3  0  1  1 -1  0 -1  0  1  0 -1  0 -1 -3  0 -1 0 0 1 1 0.33
-1  0  0 -1 -1  0 -1 -1  0  1  2 -1  1  0  0 -1  0  2  0  0 0 0 1 0 0.28
-1 -1  2  2 -3 -1  0  1 -1 -2 -1 -1 -2 -2  3  1  0  0 -2 -1 0 0 1 1 0.28
 0  0  0  2 -3 -2  0  0  1 -2 -2  1 -3 -2  1  1 -1  6  0 -3 0 0 1 1 0.31
 1 -1  0  1 -1  1  1 -2 -2 -2 -1  0 -1 -3  1 -1  0  6 -2 -1 0 0 1 1 0.28
-2 -1 -1  4 -4  0  2  0 -1 -2 -2  2 -3 -4  0  0 -1  0 -1 -2 0 0 1 1 0.32
 1  0  0  0 -2  0  0  0  0 -1  0  2 -1 -1  0  0  0  0  1 -1 0 0 1 1 0.24
 0  0  0  1 -3  1  2 -1  0 -1 -2  3  0 -3  1  0  0 -3 -2 -2 0 0 1 1 0.21
 0  0  0  0 -2 -1 -1 -1 -1  1  1 -1  2  0  0  0  0 -2 -1  1 0 0 1 0 0.17
 0 -1  1 -1 -2 -1 -1  0  0  0  0 -1 -1  3 -2  0  0  1  2 -1 1 0 0 0 0.14
 0 -1  0  2 -3 -1 -1  0 -2 -2 -2  1 -2 -2  0  0  3  4 -1 -1 0 0 1 1 0.14
-1  0  4  3 -3  0  1 -1 -1 -3 -2  0  0 -1 -2  1  1 -3 -3 -2 1 0 0 1 0.12
 0 -2  0  1 -2 -1  0  1 -2 -1 -1  0 -1 -2  1  1  0  0  2 -1 1 0 0 0 0.10
 1 -1  0 -1 -2 -1 -1  0 -2  1  0 -1  1 -1  0  0  0 -1 -1  1 1 0 0 0 0.07
 0  0  1  0 -2  0  1  0  2 -1 -1  1 -1 -1  0  1  0 -2  0 -1 1 0 0 1 0.05
-1 -1 -3 -3 -1 -1 -2 -4  0  3  2  0  3  0 -2 -1 -2  0  0  1 1 0 0 0 0.04
 0  3  1 -1 -3  1 -1  0 -2 -3 -2  2 -2 -3 -1  1  3 -3 -2 -2 1 0 0 1 0.03
 0  2  1  3 -3  0  1 -1 -2 -2 -1  0 -2 -2 -1  0  1 -1 -3 -1 1 0 0 1 0.02
 0 -2  0 -2 -2 -1 -1  0  3  0  0 -1  0  1 -3  1  0  0  4  0 1 0 0 0 0.02
-2  1  0 -2 -3 -1  0 -1 -1 -1  0  0 -1  4 -3 -2  1  0  3  0 1 0 0 0 0.01
 0  0  1  2 -3  2  0 -1 -1 -3 -2  2 -1 -4  0  0  3 -4 -3 -3 1 0 0 1 0.01
-1  2  1 -1 -3 -1 -2 -3  0  0  2  0  3  0 -3 -2 -1  2  2 -1 1 0 0 0 0.01
-1 -4 -3 -4 -3 -4 -4 -5 -4  2  4 -3  5 -1 -3 -4 -2  1  0  0 1 0 0 0 0.01
-1  1  0 -2 -3  1  0 -3  0  0  0  2 -2  2 -2  0 -2  4  2 -2 1 0 0 0 0.01
 0  1  1  1 -3  1  1  0  0 -1 -2  1 -1 -3 -1  0  1  1 -1 -2 1 0 0 1 0.01
-1 -4 -3 -4 -3 -3 -4 -5  0  4  2 -3  6  1 -3 -3  0 -1  0  1 1 0 0 0 0.01
 5 -3 -4 -3  0 -2  0 -2 -4 -2 -2 -2 -1 -1 -4  1 -1 -5 -4 -2 1 0 0 0 0.01
-1  1 -1 -3 -1  1 -1 -2  0  1  1  1  1 -1 -1 -1  0 -1  2  1 1 0 0 1 0.01
 5 -4 -1  1 -4 -4 -3  0 -4 -3 -1 -3 -1 -4 -1 -2 -3 -5 -1 -2 1 0 0 0 0.02
-1 -2 -5 -5 -5 -4 -4 -5  1 -2 -1 -2 -1  2 -5 -2 -1  5  8 -2 1 0 0 0 0.02
 1  2  2  0 -3  1 -1 -1  1 -2 -2  1 -2 -2 -3  1  2 -3  1 -1 1 0 0 1 0.03
 0 -1  1 -2  0  1 -2 -3  1 -1  1  1  0 -1  2  1  1 -3  0 -2 0 0 1 1 0.04
 1 -1  2  0 -3 -2  1  2 -2 -3 -4  0 -3 -1  3  1  0 -4  0 -1 0 0 1 1 0.06
 0  0  1 -1 -3  0 -2  3  0 -2 -2  1 -3 -3 -2  2  2 -4  0 -3 0 0 1 1 0.08
-1 -1  4  3  1 -1  0  2  0 -3 -3  0 -3 -4 -1  2  0 -5 -4 -3 0 0 1 1 0.10
 1  0  0 -2 -3  0  0 -1 -1 -2  0  1 -2  0  2  0 -1  0  2 -1 0 0 1 1 0.11
 0  0  1 -1 -3  0  0 -1  0 -2  1  0 -1 -1 -1 -1  1  0  3 -1 0 0 1 1 0.12
 0  0  1  0 -3  3  1  2  3 -2 -3  0 -2 -3 -1  0 -1 -3  2 -1 1 0 0 1 0.17
-2  3  4  2 -4  1 -2 -1  1 -3 -3  2 -3 -4 -3  0 -1 -4 -3 -3 1 0 0 1 0.15
 1 -1  0  2 -4  1  3 -3 -2 -2 -3  1 -3 -4  3  0  0 -4 -2 -1 1 0 0 1 0.16
 1  0 -1  0 -4  2  5 -2 -1 -4 -4  1 -3 -4 -3 -1 -1 -4 -2 -2 1 0 0 1 0.13
-1 -2 -1 -4 -3 -3 -4 -4 -4  0  4 -1  2 -2 -2  0 -2 -4 -1  2 1 0 0 0 0.09
 0  2 -1 -1 -1  0  1 -2  0 -1  1  3  0  0 -2 -2 -1 -1  1 -2 1 0 0 0 0.06
 1  1  2  2 -4  2  2 -2  0 -4 -3  2 -3 -4 -3  0  0 -1 -3 -3 1 0 0 1 0.04
 2  0  2  3 -3 -1 -1 -3 -3  0 -1  2  3 -2 -3 -1 -1 -4 -3  0 1 0 0 0 0.03
-2 -3 -4 -3 -3 -4 -4 -3 -2  4  0 -3  1  3 -4 -2 -1  0  3  3 1 0 0 0 0.02
 0 -2 -1 -3 -3 -3 -3 -4 -4  3  3 -1  3  1 -4 -2 -1 -3 -2  2 1 0 0 0 0.02
 0  1  1  3 -3 -1 -1 -2 -1 -1  2  0 -1 -2 -3 -1  0  1  1 -2 1 0 0 1 0.01
 2 -3 -3 -4 -3 -3 -3  3 -3  0  0 -2  4 -1 -3 -1  0  1 -3  1 1 0 0 0 0.01
-2 -4 -3 -3 -3 -3 -4 -5 -1  0  4 -4  2  3 -4 -3  1  3  2 -1 1 0 0 0 0.01
-2  2  0  6 -5  1  2 -3 -3 -4 -4  1 -2 -5 -2 -1 -1 -5 -4 -2 1 0 0 1 0.01
-4 -1 -1 -3 -5 -2 -4 -5  6 -3 -4 -3 -4  4 -5 -4 -4  8  6 -4 1 0 0 0 0.01
 0 -3 -3 -3 -3 -2 -1 -3 -3  1  3 -3  4  2 -3 -2 -2  3  1  0 1 0 0 0 0.01
-2 -1  1 -2  0 -1 -1 -2  3  1  1 -2  2 -1 -2 -2  1 -2  4 -1 1 0 0 0 0.01
-1 -1  2  5 -3  0  2 -2 -1 -3 -3  0 -3 -4 -2  0 -1 -4 -3 -3 1 0 0 1 0.01
-1  0  3 -1 -3  6  1 -2  1 -2 -3  0 -2 -3 -1 -1  0 -3 -2 -2 0 0 1 0 0.01
 0  0  1 -2  1 -1 -2  4 -1 -2 -2 -1  0 -2 -2 -1  0  0  0 -1 0 0 1 0 0.01
-3 -3 -3 -3 -3 -3 -3 -3 -2  0 -1 -2 -1  4 -2 -3 -2  7  5  0 0 0 1 0 0.01
 3  0  1 -1 -2 -1  0 -1  1 -1 -2  0 -1 -2 -1  0  1 -2  0  0 0 0 1 0 0.01
 0  1 -1  0 -3 -1  2 -2  0 -1 -2  0 -2  2  0 -1 -1  1  4 -1 0 0 1 1 0.01
-1  0  2 -1 -3  0 -2  5 -2 -3 -2  0 -1 -3 -2 -1  0 -3 -3 -2 0 0 1 1 0.01
 0 -2  1 -1 -3  0 -1  0 -1 -3 -3  0 -3 -3  0  5  0 -3 -3 -3 0 0 1 0 0.01
 1  0  1 -1  3  0 -1  2 -1 -1 -2  0 -2 -2  0  0 -1  2 -2 -2 0 0 1 1 0.01
-2 -2  0 -3 -3  1 -2 -3 -2 -1  1 -1  3  1 -1 -2 -2  7  3  0 0 0 1 0 0.01
-1 -2  0 -1 -3  1  0  4 -2 -2 -3 -1 -2 -3 -1  0  0 -3 -1  1 0 0 1 0 0.01
 0 -2  4 -2 -3 -2 -2 -2 -2  0 -2  0 -2 -2 -1  1  4  1 -2 -1 0 0 1 0 0.01
-1 -2  2  0 -1 -1 -1  0 -1  1  1 -1 -1 -2  1  0  0  5  0  0 0 0 1 0 0.01
-2 -2  4  3 -2 -2 -2 -3  6 -2 -3 -2 -3 -1 -3 -2 -1  5  1 -3 0 0 1 0 0.01
-3 -4  3 -4 -2 -1 -3 -4  8 -5 -5 -4 -2 -2 -3 -4 -4  9  0 -5 0 0 1 0 0.01
-5 -5 -5 -2 -2 -1  1 -6 -2 -3 -2 -2 -2  0 -6 -5 -5 10  6 -1 0 0 1 0 0.01
-2 -2  1  2 -4  0  0  3 -2  0 -2 -1  1 -1 -2 -1  0  4  0 -2 0 0 1 0 0.01
-4 -1  2 -1 -5 -3 -4 -1 -2 -1 -1 -4 -1  0 -5 -2 -1  7  7 -4 0 0 1 0 0.01
-2  1  2 -1 -2  3  2 -1  0 -2 -3 -1 -3 -3 -2  2 -1  2  0 -1 0 0 1 0 0.00
 0 -2  0  0 -3 -1 -3 -1 -3  4  0 -3  2 -3  1  0  0  3 -3  0 0 0 1 0 0.01
-1  4  2 -1 -4  1  0  1 -2  0 -3  2 -3 -4 -1  0 -2 -2 -3 -3 0 0 1 0 0.01
 2 -1  0  1 -4 -2  0  3 -3 -3 -2  0 -3 -3 -3  1 -2  6 -2 -4 0 0 1 0 0.01
-1 -4 -3 -2 -4 -2 -2 -3 -3  2  2 -4  3  1 -4 -3 -2  6  4  0 0 0 1 0 0.01
-1 -3  1 -4 -2 -1 -3 -2  0  1 -1 -3  1  2  2 -2  0  3  5 -1 1 0 0 0 0.01
-2 -1  3  2 -1  0 -1  0  1  0 -1 -1  0 -2  2  0  0 -5 -3 -1 1 0 0 0 0.01
 3 -3  1 -2 -2 -1 -2  0 -4  0 -4 -2 -3 -5 -4  2  3 -5 -4 -1 1 0 0 0 0.01
 1 -4 -4 -5  2 -3 -2 -4 -4  2  2 -4  2  0  0 -2 -1  4  2  2 1 0 0 0 0.01
-3 -3 -5 -5 -2 -3 -5 -3 -4  3  3 -4  1  4 -5 -3 -2  4  1  1 1 0 0 0 0.01
-1 -3 -6 -6 -4 -3 -4 -6 -5  2  5 -4  1 -2 -4 -3 -2 -5 -4  0 1 0 0 0 0.01
 0 -5 -3 -6 -4 -2 -5 -3 -5  0  3 -5  8 -3 -4 -2 -4 -1 -4  2 1 0 0 0 0.01
-1  3  1 -1  1 -1 -1  0  1 -2 -2  2  0  0 -2 -1 -1 -3  3 -2 1 0 0 0 0.01
-2 -1  1  6 -5 -1  2 -1 -1 -4 -4  1 -5 -4 -1 -3 -1 -6 -2 -4 1 0 0 0 0.01
 0 -1 -1  2 -4  0  2 -2  1 -1 -1 -1 -1 -3  1 -1 -1 -4  2  1 1 0 0 1 0.02
-3 -5 -4 -4 -4 -2 -3 -3 -5  3  5 -3  1  1 -6 -5 -4 -4 -4 -1 1 0 0 0 0.02
 1  1  0  0 -2  0  0 -2 -1 -1  0  1  0 -1  1  1  1 -1  0 -2 0 0 1 1 0.03
 0  0  0  2 -4  1  2 -2 -1 -3 -3  2 -3 -3  2  0  1 -4 -2 -2 1 0 0 1 0.04
 2 -2 -1  1 -4  2  3 -2  3 -4 -3 -1 -3 -5  1  1 -1 -5 -4 -3 1 0 0 1 0.04
-1  0  1  1 -4  3  2  2  1 -4 -2  0 -2 -3  1 -1 -1 -4 -1 -3 1 0 0 1 0.04
-2  2 -2 -2 -3  0 -1 -4 -1  1  2  2  1  0 -1 -2  0 -3 -2  0 1 0 0 0 0.04
-2  1  0 -2 -2 -1  0 -2 -3  1  3  1  0  0 -2 -1  0  0 -1 -1 1 0 0 0 0.04
 1  0 -1  2 -4  2  1 -2 -1 -2 -3  2 -3 -4 -1  0  1 -4 -2 -2 1 0 0 1 0.03
 1  2  1  0 -2  1  2 -2  0 -2 -2  1 -3 -1  0  0 -1 -3  1 -3 1 0 0 1 0.03
 1  0 -1 -3  1 -2  0 -3 -1  1  1 -2  0  0 -1 -1  1 -1  4  1 1 0 0 0 0.03
-1 -1 -2 -3  0  0  1 -3 -3  3  1 -1  2 -1 -2 -1  0  2  0  1 1 0 0 0 0.02
 1  1  1  3 -4  2  1 -1 -2 -3 -3  3 -3 -4 -2  0 -2 -4 -4 -2 1 0 0 1 0.02
 3 -2 -2 -2 -3 -1 -2 -2 -1 -1 -1 -1  2 -3  0  0  3 -4  0  0 1 0 0 0 0.02
-2 -3 -4 -3  2 -3 -4 -4 -4  2  3 -4  5  3 -3 -1 -1 -3  0  1 1 0 0 0 0.02
 0  2  1  1 -1  0  0 -2 -2  0  0  1  2 -1 -2 -1 -1 -1  0 -1 1 0 0 1 0.02
-1  1 -1 -2 -4 -1 -2 -2  2 -4 -2 -1 -3  3  2 -2 -3  8  3 -3 1 0 0 0 0.02
-1 -2 -2  0 -4 -1 -2 -3  2 -2 -2 -2 -1  5 -3 -2 -2  5  6 -2 1 0 0 0 0.02
 1 -1  2 -1 -2  1 -1 -2 -2 -1 -1 -2 -2 -3  0  2  2 -3 -1  0 1 0 0 0 0.03
 1  2  0  1 -3  0  0  1  1 -2 -2  0 -1 -2  3  0  0 -1  0 -1 1 0 0 1 0.03
-1 -1  0  2 -2  0  1 -2  0  0  1  0  0  0 -1  0  0 -2  0 -1 0 0 1 0 0.04
 0 -2 -1 -2 -3 -1 -2  1 -2  1 -1 -2  0  4  2  0 -1  0  1 -1 0 0 1 0 0.06
 0  2  1  0 -3  0  1  0  0 -3 -1  2 -2 -2 -2  0  2 -3  0 -2 0 0 1 1 0.07
 1 -1  1  0 -1  0  0 -2  0 -1 -1  1  1 -1  1  1  2 -3  0  0 0 0 1 1 0.08
 0  1  0  0  0  0  0 -1  0  0  0  0 -1 -1 -1  1  2 -1 -1  0 0 0 1 1 0.11
 0 -1 -2 -2 -1  0 -1  0  0  0  0 -1 -1  1  0 -1 -1  1  3  1 0 0 1 0 0.12
-1  0  1  2 -3  1  1  1  0 -1 -2 -1 -2 -1  2  0  0 -3  2 -2 0 0 1 1 0.13
-1 -1  1  0  0 -1 -1  0  0  0 -1  0  0 -1  2  0  0  1  2  0 0 0 1 0 0.13
 0  1  0  1 -3  0  0  0  0 -3 -3  2 -2 -2  3  1  0 -4  0 -2 0 0 1 1 0.13
 0 -1 -2 -2 -3 -1  0 -2  0 -2 -1 -2  0  2  4 -1  1 -3  2  0 0 0 1 0 0.14
 1  0  1  0 -3  1  0  2 -2 -1 -2  1 -2 -2 -1  0  2  0 -1 -1 0 0 1 1 0.12
 2  1 -1 -3 -3 -1 -1  2 -1  0 -1 -1  0 -2  0 -1  0  3  0  0 0 0 1 0 0.12
-1 -1  3  2 -3  0  0  1 -2 -1 -1  1 -2 -2 -1 -1  2 -1 -1 -1 0 0 1 1 0.12
 0  0  1  0 -4 -3  1  5 -3 -4 -3 -2 -4 -2 -2  1 -1 -4 -3 -3 0 0 1 0 0.11
 1 -1  1 -2 -1 -1 -1  1 -2  1  0  0  1 -3 -2  1  1 -3 -3  0 0 0 1 0 0.09
-1 -1  5  3 -4 -1 -1  0 -2 -3 -2 -1 -3 -4 -1 -1  0 -4 -2  0 0 0 1 0 0.06
 0  0 -2 -1 -2  0 -2 -2 -2  2  2 -1  2 -1 -1 -1 -1  1 -1  1 1 0 0 0 0.04
-1 -3  1  5 -3 -2 -1 -2 -3  0 -2 -2  1 -3 -2  0  0 -4 -3  1 1 0 0 0 0.03
 0  1  0  2  0 -1  0 -1 -2 -1 -2  0 -2  0 -2  0  1  3  2 -1 1 0 0 0 0.02
 0 -2 -3 -3  1 -2 -3  0 -2  0  1 -2  3  3 -3 -1 -1  5  1  1 1 0 0 0 0.02
 0  1  5  0  1 -1 -2  1  3 -2 -3 -1 -2 -3 -3  0 -2 -1  0 -2 1 0 0 0 0.02
 0  0  1 -1 -2 -1  0 -2 -2 -1  0 -1  0 -2 -2  0  4 -3 -2  0 1 0 0 0 0.01
 0 -2 -2 -2 -1  0 -2 -3 -3  3  2 -1  0  1 -3 -1 -1 -1 -1  1 1 0 0 0 0.02
 1 -2 -1  1  0 -1 -2 -2 -2  0  2 -1  1  1 -3  1  1 -3 -1 -1 1 0 0 0 0.02
-1  3 -1 -1 -2  2 -2  0 -2  1  0  2  3 -3 -1  0  0 -4 -3  0 1 0 0 0 0.02
 1 -2  1 -2 -1  0 -2  2  3 -1 -1 -2 -1 -2  0  0 -2  1  0  1 1 0 0 0 0.02
-1  2 -1 -2  0 -1 -2 -2  2  0  1  3  2 -2 -3 -1 -2  2  0  0 1 0 0 0 0.02
-1 -3 -4 -4 -3 -3 -4  0 -4  3  3 -4  2  2 -4 -2 -1 -3 -2  2 1 0 0 0 0.02
 1 -2 -3 -2  1 -2 -2 -1 -2  2  1 -1  1  0 -1  0 -1 -1  2  2 1 0 0 0 0.03
 1  1 -2 -2  0  0  0  0 -1  0  0  0 -1 -2 -2  2  0 -3  0 -1 1 0 0 0 0.03
 3 -2 -2 -3 -2 -2 -3  2 -3  2  0 -2 -2 -2 -3  2 -2 -3 -2  0 1 0 0 0 0.04
 0 -3 -4 -4  0 -3 -4 -3 -4  2  4 -3  3 -1 -4 -3 -2  0 -3  1 1 0 0 0 0.04
-2 -2 -2 -4  0 -3 -4 -4 -1  2  4 -3  4  1 -2 -2 -3 -4 -3  0 0 0 1 0 0.04
 0  1  1 -1 -3  0  2 -1 -2 -1  1 -1  2  0 -3  0  1 -3 -1 -1 0 0 1 0 0.05
-2  0  1  2 -4  1  3  1 -1 -5 -4  2 -4 -5  2  0 -2 -5 -4 -4 0 0 1 1 0.06
-5 -3  5  7 -6 -3 -1 -2 -2 -5 -6 -3 -6 -6 -5 -1 -2 -7 -6 -3 0 0 1 1 0.07
 0 -2  2  2 -4  0  3 -1 -2 -2 -3  1 -2 -4  0  1  1 -4 -3 -2 1 0 0 1 0.06
 2  1  0  2 -2  1  1 -1 -1 -3 -2 -1 -3 -2  2  0  1 -4  0 -2 1 0 0 1 0.06
-1  2 -1 -1 -4  2  3 -3 -1 -1 -1  2  1 -4 -3 -1 -1 -4 -3 -1 1 0 0 1 0.08
-1  1 -3 -2 -3  1 -2 -3 -1  2  2  2  2 -1 -3 -2 -1 -3  0  1 1 0 0 0 0.08
 1  0 -1 -1 -2  1 -1 -2  0  1  0  1 -1 -1 -2  0  0 -3 -1  2 1 0 0 0 0.07
 1  3  0  1 -3  3  1 -1 -1 -3 -2  2  0 -4 -3  0  0 -4 -2 -2 1 0 0 1 0.08
 3 -3 -2  0 -3 -1 -2  0 -2 -2  1 -1  2 -2 -2  1 -1 -1  3 -1 1 0 0 0 0.08
 0  0 -4 -4 -3 -2 -4 -3 -4  3  3 -2  3  0 -4 -3 -2 -4 -2  2 1 0 0 0 0.06
 0  3  2  3 -4  1  2 -2  0 -4 -3  2 -2 -4 -3  0  0 -4 -2 -3 1 0 0 1 0.04
 2  0 -1  2 -3  2 -1  2  1 -3 -2 -1 -2 -4 -3  2 -1 -4 -2 -1 1 0 0 0 0.03
 0 -3 -2 -4  0 -2 -3 -2 -3  0  3 -3  1  4 -3 -2 -1 -2  1  0 1 0 0 0 0.03
 0  0  1 -1 -3  1  0 -1  0 -2  0  1 -1 -3 -1  3  0 -3 -1 -1 1 0 0 0 0.02
 0  3  1  1 -3  0  2 -2  1 -3 -3  1 -2 -2  0  1  0 -3 -2 -2 1 0 0 1 0.02
 0 -2 -3 -2  1 -2  0 -3 -2 -1 -1 -1 -1  1 -2 -1 -1  8  3  2 1 0 0 0 0.02
 0 -2 -4 -3 -1 -3 -3 -4 -3  3  2 -2  3  2 -3 -2 -1  0 -1  2 1 0 0 0 0.02
 1  0  1  2 -3  0  2 -2 -1 -2 -3  0  0 -4 -1  2  2 -4 -3 -1 1 0 0 1 0.02
-2  0  1 -1 -3  0 -1  1  2 -1 -2  1 -1  0  0  1  0  3  3 -1 1 0 0 1 0.02
 1 -2 -1 -2 -2 -1 -1  0 -3  1  0 -2 -1 -1 -3  0  1 -1 -1  3 1 0 0 0 0.02
-1 -3 -1  0  1  1 -2 -3 -2  1  2 -3  0  3  0 -2 -2 -1  1  1 0 1 0 0 0.02
 0  0  0  0  1  0  0 -1 -2 -1 -1  0 -1 -2  1  1  1 -3 -1  0 0 1 0 1 0.03
-2  1  1 -1 -3  1  0 -2  1  1 -1  0 -2  0  0  0  0 -2  3 -1 0 1 0 1 0.03
 1 -2 -2 -3 -2 -2 -2 -3 -2  2  0 -1  0  0  2 -1  0 -3  1  3 0 0 1 0 0.03
 1 -1  0  0 -3  0  0 -2  1 -3 -3  0 -2 -3  1  2  4 -4 -3 -1 0 0 1 1 0.03
-1  0  0  1 -3  1  1 -1  0 -2 -2  1 -2 -2  3  1  0 -3 -1 -3 0 0 1 1 0.03
-1 -2  0 -3 -4  1 -2  5 -3 -4 -4  0 -4 -3 -3  0  0 -1 -1 -3 0 0 1 1 0.04
 0 -1 -1 -1 -1  0  0  2 -1  0  0  0  0  0 -2  0  2 -2  0  0 0 0 1 1 0.04
 1  1 -1 -1 -2  1  0  2 -1 -1 -1  1 -1 -1 -1  0  0 -2  0 -1 0 0 1 1 0.04
-4 -3  1  6 -7 -3  4  2 -4 -7 -7 -4 -6 -7 -3  0 -4 -7 -6 -6 0 0 1 1 0.03
-2 -6 -4 -5 -3 -6 -6  7 -6 -4 -6 -4 -6 -7 -6 -2 -2 -7 -7 -2 0 0 1 0 0.03
-5 -6 -7 -7 -5 -6 -7 -7 -5  5  1 -6  0  7 -7 -6 -5 -1  1  1 0 0 1 0 0.02
-5  1 -3 -5 -3  4 -3 -6  1 -6 -3  4 -4 -2 -5 -3 -2 -3  7 -5 0 0 1 0 0.02
 2  0 -2 -1 -3  0  1 -4  1  0 -3  1 -3 -3  4 -1 -1 -2  0  1 0 0 1 1 0.02
-7 -6 -3  9 -8 -5 -3 -4 -6 -8 -9 -5 -8 -8 -6 -5 -6 -9 -8 -8 0 0 1 0 0.02
-4 -5  0 -4 -6 -5 -6  7 -3 -7 -4 -5 -2  1 -6 -3 -5  2  2 -6 0 0 1 0 0.01
 0 -5 -4 -4 -1 -4 -4 -2 -5 -4 -3 -4 -3 -3 -5  6  3 -7 -5 -4 0 0 1 0 0.01
-1 -5 -5 -6 -1 -5 -6  0 -4  1 -2 -5 -2  7 -6 -2 -1 -3  5 -1 0 1 0 0 0.01
-3 -4 -3 -4 -4 -1 -4 -4  5  4  0 -5 -2  4 -5 -1 -4  4  2  1 0 1 0 0 0.01
-3 -2 -4  2 -7  7 -2 -2  7 -7 -5 -3 -1 -6 -6 -1 -5 -6 -3 -6 0 1 0 0 0.01
-7 -5  0 -4 -8 -5 -5 -7 11 -9 -8 -6 -7 -7 -7 -6 -7 -8 -3 -8 0 0 1 0 0.01
-2  1  0  0  0  2  0  4  0 -2 -4  0  0 -4 -4  0  1  1 -2 -3 0 0 1 0 0.01
-1  0  3  1 -4  1 -2  2  0 -3 -3 -1 -2 -1  2  0  1 -4 -1 -1 0 0 1 0 0.01
-1 -3  2 -4 -5  4 -2 -5  3 -3 -2 -3 -2  2  2 -3 -3 -3  5  1 0 0 1 0 0.01
-3 -6 -1 -6 -2 -5 -6 -2 -1  1 -3 -6 -1  2 -7 -5  2 -3  8 -3 0 0 1 0 0.01
-1 -3  3 -4 -5 -2 -3  4 -2 -4 -2 -4 -1 -4  3  0  2  0 -5 -3 0 0 1 0 0.01
 3 -2  2 -3 -5 -5 -5  6 -5 -6 -6 -4 -6 -6 -5  0 -3 -6 -6 -6 0 0 1 0 0.01
-5 -7 -7 -8 -8 -7 -7 -8 -4 -7 -6 -7 -6  0 -8 -7 -7  1 10 -6 1 0 0 0 0.01
 0 -6 -5 -5 -6 -4 -6  7 -6 -7 -5 -5  0 -7 -1 -2 -2 -6 -2 -4 1 0 0 0 0.01
 0 -1  2 -1 -2  0  0 -2 -2  0  0  1  0  0 -2  0  1 -3  1  0 1 0 0 0 0.01
-1 -4 -1  2 -4 -1  2  1  0 -1 -3 -3 -2 -3 -1  1 -2 -5 -4  4 1 0 0 0 0.01
 1 -4 -5 -5 -2 -3 -5  0 -2 -1  3 -3  2  4 -5 -3 -2  3  3  0 1 0 0 0 0.01
-1 -5 -6 -6 -4 -5 -4 -6 -5  2  5 -5  1  2 -6 -4  0 -2  2  0 1 0 0 0 0.01
 1 -1  2  2 -2  0  1  0  0 -3 -2  2 -2 -1 -3  0  1 -4 -1 -2 1 0 0 0 0.01
 0  0  1  2 -4 -2  0  4 -4 -3 -5 -2 -1 -3 -3  0  1 -5 -3 -2 1 0 0 0 0.01
 1 -4 -3 -5 -1 -4 -3 -3 -4  3  3 -4  4  0 -2 -2 -1  0 -2  1 1 0 0 0 0.01
 3 -3 -2 -4 -1 -3 -3  1 -4  0  0 -3 -2 -1 -3  2  1 -5 -3  1 1 0 0 0 0.01
-3  1  2  1 -4  4  1 -1 -2  0 -1  1 -1  1 -1 -1 -1 -1  1 -3 1 0 0 0 0.01
-1 -4 -5 -6 -1 -3 -5 -2 -4  3  3 -4  3  1 -5 -2 -2  5  2  1 1 0 0 0 0.01
 1 -3 -3 -4 -1 -1 -2 -3 -1  2  2 -3  4  2 -2 -1 -1 -3  0  1 1 0 0 0 0.01
 0 -1  1 -1 -3 -1 -1  0 -1 -2 -2  0 -1  0  2  1  0  3  5 -1 1 0 0 0 0.01
-2 -2 -3 -4 -4 -2 -1 -4 -2  3  3 -3  4  0 -5 -3 -2 -3  2  2 1 0 0 0 0.01
 0 -5 -5 -5 -1 -4 -5 -5 -5  2  4 -5  0  2 -5 -2  1 -1 -2  2 1 0 0 0 0.01
 1  2  2  1 -4  1  0 -1  1 -3 -4  2 -2 -4 -3  2 -1 -2 -2 -2 0 0 1 1 0.01
-3 -4  2  3 -6 -3  0  6 -1 -7 -6 -1 -6 -5 -4 -2 -3 -6 -6 -6 0 0 1 1 0.01
-3 -5 -4 -5 -5 -5 -4 -4 -6 -5 -4 -5 -3 -6 -5  3  7 -7 -6 -5 0 0 1 0 0.01
 0  0 -3  0 -3  2  1  0 -1 -5 -5  1 -4 -5  5  2 -1 -5 -3 -3 0 0 1 1 0.01
-5 -5 -5 -7 -3 -6 -7 -7 -2 -3 -2 -7  0  7 -7 -5 -4  8  5 -5 0 0 1 0 0.01
 3  1 -1  1 -4  2  2 -3  0 -3 -3  1 -1 -3  0  0 -1 -5 -1 -1 0 0 1 1 0.02
 0 -4 -3 -2 -2 -3 -3 -4 -3  3  3 -3  2  3 -1 -3 -1 -3 -1  2 0 0 1 0 0.02
 0 -2  1  2 -2 -1 -1  0 -2 -4 -4  0 -4 -5  2  3  3 -5 -2 -3 0 0 1 1 0.02
 0 -1  1  3 -4  2  2 -2 -3 -3 -3  1 -3 -4  2  0  1 -5 -3 -2 1 0 0 1 0.02
 0 -2 -1  3 -5  2  4 -3 -3 -4 -2  0 -4 -4  2  1  0 -5 -3 -3 1 0 0 1 0.02
 2  0  1 -1 -3  2  0  0  0 -2 -1  1 -2 -3 -2  0  0 -4  0 -1 1 0 0 0 0.02
-1  1 -2 -2 -2  0 -2 -4  3  2  1 -1  2  1 -3 -2 -1  3  2  1 1 0 0 0 0.01
 1  0  2  2 -2  3  2  0  0 -4 -4  1 -3 -5 -3  0  0 -2 -2 -3 1 0 0 1 0.02
 0  0  3 -2 -3 -1 -2 -3  0  1  1 -1 -1  0 -4 -1  1 -4 -2  2 1 0 0 0 0.01
-3 -5 -5 -4 -4 -3 -2 -6 -5  3  4 -5  3  3 -2 -4 -3  1 -1  2 1 0 0 0 0.01
 1  1 -1 -3 -4 -1 -1 -2  0 -2 -1  3 -3  1 -4  1  0 -2  4 -1 1 0 0 0 0.01
-1  1  3  3 -4  1  0 -1  1 -4 -2  2 -3 -3 -2  1  1 -5 -4 -4 1 0 0 1 0.01
 2 -1 -3 -4 -1 -2 -3 -1 -4 -1  1 -4 -1  3 -5 -1 -2  7  4  0 1 0 0 0 0.01
-2 -4 -3 -5 -4 -5 -5 -4 -2  4  3 -5  3  2 -5 -4 -2 -4  0  3 1 0 0 0 0.01
-2  0 -1  1 -3 -1  1 -3 -1  0  2  0  1  1 -2 -2 -1 -1 -1  1 1 0 0 0 0.01
 0  0  1  2 -4  1  1 -1  2 -4 -3  2  0 -3 -2  0  1  4 -1 -2 1 0 0 0 0.01
 1 -4 -2 -2 -4 -4 -2  4 -4 -2 -1 -2  5 -2 -4  2  1 -5 -3 -1 1 0 0 0 0.01
-2  3 -4 -3 -4 -2 -3 -5 -1 -2 -1 -4  0  5 -4 -3 -4  7  5 -3 1 0 0 0 0.01
-2 -1 -2 -4 -2 -2 -4 -3 -4  4  2 -4  2  3 -3 -2 -1 -1  0  2 1 0 0 0 0.01
-3 -5 -6 -6 -5 -4 -5 -2 -1  2  0 -5  3  2 -3 -3 -2  2  7  2 1 0 0 0 0.01
-1  3  0  0  3 -1 -1 -3  1 -3 -2  2 -1  0 -4  1 -1  4  2 -2 0 0 1 0 0.01
-2 -1  4 -1 -2  0 -2  5 -3 -6 -5  1 -2 -6 -5 -1 -2 -6 -2 -4 0 0 1 0 0.01
 0  2 -1  0 -4  1  1  2 -1 -2 -1  2 -2 -1 -1  0 -1 -1  1 -2 0 0 1 1 0.01
 0  0  0  0 -2  1  0 -1  2 -1 -1  0  4 -1 -3  0 -1 -2  2  0 0 0 1 0 0.01
-4 -3 -4 -5 -5 -3 -4 -1 -5  2 -1 -5  7  2 -1 -5  0  7  0  0 0 0 1 0 0.01
-2 -4  0  6 -5 -4  0  1  0 -4 -2 -4  0 -4  3  0 -2 -1 -4 -4 0 0 1 0 0.01
-3  1 -2  0 -2 -2 -3 -3 -3  2  1 -3  4  3  1 -2 -2  0  1  0 0 0 1 0 0.02
 1 -2  2 -1  0 -1 -2  2 -1 -2 -1 -2  0 -1  1  3  0 -3  0 -2 0 0 1 0 0.02
 0 -2 -2 -3  0 -3 -2 -3 -4  2  2 -4  1 -1 -3 -2  1 -2 -2  4 0 0 1 0 0.02
 0  3  1 -2  2 -2 -2  0 -3 -1  0 -1 -2 -3 -4  3  0 -1 -4 -1 0 0 1 0 0.02
-2  1 -2 -3 -6 -2 -4  7 -3 -7 -7 -5 -6 -6 -6 -3 -5 -6  1 -7 0 0 1 0 0.03
-4  8 -4 -3 -8 -1 -3 -6 -5 -7 -7 -2 -6 -6 -7 -4 -6 -6  2 -5 0 0 1 0 0.03
-1 -1  1 -2 -4  2  0  1  6 -3 -3 -2 -3  2 -2  1 -2 -4  1 -3 0 0 1 0 0.04
 0 -2 -1 -1 -4 -1 -1 -2 -1  3  0 -2 -1 -2  4  1  0  0  0 -1 0 0 1 0 0.05
 0 -2  1  0  0 -1 -1 -1  1  0 -2 -1 -1  3 -1  1  1 -3  1  0 0 0 1 0 0.07
-1  3  0  2 -5 -1 -2  3  1 -3 -4 -1 -5 -1 -1  0 -1 -5  0 -3 0 0 1 1 0.07
 0  1  0 -1 -1  1 -1  0  4 -3 -2  1 -1 -1  1  1  0  1  1 -2 0 0 1 1 0.09
 1 -1  1  1 -4 -1  0  2  0 -2 -2 -1 -1 -4  1  0  1  1 -1  0 0 0 1 1 0.10
 0  1 -1  0  0  0  0 -1  1  0 -1  0  1 -1  0  0  1 -3  0  1 0 0 1 0 0.09
 0 -1 -2 -3 -4  0 -2  1 -1  2  2 -2  2  0 -2 -2  0 -4 -1  0 0 0 1 0 0.08
 1  1  2  1 -5  1 -1 -1  4 -2 -3  2 -2 -4 -2  1  1 -2 -1 -1 1 0 0 1 0.06
 0  0  1  1 -5 -1  0  0 -4 -3 -3  2 -2  0  2  2 -1 -2 -2 -2 1 0 0 1 0.06
 0 -3  0  0 -2 -1 -3 -2  2  2  1 -3  2  0 -3  0  0 -2  0  2 1 0 0 0 0.04
 3 -3 -2 -2 -3 -1 -3 -3  1  3  1 -2  1 -1 -1  0  0 -2 -3  1 1 0 0 0 0.04
 0  2  0  0 -4  0  1  0 -1 -2 -1 -1  0 -1  2  0  0 -1  2 -2 1 0 0 0 0.04
 3 -1 -2 -3 -4 -2 -1  1  1  0  1 -1 -1 -3  0  0  0 -2  0 -1 1 0 0 0 0.03
 0 -4 -1 -2 -4 -4 -1 -2 -2  0  1 -2  2  4 -2  1  0 -1  3  0 1 0 0 0 0.03
 2  1  0  1 -4  0 -2 -1 -1  0  0  0  1  0 -1 -1 -1 -4  0 -1 1 0 0 0 0.02
 2  1  1 -2 -4 -1 -1 -1 -2  0  0 -1  0  1 -3 -1  0  4  3 -1 1 0 0 0 0.03
 0 -1 -3 -4 -3 -4 -2 -4 -2  2  4 -3  4 -1 -4 -3 -2 -2  1  0 1 0 0 0 0.03
 4 -1  0  0 -2  0 -2 -1 -1  0 -1 -1 -2 -5  0  2  1 -5 -1 -3 1 0 0 0 0.04
-1 -1 -1  0 -1  0  1 -1 -2  0  3 -1  3 -1  0 -2 -2 -4 -2  0 1 0 0 0 0.04
 2 -1  0  0 -4 -1 -2 -1 -2  1  0  0  2 -1 -1  2  1 -2 -3 -1 0 0 1 1 0.06
 3  0 -1 -2 -2 -1  0  2 -1 -2 -2  0  1 -3 -2  1 -1  0  0 -2 0 0 1 1 0.07
 1  2  0  2 -1  0  0 -1  0 -1 -2  2  2 -3  1  0 -1  0  0 -2 0 0 1 1 0.07
 1  0  1  1 -5  1  1 -1 -2  0 -1  0 -1 -2  0  1  0  0 -5 -1 0 0 1 1 0.08
 2  0  0  0 -6  0  1 -3 -5 -1 -3  2 -1 -3  1  0  2  0 -2 -1 0 0 1 1 0.09
 0  1 -2 -2 -2  0  0 -1 -2  1  0 -2  0  2  2 -1 -1  0  3  0 0 0 1 1 0.09
-3  0  0  6 -8  0  0 -1 -1 -7 -2  1 -3 -3 -3 -1 -2 -8 -7 -4 0 0 1 1 0.09
 0  1 -2  0 -2  1  1 -2  0 -3 -2  3 -2 -2  4  0  1 -2 -2 -3 1 0 0 1 0.07
 0  1 -2  1 -2  1  3 -2  0  1 -2 -1  0 -2 -3 -2  2 -1 -1 -1 1 0 0 1 0.06
-1  0 -1 -3 -2  1 -2 -3  1 -1  3 -1  3  1 -3 -3 -1  3 -2  1 1 0 0 0 0.05
 4 -1 -2 -4 -7  3  0 -2 -6 -2 -1  2 -2 -3 -3  0 -2 -1 -4 -2 1 0 0 0 0.05
 3  1  2  2 -2 -1 -1 -1  0 -3 -4 -1 -2 -7 -2  2  0 -7 -3 -3 1 0 0 1 0.05
 1 -1 -3  1 -2 -2  1 -4 -1  1 -1 -2 -1  2  0  0  1  1  2 -1 1 0 0 0 0.04
-2 -7 -3 -5 -7 -3 -3 -6 -1  0  0 -2 -3  4 -3 -3 -1  1  7  1 1 0 0 0 0.04
 0  0  2 -1 -2  1 -1 -2 -2 -1  2  2  0 -1 -3 -1  0 -5  0 -1 1 0 0 0 0.04
 2  4  0  1 -2  0 -2  1  0 -2 -3  1 -2 -3 -2  0 -1  0  0 -2 1 0 0 1 0.05
 0 -2 -3  2 -5 -2 -3 -4  1  3  3 -3  2  0 -1 -3 -1  1 -3  1 1 0 0 0 0.06
 1  0  0 -1 -1 -2 -1 -2 -3  1  0  0  0  1 -2  1  1  1  1  0 0 0 1 0 0.09
-1  2  3  3 -5  0  1  0  0 -3 -4  1 -5 -3 -2  1 -2 -1 -3 -3 0 0 1 1 0.10
-1  1  1  1 -3  0  1  0  0 -2 -2  1 -3  0  1  1  0  0  1 -2 0 0 1 1 0.11
-1  0  0  1 -2  0 -1 -2 -2  1  0  0  0 -2  0  0  1  2 -2  0 0 0 1 1 0.14
 0  1  1  0 -4  2  1 -2  0 -1 -2  1 -1 -2 -2  2  0 -4 -1 -1 1 0 0 1 0.16
 0  1  2  1 -3  0 -1  0 -2 -2 -1  0  0  1  2  0  0 -3  1 -2 1 0 0 1 0.18
 1  0  0  1 -3  0  2 -1 -1 -3 -1  1 -1 -2  1  0  0 -3  0 -1 1 0 0 1 0.19
 1 -1  1  0 -3  1  0 -1 -1 -2 -2  1  0 -2  0  1  1  1  1 -1 1 0 0 0 0.22
 1 -1  0  0 -3  0  0 -1 -1  0  0  1 -1 -1  0  1  1 -3 -1  0 1 0 0 0 0.21
 1  1  0 -1 -1  0  0 -1 -1  0  1  1  0 -1 -2  1  0 -1 -1  0 1 0 0 1 0.19
-1  0 -1 -1 -3  0 -2 -3  0  2  2 -1  2  2 -3  0 -1 -1  1  0 1 0 0 0 0.24
 0  0  1 -1 -3 -1  0 -2 -1 -1  1  0  0  3 -3 -1 -1  1  3  0 1 0 0 0 0.27
 1 -1  2  2 -1 -1  0  1  0 -2 -1  0  0 -2 -2  1 -1 -1 -2 -2 1 0 0 1 0.29
 0  1  0  3 -3  2  2 -1 -2 -3 -2  2 -2 -3 -1  1  0 -3 -2 -2 0 0 1 1 0.24
 0  1  1 -1 -1  0 -1  2  1 -1 -2 -1 -1 -3  0  2  2 -3 -1 -2 0 0 1 1 0.24
-1 -3 -2 -2 -2 -2 -2 -2 -3  5  1 -2 -1  2 -2 -1 -1 -2  1  2 0 0 1 0 0.21
 1  1  0 -1 -2  1  0 -1 -1 -1 -1  1 -1 -2  1  1  1 -3 -1 -1 0 0 1 1 0.17
 2 -3  0  0 -4 -2 -1  0 -2 -3 -3 -1 -1 -2  6 -1  0 -4 -4 -2 0 0 1 1 0.15
 2  0  0 -1 -3  0  2  0  0 -1 -1  0 -1 -1 -1  0  0 -3 -1 -1 0 0 1 1 0.13
 1 -1  1  1 -3  1  1  1 -2 -2 -2  0 -1 -2  3  0 -1 -4 -3 -2 0 0 1 1 0.11
 0  0  0  1 -2 -1  2 -1 -1 -1  0  0 -1 -1  0  0  0 -1  1  0 0 0 1 1 0.08
-1 -1 -2 -3 -4 -1 -2 -2  1 -3  0  0 -2 -4  6  0  0 -4  1 -1 0 0 1 1 0.06
 0  1  1  0 -3  3  0 -1 -1  0 -2 -1 -2 -3 -1  1  2 -4 -1  0 0 0 1 1 0.04
-2 -2 -2 -2 -4  0 -1  6 -2 -5 -4 -1 -2 -4 -3 -1  0 -5 -1 -3 0 0 1 0 0.03
-2 -2  4 -2  0 -4 -4 -5  7 -3  0 -4 -3  3 -3 -1  1 -5  1 -2 0 0 1 0 0.03
-2  3 -2 -3 -6 -2 -4 -6  0 -3 -2  3 -3  2 -6 -2  0  7  4 -3 0 1 0 0 0.02
 1 -2 -1 -2 -2  1 -2 -2  4  0  0 -2  2  1 -1  0  0 -1  2  1 0 1 0 0 0.02
-4 -3 -2 -6 -5 -5 -5 -6 -3 -2  0 -1  3  7 -6 -3 -3 -2  5 -4 0 1 0 0 0.01
 0 -3  5 -1 -5 -3 -4  0  0 -5 -5 -3 -4  0  2 -1 -2  8  1 -5 0 0 1 0 0.01
 1  2  2  1 -1  0 -1  0  0 -3 -2  0 -1  0 -4  0 -2 -2  4 -1 0 0 1 0 0.01
 0 -4  0 -1 -4 -1 -4  2 -4 -3 -2 -4  7 -3 -4  4 -1 -5 -4 -3 0 0 1 0 0.01
 1 -5 -1  7  2 -3  0 -1 -1 -6 -5 -4 -5 -6 -1  0 -4 -7 -6 -5 0 0 1 0 0.01
-1  4 -4 -3 -3 -1 -3 -5  0 -2  1  0  2  2 -4 -2 -2 -3  5 -1 0 0 1 0 0.01
 2 -3 -2 -3 -3 -2 -2  1 -3 -1  0 -3  4  0 -3  0  1 -3  0  1 0 1 0 0 0.01
-1 -5 -3 -5 -4 -4 -5 -5 -5  4  0 -5  1 -1 -5 -2  0 -5 -1  5 0 1 0 0 0.01
-4 -2 -2 -5 -6  3 -3 -5  9 -5 -4  0  1  1 -5 -2 -5  0  4 -4 0 1 0 0 0.01
-1  6  0 -4 -3  2 -3 -5  4 -2 -3  1  1 -4 -5 -2 -3 -5 -3 -2 0 1 0 0 0.01
-1  6  2 -2 -2  0 -2  1 -3 -4 -4  1 -2 -3 -4 -1  2  0 -4 -4 0 0 1 0 0.01
 0 -1  1  2 -5  0  1  0 -1 -5 -5  2 -3 -5  5  0 -2 -5 -4 -4 0 0 1 1 0.01
-2  0  4  4 -5 -1  0  3 -1 -5 -5 -1 -4 -5 -4  0  0 -6 -5 -4 0 0 1 1 0.01
-4 -4 -6 -7 -1 -6 -6 -3  2 -5 -4 -3 -5  6 -7 -6 -4  9  6 -5 0 1 0 0 0.01
 2 -3 -2 -3 -1  0 -3  0  1 -1  0 -2  4  1 -4  1  0 -1  3  0 0 1 0 0 0.01
 2 -5 -5 -5 -2 -4 -5 -4 -4  2  1 -4 -1  4 -5 -2  0 -3  1  3 0 1 0 0 0.01
 1 -4  1 -2 -4 -3 -3  2 -3 -2 -3 -3 -1  0 -4  3  3 -1 -2  0 0 1 0 0 0.01
 0 -5 -2 -5 -4 -5 -5 -5 -5  4  3 -5  0 -3 -5 -2 -3 -5 -4  4 0 1 0 0 0.01
 1  4  1 -4 -5 -2 -3 -2  0 -5 -5  5 -2 -6 -4  2 -3 -6 -5 -5 0 1 0 0 0.01
 0 -2 -1 -6 -1 -4 -5  2 -5 -1  0 -4  9 -2 -6 -4 -2 -3 -3 -2 0 1 0 0 0.01
 1 -3  0 -1  0 -1 -3 -3  4 -1 -2 -1 -1  3 -2  1  0  0  4 -1 0 0 1 0 0.01
-2 -5  2 -1 -5 -4 -3 -3 -5 -6 -7 -4 -6 -6 -5  7  0 -7 -6 -6 0 0 1 0 0.01
-1  3  3  1 -2 -1 -1 -2 -1 -3 -4  2 -2 -4 -2  2  2 -1 -1 -2 0 0 1 1 0.01
-5  7  1 -2 -7 -1 -3 -4 -2 -6 -4 -1 -5 -3 -6 -3 -2 -5  4 -4 0 0 1 0 0.01
-2 -3 -1 -5  1 -4 -4 -5 -5  4  0 -4  0 -1 -5 -1  4 -1 -4  3 0 1 0 0 0.01
 1 -1  0 -1 -2  0 -2  0 -3  1 -1 -1 -1 -1 -4  0  0  7  1  0 0 0 1 0 0.01
 0  1  4  0 -3 -2 -3  3 -1 -5 -5  0 -2 -3  0  1 -2  1 -1 -4 0 0 1 0 0.01
 1 -3  0 -4  0 -1 -2 -1 -1 -2 -1 -3 -1  3 -1  1  2 -1  5 -2 0 0 1 0 0.01
-5 -2 -4 -1 -8 -1  8 -6 -4 -7 -7 -3 -2 -7 -5 -4 -5 -7 -6 -6 0 1 0 0 0.01
 0 -1 -1 -1  5 -2 -3 -2  1  1 -2 -2  0  0 -2  2  1 -1  2 -1 0 0 1 0 0.01
-1 -4 -3 -4 -2 -3 -4  3 -3  1  0 -4  4  1 -4 -1 -1  1  4  1 0 0 1 0 0.01
-2 -2  7 -1 -5 -2 -2 -2 -2 -3 -2 -1 -4 -2 -3  0 -1 -5  0 -4 0 0 1 0 0.01
-1 -1  2  1 -4 -1 -1  4 -2 -5 -4  2 -2 -2 -2  1 -1  0 -4 -4 0 0 1 1 0.01
 1 -3  0  2 -6  0  6 -5 -2 -3 -4 -2 -3 -6 -2 -2 -1 -6 -3 -5 0 0 1 1 0.01
-5 -4  8  0 -6 -4 -4  1 -1 -5 -6 -4 -6 -7 -6 -1 -4 -7 -6 -4 0 0 1 0 0.01
-1  2 -1 -3 -3 -2 -1 -2 -2  0  3  1  0 -1  1 -2  0  1 -2  0 0 0 1 0 0.01
-2  3 -3 -3 -3  0 -2 -4  2 -4  0  3  0  2 -3 -3 -2  1  5 -4 0 0 1 0 0.01
-1 -5  1 -4 -6 -5 -5  7 -5 -7 -7 -5 -6 -7 -2  0 -1 -6 -6 -6 0 0 1 0 0.01
-5  4 -2 -4 -6  0 -4 -4  0 -1 -2 -3 -4  2 -6 -2 -2  9  4 -5 0 0 1 0 0.01
-5 -2 -1 -4 -6 -5 -5 -6  7 -5 -2 -3 -5  3 -7 -5 -5  5  7 -5 0 1 0 0 0.01
-2  0 -2 -3 -4  3 -2 -3 -4 -1  2 -3  3 -2 -2 -2  4 -4 -1 -2 0 0 1 0 0.01
 2 -4 -1 -4 -1 -2 -4  4 -4 -5 -5 -4  0 -5  0  4 -1 -6 -5 -4 0 0 1 0 0.01
 0 -4  0  5 -3 -1 -1 -3  3 -3 -3 -3 -2  1 -4  1 -2 -4  3 -4 0 0 1 0 0.01
 0 -5 -4 -5 -5 -5 -5  7 -5 -7 -6 -5 -6 -6 -5 -3 -5  4 -5 -6 0 0 1 0 0.01
 2 -3 -1 -2  1  1 -1 -2 -1 -1 -2 -2  5 -2 -3  2  1 -4 -3  1 0 1 0 0 0.01
 0 -2  0 -3  0 -3 -3 -2  0  1  2 -3  2 -1 -3  0  3 -3  0  1 0 1 0 0 0.01
-1 -3  1 -3 -4  2  0 -4  0 -2  0 -2  1  1 -1 -1  0  1  5 -3 0 1 0 0 0.01
-3 -3 -3 -2 -1 -4 -4 -5 -4  4  3 -4  1  1 -4 -2 -1  3 -1  2 0 1 0 0 0.01
-2 -1 -4 -4 -4  0 -2 -3  0  0  0 -1  4  1 -4 -1 -1  3  6 -1 0 1 0 0 0.01
-2  1  4  0 -3  0 -2 -1 -1 -1 -1 -2 -3 -3 -1 -1  2 -1  1  1 0 1 0 0 0.01
 0  1  2  2 -4  0  0  0  1 -4 -3  1 -4 -3  0  2  1 -1 -2 -4 0 0 1 0 0.01
-2 -3 -2  4 -6 -1 -1  6 -5 -5 -7  0 -6 -7 -3 -3 -4 -6 -6 -4 0 0 1 1 0.02
-3 -1  3  4 -5  0 -1 -1  0 -3  0  0 -2 -3  0  0  0 -5 -3 -1 0 0 1 1 0.02
 0 -2 -1  2 -5  3  5 -3 -2 -5 -2  0 -2 -5  1  0 -1 -5 -4 -3 0 0 1 1 0.02
 0 -3 -4 -3 -4  2 -2 -3  2 -1 -1 -2 -3  1 -3 -2 -2 -2  7 -2 0 0 1 0 0.02
 0  0  1  1 -2  0  1 -1  1 -2 -2  1 -1  1 -2  0  2 -2  2 -2 0 0 1 0 0.02
-3 -1  4  4 -2  1  0  1 -2 -4 -4 -2 -2 -5 -4  3  0 -5 -4 -4 0 0 1 1 0.02
-1 -3  1 -1 -4 -1 -2  3  4  4 -3 -2 -2 -1 -2 -2 -3 -1  0 -1 0 0 1 0 0.01
-4 -5  0 -1 -5 -4 -3 -5  0 -3 -2 -5 -4  6 -4 -3 -5  5  7 -2 0 0 1 0 0.01
-1  0 -1 -1 -3  0 -2  0 -2 -2 -2 -1 -3  0  4  1 -1  4  2  0 0 0 1 0 0.01
-1 -2  1  3 -1  1  0 -3  0 -1 -2 -1  1 -3 -1 -2  0  7 -2  1 0 0 1 1 0.01
 3 -1  3  1 -3 -1  2  0 -2 -3 -3 -1 -1 -3  3 -1 -1 -2 -3 -2 0 0 1 1 0.01
 0 -1 -2 -3 -1 -3 -3  3 -1 -1 -1 -2 -2  3 -3 -1  2 -2  3  1 0 0 1 0 0.01
-5 -6 -6 -3 -5 -5 -6 -6 -5 -2 -3 -5 -2  3 -6 -6 -5 11  1  2 0 0 1 0 0.00
-4 -6  4  7 -8 -2 -2 -6 -5 -8 -8 -5 -2 -8 -6 -3 -4 -8 -7 -7 0 0 1 0 0.00
-4 -5 -3 -7 -7 -6 -7 -7 -2 -6 -6 -4  3 -1  5 -2 -4 11  0 -4 0 0 1 0 0.00
-1  1  4 -1  0  0 -1 -5  2 -5 -2  0 -2 -1 -5 -1  1 -4  5 -4 0 0 1 0 0.00
-1  6 -4 -5 -1  0 -4 -4  3 -5  0  2  2 -2 -6 -4 -5 -6  0 -4 0 0 1 0 0.00
-5 -5 -3 -7  0 -6 -6 -7 -6  4  4 -6  4 -3 -3 -4 -3  0 -1  1 0 0 1 0 0.01
 0 -7 -5 -7 -8 -5 -5 -7 -7 -8 -8 -6 -7 -9  8 -2 -3 -9 -8 -7 0 0 1 0 0.01
-5 -8 -6 -5 -8 -7 -8  8 -8 -9 -9 -7 -8 -9 -8 -4 -7 -8 -9 -9 0 0 1 0 0.01
 0 -6 -5 -6 -5 -6 -6 -5 -7  1 -3 -6 -5 -6 -6 -3  7 -7 -6  2 0 0 1 0 0.01
-5 -6 -5 -6 -6 -6 -6 -7 -7 -6 -4 -6 -6 -7 -6 -2  8 -8 -7 -5 0 0 1 0 0.01
 2 -4 -2 -4  0 -4  1 -4 -5 -1 -2 -4 -4 -5 -4  1  5 -5 -5  3 0 0 1 0 0.02
-1 -1 -2  3 -3 -2 -1 -3 -1  2  1 -1 -1 -2  1  0 -1 -3  0  1 0 0 1 1 0.04
-1  0  1  0 -3  3  1 -1  5 -3 -3 -1  0 -2 -1  0  1 -1  0 -1 0 0 1 1 0.07
-1  1  1 -2 -1  0 -1 -1 -1  0  2  1  0 -1 -2 -1  0 -3  0  0 0 0 1 0 0.15
-1  0 -1  0 -4  0  2 -3 -3 -2 -2 -1 -2 -4  5  0  0 -4 -3 -2 0 0 1 1 0.23
-1  1 -1  0 -2 -1  0 -1 -2  1  2 -1  1  1 -1 -1 -1  0  0  0 0 0 1 0 0.27
 0  0  0  1 -3  1  1  0  0 -2 -2  1 -1 -1  2  0 -1  2  0 -1 0 0 1 1 0.37
 0 -1  1  3 -3  1  2 -1  0 -3 -1  1 -2 -3  1 -1  1 -4 -2 -2 0 0 1 1 0.36
 0 -1 -1 -1  0 -1  0  0 -1  0  1  0  1 -1 -1  0  0  0  0  1 0 0 1 1 0.39
 0  1  0  3  0  1  1 -1 -2 -2 -1  1 -1 -2  1 -1  0 -3 -1 -1 0 0 1 1 0.40
 2  0  1 -1  0 -1 -1  0 -2 -2 -1  1  0 -2 -2  2  2  1 -2 -1 0 0 1 1 0.34
 0 -2 -1 -1 -1  1 -1  1  0 -2 -1  0 -2  0  4  1 -1 -1 -1 -1 0 0 1 1 0.40
 0  0  1  0 -1  1  0  2 -2 -1  0  0 -1 -2 -1  1 -1  0 -1 -1 0 0 1 1 0.38
 0  2  0 -1  1 -1  0  1 -2 -1 -3  0 -1 -2  2  0  2  3 -3 -1 0 0 1 1 0.48
-1  0  2  0 -2  1  0  2  2 -2 -1  0  0 -1 -1  0 -1  1  1 -2 0 0 1 1 0.48
 0 -1  0  0 -3  0  1  1 -1 -2 -2 -1 -2 -1 -1  0  2  5  0 -1 0 0 1 1 0.46
 0 -1  0  0 -1 -1  1  1 -1 -1  0 -1 -1  0 -1  0  1  3  2 -1 0 0 1 1 0.50
 0  0  0 -1 -2  1 -1  1 -1 -1  0 -1  4  0 -2  0  0  0  1  0 0 0 1 1 0.33
 0  0  0 -1 -3  1  0 -2  0 -1  1  1  0  0  2  0  0 -2  1  0 0 0 1 1 0.26
-1  2  0 -2  0  0 -1 -1  0 -2  0  1  0  0 -2  0  1  0  2 -1 0 0 1 1 0.18
 0 -4  2 -2 -5 -1 -4  4 -4 -4 -4 -2 -2 -6  0  4  0 -6 -5 -5 0 0 1 1 0.14
-1 -1  1  3 -4  0  0 -1  1 -3 -2  1 -4 -4  2  1  2 -5 -1 -4 0 0 1 1 0.11
-1  1  2 -1 -2  1  2 -1  2 -3 -3  2  0 -3 -3  2  1 -5 -2 -2 0 0 1 1 0.07
 1  0  3  2 -4  0  0 -1  1 -4 -4  0 -4 -5  0  2  2 -5 -3 -3 0 0 1 0 0.07
-5 -4 -4 -4 -7 -7 -5 -7 -1 -3 -3 -5 -2  8 -8 -7 -2  9  2 -4 0 1 0 0 0.04
 3 -4 -3 -5 -1 -5 -5 -2 -6 -1 -4 -5 -4 -5 -6  2  0 -7 -5  5 0 1 0 0 0.04
-1 -7 -3 -4 -5 -7 -5  7 -7 -9 -9 -5 -8 -8 -7 -4 -7 -8 -8 -8 0 1 0 1 0.03
 1 -6 -3 -4 -6 -6 -4  6 -1 -7 -7 -4 -2 -7 -6  1 -1 -3 -7 -1 0 1 0 0 0.02
 2 -3 -1 -5 -3 -4 -5 -4 -5  1  1 -4 -3 -4 -5  1  2 -2 -5  4 0 1 0 0 0.02
 0 -2 -2 -1 -2 -2 -1 -2 -3 -3 -4  1 -4 -3 -4  5  3 -6 -5 -1 0 1 0 0 0.01
-1 -1 -1  0 -1  0 -1 -1 -1  0  2 -1  0  1 -2 -1 -1  2  0  0 0 0 1 0 0.01
-1 -2  3  6 -3 -1  1  0 -3 -3 -3 -1 -4 -3 -2 -2 -2 -5 -4 -3 0 0 1 1 0.01
-3 -2  1  2 -5 -2 -2  6 -2 -6 -6 -2 -5 -6 -3 -1 -3 -6 -6 -6 0 0 1 1 0.01
-1  2  1  0 -3  2  1 -1  0 -1 -1  2 -1 -1 -1  0  1 -3 -2  0 0 0 1 1 0.01
-1 -1  4 -1  1 -2 -3 -1  2 -2 -2 -3 -1  1 -4 -1 -1  2  5  0 0 0 1 0 0.01
 2 -5 -2 -5 -5 -5 -5  6 -5 -6 -3 -5 -5 -2 -5  0 -1 -6 -6 -5 0 1 0 0 0.01
 2 -2 -1 -2 -1 -3 -4 -1 -4  2  0 -3  3 -1 -4  1 -1 -4 -2  3 0 1 0 0 0.01
 3 -4 -2 -4 -1 -3 -3 -1 -4  2 -1 -2  0  3 -4  0  1 -4  0  1 0 1 0 0 0.01
 4 -5 -4 -3  0 -3 -5  4 -5  0 -5 -5 -4 -1 -5  0 -1  0 -5  1 0 1 0 0 0.01
-4 -3 -3 -6 -5 -1 -3 -6 -1 -2  1 -4  9  3 -6 -2 -4  1  3 -2 0 1 0 0 0.01
-1  0  0  4 -4  0  2 -1  2 -1 -3  2 -3 -2 -3 -1 -2  2 -2 -1 0 1 0 0 0.01
-1 -4 -4 -2 -4  1 -4 -3  1 -2  3 -4  3  5 -5 -2 -4 -3  3 -2 0 0 1 0 0.01
 0  0  1  1 -1  0  0 -1  2 -1 -1  0  0 -2 -2  1  1 -3  0  0 0 0 1 0 0.01
 1  0  0  0 -2  0  0  1  0  0 -1  0  0  0  0  0  0 -1  2 -1 0 0 1 1 0.02
 0  0  1  1  0  0  1 -1  0 -1 -1  1  0 -1  2  0  0 -2  0 -1 0 0 1 1 0.03
 0  0  1  0 -1  0  0  1  2 -2 -1  0  0 -1 -1  1  0  0  0 -1 0 0 1 1 0.04
 0 -1  0  1 -2  0  1  0  2 -1 -1  0  0 -1  1  0  1 -1  1 -1 0 0 1 1 0.05
-1  0  0  1 -2  0  0 -1  2  0  0  0  1  0  0  0  0 -1  1  0 0 0 1 1 0.04
 0  0  0  1 -2  1  1  0  1 -1 -1  1 -1 -2  0  0  1 -2 -1 -1 0 0 1 1 0.04
 0  0  4  0  1  0 -1  0 -1 -1 -2  1 -1 -2  0  1  0 -2  0 -1 0 0 1 1 0.04
-1 -1 -1 -1 -2  1  0 -1  1 -1  0 -1 -1  2 -1 -1  0  5  3 -1 0 0 1 0 0.03
-1  1  3  4 -3  0  0  1 -2 -2 -2 -1 -2 -3 -1  0  0 -1 -1 -2 0 0 1 1 0.03
 0 -1  1  1 -2  1 -1  1 -2 -3 -3  1  0 -2  2  2 -1 -4 -2 -2 0 0 1 1 0.02
-1 -2  2  1 -3 -1 -2  2  0 -3 -3 -1 -3 -4 -1  3  3 -4 -3 -2 0 0 1 1 0.02
-1 -4 -4 -5 -4 -4 -4 -4  1 -1  4 -4  1  3 -4 -3  0 -1 -3  2 0 1 0 0 0.01
-2  3 -1 -2 -4  2  0 -3  2 -1 -3  2 -1 -3 -3  2  2 -4 -2 -1 0 1 0 1 0.01
 6 -5 -5 -5 -4 -4 -4  1 -5 -4 -4 -4 -1  0 -4 -2  0  1  0 -2 0 1 0 0 0.01
-3  5  1 -1 -1  1 -1 -4  2 -3 -2  4 -2 -3 -4 -3 -1 -5  0 -3 0 1 0 0 0.01
-5  0 -5 -5 -7 -2 -4 -6 -5 -5 -6  8 -6 -3 -5 -5 -4 -7 -6 -6 0 1 0 0 0.01
 2 -3 -4 -5 -5 -4 -4 -2 -5 -4 -3 -3 -5 -3 -5  6  1 -7 -6 -2 0 1 0 0 0.01
-3 -4 -8 -9 -7 -7 -8 -8 -6 -6 -6 -8 -6 -1 -8 -4 -7 11  6  1 0 1 0 0 0.01
-3 -7 -7 -8 -7 -7 -7 -4  2 -2 -1 -7 -1  9 -8 -5 -5 -4  1 -1 0 1 0 0 0.01
-1 -6 -6 -6  3 -5 -4 -3 -5  1  1 -6  6  6 -6 -3 -2 -2  1  0 0 1 0 0 0.01
-2 -5 -6 -3 -1 -2 -5 -6 -5  1  3 -5  0  6 -4 -2  0 -4  0  0 0 1 0 0 0.01
-2 -3  3  6 -6 -2  1  3 -4 -7 -6 -1 -6 -7  0 -2 -4 -7 -6 -6 0 0 1 1 0.01
-3 -2  4  6 -6 -2  0  1  0 -7 -7 -1 -6 -7 -5 -2 -3 -7 -6 -6 0 0 1 0 0.01
 1  1 -2 -1 -4  2  2  0 -1 -2 -1  1  1 -1 -3 -1  0 -4 -1 -1 0 1 0 0 0.01
-2 -4 -6 -6 -4 -5 -6 -6 -6  6  1 -5  3  0 -6 -5 -2 -5  0  4 0 1 0 0 0.01
-2 -4 -6 -6 -4 -5 -6 -6 -6  4  1 -5 -1  0 -5 -5 -2 -5 -1  6 0 1 0 0 0.01
 4 -5 -1 -5  8 -3 -2 -5 -5 -2 -1 -5  1  2 -5 -2 -2 -5 -3  0 0 1 0 0 0.01
-5 -6 -7 -7 -5 -6 -6 -7 -6  1  6 -6  1 -3 -6 -4 -1 -5 -5  1 0 1 0 0 0.01
 0 -6 -3 -5 -6 -5 -2  7 -6 -6 -7 -5 -6 -7 -6 -3  0 -6 -6 -1 0 1 0 0 0.01
 4 -3  0 -3 -2 -1 -2 -3  0 -5 -5 -3 -4 -4 -4  4  3 -6 -5 -3 0 0 1 0 0.01
-2 -2  4  4 -5 -1 -2  5 -2 -6 -6 -1 -5 -6 -5 -1 -4 -6 -5 -3 0 0 1 0 0.01
-5 -6 -7 -7 -5 -6 -7 -7 -6  8  0 -6 -3 -4 -6 -6 -4 -6 -2  2 0 0 1 0 0.01
-1  1  1 -1  1  1  1 -2  1 -1 -3  1 -3 -3 -3  2  3 -4 -1 -2 0 0 1 1 0.01
 1 -1  4  0  1 -2 -3  0 -2 -3 -4 -2 -4 -3 -4  4  0 -5 -4 -2 0 0 1 0 0.01
 0  0  1  0 -2  0 -1  1 -2 -2 -2  0 -3 -4  1  2  3 -4 -3 -2 0 0 1 1 0.02
-1 -2  2  5 -4 -1  0  0  0 -3 -2 -2 -2 -4  0  1  0 -4 -3 -1 0 0 1 1 0.02
 1 -1  0  0 -3  0  0  1 -1 -2 -3  1 -2 -3  1  2  0 -4 -3 -1 0 0 1 1 0.02
 0  0  2  1 -3  1  1  2 -1 -2 -3  0 -2 -3  0  1  0 -4 -1  0 0 0 1 1 0.01
 1  1  0 -1 -3  0 -1  0  2 -1 -1  1 -1  0 -1  0  0 -1  2 -1 0 0 1 0 0.01
 1 -2  2  1 -2 -2  2 -3 -2 -1 -3 -1 -3 -4  5 -1  1 -4 -3 -2 0 0 1 1 0.01
-1 -5 -5 -5 -4 -5 -5 -5 -5  4 -1 -5 -1 -2 -1 -4  3 -5 -4  5 0 1 0 0 0.01
-1 -1 -1 -2 -2  0  3 -3  2  0 -1 -2 -1  0 -3 -1  2 -4  1  1 0 1 0 0 0.01
-3 -5 -4 -5 -5 -5 -5 -6 -6 -5 -5 -5 -5 -1 -5  0  8 -6 -5 -4 0 1 0 0 0.01
-1 -5 -2 -5  0 -4 -4 -5 -3  2 -4 -4 -2 -3 -3  0  6 -5 -3  1 0 1 0 0 0.01
-3 -5 -6 -6 -4 -5 -3 -6 -5  4  4 -5 -2 -2 -5 -5 -4 -5 -1  4 0 1 0 0 0.01
-2 -4  3  5 -6 -3  4 -4 -3 -5 -4 -3 -4  4 -5 -3 -3 -5 -2 -5 0 1 0 0 0.01
-3 -1  5  0 -6  7 -3 -5  0 -6 -6 -3 -4 -6 -5 -1 -3 -6 -5 -4 0 0 1 0 0.01
-1  6  0 -2  4 -2 -2 -4  0 -4 -2  1 -4 -3 -4  0  1 -5 -2 -3 0 0 1 0 0.01
 1  2  1 -2 -4 -1 -2 -3  1  0  0  3  0  0 -2 -1 -2 -1  1 -1 0 0 1 1 0.01
 1 -2 -2 -3 -3 -1 -2 -4 -2  2  3 -2  1  0 -4 -2 -1  1  0  1 0 0 1 0 0.02
 1  1  3  2 -1  0  0 -1  0 -2 -3  0 -3 -4  0  0  1 -4 -2 -2 0 0 1 1 0.02
 0 -2  1  3 -4 -1  0  4 -2 -4 -3 -1 -4 -5  2  1 -1 -5 -4 -3 0 0 1 1 0.02
 0 -2  1  2 -2  0  2  2 -1 -4 -3  1 -3 -4  2  1  1 -4 -3 -3 0 0 1 1 0.02
 0  0  0 -1 -1 -1  0  1 -1 -1 -1  0 -1 -2 -2  1  1 -3 -2  2 0 0 1 1 0.02
 0  0  2  0 -2  0  0 -1  0 -2 -1 -1 -1  0  0  1  2 -2  2 -2 0 0 1 1 0.01
 0  0  1 -1 -2  1  0 -2  0 -1 -1  1 -1 -2  2  1  1 -3  0  0 0 1 0 1 0.02
-1 -2 -2 -3  0 -2 -2 -2 -3  3  2 -1  1  1 -3 -1 -1 -1  2  2 0 1 0 0 0.02
-2 -1 -1 -3 -2 -1 -1 -3 -1  0  1 -1 -1  3 -4 -1  2  4  4  0 0 1 0 0 0.02
-1 -1  0 -2  0 -1 -2 -3 -1  2  1  0 -1 -2 -3 -1  1  1 -2  3 0 1 0 0 0.03
-2 -3  6  4 -5 -1 -1  0 -1 -5 -4 -1 -3 -5 -4 -1 -1 -5 -3 -3 0 0 1 1 0.04
-1 -3 -1  1 -5 -4 -2  6 -2 -3 -4  0 -5 -3 -4 -1 -2 -1 -2 -5 0 0 1 1 0.05
-1  1  1  0 -3  2  2  0  0 -1 -3  2 -2 -3 -2  0  1  1 -2 -1 0 0 1 0 0.06
 0  1  0 -1 -3  2  2 -1 -1 -2 -1  2 -1 -2  1  0  1 -4 -3 -1 0 0 1 1 0.08
 0  0 -1 -2 -1  0  0 -2 -1  2  0  0  1 -1  0 -1  0  1  1  2 0 0 1 0 0.11
 0 -1  0  1 -2  1  1 -1  0 -1 -1  0  0 -3  0  1  2 -3 -2  0 0 0 1 1 0.13
 1 -1  1  0 -3  1  0  1 -2 -1  0  0  0 -2  0  1  1 -3 -3 -1 0 0 1 1 0.18
 0 -1  0  0 -2  0  0  0 -2 -1  1  0  0  1  0  1  0 -2  0 -1 0 0 1 1 0.20
 0 -1  0  2 -2 -1  0  2 -1 -2 -2  1 -3 -2  3  0  0 -2 -2 -2 0 0 1 1 0.22
-1 -1  0 -1 -3  0  1  1  2  0 -2 -1 -1  0 -2  0  0  6  2 -1 0 0 1 1 0.25
-1  0  2  1 -4  3  1  0  0 -3 -3  1 -3 -3 -2  2  0 -4 -3 -1 0 0 1 1 0.23
 0  0  0  0 -3  1  1  0  1 -1  0  1  0 -1 -1  0  2 -3 -2 -1 0 0 1 1 0.18
 1 -1  0 -1 -2  0  0 -2 -1 -1 -1  0 -1 -1 -1  2  3 -4 -1 -1 0 0 1 1 0.16
-1 -1 -1 -1 -2 -1 -1  0 -1  0  1  0  0  1  0  0  0  0  0  1 0 0 1 0 0.16
 0  0  1  1 -2  1  1 -1  0 -2 -2  1 -2 -3  0  1  2 -4 -1 -1 0 0 1 1 0.11
-1  0  4  2 -4  2  1  2  1 -4 -4  0 -3 -4 -1  0 -1 -2 -4 -2 0 0 1 1 0.07
 1  0  0 -1 -3 -1 -1  2 -3 -1 -1 -1 -2 -2  2  1  1 -4 -3  1 0 0 1 0 0.04
 0  2  1  1 -1  0  0  0  1 -1 -1  1 -1 -3  1  1  0 -4 -2 -1 0 0 1 0 0.03
-2 -1 -3 -5 -2 -1 -1 -3  0 -1 -2 -3 -4  1 -4  1  2 10  0 -3 0 1 0 0 0.02
 2 -2 -2 -4 -2 -4 -3 -4 -4  1  2 -3  1  1 -4 -2 -2  7  1  1 0 1 0 0 0.01
-2 -2 -3 -2 -4 -3 -1 -4  5  2  1 -3  0  2 -4 -2 -1 -1  2  2 0 1 0 0 0.01
-3 -2  1  4 -2 -1 -1 -3  4 -1  2 -2 -2 -1 -1 -2 -2  2  1 -2 0 1 0 0 0.01
 0 -2  1  1 -5  1  1  1  7 -4 -5 -1 -4 -5  1  0 -1 -5 -3 -4 0 0 1 0 0.01
 0  0  3  1  0  0 -1  2  1 -1 -2 -1 -1 -1 -3  0 -1 -3  0 -3 0 0 1 1 0.01
-1  1  1  0 -3  0 -2  3  1 -3 -3  0 -3  0  0  0 -1  2  0 -1 0 0 1 0 0.01
-1 -1  1  0  1 -2 -1  1 -2  1  0 -1  0  0 -3 -1  0  2 -2  1 0 1 0 0 0.01
 0 -2 -2 -3 -6 -2 -5  7 -2 -2 -3 -5 -6 -4 -6 -2 -4 -2  0 -3 0 1 0 0 0.01
-7 -7 -7 -8 -7 -7 -7 -4 -4 -6 -6 -7 -6  0 -8 -7 -7  2 10 -4 0 1 0 0 0.01
-1 -4 -5 -5  0 -2 -5 -4  2  2  1 -3 -2  2 -5 -3 -2  1  5  3 0 1 0 0 0.01
-4 -6 -6 -6 -5 -6 -6 -6 -5  3  2 -6  1  7 -1 -2 -2 -4 -2  2 0 1 0 0 0.01
-1 -3 -3 -3 -5 -2 -5 -4 -3 -2  3 -3 -3  0  6 -2 -1  1 -1 -1 0 0 1 0 0.01
 0  0  2  3 -2  2  2  1 -1 -3 -4  1 -2 -5  1  0 -1 -5 -3 -2 0 0 1 1 0.01
 0 -2  2  1 -2 -1  0  4 -1 -5 -4  1 -4 -5  2  0 -1 -5 -3 -3 0 0 1 1 0.01
 2 -2  1 -1 -4  2  0  1 -2 -3 -2 -1 -2 -4  2  1  2  0 -3 -2 0 0 1 1 0.02
 0  1  3  2 -2  1  0 -2 -2 -3 -3  2 -1 -4  1  1  2 -5 -2 -3 0 0 1 1 0.02
-1 -4 -5 -5  0 -3 -4 -1 -5  3  3 -3  0  0 -1 -2 -1 -1  0  4 0 1 0 0 0.03
-1  2  1 -1  0  0  0 -3  3  0 -1  1 -1  0 -3  1  2 -4 -1  0 0 1 0 1 0.05
 1 -2 -4 -3 -2 -3 -3 -3 -4  3  2 -2  1  1 -3 -2 -1 -1  0  3 0 1 0 0 0.08
 0  0 -1 -2 -1  1  0 -2  0 -2  0  2 -1  0 -3  2  1 -1 -2 -1 0 1 0 1 0.14
-1  4  2 -2 -1 -1 -2 -2 -1  0 -2  2 -1 -2 -3 -1  0 -4  1  0 0 1 0 1 0.14
 1 -1 -1 -1 -5  2  4  2 -1 -3 -4  1 -2 -2 -3  0 -1 -5 -2 -2 0 0 1 1 0.22
-1  1  1  1 -2  1  1 -1  0 -2 -1  2  0 -3  1  0  1  0 -2 -1 0 0 1 1 0.25
-2  5  0 -2 -6  6 -1 -5  1 -6 -5  0 -5 -6 -5 -2 -2 -1 -3 -3 0 0 1 1 0.29
-1 -2 -1 -3 -2  0  0 -2  1  0 -2  2 -3 -2 -3  1  4 -1 -1  0 0 0 1 1 0.32
-2 -2 -1 -3 -5 -3 -5  6 -5 -4 -6 -4 -5 -6 -5  3  1 -6 -6 -1 0 0 1 0 0.27
 0  3  3 -1 -2  0 -2  0 -3 -1 -2  1 -1 -3 -1  2  0  1 -2 -1 0 0 1 1 0.33
-4 -2  1  2 -6 -3 -3 -1  1 -3 -3 -2 -1 -3 -6 -2 -2 11  0 -4 0 0 1 1 0.33
-1 -1  4  1 -4  1  1  1  1 -4 -5  1 -3 -3 -3  2 -1  3  0 -4 0 0 1 1 0.38
 0  1  1  3 -5  0  1  1  0 -2 -4  3 -4 -3 -3  0 -1 -4  1 -4 0 0 1 1 0.35
 0 -2  2  1 -4 -1 -1 -1 -3  2 -3 -2 -3 -3  1  3  1 -5 -3 -1 0 0 1 1 0.35
 0  1  3  2 -2  1 -1  0 -2 -2 -3  1  0 -3  1  0  1 -4 -1 -2 0 0 1 1 0.31
 0  0  1  0 -4  1  2  0 -2 -2 -3  2 -2 -4 -1  0  2 -4 -2 -2 0 0 1 1 0.18
 0 -2 -1  1 -4  0  2 -2 -3 -2 -2  1 -1 -5  4  1  1 -5 -4 -1 0 0 1 1 0.12
-1 -2 -1  0  0  0 -1 -3 -2  1 -2 -2 -2 -3 -3  1  4 -5  0  2 0 0 1 0 0.08
-2 -1 -2  0 -4  2  2 -3 -2 -2 -4  1 -1 -2 -2  2  4 -5 -2 -1 0 0 1 1 0.05
 0  2  2 -1 -5  0 -1  3  0 -4 -3  2 -1 -5 -1 -1 -2 -5 -3 -2 0 0 1 1 0.03
-1  2  3  3 -2  1  1 -3 -1 -2 -3  1 -2 -3  1  0  2 -5 -1 -2 0 0 1 1 0.02
-2 -3 -3  0 -5 -2 -3 -6 -2  1  0 -5 -2  5 -3 -3 -3  3  5  2 0 1 0 0 0.01
 1 -1 -1 -2 -2 -1 -1 -4 -2  1  1 -4 -2  5 -5  0  0 -3  0  0 0 1 0 0 0.01
-1 -1 -1 -2 -4 -1 -1 -3  0 -2 -2  1 -1 -1 -4  3  4 -5  1 -1 0 1 0 0 0.01
 2 -4 -5 -5 -1 -4 -4 -3 -2  2  4 -1  2  0 -2 -3 -3 -4  2  0 0 1 0 0 0.01
-1 -2 -3 -5 -1 -4  0 -1 -1 -2 -2 -4 -2  0 -5  0  1  9  5  0 0 1 0 0 0.01
-2 -3 -5 -6 -4 -1 -5 -6 -2  5  3 -2  0  2 -5 -5 -2 -5 -2  3 0 1 0 0 0.01
-2 -1  3  4 -1  0  1 -2  0 -4 -2  0 -2 -3  0  1  1 -5 -2 -3 0 1 0 1 0.01
-3 -3 -1 -6 -7  2 -5 -6 10 -4 -7 -5 -2 -6 -2 -4 -6 -7 -2 -7 0 0 1 0 0.01
-1 -2 -3 -2 -4 -1 -2  6  0 -5 -4  0 -4 -4 -2  1  0 -4 -2 -4 0 0 1 1 0.01
 1  0  0 -2 -2  1 -1 -2  3  0 -2  2 -1 -3  0  0  2 -1 -2  1 0 0 1 1 0.01
 2  1  2  1 -2  1  0  0 -1 -2 -3  1 -3 -4 -1  1  1 -4 -2 -3 0 0 1 1 0.01
 0 -4  0 -3 -4 -2 -3 -3 -2 -1 -3 -3 -4 -5  7 -1 -1 -5 -4  0 0 0 1 0 0.01
-1  1  1  0 -3  2  1 -3  0  0 -2  2 -2 -4 -2  1  2 -4 -3  0 0 0 1 1 0.01
-1 -2  5  4 -4  1  0  1 -1 -5 -5 -1 -4 -2  0  0 -1 -5 -4 -4 0 0 1 1 0.01
 3 -2  1  2 -3 -1 -1  2 -2 -3 -4 -1 -3 -4 -1  1  0 -5 -4 -3 0 0 1 1 0.01
 0 -1 -1 -1  0  0 -1  1  1 -4 -4  2 -3 -3 -2  4  2 -5 -3 -4 0 0 1 1 0.01
-3 -5 -5 -5  0 -4 -5 -5  0 -2 -2 -5  0  2 -5 -3 -2 -1  9 -3 0 1 0 0 0.01
 3 -1 -1 -2  1  2  3  0  0 -3 -3 -2 -1 -2 -3  0 -1 -4 -2 -2 0 1 0 0 0.01
-6 -6 -6 -7  0 -5 -6 -7  1 -5 -5 -6 -1  0 -7 -6 -6  3  9 -3 0 1 0 0 0.01
 2 -2 -2 -3 -2 -2 -2 -1 -3  1  1 -2  2  1 -1  0  0 -3 -1  2 0 1 0 0 0.01
-2 -4 -5 -5 -3 -2 -5 -5 -4  4  2 -4  3  0 -5 -4 -1 -4  0  4 0 1 0 0 0.01
-1 -2 -4 -4 -1 -2 -3 -4 -1  1  3 -2  1  2 -4 -1 -1  0  2  2 0 1 0 0 0.01
-2 -5 -5 -4  1 -4 -4 -5 -5  1 -1 -4 -4 -5  7 -4 -2 -6 -5  0 0 0 1 0 0.01
 0 -1  3  1  1  1  0  3  1 -4 -3 -1 -1 -3 -3  1 -1 -4 -1 -3 0 0 1 0 0.02
 1  0 -2 -2 -1 -1 -1 -1  0  1  0  0  0 -1  1  1  1 -2  0  0 0 0 1 0 0.03
-1 -1  1  2 -3 -1 -1  0 -2 -3 -2 -1 -3 -3 -1  3  3 -4 -3 -1 0 0 1 1 0.06
 1  1  0  0 -3  0  1 -2 -2 -2 -1  1 -1 -2  3  0  0 -3 -1 -1 1 0 0 1 0.07
 0 -1  0  1 -3  1  3  0 -1 -2 -2  1 -1 -2 -1  1  0 -3 -2 -1 1 0 0 1 0.11
 0  1  0  1 -3  2  2  0  0 -3 -2  2 -1 -2  0  0  0 -3 -2 -2 1 0 0 1 0.17
 0 -2 -2 -2 -2 -2 -2 -3 -2  1  2 -2  3  2 -1 -1  2  0 -1  1 1 0 0 0 0.18
 2  1  1  0 -2  1  1 -1  0 -2 -2  2 -1 -2  0  1  0 -3 -1 -1 1 0 0 1 0.20
 2  1  0  1 -2  1  1 -1  0 -3 -2  1 -2 -3 -1  1  0 -3 -1 -2 1 0 0 1 0.23
-1  0 -2 -2 -2 -1  0 -3  1 -1  1 -1  1  3 -1 -1 -1  0  4 -1 1 0 0 0 0.24
 3  0 -2 -1  0 -1 -1 -1 -2 -1  0  0 -1 -2 -2  0  0 -2 -2  1 1 0 0 0 0.23
 1  1  0  0 -1  2  1 -1  0 -2 -1  2  0 -1 -1  0  0 -2 -2 -1 1 0 0 1 0.20
 1  1  0  1 -2  1  0  0 -1 -2 -1  2 -1 -1 -1  0  0 -2  0 -1 1 0 0 1 0.22
 0  0 -1 -1 -1  0 -1 -1  0  0  1 -1  0  1  0  0  0 -1  1  0 1 0 0 0 0.19
 0  1  0  0 -1  0  0  0  0 -1  0  1 -1 -1  0  0  0 -1  0 -1 0 0 1 1 0.16
 1  0  0  0 -1  1  1  0 -1 -1 -1  1 -1 -1  0  1  0  2 -1 -1 0 0 1 1 0.12
 0  0  2  1 -2  0  1  0  0 -1 -1  1 -1 -1  0  0  0 -2 -1 -1 0 0 1 1 0.07
 0  0  2  0 -2  1  0  0  0 -1 -1  1  0 -1  1  0  0 -1 -1 -1 0 0 1 1 0.05
 0 -1  1  0 -3  1  0  0 -1 -2 -2  1 -1 -2  4  1  0 -1 -2 -2 0 0 1 1 0.03
 0 -1  1  1 -2  1  0  0 -1  0 -1  0 -2 -2  3  0  0  3 -2 -1 0 0 1 1 0.02
-2 -3 -4 -4 -4 -4 -3 -4 -2  3  1 -3 -2  3 -3 -4 -3  2  5  3 0 1 0 0 0.01
-2  2 -1  0 -4  2  3 -3  0 -2 -3  3 -2 -3 -2  0  3 -4 -3 -2 0 1 0 1 0.01
-2 -3 -5 -4 -4 -5 -5 -6 -6  5  0 -5 -2 -2 -3 -4 -2 -5 -4  5 0 1 0 0 0.01
-2 -4 -5 -6 -2 -3 -3 -4 -3  3  5 -3  0 -3 -4 -3 -2 -2 -2  2 0 1 0 0 0.01
 2  3 -2 -2 -2  3  0 -3  1 -3 -3  1  0 -2 -4  1 -1  0 -2 -2 0 1 0 1 0.01
-2  0  7 -1 -1  3 -3 -3 -1 -6 -3  2 -3 -6 -5 -2 -4 -6 -5 -5 0 0 1 1 0.01
-4 -2  3  6 -3 -1 -1 -3 -4 -5 -5 -4 -5 -6 -4  1  3 -2 -5 -5 0 0 1 1 0.01
 1  0  1  3 -4  1  1  0  0 -3 -3  1 -2 -4  1  1  0 -4 -2 -2 0 0 1 1 0.01
 0  0  2  3 -4  1  1 -1 -1 -1 -2  1 -1 -3 -3  1  1 -4 -2  0 0 0 1 1 0.01
 3 -1 -4 -5  1 -2 -4 -4 -4  2  1 -4  2  1 -4 -1 -1 -2 -2  4 0 1 0 0 0.01
-4 -4 -4 -3 -7  7 -3 -3  8 -4 -6 -4 -5 -6 -6 -1 -3 -6 -4 -6 0 1 0 0 0.01
 5 -4 -5 -6 -4 -5 -5 -1 -6  4 -3 -5 -2 -3 -5 -2 -2 -6 -5  2 0 1 0 0 0.01
 0 -6 -6 -7 -5 -6 -6 -4 -7  3 -1 -6 -3 -4 -6 -5 -2 -6 -5  6 0 1 0 0 0.01
-1  3 -1 -3 -2  0  0 -3  1 -2 -2  3 -1  0 -4 -1 -1  0  4 -2 0 1 0 0 0.01
-3 -2  1  4 -3 -1  0 -2  4 -3 -3 -1 -3  1 -3  1 -2 -2  1  0 0 0 1 0 0.01
 1  1  2  0 -3  1  0  0  0 -2 -1  2 -1 -3  1  0  0 -4 -3 -1 0 0 1 1 0.01
 0  0  0  1 -3  0  1  1 -2 -1 -1  1 -2 -3  0  1  1 -2 -3 -1 0 0 1 1 0.01
 0 -2  0  1 -3  1  0  1  1 -3  2  0 -2 -2 -3  2  2 -4 -3 -2 0 0 1 1 0.01
-2 -2  3  0 -5  1 -1  4  2 -4 -4  2 -4 -5 -4  0 -1 -5 -4 -1 0 0 1 1 0.01
-2 -1 -4 -4 -2  1 -2 -5 -4  3  2 -1  1 -1 -4 -2  2  2 -2  2 0 1 0 0 0.01
 0 -3 -4 -5 -1 -4 -2 -5 -1  1  1 -4  0  0 -4 -2  4  5  2  2 0 1 0 0 0.01
 3 -2 -3 -3 -1  2 -1  4 -2 -4 -3 -3  3 -3 -4  0 -1  0  0 -4 0 1 0 0 0.01
 2 -5 -5 -5  0 -4 -5 -2 -3  2  0 -4  1  1 -5 -3 -2 -2  5  3 0 1 0 0 0.01
 3 -4  5 -4 -4 -4 -4 -4 -2  0 -3 -4 -3 -3 -5  0 -1 -6 -5  4 0 1 0 0 0.01
-2 -5 -3 -6  0 -5 -6 -6 -2  0  0 -1 -2  8 -6 -4 -3 -3  1  1 0 1 0 0 0.01
-5 -3 -6 -7 -6 -5 -6 -6  1 -5 -4 -4 -3  6 -7 -2 -5  9  5 -3 0 1 0 0 0.01
 0  0  2  2 -2  2  3 -2  0 -4 -4  2 -3 -4  0  0  0 -5 -4 -4 0 1 0 0 0.01
 3 -2  0  1 -4 -2  0  0 -4 -3 -4  0 -3 -5  4  1  0 -5 -4 -2 0 0 1 1 0.01
 1 -3  0 -1 -3  0 -2  5 -4 -4 -3  0 -3 -3 -2 -1  1 -4 -1 -1 0 0 1 1 0.01
 1  0  0 -2 -4  2  1 -2 -2 -3 -2  1 -2 -4  0  2  3  0 -3 -1 0 0 1 1 0.02
 0 -2 -1 -3 -1 -1 -1 -2 -1  2  2 -1  0  1  0 -1  0 -3 -1  2 0 0 1 0 0.02
 0  0  1  2 -2  0  1  0 -1 -2 -2  0 -3 -3  1  1  2 -4 -2 -2 0 0 1 1 0.03
 0 -1  0  3 -3 -1  1  2  1  0 -1 -1 -1 -1 -1  0 -1 -2 -3  0 0 0 1 1 0.03
 0 -1  1  1 -4  0  0  4 -3 -3 -3  0 -3 -4 -1  0  1 -4 -3 -3 0 0 1 1 0.03
-1  0  0  0 -2 -1 -1  2 -1 -1  1  0 -1  0  1 -1 -1  1  0  0 0 1 0 0 0.03
-1 -1 -1 -2 -3  0 -1 -3 -1  2  2 -1 -1  0 -1 -2  1 -2 -2  3 0 1 0 0 0.03
-2 -2 -3 -3 -1 -1  0 -4 -3  3  2 -1  0  1 -4 -2  0 -3  0  2 0 1 0 0 0.04
 1  0 -1 -2 -3  0  1 -1 -1 -3 -3  1 -2 -4 -3  3  3 -2 -3 -1 0 1 0 1 0.03
 2 -4 -2 -3  1 -3 -3 -4 -2  1 -1 -1  0 -3 -3  1  0 -5 -2  4 0 1 0 0 0.03
-1 -3  3  5 -5 -2  0 -2  0 -4 -4 -1 -3 -5 -1  2  0 -6 -3 -4 0 0 1 1 0.02
 2  1  0 -1 -4  3  0  0  0 -2 -4  3 -3 -5 -2  0  2 -5 -4 -3 0 0 1 1 0.02
 1 -2 -3 -4 -5 -2  0  0 -5 -4 -4  1 -2 -6  7  0 -2 -6 -6 -2 0 0 1 0 0.02
 3 -5 -5 -5  7 -5 -5  2 -5 -1 -2 -5  3 -5 -5  1 -1 -5 -4  0 0 1 0 0 0.01
 0 -4 -2 -4 -1 -1 -4 -3 -4  3  2 -3  3  0 -4  2  0 -4 -3  2 0 1 0 0 0.01
-1 -5 -6 -6 -4 -5 -5 -6 -5  2  2 -5  1  1 -5 -5 -3 -4  4  5 0 1 0 0 0.01
-2 -4 -5 -6 -2  0 -4 -6 -5  3  3 -4  7 -2 -5 -3 -1 -5  0  0 0 1 0 0 0.01
-1 -1 -4 -5 -1 -3 -2 -4 -4  3  2 -1  1  0 -4 -3  1 -1  1  3 0 1 0 0 0.01
-2  4 -2  0 -5  2  2 -2  2 -4 -4  4 -4 -5 -4 -1 -2 -1 -3 -3 0 1 0 1 0.01
-1  2  0  0 -2  2  2 -2 -1 -2 -2  3  0 -3  0 -1  1 -4 -1 -3 0 0 1 1 0.01
-1  0  1  2 -3  1  2 -1  0 -3 -2  1 -2 -4 -2  1  1 -2 -1 -1 0 0 1 1 0.01
 0 -2  2  3 -5 -1  1  4 -3 -5 -5  2 -3 -5 -1  0 -2 -5 -5 -5 0 0 1 1 0.01
-1  0  3  3 -5 -1 -1  3 -2 -5 -5  1 -2 -5 -3  0  0 -5 -5 -4 0 0 1 1 0.01
-1  2  1 -1 -3  2  1  1  0 -3 -4  2 -3 -3 -3  1  2 -4 -2 -3 0 1 0 1 0.01
-1 -3 -5 -5 -1 -3 -4 -3 -3  2  3 -3  1  1 -2 -3 -3  4  4  2 0 1 0 0 0.01
-1  1  0  0 -2  1  2 -3  1  0 -1  1 -2 -3 -3  0  2  0 -2  0 0 1 0 0 0.01
-3 -5 -6 -6  2 -3 -5 -6 -5  4  4 -5  2  0 -5 -5 -4 -5 -2  3 0 1 0 0 0.01
 3 -2 -2 -3  0 -2 -3 -2  1 -3 -4 -2 -4 -3 -4  4  3  2 -1 -3 0 1 0 0 0.01
 0 -5 -6 -6  0 -5 -5 -4 -5  3  0 -5  1  2 -5 -3 -3 -5 -1  5 0 1 0 0 0.01
 3 -3 -2 -4  4 -3 -4 -4 -4 -4 -4 -4 -2 -3 -4  5 -1 -5  2  1 0 1 0 0 0.01
-2 -5  4  7 -7  0  1 -4 -2 -6 -6 -3 -6 -7 -5 -2  0 -7 -4 -5 0 0 1 0 0.02
-2 -7 -4 -6 -7 -6 -6 -4 -7 -7 -5 -6 -7 -8  9 -6 -6 -8 -8 -7 0 0 1 0 0.03
-1 -1  1  3 -1 -1  1 -1 -1 -2 -2 -1 -1 -4 -1  0  4 -4 -3 -3 0 0 1 1 0.05
-2  0 -3 -2 -3  5 -2 -4  0 -1  3 -2  3 -1 -2 -1 -1 -3 -2 -1 0 0 1 0 0.09
 0  1  3 -1 -1  0 -1 -1  0 -2 -2  2 -2 -2 -2  1  2 -3 -2 -2 0 0 1 1 0.17
-1 -1  0 -2 -2  2 -1 -1 -1  1  2 -1  1  1 -1 -1 -1  1 -1  0 0 0 1 0 0.21
 0 -2 -1 -1 -3  0  0 -1 -1 -2 -2 -1 -1 -2 -1  2  4 -1  3 -1 0 0 1 1 0.27
 0  2  0  0 -1  1  1 -2 -1 -1 -1  1 -1 -2 -1  0  1 -1 -1 -1 0 0 1 1 0.28
 0  0  1 -1 -2  1 -1  2 -2 -1 -1  1  0 -2 -1  1  0 -2 -1  0 0 0 1 1 0.29
 0  1  0  1 -3  1  1 -1 -2 -3 -2  2 -1 -3  1  1  1 -3 -2 -2 0 0 1 1 0.26
 1 -2 -1  0 -2 -1  0 -1 -2  0  0 -1 -1 -2  3  0  0  1  0  1 0 0 1 1 0.22
 1 -1  0  0 -1 -1  0  0 -1 -1 -1  0 -2 -1  1  3  1 -3 -2  0 0 0 1 1 0.25
 0  2 -1 -1 -1  0 -1 -1  0  1  0  0  0 -2 -1  1  0  0 -2  1 0 0 1 1 0.26
 0 -2  0  1 -1 -1  2  0 -2 -2 -2  1 -2 -2  4  0  1 -3 -2 -2 0 0 1 1 0.27
-1  0 -1 -2 -2 -1 -2 -1  0  3  1  0  1 -2 -2 -1  0 -3 -2  2 0 1 0 0 0.19
-1  0 -1 -2 -3  1  0 -2 -1  0 -2  0 -2 -2  3  1  3 -3 -2 -1 0 1 0 1 0.13
-1 -2 -2 -3 -2 -2 -3 -3 -2  3  2  0  2  0 -2 -1 -1  0  0  3 0 1 0 0 0.10
-1  1  2  1 -2  2  1 -3 -1 -2 -3  1 -2 -4 -1  1  3 -1 -3  0 0 1 0 1 0.07
-2 -1 -3 -4 -3 -2 -2 -3 -4  3  2 -2  0  2 -4 -2 -2 -3  1  3 0 1 0 0 0.06
 0 -1  0 -2 -1 -1  2 -2 -1 -1 -1  0 -1 -2  0  1  4 -4 -3  0 0 1 0 1 0.05
-2 -2 -4 -4 -3 -2 -3 -4 -4  3  4 -1  0  0 -3 -2 -2 -1 -1  2 0 1 0 0 0.04
-1  1  3  2 -4 -1  1  0  0 -3 -3  3 -3 -4  0  0  0 -4 -3 -3 0 0 1 1 0.04
-2 -1 -2  1 -5 -2 -3  6 -2 -5 -4 -1 -5 -5 -1 -2 -4 -5 -5 -5 0 0 1 1 0.05
 0  3 -2 -1 -2  1  1 -2  0  0 -1  2 -1 -1  1  0  0 -3  1 -1 0 0 1 1 0.06
-1 -3 -2 -2 -3 -2 -3 -3 -3  0 -1 -2 -2  0 -4 -1 -1  9  4  0 0 1 0 0 0.07
-1  1  1 -1 -1  3  1 -3  1 -2 -3  2 -2 -3 -1  1  1 -3  0 -1 0 1 0 1 0.08
 0 -1 -1 -2 -2 -2 -3 -2 -3  1  2 -2  0 -1  0  0  0 -3 -2  3 0 1 0 0 0.11
 2 -1 -1 -1 -1 -1  0 -1 -2  0  0  1  0 -1 -1  1  1 -3 -2  1 0 1 0 1 0.13
 1 -1  0  3 -3  1  2  0 -1 -1 -3  0 -1 -3 -1  2  1 -4 -3 -1 0 0 1 1 0.15
 1 -2  1  1 -3  1  1 -1  0 -2 -2  1 -1 -3  3  0  2 -3 -2 -1 0 0 1 1 0.17
-1 -2  4  4 -4 -1  0 -1  0 -2 -3 -2  0 -3  2  1 -1 -4 -1 -2 0 0 1 1 0.18
 0 -2  0  3 -3  0  2 -1 -1 -1 -3  1 -2 -2  3  1 -1 -4 -1 -2 0 0 1 1 0.17
 0  0  2 -1  1  0  1  3  0 -1 -3  0 -2 -2 -1  1  1 -4 -2 -2 0 0 1 1 0.19
 0  0 -2 -2 -1 -3 -3 -3 -4  3  0 -1 -2 -3 -4 -2 -1 -5 -3  5 0 1 0 0 0.17
-1  2 -1  0 -3  0  1 -2  0  0  0  2 -1 -3 -3  1  2 -4 -3  0 0 1 0 1 0.16
-1 -4 -3 -4  0 -2 -4 -3  0  2  1 -2  0 -1 -3 -1  0 -3  2  4 0 1 0 0 0.16
 0  0  1  1 -1  0  1 -2 -1  0  0  0 -1 -2 -1  2  2 -4 -3 -1 0 1 0 1 0.16
 1  1  0 -1 -2  2  0  0  1 -1 -2  0 -1 -2 -1  1  0 -3  1  0 0 1 0 1 0.16
 1  0  1  3 -3  1  1 -2  1 -3 -3  1 -1 -4 -2  1  2 -4 -2 -2 0 0 1 1 0.12
 0 -2  2  2 -4 -1  0  4 -1 -5 -4  0 -4 -4  0  1  0 -5 -4 -3 0 0 1 1 0.11
 0  1  2  2 -1 -1  1  3 -2 -4 -4  1 -3 -3  0  0  0 -4 -4 -3 0 0 1 1 0.06
-1  1  2 -2 -1  1  0  1  1 -2 -3  2 -3 -2 -3  1  2 -4 -3 -2 0 1 0 1 0.04
-2 -4 -3 -4  0 -1 -4 -4 -4  0  0 -2 -2  0 -4 -1  6 -1 -4  0 0 1 0 0 0.03
 0  2 -1 -2 -1  0  1 -3 -1  1  0  0 -1 -1 -2  0  2 -3 -1  1 0 1 0 1 0.02
-3 -5 -6 -6 -4 -5 -5 -6 -5  4  4 -5 -1  1 -5 -5 -3 -4 -1  3 0 1 0 0 0.01
-1  3  1  1 -1 -1  1 -3 -1 -1 -3  0 -2 -4 -3  1  4 -4 -2 -1 0 1 0 1 0.01
-2 -5 -5 -6  1 -5 -5 -6 -2  3  1 -5  0  5 -5 -4 -2 -3 -1  4 0 1 0 0 0.01
-1  0  3  2 -3 -2  0 -2 -1 -2 -2 -1 -2 -1 -1  1  4 -4 -3 -2 0 1 0 1 0.01
-2 -4  1 -3  7 -3 -3 -2 -4 -1  1 -4  1 -2 -4  0  4 -4 -4  0 0 1 0 0 0.01
 1  2 -2 -1 -3  2 -1 -3  1 -2 -1  3 -2 -2 -2  0  0 -3  2 -1 0 0 1 1 0.01
 1  0  1  4 -4  1  1 -1  4 -3 -3 -1 -3  0 -3 -1 -2 -4  1 -3 0 0 1 1 0.01
 1 -5 -4 -4 -5 -5 -5  7 -5 -6 -6 -4 -5 -6 -5 -1 -3 -6 -3 -6 0 0 1 1 0.02
 1  2 -2 -2 -3  3  0 -3 -1  0  1  2  2 -1 -3  0 -2 -4 -3 -1 0 0 1 1 0.02
-1 -4 -1 -3 -4 -3 -1  0 -4 -4 -5 -3 -4 -5  5  4  2 -5 -5 -1 0 0 1 1 0.02
-1  0 -3 -3 -3  2 -2 -3  0  2  0  0 -1  2 -2 -1 -2 -2  4  2 0 1 0 0 0.03
-1  0  0  1 -4  2  3 -3  0 -3 -3  0 -1 -3 -3  1  2 -4  1 -1 0 1 0 1 0.04
 0 -4 -5 -5  0 -4 -5 -5 -4  4  1 -4  1  4 -4 -3 -1 -3 -1  3 0 1 0 0 0.03
 0  1  1 -1 -3  2  2 -2  0 -1 -2  2 -2 -4 -1  0  3 -4 -3 -1 0 1 0 1 0.04
-4 -5 -6 -6 -4 -5 -6 -6 -6  1  6 -5 -1 -1 -6 -5 -4 -4 -4  1 0 1 0 0 0.06
-2  2  1 -2 -3  2  1 -2 -2  0 -3  3 -2 -4 -1  2  1 -4 -3 -1 0 1 0 1 0.10
-2  2 -3 -3 -5 -1 -2 -4 -3 -2 -2  6 -3 -4  3 -2 -3 -5 -1 -1 0 0 1 1 0.12
-1 -3 -1  0 -2 -2 -2 -3 -3  2  2 -2  3 -1 -3 -1 -1 -3 -2  3 0 0 1 1 0.23
-1 -3 -3 -2 -4 -2 -2 -3 -3 -4 -4 -2 -3 -4  8 -1 -2 -4 -4 -3 0 0 1 1 0.37
