-3 -3 -4 -5 -3 -2 -4 -4 -3  1  1 -3  8 -1 -4 -3 -2  7 -2 -1 0 0 1 1 0.81
 1 -3  1 -3 -2 -2 -3 -3 -3  2  2 -2  5 -1 -3  0 -1 -3 -2  1 1 0 0 1 0.75
 2 -2  0  3 -3  0  2 -2 -2 -3 -2 -1 -3 -4 -1  3  0  0 -3 -2 1 0 0 1 0.70
-1 -3  0  0 -3 -2 -1 -2  0 -3 -2 -2 -2  4 -1  0  2  7  3 -2 1 0 0 0 0.59
-2 -3 -3 -1 -3 -3  0 -4 -3  1  1 -3  3  6 -3 -3  0 -1  2  0 1 0 0 0 0.59
-1 -3 -2 -4 -2 -2 -3 -4 -3  2  2 -3  3  4 -4 -1 -1 -2  0  1 1 0 0 0 0.55
 2 -1 -1 -1  2  0  1  0 -1 -1 -1 -1  1 -2 -2  1  1 -1 -1  0 1 0 0 1 0.40
-1 -2  2  1 -3  1  2 -2 -1 -1 -1 -1 -1 -2  2  0  1 -2 -2 -1 0 0 1 1 0.46
-1 -1  3  0 -3  0  0  0  1 -1 -2  0 -1  0  0  0  1 -3  1 -1 0 0 1 1 0.41
-1 -2 -1 -2 -3 -2 -2  2 -3 -1  0 -2  1  1 -1  1  1  6 -1 -2 0 0 1 0 0.33
 3 -3 -3 -3 -3 -2 -3  5 -3 -2 -4 -3 -3 -4  3 -1 -1 -4 -4 -2 0 0 1 0 0.18
 0 -3 -2 -3 -3  0 -1 -2 -1  1  0 -2  1  0  5 -1 -1 -1  2  0 1 0 0 0 0.12
 1 -4 -3 -4 -2 -4 -4 -1 -3  1  1 -4  3  6 -4 -2 -2 -2  0  1 1 0 0 0 0.09
-3 -5 -5 -6 -2 -4 -5 -5 -4  0  3 -5  1  6 -5 -4 -4  7  2 -1 1 0 0 0 0.07
 4 -3 -3 -2 -1 -3 -3  5 -4 -4 -4 -3 -4 -5 -3  0 -1 -5 -4 -2 1 0 0 0 0.06
 1 -3 -1 -3 -1 -2 -3 -1 -2  0  0 -3  3  3 -2  0 -1  3  3  1 1 0 0 0 0.07
 0 -4 -4 -5 -2 -3 -4 -4 -4  3  3 -4  5  1 -4 -2 -1 -3 -2  1 1 0 0 1 0.07
 0 -5 -3 -2 -5 -4 -4  7 -5 -6 -6 -4 -5 -5 -5 -2 -4 -5 -2 -5 1 0 0 0 0.05
 3 -4 -4 -3  4 -3 -3 -2 -4  3  0 -3  0 -3 -1 -2 -1 -4 -3  2 1 0 0 0 0.05
 5 -3 -3 -4 -1 -3 -3  2 -3 -3 -3 -3 -2 -1 -3  0  0 -4  0  0 1 0 0 0 0.05
 2 -3 -3 -4  2 -3 -3 -1 -3  2  3 -3  1  1 -3  1  0 -3 -2  1 1 0 0 0 0.05
 5 -3 -3 -3  3 -3 -1 -1 -3 -3 -3 -3  1 -4  0  2 -1 -5 -4 -1 1 0 0 0 0.05
-1 -4 -4 -4 -1 -3 -3 -4 -4  4  2 -3  4 -1 -3 -2  1 -4 -3  3 1 0 0 0 0.05
 1 -3 -3 -3 -2 -3 -3  3 -3  2 -1 -3  0  1 -2 -1 -1 -3 -2  2 1 0 0 0 0.05
-3 -4 -5 -5  0 -4 -5 -4 -4  0  4 -5  1  5 -4 -4 -3 -2 -1  0 1 0 0 1 0.03
 3 -3 -2 -2  1 -2 -3  2 -3 -4 -4 -2 -3 -4 -2  4  2 -5 -4 -3 1 0 0 0 0.03
 2 -3  1 -3  4 -3 -3  3 -3 -1 -2 -3 -1 -3 -3  0  0 -4 -2  2 1 0 0 0 0.02
-1 -4 -4 -5 -1 -3 -4 -4 -4  4  2 -4  4  2 -3 -3 -1  0  0  2 1 0 0 0 0.02
-1 -3 -3 -4 -5 -4 -5  7 -5 -6 -6 -4 -5 -6 -5 -3 -4 -5 -6 -6 1 0 0 0 0.01
 5 -3 -3 -4 -2 -3 -3 -2 -4 -4 -4 -3 -4 -5 -2  4 -1 -5 -4 -2 1 0 0 0 0.01
 6 -4 -3 -4  2 -3 -3  2 -4 -2 -4 -3 -2 -5 -3  1 -1 -5 -4 -2 1 0 0 0 0.01
-3 -1 -5 -5 -3 -3 -2 -5 -2  3 -1 -1  0  1 -5 -4 -2  7  7 -1 1 0 0 1 0.01
 0 -4 -2 -4 -5 -4 -5  7 -5 -6 -6 -4 -5 -6 -5 -3 -4 -5 -6 -6 1 0 0 0 0.01
-1 -4 -3 -4  3 -1 -1 -4 -4  3 -1 -3  1 -3 -4 -1  5 -4 -3  2 1 0 0 0 0.02
 3 -2 -2 -3 -2 -2 -3  3 -2 -3 -2 -2 -2  1 -3  0  0  2  0 -1 1 0 0 0 0.02
-2  0 -2 -3 -3 -1 -2 -4  1  4  0  4  1 -2 -2 -1  0 -4  0  0 1 0 0 1 0.03
 4 -3 -2 -3  1 -3 -3 -1 -3 -2 -3 -3 -3 -4 -2  3  2 -5 -4  0 1 0 0 0 0.05
 2 -4 -2 -4 -4 -4 -4  7 -4 -5 -5 -4 -5 -5 -4 -1 -3 -5 -5 -5 1 0 0 0 0.06
 0 -1  0 -1 -2  2  1 -1 -2  2 -1 -1  0 -3 -1  2  1 -3 -2  2 1 0 0 1 0.08
 4 -3 -1 -3 -3 -3 -2  4 -3 -3 -4 -3 -3 -2 -3  2 -1 -4 -4 -2 1 0 0 0 0.09
 3 -4 -3 -4 -2 -3 -3  0 -4  4  0 -3 -1 -3 -3  0  0 -4 -3  1 1 0 0 0 0.12
 3 -3 -2 -3  3 -2 -2 -1  0  2  0 -3  0  0 -3  2 -1 -3 -2  1 1 0 0 0 0.14
 2 -2 -2 -3 -2 -1 -2  5 -1  0 -4 -2 -3 -4 -4  1 -2 -4 -3 -3 1 0 0 1 0.17
 3 -3 -3 -4 -1 -3 -3  0 -3  0  1 -2  4 -2 -3  0  0 -4 -3  2 1 0 0 0 0.19
 0 -3 -2 -3  2 -3 -3  4 -3  0  0 -3  4 -1 -3  0 -1  1 -3  0 1 0 0 0 0.13
 1 -2 -2 -3 -1 -2 -1 -2 -3  2  0  1  0 -3 -2  1  2 -4 -3  3 0 0 1 0 0.17
-2  2 -1  0 -3  1  3 -3 -1 -1  0  2  3  0 -3 -1 -2 -1 -2 -2 0 0 1 1 0.13
 0  4  2  2 -2  1  0 -2  1 -2 -3  2 -2 -3 -2  0  0 -2 -2 -1 0 0 1 0 0.12
-2 -1 -2  0 -5 -3  0 -3 -1 -4 -4 -2 -4 -5  8 -1 -2 -5 -4 -4 1 0 0 0 0.09
 0  2  0  3 -3  1  3 -1 -1 -4 -4  1 -3 -4 -2  1  0 -4 -3 -3 1 0 0 1 0.08
 0  1 -1 -2 -2  0 -2  0 -2  2  2  1  1 -1  0 -1 -1 -3 -2  0 1 0 0 0 0.07
-2  0 -3 -4 -3 -3 -3 -3  1  2  1 -1  2  5 -4 -2  0 -1  2  1 1 0 0 0 0.04
 0 -1 -2 -3 -3 -2 -3  4 -3  0 -1 -1  5 -2 -2  1  1 -1 -2  0 1 0 0 1 0.04
-2  2  1  1 -4  3  0 -2 -2 -3 -2  5 -2 -4  0  0 -1 -4 -2 -3 1 0 0 1 0.03
 0  0  3 -1  2 -1 -2 -1 -1 -1 -1 -1  0  0 -2  2  2 -2  1  0 1 0 0 0 0.02
-2 -3 -3 -4 -1 -3 -3 -4 -3  3  3 -3  2  0 -3 -2  0  3  0  1 1 0 0 0 0.02
-1 -4 -4 -4 -2 -3 -4  0 -3  4  1 -3  1  1 -4 -3 -1 -3  0  3 1 0 0 1 0.02
-1 -2 -2 -1  0 -2 -2 -2 -2  0  1 -1  0  1  4  0 -1 -2  0  0 1 0 0 0 0.02
 1 -2 -2 -2 -1  1  0 -2 -2  2  0 -1  1 -2  1  1  0 -3 -2  3 1 0 0 0 0.03
 2 -3 -3 -3 -2 -2 -3  0 -3  3  1 -2  1 -2 -2 -1  0 -3 -2  3 1 0 0 1 0.03
-1 -2 -2 -3 -2 -1 -3 -3 -2  1  2 -2  6  3 -3 -2 -2 -2 -1  0 1 0 0 0 0.02
 3 -2 -2 -2  4 -2 -2 -1 -3 -2 -2 -2 -2 -3  5  1 -1 -3 -3  0 1 0 0 0 0.02
 0  0 -1 -1 -3  0  2  4 -2 -3 -2 -1  0 -3 -2  1 -1 -3 -3 -2 1 0 0 0 0.02
 1 -2  0 -2 -1 -2 -2 -1 -2  2 -1 -2 -1 -2 -2  1  3 -3 -2  2 1 0 0 1 0.02
-1 -1 -1 -2 -2  4  0 -3 -2  2  2 -1  1 -1 -2 -2 -1 -3 -2  1 1 0 0 0 0.02
 3 -2 -1 -2 -2 -2 -2  3 -2 -1 -1 -2 -1 -1 -2  1  0 -3 -2 -1 1 0 0 0 0.02
-2 -3 -4 -4 -2 -3 -3 -4 -3  4  2 -3  2  1 -3 -3 -1 -2 -1  2 1 0 0 1 0.01
-2 -3 -3 -4  1 -2 -3 -4  1 -2 -1 -3  0  3 -4 -1 -2  1  8 -2 1 0 0 0 0.01
 1 -3 -1 -2 -3 -2 -3  6 -3 -3 -4 -2 -3 -4 -3  1 -2 -3 -3 -1 1 0 0 0 0.01
-2 -2  1 -3 -2 -2 -3 -3 -2  1  2 -2  2  4 -3 -2  0 -1  2  1 1 0 0 0 0.02
 1 -2 -2 -3 -2 -2 -2  1 -3  2  1 -2  3 -1 -2  1 -1 -3 -2  1 1 0 0 1 0.02
-1 -3 -2 -4  0 -1 -3 -1 -3  3  1 -3  3 -1 -3  0  0 -3 -1  3 1 0 0 0 0.02
 3 -3 -3 -3  1 -2 -3  1 -3 -2  0 -3  4  0  0  1 -1  2  0 -1 1 0 0 0 0.02
-1 -3  0 -1 -3  0 -1 -4 -3  3  0 -1  1  4 -4 -3 -1 -3  0  2 1 0 0 1 0.02
-1 -1 -1 -3 -3 -1 -2 -2 -3  2  1 -1  1  1  2 -1 -1  2  0  2 1 0 0 0 0.03
 0 -2 -2 -2  3  1 -2  0 -2  1  0 -2  2  1 -2  0  1 -2  2  1 1 0 0 0 0.03
 1 -1  0 -3  1  1 -1 -1 -2  0  0 -1  2  1 -3  1  0  2  0  0 1 0 0 0 0.04
 0  0  0  0 -3  1  0  0  1  0 -1  0  1  0  1  0  0 -2  1  0 0 0 1 1 0.05
 0  0  0  0 -2  1  0  0 -1  0  0  0  1  1 -2  0  0 -2  1  0 0 0 1 1 0.06
 0  0  0  0  2  0  0  0 -2  0  0 -1  1  1  1  0  0 -2  1  0 0 0 1 0 0.06
 0  0  1  0 -3  1  0  0  2  0 -1  0  1 -2  1  0  0 -3  1  0 0 0 1 1 0.06
 0  0  0  1 -3  1  0  0  0 -1 -2  0  0 -3  2  1  0  2  0 -1 0 0 1 1 0.06
 0  0  0  0 -3  1  0  0  1  0 -1  0  1  0  1  0  0 -2  1  0 0 0 1 1 0.06
 0 -1  0  0  1  0 -1 -1 -2  0 -1 -1  1  0  0  0  0  2  4  0 0 0 1 0 0.06
 0  0  1  0 -3  1  0  0  2 -2 -1  0  1  0  1  0  0 -2  1 -1 0 0 1 1 0.04
-1 -1 -1 -1 -3 -1 -1 -2  0  1  1 -1  2  0  0 -1  0  3  1  1 1 0 0 0 0.04
-1  0  0  0 -3  0  0 -1  2  0 -1  0  1  0  0  0  0  3  1  0 1 0 0 0 0.03
 0  0  1  0 -2  1  0  0  2  0 -1  0  1 -2  1  0  0 -3 -2  0 1 0 0 1 0.02
 1 -2 -1 -2  0 -3 -3  6 -4 -4 -2 -3 -4 -4  0  1 -3 -4 -2 -2 1 0 0 0 0.02
-1 -4 -2 -3 -1 -2 -4 -2  0  0  2 -4  1  4 -2 -2 -2  3  5 -1 1 0 0 0 0.01
 2 -2 -1 -3  0 -1 -2  1 -3  1  1 -1  2 -1 -3  0 -1 -3  0  1 1 0 0 0 0.01
-1 -3 -1 -1 -4  1 -3 -2  4  1  1 -3  2  1 -4 -2 -2 -3  4  0 1 0 0 0 0.01
 1 -3 -3 -3  4 -2 -3  1 -3  2  1 -3  2  2 -3 -2 -1 -2 -1  1 1 0 0 0 0.01
 3 -3 -2 -3  0 -3 -3  4 -3 -2 -2 -3  0  1 -3  1 -1  4 -2 -2 1 0 0 0 0.01
 4 -3 -3 -3  1 -2 -3  0 -3  1  0 -1  0 -3 -3  1 -1 -1 -3  0 1 0 0 0 0.01
 2 -2  0 -3  4 -3 -4  6 -4 -5 -4 -3 -4 -5 -4  0 -3 -5 -5 -4 1 0 0 0 0.01
-2 -4 -5 -5 -1 -4 -5 -3 -5  3  5 -4  2  0 -5 -3 -2 -4 -3  1 1 0 0 0 0.01
 3 -2 -3 -3  2 -2 -3 -2 -3 -1  0 -2 -1 -1  3  1  1 -4 -3  0 1 0 0 0 0.01
 0 -4 -3 -4  4 -2 -4 -2 -4  3  0 -3  2 -2 -4  0  0 -4 -3  4 1 0 0 0 0.01
 1 -4 -3 -3 -4 -4 -4  6 -4 -5 -5 -3  0 -1 -4 -2 -2 -4 -4 -4 1 0 0 0 0.01
-1 -3 -4 -4  1 -3 -4 -2 -3  2  4 -3  2  3 -2 -3 -2  0  0  1 1 0 0 1 0.01
 3 -3 -2 -3  4 -2 -2  1 -3 -2 -2 -2  0 -3 -1  2  1 -4 -3  1 1 0 0 0 0.01
 0 -2  2 -2  2 -1  0  4 -2 -1 -1 -2  0 -2 -3  0 -1 -4 -3 -2 1 0 0 0 0.01
-1 -3 -4 -4  0 -3 -4 -2 -3  1  4 -3  3  2 -4 -3 -2  2  1  0 1 0 0 0 0.01
 2 -2 -2 -3 -1 -2 -2  1 -1  1  1 -2  0  2 -2  0 -1  0  0  1 1 0 0 1 0.01
 3 -3 -1 -3  5 -3 -3 -1 -3 -4 -4 -3 -3 -2 -2  5  0 -5 -4 -3 1 0 0 0 0.01
 4 -4 -3 -2 -4 -4 -4  6 -4 -5 -5 -4 -5 -5 -4 -1 -3 -5 -5 -4 1 0 0 0 0.01
-2 -2 -4 -5 -2 -3 -4 -3 -2  4  1 -1  2  2 -4 -3 -2  4  3  2 1 0 0 1 0.01
 4  0 -2 -3  3 -2 -3  0  1 -3 -3 -2 -1 -1 -2  1  0  2  2 -1 1 0 0 0 0.01
-3 -3 -3 -4  0  6  0 -5 -3  4 -2 -2 -1 -4 -4 -2 -2 -5 -4  3 1 0 0 0 0.01
 0 -4 -3 -1 -5 -4 -3  7 -4 -6 -6 -2 -5 -5 -4 -1 -4 -5 -3 -5 1 0 0 0 0.01
-1  1 -1 -3 -2  1  0 -3 -1  4 -1  2  0 -1 -2 -2 -2 -4 -2  1 1 0 0 1 0.01
 2 -4 -2 -4  3 -3 -3 -2 -4  2 -1 -3  0 -2 -2 -1  1 -4 -3  4 1 0 0 0 0.01
 2 -1 -3 -3  5 -3 -2  5 -4 -4 -3 -2 -3 -4 -3  1 -2 -4 -4 -2 1 0 0 0 0.01
 3 -3 -1  3 -3 -1 -1 -1 -3 -3 -4 -1 -3 -4 -1  2  0 -5 -4  0 1 0 0 0 0.02
 4 -1  0 -2 -2 -2 -1  1 -3 -2 -4 -2 -2 -4 -2  3  0 -4 -2 -2 1 0 0 0 0.02
 3 -4 -3 -4  3 -3 -4  5 -1 -3 -3 -3 -3 -2 -2  0 -2 -4 -4 -3 1 0 0 0 0.03
 1 -4 -4 -5  1 -4 -4 -3 -4  5  0 -2  1 -1 -4 -1 -1 -4 -3  3 1 0 0 0 0.03
 0  4  1  0 -4  2 -1  1  0 -1  0  0 -1 -3 -3 -1 -2 -4 -2 -2 1 0 0 1 0.03
 5 -4 -2 -4 -2 -3 -2  2 -3  2 -1 -3  1 -4 -3  0 -2  0 -3 -1 1 0 0 0 0.04
 0 -3  1  2 -1 -2 -2 -3 -1  1  1 -3  1  1 -3  0  1 -3  1  1 1 0 0 0 0.04
 5 -3 -3 -3 -1 -3 -3  1 -2 -3 -2  0  1 -4  0  1 -1 -5 -4 -1 1 0 0 0 0.04
 0  2 -1 -2 -4  4  3 -2  1 -4 -2  3 -3 -3 -3  0 -1 -4 -2 -3 1 0 0 1 0.03
-2  2  3  2 -3  5 -1 -1 -1 -4 -3  3 -3 -5 -3 -1  0 -5 -3 -4 0 0 1 1 0.03
-1 -3  0 -2 -5 -2  1  0  1 -5 -5 -2 -5 -6  7  1 -2 -6 -3 -5 1 0 0 1 0.03
 0  3  0  1 -4  1  3 -2 -2 -3 -4  3 -3 -5 -2  1 -1 -5 -4 -3 1 0 0 1 0.03
-2 -3 -1 -1 -3  0 -1 -2  1  2  3 -3  1  0 -4 -1 -1 -4 -2  1 1 0 0 1 0.03
-3 -4 -3 -6 -5 -2 -5 -5 -4 -2  0 -5  1  8 -6 -3 -2  0  3 -2 1 0 0 0 0.03
 0 -4 -4 -4 -2 -4 -4  3 -5  0 -2 -4  1 -2 -2 -1  1 -5 -4  4 1 0 0 1 0.02
-1  1  0 -2 -4  1 -2  3 -3 -3 -2  5 -2 -5 -1  0 -1 -5 -4 -2 1 0 0 0 0.02
 1 -3 -1 -4  0 -3 -3  1 -3  1  0 -2  6 -1 -4  1  1 -3  0 -1 1 0 0 0 0.02
-3 -4 -5 -5 -3 -4 -5 -5 -5  4  3 -4  4  0 -5 -4 -2 -4 -2  3 1 0 0 0 0.02
 0 -4 -5 -5 -3 -4 -4 -5 -5  5  3 -4  1  0 -3 -3 -1 -4 -3  3 1 0 0 1 0.02
-2 -4 -4 -4  0 -4 -4 -3 -3  4  2 -4  2  3  0 -2 -2 -3  2  2 1 0 0 0 0.01
 2 -3 -3 -3 -1 -1  1 -3 -3  0  3 -3 -1 -1  0 -1 -1 -4 -3  1 1 0 0 0 0.02
 2 -4 -4 -5 -3 -4 -4  1 -5  5 -1 -4 -2 -3 -4 -2 -2 -5 -4  3 1 0 0 1 0.01
-4 -5 -5 -6 -3 -5 -5 -6 -4  2  2 -5  5  7 -5 -5 -3 -2  2 -1 1 0 0 0 0.02
 3 -4 -3 -4  3 -3 -3  1 -4  0 -1 -3 -1 -3  1  1 -2 -4 -3  3 1 0 0 0 0.02
-3 -3 -3 -2 -6  0  7 -2 -3 -6 -6 -2 -5 -6 -4  1 -3 -6 -5 -5 1 0 0 0 0.02
 2 -3 -2 -3 -2 -3 -3  1 -3  0  0 -3 -1  0 -3  0  3 -4 -3  2 1 0 0 1 0.02
-3 -4 -5 -5 -4 -2 -4 -5 -3  3  3 -4  0  2 -3 -4 -2  1  5  1 1 0 0 0 0.02
 5 -4 -3 -4 -1 -4 -4  5 -4 -2 -4 -4 -4 -5 -4 -1 -2 -5 -5 -2 1 0 0 0 0.02
-4 -5 -6 -6 -4 -5 -5 -6 -6  5  5 -5 -1 -2 -5 -5 -3 -5 -4  2 1 0 0 1 0.02
-4 -5 -5 -6 -5 -5 -5 -6 -2 -1  2 -5 -1  6 -6 -5 -4  1  7 -1 1 0 0 0 0.02
 3 -5 -3 -4 -2 -4 -4  6 -4 -5 -4 -4 -4 -5 -4  0 -2 -5 -5 -1 1 0 0 0 0.02
-4 -5 -6 -6 -4 -4 -5 -6 -5  0  5 -5  3  4 -3 -5 -3 -3 -2  1 1 0 0 0 0.03
-1 -5 -5 -5 -3 -4 -5 -5 -5  6  2 -5  0 -2 -5 -2 -2 -5 -3  4 1 0 0 1 0.05
 0 -4 -5 -5  0 -4 -4 -3 -5  4 -1 -4  1  3 -4 -3 -1 -4 -2  5 1 0 0 0 0.07
 4 -3 -2 -2 -1 -3 -3  3 -4 -4 -4 -3 -3 -4 -2  3  0 -5 -4 -2 1 0 0 0 0.13
-4 -5 -5 -6 -2 -5 -5 -6 -5  5  4 -5  2  3 -5 -4 -3 -3 -1  0 1 0 0 1 0.12
-3 -4 -5 -5 -3 -4 -5 -6 -4  4  4 -4  2  1 -5 -4 -2 -3  1  2 1 0 0 1 0.10
-2 -4 -5 -5 -3 -2 -4 -5 -4  3  4 -4  6 -2 -5 -3 -2 -2 -3  1 1 0 0 0 0.09
 1 -3  2 -3 -2 -1 -2 -2 -2  2  2 -2  2 -1 -3  1  1 -1 -1  1 1 0 0 0 0.13
-1 -2  1 -2 -2  0 -2  2 -2  0  0 -2  1  2 -3  2  2 -3 -1  0 1 0 0 1 0.25
-2  3  3 -2 -4  0 -1  0 -2 -4 -3  4 -3 -1 -3  1 -1 -4 -3 -4 1 0 0 1 0.40
 5 -3 -2 -3 -2 -2 -2 -1 -3 -3 -3 -2 -3 -4 -2  4 -1 -4 -3 -2 0 0 1 1 0.55
