 1 -1  1  0 -1  0  0  0 -1 -3 -3  0 -2 -3 -1  4  1 -3 -2 -2 0 0 1 1 0.94
-2 -1  6  1 -3  0  0 -1  1 -3 -4  0 -2 -3 -2  1  0 -4 -2 -3 0 0 1 1 0.92
-1 -3 -3 -3 -1 -3 -3 -4 -3  3  1 -3  1 -1 -3 -2  0 -3 -1  4 0 0 1 1 0.89
-1  1  0  0 -3  6  2 -2  0 -3 -2  1 -1 -3 -1  0 -1 -2 -2 -2 0 0 1 1 0.87
 0 -1  0 -1 -1 -1 -1 -2 -2 -1 -1 -1 -1 -2 -1  1  5 -3 -2  0 0 0 1 1 0.87
 1 -1  0 -1 -1 -1 -1  3 -1 -3 -3 -1 -2 -3 -1  3  1 -3 -2 -2 0 0 1 1 0.80
 4 -2 -2 -2  0 -1 -1  0 -2 -1 -2 -1 -1 -2 -1  1  0 -3 -2  0 0 0 1 0 0.74
-1  0  0  3 -4  2  5 -2  0 -3 -3  1 -2 -3 -1  0 -1 -3 -2 -3 0 0 1 1 0.66
-2  6 -1 -2 -4  1  0 -2  0 -3 -2  2 -1 -3 -2 -1 -1 -3 -2 -3 0 0 1 0 0.53
-1 -2 -2 -2 -2 -1  1 -3 -2  3  1 -1  3 -1 -2 -2 -1 -2 -1  2 0 1 0 1 0.46
-1 -2 -2 -2 -3 -2 -2 -3 -3  0 -1 -1 -1 -3  7 -1 -1 -4 -3 -1 0 1 0 1 0.32
-1 -1  0 -2 -3  0 -1 -2  7 -1 -2 -1 -1 -1 -2 -1 -1 -3  1  0 0 1 0 1 0.31
-2 -2  1  6 -4  0  2 -1 -1 -3 -4 -1 -3 -4 -2  0 -1 -4 -3 -3 0 1 0 1 0.25
-2 -2 -4 -4 -1 -2 -3 -4 -3  2  4 -3  2  0 -3 -3 -1 -2 -1  1 0 0 1 1 0.20
 1 -1  1  0 -1  0  0  0 -1 -3 -3  0 -2 -3 -1  4  1 -3 -2 -2 0 0 1 1 0.15
-2  0  1 -1 -3  0  0 -2  8 -3 -3 -1 -2 -1 -2 -1 -2 -3  2 -3 0 1 0 1 0.12
-2 -2 -4 -4 -1 -2 -3 -4 -3  2  4 -3  2  0 -3 -3 -1 -2 -1  1 0 1 0 1 0.13
 1 -2 -2 -2 -1 -2 -2  3 -3  1  0 -2  0 -2 -2 -1  0 -3 -2  2 0 1 0 0 0.07
-2 -3 -3 -4 -3 -3 -3 -3 -1  0  0 -3  0  6 -4 -3 -2  1  3 -1 0 1 0 1 0.08
-1 -1 -1  3 -3  1  4 -2 -1 -1  1  0  0 -2 -2 -1 -1 -3 -2 -1 0 1 0 0 0.06
 4 -2 -2 -2  5 -1 -1  0 -2 -1 -2 -1 -1 -2 -1  1  0 -3 -2  0 0 1 0 0 0.05
 0 -2  0 -1 -3 -2 -2  6 -2 -4 -4 -2 -3 -3 -2  0 -2 -3 -3 -3 0 1 0 0 0.06
-1  1  0 -1 -3  3  1 -2  0 -2 -1  3  2 -2 -1  0 -1 -2 -2 -1 0 0 1 0 0.07
-1 -3 -3 -3 -1 -3 -3 -4 -3  4  2 -3  1  0 -3 -3 -1 -3 -1  2 0 0 1 0 0.08
 0 -2  0 -1 -3 -2 -2  6 -2 -4 -4 -2 -3 -3 -2  0 -2 -3 -3 -3 0 0 1 0 0.06
-2  6 -1 -2 -4  1  0 -2  0 -3 -2  2 -1 -3 -2 -1 -1 -3 -2 -3 0 1 0 0 0.07
-2 -2 -4 -4 -1 -2 -3 -4 -3  2  4 -3  2  0 -3 -3 -1 -2 -1  1 0 1 0 0 0.06
-1  1 -1 -1 -3  1  0 -2 -1  1 -1  4  0 -2 -2 -1 -1 -3 -2  0 0 1 0 0 0.06
 0 -1  0 -1 -1 -1 -1 -2 -2  0 -1 -1  0 -2 -1  1  4 -3 -2  1 0 1 0 0 0.06
-1 -3 -3 -3 -1 -3 -3 -4 -3  4  1 -3  1  0 -3 -2 -1 -3 -1  3 0 1 0 0 0.07
 1 -1  1  0 -1  0  0  0 -1 -3 -3  0 -2 -3 -1  4  1 -3 -2 -2 0 1 0 0 0.06
-2 -2 -2 -3 -2 -2 -2 -2 -2 -2 -2 -2 -1  0 -3 -1  2 10  1 -2 0 1 0 1 0.05
 0 -1  0 -1 -1 -1 -1 -2 -2 -1 -1 -1 -1 -2 -1  1  5 -3 -2  0 0 1 0 0 0.05
-1 -2 -2 -2 -3 -1 -1 -2 -2 -3 -3 -1 -3 -4  8 -1 -1 -4 -3 -3 0 1 0 1 0.04
 0 -3 -3 -3 -1 -2 -3 -3 -3  3  1 -2  1 -1 -3 -2  0 -3 -1  4 0 1 0 0 0.03
-1 -3 -3 -3 -1 -3 -3 -4 -3  4  1 -3  1 -1 -3 -2  0 -3 -1  3 0 0 1 1 0.03
 4 -2 -2 -2  0 -1 -1  0 -2 -1 -2 -1 -1 -2 -1  1  0 -3 -2  0 0 0 1 1 0.03
 0 -2  0 -1 -3 -2 -2  6 -2 -4 -4 -2 -3 -3 -2  0 -2 -3 -3 -3 0 0 1 0 0.03
-2 -2  1  6 -4  0  2 -1 -1 -3 -4 -1 -3 -4 -2  0 -1 -4 -3 -3 0 0 1 0 0.03
 1 -1  1  0 -1  0  0  0 -1 -3 -3  0 -2 -3 -1  4  1 -3 -2 -2 0 1 0 0 0.02
-2 -3 -3 -4 -3 -3 -3 -3 -1  0  0 -3  0  6 -4 -2 -2  1  4 -1 0 1 0 0 0.02
-1  0  0  2 -4  2  5 -2  0 -3 -3  1 -2 -3 -1  0 -1 -3 -2 -3 0 1 0 0 0.02
-1 -2 -2 -3  4 -1 -2 -3 -2  1  2 -2  3  0 -3 -1  1 -2 -1  0 0 1 0 0 0.02
-2 -1  1  6 -4  0  3 -2 -1 -3 -4  0 -3 -4 -2  0 -1 -4 -3 -3 0 1 0 1 0.02
 3 -2 -2 -2 -1 -1 -1 -1 -2  0  1 -1  4 -1 -2  0  0 -2 -1  0 0 1 0 0 0.02
 0 -3 -3 -3 -1 -2 -3 -3 -3  3  1 -2  1 -1 -3 -2  0 -3 -1  4 0 1 0 1 0.02
 0 -2  0 -1 -3 -2 -2  6 -2 -4 -4 -2 -3 -3 -2  0 -2 -3 -3 -3 0 1 0 0 0.03
 4 -2 -2 -2  0 -1 -1  0 -2 -1 -2 -1 -1 -2 -1  1  0 -3 -2  0 0 1 0 0 0.03
-1 -3 -4 -4 -1 -3 -3 -4 -3  3  3 -3  2  0 -3 -3 -1 -2 -1  2 0 1 0 0 0.04
-2  6 -1 -2 -4  1  0 -2  0 -3 -2  2 -1 -3 -2 -1 -1 -3 -2 -3 0 1 0 0 0.05
-2 -2 -4 -4 -1 -2 -3 -4 -3  2  4 -3  2  0 -3 -3 -1 -2 -1  1 0 1 0 0 0.06
 1 -1  1  0 -1  0  0  0 -1 -3 -3  0 -2 -3 -1  4  1 -3 -2 -2 0 0 1 0 0.07
-1 -2 -2 -2 -3 -1 -1 -2 -2 -3 -3 -1 -3 -4  8 -1 -1 -4 -3 -3 0 0 1 1 0.08
-2 -2 -4 -4 -1 -2 -3 -4 -3  2  4 -3  2  0 -3 -3 -1 -2 -1  1 0 1 0 0 0.09
-2  6 -1 -2 -4  1  0 -2  0 -3 -2  2 -1 -3 -2 -1 -1 -3 -2 -3 0 0 1 1 0.08
-2  6 -1 -2 -4  1  0 -2  0 -3 -2  2 -1 -3 -2 -1 -1 -3 -2 -3 0 0 1 1 0.08
 0 -2  0 -1 -3 -2 -2  6 -2 -4 -4 -2 -3 -3 -2  0 -2 -3 -3 -3 0 0 1 0 0.08
-2 -2 -4 -4 -1 -2 -3 -4 -3  2  4 -3  2  0 -3 -3 -1 -2 -1  1 0 0 1 0 0.08
 4 -2 -2 -2  0 -1 -1  0 -2 -1 -2 -1 -1 -2 -1  1  0 -3 -2  0 0 0 1 1 0.08
-1 -3 -3 -3 -1 -3 -3 -4 -3  4  1 -3  1 -1 -3 -2  0 -3 -1  3 0 0 1 0 0.07
-2 -2  1  6 -4  0  2 -1 -1 -3 -4 -1 -3 -4 -2  0 -1 -4 -3 -3 0 0 1 0 0.06
 1 -1  1  0 -1  0  0  0 -1 -3 -3  0 -2 -3 -1  4  1 -3 -2 -2 0 1 0 0 0.05
-1  4  0 -1 -2  1  0 -2 -1 -2 -2  2 -1 -3 -2  0  2 -3 -2 -2 0 1 0 0 0.04
 0 -3 -3 -3 -1 -2 -3 -3 -3  3  1 -2  1 -1 -3 -2  0 -3 -1  4 0 1 0 0 0.02
-2 -2  1  6 -4  0  2 -1 -1 -3 -4 -1 -3 -4 -2  0 -1 -4 -3 -3 0 1 0 0 0.02
-1 -3 -3 -3 -1 -3 -3 -4 -3  3  2 -3  1  3 -3 -2 -1 -1  0  2 0 1 0 0 0.01
-2 -3 -3 -4 -3 -3 -3 -3 -1  0  0 -3  0  6 -4 -3 -2  1  3 -1 0 1 0 0 0.01
 0 -1  0 -1 -1 -1 -1 -1 -2 -1 -1 -1 -1 -2 -1  2  5 -3 -2  0 0 1 0 0 0.01
-2 -3 -3 -4 -3 -3 -3 -3 -1  0  0 -3  0  6 -4 -3 -2  1  3 -1 0 1 0 0 0.01
-2 -2 -2 -3 -3 -2 -2 -3  2 -1 -1 -2 -1  3 -3 -2 -2  2  7 -1 0 1 0 0 0.01
-1 -3 -3 -3 -1 -3 -3 -4 -3  4  1 -3  1 -1 -3 -2  0 -3 -1  3 0 1 0 0 0.01
-1 -2 -2 -2 -3 -1 -1 -2 -2 -3 -3 -1 -3 -4  8 -1 -1 -4 -3 -3 0 1 0 0 0.01
-2  0  1 -1 -3  0  0 -2  8 -3 -3 -1 -2 -1 -2 -1 -2 -3  2 -3 1 0 0 0 0.01
-2  6 -1 -2 -4  1  0 -2  0 -3 -2  2 -1 -3 -2 -1 -1 -3 -2 -3 1 0 0 0 0.01
-2  0  1 -1 -3  0  0 -2  8 -3 -3 -1 -2 -1 -2 -1 -2 -3  2 -3 1 0 0 0 0.01
 0 -3 -3 -3 -1 -2 -3 -3 -3  3  1 -2  1 -1 -3 -2  0 -3 -1  4 1 0 0 0 0.01
-2 -2 -2 -3 -3 -2 -2 -3  2 -1 -1 -2 -1  3 -3 -2 -2  2  7 -1 1 0 0 0 0.01
 0 -2  0 -1 -3 -2 -2  6 -2 -4 -4 -2 -3 -3 -2  0 -2 -3 -3 -3 0 0 1 1 0.01
-1  0  0  3 -4  4  4 -2  0 -3 -3  1 -2 -3 -1  0 -1 -3 -2 -3 1 0 0 1 0.01
-1  1  0  0 -3  6  2 -2  0 -3 -2  1 -1 -3 -1  0 -1 -2 -2 -2 1 0 0 1 0.01
-3 -3 -4 -5 -3 -2 -3 -3 -3 -3 -2 -3 -2  1 -4 -3 -3 11  2 -3 1 0 0 0 0.01
-1 -3 -3 -3 -1 -3 -3 -4 -3  4  2 -3  1  0 -3 -3 -1 -3 -1  3 1 0 0 1 0.01
-1  1  2  2 -3  3  2 -2  0 -3 -3  3 -2 -3 -1  0 -1 -3 -2 -3 1 0 0 1 0.01
-2 -3 -3 -4 -3 -3 -3 -3 -1  0  0 -3  0  6 -4 -3 -2  1  3 -1 1 0 0 1 0.01
-1 -2 -2 -3 -2 -1 -2 -3 -2  2  2 -2  6  0 -3 -2 -1 -2 -1  1 1 0 0 1 0.02
-1  3  0 -1 -3  1  1 -2 -1 -3 -3  4 -1 -3 -1  0 -1 -3 -2 -2 1 0 0 1 0.02
-1 -1  1  5 -3  0  2 -2 -1 -3 -3  0 -2 -3 -1  0  1 -4 -3 -2 1 0 0 1 0.03
 0 -2  0 -1 -3 -2 -2  6 -2 -4 -4 -2 -3 -3 -2  0 -2 -3 -3 -3 1 0 0 1 0.04
 0 -3 -3 -3 -1 -2 -3 -3 -3  3  1 -2  1 -1 -3 -2  0 -3 -1  4 1 0 0 1 0.04
-2 -1  6  1 -3  0  0 -1  1 -3 -4  0 -2 -3 -2  1  0 -4 -2 -3 1 0 0 1 0.04
 4 -2 -2 -2  0 -1 -1  0 -2 -1 -2 -1 -1 -2 -1  1  0 -3 -2  0 0 0 1 0 0.06
 0 -1  0 -1 -2  2  0 -2 -1 -2 -2  0 -1 -3  3  2  3 -3 -2 -1 0 0 1 1 0.08
-1 -2 -2 -2 -3 -1 -1 -2 -2 -3 -3 -1 -3 -4  8 -1 -1 -4 -3 -3 0 0 1 1 0.07
-2 -2 -4 -4 -1 -2 -3 -4 -3  2  4 -3  2  0 -3 -3 -1 -2 -1  1 0 0 1 1 0.06
 2 -2 -2 -2 -2 -1 -1 -1 -2 -2 -2 -1 -2 -3  7  0 -1 -3 -3 -2 0 0 1 1 0.06
 0 -2 -1 -1 -2 -1 -1 -2 -2 -2 -2 -1 -2 -3  6  1  2 -3 -2 -1 0 1 0 1 0.05
 0 -3 -3 -3 -1 -2 -3 -3 -3  3  1 -2  1 -1 -3 -2  0 -3 -1  4 0 1 0 0 0.05
-1 -1  3  0 -2  2  0 -1  0 -2 -2  0 -1 -3 -1  1  3 -3 -2 -1 0 1 0 1 0.07
 0 -3 -2 -3  8 -2 -3 -2 -3 -1 -1 -2 -1 -2 -2  0  2 -3 -2 -1 0 0 1 0 0.07
 0 -1  3  0 -1  0  0 -1 -1 -2 -2  0 -1 -3 -1  3  3 -3 -2 -1 0 0 1 1 0.05
 0  3  0 -1 -2  0 -1  3 -1 -3 -3  1 -2 -3 -2  2  0 -3 -2 -3 0 0 1 1 0.04
-1 -2 -1 -2 -3 -2 -2  4  0 -2 -2 -2 -2  1 -3 -1 -2  1  5 -2 0 0 1 1 0.03
-2 -3 -3 -3 -2 -2 -3 -3 -3  1  0 -3 -1  0  3 -2 -2  9  1  0 0 0 1 1 0.02
-2 -2  1  6 -4  0  2 -1 -1 -3 -4 -1 -3 -4 -2  0 -1 -4 -3 -3 0 0 1 1 0.02
 0 -1  1 -1 -2  0  0 -1  6 -3 -3 -1 -2 -2 -2  3  0 -3  0 -2 0 0 1 0 0.02
 4 -2 -2 -2  0 -1 -1  0 -2 -1 -2 -1 -1 -2 -1  1  0 -3 -2  0 0 0 1 0 0.02
 3 -1 -1 -1 -1  2  0  2 -1 -2 -2  0 -1 -3 -1  1  0 -3 -2 -1 1 0 0 0 0.01
-2 -2 -3 -3 -3 -2 -3 -3  1 -1 -1 -2 -1  5 -3 -2 -2  2  6 -1 1 0 0 0 0.01
-1 -2 -3 -4 -1 -2 -3 -4 -3  2  4 -3  2  0 -3 -2 -1 -2 -1  2 1 0 0 0 0.02
 1 -2 -1 -1 -2 -2 -2  5 -2 -3 -3 -1 -2 -3 -2  0 -1 -3 -3 -3 0 0 1 1 0.02
 0 -1  0 -1 -1 -1 -1 -2 -2 -1 -1 -1 -1 -2 -1  1  5 -3 -2  0 0 0 1 1 0.02
-1 -3 -3 -3 -1 -3 -3 -4 -3  4  2 -3  1  0 -3 -3 -1 -3 -1  3 0 0 1 1 0.02
-1 -1  3  0 -2 -1 -1 -1 -1 -1 -1 -1 -1 -2  5  0  0 -3 -2  0 0 0 1 0 0.03
 0 -2 -1 -1 -2 -1 -1 -2 -2 -3 -3 -1 -2 -3  7  2  0 -4 -3 -2 0 0 1 1 0.03
 2 -1  1  3 -1  0  0 -1 -1 -2 -3  0 -2 -3 -1  3  1 -3 -2 -2 0 0 1 1 0.03
-1 -1  4  0 -2  0 -1 -1 -1 -2 -2 -1 -1 -3 -1  1  4 -3 -2 -1 0 0 1 1 0.04
-2 -1  5  0 -2 -1 -1 -1  0 -1  1 -1  0 -1 -2  0  0 -3 -2 -1 0 0 1 1 0.04
-1  3  0 -1 -3  1  1 -2 -1 -3 -3  4 -1 -3 -1  0 -1 -3 -2 -2 0 1 0 1 0.04
-1 -3 -3 -3 -1 -3 -3 -4 -3  4  1 -3  1 -1 -3 -2  0 -3 -1  3 0 1 0 0 0.03
-1 -2 -2 -2 -3 -1 -1 -2 -2 -3 -3 -1 -3 -4  8 -1 -1 -4 -3 -3 0 1 0 1 0.03
-1  2  0 -1 -3  1  1 -2 -1 -3 -3  5 -1 -3 -1  0 -1 -3 -2 -2 1 0 0 1 0.03
-2 -2 -1 -3 -3 -2 -2 -3  5 -1  0 -2  0  5 -3 -2 -2  0  3 -1 1 0 0 0 0.02
-2 -2 -4 -4 -1 -2 -3 -4 -3  2  4 -3  2  0 -3 -3 -1 -2 -1  1 1 0 0 0 0.02
-2 -1  0 -2 -3  0 -1 -3  7 -2 -2 -1 -1  3 -3 -1 -2 -1  2 -2 1 0 0 0 0.02
-1  1  0  0 -3  6  2 -2  0 -3 -2  1 -1 -3 -1  0 -1 -2 -2 -2 1 0 0 0 0.01
 1 -2  0 -1 -2 -1 -1  5 -2 -3 -3 -1 -2 -3 -2  2  0 -3 -3 -3 1 0 0 0 0.01
-2 -2 -2 -3 -3 -2 -2 -3  2 -1 -1 -2 -1  3 -3 -2 -2  2  7 -1 1 0 0 0 0.01
-2 -2 -4 -4 -1 -2 -3 -4 -3  2  4 -3  2  0 -3 -3 -1 -2 -1  1 1 0 0 0 0.01
-2 -1  6  1 -3  0  0 -1  1 -3 -4  0 -2 -3 -2  1  0 -4 -2 -3 1 0 0 0 0.01
-1 -3 -3 -3 -1 -3 -3 -4 -3  4  2 -3  1  0 -3 -3 -1 -3 -1  3 1 0 0 0 0.01
-2 -2 -2 -3 -3 -2 -2 -3  2 -1 -1 -2 -1  3 -3 -2 -2  2  7 -1 0 0 1 0 0.01
-2 -1  6  1 -3  0  0 -1  1 -3 -4  0 -2 -3 -2  1  0 -4 -2 -3 0 0 1 0 0.01
-2 -1  6  1 -3  0  0 -1  1 -3 -4  0 -2 -3 -2  1  0 -4 -2 -3 0 0 1 0 0.01
-2 -2 -2 -3 -3 -2 -2 -3  2 -1 -1 -2 -1  3 -3 -2 -2  2  7 -1 0 0 1 0 0.01
-2 -3 -3 -4 -3 -3 -3 -3 -1  0  0 -3  0  6 -4 -3 -2  1  3 -1 0 0 1 0 0.01
-1  3  0 -1 -3  1  1 -2 -1 -3 -3  4 -1 -3 -1  0 -1 -3 -2 -2 0 0 1 0 0.01
 3 -2 -2 -2 -1 -1 -1  0 -2 -2 -2 -1 -1 -3  5  1  0 -3 -2 -1 0 0 1 0 0.01
-1 -2 -2 -2 -3 -1 -1 -2 -2 -3 -3 -1 -3 -4  8 -1 -1 -4 -3 -3 0 0 1 0 0.02
-3 -3 -4 -5 -3 -2 -3 -3 -3 -3 -2 -3 -2  1 -4 -3 -3 11  2 -3 0 0 1 0 0.02
 0 -1 -1 -2 -1  0 -1 -2 -1  0  1 -1  5 -1 -2  2  0 -2 -1  0 0 0 1 0 0.03
-1 -2  2  3 -3 -1  0 -2 -1 -3 -3 -1 -3 -4  6  0 -1 -4 -3 -3 0 0 1 1 0.04
-2 -1  1  6 -4  0  3 -2 -1 -3 -4  0 -3 -4 -2  0 -1 -4 -3 -3 0 0 1 1 0.06
-2  4 -2 -3 -2  0 -1 -3 -1  0  2  1  1 -1 -3 -2 -1 -2 -1  0 0 0 1 0 0.08
 0 -1  0 -1 -1 -1 -1 -2 -2 -1 -1 -1 -1 -2 -1  1  5 -3 -2  0 0 0 1 1 0.09
-1 -1 -1  0 -3  1  3 -3  1 -2 -2  0 -2  1 -2 -1 -1  1  5 -2 0 0 1 0 0.12
 4 -2 -2 -2  0 -1 -1  0 -2 -1 -2 -1 -1 -2 -1  1  0 -3 -2  0 0 0 1 1 0.12
-2 -1  6  1 -3  0  0 -1  1 -3 -4  0 -2 -3 -2  1  0 -4 -2 -3 0 0 1 0 0.15
-1 -2 -2 -2 -3 -1 -1 -2 -2 -3 -3 -1 -3 -4  8 -1 -1 -4 -3 -3 1 0 0 0 0.13
 1 -1  3  0 -1  0  0  0  0 -3 -3  0 -2 -3 -1  3  1 -3 -2 -2 1 0 0 1 0.12
-1  0  5  1 -3  1  3 -1  0 -3 -3  0 -2 -3 -2  0  0 -4 -2 -3 1 0 0 1 0.11
-1 -2 -3 -4 -1 -1 -3 -3 -2  1  3 -2  5  0 -3 -2 -1 -2 -1  1 0 0 1 0 0.11
-1 -1  4  1 -3  0  1 -1  0 -3 -3  0 -2 -3  5  0 -1 -4 -2 -3 0 0 1 1 0.13
 1  0  0  0 -2  3  2  2 -1 -3 -3  0 -1 -3 -1  1  0 -3 -2 -2 1 0 0 1 0.08
-1 -1  1  5 -4  1  4 -2 -1 -3 -3  0 -3 -4 -1  0 -1 -4 -3 -3 1 0 0 0 0.07
-2 -2  1  6 -4  0  2 -1 -1 -3 -4 -1 -3 -4 -2  0 -1 -4 -3 -3 1 0 0 0 0.04
 3 -2 -2 -2 -1 -1 -2 -1  0  0 -1 -1 -1  1 -2  0 -1  0  4  1 1 0 0 0 0.03
-1  5  0 -1 -3  1  0 -2  0 -3 -2  3 -1 -3 -2 -1 -1 -3 -2 -3 1 0 0 0 0.02
-2 -2 -3 -4 -3 -2 -3 -3  0 -2 -1 -3 -1  4 -3 -2 -2  8  6 -2 1 0 0 0 0.01
 0  2  0 -1 -3 -1 -2  5 -2 -4 -3  0 -3 -3 -2  0 -2 -3 -3 -3 0 0 1 0 0.01
-1 -3 -3 -4 -2 -3 -3 -3 -2  2  1 -3  0  5 -3 -2 -1  0  2  2 1 0 0 0 0.01
-2  6 -1 -2 -4  1  0 -2  0 -3 -2  2 -1 -3 -2 -1 -1 -3 -2 -3 0 1 0 0 0.01
 1 -3 -3 -3  7 -2 -3 -2 -3  1 -1 -2 -1 -2 -2 -1  0 -3 -2  2 0 0 1 0 0.01
 2 -3 -2 -3  8 -2 -3 -1 -3 -1 -1 -2 -1 -3 -2  0 -1 -3 -2 -1 0 1 0 0 0.01
-2  0  4  0 -3  0  0 -1  6 -3 -3 -1 -2 -2 -2  0 -1 -3  0 -3 0 0 1 0 0.01
-2 -2 -4 -4 -1 -2 -3 -4 -3  2  4 -3  2  0 -3 -3 -1 -2 -1  1 0 0 1 0 0.01
-1  2  0 -1 -3  1  1 -2 -1 -3 -3  5 -1 -3 -1  0 -1 -3 -2 -2 0 0 1 1 0.01
 0 -1  4  1 -2  0  0 -1  0 -3 -3  0 -2 -3 -2  2  2 -3 -2 -2 0 0 1 0 0.01
-1 -3 -3 -3 -1 -3 -3 -4 -3  4  2 -3  1  0 -3 -3 -1 -3 -1  3 0 0 1 0 0.02
-3 -3 -4 -5 -3 -2 -3 -3 -3 -3 -2 -3 -2  1 -4 -3 -3 11  2 -3 0 0 1 0 0.01
 0 -1  0 -1 -1 -1 -1 -1 -2 -1 -2 -1 -1 -2 -1  2  4 -3 -2  0 0 0 1 0 0.02
 4 -2 -2 -2  0 -1 -1  0 -2 -1 -2 -1 -1 -2 -1  1  0 -3 -2  0 0 0 1 0 0.02
-1 -2 -2 -2 -3 -1 -1 -2 -2 -3 -3 -1 -3 -4  8 -1 -1 -4 -3 -3 0 0 1 0 0.03
-2 -2 -4 -4 -1 -2 -3 -4 -3  2  4 -3  2  0 -3 -3 -1 -2 -1  1 0 0 1 0 0.05
-1 -2 -2 -2 -3 -1 -1 -2 -2 -3 -3 -1 -3 -4  8 -1 -1 -4 -3 -3 0 0 1 0 0.07
-1 -2 -2 -2 -3 -1 -1 -2 -2 -3 -3 -1 -3 -4  8 -1 -1 -4 -3 -3 0 0 1 1 0.09
-1 -1  1  5 -4  1  4 -2 -1 -3 -3  0 -3 -4 -1  0 -1 -4 -3 -3 0 0 1 1 0.12
 0 -1  0 -1 -1 -1 -1 -1 -2 -1 -1 -1 -1 -2 -1  2  5 -3 -2  0 0 0 1 0 0.17
-1  2 -1  0 -3  1  3 -2 -1 -2  0  2 -1 -2 -2 -1 -1 -3 -2 -2 0 0 1 1 0.21
-1 -2 -1 -2 -1 -1 -2 -3 -2  1  3 -2  1 -1 -2  0  3 -2 -1  0 0 0 1 1 0.25
 2  0  0 -1 -1  0  0  0 -1 -2 -2  1 -1 -3 -1  3  1 -3 -2 -1 0 0 1 1 0.25
-1  3  0  0 -4  3  3 -2  3 -3 -3  1 -2 -3 -2  0 -1 -3 -1 -3 0 0 1 1 0.25
-1  0  2  2 -3  3  2 -1  0 -3 -3  0 -2 -3 -1  1  0 -3 -2 -3 0 0 1 1 0.23
-1 -2 -2 -3 -2 -1 -2 -3 -2  1  2 -2  6  0 -3 -2 -1 -2 -1  1 0 0 1 1 0.24
 0 -1  0 -1 -2  0  1  2 -2 -2 -2 -1 -1 -3 -1  1  4 -3 -2 -1 0 0 1 1 0.22
 0 -2 -1 -1 -1 -1 -1 -2 -2  1  0 -1  0 -2 -1  1  4 -3 -2  1 0 0 1 1 0.21
 0 -1  0  0 -2  0  3  3 -1 -3 -3  0 -2 -3 -1  2  0 -3 -2 -3 0 0 1 1 0.22
 1 -1  0 -1 -1 -1 -1 -1 -2 -1 -2 -1 -1 -2 -1  2  4 -3 -2  0 0 0 1 1 0.20
 0 -1  4  0 -2  0 -1 -1 -1 -2 -2  0 -1 -3 -1  2  3 -3 -2 -1 0 0 1 1 0.16
 1 -1  0 -1 -1  0  0 -1 -1 -2 -2  0 -1 -2 -1  4  3 -3 -2 -1 0 0 1 1 0.09
-1 -3 -3 -3 -1 -3 -3 -4 -3  4  2 -3  1  0 -3 -3 -1 -3 -1  3 0 0 1 1 0.06
-2 -2  1  6 -4  0  2 -1 -1 -3 -4 -1 -3 -4 -2  0 -1 -4 -3 -3 0 0 1 1 0.04
-1 -3 -3 -3 -1 -3 -3 -4 -3  4  2 -3  1  0 -3 -3 -1 -3 -1  3 1 0 0 1 0.03
-1 -2 -2 -3 -2 -1 -2 -3 -2  1  2 -2  6  0 -3 -2 -1 -2 -1  1 1 0 0 1 0.02
 0 -2  0 -1 -3 -2 -2  6 -2 -4 -4 -2 -3 -3 -2  0 -2 -3 -3 -3 1 0 0 0 0.02
-2 -2 -4 -4 -1 -2 -3 -4 -3  2  4 -3  2  0 -3 -3 -1 -2 -1  1 1 0 0 1 0.01
-1  1  0  0 -3  6  2 -2  0 -3 -2  1 -1 -3 -1  0 -1 -2 -2 -2 1 0 0 1 0.01
 4 -2 -2 -2  0 -1 -1  0 -2 -1 -2 -1 -1 -2 -1  1  0 -3 -2  0 1 0 0 1 0.02
 4 -2 -2 -2  0 -1 -1  0 -2 -1 -2 -1 -1 -2 -1  1  0 -3 -2  0 1 0 0 1 0.02
-2 -2 -2 -3 -3 -2 -2 -3  2 -1 -1 -2 -1  3 -3 -2 -2  2  7 -1 1 0 0 1 0.02
 4 -2 -2 -2  0 -1 -1  0 -2 -1 -2 -1 -1 -2 -1  1  0 -3 -2  0 1 0 0 1 0.02
-1  1  3  0 -3  3  1 -1  0 -3 -3  3 -1 -3 -1  0 -1 -3 -2 -3 1 0 0 1 0.03
-2 -2 -4 -4 -1 -2 -3 -4 -3  2  4 -3  2  0 -3 -3 -1 -2 -1  1 1 0 0 0 0.03
-2  0  1 -1 -3  0  0 -2  8 -3 -3 -1 -2 -1 -2 -1 -2 -3  2 -3 1 0 0 1 0.03
 0 -1  0 -1 -1 -1 -1 -2 -2 -1 -1 -1 -1 -2 -1  1  5 -3 -2  0 1 0 0 1 0.03
-1 -1  0  4 -4  1  4 -2  0 -3 -3  0 -2 -3 -1  0 -1 -3 -2 -3 1 0 0 1 0.03
-1  1  0  0 -3  6  2 -2  0 -3 -2  1 -1 -3 -1  0 -1 -2 -2 -2 1 0 0 1 0.02
-1  0  0  2 -4  2  5 -2  0 -3 -3  1 -2 -3 -1  0 -1 -3 -2 -3 1 0 0 1 0.02
-2  6 -1 -2 -4  1  0 -2  0 -3 -2  2 -1 -3 -2 -1 -1 -3 -2 -3 1 0 0 1 0.03
-1 -2  1  6 -3  0  1 -1 -1 -3 -3 -1 -3 -3 -2  0  1 -4 -3 -2 1 0 0 0 0.03
-2 -2 -2 -3 -3 -2 -2 -3  2 -1 -1 -2 -1  3 -3 -2 -2  2  7 -1 1 0 0 0 0.03
-2 -3 -3 -4 -3 -3 -3 -3 -1  0  0 -3  0  6 -4 -3 -2  1  3 -1 0 0 1 1 0.03
-1 -2 -2 -3 -2 -1 -2 -3 -2  1  2 -2  6  0 -3 -2 -1 -2 -1  1 0 0 1 0 0.03
 0  0  0 -1 -2  4  1 -2  0 -2 -2  0 -1 -3 -1  1  3 -2 -2 -1 0 0 1 1 0.02
-2  6 -1 -2 -4  1  0 -2  0 -3 -2  2 -1 -3 -2 -1 -1 -3 -2 -3 0 0 1 0 0.02
-2 -2 -2 -3 -3 -2 -2 -3  2 -1 -1 -2 -1  3 -3 -2 -2  2  7 -1 1 0 0 1 0.02
-2  5  0 -2 -4  1  0 -2  3 -3 -2  2 -2 -3 -2 -1 -1 -3 -1 -3 1 0 0 0 0.02
-2 -2  1  6 -4  0  2 -1 -1 -3 -4 -1 -3 -4 -2  0 -1 -4 -3 -3 1 0 0 1 0.02
-1 -3 -3 -3 -1 -3 -3 -4 -3  4  1 -3  1 -1 -3 -2  0 -3 -1  3 1 0 0 0 0.02
-1 -2 -3 -3 -1 -2 -3 -3 -3  3  2 -2  4  0 -3 -2 -1 -2 -1  2 1 0 0 0 0.02
 0  1  2  0 -2  0  0 -1 -1 -3 -3  2 -2 -3 -1  3  1 -3 -2 -2 1 0 0 1 0.02
 0 -1  0  2 -2  1  3 -1 -1 -3 -3  0 -2 -3 -1  3  0 -3 -2 -2 1 0 0 1 0.03
-2 -3 -3 -4 -3 -3 -3 -3 -1  0  0 -3  0  6 -4 -3 -2  1  3 -1 0 0 1 1 0.03
 0 -2  0 -1 -3 -2 -2  6 -2 -4 -4 -2 -3 -3 -2  0 -2 -3 -3 -3 0 0 1 1 0.03
 0 -2  0 -1 -3 -2 -2  6 -2 -4 -4 -2 -3 -3 -2  0 -2 -3 -3 -3 0 0 1 1 0.04
 0  1  0 -1 -2  1  0 -1  5 -3 -3  2 -2 -2 -1  2  0 -3  0 -2 0 0 1 1 0.04
 0 -1  0 -1 -1 -1 -1 -2 -2 -1 -1 -1 -1 -2 -1  1  5 -3 -2  0 0 0 1 0 0.05
 1 -1  1  0 -1  0  0  0 -1 -3 -3  0 -2 -3 -1  4  1 -3 -2 -2 0 0 1 1 0.07
-2 -2 -2 -3 -3 -2 -2 -3  2 -1 -1 -2 -1  3 -3 -2 -2  2  7 -1 0 0 1 0 0.06
-2 -2  1  6 -4  0  2 -1 -1 -3 -4 -1 -3 -4 -2  0 -1 -4 -3 -3 0 0 1 1 0.04
 3 -2 -1 -2 -1 -1 -1  3 -2 -2 -2 -1 -2 -3 -1  1 -1 -3 -2 -1 0 0 1 1 0.03
-2 -2  1  6 -4  0  2 -1 -1 -3 -4 -1 -3 -4 -2  0 -1 -4 -3 -3 0 0 1 1 0.03
-2 -1  6  1 -3  0  0 -1  1 -3 -4  0 -2 -3 -2  1  0 -4 -2 -3 0 0 1 1 0.02
-2  6 -1 -2 -4  1  0 -2  0 -3 -2  2 -1 -3 -2 -1 -1 -3 -2 -3 0 0 1 0 0.02
-1 -2 -2 -2 -3 -1 -1 -2 -2 -3 -3 -1 -3 -4  8 -1 -1 -4 -3 -3 0 0 1 0 0.02
-2 -2 -4 -4 -1 -2 -3 -4 -3  2  4 -3  2  0 -3 -3 -1 -2 -1  1 0 1 0 1 0.01
-2 -2 -4 -4 -1 -2 -3 -4 -3  2  4 -3  2  0 -3 -3 -1 -2 -1  1 0 1 0 1 0.01
-1 -3 -3 -3 -1 -2 -3 -3 -3  2  2 -2  1  0 -3 -2  0 -3 -1  3 0 1 0 0 0.01
-1 -2 -2 -3 -2 -1 -2 -3 -2  1  2 -2  6  0 -3 -2 -1 -2 -1  1 0 1 0 1 0.01
-2  5  0 -2 -3  1  0 -2  5 -3 -3  1 -2 -2 -2 -1 -1 -3  0 -3 0 1 0 1 0.01
 1 -1  0  0 -1  0  0 -1 -1 -2 -2  0 -1 -2 -1  4  2 -3 -2 -1 0 1 0 0 0.01
-1 -1  3  3 -3  1  4 -1  0 -3 -3  0 -2 -3 -2  0 -1 -4 -2 -3 0 1 0 1 0.01
-2 -3 -3 -4 -2 -3 -3 -3 -2  0  2 -3  1  6 -4 -3 -2  0  2  0 0 1 0 0 0.01
-3 -3 -4 -5 -3 -2 -3 -3 -3 -3 -2 -3 -2  1 -4 -3 -3 11  2 -3 0 1 0 1 0.01
 4 -2 -2 -2  0 -1 -1  0 -2 -1 -2 -1 -1 -2 -1  1  0 -3 -2  0 0 1 0 0 0.01
 1 -1  1  0 -1  0  0  0 -1 -3 -3  0 -2 -3 -1  4  1 -3 -2 -2 0 0 1 0 0.01
 0 -2  0 -1 -3 -2 -2  6 -2 -4 -4 -2 -3 -3 -2  0 -2 -3 -3 -3 0 0 1 1 0.01
-2 -2 -2 -3 -3 -2 -2 -3  2 -1 -1 -2 -1  3 -3 -2 -2  2  7 -1 0 1 0 1 0.02
-2 -2  1  6 -4  0  2 -1 -1 -3 -4 -1 -3 -4 -2  0 -1 -4 -3 -3 0 1 0 1 0.02
 0 -3 -3 -3 -1 -2 -3 -3 -3  3  1 -2  1 -1 -3 -2  0 -3 -1  4 0 1 0 1 0.02
-2 -2  1  6 -4  0  2 -1 -1 -3 -4 -1 -3 -4 -2  0 -1 -4 -3 -3 0 1 0 1 0.03
 0 -2  0 -1 -3 -2 -2  6 -2 -4 -4 -2 -3 -3 -2  0 -2 -3 -3 -3 0 0 1 1 0.04
 0 -1  0 -1 -1 -1 -1 -2 -2 -1 -1 -1 -1 -2 -1  1  5 -3 -2  0 0 0 1 1 0.06
-2 -2  1  6 -4  0  2 -1 -1 -3 -4 -1 -3 -4 -2  0 -1 -4 -3 -3 0 0 1 1 0.06
-1  1  0  0 -3  6  2 -2  0 -3 -2  1 -1 -3 -1  0 -1 -2 -2 -2 0 0 1 1 0.06
 1 -1  0 -1 -1  0 -1 -1 -1 -2 -2  0 -1 -2 -1  3  4 -3 -2 -1 0 0 1 1 0.08
 1 -1  1  0 -1  0  0  0 -1 -3 -3  0 -2 -3 -1  4  1 -3 -2 -2 0 0 1 0 0.08
-2 -2 -4 -4 -1 -2 -3 -4 -3  2  4 -3  2  0 -3 -3 -1 -2 -1  1 0 0 1 1 0.08
 0 -2  0 -1 -3 -2 -2  6 -2 -4 -4 -2 -3 -3 -2  0 -2 -3 -3 -3 0 0 1 1 0.08
-1  1  0  0 -3  6  2 -2  0 -3 -2  1 -1 -3 -1  0 -1 -2 -2 -2 0 0 1 1 0.09
-2 -3 -3 -4 -3 -3 -3 -3 -1  0  0 -3  0  6 -4 -3 -2  1  3 -1 0 1 0 1 0.09
 1 -1  1  0 -1  0  0  0 -1 -3 -3  0 -2 -3 -1  4  1 -3 -2 -2 0 1 0 0 0.07
 0 -2  0 -1 -3 -2 -2  6 -2 -4 -4 -2 -3 -3 -2  0 -2 -3 -3 -3 0 1 0 0 0.07
-2  6 -1 -2 -4  1  0 -2  0 -3 -2  2 -1 -3 -2 -1 -1 -3 -2 -3 0 1 0 1 0.05
 0 -3 -3 -3 -1 -2 -3 -3 -3  3  1 -2  1 -1 -3 -2  0 -3 -1  4 0 0 1 0 0.05
-1  1  0  0 -3  6  2 -2  0 -3 -2  1 -1 -3 -1  0 -1 -2 -2 -2 0 1 0 1 0.04
-1  1  0  0 -3  6  2 -2  0 -3 -2  1 -1 -3 -1  0 -1 -2 -2 -2 0 1 0 1 0.04
 0 -1  0 -1 -1 -1 -1 -2 -2 -1 -1 -1 -1 -2 -1  1  5 -3 -2  0 0 1 0 1 0.04
-2 -3 -3 -4 -3 -3 -3 -3  0 -1  0 -3  0  6 -4 -2 -2  1  5 -1 0 1 0 0 0.03
-1  2  3  0 -3  1  0 -1  0 -3 -3  4 -2 -3 -1  0 -1 -3 -2 -3 0 1 0 1 0.03
-2  0  1 -1 -3  0  0 -2  8 -3 -3 -1 -2 -1 -2 -1 -2 -3  2 -3 0 1 0 0 0.02
 1  1  0  0 -2  0  0 -1 -1 -3 -3  2 -2 -3 -1  3  1 -3 -2 -2 0 1 0 1 0.02
 0 -3 -3 -3 -1 -2 -3 -3 -3  3  1 -2  1 -1 -3 -2  0 -3 -1  4 0 1 0 0 0.01
-1 -2 -2 -2 -3 -1 -1 -2 -2 -3 -3 -1 -3 -4  8 -1 -1 -4 -3 -3 0 1 0 1 0.01
-2  6 -1 -2 -4  1  0 -2  0 -3 -2  2 -1 -3 -2 -1 -1 -3 -2 -3 0 1 0 1 0.01
-2 -3 -3 -4 -3 -3 -3 -3 -1  0  0 -3  0  6 -4 -3 -2  1  3 -1 0 1 0 0 0.01
-2 -3 -3 -4 -3 -3 -3 -3  0 -1  0 -3  0  6 -4 -2 -2  1  5 -1 0 1 0 1 0.01
 0 -3 -3 -3  4 -2 -3 -3 -3  2  1 -3  0 -1 -3 -2  0 -3 -1  4 0 0 1 0 0.01
-1 -2 -2 -2 -3 -1 -1 -2 -2 -3 -3 -1 -3 -4  8 -1 -1 -4 -3 -3 0 0 1 1 0.01
-1  0  0  2 -4  2  5 -2  0 -3 -3  1 -2 -3 -1  0 -1 -3 -2 -3 0 0 1 1 0.01
-2  0  1 -1 -3  0  0 -2  8 -3 -3 -1 -2 -1 -2 -1 -2 -3  2 -3 0 0 1 1 0.01
 0 -2  0 -1 -3 -2 -2  6 -2 -4 -4 -2 -3 -3 -2  0 -2 -3 -3 -3 0 1 0 0 0.01
 0 -2 -1 -2 -1 -1 -2 -2 -3  1  0 -1  0 -1 -2  0  3 -3 -1  3 0 1 0 0 0.01
-1 -2 -3 -3 -1 -1 -3 -3 -2  3  2 -2  5  0 -3 -2 -1 -2 -1  1 0 1 0 0 0.01
-2 -2 -3 -3 -2 -2 -3 -3 -2  1  1 -2  4  5 -3 -2 -1  0  2  0 0 1 0 0 0.01
 0 -1  0 -1 -1 -1 -1 -2 -2 -1 -1 -1 -1 -2 -1  1  5 -3 -2  0 0 1 0 0 0.01
-2 -2 -4 -4 -1 -2 -3 -4 -3  2  4 -3  2  0 -3 -3 -1 -2 -1  1 0 1 0 0 0.01
 4 -1 -1 -2 -1 -1 -1  0 -2 -2 -2 -1 -1 -2 -1  2  0 -3 -2  0 0 1 0 0 0.02
-1 -2 -3 -4 -1 -2 -3 -4 -3  2  3 -3  2  0 -3 -2 -1 -2 -1  2 0 1 0 0 0.02
 0 -2 -2 -2 -1 -2 -2 -3 -3  2  0 -2  0 -1 -2  0  2 -3 -1  3 0 1 0 0 0.02
-2  6 -1 -2 -4  1  0 -2  0 -3 -2  2 -1 -3 -2 -1 -1 -3 -2 -3 0 1 0 0 0.02
-2 -3 -3 -4 -3 -3 -3 -3 -1  0  0 -3  0  6 -4 -3 -2  1  3 -1 0 0 1 0 0.02
-1 -2 -2 -2 -3 -1 -1 -2 -2 -3 -3 -1 -3 -4  8 -1 -1 -4 -3 -3 0 0 1 0 0.03
-1 -2 -2 -2 -3 -1 -1 -2 -2 -3 -3 -1 -3 -4  8 -1 -1 -4 -3 -3 0 0 1 0 0.03
 0 -2 -1 -1 -1 -1 -1 -2 -2  1  0 -1  0 -2 -1  1  4 -3 -2  1 0 0 1 0 0.03
 2 -1  0 -1 -2  0  0 -1  6 -3 -2 -1 -1 -2 -2  1  0 -3  0 -2 0 0 1 0 0.03
-1 -1 -1  0 -2  1  3 -2 -1 -2 -2  0 -2 -3  3  0  2 -3 -2 -2 0 0 1 0 0.03
-1  0 -2 -2 -2  0 -1 -3 -2  0  2  2  4 -1 -2 -1 -1 -2 -1  0 0 0 1 0 0.03
-1  0  0  2 -4  2  5 -2  0 -3 -3  1 -2 -3 -1  0 -1 -3 -2 -3 0 1 0 0 0.03
-1 -2 -2 -3 -2 -1 -2 -3  3  2  1 -2  4  0 -3 -2 -1 -2  0  1 0 0 1 1 0.04
-1  0  0 -1 -3  3  1 -2  7 -3 -3  0 -1 -2 -2 -1 -1 -2  1 -3 0 0 1 1 0.02
-2 -2 -2 -3 -3 -2 -2 -3  2 -1 -1 -2 -1  3 -3 -2 -2  2  7 -1 1 0 0 0 0.02
-2 -2 -4 -4 -1 -2 -3 -4 -3  2  4 -3  2  0 -3 -3 -1 -2 -1  1 1 0 0 0 0.02
 1 -2  3 -1 -1 -1 -1 -1 -1  1  0 -1  0 -2 -2  0  0 -3 -2  2 1 0 0 1 0.02
 2 -2 -1 -2 -2 -2 -2  5 -2 -3 -3 -1 -2 -3 -2  0 -1 -3 -3 -2 1 0 0 1 0.02
-1  2  0 -1 -3  1  1 -2 -1 -3 -3  5 -1 -3 -1  0 -1 -3 -2 -2 0 0 1 1 0.02
 0 -1  0  1 -3  1  3  3 -1 -3 -3  0 -2 -3 -1  1  0 -3 -2 -3 0 0 1 1 0.02
 2  0  3  0 -2  2  0  0  0 -2 -2  0 -1 -3 -1  2  0 -3 -2 -2 0 0 1 1 0.01
-2 -2 -4 -4 -1 -2 -3 -4 -3  2  4 -3  2  0 -3 -3 -1 -2 -1  1 0 0 1 1 0.01
 0 -1  0 -1 -1 -1 -1 -2 -2 -1 -1 -1 -1 -2 -1  1  5 -3 -2  0 0 0 1 1 0.01
-2 -2 -2 -3 -3 -2 -2 -3  2 -1 -1 -2 -1  3 -3 -2 -2  2  7 -1 1 0 0 1 0.01
 0 -1  0 -1 -1 -1 -1 -2 -2 -1 -1 -1 -1 -2 -1  1  5 -3 -2  0 1 0 0 1 0.01
-2 -2  1  6 -4  0  2 -1 -1 -3 -4 -1 -3 -4 -2  0 -1 -4 -3 -3 1 0 0 0 0.01
-1 -3 -3 -3 -1 -3 -3 -4 -3  4  3 -3  2  0 -3 -3 -1 -2 -1  2 1 0 0 1 0.01
 4 -2 -2 -2  0 -1 -1  0 -2 -1 -2 -1 -1 -2 -1  1  0 -3 -2  0 0 0 1 1 0.01
 0 -3 -1 -2  7 -2 -3  4 -3 -2 -2 -2 -2 -3 -3 -1 -1 -3 -3 -2 0 0 1 1 0.01
-2 -2  1  6 -4  0  2 -1 -1 -3 -4 -1 -3 -4 -2  0 -1 -4 -3 -3 0 0 1 1 0.02
-1 -2 -2 -2 -3 -1 -1 -2 -2 -3 -3 -1 -3 -4  8 -1 -1 -4 -3 -3 1 0 0 1 0.02
 3 -2 -2 -2 -1 -1 -1 -1 -2  0 -1 -1  0 -2 -1  1  0 -3 -2  2 1 0 0 1 0.02
-2 -2 -4 -4 -1 -2 -3 -4 -3  2  4 -3  2  0 -3 -3 -1 -2 -1  1 1 0 0 1 0.02
-1 -2 -2 -3 -2 -1 -2 -3  0  2  1 -2  4  1 -3 -2 -1  0  4  1 1 0 0 0 0.03
 3 -2 -1 -2 -1 -1 -2  4 -2 -2 -3 -1 -2 -3 -2  0 -1 -3 -2 -1 0 0 1 1 0.03
-2 -1  6  1 -3  0  0 -1  1 -3 -4  0 -2 -3 -2  1  0 -4 -2 -3 0 0 1 1 0.03
-2 -2 -4 -4 -1 -2 -3 -4 -3  2  4 -3  2  0 -3 -3 -1 -2 -1  1 0 0 1 1 0.03
-1 -2 -2 -2 -3 -1 -1 -2 -2 -3 -3 -1 -3 -4  8 -1 -1 -4 -3 -3 0 0 1 1 0.03
-1 -2 -2 -2 -3 -1 -1 -2 -2 -3 -3 -1 -3 -4  8 -1 -1 -4 -3 -3 0 0 1 0 0.03
-2  6 -1 -2 -4  1  0 -2  0 -3 -2  2 -1 -3 -2 -1 -1 -3 -2 -3 0 1 0 0 0.04
-1  0  0  2 -4  2  5 -2  0 -3 -3  1 -2 -3 -1  0 -1 -3 -2 -3 0 1 0 1 0.03
-1 -3 -3 -3 -1 -3 -3 -4 -3  4  1 -3  1  0 -3 -2 -1 -3 -1  3 0 1 0 0 0.03
 1 -1  2  0 -2  0  2 -1 -1 -3 -3  0 -2 -3 -1  3  1 -3 -2 -2 0 1 0 0 0.03
-1 -2 -3 -3 -2 -1 -2 -3 -1  1  2 -2  4  1 -3 -2 -1 -1  3  1 1 0 0 0 0.04
 0  3  0 -1 -3  1  0 -2 -1 -3 -3  4 -1 -3 -1  1  0 -3 -2 -2 1 0 0 1 0.04
-2 -1  1  5 -4  2  3 -2 -1 -3 -3  0 -2 -4 -1  0 -1 -4 -3 -3 1 0 0 1 0.04
-1 -3 -3 -4 -2 -3 -3 -3 -2  2  2 -3  1  4 -3 -2 -1 -1  1  2 0 0 1 0 0.04
-2 -3 -3 -4 -3 -3 -3 -3 -1  0  0 -3  0  6 -4 -3 -2  1  3 -1 0 1 0 0 0.04
-2  4  0 -1 -3  1  0 -2  6 -3 -3  1 -2 -2 -2 -1 -2 -3  0 -3 0 0 1 1 0.04
 1 -1  1  2 -1  0  0 -1 -1 -3 -3  0 -2 -3 -1  4  1 -3 -2 -2 0 0 1 1 0.05
 1 -2  0 -1 -2 -1 -2  5 -2 -3 -3 -1 -2 -3 -2  1 -1 -3 -3 -2 0 0 1 0 0.05
-1  2  0  3 -2  0  0 -1 -1 -2 -2  0 -2 -3  3  1  0 -3 -2 -2 0 0 1 1 0.05
 2 -1  0  2 -1 -1  0  2 -1 -3 -3 -1 -2 -3 -1  3  1 -3 -2 -2 0 0 1 1 0.05
 1 -1  0 -1 -1 -1 -1  2 -1 -2 -3 -1 -2 -3 -1  3  2 -3 -2 -2 0 0 1 1 0.04
 2  0 -1 -2 -2  0 -1  2 -2  0 -1  2 -1 -2 -1  0 -1 -3 -2  0 0 0 1 0 0.04
-1  2  0 -1 -3  1  1 -2 -1 -3 -3  5 -1 -3 -1  0 -1 -3 -2 -2 0 1 0 1 0.04
-2 -3 -3 -4 -2 -3 -3 -3 -2  1  1 -3  0  6 -4 -3 -2  0  3  0 0 1 0 0 0.04
-1  2  0 -1 -3  1  1 -2 -1 -3 -3  5 -1 -3 -1  0 -1 -3 -2 -2 0 1 0 0 0.03
-1 -3 -3 -3 -1 -3 -3 -4 -3  4  1 -3  1  0 -3 -2 -1 -3 -1  3 0 1 0 0 0.02
 4 -2 -2 -2  0 -1 -1  0 -2 -1 -2 -1 -1 -2 -1  1  0 -3 -2  0 0 0 1 1 0.02
-1  0  0  2 -4  2  5 -2  0 -3 -3  1 -2 -3 -1  0 -1 -3 -2 -3 0 0 1 0 0.02
 0 -2  0 -1 -2 -1 -2  5 -2 -4 -4 -1 -3 -3 -2  1 -1 -3 -3 -3 0 0 1 0 0.01
-1  1  0 -1 -3  5  1 -2  0  0 -1  1  0 -2 -2  0 -1 -2 -2 -1 1 0 0 0 0.01
-3 -3 -4 -5 -3 -2 -3 -3 -3 -3 -2 -3 -2  1 -4 -3 -3 11  2 -3 1 0 0 0 0.01
-2 -2 -2 -3 -3 -2 -2 -3  2 -1 -1 -2 -1  3 -3 -2 -2  2  7 -1 1 0 0 1 0.01
-2  6 -1 -2 -4  1  0 -2  0 -3 -2  2 -1 -3 -2 -1 -1 -3 -2 -3 0 0 1 1 0.01
-1 -1 -1 -2 -1 -1 -1 -2  0 -1  0 -1  2  1 -2  0  3  0  4  0 0 0 1 1 0.01
 2  0  0 -1 -2  4  1 -1  4 -2 -2  0 -1 -3 -1  0 -1 -2 -1 -2 0 0 1 1 0.01
-1 -2 -2 -2 -3 -1 -1 -2 -2 -3 -3 -1 -3 -4  8 -1 -1 -4 -3 -3 0 0 1 0 0.01
-1 -1  1  5 -3  0  1 -1 -1 -3 -3 -1 -3 -3 -1  2  0 -4 -3 -3 0 0 1 1 0.01
-2  4 -1 -2 -3  0 -1 -3  1 -2 -2  1 -1  1 -3 -1 -1  1  5 -2 0 0 1 1 0.01
 0 -3 -3 -3 -1 -2 -3 -3 -3  3  1 -2  1 -1 -3 -2  0 -3 -1  4 0 0 1 0 0.01
 3 -1  2  0 -1  0 -1  0 -1 -2 -2  0 -1 -3 -1  2  0 -3 -2 -1 0 0 1 1 0.01
-2 -3 -3 -3 -2 -2 -2 -3 -2  0  1 -2  0  5  4 -2 -2  0  2 -1 1 0 0 1 0.01
 2 -1 -2 -1 -2 -1 -1 -1 -2 -2 -2  1 -2 -3  6  0 -1 -3 -2 -2 1 0 0 1 0.01
-2 -2 -2 -3 -3 -2 -2 -3  2 -1 -1 -2 -1  3 -3 -2 -2  2  7 -1 1 0 0 1 0.01
-2  0  4  0 -3  0  0 -1  6 -3 -3 -1 -2 -2 -2  0 -1 -3  0 -3 1 0 0 1 0.01
 2 -2 -1  2 -1 -1 -1 -1 -1  0  1 -1  0  0 -2  0 -1 -1  2  0 0 0 1 1 0.01
-2 -2 -4 -4 -1 -2 -3 -4 -3  2  4 -3  2  0 -3 -3 -1 -2 -1  1 0 0 1 1 0.01
-2 -1  1  4 -4  1  3 -2  4 -3 -3  0 -3 -3 -2  0 -1 -4 -1 -3 0 0 1 1 0.01
 0 -2  0 -1 -3 -2 -2  6 -2 -4 -4 -2 -3 -3 -2  0 -2 -3 -3 -3 0 0 1 0 0.02
-2 -3 -3 -4 -3 -3 -3 -3 -1  0  0 -3  0  6 -4 -3 -2  1  3 -1 0 0 1 0 0.02
-1 -2 -2 -2 -3 -1 -1 -2 -2 -3 -3 -1 -3 -4  8 -1 -1 -4 -3 -3 0 0 1 0 0.03
-2 -3 -3 -4 -3 -3 -3 -3 -1  0  0 -3  0  6 -4 -3 -2  1  3 -1 0 0 1 0 0.03
-2 -2 -3 -3 -2 -2 -3 -4  0  2  1 -2  1  2 -3 -2 -1  1  5  1 0 0 1 0 0.03
 0  0  1  2 -2  3  1 -1  0 -3 -3  0 -1 -3 -1  3  0 -3 -2 -2 0 0 1 0 0.04
 2 -1  0  3 -2  1  4 -1 -1 -3 -3  0 -2 -3 -1  0 -1 -3 -2 -2 0 0 1 1 0.04
 1 -2 -3 -3 -2 -2 -2 -2 -3  1  2 -2  0 -1  4 -1 -1 -3 -2  0 0 0 1 0 0.05
-1 -2 -2 -2 -3 -1 -1 -2 -2 -3 -3 -1 -3 -4  8 -1 -1 -4 -3 -3 0 0 1 0 0.06
 1 -1  0  0 -1  0  0 -1 -1 -2 -2  0 -1 -2 -1  4  2 -3 -2 -1 0 0 1 1 0.07
 0 -1  2 -1 -2 -1 -1  4  3 -3 -3 -1 -2 -3 -2  0  1 -3 -1 -2 0 0 1 0 0.05
-2 -1  1  6 -4  0  3 -2 -1 -3 -4  0 -3 -4 -2  0 -1 -4 -3 -3 0 0 1 1 0.04
-2 -3 -4 -4 -1 -2 -3 -4 -3  3  3 -3  2  0 -3 -3 -1 -2 -1  2 0 0 1 0 0.04
-1  1  0 -1 -3  4  1 -2  0 -2  0  3  0 -2 -1  0 -1 -2 -2 -2 1 0 0 1 0.03
-1  0  0  3 -4  3  4 -2  0 -3 -3  1 -2 -3 -1  0 -1 -3 -2 -3 1 0 0 1 0.03
 1  5 -1 -2 -3  1  0 -2 -1 -3 -2  2 -1 -3 -2  0 -1 -3 -2 -2 1 0 0 0 0.02
 0 -3 -3 -3 -1 -2 -3 -3 -3  3  1 -3  1 -1 -3 -2  0 -3 -1  4 0 1 0 0 0.02
-2 -2 -4 -4 -1 -2 -3 -4 -3  2  4 -3  2  0 -3 -3 -1 -2 -1  1 0 1 0 0 0.01
-1 -3 -3 -3 -1 -3 -3 -4 -3  3  1 -3  1 -1 -3 -2  0 -3 -1  4 0 0 1 0 0.01
-2  5  3  0 -3  1  0 -2  0 -3 -3  2 -2 -3 -2  0 -1 -3 -2 -3 0 0 1 1 0.01
-1 -1  0 -1 -2  0 -1 -2  6 -2 -2 -1 -1 -2 -2  0  3 -3  0 -1 0 0 1 0 0.01
-2  0  2  3 -3  2  1 -2  5 -3 -3  0 -2 -3 -2  0 -1 -3  0 -3 1 0 0 1 0.01
-2 -1  4  5 -3  0  1 -1  0 -3 -4  0 -3 -3 -2  0 -1 -4 -3 -3 1 0 0 1 0.01
-2 -2 -2 -3 -3 -2 -2 -3  2 -1 -1 -2 -1  3 -3 -2 -2  2  7 -1 1 0 0 0 0.01
-2 -2  1  6 -4  0  2 -1 -1 -3 -4 -1 -3 -4 -2  0 -1 -4 -3 -3 1 0 0 1 0.01
 1  0  0  1 -3  3  4 -2  0 -3 -2  1 -1 -3 -1  0 -1 -3 -2 -2 1 0 0 1 0.01
-1 -3 -3 -4  7 -3 -3 -3 -3  2  0 -3  0 -1 -3 -2 -1 -3 -2  2 1 0 0 0 0.01
-2 -3 -3 -4 -3 -3 -3 -3 -1  0  0 -3  0  6 -4 -3 -2  1  3 -1 0 1 0 0 0.01
-1  1  0  0 -3  6  2 -2  0 -3 -2  1 -1 -3 -1  0 -1 -2 -2 -2 0 0 1 1 0.01
 1 -1  1  0 -1  0  0  0 -1 -3 -3  0 -2 -3 -1  4  1 -3 -2 -2 0 0 1 1 0.01
-1 -1 -2 -2 -2  2 -1 -3 -1  1  1 -1  4 -1 -2 -1 -1 -2 -1  2 0 0 1 0 0.01
-1  1  0  0 -3  6  2 -2  0 -3 -2  1 -1 -3 -1  0 -1 -2 -2 -2 0 0 1 1 0.02
-2 -2 -4 -4 -1 -2 -3 -4 -3  2  4 -3  2  0 -3 -3 -1 -2 -1  1 0 0 1 1 0.02
 2 -2 -2 -3 -1 -1 -2 -1 -2  0  2 -2  1 -1 -2  0 -1 -2 -1  0 0 0 1 0 0.02
-1  0  0 -1 -3  4  1 -2  6 -3 -3  0 -1 -2 -2 -1 -1 -2  1 -3 0 0 1 0 0.02
-3 -3 -4 -5 -3 -2 -3 -3 -3 -3 -2 -3 -2  1 -4 -3 -3 11  2 -3 0 1 0 0 0.02
-2 -1  6  1 -3  0  0 -1  1 -3 -4  0 -2 -3 -2  1  0 -4 -2 -3 0 1 0 0 0.02
 0  0 -1 -2 -2  0 -1 -2 -1  0  1  1  4 -1 -2  2  0 -2 -1  0 0 1 0 0 0.02
-1  1  0  0 -3  6  2 -2  0 -3 -2  1 -1 -3 -1  0 -1 -2 -2 -2 0 1 0 0 0.03
 1 -2 -1 -2 -1 -1 -1 -2 -2  1 -1 -1  0 -2 -1  1  3 -3 -2  2 0 1 0 0 0.02
-1  3  0 -1 -3  1  1 -2 -1 -3 -3  4 -1 -3 -1  0 -1 -3 -2 -2 0 1 0 1 0.02
-2 -3 -3 -4 -3 -3 -3 -3  0  0  0 -3  0  6 -4 -2 -2  1  4 -1 0 1 0 0 0.02
-2 -1  6  1 -3  0  0 -1  1 -3 -4  0 -2 -3 -2  1  0 -4 -2 -3 0 1 0 1 0.02
 0 -3 -2 -3  4 -2 -3 -3 -3  2  0 -2  0 -1 -2 -1  1 -3 -2  3 0 1 0 0 0.02
 0 -1  2  0 -1  0 -1 -1 -1 -1 -2 -1 -1 -2 -1  2  4 -3 -2 -1 0 1 0 1 0.03
 0 -3 -3 -3 -1 -2 -3 -3 -3  3  1 -2  1 -1 -3 -2  0 -3 -1  4 0 1 0 0 0.04
-2 -2 -2 -3 -3 -2 -2 -3  2 -1 -1 -2 -1  3 -3 -2 -2  2  7 -1 0 1 0 0 0.06
-2  6 -1 -2 -4  1  0 -2  0 -3 -2  2 -1 -3 -2 -1 -1 -3 -2 -3 0 1 0 0 0.07
-2  0  4  0 -3  0  0 -1  6 -3 -3 -1 -2 -2 -2  0 -1 -3  0 -3 0 0 1 1 0.09
-1 -2 -3 -3 -1 -1 -2 -3 -2  1  3 -2  5  0 -3 -2 -1 -2 -1  1 0 0 1 1 0.14
-1 -2 -2 -2 -3 -1 -1 -2 -2 -3 -3 -1 -3 -4  8 -1 -1 -4 -3 -3 0 0 1 1 0.18
 0 -1  0 -1 -1 -1 -1 -2 -2 -1 -1 -1 -1 -2 -1  1  5 -3 -2  0 0 0 1 1 0.32
 0 -1  0 -1 -1 -1 -1 -2 -2  0 -1 -1  0 -2 -1  1  4 -3 -2  1 1 0 0 1 0.50
-2  6 -1 -2 -4  1  0 -2  0 -3 -2  2 -1 -3 -2 -1 -1 -3 -2 -3 1 0 0 1 0.56
-2 -2  1  6 -4  0  2 -1 -1 -3 -4 -1 -3 -4 -2  0 -1 -4 -3 -3 1 0 0 1 0.61
 1 -1  0  0 -1  0  0  2 -1 -3 -3  0 -2 -3 -1  4  1 -3 -2 -2 1 0 0 1 0.66
-1 -3 -3 -3 -1 -3 -3 -4 -3  4  2 -3  1  0 -3 -3 -1 -3 -1  3 1 0 0 1 0.71
-1 -2 -2 -3 -2 -1 -2 -3 -2  1  2 -2  6  0 -3 -2 -1 -2 -1  1 0 0 1 1 0.70
 0 -1  0 -1 -1 -1 -1 -2 -2 -1 -1 -1 -1 -2 -1  1  5 -3 -2  0 0 0 1 1 0.75
 1 -1  1  0 -1  0  0  0 -1 -3 -3  0 -2 -3 -1  4  1 -3 -2 -2 0 0 1 1 0.84
