 4 -3 -2 -3 -3 -3 -3  3 -3 -4 -4 -3 -3 -4 -3  3  0 -5 -4 -3 0 0 1 1 0.77
 1 -2 -3 -1 -4  5  1 -4 -2  0 -1 -2  4  0 -4 -1 -2 -3  1 -1 0 0 1 1 0.64
-1  1  1 -1 -6  6  3 -3  2 -5 -2  0 -4 -6 -3 -1 -1 -5 -4 -4 0 0 1 1 0.59
 0 -6 -5 -1 -6 -2 -2 -6  2 -6 -3 -2 -6 -2  7 -3  1 -7 -1 -6 0 0 1 1 0.52
 1 -5 -4 -2  1 -2 -3 -5 -2 -4 -3 -3 -6 -1  8 -1 -4 -7 -3 -4 0 0 1 1 0.46
 0 -2  0  0 -4 -1 -1 -1 -2  1 -1 -1  1  0  3  0  2 -4  0  1 0 0 1 1 0.23
 3 -5 -3 -2 -5 -2  0 -2 -3 -3 -2 -3 -5 -2  5  2  0 -6 -4  0 0 0 1 1 0.15
 0 -1  1  3 -3  2  1 -1 -2 -1 -4  1 -4 -5  4 -1 -1 -6 -3 -2 0 0 1 1 0.18
-1 -3  0 -2 -7  1  1 -5 -6 -5 -5 -2 -2 -7  7 -1 -2 -7 -2 -2 0 0 1 1 0.17
 1 -3  2  1 -3 -1 -1  4 -4 -3 -3 -1 -3 -5  0  1  0 -6 -2 -3 0 0 1 1 0.15
 0 -1  2  2 -3  2  2  0 -2 -4 -3  1 -1 -2 -1  1 -1 -1 -2 -3 0 0 1 1 0.09
-2 -1  2  3 -5  1  1  3 -1 -4 -4  2 -4 -5 -2 -1  1 -5 -3 -3 0 0 1 1 0.08
-3 -6 -7 -3 -4 -4 -4 -4 -3 -7 -5 -3 -3  0 -1 -3 -3 12  2 -4 0 1 0 0 0.04
-1  0 -1 -1 -3  2  2 -1 -2 -1 -3  2 -2 -3 -3  0  2 -4 -3  2 0 1 0 1 0.03
-4 -4 -6 -6 -6 -4 -4 -5 -5 -2  5 -2  1  1 -2 -5 -3  4  6 -2 0 1 0 0 0.02
-2  0  3 -3  1  2  0 -4 -1  0 -2  1 -3 -3 -4 -1  0 -5 -3  4 0 1 0 0 0.02
-2 -4 -3 -4 -5  0  1 -6 -5 -3  4 -1 -1  0  0 -3  0  8 -2 -1 0 1 0 0 0.02
-1 -2 -1  0 -4  1  1 -3  1  2 -2 -1 -2 -3 -3  0  1 -5 -3  4 0 1 0 1 0.02
-4 -4 -6  1 -6 -4 -2 -6 -4 -5 -1 -5  1  6 -6 -5 -5 10  0 -3 0 0 1 0 0.05
 1 -1  2 -1 -4  1  2 -3  2 -6 -5 -2 -4 -4 -5  5 -1  0 -3 -4 0 0 1 0 0.03
-8 -7 -5  8 -10 -5  0 -7 -8 -10 -10 -8 -9  2 -9 -7 -6 -10 -9 -10 0 0 1 1 0.04
-5 -6  1  5 -10 -2  7 -5 -3 -9 -9 -4 -8 -9 -5 -2 -3 -9 -9 -9 0 0 1 1 0.04
-8 -7 -8 -8 -10 -9 -9 -1 -9 -8 -5 -6 -8 10 -11 -8 -8 -4 -3 -8 0 0 1 0 0.05
-4 -5  6  6 -9 -4  0 -5 -5 -7 -9 -4 -5 -7 -6  0  0 -6 -8 -6 0 0 1 1 0.06
-1 -2 -3 -3 -3  0 -1  6 -3 -5 -6 -1 -4 -3 -7  1  2 -7 -1 -3 0 0 1 1 0.08
-3 -6 -1 -1 -6 -6 -4 -5 -5  2  4 -2 -3  2  4 -2  0 -2 -3 -2 0 0 1 1 0.12
-4 -5  5  7 -6 -3 -3 -4 -7 -4 -8 -4 -9 -9 -6  0 -5 -10 -9 -6 0 0 1 1 0.06
 0  1 -3 -2 -5 -1  0 -1 -1 -3  1 -1 -1 -1  2  1  3  1 -4 -3 0 0 1 1 0.05
 0 -2  3  2 -5 -1  0 -1 -3 -5 -6  0 -4 -6 -4  4  3 -7 -6 -5 0 0 1 1 0.03
-3  2  3 -2 -5 -2 -2 -4 -3 -1 -3  6 -4 -3 -4 -3  0 -5 -2  0 0 0 1 1 0.02
-6 -10 -8 -11 -10 -7 -6 -9 -10 -10 -8 -6 -9 -7 -10 -10 -10 13 -4 -8 0 1 0 0 0.01
-2  1  4 -1 -6  1 -1  0  0 -1 -4 -1 -5 -2 -4  2  3 -2 -1 -2 0 0 1 1 0.01
-2 -3 -2 -3 -5 -4 -5 -4  5  1 -1  0 -2  3 -1 -4 -3  5  6  0 0 0 1 0 0.01
-1 -1  0  3 -1  1  5 -2  1  0 -4 -2 -2 -4 -3 -1 -3  2 -1 -3 0 0 1 1 0.01
-3 -4  3 -1 -5 -1 -1 -1 -1  1  0 -2 -3 -3  1 -2  3  1  0  1 0 0 1 0 0.01
-3  0  2 -1 -7  0 -1  5 -1 -6 -5 -1 -6 -5  0 -1 -1 -1 -3 -4 0 0 1 1 0.01
-1 -3  6  0  3 -3  1  2  0 -4 -5 -2 -2 -4 -3  0  0 -1 -1 -2 0 0 1 1 0.01
-3 -1  3 -2 -4 -1 -1  2  3 -3 -3 -2  0  0  1 -1 -2  8  1 -3 0 0 1 1 0.01
-2 -4  1 -1 -7  2  4  5 -3 -4 -5 -2 -3 -1 -1 -1 -4  1 -5 -6 0 0 1 1 0.01
 0 -3  0  0  2 -1 -1 -2  0 -1  1 -2  0  2  1 -1  1  1  2  0 0 0 1 0 0.01
-1 -4 -3 -4  2  4 -1  1 -2 -6 -6 -3 -4 -1 -1 -1 -1  6  6 -4 0 0 1 0 0.01
-1  0  1 -3 -3 -2 -2  0 -2 -2 -2 -2 -3 -1 -4  0  5  6  2 -1 0 0 1 1 0.01
-2 -1  1  3 -8 -3 -5 -5 -2 -6 -5 -2 -1  2 -3 -1  0  8  6 -6 0 0 1 0 0.01
-3  3  1  1 -3  1 -1  2  0 -3 -2  0 -2 -3 -3  2  1 -3 -2 -2 0 0 1 1 0.01
 0  1  4 -1 -6 -2  0 -1 -2 -4 -5  1 -5 -4  4  0  0 -5 -1 -4 0 0 1 1 0.01
 0  1  2  3 -7  2  4 -2 -3 -7 -6  1 -5 -6 -3  1 -3 -3 -4 -5 0 0 1 1 0.01
-2 -6  9 -3 -3 -1 -2 -6 -1 -9 -6 -7 -5 -6 -2 -5 -2 -3 -5 -4 0 0 1 0 0.01
 3 -5 -4 -5  0 -4 -5 -4 -3  1 -1 -6 -2 -2 -3  2  0 -7 -1  5 0 1 0 0 0.01
-1  2 -1 -2 -4  1  0 -3  1 -3 -5  0 -3  4 -6  2  1  2  4 -2 0 1 0 1 0.01
-3 -7 -5 -4  1 -2 -4 -7 -7  3  2 -5  1  1 -7 -4 -1 -7 -3  6 0 1 0 0 0.01
-1  1  1  0 -4  1  3  0  0 -5 -6  2 -5 -4 -5  3 -2 -5 -3 -2 0 1 0 1 0.01
-4 -5  5  6 -8 -2 -2  2 -3 -8 -8 -2 -8 -8 -4 -3 -5 -8 -8 -8 0 0 1 1 0.01
-5 -5 -3 -3 -5 -6 -4  7 -4 -9 -9 -5 -8 -6 -6 -2 -7 -8 -8 -6 0 0 1 0 0.01
-1  0  4 -4  0  0 -2 -3  2  0 -2  2  0  0 -5  0  0 -5  0  1 0 1 0 1 0.01
-4 -6 -8 -8 -5 -5 -8 -6 -5 -4  7 -7  2 -3 -8 -6 -4 -7 -2 -3 0 1 0 0 0.01
-2  1  0 -3 -5  0 -2 -5  3  2 -2  1 -2  0 -5 -1  0  0  2  4 0 1 0 0 0.01
-5 -7 -6 -8 -2 -4 -7 -6 -8  7  4 -7  0 -4 -7 -5 -6 -7 -4 -1 0 1 0 0 0.01
-3  2 -2 -3 -4 -1  2 -4 -2  0 -4  2 -2 -6 -5 -1  5 -3 -4  0 0 1 0 0 0.01
 5 -4 -2 -5 -1 -4 -4  0 -5 -1 -1 -5 -2 -4  1 -1  0 -2 -5 -1 0 1 0 0 0.01
-2  4 -1  0 -2  0 -1 -3  0 -1  0  2 -2 -2 -3 -1  2 -2 -2 -3 0 1 0 1 0.01
-1  4 -1 -2 -4  1 -1 -3 -1 -3 -1  5 -2 -1 -2 -3 -2  2  1 -2 0 1 0 1 0.02
-3 -1  0  3 -3  1  5 -2 -2 -3 -2 -1 -2 -3 -3 -1  0 -4 -2 -3 0 0 1 1 0.03
 0  0  3  2 -2  0  0  1 -1 -2 -2 -1 -2 -3  1  1  1 -1 -2 -2 0 0 1 1 0.04
 0 -1  0  1  0 -1  0  1  0 -1 -1  0 -1  1  0  0  0  0  2  0 0 0 1 1 0.07
 0 -1  1  0 -1  1  0  3 -1 -2 -3  1 -1 -2  1  0  1 -2 -1 -2 0 0 1 1 0.10
-1  0  2  1 -1  0  0  2 -1 -1 -1 -1 -1 -1  0  0  0  0  0 -1 0 0 1 1 0.15
 0  0  0  0  0  0  0  0  0 -1 -1  1 -1 -2  1  1  1  3 -1  0 0 0 1 1 0.16
 0  0  1  0 -1  0  0  0  0  0  0  0  0  1  1  0  0  1  1  0 0 0 1 1 0.19
 0 -1  0  0  1  0  0  0 -1 -1  0  0 -1  0  0  0  0  4  1 -1 0 0 1 1 0.22
 0  0  1  2 -1  0  0  2 -1 -1 -1 -1 -1 -1  0  0  0  0  0 -1 0 0 1 1 0.21
 0  0  0  0  1  0  0  2  0 -1 -1  0 -1 -2  1  0  0 -1 -1  0 0 0 1 1 0.19
 0  0  0  0  1  0  0  0 -1  0  0  0  0 -1  1  0  0  0 -1  0 0 0 1 1 0.19
 0  0  1  0  0  0  0  0  0 -1 -1  0 -1 -1  0  1  1  1 -1  0 0 0 1 1 0.24
 0  0  1  0 -1  1  0  0  0 -1 -1  0  0 -1  1  0  1 -1 -1 -1 0 0 1 1 0.19
 0  0  1  1 -1  0  0  0  1 -1 -1  0 -1 -1  1  0  1  2  1 -1 0 0 1 1 0.19
 0  1  1  1  0  1  0  0  0 -1 -1  0 -1 -1  1  0  0  0 -1 -1 0 0 1 1 0.20
 0  0  0  1  0  0  0  0 -1 -1 -1  0 -1 -1  1  0  1  2  0  0 0 0 1 1 0.17
 0  0  1  1 -1  0  0  1 -1 -1 -2  0  0 -2  1  1  1  1 -1 -1 0 0 1 1 0.14
 0  0  1  1 -1  0  0  2 -1 -1 -1  0 -1  0  0  0  0 -1  0 -1 0 0 1 1 0.10
 0  0  1  0 -1  0  0  1  0  0 -1  1  0 -1  0  0  0  0  1 -1 0 0 1 1 0.07
 0  0  0  0 -1  0  0  1  0 -1 -2  0 -1 -1  3  0  1 -1  0 -1 0 0 1 1 0.04
 0  0  0 -1  1 -1 -1  0  0  0 -1  0  0  1  0 -1  0 -1  3  0 0 0 1 0 0.03
-1 -1  0  1 -2  1  0  0  0 -2 -2  0 -1 -1  3  0  1  2  1 -2 0 0 1 1 0.02
-3 -3 -5 -4 -5 -4 -4 -3  0  0 -3 -5 -2  4 -4  0 -3  6  7 -1 0 0 1 0 0.01
 0 -1 -1 -2 -3 -1 -3 -2 -2 -2 -3  0 -2 -4 -3  1  6 -5 -1 -3 0 0 1 0 0.01
-1 -1 -3 -4  0 -3 -5  2 -3 -6 -5 -2 -5 -4 -5  6  0 -6 -4 -4 0 0 1 0 0.01
 4 -5 -4 -5 -1 -5 -4  5 -4 -2 -2 -5  0 -3 -4 -1 -3 -6 -5 -4 0 1 0 0 0.01
-1  5 -3 -4  0 -2  1 -2 -2  0 -2  1  0 -1 -4 -1  0  1 -1  0 0 1 0 0 0.01
-2 -5 -3 -5 -4 -5 -4 -6 -4  5  3 -5  1 -2 -5 -3  2  0  0  3 0 1 0 0 0.01
-2  3  2  0 -5  2  2 -3  1 -2 -4  2 -2 -3 -3 -1  1  0 -1 -1 0 1 0 1 0.01
-2 -5  0 -2 -5 -4 -4  1 -5 -5 -6 -3 -5 -6 -4  4  6 -3 -4 -4 0 1 0 0 0.01
-3  3  1 -3 -6  1 -2 -3  0 -3 -3  6 -2 -4 -3  0  0 -6 -2 -2 0 0 1 1 0.01
 0  0  0  1 -3  1  0  1  0 -2 -2  1 -1  4 -3 -2 -1  0  1 -2 0 0 1 1 0.01
 0  1  0  1 -4  0  0 -2 -1 -3 -3  3 -2 -1 -2  2  2 -5 -1 -3 0 0 1 1 0.01
-2 -4 -2 -4 -6  0 -5  0 -3  0 -2 -4 -1  7 -3 -4 -1  6  2  0 0 1 0 0 0.01
-1  2  0 -2 -5  2 -2  1  0 -4 -1  3 -1 -2 -3 -2  3 -5 -4 -3 0 1 0 1 0.01
-2 -4 -4 -5 -2 -4 -6 -6  1 -3 -5 -3 -4  2 -4 -5 -3 -1  9 -1 0 1 0 0 0.00
-3 -6 -3 -6 -5 -6 -6  7 -6 -5 -4 -5 -3 -7 -1 -4 -2 -2 -7 -5 0 1 0 0 0.00
-5  6 -5 -6 -1 -3 -5 -6  1 -3 -3  2 -2 -2 -5 -4 -1 -3  6 -3 0 1 0 0 0.00
-2 -6 -6 -7 -5 -6 -6 -7 -5  3  0 -5  1  5 -5 -4 -2  2  4  4 0 1 0 0 0.00
-5 -6 -4  0 -8 -1  8 -5 -6 -8 -6 -4 -7 -8 -7 -3 -4 -8 -7 -3 0 1 0 0 0.00
 4 -6 -6 -6  2 -5 -6 -2 -6  3 -4 -5  2 -2 -6 -1 -1 -6 -5  4 0 1 0 0 0.00
-4  8 -1 -5 -2 -3 -2 -6 -4 -6 -6  1 -3 -7 -7  0 -3 -5 -4 -4 0 1 0 0 0.01
 4 -6 -6 -7  0 -6 -6 -4 -6  4  0 -6  6 -3 -5 -3 -2 -6 -3 -1 0 1 0 0 0.01
-4  4 -3 -3 -7  2 -3 -5 -5 -7 -5  7 -6 -7 -6 -3 -4 -7 -4 -6 0 1 0 1 0.01
 1 -2 -2 -3 -2 -2 -2 -1 -2  2  2 -2  2  1  1 -1  0 -1 -1  1 0 1 0 1 0.01
 1 -4  0 -2 -1 -1 -3 -2 -2 -1  2 -3  3 -4  5 -1 -1 -4 -3 -2 0 0 1 0 0.01
 2 -3  2  1  0 -2 -1 -4 -1 -4 -6  1 -3 -7  6  0 -2 -2 -5 -4 0 0 1 1 0.01
 1  1  1 -2 -2  0 -1  0 -1 -1  0  1 -2 -3 -2  1  2 -2 -1 -1 0 0 1 1 0.01
 0 -1 -1 -1 -2 -2 -1  5 -1 -3 -2  0 -2  0 -3 -1 -1 -3 -2 -1 0 0 1 1 0.01
 0  1  0  2 -4  3 -1  0 -1 -2 -3  2 -1 -4  2  0 -1 -4 -3 -2 0 0 1 1 0.01
-2 -4 -3 -5 -4 -5 -5  7 -3 -4 -6 -5 -6 -5 -4 -2 -4  6 -5 -4 0 0 1 0 0.01
 0 -4 -3 -3 -2 -3 -4 -2 -3  2  2 -4  3  0 -4 -1  2 -1  1  2 0 0 1 0 0.00
-5 -5 -1 -8 -1 -5 -7 -6  1 -4 -3 -7 -7  1 -8  1 -3 12 -2 -1 0 0 1 0 0.00
-2 -6 -2 -6 -2 -4 -5 -3 -3 -7 -7 -6 -7 -7  8  3 -2 -8 -7 -4 0 0 1 0 0.00
 7 -4 -4 -5 -3 -4 -4 -2 -6 -6 -5 -6 -3 -1 -6  1  0 -7 -6 -5 0 1 0 0 0.00
-5 -7 -8 -8 -7 -8 -8 -6 -1  4 -1 -8 -1  8 -8 -7 -5  3 -2 -2 0 1 0 0 0.00
-9 -9 -9 -10 -8 -8 -9 -9 -8 -8 -5 -9 -8  1 -9 -5 -2 13 -5 -9 0 1 0 0 0.00
-2 -6 -6 -6 -3 -3 -5 -5 -6 -2  4 -6  8  0 -6 -3  1 -5  0 -4 0 1 0 0 0.00
-4 -2 -2 -4 -3 -2 -5 -4 -2  0  4 -2  5 -1 -5 -3 -1  2  3 -2 0 1 0 0 0.01
-1 -5  0 -4 -3 -4 -3  4 -2 -5 -5 -3 -3 -5  6  1 -1 -6 -4 -3 0 0 1 0 0.01
 1 -1  1  1 -2  1  1  0 -1 -2 -2  0 -1 -2  1  1  2 -3 -1 -1 0 0 1 1 0.01
 0  0  2  2 -2  0  1 -1  0 -1 -2  0 -1 -1  1  1  0 -1  0 -1 0 0 1 1 0.01
-1  0  2  3 -2  0  1  0 -1 -1 -1  0  0  0  0  0 -1 -1  1 -1 0 0 1 1 0.02
 0  2  1  2 -2  0  1  0 -1 -2 -2  1 -1 -2 -1  0  1 -1  0 -1 0 0 1 1 0.02
-1 -2  3  2 -1  0  0  0  0 -2 -2 -1 -2 -1 -1  0  0  3  2 -2 0 0 1 1 0.02
-1  0  1 -1 -2 -1 -1  2 -1  1 -1 -1 -1  0  1 -1  0  5  1 -1 0 0 1 1 0.02
-1 -1  1  1 -2 -1 -1  1  0 -1 -1 -1  0 -2  3  0  2 -1  0  0 0 0 1 1 0.03
 0 -1  1  0 -1  0  1  0 -2 -2 -2  0 -2 -1  1  0  0  3  3 -2 0 0 1 1 0.02
 0 -1  1  1 -3  0  0  2 -1 -1 -1 -1 -1 -1 -1  0  0  0  0  1 0 0 1 1 0.02
 0 -2  1  1  1 -1  0  4  0 -2 -3 -1 -1 -2  1  0 -1  1 -3 -2 0 0 1 1 0.01
-3 -2  0  0 -6 -1 -2 -2 -1 -6 -4 -2 -5 -2 -1 -2 -1 11 -1 -4 0 0 1 0 0.01
-1 -2 -2 -2 -6 -3 -2 -1 -5 -2 -3 -1 -5 -2  7 -2 -1  0 -1 -1 0 0 1 0 0.01
 1  1  1  0 -1  0  0  0  1 -2 -2  0 -1 -2  1  1  0  0  0 -2 0 0 1 1 0.01
-2 -2  0 -1  5 -1 -2  1  1 -2 -3 -1 -4 -2 -3  3 -1  4  1 -1 0 0 1 0 0.01
-4 -3 -4 -1 -6 -3 -5  7 -4 -5 -4 -7 -4 -7 -3 -3 -2 -8 -6 -4 0 0 1 0 0.01
-9 -11 -6 -10 -15 -6  8 -14 -5 -15 -14 -11 -13 -15 -13 -12 -12 -14 -5 -14 0 1 0 0 0.01
-9 -13 -14 -14 -12 -9 -10 -14 -7  8  0 -13  0 -1 -13 -13 -5  0 -8 -1 0 1 0 0 0.01
-12 -12 -4  9 -6 -6 -9 -7 -12 -14 -14 -12 -14 -14 -12 -11 -7 -14 -7 -14 0 1 0 0 0.01
-4 -11 -11 -11 -5 -11 -11 -10 -11  8  0 -11  0 -5 -11 -9 -7 -11 -6  3 0 1 0 0 0.01
-4 -9 -8 -10 -3 -2 -4 -10 -5  0  1 -9 10  2 -10 -7 -4 -2 -3  2 0 1 0 0 0.01
-11 -11 -11 -6 -13 -6  8 -12 -11 -13 -13 -5 -12 -3 -12 -7 -11 -13 -12 -12 0 1 0 0 0.01
 0 -2  2 -4  1 -1 -4 -2  4  0 -2 -6  2  1 -7  2  0  2  3  0 0 1 0 0 0.01
-4  4 -3 -7 -1 -3 -7 -1 -2  2  0 -2 -1 -1 -4 -4 -2  0  3  4 0 0 1 0 0.02
-4 -5  4 -4 -5  0 -7  6 -1 -6 -7 -4 -5 -4 -5 -2 -5 -8 -1 -5 0 0 1 0 0.02
-1  1  5 -1 -1  0 -2  1  1 -4 -3  1 -3 -1 -1 -1 -2  0  2 -3 0 0 1 1 0.02
 0 -1  3  4 -3  0  2  0 -3 -3 -2  0  0 -4  0 -1  1 -1 -3 -2 0 0 1 1 0.02
 0 -1  3  2 -3 -1 -3 -1 -2 -3 -3 -1 -4 -4  4  0  2  0 -1 -1 0 0 1 1 0.02
-1 -1  1  0 -1 -1  0  0 -2  1  1 -1  1  0  0 -1  1  0  0  0 0 0 1 1 0.02
 0  1  1  0 -2  0 -1  0  1 -1 -2  2 -2 -2 -2  0  1  2  2 -1 0 0 1 1 0.02
 0  0  0  1  0  1  0  0  1 -1 -2  0 -1 -2  0  0  1 -1  1  0 0 0 1 1 0.02
 0 -1  1 -1  0  2  0  0 -1  0 -2 -1  0 -1  0  1  1 -1  0  1 0 0 1 0 0.01
 0 -1  2  1 -2 -1 -1  1  0 -1 -2 -2 -2  0  0 -1  1  4  2 -1 0 0 1 1 0.01
-1 -3  2 -2 -4 -1 -3  3  5 -2 -2 -2  0 -2 -3  0 -1  1  1 -1 0 0 1 0 0.01
-1  0  3  0 -3 -1 -2  0  2 -1 -3 -1 -2  0 -2  0  3  1  1  0 0 1 0 0 0.01
-1 -2  0 -1 -1 -2 -2 -1  0  2  1 -2  0  0 -1  0  0  1  1  2 0 1 0 0 0.02
-1 -3  2 -2 -3 -2 -1  0  8  0 -3 -2 -3  0 -3 -1 -1  2  1  0 0 1 0 0 0.01
-1 -3  3  0  3 -2 -3  2  1 -1 -3 -2 -2 -2 -3  1  2 -1  1  0 0 0 1 0 0.01
 0  0  1 -1 -4  0  0  1  0  0 -2 -2 -1 -2  0  0  1 -1 -1  1 0 0 1 0 0.01
 0 -1  0  0 -1 -1 -1  1  1 -1 -1 -1 -2 -2 -1  1  1  1  1  1 0 0 1 0 0.01
 0 -1  0 -2 -1  0 -2  0  3  0 -1 -1  1  0 -2  1  1  3  2  0 0 0 1 0 0.02
 0 -1  1 -2 -1  0 -1  1  3  0 -1 -1  1  0  0  0  0  2  1  0 0 0 1 1 0.02
-1 -2  2 -2 -2 -2 -3  2  6 -3 -3 -2 -1 -1 -1  1 -1  2  3 -2 0 0 1 1 0.02
-1 -2  0 -1 -2 -2 -1  4  2 -2 -3 -2 -2  0 -2  1  0  4 -1 -1 0 0 1 0 0.02
-1 -1  0 -2 -4 -1 -2  2  2 -2 -1  1 -3 -1  0 -1  3  0  2 -1 0 0 1 1 0.02
-1 -1  0 -2  2 -1 -1  1  3  0  0 -1  1 -2  3 -1 -1 -1 -1 -1 0 0 1 0 0.03
-1 -2  2  1  0 -2 -2 -1  6 -2 -2 -3 -4 -2 -2  0  3  3  0 -2 0 0 1 0 0.03
-2 -3  0 -1  0  0 -1  0  1 -2 -1 -3 -2  0  1 -2  0  8  2 -2 0 0 1 0 0.03
-1 -1  0  0 -3  0 -1  2  4 -2 -2  0 -3 -1  1  0  0 -1  0 -2 0 0 1 1 0.04
 0  0  2  0 -2  0 -1  2  0 -2 -3 -1 -3  0  1  0  1 -1  3 -2 0 0 1 1 0.05
-1 -2  2  1 -1 -1 -1  2  1 -1 -3 -1 -3 -2  2  0  0  1  2 -3 0 0 1 1 0.05
 0 -2  1  1 -1  0 -1  3 -1 -2 -3  0 -3 -2 -2  0 -1  4 -1 -2 0 0 1 1 0.06
 0  0  2  0 -2  0 -1  1  2 -2 -2 -1 -1 -1 -1  1  1  1  1 -2 0 0 1 1 0.07
-1 -1  0 -1  0 -1  0  1  1  0 -2 -1 -2  1 -2  0 -1  7  3 -1 0 0 1 0 0.09
 0  1  1 -1 -2  0 -1  1  1 -1 -2  0 -2 -4  4  0  1 -2  0 -2 0 0 1 1 0.08
 0  1  2  0  0  2  0  0  1  0 -2  1 -2 -1 -1  0  0  2 -1 -2 0 0 1 1 0.08
 0  0  3 -2 -3  0 -1  0  0 -2 -3  0 -3 -2 -1  1  3 -3  1 -2 0 0 1 1 0.08
 0  0  1  1  0  1 -1  1  2 -2 -2 -1 -2  0  0  1  0  1  0 -1 0 0 1 1 0.07
 0 -1  1  0 -1 -1 -1  2  3 -2 -2  0 -2 -1  0  0  0  1  3 -1 0 0 1 1 0.06
-1 -1  2 -2 -2 -1 -1  2  1 -3 -3  2 -3 -2 -2  1  2  1 -1 -1 0 0 1 1 0.05
 0  0  0  0 -4  0  0  3  2 -2 -2  1 -1  0 -2  0  1  0  0 -2 0 0 1 1 0.04
 0 -1 -1 -2 -2 -1 -1 -1  2  1 -1 -1 -1  0 -2  0  1  2  4  0 0 0 1 0 0.03
 0  0  0  2 -2  0  0 -2  2 -1 -1  0 -2 -1 -1  1  2  1  1 -1 0 0 1 1 0.02
 0 -1 -1 -2 -1 -1 -1 -1  0  0  2  0  0  0  1  0  1  0  0  0 0 0 1 0 0.02
-1 -1  1  1 -2 -2 -2  2  0 -1 -3  0 -3 -3  4 -1  1 -2 -2 -2 0 0 1 1 0.01
-1 -1  1  1 -2  0  0  1 -1  0 -1 -1 -1  2  0 -1  1  1  0  0 0 0 1 0 0.01
-2 -1  3  5 -5 -3 -1  1 -4 -3 -4 -1 -5 -2  0  0  0 -5 -3 -5 0 0 1 1 0.01
 1 -3 -2 -1  1 -2 -4 -2 -4 -1  1 -3 -2  4  2 -2 -1  5  1  0 0 0 1 0 0.01
 3  0  1  1 -1  1 -2 -1 -1 -3 -4 -3 -3 -4 -3  3  1 -1 -1 -2 0 0 1 0 0.01
 0 -3  2  5 -7  1  2 -1 -3 -6 -4 -1 -5 -6 -7  1  2 -7 -7 -5 0 0 1 1 0.00
 0 -2  1  6 -5  0  2  3 -4 -7 -7 -1 -7 -7 -6 -1 -3 -7 -5 -6 0 0 1 0 0.00
-10 -10 -10 -11 -10 -10 -8 -11 -9 -9 -6 -10 -3  9 -7 -10 -10  7  6 -10 0 1 0 0 0.00
-11 -3  2 -10 -11 -8 -10 -11 11 -5 -9 -8 -10 -10 -11 -9 -8 -11 -3 -4 0 1 0 0 0.00
-6  0 -1 -3 -9 -6 -4 -10 -7  2 -2 -4 -5 -9 -9 -6  6 -10 -7  4 0 1 0 0 0.00
-7 -10 -10 -11 -10 -10 -10 -11 -5 -6 -10 -10 -6  5 -11 -8 -10  6  9 -5 0 1 0 0 0.00
 4  3 -8 -8 -9  0 -4  4 -7 -9 -8 -3 -6 -10 -9  1  0 -2 -7 -4 0 1 0 0 0.00
-2 -9 -10 -10  1 -9 -8 -8 -9  3  3 -9  5  2 -9 -6 -4 -1 -6  5 0 1 0 0 0.00
-7 -4 -2  4 -10 -2  6 -10 -1  0 -2 -4 -5 -5 -9 -5 -2  3  0 -3 0 1 0 0 0.00
-12 -4 -8 -12 -12 -11 -12 -12 -12 -2 -6 -4 -2 -4 -12 -12 -12 13 -4 -3 0 1 0 0 0.00
-4 -2  1  4 -10  0  1 -3 -3 -10 -5 -3 -9 -6 -9  2  5 -4 -1 -7 0 0 1 1 0.00
 1 -2 -4 -1 -11  0  4 -4 -7 -8 -8  0 -10 -11  6 -2 -3 -11 -6 -7 0 0 1 1 0.00
-4 -3  3  5 -10  0  3  1 -2 -8 -9  1 -5 -6 -9 -1  1 -6 -6 -8 0 0 1 1 0.00
-1  0 -1 -3 -9  1  3  0  2 -4 -6  2 -4  0 -8  1  0 -2  4 -2 0 1 0 0 0.00
-4 -11 -11 -11 -6 -10 -11 -7 -11  7  2 -11  5 -2 -11 -10 -6 -10 -3  2 0 1 0 0 0.00
-2  5 -3  0 -6  0 -1 -5 -1 -1 -5  2 -6 -1 -9 -1  4 -3 -2  1 0 1 0 0 0.00
-6 -12 -12 -13 -7 -12 -12 -6 -7  0 -2 -12  0  7 -13 -9  0 10  2 -2 0 1 0 0 0.00
-5 -3 -12 -8 -7 -8 -6 -5 -4 -6 -2 -5 -3  4 -12  1 -2  2  9 -8 0 1 0 0 0.00
-7 -5 -12 -12 -4 -7 -6 -13 -7  4  2 -7  0  2 -9 -11 -7 -11 -1  6 0 1 0 0 0.00
-13 -13  3  9 -15 -11 -7 -12 -12 -14 -15 -12 -14 -15 -13 -11 -8 -15 -5 -14 0 0 1 0 0.01
-7 -2  2  4 -11 -5 -6  6 -6 -11 -11 -8 -11 -11 -10 -2 -6 -11 -11 -11 0 0 1 1 0.01
-3  1  1 -4 -9  4  3 -6  0  0 -6  3 -4 -5 -4 -4 -1 -9 -3  3 0 0 1 1 0.01
-2 -2 -2 -5 -4  2  2 -7  2 -1  3  0  0 -1  0 -4 -3 -2 -3  1 0 1 0 1 0.01
-3 -5 -7 -8 -3 -2 -7 -8 -2  1  0 -3 -1  3 -6 -4  1 -3  6  4 0 1 0 0 0.01
 0  1  1 -3 -2  1 -5  1  6 -5 -2 -2  0  3 -3 -3 -2  4  3 -5 0 1 0 0 0.02
-2  3 -2 -2 -5  1  2 -5  0 -4 -5  0 -4 -5 -4  1  5 -5 -3 -2 0 1 0 1 0.02
 0  0 -2 -3 -4  0 -2 -3 -4  2 -1 -2  0  2 -3 -1  1 -4  2  4 0 0 1 1 0.02
-2 -1  2  4 -5 -2  0 -3 -4 -5 -6  1 -3 -4  2  0  4 -3 -1 -3 0 0 1 1 0.02
-1  1  5  1 -4 -1 -1 -1 -1 -3 -3  1 -1 -1  2  0  1 -2 -2 -3 0 0 1 1 0.01
 1 -3  1  1 -7  0  0  0  0 -2 -3 -2 -3 -4  2  1  2  5 -2 -2 0 0 1 1 0.01
-1 -2 -1  1 -5  1  1 -1  1 -1 -4 -3 -1  2  4 -2 -1  3  2 -2 0 0 1 1 0.01
-3 -6 -3 -3 -2 -6 -4 -4 -1 -1 -1 -5  1  6  1 -1 -1  8  1 -1 0 0 1 0 0.01
-3 -2  2  5 -8  0 -1 -2  5 -5 -7 -2 -4 -1 -1  0  0  0  2 -3 0 0 1 1 0.01
-2  2  2  0 -5  4  0 -1  1 -3 -3  2 -1 -2 -3  0  1 -3 -1 -3 0 0 1 0 0.01
-1 -1  1  0 -6  0  2  0 -2 -3 -5  0 -6 -6  6 -1 -2 -2 -2 -6 0 0 1 1 0.01
-1 -3 -1  0 -5  2 -1  1  1 -4 -1 -3  5  5 -2 -2 -2 -2  1 -3 0 0 1 0 0.01
-4 -2  2 -2 -4  1 -3 -4  4 -5 -5  0 -4  5 -2 -2  0  4  6 -3 0 0 1 0 0.01
-2 -6 -4 -1 -8 -4 -3 -3 -5  3  3 -3  3  1  1 -3 -4  6 -4  1 0 1 0 0 0.01
-1 -2  0 -2 -4 -3 -3 -2 -5  4  2 -3  2  0  2 -3  0  3 -1  0 0 1 0 0 0.01
-2 -4 -2 -1 -8 -4 -4 -3 -8  1  4 -4  3  4 -2 -2 -2 -5 -2  0 0 1 0 0 0.01
-2 -5  7  3 -1 -5 -3  0 -5 -6 -7 -3 -7 -1 -2  0 -1 -5 -2 -4 0 1 0 0 0.01
-1 -2 -1  0 -1  0 -2 -2  1  0  3 -1  0 -1 -1 -2  0  3 -1  2 0 0 1 0 0.01
 5 -4 -1 -2 -8 -2  0  0  0 -4 -6 -2 -2 -5  2 -1 -1  5 -4 -3 0 0 1 0 0.01
-2 -4 -3 -3 -5 -3 -4 -2 -3  2  1 -4  2  3  2 -3 -2 -1  2  4 0 0 1 0 0.01
-3 -1  1  0 -8  0 -4  5  1 -5 -5 -3 -1  2  0 -2 -2 -3  3 -4 0 0 1 0 0.01
 0 -3  0 -1 -4 -2 -3  5  0 -1  0 -2 -3  2 -3 -1 -3  0  2 -3 0 0 1 0 0.01
-1 -2  2  0 -3 -3 -2 -1 -3  2 -1 -2  0 -1  4 -1  1  2 -4 -1 0 0 1 0 0.01
-2 -2  1 -2 -4 -1 -1 -2  0  2  1  0  1  5 -2 -3 -2  3  0  0 0 0 1 0 0.01
-1 -2  3  2 -4 -3 -2  0 -2 -1  2 -2  2  0  1 -2  0  0  1 -1 0 0 1 0 0.01
 1 -3  5  1 -4  1 -1  0 -3 -1 -1 -1  0 -1  0 -2 -1 -1 -1 -2 0 0 1 0 0.01
 0 -3 -1 -1 -4 -1 -2 -1 -4  0  1 -3  0  1  2 -2 -1  7 -2  1 0 0 1 0 0.01
 3 -2 -2 -1 -2 -1 -1 -2 -3  0 -1 -2 -2  3  2 -1 -1  0 -2  1 0 0 1 0 0.01
 0 -1  1  3  0 -1 -2  2 -2  0 -1 -2  0 -1 -2 -1  0 -2 -2  2 0 0 1 0 0.01
-2 -3  2  1 -3  1 -1  5 -3 -3 -3 -1 -2 -3 -1 -2 -1  0 -3 -1 0 0 1 0 0.01
 1 -2  1 -1 -1  0  1  4 -1 -2 -3 -1 -2 -2  1  0 -2 -3 -3 -2 0 0 1 1 0.01
-2 -2  3  1 -4 -2 -2 -1 -1 -1 -2 -3 -2  5 -1 -1  0  6  1 -2 0 0 1 1 0.01
-2 -3 -1 -2 -5 -4 -2  0  0 -3 -1 -4 -4  1 -4 -3 -1  9  5 -2 0 0 1 0 0.01
-1 -5 -1 -2 -6 -3 -3  2 -4  0  1 -2 -1 -1  6 -3 -2  3 -2 -2 0 0 1 1 0.01
-2 -4 -3  0 -7 -2 -3  5 -3  3 -2 -2 -3 -4 -2 -2  0 -5 -5 -2 0 0 1 1 0.02
 0 -2  1  0 -3 -1 -2  2 -2 -1  1 -1  2  0  2  0 -1  0  1 -1 0 0 1 1 0.02
-3 -3  5  1 -7 -3 -1  0 -2 -4 -4 -2 -5 -6  5 -2  0 -2 -4 -3 0 0 1 1 0.03
-2 -2  1  4 -6 -2 -1 -4 -4  2  0 -2 -3 -3  2 -2  0 -1 -6  2 0 0 1 1 0.03
 4 -3  1  4 -5 -2 -1  0 -1 -4 -4 -2 -5 -4 -1  0  1 -3 -5 -3 0 0 1 1 0.03
 1 -3  2  2 -4 -1  0 -1 -4 -1 -3 -2 -1 -4  0  1  2 -1 -4  2 0 0 1 1 0.02
 0 -3  0  1 -6 -3  0  3 -3 -3 -4 -3 -6 -3 -4  1  5 -5 -6 -4 0 0 1 1 0.02
 0 -1  0  2 -4  0  0  3 -3  0 -4 -1 -4 -3  2 -1 -1 -3 -3  0 0 0 1 1 0.01
-3 -3 -1 -1 -4 -3 -3 -4 -3 -2  2 -3 -1  7 -3 -1 -2  1  4 -3 0 0 1 0 0.01
-4 -3 -4  1 -6 -3 -1 -1 -5 -3 -6 -2 -6 -6  8 -3 -1 -4 -3 -5 0 0 1 1 0.01
 4 -2  1 -4 -5  4 -5 -1 -2 -3 -4  0 -1 -4 -5  1  0 -4 -5  1 0 0 1 1 0.01
 0  2 -2  0 -6  2  3 -5 -3 -4 -6  1  0 -5 -4  1  3 -5  1 -3 0 1 0 1 0.01
-4 -10 -11 -8 -7 -6 -9 -11 -3 -6  1 -8 10  4 -11 -7 -5 -5  3 -5 0 1 0 0 0.00
-3 -2 -6 -1 -9  3  4 -9  0 -3  2  0 -3 -4 -8 -4 -2 -2  4  0 0 1 0 0 0.00
-6 -11 -11 -11 -6 -10 -11 -11 -11  5 -7 -10 -8 -6 -10 -10 -8 -10 -1  7 0 1 0 0 0.00
-5 -7 -3  9 -14 -8 -1 -5 -7 -14 -11 -5 -13 -14 -12 -9 -12 -14 -13 -14 0 1 0 0 0.00
-10 -5 -9 -11 -13 -12 -11 -14 -1 -12 -10 -13 -12 -3 -14 -6 -13  9 10 -12 0 1 0 0 0.00
-7 -12 -13 -13 -6 -12 -12 -13 -13  3 -5 -12 -4 -2 -12 -12 -10 -13 -6  8 0 1 0 0 0.00
-1  8 -11 -12 -14 -3 -6 -8  1 -14 -13  2 -12 -14 -13 -7 -8 -14 -12 -13 0 1 0 0 0.00
 0 -11 -11 -12 -1 -8 -11 -8 -4  0 -4 -9  0 -1 -11 -5 -1 -2  0  7 0 1 0 0 0.01
-11 -11 -12 -13 -12 -11 -5 -12 -8 -11 -8 -11 -10  2 -13 -7 -8  9  9 -11 0 1 0 0 0.01
-4  1 -4 -5 -10  8  2 -9 -6 -10 -8  4 -4 -10 -8 -5 -4 -9 -3 -5 0 1 0 1 0.02
-6  5 -4 -6 -9 -4 -4 -6 -6 -8 -3  7 -4 -8  0 -4 -6 -8 -7 -8 0 0 1 1 0.03
-3 -5 -6 -6 -4 -5 -5 -6 -6  4  1 -5  1 -3 -5 -5 -3 -5 -4  6 0 0 1 1 0.10
