 0 -2  2 -1 -2 -1 -1 -1 -2 -3 -4 -1 -3 -3 -2  5  1 -4 -3 -3 0 0 1 1 0.86
-1 -2  5  0 -2  0 -1  1 -1  1 -2 -1 -1 -3 -2  1  1 -4 -2  0 0 0 1 1 0.80
 1  0  2 -2 -2 -1 -1 -2 -2  1 -1 -1 -1  0 -2  0 -1 -3  0  3 0 1 0 1 0.76
-1 -2 -2 -3 -2  0 -2  0 -3  3  1 -1  0 -1 -3  0  0 -3 -2  2 0 1 0 1 0.64
-1 -3 -4 -4 -3 -2 -1 -4 -3  2  2 -3  8 -1 -4 -3 -1 -3 -2  0 0 1 0 0 0.63
 1 -1  0 -1 -3  2  2  0  5 -3 -2 -1  2 -3 -2  1  2 -3 -1 -2 0 0 1 1 0.54
-3 -1  3  5 -5  0  4 -3 -2 -5 -5 -1 -4 -4 -3 -1 -2 -4 -1 -4 0 0 1 1 0.36
-1  0 -1 -2 -2  1 -2 -1 -2  1 -1  1  0 -1 -2  0  4 -3 -2  2 0 0 1 1 0.34
-1 -3  1 -2 -3 -2 -2 -2 -3 -3 -3 -2 -3  0  4  4  2 -4 -3 -3 0 1 0 0 0.18
-2  1 -1 -2 -4  6  0 -3  2 -3 -4 -1 -1 -4 -3  2  2 -4 -3 -3 0 1 0 1 0.09
-3 -4 -3 -5 -5 -4 -4 -5  5 -3 -2 -4 -3  5 -5 -4 -4 -1  8 -3 0 1 0 0 0.04
 1  4 -2 -3 -3  0  0 -3  5 -2  1 -1  0 -3 -1 -1 -2  1 -1 -1 0 1 0 1 0.02
-2 -5 -5 -5 -3 -4 -5 -5 -5  1  1 -4  1 -3 -2 -4 -2 -5 -3  6 0 1 0 0 0.02
-3 -2  1  0 -5  4  6 -2  0 -5 -5 -1 -4 -5 -3 -2 -1 -5 -4 -4 0 1 0 0 0.01
-5  1 -2 -4 -6 -2 -3 -5 10 -6 -6 -3 -4 -4 -5 -4 -5 -5  1 -6 0 1 0 0 0.01
-3 -4 -5 -6 -3 -4 -5 -1 -5  0  6 -5  0 -2 -5 -4 -3 -4 -3  0 0 1 0 0 0.01
 3  1 -3 -3 -2 -2 -2 -3 -3 -1  1 -1  3  1 -3  0  1 -3 -1  1 0 1 0 0 0.01
-2 -4 -3 -4 -3 -3 -3 -4 -4 -3 -4 -3 -3 -5 -4  1  7 -5 -4  0 0 1 0 1 0.01
-2 -5 -5 -6  6 -5 -5 -5 -4 -1 -1 -5 -2  8 -6 -3 -4 -2  2 -3 0 1 0 0 0.01
 0 -1 -2 -1  1 -1  1 -3 -2  0 -1  2 -1 -3  1  1  2 -4 -2  1 0 1 0 1 0.01
-2 -3 -4 -4 -3 -1 -4 -1 -4  2  4 -3  3 -1 -4 -2 -2 -3  0  3 0 0 1 0 0.01
-1 -2  0  5 -4  1  1  2 -2 -4 -4  1 -4 -5  0  1 -1 -5 -4 -4 0 0 1 1 0.02
-1  2  1  1 -3  0  1 -2 -1 -3 -2  2 -2 -3  2  1  1 -3 -3 -2 0 0 1 1 0.03
-1 -1 -1  0 -4  2  3  2 -2 -4 -4  3 -3 -4 -2  1  1 -4 -3 -3 0 0 1 1 0.04
-1  1  1  3 -3  0  2 -2 -1 -1 -2  0  0 -1 -2  1  2 -3 -2 -2 0 0 1 1 0.04
 1 -1 -1  0 -2  1  2  2 -1 -2 -2 -1 -2 -2  0  1  0 -2  0 -1 0 0 1 1 0.04
-2 -3 -4 -2 -2 -1 -3 -4 -4  3  3 -3  2 -1  1 -3  1 -3 -1  3 0 0 1 0 0.04
-1  2 -2  0 -2  2 -1 -2  2  1  0  1  1 -2  1 -1 -1 -3 -2  1 0 0 1 1 0.03
-1 -2  2  1 -3  0  0 -1 -2 -2 -3 -2 -3 -1 -3  2  4 -3  1 -2 0 0 1 1 0.03
 2 -4 -4 -4 -3 -3 -3 -4 -4  0 -1 -3  1  1  4 -2  0 -4 -3  4 1 0 0 0 0.03
 1 -1 -1  3 -4  2  3 -3  1 -4 -3  3 -3 -4 -3  0 -2 -4 -3 -3 1 0 0 1 0.03
-3 -3  0  6 -5 -2  2 -4  2 -4 -2 -3 -4 -4 -4 -2 -1 -5  0 -2 1 0 0 0 0.03
 3 -1 -3 -3  5 -3 -3  3 -3  0 -1  0 -2 -3 -3 -1 -2 -4 -3 -1 1 0 0 0 0.02
-2 -3 -2 -4 -3  0 -3 -1 -4  4  2 -3  4 -2 -4 -1 -1 -4 -3  2 1 0 0 0 0.02
-1  5  1  2 -4  2  2 -3 -2 -4 -3  2 -3 -4 -3 -1 -1 -4 -3 -2 1 0 0 1 0.02
-2  4 -2  0 -4  1 -1 -3  3 -3  0  4 -2 -4 -3  0 -2 -4 -3 -3 1 0 0 1 0.02
-4 -5 -6 -6 -4 -4 -5 -6 -5 -1  6 -5  0 -2 -5 -5 -1 -4 -3  0 1 0 0 0 0.02
 0  1 -1 -1 -3  2  0 -3 -1 -1  0  4 -1 -1 -3  0 -2 -4 -2 -1 1 0 0 1 0.02
-1  0  0 -1 -3  2  2 -1  0 -1  1  0  1  1  0 -1 -2 -3 -1 -1 1 0 0 1 0.02
-3 -1 -4 -4 -3  0 -3 -4 -3  0  4 -1  6 -2  0 -3 -2 -3 -3 -1 1 0 0 0 0.02
 0 -2  0  5 -4 -1  4 -3 -2 -4 -3  1 -3 -4 -3  1  0 -4 -4 -3 1 0 0 1 0.02
 3 -1 -1 -2  2  1  1 -1 -2 -3 -1  3 -2 -3 -2  2 -1 -4 -3 -2 1 0 0 1 0.03
 0  1  1 -2 -4  3 -1 -1 -2 -4 -3  4  0 -3 -3  1  1 -4  0 -3 0 0 1 1 0.03
-1 -3  2  0 -4 -1  0  5 -3 -5 -5 -1 -4 -5  0  0  0 -5 -4 -4 0 0 1 1 0.03
-1  4  1  0 -4  1 -1  2  1 -4 -2  3 -3 -4 -3 -2 -2 -4 -3 -4 0 0 1 1 0.02
-3 -4 -5 -5 -3 -4 -5 -5 -5  4  3 -4  0  1 -5 -4 -2 -4 -2  4 0 0 1 0 0.02
-6  1 -1 -7 -6 -5 -6 -6 -5 -6 -5 -5 -5 -2 -7 -6 -5 12  2 -6 0 0 1 1 0.01
 2 -3 -2 -3 -2 -2 -2  1 -3  0 -2 -2 -1  0  2  2  3 -4 -3  0 0 0 1 1 0.01
-1 -2 -2 -3 -5  7 -1 -4  3 -5 -5  1 -3  0 -4  0 -3 -4 -3 -5 0 1 0 1 0.01
 0 -1  1  3 -3  2  3 -1 -2 -3 -3  2 -3 -4  1 -1  0 -4 -3 -3 0 1 0 1 0.01
-2 -3 -4 -4 -3 -3 -1 -4 -4  1  2 -3  8  0 -4 -3 -1 -3 -3  1 0 1 0 0 0.01
-2 -2 -2 -2 -2  0  1 -3 -2  2  2 -2  0  2 -3 -1 -1 -2  1  1 0 1 0 0 0.01
-3 -4 -5 -6 -3 -4 -5 -6 -5  2  5 -4  6 -2 -5 -4 -3 -4 -3 -1 0 1 0 0 0.01
-1  3 -2  2  1  4  2 -2 -2 -4 -4  1 -1 -5 -3  0 -1 -4 -3 -4 0 1 0 1 0.01
-2 -4 -1 -4 -3  0 -1 -5 -4  2  2 -3 -1  1 -4 -2 -2 -4 -2  5 0 1 0 0 0.01
-2  1  3  3  1  1  1  0  0 -4 -4  0 -3 -4 -3  1  1 -4 -3 -3 0 0 1 0 0.01
 1  0  1  4 -4 -1  1  1 -1 -4 -4 -2 -3 -4  3  1 -1 -4 -2 -3 0 0 1 1 0.01
 1  0  2  0 -3  2  1  1  1 -3 -3  1 -2 -1 -1  1  1 -3  0 -3 0 0 1 1 0.01
 1 -2 -1  0 -3  0  0  1  3 -3 -3  0 -1 -1 -3  1 -1  7  2 -2 0 1 0 1 0.01
-2  0 -4 -5 -3 -3 -4 -5 -4  4  3 -1  0 -1 -4 -3 -2 -4 -3  4 0 1 0 0 0.01
-1  1 -1 -2 -1  1  0 -3  0  1  1  0  0 -2 -3  2  1 -3 -1  1 0 1 0 0 0.01
-3 -4 -5 -6 -3 -4 -5 -6 -5  2  5 -4  3 -2 -5 -4 -3 -4 -3  2 0 1 0 0 0.01
-2  2 -2 -3 -1 -1 -1 -4 -3  1  3 -1  2 -1 -3 -1  0 -3  0  0 0 1 0 0 0.01
-4 -4  1  7 -5 -3  0 -4 -3 -1 -5 -3 -5 -5  0 -3 -3 -6 -5 -5 0 0 1 1 0.02
 0 -3 -1 -2  1 -1  0  0 -2  3  0 -1  0 -1  2 -1 -1 -3  0  1 0 0 1 0 0.02
-1  0  1  2 -5  2  5  0 -2 -4 -4 -1  1 -4 -3 -1 -2 -4 -2 -2 0 0 1 1 0.02
-1 -3  2 -3 -3  0 -2  0 -3 -3 -3 -2  2 -4 -3  3  5 -5 -4 -3 0 0 1 1 0.02
-2  1  2  1 -3  2  1  1  3 -2  0  1  2 -3 -2 -1 -2 -3 -2 -2 0 0 1 1 0.03
 0  0  1  2 -4  0  4 -3  2 -3 -3  0  0 -4 -2  0  1 -4 -3 -2 0 0 1 1 0.03
-1  0 -1  0 -3  0  4 -3  0  0  0 -1 -1 -2  0 -1  0 -3 -2  1 0 1 0 1 0.03
-2 -2 -3 -3 -2  0 -2 -3 -3  1  4 -2  3 -1 -3  0 -1 -2 -2  1 0 1 0 1 0.03
-2 -1 -1  3 -4  0  6 -3 -2 -4 -4  1 -3 -4 -2 -2 -2 -4 -3 -4 0 1 0 1 0.03
 0  2  2  0  0  1  0 -2  0 -2 -1  0 -1 -3 -2  3  0 -3 -2 -1 0 1 0 1 0.02
-3 -3 -3 -4 -3 -3 -3 -4 -2  2  1 -3  1  6 -4 -3 -2  2  4  0 0 1 0 0 0.02
 1  2 -2 -1 -3  1 -1 -2  0 -3 -3 -1 -3 -4  6 -1 -2 -4 -3 -3 0 1 0 1 0.01
 0 -3 -3 -4 -2 -3 -3 -1 -3  1  4 -3  2  2 -1 -2 -2 -2  0  0 1 0 0 0 0.01
 0  1  1  2 -3  1  2  0 -1 -3 -3  1 -2 -3  1  2  0 -3 -3 -3 1 0 0 1 0.01
 0  0  1  1  1  0 -1 -1  0 -1  0 -1 -1 -2 -2  2  1  3  0 -2 1 0 0 0 0.01
-3 -5 -5 -5 -3 -4 -5 -5 -5  6  0 -4 -1 -2 -4 -4 -2 -4 -3  4 0 1 0 0 0.01
-1  1 -2 -1 -3  4  1 -1  1 -1  1  1 -1 -2 -3 -1  0 -3  0  0 0 1 0 1 0.01
 1  2  0  0 -3  0  2 -2  4 -2 -2  0  1 -3 -2  1 -1 -3 -1 -2 0 1 0 1 0.01
-1 -4 -1 -4  7 -3 -3 -4 -4  0  1 -3  2 -3  3  0 -1 -4 -3  1 0 1 0 0 0.01
-2  0  0  3 -4  3  1 -3  1 -2 -4  3 -3 -4 -3  1  2 -4 -3 -3 0 1 0 1 0.01
 4 -3 -1 -3 -1  0 -2 -2  2 -2 -3 -2 -2  0 -2  1  2 -4 -3  0 0 1 0 0 0.01
 0 -4 -4 -4 -3 -3 -2 -2  0  2  0 -2  1  3 -2 -3 -2 -3 -1  4 0 1 0 0 0.01
-2 -1 -1 -3 -3 -2 -1 -4 -3  0  4 -3  2  0 -1  0  1 -3  0 -1 0 0 1 1 0.01
-3 -3  5  4 -4 -2 -2  2 -1 -5 -5 -1 -4 -5  4  0 -1 -5 -4 -5 0 0 1 0 0.01
 0  0  0  1 -3  2  1 -1 -2 -2 -1  0  1 -3  1  2  1 -4 -3 -1 0 0 1 1 0.01
-2 -1 -2  1  7 -2  1  2 -1 -3 -2  0 -2 -4  0  0  0 -4 -4 -3 0 0 1 1 0.01
 0  2  1  1 -3  0  0 -1  1 -1 -1  0  0 -3 -1  2  0 -3 -2  0 0 0 1 1 0.01
-4 -3 -1 -3 -5 -4 -4 -5 -1 -3 -1 -3 -3  5 -5 -2 -3 -1  8 -2 0 0 1 1 0.01
-2  0  6  3 -3 -1 -1 -1  0 -5 -5  0 -4 -5  2  0 -2 -5 -4 -5 0 0 1 1 0.01
-1 -3  4  1 -4  0 -1 -3  0 -5 -4 -2 -4 -5 -1  5 -1 -5 -4 -4 0 0 1 1 0.01
-3 -4 -5 -5  1 -4 -5 -5 -5  4  4 -4  2 -2 -5 -4 -2 -4 -3  3 0 1 0 0 0.01
-4 -5 -6 -6 -4 -5 -5 -6 -5  1  6 -5  0  0 -5 -5 -3 -4 -3  0 0 1 0 0 0.01
 0 -3 -3 -4 -2 -3 -3 -4 -4  2  3 -3  1 -2 -3  0  2 -4 -3  2 0 1 0 0 0.01
-3 -4 -5 -5 -3 -4 -5 -5 -4  4  4 -5  1  5 -5 -4 -3 -3 -1  1 0 1 0 0 0.01
-1 -3 -1 -3 -3 -1 -3 -4 -3  1 -1 -1 -1 -1 -3  2  3 -4 -3  4 0 1 0 0 0.01
-2 -4 -4 -5  7 -4 -4 -4 -4  1 -1 -4  1 -3 -4 -3  0 -4 -1  5 0 1 0 0 0.01
-1  1  0  1 -4  6  0 -2 -2 -4 -2  2 -2 -4 -1 -1 -2 -4 -3 -4 0 0 1 1 0.01
-1 -2  1  4 -4  0  4  0 -2 -4 -4 -1 -3 -4 -1 -1  0 -4 -1 -2 0 0 1 0 0.02
 0  2  0  0 -3 -1 -1 -1 -1 -1 -2  0 -2 -4  4  2  0 -4 -3 -2 0 0 1 1 0.03
-1  0  3  3 -4 -1  1  2  2 -3 -4 -1 -3 -4 -3  2 -1 -4 -2 -4 0 0 1 1 0.03
-2  2  1  1 -4  4  0 -1  0 -3  0  2 -2 -4 -2 -1 -1 -4 -3 -2 0 0 1 1 0.03
-1  3  0 -2 -4  1 -1 -1  2 -4 -3  2 -3 -3  3  0  0 -4  0 -3 0 0 1 1 0.03
-1  1  2 -1 -3  1  0 -1  2 -2 -2  3 -1 -1  1  1  0 -3  0 -1 0 0 1 1 0.02
 0  1 -2 -2 -3 -2 -1  0 -3 -3 -2 -2 -3 -4  6  0  3 -4  0 -2 0 0 1 1 0.02
 0 -2  0  4 -2  3  3 -3 -2 -4 -3 -1 -3 -5 -3  2 -1 -5 -4 -4 0 1 0 0 0.01
-2 -4 -4 -4  2 -3 -4 -5 -4  4  1 -4  4  0 -4 -2  1 -4 -3  3 0 1 0 0 0.01
-4 -3 -3 -4 -5 -3 -3 -5  9 -3  1 -4  0  3 -5 -4 -4 -3  3 -4 0 1 0 0 0.01
-2 -4 -3 -4 -3 -3 -4 -4 -3  3  3 -4  5  4 -4 -3 -2 -2 -1  1 0 1 0 0 0.01
-5 -5 -5 -6 -5 -5 -5 -5 -4 -3 -2 -5 -3  9 -6 -5 -4 -2  2 -3 0 1 0 0 0.01
-3  0  1 -3 -6  8  0 -4  2 -6 -5 -1 -3 -6 -4  0 -3 -5 -2 -5 0 1 0 0 0.01
-3 -6 -5 -5 10 -5 -6 -1 -5 -1 -4 -5 -4 -5 -5  0  0 -5 -5  0 0 0 1 0 0.01
-1 -1  1  3 -4  2  3 -3  0 -2  0 -1 -2 -3 -2  0 -1  1 -3 -1 0 0 1 1 0.01
-2  1 -2  3 -2  1  5 -2  0 -4 -2 -1 -3 -4 -3  0  1 -4 -2 -4 0 0 1 1 0.01
 0 -4 -4 -4  2 -1 -4 -4 -4  3  0 -3  1 -2 -4 -2  2 -4 -1  5 0 0 1 1 0.01
-1  1 -1 -1 -4 -1  1  3 -2 -4 -3  2 -3 -4  4  1 -2 -4  0 -4 0 0 1 1 0.01
 6 -4 -2 -4 -3 -3 -3 -1 -4 -3 -4 -3 -3 -5 -3  1 -2 -5 -4 -1 1 0 0 0 0.01
-2  0  1  3 -4  3  5 -3  0 -4 -3 -1 -3 -5 -1  0 -1 -5 -3 -1 1 0 0 1 0.01
-1  0 -2  1 -3  0  0 -3  1  1  2 -1  2  0 -3 -1  0 -2  1  1 1 0 0 1 0.01
-3 -3 -5 -5 -3 -4 -5 -5 -5  5  3 -4  0 -1 -5 -4 -2 -4 -3  4 1 0 0 0 0.01
 1  2 -1 -2  3  1 -1 -2  4 -2 -3  2 -2 -3 -3  0 -1 -4 -2  1 1 0 0 0 0.01
 2  0  2  2 -4  0  4 -3 -2 -4 -3  0 -2 -3 -3 -1  1 -4 -3 -2 1 0 0 1 0.01
 0 -3  1  6 -5 -2  2 -3 -1 -5 -5 -1 -4 -3 -3  1 -3 -6 -4 -5 1 0 0 0 0.02
-3 -4 -5 -5 -3 -4 -5 -6 -5  5  4 -4  1 -1 -5 -4 -3 -4 -3  1 1 0 0 0 0.03
-1  0  2  2 -4  4  3 -3 -2 -3 -2  2 -1 -4 -3  0  0 -4 -3 -2 1 0 0 1 0.03
-1  2  0 -2 -3  1  0  1  0 -3 -3  3 -1 -4 -3  2 -1 -4 -3 -2 1 0 0 1 0.06
 5 -3 -3 -4  0 -2 -3 -1 -3 -1 -2 -2 -2 -1 -3  0 -1  1  0  0 1 0 0 0 0.10
-2 -2 -4 -4 -2 -3 -4 -4 -4  4  3 -3  3 -1 -4 -3 -1 -3  0  2 1 0 0 0 0.13
 1 -1  0  1 -2  2  2  0  2 -2 -2  0  0 -1 -2  1  0 -3 -2 -1 1 0 0 1 0.21
-1  1  2  5 -4  2  2  0  1 -4 -3 -1 -3 -4 -3  0 -1 -4 -1 -4 1 0 0 1 0.32
 0 -2 -1 -2  0 -1  0 -2  2 -1  0 -1 -1  2 -3  2 -1 -1  4 -1 1 0 0 1 0.42
-1  5 -2 -2 -4  0 -1 -2 -1 -2 -1  4 -2 -4 -1  0  0 -4 -3 -2 0 0 1 1 0.47
 0 -1  0 -2 -3  2  0  2  1 -1  0  0 -2 -2 -1  2  0 -3 -2 -2 0 0 1 1 0.66
 0 -1  0 -2 -3  1 -2  5 -3 -4 -4 -1 -3 -4 -1  2  0 -4 -4 -2 0 0 1 1 0.78
-2  5  0 -2  0  1 -1 -2 -2 -4 -4  5 -3 -5 -3  0 -2 -4 -3 -4 0 0 1 1 0.79
-1 -1  1 -1 -3  1  0  3 -2 -3 -3  2 -2 -3  3  0 -1 -3 -1 -1 0 0 1 1 0.84
-1  3 -1 -1 -3  1  1 -1 -2 -1 -2  3  2 -3  2  1 -1 -3 -2 -2 0 0 1 1 0.88
-2  6  0 -2 -5  1 -1 -3 -2 -4 -4  4 -3 -4 -3 -2 -2 -4 -3 -4 0 0 1 1 0.91
