-1 -1 -2 -3 -1  0 -2 -3 -2  1  2 -1  5  0 -2 -1 -1 -1 -1  1 0 0 1 1 0.95
 0 -2  0 -1 -2 -2 -2  5 -2 -4 -4 -2 -3 -3 -2  0 -2 -2 -3 -3 0 0 1 1 0.94
 1 -1  1  0 -1  0  0  0 -1 -2 -2  0 -1 -2 -1  4  1 -3 -2 -2 0 0 1 1 0.93
-2 -2  1  6 -3  0  1 -1 -1 -3 -4 -1 -3 -3 -1  0 -1 -4 -3 -3 0 0 1 1 0.92
-1  2  0 -1 -3  1  1 -2 -1 -3 -2  4 -1 -3 -1  0 -1 -3 -2 -2 1 0 0 1 0.88
-1 -2 -3 -4 -2 -2 -3 -4 -3  3  3 -2  5  0 -3 -2 -1 -2 -1  1 1 0 0 0 0.85
 0 -1  3  0 -2  0  0 -1  5 -3 -3  0 -2 -2 -2  3  0 -3  0 -3 1 0 0 0 0.81
 0  0  0 -1 -2  0  0  2  5 -3 -3  2 -2 -3 -2  1  0 -3 -1 -3 0 0 1 1 0.82
-1 -1  3  4 -3  0  2 -1  4 -4 -4 -1 -3 -3 -2  1 -1 -4 -1 -3 0 0 1 0 0.78
-2 -1  5  0 -3  2  1 -1  4 -3 -3  0 -2 -3 -2  0  1 -4 -1 -3 0 0 1 1 0.72
-1 -1  3  2 -3  2  2 -2  4 -2 -1  0 -1 -3 -2  1 -1 -3 -1 -2 0 0 1 1 0.64
-2  1  1  2 -4  3  3 -2  3 -4 -3  1 -2 -3 -2  0  0 -3 -2 -3 1 0 0 1 0.49
-3 -4 -5 -5 -3 -3 -4 -5 -4  0  5 -4  6 -1 -4 -4 -2 -3 -3  1 1 0 0 0 0.38
-2  1  0 -1 -4  3  0 -3 -1  0  1  3 -1 -1 -3 -2 -2  1  3 -2 1 0 0 0 0.23
 0  0  1  1 -3  3  3 -3  0  0 -3  0 -2 -4 -2  0  1 -4 -3 -1 1 0 0 1 0.13
-1 -1 -3 -4  1  0 -3 -4  0  2  3  0  2 -1 -3 -3 -1 -3  1  1 1 0 0 0 0.10
-2 -3  0 -3 -3 -3 -3 -4 -4  4  0 -3 -1 -3 -3 -1  5 -4 -3  1 1 0 0 0 0.06
-2  0  2 -1 -4  3  4 -3 -1  0 -3  2 -1 -4 -3  1 -2 -4 -1 -2 1 0 0 1 0.04
-1  1 -1  0 -4  6  2 -3 -2 -4 -4  2 -3 -5 -1  1 -1 -4 -3 -4 1 0 0 1 0.02
-3 -4 -5 -5 -3 -4 -4 -5 -4  1  5 -4  3  0 -5 -1 -3 -3 -3 -1 1 0 0 0 0.02
-2  0 -1 -2 -3  0 -3 -4 -1  4  3 -1  1 -1 -4 -2 -2 -3 -1  0 1 0 0 0 0.01
 0  1  1  2 -3  1  3 -2  1 -1 -1  2  0 -3 -2 -1 -2 -3  0 -2 1 0 0 1 0.01
-1 -2 -2  2  1  1  3 -3 -2 -1  1  0  1 -2 -3 -2 -2  2  2 -1 1 0 0 0 0.01
-1 -3  3 -2  3 -3 -3 -3 -3  3  2 -3 -1 -2 -3 -2  1 -4 -3  2 1 0 0 0 0.01
-1 -1  1  2 -4  2  3 -1  0 -2 -1  1  0 -4 -3 -1 -1 -4 -3 -3 1 0 0 1 0.01
-2  1  0  0 -4  3  4 -3 -1 -2 -3  3 -1 -3 -3 -1  0 -3  2 -3 1 0 0 1 0.02
 2 -3  0 -3  4 -2 -3 -1 -1  2  1 -3  4 -2 -3 -1 -2 -3 -1 -1 1 0 0 0 0.02
 0 -1  2  1 -3  1  2 -2 -1 -2  0  1 -1 -2 -2  0 -1  3  1 -1 1 0 0 1 0.02
-1  0  0  2 -3  3  2 -2  3 -3 -2  1 -2 -2 -2  1 -1 -3  2 -2 1 0 0 1 0.03
-2  4  1 -2 -3  0  0 -3  2  1  0  0 -1 -2 -3 -1  0 -3  2 -1 1 0 0 0 0.06
-1 -4 -4 -5 -4 -4 -4 -5 -1 -2 -2 -4 -3  6 -5 -2 -3  0  7 -3 1 0 0 0 0.05
-2  1  2  0 -4  4  2 -3 -1  0  0  1 -2 -2 -3 -2 -2  2  1 -2 1 0 0 1 0.06
 0  1  0  0 -3  3  2 -3  3 -2 -3  2 -2 -3 -2  0  1 -4 -2 -1 1 0 0 1 0.08
 1 -2  0 -3 -2 -2 -2  1 -1  0 -1 -1  2 -1 -3  0  0 -3  0  3 1 0 0 0 0.11
 0  5 -2 -3 -4  1 -1 -3 -2 -4 -4  5 -3 -5 -3 -2 -2 -5 -3 -1 1 0 0 0 0.10
 0  1  1  1 -4  0  4 -3  0 -2 -2  1 -2 -4 -2  1 -1 -4 -3 -3 1 0 0 1 0.10
-1  1  1  1 -3  2  3  1 -1 -3 -3 -1 -1 -3 -2  2  1 -4 -1 -3 1 0 0 1 0.11
-1  1  1  3 -4  4  1  2 -2 -4 -4  0  0 -4 -3 -1 -2 -4 -3 -2 0 0 1 1 0.08
-1  2 -1 -1  2  3  2 -1  1 -1 -3  2 -2 -3 -2  0  1 -3 -1 -1 0 0 1 1 0.07
-2 -1  1  3 -3  0  4 -2 -1 -3 -3  0 -3 -3  1  1  0 -3 -1 -2 0 0 1 1 0.06
-1  0 -2 -2 -4 -2 -3 -1  3 -3 -3 -1 -1  3  4 -2 -3 -1  6 -3 0 0 1 0 0.04
-4 -4  1  7 -5 -1  0 -3 -3 -5 -6 -3 -5 -6 -4  0 -3 -6 -5 -5 0 0 1 1 0.03
-5 -5 -5 -6 -5 -6 -6 -6 -3 -3 -2 -6 -2  9 -6 -5 -5 -1  2 -3 0 0 1 1 0.02
-4 -3 -3 -1 -4  0 -3 -5  4 -3 -2 -4 -2  6 -5 -4 -4 -1  7 -2 0 0 1 1 0.02
 0  1  0  0 -3  3  2  0  0 -3 -2  2  0 -3 -2  0  1 -3 -2 -2 0 0 1 1 0.01
-2 -2 -1  3 -4  1  4 -3 -2  0 -3 -1  1 -3 -3 -2  1 -4  0  1 0 0 1 1 0.01
-2 -4 -5 -5 -3 -4 -4 -5 -5  3 -1 -4  3 -3 -4 -4 -2 -5 -3  6 0 0 1 0 0.01
-3  0 -2 -3 -5  3  0 -4 -2 -3 -3  6 -3 -4 -3 -2 -2 -4 -1  0 1 0 0 1 0.01
-3 -5 -4 -4 -5 -4 -1 -5 -5 -5 -5 -3 -5 -6  9 -3 -4 -6 -6 -5 1 0 0 1 0.01
-1 -4 -4 -2 -4 -3 -1 -4  2 -2 -2 -4  0  6 -5 -2 -3 -1  6 -3 1 0 0 0 0.01
 4 -3 -3 -4  1 -3 -3 -1 -4 -1 -2 -3 -2 -3 -3  0  2 -4 -3  3 1 0 0 0 0.01
 0 -2  0  5 -4  1  3 -3 -1 -4 -4  1 -4 -5 -3 -1 -1 -5 -4 -3 1 0 0 1 0.01
-1  2  0  0 -3  2  2 -2  2 -1 -2  2  0 -3  0  0 -1 -4 -2 -2 1 0 0 1 0.01
 0 -2 -1 -4 -2 -3 -3 -4 -4  4  0 -3  0  1 -3 -1 -1  0 -2  4 1 0 0 0 0.01
-3 -1  0  5 -5  2  1 -3  3 -4 -4  2 -3 -1 -3 -1 -2 -4  1 -4 1 0 0 1 0.01
 1  2  1  0 -3  3  2 -1  0 -3 -3  1 -2 -4 -1  1  1 -4 -3 -3 1 0 0 1 0.01
 0  1 -2 -2 -2 -1  0 -3  2  0  3  1  0 -2 -3 -1  0 -3 -2  0 1 0 0 0 0.01
 1 -3 -2 -4  2 -3 -3 -3 -4  3  3 -3  1 -1 -3  0 -1 -3 -2  1 1 0 0 0 0.01
 1 -1  2  3 -3  0  3 -2  0 -4 -4  1 -3 -4 -2  1  0 -4 -3 -3 1 0 0 1 0.01
 0  1  0  1 -4  3  4 -3 -1 -3 -2  1  0 -4 -2  0 -2 -4 -3 -2 1 0 0 0 0.01
-5 -5 -6 -7 -4 -5 -5 -5 -5 -1  2 -5 -2  2 -6 -5 -4 11 -1 -3 1 0 0 0 0.01
-1  1  0 -1 -3  3  1 -3 -2 -1  0  3 -1 -3 -2  1  0 -4 -3 -1 1 0 0 1 0.02
 0 -1  1  0  0  2  3 -2  1 -3 -2  0 -2 -3  2  1  1 -3  0 -3 1 0 0 1 0.02
 0 -1  0  1 -3  0  1 -2  2  0  1 -1  0  0 -3 -2 -2 -1  4 -1 0 0 1 0 0.02
 4  0 -2 -2 -2  1  0 -2  0 -2 -2  1 -1 -3 -1  1 -1 -4 -1 -1 1 0 0 1 0.01
-1 -1  1  1 -3  1  1 -3 -2  0  1  1 -1 -1 -1  0  0  1  1 -1 1 0 0 1 0.01
 0  1  1  0 -3  2  2 -2  0 -1 -1  0 -1 -1 -1  1  0 -3 -2  0 1 0 0 1 0.01
-3 -4 -5 -5 -3 -4 -5 -5 -4  4  0 -4 -2  3 -5 -4 -3  9  2  1 1 0 0 0 0.01
-2 -4 -4 -4 -2 -3 -4 -4 -4  5  0 -3  2 -2 -4 -1  1 -4 -3  3 0 0 1 0 0.02
-2  1  2 -1 -4  3  2 -3 -2 -4 -4  5 -3 -5 -3  0  0 -4 -3 -4 0 0 1 1 0.01
-2 -1 -3 -3 -4 -1 -3 -4 -4 -2  0 -1  0 -2  7 -1  0 -4 -4  0 0 0 1 0 0.01
 0  2 -1 -1 -4  0 -1 -3 -2 -4 -4  4 -3 -5  5  0 -1 -5 -4 -3 0 0 1 1 0.01
-4 -4  2 -2 -5 -3 -4 -5  3 -4 -2 -4 -3  0 -5 -3 -4 -1  9 -4 0 0 1 1 0.01
-2 -4 -4 -5 -3 -3 -4 -5 -4  3  3 -4  5  1 -4 -3 -2 -3 -2  2 0 0 1 0 0.01
-3 -1  4 -2 -5  0 -2 -1  8 -4 -4 -2 -3  0 -4 -1 -1 -3  4 -4 0 0 1 1 0.01
 0 -1 -2 -1 -4  1  3 -3  0 -2 -3  1 -2 -2  4 -1 -1  1 -3  0 1 0 0 1 0.01
 0  1  1 -1 -3  3  1 -2 -1  0  0  0  0 -2  0  1  0 -3  0 -1 1 0 0 1 0.01
-3 -1 -2 -3 -5  7  0 -4 -2 -4 -2  4  0 -5 -3 -2 -3 -4 -4 -4 1 0 0 1 0.01
-3 -4 -5 -5 -3 -4 -4 -5 -4  4  2 -4  0  3 -4 -4 -2  2  1  2 1 0 0 0 0.01
-1 -1  1  4 -4  3  4 -3  0 -2 -4 -1 -3 -4 -3  0 -1 -4 -3 -1 1 0 0 1 0.01
 1  0  1 -2 -2  2 -1 -2  2  0  1 -1  0 -2 -3  2  1 -3 -2 -1 1 0 0 1 0.01
 2 -3 -3 -4 -2 -2 -3 -3 -3  0  2 -3  2  0 -3 -1  2 -3 -2  2 1 0 0 0 0.01
 1  0 -2 -3  2 -2 -1 -1  0  2  0  1  0 -1 -3 -1 -1 -3  0  2 1 0 0 0 0.01
 0 -2 -1  3 -4  1  5 -3 -2 -4 -3  1 -3 -5 -3  1 -2 -5 -4 -4 1 0 0 1 0.01
-2 -2  7 -1 -4  0 -2 -2  5 -4 -3 -2  0 -4 -4  0 -2 -5 -3 -4 1 0 0 0 0.01
-2 -4 -4 -5 -3 -3 -4 -2 -4  4  3 -4  5  2 -4 -3 -2 -3  0  1 1 0 0 0 0.01
-1 -1  0  0 -4  4  4 -2 -2 -4 -2  2 -2 -4 -3 -1  0 -4 -3 -3 1 0 0 1 0.01
-2 -1  0  0 -3  3  3 -3 -2  0  0  1  3 -3 -3  0  0 -4 -3  0 1 0 0 1 0.01
-2 -3  0 -4 -2 -3 -2 -4 -3  3  3 -3  0  2 -4 -3  0 -3 -2  2 1 0 0 0 0.01
 3 -3 -2 -3  1 -2 -2 -2 -3 -1 -1 -2  1  0 -3  4  0 -4 -3  1 1 0 0 0 0.01
-2 -4 -5 -5 -3 -4 -4 -5 -5  2  2 -4  2 -2 -4 -4 -2 -4 -3  6 1 0 0 1 0.01
-1  0  0  0 -4  5  4 -3  2 -4 -4  1 -3 -5 -3  0 -1 -4 -3 -4 1 0 0 0 0.01
 3 -4 -3 -4  8 -3 -3 -3 -4 -4 -4 -3 -3 -4 -3  3 -2 -5 -4 -3 0 0 1 0 0.01
-4 -4 -3 -5 -5 -4 -4 -5  7 -3 -2 -4 -2  7 -5 -4 -4 -1  4 -3 0 0 1 0 0.02
-3 -3  0 -4 -4  1 -3 -4 -1 -2 -2 -3 -2  6 -5 -2 -3 -1  6  1 0 0 1 1 0.02
-1 -1  1 -2  0 -1 -1  1  2 -4 -3  2  0 -3  5  0 -2 -3  1 -3 0 0 1 1 0.03
-2  3 -1  2 -4  0  2 -2  2 -4 -4  4 -3 -4 -3  1 -1 -4 -3 -4 0 0 1 1 0.03
-1 -3 -2 -3 -3 -1 -3 -1 -3  1 -3 -2 -2 -4 -3  1  6 -4 -3  0 0 0 1 0 0.04
-1  2 -1 -2 -3 -1 -2  0  4 -4 -4  1 -3  0  1  4 -1 -4 -2 -4 0 0 1 1 0.03
-1  4 -1 -2 -4  0  0 -1  0 -3 -2  4  0 -3 -1 -2 -2 -3  2 -3 1 0 0 1 0.03
-3  2 -2 -3 -5 -1 -1 -4 -3 -5 -5  7 -3 -5 -1 -1 -1 -5 -4 -4 1 0 0 1 0.03
-3  6 -3 -4 -4  0 -2 -4  2 -1  2  1  0 -3 -4 -3 -3 -4 -3 -1 1 0 0 1 0.02
-4 -4 -5 -5 -4 -1 -5 -5 -3  1 -1 -5  0  8 -5 -4 -4 -1  3 -1 1 0 0 0 0.02
-2  0  2 -2 -3 -1 -2 -3 -2  3  1  2  3  0 -3 -2  0 -3  0  1 1 0 0 0 0.02
-3 -2  1  4 -5  3  5 -2 -2 -5 -3  0 -3 -5 -3  0 -2 -5 -4 -4 1 0 0 1 0.02
-1  0 -2 -2 -3  1 -1 -3  3 -1  1  3  1  0 -3  0  2 -2  2 -2 1 0 0 0 0.02
-2 -3 -1 -3  1 -3 -3 -4  1  2  1 -3  0  3 -4 -1  0 -2  3  1 1 0 0 0 0.01
-2  2  1 -2 -5  4  2 -3  2 -5 -4  5 -3 -5 -3 -2 -2 -4 -3 -4 1 0 0 1 0.01
 3 -3  0 -2 -3 -2 -2 -2 -3 -4 -4 -2 -3 -4 -3  6 -1 -5 -4 -3 1 0 0 1 0.01
 0 -4 -2 -4 -2 -3 -4 -4 -4  3 -1 -3 -1 -2 -4 -1  1 -4 -3  5 1 0 0 0 0.01
 0  2  0 -1 -3  3  1 -3  1 -1  0  2 -1 -3 -2  0  0 -3 -2 -1 1 0 0 1 0.01
-4 -4 -4 -6 -5 -4 -4 -6  3 -4 -3 -4 -3  3 -5 -4 -4  0  9 -4 1 0 0 1 0.01
-2 -3 -2  4 -3 -2 -1 -3 -3  0 -1 -2 -2 -3 -3 -1  4 -4 -3  2 1 0 0 0 0.01
-3 -4 -5 -6 -3 -4 -5 -6 -5  0  6 -4  1  1 -5 -4 -3 -3 -2 -1 1 0 0 0 0.01
-1  0  4  2 -4  3  1 -2  2 -4 -3  2 -2 -4 -3  1  0 -4 -3 -3 1 0 0 1 0.01
-1 -1  3 -2  0  1 -1  0 -1 -1  0 -1 -1 -1 -3  0  1 -2  3  0 1 0 0 0 0.02
-2 -4 -4 -4 -2 -3 -4 -4 -4  4  3 -3  2  0 -4 -3 -2 -3 -2  3 1 0 0 0 0.04
 0  0 -1 -3 -3  0  0 -3 -2  1  3  1  0  1 -3 -2 -2 -2  1  0 1 0 0 0 0.05
 0 -1  1  3 -4  1  3  0  0 -3 -2  0 -1 -4 -2  1 -1 -4 -3 -3 1 0 0 1 0.09
 0  1  0  1 -3  3  2  0  0 -3 -1  0 -2 -1 -2  0  1 -3  1 -2 1 0 0 1 0.11
-2 -3 -4 -4 -2 -3 -2 -5 -4  4  4 -2  3 -1 -4 -3 -2 -3 -2  2 0 0 1 0 0.16
 0 -1  1  2 -3  0  4  0 -2 -1 -2  1 -2 -3 -2  0  1 -4 -3 -1 0 0 1 1 0.22
-2  3  1  1 -4  2  3 -3 -1 -4 -4  4 -3 -4 -2 -1 -2 -4 -3 -4 0 0 1 1 0.47
-2  0 -1  1 -4  0  5 -3 -1 -4 -4  4 -3 -3 -2 -1  0 -3  1 -3 0 0 1 1 0.62
-1 -2  1 -1 -3 -1  3  5 -2 -4 -4 -1 -3 -4 -2 -1  0 -4 -3 -3 0 0 1 1 0.72
-1 -1 -1  0 -3  0  4  0 -1 -1 -3  0 -2 -3 -2  2  2 -3 -2 -2 0 0 1 1 0.78
 1 -1  0  4 -3  0  2 -1  0 -2 -2 -1 -2 -1 -2  0 -1 -1  3 -2 0 0 1 1 0.82
 0 -3 -1 -2 -3 -2 -2  6 -2 -4 -4 -2 -3 -4 -2 -1 -2 -3 -3 -4 0 0 1 1 0.84
