 3 -2 -1 -1 -1 -1 -1 -1 -2 -3 -3 -1 -2 -3 -2  5  0 -4 -3 -2 0 0 1 1 0.73
-3 -3 -3 -4 -4 -3 -3 -5  3 -3 -3 -3 -2  2 -4 -3 -3  1  9 -3 0 1 0 0 0.61
 0 -1  1 -1 -2  1 -1 -2  1 -1 -1 -1 -1 -3 -2  3  3 -3 -2 -1 0 1 0 1 0.42
-2 -3  3 -2 -2 -2 -2 -3 -2  4 -1 -2 -1 -2  3 -1  1 -4 -3  1 0 0 1 1 0.33
-1 -1  0 -2 -2 -2 -2 -2 -2  2 -1 -2 -1 -2  1  1  3 -3 -2  2 0 0 1 1 0.29
 0  0  1 -1 -2  0 -1  1 -1 -2 -2  0 -2 -2 -2  2  3 -3  0 -2 0 0 1 1 0.26
 0 -3 -3 -3 -3 -2 -2 -3 -3  0 -1 -2 -2 -1  7 -1 -1 -4 -3 -2 1 0 0 1 0.15
-1  2  3 -1 -2  0 -1 -2 -1 -2  0  1 -2 -3 -2  3  1 -4 -2 -2 1 0 0 1 0.13
-2  0  3  1 -3  5  0 -2 -1 -4 -3  1 -2 -4 -2  1  1 -4 -3 -3 1 0 0 0 0.08
-3 -3 -4 -4 -3 -3 -4 -4 -2  1  3 -4  0  5 -4 -3 -2 -1  3  0 1 0 0 1 0.05
 0 -3 -2 -2 -2  1 -2 -3 -3  2 -1 -2 -1 -2  3 -1 -1 -4 -2  4 1 0 0 1 0.03
 1  0 -3 -4 -3 -3 -3 -3  0 -2 -1 -3 -2  4 -4 -2 -2  4  6 -2 0 0 1 0 0.02
-2 -1 -3 -4 -2 -3 -3 -4 -2  0  3 -3  0  4 -4 -2 -1  5  2  0 0 0 1 0 0.02
 2 -2 -1 -2 -2 -1 -1  2 -2 -3 -3 -1 -2 -3 -2  4  3 -4 -3 -2 0 0 1 1 0.01
 1  1  1 -1 -2  1  0  0 -1 -3 -3  1 -2 -3  0  3  0 -3 -2 -2 0 0 1 1 0.01
 3 -2  2 -1 -2 -1 -1 -1 -2 -1 -2 -1 -1 -3 -2  3  1 -4 -2  1 0 0 1 0 0.01
-4 -4 -5 -5 -4 -4 -4 -4 -3 -3 -3 -4 -3  4 -5 -4 -4 11  4 -4 0 1 0 0 0.01
 4 -3 -2 -3  1 -2 -2  1 -2  0 -2 -2 -1  0 -2  0 -1 -2  2  1 0 1 0 0 0.01
-2 -2  0  5 -3 -1  3 -2 -2 -3 -3 -1 -3 -3  4 -1 -2 -4 -3 -3 0 0 1 1 0.01
-2 -2 -2 -2 -3 -2 -2 -1 -1 -2 -2 -2 -2  2  6 -2 -2 -1  4  0 1 0 0 1 0.01
-1  0 -1  0 -2  1  0 -2 -1  2  0  0  0  0 -2  0  1 -2  1  1 1 0 0 1 0.01
 0  0  0  2 -2  1  2 -1 -1 -2 -2  0 -1 -3  1  0  1 -3 -2 -1 1 0 0 1 0.01
-2 -2 -3 -3 -2 -2 -3 -3 -2  0  3 -2  2  4 -3 -2 -2 -1  0  0 1 0 0 0 0.01
-2 -3 -4 -4 -2 -2 -3 -4 -2  3  3 -3  2  3 -3 -3 -2 -1  3  1 1 0 0 1 0.01
-2 -2  6  3 -3  1  0 -2 -1  1 -3 -1 -2 -3 -3  0 -1 -4 -3 -2 1 0 0 1 0.01
-2  2 -3 -3 -2  0 -2 -4 -2  1  3 -1  0  2 -3 -1 -2 -1  1  0 1 0 0 0 0.01
-2 -4 -4 -4  8 -3 -4 -3 -4  0  3 -4  0 -2 -4 -1 -2 -3 -3 -1 1 0 0 0 0.02
-1  0 -1  0 -2  0 -1 -3 -2  1 -1 -1 -1 -2 -2  1  4 -3 -2  2 1 0 0 1 0.02
 1 -1  3  1 -2  0 -1  2 -1 -3 -3  0 -2 -3 -2  2  1 -3 -3 -2 1 0 0 1 0.02
 3 -2  0 -2 -1 -1 -1  0 -2 -2 -2 -1  1 -3 -2  2  2 -3 -2 -1 1 0 0 0 0.03
-2  1 -2 -2 -3  4 -1 -3 -2  2  3 -1  0 -2 -3  0 -1 -3 -2  0 0 0 1 1 0.03
 1 -2 -1  0 -2 -1 -1  4 -2 -2 -1 -1 -2 -2  1  1  0 -2 -2 -1 0 0 1 1 0.04
 0 -1  4  0 -2  3  0  1 -1 -2 -1  0 -1 -3 -2  0  1 -3 -2 -2 0 0 1 1 0.05
 2 -1 -1 -1 -2  3  0 -1 -1  0 -2  0 -1 -2 -1  3  0 -2 -2 -1 0 0 1 1 0.06
-2 -3 -3 -3 -2 -3 -3 -3 -2 -1  1 -3  0  6 -3 -2 -2  0  3 -1 0 0 1 0 0.06
-1  0 -1 -1 -3  7  1 -2 -1 -3 -3  0 -1 -3 -2  0 -1 -2 -2 -3 0 0 1 1 0.08
 0 -2 -1 -2 -2 -1 -2 -2 -2 -1 -2 -1 -1 -2 -2  0  6 -3 -2  0 0 0 1 1 0.09
-2  0 -1 -1 -3  7  1 -2 -1 -3 -1  0 -1 -3 -2 -1 -1 -2 -2 -2 1 0 0 0 0.08
 2 -1  2  0 -2  4  0 -1 -1 -2 -2  0 -1 -3 -1  1  0 -3 -2 -2 1 0 0 1 0.09
 3 -2 -1 -2 -1 -1 -2  4 -2 -2 -2 -1 -2 -2 -1  1 -1 -2 -2  0 1 0 0 0 0.08
-2  6 -1 -2 -3  0 -1 -2 -1 -3 -3  2 -2 -3 -2 -1 -2 -3 -2 -3 1 0 0 0 0.07
-1 -2  0  5 -2 -1  0 -2 -2 -2 -3 -1 -2 -3 -2  1  3 -3 -3 -2 1 0 0 1 0.06
 0 -1 -1 -1 -2  2  0  0 -1  1 -1 -1 -1 -2 -1  1  3 -2 -2  0 1 0 0 1 0.05
-1 -2 -3 -3 -1 -2 -2 -3 -3  2  3 -2  1  1 -2 -1 -1 -2 -1  3 1 0 0 0 0.05
-1  5 -1 -2 -3  4  0 -2 -1 -2 -1  1 -1 -3 -2 -1 -1 -2 -2 -2 1 0 0 0 0.04
-1  1  2  2 -3  3  3 -2  0 -3 -3  0 -2 -3 -1  1 -1 -3 -2 -2 1 0 0 1 0.04
-1 -1 -1 -1 -3  6  2 -3 -1 -2 -3  0 -2 -4 -2  2 -1 -3 -3 -2 1 0 0 1 0.03
-3 -4 -4 -5 -3 -4 -4 -4 -3  0  3 -4  0  6 -4 -3 -3 -1  1 -1 1 0 0 0 0.04
 1 -1  2 -1 -1  0 -1  0 -1  0 -1 -1 -1 -2 -1  3  1 -3 -2  0 1 0 0 1 0.03
 0 -1  3  3 -2 -1  0  2 -1 -3 -3  0 -2 -3 -2  0  0 -3 -2 -2 1 0 0 1 0.03
 0 -2 -2 -2  2  0 -2 -2 -2  1  2 -2  2  0 -2  0  0 -2 -1  1 0 0 1 0 0.04
-2 -2 -3 -3 -2  0 -2 -3 -2  0  2 -2  0  1  1 -2 -2  7  1  1 0 0 1 0 0.03
-1  2  0  0 -2  1  0 -2 -1 -1 -2  3 -1 -2 -1  1  1 -3 -2  0 0 1 0 1 0.05
 0 -1 -1 -1 -2 -1  0 -1 -1 -1 -2 -1 -1 -1  3  2  2 -2  2 -1 0 0 1 1 0.04
 0 -2 -2 -2 -1 -2 -2  1 -2  1  0 -2  0  0  1  0  0 -2 -1  3 0 0 1 0 0.05
 1 -2 -2 -2 -2 -2 -2 -2 -2  0 -1 -2 -1 -2  5 -1 -1 -3 -2  2 0 0 1 0 0.05
 0  0  0 -1 -2  2 -1 -2 -2 -2 -1 -1 -1 -2 -2  2  2  6 -1 -2 0 1 0 1 0.04
-1 -1 -1 -2 -2  0 -2 -2 -2  2  1  0  0 -2  4 -1 -1 -3 -2  1 0 0 1 1 0.03
-1 -2  3  1 -2 -1 -1 -1 -2 -1  0 -1 -1 -2 -2  1  4 -3 -2 -1 0 0 1 1 0.02
-1 -2 -1  0 -2  0 -2 -3 -2  1 -1 -2 -1 -1 -2  1  2 -2  3  3 0 1 0 1 0.02
-2  6 -2 -3 -4  1 -1 -4 -2 -3  0  1 -2 -3 -3 -2  0 -4 -3 -3 0 0 1 1 0.01
-3 -4 -1 -4 -3 -4 -4 -4 -2 -1  1 -4 -1  7 -5 -3 -3  0  2 -2 0 0 1 0 0.01
-2  2 -2 -3 -4 -2 -2 -3 -3 -4 -4 -1 -4 -5  8 -1 -2 -5 -4 -4 0 0 1 0 0.01
 2 -2  0  2 -2  0  3 -1 -2 -1 -2 -1 -2 -3 -2  1  0 -3 -3 -1 0 0 1 1 0.01
 0  0  2  3 -3 -1  0  3 -2 -3 -3 -1 -2 -3  0  1  0 -4 -3 -3 0 0 1 1 0.01
 1 -1 -1  2 -2 -1  0  3 -2 -1 -1 -1 -1  0 -2  0  1 -2 -1  0 0 0 1 1 0.01
-2 -4 -4 -4 -3 -4 -4 -4 -2  0 -1 -4 -1  7 -4 -2 -3  2  4 -2 0 0 1 1 0.01
-2  3 -2 -3 -3  0 -2 -3  0 -2  1  1 -1  2 -3 -2 -2 -1  5 -2 0 1 0 0 0.01
-1 -3 -4 -4 -2 -3 -3 -4 -3  3  1 -3  1 -1 -3 -2 -1 -2  2  4 0 1 0 0 0.01
-2 -3  1 -3 -3 -2 -3 -3 -1 -3 -2 -3 -2  3 -4  0 -2  8  6 -3 0 1 0 0 0.01
 0  2 -1 -1 -2  0  1 -2 -2  1  0  1 -1 -1 -2  1  1 -3 -2  1 0 0 1 0 0.01
-1  2  3 -2 -3 -1 -2 -2 -1 -3 -2 -1 -2  0 -3 -1  0  7  4 -2 0 0 1 1 0.01
-1 -1  4  3 -3  0  1 -1 -1 -2 -3  0 -2 -3 -2  1 -1 -3 -2 -1 0 0 1 0 0.01
 2 -1 -1 -1 -2  1 -1  1 -2 -2 -2 -1 -2 -1  4  1 -1 -2 -2 -2 0 0 1 1 0.01
 0  1 -1 -2 -1 -1 -1  0 -2  1  0 -1  0 -2 -2  1  2 -2 -2  2 0 0 1 1 0.01
-2 -3 -3 -3 -2 -2 -3 -3 -3  4  3 -3  1  0 -3 -2 -1 -2 -2  1 1 0 0 0 0.01
 1  1  0  2 -2  0  1  0 -1  0 -2  1 -1 -2 -1  1  0 -3 -2 -1 1 0 0 1 0.01
 1 -2 -1  0 -2  1 -1 -2 -2 -2 -3 -1 -2 -3  6  0  0 -3 -2 -2 1 0 0 1 0.01
 0 -2 -3 -3 -1 -2 -2 -3 -2  2  3 -2  2  0 -2 -2 -1 -2  1  2 1 0 0 0 0.01
-2 -2 -3 -3 -2 -2 -2 -3 -2  2  1 -2  0  2 -3 -2  0  7  3  1 1 0 0 0 0.01
-1 -1  0  1 -2  0  2 -1  1 -1 -2  0 -1  2 -2  0  3 -2 -1 -1 1 0 0 1 0.01
 4 -2  0 -2 -1 -1 -1  1 -2 -2 -2 -1 -2 -2  1  2  0 -3 -2 -1 1 0 0 1 0.01
-2 -2 -3 -3 -2 -2 -3 -3 -3  1  5 -3  1  0 -3 -3 -2 -2 -2  1 1 0 0 0 0.01
 0 -2 -2 -3 -2 -2 -2 -2 -2  0  3 -2  3  1 -2  0  0 -2 -1  0 1 0 0 0 0.01
-1  0  1 -1 -3  3  0  3 -1 -3 -3  2 -2 -3 -2  1 -1 -3 -2 -3 1 0 0 1 0.02
 3 -1 -1 -1 -1 -1 -1 -1 -2 -2 -2 -1 -2 -2 -1  4  1 -3 -2 -1 1 0 0 0 0.02
 0 -2 -2 -2  2 -2 -2 -2 -2 -1  1  0  0  4 -2 -1  2 -1  1 -1 0 0 1 0 0.02
-2 -2  0  7 -4 -1  1 -2 -2 -3 -4 -1 -3 -4 -2 -1 -2 -4 -3 -3 0 0 1 1 0.02
-1 -2 -1 -2 -2 -1 -1 -2 -2 -2 -2 -1 -1 -3 -2  2  6 -3 -2 -1 0 0 1 0 0.02
-2  5 -1 -2 -3  0  0 -2 -1 -3 -3  4 -2 -3 -2 -1 -1 -3 -2 -3 0 0 1 1 0.02
-2 -1  6  2 -3 -1 -1 -1  0 -3 -3 -1 -3 -3 -2  1 -1 -4 -3 -3 0 0 1 1 0.02
-2  7 -1 -2 -4  0 -1 -3 -1 -3 -3  1 -2 -3 -2 -1 -2 -3 -2 -3 0 0 1 0 0.02
 0 -3 -3 -3 -2 -3 -3 -3 -3  5  0 -3  0 -1 -3 -2  0 -3 -2  3 0 0 1 1 0.03
-2 -3 -4 -4 -2 -3 -3 -4 -3  6  1 -3  0  2 -3 -3 -2 -2 -1  1 0 0 1 1 0.03
-2 -1 -1  0 -4  1  6 -3 -1 -4 -3  0 -3 -4 -2 -1 -2 -3 -3 -3 0 0 1 1 0.04
-1 -3 -3 -3 -2 -2 -3 -3 -3  1  0 -3  0 -2 -3 -2  2 -3 -2  5 0 0 1 1 0.06
-1 -1 -1  2 -3  1  5 -1 -1 -3 -3  0 -2 -3 -2  0 -1 -3 -3 -2 0 0 1 1 0.07
-2 -1  6  2 -4  0  2 -2 -1 -4 -4 -1 -3 -4 -3  0  1 -4 -3 -3 0 0 1 1 0.09
 0 -1  0  0 -3  3  2 -2 -1 -2 -3  0 -2 -3  4  0 -1 -3 -3  0 0 0 1 1 0.10
 1  2 -1  1 -2  3  0 -2 -1 -2 -3  0 -2 -3  1  2  1 -3 -2 -1 0 0 1 1 0.11
 0  2  5  0 -3 -1 -1  0 -1 -3 -3  0 -2 -3 -2  2  1 -4 -3 -3 0 0 1 1 0.12
-2 -3 -3 -3 -3 -2 -2 -3 -3 -2 -3 -2 -3 -4  7 -2  0 -5 -4  1 0 0 1 1 0.13
-1 -2  1  1 -2 -1 -1 -2 -2 -2 -3 -1 -2 -3 -2  3  5 -4 -3 -2 0 0 1 1 0.12
 0 -2  2 -2 -2 -1 -2 -2 -2 -2 -2 -1 -2 -3 -2  1  5 -4 -3 -1 0 0 1 1 0.12
 4 -2  0 -2 -1 -1 -1  1 -2 -2 -2 -1 -2 -3 -2  2  2 -3 -3 -1 0 0 1 1 0.12
-2 -1 -1  0 -5  1  6 -3 -1 -4 -4  0 -3  1 -2 -1 -2 -3 -2 -3 1 0 0 1 0.11
 1 -2 -1  1 -2  0 -1 -2 -2  1 -1 -1 -1 -2 -2  1  4 -3 -2  1 1 0 0 1 0.09
 0  0  0 -2 -2 -1  0 -3 -2  1  3  1  1 -1 -3 -2 -1 -3 -2  0 1 0 0 1 0.07
-2 -2  5  4 -3 -1  0 -2 -1 -3 -1 -1 -2 -3 -2  1 -1 -4 -3 -3 1 0 0 1 0.07
 5 -2 -3 -3 -1 -2 -2 -1 -3 -1 -2 -2 -2 -3 -2  0  0 -4 -3  1 1 0 0 0 0.05
 0 -2 -1 -2 -2 -2 -2 -3 -3 -1 -2 -2 -1 -3 -2  0  6 -4 -3  1 1 0 0 1 0.04
-2  5 -1 -2 -4  5  0 -3 -1 -4 -3  2 -2 -4 -3 -1 -2 -3 -3 -3 1 0 0 1 0.03
-2  7 -1 -3 -4  0 -1 -3 -1 -4 -3  1 -3 -4 -3  0 -2 -4 -3 -4 1 0 0 1 0.03
-1 -3  1 -3 -2 -3 -3 -3 -3  1  0 -3  0  1 -3 -2  1 -3 -1  5 1 0 0 0 0.02
-3 -3  0  7 -5 -2  0 -3 -2 -4 -4 -2 -4  1 -3 -2 -2 -4 -3 -4 1 0 0 1 0.02
-3 -2  0  7 -5  1  1 -3 -2 -4 -5 -2 -4 -5 -3 -1 -2 -5 -4 -4 1 0 0 1 0.02
 5 -2 -2 -3 -1 -2 -2 -1 -3 -2 -3 -2 -2 -3 -2  1 -1 -4 -3 -1 1 0 0 0 0.02
-1 -2 -1 -2 -2 -2 -2 -2 -3  1 -2 -2 -2 -3 -2  3  5 -4 -3 -1 1 0 0 0 0.01
-1 -2 -3 -3 -2 -2 -2 -3 -3  2  0  0  0 -2 -3 -1  2 -4 -2  4 1 0 0 1 0.01
 5 -2  0 -2 -1 -2 -2 -1 -2 -2 -3 -2 -2 -3 -2  1 -1 -4 -3 -1 1 0 0 1 0.01
 1 -3 -4 -4 -2 -3 -3 -4 -4  5  0 -3  3 -1 -3 -1 -1 -3 -2  2 1 0 0 0 0.01
-2  6 -1 -2 -4  0 -1 -3  5 -4 -3  2 -2 -3 -3 -2 -1 -4 -2 -4 1 0 0 1 0.01
 1 -1  3  0 -2 -1  1  0 -1 -1 -3  0 -2 -3 -2  3  0 -4 -2 -1 1 0 0 1 0.01
 3 -1  2  1  2  1  1  0 -1 -2 -3 -1 -2 -3 -2  1  1 -3 -2 -2 1 0 0 0 0.01
-2 -4 -4 -4 -2 -4 -4 -5 -4  6  2 -4  0 -1 -4 -3 -2 -3 -2  2 1 0 0 0 0.01
-2  0  4  2 -3  2  1 -2 -1 -2 -2  0  1 -1  2  0 -1 -3 -2 -2 1 0 0 1 0.01
-2  1  5  0 -3  3 -1 -2 -1 -2  0  0 -1 -3 -3  0  0 -4 -2 -2 1 0 0 1 0.01
-2 -3 -4 -4  2 -3 -3 -4 -4  1  4 -3  1 -1  1 -3  0 -3 -2  0 1 0 0 0 0.01
-1 -1 -3 -3 -2 -2 -3 -3 -3  1  3 -2  2  2  1 -1 -1 -2 -1  1 1 0 0 0 0.01
 1  1  4  1 -2  0  0  0 -1 -2 -2  0 -2 -3 -2  1  0 -4 -2 -1 1 0 0 1 0.02
 1 -1  3  0 -3  0  3 -2 -1 -1  0 -1 -1 -2 -2  0 -1 -3  0 -1 1 0 0 0 0.01
-2 -3 -3 -4 -2 -2 -3 -4 -2  1  4 -3  1  0 -3 -3 -2 -1  2  0 1 0 0 0 0.02
 0 -1  2  0 -2  0 -1 -2 -1  1  0 -1  0 -1 -2  1  1 -3 -2  2 1 0 0 1 0.02
 0  3  1  1 -3  1  1  1 -1 -3 -3  1 -2 -3 -2  0 -1 -3 -2 -2 1 0 0 1 0.03
 0 -3 -1 -2 -2 -2 -2  5 -3 -2 -3 -2 -2 -3  0 -1 -2 -3 -3  1 0 0 1 1 0.03
 0 -1  0 -1 -2  0  0 -2  2 -1  0  1 -1 -1 -2  1  3 -3 -1  0 0 0 1 0 0.04
 0 -3 -1  4 -4 -2 -1  5 -3 -4 -4 -2 -4 -4 -3 -1 -2 -4 -4 -4 0 0 1 0 0.04
-1 -3 -3 -4  3 -2 -3 -4 -2  2  2 -3  3  1 -3 -1 -1 -2  1  3 0 1 0 1 0.04
-2 -3 -1 -3 -3 -2 -3 -4  0 -1  0 -3  3  4 -4 -2  1  0  6 -1 0 1 0 0 0.04
-2 -2  5  5 -4 -1  0 -2 -1  0 -3 -1 -3 -4 -3  0 -1 -5 -3 -2 0 0 1 1 0.03
-2  6 -1 -2 -4  3  0 -3 -1 -4 -3  1 -2 -4 -3 -1  0 -4 -3 -3 1 0 0 0 0.04
 2 -1  0  1 -1  0 -1 -1 -2 -2 -2  0 -1 -2 -1  2  2 -3 -2 -1 1 0 0 1 0.03
 1 -2 -1 -1 -2 -1  0 -1 -2 -1 -1 -1 -1 -3 -2  4  3 -3 -2 -1 1 0 0 1 0.04
-3 -4 -1 -4 -4 -4 -4 -4 -2 -1 -1 -4 -1  8 -5 -4 -3  0  2 -2 1 0 0 0 0.03
-2 -1 -1  0 -5  1  6 -3 -1 -5 -4  0 -3 -5 -2 -1 -2 -4 -3 -4 1 0 0 0 0.03
 1 -1  0  1 -2  1 -1 -1 -2 -1 -2  1 -1 -3 -2  3  1 -3 -2  0 1 0 0 1 0.04
 3 -2 -2 -2 -1 -1 -1 -1 -2  1  0 -1  1  1 -2  2  0 -2 -1  1 1 0 0 1 0.06
 0 -2  0 -1 -2 -1 -1 -2 -2 -1  1 -1 -1  3 -2  3  1 -1  0 -1 1 0 0 0 0.09
 0 -2  2 -1 -3 -2 -2  5 -2 -3 -3 -2 -3 -3 -2  0 -2 -3 -3 -3 0 0 1 1 0.09
-2 -3 -4 -5  3 -3 -4 -4 -4  0  4 -3  2  0 -4 -3 -2  6 -1  0 0 0 1 0 0.11
-1 -1 -2 -2 -2 -2 -2 -1 -3  1  1 -2  0 -2  1  0  4 -3 -2  2 0 1 0 1 0.12
-4 -1 -5 -6 -4 -3 -4 -4 -4 -4 -3 -4 -3  3 -5 -4 -4 12  1 -4 0 1 0 0 0.13
 1 -2 -1 -2 -1 -1  0 -2 -2 -1  0 -1 -1 -2 -2  1  4 -3 -2  0 0 0 1 1 0.29
 2 -2 -1 -1 -1 -1  1 -1 -2 -1 -2 -1 -1 -3 -2  2  3 -3 -2  1 0 0 1 1 0.44
 3 -2 -1 -2 -1  0 -1  2 -2 -2 -2 -1 -2 -3  2  2  1 -3 -2 -1 0 0 1 1 0.59
 2 -2 -1 -2 -2 -1 -2  1 -2 -2 -1 -1 -2 -3  5  1  1 -3 -3 -2 0 0 1 1 0.65
 3  0 -1 -2 -1 -1 -1 -1 -2 -2 -2 -1 -1 -2  0  2  2 -3 -1 -1 0 0 1 1 0.72
 0 -1  0 -1 -1 -1 -1 -1 -2 -2 -2 -1 -2 -3 -1  4  4 -3 -2 -1 0 0 1 1 0.79
