-2 -3 -3 -4 -3 -2 -3 -4 -3  0  1 -3  9 -1 -4 -3 -2 -3 -2  0 0 0 1 1 0.82
 1 -2  1 -1 -2 -1 -1 -1 -2  0 -2 -1 -2 -3 -2  4  2 -3 -2 -1 0 0 1 1 0.67
-1 -1  1  2 -4  2  4  1 -1 -3 -1  0 -2 -3 -2 -1 -1 -3 -3 -3 1 0 0 1 0.59
 0 -2  0  0 -2  0 -1 -3 -2  1  0 -1  5 -2 -3  0  1 -3 -2  1 1 0 0 1 0.43
-1 -4 -2 -5 -4 -2 -5 -5 -4  1 -1 -4 10 -3 -5 -2 -2 -5 -4  1 0 0 1 1 0.24
-2  2  1 -3 -5  2  0 -3 -2 -2 -3  6 -2 -5 -3  0 -1 -5 -4 -3 0 0 1 0 0.15
-2  3  1 -3 -1  1 -2 -3  1 -5 -4  5 -2 -2 -2  2  0 -5 -3 -4 0 1 0 0 0.07
-1 -4 -5 -5 -3 -2 -4 -5 -4  4  3 -4  0  3 -3 -3 -1 -3  0  3 0 1 0 0 0.05
 2 -4 -4 -4  0 -3 -4 -2 -4  0  4 -3  3  1 -4 -2  1 -4 -3  0 0 1 0 0 0.03
-4 -5 -5 -6 -1 -5 -5 -6 -1  4 -1 -5 -1  6 -5 -3 -2  0  3  2 0 1 0 0 0.02
-2 -2 -5 -5 -3 -4 -5 -5  0  5  3 -4  1 -1 -5 -4 -2 -4 -3  4 0 1 0 0 0.02
-2 -4  1 -4 -2 -1 -4 -4 -3  3  2 -4  1  5 -4  0 -2 -3  0  1 0 1 0 0 0.01
-3  4  2  1  0  0 -2 -3  2 -4 -3  1 -2 -4 -2  1  2 -4  0 -4 0 0 1 0 0.01
 0  1  0  1 -1  3  0 -1  3 -4 -3  2 -3 -4 -3  3  1 -4 -2 -3 0 0 1 0 0.01
 4 -4 -1 -1 -3 -3 -2 -1 -4 -3 -3 -3 -2 -4  3  3 -1 -5 -4 -2 0 0 1 0 0.01
-2 -5 -5 -5 -6 -5 -5 -5 -6 -6 -6 -4 -6 -7  9 -3 -4 -7 -6 -6 0 0 1 0 0.01
-3 -4 -4 -5 -5 -4 -4 -5  7 -3 -3 -4 -4  4 -5 -4 -3  3  7 -2 0 0 1 0 0.01
 0 -3 -1 -1 -1 -2 -3  6 -4 -5 -4 -3 -4 -4 -4  1 -2 -4 -3 -3 0 0 1 0 0.01
-1 -2  1  0 -2 -1 -2  1  1 -3 -4 -1 -3 -4 -3  4  4 -4 -1 -2 0 1 0 0 0.02
 1 -2 -1  0 -3 -1  3 -3 -3  1 -1 -2 -1 -3  0  2 -1  4 -3 -1 0 0 1 0 0.02
 1  2  0 -1 -2  0 -1 -1  1 -2 -1  2 -2 -1 -3  1  0  4  2 -2 1 0 0 0 0.02
 3 -3 -2 -3 -1 -3 -3  3 -3 -1 -1 -3  0  0 -2  1  1 -4 -3  0 1 0 0 0 0.01
-2  5  0 -2 -5  0 -3 -4  2 -3 -1  0 -2  4 -3 -3 -3  1  4 -2 1 0 0 0 0.01
-1 -3  3  1 -5  0  6  0 -3 -5 -4 -2 -4 -5 -4  1 -2 -5 -5 -5 1 0 0 0 0.01
 4 -4 -3 -4 -3 -3 -4  5 -4 -3 -2 -3 -1 -5 -4  0 -1 -5 -4 -2 1 0 0 0 0.01
-4 -5 -6 -6 -4 -3 -5 -6 -5  0  6 -5  1  2 -6 -5 -4 -4 -1  0 1 0 0 0 0.01
-4  5  1  6 -6 -2  1 -4 -3 -5 -5 -2 -1 -5 -4 -2 -3 -5 -1 -5 1 0 0 0 0.01
 3 -3 -2 -4 -1 -1 -3 -3  0  1  2 -3  2  1 -3 -1 -1 -3 -1  1 1 0 0 0 0.01
 5 -4 -4 -4 -3 -3 -3 -2 -4  1  1 -2 -2 -3 -3 -1  0 -4 -4  2 1 0 0 0 0.01
-2 -2 -5 -5 -3 -4 -4 -3 -4  1  5 -3  2  1 -4 -4 -3 -3 -3 -1 1 0 0 0 0.01
 4 -3 -3 -3 -3 -1 -2  0 -4  2  0 -2  0 -3 -3  0  1 -4 -3  1 1 0 0 1 0.01
 2 -3 -2 -3  2 -1 -1  0 -3  0  1 -2  2  0 -3  0  2 -3 -2  0 1 0 0 0 0.01
 3 -3 -2 -3 -3  0 -1  1  0 -2  0  0 -1 -3 -3  3  0 -4  0 -2 1 0 0 0 0.01
 4 -2  0 -1 -3  0 -1  1 -1 -2  0 -1 -1 -3 -2  1 -1 -4 -3  0 0 0 1 1 0.01
-2 -2 -3 -1 -4 -2  0 -3  0  1  1 -2  1  5 -3 -2 -1 -2  3  0 0 0 1 1 0.01
-2 -2  1  4  2 -1  2  1 -1 -2 -3  0 -4 -3 -3  0  1 -5 -4 -4 0 0 1 1 0.01
-1 -1  0  1 -4  5  3 -4  2 -1  0  0  1 -3 -3 -1 -1 -4 -1 -2 0 0 1 0 0.01
-1 -1  1  4 -5  1  3 -3  0 -5 -5  1 -4 -5  2  0 -1 -5 -4 -4 0 1 0 1 0.01
-1 -4 -4 -5  1 -2 -4 -5 -1  4  1 -4 -1 -2  0 -2 -1 -4 -1  4 0 1 0 0 0.01
 1  0  1  1  1  0 -1  2  0 -2 -3  0 -2 -3 -2  2  1 -4 -2 -1 0 1 0 0 0.01
-1 -4 -5 -5 -3 -4 -4 -5 -5  3  3 -4  2  1 -4 -4 -2  2 -2  4 0 1 0 0 0.01
-1 -4 -5 -5  1 -4 -5 -2 -4  2  2 -4  1  5 -5 -4 -3 -2  1  2 0 1 0 0 0.01
-5 -5 -6 -6 -1 -6 -6 -6 -4 -2  4 -6 -2  8 -6 -5 -5 -3  1 -3 0 1 0 0 0.01
-2 -3 -4 -4 -1 -3 -2 -4 -4  3  2 -3  5 -1 -4  0  0  0  0  1 0 0 1 0 0.01
 0 -1  0  3 -5 -1  2  4 -1 -5 -5 -1 -3 -5 -4  1 -3 -5 -4 -5 1 0 0 0 0.00
-2 -4 -1  7 -6  1  2 -4 -4 -6 -6 -2 -6 -7 -2 -2 -4 -7 -6 -6 1 0 0 0 0.00
 3 -5 -4 -5 -5 -5 -5  6 -5 -6 -6 -4 -5 -6 -5 -3 -4 -6 -6 -5 1 0 0 0 0.01
-2 -6 -6 -6 -4 -5 -5 -6 -6  2 -1 -5 -2 -4 -5 -3 -2 -6 -4  7 1 0 0 0 0.01
-1 -3 -2 -3 -2 -4 -4 -4 -2 -1  2 -3  0  4 -5 -2 -2  2  6  0 1 0 0 0 0.01
 2 -3  1 -3  3  5 -2 -2  0 -2 -1 -2 -2 -4 -4 -1 -1  2 -3  0 1 0 0 0 0.01
 2 -5 -5 -6 -4 -4 -5 -1 -5  0  5 -4 -1 -1 -5 -4 -3 -4 -4  0 1 0 0 0 0.01
-1  1 -1 -3 -1 -1 -2 -4 -1  0  3  3  0 -1 -4 -1  1 -4 -2  0 0 1 0 0 0.01
 2  1  0 -1 -2  0 -1 -1 -1 -3 -3  4 -3 -4  3  1  0 -4 -3 -3 0 0 1 1 0.01
-1 -1  3  2 -4  1  0  4  1 -4 -3  0 -3 -4 -1  0 -1 -4 -3 -4 0 0 1 1 0.02
-3 -2 -3 -3  0  8 -1 -5  0 -4 -4 -2 -3 -5 -4 -3 -1  4 -2 -3 0 0 1 0 0.02
-1  1  3  3 -4  4  1 -2  1 -4 -3  3 -2 -4 -3  0 -1 -4 -3 -3 0 0 1 1 0.03
-1 -2 -4 -4 -5 -3 -4 -2 -5 -4 -4 -4 -4 -5  7  1  2 -6 -5  0 0 0 1 0 0.03
 1  0  0  2 -4  1  3  0  1 -3 -4  1 -3 -4  1  0  0 -4 -3 -2 1 0 0 1 0.04
 1 -1  0  1 -1  0  1  1 -1 -1  0  0  0 -2  1  0 -1 -3 -1 -1 1 0 0 1 0.04
-1 -3 -3 -2 -2 -2 -1 -3 -3  4  2 -1  0 -1 -2 -2 -1 -3 -2  2 1 0 0 0 0.04
-1 -2  0  0 -4  1 -1  5 -1 -3  2 -2 -1 -3 -4 -2 -3 -4 -4 -3 0 0 1 1 0.04
 0 -2 -2 -3  1  3 -2  0 -2  1  1 -1  2  0 -3  1 -1 -3  1  0 0 0 1 0 0.03
-2  3 -3 -3 -5 -2 -1 -4 -3 -4 -1  5 -3  0  3 -3 -3 -4  3 -4 0 0 1 1 0.02
-2 -3  5  4 -5 -3 -2  0  2 -5 -5 -3 -5 -5  1  1 -2 -6 -4 -5 0 0 1 1 0.02
-3 -4 -4 -4 -4 -3 -3 -5  2  2  2 -4  0  3 -2 -2  0 -2  5  1 0 0 1 0 0.01
 1 -1 -1  0 -3  1  1  0 -1  2  0 -2 -1  0 -3  2  0 -3 -2  0 1 0 0 0 0.01
 2  1 -2  0 -3  1  1 -3 -2 -1 -2  3  0 -4  2  0 -1 -4 -3 -1 1 0 0 1 0.01
 0 -1  1 -2  0 -1 -3 -3 -3  0  1 -1  5 -1 -3  0  4 -4 -2  0 1 0 0 0 0.01
-4 -4 -5 -5 -4 -4 -5 -5  0  2  4 -3  0  5 -5 -4 -4 -2  2 -1 1 0 0 0 0.01
 0  2  0  0 -4  1  2  1 -1 -4 -3  4 -1 -4 -2  0 -1 -4  0 -3 1 0 0 1 0.01
 2 -1  2 -1 -2 -1 -1 -1 -2  1  0 -1  2 -2 -3  0  0 -3  1  1 1 0 0 1 0.01
-2 -4 -4 -4  1 -1 -4 -4 -4  3  4 -4  2  1 -4 -3 -2 -3  0  1 0 0 1 0 0.01
 0 -1 -1  2 -3  0  2  0 -2 -1 -2 -1 -1 -3  4  1  0 -4 -3 -1 1 0 0 0 0.01
 0  0 -1  0 -2  0  0 -1  0  0  2 -1  2  0 -2 -1 -1 -2 -1  0 1 0 0 1 0.01
-2  0 -3 -4 -1  0 -3  0  1 -1  0 -2  0  3 -4 -3 -3 -1  7 -1 1 0 0 1 0.01
-1 -1  1  5 -4  0  1  4 -3 -4 -4 -2 -4 -4 -3 -1 -3 -4 -4 -2 0 0 1 1 0.01
 1  0 -3 -3  0 -2  0 -1 -3  4  0 -2  0 -1 -3 -1 -2 -3 -2  3 0 0 1 0 0.01
-1 -1  0  1  1 -1  4  1 -1 -2 -1  0 -1 -3 -2  0  1 -3 -1 -1 0 0 1 1 0.01
 0  2  1  1 -1  2  2 -2  0 -4 -4  3 -3 -4  0  0  0 -4 -3 -3 0 1 0 1 0.01
-3  0 -5 -5  5 -4 -5 -5 -5  4  2 -4  0  0 -5 -4 -3 -4 -2  4 0 1 0 0 0.01
-2 -2 -5 -5 -5 -3 -4 -3 -1 -1  0  0 -1  4 -5 -4 -4  3  7 -1 0 1 0 0 0.01
 2 -5 -5 -5  2 -4 -5 -5 -5  3  2 -4 -2 -1 -4 -3 -3 -4 -1  5 0 1 0 0 0.01
-3 -5 -3  1 10 -4  1 -5  3 -2 -4 -5 -3 -5 -2 -1 -3 -6 -3 -1 0 1 0 0 0.01
 2  1 -1 -1 -4  2  2  2 -1 -3 -2  2 -2 -4 -3  0 -1 -4 -3 -2 1 0 0 1 0.01
 1 -1 -1  1 -4  2  3 -2  0 -4 -4  0 -3 -4  2  0  1 -4 -2 -3 1 0 0 0 0.01
 1 -4 -3  1  6 -3 -3 -3 -1 -5 -5 -3 -4 -5 -4  6 -2 -5 -4 -3 1 0 0 0 0.01
 0 -4 -4 -5  2 -4 -4 -3 -4  0  5 -4  4 -2 -4 -2 -2 -2 -3  0 1 0 0 0 0.01
 1  1  0  1 -2  2  2 -2 -1 -1 -2  2 -1 -3 -2 -1  0 -2 -2 -1 1 0 0 1 0.01
 2  1 -1  1 -4  2  4 -3 -1 -3 -3  1 -2 -4 -3  0 -1 -2 -3 -3 1 0 0 0 0.01
-3  7 -1 -4 -5 -2 -3 -5 -3 -4 -2 -1 -1  2 -5 -2 -4 -1  2 -4 0 0 1 0 0.01
-1 -2  0 -3 -5  0 -1  6  1 -5 -5  0 -4 -5 -3 -2 -4 -5 -4 -5 0 0 1 1 0.01
-3 -4 -5 -5 -1 -4 -5 -4 -5  3  5 -4  1 -1 -4 -4 -3 -4 -3  1 0 0 1 0 0.01
 1 -1  1  0 -2  0  0 -1 -1 -2 -2  2 -2 -1 -1  2  2 -3 -2 -2 0 0 1 1 0.01
 1 -1  0  1 -1  1  3 -1  0 -2 -2  1 -1 -3  1  0  0 -3 -2 -1 1 0 0 1 0.01
 1 -1  1  3 -1  1  2 -1  0 -2 -2  0 -2 -3 -2  1  1 -3 -2 -2 1 0 0 1 0.02
-1 -2  0  5 -3  0  2 -1  0 -3 -2 -1 -1 -3  0 -1  0 -3 -2 -3 1 0 0 0 0.02
-2 -2 -1 -3  1 -2 -3 -3 -3  2  4 -2  1  0 -2 -2 -1  2 -2 -1 0 1 0 0 0.04
 0 -2 -2 -2  0 -1 -2 -2 -2  2  2 -2  1 -1 -1 -1 -1  1 -1  2 0 0 1 0 0.06
-1 -1 -1  1 -2  0  2 -2 -1  1  1 -1 -1 -1  1 -1  0 -2 -1  0 0 0 1 1 0.09
 0 -1  0  0 -1  0  0  2  0  0  0  0 -1  0  0  0  0 -1 -1 -1 0 0 1 0 0.14
 1 -1  0  0  2  0  0  0  0 -1 -1  0 -1 -1  0  0  0 -1 -1  0 0 0 1 1 0.22
 0  1  0  0 -1  0  0  0  0  0  0  0  0  0  1  0  0  1  0  0 0 1 0 0 0.23
 0  1  0  0 -1  0  1 -1  0 -1 -1  0 -1 -1  1  0  0 -1 -1  0 0 1 0 1 0.27
 0  0  0  1 -1  0  0  0 -1  0  0  0  0 -1  0  1  0  2 -1  0 0 0 1 1 0.28
 0  0  0  0  0  0  0  0  0  0  0  0  0  0  0  1  0  0  0  0 0 0 1 1 0.26
 0  0  0  1 -1  0  0  0 -1 -1  0  0  1  0  1  0  0 -1 -1 -1 0 0 1 1 0.26
 0  0  0  1 -1  0  0  0  0  0  0  0  0  0  0  0  1 -1  0  0 0 0 1 1 0.26
 0  0  0  1 -1  1  1  0  0 -1 -1  0 -1 -1  0  0  0 -1 -1 -1 0 0 1 1 0.30
 0  0  0  0 -1  0  0 -1  1  0  0  0  0  0  0  0  0  2  0  0 0 0 1 1 0.30
 0  0  0  1 -1  0  1  0  0 -1 -1  0 -1  0  2  0  0 -1 -1 -1 0 1 0 1 0.23
 0  0 -1  0 -1  0  0 -1 -1  1  0 -1  0  3  0 -1 -1  4  0  0 0 1 0 1 0.16
 0  0  1  0 -1  0  0 -1 -1  1  0  0  0 -1  0  0  0  1 -1  1 0 0 1 1 0.10
-1  0  0  1 -2  0  0 -1 -1  1  2 -1  0  0  1 -1 -1  1 -1  1 0 0 1 1 0.06
-1 -1  0  3 -2  0  1  0  0 -1 -1 -1 -1  0  2  0  0 -1  0 -2 0 0 1 0 0.04
 2 -2 -2 -3  1 -2 -2 -3 -3  2  0 -2 -1 -2  0 -1 -1 -3 -2  4 0 1 0 0 0.03
-1  0  0  0 -3  3  4 -3  1 -2 -3  2 -3 -4 -2  0  1 -4 -3 -1 0 1 0 1 0.02
-1 -2 -3 -3 -1 -1 -2 -3 -3  2  2  0  0  1  1 -2  0  1 -2  3 0 1 0 1 0.02
 0 -2 -4 -4  0 -3 -4 -2 -4  3  3 -1  1 -2 -4 -3 -2 -4 -2  3 0 1 0 0 0.01
 0 -2  2  3 -4 -2  1 -2 -3 -3 -4 -2 -4 -4  1  3  2 -5 -2 -3 0 0 1 1 0.01
 1  2  0  0 -3  0  1 -2  0 -2 -1  0  1 -3  2  1  0 -4 -2 -2 1 0 0 1 0.01
 3 -2  0  2 -3  1  2 -1  1 -2 -3 -1 -2 -4 -1  1  0 -4 -1 -2 1 0 0 1 0.01
 2 -1 -1  3 -2  1  4 -1 -1 -4 -3 -1 -4 -2 -4 -2 -1 -5 -3 -3 1 0 0 0 0.01
-3 -5 -6 -6 -4 -4 -5 -6 -5  4  5 -2  2  1 -6 -5 -3  4 -3  1 1 0 0 0 0.01
 2  3 -1 -3  0  0 -2  0 -1 -1 -1  1 -1 -1  1  1  0 -4 -2 -1 1 0 0 0 0.01
 2  1  0  1 -4  3  3 -1 -1 -3 -3  1 -3 -5 -3 -1  0 -5 -4 -3 1 0 0 1 0.01
-2  0 -2 -4 -4  0 -2 -5  2  1  3  1  2  1 -4 -3 -2  4 -1 -1 1 0 0 0 0.01
-4 -5 -4 -6 -1 -4 -5 -6 -5  3  4 -5  4  2 -5 -4  1 -1 -3  1 1 0 0 0 0.01
 1  1  2  2 -4  2  0 -1  3 -3 -3  1 -2 -4 -3  2 -1 -4 -2 -2 1 0 0 1 0.01
 0  2  1  1 -3  4  3 -2  1 -5 -5  0 -4 -5 -4  1 -1  0 -4 -4 1 0 0 1 0.01
 3 -3 -2 -4  2  1 -3 -3  2 -4 -3 -3 -3  2 -4  1 -2 -3  5 -1 0 0 1 0 0.01
-2 -3  0  7 -6  1  2 -3  0 -6 -6 -2 -6 -7 -4 -1 -3 -7 -6 -6 0 0 1 1 0.01
-1  0 -1 -2  0  2  1 -3  4 -1 -2  3 -2 -2 -4 -2  0 -4  0  2 0 1 0 0 0.01
-4 -5 -4 -6  0 -5 -6 -6 -3  4  0 -3 -2 -3 -6 -5 -1 -6 -4  6 0 1 0 0 0.01
-4 -5 -6 -6 -4 -5 -4 -6 -5  4  5 -5  2  3 -6 -5 -4 -4 -2  1 0 1 0 0 0.02
-2  1  1 -2 -1 -1 -3 -4 -1 -2 -3 -1 -2 -2 -2  2  5 -2 -4  1 0 1 0 0 0.03
-6 -7 -7 -7 -6 -7 -7 -7 -1 -4  0 -7 -4  9 -7 -6 -6  4  1 -5 0 0 1 0 0.08
