 0 -3 -1 -2 -3 -2 -3  6 -3 -5 -4 -2 -3 -4 -3 -1 -2 -3 -4 -4 0 0 1 1 0.94
-1 -3 -2 -3 -1 -2 -3 -3 -3  2  1 -2  2 -1 -3 -1  3 -3 -2  3 0 0 1 1 0.93
-3 -3  0  7 -5 -1  3 -3 -2 -5 -5 -2 -4 -5 -3 -2 -2 -5 -4 -4 0 0 1 1 0.93
-3 -2  8  0 -4 -2 -2 -2 -1 -4 -5 -2 -4 -5 -4 -1 -2 -5 -4 -1 0 0 1 1 0.95
 5 -3 -3 -3 -2 -2 -3  0 -3  1 -1 -2  4 -3 -3 -1 -1 -4 -3  1 1 0 0 1 0.95
-3 -2 -2  0 -6  0  7 -1 -2 -5 -5 -1 -4 -5 -3 -2 -3 -5 -4 -4 1 0 0 0 0.93
-2 -1  1 -2  4 -1  1 -3 -2 -3 -3  4 -2 -4 -3 -1  4 -4 -3 -2 1 0 0 1 0.88
-2 -4 -2 -3 -4 -4 -4  7 -4 -6 -6 -3 -5 -5 -4 -2 -3 -4 -5 -5 0 0 1 0 0.92
 3  1 -2 -2 -2  0  0 -2 -2  0 -1  3 -1 -3 -2 -1  0 -4 -3  1 0 0 1 1 0.86
 0 -3 -2 -3 -2 -2 -1 -3 -3  1 -1 -2 -1 -2 -3  2  3 -3  0  3 0 0 1 1 0.85
 1 -1  0  2 -3  2  2  0 -1 -3 -3  0 -2 -4  1  2  0 -4 -3 -3 0 0 1 1 0.84
-1 -2  4  4 -3 -2 -1 -2 -2  0 -3 -2 -3 -4  2 -1  1 -5 -3 -1 0 0 1 1 0.79
 0 -2  0  4  1  0  0 -1  0 -2 -2  0 -2 -3  2  0  1 -3 -2 -2 0 0 1 1 0.73
-1 -2  3  5 -3  1  1 -2 -2 -3 -3 -1 -3 -4 -2 -1  1 -4 -3 -1 0 0 1 1 0.58
 4 -2 -2  0 -2 -2 -2  0 -3 -2 -3 -2 -2 -3  2  0  2 -3 -3 -2 0 0 1 1 0.61
 1 -2 -1  2 -2 -1 -1  1 -2 -1 -3 -1 -2 -3 -2  3  3 -3 -3 -2 0 0 1 1 0.49
 2 -2 -1 -2 -2  0  0  0 -2  0  0 -1  0 -2 -2  0  2 -3 -2  1 0 0 1 1 0.43
-2 -1  2  4 -3  2  0 -2 -1 -2 -1 -1  0 -3 -2  0  2 -3 -2 -2 0 0 1 1 0.43
-2 -2 -2 -2 -2 -2 -2 -2  1  1 -1 -2 -1  6 -2  0 -1  0  2 -1 0 0 1 1 0.40
 0 -2  0  1  1 -1  1  1  0  0 -2 -2 -1 -3 -2  1 -1 -3 -2  3 0 0 1 1 0.42
 3 -3 -2 -2 -2 -2 -2  5 -3 -3 -3 -2 -3 -3 -2  0  1 -3 -3 -1 0 0 1 1 0.28
 0  1 -1 -1 -4  2  3 -2  6 -3 -3  0 -2 -3 -3 -1 -2 -3 -1 -1 0 0 1 1 0.27
 1 -2 -1  0 -3 -1  0 -2 -2 -3 -1 -2 -2 -3  5  3  0 -4 -3 -2 0 0 1 1 0.23
 1 -1 -3 -3 -2  0 -2 -3 -3  2  1 -2  0  0 -3 -2 -1 -3 -2  4 0 0 1 1 0.18
 2  0  0 -1 -2  1 -1  2 -1 -1 -2  1 -2 -2 -2  2 -1 -3  0 -2 0 0 1 1 0.19
-1  0 -2 -3 -2  0 -2 -3  0  0  3 -2  1  1 -1 -1  0 -2  1  0 0 0 1 1 0.17
-2  1 -2 -2 -3 -2 -2 -1 -3 -3 -2  0 -2  0  6  1  1 -3 -3 -3 0 0 1 1 0.19
 0  2 -1  0 -3  1  3 -2 -2 -2 -2  0 -2 -3 -2  1  3 -4 -3  0 0 0 1 1 0.15
 0 -2  4 -1 -3  1 -1 -2  1 -3 -2 -1 -2 -3  4  1  0 -4 -3 -3 0 0 1 1 0.13
-3 -1 -1  0 -5  5  2 -4  8 -5 -4 -1 -3 -4 -3 -2 -3 -4 -1 -4 0 0 1 1 0.09
-2 -3 -2 -3 -3 -3 -3 -3 -4 -3 -3 -3 -3 -4  1  2  7 -5 -4 -2 0 0 1 1 0.06
-2  2  3  3 -4  0  1  1  1 -4 -2  2 -3 -4 -2  0  0 -4 -3 -3 0 0 1 1 0.04
 0 -4 -4 -4  4 -3 -4 -4 -4  1  1 -3 -1 -2 -3 -2  2 -4 -3  5 1 0 0 1 0.03
 1  0  0 -1 -3  0  2  1 -2 -3 -3  0 -2 -4 -2  3  2 -4 -3 -2 1 0 0 0 0.02
-1 -4 -4 -5 -4 -4 -4 -4 -3 -2 -1 -4 -2  8 -4 -3 -3 -1  2 -2 1 0 0 0 0.02
-1 -3 -4 -4 -3 -3 -1 -4 -3  0  2 -3 -1  7 -4 -3 -3 -1  1 -1 1 0 0 1 0.02
-3 -3 -4 -4 -3 -3 -4 -4 -1 -2  1 -3  2  5 -4 -3 -3  2  7 -2 1 0 0 0 0.02
-2 -3 -1  7 -4 -2  0 -3 -3 -4 -5 -2 -4 -5 -3  0  0 -5 -4 -4 0 0 1 0 0.02
-3  7 -2 -3 -5 -1  0 -4 -2 -5 -4  0 -3 -5  0 -3 -3 -4 -4 -4 0 0 1 1 0.03
 2 -3  0 -3 -3 -3 -3 -3 -1 -3 -3 -3 -3  3  0  2 -2 -1  6 -3 0 0 1 1 0.05
 1  3 -1  0 -3 -1 -2 -1  0 -1 -2 -1 -1  1 -3  1  1 -3 -2  1 0 1 0 0 0.08
-2 -2 -3 -3 -3 -1 -3 -3  0 -1  2 -1  1  4  3 -1 -1 -2  2 -1 0 1 0 1 0.12
 0 -3 -3 -1 -2 -2 -1 -3 -3  4  2 -2  0 -1 -3 -1  0 -3 -2  2 0 1 0 0 0.16
 1 -3  1 -1 -3 -2  0  5 -3 -4 -4 -2 -3 -4 -3  2 -2 -4 -4 -4 0 1 0 1 0.22
 2 -2 -2 -3  1 -2 -2 -2 -3  1 -1 -1  1  1  3  0  1 -3 -2  1 0 1 0 0 0.22
 0  0 -2 -3 -2 -2 -1 -3 -3  1  1 -2  1  2 -2 -1  1 -2 -1  3 0 1 0 0 0.25
 0  2  0  0 -2  0 -1 -1  1 -2  0  1  0 -2 -2  2  0 -3 -2 -1 0 0 1 0 0.28
 0 -1 -1 -1 -2  0 -1 -1  0  1  1 -1  2  0  0  1  0 -2 -1  2 0 0 1 0 0.31
 0  0  1  0 -2 -1  0 -1 -1  0 -2  1 -1 -2  2  1  1 -3 -2  0 0 0 1 1 0.37
 0  0  3  0 -2  0  0 -1  2 -2 -2  0 -2 -3 -2  2  2 -3 -2  0 0 0 1 1 0.28
 0  2  4 -1 -2  2  0  1 -1 -1 -3  0 -2 -3 -2  2  0 -3 -2 -2 0 0 1 1 0.28
 1  0  4  2 -2  0  0  0 -1 -3 -3  0 -2 -3 -2  1  0 -3 -2 -2 0 0 1 0 0.26
-1 -2 -2 -2 -2 -1 -1  0 -2  1  3 -1  2  0 -2 -1  0 -2  0  0 0 0 1 0 0.28
 1  1  1  2 -2  0  3 -2  1 -1 -2  0 -2 -2  0  1  0 -2  0 -2 0 0 1 1 0.32
 0 -1  2  0 -2  1 -1  1 -1 -2 -1  1 -2 -2 -2  3  1 -2  0 -2 0 0 1 1 0.31
 1  0  0  0 -2  0  0  1 -1 -1 -2  0  0 -1  1  2  0 -2 -2  0 0 0 1 1 0.32
-2 -2 -2  0  3 -2 -1 -3 -2  0 -1  0 -1  6 -3 -2 -2 -1  3  0 0 0 1 0 0.23
 0 -2  3  0  1  0  0 -2 -1  0 -1 -1 -1 -2 -2  2  2 -3 -2  0 0 0 1 1 0.22
-1 -2  1  0 -2 -2 -2 -1 -2  1  1 -2  3  0  3 -2 -1 -2  1  1 0 0 1 1 0.20
-1 -1  1 -1 -2  1  1 -1  1  0  1  0 -1  1 -2  0  2 -2  1  0 0 0 1 0 0.17
 1 -1  1  1 -2 -1  1 -1  0 -2 -1  0 -2 -3  0  3  2 -3 -2 -2 0 1 0 0 0.17
 0  1  3  2 -2 -1 -1 -2 -1 -2 -1  0 -2  0  0  1  1 -3 -2 -1 0 0 1 1 0.13
 0 -1  2  2 -2  0  1 -1 -1 -2 -2  1 -2  0  0  0  1 -2  1 -1 0 0 1 1 0.10
-1  0  1 -2 -2 -1 -2  2 -1 -1 -2  0 -1 -1  0  0  2  2  1  0 0 0 1 0 0.09
-1  1 -2 -2  2  0 -1 -2  1  0  0  0 -1  1  0 -1  1 -2  1  0 0 0 1 0 0.09
 0 -1 -1 -2 -2  0 -1 -2  3 -1  0  1  1  0  3  0  1 -3 -1 -1 0 1 0 0 0.09
 0  1  5 -1 -3 -1  1  0  1 -1 -1  1 -2 -3 -2  0  0 -4 -2 -2 0 0 1 0 0.09
 0 -2  3  2  3  1 -1  0  1 -1 -3 -1 -2 -3  1  2  0 -3 -3 -1 0 1 0 0 0.09
 1 -2 -2 -2  1 -1 -2 -1 -2  1  1  0  0  1 -2  0  1 -2 -1  1 0 1 0 0 0.08
 0 -2 -2  1 -2 -1  0  0 -2  1  0 -2  2  1  0 -1  0 -2  1  1 0 1 0 0 0.09
-1 -2 -2  0 -2 -1  0 -2 -2  1  2 -2  2  1 -2  0  1 -2  0  1 0 0 1 0 0.09
-1 -1  2 -2 -2  2 -1 -2 -2  1 -2  1 -1  1 -2 -1  3 -3 -2 -1 0 0 1 0 0.11
 0  1  1 -1 -3  1  1  0  2 -2 -1  1 -1 -2  1 -1  0 -2  1 -2 0 0 1 0 0.13
-1  0  3 -2 -2 -1 -1  1 -2 -1  2 -2  1 -2 -3  0  0 -3 -1 -1 0 0 1 0 0.15
 0  0  0 -2 -3 -1  1 -3 -1 -2 -3 -2 -3 -1  6 -1  0 -4 -1 -2 0 0 1 0 0.14
-1 -1  3  0 -3  3  1 -2 -1 -2 -3  0 -2  0 -2  2  2 -3 -2 -2 0 0 1 0 0.12
-1 -2 -1 -1 -2  1 -1 -2  4  0  0 -1  0  3  0 -1 -1 -1  2  0 0 1 0 0 0.13
-1 -1 -1  2  2 -1 -1 -2 -2 -1  0  1  0  0  2  0  1 -3 -2  0 0 0 1 0 0.12
-1 -1  0  0 -2  0  0  2  1  0  0 -1  0 -2  3  0 -1 -3 -2 -1 1 0 0 1 0.13
 0  1  1  1 -2  0 -1  0 -1 -2 -1 -1 -1 -2  0  1  1 -2 -1 -1 1 0 0 1 0.14
 0  0  1  0 -2 -1  0 -1 -1 -1 -1 -1  0  1 -2  1 -1 -1  4 -1 1 0 0 1 0.14
 0 -2 -1  2 -2 -1  1  0 -1 -2 -1 -1  0  2  0  1  0 -2  1 -2 0 0 1 1 0.12
-1  0  1 -1  4  2  0 -1 -2 -1 -1  0  0 -2  0  0  2 -2 -2  0 0 0 1 1 0.10
 0  0 -2 -2 -2  0 -1 -1 -2  1  2 -1  1  0 -2 -1  0 -2  1  1 0 0 1 1 0.10
 1  0  1 -1  0 -1 -1 -1  2  0  0  0  0  0  0  0  0 -1  2 -1 0 0 1 1 0.08
 0  0  0 -1 -2  2  0  0 -1  0 -1  0  0 -1  3 -1  1 -2 -2 -1 0 0 1 0 0.08
-1 -1  0  4 -3  1  1  0  1 -1 -1  0 -2 -3  1  1 -1 -3 -2 -1 0 1 0 1 0.08
-1  4 -1  1 -3  1  1 -3 -2 -3 -2  1 -2 -1  3  0  0 -3 -2 -2 0 0 1 0 0.06
-1 -3 -3 -1 -3 -2 -1 -1  0  0  2 -2  0  4  0 -2 -2 -1  3  0 0 0 1 0 0.05
 0  0 -1  0 -2  2  0 -2 -2  0 -1  0  0 -2  0  0  1 -3 -2  2 0 0 1 0 0.04
 0  1 -1  0 -3  0  0 -1  1 -1 -2  3 -2 -2  2  0  0  4 -2 -1 0 1 0 0 0.04
-1  2 -2 -2 -2 -1 -1 -2  0  2  1  0  0  1 -2 -2 -1 -2  2  1 0 0 1 0 0.04
-1 -1  0  0  0 -1 -1  1  0 -1  0 -1 -1  1 -2  0  1  6  0 -1 0 0 1 0 0.04
 0 -2  0 -1 -2 -1 -2  0 -1  2  1 -2  0 -1  0  0  0  2 -1  2 0 0 1 0 0.05
 0  0  2  1  1  1  0 -1  2 -2 -2  0 -2 -2  0  1  1 -2  1 -1 0 0 1 1 0.05
 0 -2 -1 -1 -3 -1 -1  3  1 -1 -2  0 -2  3 -2  1  1  3  0 -2 0 0 1 0 0.06
 0 -2  4  1 -3  1  0  0  0 -3 -3  0 -2 -3  2  1  1 -3 -3 -2 0 0 1 1 0.06
 1 -1 -1 -2 -2  1  0  0 -2 -1 -2  1  1 -3  3  1  2 -3 -3 -1 0 0 1 1 0.05
 0 -1  0  2 -3  0  2 -2  4  0 -2 -1  0 -3 -2  1  2  0 -2 -2 0 0 1 1 0.05
-1 -1  2 -2 -2 -1 -2  0 -2 -2 -2 -1 -1 -1 -1  2  4 -3 -2  1 0 0 1 1 0.05
-1 -1  0 -1 -2 -2 -2  0  0  1  1 -1 -1  3 -1  2  0 -2  1  0 0 0 1 0 0.04
 0 -1  2  3 -3 -1  0  0  0 -2 -1  0 -1  0 -2  0  1 -3  0 -1 0 0 1 1 0.04
-1 -1 -1 -2  0 -1 -2 -3  0  0  2  0  1 -1 -3 -1  2 -2  1  2 0 0 1 1 0.04
-2 -1  2  1 -3 -2 -2 -3 -2 -1  0  0  4  2  1 -2 -1  5  1 -1 0 0 1 1 0.05
 1  0 -1  1 -3  3 -1 -3 -2 -2  0 -1  0 -3  4 -1 -2 -3 -2 -1 0 0 1 1 0.04
 0 -2 -2 -1 -2  0 -1 -3  0  3  2 -2  2  0 -2 -2  1 -2  1  1 0 0 1 0 0.04
 0  2  2  1 -2  0  0 -1  3 -1 -2  1  0 -1 -2  0  0  0  1 -1 0 0 1 1 0.04
 0 -1  0 -2 -2 -1 -1 -1 -2  0 -1 -1 -2 -1  2  0  4 -3 -2 -1 0 0 1 0 0.04
 0  2  0 -1 -3  2 -1 -2 -1 -2 -3  4 -2 -3  0  0  1 -3 -3 -1 0 1 0 0 0.03
-1  2  0  2 -3  3  1  1  3 -3 -1  0 -2 -3 -2  0 -2 -3 -2 -3 0 0 1 0 0.03
-1  0  1  4 -3  0  0  0 -1 -2 -2  1  1 -3 -2  0  0 -3 -3 -1 0 0 1 0 0.03
 1 -2 -2 -2 -2 -2 -1 -2 -1  1  1 -2  0  1  2 -1  0  3  2  0 1 0 0 1 0.02
 1 -1  1 -2 -2  1 -1 -2  0  0  1 -2  0  0 -2  0 -1 -2 -2  2 1 0 0 1 0.02
-1 -1 -2  0 -2 -2 -2  2 -2  1  1 -2  0  2  1 -2 -1  1 -1  0 1 0 0 0 0.01
 3  1 -1 -2  0 -2 -2 -2 -1  0  1 -1 -1 -2 -2  0  0 -2  2  0 1 0 0 0 0.01
-3  3 -3 -4 -1  0 -3 -4 -3  1  4  0  3 -2 -3 -2 -2  0 -2 -1 1 0 0 1 0.01
-4 -4 -5 -5  0 -4 -5 -5 -4 -2  4 -4 -1  5 -5 -1 -4  2  1 -1 0 0 1 1 0.01
-2  5 -2  0  3 -1  4 -3 -2 -5 -3  0 -4 -5 -4  2 -3 -5 -4 -4 0 0 1 0 0.01
 3 -4 -4 -4  3 -3 -2 -4  0 -3  0 -3  6 -4  2  1  1 -4 -4 -2 0 0 1 1 0.01
 3 -6 -6 -6  0 -6 -6 -5 -5 -4 -4 -6 -4  8 -6 -2 -4 -4 -2 -3 0 1 0 0 0.00
-4 -6 -5 -6 -5 -5 -5 -6 -6 -4 -6 -5 -5 -7 -3 -2  8 -7 -6 -3 0 1 0 0 0.00
-7 -7 -7 -8 -7 -6 -7 -8 -1 -6 -6 -7 -6  0 -8 -7 -7 -3 10 -6 0 1 0 0 0.00
-2 -5 -4 -6 -4 -4 -5 -6 -3  0  2 -5  4  3 -6 -2 -2  4  6  1 0 1 0 0 0.00
-4  7 -5 -6 -7 -3 -4 -6 -2 -5 -5  1 -5  5 -6 -3  0 -5 -2 -5 0 1 0 0 0.00
 2 -6 -5 -6  6 -5 -5 -3 -5 -4 -4 -5 -2  7 -6  3 -4 -4  0 -4 0 1 0 0 0.00
-3 -6 -1  8 -8 -5 -3  0 -6 -8 -8 -5 -7 -8 -6 -4 -5 -9 -8 -8 0 1 0 0 0.00
-1 -5 -5 -6 -4 -5 -5 -6 -5  1  5 -5  3 -1 -2  0 -2 -2 -2  0 0 1 0 0 0.00
-3  0 -4  2 -7 -2  7 -3 -4 -7 -7 -3 -6 -7 -5  0 -5 -7 -2 -6 0 1 0 0 0.00
-4 -5 -6 -6 -4 -5 -6 -5 -6  5  0 -5  0  4 -6 -4 -4 -5  0  5 0 1 0 0 0.01
 3 -5 -3 -3 -1 -5 -5 -5 -5 -4 -4 -5 -3 -6 -5 -3  6 -6 -5  2 0 1 0 0 0.01
-3 -6 -6 -6  3 -5 -6 -6 -6  4  1 -5 -1  4 -6 -5 -2 -5 -3  5 0 1 0 0 0.01
-2  1 -4 -4 -3 -1 -3 -3 -4  1 -1  1 -1 -3 -4  0  0 -4 -3  5 0 1 0 0 0.01
 1 -3  0 -2 -2 -2 -3  0  0  2 -1 -2 -2  0  4 -1  1 -3 -3  0 0 1 0 0 0.01
-1 -2  2  0  1 -1  0 -2  0 -2 -2 -2  1 -3  2  1  4 -3 -2 -1 0 0 1 1 0.01
 0 -1  3 -1 -3 -1  0  0  0  0 -1 -1 -1 -3  2  2  1 -3 -3 -1 0 0 1 1 0.01
 1  1  1 -1 -2  0  0  0 -1 -2 -2  1  0 -3  0  1  2 -3 -1 -1 0 0 1 1 0.01
 0 -2  1  0 -2  2 -1  2 -1 -1 -1 -1 -1  0 -2  1  0 -2  0  0 0 0 1 1 0.01
 1  0  1  0 -1  0  0 -1  0 -2  0  0 -2 -2  3  0  1 -3 -2 -2 0 0 1 1 0.01
 0  0 -1 -2 -2  2 -1  1  5 -1 -1 -1  3 -1 -2  0  0 -3  1  0 0 0 1 0 0.01
 0 -2  0  2 -3  3  0  0 -1 -3 -3 -1  0 -2 -1  1  2 -1 -3 -1 0 0 1 0 0.01
 0 -3 -2 -1  0 -2 -2  2  0  1  0 -2  0  0 -2  0  1  2  2  1 0 1 0 0 0.01
-2  1  2 -1  0  4 -2 -3 -3  1 -1 -1  4 -3 -2 -2 -1  4 -1 -1 0 1 0 0 0.01
 0 -3 -3 -2 -3 -3 -3 -1 -3  2  2 -3  2 -1 -3 -2 -1 -3  0  4 0 1 0 0 0.01
-1  0 -2 -2 -3 -2 -2  0  3 -2  0 -1  6  0 -3 -1  3 -2  0 -2 0 1 0 0 0.01
-6 -6 -6 -7 -6 -5 -6 -6 -4 -5 -5 -6 -5  5 -6 -6 -6 10  8 -3 0 1 0 0 0.01
 0 -2 -4 -5  2 -1 -4 -4 -2  2 -1 -4 -1  0 -4 -2  0 -4  1  5 0 1 0 0 0.01
-5 -4 -6 -6 -7 -5 -5 -6 -6 -7 -7 -5 -6 -7  9 -4 -3 -7 -7 -6 0 0 1 0 0.01
-3 -5  4 -4  0 -4 -4 -5 -1 -5 -4 -4 -3 -6  7 -2  0 -6 -6  0 0 0 1 0 0.01
-3 -6 -4 -4 -6 -5 -4  7 -6 -7 -7 -4 -6 -7 -6 -4 -3 -6 -7 -6 0 0 1 1 0.01
 5 -4 -4 -4  3 -3 -4  1 -5 -1 -4 -4 -4 -5 -3  2 -2 -5 -5 -3 0 0 1 0 0.01
-2 -4 -3 -2 -5 -4 -2 -3 -5 -3 -4 -3 -4 -3  8 -1  1 -6 -5 -2 0 0 1 1 0.02
 0  0 -1 -1 -2  0  0 -2  0  2  0  0  0 -2  0 -1  0  0 -1  2 0 0 1 0 0.03
-1 -2  0  2 -3  0 -1 -2 -1 -3 -2  0 -3 -3  6  0  0 -3 -1 -3 0 0 1 1 0.04
 0 -1  0  1 -2  0  1 -1 -1  0 -1  1 -1 -2  2  1  2 -2 -1 -1 0 0 1 0 0.07
 0  0  0  0 -2  0  0 -1 -2 -1 -2  1 -2 -3 -2  2  3 -3 -2 -1 0 0 1 1 0.09
 0  1  0  0 -2  1  0 -1  0 -1 -2  0 -2 -1 -1  0  1  3 -1  1 0 0 1 1 0.10
-1  0  2  4 -3  3  1 -2 -2 -3 -2  0 -1 -2  0  0 -1 -3 -2 -2 0 0 1 1 0.13
-1 -1 -1  2 -2 -1 -1 -1  0  0  0 -1  1 -2  1  2  1 -3 -2  0 0 0 1 1 0.14
-1 -1  0  0 -2 -1  0 -2  0 -1  0  0  1  2 -1 -1  0  2  4 -1 0 0 1 1 0.13
 1  0  0  1 -2  1  1  0  1 -1 -2  0 -1 -1  0  0  1 -1 -1 -1 0 0 1 1 0.13
-1 -1 -1 -2 -3 -1 -1  0 -3 -1 -2 -2  0 -2 -2  0  0 10  0 -2 0 0 1 1 0.13
 0 -1  1  0 -3  5  2 -2 -1 -3 -2 -1 -1 -3  0  0  1 -2  0 -2 0 0 1 1 0.12
 0 -2 -1  1 -3 -1 -2 -1 -1 -3 -3 -2 -3 -3  1  4  3 -4 -3 -2 0 0 1 0 0.13
 3 -2  1 -1 -2 -2 -1  0 -2 -3 -2 -2 -2 -1  0  3  0 -3 -1 -1 0 0 1 0 0.11
 0 -1 -1 -2  2 -1 -1 -1  0  0  2 -1  0  0  0  0  1  2 -1  0 0 0 1 0 0.11
 0  0  2  2 -2  1  0 -1  0 -1 -1 -1  0  0 -1  1  1 -2 -1 -1 0 0 1 1 0.07
 0 -1  3  0 -1 -1  0  0  0 -1  0  0  0 -2 -1  1  1 -2 -1 -1 0 0 1 0 0.05
 0 -1  0 -1  1 -1 -1  3 -1 -2 -2 -1 -1 -1  0  1  2 -2  0 -1 0 0 1 1 0.04
 0  0 -1  1 -1 -2 -1 -1 -2 -2 -1 -1 -2  2 -2  2  4 -3  1 -1 0 0 1 1 0.02
-3 -3  7  0  0 -2 -3 -3 -2 -4 -3 -3 -2 -3 -2 -1  0 -5  0 -3 0 0 1 0 0.02
 0 -5 -4 -2 -5 -3 -4 -5 -5 -5 -4 -4 -5 -3  8  0 -3 -6 -2 -2 0 0 1 0 0.02
 0 -1  0 -2 -2 -2 -2 -3  1  0 -3 -1  1 -4 -2  4  3 -4 -3  1 0 1 0 0 0.01
 1 -3 -4 -4 -1 -1 -3 -1 -3  3 -1 -3  1  1 -3 -2 -2 -3 -2  5 0 1 0 0 0.01
-4 -4 -4 -3 -4 -4 -3 -4  1  0 -2 -4  0  7 -4 -3 -2  5  5 -2 0 1 0 1 0.01
 0 -1  0 -3 -2  1 -2 -2  3 -2 -1 -2 -2  3 -2  2  1  5  1 -1 0 1 0 0 0.01
-1  0  0 -2 -3  1 -1 -3  2 -1 -2  3 -2 -1 -3 -1  2  3 -2  0 0 0 1 1 0.02
 0 -1  0 -1 -2  0  1  2  0  1 -1  1  0 -1 -1 -1  0 -2  1  0 0 0 1 1 0.02
 0 -1 -2 -2 -3  1 -2  3 -3 -4 -2 -2 -3 -4  5  0 -1 -4 -4 -3 0 0 1 1 0.02
 0 -1  2  0 -1  0  0  0 -1 -2 -1 -1 -1 -2  3  0  1 -3 -2 -2 0 0 1 1 0.02
 3 -2  0  0 -1  1 -1  0 -1 -2 -2  0  0 -1  1  1  2 -3 -1 -1 0 0 1 0 0.02
-1  1  1 -1 -2  0  0 -2 -1 -2 -1 -1 -1 -2  5  1  1 -3  0 -2 0 0 1 1 0.02
 1 -1  1 -1  0 -1 -1  1  0 -2 -1 -1  2 -2  3  0  0 -2 -2 -1 0 0 1 0 0.02
-2  3 -1 -2 -2  2 -1 -2  1 -2 -1  1 -1  2  1 -1  1  1 -1  1 0 0 1 1 0.02
 0 -1 -2 -2 -1 -1 -2 -2 -2  2  0 -2  2  0  1 -1  1 -2 -1  2 0 1 0 0 0.02
-1  4 -1 -2  2  0 -1 -2 -2 -3 -3  0 -2 -3  3  3  1 -3 -3 -2 0 1 0 0 0.01
-1 -2 -3 -3  2 -2 -3 -3 -2  0  1 -2  1  6 -3 -2 -2 -1  1  0 0 1 0 0 0.01
 2  0  0 -1 -1 -1 -1 -1 -2 -1 -1 -1  3 -2  0  2  1 -2 -2  0 0 1 0 1 0.01
-2 -3 -4 -4  5 -3 -4 -4 -4  4  2 -3  1 -1 -3 -3 -2 -3 -1  3 0 1 0 0 0.01
-2 -3 -3 -3 -4 -3 -3 -3 -3 -4 -4 -3 -4 -4  8 -2 -3 -4 -4 -4 0 0 1 1 0.01
-2 -3 -4 -4 -3 -3 -4 -4 -1  0 -2 -3  0  6 -4 -3 -3  2  6 -2 0 0 1 0 0.01
-1 -2  1 -2  1 -2 -2 -2 -2  1  0 -2  3 -2 -2  1  3 -3 -2  1 0 0 1 0 0.01
 3 -2 -1 -2 -2 -2 -2  2  0 -3 -2 -2 -2 -3 -1  3  0 -3  0 -2 0 0 1 0 0.01
-1 -2 -2 -2 -3 -2 -1 -3 -3  1 -1 -2  0  2  5 -1 -1 -3 -2  1 0 0 1 0 0.01
 1 -2  0 -2  2 -1 -2  1  5  0  0 -2 -1 -2 -3 -1  0  0  1 -1 0 0 1 0 0.01
-1  3  4  0 -1 -1 -1 -1  0 -3 -3 -1 -3 -2 -1  3  0 -4 -3 -3 0 0 1 1 0.01
 3 -3 -3 -3  0 -2 -2 -1 -3  0  0 -2 -1 -1 -3  1  0 -3  0  3 0 0 1 0 0.01
 0 -3 -3 -4 -1 -3 -3 -3 -2  1  3 -3  2  2 -3 -2 -2 -1  5  0 0 1 0 0 0.01
 3 -1 -1 -2 -1 -1 -2 -1 -2 -1 -2 -1 -2 -2  3  1  0 -2  1 -1 0 1 0 0 0.01
 0 -1  0 -3  0 -1 -3 -1 -1 -3 -3 -3 -1 -2 -3  1  5 -3  3 -2 0 0 1 0 0.01
 1 -1  0 -3  0 -1 -2 -1  0  0 -1 -2  3 -1 -3  1  1  2 -2  2 0 0 1 0 0.01
-1 -1 -3 -3 -3 -2 -3 -3 -1 -2 -2 -3 -1  6 -1 -2 -2  4  5 -2 0 0 1 0 0.01
-3 -5 -3 -4  0 -3 -5 -4 -2 -2 -4 -5 -4  3 -6 -1 -1 -2  9 -4 0 1 0 0 0.01
-3 -2  4  6 -1 -1 -2  2 -2 -4 -4 -1 -1 -5 -4 -1 -2 -6 -5 -5 0 0 1 0 0.01
-1 -3 -3 -2 -5 -3 -5  7 -5 -4 -6 -2 -5  0 -2 -3 -1 -5 -2 -5 0 1 0 0 0.01
-3 -3  1  0 -5 -3  1 -3 -1 -4 -4 -3 -3  4 -4 -1  1  6  5 -2 0 0 1 0 0.01
 1 -2  0  1  5 -2 -1 -1 -3 -4 -4 -1 -3 -4  3  3  2 -5 -3 -3 0 0 1 1 0.01
-1  1  0  2 -3 -1 -1  1  2 -1 -2  2 -2 -3 -2  0  2 -3  1 -2 0 0 1 1 0.02
-2 -3 -3  1 -4 -3 -3 -2 -1 -2 -2 -3 -2  5 -4 -1  1  0  6 -2 0 0 1 0 0.02
 0  0  1  2 -3  0  1  1 -2 -3 -2  0 -2 -3 -2  2  1 -4 -3 -3 0 0 1 1 0.02
 0  1  1  0 -3  1  1  1 -1 -1 -2  2 -2 -3  0  1  0 -3 -1 -1 0 0 1 1 0.02
-1  2  1  1 -3  1 -1  0 -1 -3 -4  0 -2 -4  1  2  3 -4 -3 -3 0 0 1 1 0.02
 0  0  0  0 -2  0  0  0  1  0 -1  0  1  0  0  0  0 -2  1  0 0 0 1 1 0.01
-1  1  2  1 -3  1  0 -1  1 -1 -1  0  0 -3  0  0  0  1  0 -1 0 0 1 1 0.01
 0  2  0 -5 -5 -1 -5 -5 -3 -4 -1 -2  0  2 -1 -2 -4 -3  8 -2 0 0 1 0 0.01
 2 -2  1 -3 -2  1 -3  6 -4 -6 -6 -4 -1 -6 -5 -2 -3 -6 -6 -5 0 1 0 0 0.01
 0 -1 -2 -2 -2  2 -2 -4  1  3  0 -2  0 -1 -2 -1  1  0  1  3 0 0 1 0 0.01
 0 -3  1 -4  2 -3 -4 -2 -4  0  3 -3  0  0  2  1  1 -4 -3  0 0 0 1 0 0.01
 3 -3 -1 -2 -4 -1 -3 -3 -2 -2 -2 -2 -4 -5  5  0  2 -6 -5  0 0 0 1 0 0.01
 2 -1  2  0 -1  1 -2 -1  0 -1  0 -2 -2 -4 -2  1  3 -5 -3 -1 0 0 1 1 0.01
 1  1  5 -1 -5 -2 -2  0 -2 -5 -4  2 -4  2 -4  0  0 -5 -2 -4 0 0 1 0 0.01
 0  0  2  3 -3 -1 -1  0  3 -1 -1 -1  0 -1 -3  0  0 -3  1 -1 0 0 1 0 0.01
 2 -3 -5 -5 -4 -4 -3 -4 -4  0  0 -3  6  5 -1 -2 -3  1  1 -1 0 0 1 0 0.01
 1  1  0 -3 -5 -4 -4  6 -4 -6 -6 -2 -5 -6 -2 -1 -1 -5 -5 -5 0 0 1 0 0.01
 0  1  1 -1 -2  1 -1 -2  2  0 -1  0  1 -1 -2  1  3 -3 -2 -1 0 1 0 0 0.01
-3 -4 -5 -5 -3 -4 -4 -5 -4  3  4 -4  4  3 -4 -4 -3 -3 -2  1 0 1 0 0 0.01
 1 -1  3 -2  4 -2 -3 -1 -2 -1 -1 -1  0  0 -3 -1 -1  2  3 -1 0 1 0 0 0.01
 0 -3 -4 -4  2 -3 -4 -4 -3  2  1 -3  1  4 -4 -1 -1 -2  3  2 0 1 0 0 0.01
-2  6 -2 -1 -6  2  1  3 -3 -5 -5 -1 -4 -4 -5 -2 -2 -1 -3 -4 0 1 0 0 0.01
 3 -2 -1 -2 -3 -1 -2  0  4  0 -2 -2 -1 -2 -1  0  1 -4 -1  1 0 1 0 0 0.01
-1 -2  0 -2 -2 -1 -3 -1 -1  3  0 -3 -1 -2 -1  0  1 -2 -2  4 0 0 1 1 0.01
-1  0  3  1 -4  2  0 -1 -1 -3 -2  2  0 -4 -1  0  2 -4 -1 -3 0 0 1 1 0.01
 2 -2 -1  3 -3  0  2  0 -2 -2 -2  0 -3 -2  2  0  1 -4 -3  0 0 0 1 0 0.01
-1 -1  1  2 -2  1  2  0  1 -3 -3  1 -1 -4 -1  0  2 -2 -3 -3 0 0 1 1 0.01
 0  0 -1 -1 -2  0 -1 -2  0  1  0 -1  0  0 -2  1  2 -3  0  1 0 0 1 0 0.01
 0  2 -1 -1 -3  0  0 -3 -1  1 -2  2 -1 -2  2  0  2 -4 -1  1 0 0 1 0 0.01
-1 -4 -3 -4 -3 -3 -4 -3  3  2  0 -3  0  3 -4 -2  2 -4 -1  4 0 1 0 0 0.01
-1  5 -1  2 -5 -1  3 -3 -2 -4 -3  1  0 -3 -2  1  0 -5 -3 -4 0 1 0 0 0.01
-2 -5 -6 -3  1 -5 -5 -5 -6  3  2 -4  0 -2 -5 -4 -2 -5 -4  5 0 1 0 0 0.01
-6 -3 -6 -7 -2 -3 -6 -7  0 -4  2 -6 -4  3 -7 -5 -5  5  8 -2 0 1 0 1 0.01
 0 -4 -5 -5  1 -3 -5 -4  3  2  0 -4  3  3 -5 -4 -2 -3  4  3 0 1 0 0 0.01
-2  7 -3 -5 -7 -1 -4 -3 -4 -7 -6  5 -5 -7 -5 -2 -3 -7 -6 -6 0 1 0 0 0.01
 0 -4 -6 -5 -5 -5 -5 -6 -5  0 -2 -5  7  3  5 -5 -3 -5  2 -2 0 1 0 0 0.00
-3  1 -1 -2 -6 -2 -2 -2 -4 -5 -6  7 -5 -6 -5 -3 -1 -7 -5 -1 0 1 0 0 0.01
-5  5  4 -1 -7 -2 -3 -5  8 -7 -6 -1 -2 -4 -6 -4 -3 -6 -3 -6 0 1 0 1 0.01
 3 -4 -4 -5 -3 -4 -4 -4 -5  3 -1 -4  1  2 -4 -1  1 -4 -2  4 0 1 0 0 0.01
-3  5 -2 -3 -2  0  4 -5 -2 -4 -5  4 -3 -6 -4 -1  0 -6 -5 -5 0 1 0 1 0.01
 4 -4 -3 -5  2 -4 -4  1 -4 -2  2 -4  0 -2 -4 -2  1 -5 -4  1 0 1 0 1 0.01
-6 -4 -7 -8 -7 -6 -7 -7 -4 -6 -5 -7  0  4 -8 -6 -6 10  7 -6 0 1 0 1 0.01
-2 -7 -6 -7 10 -6 -7 -4 -7  2 -1 -6  1 -5 -6 -5 -4 -6 -6  3 0 1 0 0 0.01
-3 -6 -6 -6 -7 -6 -5 -6 -7 -7 -7 -5 -7 -8  9 -3 -5 -8 -7 -7 0 1 0 1 0.01
-6  8 -5 -4 -8 -3 -4 -6 -2 -7 -6 -1 -3 -7 -6 -4 -5 -7 -6 -7 0 0 1 0 0.01
-1 -4 -5 -5 -6 -3 -4 -5 -2 -6 -6 -4 -2 -4  8 -3 -2 -7 -6 -5 0 0 1 0 0.02
-2 -2 -4 -4 -3 -3 -3 -1 -4  2  3 -2  0  0  3 -2  0 -1 -1  0 0 0 1 0 0.04
-1  3 -2 -3 -3 -1 -3 -2 -3  2  3 -1 -1 -1  1 -2 -1 -3 -2  1 0 0 1 0 0.07
 2  1 -1 -3 -2 -1 -2 -2  0 -1  0 -1  0  2  2  0  2 -2  1  0 0 0 1 0 0.15
 0 -2 -2 -1  2  0 -2 -3  1  1  0 -2  1  2 -2 -1  0 -2  3  1 0 0 1 1 0.27
-2  0 -2 -2 -1 -2 -3 -3  3 -4 -4  0 -4 -3  6 -2  0 -4  4 -2 0 0 1 1 0.31
-2 -1 -1  1 -4  1 -1 -3  2 -1 -1 -1 -2 -1  1 -2  1  3  4 -1 0 0 1 1 0.33
-1 -2  0 -3 -3  1 -2 -3  6 -1 -3 -2 -2 -2  5  0  2 -4  0 -2 0 0 1 1 0.45
 0  0  1  0 -3  1  1  0  1 -2 -2  0 -2 -2  2  1  1 -3 -1 -1 0 0 1 1 0.50
 2 -2  1  1 -2 -1 -2  1  0 -1 -2 -1 -1 -3  1  1  2 -4 -1 -1 0 0 1 1 0.43
-1  4  0 -1 -4  1 -1  1  1 -3 -3  1 -3 -4 -2  0  1 -4 -1  0 0 0 1 1 0.51
 0 -1  0  4 -4  0  0 -3  3 -4 -4 -2 -3 -4 -2  2  2 -4  1 -2 0 0 1 1 0.50
-2  5  1 -1 -5 -1 -2 -2  3 -3 -4  4 -4 -4 -4 -2 -1 -4  1 -3 0 0 1 1 0.58
-1 -2  0 -3 -3  2 -2 -4 -1  1 -1 -1 -2  2 -4 -1  2  1  4  2 0 0 1 1 0.44
-2  3  2  3 -5  0  0 -3  2 -5 -5  4 -4 -5 -2 -1 -2 -5 -2 -4 0 0 1 1 0.57
 1 -1 -2 -3 -2  0 -1 -2  0  2  1 -1  0  0  0  0  1 -3 -2  1 0 0 1 1 0.51
 1 -1  1  1 -2 -1 -1 -2  1  1 -1  0 -1 -3 -2  0  1 -4 -2  2 0 0 1 1 0.44
 3 -1  1 -1 -2 -1  0  0 -3  0 -1 -2 -1 -3  1  1  1 -4 -3 -1 0 0 1 1 0.46
-2  1 -1 -3 -4 -2 -2 -3 -4 -2 -2  0 -3 -3  6 -1  2 -5 -1 -1 0 0 1 1 0.48
 2 -2  2  1 -3 -1  0 -1 -1  0 -1  0 -1 -3 -3  0  1 -4 -3  2 0 0 1 1 0.56
-2  2  0 -2 -5 -2 -3  0 -3 -5 -5  3 -4 -5  7 -1 -2 -5 -3 -5 0 0 1 1 0.49
-1 -2 -3 -3 -3  3 -1 -4 -1  3  1 -2 -1  0 -3 -2  0 -3 -1  2 0 0 1 1 0.42
-3 -3 -1 -4 -3 -3 -4 -5 -4  3  4 -1  1 -1 -4 -3 -2 -3 -3  1 0 0 1 1 0.35
-1 -2 -2 -1 -3  3  1 -3 -2  1  2 -1  2  1  0 -2 -1 -3 -2  1 0 0 1 1 0.33
 0  0 -4 -4 -2 -2 -3 -4 -3  2  4 -2  1 -1 -3 -2 -1 -3 -2  2 0 0 1 1 0.37
-2  0 -1  3 -4  3  5 -3 -1 -4 -4  2 -3 -4 -2 -1 -2 -4 -3 -3 0 0 1 1 0.45
