-2 -2 -3 -4 -2 -1 -3 -4 -3  1  2 -2  8 -1 -3 -2 -2 -2 -2  1 0 0 1 1 0.57
-3  0 -2 -4 -4 -2 -3 -4  0  0  0  2  9 -2 -4 -3 -3 -3 -1 -1 0 0 1 1 0.34
 0  5  1  1 -4  1  1 -1  0 -4 -3  2 -2 -4 -3  0  0 -4 -3 -3 0 0 1 1 0.20
-2  4 -2 -2 -4  2  1 -3  1 -4 -3  5 -2 -3 -3 -2 -2 -3  1 -3 0 0 1 1 0.10
 0 -3 -1 -2 -3 -2 -2 -2 -3 -4 -4 -2 -3 -4  1  6  3 -5 -4 -3 0 0 1 0 0.05
-4 -5 -5 -6 -5 -5 -5 -5 -3 -2 -2 -5 -2  8 -6 -5 -4 -1  3 -3 1 0 0 0 0.03
-4 -4 -5 -6 -5 -4 -5 -6 -1 -4 -3 -4 -3  2 -5 -4 -4  0  9 -4 1 0 0 0 0.02
-2  1  0  0 -4  4  1 -2  6 -4 -3 -1 -2 -4 -3  0  1 -4 -2 -3 1 0 0 1 0.03
-4 -4 -5 -6 -4 -4 -5 -5 -2 -3 -3 -5 -3  5 -5 -4 -4  9  7 -4 1 0 0 0 0.02
 0 -4 -5 -5 -3 -3 -4 -4 -4  2  5 -4  3 -1 -4 -3 -2 -3 -3  1 1 0 0 0 0.01
-3 -3 -4 -5 -3  0 -4 -5 -4 -1  2 -3  9 -2 -5 -2 -3 -4 -3  1 1 0 0 1 0.01
-1  1 -2 -3 -3 -1 -2 -3 -3 -1 -2  2 -2 -4 -3  1  5 -4 -3 -2 1 0 0 1 0.02
-2 -2 -1 -2 -3  4  0 -3  2 -1  0 -1 -1  3 -3 -1 -2 -1  4  0 1 0 0 0 0.02
-3  7 -3 -4 -5 -1 -2 -4 -2 -4 -4  1 -3 -5 -4 -3 -3 -5 -4  1 0 0 1 1 0.02
-1 -2  5  2 -4  0  1  3  3 -5 -5 -1 -3 -4 -3 -1 -2 -4 -3 -4 0 0 1 1 0.04
-1  2 -2 -2 -4 -1  0  0 -3 -4 -4  1 -3 -5  6  1 -2 -5 -4 -2 0 0 1 0 0.04
 0  0  1  1 -3  0  1 -2  3 -3 -3  3 -2 -4  1  1  0 -4 -2 -3 0 0 1 0 0.04
-3 -1  2  7 -5 -2  2 -3 -3 -5 -5 -2 -4 -5 -3  0 -1 -6 -5 -5 0 0 1 0 0.04
-1 -1 -1  3 -4  0  3 -3  2 -4 -4 -1 -3 -4  5  0 -1 -5 -3 -3 1 0 0 1 0.04
 0 -2 -1 -3 -2 -1 -1 -3 -3  3  1  1  2  0 -3 -2 -1 -3 -2  3 1 0 0 0 0.03
 2 -2 -1 -2 -2  1  0  2 -2 -2 -3 -1 -2 -4 -2  2  1 -4 -3  0 1 0 0 0 0.03
-2  3  0  2 -4  3  2 -3  0  1 -1  0 -2 -3 -3 -1 -1 -4 -3  0 1 0 0 1 0.03
-3 -4 -4 -5 -3 -4 -5 -5 -3 -1  3 -4 -1  7 -5 -3  0 -2  0 -2 1 0 0 0 0.03
 6 -3 -3 -4 -2 -3 -3 -2 -4 -3 -4 -3 -3 -4 -3  0 -2 -5 -4 -2 1 0 0 0 0.03
-2 -1  5  3 -4  0  3 -2  0 -4 -4  1 -3 -5 -3 -1 -1 -5 -3 -4 1 0 0 1 0.02
 0 -2  3  2 -3  1  1  0  2 -2  0 -1 -2 -2 -3  0 -1  3  0 -2 1 0 0 0 0.02
 5 -3 -3 -4 -2 -3 -3 -2 -3  2 -1 -3  3 -3 -3 -1 -1 -4 -3  1 1 0 0 0 0.01
 1 -4 -4 -4 -4 -1 -2 -3  0 -2 -1 -4 -2  7 -4 -2 -3 -1  4 -2 1 0 0 1 0.01
-2  0  0  2 -1  0  1 -3  2  0  1  0 -1  2 -3 -1 -2 -2  2 -1 1 0 0 1 0.02
-4 -3  1  7 -6 -2  1 -3 -3 -5 -6 -3 -5 -6 -4 -2 -3 -6 -5 -5 0 0 1 0 0.02
-1 -2 -1  1 -3  3 -1 -2  5  0  0 -2 -1 -3  0  1  1 -4 -1 -2 0 0 1 1 0.02
 1 -2  1  1 -2  2 -1  1 -2 -3 -3 -1 -2 -4 -2  3  3 -4 -3 -2 0 0 1 1 0.02
-4 -5 -5 -6 -5 -5 -5 -5 -3 -2 -2 -5 -2  8 -6 -5 -4 -1  3 -3 0 0 1 0 0.02
-3 -5 -4 -4 -5 -4 -4 -5 -5 -5 -5 -3 -5 -6  9 -3 -3 -6 -5 -5 0 0 1 0 0.02
-3  3 -2 -3 -5 -1 -1 -4 -3 -5 -5  7 -3 -5 -3 -2 -3 -5 -4 -4 0 0 1 1 0.02
-2 -1 -1 -2 -4  5  1 -2  6 -4 -3  0  0 -4 -3  0 -1 -4  0 -4 0 0 1 1 0.02
 1 -2 -1  0 -3 -1  2 -2 -2 -3 -3 -1 -3 -4 -2  5  2 -4 -3 -3 0 0 1 1 0.02
-1  0  2  3 -3  2  1 -2 -1 -3 -3  1 -1 -3 -2  1  2 -4 -2 -2 0 0 1 1 0.02
-3 -3  3  7 -5 -1  1 -3 -1 -4 -5 -2 -4 -5 -3  0 -1 -6 -4 -5 0 0 1 1 0.01
-4 -3 -5 -5 -5 -4 -5 -5  0 -3 -2 -4 -2  7 -5 -4 -4  0  7 -3 1 0 0 1 0.01
-3 -2  2  5 -5  0  4  0  4 -5 -5 -1 -4 -4 -3 -2 -1 -5 -3 -4 1 0 0 1 0.01
-2  1 -2  0 -4  1  5 -3 -2 -1 -3  1 -3 -4 -1  0  1 -4 -3 -2 1 0 0 1 0.01
-3 -4 -5 -5 -3 -4 -5 -5 -5  5  4 -4  0 -1 -4 -4 -2 -4 -3  2 1 0 0 0 0.01
-1  0 -2 -2  1 -2 -2 -3 -3  0 -4 -2 -3 -4 -3  6  0 -5 -4 -3 1 0 0 0 0.01
-1  3  2  3 -4  1  1 -2  1 -4 -4  2 -3 -4 -2  1  1 -4 -3 -3 1 0 0 1 0.01
-4 -4 -4 -6 -5 -4 -4 -6  3 -4 -4 -4 -3  2 -5 -4 -4  0  9 -4 1 0 0 0 0.01
-3 -4 -5 -5 -3 -4 -5 -5 -5  3  5 -4  2 -1 -5 -4 -3 -4 -3  0 1 0 0 0 0.01
-3 -2 -2 -1 -6  2  7 -4 -2 -5 -5 -1 -4 -5 -3 -2  0 -5 -4 -4 1 0 0 1 0.01
 1 -2 -2  1 -1 -1  2 -3 -1 -1  2 -2  2  0 -3 -1  1  2 -2 -1 1 0 0 1 0.01
-3 -2  6  0 -4  2  1 -2  2 -5 -5  1 -3 -4 -3  1 -1 -4  0 -4 0 0 1 1 0.01
 4 -3 -2 -3 -2 -1 -2  3  2 -2 -2 -2 -2 -3 -1  1 -1 -4 -3  1 0 0 1 1 0.01
 0 -1  1  3 -3 -1  0  0  3 -3 -3 -1 -2 -3  2  2  1 -4 -2 -2 0 0 1 1 0.01
-3 -3 -3 -4 -4 -3 -1 -5  3 -2 -2 -3 -1  5 -1 -1 -3  0  7 -3 0 0 1 0 0.01
 0 -2 -1 -3 -2  0 -2 -3 -3  0  3 -2  0 -1 -1  2  1 -3  0  0 0 0 1 1 0.02
-1 -1 -1  0 -3  0  1 -3 -1 -1  0  0  1  2  4  0 -1 -2 -1 -1 0 0 1 0 0.02
 2 -1  3 -2 -2 -2 -1 -1 -2 -3 -2 -2 -2 -3  1  4  1  0 -2 -3 0 0 1 1 0.02
-2 -4 -4 -5 -3 -3 -4 -5 -4  1  3 -4  8 -2 -4 -3 -1 -4 -3  0 1 0 0 1 0.02
 0 -1 -1  0 -3  0  1  1 -2 -2 -3  0 -2 -3 -2  3  3 -4 -1 -1 1 0 0 1 0.01
-1 -3 -3  0  3 -1 -1 -4 -2  4  0 -3 -1 -2 -3 -2  2 -4 -2  3 1 0 0 0 0.01
-5 -5 -5 -6 -5 -6 -6 -6 -4 -2  0 -5 -2  9 -6 -5 -4 -1  1 -3 1 0 0 0 0.01
-4 -3 -1  8 -6 -2 -1 -4 -3 -5 -6  0 -5 -6 -4 -2 -3 -7 -5 -5 1 0 0 1 0.01
-1  0  0  5 -4  1  4 -3  0 -4 -4  1 -3 -4 -3  0 -1 -5 -3 -4 1 0 0 1 0.01
 3 -3 -3 -3 -2 -2 -3  0 -3  2  2 -2  2 -2 -3  0 -1 -3 -3  1 1 0 0 0 0.01
-5 -5 -6 -7 -5 -5 -5 -5 -4 -5 -4 -5 -4  0 -6 -5 -5 12  5 -5 1 0 0 0 0.01
-2  1  0  1 -4  4  4 -2 -2 -3 -1  0 -2 -4 -3 -1 -1 -4 -3 -1 1 0 0 1 0.01
-1  1 -1  2 -3  2  3 -2 -1 -1  1  0  1 -2 -2 -1 -2 -3  1 -2 1 0 0 0 0.01
-4 -4 -5 -5 -5 -4 -4 -5 -1 -4 -3 -4 -3  2 -5 -4 -4  0  9 -4 1 0 0 0 0.01
-1 -1 -2 -2 -3  2  1 -3 -2  1  3  1  0 -2 -3 -1  0 -3 -2  0 1 0 0 1 0.01
-1 -1 -1  3 -4  3  5 -3 -1 -2 -3 -1 -3 -4 -2  0 -2 -4 -3 -3 1 0 0 1 0.02
 0  0  0 -1 -3 -1 -1 -2 -2 -3 -3  4 -2  0 -3 -1 -2  9  1 -3 1 0 0 0 0.04
-2 -2 -3 -3 -2 -1  0 -3 -2  1  3  0  5  1 -3 -2 -1 -2  1  0 1 0 0 1 0.06
-1  2  2 -1 -3  3  0 -2 -1 -3 -3  4  1 -3 -2  1 -1 -3 -2 -3 1 0 0 1 0.10
-3 -3 -3 -4 -3 -3 -3 -4 -1 -1  0 -3 -1  6 -4 -3 -2  1  5 -1 1 0 0 1 0.19
-2 -2 -4 -4 -1 -2 -3 -4 -3  2  4 -3  2  0 -3 -3 -1 -2 -1  1 1 0 0 1 0.36
 3 -1 -1  0 -1  1  3 -1 -1 -2 -2  0 -1 -3 -1  1  0 -3 -2 -1 1 0 0 1 0.38
 0 -1  1 -1 -2  0  0 -1  6 -3 -3  0 -2 -2 -1  3  0 -3  0 -2 1 0 0 1 0.60
-1  0  0  1 -4  1  4 -2  6 -3 -3  0 -2 -2 -2  0 -1 -3  0 -3 0 0 1 1 0.77
-1  0  0  1 -4  1  4 -2  6 -3 -3  0 -2 -2 -2  0 -1 -3  0 -3 0 0 1 1 0.83
-1  0  0  1 -4  1  4 -2  6 -3 -3  0 -2 -2 -2  0 -1 -3  0 -3 0 0 1 1 0.87
-2  0  1 -1 -3  0  0 -2  7 -3 -3 -1 -2 -1 -2 -1 -2 -2  2 -3 0 0 1 1 0.91
-2  0  1 -1 -3  0  0 -2  7 -3 -3 -1 -2 -1 -2 -1 -2 -2  2 -3 0 0 1 1 0.92
