 0 -2  0 -1 -3 -2 -2  6 -2 -4 -4 -2 -3 -3 -2  0 -2 -3 -3 -3 0 0 1 1 0.96
-1 -1 -2 -1 -2  0  2 -3 -1  0  1 -1  5 -1 -2 -1 -1 -2 -1  0 0 0 1 1 0.97
 0 -1  1  3 -1  0  0 -1 -1 -2 -3  0 -2 -3 -1  3  2 -3 -2 -2 0 0 1 1 0.97
 1 -1  0  4 -2  0  2 -1 -1 -2 -3  0 -2 -3 -1  0  1 -3 -2 -2 0 0 1 1 0.97
 0 -2  0  4 -3 -1  0 -2 -2 -3 -3 -1 -3 -4  5  0 -1 -4 -3 -3 0 0 1 1 0.96
 1 -2 -1 -1 -2 -1  1  3 -2 -1 -1 -1  1 -2 -2  1  0 -3 -2  0 0 0 1 1 0.93
 0  1  3  0 -2  0 -1 -1 -1 -1 -2  0 -2 -3  3  2  1 -3 -2 -1 0 0 1 1 0.88
 1 -1  0  2 -2  1  4 -1 -1 -3 -3  0 -2 -3 -1  2  0 -3 -2 -2 0 0 1 1 0.89
 0  0  0 -1 -2  4  1  0  2 -3 -3  0 -1 -3  1  2  0 -3 -2 -2 0 0 1 1 0.86
-1 -1  3  4 -3  0  1  1  3 -3 -3 -1 -2 -3 -2  0 -1 -4 -2 -2 0 0 1 1 0.83
-2 -1  1  5 -3  0  3  0 -1 -3 -3 -1 -3 -3 -2 -1 -1 -4 -3 -3 0 0 1 1 0.73
 0 -1  1  4 -2  0  2  0 -1 -3 -3 -1 -2 -3 -1  1  0 -3 -3 -2 0 0 1 1 0.55
-1 -2  0  3 -4  1  3  3 -1 -4 -4 -1 -3 -4  3 -1 -2 -3 -3 -3 0 0 1 1 0.37
-2 -3 -4 -4  1 -3 -4 -4 -4  3  4 -3  1  0 -3 -3 -2 -3 -2  1 0 0 1 1 0.20
-3 -2  1  7 -4 -1  1 -2 -2 -4 -5 -2 -4 -4 -2 -1 -2 -5 -4 -4 0 0 1 1 0.11
-2 -3 -2  0 -4 -2 -2 -3 -3 -4 -4 -2 -3 -5  8 -2 -2 -5 -4 -3 1 0 0 1 0.05
 3 -2 -2 -2 -1  0 -2 -1 -2  0 -1 -1 -1 -2  0  0  1 -3 -2  2 1 0 0 0 0.02
-2 -2 -3 -4 -2 -2 -3 -4 -3  3  3 -1  2  1 -3 -2 -1 -2 -1  2 1 0 0 1 0.02
 0 -2 -3 -3 -2 -2  0 -3 -3  2  2 -2  0 -1 -3 -2 -1 -3 -2  4 1 0 0 0 0.02
 5 -2 -2 -2 -1  0  0 -1 -2 -2 -2 -1 -2 -3 -1  1  1 -3 -2 -1 1 0 0 1 0.01
 0 -3 -3 -3 -1 -2 -3 -3 -3  3  1 -2  0 -1 -3 -1  1 -3 -2  3 1 0 0 0 0.01
-2 -3 -4 -4 -2 -3 -4 -4 -4  1  5 -3  1  0 -4 -3 -2 -2 -2  0 1 0 0 0 0.02
 2  2 -1 -2 -2  2  0  0 -1 -1  0  0 -1 -2 -2  1  0 -3 -2 -1 1 0 0 1 0.02
 1  1 -1 -2  1  4  0 -2  2 -1 -1  0 -1 -2 -2  0  2 -3 -2  0 1 0 0 0 0.03
-2 -3 -4 -4 -2 -3 -4 -4 -4  1  5 -3  1  0 -4 -3 -2 -2 -2  0 1 0 0 0 0.06
-3  3  2 -3  1 -1 -2 -3  3 -4 -3 -1 -2 -1 -4 -2 -2  9  0 -4 1 0 0 1 0.06
-2  4 -1  2 -4  2  4 -3 -1 -4 -3  1 -2 -4 -2 -1 -1 -3 -3 -3 1 0 0 1 0.08
 5 -2 -2 -3 -1 -2 -2 -1  1 -2 -2 -2 -2 -3 -2  0 -1 -3 -2 -1 1 0 0 0 0.10
 2 -1 -1 -1 -2  1  1  1  5 -2 -1 -1 -1 -2 -2  1 -1 -3 -1 -2 0 0 1 1 0.11
 0  2  0  0 -2  1 -1  0  0 -1 -2  0 -1 -3 -2  2  2 -3 -2  0 0 0 1 1 0.11
 0 -1  0  3 -4  2  5 -1 -1 -4 -3  0 -3 -4 -2 -1 -1 -4 -3 -3 0 0 1 1 0.12
 1  1  0 -1 -2 -1 -1  1 -2 -2 -2 -1  0 -3  3  1  2 -3 -2 -1 0 0 1 1 0.15
 0  1 -1  0 -3 -1 -1  3 -2 -3 -3 -1 -3 -4  5  0 -1 -4 -3 -3 0 0 1 1 0.14
 1  1 -1 -2 -3 -2 -2  5 -2 -4 -4 -1 -3 -4 -3  0 -2 -3 -3 -3 0 0 1 1 0.12
 1  2 -1 -1 -3  0 -1  2 -1 -2 -2  3  0 -3 -2  0  0 -3 -2 -2 0 0 1 1 0.11
 2 -1 -1  0 -2 -1 -1 -1 -2 -2 -2 -1 -2 -3  5  1  2 -3 -2 -1 0 0 1 1 0.09
-3 -3 -4 -5 -3 -3 -4 -3 -3  1 -1 -4 -2  0 -4 -3 -3 11  1 -2 0 0 1 0 0.07
 0 -2  0 -1 -2 -1 -1 -1 -2 -3 -3 -1 -2 -3  2  5  0 -4 -3 -3 0 1 0 0 0.06
-2 -3 -4 -4 -2 -3 -4 -4 -3  1  5 -3  3  0 -4 -3 -2 -2 -2  0 1 0 0 0 0.05
 5 -2 -2 -2 -1 -2 -2 -1 -3 -2 -2 -2 -2 -3  4  0 -1 -4 -3 -1 1 0 0 0 0.04
 0  3 -1 -2 -3  0  0 -2 -1 -3 -3  5 -2 -4 -2 -1 -1 -4 -3 -3 1 0 0 1 0.03
-2 -3 -4 -4 -2 -3 -4 -4 -4  3  4 -3  1  0 -4 -3 -2 -3 -2  1 1 0 0 0 0.03
 3 -2 -1 -2  4 -1 -1  1 -2 -3 -3 -1 -2 -3 -2  3  0 -3 -3 -2 1 0 0 0 0.03
-2  1 -1 -2 -4  0  0 -2 -2 -4 -3  6 -2 -4 -2 -1 -2 -4 -3 -3 1 0 0 1 0.03
-2  6 -1 -2 -4  4  0 -3 -1 -4 -3  1 -2 -4 -3 -1 -2 -3 -2 -3 1 0 0 1 0.03
 4 -2 -2 -2 -1 -1 -1 -1 -2 -1  0 -1 -1 -2 -2  2  1 -3 -2  0 1 0 0 0 0.03
-1  0  1  0  2  3  2  3 -1 -3 -3  0 -2 -4 -2  1 -1 -3 -3 -3 0 0 1 1 0.03
 0 -2 -3 -3 -2  0 -2 -3 -3  2  3 -2  2 -1 -3 -2 -1 -3 -2  3 0 0 1 0 0.03
-2  2 -2 -2 -4  0 -2 -3 -2 -4 -4 -1 -3 -4  7 -2 -2 -4 -4 -3 0 0 1 1 0.02
-2 -3 -3 -4 -3 -2 -3 -4 -3  0  1 -3  9 -1 -4 -3 -2 -3 -2  0 1 0 0 0 0.02
 0 -2  0 -1 -2 -1 -1 -1 -2 -3 -3 -1 -2 -3 -2  6  1 -4 -3 -3 1 0 0 1 0.02
 1 -2 -1 -2 -1 -2 -2  0 -3  0 -1 -2  0 -2 -2  1  4 -3 -2  2 1 0 0 1 0.01
-2 -3 -4 -5 -2 -3 -4 -5 -4  1  5 -3  1  0 -4 -3 -2 -2 -2  0 1 0 0 0 0.01
-2  7 -1 -2 -4  2 -1 -3 -1 -4 -3  1 -2 -4 -3 -2 -2 -4 -3 -3 1 0 0 1 0.01
-2  7 -1 -3 -4  0 -1 -3 -1 -4 -3  1 -2 -4 -3 -2 -2 -4 -3 -4 1 0 0 1 0.01
 0 -1 -1 -2 -2  2 -1 -3  4  0  0 -1 -1 -2 -2 -1  2 -2  1  2 1 0 0 0 0.01
-2 -3 -4 -5 -2 -3 -4 -5 -4  1  5 -3  1  0 -4 -3 -2 -2 -2  0 1 0 0 0 0.01
-1 -2 -1 -2 -2 -1 -2 -2 -2 -2 -2 -1 -2 -3 -2  2  6 -3 -3 -1 1 0 0 1 0.01
 2  1 -1 -1 -2  4  2 -2 -1 -3 -2  0 -1 -3 -2  1 -1 -3 -2 -1 1 0 0 1 0.01
-2 -3 -4 -4 -2 -3 -4 -4 -3  1  5 -3  1  2 -4 -3 -2 -2 -1  0 1 0 0 0 0.01
 0 -1  0  4 -3  2  2  0 -1 -1 -2 -1 -2 -3 -2  1 -1 -4 -3  0 1 0 0 1 0.01
 3 -2  0  3 -2 -1  2  0 -2 -3 -3 -1 -2 -3 -2  1 -1 -4 -3 -2 1 0 0 1 0.01
 4 -2 -1 -1 -2 -1 -1  2  3 -3 -3 -1 -2 -3 -2  1 -1 -3 -2 -2 0 0 1 1 0.01
-1 -3 -1  0 -3 -2  0  6 -3 -5 -4 -2 -4 -4 -3 -1 -2 -3 -4 -4 0 0 1 1 0.01
-2 -3 -4 -4 -2 -3 -3 -4 -4  3  4 -3  1  0 -3 -3 -1 -3 -2  2 0 0 1 0 0.01
 1 -2 -2 -3 -1 -2 -2 -2 -3  1  0 -2  0 -2 -2  0  3 -3 -2  3 0 1 0 0 0.01
 1 -1  0  2 -2  1  2 -2  1 -2 -1  0 -1 -3 -2  1  1 -3 -2 -1 0 1 0 1 0.01
-1 -2 -2 -3 -2 -2 -2 -3 -3  1 -1 -2  2 -2 -2  0  4 -3 -2  3 0 1 0 0 0.01
 0  0 -1  0 -2  0  0 -2  3  1 -1 -1  2 -2 -2  1  3 -3 -1  0 0 1 0 1 0.01
-1 -3 -3 -4  3 -3 -3 -3 -3  1  2 -3  1  3 -3 -2  1 -2  0  1 0 1 0 1 0.02
-1  1  3  3 -3  1  1 -1  3 -4 -3  0 -2 -3 -2  1 -1 -3  0 -3 0 0 1 1 0.02
-1 -1  0  4 -4  1  5 -3 -1 -4 -4  0 -3 -4 -2 -1 -2 -4 -3 -3 0 0 1 1 0.03
 1 -2  0  5 -3  0  3 -2 -2 -3 -4 -1 -3 -4 -2 -1 -1 -4 -3 -3 0 0 1 1 0.03
-1 -3 -1 -2 -3 -3 -3  6 -3 -5 -5 -2 -4 -4 -3 -1 -2 -3 -4 -4 0 0 1 1 0.03
 1  4 -1 -2 -2 -1 -1 -2 -2 -1 -2  0 -1 -3 -2  0  4 -3 -2 -1 0 0 1 1 0.02
-1 -3 -2 -2 -3 -3 -3  6 -3 -1 -3 -3 -3 -3 -3 -1 -2  5 -2 -3 0 1 0 0 0.02
 0  2 -1 -2  1 -1 -1 -1  4 -2 -2 -1 -2  0 -2  1  3 -3 -1 -2 0 1 0 1 0.02
 5 -2 -2 -2 -1 -2 -2 -1 -2 -2 -2 -1 -2 -3 -2  1  2 -3 -3 -1 0 1 0 0 0.02
 2  2 -1 -1 -2  0  1 -1 -1 -1 -2  0  0 -2 -2  1  1  2 -2  0 0 1 0 0 0.02
-2 -3 -4 -5 -2 -3 -4 -5 -4  1  5 -3  1  0 -4 -3 -2 -2 -2  0 0 1 0 0 0.01
-1 -2  1 -2 -2 -1 -2 -2 -2 -2 -2 -1 -2 -3 -2  2  6 -3 -2 -1 0 0 1 0 0.01
 2 -1 -1  2 -3  2  3 -1 -1 -2 -3  0 -2 -3  2  0 -1 -3 -3 -1 1 0 0 1 0.01
 0 -1 -1  0 -3  2  4 -2 -1 -2 -1  0 -1  1 -2  0  1 -2  2 -2 1 0 0 1 0.01
-1 -3 -1 -2 -3 -3 -3  6 -3 -5 -5 -2 -4 -4 -3 -1 -2 -3 -4 -4 1 0 0 0 0.01
 1  3 -2 -2  0  0  0 -2 -2  1  0  0  3 -2 -2 -1 -1 -3 -2  0 1 0 0 1 0.01
 2  0 -1  0 -2  1  3  2 -1 -2 -2  0 -2 -3 -2  1 -1 -3 -2 -1 1 0 0 1 0.01
-2 -3 -4 -4 -2 -3 -3 -4 -3  2  4 -3  1  1 -3 -3 -2  4 -1  2 1 0 0 1 0.01
 1 -4 -3 -4  8 -3 -4 -3 -3 -2 -2 -3 -2  3 -3 -1 -2 -2 -1 -2 1 0 0 0 0.02
 3 -2 -1  3 -2 -1  1  1 -2 -3 -3 -1 -2 -3  1  0 -1 -4 -3 -2 1 0 0 1 0.02
 2 -1 -1 -1 -2  4  2 -1 -1 -2 -2  0 -1 -3 -2  0  0 -3 -2 -1 1 0 0 1 0.01
-1 -3 -4 -4 -2 -3 -3 -4 -4  1  5 -3  1  0 -3 -3 -2 -2 -2  1 1 0 0 1 0.02
-3 -4 -4 -4 -3 -4 -4 -4 -2 -1  0 -4 -1  8 -5 -3 -3  0  2 -2 0 0 1 0 0.03
 0 -3 -1 -2 -3 -2 -2  6 -3 -4 -4 -2 -3 -4  3 -1 -2 -3 -4 -3 0 0 1 1 0.05
-1  0  2  4 -4  2  4 -2  0 -3 -3  0 -2 -4 -2  0 -1 -3 -2 -3 0 0 1 1 0.11
-1 -2 -2 -2 -3 -1 -1 -2 -2 -3 -3 -1 -3 -4  8 -1 -1 -4 -3 -3 0 0 1 1 0.21
-2 -3 -3 -3 -2 -3 -3 -3 -1  0  0 -3  0  6 -3 -2 -2  1  3 -1 0 0 1 1 0.33
