 3 -2 -2 -2 -1 -1 -2 -1 -2  1  0 -1  0 -2 -2  0  1 -3 -2  2 0 0 1 1 0.89
 5 -2 -2 -2 -1 -1 -1  0 -2 -2 -2 -1 -1 -3 -1  1  0 -3 -2 -1 0 0 1 1 0.86
-1  1  0 -2 -2  0 -1 -3 -2  1  1  1  5 -1 -2 -1  1 -2 -2  0 0 0 1 1 0.86
-1  3 -1 -2  4 -1 -2  4 -2 -3 -3  0 -2 -3 -3 -1 -2 -3 -3 -3 0 0 1 0 0.82
 0  2  0 -1 -2  0 -1  3 -1 -1 -2  1 -2 -3 -2  2  0 -3 -2 -2 0 0 1 1 0.77
-1 -4 -3 -4 10 -4 -4 -3 -4 -2 -2 -4 -2 -3 -3 -2 -1 -3 -3 -1 0 0 1 0 0.73
 0  0  0 -1 -1 -1 -1 -1 -1 -2  0 -1 -1 -2 -1  4  1 -3 -2 -2 0 0 1 1 0.56
 0  2  2  1 -3  0  1  2 -1 -3 -3  1 -2 -3 -2  1 -1 -3 -2 -3 0 0 1 1 0.49
 0  2  1  1 -2  1  2 -1 -1 -3 -3  2 -2 -3 -1  2  0 -3 -2 -2 1 0 0 1 0.40
-1 -2 -2 -3 -3 -2 -2 -3  1 -2 -2 -2 -2  2 -3  1 -1  1  7 -2 1 0 0 0 0.34
-1  0 -1  0 -3  2  0 -2  4 -2 -2  0  1 -3  4  0  0 -3 -1 -2 1 0 0 1 0.26
 0  0 -1  0 -3  3  3  0 -1 -2 -2  1 -1 -3 -2  0  0 -3 -2  0 1 0 0 1 0.18
-2 -3 -4 -4 -2 -3 -3 -4 -3  1  5 -3  2  0 -3 -3 -2 -2 -1  0 1 0 0 0 0.18
-2 -3 -4 -4 -2 -3 -3 -4 -3  1  4 -3  2  1 -3 -3 -2 -2 -1  0 1 0 0 0 0.21
 0  0  0  2 -2  1  0  3 -1 -2  0 -1 -1 -2 -2  2  0 -3 -2 -2 1 0 0 1 0.19
-1  0 -1 -1 -4  7  1 -2  0 -3 -3  1 -1 -4 -2 -1 -1 -3 -2 -3 1 0 0 1 0.16
-2 -2 -4 -4 -2 -2 -3 -4 -3  1  4 -3  3  0 -3 -3 -2 -2 -1  0 1 0 0 0 0.16
-1  3 -1 -1 -4  6  1 -2  0 -3 -3  2 -1 -4 -2 -1 -1 -3 -2 -3 1 0 0 1 0.15
 0  2  2  0 -2  1  0 -1  2 -3 -3  3 -2 -3 -1  2  0 -3 -2 -2 1 0 0 1 0.15
-1  0 -1 -1 -3  6  1 -2  0 -3 -1  1 -1 -3 -2 -1 -1 -2 -2 -2 1 0 0 0 0.13
 4 -2 -2 -2 -1 -1 -1  0 -2 -2 -2 -1 -1 -3 -1  1  2 -3 -2 -1 1 0 0 0 0.13
-2 -1  4  5 -4  0  1 -1  2 -4 -4  0 -3 -3 -2  0 -1 -4 -2 -3 1 0 0 1 0.13
-1 -2 -3 -3 -2 -2 -3 -3  1  2  3 -2  1  1 -3 -1 -1 -2 -1  1 1 0 0 0 0.12
-1 -2 -2 -3 -2 -1 -2 -3 -2  0  2 -2  6 -1 -3 -1  2 -2 -2  0 1 0 0 0 0.11
-1  1  0 -1 -3  5  1  2  0 -3 -3  2 -1 -4 -2 -1 -1 -3 -2 -3 0 0 1 1 0.11
-2 -2  4  5  1 -1  1 -1  1 -3 -4 -1 -3 -4 -2  0 -1 -4 -3 -3 0 0 1 1 0.10
-1 -2 -1 -2 -2 -1 -1 -2 -2 -2 -2 -1 -1 -3  4  1  5 -3 -2 -1 1 0 0 0 0.08
 1  0  1  0 -2  0  2 -1 -1 -3 -3  0 -2 -3 -1  4  1 -3 -2 -2 1 0 0 1 0.08
 0  0 -1 -2  4 -1 -1 -2 -2 -1  1 -1  1 -2 -2  2  2 -3 -2 -1 1 0 0 1 0.05
-2 -3 -4 -4 -2 -3 -3 -4 -3  1  5 -3  2  0 -3 -3 -2 -2 -1  0 1 0 0 0 0.04
-2 -3 -4 -4 -2 -3 -3 -4 -3  1  5 -3  2  0 -3 -3 -2 -2 -1  0 1 0 0 0 0.03
-1 -1  0  5 -3  1  3 -2 -1 -1 -3  0 -2 -3 -2  0 -1 -4 -3 -2 0 0 1 1 0.02
-1 -3 -3 -2 -3 -2 -2 -3 -3 -2 -1 -2 -2 -3  8 -1 -2 -4 -3 -2 1 0 0 0 0.02
-2 -2 -3 -3 -3  0 -2 -4  1 -2 -1 -2 -1  3 -3 -2 -2  2  7 -2 1 0 0 0 0.01
-2 -3 -4 -4 -2 -3 -3 -4 -3  5  1 -3  3 -1 -3 -3 -1 -3 -2  2 1 0 0 0 0.01
-2  5 -1 -2 -3  2  0 -3  2 -2  0  2 -1 -2 -2 -1 -1 -3 -1 -2 0 1 0 1 0.01
 0 -2 -2 -3 -1 -2 -2 -3  1  2  2 -2  2  0 -2  0 -1 -2  1  1 0 1 0 0 0.02
-1  0 -1 -1 -4  7  1 -2  0 -3 -3  1 -1 -4 -2 -1 -1 -3 -2 -3 0 0 1 1 0.02
 0 -2  2 -1 -3 -1  0  5 -2 -4 -4 -1 -3 -4 -2  0 -2 -3 -3 -3 0 0 1 1 0.02
-2 -3 -4 -4 -2 -3 -3 -4 -3  1  5 -3  2  0 -3 -3 -2 -2 -1  0 0 0 1 0 0.02
-2 -1  4  5 -4  0  2 -1  2 -4 -4 -1 -3 -3 -2  0 -1 -4 -2 -3 0 0 1 1 0.03
 0  0 -1 -2 -2 -1 -1 -2 -2  0 -1  2 -1  0 -2  1  3 -3 -1  1 0 0 1 1 0.03
-1 -2  0  1 -3 -1 -1 -2 -2 -2  0 -1 -2 -3  7  0 -1 -4 -3 -2 0 0 1 1 0.03
-1  0 -1  1 -2 -1  0  3 -2 -1 -2  1 -1 -3 -2  0  1 -3 -2  1 0 0 1 1 0.04
-2 -2 -3 -4 -2 -2 -3 -4 -2  1  4 -3  1  0  1 -3 -2 -2  1  0 1 0 0 0 0.05
-1  5 -1 -1 -3  2  0 -2 -1 -3 -3  3 -2 -3 -2  0 -1 -3 -2 -3 1 0 0 1 0.06
 1  0 -1  1 -3  1  5  0 -1 -3 -3  1 -2 -3 -1  0 -1 -3 -2 -2 1 0 0 1 0.07
 1 -1 -1 -2 -2  0 -1 -2  6 -2 -1 -1 -1 -1  2  0 -1 -2  2 -2 1 0 0 1 0.07
-1 -4 -3 -4 10 -4 -4 -3 -4 -2 -2 -4 -2 -3 -3 -1 -1 -3 -3 -1 1 0 0 0 0.07
-1  4 -1 -2 -3  0  0 -2 -1 -2 -2  3  1 -3 -2  0  2 -3 -2 -2 0 0 1 1 0.07
-1  0  0  2 -4  2  5 -2 -1 -4 -3  1 -2 -4 -2 -1 -1 -3 -2 -3 0 0 1 1 0.09
-1  4 -1 -2  4  0 -1 -2  5 -3 -2  1 -2 -2 -2  0 -1 -2  1 -3 0 0 1 1 0.12
-1 -2 -2 -2 -3 -1 -1 -2 -2 -3 -3 -1 -3 -4  7  1 -1 -4 -3 -3 0 0 1 1 0.10
 0  2 -1 -2 -3 -1 -2  4 -2 -1 -2  0 -2 -3 -2 -1 -1 -3 -3  0 0 0 1 1 0.13
 4 -2 -1  2 -1 -1 -1 -1 -2 -2 -2 -1 -1 -3 -1  1  1 -3 -2 -1 0 0 1 1 0.11
-3 -3 -4 -4 -3 -4 -4 -4 -2 -1  0 -4  0  7 -4 -3 -3  0  3 -1 0 0 1 0 0.13
-1 -3 -3 -2 -3 -2 -2 -3 -3 -3 -3 -2 -3 -4  8 -1 -2 -4 -4 -3 0 0 1 1 0.12
 1 -1  0 -1 -1 -1 -1 -1 -1 -3 -3 -1 -2 -3 -1  5  1 -3 -2 -2 0 0 1 1 0.11
-1  0  1  1 -4  2  5 -2  0 -3 -3  2 -2 -4 -1  0 -1 -3 -2 -3 1 0 0 1 0.11
 0 -1  2  5 -3  0  2 -1 -1 -3 -3 -1 -3 -4 -2  0 -1 -4 -3 -3 1 0 0 1 0.09
 3 -2 -1  0 -1 -1 -1 -1 -2 -1 -1 -1  1 -2 -1  1  3 -3 -2  0 1 0 0 0 0.08
-2 -3 -4 -4 -2 -3 -3 -4 -3  1  5 -3  2  0 -3 -3 -2 -2 -1  0 1 0 0 0 0.08
-2  4 -1 -2 -3  4  0  0 -1 -3 -3  1 -1 -2 -2 -1 -1  6 -1 -3 1 0 0 1 0.08
 1  3 -1 -1 -3  2  1  3 -1 -3 -3  0 -2 -3 -2  0 -1 -3 -2 -2 1 0 0 1 0.09
-2 -3 -4 -4 -2 -3 -3 -4 -3  1  4 -3  2  1 -3 -3 -2 -2 -1  0 0 0 1 0 0.13
 1 -1  0 -1 -2 -1 -1  2 -1 -3 -3 -1 -2 -3 -1  4  1 -3 -2 -2 0 0 1 1 0.10
-2  5 -1 -2 -4  2  0 -2 -1 -3 -3  3 -2 -3 -2 -1 -1 -3 -2 -3 1 0 0 1 0.05
-2  4 -1 -2 -3  2  0 -2  2 -3 -3  2 -2 -3  3 -1 -1  3 -1 -3 1 0 0 1 0.05
 0 -2  0  3 -3 -1  1  3  3 -2 -3 -1 -2 -3 -2 -1 -1 -3 -2 -1 1 0 0 1 0.05
-3 -3 -4 -4 -3 -4 -4 -4 -2  0  1 -4  0  7 -4 -3 -2  0  2 -1 1 0 0 0 0.05
-2 -3 -4 -4 -2 -3 -3 -4 -3  1  5 -3  2  0 -3 -3 -2 -2 -1  0 1 0 0 0 0.04
-1  3  0 -1 -3  4  1 -2  2 -3 -3  1 -1 -2 -2  1 -1  4 -1 -3 1 0 0 1 0.03
 0 -2 -1 -2 -1 -1 -1 -2 -2 -1 -2 -1 -1 -3 -2  1  6 -3 -2 -1 1 0 0 0 0.03
-1 -3 -4 -4 -1 -3 -3 -4 -3  2  4 -3  1  0 -3 -3 -1 -2 -1  2 1 0 0 0 0.02
-1 -1  5  2 -3  0  0 -1  3 -3 -3 -1 -2 -1 -2  1 -1 -2  2 -3 1 0 0 0 0.01
 3 -2 -1  0 -1 -1 -1 -1 -2 -1 -2 -1 -1 -3 -1  1  3 -3 -2 -1 1 0 0 1 0.01
-1 -2 -1 -2 -1 -1 -1 -2 -2 -1 -1 -1  2 -2 -2  1  5 -3 -2  0 1 0 0 0 0.01
-2 -3 -4 -4 -2 -3 -3 -4 -3  2  4 -3  2  0 -3 -3 -2 -2 -1  1 1 0 0 0 0.01
-1 -2  1  3 -3 -1 -1  5 -2 -4 -4 -1 -3 -4 -2  0 -1 -3 -3 -3 1 0 0 1 0.01
-1  2 -1 -2  1  1 -1  1  4 -1  1  0  0 -2 -2  0 -1 -2 -1 -1 1 0 0 1 0.01
 0 -3 -3 -3 -1 -3 -3 -3 -3  3  1 -3  0 -1 -3 -2 -1 -3 -2  4 1 0 0 0 0.01
-2 -2 -3 -4 -2  0 -3 -4 -3  1  4 -2  2  0 -3 -3 -2  3 -1  0 1 0 0 0 0.01
-2  1  0 -2 -3  1 -1 -3  7 -3 -2 -1 -2 -1  1 -1 -2 -2  2 -3 1 0 0 1 0.01
-2  5 -1 -2 -3  3  0  0 -1 -3 -2  1  1 -3 -2 -1 -1 -3 -2 -3 1 0 0 0 0.01
-2 -3 -4 -4 -2 -3 -3 -4 -3  1  5 -3  2  0 -3 -3 -2 -2 -1  0 1 0 0 0 0.01
 3 -1 -1  1 -1 -1  1  0 -2 -2 -2 -1  0 -3 -1  1  2 -3 -2 -1 1 0 0 1 0.01
 4 -2 -1  0 -1 -1 -1  0 -2 -2 -2 -1 -1 -3 -1  1  2 -3 -2 -1 1 0 0 1 0.02
-2 -3 -4 -4 -2 -2 -3 -4 -3  1  4 -3  3  2 -3 -3 -2 -1  0  0 1 0 0 0 0.02
-1  3  0 -1 -4  5  2 -2  0 -3 -3  2 -1 -4 -2 -1 -1 -3 -2 -3 1 0 0 1 0.02
-1  2  0 -1 -3  5  1 -2  0 -3 -3  2 -1 -4 -2 -1 -1 -3 -2 -3 1 0 0 1 0.03
-2  2  0  4 -4  2  2 -2  3 -3 -3  2 -2 -3 -2 -1 -1 -3 -2 -3 1 0 0 1 0.04
-1 -3 -3 -3 -2 -2 -3 -3 -3  2  3 -3  1  3 -3 -1 -1 -1  0  1 0 0 1 0 0.05
-1 -2 -2 -2 -3 -2 -2 -2 -2 -1  1 -1 -1 -2  7 -1 -1 -3 -2 -2 0 0 1 1 0.05
-1  1  0  0 -3  1  2 -2 -1 -2 -2  4 -1 -3 -1  0 -1 -2 -2 -2 0 0 1 1 0.08
 3 -1 -1 -1 -1 -1 -1  1 -1 -1 -1 -1 -1 -2 -1  1  1 -2 -1  0 0 0 1 1 0.11
 0  2  0 -1 -2  4  1 -1  0 -2 -2  2 -1 -2 -1  0 -1 -2 -1 -1 1 0 0 1 0.11
 0  0  0  3 -1  0  1  0  3 -1 -1  0 -1 -1  0  0  0 -1  0 -1 1 0 0 1 0.12
 0  0 -1 -1 -1  0  0 -1 -1  0  1  0  0  0  0  0  0  4  0  0 0 0 1 1 0.14
 0  0  0  0 -1  0  1 -1  2 -1  0  1  0 -1  0  0  0 -1  0 -1 0 0 1 1 0.14
 0  1  1  0 -1  0  0  0  0  0  0  0  0 -1  0  0  1 -1 -1  0 0 0 1 1 0.13
 0  0  0  0 -1  0  0  0 -1  0  0  0  0 -1  0  1  1 -1  0  0 0 0 1 1 0.17
 0  1  0  0 -1  0  0  0  0 -1 -1  1 -1 -1  2  0  1 -1 -1 -1 0 0 1 1 0.14
 0 -1  0  1 -1  0  0 -1 -1  0  1 -1  2  1  0  0  0  0  0  0 0 0 1 1 0.11
 1  0  2  0 -1  0  0  0  0 -1 -1  1 -1 -1  0  0  0 -1 -1 -1 0 0 1 1 0.13
 0 -1  0  1 -1  0  0 -1 -1  0  0  0  0 -1  2  0  2 -1 -1  0 1 0 0 1 0.10
 0  0  0  0 -1  2  2 -1  0 -1 -1  0 -1 -1  2  0  1 -1 -1 -1 0 0 1 1 0.07
 0 -1  2  5 -2 -1  1 -1 -1 -2 -2 -1 -2 -2 -1  0 -1 -3 -2 -1 0 0 1 1 0.05
-1 -2 -2 -3 -1 -2 -2 -2 -2  1  3 -2  2  3 -2 -2 -1  4  0  0 1 0 0 0 0.04
-1  0 -1  0 -3  1  3 -2 -1 -2 -2  1 -2 -3  5  0 -1 -2 -2 -2 1 0 0 1 0.03
-1  0  0  0 -2  2  2 -2 -1 -1 -1  2  0 -2 -1  0  1 -2 -1 -1 1 0 0 1 0.03
-1 -2 -2 -3 -1 -2 -2 -3 -2  1  3 -2  2  0 -2 -2 -1 -2 -1  1 1 0 0 0 0.03
-1  0  2  1 -2  4  2 -1  2 -3 -2  1 -1 -3 -1  1  0 -2 -1 -2 1 0 0 1 0.03
 0  3 -1  0 -2  2  0  0 -1 -1 -1  0  2 -2 -2  0 -1 -2 -2  0 1 0 0 1 0.03
 4 -2 -1 -2 -1 -1 -1  0 -2 -1 -1 -1 -1 -2 -1  1  2 -3 -2  0 1 0 0 0 0.03
 0  4 -1 -1 -3  1  2 -2 -1 -3 -2  3 -1 -3 -1  0  0 -3 -2 -2 1 0 0 1 0.03
-1  1  1 -1 -2  2  0  0  1 -1  0  0  1 -2  2 -1 -1  3 -1 -1 1 0 0 0 0.03
-2 -1  6  1 -3 -1 -1 -1  0 -4 -4 -1 -3 -2 -3  0 -1 -3  1 -3 1 0 0 0 0.02
-1 -3 -4 -4 -1 -3 -3 -4 -4  4  2 -3  1 -1 -3 -3 -1 -3 -2  3 1 0 0 0 0.02
-2  4 -1 -2 -3  3  0 -3 -1 -1  1  1  0 -2 -2 -1 -1 -3 -2 -2 1 0 0 0 0.02
 0 -3 -1 -2 -3 -2 -3  6 -3 -4 -4 -2 -3 -4 -3 -1 -2 -3 -4 -4 1 0 0 0 0.01
-2 -3 -3 -4 -2 -3 -3 -4 -2  2  2 -3  2  4 -3 -2 -1 -1  1  2 1 0 0 0 0.01
-1  5 -1 -2 -4  2  0  0 -1 -3 -3  3 -2 -3 -2 -1 -1 -3 -2 -3 1 0 0 1 0.01
-1 -1  6  1 -3  0 -1 -1  0 -4 -4 -1 -3 -3 -2  1  0 -4 -3 -3 0 0 1 0 0.01
-2 -1  7  1 -3 -1 -1 -1  0 -4 -4 -1 -3 -4 -3  0 -1 -4 -3 -3 0 0 1 0 0.01
-1 -3 -4 -4 -2 -3 -3 -4 -4  5  2 -3  1 -1 -3 -3 -1 -3 -2  3 1 0 0 0 0.01
-2 -2 -1 -3 -3 -1 -2 -3  6 -2 -2 -2 -1  3 -3 -2 -2  1  6 -2 1 0 0 0 0.01
-1 -4 -3 -4 10 -4 -4 -3 -4 -2 -2 -4 -2 -3 -4 -2 -2 -3 -3 -1 1 0 0 0 0.01
-2 -2 -3 -4 -2 -1 -3 -3 -2  1  2 -2  7  0 -3 -2 -1 -2 -2  0 1 0 0 0 0.01
 3 -1 -1 -1 -1 -1 -1  0 -2 -2 -2 -1 -1 -3 -1  3  2 -3 -2 -1 1 0 0 0 0.02
-1  4 -1 -1 -4  4  2 -2  2 -3 -3  1 -1 -3  1 -1 -1 -3 -2 -3 1 0 0 0 0.02
-2 -3 -4 -4 -2 -3 -3 -4 -3  1  5 -3  2  0 -3 -3 -2 -2 -1  0 1 0 0 0 0.03
-2 -3 -4 -4 -2 -3 -3 -4 -3  1  5 -3  2  0 -3 -3 -2 -2 -1  0 0 0 1 0 0.06
-1  2  3  3 -3  1  0  1  1 -3 -2  0 -2 -3 -2  0  0 -3 -2 -2 0 0 1 1 0.09
 0 -1  3  1 -2 -1 -1  1  3 -1 -3 -1 -2 -3  1  2  0 -3 -2 -2 0 0 1 1 0.12
 1 -1  0 -1 -2 -1 -1 -1 -1 -3 -3 -1 -2 -3  2  5  1 -3 -2 -2 0 0 1 0 0.15
-1 -1  0  3 -4  1  5 -2 -1 -4 -3  0 -3 -4 -2  0 -1 -3 -3 -3 0 0 1 1 0.21
 0  0 -1  0 -2 -1 -1 -2 -2  1 -1 -1  2 -2  2  0  3 -3 -2  0 0 0 1 1 0.29
 2 -2 -1 -2 -1 -1 -1 -1 -2 -1 -2 -1 -1 -3  5  1  2 -3 -2  0 0 0 1 1 0.44
-1  0  1  1 -3  1  4 -2 -1 -3 -3  3 -2 -3 -1  0  0 -3 -2 -2 0 0 1 1 0.62
 1 -2 -2 -2 -3 -2 -1 -2 -2 -3 -3 -1 -3 -4  7  0 -1 -4 -3 -2 0 0 1 1 0.68
 0 -2 -1 -2 -1 -1 -1 -2 -2 -1 -1 -1 -1 -2  2  1  5 -3 -2 -1 0 0 1 1 0.77
-1  0 -1 -1 -3  4  2 -2 -1 -2  0  1 -1 -2  3 -1  0  4 -1 -2 0 0 1 1 0.82
 3 -1 -1 -2 -1  1 -1 -1 -2 -1 -2 -1 -1 -3  3  1  2 -3 -2 -1 0 0 1 1 0.85
 0 -2  0  1 -3 -2 -1  5 -2 -3 -3 -2 -2 -3  1  1 -1 -3 -3 -1 0 0 1 1 0.86
 0  1 -1 -1 -3 -1 -1  0 -2 -3 -3 -1 -2 -4  6  2 -1 -4 -3 -3 0 0 1 1 0.90
 0  2 -1 -1 -2 -1  0  4 -1 -3 -3  0 -2 -3  1  0 -1 -3 -2 -2 0 0 1 1 0.91
 3 -1 -1 -1 -1 -1 -1  1 -2 -1 -2 -1 -1 -2 -1  1  3 -2 -2 -1 0 0 1 1 0.90
 0 -1  0 -1 -1  0  0 -1 -1 -2 -2 -1 -1 -2  2  3  2 -2 -2 -1 0 0 1 1 0.89
-1  1 -1 -1 -2  1  0 -1 -1 -1  0  0  0 -1  4  0  0 -1 -1 -1 0 0 1 1 0.88
 0 -1 -1 -1 -1 -1 -1 -1 -1 -1  1 -1  2 -1  4  1  0 -2 -1 -1 0 0 1 1 0.88
-1 -2 -2 -1 -2 -1 -1 -2 -2 -2 -1 -1 -1 -2  6  0  2 -3 -2 -1 0 0 1 1 0.82
 0 -1 -1 -1 -2 -1  1 -2 -2 -1 -2 -1 -1 -3  4  2  3 -3 -2  0 0 0 1 1 0.78
-1 -2 -1 -1 -2 -1 -1 -2 -2 -2 -2 -1 -2 -2  7  0  1 -2 -2 -2 0 0 1 1 0.62
 0 -1 -1 -1 -1 -1 -1 -1 -2  1 -1 -1  0 -2 -1  1  4 -2 -1  1 0 0 1 1 0.44
-1  1 -2 -2 -2 -1 -1 -2 -2 -1  1 -1 -1 -2  6 -1 -1 -3 -2 -1 0 0 1 1 0.34
 1 -1 -1 -1 -1 -1 -1  0 -2 -1 -2 -1 -1 -2  2  2  3 -3 -2  0 0 0 1 1 0.22
 1 -1  0 -1 -1  2  0 -1 -1 -1  0  0 -1 -2  2  2  0 -2 -1 -1 1 0 0 1 0.14
-1 -1  2  5 -3  0  1 -1  2 -3 -3 -1 -2 -2 -2  0 -1 -2  1 -3 1 0 0 1 0.08
 2 -2 -1 -2 -1 -2 -2 -2 -2  1  0 -1  0  1 -2  1  2 -2 -1  2 1 0 0 0 0.07
-3 -3 -4 -4 -3 -4 -4 -4 -2 -1  0 -4 -1  7 -4 -3 -3  0  3 -1 1 0 0 0 0.06
-1  0  3  0 -3  6  1 -2  0 -3 -3  2 -1 -4 -2  0 -1 -3 -2 -3 1 0 0 1 0.04
 1  3  0 -2 -2  0 -1 -2  4 -1 -2  0 -1 -2 -2  1  1 -3 -1 -1 1 0 0 0 0.03
-1  3 -1 -1 -4  1  0 -2 -1 -3 -3  5 -2 -4 -2 -1 -1 -3 -2 -3 1 0 0 1 0.02
-2 -2 -3 -3 -2  0 -2 -4 -3  3  3 -2  1  0 -3 -2 -1 -2 -1  1 1 0 0 0 0.02
-1  1  0  3 -4  1  4  1 -1 -4 -3  1 -3 -4 -2 -1 -1 -3 -3 -3 0 0 1 1 0.01
 0 -2  3 -1 -3 -1 -2  5 -1 -4 -4 -1 -3 -3 -2  1 -1 -3 -3 -3 1 0 0 1 0.01
-1 -4 -3 -4 10 -4 -4 -3 -4 -2 -2 -4 -2 -3 -4 -2 -2 -3 -3 -1 0 0 1 0 0.01
-1  5 -1 -1 -3  3  0  2 -1 -3 -3  2 -2 -3 -2 -1 -1 -3 -2 -3 1 0 0 1 0.01
-3 -3 -4 -4 -3 -4 -4 -4 -2 -1  0 -4 -1  7 -4 -3 -3  0  3 -1 1 0 0 0 0.01
-2 -3 -4 -4 -2 -3 -3 -4 -3  1  5 -3  2  0 -3 -3 -2 -2 -1  0 1 0 0 0 0.01
-2  0 -1 -1  5  1 -1 -2  5 -3 -2 -1 -2 -1 -3  0 -2  7  0 -3 1 0 0 0 0.01
 0 -3 -1 -2 -3 -2 -3  6 -3 -4 -4 -2 -3 -4 -3 -1 -2 -3 -4 -4 1 0 0 0 0.01
-2 -2 -3 -4 -3 -2 -3 -4  1 -2 -2 -3 -2  3 -4 -2 -2  2  8 -2 1 0 0 0 0.01
-2 -1  0 -2 -4  0 -1 -3  9 -4 -3 -1 -2 -2 -3 -1 -2 -3  1 -4 1 0 0 0 0.02
-1  6  0 -2 -3  1  0 -2  2 -3 -3  2 -2 -3 -2  0 -1 -3 -2 -3 1 0 0 1 0.02
-3 -3 -3 -4 -3 -4 -4 -4 -2  0  1 -3  0  7 -4 -3 -2  0  3 -1 1 0 0 0 0.02
-1 -2 -3 -4 -2 -1 -3 -3 -2  1  2 -2  7  0 -3 -2 -1 -2 -1  0 1 0 0 0 0.02
-1  3  0 -2 -3  0 -1  4  5 -4 -3  0 -2 -3 -2 -1 -2 -3 -1 -3 1 0 0 1 0.03
 1 -1  0 -1 -1  0 -1 -1 -1 -3 -3 -1 -2 -3 -1  5  2 -3 -2 -2 1 0 0 1 0.04
 2 -3 -3 -3 -1 -2 -2 -2 -3  2  0 -2  0 -1 -2 -1  0 -3 -2  4 1 0 0 0 0.06
 0  0 -1 -1 -3 -1  1  5 -2 -4 -4 -1 -3 -3 -2  0 -2 -3 -3 -3 1 0 0 1 0.06
-1  4  0 -1 -3  5  1 -2  0 -3 -3  1 -1 -3 -2 -1 -1 -3 -2 -3 1 0 0 1 0.07
-1 -3 -3 -4 -1 -3 -3 -4 -4  3  1 -3  0 -1 -3 -2  0 -3 -2  4 1 0 0 0 0.07
-2 -3 -3 -4 -2 -3 -4 -4 -2  0  2 -3  0  6 -4 -3 -2  0  2 -1 1 0 0 0 0.09
 0  4  0 -1 -3  1  1  1 -1 -3 -3  1 -2 -3 -2  2  0 -3 -2 -3 0 0 1 1 0.13
-1  0  0  2 -4  1  5  0 -1 -3 -3  2 -2 -4 -1  0 -1 -3 -2 -3 0 0 1 1 0.19
-3 -3 -4 -5 -3 -3 -3 -3 -3 -3 -2 -4 -2  0 -4 -3 -3 11  2 -3 0 0 1 1 0.23
