-1 -2 -2 -3 -2 -1 -2 -3 -2  1  2 -2  6  0 -3 -2 -1 -2 -1  1 0 0 1 1 0.87
 2 -1  0 -1 -1  0  0  0 -1 -2 -2  0 -1 -3 -1  4  1 -3 -2 -1 0 0 1 1 0.81
-1  2  0 -1 -3  1  1 -2 -1 -3 -3  5 -1 -3 -1  0 -1 -3 -2 -2 0 0 1 1 0.78
-1  0  5  1 -3  0  2 -1  0 -3 -3  0 -2 -3 -2  1  1 -4 -2 -3 0 0 1 1 0.68
 1 -2 -2 -2 -1 -2 -2 -2 -2  2  1 -2  2 -1 -2  0  2 -2 -1  1 0 0 1 1 0.63
 0 -2  0 -1 -3 -1  0  6 -2 -4 -4 -1 -3 -3 -2  0 -2 -3 -3 -3 0 0 1 1 0.49
-2 -2 -4 -4 -1 -2 -3 -4 -3  2  4 -3  2  0 -3 -3 -1 -2 -1  1 0 0 1 0 0.33
-2 -1  6  1 -3  0  0 -1  1 -3 -4  0 -2 -3 -2  1  0 -4 -2 -3 0 0 1 1 0.25
 4 -2 -2 -2 -1 -1 -1  1 -2 -2 -2 -1 -1 -2 -1  1  0 -3 -2  0 1 0 0 0 0.14
-1 -3 -3 -3 -1 -3 -3 -4 -3  4  2 -3  1  0 -3 -3 -1 -3 -1  3 1 0 0 0 0.09
-1  0  0  1 -4  2  5 -2  0 -3 -3  1 -2 -3 -1  0 -1 -3 -2 -3 1 0 0 0 0.06
-1 -2 -3 -3 -1 -1 -3 -3 -2  3  2 -2  4  0 -3 -2 -1 -2 -1  2 1 0 0 0 0.06
 0  1  0 -1 -2  3  1 -1  2 -3 -3  3 -1 -3 -1  2  0 -3 -1 -2 1 0 0 0 0.05
-2 -2 -2 -3  2 -2 -2 -3  1 -1 -1 -2 -1  3 -3 -2 -2  2  7 -1 1 0 0 0 0.04
-2 -2 -4 -4 -1 -2 -3 -4 -3  2  4 -3  2  0 -3 -3 -1 -2 -1  1 1 0 0 0 0.04
-2  6 -1 -2 -4  1  0 -2  0 -3 -2  2 -2 -3 -2 -1 -1 -3 -2 -3 1 0 0 0 0.04
-1  0 -1 -2 -2  3  0 -3  4  0  2  0  1 -1 -2 -1 -1 -2  0 -1 1 0 0 0 0.05
 1 -1  1  0 -1  0  0  0 -1 -3 -3  0 -2 -3 -1  4  1 -3 -2 -2 1 0 0 0 0.05
-1 -2 -4 -4 -1 -2 -3 -4 -3  2  4 -3  2  0 -3 -3 -1 -2 -1  1 0 0 1 0 0.05
 1 -2  0 -1 -2 -1 -1  5 -2 -3 -3 -1 -2 -3 -2  2  0 -3 -3 -2 0 0 1 0 0.05
-2 -2 -4 -4 -1 -2 -3 -4 -3  2  4 -3  2  0 -3 -3 -1 -2 -1  1 0 0 1 0 0.05
 0 -1  2  0 -1  0 -1 -1 -1 -2 -2  0 -1 -2 -1  3  4 -3 -2 -1 0 0 1 1 0.06
 2 -2 -1 -2 -1 -1 -1 -1  1 -1 -2 -1 -1 -2  4  1  2 -3 -1  0 1 0 0 0 0.06
 4 -1 -1 -1 -1  0  1  0 -1 -2 -2  0 -1 -3 -1  1  0 -3 -2 -1 1 0 0 1 0.06
-1  1  0  0 -3  6  2 -2  0 -3 -2  1 -1 -3 -1  0 -1 -2 -2 -2 1 0 0 0 0.06
 0 -3 -3 -3 -1 -2 -3 -3 -3  3  1 -2  1 -1 -3 -2  0 -3 -1  4 1 0 0 0 0.06
 3 -2 -1 -2 -2 -1 -2  4 -2 -3 -3 -1 -2 -3 -2  0 -1 -3 -3 -2 1 0 0 0 0.06
-1  0  0  1 -3  3  4 -2  0 -3 -2  1 -1 -3 -1  1  1 -3 -2 -2 1 0 0 1 0.06
-1 -3 -3 -4 -1 -2 -3 -4 -3  3  3 -3  2  0 -3 -2 -1 -2 -1  2 1 0 0 0 0.07
 0 -1  0 -1 -1 -1 -1  1 -2 -1 -2 -1 -1 -2 -1  3  4 -3 -2 -1 1 0 0 0 0.07
-1  1  3  0 -3  1  0  1  0 -3 -3  4 -2 -3 -1  0 -1 -3 -2 -3 0 0 1 1 0.06
 2 -1 -1 -2  2  0 -1 -1  5 -1 -2 -1 -1 -2 -2  0 -1 -3  0  0 0 0 1 1 0.05
 1 -1  0 -1 -1  0  0 -1 -1 -2 -2  0 -1 -2 -1  4  3 -3 -2 -1 0 0 1 1 0.04
-1  0  1  1 -3  2  5 -2  0 -3 -3  1 -2 -3 -1  0  0 -3 -2 -2 1 0 0 1 0.04
 3 -1 -1  2 -1  0  2 -1 -1 -2 -2  0 -2 -3 -1  1  0 -3 -2 -1 1 0 0 1 0.03
-2 -1  1  6 -4  0  2 -2 -1 -3 -4 -1 -3 -4 -2  0 -1 -4 -3 -3 1 0 0 1 0.04
 0 -3 -3 -3 -1 -2 -3 -3 -3  3  1 -2  1 -1 -3 -2  0 -3 -1  4 1 0 0 0 0.03
-1 -2 -3 -4 -1 -2 -3 -4 -3  3  3 -3  2  0 -3 -2 -1 -2 -1  2 1 0 0 1 0.03
 4 -2 -2 -2  0 -1 -1  0 -2 -1 -2 -1 -1 -2 -1  1  0 -3 -2  0 1 0 0 0 0.04
-3 -3 -4 -5 -3 -2 -3 -3 -3 -3 -2 -3 -2  1 -4 -3 -3 11  2 -3 1 0 0 0 0.05
-1  0  0  1 -4  2  5 -2  0 -3 -3  1 -2 -3 -1  0 -1 -3 -2 -3 1 0 0 0 0.06
 3 -1  2 -1 -1 -1 -1  0 -1 -2 -2 -1 -1 -3 -1  2  1 -3 -2 -1 0 0 1 1 0.07
 1 -2 -1 -1 -2 -2 -2  5 -2 -3 -3 -2 -2 -3 -2  0 -1 -3 -3 -3 0 0 1 1 0.08
 0  0  0  1 -3  2  5 -2  0 -3 -3  1 -2 -3 -1  0 -1 -3 -2 -2 0 0 1 1 0.09
 1  1  0 -1 -2  3  1 -1 -1 -2 -2  3 -1 -3 -1  1  1 -3 -2 -1 0 0 1 1 0.09
 0 -1 -1  0 -3  3  2 -2 -1 -2 -2  0  0 -3  5  0 -1 -3 -2 -2 0 0 1 1 0.10
 3 -2 -2 -2 -1 -1 -1 -1 -2  1 -1 -1  0 -2 -1  0  0 -3 -2  2 0 0 1 0 0.09
 0 -1 -1 -1 -2 -1 -1 -2  2 -3 -3 -1 -2 -3  6  2  0 -3 -2 -2 0 0 1 1 0.09
-1 -1 -1  1 -3  0  2  3 -1 -1 -1 -1  1 -2 -2 -1 -1 -3 -2 -1 1 0 0 1 0.09
-1 -2 -3 -3 -2 -2 -3 -3 -3  1  4 -2  2  0  3 -2 -1 -2 -1  0 1 0 0 1 0.08
 4 -2 -2 -2 -1 -1 -1  0 -2 -1 -1 -1 -1 -2 -1  1  0 -3 -2  1 1 0 0 0 0.07
 0  1  0  0 -3  5  3 -2  0 -3 -2  1 -1 -3 -1  0 -1 -2 -2 -2 1 0 0 0 0.05
-1  2  0 -1 -3  1  1 -2 -1 -3 -3  5 -1 -3 -1  0 -1 -3 -2 -2 1 0 0 1 0.04
-1  2  0 -1 -3  1  1 -2 -1 -3 -3  5 -1 -3 -1  0 -1 -3 -2 -2 1 0 0 1 0.03
-2 -2 -4 -4 -1 -2 -3 -4 -3  2  4 -3  2  0 -3 -3 -1 -2 -1  1 1 0 0 0 0.02
-2 -2 -4 -4 -1 -2 -3 -4 -3  2  4 -3  2  0 -3 -3 -1 -2 -1  1 1 0 0 1 0.01
 0 -1  0  4 -3  1  4 -2 -1 -3 -3  0 -2 -3 -1  0 -1 -3 -3 -3 1 0 0 1 0.01
-1 -3 -3 -3 -1 -3 -3 -4 -3  4  2 -3  1  0 -3 -3 -1 -3 -1  2 1 0 0 0 0.01
-2 -2  1  6 -4  0  1 -1 -1 -3 -4 -1 -3 -4 -2  0 -1 -4 -3 -3 1 0 0 0 0.01
-1 -1  1  5 -4  1  4 -2 -1 -3 -3  0 -3 -4 -1  0 -1 -4 -3 -3 1 0 0 1 0.01
 0 -3 -2 -3 -1 -2 -2 -3 -3  3  1 -2  1 -1 -2 -1  1 -3 -2  2 1 0 0 1 0.01
-1 -3 -3 -3 -1 -3 -3 -4 -3  4  2 -3  1  0 -3 -3 -1 -3 -1  3 1 0 0 0 0.01
-1  0  0  1 -4  2  5 -2  0 -3 -3  1 -2 -3 -1  0 -1 -3 -2 -3 1 0 0 1 0.01
-1 -2 -2 -3 -2 -1 -2 -3 -2  1  2 -2  6  0 -3 -2 -1 -2 -1  1 1 0 0 1 0.01
-1  1  0  0 -3  6  2 -2  0 -3 -2  1 -1 -3 -1  0 -1 -2 -2 -2 1 0 0 0 0.01
 0 -3 -3 -3 -1 -2 -3 -3 -3  3  1 -2  1 -1 -3 -2  0 -3 -1  4 1 0 0 0 0.01
-2 -2 -4 -4 -1 -2 -3 -4 -3  2  4 -3  2  0 -3 -3 -1 -2 -1  1 1 0 0 1 0.01
-2 -1  6  1 -3  0  0 -1  1 -3 -4  0 -2 -3 -2  1  0 -4 -2 -3 1 0 0 1 0.01
 0 -1  0 -1 -1 -1 -1 -2 -2 -1 -1 -1 -1 -2 -1  1  5 -3 -2  0 1 0 0 1 0.01
 0 -2 -1 -2  7 -2 -2 -2 -2 -1 -1 -2 -1 -2 -2  1  3 -3 -2 -1 1 0 0 0 0.01
-2 -2  1  6 -4  0  1 -1 -1 -3 -4 -1 -3 -4 -2  0 -1 -4 -3 -3 1 0 0 1 0.01
 0 -2 -1 -1 -3 -2 -2  6 -2 -4 -4 -2 -3 -3 -2  0 -2 -3 -3 -3 1 0 0 1 0.01
-1 -3 -3 -3 -1 -3 -3 -4 -3  4  2 -3  1  0 -3 -3 -1 -3 -1  3 1 0 0 0 0.01
-1  0  0  1 -4  2  5 -2  0 -3 -3  1 -2 -3 -1  0 -1 -3 -2 -3 1 0 0 1 0.01
 2 -1 -1  1 -2  1  4 -1 -1 -3 -2  0 -2 -3 -1  0 -1 -3 -2 -2 1 0 0 1 0.01
-2 -2 -3 -4 -1 -2 -3 -4 -3  2  4 -2  3  0 -3 -2 -1 -2 -1  1 1 0 0 1 0.01
-2 -3 -3 -4 -3 -3 -3 -3 -1  0  0 -3  0  6 -4 -3 -2  1  3 -1 1 0 0 0 0.02
-1  2  0 -1 -3  1  1 -2 -1 -3 -3  5 -1 -3 -1  0 -1 -3 -2 -2 0 0 1 1 0.02
-1  2  0 -1 -3  2  1 -2 -1 -3 -3  4 -1 -3 -1  1  0 -3 -2 -2 0 0 1 1 0.02
-1  0  0  1 -4  2  5 -2  0 -3 -3  1 -2 -3 -1  0 -1 -3 -2 -3 0 0 1 1 0.02
-1 -2 -2 -2 -3 -1 -1 -2 -2 -3 -3 -1 -3 -4  8 -1 -1 -4 -3 -3 0 0 1 1 0.02
-1  2  0 -1 -3  1  1 -2 -1 -3 -3  5 -1 -3 -1  0 -1 -3 -2 -2 0 0 1 1 0.02
-2  6 -1 -2 -4  1  0 -2  0 -3 -2  2 -2 -3 -2 -1 -1 -3 -2 -3 0 0 1 1 0.02
-1  4  0 -1 -3  2  0 -2  4 -3 -2  1 -1 -2 -2  0  0 -3 -1 -2 0 1 0 1 0.01
-2 -2 -4 -4 -1 -2 -3 -4 -3  2  4 -3  2  0 -3 -3 -1 -2 -1  1 0 1 0 0 0.01
 3 -1  0 -1 -1 -1 -1  0 -1 -2 -2 -1 -1 -2 -1  3  1 -3 -2 -1 0 1 0 0 0.01
-2 -3 -3 -4 -3 -3 -3 -3 -1  0  0 -3  0  6 -4 -3 -2  1  3 -1 0 1 0 0 0.01
 0 -3 -3 -3 -1 -2 -3 -3 -3  3  1 -2  1 -1 -3 -2  0 -3 -1  4 0 1 0 0 0.01
 0 -3 -3 -3 -1 -2 -3 -3 -3  3  1 -2  1 -1 -3 -2  0 -3 -1  4 0 1 0 0 0.01
-2 -2 -2 -3 -3 -2 -2 -3  2 -1 -1 -2 -1  3 -3 -2 -2  2  7 -1 0 0 1 0 0.01
-1 -2 -2 -2 -3 -1 -1 -2 -2 -3 -3 -1 -3 -4  8 -1 -1 -4 -3 -3 0 0 1 1 0.01
 0 -1  0 -1 -1 -1 -1 -2 -2 -1 -1 -1 -1 -2 -1  1  5 -3 -2  0 0 0 1 1 0.01
-1  1  0  0 -3  6  2 -2  0 -3 -2  1 -1 -3 -1  0 -1 -2 -2 -2 1 0 0 1 0.01
 4 -2 -2 -2  0 -1 -1  0 -2 -1 -2 -1 -1 -2 -1  1  0 -3 -2  0 1 0 0 1 0.01
-1 -3 -3 -3 -1 -2 -3 -4 -3  3  3 -2  1  0 -3 -2  0 -2 -1  2 1 0 0 0 0.01
-2 -2 -2 -3 -3 -2 -2 -3  2 -1 -1 -2 -1  3 -3 -2 -2  2  7 -1 1 0 0 0 0.01
 2 -1 -1 -1 -1 -1 -1 -1 -2 -1 -1 -1 -1 -2 -1  2  4 -3 -2  0 1 0 0 1 0.01
-1  1  0  0 -3  6  2 -2  0 -3 -2  1 -1 -3 -1  0 -1 -2 -2 -2 1 0 0 1 0.01
-2 -2 -2 -3 -3 -2 -2 -3  2 -1 -1 -2 -1  3 -3 -2 -2  2  7 -1 1 0 0 0 0.01
-2 -1  6  1 -3  0  0 -1  1 -3 -4  0 -2 -3 -2  1  0 -4 -2 -3 0 0 1 0 0.01
-1 -2 -2 -2 -3 -1 -1 -2 -2 -3 -3 -1 -3 -4  8 -1 -1 -4 -3 -3 1 0 0 1 0.01
-1  0  0  1 -4  2  5 -2  0 -3 -3  1 -2 -3 -1  0 -1 -3 -2 -3 1 0 0 1 0.01
-2 -3 -3 -4 -3 -3 -3 -3 -1  0  0 -3  0  6 -4 -3 -2  1  3 -1 1 0 0 0 0.01
-2 -2 -4 -4 -1 -2 -3 -4 -3  2  4 -3  2  0 -3 -3 -1 -2 -1  1 0 0 1 1 0.01
 1 -1  0 -1 -1 -1 -1  3 -1 -3 -3 -1 -2 -3 -1  3  1 -3 -2 -2 0 0 1 1 0.01
 1 -1  0 -1 -1  0  0 -1 -1 -2 -2  0 -1 -2 -1  4  2 -3 -2 -1 0 0 1 1 0.01
-2 -2 -4 -4 -1 -2 -3 -4 -3  2  4 -3  2  0 -3 -3 -1 -2 -1  1 0 0 1 0 0.01
-1 -2 -2 -2 -3 -1 -1 -2 -2 -3 -3 -1 -3 -4  8 -1 -1 -4 -3 -3 0 0 1 1 0.01
-2 -2 -4 -4 -1 -2 -3 -4 -3  1  4 -3  2  2 -3 -3 -1 -1 -1  1 0 0 1 0 0.01
 1 -1  0 -1 -1 -1 -1 -1 -2 -1 -1 -1 -1 -2 -1  1  4 -3 -2  0 1 0 0 0 0.01
-1  0  0  1 -4  2  5 -2  0 -3 -3  1 -2 -3 -1  0 -1 -3 -2 -3 1 0 0 0 0.01
-2 -2 -4 -4 -1 -2 -3 -4 -3  2  4 -3  2  0 -3 -3 -1 -2 -1  1 1 0 0 0 0.01
-2 -2 -2 -3 -3 -2 -2 -3  2 -1 -1 -2 -1  3 -3 -2 -2  2  7 -1 1 0 0 0 0.01
-1 -1  6  1 -3  0  0 -1  0 -3 -4  0 -2 -3 -2  1  0 -4 -2 -3 1 0 0 0 0.01
 1 -1  0 -1 -1 -1 -1 -2 -2 -1 -1 -1 -1 -2 -1  1  5 -3 -2  0 1 0 0 0 0.01
 3 -1  0 -1 -1 -1 -1  0 -1 -2 -2 -1 -1 -2 -1  3  1 -3 -2 -1 1 0 0 0 0.01
 4 -2 -2 -2  0 -1 -1  0 -2 -1 -2 -1 -1 -2 -1  1  0 -3 -2  0 1 0 0 0 0.01
-3 -3 -4 -4 -3 -2 -3 -3 -2 -3 -2 -3 -2  1 -4 -3 -3 11  3 -3 1 0 0 0 0.01
-2  6 -1 -2 -4  1  0 -2  0 -3 -2  2 -2 -3 -2 -1 -1 -3 -2 -3 1 0 0 0 0.01
-1 -3 -3 -3 -1 -3 -3 -4 -3  4  2 -3  1  0 -3 -3 -1 -3 -1  3 1 0 0 0 0.01
-1  2  0 -1 -3  1  1 -2 -1 -3 -3  5 -1 -3 -1  0 -1 -3 -2 -2 1 0 0 0 0.01
-1  2  0 -1 -3  1  1 -2 -1 -3 -3  5 -1 -3 -1  0 -1 -3 -2 -2 1 0 0 0 0.01
-1  0  0  1 -4  2  5 -2  0 -3 -3  1 -2 -3 -1  0 -1 -3 -2 -3 1 0 0 1 0.01
-1 -4 -3 -4  9 -3 -4 -3 -3 -1 -1 -3 -2 -3 -3 -1 -1 -3 -3 -1 0 0 1 0 0.01
-1  2  0 -1 -3  2  1 -2 -1 -3 -3  5 -1 -3 -1  0 -1 -3 -2 -2 0 0 1 1 0.01
-2 -2 -4 -4 -1 -2 -3 -4 -3  2  4 -3  2  0 -3 -3 -1 -2 -1  1 0 0 1 1 0.01
 0 -3 -3 -3 -1 -2 -3 -3 -3  3  1 -2  2 -1 -3 -2  0 -3 -1  4 0 0 1 1 0.01
-2 -2 -4 -4 -1 -2 -3 -4 -3  2  4 -3  2  0 -3 -3 -1 -2 -1  1 0 0 1 0 0.01
-1  0  0  1 -4  2  5 -2  0 -3 -3  1 -2 -3 -1  0 -1 -3 -2 -3 0 0 1 1 0.01
 0 -3 -3 -3 -1 -2 -3 -3 -3  3  1 -2  1 -1 -3 -2  0 -3 -1  4 0 0 1 0 0.01
-2 -1  1  6 -4  0  3 -2 -1 -3 -4  0 -3 -4 -2  0 -1 -4 -3 -3 0 1 0 1 0.01
 0 -3 -3 -3 -1 -2 -3 -3 -3  3  1 -2  1 -1 -3 -2  0 -3 -1  4 0 1 0 0 0.01
 1 -1  0 -1 -1 -1 -1 -1 -1 -1 -1 -1 -1 -2 -1  3  3 -3 -2  0 0 1 0 0 0.01
-2 -2 -4 -4 -1 -2 -3 -4 -3  2  4 -3  2  0 -3 -3 -1 -2 -1  1 0 1 0 0 0.01
 0 -3 -3 -3 -1 -2 -3 -3 -3  3  1 -2  1 -1 -3 -2  0 -3 -1  4 0 1 0 0 0.01
 3 -2  1 -1 -1 -1 -1 -1 -1 -2 -2 -1 -2 -3  5  1  0 -3 -2 -1 0 1 0 1 0.01
-2 -2 -4 -4 -1 -2 -3 -4 -3  2  4 -3  2  0 -3 -3 -1 -2 -1  1 0 0 1 0 0.01
-2 -1  2  5 -4  0  3 -1 -1 -3 -4  0 -3 -4 -2  0 -1 -4 -3 -3 0 0 1 1 0.01
 1 -2 -3 -3 -1 -2 -2 -2 -3  2  0 -2  0  1 -2 -1  0 -2  0  3 1 0 0 0 0.01
-1  0  0  1 -4  2  5 -2  0 -3 -3  1 -2 -3 -1  0 -1 -3 -2 -3 1 0 0 1 0.01
 3 -1 -1 -1 -1 -1 -1  1 -2 -2 -2 -1 -1 -2 -1  2  0 -3 -2 -1 1 0 0 1 0.02
-2 -2 -2 -3 -3 -2 -2 -3  2 -1 -1 -2 -1  3 -3 -2 -2  2  7 -1 1 0 0 0 0.03
-1  2  0 -1 -3  1  1 -2 -1 -3 -3  5 -1 -3 -1  0 -1 -3 -2 -2 1 0 0 1 0.04
 4  0 -2 -2 -1 -1 -1  0 -2 -2 -2  0 -1 -2 -1  1  0 -3 -2  0 1 0 0 1 0.06
-2 -2 -3 -3 -3 -2 -3 -3  1 -1 -1 -2 -1  5 -3 -2 -2  2  6 -1 1 0 0 0 0.09
-2  6 -1 -2 -4  1  0 -2  0 -3 -2  2 -2 -3 -2 -1 -1 -3 -2 -3 1 0 0 0 0.13
 1  0 -1  1 -3  2  5 -2  0 -3 -3  1 -2 -3 -1  0 -1 -3 -2 -2 1 0 0 1 0.19
-1  1  0  2 -3  3  1 -2  0 -3 -3  3 -1 -3  1  0 -1 -3 -2 -3 1 0 0 1 0.23
-1  0  4  1 -3  1  3 -1  2 -3 -3  0 -2 -3 -2  0  0 -3 -2 -3 1 0 0 1 0.25
 0 -2  0  1 -3 -1 -1  5 -2 -4 -4  0 -3 -3 -2  0 -2 -3 -3 -3 0 0 1 1 0.30
-1 -2 -3 -4 -1 -2 -3 -3 -2  1  3 -2  4  2 -3 -2 -1 -1 -1  1 0 0 1 0 0.31
 0  1  0 -1 -2  0  0  1 -1 -3 -3  3 -2 -3 -1  3  0 -3 -2 -2 0 0 1 1 0.38
-1  0  0  1 -4  2  5 -2  0 -3 -3  1 -2 -3 -1  0 -1 -3 -2 -3 0 0 1 1 0.42
 1 -1  1  0 -1  0  0  0 -1 -3 -3  0 -2 -3 -1  4  1 -3 -2 -2 0 0 1 1 0.41
-2  6 -1 -2 -4  1  0 -2  0 -3 -2  2 -2 -3 -2 -1 -1 -3 -2 -3 1 0 0 1 0.39
-1  0  0  1 -4  2  5 -2  0 -3 -3  1 -2 -3 -1  0 -1 -3 -2 -3 1 0 0 1 0.45
 1 -1  2  0 -1  0  0 -1 -1 -1 -2  0 -1 -2 -1  4  1 -3 -2 -1 1 0 0 0 0.51
-2  6 -1 -2 -4  1  0 -2  0 -3 -2  2 -2 -3 -2 -1 -1 -3 -2 -3 1 0 0 0 0.60
 4 -1 -1 -2 -1 -1 -1  0 -2 -2 -2 -1 -1 -2 -1  1  0 -3 -2  0 1 0 0 1 0.66
-1  2  0 -1 -3  1  1 -2 -1 -3 -3  5 -1 -3 -1  0 -1 -3 -2 -2 1 0 0 1 0.62
-3 -3 -4 -5 -3 -2 -3 -3 -3 -3 -2 -3 -2  1 -4 -3 -3 11  2 -3 1 0 0 0 0.56
 4 -2 -2 -2  0 -1 -1  0 -2 -1 -2 -1 -1 -2 -1  1  0 -3 -2  0 1 0 0 0 0.34
 4 -1 -1 -2 -1 -1 -1  0 -2 -2 -2  1 -1 -2 -1  1  0 -3 -2  0 1 0 0 1 0.39
 1 -1  0 -1 -1 -1 -1 -1 -2 -1 -1 -1 -1 -2 -1  1  4 -3 -2  0 0 0 1 1 0.44
-1  1  0  0 -3  6  2 -2  0 -3 -2  1 -1 -3 -1  0 -1 -2 -2 -2 0 0 1 1 0.51
-2 -2 -4 -4 -1 -2 -3 -4 -3  2  4 -3  2  0 -3 -3 -1 -2 -1  1 0 0 1 1 0.54
