-4 -5 -6 -7 -5 -4 -6 -7 -5  1  4 -5  9 -3 -6 -5 -4 -5 -4 -2 0 0 1 1 0.47
-2 -3  4  2 -4  0 -1 -4 -3 -4 -3 -2 -4 -5 -2  3  5 -6 -5 -4 0 0 1 1 0.30
-3 -2  1  5 -6  0  5 -3 -1 -2 -3 -1 -3 -6 -2 -2 -2 -6 -5 -2 1 0 0 1 0.18
 2 -1  1 -1 -3  1  0 -1  0 -2 -2  0 -2 -2 -1  2  2 -4 -3 -1 1 0 0 1 0.10
 0  0  0  1 -5  2  5 -4 -3 -5 -3  0 -3 -5 -1 -1  1 -5 -4 -3 1 0 0 1 0.05
-6 -6 -7 -7 -6 -6 -7 -3 -3 -3 -4 -7 -4  7 -7 -6 -6 -2  8 -5 1 0 0 0 0.04
-2  0  3 -1 -5  0  2 -4  7 -1  0 -2  0 -3 -5 -1 -3 -5  0 -4 1 0 0 1 0.02
 0  3  0  2 -4  3  2 -3  1 -2 -3  2 -3 -5 -3 -1  0 -5 -4 -2 1 0 0 1 0.02
-1  0 -3 -5 -4  0 -2 -5  1  1  4 -1  0 -1 -2 -3 -3 -4  0  1 1 0 0 0 0.01
 5 -4 -4 -4  1 -4 -4 -2 -4  0 -3 -4 -3 -3 -4  2 -1 -5 -4  3 1 0 0 0 0.01
-2 -1  1  6 -3 -2  4 -2 -2 -6 -6 -2 -5 -6 -4  0 -3 -6 -3 -5 1 0 0 1 0.01
 1  0  0  1 -3  3  3 -1  1 -4 -3  1 -3 -4 -3  0 -1 -5 -3 -2 1 0 0 1 0.01
 1 -3 -3 -3 -3 -1 -1 -4 -3 -1  2 -3  1  1 -4 -1  4 -2  2  1 1 0 0 0 0.01
-4 -5 -6 -6 -2 -2 -5 -4 -5  1  5 -5  3  3 -6 -5 -3  3 -1 -2 1 0 0 0 0.01
 0 -1  2  4 -2  2  2 -1  2 -3 -1 -1 -2 -3 -3  0 -1 -4 -2 -3 1 0 0 1 0.01
 1  1  1  0 -2  1  0 -1  2 -1 -1  0 -2 -2 -3  2  1 -3  0 -1 1 0 0 0 0.01
-4 -5 -6 -6 -4 -5 -6 -6 -6  5  4 -5  0  0 -6 -5 -4 -5 -3  1 1 0 0 0 0.01
 1 -1 -2  0  0  1  4 -3 -1 -3  0 -1 -2 -2 -3  0  0 -4 -1 -1 1 0 0 1 0.01
-1  0  0  4 -3  1  5 -3 -3 -4 -4 -1 -4 -5 -4  0  0 -5 -3 -4 1 0 0 1 0.01
 1  0 -1 -2 -1  1  0 -2  0 -1 -1  2  1  1 -3  1  0 -1  2 -1 1 0 0 1 0.01
-1 -5 -5 -6  1 -5 -5 -5 -3  3  4 -5  0  4 -5 -4 -3 -3 -1  2 1 0 0 0 0.01
-4 -4  0  5 -6 -1  6 -4 -4 -2 -5 -2 -5 -6 -5 -2 -4 -6 -3 -5 1 0 0 1 0.02
 0  1  1  4 -4  1  3 -2 -2 -4 -3  0 -3 -4 -2 -1 -1 -5 -2 -3 1 0 0 1 0.02
 0 -2 -2 -2  1  1 -1 -2  0  1  2 -1  0  1 -2 -1 -1  2  2  0 1 0 0 0 0.03
 0 -2  1  3 -2  0  2  0  0 -2 -1 -1 -1 -2  0  0  0 -3 -1 -1 0 0 1 1 0.04
 0 -2  1  3  0  1  3  0  1 -3 -2  0 -3 -4  0  1  0 -4 -3 -2 0 0 1 1 0.04
 0 -1  1  5 -2 -1  2  2 -3 -3 -3  0 -2 -2 -3  0 -2 -4 -1 -3 0 0 1 1 0.03
 2 -2 -2 -1  1 -1  0  0 -2  0  0 -1 -1 -1  2  0 -1 -2 -2  1 0 0 1 0 0.02
-3 -3 -1  6 -5 -1  2  1 -4 -1 -4 -3 -5 -5 -3 -1 -3 -6 -2 -2 0 0 1 1 0.02
 0 -4 -4 -4 -2 -3 -2 -4 -3  4  1 -4  0  3 -2 -2 -2  0  2  2 0 1 0 0 0.02
-5 -2 -2  7 -6 -3  3 -5 -4 -6 -6 -4 -6 -3 -5 -3 -4 -6 -6 -6 0 1 0 1 0.02
 1 -3 -2 -4  4 -1 -2 -3 -3  1  0 -3  0  0 -2 -1 -1 -2  3  3 0 1 0 0 0.02
-2 -2  1  4 -4  1  4 -3 -2 -1 -3  0 -2 -4 -1  1 -1 -5 -4 -2 0 1 0 1 0.02
-1  1  0 -2 -1 -1 -1 -2  1  0  1 -2 -1  2 -3 -1  0 -1  4  0 0 1 0 1 0.02
 1 -2  2  0 -1  2  0  1  0 -1 -3 -1 -2 -3 -1  3  0 -2 -2  0 0 1 0 1 0.01
 0 -3  2  3 -4 -1 -1  4  0 -4 -4 -2 -2  0 -3  1 -2 -4 -2 -4 0 0 1 1 0.01
-2 -1  3  1 -4 -2 -1  5 -3 -5 -5 -3 -4 -5 -4  1 -2 -5 -2 -5 0 0 1 1 0.01
-1 -2 -2 -5 -3 -4 -4 -5 -5  2  0 -4  3 -2 -5 -3 -2 -5 -2  6 0 1 0 1 0.01
-3 -4 -5 -5 -1 -4 -4 -5 -4  1  5 -4  4  0 -5 -1 -1 -4 -3  1 0 1 0 0 0.01
-2 -1  2 -2 -3  1  1 -3 -2 -2 -3 -1 -3 -4 -3  2  5 -5 -4 -2 0 1 0 0 0.01
-2 -4 -5 -5 -3 -4 -5 -5  0  5  3 -4  1 -1 -5 -4 -3 -4  0  2 0 1 0 0 0.01
-1  0  1  1 -3  0  2 -3  1 -1 -2  2 -2 -3  1  1  2 -4 -2 -1 0 1 0 1 0.01
 0 -4 -2 -2  3 -4 -4 -4 -2  0  2 -4  1  6 -4 -3  0 -1  0  0 0 0 1 0 0.01
 0  0 -1  2 -4  0  2  2  0 -2 -3 -1 -3 -4  3  0 -1 -4 -2 -3 0 0 1 1 0.01
-2 -2  4  4 -4  0  0  0 -1 -4 -5  0 -4 -5  0  2 -2 -5 -4 -4 0 0 1 1 0.01
-1  1  0 -1 -3 -1 -1  3  1 -1  0  1 -1 -2 -2 -1  0 -3 -1 -1 0 0 1 1 0.01
 0 -2  0 -1 -3  0 -1  4 -3 -3 -3  0 -2 -4 -2  3  2 -4 -4 -3 0 0 1 0 0.01
-2  1 -2 -2 -3  4  0 -3  0 -2 -2  2 -1 -2 -3  0  4 -4 -3 -1 0 1 0 1 0.01
-3 -4 -5 -5 -1 -4 -5 -5 -2  4  0 -4  0  3 -5 -4 -1  2  6  2 0 1 0 0 0.01
-3 -5 -5 -5  1 -4 -5 -6 -5  4  2 -5  1 -2 -5 -4 -2 -5 -3  5 0 1 0 1 0.01
-3 -5 -5 -5 -3 -5 -5 -6 -5  6  2 -5 -1  2  0 -4 -3 -4 -3  3 0 1 0 0 0.01
-4  0  8 -1 -5 -3 -3 -3 -2 -6 -6 -3 -5 -6 -5  1  1 -6 -5 -5 0 1 0 1 0.01
-2  4 -2 -3 -4 -1 -2 -2 -3 -2  0  5 -2 -4 -1  0 -1  1 -1 -3 0 1 0 1 0.02
-4 -2  1 -1 -6  8 -1 -4  5 -6 -5 -2 -4 -6 -4  0 -3 -5 -4 -5 0 1 0 1 0.02
 0 -1 -2 -1 -4 -1  2 -2 -3 -4 -3  0 -3 -5  5  0  3 -5 -4 -2 1 0 0 1 0.03
 1 -2 -4 -4 -5 -2 -4 -4 -5 -3 -5 -4 -5 -1  8 -1 -3 -6 -2 -2 1 0 0 1 0.03
 0 -3  5 -2 -3 -2 -3 -2  2 -1  1 -2  2 -2 -4  0  1 -4 -3  0 1 0 0 1 0.04
-1  3  0 -3 -4  3 -1 -3  5 -4 -2  4  1 -4 -3 -2 -3 -4 -3 -3 0 0 1 0 0.05
-4  1 -1 -3 -6  7  4 -5 -2 -6 -4 -1 -4 -6 -4 -3 -3 -5 -3 -5 0 1 0 0 0.04
-1 -5 -5 -5 -3 -5 -5 -5 -5  6  3 -5  1 -2 -5 -4 -3 -5 -3  2 0 1 0 0 0.07
-6 -6 -8 -8 -6 -3 -7 -6 -6 -6 -1 -7 -5 -3 -7 -7 -6 13 -2 -6 0 1 0 1 0.10
-2 -4 -5 -5 -3 -4 -5 -4 -4  1  5 -4  2  0 -4 -4 -2  1  1  2 0 1 0 0 0.21
 4 -4 -3 -3 -3 -3 -3 -2 -4 -4 -4 -3 -4 -3 -3  5 -1 -5 -4 -2 0 1 0 1 0.21
 3 -3 -2 -2 -1 -3 -2 -1 -3 -4 -1 -3 -3 -4 -3  5  2 -5 -4 -3 0 0 1 0 0.22
-2  2 -4 -4 -5 -1 -2 -4 -2 -4 -3  3 -3 -3  7 -2 -3 -6 -5 -4 0 0 1 1 0.20
 0 -2 -1 -2 -3 -1 -1 -2 -3  0 -1 -1 -2 -1 -3  5  1 -4 -3  0 0 0 1 1 0.17
-2 -2  1 -3 -4 -1 -4  6 -4 -6 -5 -3 -4 -5 -4  2 -1 -5 -5 -5 0 0 1 1 0.11
 0 -4 -3 -4 -5 -4 -4  5 -4 -5 -5 -3 -5 -6  6 -1 -3 -5 -5 -5 0 1 0 1 0.13
-2  0 -1 -3 -1 -2 -3 -4  3 -2 -2  3 -1  5 -1 -2 -2  2  4 -3 0 1 0 0 0.08
-4  5 -1  1 -6 -1  0 -3  8 -5 -5  1 -4 -5 -4 -2 -4 -5 -2 -4 0 1 0 0 0.09
-5 -5 -6 -7 -3 -5 -6 -6 -3 -4 -2 -6 -3  7 -6 -5 -5  3  8 -4 0 1 0 0 0.09
 0  1  2  6 -5 -1  0 -2 -3 -2 -5  0 -4  0 -4  0 -2 -5 -3 -3 0 1 0 1 0.08
-1 -1 -2 -4 -3 -1 -2 -4  1 -2  0 -3  0  3 -2 -3 -3  8  5 -3 0 1 0 0 0.05
-1  1  0  2  0  1  1 -2 -2  0 -2  1 -2 -2 -2  1  1 -4 -1  1 0 1 0 1 0.08
-1 -1  2  4 -3  0  2  3 -1 -4 -3  0 -3 -4 -2  0  0 -5 -4 -3 0 0 1 1 0.10
-1 -1  2  1 -4  0  1  4  0 -5 -4  2 -4 -5 -4  0 -1 -5 -2 -4 0 0 1 1 0.09
 0  2  1  1 -1  2  1 -1  0 -2 -2  2 -2 -4 -3  0  0 -4 -2 -2 0 1 0 1 0.10
-7 -2 -8 -9  0 -6 -7 -7 -7 -7 -6 -7 -6  0 -8 -7 -7 13 -2 -5 0 1 0 0 0.05
-2  1 -3 -4  0 -2 -3 -5 -1  4  1 -1  1  0 -4 -3 -1 -1 -2  3 0 1 0 0 0.04
-1 -3  1  3  5 -3 -1 -3  1 -4 -2 -3 -3 -2 -4  1 -1 -2  5 -3 0 1 0 0 0.03
-1  0  2  2 -3  0 -1 -2  0 -2  0  0 -1 -3 -1  1  3 -4 -3 -2 0 0 1 1 0.03
-3  6 -3 -3 -6  0 -2 -4  5 -4 -5  3 -4 -5 -4 -2 -3 -5 -2 -4 0 0 1 1 0.03
-2 -3  2  5 -4 -2  0  0 -1 -4 -4 -1 -4 -4 -4  2  2 -6 -4 -4 0 0 1 1 0.02
-1 -2  2  0 -5  0 -1  6 -2 -6 -5  0 -5 -5 -4 -1 -3 -5 -5 -5 0 0 1 1 0.03
 0  1 -1  0 -3  1  2  0  1 -1 -1  1 -1 -2 -2  1  1 -4 -2  1 0 0 1 1 0.02
-1  0  1  1 -4 -1  4 -3 -2 -3 -2  0 -3 -5  0  3  1 -5 -4 -3 0 1 0 0 0.02
-4 -5 -6 -6 -4 -5 -4 -6 -5  0  5 -5  1  5 -6 -5 -4 -4 -2 -1 1 0 0 0 0.01
-2  0 -1 -1 -1 -1 -1 -1  5 -1 -1  0  2  3 -3  0  0  5  1 -2 1 0 0 0 0.01
 1 -1 -1  3 -3  2  3 -2 -1 -3 -4  0 -3 -5  0  1  1 -5 -4 -2 1 0 0 1 0.01
 0 -1 -3 -4  2 -1 -3 -4 -1  1  4 -2  2  2 -4 -3 -1 -2  0  1 1 0 0 0 0.01
-4 -5 -6 -6 -4 -5 -6 -6 -6  1  6 -5  0  1 -6 -5 -2 -4 -4  1 1 0 0 0 0.01
 1  0  2 -1 -3  1  2 -1  0 -3 -3  1 -2 -3 -2  2  1 -4 -3 -2 1 0 0 0 0.01
 0  3 -1  1 -5  3  4 -3 -1 -4 -3  2 -2 -5 -3  0  0 -5 -3 -4 1 0 0 1 0.01
 2 -3 -3  0 -3 -1  6 -4 -2 -2  0 -2 -1 -3 -4 -1 -3 -5 -1  0 1 0 0 0 0.01
 0 -5 -5 -5  4 -4 -5 -5 -5  4  4 -4  2  2 -5 -3 -2 -4 -2  1 1 0 0 0 0.01
 0  0  0 -1  0  0  0  1 -2 -3 -1  0 -2 -2 -3  3  2 -2 -2 -3 1 0 0 1 0.01
 1  1 -1  0 -4  3  3 -2 -1 -1 -2  2 -2 -3 -3 -1  0 -4 -2 -2 1 0 0 1 0.01
 2 -1 -3 -3 -4  5 -2 -2  4  2  0  0  0 -4 -4 -2 -2 -2 -3  0 1 0 0 0 0.01
 2 -3 -3 -3  3 -3 -3  0 -3 -1  2 -2 -1  2 -3  1  1 -3 -1  0 1 0 0 0 0.02
-2 -3  1 -1 -5  0 -1  6 -3 -6 -6  1 -3 -6 -3  0 -3 -5 -5 -4 0 0 1 1 0.01
 0  1 -1 -1 -3  1  3 -2  1 -1 -1  1  0 -1 -2 -1  2 -4 -2  0 0 0 1 1 0.02
 0 -2  1  3 -3  0  2 -3  0 -4 -4  2 -4 -5  4  0  1 -5 -3 -3 0 0 1 1 0.02
-3 -5 -6 -6 -4 -5 -5 -6 -5  4  3 -5 -1  2 -5 -5 -2 -4 -3  5 0 0 1 0 0.03
-1  0  2  4 -3  1  1 -2  1 -2 -4  1 -3 -4 -2  1  0 -5 -3 -1 0 0 1 1 0.04
-5 -5 -6 -7 -5 -5 -6 -6 -5  1  4 -6 -1  7 -6 -5 -4  4 -1 -2 0 0 1 0 0.07
-2  5 -1 -2 -5  3 -1 -3  2 -4 -4  4 -2 -4 -3 -2 -2 -4 -3 -4 0 0 1 1 0.13
