-2 -4 -4 -4 -2 -3 -4 -5 -4  4  0 -3  3 -2 -4 -3  1 -4 -3  4 0 0 1 1 0.82
-4 -3 -1  6 -6 -1  5 -4 -3 -4 -6 -1 -5 -6 -4 -1 -3 -6 -5 -3 0 0 1 1 0.72
-1  2  2  0 -4  1  2  2 -2 -4 -4  1 -1 -3 -1  1  1 -4 -3 -3 0 0 1 1 0.58
-1 -3  0  5 -4 -1  3  1 -3 -4 -5 -2 -4 -5  0  1  1 -5 -4 -2 0 0 1 1 0.45
 1 -1  0  1 -4  1  2  0  4 -4 -4  1 -3 -4  3  0 -1 -4  0 -3 1 0 0 1 0.16
-1 -4 -1 -1 -4 -2 -1 -3  1  2  0 -3  0  6 -4 -2 -1 -2  2  0 1 0 0 1 0.07
-5 -5 -1 -6 -5 -4 -6 -6 -3  0  2 -5  9 -1 -6 -5 -2 -5 -1 -2 1 0 0 0 0.04
-2 -2  1  4 -2  0  5 -2 -1 -6 -5 -1 -3 -6  0  1 -2 -6 -5 -5 1 0 0 1 0.03
 0 -1  1  4 -4  1  3 -1  0 -3 -3  0 -1 -5 -3  1  0 -5 -4 -2 1 0 0 1 0.02
-5 -6 -7 -7 -3 -7 -7 -7 -2  0 -1 -7  0  8 -7 -6 -5 -3  2  0 1 0 0 0 0.02
-5 -6 -4 -7 -1 -4 -6 -7 -1 -3  3 -6  0  8 -7 -6 -5 -3  4 -4 1 0 0 1 0.01
 1  1  1  2 -3  3  1 -1  2 -4 -3  2 -2 -4 -2  1 -1 -4 -1 -3 1 0 0 1 0.01
-4  2 -2  2 -6  4  5 -5  0 -5 -4  2 -2 -6 -4 -2 -1 -1 -4 -4 1 0 0 1 0.01
 1 -5 -6 -6  1 -5 -5 -6 -6  4 -1 -5 -2 -1 -5 -3 -1 -6 -4  5 1 0 0 0 0.01
 0  0  1  1 -5  4  4  0  1 -5 -5  0 -4 -4 -4  1 -1 -5 -4 -5 1 0 0 1 0.01
 0 -1  1  2 -4  1  4  0  1 -2 -3  0 -3 -3 -3  1 -1 -1 -3 -2 1 0 0 1 0.01
-2 -6 -6 -6 -1 -5 -6 -6 -6  6  2 -5  1 -3 -6 -4  0 -5 -4  2 1 0 0 0 0.01
-4  6 -1 -3 -6  3  0 -4  2 -4 -1  2 -4 -5 -5 -2 -3 -6 -4 -3 1 0 0 1 0.01
-1  0  2  2 -4  1  1  1 -1 -2 -1  2  0 -4 -3  1  1 -4 -3 -2 1 0 0 1 0.01
-1 -2  1  3 -1  0  2  0 -2 -2  0 -1  1 -2 -3  2  0 -4  0 -3 1 0 0 0 0.01
-4 -6  0 -6 -4 -5 -6 -6 -6  6  2 -5  4 -3 -6 -3 -2 -6 -4  0 1 0 0 0 0.01
 1  1  1  3 -3  3  2 -2  0 -3 -2  1 -3 -3 -3  0 -1 -2 -3 -3 1 0 0 1 0.01
 0  1  0 -1 -4  1  1  0 -1 -2  0  3 -1 -3 -3  1  0 -1 -2 -2 1 0 0 1 0.02
-3 -5 -6 -6 -4 -5 -6 -6 -6  6  4 -5  2 -1 -6 -5 -3 -5 -1  1 1 0 0 0 0.02
 0  2  1  1 -1  2  2 -2  0 -2 -3  1 -2 -4 -3  2  1 -4 -3 -3 1 0 0 1 0.02
 0  0  1  1 -2  2  3 -2  0 -2 -1  0 -1 -2 -3  1  0 -4 -1 -1 1 0 0 1 0.02
-1 -2  4  3 -1  0  1 -2  2 -2 -1  1  1 -4 -4 -1 -2 -4  0 -3 1 0 0 0 0.03
-1 -5 -5 -5 -1 -3 -5 -5 -5  4  1 -4  0 -1 -5 -3 -1 -5 -1  5 1 0 0 0 0.03
 0  0  1  2 -4  2  3 -1  0 -4 -3  1 -3 -4 -3  1  0 -4 -3 -2 1 0 0 1 0.03
-1  3 -1  1 -2  2  4 -2  0 -2 -3  2 -3 -3 -3 -1 -2 -4 -1 -4 1 0 0 1 0.03
-1 -4 -5 -5 -3 -4 -4 -5 -5  4  3 -4  2  1 -4 -4 -2 -4 -3  4 1 0 0 0 0.03
 0  2  0  0 -1  2  2  1 -1 -4 -3  4 -3 -4 -3  0 -1 -4 -3 -3 1 0 0 1 0.03
-1  0  1  3 -4  2  2 -2 -1 -2 -3  3  0 -4 -3  0  0 -4 -3 -3 1 0 0 1 0.03
-1  0  0 -2 -3  3 -1 -3 -1  0  2  2  0 -3 -3 -2 -1  1 -2 -1 1 0 0 0 0.03
-4 -2  3 -3 -5  4 -2 -4  8 -3 -4 -2 -4 -3 -3 -2 -1 -4  3 -5 1 0 0 0 0.03
 0  0  0  0 -1  1  0  0 -1 -2 -3  1 -1 -3 -3  3  1  0 -1 -1 1 0 0 1 0.03
 0  4  0  0 -3  2  0 -2  0  0 -2  2 -1 -4 -3  0  1 -4 -3 -1 1 0 0 1 0.03
 0 -3 -1 -4 -3 -2 -3 -3 -3  4  0 -3  2  2 -3  1  0 -3 -1  1 1 0 0 0 0.04
-2 -4 -5 -5 -3 -4 -5 -3 -5  1  5 -4  1  0 -5 -4 -1 -4 -3  2 1 0 0 0 0.04
 2 -3  2 -1  0  0 -2  0  0 -1 -2 -1 -3 -4 -2  3  3  0 -3 -1 0 0 1 1 0.04
 2 -1  1 -1 -1 -1  1 -1 -1 -3 -3  1 -1 -2 -3  3  1 -4 -1 -1 0 0 1 1 0.06
 1 -3 -3 -3 -3 -3 -2 -2 -4  0 -1 -3  3 -4  5  0  2 -4 -4  1 0 0 1 1 0.07
-1  2  3  1 -3  1  0  0  0 -1 -1  0 -2 -3 -1  1  0 -3 -3 -1 0 0 1 1 0.06
 0  2  0  0 -3  1  1 -2  0 -2 -2  0 -1 -1  3  0  1 -3 -2 -1 0 0 1 1 0.05
 0 -1  1  4 -4  0  3 -3  1 -2 -2 -1  2  0  0  0 -1 -4 -3 -3 0 0 1 1 0.05
 0 -2  0  1 -3  2  2 -1  0 -2 -3  1 -3 -3  1  2  0  1 -1 -3 1 0 0 1 0.05
 0  0  1  0 -2  1  0  0 -1  0  0  0 -1  1 -2  0  0 -2  1  0 1 0 0 1 0.05
 1 -1  0  0 -2 -1  0 -2 -2  1  1 -1  1 -1 -1  0  1 -3  0  1 1 0 0 0 0.05
 0  2  1  0 -4  0  1 -3  1 -2 -2  4 -3 -4 -1  1  0 -4 -3 -3 1 0 0 1 0.05
 0  0  0  0 -2  1  0  0  2  0  0  0  1  0 -2  0  0 -2  1  0 1 0 0 1 0.04
-1  2  0  2  1  3  3 -1  1 -4 -4  1 -3 -1 -3  0  0 -4 -3 -4 1 0 0 1 0.04
-2 -4 -2 -4  0 -2 -4 -4 -1  1  5 -4  2  0 -4 -1 -1 -3 -3  0 1 0 0 0 0.03
-2 -1  3  2 -4  2  4 -2 -1 -3 -2  1  0 -3 -1  0 -1 -4 -4 -4 1 0 0 1 0.03
 1  0  1  1 -2  1  1 -1  0 -1 -1  1 -1 -3 -1  1  1 -1 -3 -1 1 0 0 1 0.03
 0 -2 -1 -1  0 -2 -3 -4  2  2  4 -2  1 -1 -4 -3 -1 -4  0  1 1 0 0 0 0.03
 1  0  0 -2 -2  0 -1 -1 -2  1  0 -1  3 -1 -3  1  1 -3  0  1 1 0 0 1 0.03
 1  1  1  2 -3  3  1 -1 -2 -1 -2  1 -1 -3 -1  0  0 -3 -1 -2 1 0 0 1 0.02
-1 -1  0  2  0  3  3 -1  0 -2 -2 -1  1 -4 -1  0  0  3 -3 -2 1 0 0 1 0.02
 0 -1 -1 -3  1 -3 -3 -3 -3  4  0 -3 -1  2 -3  0  2 -3  0  2 1 0 0 0 0.03
-2  1  1  0 -3  2  0 -1  1 -1 -2  3  1 -1  0  0  1 -3 -2 -2 1 0 0 1 0.03
 0  1  0 -1 -3  1  0 -1  0 -1 -1  1  0 -2 -2  1  1  3 -2 -1 1 0 0 1 0.03
-1  2  1 -1 -3  0 -1 -2 -1  0  1  1  1 -1  0  0  1 -3 -1 -1 1 0 0 0 0.03
 4 -1  0 -3  0 -1 -3  2 -3 -2 -2 -3  0 -1 -3  1  0  1 -3 -1 1 0 0 0 0.03
-1  1  3  0 -3  1  2  0  1 -2 -2  1 -2 -2 -3  0  2 -3  0 -2 1 0 0 1 0.03
 0  1  1  0 -3  3  1 -1  1 -2 -2  2 -2 -1 -3  1  0 -3 -1 -1 1 0 0 1 0.04
 0 -4 -4 -4 -1 -2 -3 -4 -4  5  2 -4  0 -1 -4 -2  0 -4 -3  3 1 0 0 0 0.06
-3  5 -1 -3 -1  3 -2 -2  2 -4 -2  4 -3 -2  0 -2 -2 -4  0 -4 1 0 0 1 0.08
 1  1  2  1 -2  0  0  0  0 -3 -1  1 -1 -2 -1  1  1 -3 -3 -2 1 0 0 1 0.07
 0  3 -1 -1 -1  1 -1  0  0 -2 -1  3 -2 -3 -3  0 -2  2 -1 -1 1 0 0 1 0.08
-1 -2  1  1 -2 -2 -2 -2 -2  1  0 -2  2  1  2  0 -1  5 -1  1 1 0 0 0 0.10
 0  0  1  1  1  1  1  1  1 -2 -1  1 -2 -3  2  1 -1 -3 -2 -2 1 0 0 1 0.12
 1  0  0  1  1  0  0  1  0 -1 -1  1  0 -1 -2  1  0 -3 -1 -1 1 0 0 1 0.18
-1 -2  1 -2 -2 -1  0  0  2  1  0 -2  2  1 -2 -1  0 -2  2  0 1 0 0 0 0.21
-1  1  1  1 -5  1  4 -2  1 -5 -3  3 -4 -2 -2  0 -3 -5 -4 -3 1 0 0 1 0.25
 0  2 -1  0 -1  4  1 -2 -1 -2 -2  2 -1 -2 -1  0  0 -4 -3 -2 1 0 0 1 0.28
 0  0  2  1 -1  2  1 -2  1 -2 -2  0  0 -1 -1  1  1 -4 -2 -1 1 0 0 0 0.31
 0 -1  1 -3  1 -1 -2 -2  0  3  0  0  1 -1 -2 -1  0 -3 -1  1 1 0 0 0 0.31
-1  1 -1  1 -5  1  4 -2  0 -3 -2  3 -1 -5 -1  0 -1 -5 -4 -2 1 0 0 1 0.35
-1  1  0  0 -3  3  1 -1  1 -1 -1  2 -2 -3  0  0  0 -3  0 -1 1 0 0 1 0.43
 0  0  0  0 -2  1  0  0 -1  0  0  0  1  0  1  0  0 -2  1  0 1 0 0 1 0.42
-1  0  0  2  0  1  5 -3 -3 -4 -2  1 -3 -3  0 -2  0 -4 -2 -3 1 0 0 1 0.42
 1 -1  1  2 -1  1  1  1  0 -2 -2  0 -2 -3 -1  1  0 -4 -3 -1 0 0 1 1 0.41
 0  1  0  0  2  1  1  0  2 -2  0  0 -1 -1  0  0  0 -3 -1 -1 0 0 1 1 0.47
-1  0  3  0 -3  0  1  2  1 -2 -2  1 -1 -1 -2  0  0  0 -1 -2 0 0 1 1 0.42
 0  2  1  0 -2 -1  0  0 -2 -2 -1  2 -1 -3  2  0  0 -3  0 -2 0 0 1 1 0.45
 1 -1  2 -1 -3  0 -1  0  1 -2 -2 -2  0 -2  1  2  2  0 -3 -1 0 0 1 1 0.44
 0 -3  0  1  0  1 -2  0 -3 -4 -4 -1 -1 -2  2  4  1 -5 -3 -4 0 0 1 1 0.30
 4 -2 -1 -4 -3 -2 -3  1 -4 -1 -2 -2 -1 -4  0  1  1 -4 -1  2 1 0 0 1 0.22
-1 -1  1  4 -4 -1  2 -3  1 -1 -2 -1  0 -4 -4  0  1 -5 -1  0 1 0 0 1 0.18
 0 -1 -2  0  1 -1 -2 -1 -1  1  1 -2  0  1 -1  0  1 -3  0  1 1 0 0 0 0.13
 0  1  1  1  2  1 -1  0  2 -2 -1  0 -2 -2  1  0  0 -2  1 -2 1 0 0 1 0.10
-1  0 -3 -3  3  0 -2 -3 -3  2  1 -2  2  1 -3 -1  1 -3 -2  2 1 0 0 1 0.08
-1  5 -2 -3 -4  0 -1 -2  0 -1 -2  2  1  0 -3 -1 -2  1  1 -1 1 0 0 0 0.04
 0  3  0 -1 -4  1  1 -2 -1 -2 -2  3  2 -2 -3 -1  0 -4 -3 -2 1 0 0 1 0.03
 1 -1  3  0  1 -1 -1 -2 -3 -2 -3 -2 -1 -3  1  2  3 -4 -2 -2 1 0 0 1 0.02
-2  1  1 -2 -3  1  0 -3  2  0  0 -1  2 -2  1  0  0  4 -2  0 1 0 0 0 0.01
-2 -2 -1 -6  2 -2 -5 -6  7  0  0 -3 -4  1 -3 -3  0  1  4  2 1 0 0 0 0.01
 2 -1  1  0 -1  0  1  0 -1 -2 -3  0  0 -2 -1  2  0  1  0  0 1 0 0 1 0.01
 2 -2  0 -2  0 -1 -2 -2  0 -1 -2 -3 -1 -1 -2  2  3 -1 -2  1 1 0 0 1 0.01
-5 -5 -1 -6  1 -2 -6 -3 -6  1  6 -5  2 -1 -6 -5 -2 -5 -5  0 1 0 0 0 0.01
 0 -1  0 -2  0 -1 -2 -4  0  0 -2  2  0 -1 -4  3  3 -4  0 -2 1 0 0 0 0.01
-2  4  2 -1  0  1 -1 -3  3 -5 -2  3 -4 -2 -4  1 -1  0 -1 -4 1 0 0 1 0.01
 0  3 -1 -2  1  1 -1 -3  0 -1 -1  4  0 -1 -4 -1  1  0 -3 -3 1 0 0 1 0.01
-6 -6 -6 -7 -3 -6 -7 -4 -5 -2  1 -6 -1  8 -1 -6 -2 -4  1 -2 1 0 0 0 0.01
-1  1 -1 -3 -4  3  0 -1  1  0 -1  2  3 -3 -4 -2 -1  2 -1  2 1 0 0 1 0.01
-2 -2  0  3 -6  3  5 -2  2 -6 -6  0 -2 -4 -4  0 -1 -6 -5 -4 1 0 0 1 0.01
 2 -3 -4 -4 -1 -1 -1 -2 -5  2  1 -3  0 -4 -4 -1  1 -5 -4  3 1 0 0 0 0.01
-4 -6 -7 -8 -1 -5 -7 -7 -7  2  2 -6  9 -4 -7 -6 -1  3 -5 -1 1 0 0 0 0.01
 0  0  1 -1 -1  2  0 -1  2 -2 -1  1 -1  0 -3  0  3 -4 -1 -2 1 0 0 1 0.01
-1  2  0  3 -5  1  4 -2  1 -3 -4  2 -3 -5 -4 -1 -2 -5 -3 -3 1 0 0 1 0.01
-6 -6 -2 -7  3 -6 -6 -7  2 -5 -3 -3 -5  4 -1 -4 -6 -3  9 -5 1 0 0 0 0.01
-3 -2  7 -3  0  5 -4 -3  1 -3 -4 -3 -2 -6 -6 -1  0 -7 -2 -6 1 0 0 1 0.01
 1  1  0  1 -2  3  3 -3 -3 -2 -2  1 -1 -4 -3  0  1 -5 -4 -1 1 0 0 1 0.01
 2 -2 -2 -3 -2  0  1 -3 -4  3 -1 -2  0 -4 -4  0  3 -5 -4  1 1 0 0 0 0.01
-4  0 -4 -3 -6  7  5 -5  0 -1 -2 -2  0 -6 -5 -2 -4 -5 -5 -5 1 0 0 0 0.01
 0 -1 -1 -2 -2  2  0 -3 -2  1  0 -1  3 -3 -3  1  2 -4 -3  1 1 0 0 1 0.01
 0  1  1  3 -2  2  2 -2 -2 -2 -1  2  0 -3 -3  0  0 -4 -3 -2 1 0 0 1 0.01
-3 -5 -2 -6 -2  2 -5 -6  4 -5 -5  0  0  5 -6 -3 -4 -3  8 -5 1 0 0 0 0.01
-4  6 -2 -4  1  2 -1 -5  0 -6 -5  4 -2 -6 -5 -3 -3  2 -5 -3 1 0 0 1 0.01
-1 -1 -1  4 -6  2  5 -3 -4 -4 -6  0 -5 -6 -5 -2 -1 -6 -5 -5 1 0 0 1 0.02
-2  5  2 -2  0  1 -1 -3  0 -3 -4  4 -1 -5 -4 -1 -2 -5 -1 -3 1 0 0 1 0.01
-2 -6  1 -6  9 -5 -6 -6 -2 -2 -3 -5  1 -4 -6  1 -3 -4  5 -1 1 0 0 1 0.01
-4  4 -4 -5 -7 -2 -1 -5 -4 -6 -4  7 -1 -6 -5 -3 -3 -7 -5 -1 1 0 0 1 0.02
 1  1  0  2 -4  1  3  2 -3 -1 -2  0 -3 -4 -3  0  0 -4 -4 -2 0 0 1 1 0.02
-3  6 -4 -5 -6  4 -3 -5 -2 -5 -1  2 -2  1 -5 -3 -2 -5 -3 -4 0 0 1 1 0.04
-4 -6 -6 -7 -4 -6 -6 -7 -6  7  1 -6  3 -1 -6 -5 -2 -6 -4  1 0 0 1 1 0.08
-4 -2 -3 -3 -6  7  3 -5  3 -6 -5  3 -4 -6 -4 -3 -4 -5 -4 -5 0 0 1 1 0.15
