-4 -4 -5 -6 -5 -3 -5 -6 -5 -2 -1 -4 11 -3 -6 -5 -4 -5 -4 -2 0 0 1 1 0.64
 3  1  0  0 -3 -1  1 -2  0 -3 -3  2 -3 -4 -1  1  2 -4 -3 -2 0 0 1 1 0.30
-5 -5 -6 -7 -5 -4 -6 -6 -2 -1  1 -5 10 -2 -6 -4 -1 -5 -5  2 0 1 0 0 0.24
-3  3  0  2 -5  2  3 -4  2 -3 -4  2 -4 -5 -4 -1  1 -5 -4 -2 0 1 0 1 0.15
-1 -4 -5 -5 -4 -4 -3 -1 -4  3  2 -4  5  2 -5 -3 -2 -3  2  2 0 1 0 0 0.11
 0 -1  1  1 -4  2  3 -2  0 -4 -4  0 -2 -5 -3  2  2 -5 -4 -3 0 0 1 1 0.09
-2  1  1  2 -5  0  0  5  4 -6 -5 -1 -5 -5 -4 -2 -4 -5 -3 -5 0 0 1 1 0.08
 0  0 -1 -1 -4  2  3 -3 -2 -3 -4 -1 -4 -5 -3  3  3 -5 -4 -2 0 1 0 1 0.08
 0  1 -4 -4 -1  0 -2 -4  1  1  0 -2 -1  5 -5 -3 -2 -1  2  1 0 1 0 0 0.04
-1  2 -1  0 -2  1  2 -3  0 -1 -1 -1 -2  0 -1  0  3  1 -1  0 0 1 0 1 0.03
-4 -5 -6 -6 -4 -5 -6 -6 -6  4  3 -5  0  0 -6 -3 -2 -5 -2  5 0 1 0 0 0.02
 2 -2  1  2 -5  0  0 -1 -2 -4 -4 -1 -4 -5  5  0 -2 -6 -5 -4 0 0 1 1 0.02
 5 -1 -4 -3 -1 -2 -3 -2  0 -2  0 -1 -1  0 -4 -1 -1 -4  0  2 0 0 1 0 0.01
 0 -4 -1  1 -5 -3 -2 -2 -5 -4 -6 -3 -5 -6  7  2  1 -6 -6 -4 0 0 1 1 0.01
 0  3 -3 -3 -3  1 -3 -3 -4  1 -2  0 -2 -4  5 -2 -3 -5 -4  1 1 0 0 1 0.01
 2 -2 -1  3 -5  2  5 -2  0 -5 -5 -1 -4 -6 -1 -1 -3 -6 -4 -4 1 0 0 1 0.01
 1  3 -1  0 -4  3  2 -3 -1 -1 -3  1 -2 -4 -3 -1  2 -4 -3  0 1 0 0 1 0.01
 2 -5 -5 -6 -4 -5 -5 -5 -6  1  0 -5  0 -4 -5 -3 -1 -6 -4  6 1 0 0 0 0.01
-5  0 -7 -8 -6 -6 -5 -5 -6 -6 -3 -3 -5  3 -7 -5 -5 12  2 -2 1 0 0 0 0.01
 3  1  0  3 -4  1  2 -2 -1 -4 -3  1 -3 -5 -1  0 -1 -5 -4 -3 1 0 0 1 0.01
 3 -2 -3 -5 -1 -3 -4 -2 -2  0  1 -2  1  4 -4 -2 -2 -3  1  2 1 0 0 0 0.01
-4 -4 -6 -7 -4 -5 -6 -7 -6  2  5 -5  3  3 -6 -5 -4 -4 -3  1 1 0 0 0 0.01
 0 -1  4  0 -1  1 -1 -1  0 -1  1 -1  1 -3 -3  1  2 -4 -3 -2 0 0 1 1 0.01
-5 -3  2  8 -7 -2  0 -5 -5 -7 -7 -2 -7 -7 -5 -2 -4 -8 -7 -5 0 0 1 1 0.01
-1 -4 -5 -5 -5 -3 -4 -4 -5  1  0 -3  0 -1  7 -3  0 -6 -2  0 1 0 0 0 0.01
 2  0  0  3 -5  0  4 -2  0 -4 -5  0 -4 -5  0  0 -1 -5 -4 -3 1 0 0 1 0.01
 0  2  0 -2 -3  1 -1 -2 -1  1  0  0  0 -2 -3 -1  0 -4 -3  2 1 0 0 0 0.01
-2 -1 -5 -5 -3 -2 -4 -5 -2  2  4 -4  1  0 -5 -3 -3  2  0  3 1 0 0 0 0.01
 4  1 -3 -4 -2  0 -1 -1 -3 -1 -3  2 -1 -3 -1 -1 -1 -5 -4  1 1 0 0 0 0.01
 2  3 -1  0 -4  0  1 -1 -1 -3 -3  1 -3 -4  3  1 -1 -2 -3 -2 1 0 0 1 0.01
 0 -5 -6 -6 10 -5 -6 -5 -6 -2  0 -6 -3 -1 -4  0 -1  2 -2  0 1 0 0 0 0.02
-3 -5 -5 -3 -4 -3 -5 -5 -5  5  3 -5  3  1 -5 -4 -1 -4 -2  3 0 0 1 0 0.02
-4 -6 -4 -1 -6 -4 -4 -3 -6 -5 -6 -5 -3 -7  8 -1 -2 -7 -7 -3 0 0 1 1 0.02
-2 -5 -1  0 -6 -5 -1  7  1 -4 -6 -5 -6 -6 -5 -2 -5  0 -6 -1 0 0 1 0 0.02
 3 -2 -5 -5  8 -4 -5 -4 -2  0  0 -5 -1 -1 -5 -3 -2 -5  0  2 0 0 1 0 0.02
-2  0 -2  0 -5  4  4 -3  1 -2 -3  1 -3 -4 -3  0  1 -4 -1 -2 0 0 1 1 0.02
 0  1  0  0 -4  1  3 -2 -2 -2  0  0 -2 -4 -2  3 -1 -4 -3 -2 0 1 0 1 0.02
-1 -3 -4 -1 -1 -3 -3 -3  0  2  3 -3  1  2 -4 -3  0  1  2  2 0 1 0 0 0.02
 0 -1 -2  0 -5  0  5 -2  0 -2 -4  0 -4 -5 -3  0  2 -1 -4 -2 0 1 0 1 0.02
 0  2 -2  0 -3  1  0  1 -2 -1 -2  2  1 -2  2 -1 -1 -2 -2  1 0 1 0 1 0.02
 0 -1  0  0 -2 -1  0 -1  2  1  1 -1 -1 -2 -1  0  1 -4 -2  1 0 0 1 1 0.02
 0 -2 -1  4 -5 -2  1  4 -2 -5 -5 -3 -5 -6  0  2 -1 -6 -5 -4 0 0 1 1 0.02
 0 -2  0  5 -5 -1  3  1  1 -4 -4 -2 -3 -5  3 -1 -2 -6 -5 -4 0 0 1 1 0.02
-1  0  3  3 -4  0  1  2  0 -4 -4 -1 -3 -4 -2  0  1  1 -2 -2 0 0 1 1 0.01
 0  2  0  0 -1  1  2  1  3 -3 -3  0 -1 -4  0  0  0 -1 -3 -2 0 1 0 1 0.01
-1 -2 -3 -5 -1 -4 -5 -5  0  0  0 -3  2  5 -5 -3 -4  2  6  0 0 1 0 0 0.01
 0  2  0  1 -3  1  2 -1  1 -2 -2  2 -1 -2 -2  0  1 -4 -3 -1 0 1 0 1 0.01
 3 -4 -3 -4 -1 -3 -2  3 -4  0  0 -3  1 -1 -4 -1 -2  4 -1  1 0 1 0 0 0.01
 1  2 -1 -1 -3  0  0 -1  2 -1 -2  1 -2 -2 -3  0  3 -4 -3  1 0 1 0 1 0.01
 0 -4 -4 -5 -3 -2 -3 -3 -4  2  2 -4  3  2 -4 -3 -1 -4 -1  4 0 1 0 0 0.01
 0  3 -2 -1 -4  0  0 -2  1 -3 -3  4 -2 -4 -2  0  2 -5 -2  0 0 1 0 1 0.01
 1 -4 -3 -3 -3  0 -4 -3 -4  2  2 -4  0 -2 -4 -2 -1  0 -1  4 0 1 0 0 0.01
 0  3 -1  1 -5 -1 -2  2 -3 -5 -5  5 -4 -5  2 -1 -2 -5 -4 -3 0 1 0 1 0.01
-1 -3 -5 -4 -3 -3 -4 -5 -3  4  2 -1  0  1 -5 -4 -2 -4 -3  5 0 1 0 0 0.01
 1 -5 -3 -4 -3 -2 -4  6 -1 -6 -4 -1 -5 -3  0  0 -3 -5 -5 -5 0 1 0 0 0.01
 0 -3 -3 -3 -5 -3 -3  2  0 -3 -3 -2  1  1  6  0 -2 -5 -4 -2 0 1 0 0 0.01
-2 -4 -4 -5 -4 -4 -5 -4  1  4  2 -4  3  0 -5 -3 -2 -4  0  4 0 1 0 0 0.01
 0  3  0 -1 -4 -1 -1 -1 -1 -4 -4  4 -3 -5 -3  2  2 -5 -4 -1 0 1 0 1 0.01
 3 -1 -2 -3 -3 -1 -3  3 -3  0 -1 -1  0 -2 -1  0  0 -4 -2  0 0 1 0 0 0.01
-1  4 -1 -2 -4 -1  0 -3 -1 -3 -3  2 -3 -5 -2  2  4 -5 -4 -2 0 1 0 1 0.01
-4 -4 -5 -6 -3 -5 -4 -6 -3  0 -1 -5  0  7 -6 -4 -4  0  6 -1 0 1 0 0 0.01
 0  2  1  1 -4  0  1 -1  0 -2 -3  3 -3 -4 -2  1  2 -4 -3 -3 0 1 0 1 0.01
 1 -4 -3 -4 -1 -4 -3  6 -4 -2 -2 -4 -1 -2 -4 -2 -1 -4 -3  1 0 1 0 0 0.01
 0  3  0  0 -4  1  3 -2  0 -2 -2  2 -1 -3 -3  0  1 -4 -3 -1 0 1 0 1 0.01
 1 -4 -2 -4 -2 -3 -4  0 -4  3  1 -3  3  0 -4 -2  0 -4 -2  4 0 1 0 0 0.01
-1  3 -1 -1 -4  1  3 -3  2 -2 -2  1 -2 -4 -3  0  3  1 -1 -1 0 1 0 1 0.01
-2 -1 -4 -1 -2 -2 -3 -4 -4  3  3 -4  1  3 -4 -3 -2  0  0  2 0 1 0 0 0.01
 1 -1  0  0 -2  0  1 -2 -3 -1 -1 -1 -2 -3 -2  2  2 -4 -3  1 0 1 0 1 0.01
-2  1  2  4 -5  0  4 -2 -3 -3 -3 -1 -3 -3  0 -1 -1 -5 -3 -3 0 1 0 1 0.01
 0  1 -2  1 -2  0 -1 -2  0  1  1  0  1 -1 -1 -1 -1  0 -1  1 0 0 1 1 0.01
-2  1  2  5 -4  1  2 -2 -1 -2 -4  0 -3 -5 -2 -1 -1 -5 -4  1 0 0 1 1 0.01
 3  0 -3  0 -4 -2  2  0 -3 -4 -4 -1 -3 -5  5 -2 -2 -5 -3 -3 0 0 1 1 0.02
 0 -2  0 -1 -3  0 -1  0 -1 -5 -4 -3 -2 -4  7 -1 -1 -5 -4 -3 0 0 1 1 0.02
-2  2  2  1 -4  1  3 -2  4 -3 -3  0 -2 -4 -2  0  0 -3 -1 -3 0 0 1 1 0.02
 0  4 -1 -2 -4 -1 -1  1  2 -4 -3  0 -2 -1 -3  3  0 -4  1 -3 0 1 0 0 0.02
 0  0 -3 -3  1 -3 -3 -1 -1  1  1 -2  2  2 -4 -3 -1 -1  4  2 0 1 0 0 0.02
 0  3 -2 -2 -4 -2  0 -2  1 -2 -2  1 -2 -4 -4  0  3 -5 -3  3 0 1 0 0 0.03
-1 -5 -5 -5 -4 -3 -5 -4 -5  4  3 -5  3  2 -5 -4 -2  0 -1  3 0 1 0 0 0.04
 0  1  1  0 -2  1  1 -2  2  0 -2  1 -2 -3 -3  1  2 -3 -2  1 0 1 0 0 0.05
 2 -4 -4 -4 -4 -2 -3  4 -2  0 -1 -4  0  3 -4 -2 -3 -1 -3  0 0 1 0 0 0.07
 0  2  0  1 -4  2  4 -2 -1 -3 -3  1 -3 -5 -3  1  1 -5 -4 -3 0 1 0 1 0.08
 1 -4 -2 -2 -5 -3 -3  6 -5 -3 -4 -3 -5 -5 -4 -1 -3  1 -5 -4 0 0 1 0 0.08
 0  3  1  0 -4  1  1  0 -1 -3 -4  3 -3 -4 -2  0  1 -5 -4 -2 0 0 1 1 0.09
-1 -1 -2  2 -4 -3  1  5 -4 -4 -4 -1 -4 -4 -4  1 -2 -5 -4 -4 0 0 1 1 0.12
 2 -1 -2 -3 -3 -1 -3  3 -2 -3  0  0  2 -2  0  1  0 -4 -3 -2 0 0 1 1 0.11
 2  2  0 -2 -3  0 -2  2 -2 -1 -1  0 -2 -2  1  0  0 -3 -3 -1 0 0 1 1 0.13
 0 -4 -1 -1 -4 -3 -3  5 -4 -2 -4 -3 -1 -3 -4  2 -1 -4 -4 -2 0 0 1 0 0.12
 0  0  2 -2 -1 -1 -2  1 -1 -2 -2 -1 -2  4 -3  2  2 -3 -1 -2 0 1 0 1 0.11
 3 -3 -3 -4 -3 -3 -4  2 -3  1  1 -3  0  1 -4 -1 -2 -4 -2  3 0 1 0 0 0.09
 1  2  1  2 -4  0  0 -2 -1 -4 -3  4 -4 -5 -4  0  1 -5 -4 -4 0 1 0 1 0.08
 2 -3 -3 -4 -4 -2 -4  4 -4 -1  0 -1  1  1 -3 -1 -1 -4 -1  0 0 1 0 0 0.06
 1  0  1  0 -3  1  1  1  2 -3 -3  0 -2 -4 -2  1  2 -4 -3 -1 0 1 0 1 0.04
 4 -4 -2 -3 -1 -3 -3  3  0  2  0 -3 -1 -2 -4 -1 -1 -5 -4  0 0 1 0 0 0.03
 0  2  0  2 -3  0  2 -2  0 -2 -1  0 -2 -2 -3  0  2 -4 -1  1 0 1 0 0 0.02
-1 -3 -2 -2 -1 -2 -2 -3  1  3  1 -4  1  1 -5 -2 -1  2 -1  4 0 1 0 0 0.02
 0  2  0  0 -3  0  0 -2  0 -1 -2 -1 -1 -1 -3  0  2  0  0  2 0 1 0 0 0.01
-1  0 -2 -3 -1 -4 -2 -5 -4  1  4 -4  1  1 -4 -2 -1 -4  0  1 0 1 0 0 0.01
 0  1 -1  0 -3  0  1 -2  0 -1  1  0  0 -1 -3  0  1 -3 -1  1 0 1 0 1 0.01
 1 -2 -3  2 -4 -1  3 -2 -3 -2  0 -1 -1 -4  4  0  0 -5 -4 -1 0 0 1 1 0.02
 1  0  0  2 -1  0  1 -1  1 -1 -1 -1 -1 -3  0  0  1  1 -2  0 0 0 1 1 0.02
 0 -1 -1  3 -4  0  2  3  1 -2 -3 -1 -3 -4  0  1 -1 -4 -3 -3 0 0 1 1 0.02
 0 -2  1  5 -5 -1  3  2 -1 -5 -5 -2 -4 -5  1 -1 -1 -5 -4 -3 0 0 1 1 0.02
 0 -1  0  0 -5 -1  2  5 -1 -5 -4 -1 -5 -5 -2  0  0 -5 -5 -5 0 0 1 1 0.02
 1  0  0 -2 -1  0  0  4  0 -2 -3 -1 -2 -4 -2  1  1 -4 -4 -2 0 0 1 1 0.02
-2 -5 -4 -5  3 -5 -5 -4 -6 -2 -5 -5 -5 -6 -5  0  7 -6 -5 -1 0 1 0 0 0.02
-2  4 -1 -1 -2  0  1 -3  0  0  1  1 -1 -3 -4 -2  0 -2 -2  0 0 1 0 1 0.02
-3 -6 -6 -7 -1 -5 -6 -3 -6  3  4 -6  1 -2 -6 -5 -3  0 -4  4 0 1 0 0 0.02
 0  1  1  1 -2  0  0 -2  3 -2 -3  0 -2 -4 -3  2  3 -5 -3 -1 0 1 0 0 0.02
-3 -6 -4 -5 -2 -5 -6 -2 -3 -1  0 -6 -1  2 -6 -5 -5  7  7  2 0 1 0 0 0.02
-1  0  1  3 -4  0  2 -2  0 -2 -3  0 -2 -2 -3  1  2 -2 -2  0 0 1 0 1 0.01
 3 -4 -2 -4 -2 -3 -3  1 -4  0  0 -4 -1 -1 -2 -1  2 -4  0  3 0 1 0 0 0.01
-1 -1  1  5 -5  1  3 -2  1 -4 -5  1 -5 -5 -2  0  1  1 -4 -4 0 1 0 1 0.01
 4 -5 -5 -5 -2 -4 -4  0 -3  0  1 -4  1  1 -5 -2 -2 -2  1  2 0 1 0 0 0.01
 0  0  1  2 -4  3  1 -2  0 -3 -3  2 -1 -4 -3  1  2 -1 -3 -1 0 1 0 1 0.01
 0 -3 -5 -5 -4 -4 -5 -3 -5  3  2 -5  1 -1 -3 -2 -2 -5 -1  4 0 1 0 0 0.01
 0 -1 -2  0 -4 -1 -2  4 -4 -4 -3 -2 -2 -3  0  2  2 -2 -4 -2 0 0 1 1 0.01
-4 -4 -3 -5 -7 -6 -6  7 -6 -5 -5 -3 -3 -7 -6 -4 -6 -7 -7 -7 0 0 1 0 0.01
 0  3 -3 -4 -5 -2 -3 -4 -4 -1  0  5  2 -3  2 -2 -1 -5 -4 -1 0 0 1 1 0.01
 0 -3 -5 -5 -4 -4 -5 -5 -5  3  4 -4  1 -2  0 -4 -2 -4 -4  2 1 0 0 0 0.01
 6 -4 -3 -4 -4 -4 -3  1 -4 -4 -3  0  0 -5  0 -1 -2 -5 -5 -2 1 0 0 0 0.02
 0 -1 -2 -2 -4  6  1  0 -3 -4 -2 -1  1 -5 -2  2  0 -5 -4 -4 1 0 0 1 0.03
-2 -5 -5 -6 -2 -5 -5 -5 -4  1  4 -5  3  5 -5 -4 -4 -3  1  3 1 0 0 0 0.04
 0 -4 -2 -1 -4 -4 -3  6 -4 -3 -3 -4  0 -3  1 -1 -4 -5 -5 -2 0 0 1 0 0.05
 1  2  0 -1 -3  2  1  1 -2 -4 -3  0 -2 -4  0  2 -1  0 -3 -3 1 0 0 1 0.05
-1  6 -1 -1 -5 -1  0  3 -3 -4 -4  0 -4 -5  1  0 -3 -5 -4 -4 1 0 0 1 0.05
 0 -3 -3 -4 -3  0 -3 -3 -4  2  3 -2  4 -1 -3 -2 -1 -4 -3  2 1 0 0 0 0.05
-1 -4 -5 -5 -3 -3 -4 -3 -4  5  2 -3  3  0 -4 -3 -2 -4 -3  3 1 0 0 0 0.04
 0  1  1  3 -4  1  2  1 -2 -3 -2  1 -2 -4 -2  0  0 -4 -3 -2 1 0 0 1 0.04
 0 -1  1  2 -3  1  0  2 -1 -4 -4  0 -2 -4  1  2  0 -1 -3 -3 1 0 0 1 0.04
 3 -3 -4 -4 -3 -2 -3 -3 -4  1  0 -1 -1  2 -4 -1  1 -4 -1  4 1 0 0 0 0.03
 4 -4 -2 -4 -3 -3 -3  0 -4 -2 -1 -3 -2 -1 -2  2  0 -4 -3  2 1 0 0 0 0.02
-1  3  2  1 -4  1  1  0  2 -4 -4  3 -3 -4 -2 -1  0 -4 -3 -3 1 0 0 1 0.02
-2  4 -2 -2 -5  1  0 -2 -2 -3 -3  4 -1 -4 -3  0 -1 -5 -4 -2 1 0 0 1 0.01
-3 -4  0 -4 -3 -3 -3 -4 -4  3  4 -3  5 -2 -4 -4 -1  0 -2  0 1 0 0 0 0.01
 3 -4 -3 -4 -3 -3 -3 -4 -4  3  2 -3  1  0 -4 -1  0  0 -3  2 1 0 0 0 0.01
 0  0  2  4 -4  0  3  2 -1 -4 -5  1 -4 -5 -2 -1 -2 -5 -4 -4 1 0 0 1 0.01
 0  2 -1  3 -5  5  2 -2 -2 -4 -4  1 -1 -5 -4 -1 -1 -5 -2 -3 1 0 0 1 0.01
-2 -6 -6 -5 -5 -6 -4 -6 -5 -1  0 -6 -2  8 -6 -2 -1 -3  0 -1 1 0 0 0 0.01
 2 -3 -5 -5 -3 -5 -4 -1 -4  0 -1 -5 -2  7 -5 -2 -1 -2  0  1 1 0 0 0 0.01
 2  0  0  1 -4  0  2 -1  0 -3 -4  2 -3 -4 -3  1  1 -5 -3 -2 1 0 0 1 0.01
 1  3  5  0  4 -1 -1 -1 -2 -5 -5  0 -4 -5 -4  0 -1 -5 -4 -4 1 0 0 1 0.02
-3 -5 -6 -6 -4 -5 -6 -6 -5  2  4 -5  2  5 -6 -5 -4 -3 -1  1 1 0 0 0 0.03
 2  1  0  2  0  2  2  0 -2 -2 -3  1 -3 -4 -3  1  0 -4 -3 -2 1 0 0 1 0.04
 2  2  1  2 -4  1  2 -1 -2 -4 -3  1 -3 -4 -2  1  0 -5 -4 -3 1 0 0 1 0.05
 1  2 -1 -1 -3  1  2 -2  0 -1 -1  2 -1 -2 -3 -1 -1 -3  0  0 1 0 0 1 0.07
 0 -5 -5 -6  0 -4 -5 -5 -5  2  4 -4  3 -1 -4 -3 -3 -4 -3  3 1 0 0 0 0.09
 2  0 -1  0 -4  2  3  1 -1 -3 -2 -1 -3 -4 -2  1 -1 -4 -4 -2 1 0 0 1 0.15
 2  0  1 -1 -2  1  1  3 -2 -4 -4  0 -3 -4  1  0  0 -4 -4 -3 0 0 1 1 0.43
 1  1 -1  0 -3  1  1  1  1 -2 -1  0 -2 -3  2  1 -1 -4 -3 -2 0 0 1 1 0.66
 2  0 -2 -1 -3  2  1  0  2 -2 -2  0 -1 -4  3  0 -1 -2 -2 -2 0 0 1 1 0.80
 2  1 -1  0 -3  2  2  1 -2 -2 -3 -1 -3 -4  2  0 -1 -4 -3 -2 0 0 1 1 0.83
 2  0 -2 -1 -2  1  1  0 -2 -2 -1  0 -2 -4  3  0  1 -4 -3  0 0 0 1 1 0.84
 4 -3 -2  0 -3  0  0  2 -3 -3 -2 -2 -3 -4 -1  1  0 -4 -4 -1 0 0 1 1 0.85
 2 -2 -1  1 -3  0  1  0 -3 -4 -4 -1 -3 -5  4  2  0 -5 -4 -2 0 0 1 1 0.88
 3 -2 -1  2 -3  1  3 -1 -2 -3 -4 -2 -3 -4  2  1  0 -4 -4 -2 0 0 1 1 0.95
 2 -3 -1 -1 -3 -2  0  4 -3 -4 -4 -2 -3 -4  1  2  0 -4 -4 -3 0 0 1 1 0.95
 2 -1 -1 -1 -2  0  1  0  2 -3 -3 -1 -2 -4  1  2  3 -4 -3 -2 0 0 1 1 0.96
 3 -1 -2  0 -3  1  3 -2  5 -3 -3 -1 -3 -4  1 -1 -2 -4 -2 -2 0 0 1 1 0.97
-1  1  0  0 -3  2  3 -2  4 -4 -4  0 -2 -3  2  2 -1 -4 -2 -3 0 0 1 1 0.96
-2  4 -1 -2 -4  3  0 -3  6 -4 -3  0 -2 -2 -3 -1 -2 -2  3 -3 0 0 1 1 0.96
-2  0  0 -1 -3  4  1 -2  7 -3 -3  0 -1 -2 -2 -1 -2 -3  1 -3 0 0 1 1 0.95
-2  0  0 -1 -3  0  0 -2  8 -4 -3 -1 -2 -1 -2 -1 -2 -3  2 -3 0 0 1 1 0.94
