 0 -2  0 -1 -3 -2 -2  6 -2 -4 -4 -2 -3 -3 -2  0 -2 -3 -3 -3 0 0 1 1 0.94
-2 -2 -3 -4 -2 -1 -3 -4 -3  0  1 -2  9 -1 -4 -2 -2 -2 -2  0 0 0 1 1 0.91
 0 -2  0 -1 -2 -1 -1 -1 -2 -3 -3 -1 -2 -3  1  5  2 -4 -3 -2 0 0 1 1 0.90
 0 -1  0  0 -2  1 -1 -2  1 -1 -1 -1  3 -2  1  2  2 -2 -2 -1 0 0 1 1 0.87
 0  0  2 -1 -2  3  0 -2 -1 -2 -2  1 -1 -3  2  2  1 -3 -2 -2 0 0 1 1 0.83
-2 -1  4  3 -3  2  2 -2 -1 -1 -3  0 -2 -3 -2  0  0 -4 -3 -2 0 0 1 1 0.78
 1 -1  0  2 -2  0  1 -1  2 -2 -2 -1 -2 -3  3  3  0 -3 -2 -2 0 0 1 1 0.73
 0 -2  0 -2 -2  0 -1 -2  0  0 -2 -1 -2 -3  5  1  3 -3 -2 -1 0 0 1 1 0.65
 0 -1  5  1 -3 -1  1 -2 -1 -3 -3  0 -2 -4  2  1  1 -4 -3 -2 0 0 1 1 0.50
-2 -3 -4 -4 -2 -3 -3 -4 -3  2  4 -3  2  0  3 -3 -2 -3 -2  1 1 0 0 0 0.34
 1 -1  2 -1 -2 -1 -1 -2 -2 -2 -3  0 -2 -3 -2  3  4 -4 -3 -2 1 0 0 1 0.24
 1 -3 -2 -1 -2 -2 -2 -3 -3  2  1 -2  3 -2 -3 -1  1 -3 -2  3 1 0 0 0 0.14
 2  0 -1  1 -3  2  3 -2 -1 -3 -3  1 -2 -3 -2  1 -1  3 -2 -1 1 0 0 1 0.09
 0 -2 -1  4 -3  2  4 -2 -2 -2 -3 -1 -3 -4 -2  1 -1 -4 -3 -3 1 0 0 1 0.07
 5 -3 -3 -3 -2  0 -2  0 -3 -2 -1 -2 -2 -3 -2  0 -1 -4 -3  0 1 0 0 0 0.06
-1  0 -1  0 -3  3  1 -3  0  1  1  1  0 -2  0 -1  0  2 -2 -1 1 0 0 1 0.04
 0  3 -1 -2 -3  3  0 -2  2 -3 -3  3 -2 -3 -2  0  2 -3 -2 -2 1 0 0 1 0.03
 0  0 -1 -3  0 -2 -2 -2  0  2  2 -2  0  0 -3  1  1 -3 -2  0 1 0 0 0 0.02
-3 -4 -6 -6 -3 -4 -5 -6 -5  0  6 -5  0 -1 -5 -5 -3 -4 -3 -1 1 0 0 0 0.02
 1  0  2  0 -3  3  2 -2 -1 -3 -3  3 -2 -4 -2  0 -1 -4 -3  0 1 0 0 1 0.02
-1  1  1  5 -4  1  3 -3 -2 -4 -4  2 -3 -5 -1  1 -2 -5 -4 -4 1 0 0 1 0.02
-2 -4 -4 -5 -3 -4 -4 -5 -2 -1  3 -2 -1  5 -4 -2 -3 -1  5 -2 1 0 0 0 0.02
 1  2  4  2 -3 -1 -1 -1 -2 -3 -3  0 -3 -4 -3  2  1 -4 -3 -3 0 0 1 1 0.02
-1  3  1 -3  7 -1 -1  2 -3 -3 -2  1 -3 -1 -3 -1 -2 -4 -3 -3 0 0 1 0 0.03
 0 -3 -3  0  0 -1 -3 -4 -3  2  4 -3  1  0 -3 -1 -1 -3 -2  1 0 0 1 1 0.05
 0  5  0  3 -4  3  1 -3 -2 -4 -4  1 -3 -4 -3 -1  0 -4 -3 -3 0 0 1 1 0.06
-1  1 -1 -1 -3  2  0 -1 -1  2 -1 -1  0 -3 -1  1  2 -4 -2  0 0 0 1 1 0.06
 4  0 -2 -1 -3  2  0 -2 -2 -3 -3  2 -2 -4  1 -1  0 -4 -3 -2 0 0 1 1 0.07
 0 -3 -3 -3 -3 -3 -3 -2 -3  0 -2 -3 -3  1  7  0  0 -4 -3 -1 0 0 1 1 0.08
 0 -1 -1 -1 -2  2  1 -2  0  1  0  0  1 -1  0 -1  0 -2  1  1 0 0 1 1 0.08
-1 -2 -1  1 -3  0 -1 -4 -3  0  4 -3  0 -1 -3 -2 -1 -3 -3  0 0 0 1 1 0.08
 0 -1  1  1 -3  0 -1 -1 -2 -3 -3  1 -2  0 -1  4  1 -3 -2 -3 0 0 1 1 0.08
 1 -1  0  1 -3  0  1 -1 -2  0 -2  0 -2 -3  4  1  0 -4 -3 -1 1 0 0 1 0.08
 2 -1  0  1  0  1  2 -1 -2 -2 -1  0 -2 -3 -2  2  0 -3 -2 -1 1 0 0 1 0.07
 0 -1  0  2 -4  4  4 -3 -1 -2 -3  1 -2 -4 -2 -1  1 -4 -3 -2 1 0 0 1 0.06
-1  4 -1 -2 -1  0  1 -3  1 -2 -2  3 -2 -3 -1  0 -1  0 -2 -1 1 0 0 0 0.05
-1  0 -1  1 -3  3  3 -2  1 -3 -2  3 -2 -3  1  0  0 -3 -2 -1 1 0 0 1 0.04
 0  2  0  0 -3  2  0 -1  0 -2 -1  2 -1 -3  0  1  0 -3 -2 -1 1 0 0 1 0.03
-2 -4 -5 -5 -3 -4 -4 -5 -4  1  5 -4  0 -1 -4 -4 -1 -3 -3  2 1 0 0 0 0.03
-2  6 -2 -3  2  1 -1 -3 -2 -3  1  1 -2 -1 -4 -2 -3 -4 -3 -3 1 0 0 0 0.02
 1  1  0  1 -3  4  2 -1 -1 -4 -3  1 -2 -4 -2  1  0 -4 -3 -3 1 0 0 1 0.01
 4 -2 -2  0 -3  1  4 -2  0 -4 -4 -1 -3 -4 -2  1 -2 -4 -3 -3 1 0 0 0 0.01
-3 -4 -5 -5  2 -4 -5 -5 -5  3  5 -4  0 -1 -5 -4 -1 -4 -3  0 1 0 0 0 0.01
-1  2 -2 -1  1  0  1 -3  0  1  1  1  0 -2 -3 -1  0 -3 -2  1 1 0 0 1 0.01
 1 -1 -2 -2 -2  0 -1 -1  0  0  2 -2  0 -1 -2  0  1  3 -2  0 1 0 0 1 0.01
 2  0  0 -3 -2 -2 -2 -3 -2  2  2 -2  1 -1 -3 -1 -1 -3  0  1 1 0 0 0 0.01
 2 -3 -1 -3  2 -2 -3 -2 -3  2  1 -2  4  0 -3  0  1 -3 -1  1 1 0 0 0 0.01
 1 -1  1  1 -3  2  0  1  1 -3 -2  0 -2  0 -2  2  1 -3 -2 -2 1 0 0 1 0.01
 1  0  2  1 -2  1  0 -1  1 -1  0  1  0 -3  1  0 -1 -3 -2 -1 1 0 0 1 0.01
 3 -3 -2 -1  4 -2 -2 -2 -3 -3 -3 -2 -3  1 -3  4  1 -4 -3 -2 0 0 1 0 0.01
-1 -2  0  5 -4 -1  3  0  1 -3 -4 -2 -4 -4 -3  2 -2 -5 -3 -3 0 0 1 1 0.01
-2  2 -4 -5 -4 -3 -4 -5  0 -4 -3 -3  0  0 -5 -3 -1 10  6 -4 1 0 0 0 0.01
-2 -2 -3 -2 -3  3  2 -4 -2  2  0 -1 -1  4 -3 -2 -2 -2 -1  1 1 0 0 0 0.01
-2 -3  2 -3 -3 -2 -3 -3 -3  1  1 -2  5 -2 -3 -1  4 -4 -3 -1 1 0 0 0 0.01
-2 -4 -4 -4 -2 -3 -4 -5 -4  4  3 -4  1  2 -4 -3 -1 -3 -1  3 1 0 0 0 0.01
-2 -4 -2 -3 -5 -4 -4  7 -4 -6 -6 -3 -5 -5 -4 -2 -4 -4 -5 -5 0 1 0 0 0.01
-2 -4 -5 -5 -3 -4 -4 -5 -5  5  0 -4  0  0 -4 -4 -2 -4 -2  4 0 1 0 0 0.01
-3 -4 -5 -5  9 -4 -5 -5 -4 -2  0 -4  7 -3 -5 -3 -3 -4 -4 -1 0 0 1 0 0.01
 6 -3 -3 -3 -2 -3 -3 -2 -3 -3 -3 -2 -3 -4 -3  1 -2 -4 -4 -2 0 0 1 0 0.01
 1 -3  0  4 -3 -2  1 -1 -3 -4 -4 -2 -3 -4  5  2 -2 -5 -4 -3 0 0 1 1 0.01
 0 -1  3  3 -1 -1 -1 -2 -2 -3 -4 -2 -3 -4 -2  4  3 -4 -3 -3 1 0 0 0 0.01
 3 -1 -1  1  2 -1 -1 -2 -2  0  0 -2 -1  0 -2  1  0 -3 -2  1 1 0 0 0 0.01
 1  1  0  2 -3  2  3 -2 -1 -2 -3  1 -1 -4  0  0  1 -4 -3 -2 1 0 0 1 0.01
-1  1 -1  0 -3  2  3 -2  0 -1 -1  1 -1  1 -2  0 -1 -3 -2 -1 1 0 0 1 0.01
 5 -3 -3 -3 -2 -3 -3  4 -3 -3 -4 -3 -3 -4 -3 -1 -2 -4 -4 -2 1 0 0 0 0.01
-1 -3 -4 -3 -2 -1 -1 -4 -3  3  2 -2  1  2 -3 -3 -1  2 -1  2 1 0 0 0 0.01
 2  2  1 -1 -2  0  1 -2 -1 -2  0  1  0 -1 -2  1  1 -3 -2 -1 1 0 0 1 0.01
 5 -3 -3 -3  2 -2 -2  0 -3 -2 -3 -2 -2 -4 -2  1  1 -4 -3  0 1 0 0 0 0.01
-3 -4 -5 -5 -3 -3 -4 -5 -4  1  5 -4  3 -1 -4 -4 -3 -3  1  0 1 0 0 0 0.01
-2  5 -2 -2 -4  1  1 -2 -2 -4 -4  4 -3 -1 -3 -1 -1 -4 -3 -4 1 0 0 1 0.01
 2 -1 -1  2 -2  2  2 -1 -2 -3 -3 -1 -2 -4 -2  3  2 -4 -3 -2 1 0 0 1 0.01
-3 -4 -4 -5  0 -3 -4 -5 -1  2  2 -4  1  0 -5 -4 -3  7  6 -1 1 0 0 0 0.01
-1 -2 -2 -1  2 -1  3 -3 -2 -1  2 -2 -1 -2 -3  2  1  1 -2  1 1 0 0 0 0.01
 1  1  0 -1 -3  3  1 -2  1 -3 -1  2 -2 -3 -1  1  1 -3 -2 -2 1 0 0 1 0.01
 4  0 -2  0 -2 -1  1  0 -2 -3 -2  2 -2 -2 -2  1 -1 -4 -3 -2 1 0 0 1 0.01
-3 -2 -4 -4  1  0 -3 -4  0  0  4 -3  2  4 -4 -3 -3 -2  3 -1 1 0 0 0 0.01
 1 -2  0  0 -3  1 -1  5 -1 -4 -4 -2 -3 -4 -3  2 -2 -4 -4 -4 0 0 1 1 0.02
-3 -3 -3 -4 -3  0 -3 -4 -2 -1  2 -3 -1  0 -4  0 -3  8  6 -2 0 0 1 0 0.02
-1 -2  1  1 -1  1  3 -1 -2  0 -3 -1 -2 -3  4  1 -1 -4 -3 -2 0 0 1 1 0.03
 1 -1 -2 -2 -2 -1  1 -2 -2  0  0  1  1 -2  3  0  0 -3 -2  0 0 0 1 0 0.05
 0 -2  1  1 -3 -1  0 -1 -2 -2 -1  0  3  0  5 -1 -1 -3 -2  0 0 0 1 1 0.05
-1 -1 -1 -1 -2 -2  0 -3 -3  2  2 -2  0  0 -3 -2  0 -3 -2  2 0 0 1 0 0.06
 1 -2  3  5 -3 -1  2 -1 -2 -3 -4 -1 -3 -4 -2  0  0 -5 -3 -2 0 0 1 1 0.06
 0 -2 -2 -2 -2 -2 -1 -2 -2  1  2  0  1  1  3  0  0  1 -1  0 0 0 1 0 0.06
 0 -3 -1  0 -3 -1  0 -3 -3 -3 -1 -2  0 -4  6 -1  2 -4 -4 -3 0 0 1 1 0.06
 0 -1  0  0 -2  1  0 -2  2 -1 -2 -1 -2 -3  4  1  1 -3 -2  0 0 0 1 1 0.06
 0  0 -2  1 -2  0  2 -1 -2  2  0 -1 -1 -2  1  0 -1 -3 -2  1 0 0 1 1 0.05
 0  1 -1  4 -4  2  4 -2  0 -4 -4  0 -3 -4 -1  0  0 -4 -3 -3 0 0 1 1 0.03
-1 -1 -2 -3 -4 -1 -2  6 -3 -5 -5 -3 -4 -4 -4 -1  0  1 -4 -4 0 0 1 0 0.02
 2 -3 -2 -3  1 -1 -2  2 -3 -4 -4 -2 -3 -4  6  1 -2 -4 -2 -3 0 0 1 0 0.02
-1 -4 -4 -5  2 -4 -4 -5 -5  2 -1 -4 -1 -3 -4 -3 -1 -5 -3  6 0 1 0 0 0.01
-4 -4 -4 -5 -4 -4 -5 -5 -1 -3 -2 -4 -2  7 -5 -4 -4  0  7 -3 0 1 0 0 0.01
-3 -4 -5 -5 -3 -4 -4 -5 -4  4  4 -4  1 -1 -4 -4 -2 -3 -2  2 0 1 0 0 0.01
-3  0 -2 -3 -5 -1 -1 -4 -3 -5 -5  7 -3 -5 -3 -2 -3 -5 -4 -4 0 1 0 0 0.01
 3 -3 -3 -4  0 -3 -3  0 -2 -2  0 -3 -2  4 -3 -2 -2 -1  5 -2 0 1 0 0 0.01
-3 -2  8 -1 -5  0 -2 -2 -1 -5 -5 -2 -4 -5 -4  0 -2 -6 -4 -5 0 0 1 0 0.01
-1 -2 -1 -2 -3  5 -1  2 -2 -4 -4 -1 -2 -4  1  2  3 -4 -3 -3 0 0 1 1 0.01
-1  3  2  0 -3  2  1 -2 -1 -3 -1  3 -2 -3 -2  0 -1 -4 -3 -3 0 0 1 1 0.01
-1 -1  2 -2 -3 -1 -2  0 -2 -3 -2  1 -2 -4  0  2  4 -4 -3 -2 0 0 1 1 0.01
-1 -3 -1 -3 -4  2 -3  6 -3 -4 -3 -1  2 -4 -4 -1 -3 -4 -4 -3 0 0 1 1 0.01
 0  1  2  2  0 -1  0 -2 -2 -2  1 -1 -1 -2 -2  2  1 -3 -2 -1 0 1 0 1 0.01
 1 -3 -3 -4  6 -3 -3 -3  1  2 -1 -3 -1  2 -4 -2 -2  1  3  2 0 1 0 0 0.01
-3  2 -3 -4 -4 -2 -3 -4  4 -2  0 -2  0  3 -4 -3 -3  0  7 -3 0 1 0 0 0.01
 0 -3 -4 -4 -2 -2 -3 -4 -4  3  3 -3  1 -1 -3 -3 -1 -3 -2  3 0 1 0 0 0.01
-2  5  0  4 -4 -1  0 -3 -2 -4 -4  0 -3 -4 -3  2 -1 -5 -4 -4 0 1 0 0 0.01
 1  1  0 -1 -2 -1 -1  0 -2  1 -1 -1  0 -2  1  2  0 -3 -1  0 0 0 1 1 0.01
-3 -3 -3 -2 -5 -2  4 -5 -1 -4 -4 -2 -3  0 -4 -3 -3 -1  8 -4 0 0 1 0 0.01
 1 -2  1  2 -2  0  0  0  2 -2 -2 -1 -2  0 -1  1  1 -3  0 -1 0 0 1 1 0.01
-2 -4 -2 -3 -4 -3 -2  7 -4 -6 -6 -3 -5 -5 -4 -2 -3 -4 -5 -5 0 0 1 0 0.01
-1  1  0  1 -3  0  0 -3  2 -1  2  0  0 -2 -3  0  1 -3 -2 -1 0 0 1 1 0.01
-1 -3 -2  1 -4 -2 -1  4  4 -4 -3 -3 -3  2 -4 -2 -3 -1  5 -4 0 0 1 0 0.01
-3  6 -2 -2 -5  1  3 -4 -2 -5 -3  1 -3 -4 -3 -1 -2 -4 -3 -4 0 1 0 0 0.01
-2 -4 -2 -3 -4 -3 -4  7 -4 -5 -5 -3 -4 -5 -4 -2 -3 -4 -5 -5 0 1 0 0 0.01
-2 -4 -4 -4 -2 -4 -4 -4 -4  4  0 -4  0 -1 -4 -3 -2 -4 -2  5 0 1 0 0 0.01
-3 -4 -5 -5 -3 -3 -4 -5 -4  1  5 -4  0 -1 -4 -4 -3 -3  1 -1 0 1 0 0 0.01
-2 -4 -4 -4 -2 -3 -4 -4 -4  5  2 -3  1  1 -4 -3 -2 -3 -2  3 0 1 0 0 0.02
 0 -2  1 -2 -2 -1 -2 -1 -2 -3 -3 -2 -2 -3 -2  4  4 -3 -3 -2 0 1 0 0 0.03
-1 -4 -3 -3  8 -3 -3  2 -3 -2 -2 -3 -2 -1  1 -1 -2 -3 -1  0 0 1 0 0 0.05
-2 -1 -1 -2 -4  6  2 -3  5 -4 -3 -1 -2 -1 -3 -2 -2 -3 -2 -3 0 1 0 0 0.07
 1 -1  1 -1 -2  0 -1  1  1 -2 -2 -1 -2 -1 -2  3  0 -2  2 -2 0 0 1 0 0.10
-1 -1  1  3 -2 -1  1 -1  0 -2 -1 -1 -2 -2  2  0 -1 -2  1 -1 0 0 1 1 0.12
-1 -1  1  2 -3  0  2 -1  0 -2  1 -1 -1  0 -2  0 -1 -2  0 -1 0 0 1 1 0.14
 0 -2  1  4 -3  0  3  1  2 -3 -2 -1 -2 -3  0  0 -1  1 -2 -3 0 0 1 1 0.12
 1 -1  1  3 -3  2  2  0 -1 -3 -3 -1 -2 -3  2  1  0 -3 -2 -3 0 0 1 1 0.13
-1 -1 -1 -1 -3  1  1  3 -1 -1  1  1 -1 -2 -3 -1 -1 -3 -3 -2 0 0 1 1 0.14
 1 -2 -2 -1 -2 -1  1  0 -2  2  0 -1 -1 -2  2  0  0 -3  0  2 0 0 1 0 0.13
 1 -1  3 -1 -2  1  0  0 -1 -3 -2 -1 -2  2 -2  2  0 -2 -1 -2 0 0 1 1 0.14
-1  1  1  2 -3  1  2  3 -2 -3 -1  0 -2 -3 -1  0  0 -4 -3 -3 0 0 1 1 0.12
-2 -2 -2 -3 -3  3 -2 -4 -3 -2 -3 -2  3 -4 -3 -1  6 -4 -3 -2 0 0 1 1 0.10
-4 -4 -4 -5 -4 -4 -4 -5 -1 -1  0 -4 -2  4 -5 -4 -3  8  7 -3 0 1 0 0 0.07
-1 -4 -2 -3 -4 -4 -4  7 -4 -6 -6 -3 -5 -5 -4 -2 -3 -4 -5 -5 0 0 1 0 0.05
-3 -3 -2 -3 -5 -2 -2 -4  8 -4 -4 -3 -3 -3  6 -3 -3 -3  3 -1 0 0 1 1 0.04
-3 -4 -5 -5 -3 -4 -5 -5 -4  0  4 -4  0  6 -5 -4 -3 -2  0 -1 0 0 1 0 0.03
-3 -4 -4 -4 -5 -4 -3 -4 -4 -5 -5 -3 -5 -6  9 -3 -3 -6 -5 -5 0 0 1 0 0.02
-3 -4 -5 -5 -3 -4 -4 -5 -4  0  6 -4  0 -1 -5 -4 -1 -3 -3 -1 0 0 1 0 0.02
-2 -3  2  7 -5 -1  0  1 -3 -5 -5 -2 -5 -5 -3 -2 -3 -6 -5 -5 0 0 1 1 0.03
-3 -4 -5 -5  1 -4 -4 -5 -4  0  4 -4  0  5 -5 -4 -3 -2  0  0 0 0 1 0 0.05
-4 -5 -5 -6 -4 -5 -5 -5 -3 -2  0 -5 -2  8 -6 -4 -4 -1  1 -3 0 0 1 0 0.09
 3 -2 -2 -3 -1 -2 -2 -2 -3  0  0 -2  3 -2 -2  0  2 -3 -2  2 0 0 1 1 0.19
