 2 -1  4  0 -2 -1 -1  3 -1 -3 -3 -1 -2 -3 -2  1 -1 -3 -2 -2 0 0 1 1 0.83
-3 -3 -4 -5 -3 -2 -4 -4 -3  0  1 -3  9 -1 -4 -3 -2 -3 -3 -1 0 0 1 1 0.82
 5 -2 -2 -2 -2 -2 -2 -1 -3 -3 -3 -2 -2 -3  3  2 -1 -4 -3 -2 1 0 0 0 0.76
-2  1  5  0 -3  0  2 -2 -1 -4 -4  2 -3 -4 -2  1 -1 -4 -3 -3 1 0 0 1 0.72
-1  2 -1 -1 -3  2  1 -3 -2  1 -1  3 -1 -3 -2 -1  1 -3 -2  0 0 0 1 1 0.60
 0 -3 -3 -3 -2 -1 -3 -3 -3  3  1 -3  0 -2 -3 -1 -1 -3 -2  4 0 0 1 1 0.54
-1 -1 -1  0 -3  0  4  1 -2 -2 -2 -1  2 -3 -2  1  1  1 -2 -1 0 1 0 1 0.40
 1 -1  1  1 -2  0 -1 -2  2 -2 -2 -1 -2  0  4  1  2 -3 -2 -2 0 0 1 1 0.27
 0  1  0 -1  0  1  3 -2 -2 -2 -3  2 -2 -3 -2  1  2 -4 -3 -2 0 0 1 1 0.17
-3 -4 -5 -5 -3 -4 -5 -5 -4  0  6 -4  3 -1 -5 -4 -3 -3 -3 -1 0 0 1 0 0.11
-1 -2  3  0 -3 -2 -2 -2 -2 -1 -3 -2 -2 -4  4  3  3 -4 -3 -1 0 0 1 1 0.06
 1  1 -1  3 -4  1  4 -2 -2 -4 -4  2 -3 -4  1 -1 -2 -4 -3 -3 1 0 0 1 0.05
 0 -1  2  3 -4  2  3 -2 -1 -4 -4  1 -3 -4  2  0 -2 -4 -3 -3 1 0 0 1 0.04
-2 -3 -4 -4 -3  1 -3 -5 -4  1  5 -3  3 -1 -4 -3 -2 -3 -2  1 1 0 0 0 0.03
-2  0 -3 -3 -3 -2 -1 -4 -2  2  1  0  2  3 -3 -2 -1 -2  2  1 1 0 0 0 0.02
 1  1 -1  4 -3  2  2 -2 -2 -4 -3  2 -3 -4  1  0  0 -4 -3 -3 1 0 0 1 0.02
 1 -1 -3 -3  0 -1  0 -3  0  0  3 -2  1 -1 -3 -1 -1 -2  1  0 1 0 0 0 0.02
-3 -4 -5 -5 -3 -3 -4 -5 -4  0  5 -4  4  4 -4 -4 -3 -2 -1  0 0 0 1 0 0.02
-2  3  2  2 -4  5  0 -3  0 -4 -4  1 -2 -4 -3  0  0 -4 -3 -4 0 0 1 1 0.02
-1  0 -1  3 -4  1  0  3  0 -4 -4  3 -3 -4 -2  1 -1 -4 -3 -4 0 0 1 1 0.02
-2 -2 -2  0 -4  0  4 -1 -2 -1  1  0  3 -1 -3 -1 -2 -3 -3  0 0 0 1 1 0.02
-1  2  1 -2  1  0 -1  1  0 -2 -1  1 -1 -2  2  0  1 -3 -1  0 0 0 1 0 0.02
-2 -3 -3 -4 -3 -3 -3 -4 -2  2  1 -3 -1  4  4 -2  1 -2  3  0 0 0 1 1 0.01
 2 -3 -3 -4 -2 -3 -3 -1 -4  1 -1 -3 -1  0 -3 -1  1 -4 -2  4 0 1 0 0 0.01
 0 -3 -2 -3 -2 -2 -3 -3 -3  1  1 -2  1  2  0  0  3 -3 -1  2 0 1 0 1 0.01
-2 -4 -5 -5 -2 -4 -4 -5 -4  3  4 -4  1  1 -4 -3 -2 -3 -2  3 0 1 0 0 0.02
 3 -2 -1 -2  0 -2 -2  1  1  1 -1 -2 -1 -3 -2  2 -1 -4 -2  0 0 1 0 0 0.01
-2 -3 -2 -3 -3 -2 -3 -1 -3 -3 -3 -2 -3 -4 -3  2  7 -4 -4 -2 0 1 0 0 0.01
 1 -3 -1 -3  1 -2 -3 -3  1  2  0 -2  0  0 -3 -1  2 -3 -2  3 0 0 1 1 0.01
-3 -3  1  7 -4 -2  0 -1 -3 -2 -4 -1 -4 -4 -3  0 -1 -5 -4 -1 0 0 1 1 0.01
-1 -1  1  0 -3  1  1  0  3 -3 -3  2 -2  2  2  0  0  1  1 -3 0 0 1 1 0.02
-1 -2  1  4 -5  1  5 -3 -2 -5 -4 -1 -4 -5 -3  0 -2 -5 -4 -4 0 0 1 1 0.02
-1  0  1  0 -2  0  0 -1 -1 -2 -1  3 -1 -2 -1  1  3 -2 -2 -1 0 0 1 0 0.03
-1  0 -1 -2 -3  0 -2  6 -3 -4 -4  1 -3 -4 -3  0 -2 -4 -4 -4 0 0 1 1 0.02
 1  0  0 -2 -2 -1 -1  2 -2 -1 -2 -1 -2  0 -2  0 -1  6  1  0 0 0 1 1 0.02
-3 -4 -4 -4 -5 -1 -3 -4 -4 -4 -5 -3 -4 -6  8 -3 -3 -6 -5 -1 0 0 1 1 0.02
-1 -2  4  0 -3  0 -2 -2  5  1 -2 -2 -2 -2 -3 -1  0 -2  3 -1 0 1 0 0 0.01
 2 -2 -2 -3 -2  0 -2 -2 -3  1  1 -2  1 -2 -2  1  2 -3 -2  3 0 1 0 1 0.01
 1 -1  3 -2 -2 -1 -2 -2  3 -2 -2 -1  0 -3 -2  3  2 -4 -2  0 0 1 0 1 0.01
 4 -3 -3 -3 -2  0 -2 -2 -3 -1 -1 -2 -2  2  3  0 -1 -3 -2  1 0 1 0 1 0.01
-2 -4 -5 -5 -3 -4 -4 -5 -4  6  1 -4  0 -1 -4 -4 -2 -4  0  3 0 1 0 0 0.01
-1 -2  1 -2 -2 -1 -2  0  2 -3 -3 -2 -3 -3 -2  5  2 -4 -3 -3 0 0 1 1 0.01
-2 -5 -6 -6 -4 -4 -5 -5 -5 -4  0 -5 -3  1 -6 -5 -5 12  0 -4 0 0 1 0 0.01
 0 -3 -4 -4  2 -3 -3 -4 -4  3  2 -1  1 -2 -3 -2 -1 -4 -2  4 0 1 0 0 0.01
-1 -1 -3 -3 -3  1 -2 -3  0  2  0 -2 -1  3 -3 -2 -1 -1  5  0 0 1 0 0 0.01
 6 -3 -3 -3 -2 -2 -2 -2 -3 -3 -1 -2 -2 -4  2 -1 -2 -4 -3 -2 0 1 0 0 0.01
-2  1 -2 -2 -3  0  0 -3 -2  0  1  2  1 -2  3 -2  0 -3 -2  1 0 1 0 1 0.01
-1 -3  1  6 -4 -2  1 -2 -2 -4 -5 -2 -4 -5 -3  2  0 -5 -4 -4 0 1 0 1 0.01
 0 -1  1  2 -4  0  4  1  1 -4 -4  0 -3 -4  3 -1 -2 -4 -3 -3 0 0 1 1 0.01
-1  1  0  1 -3  0  2  0  0 -3 -3  2 -2 -4 -2  2  2 -4 -3 -1 0 0 1 1 0.01
-1  0 -1  1 -3  0  0 -3  3 -2 -2  1 -2 -3 -2  1  5 -4 -2  0 0 1 0 0 0.01
-2 -4 -5 -5 -2 -4 -4 -5 -4  5  3 -4  0 -1 -4 -4 -2 -4 -3  3 0 1 0 0 0.01
-3  6 -1 -3 -1 -1 -2 -4 -2 -2  0  1 -2 -2 -4 -2 -2  3  1  0 0 1 0 0 0.01
-3 -4 -5 -5 -3 -4 -5 -5 -3  3  1 -4  1  7 -5 -4 -3 -1  1  0 0 1 0 0 0.01
 6 -3 -3 -3 -2 -2 -2  0 -3 -3 -3 -2 -3 -4 -2  2 -1 -4 -3 -2 0 1 0 0 0.01
 0 -3 -3  0 -2 -3 -3 -4 -4  3  3 -3  0 -1 -3 -3 -2 -4 -2  4 0 1 0 0 0.01
-1 -2  1  5 -3  0  0  0 -2 -3 -3 -2  1 -3 -3  2  1  3 -3 -3 0 1 0 1 0.01
 0  1  2 -1 -3  1  1 -1  2 -3 -3  2 -2  1  1  1  0 -3 -1 -2 0 0 1 1 0.01
-2  4  2  1 -4 -1 -1  2 -2 -3 -3  2  0 -1 -3 -1 -2 -4 -3 -2 0 0 1 1 0.02
 2 -1  0 -2 -3 -2 -2  0  2 -4 -3 -2 -3 -4 -2  5  0 -4 -3 -3 0 0 1 0 0.02
-1  5 -1 -2 -4  1  0 -3  2 -4 -2  3 -2 -4 -3  0  0 -4 -3 -3 0 0 1 1 0.02
-1 -2 -2 -3 -2 -2 -2 -1 -3  3  1  0  1 -2 -3  2  3 -4 -3  0 1 0 0 0 0.02
 1 -3 -3 -3 -2 -2 -1 -3 -3  2  1 -3  0 -1 -3 -1  1 -3  0  4 1 0 0 1 0.02
 2  1  0 -1 -3  2  2 -1 -1 -3 -3  2 -2 -1 -2  0  1 -3 -1 -2 1 0 0 1 0.02
-3 -3  8 -1 -5 -2 -2 -3 -1 -1 -5 -2 -4 -5 -4 -1  0 -6 -4 -4 1 0 0 0 0.02
-3 -4 -5 -5 -2 -4 -4 -5 -4  5  3 -4  0 -1 -4 -4 -2 -4 -3  2 1 0 0 0 0.02
 0  3 -1 -2 -4  2  1 -3 -2 -2 -1  4 -2 -4 -2  0  0 -4 -3 -2 1 0 0 1 0.02
 0  2  1  0 -3  2  2 -2  3 -2 -3  1 -2 -3 -2  0  1 -4 -2 -2 1 0 0 1 0.01
-2  0  5  2 -4  0  1 -2  3 -4 -4 -1 -3 -4 -3  0  1 -5 -3 -4 0 0 1 1 0.01
 1 -2  0  0 -3 -1 -2  2 -3 -4 -4  0 -3 -4  6  1 -1 -5 -4 -3 0 0 1 1 0.01
 0  1  3 -1 -3  2  0  0  1 -2 -2  2 -1 -3 -2  0  0 -3 -2 -1 0 0 1 1 0.01
 2 -3 -4 -4 -2 -3 -3 -3 -4  2  0 -3  0  0 -3 -2  0 -4 -2  4 0 1 0 0 0.01
 2 -3 -1 -3  4 -2 -2 -1 -3  0 -2 -2 -1  0 -2  1  2 -3 -2  2 0 1 0 0 0.01
-2 -4 -5 -5 -2 -4 -4 -5 -4  4  4 -4  0 -1 -4 -3 -2 -3 -2  3 0 1 0 0 0.01
 0 -2  2 -1 -2  0 -1 -1  2  0  0 -1  1 -2 -2  1  3 -3  0 -1 0 1 0 1 0.01
-2 -4 -4 -5 -2 -4 -4 -5 -4  4  2 -4  2  3 -4 -3 -2 -3 -1  3 0 1 0 0 0.01
-2 -4 -4 -4 -3 -3 -4 -4 -3  4  1 -3  2  4 -4 -1  0  5  0  1 0 1 0 0 0.01
 3 -3 -2  0 -3 -2  0  4 -3 -3 -2 -2 -3 -4  0  0 -2 -4 -3 -2 0 1 0 0 0.01
 1 -2  4  2 -1  1 -1  1  1 -3 -2 -1 -3 -4  3 -1 -1 -4 -3 -2 0 0 1 1 0.01
-2 -2 -1  4 -4  0  3  4 -2 -4 -4 -2  0 -4 -3 -1 -2 -4 -4 -4 0 0 1 1 0.01
 0 -2  1 -2 -2  0 -1 -2 -2  0 -1  1 -2 -3 -2  4  2 -4 -3  0 0 1 0 0 0.01
 2 -3 -2 -3  4 -2 -2 -1 -3 -1 -2 -2 -2 -3  1  1  2 -4 -3  2 0 1 0 0 0.01
-2 -3 -4 -5 -3 -2 -4 -5  1  0  2 -4 -1  4 -4 -3 -3  0  7  0 0 1 0 0 0.01
 2 -2 -1 -2 -2  2  0  0  1 -2 -2 -1 -2 -3 -2  3  1 -4 -2 -1 0 1 0 0 0.01
-1 -4 -5 -5  3 -4 -4 -5 -5  6  1 -4  0 -2 -4 -3 -2 -4 -3  3 0 1 0 0 0.01
-1  1  1 -2 -1  1 -1 -2  2 -3 -1  2 -2 -1 -2  1  1 -2  4 -2 0 1 0 1 0.01
 0 -4 -2 -3  2 -3 -4  6 -4 -4 -2 -3 -4 -4 -4 -2 -2 -4 -4 -4 0 1 0 0 0.01
-1  0  0  0 -1  1  1 -2  0 -1 -1  3 -2 -3 -2  1  3 -4 -2 -2 0 1 0 1 0.01
 5 -3 -2 -1 -2 -2 -2  1 -3 -2 -3 -2 -2 -4 -2  1 -1 -4 -3  0 0 1 0 1 0.01
 0  2  0  0 -3  1  1 -2  2 -1 -2  2 -1 -3 -2  0  1 -3  0 -1 0 1 0 0 0.01
-1 -1 -4 -4 -2 -2 -2 -4 -3  4  2 -3  2  1 -2 -3 -1 -3 -2  3 0 1 0 1 0.01
 0  0 -2 -2 -2 -1  0 -3 -2  1  0  2  0 -2 -2  0  0 -3 -2  2 0 1 0 1 0.01
 0  1 -1 -1 -2  0  0 -2  0 -1 -1  1 -1  1  0  0  1  2 -1  0 0 1 0 0 0.02
-1 -2  1  3 -4  0  6 -3 -2 -4 -4 -1 -3 -4 -2 -1 -2 -4 -3 -3 0 0 1 1 0.02
 0  2 -1 -2 -3  0  0 -2  1 -3 -3  3 -2 -3  3  0  1 -3 -2 -2 0 0 1 1 0.02
-1 -3 -3 -4 -2 -2 -3 -1 -3  3  3 -3  5 -1 -3 -2  0 -3 -2  1 0 0 1 1 0.02
-1 -1  1  3 -4  0  5 -3 -2 -1 -3  1 -2 -4  0 -1 -2 -4 -3 -1 0 0 1 1 0.02
-1  0  1  2 -3 -1  1  4 -2 -4 -4  0 -3 -4 -2  0  1 -3 -3 -3 0 0 1 1 0.01
 0 -3 -1 -3 -2 -2 -3 -3 -3  3  1 -1  0 -2  0 -1  0 -4 -2  4 0 0 1 1 0.01
 1 -3 -3 -3 -4 -2 -2 -3 -3 -4 -4  0 -4 -5  7  1  0 -5 -4 -3 0 0 1 1 0.01
 0 -2 -3 -4 -2 -2 -3 -3 -3  1  3 -1  2  4 -3 -2 -2 -2  0  0 0 0 1 0 0.01
 0  2  0  0 -4  0 -1 -2  2 -4 -4  5 -3 -4  2 -1  0 -4 -3 -3 0 0 1 1 0.01
-2 -3 -4 -4 -2 -3 -3 -4 -3  1  4 -3  4  0 -3 -3 -2 -2  0  3 0 1 0 0 0.01
 3  1  0 -2  2 -1 -2 -1 -2 -2 -3 -1 -2 -3 -2  3  1 -4 -3 -1 0 1 0 0 0.01
 0 -2 -4 -4  3 -3 -3 -2 -3  1  3 -3  3  1 -3 -2 -2 -3 -2  3 0 1 0 0 0.01
-2 -4 -4 -4 -2 -3 -4 -4 -2  3  1 -4  0  4 -4 -3 -2 -1  3  3 0 1 0 0 0.01
-2 -2  0  2 -4  1  6 -3 -2 -4 -4 -1 -3 -5 -3  0  0 -4 -3 -4 0 1 0 1 0.01
 0 -3 -3 -4 -2 -3 -3  0 -3  3  2 -3  2  1 -3 -2 -1 -3 -1  3 0 1 0 0 0.01
 0  0  2  2 -3  2  2 -2  2 -4 -3  2 -2 -4 -2  1  0 -4 -2 -3 0 1 0 1 0.01
-2 -4 -5 -5 -2 -4 -4 -5 -5  5  0 -4  0 -2 -4 -3 -2 -4 -3  5 0 1 0 0 0.01
-1  0  1  0 -4  1  4 -3  0 -1 -3  2 -2 -4 -2  0  0 -4 -3 -3 0 1 0 1 0.01
 0  1  0  0 -3  1  4  0 -1 -3 -3  0 -1 -4 -2  2 -1 -4 -3 -1 0 1 0 1 0.01
 0 -4 -4 -5 -2 -4 -4 -5 -5  2 -1 -4 -1 -2 -4 -3 -2 -4 -3  6 0 1 0 0 0.01
-2  6 -2 -2 -4  1  2 -4 -2 -3 -3  2 -2 -4 -3 -2 -2 -4 -3  0 0 1 0 1 0.01
-3 -3  3  7 -5 -2  0 -2 -2 -4 -4 -2 -4  0 -3  0 -2 -5 -3 -4 0 1 0 1 0.01
 0 -2  2 -2 -2  0 -2 -3  2  2 -1 -2 -1 -2 -3 -1 -1 -4 -2  3 0 0 1 1 0.01
-2  0 -3 -4 -3 -2 -3 -4 -3  1  3 -2  7 -1 -3  0 -2 -3 -2  0 0 0 1 0 0.01
-1 -4 -4 -5 -4 -5 -5 -4 -3 -2 -1 -4 -1  8 -5 -4 -3 -1  2 -2 0 0 1 1 0.01
-3 -3 -4 -4 -4 -3 -3 -4 -1 -3 -3 -3 -3  2  5 -3 -3  0  7 -3 0 0 1 1 0.01
-1 -4 -2 -3 -4 -3 -4  7 -3 -5 -5 -3 -4 -3 -4 -2 -3 -3  1 -4 0 0 1 1 0.01
 4 -2 -1 -2 -2 -2 -2  2 -2 -3 -3 -2 -2 -3 -2  2 -1 -3 -3 -2 0 0 1 1 0.01
 1  3 -1 -2 -3  0 -1 -2 -2 -3 -3  4 -2 -3 -2  0  3 -3 -2 -2 0 0 1 1 0.01
-2 -4 -4 -4 -2 -3 -4 -5 -3  5  2 -3  1 -1 -4 -3 -2 -3  1  3 0 0 1 0 0.01
 1 -2 -1 -2 -2 -1 -2 -2 -2  0 -1  0 -1 -3 -2  2  4 -3 -2  2 0 0 1 1 0.01
 1 -2  1  0 -2  1  0  2 -2 -1 -2 -1 -1 -3 -2  0  0 -3 -2  1 0 0 1 1 0.01
-1  0  0  1 -3  1  3  0 -1 -3 -2  1 -2 -3  1 -1  1 -3 -1 -1 0 0 1 1 0.01
-2 -4 -4 -3 -4 -3 -3 -4 -4  2  0 -3 -2 -3  7 -3 -2 -5 -4 -2 0 0 1 1 0.01
-1  1 -1  0 -3  2  2 -2 -1 -3 -3  1 -1 -4  3  0  2 -4 -3 -2 0 0 1 1 0.01
-3 -4 -4 -5 -4 -3 -4 -5 -1  0 -1 -4 -2  6 -5 -3 -3  0  7  0 0 0 1 1 0.01
 1 -2 -1  2  3  0  4 -3 -2 -1 -3 -1 -2 -3 -2 -1  0 -3  0  0 0 0 1 1 0.01
-2  0 -1 -2 -4  0 -1 -3  5 -4 -3  5 -2 -3 -2 -1 -2  4 -1 -3 0 0 1 1 0.01
-1 -3 -2 -3 -2 -2 -2 -3 -3 -1  0 -2  0 -3  1  0  6 -4 -3 -1 0 0 1 1 0.02
 0 -3 -3 -4 -4  1 -3  2  0 -3 -3 -3 -3  1 -4 -2 -3  0  7 -3 0 0 1 1 0.03
-1 -2  3  7 -4 -1  0 -2 -2 -4 -5  0 -4 -5 -3 -1 -2 -5 -4 -4 0 0 1 1 0.03
-1  0 -2 -1 -3  2  2 -3 -2  1  1  2 -1 -2  1 -1 -1 -3 -2  0 1 0 0 1 0.03
 1  4  0  0 -3  2  3 -2 -1 -3 -1  1 -2 -3 -2 -1 -1 -3 -3 -2 1 0 0 1 0.04
 5 -1 -2 -3 -2 -1 -2 -1 -3 -2 -1  2 -2 -3 -2  0 -1 -4 -3 -2 1 0 0 1 0.05
 6 -3 -3 -3 -2 -2 -2 -1 -3 -2 -2 -2  2 -3 -2  0 -1 -4 -3 -1 1 0 0 0 0.05
 1  1 -1  2 -2  0  2 -2 -2 -1  0  1  1 -2 -2  0 -1 -3 -2  0 1 0 0 1 0.04
 0  2  0 -1 -4  2  2 -2 -1 -4 -3  5  0 -4 -2 -1 -2 -4 -3 -3 1 0 0 1 0.05
-3  0 -4 -5 -3 -3 -4 -5 -4  0  5 -3  3 -1 -4 -3 -2 -3 -2  0 1 0 0 1 0.06
-3 -3  0  7 -5 -2  1 -3 -3 -5 -5 -2 -4 -4 -3 -2 -3  4 -4 -5 1 0 0 0 0.05
-1  3  2  0 -4  3  2  1 -1 -3 -3  2 -2 -4 -2 -1  0 -3 -3 -3 1 0 0 1 0.07
-1  0 -1 -1 -4  6  3 -3 -1 -1 -2  2 -2 -4 -2  0 -2 -3 -3 -3 1 0 0 1 0.09
-2 -3 -4 -4 -2  0 -3 -4 -4  2  0 -3 -1 -2 -4 -3 -1 -4 -3  6 1 0 0 0 0.08
-2 -2 -3 -4 -3  0 -3 -4 -2  2  2 -1  5  3 -3 -2 -1 -1  2  0 1 0 0 0 0.08
 0  0  0  3 -3  1  3 -2 -1 -3 -3  1 -2 -4 -2  1  2 -4 -3 -1 1 0 0 1 0.10
 4 -2 -2 -2 -2 -2  0  0 -2 -1 -1 -2  0 -2 -2  1 -1 -3  0 -1 1 0 0 0 0.19
-2 -3 -4 -5 -2 -3 -4 -5 -4  2  4 -3  6 -1 -4 -3 -2 -3 -2  1 1 0 0 0 0.16
-2  4 -1 -2 -4  1  0 -3 -2 -4 -4  6 -2 -4 -2 -1 -2 -4 -3 -4 1 0 0 1 0.25
 2 -1  4  0 -2 -1 -1  2 -1 -3 -3 -1 -2 -3 -2  2  0 -3 -3 -2 0 0 1 1 0.35
