-5 -5 -6 -7 -5 -5 -6 -7 -6 -2  3 -6 10  1 -7 -6 -5 -5 -4 -3 0 0 1 1 0.65
-1 -3  3  1 -4 -3 -2 -1 -1 -5 -4 -3 -4 -4 -1  6  0 -6 -5 -3 0 0 1 1 0.40
-2 -1  4  3 -4 -1  1 -2 -1 -2 -1  2  0 -4 -2  0 -1 -4 -2 -2 1 0 0 0 0.21
-3 -5 -2 -5 -4 -4 -4 -3 -5  1  6 -5  4  0 -4 -3 -3 -4 -4 -1 1 0 0 0 0.14
-2  3  2  4 -6  0  3 -2 -2 -6 -5  1 -4 -6 -3 -1 -2 -6 -5 -5 1 0 0 1 0.09
-1  0  1  4 -5  4  2 -3 -2 -5 -4 -1 -3 -4 -2  2  0 -5 -3 -4 1 0 0 0 0.04
-4 -6 -6 -7 -5 -5 -6 -7 -6  2  5 -5  7  1 -6 -5 -4 -5 -4 -1 1 0 0 0 0.02
-6 -7 -7 -6 -8 -7 -7 -8 -3 -6 -3 -7 -3 -2 -8 -7 -7 -3 10 -6 1 0 0 0 0.03
-3  4  1 -3 -6  6 -2 -4  3 -6 -6 -1 -1 -6 -5  2  1 -6 -5 -5 1 0 0 0 0.02
-1 -1 -3  3 -7  5  6 -5 -4 -6 -5 -1 -4 -7 -2 -1 -3 -6 -6 -5 1 0 0 0 0.02
-2 -3 -2 -5 -4 -1 -3 -5 -3  3  1  3  0 -2 -5 -3  0 -5 -3  4 1 0 0 0 0.02
-5 -7 -7 -7 -5 -7 -7 -8 -7  7  0 -7 -3 -2 -7 -6 -4 -7 -5  5 1 0 0 0 0.02
-3 -4 -5 -7 -5 -4 -6 -5 -4  2  5 -3  6 -2 -6 -5 -1 -3 -3  0 1 0 0 0 0.02
-5 -4 -2  7 -8 -3  4 -5 -5 -8 -8 -4 -7 -8 -6 -4 -4 -8 -3 -7 1 0 0 0 0.02
-3 -2 -3 -6 -8 -3 -3 -7 11 -8 -6 -5 -7 -5 -7 -6 -7 -7  3 -8 1 0 0 0 0.03
 1 -4  2 -3 -4 -4 -5 -1 -2 -5 -5 -3 -5  4 -6  2 -4 -3  7 -3 1 0 0 0 0.03
-2  4  1 -2 -6  2  1 -5 -2 -4 -2  5  1 -4 -4 -1 -1 -6 -5 -4 1 0 0 1 0.06
-2  1  6 -1 -3 -1 -1 -5  6 -6 -5  0 -4 -4 -5  0 -2 -6  0 -6 0 0 1 1 0.05
-5  0 -5 -5 -8 -2 -5 -7 -7 -8 -6 -1 -7 -8  9 -3 -4 -8 -8 -7 0 0 1 0 0.04
-4  7 -3 -2 -5  1 -1 -5  7 -4 -3  0 -3 -6 -4 -3 -3 -6 -3 -4 0 0 1 0 0.06
-5 -4  7 -4 -5 -4 -5  1  7 -7 -5 -5 -6 -2 -7 -4 -5 -7  1 -7 0 0 1 0 0.04
 0  3 -1 -4 -2 -1 -2 -4  3 -2 -2  3 -2  2 -4 -2 -3 -2  2  3 0 1 0 1 0.04
-3  1 -4 -4 -4 -2 -3  7  3 -7 -7 -1 -6 -6 -5 -4 -4 -6 -1 -5 0 0 1 0 0.05
-1  0 -2  0 -4  0  3 -3  1 -2  1  1  0 -3  0  1  0 -4 -3  0 0 0 1 1 0.08
-3  1 -5 -6 -3 -4 -5 -5 -3  3  4 -3  3  2 -2 -4 -1 -4 -3  0 0 0 1 0 0.06
 0 -3 -1  4 -6 -1  5 -2 -3 -5 -5 -1 -5 -6  2 -2 -1 -6 -6 -4 0 0 1 1 0.05
-1 -2  3  4 -4 -1  0  0  0 -5 -3  2 -4 -5  3 -1 -1 -6 -4 -4 0 0 1 1 0.06
 4 -4  0  0  0 -3 -1  0 -1 -3 -4 -2 -3  2  4 -1 -2 -2  0 -1 0 0 1 0 0.06
-1 -4  3  5 -4 -1 -1 -1  1 -4 -4 -3 -4 -4 -2  1  3 -6 -2 -2 0 0 1 1 0.06
 2  1 -2 -2 -1 -2 -2  2  3 -1 -1  0 -1  0 -1 -1 -2 -3  1  0 0 1 0 1 0.06
-2  0  0 -1 -3  2  2 -4  3  0 -3  0 -1 -3 -4  1  2 -5 -2  1 0 1 0 1 0.07
 1 -2 -3 -3 -3  0  0  2  1  1 -1 -1 -1 -3 -4  0 -2 -5 -3  3 0 1 0 0 0.06
-3  1  0  0 -4  1  3  1  6 -4 -3 -1 -1 -3 -3 -2  0 -2 -2 -2 0 1 0 1 0.05
-1 -3 -3 -2 -1  2 -2  4  4 -2  0 -3  1 -3 -5 -3 -3 -5 -2  3 0 1 0 0 0.05
-2 -1  1 -1 -4 -3 -1  3  5 -1 -2  0 -2  0 -4 -1 -2 -4  1  2 0 1 0 1 0.03
 1 -5  8 -1 -7 -4 -4 -5 -1 -8 -8 -3 -7 -7 -6  0 -3 -8 -6 -7 0 1 0 0 0.02
-2 -5 -7 -3 -7 -5 -3 -7 -5 -4 -3 -6 -5 -8  9 -3 -3 -8 -8 -5 0 0 1 1 0.02
 2 -3 -1 -3 -4 -2 -2 -3 -3 -2  1 -1  1 -4 -4  3  4 -5 -4 -1 0 0 1 1 0.02
-6 -9 -8 -7 12 -8 -9 -8 -8 -7 -7 -9 -7 -8 -8 -6 -6 -8 -5 -6 0 0 1 0 0.01
-4 -7 -5 -6 -7 -7 -7  8 -7 -2 -8 -6 -7 -8 -7 -5 -6 -7 -8 -7 0 0 1 1 0.01
-7 -7 -2  9 -9 -5 -3 -6 -6 -8 -9 -6 -8 -9 -7 -5 -6 -10 -8 -8 0 1 0 0 0.01
-1  2 -1  2 -4  1  3 -4  0  0 -3  0 -1 -4 -4 -1  0 -5 -2  2 0 1 0 1 0.01
-3 -6 -6 -7 -3 -5 -6 -7 -6  6  2 -6  6 -2 -6 -5 -3 -6 -3  3 0 1 0 0 0.01
-3  2 -1  0 -3  0  1 -5  1 -3 -3  3 -3 -5 -4 -1  5 -2 -2 -1 0 1 0 1 0.01
-4 -6 -7 -7 -5 -5 -6 -7 -6  3  5 -6  2 -1 -6 -6 -4 -5 -4  3 0 1 0 0 0.01
-2  2 -2  0 -5  4  0 -3  1 -4 -3 -1 -2  2 -5  0  1 -1  5 -4 0 1 0 0 0.01
-1 -5 -6 -6 -4 -5 -6 -5 -6  4  4 -5  2 -1 -6 -4 -2 -5 -4  4 0 1 0 0 0.01
-1  2  0  0 -3  2  0 -4  1 -4 -3  5 -2 -4 -4 -2 -1 -6 -3 -2 0 1 0 0 0.01
-3 -4 -6 -6 -3 -5 -5 -6 -5  4  3 -5  1  1 -6 -4 -2 -5 -3  5 0 1 0 0 0.01
-2 -1  2  5 -6  0  4 -1 -1 -6 -5  2 -5 -6 -4  0 -2 -6 -5 -3 0 1 0 1 0.01
-2 -4  3  6 -6 -3  1  3 -1 -7 -7 -3 -6 -7 -2 -2 -2 -7 -6 -6 0 0 1 1 0.01
-2 -4  3  4 -6 -1  1  5 -2 -7 -7 -3 -6 -7 -4 -2 -3 -6 -6 -6 0 0 1 1 0.01
-3  3 -3 -4 -4 -1 -2 -3  0  3 -2  3 -2 -4 -4 -3  1 -5 -4  3 0 1 0 1 0.01
-5 -7 -5 -7 -5 -7 -7 -8 -7  7  0 -5 -3 -2 -5 -5 -5 -7 -5  4 0 1 0 0 0.01
 1  0 -2  0 -3  1  4 -3 -2  0 -3  2 -3 -3 -4  0  1 -5 -4  1 0 1 0 1 0.01
-2 -2 -2  7 -7 -1  2 -4 -4 -7 -7 -3 -5 -6 -5 -2 -3 -8 -5 -5 0 1 0 0 0.01
 3 -6 -6 -6 -2 -5 -5 -2 -6  4  0 -5 -1 -3 -5 -3 -3 -6 -5  5 0 1 0 0 0.01
 2  3 -3 -4  0 -1 -3 -1 -1 -5 -5  4 -4 -4 -4  3 -2 -3 -4 -3 0 1 0 0 0.01
-7 -7 -7 -8 -3 -5 -8 -8  0 -5 -3 -7 -5  9 -8 -7 -7  5  4 -4 0 1 0 0 0.01
-2 -1 -1  3 -5  2  3 -4  0 -2 -2  3 -1 -5 -4  0  2 -5 -3 -1 0 1 0 1 0.01
-1 -6 -3 -5 -6 -5 -6  6 -6 -5 -7 -5 -6 -7 -6 -2  4 -7 -7 -3 0 0 1 1 0.01
-2  0 -1  1 -3  2  2 -4  3 -2 -3  0 -1  4 -4  0 -1 -3  2 -1 0 0 1 1 0.01
-1 -7 -5 -6 -7 -6 -7  8 -7 -8 -8 -6 -7 -8 -7 -3 -6 -7 -8 -8 0 0 1 1 0.01
-6 -9 -8 -9 12 -9 -9 -8 -9 -7 -7 -9 -7 -8 -9 -6 -6 -8 -8 -6 0 0 1 0 0.01
 5 -5 -4 -5 -3 -4 -4  3 -5 -3 -5 -4 -4 -5 -3  3  1 -6 -5 -3 1 0 0 0 0.01
 0 -6 -6 -6 -5 -6 -6 -6 -7  7 -3 -6 -2 -5 -6  2 -4 -7 -6  0 1 0 0 0 0.02
 4 -5 -2 -4  4 -5 -5 -4 -5 -6 -6 -5 -6 -7 -5  6 -3 -7 -6 -5 1 0 0 0 0.03
-3 -2 -5 -5 -2  6 -3 -6 -4  4 -2  0  5 -5 -5 -3  2 -6 -5 -1 1 0 0 0 0.02
 7 -6 -6 -6 -5 -5 -5 -4 -6 -6 -6 -5 -5 -7 -5  0 -4 -7 -6 -3 1 0 0 0 0.02
 0 -5 -4 -5 -1 -5 -5 -5 -6 -7 -7 -5 -6 -7 -5  7  1 -7 -6 -4 1 0 0 0 0.02
 5 -5 -4 -5 -4 -4 -4 -3 -5 -3 -3 -4 -3 -6 -5  4  3 -6 -5 -2 1 0 0 0 0.02
-2 -5 -2  2 -6 -5 -4 -4 -5 -7 -7 -5 -6 -7 -5  7 -3 -8 -6 -6 1 0 0 0 0.02
-3 -6 -6 -7 -5 -4 -6 -7 -6  3  2 -6  8 -1 -6 -5 -4 -5  0  3 1 0 0 0 0.01
 1 -6 -7 -7 -5 -5 -6 -7 -6 -1  3 -6  9 -3 -7 -4 -3 -6 -5  0 1 0 0 0 0.02
 1 -5 -2 -5  1 -4 -5 -5  0  0 -2 -4 -2 -5 -5  1  6 -4 -3 -1 1 0 0 0 0.01
-4 -4 -2  5 -7  1  6 -3 -4 -5 -6 -3 -6 -7 -5 -3 -1 -7 -6 -4 1 0 0 1 0.01
 2 -2 -4 -4 -3  0 -1 -5 -2  0  4 -3  4 -3 -5 -2 -2  5 -3  0 1 0 0 0 0.01
 0 -6 -6 -6 -3 -5 -6 -6 -6  4  2 -6  0 -4 -6 -4 -3 -6 -3  5 1 0 0 0 0.01
-3  1 -2 -2 -5  0  0 -5 -2  2 -1  5  0 -5 -1 -2 -1 -6 -4  0 0 0 1 1 0.01
-4 -7 -1 -1 -7 -4 -4  7 -3 -8 -8 -5 -7 -8 -7 -5 -6 -7 -5 -8 0 0 1 1 0.01
-2  2 -3 -5 -7  2 -2 -6 -1 -4 -2  7  2 -6 -5 -3 -4 -7 -5 -5 0 0 1 1 0.01
-3 -2 -1  0 -5 -3 -1 -3 -2 -5 -5 -1 -5 -6  1  3  6 -6 -5 -4 0 1 0 1 0.01
-2 -1 -5 -5 -2 -3 -2 -5 -4  3  3  0  0 -3 -1 -4 -1 -4 -3  4 1 0 0 0 0.01
 2 -3 -1  4 -5  0  4 -2 -2 -5 -5 -1 -5 -5  0  0 -2 -6 -5 -3 1 0 0 1 0.01
-2 -4 -3  2 -7  2  7 -5 -2 -7 -7 -1 -6 -7 -5 -3 -2 -3 -3 -5 1 0 0 1 0.01
 6 -6 -6 -6 -3 -5 -5 -3 -6  0 -2 -5 -2 -2 -5 -2 -3 -6 -5  1 1 0 0 0 0.01
-1  1 -2 -1 -4  1  1 -2  0 -1  3  2  2 -1 -4 -1 -2  1 -2 -2 1 0 0 1 0.01
 2  2  0  1 -4  2  3 -1  1 -3 -3  3 -2 -4 -3 -1  0 -5 -4 -3 1 0 0 1 0.01
-3 -3 -6 -5 -3 -4 -4 -6 -4  5  4 -2  4 -2 -6 -4 -1 -5 -3  1 1 0 0 0 0.01
 1 -1 -2 -1  0 -1 -1 -2 -1  2  0  1  0  1 -3  1  2 -2  0  1 1 0 0 0 0.01
 0  0  4  2 -4  2  3 -1  1 -4 -4  1 -3 -4 -3 -1 -1 -1 -3 -4 1 0 0 1 0.02
 1  1  1  1 -3  1  1 -2  0  0  0  2 -1 -3 -3  0  2 -4 -3 -1 1 0 0 0 0.02
-1 -4 -4  2 -4 -2 -3 -4 -3 -2 -2 -4  0  8 -5 -4 -3 -3  2 -2 1 0 0 0 0.02
-1  1 -1 -2 -3  1  0 -2  3  2  0 -1  0  0 -3  1 -1 -1 -1  1 1 0 0 0 0.02
 2  1  1  1 -3  0  2 -1  0 -3 -3  1 -2 -2 -2  0 -1 -2 -2 -1 1 0 0 0 0.03
-2 -3 -3 -1 -4 -2  1 -4 -3 -1  2 -3  8 -2 -4 -3 -2 -4 -3 -1 1 0 0 0 0.04
 1 -3 -3 -3 -1 -2 -1 -3 -1  3  1 -3  5 -1 -3 -2 -2 -3 -1  2 1 0 0 0 0.05
-1  1 -1 -1 -2  2 -1 -2  1 -1  2  1  1 -2 -3 -1  2 -3 -1 -1 0 0 1 1 0.06
-2  0 -1  2 -4  0  1  5 -2 -4 -4  0 -3 -4 -3  1 -1 -4 -4 -4 0 0 1 1 0.07
-2  2  0  1 -4  1  3  3 -1 -4 -3  2 -3 -4 -2 -1 -2 -4 -3 -3 0 0 1 1 0.07
-1 -1 -1  1 -2 -1  3  0 -1 -1  1  0 -1 -2  0 -1 -1 -3 -2 -1 0 0 1 1 0.07
 0 -2 -1  1 -2 -1  1  0 -1 -2 -2 -1 -2  0  4 -1  0 -3  1 -1 0 0 1 1 0.08
 0 -1  0  4 -3 -1  2 -2 -1 -2 -3  0 -2 -1  2  0 -1 -3 -2 -1 0 0 1 1 0.08
-1 -1  0  2 -3  1  4 -2  0 -2 -1 -1 -2 -1  1 -1 -1 -3 -1 -2 0 0 1 1 0.07
-1  0  0  4 -3  0  4 -1 -1 -2 -2  1 -2 -2 -1  0 -1 -2 -2 -2 1 0 0 1 0.07
 0 -1 -1  2 -2  1  3 -1  0  0  0  0 -1 -2 -1 -1 -1 -3 -2  1 1 0 0 1 0.07
-2 -3 -3 -3 -3 -2 -2 -3  0  2  5 -3  1  0 -2 -3 -2 -3 -1 -1 1 0 0 0 0.05
 0 -1 -1  0 -3  0  3  5 -2 -3 -3 -1 -2 -2 -2 -1 -2 -3 -3 -3 1 0 0 0 0.04
-3 -1 -1  6 -4  0  3 -3 -3 -3 -3  2 -3 -4 -2 -2 -3 -4 -4 -3 1 0 0 0 0.04
 3 -3 -3 -3 -1 -2  0  1 -2  1  2 -2 -1 -2 -2 -1 -2 -3 -3 -1 1 0 0 0 0.03
 2 -1  0 -2 -1  0  1 -1 -2  2  1 -1  1 -2 -2  0  0 -3 -2  1 1 0 0 0 0.02
 4 -3 -2 -1  1 -2 -1 -2 -3  0 -1 -2  0 -1 -2  0 -1 -3 -3  2 1 0 0 0 0.02
-3 -3 -3 -4 -3 -3 -3 -3 -3 -1  4 -3  3  5 -4 -3 -3 -2 -1 -2 1 0 0 0 0.02
 2 -1 -2 -2 -2  3  1 -1 -1 -2 -1  1 -2 -3  2  1 -1 -3 -2 -2 1 0 0 1 0.02
-1 -3  2  0 -2 -2 -1  5 -1 -3 -3 -2 -3 -3 -2  0 -1 -3 -2 -3 1 0 0 0 0.02
-1 -3 -3 -3 -2 -3 -3 -3 -3  3  0 -3 -1 -1 -2 -3 -1 -3 -2  5 1 0 0 0 0.01
 2  1 -1 -1 -2  0  0 -1  2 -2 -2  1  0 -3 -1  3  0 -2 -2 -2 1 0 0 1 0.01
-1  1  0  0 -3  3  1 -2  3 -1 -1  4 -2 -3 -1 -1 -1 -3 -2 -2 1 0 0 1 0.01
-2 -3 -2 -3 -3  0 -3 -2  0 -1  0 -3  3  5 -1 -1 -2 -1  5 -2 0 0 1 1 0.01
-1 -2 -5 -5 -6 -3 -5 -5 -3 -6 -6 -4 -3 -6  8 -4 -4 -6 -6 -4 1 0 0 1 0.01
 4 -4  0 -4 -3  0 -3 -1 -4 -1 -3 -3  3 -4 -4  0  0 -5 -4  3 1 0 0 1 0.01
-6  8 -5 -6 -8 -3 -4 -6 -5 -7 -7  4 -6 -7 -6 -5 -5 -7 -6 -7 1 0 0 0 0.01
-3 -5 -6 -6 -4 -4 -5 -6 -1  5  1 -5  3 -3 -6 -4 -3 -6 -3  5 1 0 0 0 0.00
-5  0 -2 -5 -7 -2 -3 -5  7 -7 -7  7 -6 -7 -5 -5 -4 -7 -5 -7 1 0 0 1 0.00
-6 -9 -8 -9 12 -8 -9 -8 -9 -7 -7 -9 -7 -8 -8 -6 -6 -8 -8 -6 1 0 0 0 0.00
 6 -5 -5 -5 -2 -5 -5 -3 -5 -4 -6 -5 -5 -3 -5  4 -3 -7 -6 -3 1 0 0 0 0.00
-2 -4  1 -4 -4 -3 -3 -4 -5  1  2 -4  3 -3 -5 -2  4 -5 -4  3 1 0 0 0 0.00
-5 -6 -8 -8 -5 -6 -7 -8 -7  0  7 -7  3 -4 -7 -7 -5 -6 -5 -3 1 0 0 0 0.01
 5 -5 -4 -5 -2 -4 -4  3 -5 -5 -6 -4 -5 -6  2  2 -2 -6 -6 -4 1 0 0 0 0.01
-2 -3 -7 -6 -7 -2  3 -7 -5 -6 -2 -6 -4 -4 -8 -6 -6 12 -3 -3 1 0 0 0 0.01
-3  0  0  3 -5  1  1 -3  6 -3 -4  3  2 -4 -4 -1 -2  1 -1 -2 1 0 0 1 0.01
 6 -5 -5 -5 -3 -4 -5  0 -5 -3 -5 -4 -4 -6 -5 -1  4 -6 -5 -1 1 0 0 0 0.01
-1 -5 -6 -6 -2 -5 -6 -6 -5  3  5 -5  3  2 -6 -5 -3  1 -2  0 1 0 0 0 0.01
-3  1 -1  1 -6  2  3 -4  4 -5 -3  5 -3 -5 -4 -2 -2 -5 -2 -4 1 0 0 1 0.01
 3  0  0  3 -4  1  2 -3 -1 -4 -4  2 -2 -5 -2  0 -2 -5 -3 -2 1 0 0 1 0.02
 6 -5 -5 -5 -2 -4 -5  1 -5  0 -1 -4  2 -5 -5 -2 -3 -6 -4 -2 1 0 0 0 0.03
-3 -6 -7 -7 -4 -6 -6 -7 -6  5  5 -6  0 -1 -6 -5 -4 -5 -4  2 1 0 0 0 0.06
-4  2  4 -2 -6  2  4 -4  2 -6 -6  4 -5 -6 -4 -3 -3 -6 -4 -5 0 0 1 1 0.14
