 4 -2 -1 -2 -1 -1 -1  3 -2 -2 -2 -1 -2 -3 -1  1  0 -3 -2 -1 0 0 1 1 0.82
-2 -2  1  6 -4  0  2 -1 -1 -3 -4 -1 -3 -4 -2  0 -1 -5 -3 -3 0 0 1 1 0.67
 0 -1 -1 -1 -1 -1 -1 -2 -2 -1 -2 -1 -1 -3  4  1  4 -3 -2 -1 0 0 1 1 0.52
-2 -1  6  1 -3  0  0  0  1 -4 -4  0 -2 -3 -2  1  0 -4 -2 -3 0 0 1 1 0.35
 4 -2 -2 -2 -1 -1 -1  0 -2  0 -1 -1  0 -2 -1  1  0 -3 -2  2 0 0 1 1 0.34
-1 -2 -2 -2 -3 -1 -1 -2 -2 -3 -3 -1 -3 -4  8 -1 -1 -4 -3 -3 0 0 1 0 0.19
-1 -2 -2 -3 -1 -2 -3 -3 -3  3  3 -2  1  0 -2 -1  2 -2 -1  2 0 0 1 1 0.12
 0 -4 -3 -4  9 -3 -4 -3 -3 -1 -1 -3 -2 -3 -3 -1 -1 -3 -3 -1 0 0 1 0 0.23
-2 -2 -4 -4 -1 -2 -3 -4 -3  2  4 -3  2  0 -3 -3 -1 -2 -1  1 0 0 1 0 0.22
 0 -4 -3 -4  9 -3 -4 -3 -3 -1 -1 -3 -2 -3 -3 -1 -1 -3 -3 -1 0 0 1 1 0.23
-2 -1  1  6 -4  0  3 -2 -1 -3 -4  0 -3 -4 -2  0 -1 -4 -3 -3 0 0 1 1 0.24
-1  0  0  2 -4  2  5 -2  0 -4 -3  1 -2 -4 -1  0 -1 -3 -2 -3 0 0 1 1 0.25
-1 -2 -2 -2 -3 -1 -1 -2 -2 -3 -3 -1 -3 -4  8 -1 -1 -4 -3 -3 0 0 1 1 0.15
 0 -2  0 -1 -2 -2 -2  5 -2 -3 -3 -1 -2 -3 -2  0  2 -3 -3 -2 0 0 1 1 0.11
-1 -3 -3 -4 -1 -3 -3 -4 -3  3  2 -3  1  0 -3 -2 -1 -3 -1  3 0 0 1 0 0.14
-2 -2 -4 -4 -1 -2 -3 -4 -3  2  4 -3  2  0 -3 -3 -1 -2 -1  1 0 0 1 1 0.13
 0 -3  0 -1 -3 -2 -2  6 -2 -4 -4 -2 -3 -3 -2  0 -2 -3 -3 -3 0 0 1 1 0.13
-2  6 -1 -2 -4  1  0 -3  0 -3 -2  2 -2 -3 -2 -1 -1 -3 -2 -3 0 0 1 1 0.18
-1  1  2  0 -2  1  0 -1 -1 -2 -2  3 -1 -3 -1  1  3 -3 -2 -1 0 0 1 0 0.31
-1  0 -1  0 -3  4  3 -2  0  0 -1  1  0 -3 -2  0 -1 -3 -2  1 0 0 1 1 0.23
-2 -3 -4 -4 -2 -3 -3 -4 -3  3  2 -3  1  3 -3 -3 -1 -1  0  2 0 0 1 1 0.19
 0 -3 -3 -3 -1 -2 -3 -3 -3  3  1 -3  1 -1 -3 -2  0 -3 -1  4 0 0 1 0 0.16
 1 -1  0 -1 -1  0 -1 -1 -1 -1 -2 -1 -1 -2 -1  3  4 -3 -2 -1 0 0 1 1 0.14
-1 -1  0  2 -2  3  1 -2 -1 -2 -2  0 -1 -3  3  0  2 -3 -2 -2 1 0 0 1 0.11
 1  0 -1  1 -3  2  5 -2  0 -3 -3  1 -2 -3 -1  0 -1 -3 -2 -2 1 0 0 1 0.10
-1 -2 -1 -2 -1 -2 -2 -3 -3  3  0 -2  0 -1 -2  0  3 -3 -2  2 1 0 0 0 0.08
-1  2  0 -1 -3  1  1 -2 -1 -3 -3  5 -2 -3 -1  0 -1 -3 -2 -3 1 0 0 1 0.06
-1 -1  1  5 -3  0  3 -2 -1 -3 -3  0 -2 -3 -1  0  1 -4 -3 -2 1 0 0 1 0.06
-1  2 -1 -1 -3  1  0 -2 -1  0 -1  4 -1 -2 -1 -1 -1 -3 -2 -1 1 0 0 1 0.06
-1 -3 -4 -3 -1 -3 -4 -4 -4  4  2 -3  1  0 -3 -3 -1 -3 -1  3 1 0 0 0 0.04
-1  0  0  2 -4  2  5 -2  0 -4 -3  1 -2 -4 -1  0 -1 -3 -2 -3 1 0 0 0 0.04
-1  2  0  0 -4  2  3 -2 -1 -3 -3  4 -2 -3 -1  0 -1 -3 -2 -3 1 0 0 1 0.06
 4 -2 -2 -2  0 -1 -1  0 -2 -1 -2 -1 -1 -2 -1  1  0 -3 -2  0 1 0 0 0 0.07
 0 -3 -3 -3 -1 -2 -3 -3 -3  3  1 -3  1 -1 -3 -2  0 -3 -1  4 1 0 0 0 0.06
-1  0  0  1 -4  4  5 -2  0 -3 -3  1 -2 -4 -1  0 -1 -3 -2 -3 1 0 0 1 0.10
 4 -1 -1 -1 -1  0  2  0 -1 -2 -2  0 -1 -3 -1  1  0 -3 -2 -1 1 0 0 1 0.12
 0 -3 -3 -3 -1 -3 -3 -4 -3  3  1 -3  1 -1 -3 -2  0 -3 -1  4 1 0 0 0 0.12
 4 -1 -1 -2 -1 -1 -1  0 -2 -1 -2 -1 -1 -2 -1  1  2 -3 -2  0 1 0 0 0 0.14
-1  1  0  3 -4  4  3 -2  0 -3 -3  2 -2 -4 -1  0 -1 -3 -2 -3 1 0 0 1 0.17
-1  1  0  1 -4  2  5 -2  0 -3 -3  3 -2 -3 -1  0 -1 -3 -2 -3 1 0 0 1 0.19
 0 -1  1  3 -2  0  0  2 -1 -3 -3 -1 -2 -3 -1  3  0 -3 -2 -2 0 0 1 0 0.14
 0 -2  0  0 -3  0  2  5 -2 -4 -4 -1 -3 -3 -2  0 -2 -3 -3 -3 0 0 1 1 0.15
 0 -3 -3 -3 -1 -3 -3 -4 -3  3  1 -3  1 -1 -3 -2  0 -3 -1  4 0 0 1 1 0.13
 1 -1  1  0 -1  0  0  0 -1 -3 -3  0 -2 -3 -1  4  1 -3 -2 -2 0 0 1 1 0.11
 0 -3  0 -1 -3 -2 -2  6 -2 -4 -4 -2 -3 -3 -2  0 -2 -3 -3 -3 0 0 1 1 0.11
-2  6 -1 -2 -4  1  0 -3  0 -3 -2  2 -2 -3 -2 -1 -1 -3 -2 -3 0 0 1 1 0.10
 0 -3  0 -1 -3 -2 -2  6 -2 -4 -4 -2 -3 -3 -2  0 -2 -3 -3 -3 0 0 1 1 0.07
-2 -3 -3 -4 -3 -3 -4 -3 -1  0  0 -3  0  7 -4 -3 -2  1  3 -1 0 1 0 0 0.05
 1 -1  1  0 -1  0  0  0 -1 -3 -3  0 -2 -3 -1  4  1 -3 -2 -2 0 1 0 0 0.04
-2 -3 -4 -4 -1 -3 -3 -4 -3  4  3 -3  2  0 -3 -3 -1 -2 -1  2 1 0 0 0 0.03
-2 -3 -3 -4 -3 -3 -4 -3 -1  0  0 -3  0  7 -4 -3 -2  1  3 -1 0 1 0 0 0.02
 1 -1  0 -1 -1 -1 -1  3 -1 -3 -3 -1 -2 -3 -1  4  1 -3 -2 -2 0 0 1 0 0.01
-1 -1  0 -1 -3  0 -1  2  7 -4 -3 -1 -2 -2 -2 -1 -2 -3  1 -3 0 0 1 1 0.01
-2  0  1 -1 -3  0  0 -2  8 -4 -3 -1 -2 -1 -2 -1 -2 -3  2 -3 0 0 1 0 0.01
-1 -2 -2 -2 -3 -1 -1 -2 -2 -3 -3 -1 -3 -4  8 -1 -1 -4 -3 -3 1 0 0 1 0.01
 2 -2 -3 -3 -1 -2 -2 -2 -3  2  0 -2  0 -1 -2 -1  0 -3 -1  3 1 0 0 0 0.01
-2 -3 -3 -4 -3 -3 -4 -3 -1  0  0 -3  0  7 -4 -3 -2  1  3 -1 1 0 0 0 0.01
-1  5  0 -1 -4  1  0 -2  0 -3 -2  3 -2 -3 -2 -1 -1 -3 -2 -3 1 0 0 1 0.01
-1  0  0  2 -4  2  5 -2  0 -4 -3  1 -2 -4 -1  0 -1 -3 -2 -3 1 0 0 1 0.01
 0 -4 -3 -4  9 -3 -4 -3 -3 -1 -1 -3 -2 -3 -3 -1 -1 -3 -3 -1 1 0 0 0 0.01
 0 -3  0 -1 -3 -2 -2  6 -2 -4 -4 -2 -3 -3 -2  0 -2 -3 -3 -3 0 0 1 0 0.01
-1  2  0 -1 -3  1  1 -2 -1 -3 -3  5 -2 -3 -1  0 -1 -3 -2 -3 0 0 1 1 0.01
-2 -2 -2 -3 -3 -2 -2 -3  2 -1 -1 -2 -1  3 -3 -2 -2  2  7 -1 0 0 1 1 0.01
-1  0  0  2 -4  2  5 -2  0 -4 -3  1 -2 -4 -1  0 -1 -3 -2 -3 0 1 0 1 0.01
 0 -4 -3 -4  9 -3 -4 -3 -3 -1 -1 -3 -2 -3 -3 -1 -1 -3 -3 -1 0 0 1 0 0.01
-2  6 -1 -2 -4  1  0 -3  0 -3 -2  2 -2 -3 -2 -1 -1 -3 -2 -3 0 0 1 1 0.01
 0 -1  0 -1 -1 -1 -1 -2 -2 -1 -1 -1 -1 -2 -1  1  5 -3 -2  0 0 0 1 1 0.01
 0 -3 -3 -3 -1 -2 -3 -3 -3  3  1 -3  1 -1 -3 -2  0 -3 -1  4 0 0 1 0 0.01
-1  5  0 -2 -3  1  0 -2 -1 -2 -2  2 -1 -3 -2  0  2 -3 -2 -2 0 0 1 1 0.01
 0 -2 -1 -1 -2 -1 -1 -2 -2 -3 -3 -1 -2 -4  7  1  0 -4 -3 -2 1 0 0 1 0.01
-1  0  0  2 -4  2  5 -2  0 -4 -3  1 -2 -4 -1  0 -1 -3 -2 -3 1 0 0 1 0.01
-2 -1  1  3 -3  0  0 -2  7 -4 -3 -1 -2 -2 -2 -1 -2 -3  1 -3 1 0 0 1 0.01
 1 -1  1  0 -1  0  0 -1 -1 -2 -2  0 -1 -3 -1  4  3 -3 -2 -1 1 0 0 0 0.01
-2  6 -1 -2 -4  1  0 -3  0 -3 -2  2 -2 -3 -2 -1 -1 -3 -2 -3 0 0 1 0 0.01
 0 -4 -3 -4  9 -3 -4 -3 -3 -1 -1 -3 -2 -3 -3 -1 -1 -3 -3 -1 1 0 0 0 0.01
-2 -2 -2 -3 -3 -2 -2 -3  2 -1 -1 -2 -1  3 -3 -2 -2  2  7 -1 1 0 0 1 0.01
-2 -1  6  1 -3  0  0  0  1 -4 -4  0 -2 -3 -2  1  0 -4 -2 -3 1 0 0 1 0.01
-2 -3 -3 -4 -3 -3 -4 -3 -1  0  0 -3  0  7 -4 -3 -2  1  3 -1 0 0 1 0 0.00
-1 -3 -2 -2 -3 -2 -2 -3 -2 -2 -2 -2 -2  3  7 -1 -1 -2  0 -2 0 0 1 1 0.00
-1 -2 -2 -2 -3 -1 -1 -2 -2 -3 -3 -1 -3 -4  8 -1 -1 -4 -3 -3 0 0 1 1 0.00
-2 -3 -3 -4 -3 -3 -4 -3 -1  0  0 -3  0  7 -4 -3 -2  1  3 -1 0 0 1 1 0.00
-1 -1 -1 -2 -1 -1 -1 -3  4  1  0 -1  0 -1 -2  0  2 -3  0  2 0 0 1 1 0.00
-2  0  1 -1 -3  0  0 -2  8 -4 -3 -1 -2 -1 -2 -1 -2 -3  2 -3 0 0 1 1 0.01
-2 -3 -3 -4 -3 -3 -4 -3 -1  0  0 -3  0  7 -4 -3 -2  1  3 -1 0 0 1 0 0.01
-1  1 -1 -1 -3  0  0 -2 -1 -2 -2  3 -2 -3  4  0  1 -3 -2 -2 0 0 1 1 0.01
 1 -1  0 -1 -1  0 -1 -1 -1 -1  0 -1 -1 -2 -1  4  1 -3 -2 -1 0 0 1 1 0.01
-1  0  0  2 -4  2  5 -2  0 -4 -3  1 -2 -4 -1  0 -1 -3 -2 -3 0 1 0 1 0.01
 0 -4 -3 -4  9 -3 -4 -3 -3 -1 -1 -3 -2 -3 -3 -1 -1 -3 -3 -1 0 0 1 0 0.01
-1 -2 -2 -2 -3 -1 -1 -2 -2 -3 -3 -1 -3 -4  8 -1 -1 -4 -3 -3 0 0 1 1 0.01
 0 -3 -3 -3 -1 -2 -3 -3 -3  3  1 -3  1 -1 -3 -2  0 -3 -1  4 0 1 0 0 0.01
 1 -1  1  0 -1  0  0  0 -1 -3 -3  0 -2 -3 -1  4  1 -3 -2 -2 0 1 0 0 0.01
 0 -2 -1 -2 -1 -1 -1 -2 -2  1 -1 -1  0 -2 -2  1  4 -3 -2  2 0 1 0 1 0.01
-1  5  0 -1 -3  1  0 -2  0 -3 -2  2 -2 -3 -2  1  0 -3 -2 -2 0 1 0 1 0.01
 1 -2  1  5 -3  0  1 -1 -1 -3 -3 -1 -3 -3 -1  0 -1 -4 -3 -2 0 0 1 1 0.01
 0 -4 -3 -4  9 -3 -4 -3 -3 -1 -1 -3 -2 -3 -3 -1 -1 -3 -3 -1 0 0 1 0 0.01
-1  0  0  2 -4  2  5 -2  0 -4 -3  1 -2 -4 -1  0 -1 -3 -2 -3 0 0 1 1 0.01
-1 -2 -2 -2 -3 -1 -1 -2 -2 -3 -3 -1 -3 -4  8 -1 -1 -4 -3 -3 0 0 1 0 0.01
 0 -2 -2 -3 -1 -2 -2 -3 -3  2  0 -2  0 -1 -2 -1  2 -3 -1  3 0 0 1 0 0.01
-2 -3 -3 -4 -3 -3 -4 -3 -1  0  0 -3  0  7 -4 -3 -2  1  3 -1 0 1 0 0 0.01
 0 -3  0 -1 -3 -2 -2  6 -2 -4 -4 -2 -3 -3 -2  0 -2 -3 -3 -3 0 1 0 0 0.01
-2 -2 -2 -3 -3 -2 -2 -3  2 -1 -1 -2 -1  3 -3 -2 -2  2  7 -1 0 1 0 1 0.01
 0 -1  0 -1 -1 -1 -1 -2 -2 -1 -1 -1 -1 -2 -1  1  5 -3 -2  0 0 1 0 0 0.01
 1 -2 -2 -2 -1 -2 -2 -2 -3  2  0 -2  0 -2 -2  0  2 -3 -2  3 0 0 1 1 0.01
 4 -1 -1 -1 -1 -1 -1  0 -2 -2 -2 -1 -1 -2 -1  2  0 -3 -2 -1 0 0 1 1 0.01
 0 -2  3  0 -3 -1 -2  5 -1 -4 -4 -1 -3 -3 -2  0 -1 -3 -3 -3 0 0 1 1 0.01
-1  0  0  2 -4  2  5 -2  0 -4 -3  1 -2 -4 -1  0 -1 -3 -2 -3 0 0 1 1 0.01
-2 -3 -3 -4 -2 -3 -3 -4 -2  0  2 -3  1  6 -4 -3 -2  0  3  0 0 1 0 1 0.01
-2  6 -1 -2 -4  1  0 -3  0 -3 -2  2 -2 -3 -2 -1 -1 -3 -2 -3 0 1 0 1 0.01
 0 -3 -3 -3 -1 -3 -3 -4 -3  3  1 -3  1 -1 -3 -2  0 -3 -1  4 0 1 0 0 0.01
-1 -3 -4 -3 -1 -3 -4 -4 -4  4  2 -3  1  0 -3 -3 -1 -3 -1  3 0 1 0 0 0.01
 0 -3 -3 -3 -1 -2 -3 -3 -3  3  1 -3  1 -1 -3 -2  0 -3 -1  4 0 0 1 0 0.01
-1  1  0  0 -3  6  2 -2  0 -3 -2  1  0 -4 -1  0 -1 -2 -2 -2 0 0 1 0 0.01
 4 -2 -2 -2  0 -1 -1  0 -2 -1 -2 -1 -1 -2 -1  1  0 -3 -2  0 0 1 0 0 0.01
-1 -2 -2 -2 -3 -1 -1 -2 -2 -3 -3 -1 -3 -4  8 -1 -1 -4 -3 -3 0 0 1 1 0.01
-1  5  0 -1 -4  1  0 -2  0 -3 -2  3 -2 -3 -2 -1 -1 -3 -2 -3 0 0 1 1 0.01
 4 -2 -2 -2  0 -1 -1  0 -2 -1 -2 -1 -1 -2 -1  1  0 -3 -2  0 0 0 1 0 0.01
 0 -3  0 -1 -3 -2 -2  6 -2 -4 -4 -2 -3 -3 -2  0 -2 -3 -3 -3 0 0 1 1 0.01
-2 -3 -3 -4 -3 -3 -4 -3 -1  0  0 -3  0  7 -4 -3 -2  1  3 -1 0 1 0 0 0.01
-2  6 -1 -2 -4  1  0 -3  0 -3 -2  2 -2 -3 -2 -1 -1 -3 -2 -3 0 0 1 0 0.01
-1  1  0  0 -3  6  2 -2  0 -3 -2  1  0 -4 -1  0 -1 -2 -2 -2 0 1 0 0 0.01
 0 -4 -3 -4  9 -3 -4 -3 -3 -1 -1 -3 -2 -3 -3 -1 -1 -3 -3 -1 0 0 1 0 0.01
 0 -3 -3 -3 -1 -2 -3 -3 -3  3  1 -3  1 -1 -3 -2  0 -3 -1  4 0 0 1 0 0.01
-3 -3 -4 -5 -3 -2 -3 -3 -3 -3 -2 -3 -2  1 -4 -3 -3 12  2 -3 0 0 1 0 0.01
-1  1  0  0 -3  6  2 -2  0 -3 -2  1  0 -4 -1  0 -1 -2 -2 -2 0 1 0 0 0.01
-2  0  1 -1 -3  0  0 -2  8 -4 -3 -1 -2 -1 -2 -1 -2 -3  2 -3 0 1 0 0 0.01
-1  2  0 -1 -3  1  1 -2 -1 -3 -3  5 -2 -3 -1  0 -1 -3 -2 -3 0 1 0 0 0.01
 0 -4 -3 -4  9 -3 -4 -3 -3 -1 -1 -3 -2 -3 -3 -1 -1 -3 -3 -1 0 1 0 0 0.01
-2  6 -1 -2 -4  1  0 -3  0 -3 -2  2 -2 -3 -2 -1 -1 -3 -2 -3 0 0 1 1 0.01
-2 -2 -3 -4 -3 -2 -3 -3  1 -1 -1 -2 -1  5 -3 -2 -2  2  6 -1 0 0 1 1 0.01
 0 -3  0 -1 -3 -2 -2  6 -2 -4 -4 -2 -3 -3 -2  0 -2 -3 -3 -3 0 0 1 1 0.02
 1 -1  1  0 -1  0  0  0 -1 -3 -3  0 -2 -3 -1  4  1 -3 -2 -2 0 0 1 1 0.02
-2 -1  6  1 -3  0  0  0  1 -4 -4  0 -2 -3 -2  1  0 -4 -2 -3 0 0 1 1 0.03
 0 -1  4  0 -2 -1 -1 -1  0 -2 -2 -1 -1  3 -2  2  0 -2  0 -2 0 1 0 1 0.02
 0 -4 -3 -4  9 -3 -4 -3 -3 -1 -1 -3 -2 -3 -3 -1 -1 -3 -3 -1 0 0 1 1 0.02
 0 -1  0 -1 -3  2 -1  5 -1 -4 -3 -1 -2 -3 -2  0 -1 -3 -3 -3 0 0 1 1 0.02
-2  2 -2 -3 -3 -1 -2 -3  0 -1 -1  0 -1  5 -3 -2 -2  1  5 -1 0 0 1 1 0.02
 0 -1  5  1 -2  0  0 -1  0 -2 -3  0 -2 -3 -2  2  2 -3 -2 -2 0 0 1 1 0.02
 0 -3  0 -1 -3 -2 -2  6 -2 -4 -4 -2 -3 -3 -2  0 -2 -3 -3 -3 0 0 1 0 0.03
-2  6 -1 -2 -4  1  0 -3  0 -3 -2  2 -2 -3 -2 -1 -1 -3 -2 -3 0 1 0 1 0.02
 0 -4 -3 -4  9 -3 -4 -3 -3 -1 -1 -3 -2 -3 -3 -1 -1 -3 -3 -1 0 1 0 0 0.02
 0 -1  0 -1 -1 -1 -1 -2 -2 -1 -1 -1 -1 -2 -1  1  5 -3 -2  0 0 0 1 1 0.02
-1  1  0  0 -3  6  2 -2  0 -3 -2  1  0 -4 -1  0 -1 -2 -2 -2 0 0 1 0 0.01
-1  1  0  0 -3  6  2 -2  0 -3 -2  1  0 -4 -1  0 -1 -2 -2 -2 0 1 0 1 0.01
-2  6 -1 -2 -4  1  0 -3  0 -3 -2  2 -2 -3 -2 -1 -1 -3 -2 -3 0 1 0 1 0.01
 1 -1  1  0 -1  0  0  0 -1 -3 -3  0 -2 -3 -1  4  1 -3 -2 -2 0 1 0 0 0.01
 0 -3 -3 -3 -1 -2 -3 -3 -3  3  1 -3  1 -1 -3 -2  0 -3 -1  4 0 1 0 1 0.01
 0 -3 -3 -3 -1 -2 -3 -3 -3  3  1 -3  1 -1 -3 -2  0 -3 -1  4 0 1 0 0 0.01
-2  6 -1 -2 -4  1  0 -3  0 -3 -2  2 -2 -3 -2 -1 -1 -3 -2 -3 0 1 0 1 0.01
-2 -2 -4 -4 -1 -2 -3 -4 -3  2  4 -3  2  0 -3 -3 -1 -2 -1  1 0 1 0 0 0.01
 0 -3 -3 -3 -1 -2 -3 -3 -3  3  1 -3  1 -1 -3 -2  0 -3 -1  4 0 1 0 0 0.01
 0 -1  0 -1 -1 -1 -1 -2 -2 -1 -1 -1 -1 -2 -1  1  5 -3 -2  0 0 1 0 0 0.01
-2 -2 -2 -3 -3 -2 -2 -3  1 -1 -1 -2 -1  4 -3 -2 -2  2  7 -1 0 1 0 0 0.01
-2 -1  6  4 -3  0  0 -1  0 -4 -4  0 -3 -3 -2  0  0 -4 -3 -3 0 1 0 1 0.01
-2 -2 -4 -4 -1 -2 -3 -4 -3  2  4 -3  2  0 -3 -3 -1 -2 -1  1 0 0 1 1 0.01
-1  0  0  2 -4  2  5 -2  0 -4 -3  1 -2 -4 -1  0 -1 -3 -2 -3 0 0 1 1 0.01
-1  2  0 -1 -3  1  1 -2 -1 -3 -3  5 -2 -3 -1  0 -1 -3 -2 -3 0 0 1 1 0.01
-1 -2  3  5 -3 -1  1  3 -1 -4 -4 -1 -3 -4 -2  0 -1 -4 -3 -3 0 0 1 1 0.01
 0 -3 -1 -2 -2 -2 -2  5 -3 -1 -2 -2 -2 -3 -2 -1 -1 -3 -3  1 0 1 0 1 0.01
-2 -3 -3 -4 -3 -3 -4 -3 -1  0  0 -3  0  7 -4 -3 -2  1  3 -1 0 1 0 0 0.01
-2 -3 -4 -4 -2 -3 -3 -4 -3  1  4 -3  2  3 -3 -3 -2 -1  1  0 0 1 0 1 0.01
 0 -4 -3 -4  9 -3 -4 -3 -3 -1 -1 -3 -2 -3 -3 -1 -1 -3 -3 -1 0 1 0 0 0.01
-1  0  0  2 -4  2  5 -2  0 -4 -3  1 -2 -4 -1  0 -1 -3 -2 -3 0 1 0 0 0.01
 0 -1  3  0 -1  0  0 -1 -1 -2 -3  0 -2 -3 -1  3  2 -3 -2 -2 0 1 0 1 0.00
-2 -3 -3 -4 -2 -3 -3 -3 -2  1  1 -3  0  6 -4 -2 -2  0  3  1 0 1 0 0 0.00
-2  6 -1 -2 -4  1  0 -3  0 -3 -2  2 -2 -3 -2 -1 -1 -3 -2 -3 0 1 0 1 0.00
 0 -1  0 -1 -1 -1 -1 -2 -2 -1 -1 -1 -1 -2 -1  1  5 -3 -2  0 0 1 0 0 0.00
 0 -4 -3 -4  9 -3 -4 -3 -3 -1 -1 -3 -2 -3 -3 -1 -1 -3 -3 -1 0 1 0 0 0.01
 0 -4 -3 -4  9 -3 -4 -3 -3 -1 -1 -3 -2 -3 -3 -1 -1 -3 -3 -1 0 1 0 0 0.01
 0 -3  0 -1 -3 -2 -2  6 -2 -4 -4 -2 -3 -3 -2  0 -2 -3 -3 -3 0 1 0 0 0.01
 0 -4 -3 -4  9 -3 -4 -3 -3 -1 -1 -3 -2 -3 -3 -1 -1 -3 -3 -1 0 0 1 0 0.01
-1 -2 -2 -2 -3 -1 -1 -2 -2 -3 -3 -1 -3 -4  8 -1 -1 -4 -3 -3 0 1 0 0 0.03
 0 -4 -3 -4  9 -3 -4 -3 -3 -1 -1 -3 -2 -3 -3 -1 -1 -3 -3 -1 0 1 0 0 0.05
-2  6 -1 -2 -4  1  0 -3  0 -3 -2  2 -2 -3 -2 -1 -1 -3 -2 -3 0 0 1 1 0.07
 1 -1  3  0 -1  0  0  0 -1 -3 -3  0 -2 -3 -1  4  1 -3 -2 -2 0 0 1 1 0.12
-2 -3 -3 -4 -3 -3 -3 -3  0  0  0 -3  0  6 -4 -2 -2  1  5 -1 0 0 1 1 0.20
