 0 -1  0 -1 -1 -1 -1 -2 -2 -1 -1 -1 -1 -2 -1  1  5 -3 -2  0 0 0 1 1 0.88
-1 -2  2 -2 -2 -2 -2 -3 -2  2  2 -2  1 -1 -3 -1  0 -3 -2  3 0 0 1 1 0.86
-1 -2 -2 -2 -3 -1 -1 -2 -2 -2 -3 -1 -2 -4  7  0  2 -4 -3 -2 0 0 1 1 0.83
 2 -1  0 -1 -1 -1 -1 -1 -1 -3 -3 -1 -2 -3 -1  5  1 -3 -2 -2 0 0 1 1 0.76
 1 -1  4  2 -2 -1  0 -1 -1 -2  0 -1 -1 -2 -2  2  0 -3 -2 -2 0 0 1 1 0.72
-2 -1  2  5 -4  0  3 -2 -1 -3 -1 -1 -2 -3 -2 -1 -1 -4 -3 -3 0 0 1 0 0.60
 2 -2 -1  0 -1  0 -1 -2 -2  2  0 -1  0 -2 -2  1  1 -3 -2  1 0 0 1 1 0.42
 1 -1  3  0 -2 -1 -1 -2 -1  1  0  1 -1 -2 -2  0  1 -3 -2  0 0 0 1 1 0.31
-1 -1  5  0 -3  1 -1 -1  5 -4 -4 -1 -2 -3 -2  2 -1 -4 -1 -3 0 0 1 0 0.22
-3 -3 -4 -4 -3 -4 -4 -4 -2  0  2 -4  0  7 -4 -3 -3  0  4 -1 0 0 1 0 0.14
-1  1  3 -1 -2  0 -1 -2  2 -1  1  1  0 -2 -2  1 -1 -3 -2 -2 0 1 0 1 0.09
-1 -1  1  0 -2  0  3 -2 -1 -1 -2 -1 -2 -3 -2  2  3 -3 -2  0 0 1 0 1 0.07
-1 -3 -3 -3 -2 -3 -3 -4 -4  4  2 -3  1 -1 -3 -2  1 -3 -2  3 0 1 0 0 0.05
-2 -3  2 -3 -3 -2 -3 -3 -1  0  1 -3  0  5 -3 -2  0  0  3  0 0 1 0 1 0.04
 0 -1  2  0 -3  3  3 -2  0 -3 -3  0 -2 -2 -2  1 -1 -2  2 -2 0 1 0 1 0.02
-1 -3 -4 -4 -2 -3 -3 -4 -4  3  2 -3  2 -1 -3 -3 -1 -3 -2  4 0 0 1 0 0.02
 1 -1  0  5 -4  1  3 -2 -1 -4 -4  1 -3 -4  1 -1 -1 -4 -3 -3 0 0 1 1 0.01
 1 -2 -2 -2 -3  2  1 -2 -2 -2  0 -1 -1 -3  5 -1  1 -3 -3 -2 1 0 0 1 0.01
-2  2  3  1 -4  3  1 -2  3 -4 -3  2 -2 -3 -2  0  0 -3 -2 -3 1 0 0 1 0.01
-3 -2  0 -3 -4 -2 -3 -4  5 -1 -2 -3 -2  1 -4 -2 -3  0  8 -2 1 0 0 0 0.01
-1 -3 -4 -4 -2 -3 -3 -4 -2  3  2 -3  1  2 -3 -2 -1 -1  3  3 1 0 0 1 0.01
 2 -2  0  1 -2 -2 -1  1 -2 -1  1 -2 -1 -2  3  0 -1 -3 -3 -1 1 0 0 1 0.01
-2  0 -1 -2 -4  8  1 -3 -1 -4 -4  1 -2 -5 -3 -1 -2 -3 -3 -4 1 0 0 0 0.01
 5 -3 -2 -3 -1 -2 -2 -1 -3 -1 -2 -2 -1 -3 -2  1 -1 -4 -3  2 1 0 0 0 0.01
-2  0 -4 -4 -2 -2 -3 -4 -3  4  3 -2  3  2 -4 -3 -2 -2 -1  1 1 0 0 0 0.01
 1  1  1 -1 -2  1  0 -2  0 -2 -2  2  2 -3 -2  1  1 -3 -2 -2 1 0 0 1 0.01
-2 -3 -4 -4 -2 -3 -4 -4 -3  3  4 -3  4  2 -4 -3 -2 -2 -1  1 1 0 0 0 0.01
 4 -2 -1  1 -2 -1 -1 -1 -2 -3 -3  0 -2 -3 -2  3  1 -4 -3 -2 1 0 0 0 0.01
-1  3  4 -1 -3  3  0  0 -1 -4 -3  2 -2 -4 -2  0 -1 -4 -3 -3 1 0 0 1 0.01
 1 -2  0 -2 -2 -2  0 -2 -2  1  1 -2  0  1 -2 -1  0 -2  0  2 1 0 0 0 0.01
-4 -4 -5 -5 -4 -5 -5 -5 -3 -1 -1 -5 -1  8 -5 -4 -4  0  2 -2 1 0 0 0 0.01
 0 -1  1 -1 -3  6  1 -3 -1 -2 -3  0 -1 -4 -2 -1 -1 -3 -3  0 1 0 0 0 0.01
-1  0  2  2 -4  1  2  1  4 -4 -4  2 -2 -3 -2  0 -1 -4 -2 -3 1 0 0 1 0.01
 4 -2 -2  0 -1 -1  1 -1 -2 -2 -2 -1 -2 -3 -2  1 -1 -3 -2  0 1 0 0 0 0.01
-1 -3 -3 -3  2 -2 -3 -4 -3  3  3 -3  1  0 -3 -2  0 -2  0  2 0 1 0 0 0.01
 0 -2  3  3 -2 -1 -1 -2 -2  0 -1 -1 -1 -2 -2 -1  1 -3 -2  2 0 0 1 1 0.01
-1 -2 -1  2 -3 -2 -1  0 -2 -1 -3 -2 -2 -3  6  1 -1 -4 -3 -2 0 0 1 1 0.01
 0 -1 -1  0 -2  1  1 -2 -1 -1  0  1  0 -2 -1  0  2 -2 -2 -1 0 0 1 1 0.01
-1 -1  3  3 -3  1  1 -2 -1 -3 -3  1 -2 -4 -2  2  3 -4 -3 -2 0 0 1 1 0.01
-1 -2 -2 -3 -2 -2 -2  1 -2  1  3 -2  2  1 -2 -2 -1 -2 -1  1 0 0 1 1 0.01
 0  3  2  1 -3  2  0  1 -1 -3 -3  0 -2 -4 -2  1 -1 -3 -3 -3 0 0 1 0 0.01
-3 -4 -4 -5 -3 -4 -4 -5 -3  1  1 -4 -1  7 -5 -4 -3  0  2 -1 0 1 0 0 0.01
-2 -2  3  6 -4 -1  0 -2 -2 -4 -5 -1 -4 -4 -2  2 -1 -5 -4 -4 0 0 1 1 0.01
-2 -3 -3 -4 -3 -3 -4 -4 -3  0  1 -3  4  6 -4 -2  1  4  1  1 1 0 0 0 0.01
 1 -1  1  1 -3  2  3  0 -1 -3 -3  0 -2 -4  3  0  1 -4 -3 -2 1 0 0 1 0.01
 0  2 -1  0 -4  0  0  0 -2 -4 -3  5 -2 -4 -2 -1  0 -4 -3 -3 1 0 0 1 0.01
 4 -3 -2 -3 -2 -2 -2  2 -3  1 -2 -2 -2  1  1  0 -1 -3 -2 -1 1 0 0 0 0.01
-2  2 -3 -4 -2 -2 -3 -4 -3  3  3  0  1 -1 -3 -3 -2 -3 -2  1 1 0 0 0 0.01
-1  0  2  1 -3  2  3  0 -1 -3 -2  1 -2 -3 -2  1  0 -3 -3 -3 1 0 0 1 0.01
 1 -2 -3 -3 -2 -2 -2 -3 -3  3  2  0  0 -1 -3 -2 -1 -3 -2  2 1 0 0 0 0.01
 5 -3 -2 -3 -1 -2 -2 -1 -3  0 -2 -2 -1 -3 -2  1  1 -4 -3  2 1 0 0 0 0.01
 0  0  5  1 -3  2  0 -2 -1 -4 -4  2 -2 -4 -2  0  1 -4 -3 -3 1 0 0 1 0.01
 2 -1 -1  0 -2  0 -1  2  1 -2 -2  0 -2  0 -2  1  2 -3 -1  0 1 0 0 1 0.01
 0 -2 -2 -1 -2  1 -1 -3  4  2  1 -2  0 -1 -3 -2 -1 -2  3  1 0 0 1 0 0.02
-2 -2 -1  3 -4 -1  1 -3 -2 -3 -4 -2 -3 -4  7 -1 -2 -4 -3 -3 0 0 1 1 0.02
-1  0  3  3 -3  0  1  1 -1 -3 -3  0 -1 -4  1  0  0 -4 -3 -3 0 0 1 1 0.02
 1 -2  0 -2 -2 -1 -1  1 -2  0  2 -2  2 -1 -2  1  0 -3 -2 -1 0 1 0 1 0.02
 4  0 -2 -2 -2 -2 -2  1 -2 -1 -2 -1 -2  0 -2  0  3 -3 -2 -1 0 1 0 1 0.02
-2 -3 -1  0 -2 -3 -3 -4 -3  4  0 -3  0  1 -3 -3 -1 -3 -2  4 0 1 0 1 0.02
-1 -3 -2  1 -2 -2  0 -4 -3  3  0 -2  0 -2 -3 -2  1 -4 -2  4 0 1 0 1 0.03
 1  0  3 -1 -3  2  0  2  1 -3 -3  2 -2 -4 -2  0 -1 -4 -2 -3 0 1 0 1 0.03
-1 -2 -2 -3 -2 -2 -2 -3 -1 -1 -1 -2  2  3 -3  0  3 -1  4  1 0 1 0 1 0.03
-1 -2  1  0 -2 -2 -2 -3  2  2  1 -1  0 -1 -3 -1  1 -3 -2  2 0 1 0 0 0.05
-2  1  5  4 -4  1  1 -2 -1 -4 -4  0 -3 -4 -2  0  1 -4 -3 -3 0 1 0 1 0.05
-1  0  1 -1 -3  4  0  0  2 -2 -2  0  1  0 -2  1  0 -3 -1  0 0 1 0 1 0.05
-1 -1  2 -1 -2 -1 -1 -2  3 -2 -3  1 -2 -3 -2  2  4  4 -1 -1 0 1 0 1 0.06
-1 -3 -3 -4 -2 -3 -4  1 -4  4  2 -3  0 -1 -3 -2 -1 -3 -2  3 0 1 0 0 0.07
 1 -1  2 -1 -2  0  0  0 -1  0  0  2 -1 -2 -2  1  1 -3 -2  0 0 1 0 0 0.08
-1  1 -1 -1 -4  5  0 -1  1 -4 -3  3 -2 -4 -2  2 -1 -3 -2 -3 0 1 0 1 0.08
-1 -1  1  1 -3  3  2  0 -1 -3 -3  0 -2 -4 -2  2  3 -3 -3 -2 0 1 0 1 0.08
 0 -2  3  1 -2 -1 -1  0 -1 -1 -2 -1 -2  2 -2  2  1 -2  2 -1 0 1 0 1 0.06
 1 -2  3  1 -2  0 -1 -2 -1  0 -1 -1 -1 -3  2  2  0 -4 -2  0 0 1 0 0 0.05
-1  1 -1 -1 -3  4  3 -3 -1 -3 -3  0 -2 -4  2  0  2 -3 -3 -3 0 1 0 1 0.04
-1 -3 -4 -4 -2 -1 -3 -4 -4  2  1 -1  0 -2 -3 -3 -1 -4 -2  5 1 0 0 0 0.03
 0 -1 -1 -2 -2  1 -1  1 -2 -3 -1  0 -2 -3 -2  4  1  4 -2 -2 1 0 0 0 0.02
 2 -2 -2 -2 -1 -2 -1 -2 -3  1  0  0  0 -2 -2  0 -1 -3 -2  3 1 0 0 1 0.02
 1 -2 -3 -4 -2 -2 -3 -3 -3  0  2 -2  8 -1 -3 -2 -2 -3 -2  0 1 0 0 0 0.01
-2 -4 -4 -4 -2 -3 -4 -4 -4  5  0 -3  0 -1 -3 -2  1 -4 -2  4 1 0 0 0 0.01
 0 -2  3  4 -3 -1  1 -2 -1 -2 -1 -1 -2 -3 -2  1  1 -4 -3 -2 1 0 0 1 0.01
 0  1 -1  0 -3  3  0 -2 -1 -3 -3  4 -2 -4 -2  1  1 -3 -2 -2 1 0 0 1 0.01
-2 -3 -4 -4 -2 -3 -4 -4 -4  4  3 -3  1 -1 -4 -3 -1 -3 -2  4 1 0 0 0 0.01
 0 -1 -1 -2 -2  1 -1 -2 -2  1  1  1  1 -1 -2  2  0 -2  1  1 1 0 0 0 0.01
-2 -1  2  3 -4  0  4 -2 -1 -4 -4  2 -3  0 -2  0 -1 -4 -2 -3 1 0 0 1 0.01
 1 -2 -2 -3 -2  0 -1 -3  2  2  1  0  0  2 -3 -1 -1 -2  0  2 1 0 0 0 0.01
-2 -3 -4 -4 -2 -3 -4 -5 -4  4  4 -3  2 -1 -4 -3 -2 -3 -2  2 1 0 0 0 0.01
-2  3  2  1 -4  1  1 -2  2 -3 -2  3 -2 -3 -2  0 -1 -4 -2 -3 1 0 0 1 0.01
 0 -1  2  1 -2  1  1  0 -1 -1 -2  0  1 -3 -2  2  1 -3 -2 -2 1 0 0 1 0.01
 1 -3 -3 -3 -2 -2 -1 -3 -3  3  1 -3  0 -2 -3 -2 -1 -3 -2  4 1 0 0 0 0.01
-2 -3 -3 -4 -2  0 -3 -2 -3  1  4 -3  2  1 -4 -3 -2 -2 -1  1 1 0 0 0 0.01
 0 -3 -1 -2 -3 -2 -1  5  0 -3 -4 -2 -3 -4  1  0 -2 -4 -3 -2 0 0 1 1 0.01
 1 -2 -2 -2 -2 -2 -1  0 -3  1  1 -2  0 -1  1 -1 -1 -3 -2  3 0 0 1 1 0.02
 2 -2  0 -1 -1 -1  0  0 -2  0 -1 -1 -1 -2 -2  2  0 -3 -2  2 0 0 1 1 0.02
-2 -3 -3 -3  3 -3 -1 -4 -3  4  3 -3  1 -1 -3 -2  0 -3 -2  1 0 0 1 0 0.02
 1 -1  2  3 -2  0  1  1  1 -2 -3 -1 -2 -3 -1  1  0 -3 -2 -2 0 0 1 1 0.02
 1 -1  3  1 -3  3  2 -1  1 -3 -3  0 -2 -3 -2  2  0 -3 -2 -3 0 0 1 0 0.01
 1 -1  1  3 -2 -1  0  2 -1 -2 -2  0 -2 -2 -1  1  1 -2 -2 -1 1 0 0 1 0.01
 0 -1  1 -1 -1  0 -1  1 -1 -1 -2  0 -1 -2  2  3  1 -2 -2 -1 1 0 0 1 0.01
-1 -2 -2 -2 -2 -2 -2 -2 -1  1  1 -2  0  4 -2 -1  0  0  3  1 1 0 0 0 0.01
-2  1 -3 -3 -3 -2 -2 -3 -2  2  1  1  0 -1 -3 -2 -2  8  1  0 1 0 0 0 0.01
 0  0  3  1 -2  3  1 -1 -1 -2 -2  1  1 -3 -2  1  0 -3 -2 -2 1 0 0 1 0.01
 0  1  2 -1 -3  4  1 -2 -1 -3 -3  2 -2 -4 -2  1  1 -3 -2 -3 1 0 0 1 0.01
-2 -3 -4 -4 -2 -3 -4 -4 -3  3  3 -3  1  2 -4 -3 -1 -2  1  3 1 0 0 0 0.01
 1 -2 -2 -2 -2 -1  1  0 -2  0  1 -1  1 -2 -2  0  3 -3 -2  0 1 0 0 1 0.01
 2  1  1  2 -2 -1  0 -1 -2  0 -2 -1 -2 -3 -2  2  0 -4 -3 -1 1 0 0 1 0.01
 3 -2 -1 -1 -1 -1  1 -1 -2  0 -2 -1 -1 -2 -1  2  3 -3 -2  0 1 0 0 0 0.01
-1 -3 -3 -3 -2 -2 -3 -3 -3  5  1 -2  0 -1 -2 -2 -1 -2 -2  2 1 0 0 0 0.01
 1 -1 -1 -1 -2 -1  1 -2 -2 -1 -1  1 -1 -2 -1  0  4 -3 -2  0 1 0 0 1 0.01
 0  1  4  1 -3  1  1 -1  3 -3 -3  1 -2 -3 -2  0  1 -4 -2 -3 1 0 0 0 0.01
 3 -2 -2 -2 -2 -2 -2  2 -3 -2 -2 -2  1 -3 -2  0  4 -3 -3 -1 1 0 0 0 0.01
-4 -4 -5 -5 -4 -5 -5 -5 -3 -2 -1 -5 -1  8 -5 -4 -4  0  2 -2 1 0 0 0 0.01
-1 -3 -2 -3  4 -2 -3 -3 -3  2  1 -2 -1 -2 -3  0  5 -3 -3  0 0 0 1 0 0.01
-2 -2  7  3 -4 -1 -1  1 -1 -5 -5 -1 -4 -4 -3 -1 -1 -5 -4 -4 0 0 1 1 0.01
-3 -3 -5 -5 -2 -3 -4 -5 -4  1  6 -4  1 -1 -4 -4 -2 -3 -2  0 0 0 1 0 0.01
 0 -1  5  3 -3  0  2 -2  1 -4 -4  0 -3 -3 -2  1 -1 -4  0 -3 1 0 0 1 0.01
 2  1 -1 -2 -2 -1  0 -2  1 -1 -2  0 -1 -2  1  1  3 -3 -2  0 1 0 0 1 0.01
 0  0  2 -1 -4  7  1 -3 -1 -4 -4  0 -2 -5 -3 -1 -2 -4 -3 -3 1 0 0 0 0.01
-1  0 -1  1 -3  1  3 -2 -1 -2 -3  4 -2 -4 -2  1 -1 -4 -3 -1 0 0 1 1 0.01
 0 -1  3  3 -3  1  2  1 -1 -2 -3 -1 -2 -4 -2  1 -1 -4 -3 -3 0 0 1 1 0.01
-1 -1  1  1 -3  2  3  0 -1 -3 -3  1 -2 -4 -2  2 -1 -4 -3 -1 0 0 1 1 0.01
 3 -1  2 -1 -2 -1 -1  0  1 -3 -3  0 -2 -3  4  1 -1 -4 -3 -2 0 0 1 1 0.01
-3 -4 -4 -5  2 -3 -4  1 -3 -4 -3 -4 -3  0 -5 -4 -4 11  4 -4 0 0 1 0 0.01
-1 -3 -4 -4 -2 -3 -4 -4 -3  4  1 -3  0  4 -4 -1 -2 -2  0  1 0 1 0 0 0.01
-1 -3 -3 -4 -3 -3 -3 -3 -2 -1  0 -3 -1  6 -4  0  2 -1  1  0 0 1 0 0 0.01
-3 -3 -3 -4 -4  3 -2 -4 -2  0 -2 -3 -2  2 -4 -1 -3 10  3 -3 0 1 0 0 0.02
-1  0  0 -2  1  0 -1  1  1 -3 -2  0 -2  2  2  0 -1 -1  4 -2 0 1 0 1 0.02
-1  1  3  2 -3  1  1 -2  2 -3 -3  3 -2 -3 -2  1 -1 -3 -2 -3 0 1 0 1 0.02
 0 -1 -1  0 -3  1  4 -3 -1 -2 -1  1 -2 -2 -2  0  2 -3  0 -2 0 1 0 1 0.02
 0 -1  2  1 -2  2  0  1 -1 -3 -3 -1 -2 -3 -2  3  2 -3 -3 -2 0 0 1 1 0.03
 2 -2  2 -1  2 -1  0  1  3 -3 -3 -1 -2 -3 -2  3  0 -4 -2 -2 0 0 1 1 0.03
-1 -1  3 -1 -3  1  1 -2  4 -2 -3 -1 -2 -3  0  2  1 -4 -1  0 0 0 1 1 0.03
-1  2  1 -1 -3  3  0 -2  0 -2 -2  2 -1 -1 -2  1  1 -3 -2  0 0 0 1 1 0.03
-1 -2 -1 -2 -2 -2 -2 -3  1 -1  0 -2 -1 -3  0  1  5 -4 -2  0 0 1 0 0 0.02
-1  2  2 -1 -2 -1 -1 -2  1 -3 -2  0 -2 -3 -2  4  2 -4 -2 -2 0 1 0 0 0.02
-3 -3 -4 -5 -4 -3 -4 -5  0 -3 -2 -4 -2  4 -5 -3 -3  6  8 -3 0 1 0 0 0.01
-1  0 -1 -1 -3  2  1 -2 -1 -2 -2 -1 -2  1 -2  2  2 -1  3 -2 0 1 0 0 0.01
-3  1 -3 -4 -4 -2 -3 -4  0 -3 -3 -3 -2  1 -4 -1 -3  1  8 -3 0 1 0 0 0.01
-2  2  6  2 -3 -1 -1 -2  2 -4 -4  0 -3 -4 -3  2 -1 -4 -3 -4 0 1 0 0 0.01
-2 -3 -4 -4  2 -3 -4 -4 -4  4  3 -3  3 -1 -4 -3 -1 -3 -2  2 0 1 0 0 0.01
-3 -3 -4 -5 -3 -3 -4 -4 -3  0  4 -4  1  5 -4 -3 -2 -1  0  0 0 1 0 0 0.01
-3 -4 -3  0 -3 -4 -3 -4 -2  1  1 -4 -1  7 -4 -3 -3 -1  2 -1 0 1 0 0 0.01
 4 -2 -2 -3 -1 -2 -2  0 -3 -1 -2 -2 -1 -3 -2  2 -1 -4 -3  2 0 1 0 0 0.01
-1 -3 -3 -3  2 -3 -3 -3 -4  4  1 -3  0 -1 -3  0  1 -3 -2  2 0 1 0 0 0.01
-1 -1 -1  1 -4  7  1 -3 -1 -4 -4  0 -2 -5  2 -1 -2 -4 -3 -3 0 1 0 0 0.01
-2 -1  5  2 -3  2  1  2 -1 -4 -4 -1 -3 -4 -3  0  0 -4 -3 -3 0 0 1 0 0.01
 1 -1  2  2 -3  2  4 -1 -1 -3 -3  0 -2 -1 -2  0  0 -3 -2 -3 0 0 1 1 0.01
-1 -1  2  3 -3  3  3  0 -1 -4 -3  0 -2 -4 -2  0  0 -4 -3 -3 0 0 1 1 0.01
 0  0 -1 -2 -2 -1  0 -3 -2 -2 -1  1 -1 -3 -2  0  5 -4 -3 -1 0 0 1 0 0.01
-1 -2  1  1 -3 -2  0  5 -2 -4 -4 -2 -3 -3  1 -1 -2 -3 -3 -3 0 0 1 1 0.01
 1  0 -1  1 -2 -1  1  1 -1 -2  0 -1 -1 -2 -1  2  0 -2  1 -1 0 0 1 1 0.01
-1 -2 -2 -3 -2 -2 -2 -3  2  1  1 -2  3  4 -3 -2 -1 -1  2  3 0 1 0 1 0.01
-2 -3 -3 -4 -3 -2 -3 -4 -3  0  2 -3  7  3 -4 -3  0 -2 -1  0 0 1 0 0 0.01
 2 -2 -2  0 -2 -2 -2 -2 -1  1 -1  0  0  0 -3 -1 -1 -1  5  1 0 1 0 0 0.01
 3 -2 -2 -2  3 -2 -2  1 -3  0 -2 -2 -1 -3 -2  1  0 -3 -2  1 0 1 0 0 0.01
-1 -2 -3 -3 -2  0 -2  1 -3  2  3 -2  1 -1 -3 -2 -1 -3 -2  2 0 1 0 0 0.01
 1 -3 -3 -3 -3 -2 -2 -3 -3 -2  0 -2 -2 -3  7 -2 -2 -4 -3  1 0 1 0 0 0.01
-2 -3 -3 -3 -2 -2 -3 -4 -3  3  2 -3  2  1 -3 -2  2 -2 -1  1 0 1 0 0 0.01
 1 -2 -1 -2  3 -2 -2  3 -2  0 -2 -2 -2 -3 -2  2  1 -3 -3 -1 0 1 0 0 0.01
-2 -3 -4 -4 -2 -3 -4 -4 -3  3  1 -3  3  4 -4 -3 -2 -2  0  2 0 1 0 0 0.01
-2 -1 -1  4 -3  0  3 -3 -2 -2  0  0 -1 -3 -2 -1  2 -4 -3 -2 0 1 0 1 0.01
-2 -4 -4 -4 -2 -3 -4 -5 -4  5  1 -3  0 -1 -4 -3 -1 -4 -2  4 0 1 0 0 0.01
-1  0  2 -1 -2 -1  0 -2  0 -2 -2  0 -2 -3 -2  1  5 -4 -2  0 0 1 0 0 0.01
 1 -3 -3 -4 -2 -3 -3 -3 -4  3  0 -3  0 -2  2 -2 -1 -4 -2  4 0 1 0 0 0.01
-1 -1  2  5 -3 -1  1 -2 -1 -3 -3  0 -3 -1 -2  1  1 -3  0 -3 0 0 1 1 0.01
 0 -1 -2 -2 -2  0 -2 -3 -3  2  1  0  0 -1 -2  0  2 -3 -2  2 0 0 1 0 0.01
 2 -1  1  1 -2  1  2 -1 -1 -2 -2 -1 -2 -3  2  1  1 -3 -2 -1 0 0 1 1 0.02
-2  1 -1  0 -3  0  3 -3 -2  1 -2  4 -2 -3 -2  0 -1 -4 -3 -1 1 0 0 1 0.02
 1  0 -1  0 -3  3  4 -2 -1 -3 -3  1 -2 -4 -2  0  1 -3 -3 -2 1 0 0 1 0.02
-1  1  2  2 -3  2  3 -2 -1 -3 -3  3 -2 -4 -2  0  1 -4 -3 -3 1 0 0 1 0.02
 0 -3 -3 -3 -2 -3 -3 -1 -3  3  1 -3  0 -1 -3 -1 -1 -3 -2  4 1 0 0 0 0.01
-2 -2 -3 -4  2 -2 -3 -3 -3  0  4 -1  1  1 -3 -2 -2  6 -1  1 0 0 1 0 0.01
 1 -3 -3 -3 -2 -2 -3 -2 -2  0 -1 -3 -1  5 -3  0 -2  8  1 -1 0 0 1 1 0.01
-2 -1 -4 -4 -2 -3 -4 -4 -3  3  3 -3  1  4 -4 -3 -2 -2  0  1 0 0 1 0 0.01
-1 -2  2 -1 -2 -1  0 -2 -2 -1 -1 -1 -1 -3 -2  1  5 -4 -2  1 0 0 1 1 0.01
 0 -3 -2 -3 -2 -2 -2 -3 -3  3  1 -2  0 -1 -2  1  2 -3 -2  1 0 0 1 1 0.01
-1  1  1 -1 -3  2  0  1  2 -3 -2  3 -2 -3 -2  2  1 -3 -2 -2 0 0 1 1 0.01
-2 -2  0  6 -3 -1  0 -2 -2 -4 -4  0 -3 -4 -2  2  0 -5 -4 -3 0 0 1 1 0.01
-1  0 -1 -2 -2  0 -1 -2  3  0 -2  3 -2 -2 -2  3  0 -3  1  0 0 1 0 1 0.01
 3  1 -2 -1 -2  1  2 -2  1  0 -2  1 -1 -3 -2  0 -1 -3 -2  0 0 1 0 0 0.01
-1  1  3  1  2  1  1 -2 -1 -3 -3  0 -2 -3  1  2  1 -3 -1 -2 0 1 0 1 0.01
-3 -3 -3 -4  2  1 -3 -4  0  1 -1 -3 -1  5 -4 -3 -2  0  6 -1 0 1 0 0 0.01
 2  0  1 -1 -2  0  1 -1  1 -2 -1  0 -1 -3 -2  2  2 -3 -2 -1 0 1 0 1 0.01
 0 -3 -4 -4 -2 -3 -3 -4 -4  3  0 -3  3 -2 -3 -2 -1 -4 -2  5 0 1 0 0 0.01
-1  1  5  0 -3  1 -1  0  1 -3 -3  1  1 -3 -2  1  1 -4 -2 -3 0 1 0 1 0.01
-2 -3 -4 -4 -2 -3 -4 -4 -3  4  2 -3  3  2 -4 -3 -1 -2 -1  2 0 1 0 0 0.01
-2  0  2  3 -4  3  0 -2  1 -4 -4  4 -2 -4 -2 -1 -2 -4 -3 -3 0 1 0 0 0.01
 3 -2 -1 -2 -2 -1 -2  3  2 -3 -3 -1 -2 -3 -2  3  0 -3 -2 -2 0 1 0 0 0.01
-2 -3 -4 -4 -2 -3 -4 -4 -3  3  3 -3  4  2 -4 -3 -2 -2 -1  1 0 1 0 0 0.01
-1  0  1 -1 -3  2  2 -2 -1 -1 -1  2 -1 -3 -2  0  1 -3 -2  1 0 1 0 0 0.01
-1 -3 -4 -4 -2 -3 -4 -4 -4  3  2 -3  0  2 -3 -3 -1 -3 -1  4 0 1 0 0 0.02
 1  0 -3 -3 -2 -2 -2 -3 -3  1  0 -2  1 -2 -3  0 -1 -4 -2  5 0 1 0 0 0.03
 0  0 -1  0 -4  6  3 -3 -1 -4 -3  1 -2 -4 -2 -1  0 -3 -2 -3 0 1 0 0 0.04
 4 -2 -3 -3 -2 -2 -2 -1 -3 -2 -1 -2  1 -3  5  0 -1 -4 -3 -1 0 1 0 1 0.05
-2 -3 -4 -5 -2 -3 -4 -5 -4  2  5 -3  1  0 -4 -3 -2 -2 -2  0 0 0 1 0 0.09
 0  0  0  3 -3  0  2 -2  1 -2 -3  2 -2 -3 -2  2  1 -4 -2 -1 0 0 1 1 0.12
 3 -1  0 -1 -1 -1 -1  0 -2 -2 -3 -1 -2 -3 -1  4  1 -3 -2 -1 0 0 1 1 0.19
 0  3  0 -2 -2  0 -1 -2  4 -3 -2  0 -2  0 -2  1 -1 -1  3 -2 0 0 1 0 0.30
 1 -1  4  2 -2  2  0 -1  0 -3 -3  0 -2 -3 -2  1  0 -3 -2 -2 0 0 1 1 0.36
 2 -2 -2 -2 -1 -1 -1 -1  0 -1  0 -1  0  0 -2  1  0  0  4 -1 0 0 1 1 0.52
-1 -1 -1 -1 -3 -1 -1 -2 -2 -3 -3  1 -2 -4  7  1 -1 -4 -3 -3 0 0 1 1 0.53
-1 -3 -4 -4 -1 -3 -3 -4 -4  4  1 -3  1  0 -3 -3 -1 -3 -2  3 1 0 0 1 0.36
 2 -2  1 -2 -1 -2 -2 -2 -2  2  0 -2  0 -1 -2  0  0 -3 -2  2 1 0 0 1 0.39
-2 -2  1  6 -4 -1  1 -2 -1 -4 -4 -1 -3 -4 -2  0 -1 -5 -3 -4 1 0 0 1 0.42
 1 -2 -3 -3 -1 -2 -3 -3 -3  2  3 -2  1  0 -3 -1 -1 -2 -1  2 1 0 0 0 0.61
-2 -3 -3 -4 -3 -3 -4 -3 -1  0  0 -3  0  7 -4 -3 -2  1  3 -1 1 0 0 1 0.65
