-2  1 -1 -2 -4  0  0 -3 -2 -4 -4  7 -2 -4 -2 -1 -2 -4 -3 -3 0 0 1 1 0.81
 2 -1 -1 -2 -2 -1  0 -1 -2 -3 -3  3 -2 -3  3  2 -1 -4 -3 -2 0 0 1 1 0.71
 1  0 -1 -2 -3  0  0 -1 -1 -3 -3  5 -2 -4  2  0  1 -4 -3 -3 0 0 1 1 0.68
-2  1 -1 -2 -4  1  0 -1  1 -1 -3  5 -1 -4 -2 -1 -2 -4 -3 -1 0 0 1 1 0.59
-1 -1 -2 -1 -4 -1  2 -3 -3 -3 -4  1 -3 -4  7  0 -1 -5 -4 -1 0 0 1 1 0.41
 3 -2 -2 -2 -1 -2  0 -2 -3  2 -1 -2 -1 -2 -1  0  1 -3 -2  2 0 0 1 1 0.39
 4 -1  0 -2 -2  0  1  1 -2 -2 -1 -1 -2 -3 -2  0 -1  2 -2 -1 0 0 1 1 0.27
-2  3  0 -2 -4  0 -1 -3 -2 -4 -4  6 -3 -4  0 -2 -2 -4 -3 -4 0 1 0 0 0.26
-1 -2 -1 -2 -3 -2 -2 -2 -3 -1 -3  0 -3 -4 -3  5  2 -4 -3 -2 0 1 0 0 0.14
 0 -2  1 -2 -2  1 -1 -2 -2  1  0 -1  1  0 -2  3  1 -3 -2  0 0 1 0 0 0.09
-1 -4 -4 -4  0 -3 -4 -4 -4  4  2 -3  0 -1 -1 -3 -1 -4 -2  4 0 1 0 0 0.06
-1 -3 -3 -4 -2 -1 -3 -4 -3  3  2 -3  2 -1 -3 -2  1 -3 -2  3 0 1 0 0 0.03
-3 -3 -4 -5 -3 -3 -4 -5 -3  2  4 -4  2  4 -4 -3 -1 -2  1  1 0 1 0 0 0.02
-2  0  0  5  1  0  3 -2  1 -2 -3  0 -3 -4 -3 -1 -2 -5 -3 -3 0 1 0 0 0.02
-2 -4 -4 -4 -2 -4 -4 -3 -4  4  1 -4  1  1 -4 -3 -2 -3 -1  5 0 1 0 0 0.01
 0  1 -2 -2 -4  0  0 -3 -2 -4 -4  6  1 -4  0 -1 -2 -5 -3 -3 0 1 0 0 0.01
-2 -4 -4 -3 -4 -2 -3 -3 -4 -1 -2 -3 -3 -5  8 -2 -1 -5 -4 -1 0 0 1 0 0.01
 0 -3 -4 -4  0 -3 -1 -4 -3 -2 -3 -1 -3  2 -4 -1 -3 10  3 -2 0 0 1 1 0.01
-2 -3  0  6 -4 -1  2  0 -2 -4 -5 -2 -4 -5 -3  2  0 -5 -4 -4 0 0 1 1 0.01
 0 -2  1  6 -4 -1  2 -1 -2 -1 -2 -1 -3 -4 -3  0 -1 -5 -4 -1 0 0 1 1 0.01
-2  0  0  3 -4  2  5 -2 -2 -4 -4  0 -3 -4 -2  0  0 -4 -3 -2 0 0 1 1 0.02
 1 -1  0 -2 -2  0 -1 -3 -3  1 -1 -2  1 -3 -3  0  5 -4 -3  0 0 0 1 0 0.01
-2  0  2  6 -4  0  1 -2  1 -3 -2 -1 -3 -3  0  0 -2 -4  0 -3 0 0 1 1 0.01
-1 -2 -1 -2 -1 -1 -2 -2  3  2  1 -2  2 -1 -2 -1  1 -2 -1  1 1 0 0 0 0.01
 2 -1  0  2 -2  1  3 -1 -2 -1 -3  3 -1 -4 -3 -1  0 -4 -3 -1 1 0 0 1 0.01
 2 -1 -2  0 -4  1  3 -2 -1 -3 -3  3 -2 -4 -3  0 -2 -4 -1 -1 1 0 0 1 0.01
-3 -4 -5 -5 -3 -4 -4 -5 -4  2  5 -4  5  0 -3 -4 -2 -4 -3  1 1 0 0 0 0.01
 1  0 -2 -1 -2  0  5 -2 -2 -3 -1  0 -3 -1 -2 -1 -2 -1 -2 -2 1 0 0 0 0.01
 2  0  1  1 -3  0  3 -1 -1 -2 -3  3 -3 -3 -2 -1 -1 -4 -3 -1 1 0 0 1 0.01
 1 -1  2 -2  5  0  1  0  0 -2 -1  2 -1 -2 -3 -1 -1 -4 -3 -1 1 0 0 1 0.01
-3 -4 -4 -5  0 -4 -4 -5 -5  4  0 -4  0 -3 -4 -3  0 -4 -3  5 1 0 0 0 0.01
-3  6 -2 -2  0  0 -1 -4  3 -4 -3  4 -3 -4 -3 -3 -3 -4 -1 -4 1 0 0 1 0.01
 2  0  0 -1 -2 -1 -1  0 -2 -3 -3  1 -1  0 -2  3  1 -3 -2 -2 0 0 1 1 0.01
-2 -4 -4 -4 -3 -4 -4 -4 -4  6  0 -4  0  0 -4 -3  1 -4 -3  3 0 0 1 0 0.01
-1 -1  0 -1 -4  4  3 -2 -1 -3 -2  2 -2 -2 -1 -1  0 -4 -3 -1 0 0 1 1 0.01
 0  0 -3 -2  0  0 -2 -2 -2  1  1  1  5 -2  1 -2 -1  2 -2  0 0 0 1 1 0.01
 0 -1  2  2 -3  0  1  1  3 -3 -3  1 -2 -3  2  0 -1 -3 -2 -2 0 0 1 1 0.01
 0  0  1 -1 -3 -2 -2  5 -2 -3 -3 -1  1 -1 -3  0 -2 -3 -3 -3 0 0 1 0 0.01
 0 -3 -3 -4  2 -3 -3 -1  0  1  4 -3  0 -1 -3 -2 -2 -3 -2  1 0 1 0 0 0.01
-1  0 -1  1  0  0  1 -2  0  1  0  1 -1  1 -2 -1  0 -2 -1  2 0 1 0 1 0.01
-3  0 -4 -4 -3 -3 -4 -4 -3  0 -1 -3 -2  1 -4 -2 -3 11  2 -3 0 1 0 0 0.01
 0  1  1 -1 -2 -1 -1  1  3 -3 -2  1 -2 -1 -2  1  1  5  2 -2 0 1 0 0 0.01
 2  0 -1  1 -2  0  0  2  0 -1 -1  0 -2 -1  1  0  0 -3 -2 -1 0 1 0 0 0.01
 0  0  0  0  1 -2  0 -1  2 -2 -3 -2 -1  1 -3  3  0 -3  0 -2 0 1 0 1 0.01
 0  1 -1  1  3  1  1 -2  3 -2 -2  1  2 -2 -2 -1  1 -2  2 -2 0 1 0 1 0.01
-2  0 -1 -3  0 -1 -1 -3 -2  0  3  0  1  2 -3 -2 -1  2  1  0 0 1 0 0 0.01
 0 -1  0 -2 -2  0  1 -3 -2  1  1  1  1 -1 -2 -1  0 -3 -2  3 0 1 0 0 0.01
 0 -3  0  2 -4 -2  0 -3  0 -3 -2 -1 -3 -1  6  0 -1 -4 -3 -3 0 1 0 0 0.01
 0 -3 -3 -3 -2 -1 -3 -3 -1  3  1 -1  2  0 -3 -2 -1 -3 -2  4 0 1 0 0 0.01
 3 -2 -2 -3  2 -2 -2  4 -3 -3 -3 -2 -3 -1  1  0 -2 -3 -3 -1 0 1 0 0 0.01
-1 -3 -3 -4 -4 -3 -4 -1  1 -1 -2 -3 -2  5 -4 -1 -3  0  7 -3 0 0 1 0 0.01
-1  0  0  0 -4 -2  0  5 -3 -4 -4  0 -3 -4 -3  1 -1 -4 -4 -1 0 0 1 1 0.01
-1 -4 -4 -5  3 -4 -4 -5 -4  5  2 -4  3  0 -4 -1 -2 -4 -2  2 0 1 0 0 0.01
-1  1  0 -2  1  2 -1 -3  2 -4 -2  5 -1  0 -3  0 -1  1 -1 -3 0 1 0 1 0.01
 0  1  1 -2 -2 -1 -1 -2  2 -1  0  1  2  1 -2  0 -1 -2  2  0 0 1 0 0 0.01
-2 -3 -3 -4 -2 -3 -3 -4 -3  2  4 -3  2  2  0 -3 -2 -2 -1  0 0 1 0 0 0.01
-1  1 -1 -2 -3  4  0 -2  1  0  0  2  1 -2 -2  0  0 -3 -2  0 0 1 0 0 0.01
 0 -3 -3 -3  3 -1 -2 -3 -3  4  1 -2  3 -1 -3  0 -1 -3 -2  2 0 1 0 0 0.01
 0 -1  1  0 -1  1 -1 -1  1  0  0  0  2 -2  0  1  0 -3 -2  0 0 1 0 0 0.01
 0 -1 -3 -3  7 -3 -3 -3 -3  0  0 -3  1  1 -3 -1  0  2  1  1 0 1 0 0 0.01
-1 -3 -2 -3 -2 -2 -2 -2 -1  2 -1 -1  0 -1 -3 -1  2 -3 -2  5 0 1 0 0 0.01
-2 -3 -3 -4 -2 -3 -3 -4  0  4  1 -3  1 -2 -1 -3 -2 -3 -2  4 0 1 0 0 0.01
-1 -2 -1  0 -3 -1  5  0 -2 -1 -2 -1 -2 -3  0 -2 -1  2 -1  1 0 1 0 0 0.01
-3 -3  1  7  0 -1  1 -1 -3 -4 -4 -2 -4 -4 -3 -2 -2 -4 -4 -2 0 0 1 0 0.02
-2  0  1  6 -4  0  2 -1  0 -3 -2 -2 -1 -4 -1 -1 -2 -4 -2 -3 0 0 1 1 0.03
-1 -1  0 -2 -3  0  1 -2 -2  1  1  4  0 -1 -3  0 -1  1 -2  0 0 0 1 1 0.03
 0 -3 -3 -4  2 -3 -2  0 -4  2 -1 -3  1 -2 -3 -1  1 -4 -3  5 0 0 1 0 0.05
-1 -1  0  1 -2 -1  1  3 -3 -1 -3 -2 -3 -3 -1  4 -1 -4 -4 -3 0 0 1 0 0.05
-2 -3 -2 -1 -2 -2 -2  0 -3  1  1 -3  2 -2 -1 -1  4 -4 -3  3 1 0 0 0 0.04
-3 -1  0  7 -6  0  2 -4 -1 -5 -3 -1 -5 -5 -4 -2 -3 -6 -5 -4 1 0 0 1 0.03
 0  0  0  4 -4  0  2  0 -2 -2 -2  0  1 -2 -2  0  0  3 -3 -3 1 0 0 1 0.03
-2  0 -5 -5 -3 -4 -4 -5 -4  2  5 -4  0 -2 -3 -4 -3 -3 -1  1 1 0 0 0 0.03
-2 -2 -2  0 -1  3  4 -3 -2  3 -2 -1 -1 -1 -1 -1  0 -4 -3  1 1 0 0 0 0.03
-1 -3 -2  3 -6  1  6 -3  1 -5 -4 -1 -1 -5 -4 -2 -3 -5 -4 -4 1 0 0 1 0.03
 1  1 -1  0  0  3  3 -2 -1 -2 -2  2 -1 -4 -2  0  0 -4 -3 -2 1 0 0 1 0.03
-1 -5 -5 -5 -3 -3 -1 -5 -5  6  1 -4 -1 -1 -5 -3 -1 -5 -3  3 1 0 0 0 0.02
 0 -2  0 -1 -1  2  4 -2  0 -2 -1 -1  2 -3 -1  0  2 -4 -3 -2 0 0 1 1 0.02
 1 -1  1  0 -3  0  3  1 -2 -3 -4  2 -3 -4  3  0 -2 -4 -3 -3 0 0 1 1 0.02
-2 -4 -2  0 -1 -4 -4 -4 -3  3  0 -4  2  6 -4 -3 -3  3  0  1 0 0 1 0 0.02
-2 -2  3  1 -5 -1  6 -1 -2 -4 -4 -1 -1 -4  0 -1 -2 -4 -4 -4 0 0 1 1 0.02
-4 -3  0  6 -6 -1  4  0 -3 -5 -6 -2 -5 -6 -1 -2 -3 -6 -5 -4 0 0 1 1 0.03
-2 -3 -1 -1 -1 -1  1 -1  4 -2  0 -3 -2  3 -4 -1 -2  1  5 -2 0 0 1 0 0.02
-3 -5 -5 -6 -1 -5 -5 -6 -5  2 -2 -5  0 -1 -5 -4 -3 -5 -4  7 1 0 0 0 0.02
-3 -2 -3 -3 -5  8  0 -4 -2 -5 -5 -2 -3 -6 -1 -1 -3 -5 -4 -5 0 0 1 0 0.02
-1 -1 -1 -3 -3 -2 -3 -3 -3 -4 -4 -3 -4 -4 -3  7  0 -5 -4 -2 0 1 0 0 0.02
-1 -4 -4 -5  6 -4 -3 -5 -5  0 -1 -4  4 -3 -4 -2  1 -5 -3  5 0 1 0 0 0.03
-3 -3  0  7 -6 -2  3 -2  0 -5 -6 -2 -5 -6 -4 -2  0 -6 -5 -5 0 1 0 0 0.04
-3 -5 -5 -5 -3 -4 -5 -6 -5  6 -1 -4  3 -2 -5 -4  0 -5 -3  4 0 1 0 0 0.05
 4 -2 -2 -2 -3 -2  1 -1 -3  1 -2 -2 -2 -3 -3 -1  0 -4 -3  3 0 1 0 1 0.03
 5 -3 -3 -1 -3 -3 -2 -2 -3 -3 -4 -3 -3 -4 -3  3  0 -5 -4  0 0 1 0 0 0.03
-4 -5 -5 -6 -4 -4 -5 -5 -4 -2 -1 -5  6  8 -6 -2 -4  3  0 -3 0 1 0 0 0.04
-3 -2  7 -1  1  3 -2 -3  1 -5 -5  0 -4 -5 -4  1 -1 -5 -4 -5 0 1 0 0 0.05
-3  1 -3 -3 -5 -1  0 -4 -3 -4 -3  7 -1 -5 -3 -2 -1 -5 -4 -2 0 1 0 0 0.10
-3 -4 -5 -5 -3 -4 -5 -6 -5  6  3 -4  0 -2 -5 -4 -3 -4 -3  2 0 0 1 0 0.20
