-2  2 -1 -2 -4  7  1 -3 -1 -4 -3  2 -2 -4 -2 -1 -2 -3 -3 -3 0 0 1 1 0.18
-2 -3 -4 -3 -3 -3 -3 -4 -4  2  0 -3 -1 -3  6 -2 -2 -4 -3  3 0 0 1 1 0.10
-2 -1 -3 -4 -3  0 -2 -4  3 -1  1 -2  2  4 -4 -2 -2  0  5  0 0 1 0 0 0.04
-1 -2  6  0 -3 -1 -1 -2 -1 -4 -4  0 -3 -4 -3  2  2 -4 -3 -3 0 1 0 0 0.02
-2 -3 -4 -4 -2 -3 -3 -4 -2  1  3 -3  2  1 -1 -3 -2 -2  2  2 0 1 0 0 0.01
-2 -3  1 -2 -3 -2 -2 -3 -3 -3 -3 -2 -2 -4 -3  1  7 -4 -3 -2 0 1 0 0 0.01
-5 -5 -6 -7 -5 -4 -5 -5 -5 -5 -4 -5 -4 -1 -6 -5 -5 12  0 -5 0 1 0 0 0.01
-1  1 -2 -1 -3  3  2 -3 -2  1  1  0 -1 -2 -2 -1  0 -3 -2  1 0 1 0 0 0.01
-2 -4 -4 -4 -2 -4 -4 -5 -4  5  2 -4  0 -1 -4 -3 -2 -4 -2  4 0 1 0 0 0.01
-2 -3 -2 -3 -2 -1 -3 -4 -3  3  2 -2  0 -2 -3 -1  4 -3  1  0 0 1 0 0 0.01
-2  0  6  2 -4 -1 -1 -2 -1 -4 -5 -1 -3 -4 -3  3 -1 -5 -3 -4 0 1 0 0 0.02
-1 -2 -1  0 -3  3  1  1 -2 -1 -1 -1  2 -3  3 -1  0 -3 -3  0 0 0 1 1 0.02
 1 -1  1  1 -2  1  1 -1  1  0 -2 -1 -1 -3 -2  1  3 -3 -2  0 0 0 1 1 0.03
-1  0  2  0 -3 -1 -2  5 -2 -3 -2 -2 -3 -3 -3 -1  1 -3 -2 -3 0 0 1 1 0.05
-1  0  2  2 -3  2  2  1 -1  0 -2  0 -2 -3 -2  0 -1 -3 -1 -1 0 0 1 1 0.08
 0 -1  1 -1 -2 -1 -2 -3 -3  1 -1 -1 -1 -3 -3  0  4 -4 -3  2 0 1 0 0 0.08
 2 -2 -3 -3 -2 -2 -3 -2 -3  3  0 -1  0 -2 -3 -1 -1 -4 -2  4 0 1 0 0 0.08
-2 -3  5 -2 -4 -2 -3 -3  0 -1 -2 -2 -3 -2 -4 -2  0  9  0 -3 0 1 0 0 0.11
 3 -2  0  0 -2 -1  1 -1 -2 -3 -3 -1 -2 -3 -2  3  0 -4 -3 -1 0 1 0 1 0.12
 0 -2 -1 -2 -2 -2 -2 -3 -3  1 -1 -1 -1  0 -2  1  5 -3 -2  0 0 1 0 1 0.10
 0  1  1 -1 -2  2  0 -2 -2 -3 -3  0 -2 -4 -2  4  2 -4 -3 -3 0 1 0 1 0.09
 1  0 -1 -1 -2 -1 -1  3  2 -1  0  0  2 -2 -2  1 -1 -3 -2 -2 0 1 0 0 0.08
-1 -1  1  0 -2  0  1 -2 -2  1  1  0  1 -2 -2  0  1 -3 -2  1 0 1 0 1 0.05
 2 -1  1 -2 -3  0 -1  3  5 -2 -3 -2 -2 -1 -3 -1 -1  2  1 -2 0 1 0 1 0.04
 0 -3 -2 -2 -3 -2 -2 -1 -3 -2 -3 -2 -3 -4  6 -1  3  2 -3 -1 0 1 0 1 0.04
-2  1 -2 -2 -2  0  0 -3 -2  0  3  0  2  0  2 -2 -1 -2 -2  0 0 0 1 0 0.03
-1 -2 -1 -2 -2 -1 -1  3 -2 -2 -2 -2 -2 -2 -2  0  3  7 -1 -2 0 0 1 1 0.02
-1  0  0  3 -2 -1 -1 -2  1 -2 -2 -1 -2 -3  0  0  4 -3 -2 -1 0 0 1 1 0.01
 2 -2 -3 -3 -3 -2 -2 -1  0 -3 -3 -1 -2 -1 -3 -2 -1 10  0 -3 0 0 1 0 0.01
-3 -3 -4 -4 -3 -3 -3 -3 -2 -2 -2 -3 -2  5 -4 -3 -3 10  4 -3 0 0 1 0 0.01
-2 -3 -3  0 -3 -2 -2 -3 -3 -3 -4 -2 -3 -4  8 -2 -2 -4 -4 -3 0 0 1 0 0.01
-1 -1  0  3 -2  0  1 -2 -1 -1 -2  0 -2 -3  0  1  2 -3 -2 -1 0 0 1 1 0.01
-2 -3 -3 -4 -2 -3 -3 -4 -3  1  5 -3  2  0 -3 -3 -2 -2 -2  0 0 1 0 0 0.01
-1 -1 -1 -2 -2 -1  0 -3  4 -1 -2 -1 -1  1 -2 -1  3 -1  5 -1 0 0 1 1 0.01
-2 -3 -3 -3 -2 -3 -3 -3 -2  1 -1 -2 -1  4  4 -2 -2 -1  0  2 0 0 1 0 0.01
-2 -2  0  6  3 -1  0 -2 -2 -3 -3 -1 -3 -3 -2 -1 -2 -4 -3 -3 0 1 0 0 0.01
 0 -2 -3 -3 -1 -2 -2 -3 -2  1  4 -2  1  1 -2 -2 -1 -2 -1  1 1 0 0 0 0.01
-1 -3 -2 -3  9 -2 -3 -2 -2 -2 -2 -2 -2 -2 -2 -1 -1 -2 -2 -1 1 0 0 0 0.01
 1  0  0  2 -2  1  0 -1 -1 -1 -1  1  1 -2 -1  0  0 -2 -2  0 1 0 0 0 0.01
 0 -2 -2 -3 -1 -2 -2 -2 -2  1  4 -2  1  0 -2 -2 -1 -2 -1  0 1 0 0 0 0.02
 2 -2 -2 -2 -1 -1 -2  0 -2  2  0 -1  0  0 -1 -1 -1 -2 -1  2 1 0 0 0 0.02
 0 -1  1  0 -1  0 -1  1  0  1  0 -1  0 -1  1  0 -1 -1 -1  0 0 0 1 0 0.03
 1 -1  0  1 -1  0  0  1  1 -1 -1  0 -1 -1  1  1  0 -1 -1 -1 0 0 1 1 0.04
 1 -1  0  0 -1 -1 -1  3 -1 -2 -2 -1 -1 -2  2  0  0 -1 -1 -1 0 0 1 0 0.06
 0 -1  0  0 -2 -1 -1 -1  0 -1  1 -1 -1 -1  3  0 -1  5 -1 -1 0 0 1 1 0.07
-1  1  1  3 -2  0  2 -1 -1 -2 -2  0 -2 -2  3  0  0 -2  1 -2 1 0 0 1 0.09
 0  0  0  1 -2  1  1 -1  1 -2 -2  0 -1 -1  1  1  2 -1  1 -1 1 0 0 1 0.10
-2 -2 -2 -2 -2 -2 -2 -2  2 -2  0 -2 -1 -1 -2  0  0 10  0 -2 1 0 0 0 0.10
-1 -2  1  3 -2 -1  1  3 -1 -2 -2 -1 -2 -2 -1  0 -1  2 -2 -2 0 0 1 1 0.13
-1 -1  0  0 -2 -1  0 -2  0  1  2 -1  2 -1  1 -1 -1 -2 -1  0 0 0 1 0 0.13
 0 -1  0  1 -2  1  1 -1  1 -1 -1  0 -1 -2  3  1  1 -2 -1 -1 0 0 1 1 0.19
-1 -1  1  2 -2 -1  1 -1  2 -2 -1 -1 -1  0  0 -1 -1  5  3 -2 0 0 1 1 0.22
-1  1  1  1  3  1  1 -2  2 -2 -1 -1 -2 -2  1  0  0 -2  1 -2 0 0 1 0 0.25
 0 -1  0  2 -2 -1  1 -1 -1 -2 -1 -1 -2 -2  4  0  0  3  1 -2 0 0 1 1 0.29
 0 -2 -1  2 -2  0 -1  1 -2  1 -1 -1 -1 -2  4 -1 -1 -2 -2  1 0 0 1 0 0.31
-1  0 -1 -1 -1  1  0 -1  1  1  0 -1  0  1 -1  1  0 -1  2  1 0 0 1 1 0.34
 1  0  0 -1 -1  0 -1 -1  1 -1  0  0 -1 -1  1  1  0 -1  1 -1 0 0 1 1 0.36
 0 -1  3  1 -2  0 -1  0  1 -2 -1  0  1 -2  1  2  0 -2 -1 -1 0 0 1 1 0.37
 0 -1  0 -1 -2  0 -1 -1 -1 -1 -1  1 -1 -2  5  0  0 -2  0 -1 0 0 1 0 0.38
-1  1  0  0 -2  1 -1 -1  0 -1 -1  0  1 -2  4  0  0 -2 -1 -1 0 0 1 0 0.40
 1 -1  1  0 -1 -1 -1  1 -1 -1 -1 -1 -1 -1  0  1  1 -1  0  0 0 0 1 1 0.39
 0  1 -1 -1 -1 -1  0  0 -1 -1 -1  0 -1 -2  4 -1  0  3 -1  1 0 0 1 1 0.46
 0  0 -1  0 -2  0  0 -1 -1 -2 -2  1 -2 -2  5  0 -1 -2 -2 -2 0 0 1 1 0.58
-1 -1 -1  0  4 -1 -1 -2  3  0  0 -1 -1 -1  2 -1  0 -2  0  0 0 1 0 0 0.70
-1 -1  0  3  3 -1  0  2 -1 -1 -1  0 -1 -1  0 -1 -1 -2  0  0 0 0 1 1 0.73
 1 -1 -1 -1 -1 -1  0  0 -1 -1 -1  0 -1  0  2  2  1 -2 -1  0 0 0 1 1 0.68
-1  1  2  0  1  0  1  2  0 -1 -1  0 -1 -2  2  0 -1 -2 -2 -2 0 0 1 0 0.62
 0 -1 -1  0 -2 -1 -1  0  3 -2 -1  1 -1  0 -1  1  0 -1  4 -1 0 0 1 1 0.57
-1 -1  1  0 -2  0  0 -1  1  0 -1  1 -1 -1  2  1  0  3  1 -1 0 0 1 1 0.51
 0 -1  1  0 -2 -1  0  1 -1 -1 -1  0 -1  0  1  1  0 -2  0 -1 0 0 1 1 0.52
 1  0  2 -1 -1 -1 -1  0 -1 -2 -1 -1 -1 -2  1  3  1 -2 -2 -1 0 0 1 1 0.45
-1 -1  1  2 -2  0  0  1 -1 -1 -1  0  0 -2  1  1  1 -2 -2 -1 0 0 1 1 0.32
-1  0 -1 -1 -2 -1  0 -2  1 -1 -1  0 -1  2  3 -1  0  0  4 -1 0 0 1 1 0.30
-1 -2 -1 -2 -2 -1 -2  5 -2 -2 -1 -2 -2 -2  1 -1 -2 -2  0 -2 0 0 1 1 0.33
-2 -1 -3 -3  9 -3 -3 -3 -3 -1 -2 -3 -2 -3  0 -2  1 -3 -3 -1 0 0 1 1 0.35
 1  0 -1  0 -2  0 -1  1  1 -2 -1  1 -1  0 -1  2  0 -2 -1 -2 0 1 0 0 0.38
-1  2  1 -1 -2  2 -1  1  1 -2 -2  0 -1 -2 -2  0  2  1  1 -1 1 0 0 1 0.33
-1  0  0  2 -2  2  0  1  1 -1  0  0 -1 -2  1  0 -1 -2 -1 -1 1 0 0 1 0.28
 1  0 -1 -1  4 -1 -1  0 -1  0  0  0 -1  0  1  0  0 -1 -1  1 1 0 0 0 0.22
-1  1  1  2 -2  0  1  0  0 -1 -1  0 -1 -1  1 -1 -1 -1  2 -1 1 0 0 1 0.22
 0  3  0 -1 -2  1  1  0  0 -2 -2  1 -1  0  1  0  0 -2 -1 -1 0 0 1 1 0.19
 0 -1 -1 -1 -2  2  0 -2 -1 -2 -1 -1 -1  1  4  1  0 -2 -1 -2 0 0 1 1 0.17
 0  0  0  0 -1  0  1 -2 -1  1  1 -1  1 -1 -1  0  0  0 -1  0 0 0 1 0 0.17
 0  0 -1 -1 -2 -1  0 -2  2  0  1  0  0 -1  2  0  2 -2 -1 -1 0 0 1 1 0.15
 0  1 -1 -1 -2  0 -1  2  3 -2 -2 -1 -2 -1 -2  2 -1  4  2 -2 0 0 1 1 0.14
-1 -1 -1 -2 -2 -1  0  0 -2  0  0 -1 -1 -1 -2 -1  3  4  1  1 0 0 1 0 0.13
 0 -1 -1 -1  3  0  0  0  0 -1 -1 -1  1  1  2  0  2 -2 -1 -1 0 0 1 1 0.14
 0 -2 -2  0 -2  0  0  0 -2  0  1 -1  1 -2  5 -1 -1 -2 -2 -1 0 0 1 0 0.15
-1  3  1  1 -2 -1 -1  2 -1  0  0  0 -1 -2 -2 -1 -1 -2 -2 -1 0 0 1 1 0.14
-1 -2 -2 -2  7 -2 -2 -2 -2 -1  0 -2 -1  1  0  0  1 -2  1  0 0 0 1 0 0.13
 0  2  1 -1 -2 -1 -1 -2 -1 -1  0  0 -1 -1 -2  1  1 -2  1  1 0 0 1 1 0.11
-1 -1  1 -1 -2 -1 -1 -2  3  0 -1  0 -1 -1 -1  1  2 -2  1  0 0 0 1 0 0.12
 1 -1 -1 -1 -1  0  0  0 -1  0  0 -1 -1 -2  4  0 -1 -2 -1 -1 1 0 0 0 0.13
-1  1 -1 -1 -2  1 -1  1 -1 -2 -2 -1 -1  0  2  0 -1  7  0 -2 1 0 0 0 0.15
 0  0  3  0 -1  0  1  1 -1 -1  0  0 -1 -2 -1  0  0 -2 -1 -1 1 0 0 0 0.14
-1  5  1 -1  1  1  0 -1 -1 -2 -2  2 -1 -2 -1 -1 -1 -2 -1 -2 1 0 0 0 0.14
 0 -1  0  2  0  0  0 -1 -1  0  0  0  0 -1  1  0  1 -1  0  0 1 0 0 0 0.12
 0  1  1 -1 -1  1  0  0  0 -1 -1  1 -1 -1 -1  0  1 -1  2 -1 1 0 0 0 0.11
 0 -1 -1 -1 -1 -1 -1 -1 -1  0  2 -1  1 -1 -1  0  1 -1 -1  0 1 0 0 0 0.11
 0  0  1  3 -1  1  0 -1 -1 -1 -1  0 -1 -1 -1  1  0 -2 -1  0 1 0 0 0 0.11
-1  3  1 -1 -2  2  0 -1 -1 -2 -1  1 -1 -2  1  1  0 -1  0 -1 1 0 0 1 0.11
-1  1 -1 -1 -1  1  1 -1  1 -1 -1  1 -1 -1  1  0  0  4 -1  0 1 0 0 0 0.09
 0  2  1  0  0  0  0 -1 -1 -2 -1  3 -1 -2 -1  0  2 -2 -2 -1 1 0 0 0 0.08
-1  2 -1 -1 -2  3  0 -1  4 -1 -1  0 -1 -1 -1 -1 -1  2  0 -1 1 0 0 1 0.06
 1  0 -1 -1 -1  1 -1 -1  1  0  1  0  1 -1 -1 -1  0 -1  0  0 0 0 1 1 0.04
 0  2  0  0 -2  2  0 -1  2 -2 -1  1 -1 -2  0  1  1 -2 -1 -1 0 0 1 1 0.03
 1  0  2  0 -2  1  0 -1 -1 -2 -2  0 -1 -2 -1  2  2 -2 -2 -1 0 0 1 1 0.02
 1 -1 -1  0 -2 -1  0 -1  1 -1 -1 -1 -1  2  1  1 -1  2  3 -1 0 0 1 0 0.01
-1 -2 -1  3 -3  0  1  2 -2 -3 -3 -1 -3 -3  4  0  0 -3 -3 -3 0 0 1 0 0.01
-3 -3 -4 -4 -3 -3 -4 -4 -3  0  1 -1 -1  7 -4 -3 -3  3  1 -1 0 1 0 0 0.01
-3 -4 -4 -5  1 -3 -4 -5  0 -3 -3 -4 -3  2 -5 -3 -3  0  9 -3 0 1 0 0 0.01
-1 -3 -4 -4  2 -3 -3 -1 -4  2  1 -3  2  0 -3 -2  0 -3 -2  5 0 1 0 0 0.01
-2 -5 -5 -6 11 -5 -6 -5 -5 -3 -3 -5 -3 -4 -5 -3 -3 -4 -4 -3 0 1 0 0 0.01
-3 -4 -4 -3 -5 -3 -3 -4 -4 -5 -5 -3 -4 -6  8 -3 -3 -6 -5 -4 0 1 0 0 0.01
 0  1 -1 -2 -3 -2 -2  6 -2 -4 -4 -2 -3 -4 -3  1 -2 -3 -3 -3 0 0 1 0 0.02
-2 -1  0  2 -3  1  0 -1  6 -3 -3  0 -2  0  1  0  0 -3 -1 -3 0 0 1 1 0.02
 1 -1  0 -1 -2 -1  0  3  3 -2 -2  0  0 -3 -2  0  1 -3 -2 -1 0 0 1 0 0.04
-2  4  0  1 -3  2 -1 -3 -1 -2 -1  1  1 -3  3 -1 -1 -3 -2  0 0 0 1 0 0.04
 1  0 -1  1 -2 -1 -1  0 -2 -3 -3  0 -2 -3  4  2  2 -3 -3 -2 0 0 1 1 0.04
 0  3  1 -1 -3  1 -1 -2 -1 -2 -2  2  1 -2  0  1  0  4  0 -2 0 0 1 1 0.06
-1  0  2  0 -2  0  1 -1  2 -2 -1  2 -2 -2  0  2  0  1  0 -2 0 0 1 1 0.07
 0  0 -1  0  1  1  0  2 -2 -1  1  0 -1 -2 -2  0  0 -2 -2 -1 1 0 0 1 0.10
 0  2  1  1 -2  1  1 -2  1 -1 -1  2 -1 -2 -2  0  0 -3 -2 -2 1 0 0 1 0.09
-2  1  0 -2 -3  0  0 -1  5 -2 -2  0 -2 -1 -2  0  0  5  4 -2 1 0 0 1 0.08
-2 -4 -3 -4 10 -3 -4 -3 -3 -3 -3 -3 -3 -2 -3 -2 -2 -3  2 -2 1 0 0 0 0.06
-1  1 -1  1 -3  1 -1  5 -2 -4 -3 -1 -3 -3 -2  1 -2 -3 -3 -3 0 0 1 0 0.04
-1 -1  0  1 -3 -1  0  4  3 -3 -3 -1 -2  0 -2  0  0 -2  0 -3 0 0 1 1 0.03
 0 -1 -1 -2 -2  1  1 -2  2  0  0  0 -1 -1  1  0  1 -2  1  0 1 0 0 1 0.02
 0  1  1  1 -3  1  2  1 -1 -3 -3  0 -2 -2  0  1  0 -3  1 -3 1 0 0 1 0.02
-1 -1  0  4 -3  1  2 -2  0 -1 -2 -1 -2  1 -2  1 -1 -2 -1 -2 1 0 0 0 0.01
-1 -3 -2 -3 -3 -2 -2  1  0 -1  0 -2 -1  5  1 -1  0 -1  3 -2 0 0 1 0 0.01
-2 -2 -2 -3 -3 -2 -3  0  3 -2 -1 -3 -1  6 -3 -2 -2  0  5 -2 0 0 1 0 0.01
-1 -4 -3 -4 10 -3 -4 -3 -3 -2 -2 -3 -2 -3 -3 -2 -2 -3 -1  0 0 0 1 0 0.01
 2  0 -1 -1 -2  0 -1  1  1 -1 -2  2 -1 -2  1  0 -1 -2  0  0 0 0 1 1 0.01
 0  0  1  0 -2  1  1 -1  0 -2 -2  1 -1 -1 -1  1  2 -2  2 -1 0 0 1 1 0.01
-3 -3 -4 -4 -3 -3 -3 -1 -3 -3 -3 -3 -3 -1  0 -3 -3 11  0 -3 0 0 1 1 0.01
 0 -2  1  2 -2 -1  0  4 -2 -3 -3 -1 -2 -3 -2  2  0 -3 -3 -2 0 0 1 1 0.01
-1 -3 -3 -3  9 -2  0 -3 -2 -2 -2 -3 -2 -2 -3 -2 -2 -2  2 -2 0 0 1 0 0.01
-1 -2 -2 -1 -2  0  4 -1 -2  2 -1 -1 -1 -2 -3 -2 -1 -4 -2  3 0 0 1 0 0.01
-1 -2 -1 -2 -2 -1  0 -2 -2 -1 -2 -1 -1 -3 -2  2  5 -3 -2  0 0 0 1 0 0.01
 0 -2 -1 -1 -1 -1  0 -2 -2  0  0 -1 -1 -1 -2  2  4 -2  0 -1 0 1 0 0 0.02
 0 -1  2 -1 -2  2 -1  4 -1  0 -2 -1 -2 -3 -2  0 -1 -3 -2 -2 0 1 0 0 0.03
-1  1  0  2 -3  2  1 -1  2 -3 -3  0 -2 -3 -2  0  2 -3 -2 -2 0 1 0 0 0.04
 3  0 -2 -2 -2  1 -1  2 -2  0 -1 -1 -1 -2 -2  0  0 -2  0  0 0 0 1 0 0.05
 0  1  1  1 -2 -1 -1  0  2 -2 -2 -1 -2  1 -2  0  1  4  2 -2 0 0 1 1 0.05
-3  1 -4 -4 -4 -3 -3  1 -3 -4 -3 -3 -3 -1 -4 -3 -3 11  0 -4 0 0 1 1 0.06
-1  1  1 -1 -3  2  0  1  1 -1 -1  3 -1 -3 -2 -1  0 -3 -2 -1 0 0 1 1 0.05
-1 -3 -3  0 -4 -2 -2  1 -3 -2 -4  0 -3 -4  7  1  0 -5 -4 -3 0 0 1 0 0.04
 0  1  0 -1 -3  0 -2  1 -2  0 -3  0 -2 -3  1  2  3 -4 -3 -1 0 0 1 1 0.04
-1  1  1 -2 -3  0  0 -1  2 -2 -3  0 -2 -1 -1  4  1 -4 -2 -1 0 0 1 1 0.03
 0  1  1  1  0  0 -1  0 -2 -3 -1  1 -2 -3 -1  3  1 -4 -3 -3 0 0 1 1 0.02
-2  0 -1  2 -1  2 -1 -1 -2 -3  0  2 -2  0 -3  0 -1  8 -1 -3 0 0 1 1 0.02
-3 -3 -1  6 -5 -2  0 -3 -3 -5 -5  0 -4 -5  3 -2  1 -6 -5 -4 0 0 1 0 0.02
-3  3 -3 -4 -1 -2 -3 -4  1 -1  3 -1 -1  3  0 -3 -3 -2  3 -2 0 0 1 0 0.02
-1 -4 -1 -4 -3 -3 -4 -4 -4  5  1 -3  0 -2 -4 -1 -2 -4 -3  2 0 1 0 0 0.02
 0  0  0 -2 -2  1 -1 -2 -2  0 -2  2 -2 -3 -2  2  4 -4 -3  0 0 1 0 1 0.03
-2 -4 -4 -4 -3 -3 -4 -4 -4  2  2 -4 -1  2  1 -3 -2 -3  0  4 0 1 0 0 0.03
 0  2  1  0 -3  1 -1  1 -2 -3 -3  3 -2 -3 -2  1  0 -3 -2 -2 0 1 0 1 0.05
-1  4  2 -2 -3  1 -1 -2  1 -3 -3  2 -2 -1  1  0 -2 -3  1 -3 0 1 0 0 0.08
-2 -1  4 -1 -3 -2 -2  3  2 -2 -1  0 -2  0 -1  0 -1 -3  0  0 0 0 1 1 0.11
 0  0  1  0 -2  0 -1  0  2  0  0 -1 -1  0  1  1  0 -2  1  0 0 0 1 1 0.15
 0  0  1  0 -3  1  0  0  3 -3 -3  0 -3 -3  1  1  3 -4 -2 -3 0 0 1 1 0.17
-2  1  0 -3  0  2 -1 -3  2 -2 -3  1 -2 -2 -3  1  0  6  3  1 1 0 0 1 0.22
 0 -2  0  2 -3  0  0  0  0 -1 -2  0 -2 -3  3  1  2 -3  0 -1 1 0 0 1 0.25
 1  1  1  0  1  3 -1  0  0 -3 -3  1 -2 -4  1  2  0 -3 -3 -3 1 0 0 1 0.24
 1 -1  0  0  4  0 -2  0  1 -2 -3  0 -2 -3 -1  2  1 -3 -1  0 1 0 0 0 0.22
-1 -1  1 -1  4 -2 -1  0 -2  0 -2 -1  1  1  2 -1  0  2  0  0 1 0 0 1 0.19
-2  0  0 -1 -3  4  0  0  0 -3 -2  1 -2 -3  2  1  0  1 -1 -2 1 0 0 1 0.19
 0  0  1  0 -2 -1 -1  2 -2 -1  0  0 -1  1  1  0  0 -2  0  0 1 0 0 1 0.18
 0 -1  2  0  7  0  0 -1 -2 -3 -2  0  0 -3  1 -1 -2 -3  1 -3 1 0 0 0 0.15
-1  0 -1 -1  3  0  1  0  0 -2 -2  2 -2 -1  2  1  2 -3 -1 -1 1 0 0 0 0.14
-1  0  0  1  3  2  0  0  1 -3 -2  1 -2 -3  2  0  0 -3 -1 -2 0 0 1 1 0.11
-2  0  3 -2 -3 -2 -1  3  2 -4 -4 -2 -3 -4  2  1  2 -4 -3 -3 0 0 1 0 0.07
-2  0  0  0 -4 -2 -1  4  0 -4 -3  2 -3 -3  1  1  0 -3  0 -3 0 0 1 1 0.05
-2  2  1 -1 -4  2 -2 -1 -2 -4 -3  1 -3 -2 -3  0  0  8  2 -3 0 0 1 0 0.03
-3 -2 -5 -6 10 -5 -6 -5 -5  0 -2 -5 -4 -5 -5 -2 -4 -5 -5 -1 0 0 1 0 0.02
 0 -1  3  3 -2  1  0 -1  2 -2 -2 -1  0  0 -2  0 -1 -3 -1 -2 0 0 1 0 0.01
-1 -2 -2 -2  3 -2 -2 -2 -2  0 -2 -2 -2 -2  6  0  0 -2  2 -1 0 1 0 0 0.01
-1 -2 -3 -3 -2 -2 -3 -3 -3  2  3 -2  2  1 -3 -1 -1 -2 -1  2 0 1 0 0 0.01
-1  1 -1 -1 -2  1  0 -2 -1  0  0  2 -1 -1 -2  0  2 -2  1  1 0 1 0 0 0.01
-2 -3 -3 -3 -2 -3 -3 -3 -3  4  3 -3  1  1 -3 -2 -1 -2 -1  2 0 1 0 0 0.01
-1  1  2  1 -2  2  1  0  2 -2 -2  1 -2 -3 -1  1  2 -3 -2 -2 0 1 0 1 0.01
-1 -2 -2 -2 -1 -2 -2 -2 -2  2  2 -2  1  3 -2 -2 -1 -1  0  2 0 1 0 0 0.01
-2 -2  0 -2 -2 -2 -2 -3 -2 -2  0  0  2 -2 -3  0  5 -3  1 -1 0 0 1 0 0.01
 0 -2  2  2 -2  0  1 -2 -1  0 -2 -1 -1 -2  0  0  1 -3  0  1 1 0 0 1 0.02
 0  1 -2 -2 -3  0  0 -3  1  0 -1  2 -2 -1  4 -1 -2  6 -1 -2 1 0 0 1 0.02
 0 -2  1  2 -3  0 -1  4 -2 -3 -3 -1 -2 -3 -2  0  2 -3 -3 -3 1 0 0 0 0.02
 0  2 -1 -2 -3  0  1 -2 -2 -3 -1  4 -2 -3  4 -1 -2  4 -2 -3 1 0 0 1 0.02
-1  2  1  1 -3  4  1 -2  0 -2 -1  1 -1 -3 -2  0  1 -3 -2 -2 1 0 0 1 0.02
 2 -3 -1  3 -3 -2 -1 -2  1  2 -2 -2 -2  1 -3  1 -2 -3  1  0 0 0 1 0 0.02
 0  2  0 -1 -2  0 -1 -1 -2 -1  1  0 -1 -2  2  1  2 -3 -2 -1 0 0 1 1 0.01
-1  1  1  1 -3  0  2  1 -2 -4 -4  2 -3 -4  1  3 -1 -4 -3 -3 1 0 0 1 0.01
-5 -6 -6 -7 -5 -5 -6 -1 -5  0 -4 -6 -4 -2  0 -5 -5 12  1 -5 1 0 0 0 0.01
-1 -1 -2  2 -3  0  1 -3 -2  1  1  0  0 -2 -3 -1  3 -3  0  0 1 0 0 1 0.01
 0  2  2 -1 -3  0  1  0 -2 -3  0  3 -2 -2 -3  0  1 -3 -1 -2 0 0 1 1 0.01
-2 -2  0 -3 -5 -3 -1  6 -4 -5 -5 -3 -5 -5  1 -2  0 -5 -5 -5 0 0 1 0 0.01
-2  3  1 -3 -4 -1 -1 -3  1 -1  0  2  3 -2  1 -2 -1 -3  1 -1 0 1 0 0 0.01
 0  2 -1 -1 -3 -2 -1 -3 -1 -1 -2 -2  2  0 -3  2  4 -1 -1  0 0 1 0 0 0.01
-5 -5 -5 -6 -5 -4 -5 -2 -4 -5 -4 -5 -4  1 -5 -5 -5 12  2 -5 0 1 0 0 0.01
-1 -4 -3 -3 -4 -4 -4  7 -4 -5 -5 -3 -4 -5 -4 -2 -3 -4 -5 -5 0 1 0 0 0.01
-1 -3 -4 -4  1 -3 -4 -1 -4  2  4 -3  3 -1 -4 -3 -2  3 -2  0 0 1 0 0 0.01
-3  7 -2 -3 -4 -1 -2  0 -2 -3 -3  1 -3 -4 -4 -3 -3  3 -3  1 0 1 0 0 0.01
-1 -3 -3 -4 -2 -3 -3 -4 -3  2  3 -3  1  2 -3 -2 -2  2  2  2 0 1 0 0 0.01
-4 -3 -1  2 -4 -3 -3 -4  4 -4 -3 -1 -3  1 -4 -3 -3 -1  8 -4 0 0 1 1 0.01
-1  3  0 -1 -3  0 -1  0 -2  1  0  2 -1 -3 -3 -1 -1 -4 -1  1 0 0 1 0 0.01
-1  0  0 -2 -3 -1  0 -2 -2 -2  0  0 -1 -2  2  2  2 -3  1 -1 0 0 1 1 0.01
-2 -2 -1 -3 -5 -4 -2  6 -4 -3 -3 -3 -4 -5 -4  1 -1 -5 -5 -5 0 0 1 1 0.01
-2  2  1 -1 -4  1 -1  0  3 -3 -2  2 -2 -1  3 -2 -1  2  3 -3 0 0 1 1 0.01
-3 -2  1  6 -4  0  1 -1  1 -4 -5  1 -4 -4 -3 -1 -3 -5 -4 -4 0 0 1 0 0.01
-2 -1 -2  0 -4 -3 -1 -4 -4 -4 -4 -1 -4  1  7 -2 -2  1 -2 -3 0 0 1 0 0.01
-2 -4 -3 -3 -4 -4 -4  6 -4  3 -3 -3 -3 -4 -4 -2 -3 -4 -4  1 0 1 0 0 0.01
 1 -3  0 -3 -2 -2 -3  0 -3  0  1 -2  1  3 -3  0  1 -2 -1  1 0 1 0 0 0.01
-2  0  1 -3 -2  0 -1 -4 -3  3  2 -2  1  1 -3 -2  1  1 -1  1 0 1 0 0 0.01
-4 -5 -5 -6 -4 -5 -5 -5 -4 -1  2 -5  0  7 -6 -4 -4 -2  0  0 0 1 0 0 0.01
-2  0 -2 -2 -3 -2  0  0  1 -3 -3  1  0 -1  1  1  4 -3  0 -2 0 1 0 0 0.02
-3 -5 -5 -5 -3 -4 -5 -6 -5  6  2 -4  0 -2 -5 -4 -2 -4 -3  3 0 1 0 0 0.02
-2  5 -2 -3 -4  3 -1 -4  2 -4 -1  2 -2 -4 -3  0  0 -4 -3 -3 0 1 0 0 0.02
-3  4 -4 -5 -4 -2 -3 -5 -4 -1  5  1  0 -1 -4 -4 -3 -4 -3 -2 0 1 0 0 0.05
-2  3 -2 -2 -4  3  1 -3 -1 -1 -2  3 -2 -4  1 -1  1 -4 -3 -1 0 1 0 1 0.07
-1 -3 -3 -4 -3 -1 -3 -4 -3  3  0  0 -1 -2 -1 -2  2 -3  1  4 0 1 0 1 0.11
 0  0  1 -1 -3  2  1 -1 -2 -3 -1  0 -1 -3 -1  2  3 -3  0 -2 0 1 0 1 0.19
 0 -2  2  1 -3  1 -1 -2 -2 -3 -3 -2 -3 -4  3  2  4 -4 -3 -3 0 0 1 1 0.40
-1 -3 -4 -4 -3 -3 -2 -3 -4  4  2 -3  3 -2  3 -2 -1 -4 -3  2 0 0 1 1 0.46
 2 -3 -2 -2 -3 -2  1  4 -3 -3 -3 -2 -1 -4 -3  1  2 -4 -3 -2 1 0 0 1 0.53
 0 -4 -4 -4 -4 -3 -3 -4 -4 -5 -5 -3 -4 -6  8 -2  0 -6 -5 -4 1 0 0 1 0.58
-2  3  3 -2 -4 -2 -2 -3 -2 -4 -2  0 -3 -4  6 -2 -1 -5 -4 -4 1 0 0 1 0.61
-1 -3 -3 -4 -2 -3 -3 -1 -3  2  1 -3  3 -2 -3 -1 -1 -3 -2  4 0 0 1 1 0.64
-1 -3 -3 -2 -3 -2 -2 -3 -3 -3 -4 -2 -3 -4  8 -1 -2 -4 -4 -3 0 0 1 1 0.71
