-1 -2 -2 -4 -2 -1 -2 -3 -2  1  2 -2  6  0 -3 -2 -1 -2 -1  1 0 0 1 1 0.70
 2 -1  0 -1 -1 -1 -1 -1 -2 -1 -1 -1 -1 -2 -1  1  5 -3 -2  0 0 0 1 1 0.48
-1  0  0  1 -3  1  5 -2 -1 -2 -3  0 -2 -3 -1  0  2 -3 -2 -2 0 1 0 0 0.33
-3 -3 -3 -4 -3 -4 -4 -4 -1  0  0 -4  0  7 -4 -3 -2  1  3 -1 0 1 0 1 0.22
-2 -2 -2 -4 -3 -2 -2 -3  2 -2 -1 -2 -1  3 -3 -2 -2  2  8 -1 0 1 0 0 0.18
 0 -3 -1 -2 -3 -2 -2  6 -2 -4 -4 -2 -3 -4 -2  0 -2 -3 -3 -4 0 0 1 0 0.11
-2 -3 -4 -4 -2 -3 -3 -4 -3  1  4 -3  2  3 -3 -3 -2 -1  0  1 0 0 1 1 0.08
-1 -2 -2 -2 -3 -1 -1 -2 -2 -3 -3 -1 -3 -4  8 -1 -1 -4 -3 -3 0 0 1 0 0.07
-1 -1  5  1 -3 -1 -1  3  0 -4 -4 -1 -3 -3 -2  0 -1 -4 -3 -3 0 0 1 0 0.06
 4 -2 -2 -2  0 -1 -1  0 -2 -2 -2 -1 -1 -3 -1  1  0 -3 -2  0 0 0 1 1 0.04
 0 -1  0  0 -3  3  3  4 -1 -4 -3  0 -2 -4 -2  0 -1 -3 -3 -3 0 0 1 1 0.02
 2 -1 -1  1 -2  1  5 -1 -1 -3 -3  0 -2 -3 -1  0 -1 -3 -2 -2 0 0 1 1 0.02
-3 -3 -3 -4 -3 -4 -4 -4 -1  0  0 -4  0  7 -4 -3 -2  1  3 -1 0 0 1 0 0.01
-3 -3 -4 -5 -3 -2 -3 -3 -3 -3 -2 -3 -2  1 -4 -3 -3 12  2 -3 0 0 1 0 0.01
-2  0  1 -1 -3  0  0 -2  9 -4 -3 -1 -2 -1 -2 -1 -2 -3  2 -4 0 0 1 1 0.01
-3 -3 -4 -5 -3 -2 -3 -3 -3 -3 -2 -3 -2  1 -4 -3 -3 12  2 -3 1 0 0 1 0.01
 0 -1  0 -1 -1 -1 -1 -2 -2 -1 -1 -1 -1 -2 -1  2  5 -3 -2  0 1 0 0 1 0.01
-1 -1  5  1 -2  0 -1 -1  0 -2 -3  0 -2 -3 -2  1  3 -4 -2 -2 1 0 0 0 0.01
 2 -2 -3 -3 -1 -2 -2 -1 -2  1  3 -2  1 -1 -2  0 -1 -2 -2  0 1 0 0 0 0.01
-1 -3 -4 -4 -1 -2 -3 -4 -3  2  4 -3  2  0 -3 -2 -1 -2 -1  2 1 0 0 1 0.01
-2  0  1 -1 -3  0  0 -2  9 -4 -3 -1 -2 -1 -2 -1 -2 -3  2 -4 1 0 0 0 0.01
-3 -3 -3 -4 -3 -4 -4 -4 -1  0  0 -4  0  7 -4 -3 -2  1  3 -1 1 0 0 0 0.02
-1 -3 -4 -4 -1 -3 -3 -4 -3  3  3 -3  1  0 -3 -2 -1 -3 -1  3 1 0 0 0 0.02
-2 -2 -4 -4 -1 -2 -3 -4 -3  2  4 -3  2  0 -3 -3 -1 -2 -1  1 1 0 0 0 0.02
 0 -3 -3 -4 -1 -3 -3 -4 -4  3  1 -3  1 -1 -3 -2  0 -3 -1  4 1 0 0 0 0.03
 2 -2 -1 -2 -2 -2 -2  5 -2 -3 -3 -1 -2 -3 -2  0 -1 -3 -3 -2 1 0 0 0 0.03
-2 -2 -4 -4 -1 -2 -3 -4 -3  2  4 -3  2  0 -3 -3 -1 -2 -1  1 1 0 0 0 0.03
 4 -2 -2 -2  0 -1 -1  0 -2 -2 -2 -1 -1 -3 -1  1  0 -3 -2  0 1 0 0 0 0.04
 0 -3 -1 -2 -3 -2 -2  6 -2 -4 -4 -2 -3 -4 -2  0 -2 -3 -3 -4 1 0 0 0 0.04
 0 -3 -1 -2 -3 -2 -2  6 -2 -4 -4 -2 -3 -4 -2  0 -2 -3 -3 -4 1 0 0 0 0.04
 0 -2 -2 -3 -1 -1 -2 -3 -3  2  1 -2  3 -1 -2  0  3 -3 -1  3 1 0 0 0 0.03
 4 -2 -2 -2  0 -1 -1  0 -2 -2 -2 -1 -1 -3 -1  1  0 -3 -2  0 1 0 0 0 0.03
-2 -3 -4 -4 -2 -3 -3 -4 -2  1  3 -3  1  5 -4 -3 -2  0  2  0 1 0 0 0 0.02
-2 -2 -3 -4 -2 -2 -3 -4 -1  1  3 -3  1  2 -3 -2 -2  0  4  0 1 0 0 0 0.02
 3 -1 -1 -2 -1 -1 -1 -1 -2 -1 -2 -1 -1 -2 -1  1  4 -3 -2  0 1 0 0 0 0.02
 4 -2 -2 -2  0 -1 -1  0 -2 -2 -2 -1 -1 -3 -1  1  0 -3 -2  0 1 0 0 0 0.02
-1 -3 -4 -4 -1 -2 -3 -4 -3  2  4 -3  2  0 -3 -2 -1 -2 -1  2 1 0 0 1 0.02
-2 -2 -4 -4 -1 -2 -3 -4 -3  2  4 -3  2  0 -3 -3 -1 -2 -1  1 1 0 0 0 0.02
-1 -1  0 -1 -3  0 -1  3  7 -4 -3 -1 -2 -2 -2 -1 -2 -3  1 -4 1 0 0 0 0.02
-2 -3 -4 -4 -1 -3 -3 -4 -3  3  4 -3  2  0 -3 -3 -1 -2 -1  2 1 0 0 0 0.02
-1  5  0 -1 -4  1  0 -2 -1 -3 -3  4 -2 -3 -2 -1 -1 -3 -2 -3 0 0 1 1 0.03
 0  3 -1 -2 -3 -1 -2  5 -2 -4 -3  0 -2 -3 -2 -1 -2 -3 -3 -3 0 0 1 1 0.03
 2 -1  0  3 -2  2  1 -1  4 -3 -3  0 -1 -3 -2  0 -1 -3 -1 -2 0 0 1 1 0.03
 3 -1 -1 -1 -2  0  2 -1 -1 -2 -2  0 -2 -3  4  1  0 -3 -2 -1 0 0 1 1 0.03
 0  0  0  1 -3  2  5 -2  0 -3 -3  1 -2 -3 -1  2  0 -3 -2 -2 0 0 1 0 0.03
 4 -2 -2 -2  0 -1 -1  0 -2 -2 -2 -1 -1 -3 -1  1  0 -3 -2  0 1 0 0 0 0.03
-2  6 -1 -2 -4  1  0 -3  0 -3 -2  2 -2 -3 -2 -1 -1 -3 -2 -3 1 0 0 1 0.02
-1  5 -1 -2 -3  0 -1  3 -1 -4 -3  2 -2 -3 -2 -1 -1 -3 -2 -3 1 0 0 1 0.02
-2 -2 -3 -4 -2 -2 -3 -4  1  0  2 -2  0  3 -3 -2 -2  2  6 -1 1 0 0 0 0.02
 2 -1 -1 -1 -1 -1 -1 -1 -2 -1 -1 -1 -1 -2 -1  1  4 -3 -2  0 1 0 0 0 0.02
-2 -3 -4 -4 -2 -2 -3 -4 -3  1  3 -3  1  1 -4 -3 -2  8  0  0 1 0 0 1 0.02
-2 -2 -3 -4 -2 -2 -3 -4 -1  0  3 -3  1  1 -3 -3 -2  7  4  0 1 0 0 0 0.02
 4 -2 -2 -2  0 -1 -1  0 -2 -2 -2 -1 -1 -3 -1  1  0 -3 -2  0 1 0 0 0 0.02
-2 -2 -4 -4 -1 -2 -3 -4 -3  2  4 -3  2  0 -3 -3 -1 -2 -1  1 1 0 0 0 0.02
 2 -2 -1 -2 -2 -1 -2  4 -2 -1 -1 -1  2 -2 -2  0 -1 -3 -2 -1 1 0 0 1 0.02
-2 -3 -4 -4 -2 -3 -3 -4 -3  1  4 -3  2  4 -3 -3 -2 -1  1  0 1 0 0 0 0.02
-2 -3 -4 -4 -1 -3 -4 -4 -4  5  2 -3  1  0 -3 -3 -1 -3 -2  3 1 0 0 0 0.02
 4 -2 -2 -2 -1 -1 -1 -1 -2  1 -1 -1  0 -2 -1  1  0 -3 -2  2 1 0 0 1 0.01
-2 -2 -4 -4 -1 -2 -3 -4 -3  2  4 -3  2  0 -3 -3 -1 -2 -1  1 1 0 0 1 0.01
-2 -2  1  7 -4  0  2 -2 -1 -4 -4 -1 -3 -4 -2  0 -1 -5 -3 -4 1 0 0 0 0.01
-2 -2 -4 -4 -1 -2 -3 -4 -3  2  4 -3  2  0 -3 -3 -1 -2 -1  1 1 0 0 1 0.02
-3 -3 -3 -4 -3 -4 -4 -4 -1  0  0 -4  0  7 -4 -3 -2  1  3 -1 1 0 0 1 0.01
-1 -2 -3 -4 -1 -2 -3 -4 -3  3  2 -2  4  0 -3 -2  0 -3 -1  3 1 0 0 0 0.01
-2 -2 -4 -4 -1 -2 -3 -4 -3  2  4 -3  2  0 -3 -3 -1 -2 -1  1 1 0 0 1 0.01
-3 -3 -4 -5 -3 -2 -3 -3 -3 -3 -2 -3 -2  1 -4 -3 -3 12  2 -3 1 0 0 1 0.01
 4 -2 -2 -2  0 -1 -1  0 -2 -2 -2 -1 -1 -3 -1  1  0 -3 -2  0 1 0 0 1 0.01
-1  0  0  2 -4  2  6 -2  0 -4 -3  1 -2 -4 -1  0 -1 -3 -2 -3 0 0 1 0 0.01
 1 -1  1  0 -1  0  0  0 -1 -3 -3  0 -2 -3 -1  4  2 -3 -2 -2 0 0 1 0 0.01
-1 -2 -2 -2 -3 -1 -1 -2 -2 -3 -3 -1 -3 -4  8 -1 -1 -4 -3 -3 0 0 1 1 0.01
 4 -2 -2 -2  0 -1 -1  0 -2 -2 -2 -1 -1 -3 -1  1  0 -3 -2  0 0 0 1 0 0.01
-2  6 -1 -2 -4  1  0 -3  0 -3 -2  2 -2 -3 -2 -1 -1 -3 -2 -3 0 0 1 1 0.01
-3 -3 -3 -4 -3 -4 -4 -4 -1  0  0 -4  0  7 -4 -3 -2  1  3 -1 0 1 0 1 0.01
-2  6 -1 -2 -4  1  0 -3  0 -3 -2  2 -2 -3 -2 -1 -1 -3 -2 -3 0 1 0 1 0.01
-3 -3 -3 -4 -3 -4 -4 -4 -1  0  0 -4  0  7 -4 -3 -2  1  3 -1 0 0 1 1 0.01
 0 -1  0 -1 -1 -1 -1 -1 -2 -1 -2 -1 -1 -2 -1  3  4 -3 -2 -1 0 0 1 0 0.01
-2  0  1 -1 -3  0  0 -2  9 -4 -3 -1 -2 -1 -2 -1 -2 -3  2 -4 1 0 0 0 0.01
 0 -3 -3 -4 -1 -3 -3 -4 -4  3  1 -3  1 -1 -3 -2  0 -3 -1  4 1 0 0 1 0.01
-3 -3 -4 -5 -3 -2 -3 -3 -3 -3 -2 -3 -2  1 -4 -3 -3 12  2 -3 1 0 0 1 0.01
-2 -2 -4 -4 -1 -2 -3 -4 -3  2  4 -3  2  0 -3 -3 -1 -2 -1  1 1 0 0 0 0.01
-3 -3 -3 -4 -3 -4 -4 -4 -1  0  0 -4  0  7 -4 -3 -2  1  3 -1 0 1 0 1 0.01
-2 -2 -4 -4 -1 -2 -3 -4 -3  2  4 -3  2  0 -3 -3 -1 -2 -1  1 0 0 1 1 0.01
 1 -1  1  0 -1  0  0  0 -1 -3 -3  0 -2 -3 -1  4  2 -3 -2 -2 0 0 1 0 0.01
-3 -3 -3 -4 -3 -4 -4 -4 -1  0  0 -4  0  7 -4 -3 -2  1  3 -1 0 0 1 1 0.01
-2  0  0  0 -4  1  3 -2  7 -4 -3  0 -2 -2 -2 -1 -2 -3  1 -3 0 0 1 1 0.01
-1 -2 -2 -2 -3 -1 -1 -2 -2 -3 -3 -1 -3 -4  8 -1 -1 -4 -3 -3 0 0 1 1 0.01
 2 -1  0 -1 -1  2  0 -1 -1 -1 -2  0 -1 -3 -1  1  3 -3 -2 -1 0 0 1 1 0.01
 1 -1  1  0 -1  0  0  0 -1 -3 -3  0 -2 -3 -1  4  2 -3 -2 -2 0 0 1 0 0.01
 2 -2 -2 -2 -2 -1 -1 -1 -2 -3 -3 -1 -2 -4  7  0 -1 -4 -3 -2 1 0 0 0 0.01
-2 -3 -4 -4 -1 -3 -4 -4 -4  5  2 -3  1  0 -3 -3 -1 -3 -2  3 1 0 0 0 0.01
-3 -3 -4 -5 -3 -2 -3 -3 -3 -3 -2 -3 -2  1 -4 -3 -3 12  2 -3 1 0 0 0 0.01
-3 -3 -4 -5 -3 -2 -3 -3 -3 -3 -2 -3 -2  1 -4 -3 -3 12  2 -3 1 0 0 1 0.01
 0 -3 -1 -2 -3 -2 -2  6 -2 -4 -4 -2 -3 -4 -2  0 -2 -3 -3 -4 1 0 0 0 0.01
 4 -1 -1 -2 -1 -1 -1  0 -2 -2 -2 -1 -1 -3 -1  2  0 -3 -2 -1 1 0 0 0 0.01
-3 -3 -4 -5 -3 -2 -3 -3 -3 -3 -2 -3 -2  1 -4 -3 -3 12  2 -3 1 0 0 1 0.01
 0 -3 -1 -2 -3 -2 -2  6 -2 -4 -4 -2 -3 -4 -2  0 -2 -3 -3 -4 1 0 0 0 0.01
-2 -2 -4 -4 -1 -2 -3 -4 -3  2  4 -3  2  0 -3 -3 -1 -2 -1  1 1 0 0 0 0.01
 4 -2 -1 -2 -1 -1 -1  3 -2 -2 -2 -1 -1 -3 -1  1  0 -3 -2 -1 1 0 0 0 0.01
-1 -2 -2 -3 -1 -2 -2 -3 -3  1  3 -2  2  0 -2 -1  2 -2 -1  1 1 0 0 1 0.01
 2 -1  0 -1 -1 -1 -1  3 -1 -3 -3 -1 -2 -3 -1  3  1 -3 -2 -2 1 0 0 0 0.01
 1 -3 -3 -3 -2 -3 -3 -2 -2 -1  0 -2  0  6 -3 -1 -1  0  2 -1 1 0 0 1 0.01
-1 -3 -4 -4 -1 -2 -3 -4 -3  2  4 -3  2  0 -3 -3 -1 -2 -1  2 1 0 0 1 0.01
 0 -1  0 -1 -1  0 -1 -1 -1 -1  0 -1  3 -2 -1  3  2 -3 -2  0 1 0 0 0 0.02
 1 -2 -2 -2 -2 -2 -2  4 -2 -1  1 -2  0 -2 -2  0 -1 -2 -2 -1 1 0 0 0 0.02
 0 -3 -1 -2 -2 -2 -3  5 -3 -1  1 -2  0 -2 -3 -1 -2 -2 -3 -1 1 0 0 0 0.02
-2 -2 -4 -4 -1 -2 -3 -4 -3  2  4 -3  2  0 -3 -3 -1 -2 -1  1 1 0 0 1 0.03
-2 -2 -4 -4 -1 -2 -3 -4 -3  2  4 -3  2  0 -3 -3 -1 -2 -1  1 1 0 0 0 0.02
 2 -2 -2 -3 -2 -1 -2 -2  1 -2 -1 -2 -1  2 -2 -1 -1  1  6 -1 1 0 0 1 0.02
-2 -2 -4 -4 -1 -2 -3 -4 -3  2  4 -3  2  0 -3 -3 -1 -2 -1  1 0 0 1 1 0.02
 0 -3 -1 -2 -3 -2 -2  6 -2 -4 -4 -2 -3 -4 -2  0 -2 -3 -3 -4 0 0 1 1 0.02
-1  1 -1 -2 -3  1  0 -2 -1 -1  1  4  0 -2 -2 -1 -1 -3 -2 -1 0 0 1 1 0.02
 0 -3 -1 -2 -3 -2 -2  6 -2 -4 -4 -2 -3 -4 -2  0 -2 -3 -3 -4 0 0 1 1 0.02
 0 -2 -1 -1 -3 -1 -1 -2 -2 -3 -3 -1 -3 -4  8  1  0 -4 -3 -2 0 0 1 1 0.02
 2  0  0 -1 -2  4  1 -1  0 -2 -2  0 -1 -3 -1  2  0 -3 -2 -1 0 0 1 1 0.02
-1  6  0 -2 -4  1  0 -2  0 -3 -3  3 -2 -3 -2 -1 -1 -3 -2 -3 0 0 1 1 0.02
 1 -3 -3 -3 -2 -2 -2 -2 -2  1  0 -2  0  4  4 -1 -1 -1  1  0 0 0 1 1 0.01
-2 -3 -4 -4 -2 -2 -3 -4 -3  1  3 -3  1  1 -4 -3 -2  8  0  0 1 0 0 0 0.01
 4 -1 -1 -2 -1 -1 -1  0 -2 -2 -2 -1 -1 -3 -1  2  0 -3 -2 -1 1 0 0 0 0.01
-2 -3 -3 -3 -3 -2 -3  3 -3 -3 -2 -3 -2  0 -4 -2 -2 11  1 -3 1 0 0 1 0.01
 3 -2 -2 -2 -1 -2 -2  3 -2  0 -1 -2 -1 -2 -2  0  0 -3 -2  2 1 0 0 0 0.02
-2 -2 -4 -4 -1 -2 -3 -4 -3  2  4 -3  2  0 -3 -3 -1 -2 -1  1 1 0 0 0 0.02
 2 -2 -3 -3 -1 -2 -2 -2 -3  1  3 -2  1  0 -2 -1 -1 -2 -1  1 1 0 0 0 0.02
 1 -2 -3 -3 -1 -2 -2 -2 -3  2  3 -2  1  0 -2 -1 -1 -2 -1  2 1 0 0 1 0.02
-2 -2 -2 -3 -2 -2 -3 -3 -2  0  0 -2  0  6 -3 -1  2  0  2 -1 1 0 0 0 0.01
 1 -1  1  0 -1  0  0  0 -1 -3 -3  0 -2 -3 -1  4  2 -3 -2 -2 1 0 0 0 0.01
 2 -2 -3 -3 -1 -2 -2 -2 -3  1  3 -2  1  0 -2 -1 -1 -2 -1  1 1 0 0 1 0.01
 0 -3 -3 -4 -1 -3 -3 -4 -4  3  1 -3  1 -1 -3 -2  0 -3 -1  4 1 0 0 0 0.01
 4 -2 -2 -2 -1 -1 -1 -1 -2  1 -1 -1  0 -2 -1  1  0 -3 -2  2 1 0 0 0 0.01
-2 -2 -4 -4 -1 -2 -3 -4 -3  2  4 -3  2  0 -3 -3 -1 -2 -1  1 1 0 0 0 0.01
 3 -1  0 -1 -1 -1 -1  0 -1 -2 -2 -1 -1 -3 -1  3  1 -3 -2 -1 1 0 0 0 0.01
-2 -2 -2 -4 -3 -2 -2 -3  2 -2 -1 -2 -1  3 -3 -2 -2  2  8 -1 1 0 0 0 0.01
-1 -2 -2 -2 -3 -1 -1 -2 -2 -3 -3 -1 -3 -4  8 -1 -1 -4 -3 -3 1 0 0 0 0.01
 0 -3 -1 -2 -3 -2 -2  6 -2 -4 -4 -2 -3 -4 -2  0 -2 -3 -3 -4 1 0 0 0 0.01
-1 -2 -3 -4 -2 -1 -2 -3  0  1  2 -2  4  1 -3 -2 -1  0  4  0 1 0 0 0 0.01
 4 -2 -2 -2  0 -1 -1  0 -2 -2 -2 -1 -1 -3 -1  1  0 -3 -2  0 1 0 0 0 0.01
-2 -2 -4 -4 -1 -2 -3 -4 -3  2  4 -3  2  0 -3 -3 -1 -2 -1  1 1 0 0 0 0.01
 4 -2 -2 -2  0 -1 -1  0 -2 -2 -2 -1 -1 -3 -1  1  0 -3 -2  0 1 0 0 0 0.01
 2 -2 -3 -3 -1 -2 -2 -2 -3  2  0 -2  0 -1 -2 -1  0 -3 -2  3 0 0 1 1 0.01
-2 -1  6  1 -3  0  0 -1  1 -4 -4  0 -2 -3 -2  1  0 -4 -2 -3 0 0 1 0 0.01
 2 -2 -3 -3 -1 -2 -2 -2 -3  1  3 -2  1  0 -2 -1 -1 -2 -1  1 0 0 1 1 0.01
 2 -1  5  1 -2  0 -1  0  0 -3 -3  0 -2 -3 -2  1  0 -4 -2 -2 0 0 1 0 0.01
-2  6 -1 -2 -4  1  0 -3  0 -3 -2  2 -2 -3 -2 -1 -1 -3 -2 -3 0 0 1 0 0.01
-1 -2 -2 -2 -3 -1 -1 -2 -2 -3 -3 -1 -3 -4  8 -1 -1 -4 -3 -3 0 0 1 1 0.01
-2 -2 -4 -4 -1 -2 -3 -4 -3  2  4 -3  2  0 -3 -3 -1 -2 -1  1 0 0 1 0 0.01
-3 -3 -4 -5 -3 -2 -3 -3 -3 -3 -2 -3 -2  1 -4 -3 -3 12  2 -3 0 0 1 0 0.01
-2 -1  6  4 -3  0  0 -1  0 -4 -4  0 -3 -4 -2  0  0 -4 -3 -3 0 0 1 0 0.01
 1 -1  0 -2 -2 -1 -1  4  5 -3 -3 -1 -2 -2 -2  0 -1 -3 -1 -2 0 0 1 0 0.01
-2 -2 -4 -4 -1 -2 -3 -4 -3  2  4 -3  2  0 -3 -3 -1 -2 -1  1 0 0 1 0 0.01
-1 -2 -3 -4 -2 -1 -3 -4 -2  1  4 -2  5  0 -3 -2 -1 -2 -1  1 1 0 0 0 0.01
 3 -2 -2 -3 -1 -1 -2 -1 -2  0  2 -1  0 -1 -2  0  0 -3 -2  0 1 0 0 0 0.01
 2 -2 -1 -2 -2 -2 -2  5 -2 -3 -3 -1 -2 -3 -2  0 -1 -3 -3 -2 1 0 0 0 0.01
-2 -3 -4 -4 -2 -3 -3 -4 -3  1  4 -3  2  4 -3 -3 -2 -1  1  0 1 0 0 0 0.01
-3 -3 -3 -4 -3 -4 -4 -4 -1  0  0 -4  0  7 -4 -3 -2  1  3 -1 1 0 0 0 0.01
-1 -2 -2 -2 -3 -1 -1 -2 -2 -3 -3 -1 -3 -4  8 -1 -1 -4 -3 -3 1 0 0 0 0.01
 2 -2 -3 -3 -1 -2 -2 -2 -3  1  3 -2  1  0 -2 -1 -1 -2 -1  1 1 0 0 0 0.01
 0 -1  0 -1 -1 -1 -1 -1 -2 -1 -2 -1 -1 -2 -1  3  4 -3 -2 -1 1 0 0 0 0.01
 4 -2 -2 -2  0 -1 -1  0 -2 -1 -2 -1 -1 -2 -1  1  0 -3 -2  0 1 0 0 0 0.01
-2 -2 -4 -4 -1 -2 -3 -4 -3  2  4 -3  2  0 -3 -3 -1 -2 -1  1 1 0 0 0 0.01
 0 -3 -3 -4 -1 -2 -3 -4 -4  3  1 -3  1 -1 -3 -2  0 -3 -1  4 1 0 0 0 0.01
-2 -2 -4 -4 -1 -2 -3 -4 -3  2  4 -3  2  0 -3 -3 -1 -2 -1  1 1 0 0 0 0.01
 3 -2 -1 -2 -1 -1 -1  4 -2 -2 -2 -1 -2 -3 -1  1 -1 -3 -2 -1 1 0 0 0 0.01
-2 -2 -4 -4 -1 -2 -3 -4 -3  2  4 -3  2  0 -3 -3 -1 -2 -1  1 1 0 0 0 0.01
 0 -3  0 -1 -3 -2 -2  6 -2 -4 -4 -2 -3 -4 -2  0 -2 -3 -3 -4 1 0 0 0 0.01
-1 -3 -4 -4 -1 -2 -3 -4 -3  2  4 -3  2  0 -3 -2 -1 -2 -1  2 1 0 0 1 0.01
 4 -2 -2 -2  0 -1 -1  0 -2 -1 -2 -1 -1 -2 -1  1  0 -3 -2  0 1 0 0 0 0.01
 3 -2 -2 -2 -1 -1 -1 -1 -2  1 -1 -1  0 -2 -1  0  0 -3 -2  2 1 0 0 0 0.01
-2 -2 -4 -4 -1 -2 -3 -4 -3  2  4 -3  2  0 -3 -3 -1 -2 -1  1 1 0 0 0 0.01
-1 -2 -3 -4 -1 -2 -3 -4 -3  2  4 -2  4  0 -3 -2 -1 -2 -1  1 0 0 1 1 0.01
-1  2  0 -1 -3  4  1 -2  0 -3 -3  4 -1 -4 -1  0 -1 -3 -2 -3 0 0 1 1 0.01
 1 -1  1  0 -1  0  0  0 -1 -3 -3  0 -2 -3 -1  4  2 -3 -2 -2 0 0 1 0 0.01
 0 -2 -1 -1 -2 -1 -1 -2 -2 -3 -3 -1 -2 -4  7  2  0 -4 -3 -2 0 0 1 1 0.01
-3 -3 -4 -5 -3 -2 -3 -3 -3 -3 -2 -3 -2  1 -4 -3 -3 12  2 -3 0 0 1 1 0.01
 4 -2 -2 -2  0 -1 -1  0 -2 -1 -2 -1 -1 -2 -1  1  0 -3 -2  0 0 0 1 0 0.01
-2 -2 -4 -4 -1 -2 -3 -4 -3  2  4 -3  2  0 -3 -3 -1 -2 -1  1 1 0 0 1 0.01
-2 -2 -3 -4 -3 -2 -3 -3  1 -1 -1 -2 -1  5 -4 -2 -2  2  7 -1 1 0 0 1 0.01
-1 -2 -2 -2 -3 -1 -1 -2 -2 -3 -3 -1 -3 -4  8 -1 -1 -4 -3 -3 1 0 0 0 0.01
-2 -2 -4 -4 -1 -2 -3 -4 -3  2  4 -3  2  0 -3 -3 -1 -2 -1  1 1 0 0 0 0.01
-2  6 -1 -2 -4  1  0 -3  0 -3 -2  2 -2 -3 -2 -1 -1 -3 -2 -3 1 0 0 1 0.01
-1 -3 -4 -4 -1 -3 -3 -4 -3  3  3 -3  1  0 -3 -2 -1 -3 -1  3 1 0 0 0 0.01
-2 -2 -4 -4 -1 -2 -3 -4 -3  2  4 -3  2  0 -3 -3 -1 -2 -1  1 1 0 0 0 0.02
 3 -2 -2 -3 -1 -1 -2 -1 -2  0  2 -1  0 -1 -2  0  0 -2 -2  0 1 0 0 0 0.02
 0 -3  0 -1 -3 -2 -2  6 -2 -4 -4 -2 -3 -4 -2  0 -2 -3 -3 -4 1 0 0 1 0.02
 4 -2 -2 -2  0 -1 -1  0 -2 -1 -2 -1 -1 -2 -1  1  0 -3 -2  0 1 0 0 0 0.01
 1 -1  1  0 -1  0  0  0 -1 -3 -3  0 -2 -3 -1  4  2 -3 -2 -2 1 0 0 0 0.01
-2 -2 -4 -4 -1 -2 -3 -4 -3  2  4 -3  2  0 -3 -3 -1 -2 -1  1 1 0 0 0 0.01
-2 -3 -4 -4 -2 -3 -3 -4 -2  1  3 -3  2  4 -3 -3 -2 -1  1  0 1 0 0 0 0.01
-2 -2 -4 -4 -1 -2 -3 -4 -3  2  4 -3  2  0 -3 -3 -1 -2 -1  1 1 0 0 0 0.01
 4 -2 -2 -2  0 -1 -1  0 -2 -1 -2 -1 -1 -2 -1  1  0 -3 -2  0 1 0 0 0 0.01
-2 -3 -4 -4 -2 -3 -3 -4 -2  1  3 -3  2  4 -3 -3 -2 -1  1  0 1 0 0 1 0.01
-2 -2 -4 -4 -1 -2 -3 -4 -3  2  4 -3  2  0 -3 -3 -1 -2 -1  1 1 0 0 0 0.01
-2 -2 -2 -3 -3 -2 -2 -3  2 -2 -1 -2 -1  3 -3 -2 -2  2  7 -1 0 0 1 0 0.01
-1 -2 -2 -2 -3 -1 -1 -2 -2 -3 -3 -1 -3 -4  8 -1 -1 -4 -3 -3 1 0 0 0 0.01
-2 -3 -4 -4 -2 -3 -3 -4 -2  1  2 -3  1  6 -4 -3 -2  0  2  0 1 0 0 1 0.01
 0 -1  0 -1 -1 -1 -1 -2 -2 -1 -1 -1 -1 -2 -1  2  5 -3 -2  0 1 0 0 0 0.01
-2 -2 -4 -4 -1 -2 -3 -4 -3  2  4 -3  2  0 -3 -3 -1 -2 -1  1 0 0 1 0 0.01
 0 -2 -1 -1 -2 -1 -1 -2 -2 -1 -2 -1 -1 -3  5  1  4 -3 -2 -1 0 0 1 1 0.01
-1 -2 -2 -2 -2 -2 -2  3 -3 -1  1 -2  0 -2  5 -1 -1 -3 -2 -1 1 0 0 1 0.01
-1  0  0  2 -4  2  6 -2  0 -4 -3  1 -2 -4 -1  0 -1 -3 -2 -3 1 0 0 1 0.01
 4 -2 -2 -2  0 -1 -1  0 -2 -1 -2 -1 -1 -2 -1  1  0 -3 -2  0 1 0 0 0 0.02
-2  6 -1 -2 -4  1  0 -3  0 -3 -2  2 -2 -3 -2 -1 -1 -3 -2 -3 1 0 0 1 0.02
 0 -2  0  0 -3  0  2  5 -1 -4 -4 -1 -3 -4 -2  0 -1 -3 -3 -3 1 0 0 1 0.02
-2  0  1 -1 -3  0  0 -2  8 -4 -3 -1 -2 -1 -2 -1 -2 -3  2 -4 1 0 0 0 0.02
-2 -2 -4 -4 -1 -2 -3 -4 -3  2  4 -3  2  0 -3 -3 -1 -2 -1  1 1 0 0 0 0.02
-2 -3 -4 -4 -2 -2 -3 -4 -3  1  3 -3  1  1 -4 -3 -2  8  1  0 1 0 0 1 0.01
-1  0  0  2 -4  2  6 -2  0 -4 -3  1 -2 -4 -1  0 -1 -3 -2 -3 1 0 0 1 0.01
-1  0  0  2 -4  2  6 -2  0 -4 -3  1 -2 -4 -1  0 -1 -3 -2 -3 1 0 0 1 0.01
 2 -2 -1 -2 -2 -2 -2  5 -2 -3 -3 -1 -2 -3 -2  0 -1 -3 -3 -2 0 0 1 0 0.01
 0 -3  0 -1 -3 -2 -2  6 -2 -4 -4 -2 -3 -4 -2  0 -2 -3 -3 -4 0 0 1 0 0.01
-1 -3 -3 -4 -2 -3 -3 -4 -3  2  2 -3  1  4 -3 -2 -1 -1  1  2 1 0 0 1 0.01
-2 -3 -4 -4 -2 -2 -3 -4 -3  1  3 -3  1  1 -3 -3 -2  8  0  0 1 0 0 1 0.01
-2 -2 -2 -3 -3 -2 -2 -3  2 -2 -1 -2 -1  3 -3 -2 -2  2  7 -1 1 0 0 0 0.01
 0 -3  0 -1 -3 -2 -2  6 -2 -4 -4 -2 -3 -4 -2  0 -2 -3 -3 -4 1 0 0 1 0.01
-2 -2 -4 -4 -1 -2 -3 -4 -3  2  4 -3  2  0 -3 -3 -1 -2 -1  1 1 0 0 1 0.01
-3 -3 -3 -4 -3 -4 -4 -4 -1  0  0 -3  0  7 -4 -3 -2  1  3 -1 1 0 0 0 0.01
-2 -2 -4 -4 -1 -2 -3 -4 -3  2  4 -3  2  0 -3 -3 -1 -2 -1  1 1 0 0 0 0.01
 2 -2 -3 -3 -1 -2 -2 -2 -3  1  3 -2  1  0 -2 -1 -1 -2 -1  1 1 0 0 1 0.01
-2 -2 -4 -4 -1 -2 -3 -4 -3  2  4 -3  2  0 -3 -3 -1 -2 -1  1 1 0 0 1 0.01
 0 -3  0 -1 -3 -2 -2  6 -2 -4 -4 -2 -3 -4 -2  0 -2 -3 -3 -4 1 0 0 0 0.01
-2 -2 -4 -4 -1 -2 -3 -4 -3  2  4 -3  2  0 -3 -3 -1 -2 -1  1 1 0 0 1 0.01
 0 -3  0 -1 -3 -2 -2  6 -2 -4 -4 -2 -3 -4 -2  0 -2 -3 -3 -4 1 0 0 0 0.01
 2 -1 -1 -1 -1 -1 -1 -1 -2 -1 -1 -1 -1 -2 -1  1  4 -3 -2  0 1 0 0 0 0.01
-3 -3 -3 -4 -3 -4 -4 -4 -1  0  0 -3  0  7 -4 -3 -2  1  3 -1 1 0 0 1 0.01
-1 -3 -2 -3 -3 -2 -3  3 -3 -3 -2 -3 -2  0 -3 -2 -2 10  1 -3 0 0 1 1 0.01
-1  1  0 -1 -3  4  1 -2  5 -3 -3  3 -1 -3 -2  0 -1 -3  0 -3 0 0 1 1 0.01
-1  0  0  2 -4  2  6 -2  0 -4 -3  1 -2 -4 -1  0 -1 -3 -2 -3 0 0 1 1 0.01
 0  5  0 -1 -3  1  0 -2 -1 -3 -3  2 -2 -3 -2  2  0 -3 -2 -2 0 0 1 1 0.01
-2 -3 -4 -4 -2 -3 -3 -4 -2  1  4 -3  2  4 -3 -3 -2 -1  1  0 0 0 1 1 0.01
 4 -2 -2 -2  0 -1 -1  0 -2 -1 -2 -1 -1 -2 -1  1  0 -3 -2  0 1 0 0 0 0.01
-1 -2 -2 -2 -3 -1 -1 -2 -2 -3 -3 -1 -3 -4  8 -1 -1 -4 -3 -3 1 0 0 0 0.01
-3 -3 -4 -5 -3 -2 -3 -3 -3 -3 -2 -3 -2  1 -4 -3 -3 12  2 -3 1 0 0 1 0.01
 4 -2 -2 -2  0 -1 -1  0 -2 -1 -2 -1 -1 -2 -1  1  0 -3 -2  0 1 0 0 0 0.02
 2 -2 -1 -2 -2 -2 -2  5 -2 -3 -3 -1 -2 -3 -2  0 -1 -3 -3 -2 1 0 0 0 0.02
-2 -3 -4 -4 -2 -3 -3 -4 -2  1  3 -3  2  4 -3 -3 -2 -1  1  0 1 0 0 0 0.02
-2 -2 -4 -4 -1 -2 -3 -4 -3  2  4 -3  2  0 -3 -3 -1 -2 -1  1 1 0 0 1 0.03
 4 -2 -1 -2 -1 -1 -1  4 -2 -2 -2 -1 -2 -3 -1  1 -1 -3 -2 -1 1 0 0 0 0.03
 4 -2 -2 -2  0 -1 -1  0 -2 -1 -2 -1 -1 -2 -1  1  0 -3 -2  0 1 0 0 0 0.03
 4 -2 -2 -2  0 -1 -1  0 -2 -1 -2 -1 -1 -2 -1  1  0 -3 -2  0 1 0 0 0 0.03
 0 -3  0 -1 -3 -2 -2  6 -2 -4 -4 -2 -3 -4 -2  0 -2 -3 -3 -4 1 0 0 0 0.03
-2 -2 -4 -4 -1 -2 -3 -4 -3  2  4 -3  2  0 -3 -3 -1 -2 -1  1 1 0 0 0 0.03
-2  6 -1 -2 -4  1  0 -3  0 -3 -2  2 -2 -3 -2 -1 -1 -3 -2 -3 1 0 0 0 0.03
 4 -2 -2 -2  0 -1 -1  0 -2 -1 -2 -1 -1 -2 -1  1  0 -3 -2  0 1 0 0 0 0.03
-2 -2 -4 -4 -1 -2 -3 -4 -3  2  4 -3  2  0 -3 -3 -1 -2 -1  1 1 0 0 0 0.03
-2 -2 -4 -4 -1 -2 -3 -4 -3  2  4 -3  2  0 -3 -3 -1 -2 -1  1 1 0 0 0 0.02
 0 -3 -3 -4 -1 -2 -3 -4 -4  3  1 -3  1 -1 -3 -2  0 -3 -1  4 1 0 0 0 0.02
 2 -2 -3 -3 -1 -2 -2 -2 -2  0  2 -2  1  4 -2 -1 -1 -1  1  0 1 0 0 1 0.02
 2 -2 -3 -3 -1 -2 -2 -2 -3  2  0 -2  0 -1 -2  0  0 -3 -2  3 1 0 0 0 0.03
 0 -3  0 -1 -3 -2 -2  6 -2 -4 -4 -2 -3 -4 -2  0 -2 -3 -3 -4 0 0 1 0 0.04
-1  1  0  0 -3  6  2 -2  0 -3 -2  1  0 -4 -1  0 -1 -2 -2 -2 0 0 1 0 0.03
-3 -3 -4 -5 -3 -2 -3 -3 -3 -3 -2 -3 -2  1 -4 -3 -3 12  2 -3 0 0 1 0 0.05
-1  1  0  0 -3  6  2 -2  0 -3 -2  1  0 -4 -1  0 -1 -2 -2 -2 0 0 1 0 0.07
 0 -3  0 -1 -3 -2 -2  6 -2 -4 -4 -2 -3 -4 -2  0 -2 -3 -3 -4 0 0 1 0 0.11
-2 -2 -4 -4 -1 -2 -3 -4 -3  2  4 -3  2  0 -3 -3 -1 -2 -1  1 0 0 1 1 0.14
 0 -3  0 -1 -3 -2 -2  6 -2 -4 -4 -2 -3 -4 -2  0 -2 -3 -3 -4 0 0 1 1 0.25
-2 -2 -4 -4 -1 -2 -3 -4 -3  2  4 -3  2  0 -3 -3 -1 -2 -1  1 0 0 1 1 0.29
