 3 -2 -1 -2 -2 -2 -2  4 -2 -3 -3 -1 -2 -3 -2  0 -1 -3 -3 -2 0 0 1 1 0.92
 4 -2 -1 -2 -1 -1 -1 -1 -2 -2 -2 -1 -2 -3 -2  3  1 -3 -2 -1 0 0 1 1 0.87
-1  0  1  3 -3  0  2 -2  2 -2  1 -1 -1 -1 -2  1 -1 -3 -1 -2 1 0 0 1 0.86
 4 -2 -2 -2 -1 -2 -2 -1 -2 -1 -2 -2 -1 -3 -2  2  1 -3 -2  2 1 0 0 0 0.85
 5 -2 -2 -3 -2 -2 -1 -1 -3 -3 -3 -2 -2 -3 -2  1 -1 -4 -3 -1 1 0 0 0 0.80
-1 -3  1 -1 -3 -2 -3 -3  0  1 -2 -3 -2  3 -4 -2  0  0  7 -1 0 0 1 1 0.68
 1 -3  2 -2 -3 -2 -3  5 -3 -4 -2 -2 -3 -4 -3  0 -2 -4 -4 -3 0 0 1 0 0.55
-1 -1 -1  2 -3  3  4 -3 -1  0 -1 -1 -2 -3 -2 -1  1 -3 -3 -2 0 0 1 1 0.62
 2 -2 -1 -2 -2 -1  0  1  1 -2 -1 -1 -2 -2  3  1  0 -2  1 -2 0 0 1 0 0.48
 4 -2 -2 -1 -2 -2 -2 -1 -3 -1  0  0 -1 -3 -1  0  1 -3 -3  0 0 0 1 0 0.35
-2  2  6  1 -3 -1 -1 -2 -1 -2 -3 -1  0 -3 -1 -1  1 -4 -3 -3 0 0 1 0 0.34
 0 -3 -1 -3 -2 -2 -3 -3 -3  2  1 -2  0  1 -3  0 -1 -3 -2  4 0 1 0 0 0.29
-2 -4 -4 -5 -4 -4 -4 -4  0  0  2 -4 -1  7 -5 -4 -3  2  2 -2 0 1 0 0 0.25
 2 -1 -2 -2 -3 -1  0  5 -3 -3 -2  0 -3 -4  2 -1 -1 -3 -3 -3 0 0 1 0 0.24
 3  2 -2 -1  0  0 -1  0 -2 -3 -3  3 -2 -2 -2  1 -1 -3 -1 -2 0 0 1 1 0.22
 1 -3 -2 -2  1 -1  2 -2 -3  0 -2 -1 -1 -4  6 -1  0 -4 -4 -1 0 0 1 1 0.16
 0  1  0 -1 -3  1  0 -2 -2 -3 -3  4 -2 -3 -2  1  2 -3 -3 -2 0 0 1 1 0.11
 0  0  3  1 -2  0 -1 -1 -1 -1 -1  1 -2  0 -1  0  2 -3 -2 -1 0 0 1 1 0.11
-1  0  3  0 -3 -1  0  0  0 -3 -3  0 -2 -3  3  1  2 -3  0 -3 0 0 1 1 0.08
 0  1 -1 -2 -2 -1 -2 -1 -2 -1 -3  1 -2 -3  1  1  4 -3 -1 -1 0 0 1 1 0.06
 1 -2  0  2 -3 -1  2  4 -2 -4 -4  0 -3 -4  0  2 -1 -4 -3 -3 0 0 1 1 0.05
-2 -4 -4 -2 -4 -4 -1 -4 -3  1  1 -4 -1  6 -4 -3 -3  5  3 -2 0 1 0 0 0.03
-1  2  0 -1 -2  0 -1 -2 -2  1  1  0  1 -1 -3  1  1 -3 -1  1 0 1 0 1 0.03
 2  0 -2  0 -3  1  0 -2 -3 -3 -2 -2 -3 -2  5  1  0 -4 -3 -2 0 1 0 1 0.02
 0 -3 -3 -3 -4 -3 -4  0 -1 -2 -1 -3 -2  3 -4 -3 -1  0  7  0 0 1 0 1 0.02
 0  1  3 -1 -3  1  0 -1 -2 -2 -3  0 -2 -2 -3  2  3 -3  0 -2 0 1 0 1 0.01
 0  1  0  2 -3 -1 -1  3 -2 -2 -3  0 -2  1 -2  0 -1 -3 -1 -1 0 0 1 1 0.01
-1 -2  3  6 -5  0  2 -3 -2 -5 -5  0 -4 -5 -1  0 -2 -5 -4 -4 0 0 1 1 0.01
 0 -2  0 -2 -4 -3 -2  6 -4 -4 -4 -2 -4 -5  0 -2 -3 -4 -4 -1 0 0 1 1 0.01
-5 -5 -5 -6  0 -5 -5 -6 -2 -4 -3 -5 -3  6 -6 -5 -5  3  8 -4 0 1 0 0 0.01
 1  0 -1 -2 -3  2  2 -1 -2 -3 -3  2 -3 -4 -2  3  2 -4 -3 -2 0 1 0 1 0.01
-3 -4 -4 -5 -4 -4 -4 -5 -3  1  2 -4  1  6 -3 -4 -3 -2  2  0 0 1 0 0 0.01
-1  0 -1  0 -1  0  0 -3 -2  1  2  1  1  0 -2  1 -1 -2  0  0 0 1 0 1 0.01
-3 -1 -4 -4 -1 -3 -4 -4  0  2  0 -1  0  0 -4 -3 -2  2  7  2 0 1 0 0 0.01
-3  0 -4 -4 -5 -4 -4 -5 -4 -5 -5 -3 -5 -6  8 -3 -4 -6 -5 -5 0 1 0 0 0.01
 1  0  2  0 -3  0  0 -1 -2 -2 -2  0 -1  0  2  2  0 -3 -2 -1 0 0 1 1 0.01
-1 -1  1  2 -4 -1  1  4 -3 -4 -3  2 -3 -4 -3  2  0 -4 -4 -4 0 0 1 1 0.01
-5 -1 -6 -7 -5 -5 -6 -6 -5 -5 -4 -5  1  2 -6 -5 -5 12  1 -5 0 0 1 0 0.01
 0 -2  2  0  0 -1  0 -2 -2  1  0  0 -1 -1 -1  0  1 -3 -2  1 0 1 0 1 0.01
 0  1 -1  1 -3  1  1  0 -1 -2 -2  1 -1  1  1 -1  0 -2  1  0 0 1 0 1 0.01
-1  0 -1  1 -2 -1 -2 -2 -2  1 -1 -1 -1 -1 -2  3  0  1 -1  3 0 0 1 0 0.02
-1  3  0  0 -3  2  0 -2 -2 -1 -1  3 -2 -3  0  1  0 -3 -3 -3 0 0 1 1 0.02
-2 -1 -1  0 -3 -1  4 -2 -1  1 -2  2 -1 -3  0 -1 -1 -4 -3  3 0 0 1 1 0.02
 1  1 -1 -1 -2 -1  0 -1 -2  0 -1  0 -1  0  1  1  0 -3 -2  2 0 0 1 1 0.02
-1 -2  3  4 -4  0  3 -1 -2 -2  0  0 -2 -3 -1 -1 -2 -4 -3 -1 0 0 1 1 0.03
-1 -1  0 -2 -3 -2 -3  2 -2  1 -1  0 -2  4 -2  0 -1 -2  2  0 0 0 1 0 0.04
 1  1 -1  1 -4  0  0  0 -1 -4 -3  0 -4 -5  5  0 -2 -5 -3 -4 0 0 1 1 0.03
 0 -3 -1  2 -5 -1 -1  5 -4 -5 -5 -2 -4 -5 -3 -1 -3  4 -2 -3 0 0 1 1 0.04
 2 -2 -1 -3 -3  3 -2  0  1  2 -2 -2 -2 -3 -1 -2  0 -4 -2  3 0 1 0 0 0.03
-2  1  1  5 -4 -2  1 -3 -3  0 -2 -2  0 -4 -4 -2  1 -5 -4  2 0 1 0 1 0.03
 0 -2 -2 -3 -1  0 -1 -2 -3  1  2  0  0 -2 -1  0  0 -3 -1  2 0 1 0 0 0.02
 0  5 -2 -3  0 -2 -2 -3 -2 -2  0  1 -1  2 -3 -1 -2 -3  1  0 0 1 0 0 0.03
-4 -3 -5 -5 -5 -2 -3 -3 -3  1 -1 -2 -3  7 -4 -3 -4  2  6 -1 0 1 0 0 0.03
-1  3 -2 -2 -4  2  3  0  3 -3 -4  3 -3 -4  0  1 -2 -4 -3 -4 0 1 0 0 0.03
-3  0  2  6 -5 -1  2 -4 -3 -5 -3 -3 -4 -5 -1  1 -3 -5 -5 -5 0 1 0 0 0.04
-2  2  2 -1 -1 -1 -1 -3 -2  0  1  0 -1 -3  3 -1 -2 -3  0  0 0 0 1 1 0.04
 1 -1 -1 -1 -2 -2 -1 -1 -2  2 -1  0 -1  3 -3 -1 -1 -2  1  1 0 0 1 1 0.05
-1 -1  1  4 -4  0  4 -3 -1 -4 -2  1 -2 -3 -3  0 -2 -5 -3 -1 0 1 0 1 0.06
 1  1 -1 -2 -3  1 -1  2 -2 -2  0  0  0 -1  3  0 -1 -3 -2 -1 0 1 0 1 0.06
-1  0  0  2 -2  0  0 -1 -2  1  1 -1 -1 -2 -2  1  1 -3 -2  0 0 1 0 1 0.07
-1 -2  2  0 -1  1  4  0  1 -3 -3 -1 -3 -4 -3  1  0 -4 -1 -2 0 1 0 0 0.07
-2  0  6  0 -1  0 -1 -2 -2 -3 -2  0 -3  0 -2  1  1 -4 -1 -3 0 1 0 0 0.08
-1 -4 -4 -2 -3 -3 -1 -3 -4  2  3 -4  1 -2 -2 -3 -2 -4 -3  4 0 1 0 0 0.08
 2  0 -1 -2  0  0 -2  0 -3 -1 -2 -1  1  0 -3  4  0 -3 -2  0 0 1 0 0 0.09
-1  0 -4 -4 -3 -4 -4 -2 -4  3  1 -3 -1 -3 -4 -3 -1 -4 -3  5 0 1 0 0 0.08
 0 -1  0 -1 -2 -2  0 -2 -1  2  0 -2  1  0 -3  1  1 -3 -2  2 0 1 0 0 0.07
-1 -2 -3 -2 -3 -2 -3 -3 -4  4  0 -1  1  0 -4 -2 -1 -4 -3  4 0 1 0 0 0.09
 0 -2  1 -1 -3 -1 -1 -1 -3  2 -2 -1 -2 -3 -1  4  2 -4 -1 -1 0 1 0 0 0.08
-2 -2 -1  1 -5 -2 -2 -4 -4 -2 -5  0 -4 -5  7  0 -1 -5 -5 -2 0 1 0 1 0.08
 0 -1 -1 -1 -1 -2 -3 -1 -3  0 -1 -1 -2 -2  1  1  3 -4 -3  3 0 0 1 0 0.08
 0  0  1  3 -3  0  1  0 -2 -3 -3  1 -3 -4  2  2  0 -4 -3 -2 0 0 1 1 0.08
-1  2  2  1 -3  1  0 -1 -2 -2 -2  3 -2 -2  1  1  0 -4 -1 -2 0 0 1 1 0.08
 1  0  1  1 -3  1  1 -1 -2 -2 -2  3 -1 -1 -1  0  0 -3 -2 -1 0 0 1 1 0.08
-1  0 -1  3 -3 -1  0 -2 -2 -3 -2  1 -2 -1 -3  4  2 -4 -2 -2 0 0 1 1 0.09
-2 -1 -5 -5 -3 -4 -4 -5 -4  5  3 -4  1 -2 -3 -4 -2 -4 -3  2 1 0 0 0 0.09
 0  2 -1  1 -3  0  3 -2  0 -2 -3  1 -3 -1 -2  1  2 -4 -3 -3 1 0 0 1 0.08
-1  0  0  5 -4  1  3 -2 -2 -3 -4  0 -3 -2 -3 -1 -1 -4 -3 -1 1 0 0 1 0.10
-2 -3 -4 -4 -3  0 -3 -4 -3  2  3 -1  0  4 -4 -3 -2 -2  2  1 1 0 0 0 0.09
-2 -3 -3  0 -4 -3 -2  6 -4 -1 -5 -3 -4 -5 -2 -2 -3 -4 -5 -4 0 0 1 1 0.07
 0  1  1  1 -2  1  1  0 -1 -2 -1  1 -1 -3  1  1  1 -3 -2 -2 0 0 1 1 0.07
-1 -3 -1 -3 -4 -2 -1 -4 -4 -2 -2 -1  1 -4  7 -1 -1 -4 -4 -2 1 0 0 0 0.08
-1 -1  0  3 -3  2  4 -1 -2 -2 -2  0 -2 -3 -1  0 -1  0 -3 -2 1 0 0 1 0.08
 0  0  0  2 -3  0  3 -2 -2 -3 -2  2 -2 -1  0  0  0  3 -2 -2 1 0 0 1 0.08
 1 -1 -1  0 -2 -1 -1  0 -2  0  0 -1 -1  2 -2  0  0 -2  0  2 1 0 0 0 0.09
 1 -1 -1 -2 -2 -2 -2  0 -2  2  2  0  1  0  0 -1 -1 -2 -2  1 1 0 0 0 0.07
 1  1  0  1 -2  0  2  0 -1 -1 -2  1 -1 -3 -1  2  0 -3 -2 -1 1 0 0 1 0.06
 1  1  0  0 -2  2  0  0 -2 -2 -2  2 -2 -3 -2  1  1 -3 -2 -1 1 0 0 1 0.06
 1 -2 -2 -2 -1 -2 -2 -3 -3  2  1 -2 -1  2 -3 -2 -1  2 -1  4 0 0 1 0 0.05
 1 -2 -1  2 -2 -1  0  3 -2 -1 -1  0 -1 -3 -2  0 -1 -3 -3 -1 1 0 0 0 0.04
-1  1  0  0 -3  1  2 -2 -1 -3 -3  0 -2  1  2  0 -1  2  4 -2 1 0 0 1 0.04
 0  1 -1 -1 -2  0  0 -2 -2  0  2  1  0  0 -2  0  0  2  0  0 1 0 0 0 0.04
-1 -2 -2 -1 -2 -2 -1 -3 -3  1  4 -1  0  1 -3 -2 -1  1  0  1 0 0 1 0 0.04
 1 -1 -1 -2 -2  0 -1  2 -2  1  0 -1  0 -1 -1  0  0 -3 -2  1 0 0 1 0 0.04
 2  2  0 -1 -3  1  0  0 -2 -3 -3  4 -3 -4 -2 -1 -1 -4 -3 -2 0 0 1 1 0.07
 0  0  1  1 -3  4  2 -3  0 -2 -3  2 -2 -3 -1  0  0 -3 -1 -1 0 0 1 0 0.09
 2  0  0 -1  0  0  0 -2 -2  1 -1  0  0  0 -2  0  0  0  0  2 0 0 1 1 0.12
 0 -1  0 -3 -2 -1 -2 -3 -2  1  2 -1  1  1 -3  0 -1  2  3  1 0 0 1 1 0.15
 2 -1  0  1 -1  0  0 -1 -2 -1  0  0 -1  1 -1  1  0  0 -1  0 0 0 1 1 0.20
 0 -1 -1 -1 -1  0  0  3 -2 -2 -1 -1 -1 -2  3  0  0 -3 -3 -1 0 1 0 0 0.26
-1  0  0  1 -3  0  2 -1 -2 -2 -2  2 -2  0  3  0 -1 -3  0 -2 0 1 0 1 0.33
 0  0  0 -1 -2 -1 -1 -1 -2  0  0  0  1  0  0  0  3 -2 -2  0 0 0 1 0 0.41
 0  0  0  1 -2  1  0 -1 -1  0  0  0  0 -1  0  1  0 -2 -1  0 0 0 1 1 0.50
 0  1 -1  0 -2  0  1  0 -2 -1 -1  0 -1 -2 -1  3  1 -2 -2 -1 0 0 1 1 0.53
 0  0 -1  0 -2  1  2  0 -1 -1 -1  0  0  0  2  0  0 -2 -1 -1 0 0 1 1 0.50
 0 -1  0 -1 -2 -1 -1  2 -1 -1  0  0  0 -2  1  1  0 -2 -2 -1 0 0 1 1 0.51
 0 -1 -1 -1 -2 -1 -1  4 -2 -1 -2 -1 -1 -2  0  1  1 -2 -1 -1 0 0 1 1 0.51
 1  0 -1 -1 -1  0 -1 -1 -1 -1  0  0 -1  3  0  0  1 -1  0  0 0 0 1 0 0.54
 0  2  0  2 -2  0  1  0 -1 -2 -1  1 -1 -2  0  0  0 -2 -2 -1 0 0 1 1 0.58
 1  0  0 -1 -2 -1 -1  0 -2  0 -1 -1 -1 -2  3  1  0 -2 -2  0 0 1 0 0 0.59
-1 -1  2  2 -3  2  0  2 -1 -2 -2  0 -2 -3  0  0 -1 -3 -2 -1 0 1 0 0 0.50
 1  1 -1 -1 -2 -1  0  0 -2 -1  0  0 -1 -2 -1  2  0 -2 -2  1 0 0 1 0 0.45
 0  0  0 -1 -2 -1 -1  2 -2  0  0  0  1 -2 -2  0  0 -2 -2  2 0 0 1 0 0.35
 1  3 -1 -1 -2  0  0  1 -2 -2 -2  1 -2 -2  0  1  0 -3 -2 -1 0 0 1 1 0.29
 1 -1  0 -1 -2  1  1 -1 -2  0 -1  1 -1 -2 -1  1  3 -3 -2  0 0 1 0 1 0.25
 4 -2 -2 -2 -2 -2 -1  0 -3 -1  0 -1 -1 -3 -1  1  0 -3 -1  1 0 1 0 0 0.22
 0 -1  2  0 -3  1  3 -3 -1 -1 -2  1 -2 -4 -2  1  2 -4 -3 -1 0 1 0 1 0.22
-2  1 -3 -4 -3 -2 -3 -3 -3  3  3 -1  1 -2 -4 -3 -2 -3 -1  3 0 1 0 1 0.20
-2 -1 -2 -1 -2 -2 -2 -2 -3  2  2 -1  0 -1 -3  0  0 -3  0  2 0 1 0 1 0.18
-1  0  2  4 -4  0  3 -2 -2 -4 -4  0 -3 -4 -3  2  0 -4 -1 -3 0 1 0 1 0.14
 3  0 -2 -2 -2 -1 -1 -1 -2 -1 -1 -2  2 -3 -2  1  2 -3 -3  1 0 1 0 1 0.13
 0  2  0  0 -3  1  2  0  1 -2 -2  1 -2 -2 -2  2  0 -3 -1 -1 0 1 0 1 0.13
 0 -1 -1  0 -3  1  3 -2 -2 -1 -2  0  0 -3 -2  1  2 -3 -3  0 0 0 1 1 0.10
-1  5  0  0 -4  1  1 -2  1 -3 -2  2 -2 -2  0  0  0 -3 -1 -2 0 0 1 1 0.10
-1 -1 -1  2 -3  1  3 -2 -2 -1 -2  1 -2 -3 -2  1  2 -4 -3  1 0 1 0 1 0.10
 0  0 -1  0 -2  0  0 -1  1  2 -1  1 -1 -1 -1  0  0 -3  0  2 0 1 0 1 0.09
-1  0  2  5 -4 -1  1  3 -1 -4 -4  0 -4 -4 -3  0 -1 -4 -4 -4 0 0 1 1 0.07
-3 -4  2  0 -5 -2 -3  6 -2 -3 -4 -2 -5 -5 -5 -2 -2 -5 -5 -5 0 0 1 1 0.05
 0  3 -1 -2 -3  1  0 -1  2 -1 -1  3 -2 -3 -3 -1  0 -4 -3  0 0 1 0 1 0.03
-1 -1  1 -1 -3  1 -1 -2 -1 -1  0  1 -1 -3  2  0  3 -4 -3 -1 0 1 0 0 0.02
-3 -5 -3 -5 -1 -2 -3 -6 -2 -3 -1 -5 -4  3 -5 -4 -4 -1  9 -1 0 0 1 0 0.01
-5 -5 -5 -6 -6 -5 -5 -6 -2 -2 -4 -5 -4  0 -6 -5 -3  4  9 -3 0 1 0 0 0.01
 0 -2  1  0  2  1  0 -3  2  0 -1  0 -1  1 -3  0  0  4  1  0 0 1 0 0 0.01
-3 -3 -4 -4 -3  1 -3 -4 -2  1  2 -3  2  3 -4 -3  0  4  4  1 0 1 0 0 0.01
-1 -2 -2  1 -4  2  5 -3  1 -1 -3 -1  0 -4 -2  1  1 -4 -3 -1 0 1 0 0 0.01
-2 -3 -3 -4  2 -3 -3 -4 -2  1  2 -3 -1  3 -3 -2  0 -1  4  2 0 1 0 0 0.01
 0  2  0 -1 -1  0  1 -2 -1  0  1  1  0 -1 -2 -1  0 -2 -2  0 0 1 0 1 0.01
 0 -2 -2 -2 -2 -1 -2 -2 -3  2  1 -2 -1 -2 -2 -1  3 -3 -2  3 0 1 0 0 0.01
-1  3 -1  0 -2  2  1 -2  1 -1 -2  2 -2 -2  1  0  1 -2 -2 -2 0 1 0 1 0.02
 0 -2  0 -2 -2 -1 -2 -2 -2 -1  1 -1 -1  0 -1  3  3 -2  0 -1 0 0 1 1 0.02
 3 -1 -1 -2 -2 -1 -1 -1 -2 -2 -1 -1 -1 -1  3  0  0 -2 -1  0 0 0 1 1 0.02
 0  0  3  3 -2  1  1 -1  0 -2 -2  0 -2 -3  0  0 -1 -3 -2 -2 0 0 1 1 0.03
 0  0  0 -1 -2  0  0  3 -1 -1 -1 -1 -1  1 -2  0 -1  1  2 -2 0 0 1 1 0.04
-1  1  1  3 -1  1  1 -1 -1 -2 -2  0 -2 -3  2  0  0 -3 -1 -2 0 0 1 1 0.04
-1  1  1  1 -2  1  3 -1 -1 -2  0  0 -1 -1 -1  0  0 -2 -1 -2 0 0 1 1 0.03
-1 -2 -1 -1 -2  0 -1  3 -2 -2 -1 -1 -1  1 -1 -1  1  5  2 -1 0 0 1 1 0.03
-1  0  1  1 -2 -1  0  3 -1 -2 -1  0  0  0  0  0  0  0  0 -2 0 0 1 0 0.02
-1  6 -2 -2 -5  0 -1 -3 -3 -4 -3  3 -3 -5  0 -1 -1 -5 -4 -3 0 1 0 1 0.01
-4  4 -3 -4 -6 -3 -3 -5 10 -4 -4 -3 -4 -4 -5 -2 -2 -5 -1 -3 0 1 0 0 0.01
 0 -2  4  0 -3  2  1 -2  0  0 -2 -1 -2 -1 -3  0 -1 -3  3  0 0 1 0 0 0.01
-2 -3 -5 -6 -4 -4 -5 -6 -5  1  5 -5  0  3 -5 -4 -2 -3 -1  2 0 1 0 0 0.01
 4 -3 -2 -3 -2 -3 -3  0 -4  2 -1 -2 -2 -3 -3  2  1 -4 -2  1 0 1 0 0 0.01
 2 -2 -2 -3  1 -2 -3 -1 -4 -1 -2 -1  0 -4 -3  2  4 -4 -3  2 0 1 0 0 0.01
 3 -4 -4 -4  2 -3 -4 -3 -4  2  1 -3 -1 -1 -4 -2  0 -4  0  3 0 1 0 0 0.01
 3 -4 -3 -4  3 -3 -3  1 -4 -2 -3 -3 -3  0 -3  0  5 -4 -2  1 0 1 0 0 0.01
 1 -4 -4 -4 -3 -4  0 -4 -5  3 -1 -4 -2 -3 -4 -2  0 -5 -4  5 0 1 0 0 0.01
 1  2  2  1 -3 -1  1  0 -1 -3 -3  2 -3 -2 -3  1  0  0 -3 -2 0 1 0 1 0.01
-3  2  4  3 -5 -1 -1  3  1 -5 -5  0 -4 -5 -4  1 -3 -5 -4 -5 0 0 1 1 0.01
-2 -1  3  0 -5 -3 -3  6 -1 -6 -6  0 -5 -6 -4  0 -3 -5 -5 -5 0 0 1 1 0.01
-3  4 -1 -3 -2  1 -1 -4 -2 -4 -2  5 -2 -2 -4 -2  0 -4  2 -2 0 1 0 1 0.01
-2 -4 -5 -6 -4 -4 -2 -6 -5  0  5 -5 -1  2 -5 -4 -2 -4  0  2 0 1 0 0 0.01
-5 -5 -6 -7 -6 -5 -6 -6 -2 -3 -3 -5 -2  3 -6 -5 -5  2  9 -1 0 1 0 0 0.01
-2 -3 -1 -3 -3 -2  1 -4 -4  3  1 -3 -1 -2 -4  0  4 -4 -3  0 0 1 0 0 0.01
-1 -5 -5 -6  4 -4 -5 -5 -5  1  4 -5  2  4 -5 -4 -3 -3 -2 -1 0 1 0 0 0.01
 0  2  4 -1 -2 -2 -2 -1 -2  0 -3  1 -2 -2 -3  0  1 -4 -2  1 0 1 0 0 0.01
 4 -4 -4 -4  1 -3 -4 -3 -4  1  2 -3 -1 -1 -4 -1  1 -4 -3  2 0 1 0 0 0.01
-1 -2 -1  0 -4  5 -2  1 -3 -5 -5 -1 -3 -5 -3  3  2 -5 -4 -4 0 1 0 0 0.02
 4 -3 -2 -3  2 -3 -3 -2 -2 -1 -3 -2 -3 -4 -3  2  3 -5 -3  0 0 1 0 0 0.02
-1 -1  4 -2 -4 -1 -2  1 -3 -3 -2 -1 -3 -3  5  2 -1 -5 -4 -2 0 1 0 0 0.04
 0 -3 -1  3 -5  0  6 -1 -2 -5 -5 -2 -4 -5 -1  0 -1 -5 -4 -5 1 0 0 1 0.04
 0  2  0  0 -4  0  1 -2 -2 -2 -2  4 -1 -3 -2  2 -1 -4 -3 -2 1 0 0 1 0.05
-1  6 -2 -1 -5  4 -1 -4 -2 -4 -3  0 -3 -3  1  0 -2 -4 -2 -1 1 0 0 1 0.06
-3 -5 -6 -6 -5 -3 -5 -5 -4 -2 -1 -5 -4 -1 -6 -5 -3 12  2 -5 0 0 1 0 0.08
-1  0  1  2 -3 -1  1  0 -2 -3 -2  0 -2  3  2  0 -1  0  0 -3 0 0 1 1 0.08
 0  1 -1 -1 -4  1  1 -2 -1 -3 -3  5 -2 -4 -1  1 -1 -4 -3 -2 0 0 1 1 0.07
 0  1  0  0 -2  0  0  1  2 -1  0 -1  1 -2 -1  0  0 -3 -2  0 0 0 1 1 0.09
 1  0 -1  0 -2  1  1  0  0 -1 -2  1  1 -2 -2  1  0 -3 -2  1 0 0 1 0 0.07
-2  3 -2  1 -5  1  4 -2 -2 -3 -4  3 -4 -5  1 -2 -3 -5 -1 -3 1 0 0 1 0.06
 1  0  1  1 -3  0  0  0 -2 -2 -2  3  1 -3 -1  0  0 -4 -3 -2 1 0 0 1 0.06
-1  1 -1  2 -3  0  0 -3 -1  0  1 -1  1  4 -3 -2 -1 -2  0  0 1 0 0 0 0.05
-2 -3 -3 -2 -2 -3 -4 -4 -2  1  4 -4  0  3 -4 -3 -2 -3  1  1 1 0 0 0 0.04
-3  4 -1  0 -5  2  4 -3  1 -4 -3  3 -2 -4 -3 -2 -2 -4 -1 -4 1 0 0 1 0.03
 0  2  1  0 -3  2  0  0  0 -2 -3  1 -1 -3 -2  1  2 -3 -3  0 1 0 0 0 0.04
 1 -4 -4 -5  0 -4 -4 -4 -5  4 -1 -4  2 -3 -4 -2  1 -5 -4  4 1 0 0 0 0.03
 3 -1 -4 -4 -3 -2 -3 -3 -4  2  1 -2  3 -2 -4 -2 -1  1 -3  3 1 0 0 0 0.03
-1  0  2  5 -4 -1  2 -1  3 -3 -4  0 -4 -4 -3  1  0 -5 -3 -2 1 0 0 1 0.03
-2 -4 -3 -4 -4 -4 -4 -3 -5 -6 -6 -4 -5 -3 -4  7 -1 -6 -5 -5 1 0 0 0 0.03
-6 -7 -7 -7 -6 -7 -7 -7 -5 -2 -1 -7 -1  9 -7 -6 -6 -3 -1 -4 0 0 1 0 0.04
-1  4  1  1 -4  1 -1 -3 -1 -4 -4  2 -3 -4 -3  2  2 -4 -1 -3 0 1 0 0 0.05
-1 -5 -5 -6 -3 -5 -5 -6 -5  3  3 -5 -1 -3 -5 -4 -3 -5 -3  5 0 1 0 0 0.08
 4 -2 -1 -2 -2 -1 -1 -1 -2 -3 -3 -1 -2 -3 -2  4  0 -4 -3 -2 0 0 1 1 0.15
