-2  4  0  2 -4  5  1 -3  0 -4 -3  1 -2 -4 -2 -1 -1 -3 -2 -3 0 0 1 1 0.49
 4 -2 -2 -2 -2 -2 -2  0 -3 -3 -3  0 -3 -4 -2  4  1 -4 -3 -2 0 0 1 1 0.42
-2  0  4 -1 -4  0  3  0  2 -4 -3  3 -3 -4 -3  0 -2 -4  0 -4 0 0 1 1 0.33
-3 -2 -2  0 -6  3  6 -4 -2 -2 -5  1 -4 -5 -3 -2 -3 -5 -4 -4 0 1 0 1 0.17
-2 -1 -3 -2 -4 -1  4 -5 -2  0 -2 -1 -1 -4 -4 -3 -2 -5 -4  5 0 1 0 0 0.10
-2 -3  1 -3 -3 -2  0 -4 -1  2  0 -1  0 -3  0 -2  3 -4 -3  4 0 1 0 1 0.05
-4 -5 -6 -6 -4 -5 -5 -6 -5  2  6 -5  0 -1 -5 -5 -4 -4 -3 -1 0 1 0 0 0.05
-4 -4 -5 -6 -4 -4 -3 -6 -4 -1  5 -4  5  2 -5 -4 -3  0  1 -1 0 1 0 0 0.08
-4 -4  3  7 -6 -3  0 -3 -1 -6 -6 -3 -6 -6 -3 -3 -4 -7 -6 -6 0 1 0 0 0.07
-2 -2 -1 -3  0 -3 -3 -4 -4 -3 -1 -3  3 -1 -4  4  5 -5 -4 -3 0 0 1 0 0.05
-1  2  1 -2 -2  1 -1 -3 -2 -3 -3  3  1 -3 -3  2  2 -4  0 -2 1 0 0 1 0.04
 1 -1  0  0 -3  0  0  1 -2 -2  0  2  0 -3 -2  1  2  4 -2 -2 1 0 0 1 0.03
 3 -2 -2 -2 -3  0  3 -2 -2  1 -2 -2 -2 -1 -3  1 -1 -3  2  1 0 0 1 1 0.02
-2 -1 -2 -3 -3  3 -1  1  0 -1  0 -1  0 -3 -1  0  4 -4 -2 -2 0 0 1 1 0.02
 2 -1 -1 -2 -3 -2 -2  4 -3 -4 -4 -2 -3 -4 -1  4  1 -4 -4 -3 0 0 1 1 0.02
-2 -3  0  5 -5 -1  5 -3 -2 -5 -3 -1 -4 -5 -2  0 -1 -5 -4 -4 0 0 1 1 0.03
-3 -3 -2 -5 -3 -4 -5 -5 -4  1  6 -4  0 -1 -5 -4 -2  2 -3 -1 0 0 1 0 0.02
 0  1  0 -1 -4 -2 -2  5 -3 -5 -4  2 -4 -3 -4 -2 -2 -4 -2 -4 0 0 1 1 0.01
-7 -7 -8 -8 -6 -6 -7 -7 -7 -7 -6 -7 -5 -3 -8 -7 -7 13 -2 -4 0 0 1 0 0.01
-1 -2 -3 -2  0 -2 -1 -3 -1  1  2 -1 -1 -3 -3 -2  4 -2 -3  1 0 1 0 1 0.01
 1 -1 -1 -3 -3 -2 -2 -1 -3  0 -1 -1  0 -4  0  1  5 -4 -3 -1 0 1 0 0 0.01
-2 -2 -1  0 -4  0 -2 -4  5 -1 -1 -2 -3  2 -4  1 -2  2  6 -3 0 1 0 1 0.01
-2 -3 -1  1 -3 -3 -3 -4  1 -5 -4 -3 -4 -4  8  0 -3 -5 -4 -3 0 0 1 1 0.01
 1 -1  0 -2 -2 -1  0 -2 -1 -2 -1 -1 -1 -1  4  1  0 -2  2  0 0 0 1 1 0.01
-2  1  0  2 -2  1  3  1  2 -3 -3  1 -3 -3 -1  0 -1 -3 -1 -3 0 0 1 1 0.01
-1 -2  1  2 -3  0  0  3 -2 -1 -3 -1 -3 -3  2  1  0 -4 -3 -2 0 0 1 1 0.02
-1 -1  0 -1 -3  2  0  5 -2 -4 -4 -1 -3 -4 -3 -1  0 -1 -3 -2 0 0 1 0 0.02
-5 -5 -5 -6 -5 -4 -5 -2 -5 -5 -4 -5 -4 -2 -5 -5 -5 12 -1 -5 0 0 1 0 0.03
-1 -1 -1  4 -4 -1  4 -3 -2 -2 -3 -2  0 -4 -3  2  0 -4 -2 -2 0 1 0 1 0.05
-1 -2 -1  0 -4  1  6 -4 -2 -3 -2  0 -3 -4 -3 -1 -3 -4 -1 -3 0 1 0 1 0.06
-1 -3 -3 -3 -2 -2  0 -1 -3  3  1 -2  1 -2  0 -1  1  0 -2  3 0 1 0 0 0.09
-1 -2  1 -2 -3  2  0  1 -2 -4 -4  0 -3 -3 -3  4  2 -4  0 -3 0 1 0 0 0.09
 0 -1  0 -1 -3  1  1  3 -1 -1 -2 -1  0  0 -1  0  0 -3 -1  0 0 1 0 0 0.09
-2 -2 -1 -2 -3  0 -3  0  0  0  3 -2  3  0 -1 -1  1 -2  2  1 0 1 0 0 0.08
-2 -3  3  6 -4 -2 -1 -2  1 -2 -1 -2 -2 -4 -1 -2 -2 -4 -2 -3 0 0 1 0 0.09
-2 -2 -2  2  0  2  5  0 -2 -3 -1  0 -1 -4 -1 -1 -2 -4 -4 -1 0 0 1 1 0.09
 0  1  3  1 -3  1  2  0  2 -3 -2  2 -2 -2 -2 -1 -1 -3 -1 -1 0 0 1 1 0.08
-1  0  1  1 -3  1 -1  3  2 -2 -1 -1  1 -1  0  0  0 -2  1 -1 0 0 1 1 0.08
 0  2  2 -1  0  0  0 -2  3  0 -2  1 -1 -3 -1  0  1 -3 -2 -1 0 0 1 1 0.05
-1 -2  1 -1  0 -1 -1 -3  0 -3  0 -1 -2 -4  5  1  1 -4 -3 -3 0 1 0 1 0.04
-2 -1 -3 -3 -2 -1 -3 -3  0  4  1 -2  2  0 -3 -2  0  3  0  3 0 1 0 0 0.02
-3  6 -2 -3 -4  1 -2 -2  4 -4 -4 -1 -3 -3 -1 -2 -3 -3  3 -4 0 1 0 0 0.02
 0 -1 -1 -1 -3 -2 -2 -2 -3  0 -2 -1  3 -3 -3  0  5 -3 -1 -1 0 1 0 0 0.01
-3 -4 -3 -4 -4 -3 -4 -4  1  0 -1 -4 -2  4 -4 -3 -3 -1  8 -3 0 1 0 0 0.01
-2 -1 -1 -2 -4  6  3 -2  0 -3 -3  0 -2 -2  0  0 -1 -4 -2  0 0 1 0 0 0.01
 1 -3 -3  1 -2 -3 -3 -4 -4  3  0 -3 -1 -2 -3 -2  0 -4 -3  5 0 1 0 0 0.01
-3 -5 -5 -5 11 -5 -5 -5 -5 -4 -4 -5 -4 -1 -5 -3 -3 -4 -1 -3 0 1 0 0 0.01
-1 -1  5  3 -4  1 -1 -2  2 -4 -4  0 -3 -4  3  0 -1 -4 -3 -3 0 0 1 0 0.01
-1 -3 -3 -1 -2 -2 -3 -3 -3  2  0 -3  2 -1  0 -1  0 -3  1  4 0 0 1 0 0.01
 0  1  1  0 -3  2  1 -1  0 -1  0  1  3  0 -2  0  0 -3 -1 -1 0 0 1 1 0.01
-1  2  0  2 -3  1  3  0  0 -2 -2  1  0 -1 -1  0 -1 -3  0 -2 0 0 1 1 0.01
 0 -1  1  0 -3  0  0  1  1 -2 -3 -1 -3 -4  5  1  0 -4 -2 -3 0 0 1 1 0.01
-1 -2  4  1 -1  0  0  2  2 -3 -2  0 -2 -3 -1  1  1 -4 -3 -3 0 0 1 1 0.01
-2  0 -2  0 -4  7 -1 -3 -1 -3 -3  0  1 -4  0  0 -1 -4 -3 -1 0 0 1 0 0.01
 0 -1  5  4 -4  0 -1 -2 -2 -4 -4 -2 -3 -4  0  1 -1 -5 -4 -4 0 0 1 1 0.01
-2 -2  7 -2 -4 -1 -2 -2  5 -4 -4  0 -4 -3 -4 -1 -1 -4 -2 -4 0 1 0 0 0.01
-4 -5 -5 -5 -5 -4 -2  0 -5 -5 -4 -2 -4  0 -5 -4 -1 12 -1 -5 0 1 0 0 0.01
-2 -3 -4 -4 -3 -3 -4 -4  0  0  5 -2  1  1 -4 -4 -3 -3 -2  1 0 1 0 0 0.01
-2  6 -3 -4 -4  1 -1 -4  0 -1  0  0 -2 -1 -4 -3 -3  2 -1 -3 0 1 0 0 0.01
-1  0 -2 -3  2 -3 -3 -3 -4 -1 -3 -3 -1 -4 -3  3  6 -5 -4 -3 0 0 1 0 0.01
-2  1  3  2 -4  0 -1  1  3 -4 -4  1 -3 -4  4 -1  0 -4 -3 -3 0 0 1 1 0.01
-4 -3 -4 -5 -2 -4 -4 -5  2 -2  0 -4 -3  5 -5 -4 -4 10  4 -2 0 0 1 1 0.01
-3 -4 -4 -4  1 -4 -4 -1 -5  6  0 -4  2 -2 -1 -4 -3 -4 -3  1 0 1 0 0 0.01
-1  0  2  0 -3  1  1 -2 -2 -2 -2  1 -1 -3  4  0 -1  1  2 -3 0 1 0 1 0.01
-1  6 -1 -3 -4  0 -2  0 -2 -1 -1  1 -2 -2 -3 -2  0 -4 -3  0 0 0 1 0 0.01
-1  3  0  0 -3  1  1  2  1 -1 -3  1 -2 -2  1  0  0 -3 -2 -2 0 0 1 1 0.01
 0 -1  0  0 -3 -1  0  4 -2 -3 -2 -2 -2 -3  0  1  0 -3 -3  0 0 0 1 1 0.01
 5  0 -3 -3  0 -2 -1  1 -3  0 -1 -2 -2 -3 -3 -1  0 -4 -3  0 0 0 1 0 0.01
-1  3  1 -2 -4  4  0 -3  2 -4 -2  1 -3 -4 -1  3  0 -4 -3 -3 0 0 1 1 0.01
-3  7  0 -3 -5  1 -1 -4  1 -5 -3  2 -4 -5 -4 -3 -2 -5 -3 -5 0 0 1 0 0.01
-1 -5 -5 -5 -3 -4 -5 -5 -5  5  2 -4  0 -2 -4 -3 -2 -5 -3  5 0 1 0 0 0.01
-2 -2 -3 -2 -4 -3 -2 -4  4 -3 -1 -2 -3  4 -4  0 -3 -1  7 -2 0 1 0 0 0.01
 0 -4 -4 -4 -3 -3 -1 -4 -4  4  0 -4  1 -2 -4 -3 -1 -4 -3  5 0 1 0 0 0.01
-3  1  1  2 -5  0  6 -4 -2 -5 -4  0 -4 -5 -3 -2  0 -5 -4 -4 0 1 0 0 0.01
-2 -4 -5 -5 -3 -4 -4 -5 -4  4  4 -4  3 -1 -4 -4 -2 -4 -3  3 0 1 0 0 0.01
-1  2  0 -1 -4  2  1 -3  1 -2 -2  4 -2 -3 -3  0  1 -4 -3 -3 0 1 0 0 0.00
-4 -5 -5 -5 -4 -5 -5 -5 -3 -3 -2 -5 -3  9 -5 -4 -4 -2  3 -3 0 1 0 0 0.01
 0 -3  0  0 -3 -3 -2 -3 -3 -2 -3 -3 -3 -4 -3  3  5  0 -4 -2 0 1 0 0 0.01
-1 -3 -3 -3 -2  0 -3 -3 -3  2  2 -2  3  0  0 -1  0 -3 -2  3 0 1 0 0 0.01
-3  7  1 -3 -5 -1 -1 -4 -3 -3 -3  1  1 -4 -1 -3 -3 -2 -2 -2 0 1 0 0 0.01
-1 -3 -1  6 -4 -2  2 -2 -1 -4 -4 -1 -4 -4 -3  1 -2 -1 -4 -4 0 0 1 1 0.01
-1 -4 -1 -4 11 -4 -4 -4 -4 -3 -2 -4 -3 -4 -4 -3 -3 -4 -4 -3 1 0 0 0 0.01
 0 -1  4  0  1 -1  1 -2 -2 -3 -1  1 -2 -3 -1  3  0 -4 -3 -1 1 0 0 1 0.01
 0 -2  0  0 -3 -2  0 -1 -1 -3 -2  0 -2 -2 -2  5  1 -4 -3 -1 1 0 0 1 0.01
-2 -2 -3 -3  1 -3 -2 -3 -3  3  3 -2  2  4 -3 -3 -2 -2  0  0 0 0 1 0 0.01
-2  0 -2  0 -3 -2 -2  1 -2 -3 -2 -1 -3 -3  6  0 -2  1 -3 -1 0 0 1 1 0.01
-1  0  2 -1  0 -1 -1  4 -2 -1 -2 -1 -2 -3 -2  1  0  2 -2 -1 0 0 1 1 0.01
 0 -2  1  0 -2  0 -1  1  1  0 -1 -2 -1 -1  0  0  0  2 -1  2 0 0 1 1 0.02
 1 -1  0 -2 -2  1 -1  1  0 -1  0 -1  0 -2  2  1  0 -1 -2  0 0 0 1 1 0.01
-1  1 -2 -2  1 -1 -2  4 -2 -2  0  1 -2 -3  0 -1 -2 -3 -3 -2 0 0 1 1 0.01
 0 -2  0 -1 -2 -1 -2 -1 -1 -1 -3 -1 -2 -3 -1  3  4 -3 -1 -2 0 0 1 1 0.01
-2 -5 -5 -5 11 -2 -5 -5 -5 -4 -3 -5 -4 -5 -5 -3 -4 -4 -5 -4 0 0 1 0 0.01
-2  3 -2 -3 -4  2 -1 -3 -3 -1 -4  6 -3 -4 -1 -1 -1 -4 -4 -3 0 1 0 1 0.01
-1 -2 -3 -1 -5  2  7 -4  0 -5 -5 -1 -4 -5 -3 -1 -3 -4 -2 -4 0 0 1 1 0.01
-3 -4 -3 -2 -4 -3 -3 -4 -4 -3 -1 -2 -3 -1  1  0  7 -5 -4 -3 0 1 0 1 0.01
-4 -5 -5 -6 -5 -5 -5 -5 -4  0  1 -5 -2  8 -6 -5 -4 -2  0 -1 0 1 0 0 0.01
-2 -1  6  2 -4 -2  0 -2 -2 -4 -3  0 -3 -4 -3  1  1 -4  1 -4 0 1 0 0 0.01
-3 -4 -5 -5 -3 -4 -4 -5 -5  2  4 -4  2  1 -4 -4 -3 -4 -3  3 0 1 0 0 0.01
-4 -3 -4 -4 -4  1 -4 -5  0 -1  1 -1 -2  4 -4 -4 -3 -1  7 -3 0 1 0 0 0.01
-1 -4 -4 -4 -4 -3 -4 -2 -2 -2  0 -2  0  0 -4 -3  0 -1  8  1 0 1 0 0 0.01
-1  0 -2 -3 -3  0 -3 -3  1  0  1 -1  2  2 -3 -1 -2 -1  5 -1 0 1 0 0 0.01
-4 -3  0  0 -6  5  6 -5 -3 -3 -5 -1 -4 -5 -2 -3 -4 -5 -4 -5 0 1 0 0 0.02
 2 -1 -2 -3 -3 -3 -3 -3 -4 -4 -2 -3 -3  1 -3  4  4 -4 -3 -3 0 1 0 0 0.03
-2 -3  3  6 -5  0  2 -2 -3 -5 -5 -1  0 -5 -3 -1 -2 -5 -4 -4 0 0 1 1 0.03
 1  1  1  0 -3  1  2 -1  1 -2 -3 -1 -1 -2 -1  1  1 -1  0 -2 0 0 1 1 0.04
-1  0  0  5 -5  0  1 -3 -3 -5 -5  1 -4 -5  3  0 -2 -5 -4 -3 0 0 1 1 0.06
-1  0  1  1 -3  1  1 -1  1  0  0  1 -1 -2 -1 -1  0 -3  0  1 0 0 1 1 0.08
 1  0 -2  1  0 -1  1  4 -3 -3 -2 -1 -3 -4  1  1 -1 -4 -4 -3 0 0 1 0 0.09
 0  3  0 -3 -3 -2 -3 -3 -1  0 -2 -2  1 -3  4  0  2  3 -3 -1 0 0 1 1 0.07
 0  1  1 -1 -3  1 -1 -1  0 -2 -2  0 -2  2  2  1  0 -2  1 -2 0 0 1 1 0.06
-3  1 -4 -5 -4 -1 -4 -4 -4  2  0 -3 -1  3 -2 -1 -1  9 -1 -1 0 0 1 0 0.06
-1  3  2  0 -1  1  1  0  2 -1 -2  1  2 -3  0 -1 -1 -1 -1 -2 0 0 1 1 0.05
-1  2  1  0 -4 -1  4 -1  0 -4 -2  1 -3 -4  3  0  0 -4 -3 -3 1 0 0 1 0.05
-1  0  2  1 -3  0  0  0  0 -1 -2  0 -2 -2  2  2  0 -3 -2 -2 1 0 0 1 0.04
 0  2  0 -1 -3  2 -1 -1  1 -3 -1  0 -1 -3  3  1  0 -3 -1 -2 1 0 0 1 0.04
-2 -2 -4 -5 -4 -1 -4 -4  0 -3 -3 -4 -3  4  0 -2 -4  8  6 -1 0 0 1 0 0.02
 0  2  0  0 -3  0 -1 -3  1  1  0  2  1 -1 -3  0  0 -2  2  0 0 1 0 1 0.02
-2  1  0  0 -4  1  0 -3 -2 -1 -1  5 -2  0  0  0 -2 -4 -3 -3 0 1 0 1 0.02
-1 -3 -3 -3 -2 -3 -3 -3 -3  3  1 -1  1 -1  1 -2  0 -3  1  3 0 1 0 0 0.02
 1 -2  1  4 -3  1  0  2 -2 -3 -2 -1 -2 -3 -2  0  0 -3 -3 -3 0 1 0 1 0.02
 0  2  1 -2 -2 -1 -2  0 -2 -2 -1  0 -2 -3 -1  0  5 -3 -3 -2 0 1 0 1 0.03
-1 -3 -3 -3 -2 -1 -3 -3 -3  4  1 -2  1 -1 -3  0 -1 -3  0  3 0 1 0 0 0.04
 4 -2  0 -2 -2 -1 -1  0  0 -2 -2  0 -2 -3 -2  0  2 -3 -2 -1 0 1 0 1 0.05
 5  0  0 -3 -2 -2 -2 -1  2 -3 -3 -2 -3 -3  2  1 -2 -4 -3 -1 0 0 1 1 0.08
-2 -2  1  5 -4  1  1  0 -2 -3 -2 -1 -3  1 -3  0  1 -4 -3 -3 0 0 1 1 0.10
-1  1  1  0 -4  1  4 -2  4 -4 -3  1 -3 -1  2 -1 -2 -3 -2 -3 0 0 1 1 0.14
 0  0  0 -2 -3 -1 -2  1  0 -1  0 -2 -2 -1  1  4  0 -3 -2  0 0 0 1 1 0.15
-1 -2  0 -3 -3 -3 -3  0 -2 -2 -1 -3  1  6 -3  0  2  4  2 -2 0 1 0 0 0.16
 0  3 -2 -1 -2  0 -2 -2 -2 -2  0  0  1 -2  2  1  3 -3 -2  0 0 0 1 1 0.16
 1  1  0 -1 -2  2  0  0  1 -1 -1  1 -1 -2  2  0  0 -3 -2 -1 0 0 1 1 0.17
 0  3  0 -2 -2 -1  0 -1 -1 -1 -1 -1  0 -2  1  0  1 -1 -2  1 1 0 0 1 0.19
-1 -1  2  3 -3 -1  1  0  2 -2 -2 -1 -2 -1  2  0  0 -3 -2 -2 1 0 0 1 0.18
 0 -1  0 -2 -2  0 -2  0  0  1  2 -1  0  1 -1 -1 -1 -2  0  1 0 0 1 0 0.19
 1 -1 -1  0 -3  0  0  4  1 -1 -2 -1 -1 -3  0  0 -1  0 -3 -1 0 0 1 1 0.17
 0  0  1  2 -3  0  1  1  1 -1 -2  0  0 -2 -1  1  0 -3 -2 -1 0 0 1 1 0.16
 0  4  2  0 -3  0  1  1 -1 -4 -3  0 -2 -4 -1  0  1  0 -2 -3 0 0 1 1 0.16
 1  0 -1  0  0 -1  1 -1  1  1 -1  0 -1 -2  0  0  1 -2  1  1 0 0 1 1 0.16
 0 -1 -2  0 -3  1  1  0 -1 -1  1 -1  3 -2 -1 -2 -1 -3  0  2 0 0 1 0 0.15
-1  2  1  0 -3  1  0  0  0 -2 -1  3 -2 -3 -1  0  0 -4 -3 -1 0 0 1 1 0.14
-1  1 -3  0 -3 -2 -3 -3 -3  2  2  0  1  0 -3  0 -1 -4 -2  2 0 0 1 0 0.12
-2 -3  7 -1 -5 -1 -2 -3  1 -5 -3 -3 -4 -5 -2  0  3 -6 -4 -2 0 1 0 0 0.10
 0 -1 -3 -3 -3 -1 -1 -2  1  1 -1  0 -1 -1 -3 -1  4 -4 -3  3 0 1 0 1 0.06
-1  0 -2 -1 -5  1  5 -4 -3 -4 -4  3  1 -5 -2 -2  1 -5 -4 -1 0 1 0 0 0.05
 0 -1 -3 -1 -3 -2  0 -2  0  2  0 -2 -1 -3  0 -1  3 -4 -3  3 0 1 0 1 0.05
-2  5 -3 -3  1  0  0 -4 -1 -2  1  1 -2 -2 -4  0 -1 -4 -3 -2 0 1 0 0 0.05
 0  0  0  0  2 -1  0  0  1  0 -1  0  1 -2  1  0  0 -3 -2  0 0 1 0 1 0.04
-1 -1 -1 -1 -2 -3 -3 -3  0  3  1 -3  0  3 -3 -1 -2 -2  1  2 0 1 0 0 0.04
 0 -1 -1 -1 -3 -2  0  5 -3 -3 -1 -1  1 -2 -3  1  0 -3 -3 -3 0 0 1 1 0.04
-1 -1  1 -1 -3 -1  0 -1  0 -3 -1 -1 -2 -3  6 -1 -1 -3 -3 -1 0 0 1 1 0.04
-2 -1  1 -3  1 -2 -3 -2 -3  2  3 -2  1  0 -3 -1 -1 -3 -2  2 0 0 1 0 0.05
-1 -1  1 -2 -3  0 -1 -1 -1 -3 -3 -2 -3 -2  1  4  3 -3 -2 -2 0 0 1 1 0.04
 0  4 -1 -1 -3  1  0 -1  1 -3 -3  4  0 -3 -2  1 -2 -3 -3 -1 0 0 1 1 0.03
 0  4  2  1 -3 -1  0 -1 -1 -3 -3  3 -2 -4  1  0 -1 -4 -3 -2 0 0 1 1 0.02
 1 -1  0  2 -2 -1  0  2 -1 -2 -2 -1 -2 -1 -1  1  0 -1  2 -2 0 1 0 0 0.02
-2 -3  0 -3 -2 -2 -1 -3 -2  0  2 -3  1  6 -3 -2 -2 -1  0  0 0 1 0 0 0.01
-2 -2 -3 -3 -3  0 -2 -3  2 -2 -1 -2 -2  2 -3 -1 -2  4  7 -1 0 1 0 0 0.01
-2  1 -3 -4 -2 -2 -3 -4 -3  2  4 -2  0  1  0 -3 -2 -2 -2  0 0 1 0 0 0.01
 4  0 -2 -1 -2 -2 -1  0 -2 -2 -2 -2 -2 -1 -2  1 -1 -3 -2  0 0 1 0 0 0.01
-2 -3 -3 -4 -3 -3 -3 -3 -2  0  1 -3 -1  7 -3 -3 -2  5  2 -1 0 1 0 0 0.01
-1  1 -1  0 -3  4  1 -2  2 -2 -1  1 -2 -3  3  1 -1  1 -1 -1 0 1 0 0 0.01
-1 -2  1  5 -3 -1  1  1 -2 -3 -1 -2 -2 -2  0 -1 -1 -3  2 -3 0 1 0 0 0.01
-1  1 -1 -2 -2  2 -1 -2  3  1 -1  0 -1  0  1  1  0 -2  0  0 0 0 1 1 0.01
 0 -3 -2 -3 -3 -3 -3  6 -3 -4 -4 -1 -4 -4  1 -2 -3 -4 -4 -4 0 0 1 0 0.01
 3  0  0  0 -2 -1 -1  1 -2 -1 -1  0 -2 -3  1  1  0 -3 -2 -1 0 1 0 0 0.01
-2 -4 -4 -4 10 -4 -4 -4 -4 -2 -1 -4 -2 -3  1 -2 -1 -3  0  0 0 1 0 0 0.01
 0 -3 -3 -3 -2 -2 -3 -1 -3  3  1 -2  4 -1  0  0  0 -3 -2  2 0 1 0 0 0.01
 2 -2 -1 -2  2  0 -1  0 -2 -1 -1 -1 -2 -1  0  3  0 -3 -2  0 0 1 0 0 0.01
-2 -3 -3 -3 -2 -3 -3 -1 -3  3  3 -3  1 -1 -3 -2  0 -3 -2  2 0 1 0 0 0.01
 0 -2 -1 -2 -2  0 -2 -3 -2  1  1 -2  2  0 -2  0  1 -2  1  2 0 1 0 0 0.01
 1  1  1 -1 -2  0  1  0  1 -2 -1  0 -2 -2 -2  3  0 -3  0 -2 0 1 0 0 0.01
-1 -1 -3 -3 -2 -2 -3 -3 -3  3  1 -2  1 -1 -3 -2  0  3 -2  4 0 1 0 0 0.01
-2  5 -1 -2 -3  2 -1 -3  0 -2 -2  3 -2 -3 -2  0 -1 -3 -2 -1 0 1 0 0 0.01
 0 -4 -4 -4 -2 -3 -3 -4 -4  3  1 -3  0 -2 -3 -1 -1 -4 -2  5 0 1 0 0 0.01
-3 -3 -3 -4 -3 -3 -1 -4  0 -2  0 -3 -1  6 -4 -2 -3  3  6 -2 0 1 0 0 0.01
-3 -3 -3 -3 -3 -3 -3 -4  1 -2 -2 -3 -2  4 -4  0 -3  0  8 -1 0 1 0 0 0.01
-1  2  1 -2 -3  2  0 -3  1 -1 -1  4 -1  0 -2 -1 -1 -2  2 -2 0 1 0 1 0.02
 0  3 -2 -2 -3  0 -1 -3 -1 -1 -2  3  0  1 -2 -1  0 -3  0  1 0 0 1 1 0.03
-2 -5 -5 -5 11 -5 -6 -5 -5 -3 -3 -5 -1 -5 -5 -3  0 -5 -5 -3 0 0 1 1 0.04
 0 -2 -3 -1 -4 -1  0 -2 -3 -4 -3  1 -3 -5  7 -1 -2 -2 -4 -3 0 0 1 1 0.03
 1  0  0  1  2  1  3 -1 -1 -3 -2 -1 -2 -1 -1  2  0 -3  0 -2 1 0 0 1 0.05
-1 -3 -3 -3 -2  0 -2 -3 -1  1  1 -2  2  0 -3 -1  3 -3 -2  3 1 0 0 0 0.08
-1 -3 -2 -3 -2 -2  1 -3 -1  2  1 -2  0 -2 -3  0  2  1 -2  3 1 0 0 1 0.16
 0  4 -1 -2 -3  2  0 -3  4 -1 -1  1  0 -3 -3 -1 -1 -3 -1  0 0 0 1 1 0.24
-3 -2  7  0 -4 -1 -1 -2  3 -5 -5 -1 -3 -4 -3  0 -1 -5 -1 -4 0 0 1 1 0.31
-3 -4 -4 -5 -4 -4 -4 -4  1 -1 -1 -4 -1  8 -5 -3 -3  0  3 -2 0 0 1 1 0.37
