 3 -2 -2 -2 -1 -1 -2 -1 -2  1  0 -1  0 -2 -1  0  0 -3 -2  2 0 0 1 1 0.34
 0 -2 -1 -2 -1 -1 -2 -2 -2  1  0 -1  2 -1 -2  0  3 -2 -1  2 0 1 0 1 0.28
-3 -3 -3 -4 -3 -2 -3 -3 -1 -2 -2 -3 -2  2 -4 -3 -2 10  5 -3 0 1 0 0 0.27
 0  0  0 -1 -1  0 -1 -2 -2 -1 -2  2 -1 -2 -1  1  4 -3 -2 -1 0 1 0 0 0.26
-1 -4 -3 -4  9 -3 -4 -3 -3 -1 -2 -3 -2 -3 -3 -1 -1 -3 -3 -1 0 1 0 0 0.42
-1  1 -1 -2 -2  0 -1 -2 -2  1  1  3  2 -1 -2 -1 -1 -2 -2  0 0 1 0 1 0.48
-2  3  5  1 -3  0  0 -1  0 -3 -3  1 -2 -3 -2  0  0 -4 -2 -3 0 1 0 0 0.52
-1  0  0  1 -3  3  2  3  0 -3 -3  1 -2 -3 -2  0 -1 -3 -2 -3 0 1 0 0 0.53
 1  0  0 -1 -2  5  1 -1  0 -2 -2  1 -1 -2 -1  0 -1 -2 -1 -2 0 1 0 1 0.40
-1  0  2 -1  5  0  0 -1 -1 -1  0  2 -1 -2 -1  0 -1 -2 -2 -1 0 1 0 1 0.36
-2 -1  6  1 -3  0 -1 -1  4 -4 -4 -1 -2 -3 -2  0 -1 -4 -1 -3 0 0 1 1 0.30
-1 -2  3  2 -3 -1 -1 -2 -1 -2 -3 -1 -2 -3  6 -1 -1 -4 -3 -2 0 0 1 1 0.35
-1  1  2 -1 -3  0  0  1 -1 -1 -2  4 -1 -3 -2  0 -1 -3 -2  0 0 0 1 1 0.33
 2 -1 -1 -1 -1 -1  1 -1 -2 -1  0 -1  0 -2 -1  1  3 -3 -2  0 0 0 1 1 0.34
-2 -2  4  2 -2 -1 -1  0 -1  0  2 -1  0 -1 -2 -1 -1 -3 -2 -1 0 0 1 1 0.33
-1  2  2 -1 -2  0  0 -2 -1  0 -2  3 -1 -2 -2  1  1 -3 -2 -1 0 0 1 1 0.29
 1 -2 -1 -1 -2 -1 -1  2 -1 -2 -2 -1 -1  0  1  1 -1  4  3 -1 0 1 0 1 0.29
 0  0  0  2 -2  1  3 -1 -1 -2 -2  1 -2 -3  3  1  0 -3 -2 -2 0 1 0 1 0.23
 0 -1  1  2 -1  1  0 -1 -1 -1 -1  0 -1 -2 -1  0  2 -2 -1  0 0 1 0 1 0.20
-1  1  0  0 -2  3  1 -1  0 -2 -2  3 -1 -2 -1  0 -1 -2 -1 -2 0 1 0 1 0.17
-1  4  0 -1 -2  1  0 -1  0 -2 -2  2 -1 -2 -1  1  0 -2 -1 -2 0 1 0 1 0.18
-1 -2 -2 -3 -1 -2 -2 -3 -2  1  3 -2  1  2 -2 -2 -1 -1  0  1 0 1 0 0 0.16
 0  1 -1 -1 -2  2  0 -1 -1  0  1  1  0 -1 -1  1  0 -2 -1  0 0 1 0 1 0.17
-1 -3 -3 -3 -2 -2 -3 -4 -1  3  0 -3  0  1 -3 -2 -1  0  5  3 0 1 0 0 0.14
-1 -1  3  3 -3  0  1 -1 -1 -3 -3  0 -2 -3  3  2  0 -4 -3 -3 0 1 0 1 0.13
-1  0  1 -1 -2  4  0 -2 -1  0 -1  0  0 -2 -2 -1 -1 -2 -2  2 1 0 0 0 0.13
 1 -1  3  4 -2  0  0 -1 -1 -2 -2 -1 -2 -3 -1  1  0 -3 -2 -1 1 0 0 1 0.13
-1  0  4  2 -3  1  0 -1  0 -3 -3  2 -2 -3 -2  1  0 -4 -2 -3 1 0 0 1 0.15
 4  1 -2 -2 -1 -1 -1  0 -2 -2 -2 -1 -1 -3 -1  1  0 -3 -2 -1 1 0 0 0 0.16
 0  0 -1  0 -2  3  3 -2 -1  0  0  1  0 -2 -2 -1 -1 -3 -2 -1 1 0 0 1 0.20
 1 -2 -1 -1 -2 -1  1  1 -2 -2 -1 -1 -1 -1 -2  2  0  6 -1 -2 1 0 0 1 0.19
-1  0  3  0 -3  4  0  0  3 -2  0  0 -1 -2 -2  0 -1 -3 -1 -2 1 0 0 0 0.28
 2 -2 -2 -2 -1 -1 -2 -1 -2  1  1 -1  0  1 -2  1  0 -2 -1  0 1 0 0 0 0.24
 0  2  0 -1 -2  0  0  2  5 -3 -2  1 -2 -2 -2  0 -1 -2 -1 -2 1 0 0 1 0.31
-1  0  2  0 -3  2  1 -2  6 -3 -3  0 -2 -2 -2  1 -1 -2  0 -3 1 0 0 1 0.30
 5 -2 -2 -2 -1 -1 -1  0 -2 -2 -2 -1 -1 -3 -1  1  0 -3 -2 -1 0 0 1 0 0.27
-1 -2 -2 -2 -3 -1 -1  1 -2 -3 -3  1 -3 -4  7 -1 -1 -4 -3 -3 0 0 1 1 0.28
-1 -2 -2 -3 -1 -2 -3 -3 -3  2  3 -2  1  2 -3 -1  2 -2  0  1 0 0 1 1 0.18
 0 -1  0  2 -2  0  1 -2  2 -1 -2  1 -1 -3 -1  2  1 -3 -2  0 0 0 1 0 0.17
 1 -1  0  4 -2  0  0 -1 -2 -2 -2  1 -2 -3 -1  0  2 -3 -2 -1 0 0 1 0 0.14
 0 -2 -1 -1 -2 -2 -2  5 -2 -3 -3 -1 -2 -3 -2  0  1 -2 -3 -2 0 0 1 1 0.15
-1  3  0 -1 -3  1  2 -2 -1 -3 -2  4 -2 -3 -1  0 -1 -3 -2 -2 0 0 1 1 0.15
 0 -1  2 -1 -1  0 -1 -1  3 -2 -2 -1 -2 -3 -1  3  3 -3 -1 -2 0 0 1 0 0.15
 0 -2 -1 -1 -3 -1  0  6 -2 -4 -4 -1 -3 -4 -2 -1 -2 -3 -3 -3 0 0 1 1 0.15
 0  1  0  2 -1  0  0 -1 -1 -2 -2  0 -1 -2  0  2  0 -2 -1 -1 0 0 1 0 0.11
 0 -1  0  0 -1  0  0  2 -1 -1 -1  0 -1 -1  0  2  0 -1 -1 -1 0 0 1 1 0.09
-2 -2 -2 -3 -2 -2 -2 -3  1 -2 -1 -2 -1  2 -3 -2 -2  2  7 -1 0 0 1 0 0.06
-1 -3 -3 -2 -3 -2 -2 -3 -3 -3 -3 -2 -3 -4  8 -1 -2 -4 -3 -3 0 0 1 0 0.04
-2  0  0 -2 -3  0 -1 -3  8 -3 -3  1 -2 -1 -3 -1 -2 -2  3 -3 0 1 0 1 0.03
-2  1 -1  3 -3  1  0  1 -1 -3 -2 -1 -2  2 -3 -1 -2  7  0 -3 0 1 0 0 0.03
-3 -3 -3 -4 -3 -3 -3 -4 -1  0  1 -3  0  6 -4 -3 -2  1  4 -1 0 0 1 0 0.02
-1  0  3  0 -2  2  0 -2  0 -2 -1  1  1 -1 -2  0  2 -2  1 -1 0 0 1 1 0.02
-2 -1  6  1 -3  0 -1 -1  0 -4 -4 -1 -3 -3 -2  1  0 -4 -3 -3 0 0 1 0 0.03
 0 -1  1 -1 -2 -1 -1  4 -1 -2 -2  1 -2  0 -1  0 -1 -1 -1 -2 0 0 1 0 0.04
-1 -1 -1 -1 -2  2  0 -1  1 -1 -1  0 -1  1 -1 -1 -1  1  5 -1 0 1 0 0 0.05
-1 -1  2  4 -2  0  2 -1 -1 -2 -2  0 -2 -2 -1  1  0 -2 -2 -2 0 0 1 1 0.07
 0 -1  1 -1 -2 -1 -1  4 -1 -2 -2 -1 -2 -2 -1  0 -1 -2 -2 -2 0 0 1 0 0.08
-1 -1  1  1 -1  0  0 -1 -1  0  2 -1  0 -1 -1  0  0 -1 -1  0 0 0 1 1 0.09
 0 -1  0  0 -1  0 -1  3 -1 -1 -1 -1 -1 -1  0  0  1 -1 -1 -1 0 0 1 0 0.11
 0  2  0  0 -1  0  0 -1  0  0 -1  2  0 -1  0  0  0 -1 -1  0 0 0 1 1 0.12
-1 -1 -1 -1 -1 -1 -1 -2 -1  2  2 -1  1  0 -1 -1  0 -1 -1  2 0 1 0 1 0.12
 0  0  0 -1 -1  1  0 -1 -1  0  0  1  1 -1  1  1  0 -1 -1  0 0 0 1 1 0.11
 0  1  0  0 -1  1  0 -1 -1 -1 -1  3 -1 -2  0  1  0 -1 -1 -1 0 0 1 1 0.11
 0 -1  1  0 -1 -1 -1  3 -1 -1  0 -1 -1  0 -1  0  1 -1 -1 -1 0 0 1 1 0.12
 0  3  1  0 -1  0  0 -1  0 -2 -1  1 -1 -2  1  1  0 -1 -1 -1 0 0 1 1 0.10
 0 -1  1  0 -1  0  0 -1 -1 -1 -1  0  1  0  2  0  2 -1 -1 -1 0 0 1 1 0.11
 1 -1 -1 -1 -1 -1 -1 -1 -1 -1 -1 -1 -1 -2  6  0 -1 -2 -1 -1 0 0 1 1 0.10
-1 -2 -2 -2 -1 -1 -2 -2 -2  3  1 -1  1  0 -1 -1 -1 -1 -1  2 0 0 1 0 0.08
 0  1  0 -1 -2  1  0 -1 -1 -1 -1  4 -1 -2  0  0  1 -2 -1 -1 0 0 1 1 0.08
-1 -2 -2 -2 -2 -1 -2 -2 -1 -1  0 -2  0  4 -2 -1 -1  7  2 -1 0 0 1 0 0.07
 0 -1  0 -1 -1 -1 -1  3 -1 -2 -2 -1 -1 -2  3  0 -1 -1 -1 -1 0 0 1 1 0.07
 1  1  1  0 -1  0  0  0 -1 -1 -1  2 -1 -1  0  1  0 -1 -1 -1 0 0 1 1 0.07
 1  0  2  0 -1  0  0  0  0 -1 -1  0 -1 -1  0  2  0 -1 -1 -1 0 0 1 1 0.09
-1  0  2  3 -1  0  1 -1  2 -1 -1  0 -1 -1  0  0  0 -1 -1 -1 0 0 1 1 0.09
 0 -1 -1 -1  7 -1 -1 -1 -1 -1  0 -1  0 -1 -1 -1 -1 -1 -1  0 0 0 1 0 0.10
-1 -1  2  4 -1  0  1 -1 -1 -2 -2  0 -1 -2 -1  1  0 -2 -1 -1 0 0 1 1 0.13
-1  4  1  0 -2  0  0 -1  0 -1 -1  1 -1 -1 -1  0  0 -1 -1 -1 0 0 1 1 0.17
-1  0 -1 -1 -2 -1 -1 -1 -1 -2 -2  0 -1 -2  6 -1 -1 -2 -2 -1 0 0 1 1 0.23
-1 -1 -1 -1  2 -1 -1 -1 -1 -1  0 -1  1 -1  5  0  1 -2 -1 -1 0 0 1 0 0.22
-1  3  0  0 -2  1  1 -1  0 -2 -2  3 -1 -2 -1  1  0 -2 -1 -2 0 1 0 1 0.20
-2  2  4  0 -3  0  0 -1  6 -3 -3  0 -2 -2 -2  0 -1 -3  0 -3 0 0 1 0 0.19
 1  0  0 -1 -1 -1 -1  2 -1 -1  0 -1 -1  0 -1  2  0 -2 -1 -1 0 0 1 1 0.19
-1  2 -1 -1  3  2  1 -2 -1 -2 -2  4 -1 -3 -1  0 -1 -2 -2 -2 0 0 1 1 0.20
-1 -1  3  2 -2 -1  0  1 -1 -2 -2 -1 -1  2 -1  1  0 -2  0 -2 0 0 1 1 0.22
 0 -1 -1 -1 -2 -1 -1  4 -1 -2 -2  1 -2 -2  3  0 -1 -2 -2 -2 0 0 1 0 0.22
 0  0  1  1 -1  1  0  1 -1 -1 -1  1  0 -2 -1  0  0 -2 -1 -1 0 0 1 1 0.17
 0 -1  0 -1 -2 -1 -1  5 -1 -2 -2 -1 -2 -2 -1  1 -1 -2 -2 -2 0 0 1 0 0.16
 0  0 -1 -2  6 -1 -1 -1 -1  0  0  1  1 -1 -1 -1 -1 -2 -1  0 0 0 1 1 0.14
-1  2  2  1 -2  0  0 -1  0 -2 -2  2 -1 -2 -1  0  1 -2 -1 -1 0 0 1 1 0.09
-1 -1  3  4 -2  0  1 -1  0 -2 -2  0 -2 -2 -1  0  0 -2 -2 -2 0 0 1 0 0.05
-1  0  0  0 -2  1  1 -1  5 -2 -2  2 -1 -1 -1  0 -1 -1  0 -2 0 1 0 1 0.03
 0  1 -1 -1 -2  0  0 -1  0 -1 -1  1 -1  1 -1  0 -1  0  4 -1 0 1 0 0 0.02
-2 -2 -4 -4 -2 -2 -3 -4 -3  1  4 -3  3  0 -3 -3 -1 -2 -1  0 0 1 0 0 0.01
-2  3 -2 -3 -2 -1 -2 -3 -2  0  2  0  0  2 -3 -2 -2  4  0 -1 0 1 0 0 0.01
-1 -1 -1  1 -4  1  6 -3 -1 -4 -3  0 -3 -4 -2 -1 -1 -3 -3 -3 0 1 0 0 0.01
-2 -2 -3 -4 -2 -2 -3 -4  0  1  1 -3  0  4 -3 -2 -2  1  5  0 0 1 0 0 0.01
-1 -3 -3 -2 -3 -2 -2 -3 -3 -3 -3 -2 -3 -4  8 -1 -2 -4 -4 -3 0 1 0 0 0.01
-1 -2 -2 -3 -1 -2 -2 -3 -3  2  1 -2  0 -1 -2 -1  2 -3 -2  3 0 0 1 0 0.01
-2 -3 -3 -3 -3 -3 -3 -3 -2  0  1 -3  0  6 -4  0 -2  0  2 -1 0 0 1 0 0.01
 1 -1  1 -1 -2  3  0 -2 -1 -2 -2  0  0 -3  5  0 -1 -3 -2 -2 0 0 1 1 0.01
-1  1  0  4 -3  3  2  1 -1 -3 -3  1 -2 -4 -2  0 -1 -3 -2 -3 0 0 1 1 0.02
-1 -1  0  1 -3  2  0  4  4 -4 -3 -1 -2 -3 -2 -1 -2 -3 -1 -3 0 0 1 0 0.03
-1  0  0 -1 -3  2  0 -2  8 -3 -3  1 -2 -2 -2 -1 -2 -3  1 -3 0 0 1 1 0.04
 0  2  0  2 -3  1  2 -2 -1 -2 -1  2 -1 -3  2  0 -1 -3 -2 -2 0 0 1 1 0.05
-2 -2 -3 -4 -3 -2 -3 -4  1 -1 -1 -2 -1  2 -3 -2 -2  6  7  0 0 0 1 0 0.06
 0  0  2  2 -3  2  1 -1  0 -3 -3  2 -2 -2  2  0 -1 -2  1 -2 0 0 1 1 0.07
-2 -1  1 -2 -3 -2 -2 -3  0  0 -1  0 -1  5 -3 -2 -2  0  4 -1 0 0 1 1 0.10
-2 -2  1  5 -3 -1  1  1 -1 -3 -3 -1 -3 -2 -2 -1 -1 -2  1 -3 0 0 1 1 0.12
 0  0  3  0 -1  0  0 -1 -1 -2 -2  1 -2 -2 -1  3  2 -3 -2 -2 0 0 1 1 0.12
-1  4  0 -1 -3  1  0 -2 -1 -3 -2  3 -2 -3  2  1 -1 -3 -2 -2 0 0 1 1 0.12
 1  2  0 -1 -1  0  0 -1 -1 -2 -2  3 -1 -2 -1  0  1 -2 -1 -1 0 0 1 1 0.12
-1 -2 -1  1 -3  1  0 -2  2 -3 -3 -1 -2 -3  6  1 -1 -4 -2 -3 0 0 1 1 0.11
-1  1 -1 -1 -3  0  1  2 -1 -3 -3  4 -2 -4  2 -1 -1 -3 -2 -3 0 0 1 1 0.11
 0  0 -1  1 -3  3  4 -2 -1 -2 -2  0  2 -3 -2  0 -1 -3 -2 -2 0 0 1 1 0.10
-2 -1  3  4 -3  0  2 -2 -1 -3 -3  1 -2  1  2  0 -1 -3 -1 -3 0 0 1 1 0.09
-1 -1 -2 -2 -3 -1 -1 -2 -2 -3 -3  1 -2 -3  7 -1 -1 -3 -3 -2 0 0 1 0 0.08
 0 -3 -1 -2 -3 -2 -2  6 -2 -4 -4 -2 -3 -3 -2  0  0 -3 -3 -3 0 0 1 0 0.06
 0 -3 -3 -2 -3 -2 -2 -2 -3 -2 -1 -2 -2 -3  7 -1 -1 -4 -3 -2 0 0 1 0 0.03
 3 -2 -3 -3 -1 -2 -2 -1 -2  1  0 -2  2  4 -2 -1 -1 -1  1  0 0 1 0 0 0.02
-2  6 -1 -2 -4  1 -1 -3 -1 -4 -3  2 -2 -3 -3 -1 -2 -3 -2 -3 0 1 0 0 0.02
-1 -3 -3 -4 -1 -3 -3 -4 -3  2  2 -3  1 -1 -3 -2 -1 -3 -2  4 0 1 0 0 0.01
-2 -3 -3 -4 -2 -3 -3 -4 -3  5  1 -3  1  0 -3 -3 -1 -2  2  3 0 1 0 0 0.01
 2 -2 -2 -3 -2 -2 -2 -2  1 -2 -2 -2 -1  2 -2 -1 -1  1  6 -1 0 1 0 0 0.01
 2 -2 -1 -1 -1 -1 -1 -1 -2 -1 -2 -1 -1 -3 -1  2  4 -3 -2 -1 0 1 0 0 0.01
 1  0  1 -1 -3  0 -1 -2  0 -2 -2  3 -2  0 -2 -1 -1  0  4 -2 0 0 1 0 0.01
-1 -2  0  4 -3 -1  2 -2 -2 -2 -3 -1 -2 -3  5 -1 -1 -4 -3  0 0 0 1 1 0.01
-1 -1  4  3 -2 -1  0 -1 -1 -2 -1 -1 -1 -3 -2  1  2 -3 -2 -2 0 0 1 1 0.01
-1  4  0 -1 -3  1  0  1  2 -3 -3  3 -2 -3 -2 -1 -1 -3 -2 -3 0 0 1 0 0.01
-1  0 -1 -2 -1 -1 -1 -2  2  0  1 -1  1  0 -2  0  1 -1  2  1 0 0 1 1 0.01
-2 -3 -3 -4 -3 -3 -3 -4  0 -1  1 -3  0  6 -4 -3 -2  1  5 -1 0 1 0 0 0.01
-1 -4 -3 -4 10 -4 -4 -3 -4 -2 -2 -4 -2 -3 -3 -1 -1 -3 -3 -1 0 1 0 0 0.01
 1 -3 -1 -2 -2 -2 -2  6 -2 -3 -3 -2 -3 -3 -2 -1 -2 -3 -3 -1 0 1 0 0 0.01
-1 -3 -4 -4 -2 -3 -3 -4 -4  5  1 -3  1 -1 -3 -3 -1 -3 -2  3 0 1 0 0 0.02
-1 -3 -3 -3 -1 -2 -3 -3 -3  3  1 -2  2 -1 -3 -2  1 -3 -2  3 0 1 0 0 0.02
 3 -1 -1 -1 -1 -1 -1 -1 -2 -2 -2  1 -1 -3 -1  3  1 -3 -2 -1 0 1 0 0 0.04
-2 -1  0 -2 -3  0 -1 -2  8 -4 -3 -1 -2 -2 -3  0 -2 -3  1 -4 0 1 0 0 0.06
-1 -1  2  3 -2  1  0 -2  4 -3 -3 -1 -2 -3  2  1  1 -3 -1 -2 0 0 1 1 0.08
-1  4  4  0 -3  1  2 -2  0 -3 -3  1 -2 -3 -2  1 -1 -3 -2 -3 0 1 0 1 0.10
-1 -2 -1  1 -3  0  1  2 -2 -3 -3 -1 -2 -3  5 -1 -1 -3 -3 -2 0 0 1 0 0.13
-1 -1  6  1 -3  0 -1 -1  0 -4 -4 -1 -2 -3 -2  1  0 -4 -2 -3 0 0 1 1 0.11
 2  0  0  1 -2  3  1 -1 -1 -2 -2  0 -1 -3 -1  1  0 -3 -2 -1 0 1 0 1 0.10
 0 -2 -1 -1 -3 -2 -2  6 -2 -4 -4 -2 -3 -3 -2  1 -1 -3 -3 -3 0 0 1 1 0.15
-1 -1  3  2 -2 -1  0 -2 -1 -1  1 -1 -1 -2  2  1  0 -3 -2 -1 0 0 1 1 0.14
-2 -3 -3 -4 -2 -3 -3 -4 -2  1  2 -3  1  5 -3 -3 -2  0  2  1 0 1 0 0 0.16
-2  2  0 -1 -3  1  1 -2  7 -4 -3  1 -2 -2 -2 -1 -2 -3  1 -3 0 1 0 1 0.15
-2 -2 -4 -4 -2 -2 -3 -4 -3  1  4 -3  2  0 -3 -3 -1 -2 -1  1 0 1 0 1 0.17
-1 -4 -3 -4  9 -3 -4 -3 -4 -2 -2 -4 -2 -3 -3 -1 -1 -3 -3 -1 0 0 1 0 0.14
 1 -1  0 -1 -1  0  0 -1 -1 -2 -2  0 -1 -2 -1  4  3 -3 -2 -1 0 1 0 1 0.15
-2 -1  0 -2 -3  0 -1 -2  7 -2 -2 -1 -1  1 -3 -1 -2  0  5 -2 0 0 1 1 0.32
