 3 -2 -1 -1 -1 -1 -1  3 -2 -3 -3 -1 -2 -3 -1  3  0 -3 -2 -2 0 0 1 1 0.89
 1 -2  2 -1 -2 -1 -1  0 -2 -3 -3 -1 -2 -3 -2  5  1 -4 -3 -3 0 0 1 1 0.88
 1 -3 -1 -3 -3 -1 -3 -3 -3 -2 -2 -3  7 -3 -3  3  2 -4 -3 -2 0 0 1 1 0.87
 0 -3 -2 -1 -3 -1 -1  4 -3 -4 -4 -2 -3 -4 -3  4  2 -4 -4 -3 0 0 1 0 0.87
-2 -4 -1 -3 -4 -3 -3  5 -4 -4  0 -3 -3 -4 -4  2  2 -4 -4 -2 0 0 1 1 0.86
-4 -4 -5 -6 -4 -4 -5 -6 -5 -1  6 -5  0 -2 -2 -4 -2 -4 -3  1 0 1 0 0 0.86
-2 -2 -2 -3 -4  5 -2 -4 -3 -3 -4 -1 -3 -5 -1  2  4 -5 -4  0 0 1 0 1 0.88
-4  7 -3 -4 -6  4 -2 -5  2 -5 -5  0 -4 -5 -4 -3 -3 -5 -4 -5 0 1 0 1 0.95
-4  8 -3 -4 -6 -2 -3 -5 -3 -6 -5 -1 -4 -5 -5 -2 -4 -5 -4 -5 0 1 0 0 0.96
-3  7  0 -3 -1 -1 -2 -2 -2 -5 -4  1 -3 -5 -4  0  0 -5 -4 -4 0 1 0 0 0.94
 0 -1 -2 -3 -3 -2 -3  4 -3 -1 -2 -1 -2 -3 -3  1 -1 -4 -3  3 0 0 1 0 0.93
 2 -1  3 -2 -3 -1 -2  4 -3 -3 -3 -1 -3 -4 -1 -1 -1 -4 -3  0 0 0 1 1 0.93
 1  2  1 -2 -2  0 -1  2  0 -2  1  1 -1 -2 -1  0 -1 -3 -1 -2 0 0 1 1 0.94
 1  0 -1 -1 -2 -1 -2  1 -2  0 -2 -1 -1 -2 -1  2  1 -3 -2  2 0 0 1 0 0.96
 2 -1  3  2 -3  3  1  0 -2 -3 -3 -1 -2 -3 -1  1 -1 -3 -3 -3 0 0 1 1 0.97
 0  3  2  0 -3  0 -1  1 -2 -2 -3  0 -2 -3 -2  2  1 -3 -3 -2 0 0 1 1 0.97
 1  1  0  0 -2  0  0  2 -1 -2 -2  0 -1 -3  0  1  0 -3 -2 -2 0 0 1 1 0.97
 0 -2  2  3 -1  0  1  1 -2 -2 -3 -1 -2 -3 -1  1  2  0 -2 -2 0 0 1 1 0.97
 0 -1  0  2 -2 -1  2  1 -1 -2 -3  0 -2 -3  0  2  0 -3 -2 -1 0 0 1 1 0.97
 2 -1 -1  0 -2 -1  0  1 -2 -1 -1 -1 -1 -2  1  2  1 -3 -2 -1 0 0 1 1 0.97
 1  1 -1  0 -2 -1 -1  1 -2 -2 -2 -1 -1 -3  1  3  0  1 -2 -1 0 0 1 1 0.97
 0  2  0  0  0  0  0  1 -2 -1 -1  0 -1 -2 -2  1  1 -3 -2  0 0 0 1 1 0.98
-1  0  2  1 -2  1  1  1  0 -2 -2 -1  0 -3  1  2  0 -3 -2 -2 0 0 1 1 0.98
 1  1  0  0 -2 -1  0  2 -2 -2 -1 -1 -2 -2  1  2  0 -3 -2 -1 0 0 1 1 0.98
 1  0  0  0 -2  0  1  2 -2 -2 -2 -1 -2 -3  1  3  0 -3 -2 -2 0 0 1 0 0.97
 1  1  0  0 -1 -1  0  1 -1 -1 -1  0 -1 -1  0  2 -1 -2 -2  0 0 0 1 0 0.97
 0  1  2  2 -2  0  0  0  0 -2 -2  0 -2 -1  2  2  0 -3 -2 -2 0 0 1 1 0.97
 0  2  1  0 -2  0  0  1  0 -1 -1  1 -1 -2  2  1  0 -2 -2 -1 0 0 1 1 0.97
 1  0  1  1 -2 -1  1  0  0 -1 -1  0 -1 -1  1  1  1 -2 -2 -1 0 0 1 1 0.97
 0  1  1  1 -2  1  1  0  1 -1 -2  1 -1 -2  1  0  0 -2 -2  0 0 0 1 1 0.97
 0  1  1  1 -2  0  0  2 -1 -1 -2  0 -2 -2 -2  1  0 -2 -1 -1 0 0 1 1 0.98
 0  1  0  2 -2  0  1  1  0 -2 -2  0 -2 -2  1  1  0 -2 -1 -2 0 0 1 1 0.97
 1  1  1  1 -2  0  1 -1  0 -2 -1  1 -1 -1  0  0  0 -2  0 -1 0 0 1 1 0.97
 0  2  1  1 -2  0  1 -1  2  0 -1  0 -1 -2 -1  1  1 -2 -1 -1 0 0 1 1 0.97
 2  0  1  0 -2  0  0  0  0 -1 -1  0 -1 -2  0  1  1 -2 -1 -1 0 0 1 1 0.97
 0  2  2  0 -2  0  0  1  0 -2 -2  0 -2 -2  2  1  0  0 -2 -2 0 0 1 1 0.97
 0  1  0  0 -2  0  0  1  0 -1 -1  0 -1 -2  1  1  1 -2 -1  0 0 0 1 1 0.97
 0  0  0 -1 -1 -1  0  1  0 -1 -2  0 -2 -2  2  2  1 -3 -2  1 0 0 1 1 0.97
 1  1  0  0  0  0  2  0  0 -2 -2  0  0 -1  0  1 -1  1 -1 -1 0 0 1 1 0.97
 0  0  0  2 -3  0  2  0 -2 -2 -2  0 -2 -3  1  2  1 -3 -1 -2 0 0 1 1 0.97
 0 -1  3  1 -3 -1  1  3 -1 -2 -3 -1 -3 -3 -1  2  0 -3 -3 -3 0 0 1 1 0.96
 0 -1  1  3 -3  1  1  0 -1 -3 -3  0 -2 -1  0  1  1  0  1 -2 0 0 1 1 0.96
 0 -2  1  4 -3  0  2 -1 -2 -1 -3  0 -2 -2  1  0  0 -3  0 -1 0 0 1 1 0.96
-2 -1  1  4 -2  0  2 -1 -2 -3 -3 -1 -3 -2 -2  2  1 -4 -3 -3 0 0 1 1 0.96
 0  0  4  2 -1  0  1  0 -1 -3 -3 -1 -3 -3  0  1  0 -4 -3 -2 0 0 1 1 0.96
 1 -1  2  1 -2  0  2  2 -1 -2 -2  0 -2 -3 -2  1  0 -3 -2 -1 0 0 1 1 0.95
 0 -1  2  2 -1  1  2  0  0 -2 -2  0 -1 -3  0  1  0  0 -1 -1 0 0 1 1 0.94
 0 -1  1  1 -3  0  1  3 -1 -3 -3 -1 -2 -3 -2  1  0 -3 -2 -2 0 0 1 1 0.94
-1  0  1 -1 -3 -1  1 -2  6 -2 -3  1 -2 -2  0  2 -1 -3 -1 -3 0 0 1 1 0.93
-1  3  0  2 -4  1  1 -3 -2 -4 -3  4 -3 -4 -2 -1 -1 -4 -3 -3 0 0 1 1 0.93
-1 -2  0 -1 -2 -2 -1 -2 -3  3  0 -1 -1 -2  0 -1  0 -3 -2  3 0 0 1 1 0.93
 4  0  0 -1 -2 -1  0  2 -2 -2 -2 -1 -2 -2 -1 -1 -1 -3 -3 -1 0 0 1 0 0.92
-1 -1 -1  0 -1  0  0 -2 -1 -1 -2 -1 -2  3 -2  1 -2  0  5 -1 0 0 1 0 0.93
-2 -2  0  6 -3 -1  1 -2 -1 -3 -3 -1 -3 -3  2 -1 -2 -4 -3 -3 0 0 1 0 0.92
-1 -1 -1  2 -3  0  1 -2 -2 -3 -3 -1 -3 -4  6  1 -1 -4 -3 -3 0 0 1 1 0.91
-2  4  0  1 -4  1  3 -2 -1 -3 -3  1 -2 -3  2 -1 -2 -3 -1 -3 0 0 1 1 0.89
-1 -2 -1  5 -3 -1  3 -3 -2 -2  0 -2 -2 -3 -2  0 -1 -4 -3 -3 0 0 1 1 0.87
 1 -1  2  1 -1  0  1 -1 -1  0  0  0 -1 -2 -2  2  0 -3 -2 -1 0 0 1 1 0.80
-1  0  1  2 -3  1  4  1 -1 -3 -3  1 -2 -3 -2 -1 -1 -3 -2 -1 0 0 1 1 0.70
 0 -1  2  3 -3  1  1 -2 -1 -2 -1 -1 -1 -3  1  2  0 -3 -2 -1 0 0 1 1 0.76
 1  1  1  1 -2  0  1 -1 -1 -2 -2  0 -2 -1 -1  2  1 -3 -2 -2 0 0 1 1 0.74
-1  0  0  3 -2  0  3  0 -2 -3 -3  1 -2  1 -2 -1 -1 -3 -2 -1 0 0 1 1 0.70
-1  1  2  4 -3  0  2  1 -1 -3 -2  0 -2 -3 -2  0  0 -3 -2 -3 0 0 1 1 0.65
 0 -1  0  1 -1  0  0  1 -2 -1 -2 -1 -2 -3  2  2  1 -3 -2 -1 0 0 1 1 0.63
-1  3  1 -1 -3  1  0 -1 -1 -3 -2  3 -2 -3 -2  1  1 -3 -2 -2 0 0 1 1 0.53
 0 -2 -1 -1 -2  1  0  0 -1  1  0 -1  1 -1 -2  0  0 -2 -1  2 0 0 1 1 0.43
 0 -2 -2 -2 -3 -2 -2 -2 -3 -2 -2 -2 -1 -4  7 -1  1 -4 -3 -1 0 0 1 0 0.33
 0  3 -1 -1 -3  1  2 -1  0 -2 -1  2 -1 -2 -2  0  1 -2 -2 -2 0 0 1 1 0.24
-2 -3 -3 -4 -2 -2 -3 -4 -3  1  5 -3  2  0 -3 -3 -2 -2 -2  1 0 0 1 0 0.18
-1  1  1 -1 -2 -1 -1 -2  0 -2 -2  0 -2 -3  1  1  5 -3 -2 -1 0 0 1 0 0.14
-2 -3 -4 -4  0 -3 -3 -4 -3  2  4 -3  2  0 -3 -3 -2 -2 -2  1 1 0 0 0 0.10
 1  0 -2 -3 -2 -1 -2 -1 -2 -1  0 -2  5 -1  3 -1 -1 -2  2  0 1 0 0 0 0.06
-2 -1 -1  2 -4  2  6 -1 -1 -4 -4 -1 -3 -4 -2 -1 -2 -4 -3 -3 1 0 0 0 0.04
 1 -1 -1  2 -3  2  5 -2 -1 -3 -3  0 -3 -4 -2 -1 -2 -3 -3 -3 1 0 0 0 0.03
-1 -2 -3 -3  0 -2 -3 -3 -2  2  2 -2  1  2 -3 -2 -1 -2  1  3 1 0 0 0 0.02
-1 -2 -3 -3 -2 -2 -3 -3 -2  1  3 -2  2  2 -3 -2 -1 -2  0  2 1 0 0 0 0.02
-2 -3 -3 -4 -2 -3 -3 -4 -3  1  5 -3  1 -1 -3 -3 -2 -2 -2  0 1 0 0 0 0.02
-2 -3 -4 -4 -2 -3 -3 -4 -3  2  5 -3  3 -1 -3 -3 -2 -3 -2  0 1 0 0 0 0.01
 2 -2 -2 -2  1 -2 -2  4 -2 -1 -1 -2  0 -3 -2  1 -1 -3 -3 -1 0 0 1 0 0.01
 0 -2 -2 -3 -2 -1 -2 -3  2  1  3 -2  1 -1 -3 -2  1 -2  2  0 0 0 1 0 0.01
-1  1  3  4  1  0  0 -1  2 -3 -3  2 -1 -3 -2  0 -1 -4 -3 -3 0 0 1 0 0.01
-2 -3 -1  5 -4 -1  2  0 -2 -4 -4 -2 -4 -4  2  0  0 -4 -4 -4 0 0 1 1 0.02
 0  3  1  2 -3  1  1 -1  1 -2 -2  2 -2 -1 -2  0  0 -3 -2 -1 0 0 1 0 0.02
 0  0  1  0 -2  1  2  0 -1 -2 -2  1 -2 -3  1  1  3 -3 -2 -2 0 0 1 0 0.03
-1 -2 -2 -3 -4 -4 -4  6 -4 -5 -5 -3 -4 -4 -4  0 -3 -4 -2 -2 0 0 1 0 0.03
 0  2 -1 -3 -3  0 -1 -1  0 -3 -3  3 -3 -1 -3 -1  0 -2  6 -3 0 0 1 0 0.03
 0 -2 -2 -3 -3 -2 -3 -4 -3 -1  2 -3  1  0  4 -1  3 -3  0  1 0 1 0 1 0.04
-1  1  0 -1 -3  0  0 -2  1 -2 -1  0 -2 -3  0  4  0 -3 -1  0 0 0 1 0 0.03
-1 -2 -3 -1 -1 -2 -2  0 -3  1 -1 -3  0  6 -3 -1  0 -2  1  1 0 0 1 1 0.04
-2  2 -2  1 -4 -1 -2  0  1 -4 -3 -3 -1 -2  1 -1  1  9  0 -3 0 0 1 0 0.03
 1  1  5 -1 -1 -1 -1  0 -1 -2 -2 -1  0  0 -1  1 -1 -4 -3  0 0 0 1 1 0.03
 0 -1  0  4 -3  1  0  0 -2 -1 -3 -1 -1 -1 -1  1  0 -3 -2 -1 1 0 0 1 0.03
 0 -1  3 -1  5 -1 -1  0  1 -2 -2 -1 -2 -2  0  1  1 -3  1 -2 1 0 0 1 0.03
-2  1 -3 -3 -3 -3 -3 -2 -3  4  3 -3  0  0 -2 -2  0 -3 -2  1 1 0 0 0 0.02
 0 -1  0  2 -1  0  0  0  1 -3 -2 -1 -3 -1  0  4 -1 -3 -1 -3 1 0 0 0 0.02
-1 -2 -2 -3 -1  0 -1 -2  2 -2  0 -2 -2  0 -2  2  0  2  5 -2 1 0 0 0 0.02
 3 -3 -2 -3  0 -3 -3  4 -3 -3 -3 -1 -3 -3 -3  0  1 -4 -3  1 1 0 0 0 0.01
-1 -4 -4 -4 -3 -4 -3 -4 -4  0  5 -4  1 -1 -4 -3 -1 -3 -3  1 1 0 0 0 0.01
 3  5 -2 -3 -3 -2 -2 -1 -1 -3 -3  0 -3 -4  0 -1 -1 -4 -3 -1 1 0 0 0 0.01
 1 -4 -3 -4 -1 -4 -4  6 -4 -5 -4 -4  2 -5 -4 -2 -3 -4 -5 -4 1 0 0 0 0.01
 4 -2 -3 -4  7 -3 -3  1 -4 -3 -3 -3 -3 -4  2 -2 -3 -4 -4 -1 1 0 0 0 0.01
-1 -4 -4 -4 -3 -2 -2 -2 -4  4  2 -3  3 -1 -4 -2 -2 -4 -3  3 1 0 0 0 0.01
-2 -1 -4 -5 -3 -2 -4 -5 -4  1  5 -4  2 -1 -1 -4 -3 -4 -3  1 1 0 0 0 0.01
 1 -3 -1 -3  2 -3 -3 -1 -3  4  1 -3  2 -1 -3 -1  0 -3 -3  2 1 0 0 0 0.01
-4 -3 -3  3 -6  1  7 -5 -3 -6 -5  0 -5 -1 -4 -3 -4 -5 -4 -5 1 0 0 0 0.01
-4 -5 -1 -6 -4 -5 -5 -6 -5  1  6 -5 -1 -2 -5 -5 -4 -4 -4  0 1 0 0 0 0.01
 4 -3 -3 -2 -2 -1 -1  1 -3 -1 -1 -3  0  0 -1  0 -1 -3  1  1 1 0 0 0 0.01
-1 -3 -3 -5 -4 -4 -3 -3 -2  1  5 -4  3  3 -5 -4 -3 -3 -2 -1 1 0 0 0 0.01
 1  5 -2 -1 -1 -1 -2 -2 -1 -3  0 -1  1 -4 -4 -1  0 -4 -4 -2 0 0 1 0 0.01
-1 -1  1  0 -5 -2  0  6  1 -6 -5 -1 -5 -5 -1 -2 -2 -1 -4 -5 0 0 1 1 0.01
-1  7 -2 -4 -5 -2 -3 -2  1 -5 -3  2 -4  0 -4 -3 -4 -5 -4 -2 0 0 1 0 0.02
-1 -2 -4 -2 -3 -4 -4 -5 -4  6  1 -4  0 -3 -4 -4 -2 -4 -3  3 0 1 0 0 0.03
 1  2 -1  0 -3  2  2 -1 -1 -1 -2 -1 -1 -3 -1  1  1 -3  0 -1 0 1 0 1 0.04
 0 -3 -3 -3 -1 -3 -2 -3 -3  2  3 -3  2 -1 -1  0 -1 -3 -1  2 0 1 0 0 0.07
 0 -1 -1  2 -3  2  3 -3  1 -1 -2 -1 -1 -3 -2 -1  1 -3 -2  1 0 0 1 1 0.11
 0  1  0  2 -3  0  1  0 -2 -3 -2  2 -2 -3  2  1  0 -3 -3 -2 0 0 1 1 0.16
 0 -2  0  4  1  0  1  0 -1 -2 -2  0 -2 -3  2  0  0  0 -1 -2 0 0 1 1 0.18
 1  0 -1 -1 -3 -1  0  3  0 -3 -2 -1 -3 -3  2  1  0 -3 -3 -2 1 0 0 1 0.22
 1  0  0  0 -2  0  1  0 -2 -1  0  0  3 -2 -2  0 -1 -1 -2 -1 1 0 0 1 0.22
-1  5  1 -2 -3  1  0 -1 -2 -3 -3  1 -1 -3 -1  0 -2  0 -2 -3 1 0 0 0 0.22
-1  4 -1  0 -3  0 -1  0 -2 -2 -2  3 -1 -2 -1 -1  0 -2 -1 -1 1 0 0 1 0.20
-1  4 -1  0 -2  1  0 -1 -1 -2 -2  3 -2 -2  1  0  0 -2 -2 -2 1 0 0 1 0.20
-1  1 -1  0 -1 -1 -1  1  1 -1 -1  1 -1  3  0  1 -1 -1  1 -1 0 0 1 1 0.20
-1 -1  0  1  0 -1  0  1 -2  0  1 -1 -1 -1  3 -1 -1  0 -1 -1 0 0 1 1 0.19
-1 -2 -1 -2 -1 -1 -2 -1 -2  0  3 -2  0  0  0 -1  0  0  0  1 1 0 0 0 0.28
 1 -1  1  1  1  0 -1  0 -1 -2 -1  0 -1 -1  0  1  1 -2 -1 -1 1 0 0 0 0.23
-1  3  0  2 -3  0  2  1  1 -2 -1  1 -1 -3 -2  0 -1 -3 -2 -2 1 0 0 1 0.16
-1  4 -2 -2 -1  1  0  0 -2 -3 -3  3  1 -3 -1 -1 -1  2 -2 -2 0 0 1 0 0.10
-1  2 -1 -1 -1  0  0 -2  1  0  1  1  0  0 -2 -1  0  2  0  0 0 1 0 0 0.06
-1 -4 -4 -4 -3 -3 -1 -4 -4  4  1 -3  1 -2 -4 -3 -2 -3  0  4 0 1 0 0 0.04
 0  1 -1 -1  1  0  1 -2  0  0  0  0  0 -2 -2 -1  1 -2  1  1 0 1 0 1 0.03
 0  0 -3 -3  1 -3 -3 -3 -3  2  2 -3  1  0  0 -1 -1 -3 -2  4 0 1 0 1 0.02
-1  0 -1 -3  2 -1 -2 -2  0  2  0  3  0 -1 -1 -1  1 -3 -2  2 0 0 1 1 0.02
 0 -2  2  5 -4 -2  0  0 -3 -3 -4 -1  0 -4 -1  2 -2 -5 -4 -3 0 0 1 1 0.02
 1 -2 -1  3 -3 -1  0  1 -1 -4 -4 -2 -3 -4  3  1  1 -4 -2 -3 0 0 1 1 0.02
 1  2  0 -1 -2  0  0  0  0 -1 -1  0 -2 -3 -1  1  1 -3 -2 -1 0 0 1 1 0.02
-1 -2 -3 -2  2 -1 -2 -4 -4 -3 -1  0 -2 -5  7 -1  0 -5 -4 -2 0 0 1 1 0.02
 0 -3 -1 -2 -1  0 -3 -4 -4 -2  0 -3 -2 -2  0 -1  5 -4 -3  1 0 0 1 0 0.02
-1 -3  1 -1 -4 -2 -2  6 -3 -5 -3 -1 -4 -4  0  0 -2 -4 -4 -4 0 0 1 1 0.02
-3 -1  1  6 -5  2  2 -3  2 -2 -3 -2 -4 -4 -3 -2 -3 -5 -4 -2 0 0 1 0 0.01
 1 -1 -3 -1  1 -2 -2 -1 -3 -1 -1 -2 -1  0  4  0  1 -4 -2  2 1 0 0 1 0.01
-1 -1 -4 -2 -3 -2 -2 -4 -1  2  4 -3  1  0 -1 -2 -1  1 -2  1 1 0 0 0 0.01
-1 -4 -4 -5 -3 -3 -2 -5  0  0  5 -4  1  0 -4 -2 -1 -4 -3  0 1 0 0 0 0.01
-1  0  0  6 -5  2  0 -3 -3 -5 -3 -2 -4 -5 -1 -1  0 -5 -4 -4 1 0 0 0 0.02
 1  0 -2  1 -2  0  5 -1  1 -2 -2  0 -3 -4 -3 -1  0  1 -2 -3 1 0 0 1 0.02
 5 -1 -3 -3  1 -2  0 -1  0 -1 -1 -2 -2 -3 -3 -1  1 -4 -3  0 1 0 0 0 0.03
-3 -4 -1 -4 -3 -4 -2 -5  0  1  5 -4  1 -2 -4 -4 -3 -4 -2  0 1 0 0 0 0.03
 1  2  0  0 -3  1  1 -1  0 -2 -2  3 -2 -3 -2  0  0 -3  0 -3 1 0 0 1 0.03
-1  1  0 -3 -3  0 -2 -2  5  1  1  0  3 -1 -3 -1  0 -3 -1  0 1 0 0 0 0.05
-1 -2 -4 -3 -3 -1 -2 -4 -4  4  3 -3  5 -2 -4 -3  0 -4 -3  1 1 0 0 0 0.06
 1  2 -1 -1 -3 -1  0  1  1 -2 -3  4 -3 -4  0  0 -1 -4 -3 -2 1 0 0 0 0.07
 2  0  1  0 -1  0  1  1 -1 -3 -2  0 -2 -3 -2  2  1 -3 -1 -2 0 0 1 1 0.08
 0  1  1  2 -3  1  0  1 -2 -3 -2  1 -1 -1 -1  1  1 -3 -2 -2 0 0 1 1 0.10
-1  2 -1  0 -4  1  3 -2 -1 -2 -3  2  0 -4  2 -1 -1 -4 -3 -1 0 0 1 1 0.09
-1  0 -1 -1 -4 -1 -2  1 -2 -4 -2  1 -3 -2  6  0 -1 -4 -4 -3 0 0 1 1 0.09
 0  2 -2 -1 -3  0  2 -1  3 -2  0  1  2 -2  1  0 -1 -3 -1 -1 0 0 1 0 0.11
 0  2  1 -1 -3 -1 -2 -1 -1 -2 -3  1 -3 -1  2  2  2 -4 -3 -2 0 1 0 0 0.11
 1 -3 -3 -4 -3 -1 -3 -2 -4  2  1 -2  0  0  3 -1 -1 -4 -3  3 1 0 0 0 0.09
 1  2  0 -1 -3  3  0  0 -2 -3 -3  2 -2 -2 -1  1  1 -4 -3 -1 1 0 0 0 0.08
 0  1  2  1 -3 -1  0  0  3 -2 -2 -1 -2 -3 -3  2  2  1 -1 -1 1 0 0 1 0.08
-2  0 -5 -5 -4  0 -2 -5 -4 -3  0 -4 -3  0 -5 -4 -4 11  1  0 1 0 0 0 0.06
-1 -1 -3 -1 -2 -3 -3 -4 -3  4  2 -3  2  0  0 -3 -1 -3 -2  3 1 0 0 0 0.05
 0  1 -1  1 -3  1  2  1  1 -2 -2  0 -2  0 -1  0  0 -3 -1 -1 1 0 0 0 0.05
 0  2 -2 -2  0 -1  0  2 -2 -1  1  1  0 -1 -1 -1  0 -2  1 -1 1 0 0 0 0.06
-1  0 -3 -2 -2 -2 -2 -2 -3  3  3 -2  1  0  0 -2 -1 -3 -2  0 1 0 0 0 0.05
 1  1  0 -2 -2 -1 -1  1  0 -3 -3  0 -2 -3  1  3  1 -3  0 -1 0 0 1 0 0.06
 1  0  0 -2 -2  0 -2  3 -2 -2 -1 -1 -2 -2  0  1  0  5 -2 -1 0 0 1 1 0.07
-1  0 -1 -1 -3  1  2  2  2 -1 -1  1  1 -2 -2  0 -1 -3 -2 -1 0 0 1 1 0.08
 0  2  0 -2  2 -1 -1 -2  2 -1  1  0 -1  0  0  1  1 -2 -1 -1 0 0 1 1 0.10
 0  1 -2 -2 -2 -1 -1  0  1 -2 -2  0  0 -1  1 -1  0  7  2 -2 0 0 1 1 0.10
 0  0  4 -1 -2  1 -1  1 -1 -2 -2  1 -2 -3 -2  0  1 -3 -2  0 0 0 1 1 0.10
 0 -1 -1  1 -2 -1 -1  0 -2  0  0  0 -1  0  3 -1  1  2  1  0 1 0 0 1 0.09
 0 -2 -2  0 -2 -1 -1 -2 -1  1  2 -2  2  0 -2  0 -1  4  2  0 1 0 0 1 0.09
-1  0  0  0 -2  0  0  0 -1 -1  0  3 -1 -1 -1  0  0  2  0 -1 1 0 0 0 0.09
 0 -1 -1 -1 -1  0  0  0 -1  1  1 -1  0 -1 -1  0  0 -1 -1  0 1 0 0 1 0.09
-1  2  1  0 -2  0  0  0  3 -2 -2  1 -1 -1  0  0  0 -1  0 -1 1 0 0 1 0.08
 0  1  0  1 -1  0  0 -1 -1 -1  1  0  0  0 -1  0 -1 -1  3  0 1 0 0 0 0.07
 1  0 -1  1 -2  3  1 -1  1 -2 -1  1 -1 -1 -1  0  0 -2 -1 -1 0 0 1 1 0.06
 0  1 -1 -1 -2  0  0 -2  1  0  2  0  1 -1  1 -1  0 -2 -1  0 0 0 1 0 0.05
-1  4 -1  0  2  0  0 -1  0  0 -1  3 -1 -2 -2 -1 -1 -2 -2 -2 0 0 1 1 0.04
 1  0  2  2 -3  1  0  2  1 -3 -3  1 -2 -3 -2  0  0 -3 -2 -2 0 0 1 1 0.04
-1 -3 -3 -3 -2 -2 -2 -1 -3  1  2 -2  2  1 -1 -2 -1 -3 -2  3 1 0 0 0 0.04
-2  5 -1 -2 -3  1 -1 -3 -1 -2 -1  1 -2 -2 -2  0  1  2  2  0 1 0 0 0 0.03
-1  1  0  2 -3  2  4 -2  3 -3 -3  1 -2 -3 -2  0  0 -3 -2 -2 1 0 0 0 0.02
 1  5 -1  0  1  1  1 -2  0 -3 -2  1 -2 -3 -2 -1 -1 -3 -2 -2 1 0 0 1 0.02
 0 -2 -3 -3 -2 -2  0 -2 -1  2  2 -2  0 -1 -3 -2 -1 -2  2  3 1 0 0 0 0.02
 3  0 -2 -3  1 -2 -1 -2  1 -1  2 -2  0 -1 -2 -1 -1 -2  0  0 1 0 0 0 0.02
 1  1  0  2 -3  1  2  1 -1 -3 -2  3 -2 -3 -2 -1 -1 -3 -3 -3 1 0 0 0 0.02
 0  3  1  0 -3  1  0  2 -2 -1 -2  0 -2 -3 -2  2 -1 -3 -3 -2 1 0 0 0 0.02
-2 -2 -3 -4 -2 -2 -3 -4 -3  1  4  0  3  1 -3 -3 -2 -2 -2  0 1 0 0 0 0.02
 1 -2 -2 -3  3 -2 -1  0 -1  1  0 -2  1 -2 -2 -1 -1 -3 -2  3 1 0 0 0 0.02
 0  0  1  3 -3  1  3  1 -1 -3 -3  0 -2 -3 -2  0  0 -3 -2 -2 1 0 0 1 0.02
 1  3  0  0 -2  2  0 -2  2  0 -1  2 -1 -2 -1 -1 -1 -2 -1 -1 0 0 1 1 0.02
 0 -1  1  0 -3  0 -1  5  0 -2 -3 -1 -3 -3 -2  0 -2 -3 -3 -3 0 0 1 1 0.02
-1 -3 -3 -3 -2 -1 -3 -3 -3  4  1 -3  0  1 -3 -2 -1  3 -1  3 0 0 1 0 0.03
 0 -3 -3 -3  1 -2 -3 -3 -3  2  3 -3  1 -1 -3 -2 -1 -3 -2  3 0 1 0 0 0.03
 0  5 -1 -2 -3  1  0 -2  0 -3 -3  1 -2 -3 -2  1  2 -3 -2 -1 0 0 1 1 0.03
-1  1 -1 -1  0  1  2 -1  3  0 -2  0 -1 -2 -2  0  2 -3 -2  1 0 0 1 1 0.04
-2  0 -1  1 -3  1  5 -1  2 -3 -3  0 -2  0 -2 -1  1 -3 -2 -1 0 1 0 1 0.05
-1  2  0  0 -3  2  1 -2  2 -2 -2  3 -1 -3 -1  0  1 -3 -2 -1 0 1 0 1 0.06
-1  3 -1 -1 -3  2 -1  0  1 -3 -2  4 -2 -3 -2  0  0 -3  0 -3 0 1 0 0 0.06
-1  2  2 -1 -2  1  0  0  1 -1 -2  1 -1 -3 -2  0 -1 -3 -2  1 0 1 0 1 0.06
-2 -1 -3 -2 -2 -1 -3 -3 -3  1  3 -2  0  4 -3 -2 -2 -2 -1  1 0 0 1 0 0.05
-1 -3 -2 -2 -2 -2 -3  3 -3  0  2 -3  1  3 -3 -2 -2  4 -1  0 0 0 1 0 0.05
-1 -1 -3 -3 -2 -2 -3  1 -3  1  3 -2  1  1 -3 -1 -2 -2 -1  1 0 0 1 0 0.04
-1 -2 -3 -4 -3 -3 -4 -2 -3  1 -1 -3 -1  7 -4 -1 -3 -1  0  0 0 0 1 0 0.03
-2  1  0  2 -3 -1  0  0  1 -3 -1 -1 -1 -1  5 -1 -1 -4 -3 -3 0 1 0 1 0.04
 0  1  0 -2 -3  0 -1 -3  0 -1  0  0  4  1 -1  0  2 -2  2  1 0 1 0 0 0.03
 0  1  0  0 -3  0 -1 -3  1 -1 -3  0 -1 -3  2  1  4 -4 -3  0 0 1 0 1 0.02
 0  4 -2 -3  1 -2 -2 -3  2 -1 -3  1 -2 -3 -3  0  3 -4 -3  1 0 1 0 0 0.02
-3 -3 -3 -1 -4 -3 -3 -4  6  0 -2 -3 -3  2 -4 -1 -1  6  6 -3 0 0 1 0 0.02
-2 -1 -3 -3 -4  0 -1 -3  0 -3 -2 -2 -3 -4  7 -2  2 -4 -4 -2 0 0 1 0 0.02
 1 -2 -2 -2 -2 -1  1 -3 -1  0  1 -2  1  0  2  0  1 -3  0  2 0 1 0 0 0.02
 2  0 -1 -3 -1 -1 -1 -2 -2  0  0  0 -1 -2 -1  0  1  1  0  2 0 0 1 1 0.02
-2 -4  3  7 -5 -1  1 -4 -4 -5 -6 -3 -5 -6 -1 -1 -2 -6 -5 -5 0 0 1 1 0.02
 0 -2  0 -1 -1  0 -2  0  1 -2 -2 -1  0  0  4  1  1 -3  1 -2 1 0 0 1 0.02
 1  1  1 -1 -1  0  1  1  2 -2 -2  1  0 -3 -2  1  1 -3 -2 -1 1 0 0 1 0.02
 2  0 -3 -3  1 -1 -1 -3  3  1 -1 -2 -1 -1  3 -1  0  1  0  1 1 0 0 0 0.02
-1  2 -1 -2 -5  0  4 -1 -3 -5 -5  5 -4 -5 -4  0 -3 -5 -4 -2 1 0 0 0 0.02
 1  2 -1  0 -1  3  2 -2  1 -2 -2  0 -2 -3 -3  0  0  2 -2 -1 1 0 0 0 0.02
 1  2  0  1 -3  1  2 -1  0 -3 -3  0 -2 -2 -3  1 -1 -3  0 -1 1 0 0 0 0.02
-1 -4 -4 -2 -3 -4 -4 -4 -4  4  3 -4 -1  0 -2 -3 -1 -4 -3  2 1 0 0 0 0.01
-3  5 -2 -3 -4  0 -1 -4  0  2  1  2  0 -3 -4 -3 -3 -4 -2  1 1 0 0 0 0.01
 1  2  2  0 -3  1  1 -2  1 -3 -3  2 -2 -2  0  1  0 -4 -3 -2 1 0 0 1 0.01
-1  6 -3 -3 -5  2  0 -3 -3 -5 -4  2 -4 -1 -4 -1 -3 -5 -1 -3 1 0 0 0 0.01
-1 -4 -5 -5 -1 -4 -4 -5  0  4  3 -4  2 -2 -4 -4 -2  1 -3  3 1 0 0 0 0.01
 0  3 -1  1  0  3  0 -3  2 -3  0  0 -1 -3 -3 -1 -1  0 -2 -1 1 0 0 0 0.01
 1  1  2  1 -2 -1  2 -1 -2 -4 -2  0 -3 -3 -1  2 -1 -4  1 -3 1 0 0 0 0.01
 3 -1 -4 -4  1 -3 -4 -1 -4  1  0 -3  1 -2 -4  0  0 -4  1  3 1 0 0 0 0.01
-1 -5 -5 -2  1 -4 -5 -5 -5  2  5 -5 -1 -2 -5 -4 -2 -4 -4  3 1 0 0 0 0.01
 0 -2 -2 -2 -3 -3 -3 -3 -3  0  3 -1  1  1 -1  0  2 -3 -2  2 0 0 1 1 0.02
 2  0  0  1  0  0  0  1  2 -3 -2  0 -2 -3 -1  2 -1 -3 -2 -2 0 0 1 1 0.02
 0  5 -1  1 -3  0 -1  1 -2 -3 -3  2 -3 -4 -3  0 -1 -4 -3 -1 0 0 1 1 0.03
 0  0  1  0 -2 -1  0  0 -2 -1 -1  0 -1 -2  1  0  2  5 -1  0 0 0 1 1 0.04
 0  0 -1 -2 -2  1  0 -1 -2  1  0 -1  0 -1  0  0  0 -2 -1  2 0 0 1 0 0.07
 0  0  0  2 -1  0  1 -1  0  1 -1  0 -1 -1  1  0  0 -2 -1  0 0 0 1 1 0.10
 0 -1 -1  0 -1  0  0 -1 -1  1  1  0  0  0 -1  0  0 -1 -1  1 0 0 1 0 0.13
 0 -1  1  1 -2  0  1 -1  0 -1 -1 -1  0 -1  4  0  0 -1  0 -1 0 0 1 1 0.14
 0  0  0  0 -1  0  0 -1  1 -1 -1  0 -1 -1  2  1  0 -1  1 -1 0 0 1 1 0.14
 1 -1  2  1 -1  0  0 -1 -1 -1 -1 -1 -1 -1  0  1  1 -1 -1 -1 0 0 1 1 0.13
 0  0  0  2 -1  2  2  0 -1 -1 -1  0 -1 -1  1  0  0 -1  0 -1 0 0 1 1 0.12
 0  0 -1 -1 -1  1  0 -1  0 -1  0  0  0  1  0  0 -1  2  2  0 0 0 1 0 0.14
-1 -1 -1  0 -1 -1  0 -1  0  0  1 -1  0  3  0 -1 -1  4  2 -1 0 0 1 0 0.14
 0 -1 -1 -1 -2  1  0  0 -1 -2 -2  0 -1 -2  5  0  1 -2 -2 -1 0 0 1 1 0.15
 0 -1  3  1 -2  1  3 -2 -1 -2 -2  0 -2 -3 -1 -1 -1 -3 -2 -1 0 0 1 1 0.14
-1  0  1  5  1 -1  1 -1 -1 -3 -3 -1 -2 -3  1  0  1 -3 -2 -2 0 0 1 1 0.12
 0 -1 -2 -2 -1 -1 -2  0  1  0  1 -2  1 -2  3 -1  1 -2 -2  2 0 0 1 0 0.11
 0  1  0  1 -2  2  1 -1  3 -2 -2  0 -2 -2 -1  2  0 -3 -2 -1 0 0 1 1 0.07
-1  3 -2 -2  1  0  0 -2 -1 -1  0  0 -1  4  0 -2 -1 -1  2 -1 0 0 1 0 0.06
-1  4 -2 -2  1  1  0 -3 -2  0 -1  1  4 -1  1 -2 -2 -3 -2 -1 1 0 0 0 0.05
-1 -2  0  3  0 -1  1 -1  1 -1 -1 -1  0 -1  0  0  0 -2  2 -1 1 0 0 0 0.05
 1  1 -1 -1 -2  0  1 -2  0  0  0  1  0 -2  1  0  0 -3 -2 -1 1 0 0 0 0.04
 0  5 -1 -2 -3 -1 -1  0 -2  0 -2  1 -1  0 -2  0 -1 -3 -2  0 1 0 0 0 0.03
 1 -2 -2  0 -2 -1  0 -2 -2  1  2 -2  3 -1 -2  0  1 -2  0  0 1 0 0 0 0.03
 1 -2 -2 -3  1 -2 -2 -1 -2  2  2 -2  1 -1 -2  0  0 -2 -2  2 1 0 0 0 0.02
 3 -2 -2 -2  2 -2 -2  1 -2  0 -1 -1 -1 -2 -2  1  1 -3 -2  0 1 0 0 0 0.02
-1 -1 -3 -4 -2 -2 -2 -4 -3  1  4 -3  3 -1 -3 -3 -2 -2 -2  0 1 0 0 0 0.02
-1 -3 -3 -4 -2 -3 -3 -4 -3  4  2 -3  0 -1  0 -2 -1 -3 -2  3 1 0 0 0 0.01
 1 -3 -2 -3  7 -2 -2  0  0  0 -1 -2 -1  0 -2  0  0 -2  1  0 1 0 0 0 0.01
 1 -3 -2 -3  0 -2 -3  2 -3  0  3 -2  1  0 -3 -1 -1 -2 -2  0 1 0 0 0 0.01
 4 -2 -2 -3  1 -2 -2 -1 -3  0  1 -2 -1 -2 -2  1  1 -3 -2  0 1 0 0 0 0.01
-1  0  1 -2 -1  0 -1 -2  7 -3 -1 -1 -2  0 -3  0 -2 -2  5 -2 1 0 0 0 0.01
 4 -2 -2 -2  1 -2 -2  1 -1 -2 -2 -2 -2 -3 -2  2  0 -3 -2 -1 1 0 0 0 0.01
 4 -2 -2 -2  2 -2 -2  0 -2 -2 -2 -2 -2 -3 -2  3  0 -3  0 -1 1 0 0 0 0.01
-1 -1  4  4 -2 -1  0  2 -1 -3 -3  1 -3 -4 -2  0 -1 -4 -3 -2 0 0 1 1 0.01
-1 -3 -3 -4 -2 -1 -3 -2 -3  2  2 -3  1 -1 -3 -2  0 -3 -2  4 0 0 1 0 0.01
-1 -3 -3 -1 -2 -3 -3 -4  1  0  4 -3  2  0 -4 -1 -1 -3 -2  0 0 0 1 0 0.01
-1  1  0  2 -4  0  4 -2 -1 -4 -4  0 -3 -4  4 -1 -2 -4 -3 -3 1 0 0 0 0.01
-1  0  5 -1 -3  2 -1 -2  1 -3 -1  2 -2 -3  0  0  0 -4 -2 -2 1 0 0 1 0.01
 3 -3 -3 -3 -1 -2 -2 -1 -3  2  0 -2  1 -2 -2 -1 -1 -3 -2  3 1 0 0 0 0.01
-2 -3 -4 -4 -3 -3 -4 -4 -3  0  3 -3  0  6 -4 -3 -2 -1  1  0 1 0 0 0 0.01
 2 -1 -1 -1 -2  0 -1  0 -1 -1 -1 -1 -1 -1  2  2  1 -2  0 -1 0 0 1 0 0.01
-1  1  0  1 -2  1  0  1  1 -3 -2  1 -2 -3  3  1  0 -3 -2 -2 0 0 1 1 0.02
-1 -2 -3 -3 -2  0  0 -3 -3  0  4 -1  1  0 -3 -2  0 -3 -2  1 0 0 1 0 0.02
-1 -1  1  2 -3  0  2  1 -2 -3 -2 -1 -1 -3  4  1  0 -4 -3 -2 0 0 1 1 0.02
-1  0  0  3 -3 -1 -1 -3  3 -2  1  1 -1  0 -3 -2 -2  1  3 -2 1 0 0 1 0.02
-1  0  0  4 -4  2  4 -1 -2 -4 -4  1 -3 -4 -2  0 -2 -4 -3 -3 1 0 0 1 0.03
 0  1 -1  3 -2  3  1 -2  0 -3 -2  2 -1 -4 -1  0 -1 -4 -3 -2 1 0 0 0 0.03
-1  5 -3 -4  0  0 -2 -4 -1 -2 -3  0 -2  0 -4 -2 -3 -2  5  0 1 0 0 0 0.03
-1  1 -1  3 -4  0  4 -3 -2 -2 -3  3 -3 -4 -2 -1 -2  0 -3 -2 1 0 0 1 0.04
 0  1  0  0 -3  2  1 -2 -1  0  0  0  0 -2  1  0 -1 -3 -2  0 1 0 0 1 0.04
 5  2 -3 -3 -1 -2 -2  0 -3 -1 -1 -2 -2 -3 -3  0 -2 -4 -3  0 1 0 0 0 0.04
-2  0 -2 -2 -3  0 -2 -3  0  1  0  2  4  4 -3 -2  0  1 -1 -1 1 0 0 0 0.04
 2  3  1 -1 -3  1  0 -1 -2 -2 -3  3 -2 -4 -2  0  1 -4 -3 -2 1 0 0 1 0.03
-3  7 -2 -3 -5  3 -2 -4  1 -5 -4  1 -2 -5 -4 -3 -3 -4 -2 -3 1 0 0 0 0.03
 3 -3 -3 -3  1 -3 -3 -1  0  2  1 -3 -1 -2 -3 -1  0 -4 -2  3 1 0 0 0 0.02
-1  3 -1  4 -4  0  2 -3  0 -4 -4  4 -3 -4 -3 -1 -2 -4 -3 -2 1 0 0 1 0.02
 0 -2 -1  2 -4  1  5 -3  1 -4 -4  0 -2 -3 -3  0 -1 -4 -3 -1 1 0 0 1 0.02
-2 -4 -5 -5 -3 -4 -4 -5 -4  4  4 -4  2 -1 -4 -4 -2 -3 -2  1 1 0 0 0 0.02
 0 -3 -4 -4 -2 -3 -3 -4 -3  1  4 -3  1 -1 -3 -3 -2 -3 -2  1 1 0 0 0 0.02
 2 -1  2  0  0  1  2  0 -1 -2 -2  0 -1 -2 -1  1  0 -2 -1 -1 1 0 0 1 0.02
 0  0  0  2 -2  3  3 -1 -1 -2 -1  0 -1 -2 -1  0 -1 -2 -2 -2 1 0 0 0 0.02
-1 -2 -2 -2 -2 -2 -2  0  0 -1  0 -2  1  5 -2 -1 -1  0  4 -1 1 0 0 0 0.02
 2 -1  0 -1  1 -1 -1  0 -1 -2 -2 -1 -1 -2 -1  4  1 -2 -2 -1 0 0 1 0 0.03
-1  0  0  0  0  4  1 -1 -1 -2 -2  1 -1 -2 -1  0 -1  4 -1 -1 0 0 1 1 0.03
 0 -2 -2 -2 -2 -2 -2 -2 -1 -2 -1 -2 -1  3 -2 -1 -2  8  4 -2 0 0 1 0 0.05
-1 -2 -2 -1 -2 -1 -1  1 -2 -2 -2 -1 -2 -3  7 -1 -1 -2 -2 -2 0 0 1 1 0.07
-2 -2 -2  1 -2 -2 -2 -2 -1 -1  0 -2  2  6 -2 -2 -2  0  1 -1 0 0 1 0 0.11
 0 -2  1  4 -3 -1  2  2 -2 -3 -3  0 -3 -3 -1  1 -1 -3 -3 -2 0 0 1 1 0.14
-1  0 -2 -3 -2 -1 -2 -3 -2  0  3  0  1  0  1 -1 -1 -2 -1  0 0 0 1 0 0.18
-1  3  1  4 -3  1  2 -2  0 -3 -3  1 -2 -3 -1  0 -1 -3 -2 -2 0 0 1 1 0.25
 0  0  0 -1 -3  1  0  0  1 -2 -2  2 -1 -1  4  0  1 -3 -1 -2 0 0 1 0 0.31
 1 -1  0  0 -3  1  3  2 -1 -3 -3  0 -2 -3  0  1 -1 -3 -2 -2 0 0 1 1 0.36
 1 -1 -1 -2 -2  0 -1  1 -2  0 -1 -1 -1 -2 -1  2  2 -3 -2  2 0 0 1 0 0.39
 0 -1  0  0 -3  0  4  0 -1 -3 -3  1 -1 -3  0  2  0 -3 -2 -2 0 0 1 1 0.40
 0  0  1 -1  1  0  1  1 -1 -1  0  0  0 -2 -1  1  1 -2 -2 -1 0 0 1 1 0.40
 1 -1  0 -1 -2 -1 -1  4 -1  0 -2 -1 -1 -2 -1  0 -1 -2 -2 -1 0 0 1 1 0.40
 0 -2 -1 -2 -1 -1 -2 -2 -2  3  0 -1  1 -1  0  0  0 -3 -2  3 0 0 1 0 0.46
 0  0 -1 -1 -2  0 -1  3 -2 -2 -2  1 -2 -3 -2  2  1 -3 -2 -2 0 0 1 0 0.48
 2 -2 -1 -1 -2 -1 -1 -1 -1  1  0 -1  0 -2  3  0  0 -3 -2  1 0 0 1 1 0.48
 0 -2  6  2 -3 -1  0  1 -1 -3 -3 -1 -3 -3 -2 -1 -1 -3 -3 -3 0 0 1 0 0.52
 0 -2 -3 -3 -2 -2 -2 -3 -2  1  4 -2  1 -1 -2 -2  0 -2 -2  0 1 0 0 0 0.54
 0 -1  4  0 -2 -1 -1  2 -1 -2 -1 -1 -2 -1  2  0  0 -2 -1 -1 1 0 0 0 0.58
 0  1  0 -1 -2  4  1 -1 -1 -2 -2  2 -1 -2 -1  0 -1 -2  0 -2 1 0 0 1 0.55
 1 -1  0  0 -2  0  2 -1 -1  0  0  0 -1 -1 -1  0 -1 -2 -1  1 1 0 0 1 0.61
 0 -2 -1 -2 -1 -1 -2 -1 -2  3  0 -2  1 -1 -2 -1  0 -2 -1  3 1 0 0 0 0.58
 0  2  1  0 -2  1  1 -1 -1 -2 -1  1 -1 -2 -1  1  1 -2 -1 -1 1 0 0 0 0.51
 0  0  1  2 -2  1  2  0  1 -2 -2  2 -2 -2 -1  0  0 -2 -1 -2 1 0 0 1 0.35
-1 -1 -1  0 -3  0  6 -1 -1 -2 -2  0 -2 -3 -1 -1 -1 -2 -2 -1 1 0 0 0 0.29
-1 -1 -2 -2  0 -1 -1 -2 -2  2  2 -1  2  0 -1 -1  0 -1  0  2 1 0 0 0 0.25
 1  0  2  1 -2  0  2  0  1 -2 -2  0 -1 -2 -1  1  0 -2 -1 -1 1 0 0 1 0.22
 1  1  1  0 -2  1  1  0 -1 -1 -2  2 -1 -2 -1  0  0 -2 -1 -1 0 0 1 1 0.23
 1 -1  3  1  0  0  0  1  2 -2 -2 -1 -1 -2 -1  0  0 -2 -1 -1 0 0 1 1 0.24
-1  0 -1  0 -2  0  0  0 -1 -2 -1  3 -1 -2  4  0  0 -2 -2 -2 0 0 1 1 0.25
 0 -1  1  3  0  1  1  2 -1 -2 -2  0 -2 -2  0  0  0 -2 -2 -2 0 0 1 1 0.22
-1  1  0  1 -1  0  2 -1  1 -2 -1  2 -1 -1 -1  0  0 -2  0 -2 0 0 1 1 0.16
 0 -1  0  3 -2  0  3 -1  0 -2 -2 -1 -2 -2  1  0 -1 -2 -2 -2 1 0 0 1 0.09
-1 -2 -1 -2 -2 -2 -2 -1 -2  0  4 -2  0  0 -2  1  0 -2 -1  0 1 0 0 0 0.05
 1  0 -1 -1  2  5  0 -1  1 -2 -2  0  0 -2 -2  0 -1 -2 -2 -1 1 0 0 0 0.03
-1 -2 -2 -2  0 -2 -1 -3 -1  1  3 -2  1  2 -2 -2  0 -1  1  0 1 0 0 0 0.02
-3 -2 -2  1 -5  0  7 -4 -2 -5 -4 -1 -4 -5 -3 -2 -3 -4 -4 -4 1 0 0 0 0.02
-1 -4 -4 -5  0 -3 -4 -4 -4  2  2 -4  2 -2 -4 -3 -1 -4 -3  5 1 0 0 0 0.01
-2 -4 -4 -5 -2 -3 -4 -5 -4  4  2 -4  4 -2 -4 -3 -2 -4 -3  4 1 0 0 0 0.01
 5 -4 -4 -4 -3 -3 -3 -3 -4 -4 -3 -3 -3 -3 -4  0 -3  9 -2 -2 1 0 0 0 0.01
 5 -3 -3 -3 -1 -3 -3  4 -3 -3 -4 -3 -3 -4 -3 -1 -1 -4 -4 -2 1 0 0 0 0.01
-1 -4 -5 -5  5 -4 -4 -5 -5  1 -1 -4 -1 -3 -4 -3 -1 -5 -3  6 1 0 0 0 0.01
-2 -4 -4 -5 -3 -4 -4 -5 -4  2  4 -4  0  5 -4 -3 -2 -2  0  2 1 0 0 0 0.01
 2 -2  0  1 -1  0  3 -1  1 -3 -3 -1 -2 -4 -2  2  0 -4 -3 -2 1 0 0 0 0.01
 3 -3 -2 -4 -2 -3 -3 -3 -4  1 -1 -3 -1 -3 -3 -1 -1 -4 -3  5 1 0 0 0 0.01
-4 -5 -5 -5 -4 -5 -5 -5 -3  0  0 -5 -2  8 -5 -4 -4 -1  2 -2 1 0 0 0 0.02
 1 -1  2 -2 -2 -2 -2 -1 -2  0  0 -2 -2 -3 -2  3  3 -4 -3 -1 1 0 0 1 0.02
-3  5 -1 -3 -5  1 -1 -3  0 -4 -4  5 -3 -4 -3 -2  0 -4 -3 -4 0 0 1 1 0.03
-2 -3 -4 -4 -2 -2 -3 -4 -3  2  3 -3  7 -1 -4 -3 -2 -3 -2  0 0 0 1 0 0.04
-3 -3  0  7 -5 -2  0 -3 -2 -4 -5 -2 -4 -5 -3 -2 -2 -6 -4 -5 0 0 1 1 0.08
 1 -2  0 -1 -2 -1 -1 -2 -2 -2 -2 -1  2 -3 -2  5  2 -4 -3 -1 0 0 1 1 0.14
-2 -3 -4 -4 -2 -3 -4 -4 -4  3  4 -3  1  0 -4 -3 -2 -3 -2  2 0 0 1 1 0.18
-2 -3 -4 -5 -2 -3 -4 -5 -4  1  5 -3  1  0 -4 -3 -2 -3 -2  1 0 0 1 1 0.32
