 6 -3 -3 -3 -2 -3 -3 -2 -3 -3 -3 -2 -3 -4 -3  1 -2 -4 -4 -2 0 0 1 1 0.63
 3  0  0  3 -4  1  3 -1 -1 -4 -4  0 -3 -4  0  0 -2 -4 -3 -3 0 0 1 1 0.48
 4 -2 -2 -3 -3 -3 -2  1 -1 -2 -3 -1 -3 -1  2  1  0 -5 -4 -2 0 0 1 0 0.24
 1  1 -1  1 -3  0  1  0  0 -2 -3  1 -3 -4  2  0  2 -4 -3 -2 0 0 1 1 0.12
-5 -5 -6 -6 -6 -5 -3 -7 -3 -2 -3 -4 -4  6 -3 -5 -5  2  8 -2 0 0 1 0 0.04
-1 -5 -3 -2 -4 -2 -1 -5 -5  2  0 -4  1 -4 -1 -3  0 -5 -4  6 0 0 1 0 0.03
-2 -2 -1 -1 -5 -4 -3  6 -5 -6 -6 -3 -5 -6 -2  0  0  0 -5 -4 0 0 1 0 0.02
 2 -2  1 -1 -4 -2 -1 -3 -3 -3 -3 -3 -1 -2  3  4  2 -1 -2 -1 0 0 1 0 0.02
 2  0 -1  2 -4  2  4 -2 -1 -4 -4  3 -1 -4 -2  0  0 -5 -4 -3 1 0 0 1 0.01
 3  0 -1 -1 -3  0  0 -1 -2 -3 -3  1 -3 -4 -1  1  3 -2 -1  0 1 0 0 1 0.01
-5 -8 -8 -9 12 -8 -9 -8 -8 -6 -6 -8 -6 -7 -8 -6 -6 -7 -7 -6 1 0 0 0 0.01
 2  0 -2 -3 -3  1  0  2 -3  0  0  2  0 -2 -3  1 -1 -4 -3 -1 1 0 0 0 0.01
 0  0  0  1 -3  1  2  1  0 -3 -3  0 -3 -2 -1  1  1 -4 -2 -2 1 0 0 1 0.01
-5 -8 -8 -9 12 -8 -9 -8 -8 -6 -6 -8 -6 -7 -8 -6 -6 -7 -7 -6 1 0 0 1 0.01
-7 -5 -4 -6 -8 -5 -5 -7 11 -8 -8 -6 -7 -6 -7 -6 -7 -7 -3 -8 0 0 1 1 0.01
 1 -1 -1  0 -4  2  2 -1 -2 -2 -3  1 -2 -4  2  0  2 -5 -3 -2 1 0 0 1 0.01
 0 -1  1  3 -4  1  3  0  1 -3 -4  1 -3 -4 -1  0  0 -2 -2 -2 1 0 0 0 0.01
 2 -2 -2 -3 -4  4  3 -4  1  2 -2 -1 -3 -4 -2 -1 -1 -4 -2 -2 1 0 0 0 0.01
 1 -2 -1 -4 -4 -3 -4  0  3 -2 -2 -4 -1  3 -4 -2 -1  0  6  0 1 0 0 0 0.02
 1  0  0  2 -4  0  3 -1  0 -4 -2  1  0 -4  0  0  0 -4 -3 -3 1 0 0 1 0.02
 1  0  1  1 -3  3  2 -1  1  0 -2  0 -2 -2 -3  1  0 -4 -2 -1 1 0 0 0 0.03
-2 -3 -6 -6 -5 -2 -5 -6  1 -2 -3 -5 -1  4 -6 -5 -5 10  4 -2 1 0 0 0 0.04
 0  2  0  0 -4  1  0 -2  0 -3 -1  3  2 -2 -3  1 -1 -4 -2 -2 0 0 1 1 0.05
 0  0  0  1 -3  1  1  2  1 -3 -2  2 -1 -1 -3  0  1 -3  0 -2 0 0 1 1 0.06
-2 -2  1  0 -4 -3 -3  1 -1 -1 -3 -2 -1 -2 -4  5  3 -5  0 -4 0 0 1 0 0.06
 1  1 -1  0 -3  0 -1 -1  1  0 -1  1  1 -2  2  0  0  2  0  0 0 0 1 1 0.06
-5 -4  0 -5 -7  0 -2 -1 10 -6 -2  0  1 -5 -6 -5 -5 -6  0 -6 1 0 0 0 0.05
 3  0  0  0 -3  0 -1  0  1 -3 -2 -1 -3  0 -1  1  0  3  0 -1 1 0 0 0 0.05
 0  0  0  0 -3  1  0  0  2  0 -1  0  1  1 -3  0  0  3  1  0 1 0 0 1 0.05
 0  0  1 -2 -2  1  0  0 -2  0  0  0  1 -2  1  0  0  4 -2  0 0 0 1 0 0.06
-1  0  0  0  2  0  0 -1  2  0 -1 -2  1  0  0  0  0  3  1  0 0 0 1 0 0.06
 0  1  0  0 -3  1  1 -1  1 -1 -1  1  0  0 -1  0 -1  2  0 -1 1 0 0 1 0.06
-1  0  0  0  2  0  0 -1  2  0 -1  0  2  1  0 -1  0  3  1 -1 1 0 0 0 0.07
-1 -5 -1 -1  1  0 -1 -5  2  1  2  0  2  0  0 -2 -1  3  0  1 1 0 0 0 0.06
 0 -1  0  1  0  0  1 -1  1 -1 -2  2  0 -1  0  0  0  1  1  0 0 0 1 1 0.06
 0 -1 -1  0  1  0  0 -1  1 -1 -2  0  0  1  2  0  0  1  1 -1 0 0 1 1 0.07
-1  0  0  0 -3  0  0 -1  1  0 -1  0  1  0  0  0  0  3  1  0 0 0 1 1 0.09
 0  1  0  0  1  0  0  0  1 -1 -2  0  0  1  1 -1  0  2  1 -1 0 0 1 1 0.10
 0  1  0  0  1  1  1  1  1 -2 -2  1  0 -1  0  1  0 -4 -1 -1 0 0 1 1 0.12
 0  1 -1  0 -3  1  1  0  0 -1 -1  1  1  0  1 -1 -1  2 -1  0 1 0 0 1 0.12
 1  0  0  0 -2  1  1  0  1 -1  0 -1  0  0 -2 -1  0 -1  2 -1 1 0 0 1 0.12
 2 -1  0 -1 -3  1  0  0  1  1  0  0  0 -1  0 -1  0  1  0  0 1 0 0 1 0.12
 0  0  0  1 -2  1  0  0  1 -2 -1  2 -1 -1  0 -1  0  1  0 -1 1 0 0 0 0.13
 0  1  0  0 -1  0  1  0  1 -1 -1  1 -1 -1  1  0  0  0 -1 -1 1 0 0 1 0.14
 0  0  0  0 -2  0  0  1  1  0 -1  0  0 -1  1  0  0  0 -1  0 1 0 0 1 0.14
 1  0  0 -1 -3 -1  0  0  0  0  0  1  0 -2  0  0  0  1  0  0 0 0 1 0 0.14
 0  0  0  0 -1 -1  0  1  1  0 -1  2 -1 -1 -1 -1 -1  2 -1  0 0 0 1 1 0.12
 0  0  0 -1 -1  0 -1  0  1  0  0  0  1  1 -1  0 -1  1  0  0 0 0 1 1 0.11
 0 -1  1  2 -3  1  0  0  0 -1  0 -1  1 -1 -1 -1  1  1  0 -1 0 0 1 1 0.11
-1  0  1  0  0  0  0 -1  1  0 -2 -1 -1 -1  4 -1 -1 -1  0 -1 0 0 1 0 0.10
 0  0  1  0 -1  0  0  2  0 -1 -2  1  0 -1  0 -1  0  1 -1 -1 0 0 1 1 0.09
 0  2  1 -1 -1  0  0  0 -1 -1  0  1  0  0  1  0  0 -3  0 -1 0 0 1 1 0.07
-1 -1  1  2 -1  0  0  1  0 -1 -1  0 -2 -1  0  0  1  0  0 -1 0 0 1 1 0.06
 0  0  0  0 -1  0  0  0  1  0 -1  0  0  0  2  0  0 -2  0  0 0 0 1 0 0.04
 0  0  1  1  0  1  2  0  0 -1 -1  0  0 -1  1  0  0 -3 -1 -1 0 0 1 0 0.03
 0  0  0  0 -3  0  1  0  0 -1 -2  0  0  1  0  0  0  3  1 -1 0 0 1 1 0.02
 0  0  0  0 -2  1  0  0  1  0 -1  0  1  0  1  0  0 -2  1  0 0 0 1 0 0.02
 0  1  0 -1 -3  0  0 -1  0 -1 -1  1  0  1  2  0  0  2  1 -1 0 0 1 1 0.01
-1  0  0  0 -3  0  0 -1  1  0 -1  0  1  0  0  0  0  3  1  0 0 0 1 1 0.01
-1 -3 -2 -3  9 -3 -3  3 -3 -2 -2 -3 -2 -3 -3 -2 -2 -3 -3 -2 0 0 1 0 0.01
 0 -1 -1 -1 -2 -1 -1  3 -1  0  0 -1  0  0 -2  0  0 -2  0  0 1 0 0 0 0.01
 0  1  0  0 -2  1  1  1  0 -2 -2  2 -1 -1  0  0  0  0 -1 -1 1 0 0 1 0.01
-2 -3 -3 -3  9 -3 -3 -3 -2 -2 -2 -3 -2 -1 -3 -2 -2 -2  4 -2 1 0 0 1 0.01
-2 -2 -1 -2 -3 -1 -2 -3  9 -3 -3 -2 -2 -2 -3 -2 -2  7  0 -3 0 0 1 1 0.01
 2 -4  0 -2 -4 -2 -1 -2 -4 -2 -3 -1  1 -2 -3  1  3 -5 -2  3 0 1 0 0 0.01
-2 -3 -2 -1 -4 -3 -2 -3 -2 -1 -2 -2 -1 -4  3  0  6 -5 -4  0 0 0 1 0 0.01
 1 -3  1  0 -4 -2 -2  5 -1 -2 -3 -3 -1 -3 -2 -2  1 -4  0 -2 0 0 1 0 0.01
 1 -2 -2  1 -3  0 -1 -2 -1  0  0 -2  0  3 -1 -2 -1  4  3  0 0 0 1 1 0.02
 0  1  2  1 -4 -1  0  3 -3 -2 -2  1 -2 -1 -1 -1 -1 -4 -1 -1 0 0 1 1 0.02
-1  0 -1  0 -4  1  0 -2  0 -1 -2  2 -2 -1  3  0  0  2  1 -1 0 0 1 1 0.03
-1 -1  0  3 -2  1  1 -2 -1 -1 -4  1 -2 -3  4 -1 -1 -5 -2 -2 0 0 1 1 0.04
 0 -1 -1  2 -2 -1  0  3  1  0 -2  0 -3 -3  0  0  0 -4 -1 -2 0 0 1 1 0.05
 0 -1  0  0 -4  2  0  4 -1 -4 -4  0 -3 -3 -1  0 -2  0 -2 -3 0 0 1 0 0.05
-1 -1 -1 -1 -1 -1 -1 -1 -1  0  1  0 -1  4 -1  0  0  2  1 -1 0 0 1 0 0.06
 0  1  1  0 -2  0  0 -1  3  0 -1  1  0 -1  0  0  1 -3 -1  1 0 0 1 1 0.06
-1  3  0  2 -2  0 -1  0  0  0  0  0 -1 -2 -2  1  0 -2 -3 -1 0 0 1 1 0.06
-1 -1 -1  0 -4  0  0 -1  0  0  0  0  0  3 -1 -1 -2 -1  4 -1 0 0 1 1 0.06
 1 -1  1  3 -1  1  3 -1  1 -3 -3  0 -2 -3 -3  1  1 -1 -2 -3 0 0 1 1 0.05
 1  0 -1  0 -3  0  0  0  1 -1 -1  1 -2 -1  2  1  1 -2 -1 -1 0 0 1 1 0.04
 0  0  1  1 -3  1  1  0 -1 -2 -1  0 -1 -2  1  0  2 -1 -2 -1 0 0 1 1 0.03
 1 -1 -1  0 -2  0  0 -1  0 -1 -2  0 -2  0  4  0 -1  3 -1 -1 1 0 0 1 0.03
 1  0 -1 -1 -3  0  1 -1  3 -1 -1  0 -1 -1  0  0 -1 -3  0  1 1 0 0 1 0.02
 0  0 -2 -2 -3 -1  1 -2  0  0  3 -2  3  1 -2 -2 -1 -2  0  0 1 0 0 0 0.02
 1  1 -1  1 -3  2  2 -1  0 -1 -2  0 -1 -1 -2  0  0 -1  2 -2 0 1 0 1 0.01
-1 -3  3  1 -5 -2 -1  6  0 -6 -6 -2 -5 -4 -3 -2  1 -6 -5 -5 0 0 1 0 0.01
 0 -3  0 -5 -4 -4 -4 -3 -5  3 -1 -4  0  2 -3 -4 -2 -5 -4  5 0 0 1 0 0.01
-1 -4  1  1 -5  3 -3  5 -2 -6 -6 -3 -5 -6 -3  2  2 -6 -5 -5 0 0 1 0 0.01
-6 -8 -7 -8 11 -8 -8 -7 -8 -6 -7 -8 -7 -7 -7 -6 -6 -7 -7  0 1 0 0 0 0.01
 0 -3 -2  2 -6  0  6 -2 -2 -2 -1 -4  1 -4 -4 -3 -3 -6 -3  0 1 0 0 0 0.01
 3  0 -1 -2 -3 -2 -1 -2 -4 -2 -4 -2 -2  0  1  3  1 -5 -2  1 1 0 0 0 0.01
-6 -8 -7 -8 11 -8 -8 -7 -8 -6 -1 -8 -6 -7 -7 -6 -6 -7 -7 -6 1 0 0 1 0.01
-7 -6 -5 -7 -8  1 -6 -7 11 -8 -8 -6 -7 -7 -7 -6 -7 -7 -5 -8 1 0 0 1 0.01
-2 -3  0 -1 -5 -3 -3  6 -5 -5 -4 -2 -5 -5 -4 -1 -2 -2 -4 -3 0 0 1 0 0.01
 0 -1 -2 -4 -5 -2 -4 -1 -3 -2 -4 -2 -2 -5  7 -1  0 -5 -3 -2 0 0 1 0 0.01
 1 -3 -2 -1 -4 -2 -2  6  0 -4 -4 -3 -1 -4 -3 -1  0 -4 -2 -1 0 0 1 0 0.02
 0  0 -1  0 -3  1  1  2  1 -2 -3  1 -1 -3 -2  3 -1 -1 -1 -2 0 0 1 1 0.03
 1  1  1  1 -3  0  1 -1 -1 -1 -1  2 -1 -1 -1  0  0 -2  0 -1 0 0 1 1 0.03
-3 -1 -2 -3 -1 -1 -2 -3  8 -1  0 -3 -2  0 -1 -1 -3  4  4 -1 0 0 1 0 0.05
 1 -1  0  0 -3  1 -1 -2 -1  1  0  0  1 -1 -1  0 -1 -1  0  2 1 0 0 1 0.08
 2  0  0  0 -3 -1  1  2  0 -3 -2  2 -1 -3  0  0  0 -4 -2 -1 1 0 0 1 0.11
 0 -1  0  1 -1 -1  0  0  1  0  0 -1 -1  0  1  0 -1  3  0 -1 1 0 0 0 0.17
 0 -2 -1 -2 -5 -1 -1 -1  7 -2 -3 -3 -3 -4  5 -2 -3 -2  0 -3 1 0 0 0 0.20
 1  1  0  0 -2  0 -1  0 -1 -1 -1  1 -1 -2  0  0  1 -3 -1  1 1 0 0 1 0.24
 0  2  1  1 -3  1  2  0 -1 -2 -2  2  0 -2 -2  1  0 -4 -2 -1 1 0 0 1 0.25
 1 -1  1 -1 -2 -1 -1  1  1 -1 -2 -1 -1 -2  3  1  1  0 -1 -2 1 0 0 0 0.29
 1  2  0 -1 -4  0  1  2 -1 -1 -2 -1  0 -1  1  0 -1 -1  0 -1 1 0 0 1 0.34
-1 -1  0  1 -4  0  0  1  3  0  0  1  0 -2  1  0 -1  0 -1 -2 1 0 0 1 0.34
 1  2  0  1  0 -1  0 -1 -1 -1 -1  0 -1 -2  1  0  1 -2 -1  0 1 0 0 1 0.37
 0  0  0 -1 -1  0 -1  0  0  0  0  0  0  2 -1  0  0  1  0  0 1 0 0 0 0.34
 1  0  0  0 -2  0  0  1 -2 -1 -1  1 -1 -2  1  1  0 -2 -1 -1 1 0 0 1 0.38
 1  0  0  0 -1  1  0 -1  0 -1 -1  2 -2 -1  1  1  0 -4 -1 -1 1 0 0 1 0.37
 0  2  0  2 -1  0  0 -1  0 -2 -2  1  0 -3  1  1  0 -2 -2  0 1 0 0 1 0.40
 1 -1 -1 -1 -2 -1  0  3  2  1 -2 -1 -3 -1 -1 -1 -2  5 -1 -2 0 0 1 1 0.40
 1  1  0  0 -1  0  1 -1  0  0 -1  2  0 -1  0  0  0 -3  0 -1 0 0 1 1 0.44
 0  1  0 -1 -3  0 -1 -1  2  0  0  1  0 -1  2  0  1 -1 -1 -1 0 0 1 1 0.49
 0 -1  1  2 -1 -1  0  0 -1 -1 -1 -1  1 -1  0  1  1  0 -2 -1 0 1 0 0 0.48
-1 -1 -2  0  0 -1  0 -1  2 -1 -3 -1 -1 -3  5  0 -1 -2 -2 -1 0 1 0 1 0.51
 0  3  0  1  1  0  1 -1  3 -2 -2  0 -1 -2  1  1  0 -4 -1 -3 1 0 0 0 0.43
 0  1  0  0 -2  0  0  0  1 -1 -1  1 -1 -1  1  0  0 -2  0 -1 1 0 0 1 0.36
 0 -2 -1  3 -2  0  1  1  1 -1 -1 -1 -1 -1  1 -1  0 -2 -1  0 1 0 0 1 0.28
 0 -1 -1  0  1 -1  0 -1  0  1  1 -1  2  1 -1  0  0 -1 -1  0 1 0 0 0 0.23
 2 -1 -1 -1  0 -1 -1 -2  2  0  0 -1 -1 -1  1  0  0  0  0  2 1 0 0 1 0.23
 1  2  0  1 -3  1  1 -1 -1 -2 -1  1 -2 -2  1  0  0 -3 -1 -2 1 0 0 1 0.21
 1  2  0  0 -2  1  0 -1 -2 -1 -1  1  0 -1  1  0  0 -1 -2 -2 0 0 1 1 0.20
 0  0  0  0  1  0 -1  3  3 -2 -1  0 -2 -2 -1  0  0  1 -2 -2 0 0 1 0 0.17
 0  0  0  1 -3  2  1 -1  1 -1  0  1  2 -2  0  0 -1 -2 -1 -1 0 0 1 0 0.13
 0  0  1  2 -2 -1  0  0  0  0  0  0 -1 -1  1  0  0  1 -2  1 0 0 1 0 0.08
 0  0 -1 -1  0 -1  0 -2  1  0  1 -1  0  2 -1  0  0  0  2  0 0 0 1 0 0.05
 0  0  0  0 -3  1  1  0  5 -3 -1  0 -2 -2  2 -1  1 -2 -1 -1 0 0 1 1 0.03
 0  1  0  0 -2  1  0 -1 -1  0  0  0  0  1  0  0  0  2  0  0 0 0 1 0 0.02
 2  1  0  1 -3 -1  2 -1 -2 -1 -2  0  1 -3  0  1  0 -3 -2 -2 1 0 0 1 0.01
 0 -1  1  2 -5  2  4 -3 -3 -3 -4  2 -2 -5  0  0 -2 -5 -3 -2 1 0 0 1 0.01
 1  0  2 -1 -4  0 -3 -3 -1  0 -1 -2  0  1 -4  0  2 -4 -2  2 1 0 0 1 0.01
-8 -11 -10 -11 12 -11 -11 -10 -11 -9 -9 -11 -9 -10 -11 -3 -8 -10 -10 -9 1 0 0 0 0.01
 3 -2 -2 -4 -5  1 -2  3 -5 -2  1 -2  1  0 -5 -1 -1 -5 -1 -1 1 0 0 0 0.01
 0  2  1  0 -5  3  1  1 -1 -3 -4  0 -2 -5 -1  2  2 -6 -2 -3 1 0 0 1 0.01
-3 -11 -10 -11 12 -11 -11 -5 -11 -9 -9 -11 -9 -10 -10 -8 -8 -10 -10 -8 1 0 0 1 0.01
-9 -8 -7 -9 -11 -7 -3 -10 11 -11 -10 -8 -9 -3 -10 -8 -9 -10 -6 -11 1 0 0 1 0.01
-1 -1  1 -1 -3  0 -2 -2  1 -1  0 -1  5  1 -3  2  1 -4 -1  0 0 0 1 0 0.01
-2  1  3  3 -4  0 -1  3  0 -3 -3 -1 -4 -2 -2  0  0 -4 -4 -1 0 0 1 0 0.01
-2  0 -2 -1 -1 -2  1 -1  2 -1  0 -2 -3  4  2 -1 -2 -1  2 -1 0 0 1 0 0.02
-2  2  1  4 -4 -1  2 -1  2 -4 -3  0 -2 -1 -2 -1 -1 -4 -2  0 0 0 1 1 0.02
-1  0  3 -1 -3  0  0  2  4 -3 -4 -2 -4 -1  1  1  0 -4  0 -4 0 0 1 1 0.02
 0  1  1  0 -4 -1 -1 -1 -1 -2 -3  1 -1 -2  3  2  1 -4 -2 -1 0 0 1 0 0.03
 0 -2 -1  0 -5  2 -3  0 -2 -2 -2 -1 -2 -5  6 -1  1 -5  0 -4 0 0 1 1 0.04
-2 -2 -2 -2 -4 -1 -2  1  3 -1 -1  0 -2  2 -4 -2 -1  8  3 -2 0 0 1 0 0.04
-2  0  0  2 -5  0  2 -2  3 -1 -1  2 -1  0  2 -3 -1 -4 -2 -2 0 0 1 1 0.04
 1  1 -1  0 -4 -2 -1  2  3 -2 -4  0 -2 -3  3  1 -1 -1 -3 -1 0 0 1 1 0.05
 2 -2 -1 -1 -2 -1 -1  1 -3  1  1 -2  0  1 -2  1  0 -3 -1  1 0 0 1 1 0.04
 0  0  1  0 -4  1  2  1  2 -2 -3  3 -1 -4  1 -1 -1 -4 -1 -2 0 0 1 1 0.04
 0 -2 -2  4 -5 -2  0 -1  6 -3 -3 -2 -4  3 -3 -2 -1  0  0 -2 0 0 1 1 0.03
 0 -2  0  0 -5 -3  1 -3  5 -4 -3 -3  0 -1  5 -1  1 -5  0 -3 0 0 1 1 0.02
-4 -1 -2 -4 -5 -2 -2 -2 -3 -2 -2 -1 -4  5 -6 -4 -2  6  7 -3 0 0 1 1 0.02
 1 -1  0  0 -3  0  0 -3  1 -3 -1 -1  0  0 -2  1  3 -3  2  0 0 0 1 0 0.02
-1 -2 -3  1 -4 -1 -1 -3  0 -5 -2  0 -4 -3  5  2  2 -5 -4 -4 0 0 1 1 0.02
-1 -4 -4 -1 -4 -4 -4 -2 -1 -2 -1 -4  2  6  1 -2 -1  3  5 -3 0 0 1 1 0.02
-1  0  1 -1 -4  0  0 -1 -1 -1 -1 -1  0  0 -1  0  1  8  0 -3 0 0 1 0 0.02
 1 -4 -2 -2  0 -3  0  0 -4 -4 -5 -1 -4 -1  6  0  0 -5 -4 -3 0 0 1 1 0.02
 1  0 -1  1 -4  1  4 -1  1 -2 -2  1 -3 -4  0  0 -1 -4 -3 -3 0 0 1 1 0.02
 0 -1 -1 -1 -2 -2 -3  0 -3  3  1 -2 -1  0 -1  0  0 -3  0  3 0 0 1 0 0.02
 0 -2  1  4  0  0  2  1  2 -1 -1 -2 -1 -4 -1  1 -2 -4 -3 -2 0 0 1 0 0.02
 1 -3 -1  1 -4 -1 -1  0  6 -4 -2 -1 -1 -2  4  0 -2 -4  0 -4 1 0 0 1 0.02
-1  3 -1 -1 -4 -1  0 -1  0 -2 -4  5 -3 -4 -1  0  0 -4 -3 -3 1 0 0 1 0.02
-1 -2 -3 -1 -3  1  0 -3  2 -1  0 -2 -2  2 -1 -2 -2 -1  6  0 1 0 0 0 0.03
-1  0  1 -1 -2  1  1  0  1 -2 -1  1  0  0  0  1  1 -3 -2 -1 0 0 1 1 0.03
 0 -1 -1  0 -3 -2 -1 -1  2 -2  0 -2  0  5 -3 -2 -1 -1  3  0 0 0 1 0 0.03
-1 -2  1  5 -4 -1  2  0  2 -4 -4  1 -3 -1 -3  0 -1 -3  1 -3 0 0 1 1 0.04
-1 -1 -3  0  1 -3 -3 -2  1 -2  0 -3  1  5 -3 -1 -1  2  4 -2 1 0 0 0 0.04
-1  0 -1  5 -4  1  1 -3 -2 -1  0  0 -2 -1 -1 -1  0 -4 -3 -3 1 0 0 1 0.04
 0  0  1  0 -3  0  2  1 -2 -1 -2  2 -2 -3  2  0  0 -4 -3 -1 1 0 0 1 0.04
 1 -1 -2 -2 -3  1  0  1 -2 -2  0 -1  4  1 -1  0 -1 -2  2 -1 1 0 0 1 0.04
 0 -1 -2  0 -2  0 -1 -1 -2  1  0 -2  2  0  0 -1  0 -2  0  3 0 0 1 0 0.04
 0  3 -1  0 -2 -1 -1 -1  2 -1 -1  1  0 -1  1  0 -1 -3 -2  0 0 0 1 1 0.04
 0  0  3  3 -3  0  1 -2  1 -2 -3 -1 -2 -3  0  0  2  1 -2  0 0 0 1 1 0.05
 0 -2 -1  3  2 -1  1  0 -2 -2 -1 -2 -2 -3  0  1  2 -4 -3  0 0 0 1 1 0.05
-2 -1  2  0 -4  1  2  0 -1 -3 -2  4 -2 -3  1  0 -2 -3  1 -3 0 0 1 1 0.05
 2 -2 -2  0 -3  0  1 -1  1 -2 -3  1 -2 -3  4  0 -2  2 -2 -2 0 0 1 1 0.04
 0  0 -2 -3  2  0 -2 -3 -2  1  1  0  4 -1 -3 -1  0 -2  2  1 0 0 1 0 0.04
-3 -2  2 -2 -4  1  1 -1  8 -4 -4 -2 -3 -3  0  0 -3 -3  2 -4 0 0 1 0 0.04
 0 -1  1  0  1 -1  2  0 -2 -2 -3  0 -2 -3 -2  0  3  3 -2 -2 0 0 1 1 0.03
 0  1 -1  0 -4 -1  0  0  7 -4 -3 -1 -3 -2 -3  0 -2 -2  3 -3 0 0 1 0 0.03
-3 -3  0  0 -3  0  0 -4 -1  0 -2 -2 -2  4 -3 -2 -2  4  6 -1 0 1 0 0 0.03
-2  3  2  0 -4  1 -1 -3 -2 -3 -3  5 -2 -4 -2 -1  1 -4 -3 -1 0 0 1 1 0.03
-1 -3 -3 -4 -2  0 -3 -4  1  1  4 -3  0  1  0 -1 -2 -3 -1 -1 0 0 1 1 0.03
 0  3  1  3 -3  0  2 -2 -1 -3 -3  2 -3 -4  0  0  0 -4 -3 -3 0 0 1 1 0.03
 0 -2 -1  1 -3 -1  0  4 -2 -2 -3  0 -2 -3 -2  0  0 -3 -3 -1 0 0 1 1 0.03
 0 -2 -2  0 -2 -2 -2 -3  2  1  2 -2  3  1 -3 -2  0 -3 -1  2 0 0 1 0 0.03
-1 -2 -3 -3 -3  0 -2  0 -1 -1  0  0  2  5 -3 -2 -2  0  3 -2 0 1 0 0 0.04
 2 -1 -1 -1 -2  0  1  0 -2 -1 -1  2 -1 -3  1  0  0 -3 -2  0 0 1 0 1 0.05
 0 -2  1 -2 -2 -2 -2  4 -2  0 -1 -2  1 -2 -2  1 -1 -3 -3 -2 0 0 1 1 0.05
-2 -2  0  5 -3  1  3  1 -1 -2 -3 -1 -2 -3 -2 -1 -1 -4 -3 -1 0 0 1 1 0.06
-1 -2 -2 -2 -3 -1  0 -3 -2 -2 -2  0  2 -3  6 -1  2 -4 -3 -2 0 0 1 1 0.07
-1 -1 -1 -1  3  1  2 -3 -2  1 -1  1 -1 -2 -2 -1  1 -3 -2  1 0 0 1 1 0.08
 3 -2 -2 -2 -2 -2 -2 -1  3 -2 -2 -2 -1  3  2  1 -1 -2  0 -1 0 0 1 0 0.09
 1  0  0  3 -2  0  0 -2 -2 -2 -2  3  1 -3 -2  1  1 -3 -2 -2 0 0 1 1 0.15
-2 -2 -2 -3  3 -2 -2 -3  5 -1  0 -2 -1  3 -3 -2 -2 -1  4  0 0 0 1 0 0.18
-2  1 -1 -1 -4  0  1  1  7 -3 -3 -1 -2  2 -3 -1 -2 -2  1 -3 1 0 0 0 0.24
 1 -1  2  3 -3  2  1 -1 -1 -3 -3  0 -2 -4  2  0 -1 -4 -3 -2 1 0 0 1 0.27
-1  0  0  2 -3  3  3 -2 -1 -3 -3  1 -2 -4  2  1  0 -3 -2 -3 1 0 0 1 0.29
-2 -2 -2 -3 -3 -2 -3  0  3 -1  2 -3  0  5 -3 -2 -2  0  4 -1 1 0 0 0 0.34
-1  2  0 -1 -3  5  1 -2 -1 -3 -3  0 -1 -4 -2  2  1 -3 -2 -2 1 0 0 0 0.38
 3  0 -1 -1 -2  0  1 -1 -1 -2 -2  2 -2 -3 -1  1 -1 -3 -2 -1 1 0 0 1 0.50
 1 -1  2  2 -2  0  0 -1  5 -3 -3 -1 -2 -2 -2  1  1 -3 -1 -2 0 0 1 1 0.55
 4 -2 -2 -2 -1 -1 -2 -1 -2 -1  1 -1  0 -2 -1  0 -1 -3 -2  0 0 0 1 0 0.65
 0  1 -1  0 -3  1  2 -2 -1 -3 -3  3 -2 -3  4  0  0 -3 -2 -2 0 1 0 1 0.55
 3 -2 -2 -1 -2  0  2 -1 -2 -1 -2 -1 -2 -3  4  0 -1 -3 -2  0 0 0 1 1 0.68
 0 -2 -2 -2 -2 -1 -1  1 -2 -2 -3 -1 -2 -3  6  0  2 -4 -3 -2 0 0 1 1 0.82
-1  0  0  0 -4  2  4  2 -1 -4 -3  2 -2 -4 -2  0 -1 -3 -2 -3 0 0 1 1 0.81
-1  1  0  3 -3  1  1 -2 -1 -3 -3  4 -2 -4 -1  0 -1 -4 -2 -3 0 0 1 1 0.82
 2 -2 -1 -2 -2 -2 -2  5 -2 -3 -3 -1 -2 -3 -2  0 -1 -3 -3 -2 0 0 1 1 0.84
-1  2  0 -1 -3  1  1 -2 -1 -3 -3  5 -1 -3 -1  0 -1 -3 -2 -2 0 0 1 1 0.91
