 4 -2 -2 -3 -1 -2 -2  0 -3 -1 -2 -2 -2 -3 -2  2 -1 -4 -3  1 0 0 1 1 0.84
-1 -1 -1  2 -5  2  6 -2 -1 -4 -4  0 -3 -4 -2  0 -2 -4 -1 -4 0 0 1 1 0.77
 0 -2  1  5 -2 -1  3 -2 -2 -4 -4 -1 -3 -4  0  0  0 -5 -3 -3 0 0 1 1 0.70
-2  0 -1 -1 -3  1 -1 -3 -2  3  1 -2  4 -1 -2 -1 -1 -3  0  1 0 0 1 1 0.58
-1  1  1  1 -4  2  4 -1 -1 -3 -3  3 -2 -4  0  0 -1 -4 -3 -2 0 0 1 1 0.48
 1 -1 -1 -1  0  0  1  0 -2 -1 -2  0 -2 -3  1  2  3 -4 -3 -1 0 0 1 1 0.39
 0  0 -2 -2 -3  0  2 -2  0 -3 -3  5  0 -3  3 -1 -2 -4 -3 -3 0 0 1 1 0.32
-1 -1  0  0 -2  0 -1 -3 -2  3  1  0  1 -1  1 -1  0 -3 -2  1 0 0 1 1 0.22
-1  1 -1 -1 -3  2  1  1 -2 -1 -2  3 -2  2 -2  0 -2 -2  0 -2 0 0 1 1 0.12
-2 -1  5  1 -4  0  2 -2 -1 -2 -3  3 -3 -4 -2 -1  0 -4 -1 -2 0 0 1 1 0.07
-2 -3 -4 -4 -3 -2 -3 -4  1  1  2 -3  2  3 -4 -2 -2  4  5  0 0 0 1 1 0.06
-1  3 -1 -1 -4  3  1 -3  0 -2 -3  3 -2 -3 -1 -1 -1  3 -2 -1 0 0 1 1 0.05
-1 -3 -2 -3 -3 -2 -3 -3 -4  0 -3 -2 -1 -4  0  0  7 -4 -3 -2 0 0 1 0 0.03
 4 -1 -3 -3  0 -2 -2 -2 -3 -1 -1 -2 -2 -2  2  0  0 -3 -1  1 0 0 1 0 0.02
-1 -2 -3 -3 -4 -1 -3  1 -4 -4 -5 -1 -4 -5  8 -2 -3 -5 -5 -3 0 0 1 1 0.01
-1 -1 -3 -4  2 -2 -2 -3 -1 -1  0 -2  0  6 -2 -2 -2  0  4  0 0 0 1 1 0.01
-4 -4  0  7 -5 -2  1 -1 -3 -5 -6 -3 -5 -6 -3 -2 -3 -6 -5 -5 0 0 1 0 0.01
 2 -2 -1 -2 -3 -2 -1 -2 -3 -3 -2 -1 -3 -1  5  2 -1  1 -2 -1 0 0 1 1 0.01
-3  8  0 -3 -1 -1 -2 -4  1 -5 -4  0 -3 -5 -4 -3 -3 -5 -4 -5 0 0 1 1 0.01
-4 -5 -5 -5 -4 -5 -5 -5 -3 -2 -2 -5 -2  8 -6 -1 -4 -1  3 -3 0 0 1 0 0.01
-1 -3 -3 -3 -4  1 -2 -4 -4 -4 -2 -2  1 -5  7  0  0 -5 -4 -2 0 0 1 1 0.01
-2 -2  5 -1 -4  4 -1 -2 -1 -3 -4 -1 -2 -1 -3  1  1 -3  1 -2 0 0 1 1 0.01
-1 -1 -2 -2  2  5  0 -3 -2 -1 -2 -1  1  0 -2  0  3 -3 -2 -1 0 0 1 0 0.01
-3 -1  8  0 -5 -2 -2 -3 -2 -4 -5  0 -4 -5 -4 -1 -2 -6 -4 -5 0 1 0 1 0.01
-2  1 -1 -2 -4  7  1 -4 -2 -4 -3  1  1 -4 -3 -2 -2 -4 -3 -3 0 0 1 0 0.01
 0 -3 -1 -3 -3  0 -2 -1 -3 -2 -2 -2  1 -1 -3  0  6  3 -2 -2 1 0 0 0 0.01
-2  5  2 -2 -4  1 -1 -3 -1 -3 -3  4 -2 -4 -1 -2 -1 -4 -3 -3 1 0 0 1 0.01
-2  1  5 -1 -4  0 -1 -3  7 -4 -4 -1 -3 -3 -3 -1  0 -4  1 -4 1 0 0 0 0.00
-3 -5 -4 -5 10 -5 -6  1 -5 -4 -4 -5 -4 -4 -5 -2 -3 -4  0 -3 1 0 0 0 0.00
-1 -4 -4 -5 -4 -3 -2 -3 -2 -1 -2 -4 -2  4 -4 -2 -3 10  5 -1 1 0 0 0 0.00
-1 -1  2  0 -3  5 -1 -3 -1 -2  0 -1 -1 -2 -3 -1  1  0  1  0 1 0 0 0 0.00
 0  4  4 -1 -1 -1 -1 -2  0 -3 -2  1  0 -3 -3  1  0  1  1 -3 1 0 0 0 0.00
-4 -4 -4 -5 -5 -4 -4 -5  3 -3 -3 -4 -3  4 -5 -4 -4  0  9 -3 1 0 0 0 0.00
-1 -2  1 -3  0 -1 -3 -3 -2  2  2 -2  1 -1 -3 -2  1 -3  0  2 1 0 0 0 0.00
-3 -2  0  6 -4  2  3 -3 -2 -4 -3 -1  1 -4 -3 -2 -2 -4 -4 -4 1 0 0 0 0.00
-3 -3 -3 -4 -3 -3 -3 -4  3 -2  0 -3  1  6 -4 -3 -3  6  5 -2 1 0 0 0 0.00
-1 -2  0 -1  1  0 -1 -3  6 -2  0  0 -1  1 -3 -2 -2 -2  3  0 1 0 0 0 0.01
-1  4 -1 -2  0  1 -1 -1  2 -2  0  3 -1 -3  0 -1 -1 -3 -2 -1 1 0 0 1 0.01
-3 -5 -4 -5 10 -4 -5 -4  2 -3 -3 -4 -3  1 -4 -1 -3 -4 -3 -3 1 0 0 0 0.01
 0  0  0 -1 -2  1  1  0  0  0  0  1 -1 -2 -1  0  1 -2 -1  0 1 0 0 1 0.01
-1  2  0 -1 -3  0  1 -2  2 -3 -2  5 -2 -2 -2 -1 -1 -2  0 -2 1 0 0 1 0.01
 1  0 -1 -1  2 -1  0 -1  0  1  0  0  0 -1 -1  0  0 -2 -1  0 1 0 0 1 0.02
-1  0 -2 -2 -2 -1 -2 -2  0  2  2 -1  4  0 -2 -2  0 -2  1  1 1 0 0 0 0.02
 0 -1  3  1 -2  0  1  0 -1 -1 -2  0 -1 -2 -1  1  2 -2 -1 -1 1 0 0 1 0.03
 3  1  0 -1 -1  0  1 -1 -1 -1 -1  0 -1 -2 -1  0  0 -2 -2 -1 1 0 0 1 0.03
-1  2  0 -2 -1  1 -1 -2  1 -3 -2  5 -2 -3 -2 -1 -1  1 -2 -2 0 0 1 1 0.03
-2 -3 -1 -1 -4 -3 -1  7 -3 -4 -4 -3 -4 -4 -3 -1 -3 -4 -4 -4 0 0 1 1 0.03
-1 -1 -1  2 -4  2  4  2 -2 -3 -4  1 -3 -4  0 -1 -2 -4 -3 -3 0 0 1 1 0.02
-2 -3  1  6 -4 -2  2  1 -1 -5 -5 -1 -4 -4 -3  0 -2 -5 -2 -4 0 0 1 1 0.02
 0 -2  0  0 -2 -1  0 -2  2 -1 -2 -2 -1  2 -1  0  1 -2  3  1 1 0 0 1 0.02
 1 -1  0  1 -3  1  2 -1 -2 -2 -3  1 -2 -2  1  2  0 -3 -1 -1 1 0 0 1 0.01
 1  0 -1  1 -3 -2  1 -2 -1 -1 -2  0  0 -3  5 -1 -1 -4 -3  1 1 0 0 0 0.01
-3 -3 -5 -6 11 -5 -6 -5 -5 -4 -4 -5 -4 -5 -5 -2 -4 -5 -5 -4 1 0 0 0 0.01
-2  1  0  2 -4  3  3 -2 -2 -4 -3  4 -1 -4 -3 -2  0 -4 -1 -3 1 0 0 1 0.01
-2  0 -2 -3 -4  1 -1 -2  0 -2 -2  1  0  1  0 -2 -2  8  4 -2 1 0 0 1 0.01
-4 -4 -4 -5 -2 -1 -4 -5  1 -1 -1 -2  2  7 -5 -4 -3 -1  6 -3 1 0 0 1 0.01
 0  3 -2 -3 -4  2 -1 -3 -1 -3 -2  3  0  3 -3 -2 -2  4  2 -3 1 0 0 1 0.01
-2  4  2  0 -2  1 -1 -2  3 -4 -2  3 -2 -3 -3 -1 -2  2  0 -3 1 0 0 0 0.00
 0 -1  0 -2  0 -2 -3 -2 -2  0 -1 -2  1  1 -3 -1  1  0  3  3 1 0 0 0 0.00
 1 -4 -4 -5 -4 -4 -4 -4 -1 -3 -1 -4  0  4 -4 -3 -3  2  8 -1 1 0 0 0 0.00
-1  3  1 -2 -4  2  1 -3  2 -2 -2  3  0 -3 -3 -1  0 -4 -2 -2 1 0 0 0 0.00
 1  0 -2  0 -3 -1 -2 -2 -3 -2 -3 -1 -3 -4 -3  6  0 -4 -3 -2 1 0 0 0 0.00
-1 -4 -4 -5 -3 -4 -4 -5 -4  3  5 -4  3 -1 -2 -4 -3 -3 -3  0 1 0 0 0 0.00
-3 -5 -5 -6 11 -5 -6 -5 -5 -4 -4 -5  0 -5 -5 -4 -4  0 -5 -4 0 0 1 0 0.00
-2 -4 -4 -4 -5 -1 -3 -4 -1 -5 -5 -3 -5 -5  8 -2 -1 -5 -5 -4 0 0 1 0 0.00
 0 -1  2  0 -2  0  0  0 -1  2  0 -1  0 -2 -2  1  1 -3 -2  0 1 0 0 1 0.00
 1 -1 -1  2 -3  0  3 -1 -1 -1 -2 -1 -2 -1 -1  3 -1 -3 -2 -2 1 0 0 0 0.00
-5 -5 -6 -6 -5  0 -5 -5 -5 -5 -2 -5 -1 -2 -6 -3 -3 12 -1 -5 1 0 0 0 0.01
-2 -4 -4 -5 -3 -3 -4 -4 -5  4  2 -4  0 -2 -4 -3  1 -4 -1  5 1 0 0 0 0.01
 0 -2 -1  2 -1  2  5 -3 -2 -3 -2 -1 -3 -5 -3  2  1 -5 -4 -3 1 0 0 1 0.01
 1  3  0  2 -4  0  0 -2 -1 -3 -3  4 -3 -5 -3 -1 -1 -5 -4 -3 1 0 0 1 0.01
-6 -6 -7 -7 -6 -5 -6 -6 -6 -6 -5 -6 -5  1 -7 -6 -6 13 -1 -6 1 0 0 0 0.01
-4 -2  3  6 -5 -1  2 -3 -1 -5 -5 -2 -2 -3 -4 -2 -1 -6 -4 -5 1 0 0 1 0.01
-3 -1  0  4 -5  0  6 -2 -2 -5 -5 -1 -4 -5 -3 -1 -1 -5 -3 -3 1 0 0 1 0.01
-3  0 -2 -1 -5  7  1 -3  3 -4 -1  0 -3 -3 -4 -3 -3  1  0 -4 1 0 0 1 0.01
-3  7 -3 -4 -5  0 -2 -2 -3  1 -1  0 -1 -3 -4 -3 -3 -5 -4 -1 1 0 0 1 0.01
 3 -1 -2  2 -4  2  4 -2  0 -4 -3  0 -2 -3 -3 -1 -2 -4 -3 -2 1 0 0 1 0.02
 1 -1  3  1  0  1  4 -3 -1 -4 -3  2 -1 -4 -3  0 -2 -4 -3 -3 1 0 0 1 0.03
-2 -4  0 -2 -5 -3 -4  7 -4 -6 -6 -2 -5 -6 -5 -2 -3 -1 -5 -4 0 0 1 1 0.02
-2  1  0 -3 -1 -2 -3 -4  2  1 -2  0  1 -4 -2  1  5 -4 -3 -1 0 0 1 0 0.03
-5 -6 -6 -6 -5 -6 -6 -6 -4 -2 -1 -6 -1  8 -6 -5 -5  4  3 -3 0 0 1 0 0.04
 2 -4 -4 -4 -2 -2 -4 -4 -4 -5 -2 -3 -4 -5  8 -1 -2  0 -2 -4 0 0 1 0 0.05
 0 -4 -1 -3 -2 -3 -4  6 -2 -4 -5 -2 -4 -3 -4 -1 -2 -4 -2 -1 0 0 1 0 0.06
-2  3  1  0 -5 -1 -1 -3  0 -5 -4  5 -3 -5  2  0 -2 -5 -4 -4 0 0 1 1 0.09
-3 -4 -5 -5 -3 -4 -5 -5 -5  6  3 -4  0  1 -5 -4 -3 -4 -2  1 0 0 1 1 0.16
