 0 -3 -1 -2 -3 -2 -3  6 -2 -4 -4 -2 -3 -4 -3 -1 -2 -3 -3 -4 0 0 1 1 0.68
-1 -3 -2  1 -4 -2 -1 -3 -3 -3 -4 -2 -3 -4  8 -1 -2 -4 -4 -3 0 0 1 1 0.49
-2  0 -3 -3 -2  0 -1 -4 -3  1  3  0  2 -1 -3 -2 -1 -3 -2  1 0 0 1 1 0.43
-1  1 -1 -2 -3  1  0  1 -2 -1 -3  4 -2 -4 -2  2  1 -4 -3 -2 0 0 1 0 0.39
 1 -1 -1 -1 -3  4  3 -2  0  0 -2  1 -2 -1 -2  1  0 -3 -1 -2 1 0 0 1 0.32
-2  2  0  1 -4  3  4 -3 -1 -1 -2  2 -2 -4 -2 -1  0 -4 -3 -3 1 0 0 1 0.26
 0 -2 -2  1 -3  2  3 -3  2 -1  2 -1  0 -2 -3  0 -1 -3 -2  0 1 0 0 1 0.19
 1  0 -2 -2 -3  1 -1 -3  0  1  0  2  3 -2 -3 -1  1 -3 -2  0 1 0 0 0 0.23
-3  0 -1  6 -5  0  3 -4 -3 -5 -4  3 -4 -5 -3 -2 -3 -6 -5 -5 1 0 0 1 0.17
-1  1 -1  0 -4  1  3 -3 -1 -2 -2  3 -2 -3  2  0  1 -4 -2 -2 1 0 0 1 0.12
-2 -4 -4 -4 -3  0 -3 -5 -4  4  2 -4  2 -2 -4 -3 -2 -4 -1  4 1 0 0 0 0.09
-1 -2  0  5 -4  0  3 -1  2 -1 -4  1 -3 -2 -3  0 -2 -5 -2 -3 1 0 0 0 0.06
 2  0  0  0 -2  0  1 -1 -2 -1 -1 -1 -1 -2  2  1  0 -3 -3  0 1 0 0 1 0.04
-2  3 -1  1 -5  2  1 -3 -2 -3 -3  5 -1 -5 -3 -1 -2 -5 -4 -3 1 0 0 1 0.03
-3 -5 -5 -5 -3 -4 -5 -5 -5  6  2 -4  0 -2 -5 -4 -2  3 -3  4 1 0 0 0 0.02
 0  2  1  0 -3  2  1 -2 -1  0  0  2  0 -1 -2  0  0 -2 -1 -1 1 0 0 1 0.02
 2  1  0  1 -3  1  2 -2  0 -2 -1  2  0 -3 -2  0  0 -4 -3 -2 1 0 0 1 0.02
-6 -6 -1 -7 -6 -5 -6 -6 -6 -6 -5 -6 -5 -3 -7 -6 -6 13 -1 -6 1 0 0 0 0.02
 3  1 -2 -2  2 -1 -1 -2 -3  0 -1  2 -2 -3 -2  2  1 -4 -3  0 1 0 0 0 0.02
 0  0  1  2 -3  1  3  0 -1 -3 -3  2 -2 -1 -2  1 -1 -3 -2 -3 1 0 0 1 0.03
-2 -3  2 -2 -4 -2 -3  6 -3 -5 -5 -2 -4 -5 -3  0 -2 -4 -4 -4 1 0 0 1 0.03
-3  1  1 -3 -5  1 -1 -4  0 -5 -5  6 -3 -5 -3  0 -2 -5 -4 -4 1 0 0 0 0.04
-2  1  0  2 -4  2  4 -1 -1 -3 -2  2 -2 -3 -1 -1 -1 -3  1 -3 0 0 1 1 0.04
-1  1  4  3 -3 -1 -1  2 -1 -3 -3  2 -3 -4 -2  0  1 -4 -3 -3 0 0 1 0 0.04
-4 -3  7  4 -5 -1 -1 -3 -2 -5 -5 -2 -4 -5 -4 -2 -2 -5 -4 -5 0 0 1 1 0.05
-3 -4 -5 -5 -3 -4 -5 -5 -5  5  4 -4  1  1 -5 -4 -3 -4 -3  2 1 0 0 0 0.06
-4  8 -3 -4 -6 -2 -3 -5 -3 -1 -2  1 -4 -5 -5 -3 -4 -5 -4 -4 1 0 0 0 0.05
 4 -3  0 -2 -2 -1 -1 -1  3 -2 -2 -2 -1  0 -3  0  1 -4 -1  0 1 0 0 1 0.07
-3 -3  0 -4 -3 -3 -4 -5 -4  0  5 -4  5 -1 -4 -3 -2 -3 -3 -1 1 0 0 0 0.06
-3 -4 -5 -5 -3 -4 -4 -5 -4  2  5 -4  2 -1 -4 -4 -2 -3 -2  1 1 0 0 0 0.04
 2  0 -1 -2  3 -1 -2  0 -2 -1 -1 -1  0 -2 -2  3  1 -3 -2 -2 1 0 0 0 0.03
-1  1  2 -2 -3 -2 -2 -1 -2 -3 -2 -1 -2 -4 -3  4  4 -4 -3 -2 0 0 1 0 0.03
-3 -4 -5 -5 -3 -3 -4 -5 -4  1  5 -4  4  1 -4 -4 -2 -3 -2  1 1 0 0 0 0.02
-2 -2  1  3 -4  2  1 -1  7 -4 -3 -2 -3 -4  0 -1 -2 -4 -1 -4 1 0 0 1 0.01
 0  0  0  0 -2  2  1 -1  0 -1  0  0  0 -1  0  0  2 -2  1 -1 1 0 0 1 0.01
 1 -2 -2 -2 -1 -2 -2 -2 -2  3  2 -2  2 -1 -2 -1  0 -2 -1  2 0 0 1 0 0.01
 0 -2 -2 -2 -1 -1 -2 -2 -2  2  2 -1  3 -1 -2  1  0 -2 -1  2 0 0 1 0 0.01
-3 -3 -5 -5 -2 -4 -5 -2 -4 -5 -4 -5 -4 -2  2 -4 -3 12 -1 -5 0 0 1 0 0.01
 0 -2 -1  2 -4 -1  3 -2 -2 -3 -4 -1 -3 -4  5  1 -1  2 -3 -3 0 0 1 1 0.01
-1 -2  3  3 -4 -1  3  3 -2 -4 -3 -1 -3 -4 -3 -1 -2  0 -3 -4 0 0 1 1 0.01
 2 -2  0 -1  3 -1  0 -2  0 -1  0 -2 -2 -3 -2  3  1 -4 -3  0 0 0 1 0 0.01
-1  2  2  0 -4  0  0  3 -2 -4 -4  2 -2 -4 -3  0 -2 -4 -3 -3 0 0 1 1 0.01
-5 -5 -6 -4  1 -5 -5 -4 -5 -5 -3 -4 -1  0 -4 -4 -4 12  2 -5 0 0 1 0 0.01
-1  1  0 -1 -4  3  2 -3 -2 -4 -3  4 -3 -3 -2 -1  1 -4  0 -3 0 0 1 1 0.02
 0  0 -1 -1 -3  0  0 -3 -1 -2 -3  3 -2 -4  5  0  0 -4 -2 -2 0 0 1 1 0.02
-2 -4 -4 -4  3 -3 -4 -5 -4  3  2 -4  1 -2  0 -3 -2 -4 -3  5 0 0 1 0 0.02
 0 -2  1  0 -3  0  0  2  1 -4 -4 -2 -3 -4  3  3  0 -4 -1 -3 0 0 1 1 0.03
-2 -1 -2 -4 -3 -2 -4 -4  1  2  3 -3  6  0 -2 -2 -1 -3 -1  0 1 0 0 1 0.03
 1 -2  0 -2  2 -1 -2  1  3 -2 -3 -2  0  0 -2  3  1  1 -1 -2 1 0 0 1 0.04
 0 -2  1  5 -4  1  3 -3 -2 -2 -4  0 -2 -1 -3  0 -1 -4 -3 -2 1 0 0 1 0.05
-3 -4 -2 -3  3 -4 -4 -4 -4  1  5 -4  3 -1 -4 -3 -2 -3 -3  0 0 0 1 0 0.07
 0 -3 -4 -4  1 -2 -3 -4 -4  3  1 -3  4 -2 -4 -2 -1  1 -3  4 0 0 1 1 0.14
-1 -2  1  2 -3  0  1 -3 -2 -1 -1 -1  2 -3  1  2  3 -4 -3 -1 0 0 1 1 0.14
 0 -2  1  1  3 -1  1 -1  0 -4 -4 -2 -3 -2  5  0 -1 -4 -2 -3 1 0 0 1 0.14
 1 -1  3  1 -3  0  0  0 -2 -2 -3  2 -1 -4  2  1  0 -4 -3 -2 1 0 0 1 0.13
 0  0 -1  1  3  4  1  0 -1 -3 -3  3 -2 -4 -2  0 -1 -4 -3 -2 1 0 0 0 0.14
-1 -4  1 -4  0 -3 -4 -4 -4  2  1 -3 -1 -2 -4 -1 -2 -4  0  5 1 0 0 0 0.12
-3  1 -2 -1 -5  0 -1 -2 -3 -1 -4  6 -3 -5 -3 -1 -2 -5 -4  0 1 0 0 1 0.13
-2  1 -2 -3 -4 -1 -2 -3  3  1  1  5 -1 -3 -1 -1 -2 -4 -2  0 1 0 0 1 0.14
 3 -1 -1 -2  0  0 -1 -2  1  0 -2  0 -1 -1 -2  1  0  2  1  1 1 0 0 0 0.15
-4 -4 -4 -5 -5 -3 -4 -5  0 -2 -2 -1 -3  1  1 -4 -4  2  8 -2 1 0 0 0 0.16
-2  4 -2 -3 -3  1 -1 -3  2 -2 -1  2  2 -2 -3 -2  0  3  1 -1 1 0 0 1 0.11
 0  4  1 -2 -4  2 -1 -2 -1 -4 -3  4 -2 -4 -2  1 -1 -4 -3 -3 1 0 0 1 0.10
 5 -3 -3 -3 -2 -1 -2 -1 -3 -1 -1 -2  0 -3  3 -1 -2 -4 -3  0 1 0 0 0 0.07
 1 -1 -2 -3  3 -2 -3 -3 -3  3  2 -2  1  0 -3 -1  0 -3 -2  1 1 0 0 1 0.05
 1 -1 -3 -4 -2 -2 -3 -2 -3  1  3 -1  1 -1 -3  0 -1 -3 -2  2 1 0 0 1 0.04
 0  1 -2 -2  3 -1 -1 -3 -2  0  0  3 -1 -1 -2  0  2 -3 -1  1 1 0 0 0 0.03
 1 -3 -3 -4  2 -3 -3 -3 -1  2  1 -3  0  1 -3 -1  0  0  1  3 0 0 1 0 0.03
 2 -2 -2 -3 -4 -2 -2 -4 10 -5 -5 -3 -4 -3 -4 -2 -3 -5 -1 -4 0 0 1 1 0.03
-3 -4 -4 -4 -4 -3 -3 -4 -4 -3  1 -3 -3 -4  8 -3 -3 -5 -4 -3 1 0 0 1 0.03
-3 -4 -1  7 -5 -2  0 -3 -3 -5 -5 -3 -5 -5  3 -2 -3 -6 -5 -5 1 0 0 1 0.03
-2  2 -2 -3  5 -1 -1 -3 -3 -4 -4  6 -3 -4 -3 -2 -2 -4 -3 -4 1 0 0 1 0.03
-1 -2  1 -2 -1 -2 -2 -3  2  2  3 -2  1  0 -3 -2 -1  2 -1  1 1 0 0 0 0.04
 0  3  1 -1 -2  2  0 -1 -1 -2 -2  1  0 -2  1  0  0 -2 -2 -2 1 0 0 1 0.04
 0  0  0  0 -2  3  0  0  0 -2 -2  0 -2 -2  4  1  0 -2 -2 -2 1 0 0 1 0.07
 0  2  0  0 -2  3  0 -1  1 -1 -1  2 -1 -2  0  0  0 -2 -1 -1 0 0 1 1 0.07
 2 -2  2  2  0  0 -1  3  0 -3 -2 -1 -2 -3  0  1 -1 -3 -3 -2 0 0 1 1 0.06
 4 -2 -2 -1 -1 -2 -1  0 -3 -2  0 -1 -1 -2 -2  0  1  0 -2  0 0 0 1 0 0.06
-1 -2  1  1 -3 -1  0  3 -1 -3 -3 -1 -2 -3  0  2  3 -3 -3 -2 0 0 1 1 0.05
 0  0 -1  0 -2  2  1 -2 -1  0  0 -1  0 -2  1  0  2 -3 -2  0 1 0 0 1 0.05
-2 -2 -1  2 -3  2  5 -4  0 -4 -3  0 -3 -5  3 -1 -3 -5 -4 -2 1 0 0 0 0.04
-2 -1  1 -1 -4  5  2 -3  3 -3 -2  1 -1  0 -3 -1 -2 -3  3 -1 1 0 0 1 0.04
-2  3 -2 -2 -2  1  3 -2 -2 -2 -2  5 -3 -4 -3 -2 -2 -4 -3 -2 1 0 0 1 0.03
-2 -2  0 -2 -3  2  1 -3  0 -1  1  0  5  1 -2 -1 -1 -2  4 -2 1 0 0 0 0.02
-2 -1 -3 -3 -1 -1 -1 -4 -1  5  2 -2  2 -2 -3 -3 -1 -3  0  1 1 0 0 0 0.01
 6 -4 -4 -4  5 -3 -4 -2 -4 -4 -4 -3 -3 -5 -3  0 -3 -5 -4 -2 1 0 0 0 0.01
-1  1  1  1 -4  2  4  0  0 -4 -4  3 -3 -4 -3 -1  0 -4 -3 -4 1 0 0 1 0.02
 1  2  0 -2 -3  0 -1  1 -1 -2  0  2  4 -3 -3  0 -1 -3 -1 -1 1 0 0 1 0.01
 0 -3 -4 -4 -3 -3 -4 -4 -4  4  0 -1  1 -2 -4 -3 -2 -4 -3  5 1 0 0 0 0.01
-5 -6 -6 -6  1 -6 -6 -6 -4 -2 -3 -6 -3  9 -6 -5 -3  1  2 -4 1 0 0 0 0.01
 0 -1 -1  3 -2  1  0 -1  0  0 -1  1  4 -2 -3  1  0 -3 -1  0 1 0 0 1 0.01
 1 -2 -2  0  0  0  3 -3 -1  2  0 -2 -1 -3 -3 -1  1 -4 -2  1 1 0 0 0 0.02
-4 -5 -6 -6 -4 -5 -5 -6 -5  2  5 -5  0 -1 -5 -5 -2 -4 -3  1 1 0 0 0 0.02
-2  1  6 -2 -4  1 -2 -1  0 -5 -4  1 -4 -5 -4  2  0 -5 -4 -3 1 0 0 1 0.03
-2 -2  1  4 -5  2  4 -4 -1 -4 -4  2 -1 -5 -3 -2 -1 -5 -4 -2 1 0 0 1 0.04
 6 -1 -3 -4 -3 -2 -1 -2 -4 -4 -4 -3 -4 -5 -3  1 -2 -5 -4 -3 1 0 0 0 0.07
-5 -3 -6 -7 -6 -1 -5 -6 -4 -5 -4 -2 -1  2 -7 -5 -5 11  5 -5 1 0 0 1 0.07
 0 -2  2  3 -4 -1  3 -2 -1 -4 -4  1 -3 -4 -3  2  1 -5 -4 -3 1 0 0 1 0.08
 1  0 -1  1 -3  0  3 -3  0  0 -1  3 -2 -3 -3 -1  0 -4 -2  0 1 0 0 1 0.11
-5 -5 -6 -6 -2 -6 -6 -6 -3 -3 -1 -6 -3  8 -6 -5 -5 -1  3 -3 1 0 0 0 0.13
-2  0  2  1 -4  1  3 -1 -2 -2 -4  4 -3 -4 -3  0 -2 -5 -3 -2 0 0 1 1 0.25
 1  0  3 -1 -3  2  2 -2 -2 -4 -3  1 -3 -4 -2  3  0 -4 -3 -3 0 0 1 1 0.21
-1  0 -1  0 -4  5  3 -2 -1 -3 -1  1 -2 -4 -2  1  1 -4 -3 -2 0 0 1 1 0.30
-2 -3  5  0 -4 -2 -2  5 -2 -5 -5 -2 -4 -5 -3 -1  0 -5 -4 -4 0 0 1 0 0.43
 2 -2 -2 -2 -2  0 -2  1 -2 -3 -3 -1 -2  0  6 -1 -1 -3 -2 -2 0 0 1 1 0.51
-1 -3 -3 -4  6 -3 -3 -4 -4  3  1 -3  0 -1 -3 -2 -1 -3 -2  3 0 0 1 1 0.59
