 1 -1  1  0 -1  0  0  0 -1 -2 -2  0 -1 -2 -1  4  1 -3 -2 -2 0 0 1 1 0.94
-1  5  0 -2 -3  1  0 -2  0 -3 -2  2 -1 -3 -2 -1 -1 -3 -2 -2 0 0 1 1 0.92
-1 -2 -3 -4 -1 -1 -2 -3 -2  1  3 -2  5  0 -3 -2 -1 -2 -1  1 0 0 1 1 0.88
-1 -2 -2 -2 -3 -1 -1 -2 -2 -3 -3 -1 -3 -4  8 -1 -1 -4 -3 -3 0 0 1 1 0.85
 1 -1  1  0 -1  0  0  0 -1 -3 -3  0 -2 -3 -1  4  1 -3 -2 -2 0 0 1 1 0.84
-1 -3 -3 -2 -3 -2 -2 -3 -3 -3 -3 -1 -3 -4  8 -1 -2 -4 -4 -3 0 0 1 1 0.73
-1 -2 -2 -1 -3 -1  1 -3 -2 -3 -3 -1 -3 -4  8 -1 -2 -4 -3 -3 0 0 1 1 0.75
 0  4 -1 -2 -3  0 -1 -2 -1 -2 -1  3  2 -2 -2 -1 -1  5 -1 -2 0 0 1 1 0.76
 2 -2 -2 -2 -1 -1 -1 -1 -2  0 -1 -1 -1 -2  5  0 -1 -3 -2  1 0 0 1 1 0.74
 4 -2 -2 -2 -1 -1 -1 -1 -2  0 -1 -1 -1 -2 -1  1  1 -3 -2  1 0 0 1 0 0.66
 1 -1  0 -1 -1 -1 -1 -1 -2 -3 -3 -1 -2 -3  3  4  1 -3 -2 -2 0 0 1 0 0.64
-1 -3 -3 -2 -4 -2 -2 -3 -3 -3 -4 -2 -3 -4  8 -1 -2 -4 -4 -3 1 0 0 0 0.66
 3  1  1  1 -2  0  0  1 -1 -2 -2  1 -2 -3 -1  1  0 -3 -2 -1 1 0 0 1 0.56
 3 -2 -2 -2 -1 -1 -2 -1 -2  1  0 -1  0 -2 -2  1  0 -3 -2  2 1 0 0 0 0.48
-2 -3 -4 -4 -2 -3 -4 -4 -4  1  5 -3  1  0 -4 -3 -2 -2 -2  0 1 0 0 0 0.42
 0 -3 -3 -4 -3 -2 -3 -3  0  0 -1 -3 -1  4 -3 -2 -2  1  7 -1 1 0 0 0 0.34
 0  0  3  1 -3  3  2 -2 -1 -2 -3  2 -2 -3 -2  0  0 -3 -2 -1 1 0 0 1 0.26
-2  6  3 -1 -4  2  0 -3 -1 -4 -3  2 -2 -4 -3 -1 -2 -4 -3 -3 1 0 0 1 0.19
 0 -3 -4 -4 -2 -2 -3 -3 -3  1  4 -3  3  0 -3 -2 -2 -2 -2  0 1 0 0 0 0.20
-2 -2 -3 -3  2  2 -2 -4 -3  3  4 -2  1 -1 -3 -2 -2 -3 -2  1 1 0 0 0 0.23
 0  1  2  2 -2  0  1  0  3 -2 -1  0 -2 -3 -2  0  1 -3 -2 -2 1 0 0 1 0.20
-2 -1  0  5 -4  1  5 -3 -1 -4 -4  0 -3 -4 -2 -1 -2 -4 -3 -4 1 0 0 1 0.20
-2 -3 -4 -5 -2 -3 -4 -5 -4  1  5 -3  1  0 -4 -3 -2 -2 -2  0 0 0 1 0 0.19
 0 -1  2  3 -3  2  1  4  1 -4 -4 -1 -3 -4 -2  0 -1 -3 -3 -3 0 0 1 1 0.19
-3 -4 -4 -5 -3 -4 -4 -4 -2 -1 -1 -4 -1  8 -5 -3 -3  0  2 -2 0 0 1 0 0.19
 2 -2 -1  0 -2 -1 -1  0 -2 -2 -3 -1 -2 -3  4  3  1 -4 -3 -1 0 0 1 1 0.20
 0 -1  0  4 -4  0  5 -2 -1 -4 -4  0 -3 -4 -2 -1 -1 -4 -3 -3 0 0 1 1 0.19
 0 -3 -2 -2 -3 -3 -3  6 -3 -4 -4 -2 -3 -3 -3 -1 -2  6 -2 -4 0 0 1 0 0.20
-2 -2 -2  2 -4  1 -1 -3 -2 -4 -4 -1 -3 -4  7  0 -2 -4 -4 -3 1 0 0 1 0.20
 3  1 -1 -2 -2  0 -1  0 -2 -2 -2  1 -2 -3 -1  2  1 -3 -2 -1 1 0 0 1 0.23
-2 -3 -4 -4 -2 -3 -4 -4 -4  3  4 -3  2  0 -4 -3 -2 -3 -2  1 1 0 0 0 0.24
-2 -2 -3 -4  5  1 -2 -4 -3  1  4 -2  1 -1 -3 -2 -2 -2 -2  0 1 0 0 0 0.24
 2  1  0 -1 -2 -1 -1  0  3 -2 -2 -1 -2 -1 -2  3  2 -3 -1 -2 1 0 0 1 0.28
 2  1 -2 -2  2 -1 -2 -2 -2  0  0  0  3 -2 -2  0  0 -3 -2  1 1 0 0 0 0.27
-2 -3 -4 -4 -2 -2 -3 -4 -3  1  4 -3  5  1 -4 -3 -2 -2 -1  0 1 0 0 0 0.29
-2 -1  0  3 -4  1  5 -3 -1 -4 -4  2 -3 -4 -2 -1 -2 -4 -3 -3 1 0 0 1 0.27
-1  3 -1 -2 -2  0 -1 -2 -2 -2 -1  3 -1 -3 -2  1  3 -3 -2 -2 1 0 0 1 0.28
-3 -4 -4 -5  2 -3 -4 -4 -4  2  0 -4  1  0 -4 -3 -2 10  0  0 1 0 0 0 0.26
-3 -1  7  0 -4 -1 -1 -1  0 -4 -5 -1 -3 -4 -3  0 -1 -5 -3 -4 1 0 0 0 0.25
-1 -1 -2  0 -3  0  5 -3 -1  1 -1 -1  1 -3 -2 -1 -1 -3 -2  1 1 0 0 1 0.27
-3 -3  0  7 -5 -1  1 -2 -2 -4 -5 -2 -4 -5 -2 -1 -2 -5 -4 -4 1 0 0 0 0.27
-2 -3 -4 -4 -2 -3 -4 -4 -3  3  4 -3  3  0 -4 -3 -2 -2 -2  1 1 0 0 0 0.28
-3 -4 -4 -5 -3 -4 -4 -4 -2 -1 -1 -4 -1  8 -5 -3 -3  0  2 -2 1 0 0 0 0.25
 0 -2  0 -1 -2 -1 -1 -1 -2 -3 -3 -1 -2 -3 -2  6  1 -4 -3 -3 1 0 0 0 0.25
 1 -4 -3 -4  9 -3 -4  0 -4 -2 -2 -3 -2 -3 -3 -1 -2 -3 -3 -2 0 0 1 0 0.24
-2 -3 -4 -4 -2 -3 -4 -4 -3  2  3 -3  1  4 -4 -3 -2 -1  0  2 0 0 1 0 0.24
-2 -3 -3 -3 -4 -2 -2 -3 -3 -4 -4 -2 -4 -5  8 -2 -2 -5 -4 -4 0 0 1 0 0.22
 0  1 -1 -2 -2 -1 -2  0  2  1  1 -1  0 -2 -2 -1  2 -3 -1  1 0 0 1 1 0.22
-2 -2  6  0 -3 -1 -1  1  3 -4 -4 -1 -3  1 -3  0 -1 -3 -1 -3 0 0 1 0 0.14
 2 -1 -1  0 -2  0  3  0 -1 -2 -1  0 -1 -3  0  1  0 -3 -2  0 1 0 0 1 0.10
-2 -2  3  6 -4  0  2 -2  4 -4 -4 -1 -3 -4 -2 -1 -2 -4 -2 -4 1 0 0 1 0.08
-2 -3 -3 -4 -2 -3 -3  1 -3  2  4 -3  2  0 -3 -3 -2 -2 -2  0 1 0 0 0 0.10
-3 -3 -3 -4 -3 -3 -3 -4  1 -2  1 -3 -1  2 -4 -3 -3  1  8 -2 1 0 0 0 0.10
 2  2 -1 -1  4  0  1 -2 -2 -1 -2  1 -1 -3 -2  1  1 -3 -2 -1 1 0 0 1 0.09
-2  0  3  3 -4  0  3 -2  4 -4 -4  0 -3 -3 -2 -1 -1 -4 -2 -3 1 0 0 1 0.10
 2 -2  2 -2  4 -1 -2 -2 -2  0  0 -2  3 -2 -2  0  0 -3 -2  0 1 0 0 0 0.09
 1  0 -1  1 -2  0  0 -2 -2  0 -1  2  0 -2  1  0  0 -3 -2  0 1 0 0 1 0.09
-2 -3 -4 -4 -2 -3 -3 -4 -3  2  2 -3  2  3 -4 -3 -2  6  0  1 1 0 0 0 0.09
-2 -3 -4 -4 -2 -3 -4 -4 -3  1  4 -3  1  3 -4 -3 -2 -2  0  0 1 0 0 0 0.11
 0 -2  0 -1 -2 -1 -1 -1 -2 -3 -3 -1 -2 -3 -2  6  1 -4 -3 -3 0 0 1 0 0.10
 1 -2 -1 -2 -2 -2 -2  0 -3  0  0 -2 -1 -2  1  0  4 -3 -2  1 0 0 1 1 0.09
-1 -2  1  3  2 -1  0 -2 -2 -2  0 -1  1 -2 -2  3  0 -3 -2 -2 0 0 1 0 0.09
 1 -3 -2 -2 -2 -2 -2 -2 -3 -1 -2 -2 -2 -3  6 -1  1 -4 -3  2 1 0 0 0 0.07
-1  0  1  4 -3  0  2  0 -1 -3 -3  0 -3 -3 -2  3  1 -4 -3 -3 1 0 0 1 0.09
 0 -1  0  4 -4  1  4 -2 -1 -4 -4  2 -3 -4 -2 -1 -1 -4 -3 -3 1 0 0 1 0.12
-1 -3 -4 -4 -2 -3 -3 -4 -4  3  0 -3  0 -1 -3 -3 -1 -4 -2  5 1 0 0 0 0.21
-1 -3 -4 -4 -2 -3 -3 -4 -4  3  2 -3  0 -1 -3 -2 -1  5 -1  3 1 0 0 0 0.22
 0  0  0  2 -2  0  2  0 -1 -2 -2  1 -2 -3 -1  0  1 -3 -2 -1 1 0 0 1 0.23
 2 -2  0 -2 -2  0  0 -1 -1 -1  1 -1  0 -1 -2 -1 -1  6  1 -1 1 0 0 0 0.19
 0 -2 -1 -2 -2 -1 -1  3 -2  0  1 -2  3 -2 -2  0 -1 -2 -2  1 1 0 0 0 0.21
-1  0  0  4 -3 -1  1 -2 -1 -2 -2 -1 -2 -1 -2  1  1 -2  2 -2 0 0 1 1 0.25
 2 -1  1  0 -2  0  1 -1 -1 -2  0  0 -1 -2 -1  2  0 -3 -2 -1 0 0 1 1 0.26
 0 -1  2 -1 -2  0  1  1  2 -3 -2 -1 -2 -1  1  1  0 -1  3 -2 0 0 1 1 0.25
 0 -2  0  0 -2 -1 -2 -2 -2  1  0  0  0 -2 -2  0  3 -3 -2  2 0 0 1 1 0.27
 0 -3  0 -2 -3 -2 -2 -2 -3 -3 -3 -2 -3 -3  7  0 -2  6 -2 -3 0 0 1 0 0.28
-1  0  0  4 -3  1  3 -2 -1 -1 -3  0 -2 -2 -2  0  1 -3  0 -2 0 0 1 1 0.25
 1  2 -1  1 -2  0 -1 -2 -1 -1 -1  1 -1  0  0 -1 -1 -1  3  0 0 0 1 1 0.24
 0 -1  0  1 -2 -1  1  2 -2 -2 -2 -1 -2 -3 -1  2  3 -3 -2 -1 0 0 1 1 0.25
 1  1 -1 -1 -2  1  1 -2  1 -2 -2  0 -2 -3  5  0 -1 -3 -2 -1 0 0 1 1 0.23
-2 -3  1 -3 -2 -2 -3 -3 -3  4  2 -3  2 -1 -3 -2 -1 -3 -2  2 0 0 1 0 0.20
-2 -2  4  5 -4 -1  0 -2 -1 -3  0 -1 -2 -3 -3 -1 -1 -4 -3 -3 0 1 0 0 0.21
-2 -3 -4 -4 -2 -3 -4 -4 -3  2  4 -3  1  1 -4 -3 -2 -2 -1  1 0 0 1 0 0.16
-2  3  4 -1 -3  1 -1  0 -1  1 -2  0 -1 -3 -3 -1  0 -4 -2 -1 0 0 1 1 0.11
 3 -2 -2 -1 -1 -1  2 -1 -2 -1 -2 -1 -1 -3 -2  0  2 -3 -2  1 0 0 1 1 0.16
-2  1 -1 -2 -4 -1 -1 -3  8 -4 -4  0 -3 -3  3 -2 -2 -4  0 -4 0 0 1 1 0.19
 1 -3 -1 -2  2 -3 -3  6 -3 -4 -4 -2 -3 -4 -3 -1 -2 -3 -4 -3 0 0 1 0 0.17
 0 -1  1  2 -2  0  1  0 -1 -2 -2  0 -2 -3  3  2  0 -3 -2 -2 0 0 1 1 0.16
 0 -1 -1 -1  2  1  2 -2 -2 -1 -1  0  2 -2  2  0 -1 -3 -2  1 0 0 1 1 0.17
 1  0 -1  0 -2  1  0 -1 -1 -2 -2 -1 -2 -3  5  1  0 -3 -2 -2 0 0 1 1 0.22
-2 -2 -3 -3 -2 -2 -3 -3 -2  1  3 -2  2  4 -3 -2 -1 -1  1  1 0 0 1 0 0.23
-2 -3 -3 -3 -4 -2 -2 -3 -3 -4 -4 -2 -4 -5  8 -2 -2 -5 -4 -4 0 0 1 0 0.22
 0  1 -1 -1 -2  0  2 -2 -1 -1 -2  1  0 -3  2  1  1 -3 -2 -1 0 0 1 1 0.28
-1 -3 -3 -3  4 -2 -3 -3 -3  0  2 -2  0 -2  5 -2  0 -3 -2  2 0 0 1 0 0.23
-2 -3 -3 -3 -4 -2 -2 -3 -3  1 -3 -2 -3 -4  8 -2 -2 -5 -4 -2 0 0 1 0 0.16
 3 -1 -1 -2 -1 -1 -1 -1 -2 -1  0  2  1 -2 -2  1  0 -3 -2 -1 0 0 1 1 0.15
-1  0  1 -2 -2  0 -1 -2 -2 -1  0 -1 -1 -2 -2  2  4 -3 -2  1 0 0 1 1 0.11
 0  2 -1  1 -4  1  3 -2 -1 -3 -3  2 -2 -3  3 -1 -1 -3  0 -3 1 0 0 1 0.09
-1 -1  0  4 -3  0  4 -2 -1 -3 -3 -1 -3 -3 -2 -1  1  3 -2 -3 0 0 1 1 0.07
-1 -2  0  3 -4  0  4  4 -2 -4 -4 -1 -3 -4 -2 -1 -2 -4 -3 -4 0 0 1 1 0.06
 0 -3 -4 -4 -2 -3 -3 -3 -3  1  4 -3  1  0 -3 -2 -2 -2 -2  0 0 0 1 0 0.04
-1 -2 -2 -1 -4 -1  2  0 -2 -4 -4 -1 -3 -4  7  0 -2 -4 -4 -3 1 0 0 1 0.03
 3 -2  1  0 -1 -1  0 -1 -2  0  0 -1  1 -2 -2  1  0 -3 -2  0 1 0 0 1 0.03
-3 -3 -3 -4 -4 -3 -3 -4  1 -2 -2 -3 -2  2 -4 -3 -3  1  9 -2 1 0 0 0 0.03
-1 -3 -3 -4  2 -3 -3 -4  1  2  0 -3  0  2 -3 -2 -1 -2  3  4 1 0 0 0 0.02
 1 -1 -1  1 -3  2  4 -2 -1  0 -2  0 -2 -3 -2  0  2 -3 -2 -1 1 0 0 1 0.02
 4 -2  0  0 -2 -1  1  1 -2 -2 -3 -1 -2 -3 -2  2  0 -3 -3 -1 1 0 0 0 0.02
 0 -3 -3 -4 -1 -3 -3 -3 -3  3  2 -3  1 -1 -3 -2 -1 -3 -2  4 1 0 0 0 0.02
 0  0 -1 -1 -3  6  1 -2 -1 -3 -2  0  1 -3 -2  2  0 -3 -2 -2 1 0 0 0 0.02
 0  3  3  1 -3  2  1  0 -1 -3 -3  2 -2 -3 -2  0 -1 -3 -2 -3 1 0 0 1 0.03
-2 -3 -3 -4 -3 -3 -3 -3  2 -1 -1 -3 -1  6 -4 -1 -1  0  4 -2 1 0 0 0 0.03
-3 -3 -4 -4 -3 -4 -4 -4 -1 -1 -1 -4 -1  7 -4 -3 -3  1  5 -2 1 0 0 0 0.04
-1  1 -2 -2 -2 -1  1 -3  3  1  2 -1  0  1 -3 -1  0 -2 -1  0 1 0 0 1 0.06
 2 -2 -1 -1 -2 -1  0  1 -2 -2 -2 -1  0 -3 -2  3  2 -3 -2  0 1 0 0 1 0.08
-2 -1 -1  0 -4  1  6 -3 -1 -2 -3  0 -2 -4 -2 -1  0 -4 -3  0 1 0 0 0 0.11
-2 -3 -4 -5 -2 -3 -4 -5 -4  1  5 -3  1  0 -4 -3 -2 -2 -2  0 1 0 0 0 0.15
 0  5 -1 -1 -4  0  2 -2 -1 -4 -3  2 -2 -4 -2 -1 -2 -3 -2 -3 1 0 0 1 0.24
 5 -2 -2 -3 -1 -2 -2 -1 -3 -1 -2 -2 -1 -3 -2  0  0 -3 -2  2 1 0 0 1 0.25
-2  7 -1 -3 -5  0 -1 -3 -1 -4 -3  1 -2 -4 -3 -2 -2 -4 -3 -4 1 0 0 0 0.25
-2 -1 -1  1 -5  1  6 -3 -1 -4 -4  0 -3 -4 -2 -1 -2 -4 -3 -3 1 0 0 0 0.25
 1  0 -1  0 -3  2  4 -2 -1 -2 -3  2 -2 -3 -2 -1 -1 -3 -2  0 1 0 0 1 0.25
 1  2  0 -1 -2  2  1 -2  2 -1 -2  0 -1 -3 -2  2  1 -3 -2 -1 1 0 0 1 0.25
-3 -3 -3 -4 -4 -3 -3 -4  1 -2 -2 -3 -2  2 -4 -3 -3  1  8 -2 1 0 0 0 0.22
 3  2 -2 -2 -1 -1 -1 -1 -2 -1  0 -1 -1 -2 -2  1  0 -3 -2  0 1 0 0 0 0.21
-1  3 -1 -2 -3  0 -1  0 -1 -1 -2  3 -2 -1 -2  0  2 -3 -2 -2 1 0 0 1 0.19
-2 -3 -4 -4 -2 -3 -3 -4 -3  1  4 -3  3  0 -3 -3 -2 -2 -2  2 1 0 0 0 0.19
-2 -3 -4 -4 -2 -3 -4 -4 -3  1  4 -3  1  4 -4 -3 -2 -1  0  0 1 0 0 0 0.17
 2  0 -2  1  2 -1 -1 -2 -2  0  0 -1  0  1 -2  0  1 -2  1  0 1 0 0 0 0.16
 0 -1  3  0 -3 -1  2  4 -1 -3 -2  0 -2 -3 -2  0  0 -3 -3 -3 1 0 0 1 0.15
-3 -3 -3 -4 -3 -3 -3 -4  0 -2 -2 -3 -2  4 -4 -3 -3  1  8 -2 1 0 0 0 0.14
 1 -4 -4 -4 10 -4 -4 -3 -4 -2 -2 -4 -2 -3 -4 -2 -2 -3 -3 -2 1 0 0 0 0.13
-1  5 -1 -2 -3  0  0 -2 -1 -2 -3  3 -2 -3 -2  2 -1 -3 -2 -1 1 0 0 1 0.12
 5 -2 -2 -2 -1 -1 -1 -1 -2 -2 -2 -1 -2 -3 -2  3  0 -3 -3 -1 1 0 0 0 0.13
-2 -3 -4 -4 -2 -3 -4 -4 -4  2  4 -3  1  0 -4 -3 -2 -2 -2  1 1 0 0 0 0.14
 2 -2 -3 -3 -2 -2 -3 -3 -1  1  2 -2  0  0 -3 -1 -1 -1  3  1 1 0 0 0 0.15
-2  4  0 -1  1  2  1 -3  2 -2 -1  2  1 -3 -2 -1 -1 -3 -2 -2 1 0 0 1 0.18
-3 -2 -2 -4 -4 -2 -3 -4  5 -3 -2 -3 -2  2 -4 -3 -3  1  8 -3 1 0 0 0 0.17
-2 -3 -4 -4 -2 -3 -4 -4 -4  3  4 -3  1  0 -4 -3 -2 -3 -2  1 1 0 0 0 0.17
-2  5 -1 -2 -4  2 -1 -3  2 -1 -2  1 -2 -2 -3 -1 -2 -2  2 -2 1 0 0 0 0.19
 3 -1 -1 -2 -2  2 -1  2  3 -3 -3  0 -2 -2 -2  1 -1 -2  0 -2 1 0 0 1 0.21
 1 -1  1 -1 -2  0 -1  1 -1 -1 -2  1 -2 -3 -2  3  2 -3 -2 -1 1 0 0 0 0.21
 3 -2 -2 -2 -1 -1 -2 -1 -2  0 -1 -1 -1 -2 -2  2  1 -3 -2  2 1 0 0 0 0.27
 0  4  1 -1 -3  2  0 -2 -1 -1 -2  2 -1 -3 -2 -1  0 -3 -2 -1 1 0 0 1 0.36
-1  4  0 -1 -2  3  1 -2  2 -2 -2  3 -1 -2 -1 -1 -1 -2 -1 -2 1 0 0 1 0.43
-1  0 -1  0 -2 -1 -1  2 -2  0  1 -1  0 -1  1  0  0 -2 -2  1 1 0 0 1 0.48
-1  1  1 -1 -2  1 -1  1  3 -1 -1  0 -1 -2  1  1  0 -2 -1 -1 0 0 1 1 0.52
-1  5 -1 -2 -3  0  1  0 -1 -1 -2  1 -2 -3 -2 -1 -1 -3 -2 -1 1 0 0 1 0.52
 0  1  0  2  2  3  0  2 -1 -2 -2  0 -1 -2 -1  1 -1 -2 -2 -2 1 0 0 1 0.49
 2  0 -1  0  2 -1 -1 -1 -2 -1  0  0  0 -2 -1  0  0 -2 -2  0 0 0 1 0 0.46
 0  2  1 -1 -2 -1 -1  3  3 -2 -1  0  0 -2 -2  0 -1 -2 -1 -2 0 0 1 1 0.45
 0 -1 -2 -2  2 -1 -2  0 -2  1  1 -1  2 -1 -2  0  0 -2 -1  1 0 0 1 0 0.48
 0  4 -1 -2 -3  2  0  2 -1 -2 -2  2  0 -3 -2  0 -1 -3 -2 -1 0 0 1 1 0.50
 1 -2  1  1 -2 -1 -1  3 -2 -1 -2 -1 -1 -2 -2  0 -1 -3 -2  1 0 0 1 0 0.52
-1  3 -1 -1  2  1  1 -2 -1 -1  0  0 -1 -2  1  1  0 -2 -2 -1 0 0 1 1 0.48
-1  0  2  4 -3  0  2 -2 -1 -3 -3  1 -2 -3  0  0 -1 -3 -2 -3 0 0 1 1 0.42
 0  3  0  1 -2  1  1 -2  1 -2  0  2 -1 -2 -1  0 -1 -2 -1 -2 1 0 0 1 0.38
 0 -1  2  4 -3  0  1 -1 -1 -3 -3  1 -2 -2 -2  1 -1 -3  1 -2 1 0 0 1 0.35
 0 -2 -2 -2 -2  0  0 -2 -2  1  2 -1  1  0 -2 -1  1 -2  1  1 1 0 0 0 0.34
 0  2  1 -1 -3  2  1  2 -1 -1 -2  0  1 -2 -2 -1 -1 -2  0 -1 1 0 0 1 0.30
-1  0  1  2 -3  2  4 -2  2 -3 -3  1 -2 -3 -2  0  1 -3 -2 -2 1 0 0 1 0.27
 1  3 -1 -2  1  2  0 -2 -1 -2 -1  3  2 -2 -2  0  0 -3 -2 -1 1 0 0 0 0.23
 0 -1 -3 -3 -2 -2 -2 -3 -2  0  3  0  2  3  0 -1 -1 -2  0  0 1 0 0 0 0.19
-2  6 -1 -2 -4  0  0 -3 -1 -4 -3  4 -2 -4 -2  0 -1 -4 -2 -3 1 0 0 0 0.18
 1  2 -1 -2 -2  4  0 -2 -1 -2 -2  0 -1 -3 -2  0  0  4 -2  0 1 0 0 1 0.20
 0 -2  0 -2 -2 -1 -2 -2 -1  0  1 -2  1  0 -2  1  2 -1  2  0 1 0 0 0 0.28
-2 -3 -4 -4 -2 -3 -4 -4 -4  5  1 -3  3 -1 -3 -3 -1 -3 -2  3 1 0 0 0 0.25
 3  3 -1 -2 -2  0 -1 -1 -2 -2 -1  2 -1 -3 -2  1  0 -3 -2 -1 1 0 0 0 0.23
 0 -2  2  4 -3  0  2  1 -1 -2 -1 -1 -2 -3 -2  1 -1 -4 -3 -2 1 0 0 1 0.23
-1  6  1 -1 -4  0  1 -3 -1 -4 -3  1 -2 -4 -3 -1 -2 -4 -3 -3 1 0 0 1 0.23
-3 -3 -3 -4 -4 -3 -3 -4  1 -2 -2 -3 -2  2 -4 -3 -3  1  8 -2 1 0 0 0 0.22
-3 -3 -3 -4 -4 -3 -3 -4  1 -2 -2 -3 -2  2 -4 -3 -3  1  8 -2 1 0 0 0 0.22
-2  6 -1 -2 -4  0 -1 -3 -1 -4 -3  3 -2 -4 -3 -1 -2 -4 -3 -3 1 0 0 1 0.24
-2 -1 -1  2 -4  1  5  1 -1 -4 -4  0 -3 -4 -2 -1 -2 -4 -3 -3 1 0 0 0 0.25
 3 -2 -2 -3 -1 -2 -2 -2 -3  2 -1 -2 -1 -2 -2  0  2 -3 -2  2 1 0 0 0 0.25
 4 -2 -2 -2 -1 -1  1 -1 -2 -2 -2 -1 -2 -3 -2  1 -1 -3 -2  0 1 0 0 0 0.24
-2  5  2 -1 -4  0 -1 -2 -1 -4 -3  3 -2 -4 -2  0  0 -4 -2 -3 1 0 0 1 0.24
-2 -3 -4 -4 -2 -3 -4 -4 -3  3  4 -3  1  2 -4 -3 -2 -2 -1  1 1 0 0 0 0.22
 5 -2 -3 -3 -1 -2 -2 -1 -3 -2  0 -2 -1 -3 -2  0 -1 -3 -2 -1 1 0 0 0 0.21
-2  6 -1 -2 -4  0 -1 -3 -1  0 -2  3 -2 -3 -3 -2 -2 -4 -2 -2 1 0 0 0 0.21
-2 -3 -4 -4 -2 -3 -3 -4 -4  2  4 -3  1  0 -3 -3 -1 -3 -2  3 1 0 0 0 0.21
 0 -3 -4 -4 -2 -3 -3 -4 -3  1  4 -3  1  2 -3 -3 -2 -2 -1  0 1 0 0 0 0.20
-3 -3 -3 -4 -3 -3 -3 -4  0 -1  1 -3 -1  5 -4 -3 -3  1  7 -2 1 0 0 0 0.19
 0 -3 -4 -4 -2 -2 -3 -4 -3  1  4 -3  2  0 -3 -2 -1 -2 -2  2 1 0 0 0 0.18
-3 -1 -1 -2 -4 -1 -1 -3 10 -5 -4 -2 -3 -2 -3 -2 -3 -4  1 -4 1 0 0 0 0.17
-2 -3 -4 -4 -2 -3 -4 -4 -3  1  5 -3  4  0 -4 -3 -2 -2 -2  0 1 0 0 0 0.16
-3 -3 -3 -4 -3 -3 -3 -4  1 -1 -2 -3 -2  2 -4 -3 -2  1  8  1 1 0 0 0 0.16
-2 -3 -4 -4 -2 -3 -3 -4 -4  2  4 -3  1  0 -3 -3 -1 -3 -2  2 1 0 0 0 0.16
 1 -2  2 -1 -2 -1 -1 -1 -1 -2 -2 -1  1  2 -2  3  2 -2 -1 -2 1 0 0 0 0.10
 1 -2 -2 -3 -1 -2 -2 -3 -3  1  2 -2  0 -1 -2 -1  3 -3 -2  3 1 0 0 0 0.07
 1 -2 -1 -2  4 -2 -2 -2 -3  0 -1 -2 -1 -3 -2  1  4 -3 -2  1 1 0 0 0 0.06
-2  7 -1 -2 -4  0  1 -3 -1 -4 -3  1 -2 -4 -3 -2 -2 -4 -3 -3 1 0 0 0 0.05
-2 -1  0  4 -4  2  5 -3 -1 -1 -3  0 -2 -4 -2 -1 -2 -4 -3 -2 1 0 0 1 0.05
-1 -3 -4 -4 -2 -3 -3 -4 -4  3  1 -3  0  2 -3 -3 -1 -3 -1  4 1 0 0 0 0.04
 2 -2 -1 -1 -2 -1 -1 -1 -2 -2  0 -1 -1 -2 -2  4  0 -3 -2 -2 1 0 0 0 0.04
-3  2 -3 -4 -4  2 -2 -3 -2 -4 -3 -1 -2 -1 -4 -1 -3 10  0 -4 1 0 0 0 0.05
 1  5 -1 -2 -3  0 -1 -2 -1  0 -2  2 -1 -3 -2 -1 -1 -3 -2 -1 1 0 0 1 0.06
 0 -3 -4 -4 -2 -3 -3 -3 -3  2  4 -3  1  0 -3 -2 -1 -2 -2  1 1 0 0 0 0.07
-2 -2 -1 -2  1 -1  2 -3  6 -3 -2 -2 -2  2 -3 -2 -2  6  5 -3 1 0 0 0 0.07
 5 -2 -2 -2 -1 -2 -2 -1 -2 -1 -2 -2 -1 -3 -2  1 -1 -3 -2  1 1 0 0 0 0.11
-1 -1  0  2 -3  3  3 -2 -1 -3 -2  0  1 -3 -2  2  0 -3 -2 -2 1 0 0 1 0.10
-2  0 -1 -1 -4  7  1 -3 -1 -4 -3  0 -1 -4 -2 -1 -2 -3 -3 -3 1 0 0 0 0.06
-1  2 -2 -2 -2 -1 -2 -3 -2  0  0 -1  4 -2 -2  1  1 -3 -2  2 1 0 0 1 0.05
 0 -1 -1  1 -2  1  0  0 -2  0  0  1  2 -2 -2  0 -1 -3 -2  1 0 0 1 1 0.04
 1  3  1 -2 -2  0 -1 -2  1 -2  0  0 -1 -2 -2  1 -1 -2  1 -1 0 0 1 1 0.04
-1  0 -1 -1 -3  6  0 -2 -1 -4 -3  0 -2 -4  4  1 -1 -3 -3 -3 0 0 1 1 0.03
-1 -2  3  5 -3 -1  0  2 -1 -4 -4 -1 -3 -4 -2  2 -1 -4 -3 -3 0 0 1 1 0.03
-1 -3 -4 -4 -2 -3 -3 -4 -4  3  3 -3  1 -1 -3 -3 -1 -3 -2  4 1 0 0 0 0.02
-3 -4 -4 -5 -3 -4 -4 -4 -2 -1  1 -4  0  7 -5 -3 -3  0  2 -1 0 1 0 0 0.01
 1  0 -2  1 -2  1  0 -2 -2  1 -1 -1  1 -2 -2 -1 -1 -3 -2  3 0 1 0 1 0.02
 1  0 -1 -2  2 -1 -1  0  2 -3 -2  1 -2 -1 -2  2  0 -1  3 -2 0 1 0 1 0.02
-2 -3 -4 -4 -2 -3 -3 -4 -3  1  4 -3  3  0 -3 -3 -2 -2 -2  2 0 1 0 0 0.02
-1  3 -1 -2  3  0 -1 -2  2 -3 -2  2 -2 -2 -2  1  1 -2  1 -2 0 1 0 1 0.02
-2 -3 -3 -4  7 -3 -4 -4  0 -2 -2 -3 -2  3 -4 -2 -2  0  6 -2 0 1 0 0 0.01
 0  1  0  3 -3  0  3 -2 -1 -2 -2  0  0 -1 -2  0  1 -3 -2 -2 0 0 1 1 0.01
-3 -4 -5 -5 -3 -3 -4 -4 -4 -2  1 -4 -1  0 -5 -4 -3 11  1 -3 0 0 1 0 0.01
 0 -1 -1  1 -3  1  3  0  1 -1  0 -1 -1 -2  3  0  0 -3 -2 -1 0 0 1 1 0.02
-1  0  0 -1 -3  5  2 -2  3 -4 -3  0 -2 -4 -2  2 -1 -3 -2 -3 0 0 1 1 0.02
 0  3  0 -1 -2  0  0  0 -1 -2 -1  0 -1 -1  1 -1 -1  5  1 -2 1 0 0 1 0.02
-2  6 -1 -2 -4  2  0 -3 -1 -4 -3  2 -2 -3 -2 -1 -2 -3 -2 -3 1 0 0 1 0.03
-1  1  0 -1 -3  6  1 -2  3 -3 -3  2 -1 -3 -2 -1 -1 -3 -1 -3 1 0 0 0 0.03
-2 -3 -4 -4 -2 -3 -3 -4 -2  1  3 -3  1  5 -4 -3 -2  0  2  0 1 0 0 0 0.04
 1 -1 -1 -1 -2  1  2 -1  4 -2 -2 -1 -1 -2 -2  1  2  4  0 -1 0 1 0 0 0.05
-1 -4 -3 -4  9 -3 -4  1 -4 -2 -2 -3 -2 -3 -3 -1 -1 -3 -3 -2 0 1 0 0 0.07
 0 -3 -4 -4 -1 -3 -3 -3 -3  3  4 -3  1  0 -3 -2 -1 -2 -1  1 1 0 0 0 0.11
-3 -3 -4 -4 -3 -4 -4 -4 -2 -1  0 -4  0  7 -4 -3 -3  1  3 -1 0 1 0 0 0.07
-2  0  0 -1 -4  5  1 -2  7 -4 -3  0 -1 -3 -2 -1 -2 -3  0 -3 0 0 1 0 0.05
-1 -3 -3 -2 -3 -2 -2 -3 -3 -3 -4 -2 -3 -4  8 -1 -2 -4 -4 -3 0 0 1 0 0.05
-1 -3 -3 -4 -1 -2 -3 -4 -3  3  2 -3  2  3 -3 -2 -1 -2  0  3 0 1 0 0 0.04
-2 -2 -3 -4 -2 -2 -3 -4 -3  2  4 -3  4  0 -3 -3 -1 -2 -1  1 0 1 0 0 0.03
-2 -3 -3 -4  3 -3 -4 -4 -1  0  0 -3  0  6 -4 -2 -2  0  3  0 0 1 0 0 0.03
-1 -1  5  0 -2  1 -1 -1  0  0 -2 -1 -1 -3 -2  1  0 -4 -2  1 0 0 1 0 0.02
-2 -1  3 -1 -3  0 -1 -2  8 -4 -3 -1 -2 -2  2 -1 -2 -3  1 -4 0 0 1 0 0.02
 0 -3 -1 -2 -3 -2 -3  6 -3 -4 -4 -2 -3 -4 -3 -1 -2 -3 -4 -4 0 0 1 0 0.01
 1 -2 -2 -2 -1 -2 -2 -2 -3  2  0 -2  0 -2  2  0  0 -3 -2  3 0 1 0 0 0.01
-1 -3 -3 -3 -1 -2 -3 -4 -3  2  2 -3  1  1  1 -2 -1 -3 -1  4 0 1 0 0 0.01
 0 -2  0 -2 -1 -1 -2 -2 -2  2  1 -2  2  2 -2  0  2 -2 -1  1 0 1 0 0 0.01
-1 -3 -4 -4 -1 -3 -3 -4 -3  2  3 -3  1  0 -3 -2 -1 -2 -1  3 0 1 0 0 0.01
-1  2  1  2 -4  1  4  1 -1 -4 -3  1 -2 -3 -2  0 -1 -3 -2 -3 0 0 1 1 0.01
-1 -2  3  1 -3 -1 -1  5 -1 -4 -4 -1 -3 -4 -2  0 -1 -3 -3 -4 0 0 1 1 0.01
-1  2  1  3 -3  0  1  0 -1 -2 -2  2 -2 -3 -2 -1 -1 -3 -2  0 0 0 1 1 0.01
 1 -3 -3 -2 -3 -2 -2 -3 -3 -2 -3 -2 -2  0  7 -1 -2 -3 -2 -1 0 0 1 1 0.02
-2 -3 -4 -4 -2 -3 -3 -4 -3  2  4 -3  1  0 -3 -3 -1 -2 -2  2 0 0 1 0 0.02
 0 -1 -1  1 -2  1  2 -2 -2 -1 -2 -1 -2 -3  3  1  3 -3 -2 -1 0 0 1 1 0.02
 3 -2 -2 -2 -1 -2 -2 -1 -2 -1  0 -2 -1  2  2  1 -1 -2 -1 -1 1 0 0 0 0.03
 1  2  0  0 -2  3  0 -2  1 -2 -1  1 -1 -3  1  0 -1 -3 -2 -2 1 0 0 1 0.04
-1  3 -1  1 -3  1  3 -2 -1 -3 -3  1 -2 -3 -2  0  1 -3 -2 -2 1 0 0 1 0.05
-2 -3 -4 -4 -2 -3 -4 -4 -4  1  5 -3  2  0 -4 -3 -2 -2 -2  0 1 0 0 0 0.04
-2  5 -1 -2 -4  4  0  0 -1 -4 -3  1 -2 -4 -2 -1 -2 -3 -2 -3 1 0 0 1 0.04
 0  2  0  0 -3  1  3 -2  3 -3 -3  1 -2 -3 -2  1  1 -3 -1 -2 1 0 0 1 0.05
-1 -2 -3 -3 -2  1 -2 -3 -3  3  2 -2  1 -1 -3 -1 -1 -3 -2  3 1 0 0 0 0.07
-2 -1  7  1 -4 -1 -1 -1  0 -4 -4 -1 -3 -4 -3  0 -1 -5 -3 -4 1 0 0 0 0.08
-3 -2 -2 -3 -3 -2 -2 -4  5 -2 -2 -2 -2  2 -4 -2 -2  1  7 -2 1 0 0 0 0.12
-2  4 -2 -3 -2 -1 -2 -4 -2  3  0  0  0 -2 -3 -2 -1 -3 -2  2 1 0 0 0 0.12
-2  7 -1 -2 -4  0 -1 -3 -1 -4 -3  2 -2 -4 -3 -2 -2 -4 -3 -3 1 0 0 0 0.11
-1  3 -1 -1 -3  0  2 -2  3 -3 -3  0 -2  0 -2  1 -1 -2  3 -3 1 0 0 1 0.12
-1  1 -1  0 -3  1  3 -3  3  0  0  1 -1 -2 -2 -1 -1 -3 -1 -1 1 0 0 1 0.12
-2 -3 -4 -4 -2 -3 -4 -4 -3  1  5 -3  2  1 -4 -3 -2 -2 -1  0 0 0 1 0 0.12
-1 -2  3 -1 -3 -2 -2  6 -2 -4 -4 -2 -3 -4 -3  0 -2 -3 -3 -4 0 0 1 1 0.12
-2 -3 -4 -4 -2 -3 -3 -4 -3  1  4 -3  1  0 -3 -3 -2 -2 -2  2 0 0 1 0 0.11
-2 -3 -3 -2 -4 -2 -2 -3 -3 -4 -4 -2 -3 -5  8 -2 -2 -5 -4 -3 0 0 1 0 0.11
-2 -2 -3 -4 -2  0 -3 -4 -3  1  4 -3  1  0 -3 -3 -1 -2 -2  2 0 1 0 0 0.09
-1 -3 -4 -4 -2 -3 -3 -4 -4  4  2 -3  2 -1 -3 -3 -1 -3 -2  3 0 1 0 0 0.12
-2  7 -1 -2 -4  0 -1 -3 -1 -4 -3  2 -2 -4 -3 -2 -2 -4 -3 -3 0 1 0 0 0.20
 2 -2 -2 -2  6 -2 -2 -1 -2 -2 -2 -2 -2  2 -2  2  0 -2 -1 -1 0 1 0 0 0.38
 2 -1 -1 -1 -2 -1  1  4 -2 -3 -3  0 -2 -3 -2  1 -1 -3 -3 -2 0 1 0 0 0.47
 1 -2 -3 -3 -2 -2 -3 -3 -3  1  4 -2  3  0 -3  0 -1 -2 -2  0 0 0 1 0 0.46
 0 -3 -3 -3 -1 -2 -3 -3 -3  3  1 -2  0 -1 -3 -1  1 -3 -2  3 0 0 1 0 0.48
-2 -1 -1  1 -5  1  6 -3 -1 -4 -4  0 -3 -4 -2 -1 -2 -4 -3 -3 0 0 1 1 0.48
-2 -1 -1  1 -4  1  6 -3 -1 -3 -3  0 -2 -4 -2 -1 -1 -4 -3 -1 0 0 1 1 0.48
-1  0  0  2 -3  0  2 -2  1 -3 -1  0 -2 -3  5  1 -1 -4 -2 -2 0 0 1 1 0.54
-1 -2  2  1 -3 -1  0  3 -2 -2 -3  0 -2 -3  3  0 -1 -3 -3 -1 0 0 1 1 0.52
 2 -1 -1 -1 -2  1  0  1 -1 -1 -1  0  1 -2 -2  2  0 -3 -2 -1 0 0 1 1 0.57
 2 -3 -2  0 -3 -2 -2 -2 -3 -3 -3 -2 -3 -4  7 -1 -1 -4 -3 -2 0 0 1 0 0.54
-2 -2 -3 -3 -2  1 -2 -4 -3  1  4 -2  1  0 -3 -2 -2 -2 -2  1 0 0 1 0 0.54
-1 -2 -2 -2 -2 -1  0 -3 -2  1  0 -2  1  0 -2 -1  3 -2  2  2 0 0 1 1 0.57
 1 -1 -1 -1 -2  2  2 -2 -1  1  0 -1  0  0 -2  1  1 -2 -1  0 0 0 1 1 0.54
 0  0 -2 -1 -3  1  2 -3 -2 -3 -3  0 -3 -4  6 -1 -1 -4 -3 -3 0 0 1 1 0.56
-1 -2 -2 -2 -3 -2 -1 -2 -2 -3 -3 -1 -3 -3  8 -1 -1 -3 -3 -3 0 0 1 0 0.53
 1  0 -1 -1 -2  0  1 -2 -1 -1 -1  0 -1 -2  3  0  2 -2 -2  0 0 0 1 1 0.51
-2 -2 -3 -3 -2 -3 -3 -3 -2  0  2 -3  0  6 -3 -2 -2  0  2 -1 0 0 1 0 0.46
 0  1  0 -1 -2  1  0 -1  2 -2 -1  0 -1 -2 -1  3  1 -2  1 -2 0 0 1 1 0.43
 2 -2 -1 -2 -2 -2 -2  4 -1 -2 -3 -2 -2 -1 -2  1  0 -2  2 -1 0 0 1 0 0.48
 0  0  3  3 -3  1  0 -1  2 -3 -3  1 -2 -3 -2  1  1 -4 -2 -3 0 0 1 1 0.44
 1  1 -2 -2 -2  2 -1 -2 -2  0  2  1  1 -1 -2 -1 -1 -2 -2 -1 0 0 1 1 0.41
 2 -2 -2 -2 -2 -2 -2 -2 -3 -3 -3 -1 -2 -4  7  0  1 -4 -3 -2 0 0 1 0 0.37
 1  6 -1 -2 -4  0 -1 -3 -1 -3 -3  1 -2 -3 -3 -1 -2 -3 -2 -3 0 0 1 0 0.31
 3 -2 -1 -1 -1 -1 -1 -1 -2 -2 -2 -1 -2 -3  3  3  2 -3 -2 -1 0 0 1 0 0.27
 1 -2 -1 -2 -1 -1 -1 -2 -2  1  0 -1 -1 -2 -2  4  0 -3 -2  0 1 0 0 0 0.24
 2 -3 -1 -2 -2 -2 -2  6 -3 -3 -3 -2 -3 -3 -2  0 -2 -3 -3 -1 1 0 0 0 0.23
-3 -3 -3 -4 -3 -3 -3 -4  0 -2 -1 -3 -1  5 -4 -3 -3  1  7 -2 1 0 0 0 0.20
-2 -3 -3  1 -2 -3 -2 -4 -3  0  3 -3  1  4 -3 -3 -2 -1  0  0 1 0 0 0 0.18
-1 -2  1 -2 -2 -1 -2 -3 -2  0  1 -2  4  2 -2  0  3 -2 -1  1 1 0 0 0 0.17
-1 -1 -1 -2 -2  3  0 -3  5 -1  1 -1  0 -1 -2 -1  1 -2  2  0 1 0 0 0 0.15
 1 -1  1 -2  3  3 -1 -2  3 -1  2 -1  0 -2 -2 -1 -1 -3 -1 -1 1 0 0 0 0.16
-1 -3 -3 -3 -2 -3 -3 -4 -4  5  1 -3  0 -1 -3 -2  1 -3 -2  3 1 0 0 0 0.17
-2  6 -1 -2 -4  0 -1 -3 -1  1 -2  2 -1 -3 -3 -1 -2 -3 -2 -2 1 0 0 0 0.18
 4  0 -1 -2 -1 -1 -1 -1  1 -1 -2 -1 -1 -2 -1  2  1 -3 -2  0 1 0 0 0 0.19
-1  3 -1 -1 -4  1  0 -2 -1 -3 -3  6 -2 -4 -2 -1 -1 -4 -3 -3 1 0 0 0 0.16
-1 -2 -3 -3 -2 -1 -2 -3 -2  1  3 -2  5  0 -2 -2 -1 -2 -1  0 1 0 0 0 0.16
-1 -1  0  4 -3  1  4  0 -1 -3 -3  0 -2 -3 -1  0 -1 -3 -2 -3 1 0 0 1 0.23
 3 -1 -1 -2 -1 -1 -1 -1 -2  0  0 -1  0 -2 -1  1  0 -2 -2  1 1 0 0 0 0.31
-2 -2 -2 -3 -2 -2 -2 -3  1 -2 -1 -2 -1  3 -2 -2 -2  1  7 -1 1 0 0 0 0.41
 1 -1  0 -1  2 -1 -1 -1 -2 -2 -2 -1 -2 -3 -1  4  2 -3 -2 -2 1 0 0 0 0.50
 0  0  2  2  4  0  1 -1 -1 -2 -2 -1 -2 -3 -2  2  0 -3 -2 -1 0 0 1 1 0.57
 0  0  0 -2 -2 -1 -1 -2  1  1  1  0  1  1 -2 -1 -1  3  0  0 0 0 1 1 0.59
 0  0  0 -1 -2  0 -1 -2  6 -2 -2 -1 -2 -2  1  0  2 -3  0 -2 0 0 1 1 0.59
 0 -2 -1 -1 -2 -1 -1 -2 -2 -2 -2 -1  1 -3  6  2  1 -3 -2 -2 0 0 1 1 0.66
 1 -1  1 -1 -1  1 -1  0 -1 -2 -2 -1 -1 -3 -1  3  1 -3 -2  0 0 0 1 1 0.72
-1 -2 -1 -1 -2  0  2  1 -2 -2 -2 -1 -2 -3  4  1  1 -3 -2 -2 0 0 1 1 0.75
 0 -1 -1 -1  4  2  0  0 -2 -3 -3 -1 -2 -3  5  1 -1 -3 -3 -2 0 0 1 1 0.82
-1  1 -1 -1 -2  0  2  1 -1 -1  1  1 -1 -2 -2  1 -1 -3 -2 -1 0 0 1 1 0.81
 1  2  0 -2 -2 -1 -1 -1  3 -2 -2  0 -1  3 -2  1 -1 -2  0 -2 0 0 1 1 0.78
 1 -3 -2 -2 -2 -2 -1  1 -3  1 -1 -2 -1 -2  3 -1 -1 -3 -2  3 1 0 0 0 0.82
-1  2 -1 -2 -2  1 -1  0  3 -1  1  0  2 -1 -2  1 -1 -2  1 -1 1 0 0 0 0.88
 1  4  0 -2 -3  0 -1 -2  3  0 -1  1 -1 -2 -2  0 -1 -3 -1 -1 0 0 1 1 0.87
-2 -1  0  5 -4  1  5 -2 -1 -4 -4  0 -3 -4 -2 -1 -2 -4 -3 -4 0 0 1 1 0.84
-3 -1  0 -2 -4 -1 -1 -3 10 -4 -4 -2 -3 -2 -3 -2 -3 -4  1 -4 0 0 1 0 0.87
 2 -2 -1 -1 -1 -1 -1 -1 -2 -1 -2 -1 -1 -3  2  3  3 -3 -2  0 0 0 1 0 0.87
-3 -3 -3 -4 -4 -2 -3 -4  3 -2 -2 -3 -2  2 -4 -3 -3  1  8 -2 0 0 1 0 0.88
 3 -2 -1 -2  2  1 -1 -1 -2 -1 -2 -1 -1 -3 -2  2  1 -3 -2  0 0 0 1 0 0.87
-2  6 -1 -2 -4  0  0 -3 -1 -4 -3  4 -2 -4 -3 -1 -2 -4 -3 -3 0 0 1 1 0.87
 0  0  0  1 -2  1 -1  1 -2  0 -1 -1 -1 -2  3  0  0 -3 -2  0 0 0 1 1 0.86
-1  2  2  0 -3  0  1 -1  2  0 -1  0 -1 -2  2  0 -1 -3 -2  0 0 0 1 1 0.83
 0 -1  1  2 -2  0  2  1  1 -2 -3 -1 -2 -3 -2  2  1 -3 -2 -1 0 0 1 1 0.83
 0  3  1 -1 -3  0 -1 -2 -1 -3 -3  3 -2 -4  5 -1 -1 -4 -3 -3 0 0 1 1 0.79
 0  1  1 -2 -2 -1 -2 -2 -2  2  0 -1  0 -2  3 -1  0 -3 -2  1 0 0 1 1 0.80
-2 -1  7  0 -3 -1 -1 -1  0 -4 -4 -1 -3 -4 -3  2 -1 -5 -3 -4 0 0 1 0 0.78
-3 -3 -3 -4 -3 -3 -3 -4  1 -2 -2 -3 -2  3 -4 -3 -3  1  8 -2 0 0 1 0 0.73
 0 -3 -1 -2 -3 -2 -3  6 -3 -4 -4 -2 -3 -4 -3  1 -2 -3 -4 -4 0 0 1 0 0.70
 0 -2  0 -1 -2 -1 -1 -1 -2 -2 -3 -1 -2 -3 -2  4  4 -3 -2 -2 0 0 1 0 0.68
 0 -2  0 -1 -2 -1 -1 -2 -2 -2 -2 -1 -2 -3 -2  3  5 -3 -2 -1 0 1 0 0 0.73
 0  0 -3 -3 -2 -2 -2 -3 -3  3  0 -2  0 -1  1 -1  1 -3 -2  2 1 0 0 0 0.70
-2 -1 -1  1 -5  1  6 -3 -1 -4 -4  0 -3 -4 -2 -1 -2 -4 -3 -3 0 1 0 0 0.67
 4 -2 -2 -2 -1 -2 -2  3 -2 -2 -2 -2 -2 -3 -2  0 -1 -3 -3  0 1 0 0 0 0.68
-2 -2 -3 -4 -2 -2 -3 -4 -3  2  3 -3  6  0 -3 -3 -1 -2 -2  0 1 0 0 0 0.68
-2 -3 -3 -1 -2 -2 -3 -4 -3  2  4 -3  4  0 -3 -3 -1 -2 -2  1 0 0 1 0 0.65
 0  0  0  5 -3 -1  1 -2 -2 -2  0 -1 -2 -3  1 -1 -1 -4 -3 -1 0 0 1 1 0.61
 2 -2 -2 -2 -2 -2 -2 -2 -2 -1  2 -2  0 -2  5  0  0 -3 -2 -1 0 0 1 0 0.65
-1 -3 -2  0 -3 -2 -1 -3 -3 -1 -3 -2 -2 -4  7  0 -1 -4 -3 -2 0 0 1 1 0.64
 0 -2  0  4  3 -1  0  0 -2 -3 -3 -1 -3 -3 -2  3  0 -4 -3 -3 0 0 1 1 0.66
-2 -2  0  4 -3 -1  0 -2 -2 -3 -3 -1 -3 -4  6 -1  0 -4 -3 -3 0 0 1 1 0.66
-1 -2  0  4 -3  0  2 -1 -1 -3 -3 -1 -3 -3  3  2  0 -4 -3 -3 0 0 1 1 0.73
 4 -2  0 -2 -1 -1 -1  1 -2 -1 -2 -1 -1 -3 -1  1  0 -3 -2  0 0 0 1 0 0.63
-1 -2 -2 -1 -3 -1  1 -2 -2 -3 -3 -1 -3 -4  7 -1 -1 -4 -3 -3 0 0 1 1 0.75
 1  0 -1  1 -3  2  5 -2  0 -3 -3  1 -2 -3 -1  0 -1 -3 -2 -2 0 0 1 1 0.76
-1 -1  0  4 -4  1  4 -2  0 -3 -3  0 -2 -4 -1  0 -1 -3 -2 -3 0 0 1 1 0.70
 3 -1 -1  0 -1  0  3  0 -1 -2 -2  0 -1 -3 -1  1  0 -3 -2 -1 0 0 1 1 0.70
 0 -2 -1 -1 -3 -2 -2  5 -2 -4 -4 -1 -3 -3  5  0 -1 -3 -3 -3 0 0 1 1 0.72
-1 -2 -3 -3 -2 -2 -2 -3 -3  1  3 -2  1  0  5 -2 -1 -2 -2  0 0 0 1 1 0.76
 2 -2 -2 -2 -1 -1 -1 -1 -2  0 -1 -1 -1 -2  5  0  0 -3 -2  1 0 0 1 0 0.68
 3 -2 -2 -2 -1 -1 -1  0 -2 -2 -2 -1 -1 -3  5  1  0 -3 -2 -1 0 0 1 0 0.67
-1 -2 -2 -2 -3 -1 -1 -2 -2 -3 -3 -1 -3 -4  8 -1 -1 -4 -3 -3 0 0 1 0 0.60
-2  6  0 -2 -4  1  0 -2  0 -3 -2  2 -1 -3 -2 -1 -1 -3 -2 -3 0 0 1 0 0.60
-1 -2 -3 -4 -1 -2 -3 -4 -3  3  3 -2  3  0 -3 -2 -1 -2 -1  2 0 1 0 0 0.62
 1 -1  1  0 -1  0  0  0 -1 -3 -3  0 -2 -3 -1  4  1 -3 -2 -2 0 1 0 0 0.71
-2 -3 -3 -4 -2 -3 -3 -3 -2  1  2 -3  1  5 -4 -3 -2  0  2  0 0 1 0 0 0.75
-1 -2 -2 -3 -1 -2 -2 -3 -3  1  3 -2  1  0 -2 -1  2 -2 -1  1 0 0 1 0 0.63
 0 -2 -1 -1 -2 -1 -1 -2 -2 -3 -3 -1 -2 -3  7  1  0 -4 -3 -2 0 0 1 1 0.71
 3 -1 -1 -1 -1 -1 -1  0 -1 -2 -2 -1 -1 -2 -1  3  1 -3 -2 -1 0 0 1 1 0.66
 0 -2  0 -1 -3 -2 -2  6 -2 -4 -4 -2 -3 -3 -2  0 -2 -3 -3 -3 0 0 1 1 0.72
-1  0  0 -1 -3  2  0  3  6 -3 -3  0 -2 -2 -2 -1 -1 -2  0 -3 0 0 1 1 0.69
 0  2  0 -1 -1  0 -1 -2 -1 -1 -2  0 -1 -2 -1  1  4 -3 -2 -1 0 0 1 1 0.75
-1  6  0 -2 -4  1  0 -2  0 -3 -2  2 -1 -3 -2 -1 -1 -3 -2 -3 0 1 0 1 0.75
-1  6  0 -2 -4  1  0 -2  0 -3 -2  2 -1 -3 -2 -1 -1 -3 -2 -3 0 1 0 1 0.80
-2 -2 -4 -4 -1 -2 -3 -4 -3  2  4 -3  2  0 -3 -3 -1 -2 -1  1 0 0 1 0 0.81
 1 -1  1  0 -1  0  0  0 -1 -2 -3  0 -2 -3 -1  4  1 -3 -2 -2 0 0 1 1 0.81
 0 -1  0 -1 -1 -1 -1 -2 -2 -1 -1 -1 -1 -2 -1  1  5 -3 -2  0 0 0 1 1 0.88
