-1 -1 -2 -3 -1  0 -2 -2 -1  1  2 -1  5  0 -2 -1 -1 -1 -1  1 0 0 1 1 0.68
 0 -1  0 -1 -1 -1 -1 -2 -2 -1 -1 -1 -1 -2 -1  1  5 -2 -2  0 0 0 1 1 0.57
-1 -2 -2 -2 -3 -1 -1 -2 -2 -3 -3 -1 -3 -4  7 -1 -1 -4 -3 -2 0 0 1 0 0.42
-1  1  0  0 -3  5  2 -2  0 -3 -2  1  0 -3 -1  0 -1 -2 -1 -2 0 0 1 1 0.26
-1 -1  5  1 -2  0  0  0  0 -3 -3  0 -2 -3 -2  2  0 -4 -2 -3 0 0 1 1 0.13
-1 -3 -3 -3 -1 -3 -3 -4 -3  4  2 -3  1  0 -3 -2 -1 -3 -1  3 1 0 0 0 0.08
 0 -1  0 -1 -1 -1 -1 -2 -2 -1 -1 -1 -1 -2 -1  1  5 -2 -2  0 1 0 0 1 0.05
-1 -1  1  5 -4  1  3 -2 -1 -3 -3  0 -3 -3 -1  0 -1 -4 -3 -3 1 0 0 1 0.04
-1 -2 -3 -4 -1 -2 -3 -4 -3  2  4 -2  2  0 -3 -2 -1 -2 -1  1 1 0 0 0 0.03
 0 -3 -3 -4  9 -3 -4 -3 -3 -1 -1 -3 -1 -2 -3 -1 -1 -2 -2 -1 1 0 0 0 0.02
 2 -1  2  0 -1  0  0  0 -1 -2 -2  0 -1 -2 -1  3  1 -3 -2 -1 0 0 1 1 0.02
-1  0  0  2 -4  2  5 -2  0 -3 -3  1 -2 -3 -1  0 -1 -3 -2 -2 0 0 1 1 0.01
-2 -2 -2 -3 -2 -1 -2 -3  2 -1 -1 -2 -1  3 -3 -2 -2  2  7 -1 0 0 1 0 0.01
-1  0  0 -1 -3  2  0 -2  7 -3 -3  0 -1 -2 -2 -1 -1 -2  1 -3 0 0 1 1 0.01
-2  0  6  1 -3  0  0  0  1 -3 -3  0 -2 -3 -2  1  0 -4 -2 -3 0 0 1 1 0.01
 0 -1  0 -1 -1 -1 -1 -2 -2 -1 -1 -1 -1 -2 -1  1  5 -2 -2  0 0 1 0 0 0.01
-1  1  0 -1 -3  5  1 -2  0 -1 -1  1  2 -2 -2  0 -1 -2 -1 -1 0 1 0 1 0.01
-1 -3 -3 -3 -1 -3 -3 -4 -3  4  2 -3  1  0 -3 -2 -1 -3 -1  3 0 1 0 1 0.01
-2 -1 -1 -3 -3 -1 -2 -3  4 -2 -1 -2 -1  2 -3 -2 -2  2  6 -2 0 1 0 1 0.01
 0 -1  0  0 -1  0  2 -1 -1 -1 -2  0 -1 -2 -1  2  4 -3 -2 -1 0 1 0 1 0.01
-1 -2 -3 -4 -1 -2 -3 -4 -3  2  4 -3  2  0 -3 -2 -1 -2 -1  1 0 1 0 0 0.01
-2  0  6  1 -3  0  0  0  1 -3 -3  0 -2 -3 -2  1  0 -4 -2 -3 0 1 0 1 0.01
-1  1  1  4 -3  0  1 -1 -1 -3 -3  3 -2 -3 -1  0 -1 -4 -3 -3 0 1 0 1 0.01
-1  1  0  0 -3  2  3 -2  0 -3 -3  4 -2 -3 -1  0 -1 -3 -2 -2 0 0 1 1 0.01
-1 -3 -3 -3 -1 -3 -3 -4 -3  4  2 -3  1  0 -3 -2 -1 -3 -1  3 0 0 1 0 0.01
 1 -1 -2 -2 -2 -1 -1 -2 -1  0  1  1  0  4 -2 -1 -1 -1  1  0 0 0 1 1 0.01
 1 -1  0 -1 -1  0  0 -1 -1 -2 -2  0 -1 -2 -1  3  3 -3 -2 -1 0 1 0 0 0.01
-2 -2 -2 -3 -2 -1 -2 -3  2 -1 -1 -2 -1  3 -3 -2 -2  2  7 -1 0 1 0 0 0.01
 0 -1  0 -1 -1 -1 -1 -2 -2 -1 -1 -1 -1 -2 -1  1  5 -2 -2  0 0 1 0 0 0.01
-1  0  0  2 -4  2  5 -2  0 -3 -3  1 -2 -3 -1  0 -1 -3 -2 -2 0 1 0 0 0.01
 1 -1  1  0 -1  0  0  0 -1 -2 -2  0 -2 -2 -1  4  1 -3 -2 -2 0 1 0 0 0.02
-1 -2 -3 -4 -1 -2 -3 -3 -3  1  4 -2  3  0 -3 -2 -1 -2 -1  1 0 0 1 0 0.02
 4 -1 -2 -2  0 -1 -1  0 -2 -1 -1 -1 -1 -2 -1  1  0 -3 -2  0 0 0 1 0 0.02
 0 -2  0 -1 -3 -2 -2  6 -2 -4 -4 -2 -3 -3 -2  0 -2 -3 -3 -3 0 0 1 0 0.02
-1  2  0 -1 -3  1  0 -2  0 -2 -2  4 -1 -1 -1  0 -1 -1  3 -2 0 0 1 1 0.01
-1  6  0 -2 -3  1  0 -2  0 -3 -2  2 -1 -3 -2 -1 -1 -3 -2 -3 0 0 1 1 0.01
-1  0  0  2 -4  2  5 -2  0 -3 -3  1 -2 -3 -1  0 -1 -3 -2 -2 0 0 1 0 0.01
-1 -1 -2 -3 -1  0 -2 -3 -2  1  2 -1  6  0 -3 -2 -1 -1 -1  1 0 1 0 0 0.01
 2 -2 -2 -3 -1 -2 -2 -1 -2  2  0 -2  0 -1 -2  0  0 -3 -1  3 0 1 0 0 0.01
-1 -3 -3 -3 -1 -3 -3 -4 -3  4  2 -3  1  0 -3 -2 -1 -3 -1  3 0 1 0 0 0.01
-1 -3 -3 -3 -1 -3 -3 -4 -3  4  2 -3  1  0 -3 -2 -1 -3 -1  3 0 1 0 0 0.01
 0 -1  0 -1 -1  0 -1 -1 -1 -1 -2  0 -1 -2 -1  3  4 -3 -2 -1 0 1 0 0 0.01
-2 -3 -3 -4 -2 -3 -3 -3 -1  0  0 -3  0  6 -4 -2 -2  1  3 -1 0 0 1 0 0.01
 1  1  0 -1 -2  1  0 -1 -1 -2 -2  3 -1 -3 -1  2  0 -3 -2 -2 0 0 1 1 0.01
-1 -1  5  1 -2  0  0  0  0 -3 -3  0 -2 -3 -2  2  0 -4 -2 -3 0 0 1 1 0.01
 0 -2  0 -1 -3 -2 -2  6 -2 -4 -4 -2 -3 -3 -2  0 -2 -3 -3 -3 0 0 1 1 0.01
 4 -1 -2 -2  0 -1 -1  0 -2 -1 -1 -1 -1 -2 -1  1  0 -3 -2  0 0 0 1 1 0.01
 0 -1  0 -1 -1 -1 -1 -2 -2  1  0 -1  0 -2 -1  1  4 -2 -2  1 0 1 0 0 0.01
-2 -3 -3 -4 -2 -3 -3 -3 -1  0  0 -3  0  6 -4 -2 -2  1  3 -1 0 1 0 0 0.01
-1  1  0  0 -3  5  2 -2  0 -3 -2  1  0 -3 -1  0 -1 -2 -1 -2 0 1 0 0 0.01
 0 -3 -3 -3 -1 -2 -2 -3 -3  3  1 -2  1 -1 -2 -2  0 -3 -1  4 0 1 0 0 0.01
-1  0  0  2 -4  2  5 -2  0 -3 -3  1 -2 -3 -1  0 -1 -3 -2 -2 0 0 1 0 0.01
 0 -3 -3 -3 -1 -2 -2 -3 -3  3  1 -2  1 -1 -2 -2  0 -3 -1  4 0 0 1 0 0.02
-1 -2 -2 -2 -3 -1 -1 -2 -2 -3 -3 -1 -3 -4  7 -1 -1 -4 -3 -2 0 0 1 1 0.02
 0 -2  0 -1 -3 -2 -2  6 -2 -4 -4 -2 -3 -3 -2  0 -2 -3 -3 -3 0 0 1 1 0.03
 1 -1  1  0 -1  0  0  0 -1 -2 -2  0 -2 -2 -1  4  1 -3 -2 -2 0 0 1 1 0.04
-1  1  0  0 -3  5  2 -2  0 -3 -2  1  0 -3 -1  0 -1 -2 -1 -2 0 0 1 1 0.05
-2  0  1 -1 -3  0  0 -2  8 -3 -3 -1 -2 -1 -2 -1 -2 -2  2 -3 0 0 1 0 0.07
-1 -3 -3 -3 -1 -3 -3 -4 -3  3  3 -3  2  0 -3 -2 -1 -2 -1  2 0 0 1 1 0.07
-1 -1  1  5 -4  1  3 -2 -1 -3 -3  0 -3 -3 -1  0 -1 -4 -3 -3 1 0 0 1 0.07
 1 -1  1  0 -1  0  0  0 -1 -2 -2  0 -2 -2 -1  4  1 -3 -2 -2 1 0 0 1 0.08
-1  1  0  0 -3  5  2 -2  0 -3 -2  1  0 -3 -1  0 -1 -2 -1 -2 1 0 0 0 0.08
-1  2  0 -1 -3  1  1 -2 -1 -3 -2  5 -1 -3 -1  0 -1 -3 -2 -2 1 0 0 1 0.07
-1  4  0 -1 -3  1  0 -2 -1 -3 -2  4 -1 -3 -1  0 -1 -3 -2 -2 1 0 0 1 0.07
 3 -2 -2 -2 -1 -1 -1 -1 -2 -2 -2 -1 -2 -3  5  0  0 -3 -2 -1 1 0 0 0 0.06
-1 -3 -3 -3 -1 -3 -3 -4 -3  3  3 -3  2  0 -3 -2 -1 -2 -1  2 1 0 0 0 0.06
-1  0  0  2 -4  2  5 -2  0 -3 -3  1 -2 -3 -1  0 -1 -3 -2 -2 1 0 0 0 0.05
-1  6  0 -2 -3  1  0 -2  0 -3 -2  2 -1 -3 -2 -1 -1 -3 -2 -3 1 0 0 0 0.04
-1 -1 -2 -3 -1  0 -2 -3 -2  1  2 -1  6  0 -3 -2 -1 -1 -1  1 1 0 0 0 0.03
-1  2  0 -1 -3  1  1 -2 -1 -3 -2  5 -1 -3 -1  0 -1 -3 -2 -2 1 0 0 0 0.03
-2 -2  1  6 -4  0  2 -1 -1 -3 -4 -1 -3 -4 -2  0 -1 -4 -3 -3 1 0 0 1 0.02
 0 -1  0 -1 -1 -1 -1 -2 -2 -1 -1 -1 -1 -2 -1  1  5 -2 -2  0 1 0 0 0 0.02
-1 -2 -3 -4 -1 -2 -3 -4 -3  2  4 -2  2  0 -3 -2 -1 -2 -1  1 1 0 0 0 0.01
-1  6  0 -2 -3  1  0 -2  0 -3 -2  2 -1 -3 -2 -1 -1 -3 -2 -3 1 0 0 0 0.01
 2 -2 -2 -2 -1 -2 -2 -1 -2  3  1 -2  0 -1 -2  0  0 -3 -2  2 1 0 0 1 0.01
 4 -1 -1 -2 -1 -1 -1  0 -2 -1 -1 -1 -1 -2 -1  1  2 -3 -2  0 1 0 0 0 0.01
-2 -2 -2 -3 -2 -1 -2 -3  2 -1 -1 -2 -1  3 -3 -2 -2  2  7 -1 1 0 0 0 0.01
-2 -2 -3 -4 -2 -3 -3 -3 -2  1  3 -3  1  4 -3 -2 -2  0  1  0 1 0 0 0 0.01
 0 -1  0 -1 -1 -1 -1 -2 -2 -1 -1 -1 -1 -2 -1  1  5 -2 -2  0 1 0 0 1 0.01
 0 -1  0  1 -3  1  4  3 -1 -3 -3  0 -2 -3 -2  0 -1 -3 -2 -3 0 0 1 1 0.01
 2 -2 -2 -2 -1 -1 -2 -1 -2  2  0 -1  0 -1 -2  0  2 -3 -2  1 0 0 1 0 0.01
-1  2  0 -1 -3  1  1 -2 -1 -3 -2  5 -1 -3 -1  0 -1 -3 -2 -2 0 0 1 1 0.01
-1 -3 -3 -3 -1 -2 -3 -3 -3  3  1 -2  1 -1 -3 -2  0 -3 -1  3 0 1 0 0 0.01
 0 -1  0  3 -2  1  3 -1 -1 -3 -3  0 -2 -3 -1  2  0 -3 -2 -2 0 1 0 0 0.01
-1  2  0 -1 -3  1  1 -2 -1 -3 -2  5 -1 -3 -1  0 -1 -3 -2 -2 0 1 0 0 0.01
-1 -2 -3 -4 -1 -2 -3 -4 -3  2  4 -2  2  0 -3 -2 -1 -2 -1  1 0 1 0 0 0.01
 0 -3 -3 -4  9 -3 -4 -3 -3 -1 -1 -3 -1 -2 -3 -1 -1 -2 -2 -1 0 1 0 0 0.01
 1 -2 -3 -3 -1 -2 -2 -2 -3  2  0 -2  0 -1 -2 -1  0 -3 -1  3 0 1 0 0 0.01
-3 -3 -4 -4 -2 -2 -3 -3 -2 -3 -2 -3 -1  1 -4 -3 -2 11  2 -3 0 1 0 0 0.01
-1 -1  5  1 -2  0  0 -1  0 -2 -3  0 -2 -3 -2  1  2 -3 -2 -2 0 0 1 1 0.01
-2  0  6  1 -3  0  0  0  1 -3 -3  0 -2 -3 -2  1  0 -4 -2 -3 0 0 1 1 0.02
-1  2  0 -1 -3  1  1 -2 -1 -3 -2  5 -1 -3 -1  0 -1 -3 -2 -2 0 0 1 1 0.02
 0 -1  0 -1 -1 -1 -1 -1 -2 -1 -1 -1 -1 -2 -1  2  4 -3 -2  0 0 0 1 1 0.03
-1 -2 -2 -2 -3 -1 -1 -2 -2 -3 -3 -1 -3 -4  7 -1 -1 -4 -3 -2 0 0 1 0 0.04
-2  2  5  1 -3  0  0 -1  4 -3 -3  0 -2 -3 -2  0  0 -3 -1 -3 0 1 0 0 0.05
 3 -1  0 -1 -1  0  0  0 -1 -2 -2  0 -1 -2 -1  3  1 -3 -2 -1 0 1 0 0 0.08
-1 -3 -3 -3 -1 -3 -3 -4 -3  4  2 -3  1  0 -3 -2 -1 -3 -1  3 0 1 0 0 0.15
 4 -1 -2 -2  0 -1 -1  0 -2 -1 -1 -1 -1 -2 -1  1  0 -3 -2  0 0 1 0 0 0.13
 4 -1 -2 -2  0 -1 -1  0 -2 -1 -1 -1 -1 -2 -1  1  0 -3 -2  0 0 1 0 0 0.18
-1 -3 -3 -3 -1 -3 -3 -4 -3  4  2 -3  1  0 -3 -2 -1 -3 -1  3 0 1 0 0 0.19
 0  0  0  1 -2  1  3 -1 -1 -3 -3  0 -2 -3 -1  3  1 -3 -2 -2 0 1 0 0 0.21
-1 -2 -3 -3 -1 -1 -2 -3 -2  1  3 -2  5  0 -3 -2 -1 -2 -1  1 0 1 0 0 0.24
 2 -1  0  0 -1  0  2  0 -1 -2 -2  0 -1 -2 -1  3  1 -3 -2 -1 0 1 0 0 0.31
-2  0  6  1 -3  0  0  0  1 -3 -3  0 -2 -3 -2  1  0 -4 -2 -3 0 0 1 1 0.50
