 1 -1  1  0 -1  0  0  0 -1 -2 -2  0 -1 -2 -1  4  1 -3 -2 -2 0 0 1 1 0.86
 0 -1  5  1 -2  0  0  0  0 -3 -3  0 -2 -3 -2  3  1 -3 -2 -2 0 0 1 1 0.74
-1  0  0 -1 -3  5  1 -2  5 -3 -3  1 -1 -3 -2 -1 -1 -2 -1 -3 1 0 0 1 0.71
-2 -2 -3 -4 -3 -2 -3 -4  1 -2 -2 -3 -2  3 -4 -2 -2  2  8 -2 1 0 0 0 0.57
-2  7 -1 -2 -4  1 -1 -3 -1 -4 -3  2 -2 -3 -3 -1 -2 -3 -2 -3 1 0 0 1 0.59
 1  0 -1 -1 -3  6  1 -2  4 -3 -3  0 -1 -3 -2  0 -1 -3 -1 -3 1 0 0 1 0.57
 3 -2 -1 -1 -1 -1 -1 -1 -2 -2 -2 -1 -2 -2 -1  3  0  5 -1 -1 1 0 0 1 0.55
-1  0 -1  1 -4  4  5 -3  0 -4 -3  1 -2 -4 -2 -1 -1 -3 -2 -3 1 0 0 1 0.54
 0 -1  0 -1 -2  2  0  2 -1 -3 -3  0 -2 -3 -1  4  1 -3 -2 -2 1 0 0 1 0.40
-1  6 -1 -2 -3  0 -1 -2 -1 -3 -3  2 -2 -3 -2  1 -1 -3 -2 -3 1 0 0 1 0.35
 5 -2 -2 -2 -1 -1 -1  0 -2 -2 -2 -1 -1 -3 -1  1  1 -3 -2 -1 1 0 0 1 0.19
 4 -2 -2 -2 -1 -1 -1 -1 -2 -1 -1 -1 -1 -2 -1  1  2 -3 -2  1 1 0 0 1 0.12
-2  7 -1 -2 -4  1 -1 -3 -1 -4 -3  2 -2 -3 -3 -1 -2 -3 -2 -3 1 0 0 1 0.08
-2 -3 -4 -4 -2 -3 -3 -4 -3  1  4 -3  2  2 -3 -3 -2 -2  0  0 1 0 0 0 0.05
-1  6 -1 -2 -4  0 -1  0 -1 -4 -3  1 -2 -3 -2  0 -1 -3 -2 -3 1 0 0 1 0.04
-2 -3 -4 -4 -2 -3 -3 -4 -3  1  5 -3  2  0 -3 -3 -2 -2 -2  0 1 0 0 0 0.03
-2 -3 -4 -4 -2 -3 -3 -4 -3  1  5 -3  2  0 -3 -3 -2 -2 -2  0 1 0 0 0 0.02
 1 -3 -3 -3 -1 -2 -3 -3 -3  2  1 -2  1 -1 -3 -1  0 -3 -2  4 1 0 0 0 0.02
-2 -2  1  6 -4  0  3  0 -1 -4 -4 -1 -3 -4 -2 -1 -1 -4 -3 -4 1 0 0 1 0.02
 1 -2 -1 -2 -1 -1 -1 -2 -2 -1 -1 -1  2 -2 -2  1  4 -3 -2  0 0 0 1 1 0.02
 0 -3 -1 -2 -3 -2 -3  6 -3 -4 -4 -2 -3 -4 -3 -1 -2 -3 -4 -4 1 0 0 1 0.02
-1  2  0 -1 -3  4  0  2  5 -4 -3  0 -2 -3 -2 -1 -2 -3 -1 -3 1 0 0 1 0.03
 2 -1 -1  2 -2  0  4 -1 -1 -3 -3  0 -2 -3 -1  0 -1 -3 -2 -2 1 0 0 1 0.03
-2 -3 -4 -4 -2 -3 -3 -4 -3  1  5 -3  2  0 -3 -3 -2 -2 -2  0 1 0 0 0 0.03
 2 -2 -1 -2 -1 -1 -2  1 -2  0  0 -1  0 -2  1  1  2 -3 -2  1 1 0 0 1 0.03
 2 -1 -1 -2 -2  4  0 -2  2 -1 -2  0 -1 -3 -2  0 -1 -3 -2  1 0 0 1 1 0.03
-2  1 -2  2 -2 -1 -1 -3 -2  0  3 -1  1 -1 -3 -2 -2 -3 -2  0 0 0 1 0 0.03
 1 -2 -1  2 -3 -2 -1  2 -2 -3 -3 -1 -3 -4  6 -1 -1 -4 -3 -3 0 0 1 1 0.03
 0 -2  2 -1 -2 -2 -2 -2 -2  1 -1 -1 -1 -3  6 -1 -1 -4 -3 -1 1 0 0 1 0.02
 1 -1  0  3 -3  3  3  0 -1 -3 -3  0 -2 -3 -1  1 -1 -3 -2 -2 1 0 0 1 0.02
 3 -1 -1 -1 -2  2  1  2 -1 -2 -2 -1 -1 -3 -1  0 -1 -3 -2  0 1 0 0 1 0.02
 1 -2 -2 -3 -2 -1 -2 -2 -2  0  2 -2  6 -1 -3  0 -1 -2 -2  0 1 0 0 0 0.02
 1  4 -1 -2 -2  0 -1  1 -1 -2  0  1 -1 -2 -2  0 -1 -3 -2 -2 1 0 0 0 0.02
 2  1 -1 -1 -2  3  2 -1 -1 -2 -2  3 -1 -3 -1  0 -1 -3 -2 -2 1 0 0 1 0.02
-2  4 -2 -3  3 -1 -2 -3 -2  1  2  0  0 -1 -3 -2 -1 -3 -2  0 1 0 0 1 0.02
 2 -3 -3 -3 -1 -2 -2 -2 -3  2  0 -2  0 -1 -2 -1  0 -3 -2  3 1 0 0 0 0.02
-2 -3 -4 -4 -2 -3 -3 -4 -3  1  5 -3  2  0 -3 -3 -2 -2 -2  1 1 0 0 0 0.01
-1  0 -1 -1 -3  5  0  2 -1 -1 -2  0 -1 -3 -2  0  0 -3 -2  0 1 0 0 1 0.01
-2  6 -1 -2 -4  1  0 -3 -1 -4 -3  3 -2 -3 -2 -1 -2 -3 -2 -3 1 0 0 1 0.01
 5 -2 -2 -2 -1 -1 -1  0 -2 -2 -2 -1 -1 -3 -1  1 -1 -3 -2 -1 1 0 0 0 0.01
-1 -3 -3 -4  9 -3 -4 -3 -3 -1  1 -3 -1 -2 -3 -1  1 -3 -3 -1 1 0 0 0 0.01
 3 -1 -1 -1 -1  0  2  1 -2 -2 -2 -1 -1 -3 -1  1  2 -3 -2 -1 1 0 0 0 0.01
-3 -3 -4 -4 -3 -4 -4 -4 -2  0  2 -4  0  7 -4 -3 -3  0  2 -1 1 0 0 0 0.01
-1 -3 -2 -3  5 -2 -3 -3 -3  1  2 -2  2 -1 -3  1 -1 -3 -2  2 1 0 0 0 0.01
 4 -2 -1 -2 -1 -1 -1  2 -2 -2 -2 -1 -2 -3 -1  2  0 -3 -2 -1 1 0 0 0 0.01
-2 -2 -3 -4 -2 -2 -3 -4 -2  1  2 -2  6  0 -3 -2 -1 -1  3  1 1 0 0 0 0.01
-2 -2  0  6 -4  0  3 -2 -1 -4 -4 -1 -3 -4 -2 -1 -2 -5 -3 -4 0 0 1 0 0.01
-1  2  0  2 -3  1  0  0  6 -4 -3  0 -2 -3 -2  1 -1 -3  0 -3 0 0 1 0 0.01
 0 -3 -1 -2 -3 -3 -3  6 -3 -5 -4 -2 -3 -4 -3 -1 -2 -3 -4 -4 0 0 1 0 0.01
-1 -2 -3 -3 -1 -2 -3 -3 -3  1  3 -2  1 -1 -3  0 -1 -3 -2  3 0 1 0 0 0.01
-1 -3 -4 -4 -2 -3 -3 -4 -3  2  4 -3  1  0 -3 -3 -1 -2 -2  3 0 1 0 0 0.01
-2 -2 -3 -3 -2  0 -2 -3 -2  1  3 -2  1  3 -3 -2  1 -2  0  0 0 1 0 0 0.01
-1 -1 -1  0 -2  1  4 -2 -1 -1  1  0  0 -2 -1  1 -1 -2 -2 -1 0 1 0 0 0.01
-3  3 -2  1 -3 -1 -2 -3 -2 -3 -2 -1 -2  2 -4 -2 -3 10  1 -3 0 0 1 0 0.01
 0 -2  2  1 -2 -1  0  1 -1 -1  0 -1  2 -2  1  1 -1 -3 -2 -1 0 0 1 0 0.02
 3  1 -2 -2 -2 -1 -1 -1 -2 -2 -2  1 -2 -3  4  0  0 -3 -2 -1 0 0 1 1 0.02
-2 -2  0  6 -4 -1  2  2 -2 -4 -4 -1 -3 -4 -2 -1 -2 -4 -4 -4 0 0 1 1 0.03
-1 -2  3  3 -3  1  0  4 -1 -4 -4 -1 -3 -4 -2  0 -1 -4 -3 -4 0 0 1 1 0.04
 0 -1  1  0 -2  1 -1  3 -2 -2 -3 -1 -2 -3  1  1  1 -3 -3 -1 0 0 1 1 0.05
 0 -3 -3 -3 -1 -2 -3 -3 -3  2  3 -2  1 -1  1 -2 -1 -3 -2  2 0 1 0 0 0.06
-1  1  0 -1 -2  3  0 -2  4 -1 -2  0 -1 -2 -2  0  1 -2 -1  1 0 1 0 1 0.07
 0  0 -1 -1 -2 -1  1 -2 -2  1  1 -1  0 -2 -2  0  2 -3 -2  2 0 1 0 0 0.10
-1  2 -1 -2 -2 -1 -1 -2 -1 -1  1  0  0  0 -2  1  2 -1  3 -1 0 1 0 0 0.10
 5 -2 -2 -2 -1 -1 -1  0 -2 -2 -2 -1 -1 -3 -1  1  0 -3 -2 -1 1 0 0 0 0.12
 0  2  1 -1 -2  0  1  2 -1 -3 -3  0 -2 -3 -2  3  0 -3 -2 -3 1 0 0 1 0.11
-2  2  1 -2 -3  1 -1 -3  7  0 -2 -1 -1  1 -3 -1 -2 -2  1 -2 0 0 1 0 0.12
 0 -3 -1 -2 -3 -2 -3  6 -3 -4 -4 -2 -3 -4 -3 -1 -2 -3 -4 -4 0 0 1 0 0.13
 1 -2  1 -1 -2 -1 -1 -1  2 -3 -3 -1 -2 -3  5  3  0 -4 -2 -2 0 0 1 0 0.11
 2 -1 -2 -1 -2  0  1  0 -2  0  0  0 -1 -2  1  0 -1 -3 -2  1 1 0 0 1 0.11
 1 -1  0  2 -2  0  3 -1 -1 -3 -3  0 -2 -3  3  2  0 -3 -3 -2 1 0 0 1 0.10
-1  4 -1 -2  2  2 -1 -2 -1 -2 -1  1 -1 -3  3  0 -1 -3 -2 -2 1 0 0 0 0.11
-1 -2 -3 -2 -2  1  0 -4 -2  1  4 -2  1 -1 -3 -2 -1 -2 -2  1 1 0 0 1 0.08
 2 -1  0 -1 -2  3  1  2 -1 -3 -3  0 -2 -3 -2  2  0 -3 -2 -2 1 0 0 1 0.07
 2 -1  1 -1 -1  2  0 -1 -1 -2 -1  0 -1 -3 -1  1  2 -3 -2 -1 1 0 0 0 0.07
-2  1 -3 -4 -2 -2 -3 -4 -3  1  4 -2  1  0 -3 -3 -1 -2 -2  1 1 0 0 0 0.06
 3  2 -1 -1 -2  0  2 -1 -1 -2  0  0 -1 -2 -2  0 -1 -3 -2 -1 1 0 0 1 0.06
 3 -2  0 -2 -1 -1 -1 -1 -2 -1  0 -1 -1 -2 -2  1  3 -3 -2  0 1 0 0 1 0.05
 1 -2 -3 -3 -1 -2 -3 -3 -3  1  3 -2  1 -1 -3 -1  0 -3 -2  2 1 0 0 0 0.05
 4 -1  2 -1 -1  1 -1  0 -1 -2 -2 -1 -1 -3 -1  1  0 -3 -2 -1 0 0 1 0 0.04
-1 -2  0  4 -3  0  0  2 -2  0  0 -1 -1 -2 -2 -1 -1 -3 -2 -1 0 0 1 1 0.04
 1  2 -1 -1 -2  1 -1 -2 -2 -3 -3  0 -2 -3  5  2 -1 -3 -3 -2 0 0 1 1 0.03
-1  0 -1  1 -2  1  2 -3 -1  0  2 -1  0 -1 -2 -1 -1  4 -1 -1 0 0 1 1 0.03
 1  1 -1 -2 -2 -1 -1 -1 -2 -1  0  0  1 -2  3  1  0 -2 -2  0 0 0 1 1 0.03
 0  1 -1  1 -2 -1 -1 -2 -2  1 -1 -1 -1 -2  1  0  2 -3 -2  0 0 0 1 0 0.02
 2 -2  0 -1 -1 -1 -2  3 -2 -1  0 -1 -1 -2 -2  0  1 -2 -2 -1 0 0 1 1 0.02
 1 -3 -3 -2 -3 -2 -2 -2 -3 -2  0 -2 -2 -3  7 -1 -1 -4 -3 -2 0 0 1 1 0.02
-2  2 -1 -1  2  6  1 -3  0 -3 -3  1 -1 -4 -2 -1 -1 -3 -2 -3 0 0 1 1 0.02
-2 -2  2 -2 -2 -2 -2 -2 -2 -2 -2 -2 -1  2 -3 -2 -2 10  1  0 0 0 1 0 0.02
-1  1 -2 -3 -2  1 -2 -3 -2  2  3 -1  1  0 -2 -2 -1 -2 -1  0 0 0 1 0 0.02
-1  0  0  3 -3  3  4 -2 -1 -3 -3  0 -2 -3 -1  0  0 -3 -2 -2 0 0 1 1 0.03
 0  4 -1 -2 -2  1  0 -2 -1 -1  1  2  0 -2 -2  0  1 -3 -2 -1 0 0 1 1 0.03
-1 -3 -2 -2 -3 -2 -2  1 -3 -3 -4 -2 -3 -4  7  1 -1 -4 -3 -3 0 0 1 1 0.03
 0 -2 -1  0 -2 -2 -2  3  2 -1  1 -2  0 -2 -2  0 -1 -3 -2 -1 0 0 1 1 0.02
 2 -2 -1 -1 -1 -1  1 -1 -2  0  0 -1 -1 -2  0  2  2 -3 -2  1 0 0 1 0 0.02
 1  2  0  2 -2  3  1 -2  4 -3 -2  0 -1 -3 -2  0 -1 -3 -1 -2 0 0 1 1 0.01
-1 -2 -2 -2 -1  1 -1 -3 -2  1  3 -1  1 -1 -2 -1  1 -2 -1  2 0 0 1 0 0.01
 0 -2 -1 -1 -2 -1 -1  1 -2  0 -1 -1 -1 -2  5 -1 -1 -2 -2 -1 0 0 1 0 0.01
 0 -2 -1 -2  6  0 -1  0 -2 -1  1 -1  0 -1 -2  1  0 -2 -2 -1 0 1 0 0 0.01
 1 -2 -2 -2 -2 -1  1 -2  2  1  0 -1  2 -2 -2 -1 -1 -3 -1  3 0 1 0 0 0.01
-1 -3 -4 -4 -2 -3 -3 -4 -3  2  4 -3  1  0 -3 -3 -1 -2 -2  2 0 1 0 0 0.01
-2  3 -2 -3  3  2 -1 -3 -1  0  2  0  0  0 -3 -2 -1 -1  2 -1 0 1 0 0 0.01
-1 -3 -4 -4 -1 -3 -3 -4 -3  3  3 -3  1  0 -3 -3 -1 -2 -2  3 0 1 0 0 0.01
-2 -3 -3 -2 -3 -2 -2 -3 -3 -3 -1 -2 -2 -4  8 -2 -2 -4 -3 -3 0 1 0 0 0.01
-2 -3 -4 -4 -2 -3 -4 -4 -3  1  5 -3  2  0 -4 -3 -2 -2 -2  0 0 0 1 0 0.01
 0  4 -1 -2  5 -1 -1 -2  4  0 -2  0 -1 -2 -3 -1 -1 -3 -1 -1 0 0 1 1 0.01
 2  0 -1 -2 -2 -1 -2  4 -2 -2 -2 -1 -2  1 -2  0  1 -2 -1 -2 0 0 1 1 0.01
 3 -2 -1 -2 -1 -1 -1  3 -2 -2 -3 -1 -2 -3 -1  2  0 -3 -2 -1 0 0 1 0 0.01
-1 -1  2  5 -3  2  1 -1  3 -3 -3 -1 -2 -3 -2  0 -1 -3 -1 -3 0 0 1 1 0.01
-1 -2 -1 -1 -3 -1  3  5 -2 -4 -4 -1 -3 -4 -2 -1 -2 -3 -3 -4 0 0 1 1 0.01
 1  0 -1  1 -3  2  1  3  2 -2 -3  1 -2 -3 -2  0 -1 -3 -2 -1 0 0 1 1 0.01
 2 -2  1 -1  2 -1  0 -1 -2  0 -1 -1 -1 -2  2  1  0 -3 -2  0 0 0 1 0 0.01
-2 -3 -4 -4 -3 -4 -4 -4 -2  0  1 -4  0  6 -4 -3 -2  0  2  1 1 0 0 0 0.01
 0 -3 -1 -2 -3 -3 -3  6 -3 -5 -4 -2 -3 -4 -3 -1 -2 -3 -4 -4 1 0 0 0 0.01
 2 -2 -1 -2 -1 -1 -1 -1 -2  0 -1 -1  2 -2 -2  1  3 -3 -2  1 1 0 0 0 0.01
-2 -3 -4 -4 -2 -3 -3 -4 -3  1  5 -3  1  0 -3 -3 -2 -2 -2  2 0 1 0 0 0.01
 0 -3 -3 -4 -1 -2 -3 -3 -3  2  3 -3  2  0 -3 -2 -1 -2 -2  2 0 1 0 0 0.01
-2 -3 -4 -4 -2 -3 -3 -4 -3  1  4 -3  1  0 -3 -3 -2 -2 -2  2 0 1 0 0 0.01
 3 -2 -2 -2 -1 -2 -2  2 -2  1  0 -2 -1 -2 -2  1 -1 -3 -2  0 1 0 0 0 0.02
-1 -1  6  0 -3 -1 -1 -1  0 -4 -4 -1 -3 -3 -2  3  0 -4 -3 -3 1 0 0 1 0.03
 3 -2 -1 -1 -1 -1 -1 -1 -2 -3 -3 -1 -2 -3  2  4  0 -3 -2 -2 0 0 1 1 0.04
 1  1 -2 -3 -1 -2 -2 -3 -3  1  0 -1  0 -2 -2  0  0 -3 -2  4 0 0 1 0 0.04
 2 -1 -1 -1 -2  2  0  1 -1 -2 -2  1 -1 -3  1  2  1 -3 -2 -1 0 0 1 1 0.05
-1 -3 -4 -4 -2 -3 -3 -4 -3  4  2 -3  2  0 -3 -2 -1 -3 -2  3 0 0 1 0 0.05
-1  3  3 -1 -3  0 -1  0  3 -3 -3  0 -2 -3  3  1 -1 -3 -2 -3 0 0 1 1 0.05
 3  1 -1 -2 -1  1 -1 -1 -1 -2 -2  0 -1 -3  2  1  0 -3 -2  0 0 0 1 0 0.05
-2 -3 -3 -2 -4 -2 -2 -3 -3 -4 -4 -2 -3 -5  8 -2 -2 -5 -4 -3 0 0 1 1 0.05
-2 -2  1  6 -4  0  2 -2  4 -4 -4 -1 -3 -4 -2 -1 -2 -4 -2 -4 0 0 1 1 0.05
 1  1  3  2 -3  0  1  1  4 -3 -3  0 -2 -3 -2  0 -1 -3 -1 -3 0 0 1 1 0.05
-2 -1  0  4 -4  1  5 -3 -1 -4 -4  0 -3 -4 -2 -1 -1 -4 -3 -3 1 0 0 1 0.04
-3 -2  1  7 -4 -1  1 -2 -2 -4 -4 -1 -4 -4 -2 -1 -2 -5 -4 -4 1 0 0 1 0.04
-2 -3 -3 -4 -2 -3 -3 -4 -3  4  3 -3  1  0 -3 -1 -1 -3 -2  1 1 0 0 0 0.03
 1 -1 -1  1 -3  1  5 -2 -1 -3 -3  0 -2 -3 -1  0 -1 -3 -2 -2 1 0 0 1 0.02
 1 -1  0 -1 -1 -1 -1 -1 -1 -2 -2 -1 -2 -3 -1  4  3 -3 -2 -1 1 0 0 0 0.02
-2 -3 -4 -4 -2 -2 -3 -4 -3  1  4 -3  2  0 -3 -3 -2 -2 -1  1 1 0 0 0 0.01
-1  1  0 -1 -3  6  2 -2  0 -3 -3  1 -1 -4 -2  0 -1 -2 -2 -3 1 0 0 1 0.01
-1 -3 -4 -4 -1 -2 -3 -4 -3  2  4 -3  2  0 -3 -3 -1 -2 -1  2 1 0 0 0 0.01
-2 -3 -4 -4 -2 -2 -3 -4 -3  1  4 -3  2  0 -3 -3 -2 -2 -1  1 1 0 0 0 0.01
 4 -2 -2 -2 -1 -1 -1  3 -2 -2 -2 -1 -2 -3 -1  1 -1 -3 -2 -1 1 0 0 0 0.01
 0 -2  0 -1 -1 -1 -1 -2 -2 -1 -2 -1 -1 -3 -1  1  5 -3 -2  0 1 0 0 1 0.01
-2 -2 -3 -4 -2 -2 -3 -4 -3  1  4 -3  4  0 -3 -3 -1 -2 -1  1 1 0 0 0 0.01
-2 -3 -4 -4 -2 -3 -3 -4 -3  1  4 -3  2  2 -3 -3 -2 -2 -1  0 1 0 0 0 0.01
 5 -2 -2 -2 -1 -1 -1  0 -2 -2 -2 -1 -1 -3 -1  1  0 -3 -2  0 1 0 0 1 0.01
 3 -2 -2 -2 -1 -1 -1 -1 -2 -1 -1 -1  3 -2 -1  1  2 -3 -2  0 1 0 0 1 0.01
 1 -1  0 -2 -3  0 -1 -2  8 -3 -3 -1 -2 -2 -2 -1 -2 -3  1 -3 1 0 0 1 0.01
-2 -3 -4 -4 -1 -2 -3 -4 -3  2  4 -3  2  0 -3 -3 -1 -2 -1  1 1 0 0 0 0.01
-1  0  0  1 -4  2  5 -2  3 -3 -3  1 -2 -3 -1  0 -1 -3 -1 -3 1 0 0 1 0.01
-2 -1  6  1 -3  0 -1 -1  0 -3 -3  0 -2 -3 -2  1  1 -4 -2 -3 1 0 0 1 0.01
-1  0  4  2 -3  2  1 -1  3 -3 -3  0 -2 -3 -2  1  0 -3 -1 -3 1 0 0 1 0.01
-2  6 -1 -2 -4  2  0 -3  0 -3 -2  2 -1 -3 -2 -1 -1 -3 -2 -3 1 0 0 1 0.02
-2 -2 -4 -4 -1 -2 -3 -4 -3  1  4 -3  2  0 -3 -3 -1 -2 -1  1 1 0 0 0 0.02
-2 -2 -3 -3 -2 -2 -3 -4  2  1  4 -2  2  0 -3 -2 -1 -2 -1  0 1 0 0 0 0.03
-1 -1  0  3 -3  2  3  1 -1 -3 -3  0 -2 -3 -1  0  2 -3 -2 -2 1 0 0 1 0.05
 3 -2  0  2 -1 -1  0 -1 -2 -2 -2 -1 -1 -3 -1  1  2 -3 -2 -1 1 0 0 1 0.09
-2 -2 -4 -4 -1 -2 -3 -4 -3  1  4 -3  2  0 -3 -3 -1 -2 -1  1 1 0 0 0 0.08
 0  0 -1 -2 -2  2  0 -2 -2  1  1  2  0 -2 -2  0  0 -3 -2  2 1 0 0 0 0.12
 3 -2 -2 -2 -1 -1 -1 -1 -2  0  0 -1  0 -2 -1  0  0 -3 -2  1 1 0 0 1 0.22
-2  6 -1 -2 -4  1  0 -3  0 -3 -2  2 -2 -3 -2 -1 -1 -3 -2 -3 1 0 0 1 0.32
-1 -1  0  4 -4  1  5 -2 -1 -3 -3  0 -3 -4 -1  0 -1 -4 -3 -3 0 0 1 1 0.41
-2  6 -1 -2 -4  2  0 -3  0 -3 -2  2 -1 -3 -2 -1 -1 -3 -2 -3 0 0 1 1 0.57
 0 -1  0 -1 -1 -1 -1 -2 -2 -1 -2 -1 -1 -2 -1  2  5 -3 -2  0 0 0 1 1 0.70
