-1  3  0  0 -4  3  2 -2  0 -3 -3  3 -1 -3 -2  0 -1 -3 -2 -3 0 0 1 1 0.68
 1 -1  0 -1 -1  2  0 -1 -1 -3 -3  0 -2 -3 -1  4  1 -3 -2 -2 0 0 1 1 0.46
 1 -1 -1 -1 -2  2  1 -2 -2 -1 -1 -1 -1  1 -2  0  3 -2 -1  0 0 0 1 1 0.41
-1  0 -3 -3 -2 -2 -3 -4 -3  3  1  0  4 -1 -3 -2  0 -3 -2  2 0 1 0 0 0.36
-2 -1  1  2 -4  1  5 -3 -1 -4 -4  2 -3 -4  1  0  0 -4 -3 -3 0 1 0 1 0.41
 0  0 -1 -1 -4  4  4 -2 -1 -4 -4  3 -2 -4 -2  1 -1 -4 -3 -3 0 1 0 1 0.39
 4 -2  1  0 -2 -2 -2 -1 -2 -1 -2 -2 -2  0 -2  1 -1 -3 -2  1 0 1 0 0 0.27
 0 -1 -2 -2 -2  3 -1 -1 -2  1  0  1 -1 -2 -2 -1  2 -3 -2  2 0 0 1 1 0.27
-1  2 -1  0 -3  2  2 -1 -1 -1 -1  3 -1 -3  0 -1  0 -3 -2 -1 0 0 1 1 0.21
-2 -1 -1 -1 -4  2  4  1 -2 -3 -2  3 -2 -4 -2 -1  0 -4 -3 -3 0 0 1 1 0.15
 0  0 -2 -2 -2  0 -2 -1 -2  0  0 -1 -1 -2  4  0  3 -3 -2  0 0 0 1 1 0.10
-1  0  1  0 -3  0  0 -2  3 -3 -2  4 -2 -3  2  1  0 -3 -2 -1 0 1 0 1 0.05
-1 -4 -4 -4 -2 -3 -4 -4 -4  4  0 -3  0 -2 -3 -3 -1 -4 -2  5 0 1 0 0 0.03
 4 -3 -2 -3 -2 -2 -2  0 -2  1 -2 -2 -1 -2 -2  0  0 -3  0  2 0 1 0 0 0.03
-2 -4 -4 -5 -2 -4 -4 -5 -4  5  1 -4  0  1 -4 -3 -2 -3  1  4 0 1 0 0 0.02
 0 -4 -4 -4 -2 -3 -4 -4 -4  3  1 -4  0 -2 -4 -3 -2 -4 -3  5 0 1 0 0 0.02
-3 -1  6  4 -4 -2 -1  0 -1 -4 -2 -2  0 -4 -3 -1 -2 -5 -4 -4 0 1 0 0 0.01
-1 -2  2  0 -3 -1  3 -3 -2  0  1  0  1  3 -3 -2 -2 -2 -1 -2 0 0 1 1 0.01
-3 -3  1  7 -5 -2  0 -3 -3 -5 -6 -3 -5 -5 -3  0 -3 -6 -5 -5 0 0 1 0 0.02
-1  1  3  1 -3  1  3 -1 -1 -4 -4  2 -3 -4 -2  1  1 -4 -3 -3 0 0 1 1 0.02
-1 -3 -2  0 -4  0 -3  6 -3 -5 -5 -3 -4 -5 -3  0  0 -4 -4 -4 0 0 1 0 0.02
 1 -1 -1  1 -2  0  2 -1 -2  1 -1  1 -1  0 -1  0  0 -3  0  0 1 0 0 1 0.02
-3 -3 -4 -4 -4 -3 -1  0 -1 -1  1 -3 -1  2 -4 -3 -3  4  7 -1 1 0 0 0 0.02
 2 -2 -1 -2 -3 -2 -1  4 -3 -4 -4  1 -3 -4 -3  2 -1  3 -3 -3 1 0 0 0 0.02
-1  4  1  1 -4  0  2 -3 -2 -1 -3  4 -3 -4 -3 -1 -2 -4 -3 -3 1 0 0 1 0.02
 0 -1  0  0 -2  0  2 -1 -2  0  2  1  0 -2 -3 -1 -1 -3 -2  1 1 0 0 1 0.02
 0 -3 -4 -4 -2 -3 -1 -4 -3  2  3 -3  0  3 -4 -3 -2 -2  2  2 1 0 0 0 0.02
 0 -2  0 -2 -3  0  2 -3 -2  3  2  0  0 -2 -3 -2  0 -3 -2  0 1 0 0 0 0.02
 0  2  1  1 -3  2  1 -2 -1 -3 -3  3  0 -4 -2  2 -1 -4 -3 -3 1 0 0 1 0.02
 1  0  1 -1 -2  0  0  1 -1  0  0  0 -1  0 -2  1  0 -2  0  0 1 0 0 0 0.02
-3 -3 -4 -5 -3  0 -4 -5 -4  1  5 -3  2  1 -4 -4 -2 -3 -2  1 1 0 0 0 0.02
-1  1 -1  2 -3 -1  2  1 -2 -4 -4  1 -3 -4  2  3  1 -4 -3 -3 1 0 0 0 0.02
 0  0  5 -1 -3  2  0 -1  1 -3 -3  1 -2 -4 -3  1 -1 -4 -3 -1 0 0 1 1 0.02
 0  0  0 -2 -2  0  0 -1 -2  1  1 -1  1  0 -2  1  0 -3 -2  1 0 0 1 1 0.02
 1  1 -2  0 -2 -1  0  0 -2  0 -2 -1 -2 -3  3  1  2 -4 -3  0 0 0 1 0 0.02
-2  0  3  3 -3 -1  0 -1  0 -1 -2  0 -2  1 -3  0 -1 -3  1  2 0 1 0 1 0.02
-1  0 -2 -3 -2 -2 -2 -3  1  2  0  0 -1  1 -3  0  1 -3  1  3 0 1 0 1 0.02
-1  0 -2 -2 -2  0  0 -3  2  2 -1  1  1 -2 -3  0  1 -3 -2  3 0 1 0 0 0.02
-2 -4 -4 -4 -3 -3 -4 -5 -2  4  0 -4  1  1 -4 -3  0  3  5  2 0 1 0 0 0.02
-1 -1  2 -1 -2  2  1 -2  1  0  0 -1 -1 -1 -2  1  2 -2  2  0 0 1 0 1 0.02
 2  0  0 -1 -2 -1  1  2 -2 -1 -1 -1 -2  0 -2  1 -1 -3 -2  0 0 1 0 1 0.02
 1 -1  0  1 -2  0  1 -2  1 -1 -2  1 -2 -3  2  1  1 -3 -2 -1 0 0 1 1 0.02
-2 -2  2  5 -4 -1  1 -1 -2 -4 -4 -2 -4 -4 -3  3  0 -4  0 -4 0 0 1 1 0.03
-1  0 -2 -3 -2  0 -2 -2 -2  2  2 -1  2  1  0 -1 -1 -2  1  1 1 0 0 1 0.03
-1 -1  2  2 -4  1  4 -1 -1 -3 -3  2  0 -4 -2  0 -1 -4 -3 -1 1 0 0 1 0.03
-1  0  1  1 -4  1  4 -3  1 -3 -2  0 -2 -4 -2  1  0 -4 -3 -3 1 0 0 1 0.03
 5 -3 -3 -3 -2 -2 -3  2 -3  1 -2 -2  1 -3 -3 -1 -2 -3  0 -1 1 0 0 0 0.03
-2  1 -2  1 -3  1  1 -3 -2  2  2  0  1 -2 -3 -1 -1 -3 -2  0 1 0 0 1 0.03
-1  2  0  1 -4  2  3 -3 -1 -3 -2  2 -2 -4  0  0 -1 -4 -3 -2 1 0 0 1 0.03
 0  0 -1  0 -2  1  1  0 -2  1  1  1  0 -2 -2 -1  0 -2  0  0 1 0 0 0 0.03
 2 -1 -3 -4 -2 -2 -3 -3 -3  2  3 -2  1  1 -3 -2 -1 -2  1  2 1 0 0 0 0.03
-1  1  1  1 -3  2  1 -2 -1 -1 -1  3  1 -3 -2  0 -1 -3 -2  0 1 0 0 1 0.03
 0  0  3  2 -3  1  2 -1 -1 -2 -1  1  2 -2 -2 -1 -1 -3  0 -2 1 0 0 1 0.02
 0  2  2 -1 -3  2  2  0  3 -3 -1  2 -1 -3 -2 -1  0 -3 -2 -2 1 0 0 1 0.02
-1  1  3  1 -3  1  2  0 -1 -4 -4  2 -3 -4 -2  1  0 -4 -3 -3 0 0 1 1 0.02
 0 -2 -2 -3 -2  1 -2  1 -1  1  0 -2 -1  1  1 -2  0 -1  3  2 0 0 1 0 0.01
 0 -1  4  2 -3  0  0 -2  2 -2 -3  0 -2 -2 -1  2 -1 -2  3 -2 0 0 1 0 0.01
 2 -3 -3 -3 -2 -3 -3  2 -3  2 -1 -3  4  0 -3 -2 -2 -3 -2  2 0 1 0 0 0.01
-1 -4 -4 -4  1 -3 -4 -2 -4  3  3 -3  0 -1 -4 -3 -2 -3 -2  4 0 1 0 0 0.01
-2 -4 -4 -4 -2 -3 -4 -5 -4  4  2 -4  2  1 -4 -3 -2 -3  1  4 0 1 0 0 0.01
-2 -3 -3 -4 -2 -3 -3 -4  4  3  0 -3 -1 -2 -4 -3  0 -3  1  5 0 1 0 0 0.01
-3 -5 -5 -5 -3 -5 -5 -6 -5  7  1 -4  0  1 -5 -4 -2 -4 -3  2 0 1 0 0 0.01
-3 -4 -3  1 -5 -3  0 -4 -4 -5 -5 -3 -5 -6  8 -2 -3 -6 -5 -4 0 0 1 0 0.01
 0  1 -1  1 -4  0  4 -3  1 -4 -4  3 -3 -4  2  0 -2 -4 -3 -3 0 0 1 1 0.01
-2 -2  5  3 -4 -2  0  3 -2 -4 -5 -2 -4 -4 -3  1  0 -5 -4 -4 0 0 1 1 0.01
-4 -5 -5 -6 -5 -5 -6 -5 -3 -2 -2 -5 -2  9 -6 -5 -4 -1  1 -3 1 0 0 0 0.01
-1 -3 -1 -2 -3 -2 -2  0 -3 -4 -4 -2 -3 -4 -3  5  4 -4 -3 -3 1 0 0 0 0.01
-1  2  1  2 -4  3  2 -2 -1 -4 -3  2 -2 -4 -2  0  0 -4 -3 -3 1 0 0 1 0.01
-1  2  3  3  0  1  0 -2 -1 -4 -4  1 -3 -4 -2  2  0 -4 -3 -3 1 0 0 0 0.01
-3 -4 -5 -5 -3 -4 -5 -5 -5  6  3 -4  0 -2 -4 -4 -2 -4 -3  2 1 0 0 0 0.01
 0  0 -1  0 -3  2  3 -2 -1 -1 -1  1  1 -3 -2  2  1 -3 -3 -2 1 0 0 1 0.02
 1  0  2 -1 -3  3  2  0 -2 -4 -4 -1 -3 -4 -2  4 -1 -4 -3 -3 1 0 0 1 0.02
-2  0  4  0 -4 -2 -2  5 -2 -4 -4 -2 -3  0 -4 -1 -2 -4 -1 -2 0 0 1 1 0.02
-2  2 -1 -1 -4  4  3 -3 -1 -1 -3  2 -2 -3 -3 -1  0 -3  0 -1 0 0 1 1 0.02
 0  1 -2 -2 -4  4 -1 -3 -2  0 -3  5 -2 -4  0  0  0 -4 -3 -2 0 0 1 1 0.02
 4 -3 -2 -2 -2 -2 -2  2 -3 -3 -3 -2 -2 -4  2  2  2 -4 -3 -2 0 1 0 0 0.02
-1  1  1 -1 -3  2  1 -2  2 -2 -3  1 -2 -2  0  1  2 -3  1 -1 0 1 0 1 0.01
-2 -4 -4 -5 -2 -4 -4 -5 -5  4  1 -4  2 -2 -4 -3 -2 -4 -3  5 0 1 0 0 0.01
-2 -1  3  2 -4  0  4  0  1 -4 -4  1 -3 -4 -3  0 -2 -4 -3 -1 0 1 0 0 0.01
-2 -4 -4 -4 -2 -3 -4 -4 -3  4  1 -3  1  2 -4 -2  1 -3  1  3 0 1 0 0 0.01
-3 -3 -4 -5 -3 -3 -4 -5  2  3  0 -3  1  2 -4 -3 -3 -1  7  1 0 1 0 0 0.01
 0 -2 -2 -2  2 -2 -2  2 -2  1 -1  0 -1 -2 -2  1 -1  4 -2  0 0 1 0 0 0.02
-1 -2  2  1 -2 -1 -1 -2 -1  1 -1  0 -1  0 -2  1  1 -2  1  1 0 1 0 0 0.02
-2 -2  0 -3 -2  0 -1 -1 -2  2  1 -2  2  3  0 -2  0 -2  0  1 0 1 0 0 0.03
 0  2 -1  0 -3  0  0 -1 -2  0 -2  3 -2 -3  0  2  0 -4 -3 -2 0 0 1 1 0.04
 0 -2  3 -1 -3 -2 -2  4 -2 -4 -4 -2 -3 -3  0  2  0 -3 -3 -3 0 0 1 1 0.05
 0 -2 -1 -2 -2 -2 -1 -3 -3  1  2 -1  2  0  2 -1  1 -3 -2  0 0 0 1 1 0.07
 1 -3 -2 -2 -3 -2 -2  4 -2 -3  0 -2 -2  0 -3  2  0 -3  0 -2 0 0 1 1 0.08
-2 -3 -4 -4 -3 -3 -1 -4 -3  4  2 -3  5 -1 -4 -3  1 -2  2  0 1 0 0 1 0.09
 1  2  0 -2 -2 -1 -1  1 -1 -1 -2  2  1 -2 -2  1  0 -2  2  0 1 0 0 1 0.12
 0 -1 -1  1 -3  0  4  0 -2 -4 -4  2 -3 -4 -2  1  1 -4 -3 -3 1 0 0 1 0.13
 1 -2  0 -2 -2 -1  0 -2 -2  1  0 -2 -1 -3 -2  3  2 -4 -3 -1 1 0 0 1 0.17
 0 -3 -3 -3 -2 -3 -3 -3 -4  3  1 -3  0 -2 -3  1  1 -4 -2  3 1 0 0 1 0.19
 0 -2 -1  0 -2 -2 -2  0 -3 -1  1 -2  2 -2 -3  4  0 -4 -3  1 1 0 0 0 0.16
-1 -2 -1 -1 -3  2  3 -3  1 -1  0 -1 -2 -2 -2  2  2 -3  0 -2 1 0 0 0 0.13
 2 -2  0 -1 -2  0  1  3 -2 -4 -4 -1 -3 -4  0  3 -1 -4 -3 -3 1 0 0 1 0.11
 0  3  0 -2 -2  1  0 -3 -2  1 -1  1  0 -2 -2  0  0 -3 -2  2 1 0 0 1 0.10
 0 -3 -3 -3 -2 -3 -1 -4 -4  4  1 -3  0 -2 -3 -2  1 -4 -2  3 1 0 0 0 0.08
-2 -1  5  1 -3 -1  1 -2 -1 -3 -2  0 -2  0 -3  2  0 -4 -2 -3 1 0 0 1 0.07
 3  1  2 -2 -2  2 -1  1 -2 -2 -3 -1 -2 -3 -2  1 -1 -3 -3  0 1 0 0 1 0.06
-1 -3 -3 -3 -2 -1 -3 -3 -3  2  2 -3  0  2 -3  0 -1 -2  1  2 1 0 0 0 0.05
 1 -2 -1 -3 -2 -2 -1 -3 -3  3  2 -2  0 -1 -3 -1  1 -3 -2  2 1 0 0 0 0.04
 0  1  2  1 -3  2  3  0 -1 -3 -3  1 -2 -4 -2  1  1 -4 -3 -3 1 0 0 1 0.04
-1  0  0 -2 -2  1  0 -2 -2  1  0  0 -1 -1  0  1  1 -2  0  2 1 0 0 1 0.03
-1 -3 -4 -4  2 -3 -3 -4 -3  4  3 -3  2  0 -3 -3 -2 -2  2  2 1 0 0 0 0.03
 0  0  5 -1 -3 -1  0  2 -2 -4 -4  0 -3 -4 -3  3 -1 -4 -3 -3 1 0 0 0 0.03
-1  1  0  1 -3  1  3 -2 -1  0 -2  3 -2  0 -2 -1 -1 -3 -2 -1 1 0 0 1 0.03
-1  0  1  0 -3  4  3 -1 -1 -3 -3  2 -2 -2 -2 -1  0 -2  2 -3 0 0 1 1 0.03
 0 -3 -3 -3 -2 -3 -3 -1 -3  4  2 -3  2  1 -3 -2  0 -3 -1  2 0 0 1 0 0.03
 3 -2 -1 -2 -2  1  0 -1 -2 -2 -1  0 -1 -3 -2  2  2 -3 -2  0 1 0 0 1 0.04
 0  2  0 -2 -2  2 -1 -2 -1  1 -1  2 -1 -2 -2  1  0 -3  0  0 1 0 0 1 0.04
-1  0  0 -2 -2  1 -2 -1 -2  2  2 -2  2  0 -3  0 -1 -2 -2  0 1 0 0 1 0.05
-1  2 -2 -2 -3 -1 -1 -1 -2  1  1  3  1 -2 -2 -1  0 -3 -2  0 1 0 0 0 0.06
 2 -2 -3 -3 -2 -2 -2 -2 -3  2  2 -2  3 -1 -2 -1  0 -3 -2  1 0 0 1 1 0.06
 0  1  3 -1 -3  2  0  3  1 -3 -3  2 -2 -3 -2  0  0 -3 -2 -3 0 0 1 1 0.07
-1  1  3  1 -3  2  2 -1 -1 -2 -2  1 -2  0 -2  0 -1 -3 -2 -1 0 0 1 1 0.07
 0  0  0 -2 -2 -1 -1 -1 -2 -1  0 -1 -1  1  2  0  2 -3 -1  1 0 0 1 1 0.07
-1  0  2 -1 -3  1  0  3 -1  0 -2  1 -2 -3  1  0  1 -3 -3 -1 0 0 1 1 0.07
-2  1  5  2 -3  2 -1  0 -1 -4 -4  0 -3 -4 -3  1  2 -4 -3 -3 0 0 1 0 0.06
 0  1 -2  0 -3 -2 -2  0 -2 -3 -3 -2 -3 -3  6  0  2 -3  1 -3 0 0 1 1 0.06
 0 -1  1  2 -4  4  3 -1 -1 -4 -3  0 -2 -4  1 -1  0 -4 -3 -3 1 0 0 1 0.05
 3 -3 -2 -1 -2 -2 -2  0 -2  0  0 -2  1  3 -3  0 -1 -2  2  0 1 0 0 0 0.04
 0 -3 -3 -3 -2 -2 -1 -1 -3  4  1 -2  2 -1 -3 -1  0 -3 -2  2 1 0 0 1 0.04
 0 -2 -3 -3 -2 -2 -3 -1 -3  0  3 -1  0  1 -3  0  1 -2 -1  1 0 0 1 1 0.03
-1  2  3  2 -3  2  0 -2  4 -3 -3  0 -2 -3 -2  2  0 -4 -2 -3 0 0 1 1 0.03
-3 -3 -4 -3 -5 -3 -3 -4 -4 -5 -5  0 -4 -5  8 -2 -3 -6 -5 -4 0 0 1 0 0.02
-2 -4 -4 -4 -2 -4 -4 -5 -4  6  2 -4  0  0 -4 -4 -2 -3 -2  2 0 1 0 0 0.02
-1  1  1  3 -4  1  3 -2 -1 -2 -3  1 -2 -4 -2 -1  0 -4 -3 -2 0 1 0 1 0.02
 1 -2 -1 -2 -2  0 -2  0 -1  1 -1  0  1 -1  0  1  1 -2  2  1 0 1 0 1 0.02
-2  1 -2 -1 -4  0  5 -3 -2  0 -2  3 -2 -3 -2 -1 -2 -4 -3  1 0 1 0 0 0.02
 1 -1  0  2 -3  3  1  1  1 -3 -3 -1 -2 -3  0  2  0 -3  0 -3 0 1 0 0 0.02
 0  0  1 -2 -2 -1 -2 -3  2  1 -1  0 -1  1 -3 -1  0 -1  4  1 0 1 0 0 0.02
 0 -2 -1  0 -2 -1 -1  0 -2 -1 -2  0 -2 -3 -2  3  3 -4 -3  1 0 1 0 0 0.02
-2 -3 -3 -4 -2  0 -3 -4 -1  3  1 -3  0  2 -4 -3 -2 -1  5  2 0 1 0 0 0.02
-2 -3 -4 -4 -2 -3 -4 -4 -3  4  3 -4  0  4 -4 -3 -2 -2  1  1 0 1 0 0 0.02
 0  3  0 -1 -3  4  1  0 -1 -3 -3  3  0 -4 -2 -1 -1 -3 -3 -3 0 0 1 1 0.02
 0 -3  0  4 -3 -2 -1  4 -2 -4 -4 -2 -3 -4 -3  0 -2 -4 -4 -4 0 0 1 1 0.02
-1  4  0 -1 -4  2  1  1 -1 -4 -3  3 -2 -4 -2  0 -2 -4 -3 -3 0 1 0 1 0.02
-1  0 -3 -3 -2 -3 -3 -4 -3  3  1 -2  0  3 -3 -2  1 -2 -1  2 0 1 0 1 0.03
 1 -3 -3 -3 -2 -2 -3 -3 -2  2  1 -2  0  2  1 -2 -1 -2  2  3 0 1 0 1 0.04
 0 -1  1  1 -2  1  3 -1  1 -2 -2  0 -2 -2  0  2  1 -2 -2 -2 0 0 1 1 0.05
-1 -1  4  1 -3 -1 -1  1 -1 -2 -2  1 -2  2 -2  0  0 -2 -1 -2 0 0 1 1 0.05
 0 -1 -2 -3 -1 -2 -2 -2  0  1  2 -2  1 -1 -2 -1  2 -2 -1  2 0 0 1 1 0.08
 1 -2  0  0 -2  0 -1 -2 -2  1 -2 -1 -2 -3  3  3  0 -3 -2 -1 0 0 1 0 0.10
-2 -4 -3 -3 -4 -3 -3 -4 -4  0 -3 -2 -3 -4  8  0 -2 -5 -4 -3 1 0 0 0 0.10
 1 -2  3  0 -2 -1  0  1 -1 -3 -3 -1 -2 -3 -2  4  1 -4 -3 -2 1 0 0 1 0.15
 1 -2 -2  1 -2  1  0 -2 -2  1  0 -2  3 -2 -2 -1 -1 -3 -2  2 1 0 0 1 0.18
-2 -3 -4 -4 -2 -3 -4 -4 -4  3  3 -3  1  1 -4 -3 -1 -3 -1  3 1 0 0 0 0.25
 0 -2 -2 -3 -2 -2 -2 -2 -2  1  1 -2  6 -2 -3  3 -1 -3 -2  0 1 0 0 0 0.27
-1 -2  4 -1 -3  0 -2  4 -1 -3  0 -2 -2 -3 -3  1 -1 -4 -3 -3 1 0 0 1 0.24
-1 -3 -3 -3 -2 -3 -3 -3 -3  4  1 -3  0  1 -3  0  1 -3 -1  3 1 0 0 1 0.28
-1 -3 -3 -4 -2 -3 -3 -4 -3  3  3 -3  1  3 -3 -1 -1 -2  0  1 1 0 0 1 0.22
 3 -2 -2 -2 -2 -1 -2 -1 -1 -2 -2 -1 -2  0 -2  2  0 -1  4 -1 0 0 1 1 0.35
 1 -2  0 -1 -2 -1 -1 -1 -2 -3 -3 -1 -2 -3 -2  5  2 -4 -2 -2 0 0 1 1 0.44
-2  0 -1 -1 -4  7  1 -3  0 -4 -3  0 -1 -4 -2 -1 -2 -3 -2 -3 0 0 1 1 0.59
 3 -1  3 -1 -1 -1 -1 -1 -1 -3 -3 -1 -2 -3 -1  4  0 -3 -2 -2 0 0 1 1 0.65
