-1  2  0 -1 -3  1  1 -2 -1 -3 -3  5 -2 -3 -1  0 -1 -3 -2 -3 0 0 1 1 0.86
-1 -2 -1  1 -2 -1  1 -3 -2  1  1 -1  0 -1 -2 -1  1 -3 -2  3 0 0 1 1 0.85
-1  0  0  0 -3  4  4 -2 -1 -3 -3  1 -2 -3 -2  1  1 -3 -2 -2 0 0 1 1 0.85
 0  1 -1  0 -4  5  4 -3 -1 -4 -3  0  0 -4 -2 -1 -2 -3 -3 -3 0 0 1 1 0.79
 1  0 -1 -1 -3  1  3  0 -1 -3 -3  1 -2 -4  3  1 -1 -3 -3 -2 0 0 1 1 0.75
 1  0 -2 -3 -2 -2 -1 -1 -2  1  2 -1  0 -1 -3 -1 -1 -2  0  2 0 0 1 1 0.71
 0  2 -1  2 -3  3  2 -2  3 -3 -3  2 -2 -4 -2  0  0 -4 -2 -3 0 0 1 1 0.70
 0  0 -2 -2 -2  2  0 -3 -2 -1  2 -1  0 -2  3  0  1 -3 -2  0 0 0 1 1 0.83
-1  0 -2 -1 -4  3  5 -2  1 -4 -4  2 -3 -4  2 -1 -2 -4  0 -4 0 0 1 1 0.87
-2 -1 -2 -1 -3  0  0 -3  0  0  2 -2  1 -1  5 -1 -1 -3 -2 -1 0 0 1 1 0.89
-2  2 -1  0 -4  3  3 -3 -1 -3 -2  2 -2  0  0 -1 -2  1 -1 -2 0 0 1 1 0.88
 0  0 -3 -1 -4 -2 -1 -3 -3 -4 -2 -1 -3 -4  7 -1 -1 -5 -4 -3 0 0 1 1 0.84
-1 -1 -1 -1 -4  4  3 -2  0 -3 -1 -1 -2  0 -1 -2 -2 -3  3 -1 1 0 0 1 0.82
-1 -2 -3 -1 -3  0 -2  0 -2  0  3 -1  0 -1 -3 -1  0  1  2  1 1 0 0 0 0.80
-1  2 -1  2 -3  2  2 -3  3 -3 -2 -1  0 -3  0  0  2 -4 -2 -2 1 0 0 1 0.70
-1 -1  0  4 -4  4  3 -2 -2 -4 -3  1 -3 -5 -1 -2 -2 -4 -4 -1 1 0 0 1 0.68
-1  1 -1  0 -4  4  3 -1 -1 -2  1 -1 -1 -2  1  0 -1 -4 -3 -2 1 0 0 1 0.58
 0 -1 -2 -1 -2  1 -1 -3 -1  0  2  0  1  0 -1  0  2  0 -1  0 1 0 0 0 0.52
-1  2  0  3 -3  1  1  1  0 -2 -1  1 -1 -1 -1 -1  0 -3 -1 -2 1 0 0 1 0.36
 3 -1 -3 -3 -3  0  0 -2 -3 -3 -2  1 -3 -2 -1 -1  0  8 -2 -2 1 0 0 1 0.32
-2  0  0  1 -4  6  2 -3  0 -4 -3  1 -1 -4 -2 -1  0  0 -3 -3 1 0 0 1 0.32
 1 -2 -1 -2 -2  0  0 -1 -1  0  0 -2  1  0  3  1  1 -3 -2  0 0 0 1 1 0.33
-1 -1  1  2 -3  2  1  1 -1 -3 -3  1 -1 -4  2  1  1 -4 -3 -3 0 0 1 1 0.34
-1  0  0 -1 -3  4  2 -3 -2 -2 -3  1 -2 -4 -1  2  2 -4 -3  0 0 0 1 1 0.28
-2  3  1  0 -4  3  0 -3  1 -3 -1  1 -2 -3  3  0 -1 -3  0 -2 1 0 0 1 0.26
 2 -4 -4 -4 -1 -2 -2 -4 -4 -1  3 -3  0 -2 -3 -2 -1  8 -2  0 1 0 0 0 0.20
-3 -3 -2  4 -5  2  6 -4 -3 -5 -3 -1 -4 -5 -3 -2 -1 -5 -4 -4 1 0 0 1 0.17
-2  0  0  1 -4  4  3 -2  2 -2  0  0  0 -3 -1 -1 -1 -4 -3  0 1 0 0 1 0.15
 2 -3 -2 -3 -2 -2 -2 -2 -3  0  1 -3  2  0 -2  0  1 -3 -2  3 1 0 0 0 0.10
 0  3 -2 -3 -3  0 -1 -3  0  0  1  3  0 -3 -2 -1 -1 -4 -3  1 1 0 0 0 0.09
 0  0  2  5 -4  0  1  0  0 -4 -3  0 -3 -4 -3  0  0 -5 -4 -3 1 0 0 1 0.08
 1  3 -1 -2 -3  2  0  0 -1 -1 -2  1 -1 -1 -3  0 -1 -3 -2  0 1 0 0 1 0.09
-1 -5 -5 -5 -4 -5 -5 -3 -4  1  2 -5  2  7 -5 -4 -2 -2  1  1 1 0 0 0 0.09
-2  0 -3 -3 -5  2 -1 -3 -5 -2 -4 -1 -2 -3 -5 -2  2 10 -2 -5 1 0 0 0 0.07
-3 -2  0  6 -5  1  1 -2 -3 -3 -2 -1 -2 -5  1 -1 -2 -5 -4  0 1 0 0 1 0.09
-5 -1 -5 -6 -6 -4 -5 -6  2 -4 -2 -3 -4  1 -6 -4 -3 -2  9 -2 1 0 0 0 0.18
-1 -1 -4 -5 -3 -4 -4 -4 -4  1  2 -2  2  5 -4 -2 -1 -3 -1  3 1 0 0 0 0.18
 0  1  1  2 -3  1  0 -1 -1 -3 -3 -1 -3 -2 -3  3  2 -4 -2 -2 1 0 0 1 0.14
-1  1 -2  1 -5  5  1 -3  1 -4 -3  2 -3 -2 -2 -2 -2  4 -3 -3 1 0 0 1 0.16
 1 -1 -2 -2 -2 -2 -3 -3 -3  1  2 -2  2  1 -3  0 -1 -3 -1  2 1 0 0 0 0.18
-1 -1  1 -1 -4  3  0  0 -2 -2 -4  3 -3 -2 -3  2  2 -4 -3 -2 1 0 0 0 0.15
 0  1  1  2 -3  2  1  0 -2 -3 -2  0 -3 -4  0  2  2  1 -3 -2 1 0 0 1 0.15
-1  0  1  1 -3  0  0  0 -1 -2  0  1  0 -3 -2  1  2 -1 -1 -1 0 0 1 0 0.18
 3 -1 -1 -1 -3 -2 -1  0 -3 -1 -1  1 -2 -2 -2  1  0  3 -3 -1 0 0 1 1 0.20
-2  1  1  4 -5  1  2  1 -1 -2 -3  3 -3 -4 -3 -1 -2 -5 -2 -4 1 0 0 1 0.22
-2  1  0  3 -4  2  3  1 -1 -4 -4  1 -1 -5 -1 -1 -1 -4 -4 -3 1 0 0 1 0.23
 2 -1  0 -2 -1 -2 -2 -2  0  0  1 -1  1 -1 -2  0  1 -3  1  2 1 0 0 0 0.23
-1 -1 -2 -3 -3  2  0 -2  2  0  1 -1  2 -2 -3 -1 -1 -4 -2  3 1 0 0 0 0.17
-1  0  0  2 -4  3  3  0  0 -4 -4  2  0 -4 -3  1 -1 -4 -3 -3 1 0 0 1 0.19
-2  1  1  0 -4  4  3 -3  2 -3 -2  0  1 -3 -2  0  0  0 -1 -2 1 0 0 0 0.21
-2 -3 -3 -1 -3  0 -1 -4 -3  3  3 -1  0  2  0 -2 -2 -3  0  1 1 0 0 0 0.18
-1  2  0  1 -3  3  1 -2  2 -2  0  1 -2 -3 -2 -1  0 -3 -1 -1 1 0 0 1 0.15
 1  0  1  0 -3  2  0 -1  1 -2 -2  2  0 -2  0  1  1  1 -2 -2 0 0 1 1 0.16
 1  0  0 -1 -3  2  0 -1  1 -3 -3  0 -3 -4 -1  4  2 -4 -3 -3 0 0 1 1 0.17
 0  0  0  2 -4  3  3 -3 -2 -3 -2  2  0 -4  1  0  0 -4 -3 -2 1 0 0 1 0.16
-1 -2 -3 -3 -2 -1 -1 -4  0  1  3 -1  2  0 -1 -1 -2 -2  2  1 1 0 0 0 0.15
 1  1  0 -1 -2  0  0  2 -2 -1 -2  0 -2 -3  0  1  2 -3 -2 -1 1 0 0 0 0.13
 0  2  0  0 -3  4  2 -1  0 -3 -2  2 -2 -3 -2 -1  0  2 -2 -3 1 0 0 1 0.13
-2  1  0  2 -4  3  3 -3  1 -3 -2  2 -2 -1 -2 -1  0 -3 -2 -1 1 0 0 1 0.15
-2 -2 -3 -1 -2 -2  0 -4 -3  2  3 -1  2  1  0 -2 -2 -2  0  2 1 0 0 0 0.13
 0  1  3  1 -3  1  1 -1  2 -3 -2  1 -2 -3  0  1  0 -3 -1 -2 1 0 0 1 0.11
 1 -1  0  0 -3 -1  0 -2 -3 -2  0  0 -1 -3  2  0  3 -4 -3  0 1 0 0 1 0.12
-2  2 -1 -2 -3 -1 -2 -4  0  0  3  1  1  0 -2 -1 -1 -3  0  0 1 0 0 0 0.11
-1 -2 -3 -4 -3 -2 -3 -3 -3  3  2 -1  2  2 -3 -1 -1 -2  1  1 1 0 0 0 0.08
 0 -1 -1  1 -4  3  2 -3  0 -3 -1  2 -3 -4 -1  2  2 -4 -3 -2 1 0 0 1 0.06
-2 -1 -1  5 -5  2  3 -1 -3 -5 -4 -1 -4 -5  0  1  0 -5 -4 -4 1 0 0 1 0.06
-1  0  2  0 -3 -1 -2 -1  0 -1  0  0  0  0 -3  2  1 -3  1 -1 1 0 0 0 0.07
 0  0 -2 -3 -2  0 -1 -3 -1  2  2 -1  3 -1 -2 -2  0  4 -2  1 1 0 0 0 0.07
-1  0  1  4 -4  1  2  1 -2 -4 -3  1 -2 -3 -3  0  0 -4 -1 -4 1 0 0 1 0.07
-1  0  1  2 -3  2  3 -2 -2 -3 -1  1  0 -4 -3  1  1 -4 -3 -1 1 0 0 0 0.08
 1 -2 -2 -1 -3 -2 -3 -2 -2  1  3 -3  2  0 -3  0  0  0 -2  2 1 0 0 0 0.09
 0  0  3  0 -3  2  0  0  0 -3 -1  2 -3 -2 -3  2  1 -4 -1 -3 1 0 0 1 0.09
 1  0  1 -1 -3  2  0 -2 -2 -2  0  1  1 -3  0  2  2 -4 -1 -1 1 0 0 1 0.09
-2 -2  1 -1 -4  1  0 -3  2 -2 -2 -1  0  1 -4 -2  0 -2  7 -1 1 0 0 0 0.10
 1  1  0 -1 -2 -1 -2 -1  0  0  0  0  3  0 -3 -1  1  0 -2  1 1 0 0 0 0.11
 0  0  1  3 -3  1  2 -1  0 -2 -2  1 -2 -2 -2  0  0 -3 -1 -1 1 0 0 1 0.16
 1 -1  1  3 -3  0  3 -2 -2 -2 -3  2 -1 -1 -1  0  0 -4 -3 -2 1 0 0 1 0.17
-2 -4 -4 -1 -3 -2 -4 -2 -1  1  4 -4  2  2 -4 -4 -1 -3  0  0 1 0 0 0 0.12
-3  3 -1 -1 -4  5  1 -4  2 -3  0  1 -1 -4 -4  0 -2 -2 -1 -4 0 0 1 1 0.10
 0 -1  0  1 -4  0  4 -1 -3 -3 -4  2 -3 -4 -3  0  2 -4 -4 -1 0 0 1 1 0.08
-2  1 -2 -1 -5  5 -1 -4 -1 -5 -5  5 -4 -3 -4  0  0 -5 -4 -2 0 0 1 1 0.07
-2 -4 -5 -5 -2 -2 -3 -5 -2  2  4 -3  2  0 -5 -4 -2 -4 -2  2 0 0 1 1 0.07
 1  0  1  0 -3  0  0  3 -2 -1 -2 -1 -2 -3  0  1  1 -4 -3 -1 0 0 1 1 0.06
-1 -3 -5 -5 -6 -1 -3 -5 -5 -6 -4 -1 -5 -7  8 -1 -2 -7 -6 -2 0 0 1 1 0.06
-1 -2 -2 -4 -2 -1 -3 -3  1  1  2 -2  3  3 -4 -2 -1 -2  4  1 0 0 1 1 0.06
 3 -1 -1 -2 -3 -3 -3 -2 -2 -2 -2 -2  1  0 -3  2  3 -4  0  0 0 0 1 1 0.05
-2  0  0  2 -4  3  4  0 -1 -3 -4  1 -1 -5 -3  0  0 -4 -4 -2 0 0 1 1 0.05
-2 -2 -1  3 -5  3  5 -1 -3 -5 -5 -1 -3 -5 -1  0 -1 -5 -4 -5 1 0 0 1 0.05
 0 -2 -3 -4 -3 -3 -3 -1 -1  1  3 -3  2  2 -2 -1  0 -3  0  1 1 0 0 1 0.05
 0  4 -1 -2 -4  2 -1 -2  3 -1 -2  1  1 -3  0 -1 -1  3  0 -1 1 0 0 0 0.04
 1  0  0  2 -1  1  2  1 -1 -3 -2  0 -3 -4  0  0  2 -4 -3 -2 1 0 0 1 0.04
-2  4  0 -2 -2  3  0 -2 -1 -4 -2  3  0 -4 -1 -1  0 -4 -2 -2 1 0 0 1 0.04
-3 -4 -5 -5 -3 -4 -5 -5 -1  3  4 -4  1  2 -1 -4 -2  1  0  2 1 0 0 0 0.03
 1  1  0 -1 -3 -1  1  0 -1 -2 -2 -1  0 -1  1  1  2 -4 -1 -1 1 0 0 0 0.03
-1  1 -2  0 -4  3  2 -2  0 -4 -2  4 -1 -5  2 -1  0 -5 -4 -2 1 0 0 1 0.03
 0 -1  1  4 -4  0  3 -2  2 -2 -2 -1 -3 -1 -3 -2  0 -4  0 -1 1 0 0 1 0.03
 1 -3 -2 -3 -2 -1 -1 -3 -3  0  1 -2  2 -1  1  1  3 -3 -2  1 1 0 0 0 0.03
 1 -2 -2  2 -4  4  4 -2 -2 -4 -4  0 -3 -5 -3  0 -1 -5 -4 -1 1 0 0 1 0.03
 1  1 -1  2 -3  1  2  0  0 -2 -1  1  0 -3 -1  0 -1  1 -2 -1 1 0 0 1 0.03
 0 -2 -4 -5 -3 -3 -4 -5 -4  1  4 -4  4  1 -4 -3 -1 -3  1  1 1 0 0 0 0.03
-1  5 -1 -3 -5  4  0 -1  0 -3 -2  3 -3 -3 -4 -1 -2  1 -4 -3 1 0 0 0 0.03
 1  0  1  1 -1  2  2  0 -1 -2 -3  0 -3 -4 -1  0  1 -4 -3 -1 1 0 0 1 0.03
-2  4 -1 -2 -2  3  2 -2 -2 -3 -2  3 -1 -4 -3  0 -1 -4 -4 -2 1 0 0 1 0.02
-3 -4 -5 -5 -3  0 -4 -3 -1  3  4 -4  2  0 -5 -4 -2  2 -3  1 1 0 0 0 0.02
 0  3  0 -1 -2  3  2  1  0 -3 -3  0  0 -4 -2  0  1 -4 -3 -3 1 0 0 0 0.02
 0  2 -2 -1 -4  3  1 -2 -2 -4 -3  3 -3 -4  2  0  0 -4 -3 -3 1 0 0 1 0.02
-3 -3  1  5 -5  0  4 -3  3 -2 -5 -2 -2 -3 -4 -2 -1 -5  1 -4 1 0 0 0 0.02
-1 -3 -5 -5 -3 -3 -2 -5 -4  2  4 -4  6 -2 -4 -2 -2  1 -3  0 1 0 0 0 0.02
 0 -2  0  2 -4  1  5 -3 -3 -3 -2 -1 -3 -5 -3  1  0 -5 -4 -2 1 0 0 1 0.02
 0 -3  0  4 -5  0  5 -3 -1 -3 -4 -1 -4 -5 -1 -1  0 -5 -4 -3 1 0 0 1 0.02
 1 -4 -5 -5 -3 -4 -4 -4 -4  0  3 -4  1 -1 -4 -3  0 -4 -1  4 1 0 0 0 0.03
-3  6 -1 -2 -1  2 -2 -3 -2 -5 -4  4 -4 -5 -4 -1 -2 -5 -4 -3 1 0 0 0 0.03
 2  0  1  0  0  1  2  0 -2 -3 -3  0 -2 -4 -2  1  1 -4 -3 -1 1 0 0 1 0.03
-1  5  0 -1 -5  2  0 -3 -2 -4 -4  4 -3 -5 -3  0 -1 -4 -2 -3 1 0 0 0 0.03
-2 -4 -4 -5 -3 -4 -4 -3 -4  2  4 -4  3 -1 -4 -1 -2 -4 -3  2 1 0 0 0 0.03
 1 -1 -2  0 -3  3  3 -2 -2 -2 -1  0  1 -3 -1  1  1 -4 -1 -1 1 0 0 1 0.04
-3 -1 -4 -2 -6  3  1 -5 -2 -5 -4 -1 -5 -6  7 -3 -1 -6 -5 -4 1 0 0 1 0.04
-2 -1 -1 -2 -5  0 -3 -4  3 -2 -3  0 -1  1 -2 -2 -4 -2  7 -1 1 0 0 0 0.04
 2  1 -3 -3 -3 -1 -2 -2  0  0  2 -1  2 -2  0  0  0 -4 -3  1 1 0 0 0 0.04
 1 -2  0  3 -1  1  4  0 -2 -4 -3 -1 -3 -5 -3  1 -1 -5 -4 -3 1 0 0 1 0.04
-1 -3  0  2 -5  2  6 -4  2 -4 -5  0 -4 -5 -2 -1 -2 -5 -4 -5 1 0 0 1 0.04
-1 -4 -5 -5 -3 -4 -4 -5 -4  2  3 -3  2  3 -1 -4 -2 -1 -1  3 1 0 0 0 0.04
-2  3  0 -3 -2  4 -1 -3  4 -4 -4  3 -3 -4 -3  1 -1 -4 -1 -1 1 0 0 1 0.04
 3 -1 -1  0 -3  2  2 -1  0 -3 -3  1 -2 -4 -3  0  1 -4 -3 -2 1 0 0 1 0.03
-1  1  0 -1 -2  3 -1 -4  1 -2 -1  4  4 -3 -2 -2  0 -1 -2  0 0 0 1 1 0.03
-1 -4 -5 -5 -3 -4 -5 -4 -1  4  3 -4  4  1 -5 -4 -3  5 -2  3 0 0 1 1 0.04
 0 -2  1  1 -4  3  2  3  0 -3 -3 -1 -3 -4 -1  0  0 -4 -4 -4 0 0 1 1 0.03
-1  1 -1  0 -4  5  2 -3  1 -4 -4  2 -2 -4  2 -2 -2  3 -3 -3 0 0 1 1 0.03
 0  1  5  0 -4  1  1 -3  3 -3 -3  0 -3 -2 -3  0 -1 -4  1 -4 0 0 1 1 0.03
 1 -3 -3 -4 -2 -2 -3 -3 -3  1  1 -2  3 -1 -3  0  1  1 -2  3 0 0 1 0 0.03
 0  0  0  3 -5  3  5 -1 -1 -5 -5 -1 -4 -5 -3 -2 -3 -5 -4 -4 1 0 0 1 0.02
-1  0  0  2 -5  1  5 -1  0 -3 -3  0 -4 -5 -2  0 -1 -5 -4 -3 1 0 0 1 0.02
-3 -4 -5 -6 -4 -4 -5 -6 -4  0  4 -5  2  0 -5 -4 -1 -3  4  2 1 0 0 0 0.02
-3  6 -1 -4 -6  4 -1 -5 -1 -6 -5  4 -4 -6 -4 -2 -4 -5 -2 -5 1 0 0 0 0.02
 1  0  0 -1 -1  4  2  0  0 -4 -3  0 -1 -4 -2  1  0 -4 -2 -1 1 0 0 1 0.02
 0  4 -1  0 -2  3  0 -3  2 -4 -3  3 -2 -2 -4 -2 -1  1 -2 -3 1 0 0 1 0.02
-2 -5 -5 -6 -4 -4 -5 -6 -5  1  5 -5  3  1 -5 -4 -2 -4 -3  2 1 0 0 0 0.02
 2 -1  0 -1 -3  0  2  1 -2 -2 -2  1  0 -3 -1  1  2 -4 -3 -1 1 0 0 0 0.02
-1 -2 -4 -4 -5 -2 -1 -2 -5 -4 -5 -2 -2 -6  7  1  1 -3 -5 -5 1 0 0 1 0.02
-2 -2 -4 -5 -4 -1 -2 -4  4  1  2 -3 -1  2 -5 -4 -2 -2  7 -1 1 0 0 1 0.02
 2  0 -2 -2 -3 -3 -3 -1 -3  1  1 -2  1 -1 -3  0  3 -4 -1  1 1 0 0 0 0.02
-1  3  0  2 -4  2  4 -2  0 -3 -4  0 -2 -4 -3  0  0 -4 -3 -2 1 0 0 1 0.02
 0 -1  0  1 -5  2  5 -2 -3 -3 -5  3 -4 -5 -1  0 -1 -5 -4 -4 1 0 0 1 0.02
-3 -5 -6 -6 -4 -5 -5 -6 -4  0  5 -5  3  1 -5 -5 -4 -1  2  0 1 0 0 0 0.03
-2  5 -2 -1 -5  3 -1 -3  1 -4 -3  4  1 -5 -3 -1 -3 -5 -2 -3 1 0 0 0 0.03
 1  0  0  1 -4  0  3 -1 -1 -3 -4  3 -3 -4 -1  1  2 -4 -3 -2 1 0 0 1 0.03
-2  4 -1 -2 -5  4  0  0 -1 -3 -3  3 -2 -5 -3  0  0 -5 -4 -3 1 0 0 1 0.04
 1 -3 -2 -5 -3 -3 -4 -4  1  2  3 -4  2 -1 -4 -3 -1  0  0  2 1 0 0 0 0.04
 0  1  2  1 -3  1  1 -1  0 -2  0  0  0 -3 -1  1  1 -4 -3 -1 1 0 0 1 0.04
 0  2 -2 -1 -4  4  1 -2 -1 -4 -1  3 -3 -4  2  0  1 -1 -3 -3 1 0 0 1 0.04
-2  1  3  3 -4  1  0 -1  1 -3  0  2 -3 -2 -3  0 -1 -4  1 -3 1 0 0 0 0.04
 2 -3 -3 -4 -3 -3 -3 -2 -4  0  1 -3  2 -1 -3  1  2 -2 -2  2 1 0 0 0 0.04
-1  0 -2  1 -6  4  5 -3 -1 -5 -4  0 -2 -6 -4 -1 -2 -5 -4 -5 1 0 0 1 0.03
-1 -2 -1  4 -5  2  5 -3 -1 -5 -4 -1 -4 -6 -2 -1 -1 -5 -5 -3 1 0 0 1 0.03
-4 -5 -6 -6 -4 -5 -5 -6 -5  3  5 -5  3  1 -5 -5 -2 -4 -1  0 1 0 0 0 0.03
-4  5 -2 -4  2  5 -2 -5  3 -5 -5  3 -4 -6 -4 -2 -2 -5 -4 -5 1 0 0 1 0.03
 1  2  0  0 -3  2  2  0 -1 -2 -2  1 -2 -4 -3  0  1 -4 -3 -1 1 0 0 1 0.03
-1  3 -1 -3 -4  5 -1 -3  1 -4 -4  3 -1 -5 -3  1  1 -4 -2 -3 1 0 0 1 0.05
-4 -5 -6 -6 -4 -4 -5 -6 -5  1  5 -5  4 -1 -5 -5 -3  0 -3  2 1 0 0 0 0.03
 3 -1 -2 -1 -1 -1  2 -1 -3 -2 -3  0 -1 -4 -1  2  3 -4 -3 -1 1 0 0 1 0.04
-3 -3 -3 -2 -2 -3 -3 -4 -5 -3 -2 -4 -4 -5  7 -2  2 -6 -5  1 1 0 0 1 0.06
-4 -4 -5 -6 -5 -4 -5 -6  4 -4 -2 -5 -4  2 -6 -4 -4 -1  9 -2 0 0 1 0 0.12
 2  0 -2 -2 -2  2 -1  3 -2 -2 -1  0  1 -3 -1  0  0 -3 -3 -2 0 0 1 1 0.21
 3 -2 -2 -1 -2  1  2  3 -2 -3 -3  0 -2 -4 -2  0  0 -3 -3 -1 0 0 1 1 0.36
-1 -3 -1 -2 -4 -3 -3  7 -3 -5 -5 -3 -4 -4 -3 -1 -3 -4 -4 -4 0 0 1 1 0.44
