-1 -2  3  5 -3  0  1 -1 -1 -3 -4 -1 -3 -4 -2  1 -1 -4 -3 -3 0 0 1 1 0.67
 1 -2 -2 -3 -1 -2 -2 -2 -3  3  0 -2  0 -1 -2  0  2 -3 -2  3 1 0 0 1 0.52
 2 -2 -1 -2 -1 -1 -1 -1 -2 -1 -2 -1 -1 -3 -1  1  5 -3 -2  0 1 0 0 1 0.39
 1 -1  3  0 -2 -1 -1 -1 -1 -2 -2 -1 -2 -3 -2  2  3 -3 -2 -1 1 0 0 0 0.37
 3  1 -2 -2 -1 -1 -1 -1 -2 -1 -2 -1 -1 -3  2  1  0 -3 -2  1 1 0 0 0 0.25
 1  0 -1  2 -3  3  4 -2 -1 -3 -3  1 -2 -4 -1  0 -1 -3 -2 -2 1 0 0 1 0.17
 0  0  0  0 -3  3  2  0 -1 -3 -3  3 -2 -3 -1  1  1 -3 -2 -2 1 0 0 1 0.14
 0 -2 -3 -4 -2  0 -3 -3 -3  1  4 -2  1  2 -3 -2 -2 -2 -1  0 1 0 0 0 0.26
 1 -2 -3 -3 -1  0 -2 -3 -3  2  2 -2  2 -1 -2 -1  0 -2 -2  2 1 0 0 0 0.20
 1  0 -1  1 -2  3  1 -2  2 -2  0  1 -1 -2 -2  0  0 -2  1 -1 1 0 0 1 0.17
 0  3 -1  1 -3  3  0 -2 -1 -1 -2  2 -1 -3 -2  1 -1  3 -2 -2 1 0 0 1 0.18
-3 -3 -3 -4 -3 -2 -3 -4  0 -3 -2 -3 -2  2 -4 -1 -2  7  8 -2 1 0 0 0 0.17
 2  1 -1 -1 -2  1  0 -1  1 -2 -1  0  1 -2 -2  2  2 -3 -2 -1 1 0 0 0 0.16
 2 -1  3  0 -2  0 -1  0 -1 -1 -1 -1 -1 -3 -2  1  1 -3 -2  0 1 0 0 1 0.15
 1 -1 -1 -1 -2  2  2  0 -1  1  0 -1  0  0 -2 -1  0 -2 -1  0 1 0 0 1 0.17
 5 -2 -2 -2 -1 -2 -2  1 -2 -2 -2 -2 -2 -3 -2  0  1 -3 -3  0 1 0 0 0 0.15
-1  3 -1 -1 -3  2  1 -2  1 -1  0  3 -1 -2 -2  0 -1 -2  0 -2 1 0 0 1 0.19
 2  1 -1 -1 -2  3  0 -1 -1 -2 -2  1 -1  0  0  1  1 -2  0 -2 1 0 0 1 0.19
 3 -1 -1 -1 -2  1  2  1 -2 -2 -2 -1 -2 -3 -2  1  1 -3 -2 -1 1 0 0 1 0.16
 0 -1  4  3 -3  2  1  1 -1 -3 -3 -1 -2 -3 -2  0  0 -3 -3 -3 0 0 1 1 0.19
 1 -2 -2 -2 -3 -1 -1 -2 -2 -3 -3  0 -3 -4  7  0  1 -4 -3 -2 0 0 1 1 0.15
 2 -1  1 -1 -2 -1  0  2 -1 -2 -2  0  0  0 -1  1  0 -2 -1 -1 0 0 1 1 0.17
-1 -2  0 -2 -2  0 -2 -1  1 -1  0 -2 -1  6 -2 -2 -2  3  2 -1 0 0 1 0 0.13
 1  1  0  0 -2  2  2 -1 -1 -2 -2  2 -1 -2 -1  1  0 -2 -2 -1 0 0 1 1 0.15
 2 -2  1  0 -2  0 -1  4 -2 -2 -2 -1 -2 -3 -2  0 -1 -3 -2  0 0 0 1 1 0.14
 1 -3 -3 -3 -2 -2 -2 -3 -2 -1  0 -2 -1  5  4 -2 -1 -1  1 -1 0 0 1 1 0.11
 1 -2  1  2 -2 -1 -1  0 -2 -2 -3 -1 -2 -3 -2  4  0 -4 -3 -2 0 0 1 1 0.09
 4 -2 -3 -3 -2 -2 -1 -1 -3  0  0 -2 -1 -1  1  0 -1 -3 -2  1 1 0 0 1 0.06
 1 -1 -1  1 -3  1  3 -2 -1 -2 -1  2 -2 -3 -1  1  1 -3 -2 -2 1 0 0 1 0.05
 0  6 -1  1 -4  1  1 -3 -1 -4 -3  1 -2 -4 -3 -1 -2 -4 -3 -3 1 0 0 1 0.05
-1 -4 -2 -3 -4 -3 -4  7 -3 -5 -5 -3 -4 -1 -4 -2 -3  2 -4 -5 1 0 0 0 0.05
 0  2 -1 -1 -4  4  3 -2 -1 -4 -3  3 -2 -4 -2 -1 -1 -3 -3 -3 1 0 0 1 0.04
 2 -1 -1 -1 -2  3  2 -2 -1 -1 -1 -1  0 -3 -2  1  0 -3 -2  0 1 0 0 1 0.04
-2 -3 -2 -2 -3 -3 -3 -2 -3  2  2 -3  0  5 -4 -3 -2  3  1  0 1 0 0 0 0.05
-2 -3 -4 -4 -3 -1 -3 -4  2 -2 -1 -3 -2  6 -4 -3 -3  7  4 -2 1 0 0 0 0.05
 0  2  3 -1 -2  0  0 -1 -1 -2 -2  1 -2 -2 -2  1  3 -2  0 -1 1 0 0 1 0.05
 0  3  0 -1 -2  2  0 -1 -1 -2 -2  1 -1 -2 -1  2  1 -2 -2 -2 0 0 1 1 0.07
-1  3 -1  0 -3  1  2 -2  0 -3 -2  3 -2 -2  1  0 -1 -3 -2 -2 0 0 1 1 0.08
-1  0 -1 -2 -2 -1 -1  0  5 -1  0 -1  0  2 -2 -1 -1  3  2  0 0 1 0 1 0.07
 0  0  1  0 -2  1  0  0  0  1 -1  1  0 -1  1  0  0 -2  0 -1 0 1 0 1 0.07
 0 -1 -1 -1 -2  0 -1  2  1 -1 -1 -1  1 -2 -2  0  3 -2 -2  0 0 0 1 1 0.07
 1  1 -1 -1 -2  0  0  0 -1 -2 -2  3 -1 -2  3  0  0 -3 -2  0 0 0 1 1 0.07
 0  0  3  2 -3  0  0 -1  4 -3 -2  2 -2 -3 -2  1 -1 -3 -1 -3 0 0 1 1 0.08
 0 -3 -1  0 -3  0 -1  6 -3 -4 -4 -2 -3 -4  1 -1 -2 -4 -4 -3 0 0 1 1 0.08
 0  2  0  1 -3  1  0  1  1 -3 -2  3 -2 -3 -2  0 -1 -3 -2 -2 0 0 1 1 0.06
-1 -1  1  2 -3  2  4 -2 -1 -3 -3  1  0 -3  0 -1  0 -3  0 -3 0 1 0 1 0.04
 1  0 -3 -3 -2 -2 -3 -3 -3  1  1 -2  2 -1  1 -2 -2  7 -1  1 0 1 0 0 0.03
 2  0  0 -2 -2 -1 -1  0 -2 -3 -3 -1 -2 -3 -2  5  0 -4 -3 -2 0 0 1 0 0.02
-2 -5 -5 -6 11 -5 -6 -5 -5 -3 -3 -5 -3 -4 -5 -3 -3 -4 -4 -3 1 0 0 0 0.02
 4 -2 -2 -2 -2 -2 -1 -1 -3 -2 -2 -2 -2 -3 -2  1  3 -4 -3  0 1 0 0 0 0.01
 1 -2 -1 -1 -2 -1 -2 -1 -2 -3 -3 -2 -2 -3 -2  4  4 -4 -3 -2 1 0 0 1 0.01
-2 -5 -5 -6 11 -5 -6 -5 -5 -3 -3 -5 -3 -4 -5 -3 -3 -4 -4 -3 1 0 0 0 0.01
-4 -2 -1 -3 -5 -1 -2 -4 10 -5 -5 -3 -3 -3 -4 -3 -4 -4  0 -5 1 0 0 0 0.01
-1 -3 -1 -2 -3 -2 -1  4 -3 -3 -3 -2 -3 -4 -3  0  4 -4 -3 -2 0 0 1 1 0.01
 1  0  1  2 -2  0  1 -1 -1 -1 -2  0 -2 -3 -2  1  1 -3 -2 -1 0 0 1 1 0.02
-2 -1  4  5 -4 -1  0 -2 -1 -3 -3  0 -2 -4  1  0 -1 -5 -3 -3 0 0 1 0 0.02
-1 -3 -4 -3 -3 -3 -3 -4 -4 -1  2 -3 -1 -1  7 -2 -1 -4 -3  0 0 0 1 0 0.03
 2  2  0 -2 -2  0 -1 -1 -2 -2 -2  0 -1 -3 -2  0  4 -3 -1 -1 0 0 1 0 0.04
 1  1  2  1 -3  3  0  0  0 -3 -3  2 -2 -4 -2  0 -1 -3 -2 -3 0 0 1 0 0.05
 2 -1  0 -1 -2  1  0 -1 -2 -2 -3  0 -1 -3  4  2  1 -3 -1 -1 0 0 1 1 0.07
 0 -4 -2 -3 -4 -3 -3  6  0 -5 -5 -3 -4 -4 -3 -1 -1 -4 -4 -4 0 1 0 0 0.08
-1  3  0 -2 -4  4  1 -3 -1 -2 -3  4  1 -4 -2 -1 -2 -4 -3 -3 0 1 0 1 0.08
-3 -2  3 -2 -4  0 -2 -3  8 -4 -4 -2 -3 -3 -3 -1  2 -4  0 -4 0 0 1 1 0.09
 2  1 -1 -2 -2  0 -1 -2  0  1  0 -1  0  0 -1  0  0 -2 -1  1 0 0 1 1 0.08
 0  2  1 -2 -2 -1  0 -2 -2 -1  0  2 -1  1 -1  0 -1 -3 -1  1 0 0 1 1 0.07
-1 -2  0 -2 -2 -2 -2 -3 -3 -2 -3 -2 -2 -3 -2  1  6 -4 -3 -1 0 0 1 1 0.06
-1  0  1 -2 -4  0 -2  6 -2 -4 -4 -2 -3 -2 -3 -1 -1 -3 -2 -4 0 0 1 1 0.05
-2  3 -2 -2 -5  0 -1 -3 -2 -4 -4  6 -3 -5 -3 -2 -2 -4 -3 -4 0 0 1 1 0.04
 1  0 -2 -2 -2 -1  0 -2 -2  1 -1 -1 -1 -2  3  1  1 -3 -2  2 0 1 0 1 0.03
-3 -4 -5 -5 -3 -4 -5 -5 -5  7  1 -4  0 -1 -4 -4 -2 -4 -3  1 0 1 0 0 0.02
 1  0 -1  2 -3  2  4 -1 -1 -3 -3  1 -2 -4  0  0 -1 -4 -3 -3 0 0 1 1 0.02
 0 -4 -4 -3 -4 -3 -3 -4 -4 -4 -4 -3 -4 -5  8 -2 -3 -5 -5 -4 0 0 1 0 0.02
-2 -3 -4 -5 -3 -3 -4 -4 -4  0  4 -3  7 -1 -4 -3 -2 -3 -2  1 0 0 1 0 0.02
 5 -3 -2 -3 -2 -2 -2 -1 -3 -3 -3 -2 -2 -4 -2  2 -1 -4 -3 -2 0 0 1 0 0.02
-1 -2 -3 -3 -4 -3 -3 -3 -4 -2 -2 -2 -3 -4  7 -1 -1 -5 -4  1 0 0 1 0 0.02
 3  0  0 -2 -2 -1 -1 -1 -2 -1 -3  0 -2 -3 -2  4  0 -4 -3 -1 0 0 1 1 0.02
 3 -3 -3 -3 -2 -3 -3 -2 -3  1 -1 -3  0  2 -3 -1  0 -3 -1  4 0 0 1 1 0.02
-2 -2  7  0 -4 -1 -2 -2 -1 -4 -5 -2 -3 -4 -3  1  1 -5 -3 -4 0 0 1 0 0.02
 0 -2  0 -2 -3 -1 -2 -2 -3 -4 -4 -1 -3 -4  7  0  0 -5 -4 -3 0 0 1 1 0.02
 0  1  0  2 -3  2  3 -1  0 -3 -3  3 -2 -3 -2  0 -1  1 -2 -3 0 0 1 1 0.02
-2  7 -2 -3 -5 -1 -2 -4 -2 -4 -4  1 -3 -4 -4 -2 -3 -4 -3 -3 0 0 1 1 0.02
-3 -4 -4 -5 -3 -4 -4 -5 -2 -1  2 -4 -1  7 -5 -4 -3 -1  3 -2 0 0 1 0 0.02
-1 -1 -1 -2 -2  0 -2 -1 -3 -2 -3  0 -2 -3 -2  2  6 -4 -3 -1 0 0 1 1 0.01
-3 -3  0  7 -5 -2  1 -3 -3 -5 -5 -2 -5 -5 -3 -1 -2 -6 -5 -5 0 0 1 1 0.01
 2 -1 -2 -2 -2 -1  0 -1 -2  1 -1 -1  0 -1  2  0  1 -3 -2  1 1 0 0 0 0.01
 4  0  1  1 -2 -1  1 -1 -2 -3 -3  2 -2 -4 -2  0 -1 -4 -3 -2 1 0 0 1 0.01
-2  2  1  0 -4  1  2 -3 -2 -4 -4  5 -3 -4 -2 -1  0 -4 -1 -3 1 0 0 1 0.01
-1 -4 -4 -4 -2 -3 -3 -4 -4  3  0 -3  0 -2 -3 -1  1 -4 -2  5 1 0 0 0 0.01
-1 -1  0  2 -4  1  6 -3 -1 -4 -4  0 -3 -4 -2 -1 -1 -4 -3 -3 1 0 0 0 0.01
-1  1 -2 -1 -4  0  1 -3 -2 -4 -2  6 -3 -4 -2 -2 -2 -4 -3 -3 1 0 0 1 0.01
-4  0 -4 -5 -4 -2 -2 -2 -1 -5 -4 -1 -3 -1 -5 -4 -4 11  0 -5 1 0 0 1 0.01
-3 -4 -5 -5 -3 -4 -5 -5 -3 -1  2 -4  1  7 -5 -4 -3 -1  1 -2 1 0 0 0 0.01
-1  3  0 -1 -3  0  0  1 -2 -3 -2  3 -2 -2 -2  1  2 -3 -2 -2 1 0 0 1 0.01
-3  7 -2 -3 -5  1 -1 -4 -2 -5 -4  2 -3 -4 -4 -2 -3 -4 -3 -4 1 0 0 1 0.01
-3 -2  7  2 -4 -1 -1 -2  4 -5 -5 -2 -4 -4 -3 -1 -2 -5 -3 -4 1 0 0 1 0.01
-2 -2 -4 -5 10 -5 -5 -4 -4 -3 -3 -5 -3  2 -5 -3 -3 -3 -3 -3 1 0 0 0 0.01
-2  1  4  1 -4  1  0 -1  0 -3 -3  3  0 -4 -1 -1 -1 -4 -3 -2 1 0 0 1 0.01
-2 -2  0  5 -4  0  1 -2 -2 -4 -4 -2 -3 -3 -3  0  0  7 -2 -4 1 0 0 1 0.01
-1 -3 -3 -4 -2 -3 -3 -4 -4  2 -1 -3 -1 -2 -3 -2  2 -4 -2  5 1 0 0 1 0.01
-2 -3 -4 -4 -2 -3 -4 -4 -2  1  3 -3  0  3 -4 -3 -2  4  3  1 1 0 0 1 0.01
 0 -2  1 -2 -3  1 -1  5 -2 -4 -4  0 -3 -4 -3  0 -2 -4 -4 -3 0 0 1 1 0.01
-2  7 -2 -3 -5  1 -1 -4 -2 -4 -3  2  0 -4 -3 -2 -1 -4 -3 -4 0 0 1 1 0.01
 2 -2 -1  3 -3  0  5 -2 -2 -3 -2 -1 -2 -4 -2 -1 -2 -4 -3 -1 0 0 1 1 0.01
-2 -5 -4 -5 10 -5 -5  1 -5 -3 -3 -5 -3 -4 -5 -3 -3 -4 -4 -3 0 0 1 0 0.01
-1 -2 -1 -2 -2 -2 -2 -3 -3 -2 -3 -2 -2 -4 -2  3  6 -4 -3 -2 0 0 1 1 0.01
 5 -3 -3 -2 -2 -2 -2 -2 -3 -3 -3 -2 -2 -4  5  0 -1 -4 -3 -1 1 0 0 1 0.01
 1  1 -1 -1 -2  4  0 -1 -1 -1  0  0 -1 -3 -2  0  0 -3 -2 -1 1 0 0 0 0.01
-2 -1 -2  1 -5  2  6 -4 -1 -5 -4 -1 -3 -5 -3 -2 -2 -4 -3 -4 1 0 0 1 0.01
-2  1 -2 -2 -5  2 -1 -3 -2 -4 -4  7 -3 -5 -3 -2 -2 -4 -3 -4 1 0 0 0 0.01
 4 -3 -2 -3 -2 -2 -3  5 -3 -4 -4 -2 -3 -4 -3 -1 -2 -4 -4 -3 1 0 0 0 0.01
-3 -3  3  7 -5  0  0 -3 -2 -5 -5 -2 -4 -5 -3 -1 -2 -6 -4 -5 1 0 0 0 0.01
-1 -3 -4 -4 -2 -3 -3 -4 -2  1  1 -3  0  4 -4 -3 -2  2  3  3 1 0 0 0 0.01
-1 -3 -4 -4 -2 -3 -4 -4 -4  4  4 -3  2 -1 -4 -3 -1 -3 -2  2 1 0 0 0 0.01
 3 -1 -2 -2 -2 -1 -1 -2 -2 -1  0 -1 -1 -2 -2  1  3 -3  0  0 1 0 0 0 0.01
-4 -4 -4 -5 -4 -3 -4 -4 -1 -3 -2 -4 -2  4 -5 -4 -3  9  7 -3 1 0 0 0 0.02
-2 -3 -4 -4 -2 -3 -4 -5 -4  3  4 -3  3  0 -4 -3 -2 -3 -2  1 1 0 0 0 0.03
 0 -2 -3 -3 -2 -1 -2 -3 -3  2  3 -1  4 -1 -3 -1  0 -3 -2  0 0 0 1 1 0.05
 1 -2  1 -1 -2 -1 -1  0 -2 -2 -3 -1 -2 -3 -2  3  4 -3 -3 -2 0 0 1 1 0.05
-1  0 -1 -1 -3  5  3 -2  0 -1 -1  2 -1 -3 -2 -1 -1 -3 -2 -2 0 0 1 0 0.16
 0  1  0  2 -2  0  0  1 -1 -1 -2  1 -1 -3 -2  1  1 -3 -2  0 0 0 1 1 0.33
-1  4  0 -1 -3  1  0 -2 -1 -2 -2  3 -1 -3 -2  0  2 -3 -2 -2 0 0 1 1 0.42
-1 -2 -2 -2 -3 -1 -1 -2 -2 -3 -3 -1 -3 -4  8 -1 -1 -4 -3 -3 0 0 1 1 0.56
 2 -1  0 -1 -1 -1 -1 -1 -2 -1 -2 -1 -1 -2 -1  2  3 -3 -2  0 0 0 1 1 0.67
-1  2  0 -1 -3  1  1 -2 -1 -3 -3  5 -1 -3 -1  0 -1 -3 -2 -2 0 0 1 1 0.75
