 0 -2  0 -1 -3 -2 -2  6 -2 -4 -4 -2 -3 -3 -2  0 -2 -3 -3 -3 0 0 1 1 0.85
 0 -2  0 -1 -3 -2 -2  6 -2 -4 -4 -2 -3 -3 -2  0 -2 -3 -3 -3 0 0 1 1 0.78
 0 -2  0 -1 -3 -2 -2  6 -2 -4 -4 -2 -3 -3 -2  0 -2 -3 -3 -3 0 0 1 1 0.69
-1  5  0 -1 -3  3  1 -2  0 -3 -2  2 -1 -3 -2 -1 -1 -3 -2 -3 1 0 0 1 0.55
-1 -3 -3 -3 -1 -3 -3 -4 -3  3  1 -3  1 -1 -3 -2  0 -3 -1  4 1 0 0 0 0.38
 2 -1  0 -1 -1 -1 -1 -1 -2 -1 -2 -1 -1 -2 -1  2  3 -3 -2 -1 1 0 0 0 0.35
 3 -2 -2 -2 -1 -2 -2 -1 -2  2  0 -1  0 -1 -2  0  0 -3 -2  1 1 0 0 0 0.31
 3 -2 -1 -2 -1 -1 -1  4 -2 -2 -2 -1 -2 -3 -1  1 -1 -3 -2 -1 1 0 0 0 0.31
 3 -1  4  0 -1 -1 -1  0 -1 -2 -2 -1 -1 -3 -1  1  0 -3 -2 -1 1 0 0 0 0.32
-2 -3 -4 -4 -1 -3 -3 -4 -3  3  3 -3  2  0 -3 -3 -1 -2 -1  2 0 1 0 0 0.25
 0 -1  0 -1 -1 -1 -1 -2 -2 -1 -1 -1 -1 -2 -1  1  5 -3 -2  0 0 1 0 1 0.18
-3 -3 -4 -4 -3 -3 -3 -3 -2 -2 -1 -3 -1  4 -4 -3 -3 10  2 -2 0 0 1 0 0.15
 0 -3 -3 -3 -1 -2 -2 -3 -3  2  0 -2  0 -2  4 -2  0 -3 -2  3 0 0 1 0 0.14
 1 -1 -1  0 -3  0  2 -2  5 -3 -3  0 -2 -3  5  0 -1 -3 -1 -2 0 0 1 1 0.08
-1  1  2  0 -3  4  1 -2  0 -3 -3  3 -1 -3 -1  0 -1 -3 -2 -3 0 0 1 1 0.06
 0 -2 -1 -1 -2 -1 -1 -2 -2 -3 -3 -1 -2 -3  7  2  0 -4 -3 -2 0 0 1 1 0.05
 0  0  3  0 -2  0 -1  3 -1 -3 -3  1 -2 -3 -2  2  0 -3 -2 -3 0 0 1 1 0.05
-1 -2 -1  3 -2 -2 -1 -3 -3  2  0 -2  0 -2 -2 -1  0 -3 -2  3 0 1 0 0 0.03
-1 -1  0  3 -4  1  5 -2  0 -3 -3  0 -2 -4 -1  0 -1 -3 -2 -3 0 1 0 1 0.03
-1 -3 -3 -4 -1 -2 -3 -4 -3  2  2 -3  1 -1 -3 -2  0 -3 -1  4 0 1 0 0 0.03
-1 -2 -2 -2 -2 -2 -2 -2 -2  2  0 -2  0  0 -2 -2 -1  9  1  0 0 1 0 1 0.02
-1  3 -2 -2 -3 -1 -1 -2 -2 -3 -3  0 -2 -4  7 -1 -1 -4 -3 -3 0 0 1 1 0.02
 3 -2  2 -1 -1 -1 -1 -1 -1  0 -1 -1 -1 -2 -2  0  0 -3 -2  2 0 0 1 1 0.02
-1 -1  0  3 -3  0  1 -2  0 -1  0 -1  3  0 -2 -1 -1 -1  3 -1 0 0 1 1 0.02
-1  0 -2 -2 -3 -1 -1 -2  0 -2 -2  2 -2  0  6 -1 -1 -1  4 -2 0 0 1 1 0.01
-1 -3 -3 -3 -2 -2 -2 -3 -2  2  0 -2  0  3  5 -2 -1 -2  0  0 0 0 1 1 0.02
-1 -2 -3 -2 -3 -2 -2 -3 -3 -1  1 -1 -1 -2  7 -1 -1 -3 -3 -1 0 0 1 1 0.02
-1 -2 -1  3 -3 -1  0 -2 -2 -3 -3 -1 -3 -4  7 -1 -1 -4 -3 -3 0 0 1 1 0.02
-1 -3 -3 -3 -1 -3 -3 -3 -3  3  1 -3  1  3 -3 -2 -1 -2  0  3 0 0 1 0 0.03
-2 -1  6  3 -3  0  0 -1  0 -3 -4  0 -3 -3 -2  0  0 -4 -2 -3 0 0 1 1 0.03
-1 -2 -2 -2 -1 -2 -2 -2 -1  1  0 -2  0  4 -2 -1 -1  0  2  1 0 0 1 0 0.04
 0  0  4  1 -1  0  0  0  0 -2 -2  0 -1 -2 -1  2  0 -2 -1 -2 0 0 1 1 0.05
 0  1  0 -1 -1  1  0 -1 -1 -1 -1  3 -1 -2 -1  0  2 -2 -1 -1 0 0 1 1 0.07
 0 -1  0 -1 -1  0 -1 -1 -1  0  0 -1  3 -1 -1  0  3 -1 -1  0 0 0 1 1 0.08
 2 -1 -1 -1 -1 -1 -1 -1 -1  1  0 -1  0 -1 -1  0  0 -2 -1  1 0 0 1 0 0.09
-1  0  0  4 -4  1  4 -2 -1 -3 -3  2 -2 -4 -1  0 -1 -3 -2 -3 0 0 1 1 0.10
 0  0  0 -1 -2  4  1 -1 -1 -3 -3  0 -1 -3  4  2  0 -3 -2 -2 0 0 1 1 0.10
-1 -1 -1  0 -2  0  3 -3 -1  1  0  0  3 -1 -2 -1 -1 -3 -2  2 0 0 1 1 0.09
-2 -1  3  3 -3 -1  0 -2  1 -2 -2 -1 -2  1 -2 -1 -1  0  5 -2 0 0 1 0 0.09
-1 -2 -1 -1 -3 -1  2  4 -1 -2 -2 -1 -2  3 -2 -1 -2 -1  0 -2 0 0 1 1 0.09
-1  0  4  3 -3  0  1 -1  0 -3 -3  1 -2 -3 -1  2  0 -4 -2 -3 0 0 1 1 0.09
-1  0 -1 -1 -3  0  0 -2 -2 -3 -3  3 -2 -4  6 -1 -1 -4 -3 -3 0 0 1 1 0.09
-1 -1  0  1 -3  1  4  2  4 -4 -3  0 -2 -3 -2  0 -1 -3 -1 -3 0 0 1 1 0.07
-2 -3 -3 -4 -2 -3 -3 -4 -2  3  1 -3  1  5 -3 -3 -1 -1  1  2 0 0 1 1 0.04
-1  3  0  3 -4  1  2 -2 -1 -3 -3  2 -2 -3 -2  0 -1 -3 -2 -3 0 0 1 1 0.03
-2 -2 -3 -4 -2 -2 -3 -4 -3  1  4 -2  3  0 -3 -2 -1 -2 -1  1 0 0 1 1 0.02
-1 -2 -1 -1 -2 -1 -1 -2 -2 -2 -2 -1 -2 -3  7 -1 -1 -2 -2 -2 0 0 1 1 0.03
-1 -1  3  0 -3  0  0 -1  7 -3 -3 -1 -2 -2 -2  2  0 -3  0 -3 0 0 1 1 0.02
 0 -3 -4 -4 -3 -2 -3 -3 -3 -3 -2 -3 -2  0 -4 -2 -3 11  1 -3 0 0 1 1 0.02
-1 -1 -1 -1 -2  0  1 -3  0 -1  1  0  0  0 -2  0  2  0  4 -1 0 0 1 1 0.03
 0 -2  2 -1 -2 -1 -1 -2 -1 -1 -2 -1 -2 -3  5  2  0 -4 -2  0 0 0 1 1 0.02
-1  0 -1 -1 -2  0  1 -2 -1 -2 -2  2 -1 -1 -2  0  3 -1  2 -1 0 0 1 1 0.02
-1 -2 -3 -3 -2 -2 -3 -3 -3  2  3 -2  1  2  2 -1  1 -2  0  0 0 0 1 1 0.03
-1  0 -1 -2 -2  0 -1 -2  5 -2  0  2 -1  0 -2  1 -1 -1  3 -2 0 0 1 1 0.04
-1 -1 -1 -1 -2 -1 -1 -2 -2 -2 -2  1 -1 -3  3  1  4 -3 -2 -1 0 0 1 1 0.04
-2 -3 -3 -3 -2 -3 -3  1 -2  0  1 -3  0  5 -3 -2 -2  0  1  1 0 0 1 1 0.05
 0  0  0  0 -2  2  2 -1 -1 -3 -3  2 -2 -3 -1  3  0 -3 -2 -2 0 0 1 1 0.06
-1 -3 -1  3 -2 -2 -1 -3 -2  1 -1 -2 -1  2  3 -1 -1 -3 -1  2 0 0 1 1 0.06
 0 -2 -1 -1 -2 -1 -1  3 -2 -3 -3 -1 -3 -3  5  2  0 -3 -3 -3 0 0 1 1 0.08
 0  0  0  0 -2  1  2 -1 -1 -3 -3  1 -2 -3  3  3  0 -3 -2 -2 0 0 1 1 0.09
-2  2  3 -1 -3  3  0 -2  0 -2 -2  0 -1  2 -2 -1 -1 -1  3 -2 0 0 1 1 0.14
-2 -1  0  2 -3 -1 -1 -3  6 -2 -2 -2 -2  2 -3 -1 -2  0  4 -3 0 0 1 1 0.13
 0 -1  0 -1 -2  0  1 -2 -2 -2 -2 -1 -1 -3  3  2  4 -3 -2 -1 0 0 1 1 0.12
-1  1 -1 -1 -3  0  0  3 -1 -3 -2  3 -2 -2 -2 -1 -1  6 -1 -2 0 0 1 1 0.14
 1  1 -1 -1 -2  0 -1 -1 -1 -2 -2  1 -1 -1  3  1  0 -1  2 -2 0 0 1 0 0.10
-1 -1  3  2 -2  2  0  1  0 -2 -2  0 -2 -2  3  0 -1 -2 -2 -2 0 0 1 1 0.07
-1 -2 -2 -2  9 -2 -2 -2 -2 -1 -1 -2 -1 -2 -2 -1 -1 -2 -2 -1 0 0 1 1 0.06
-1  2  0  0 -2  2  2 -2 -1  0 -1  0 -1 -2 -1  0  2 -2 -1  0 0 0 1 1 0.05
-1 -1 -1 -2 -2  1 -1 -2  3  1  0 -1  0  2 -2 -1 -1  0  4  0 0 0 1 1 0.06
-1 -3 -2 -3  9 -2 -3 -2 -3 -1 -1 -3 -2 -2 -2 -1 -1 -2 -2 -1 0 0 1 0 0.03
-1 -1  4  0 -2 -1 -1 -1  2 -2 -3 -1 -2 -3  3  2  0 -3 -2 -1 0 0 1 0 0.03
-1  0 -2 -2  5 -2 -2  0 -2  0 -1 -1 -1  2 -2 -1  2 -2 -1  1 0 0 1 1 0.02
-1  4 -1  0 -3  3  3 -2  3 -3 -3  1 -2 -3  1 -1 -1 -3 -2 -3 0 0 1 1 0.02
-1  0  0  2 -2  0  2 -2 -1  1 -1  3 -1 -2 -1  0 -1 -3 -2  0 0 0 1 1 0.02
 1 -1 -1  1 -2 -1  0 -2  1 -2 -2  0 -2  1 -2 -1  0  0  5 -2 0 0 1 1 0.01
-2 -2 -2 -3 -2 -2 -2 -2 -2 -3 -2 -2 -2 -1 -3  1  2 10  0 -2 0 0 1 1 0.01
-3 -4 -4 -4 -3 -4 -4 -4 -2  2  0 -4 -1  7 -4 -3 -3  0  2 -1 0 1 0 0 0.01
 0 -3 -2 -2  7 -2 -2  1 -3 -1 -1 -2 -1 -3 -2  1  2 -3 -3  0 0 1 0 1 0.01
-2 -2 -3 -4 -3  0 -3  0  0 -2 -2 -2 -2  4 -4 -2 -3  1  7 -2 0 1 0 1 0.01
 0  0 -1  0 -3  1  1  3 -2 -3 -1  1 -2 -3 -2  1 -1 -3 -3 -2 0 0 1 1 0.01
-1 -1  2  0 -3 -1 -1  3 -2  2 -1  1 -1 -2 -2 -1  1 -3 -3  0 0 0 1 1 0.01
 0  2  3 -1  0  0  0 -2 -1 -3 -1  4 -2  0 -2 -1 -1 -3 -2 -2 0 1 0 0 0.00
-2 -5 -4 -5 11 -5 -5 -4 -5 -3 -3 -5 -3 -4 -4 -2 -2 -4 -4 -2 0 1 0 0 0.01
-3 -3 -4 -5 -4 -3 -4 -4  0 -2 -2 -3 -2  5 -4 -3 -3  1  8 -2 0 1 0 0 0.01
-3 -3 -3 -4 -4 -2 -3 -4  4 -3 -3 -3 -2  2 -4 -3 -3  1  8 -3 0 1 0 0 0.01
-1 -4 -4 -4 -3 -4 -4 -4 -2  0  0 -4  1  7 -4 -3 -3  0  3  0 0 1 0 0 0.01
-1 -2 -1 -2 -2 -2 -2 -1 -3  3  0 -2  0 -2  1  1  2 -3 -2  1 0 0 1 0 0.01
-1  0  0 -1 -3  1  1 -3 -2 -1  1  1  3 -2  3  0  0 -3 -2 -1 0 0 1 1 0.01
-1  0  2  3 -3  2  3 -2 -1 -3 -1  2 -2 -3 -2 -1 -1 -4 -3 -3 0 0 1 1 0.01
-1  2  0 -1 -3  1  1 -2 -1 -1 -2  3 -2 -3 -2  1  2 -3 -2 -1 0 0 1 1 0.01
-2  0  0 -2 -3  0  0  0  4 -3 -3  4 -2 -1 -2 -1  1 -2  3 -3 0 1 0 0 0.01
 1 -2  1  0 -2 -1 -1 -2 -2 -2 -2 -1 -2 -3  0  2  5 -4 -3 -1 0 0 1 1 0.01
-4 -4 -5 -6 -4 -4 -5 -4 -4 -4 -3 -5 -3  3 -5 -4 -4 12  1 -4 0 0 1 0 0.01
 1 -1  3  1 -2  1  2 -1  1 -1 -3  0 -2 -3 -2  1  1 -3 -2 -2 0 0 1 1 0.01
 1 -2  1 -1 -3  0  1  5  1 -4 -4 -1 -3 -4 -2  0 -2 -3 -3 -3 1 0 0 1 0.01
-1 -4 -3 -4  9 -3 -4  0 -4 -3 -3 -3 -3 -4 -4  2 -2 -4 -4 -2 1 0 0 0 0.01
-2  0  0 -2 -3  3 -1 -3 -1 -2  1  3 -1  3 -3 -1 -1 -2  0 -2 1 0 0 0 0.01
 0  0  0 -1 -3  5  1 -2 -1 -2 -2  1  2  1 -2  1 -1 -2 -1 -2 1 0 0 1 0.01
 2 -2  1 -2 -2 -2 -2 -2  2  0 -1 -2 -1  2 -2  0  3 -2 -1  0 1 0 0 0 0.01
-2 -5 -4 -5 11 -5 -5 -4 -5 -3 -3 -5 -3 -4 -4 -2 -2 -4 -4 -2 1 0 0 0 0.01
 3  1 -1 -1 -2  4  0 -1 -1 -2 -2  1 -1 -3 -1  1  0 -3 -2 -2 1 0 0 1 0.01
-1  1  2  1 -3  2  1 -2  2 -3 -3  1 -2 -3 -2  3  0 -3 -2 -3 1 0 0 1 0.01
-1 -2 -2 -2  1 -1 -2 -2  2  1  1 -2  0  3 -2 -1 -1  0  4  0 1 0 0 0 0.01
 1 -1  0 -1 -2 -1 -1  0  2 -3 -3  1 -2 -1 -2  3  0 -2  3 -2 0 0 1 0 0.01
 1  0  3 -1 -2  0  0 -1 -1 -2 -1  1 -2 -3  2  2  0 -3 -2 -2 0 0 1 1 0.01
-1 -2 -2 -2  6 -2 -2 -2 -3 -1  1 -2 -1 -2  1  2  1 -3 -2  0 0 0 1 0 0.01
-1 -2 -2 -2 -2 -2 -2 -2 -2 -1  2 -2  0  2  0  2  2 -2  2 -1 0 1 0 0 0.01
 1 -3 -3 -4 -2 -2 -3 -3 -2  1  3 -3  0  2 -3 -2 -2  5  4  0 0 1 0 0 0.01
-2 -2 -3 -4 -2 -2 -3 -4 -3  1  3  0  1  3 -3 -2 -1 -2  0  2 0 1 0 0 0.01
-2 -1 -3 -3 -3 -2 -2 -4 -1  2  0  2 -1  3 -3 -2 -2  0  5 -1 0 0 1 0 0.01
-1 -2  2  2 -3 -2 -1  1 -2  3 -1 -1 -1 -2 -3 -1  0 -4 -3  0 0 0 1 0 0.01
-2 -2  1  4 -3 -1  1 -2 -2 -1 -3 -1 -3 -3  5 -1  0 -4 -3 -2 0 0 1 0 0.02
-2 -1  3  4 -3  2  1 -2 -1 -3 -1 -1 -2 -3 -2  0  2 -4 -3 -2 0 0 1 1 0.02
 0  0  1  2 -4  1  4 -2 -1 -4 -3  2 -3 -4  1 -1 -1 -4 -3 -3 0 0 1 1 0.02
-2 -1  2  4 -4  0  3 -2  3 -1 -3  1 -3 -3 -2 -1 -2 -4 -2 -3 0 0 1 1 0.02
-2 -1 -1  1 -3  0  4 -3 -2  0  1 -1 -1 -2 -2 -1  1 -3 -2 -1 0 0 1 0 0.02
-1  0 -1  3 -3 -1  0 -3 -2  0  2 -1  3 -1 -3 -1 -1 -3 -2 -1 1 0 0 0 0.02
-1  0 -1  1 -2 -1 -1 -2 -2 -2 -1  2 -2  1  4 -1  1 -2 -1 -2 1 0 0 1 0.02
 0 -2 -3 -3 -2 -2 -2 -2 -2  2  0 -1  0  5 -2 -2 -1 -1  1  1 1 0 0 0 0.02
-1 -2 -3 -3 -2 -1 -3 -3 -3  2  2 -2  3  3 -3 -2 -1 -2  0  2 1 0 0 0 0.02
-1  3 -1  1 -2  3  0  0 -1 -2  0  0 -1 -2 -2  0  1 -2 -2 -2 1 0 0 0 0.02
-1  3 -1 -1 -3  2  0 -1  3 -2 -1  2 -1  1  0 -1 -1 -2 -1 -2 0 0 1 1 0.02
-2  0  4  0 -3  3  0 -2  2 -2 -1  0 -1  0 -2  0  1 -3 -1 -2 0 0 1 1 0.02
-1 -2 -2  0 -2 -1 -2 -3 -2  2  2 -2  2  0 -2 -2 -1 -1  2  2 0 0 1 0 0.02
 0  2  2 -1 -2  0 -1 -2  1  0 -2  2 -1 -2 -2  1  0 -3  0  0 0 0 1 1 0.01
 0 -2  1  2 -2  0  1 -2 -1 -2  0 -1 -1 -2  3  1  0 -3 -1 -2 0 0 1 1 0.01
-1 -1  2 -1 -2  1 -1  1  1  0 -2 -1 -1 -2  2  2  0 -2  0 -1 0 0 1 1 0.01
-1  0  0  4 -3  0  2 -2 -1 -3 -3 -1 -2 -2 -2  1 -1 -2  2 -3 0 0 1 1 0.01
 0 -1  2 -1 -2  3  0 -1 -1 -1 -1  0 -1 -2 -2  3  1 -3 -2 -1 0 1 0 0 0.01
-2 -3 -3 -4 -3 -2 -3 -4  3  0  2 -3 -1  1 -4  0 -2  0  6 -1 0 1 0 0 0.01
-4 -5 -6 -6 -4 -4 -5 -4 -4 -4 -3 -5 -3 -1 -6 -5 -4 12  1 -5 0 1 0 0 0.01
-2 -4 -4 -4 -2 -4 -4 -5 -4  6  1 -4  0 -1 -4 -3 -1 -4 -2  3 0 1 0 0 0.01
-1 -4 -2 -2 -4 -3 -3  7 -3 -5 -5 -3 -4 -4 -3 -1 -3 -4 -4 -4 0 0 1 0 0.01
-2 -3 -4 -4 -2 -3 -4 -4 -3  2  4 -3  1  2 -4 -3 -2 -2 -1  2 0 0 1 0 0.01
-2 -3 -3 -4 -3 -3 -3 -4  0 -2  0 -3 -1  5 -4  0 -2  1  7 -2 0 1 0 0 0.01
-2  4  3  3 -4  0  0 -2 -1 -4 -3  2 -3 -3 -3 -1 -2 -4 -1 -3 0 1 0 1 0.01
 0  0  1  1 -3  0  2 -2 -1 -2 -3  3 -2 -3 -2  2 -1 -4 -2  0 0 0 1 1 0.01
 0  1 -1 -1 -3  0  0  0 -2 -2 -1  2 -2 -3  4  1  0 -3 -3 -1 0 0 1 1 0.01
-2  0  1  2 -4  1  4  0 -1 -4 -4  3 -3 -4 -2 -1 -2 -4 -3 -3 0 0 1 1 0.02
 0  0  2 -1 -3  2  1  1  3 -3 -3  2 -2 -3 -2  2 -1 -3 -2 -3 0 0 1 1 0.02
 1  0  1  1 -2  1  2 -1 -1 -3 -3  2 -2 -3  1  1  1 -3 -2 -2 0 0 1 1 0.02
-4 -1 -5 -6 -4 -3 -4 -4 -4 -4 -1 -4 -3 -1 -5 -4 -4 12  1 -4 0 1 0 0 0.02
 1  0 -1 -1 -2  1  0 -2 -2 -1 -1  3  2 -3 -2  1  1 -3 -2  0 0 1 0 0 0.02
-2 -3 -2  0 -3 -2 -3 -1 -3 -4 -3 -3 -3 -1 -3  2  1 10  0 -3 0 1 0 0 0.02
-2 -4 -4 -4 -2 -3 -4 -5 -4  5  3 -3  2 -1 -4 -3 -2 -3 -2  1 0 0 1 0 0.02
-3 -2  2  7 -4 -1  1 -2 -2 -4 -5 -2 -4 -5 -3 -1  0 -5 -4 -4 0 0 1 1 0.02
-2 -2  5  2 -4 -1  0  4 -1 -4 -4 -1 -3 -4 -3  0  0 -4 -3 -4 0 0 1 1 0.02
-1  0  2  0 -3 -2 -2  5 -2 -4 -4 -1 -3 -4 -2  1  1 -3 -3 -3 0 0 1 1 0.01
-1 -2  3  1 -2  0 -1 -2 -2  0 -1 -1 -1 -3  2  0  3 -4 -3  0 0 0 1 1 0.01
-1 -2  0 -2  2 -2 -2 -2  2 -1  0 -2 -1  4 -3  2  0 -1  4 -2 0 1 0 0 0.01
-1  0  1  1 -3  1  0 -2 -1 -3 -2  4 -2 -3 -2  2  1 -4 -3 -2 0 0 1 1 0.01
 0  1 -3 -3 -2 -1 -2 -1 -2  1  3  0  2  0 -3 -2 -1 -2 -1  2 0 0 1 0 0.01
-2 -3 -2  1 -3 -2 -2 -3  2 -2 -1 -2  0  3  0 -2 -2  7  5 -2 0 1 0 1 0.01
-1 -1  4  2 -3  1  2 -2 -1  0 -2  1 -2 -3  0  1 -1 -3 -2 -2 0 0 1 1 0.01
-1 -2 -2 -2 -2 -1  1 -1 -2  3  0 -2  0  1 -2  1 -1 -2 -1  2 0 0 1 0 0.01
-1  2 -1 -2 -2  0  0 -2  1  0  0  2 -1  1 -2  0 -1 -2  1 -1 0 0 1 0 0.01
-1 -2  0  3 -3 -1  0  4 -2 -3 -4 -1 -3 -3  1  1  0 -3 -3 -3 0 0 1 1 0.01
 0  0 -1  1 -2 -1  0  4 -2 -3 -3 -1 -2 -3 -2  2 -1 -3 -3 -1 0 0 1 0 0.01
-1  1 -1  1 -3  1  1  1  4 -2 -1  1  0  0 -2 -1 -2 -1  3 -2 0 0 1 1 0.01
-2 -3 -3 -4 10 -3 -4 -3 -4 -2 -3  0 -3 -3 -4 -2 -2 -3 -3 -2 0 0 1 0 0.02
 3  0 -2 -2 -1 -1 -2 -1 -2  0 -1 -1  3 -2 -2  1  2 -3 -2  1 0 1 0 0 0.02
-2 -2 -3 -3 -3 -2 -3 -3  0 -2 -1 -1 -1  5 -3 -1 -2  1  7 -2 0 1 0 0 0.02
-2 -3 -3 -4  2 -3 -3 -4 -3  2  4 -3  1  0 -3 -3 -1 -2 -2  2 0 1 0 0 0.02
 0 -1  0 -1 -1  0 -1  1  2 -1 -1 -1 -1 -1 -1  1  2  3  0 -1 0 1 0 0 0.04
-1  1  2  0 -2  1  0 -1  2 -1  0  2 -1 -1 -1  0 -1 -2 -1 -1 0 0 1 1 0.07
-1  1 -1  0 -1  0 -1  0 -1  0  0  0  0  1 -1  0  0 -1  1  0 0 0 1 1 0.11
 1 -1 -1 -1 -2 -1 -1  1 -2 -3 -3 -1 -2 -3 -2  4  3 -4 -3 -2 0 0 1 0 0.18
-1  1 -1 -1 -2  0  1 -2 -1  0 -2  3 -1 -3  1  1  1 -3 -2 -1 0 0 1 1 0.15
 0 -2 -1 -1 -1 -1 -1  0 -2  0 -1 -1  0 -2 -2  2  3 -3 -2  1 0 0 1 1 0.14
-1  4 -1 -2 -3  0 -1 -2 -1 -3 -3  1 -2 -3  4  1  0 -3 -2 -2 0 0 1 0 0.13
 0 -1 -3 -3 -2 -2 -2 -3 -3  2  2 -2  0 -1 -3  0 -1  3 -1  2 0 1 0 0 0.16
 0 -1  0  2 -2  0  2  0 -1 -3 -3 -1 -2 -2  1  3  1 -3  1 -2 0 1 0 0 0.19
-1 -1  3  2 -3 -1 -1  0  4 -3 -3  0 -2  0 -2  1  1 -3  1 -3 0 0 1 0 0.18
 1 -2 -1 -2 -2 -1  0 -1  4  1 -1 -2 -1  2 -2 -1  2 -1  3 -1 0 0 1 0 0.21
-2 -1  3  4 -4  0  3 -2  2 -3 -3  0  0 -2 -2 -1 -1 -3  1 -3 0 0 1 1 0.16
-2 -5 -4 -5 10 -4 -5 -4 -5 -3 -3 -5 -3 -4 -4 -2 -2 -4 -4 -2 0 0 1 0 0.11
 1 -1  2  2 -2  1  0 -1 -1 -3 -3  0  0 -3 -2  3  1 -4 -2 -2 0 0 1 1 0.09
-1 -1  2 -1 -2 -1 -1 -2  1 -1 -1  1 -1  3 -2  1  2 -2  0  0 0 0 1 1 0.05
-1 -1 -1 -2 -2 -1 -1 -2  2 -2  1  1 -1 -2  4  1  1 -3 -2 -2 0 0 1 1 0.04
-2  0 -2 -2 -4 -1 -1  0  3 -3 -2  3 -2  2 -3 -2 -2  0  5 -3 0 1 0 0 0.04
-1 -1  2 -1 -2  0 -1 -2 -1  0 -1  0 -1 -1  4  1 -1 -2  3  0 0 0 1 0 0.04
 0 -5 -4 -5 10 -4 -5 -3 -4 -2 -3 -4 -3 -4 -4 -2 -2 -4 -4 -2 0 1 0 0 0.04
-2 -3 -4 -4  3 -3 -4 -4 -4  4  3 -3  1 -1 -4 -3 -2 -3 -2  1 0 1 0 0 0.04
-2 -5 -4 -5 10 -4 -5 -4 -4 -2 -2 -4 -2 -4 -4 -2 -2 -4 -4  0 0 1 0 0 0.04
 2 -2 -3 -3 -1 -2 -2 -2 -3  2  0 -2  0 -1 -2  0  0 -3 -2  3 0 1 0 0 0.03
 3 -1  0 -1 -1  0  0  0 -1 -2 -2  0 -1 -3 -1  4  1 -3 -2 -1 0 1 0 0 0.06
-1 -1 -1 -2 -2  2  0 -3  3  2  0 -1  0 -1 -2 -1 -1 -3 -1  2 0 1 0 1 0.14
-2  6 -1 -2 -4  1  0 -3  0 -3 -2  2 -2 -3 -2 -1 -1 -3 -2 -3 0 0 1 1 0.25
 0  0  0  1 -2  1  3 -1 -1 -3 -3  2 -2 -3 -1  2  0 -3 -2 -2 0 0 1 1 0.43
-2 -1  5  4 -3  0  1 -1  0 -3 -4  0 -3 -3 -2  0  0 -4 -3 -3 0 0 1 1 0.55
 1 -1  1  0 -1  0  0  0 -1 -2 -3  0 -2 -3 -1  4  1 -3 -2 -2 0 0 1 1 0.69
