-1 -1 -2 -3 -1  0 -2 -3 -2  1  2 -1  5  0 -2 -1 -1 -1 -1  1 0 0 1 1 0.94
 0 -2  0 -1 -2 -2 -2  6 -2 -4 -4 -2 -3 -3 -2  0 -2 -2 -3 -3 0 0 1 1 0.96
-2  0  1 -1 -3  0  0 -2  7 -3 -3 -1 -2 -1 -2 -1 -2 -2  2 -3 0 0 1 1 0.95
-2  0  1 -1 -3  0  0 -2  7 -3 -3 -1 -2 -1 -2 -1 -2 -2  2 -3 1 0 0 0 0.97
-1  0  0 -1 -3  4  1 -2  6 -3 -3  0 -1 -2 -2 -1 -1 -2  1 -3 1 0 0 0 0.96
-2  0  1 -1 -3  0  0 -2  8 -4 -3 -1 -2 -1 -2 -1 -2 -3  2 -3 1 0 0 1 0.94
-2 -1 -1 -3 -2 -1 -2 -3  5  1  3 -2  1  0 -3 -2 -2 -2  0  0 1 0 0 0 0.88
-2  0  1 -1 -3  0  0 -2  8 -4 -3 -1 -2 -1 -2 -1 -2 -3  2 -3 1 0 0 0 0.87
-1  4  0 -1 -3  4  1 -2  0 -3 -2  2 -1 -3 -2  1  0 -3 -2 -2 1 0 0 1 0.85
-2  5 -1 -2 -3  4  0 -3  1 -3 -3  1 -1 -3 -2 -1  1 -3 -2 -3 1 0 0 1 0.80
-1  5  0 -2 -4  2  0 -2 -1 -4 -3  4 -2 -4 -2  0 -1 -4 -3 -3 1 0 0 1 0.78
-2  3  0 -2 -4  2  0 -3 -2 -3 -1  5 -2 -4 -2  0 -2 -4 -3 -3 0 0 1 1 0.67
 2  0  0  2 -3  3  1  0 -1 -3 -3  2 -2 -4  1  0  0 -4 -3 -2 0 0 1 1 0.44
-1  0 -1 -1 -3  2  0 -3  2  0  0  0 -1 -1  3 -1  1 -3  0  0 0 0 1 1 0.19
-2 -4 -4 -5 -2 -4 -4 -5 -4  6  0 -4  1 -1 -4 -3 -2 -3  1  4 0 0 1 0 0.12
-1  0 -1 -2 -3 -2 -2  2 -3 -2 -2 -1 -2 -4 -3  1  5 -4 -3 -1 0 0 1 1 0.08
-3 -4 -4 -3 -5 -2 -3 -4 -4 -4 -3 -3 -4 -5  8 -3  0 -6 -5 -4 0 0 1 0 0.05
-1 -2 -1  4 -5  1  5 -3 -2 -5 -4 -1 -4 -5 -3  0 -2 -5 -4 -4 1 0 0 1 0.03
-3 -3  0  6 -4  1  1 -3  2 -1 -3 -2  0 -3 -3 -2 -2 -4  2 -1 1 0 0 1 0.03
-1 -4 -5 -5 -3 -4 -4 -5 -5  2 -1 -4 -1 -3 -4 -3 -1 -5 -3  6 1 0 0 0 0.02
-1  0 -4 -5 -3 -3 -4 -5 -4  1  5 -2  0 -1 -4 -2 -1 -3 -3 -1 1 0 0 0 0.01
 0  3  0 -2  2  1  0  3  1 -3 -3  1 -2 -3 -2  1  0 -3 -2 -3 0 1 0 1 0.01
-3 -3 -4 -4 -3 -3 -4 -4  0  0  5 -3  1  3 -4 -2 -2 -2  2 -1 0 0 1 0 0.01
-1  1  2  0 -2  3  1 -2 -1 -3 -3  0 -2 -4  1  1  2 -3 -3 -2 0 0 1 1 0.01
 1  3 -1 -2  0  0 -1  0 -2 -3 -2  3  1 -3 -2 -1 -1 -3 -3 -1 0 0 1 1 0.01
 0 -3 -3 -3 -1 -3 -3 -3 -3  3 -1 -3 -1 -2  5 -2 -1 -4  0  2 0 0 1 0 0.01
 0  0 -2 -3  1 -2 -2 -3 -3 -2 -2 -2 -2 -3 -3  1  6 -4 -2 -1 0 0 1 0 0.01
-1  1  0  3 -3  1  3  0 -1 -3 -3  1 -3 -4 -2  2  1 -4 -3 -3 0 0 1 1 0.01
 0  0  2  3 -1  0  0  3 -2 -2 -3  0 -2 -3 -2  0 -1 -4 -3  0 0 0 1 1 0.01
-3 -3 -3 -4  3 -3 -3 -4  3 -2 -2 -3 -2  5 -4 -3 -3  0  7 -2 0 0 1 0 0.01
-2 -3 -3 -4 -2 -2 -3 -4 -3  0  5 -3  3  0 -3 -3 -2 -2  1  0 0 0 1 0 0.01
-1 -4 -4 -4 10 -4 -4 -3 -4 -1 -3 -4 -3 -4 -4 -2  0 -4 -3 -1 0 0 1 0 0.01
 0  0 -1 -1  3 -1  0 -1 -2 -3 -3  1 -2 -3  4  2  0 -3 -3 -2 0 0 1 1 0.01
-1 -3 -3 -3 -3 -2 -2 -2 -3  0  2 -2 -1 -1  6 -2 -1  4 -2 -1 0 0 1 0 0.01
-1 -1  2  3 -3  0  3 -2 -1 -3 -2  0 -2 -3 -2  2  1 -4 -3 -3 0 0 1 1 0.01
 3 -1 -1  2 -2 -1  1 -1 -2 -3 -3  2 -2  0 -2  0 -1 -3 -2 -2 0 0 1 1 0.01
 0 -2  7 -1 -3 -2 -2  0 -1 -1 -4 -2 -3 -4  0 -1 -2 -4 -3 -3 0 0 1 0 0.01
-1 -2 -2 -2 -2 -2 -1  0  0  2  0  0 -1 -1 -2 -1  1 -2  1  2 0 0 1 0 0.01
-3  0 -4 -4 -4 -3 -4 -4  1 -2  1 -1 -2  5 -4 -3 -3  3  7 -1 0 0 1 0 0.01
-1 -1  3  1 -4  1  1  3  0 -4 -4  2 -2 -4 -3  0 -1 -4 -3 -4 0 1 0 1 0.01
-3 -1 -5 -5 -3 -4 -4 -5 -4  6  2 -4  0  3 -4 -4 -2 -3 -2  1 0 1 0 0 0.01
-2 -2  4  4 -4  2  3 -1 -1 -4 -4  0 -3 -3 -3 -1 -1 -4  1 -4 0 1 0 1 0.01
-4 -5 -5 -5 -4 -5 -5 -5 -3  2 -2 -5 -2  7 -5 -4 -4  7  3 -1 0 1 0 0 0.01
-2 -1  1 -2 -2 -1 -2 -3 -2  1  1  0  3 -1 -3  0  3 -3  1  0 0 1 0 0 0.01
-1  4 -1 -1 -2  1  1  0  3 -3 -3  3 -2 -3 -2  0 -1 -1 -2 -3 0 1 0 1 0.01
-3 -3 -3 -4 -3 -3 -3 -3 -2 -1  0 -3  1  7 -3 -3 -3 -1  3 -1 0 1 0 0 0.01
-2  1  3 -1 -1  0  0 -2  1  0 -3  4 -2 -3 -2  0  1 -4 -2 -1 0 1 0 1 0.01
-3 -4 -4 -4 -3 -4 -4 -5 -4  5  3 -4  4 -1 -4 -4 -2 -3 -3  2 0 1 0 0 0.01
-2  7 -2 -3 -5  0 -2 -3 -2 -2 -4  2 -3  0  0 -1 -3 -4 -3 -4 0 1 0 1 0.01
-4 -3  2  7 -1 -2  0 -3 -3 -5 -5 -1 -5 -5 -4 -2 -1 -6 -5 -5 0 0 1 0 0.01
 2 -3 -2 -1  0 -2 -3 -1 -2  0  1 -3  4  0  0 -1 -2 -2  4 -1 0 0 1 1 0.01
-1 -3 -1  6 -5 -1  5 -3 -3 -4 -5 -2 -4 -5 -3 -1 -3 -5 -1 -3 0 0 1 1 0.01
-2 -2 -1 -2  4 -1 -3 -2 -4 -4 -4 -2 -3 -5 -3  4  6 -5 -4 -3 0 0 1 1 0.01
-1 -3  3 -1 -4 -1 -2  6 -3 -1 -4  1 -4 -5 -4  0 -3 -4 -4 -4 0 0 1 1 0.01
-1  2  0 -1  2  1  1 -3 -1 -2 -2  3 -1 -2 -2  0  2 -4 -3 -2 0 1 0 1 0.01
-2 -3  0 -4 -3 -1 -3 -1 -3  3  0 -1  0 -2 -4 -2  0 -4  0  4 0 1 0 0 0.01
-3 -4 -5 -5  2 -4 -5 -5 -4  2  4 -4  3  2 -5 -4 -3  3  1  0 0 1 0 0 0.01
-5 -5 -6 -7 -5 -5 -6 -6 -4 -3 -1 -6  2  7 -6 -5 -5  9  1 -2 0 1 0 0 0.01
-3 -1  1  1 -5  4  5 -1  1 -4 -4  0 -1 -1 -3 -1 -2 -4 -3 -4 0 1 0 0 0.01
-2 -3 -3 -3 -2 -1 -2 -3 -3  4  1 -2  0  1 -3 -1  0 -2  0  3 0 1 0 0 0.02
 2  0  0 -1  2  0  0  1 -2 -2 -2  1 -2 -3 -2  2  1 -3 -2 -2 0 1 0 1 0.03
-1  3 -1  1 -3  1  1 -2 -2 -2 -2  5 -2 -3 -1 -1 -2 -3 -3 -3 0 0 1 1 0.04
-1 -3  0  3 -4 -2  0  0  0 -4 -4 -2 -4 -4  6 -1 -3  3 -3 -4 0 0 1 1 0.07
-1  0  0  2  2  0 -1  0 -2 -3 -2 -1 -3 -1  5  1  0  2 -3 -3 0 0 1 1 0.11
 0 -2  1  1 -2  0  0  0  2 -1 -2  0 -2 -1  2  1  0 -3 -2 -1 0 0 1 1 0.17
 0 -1  0  3  1 -1  2  0  1 -1 -2 -1 -2 -3  1  2  1 -3 -3 -2 0 0 1 1 0.31
-1 -2  0  2 -4  1  3 -1  2 -2 -2  0  0 -3  1  0 -2 -3  0 -3 0 0 1 1 0.30
 0  1  0  2 -3  1  2  0  0  0 -1  0  0 -1  1  0 -1 -3  1 -1 0 0 1 1 0.37
 0 -2 -1  2 -1  0  2 -2 -2  0  1 -1  1 -2 -1  0  0  3 -2  0 0 0 1 0 0.31
-1  0 -1  0 -3 -1  2  0 -1  0  0 -1 -2 -1  4 -1  0  2 -2  0 0 0 1 1 0.29
-1 -1  0  1  0  0  2  0  0  0  0  0  0 -1  0  1  0 -3 -2  1 0 0 1 1 0.33
-1 -1  1  3  1  0  2 -1 -2 -2 -2 -1  0 -2  1  1  0 -3 -3 -1 0 0 1 1 0.30
 0  0  0  1 -3  1  1  0  2  0 -1  0 -1 -2 -1  1 -1  1 -1  0 0 0 1 1 0.43
 0  0  0  2 -3  0  1 -1  3 -2 -2  1  0 -1  0  0  0 -3  1 -1 0 0 1 1 0.36
-1 -1 -1  4  0  1  3 -3 -1 -3 -2 -2  0 -4  2  0  0 -5 -4 -1 0 0 1 1 0.35
 0 -1 -1  2  1 -1  1 -2  1  1  2 -2  1 -1 -3 -1 -1 -3 -2  2 0 0 1 1 0.25
-3 -2 -2  5 -4 -1  2 -1  0 -2 -1 -1  1  0  1 -1 -2  0 -2 -1 0 0 1 1 0.18
 2 -1 -1 -2  1  0  1 -1  0 -1 -2 -1  0 -4  4  1  0 -4 -3 -2 0 0 1 1 0.13
 0  0  4  3 -3  0  2 -2 -2 -3 -3 -1 -3 -3 -2  1  0 -4 -3 -1 0 0 1 1 0.08
 4 -2 -1 -1 -3 -1  0 -1 -3 -3 -2 -1 -1 -3  2  1 -1 -4 -3  0 0 0 1 1 0.05
 0 -1  0 -1 -3  0 -1  5  0 -1 -1 -2 -3 -3 -2 -1 -2  1  1 -2 0 0 1 0 0.03
-3  7 -3 -3 -4 -1 -1 -4 -3 -4 -3  0  0 -4 -3 -1 -1 -4 -3 -2 0 1 0 0 0.02
-2  0 -1 -1 -3 -2  1 -3 -2 -2 -2 -1 -2  5 -3  0  1  2  3  0 0 1 0 0 0.01
-2 -4 -3 -4 -3 -3 -3 -4  4  4  0 -3  0 -3 -4 -2 -2 -4 -3  5 0 1 0 0 0.01
-3  6  0 -2  0  1  1 -3  0 -4 -2  1 -3 -1 -3  0 -2 -3 -1 -3 0 1 0 0 0.01
 2 -4 -4 -4  1 -3 -4 -4  1 -2 -3 -4 -3  0 -4 -3 -3 -2  9 -3 0 1 0 0 0.01
-2  2  1  0 -3  3  1 -2  3  0  0  1 -1 -2 -2 -1  0 -3 -1 -1 0 1 0 1 0.01
-2 -3 -3 -3  4 -3 -3 -3 -2  1  1 -3  0  5 -3  0 -1 -1  0  1 0 0 1 0 0.01
-1 -1 -2 -1 -3  0 -2  0 -3 -3 -1  0  1 -3  5  0  2 -4 -3 -2 0 0 1 0 0.01
 0 -1 -1 -2 -3 -1  0 -3 -2  0 -3  2 -2  0  5 -1 -1 -3  1 -1 1 0 0 1 0.01
 1  0  0  1  1  1  1 -2 -1 -1 -2  2 -2 -3 -1  1 -1 -3 -2 -1 1 0 0 1 0.02
-3 -4 -4 -5 -3 -4 -4 -4 -3  3  0 -4  3  7 -4 -4 -3 -1  1  1 1 0 0 0 0.02
-3 -4 -4 -5 -3 -4 -4 -5 -3  2  5 -4  2  3 -4 -4 -3 -2  2 -1 1 0 0 0 0.02
-1  4  1  1 -3  1  1 -1 -1 -3 -3  3 -2 -3 -2  0  0 -3 -3 -3 1 0 0 1 0.02
-1  0 -3 -3  6 -2 -3 -3 -3  0  3 -1  0  0 -3  0 -2 -3 -1 -1 1 0 0 0 0.02
-1  3 -1 -2 -2  0  0 -2 -2 -3 -1  4 -2  0  1  1 -1 -3 -2 -3 1 0 0 1 0.02
 2  0 -1 -2 -2  0 -1 -1  0 -2 -2 -1 -2  0 -2  2  3 -2  1 -1 1 0 0 1 0.02
-1 -3 -4 -4  2 -3 -3 -4 -4  3  1 -3  2  1 -3 -3 -2 -3 -2  5 0 1 0 0 0.02
 1  0 -1 -2 -1 -1 -2  4 -2 -2 -1 -1 -2  0 -2  2  1 -3 -2 -1 0 1 0 0 0.02
 3  4 -2 -3  4 -2 -2 -2 -3 -3 -3 -1 -3 -4 -3  2  2 -4 -3 -3 0 1 0 0 0.02
-1  3 -1 -1 -1  1  3 -3 -2 -3 -2  1 -1 -4 -3  1  4 -4 -3 -2 0 1 0 1 0.01
-1 -1 -2 -3 -2 -1 -2 -3 -2  2  2  1  3 -1 -3 -2 -1 -3 -2  2 0 1 0 0 0.01
-2 -2  4 -1 -1  1  4 -3  1 -1 -2 -1 -2 -3 -3 -1  1 -4 -3  1 0 1 0 0 0.01
-4 -5 -5 -6 -4 -5 -5 -5 -3  0 -1 -5 -2  8 -6 -5 -4 -1  1 -3 0 1 0 0 0.01
 0 -2 -1 -2  0 -2 -2  0 -3 -2 -3  0 -1 -4 -2  4  4 -4 -3 -1 0 1 0 1 0.01
-1 -2  1 -2  1 -2 -2 -2 -2  1 -1 -2 -1 -2 -2  2  2  1 -2  3 0 1 0 0 0.01
 1 -2 -1 -2 -3 -2 -2  5 -3 -1 -3 -1 -2 -1 -2  2 -1 -3 -3 -1 0 0 1 1 0.01
-2 -1  0  4 -1  1  3 -2  1 -2 -3  0 -3 -4  0  0 -1 -4 -3 -2 0 0 1 1 0.01
-1  1  0  0 -4  3  4 -3  1 -3 -3  4 -2 -3 -2 -1  0 -4 -3 -3 0 0 1 1 0.01
 1 -1 -2 -2 -1  0  0 -2 -2 -3 -2 -1 -2 -3  6  0 -1 -3 -3 -2 0 0 1 1 0.01
-2 -4 -4 -5 -2 -3 -4 -5 -4  4  2 -4  4 -1 -4 -3 -2 -4 -2  3 0 0 1 0 0.01
-1  0  3  1 -4  2  3 -2  1 -4 -4  2 -3 -4  0  1  0 -4 -3 -3 0 0 1 1 0.01
-2  1  5  2 -4  1  0  0  3 -4 -4  2 -3 -4 -3  0 -2 -5 -3 -4 0 0 1 1 0.01
-4 -4 -5 -5 -4 -5 -5 -5 -3  0  2 -5 -1  7 -5 -4 -4 -1  1 -2 1 0 0 0 0.01
-3  6 -1 -3 -2 -1 -2 -4 -2 -2 -2  2 -3 -4 -4  0 -1  1 -3 -3 0 1 0 1 0.01
-2 -3 -4 -5  1 -3 -4 -4 -4  2  4 -3  6 -1 -4 -3 -2 -3 -2  0 1 0 0 0 0.01
-2 -1 -2  0 -3  1  3 -4  0  4 -1  0  0 -2 -3 -2 -1 -4 -2  2 1 0 0 0 0.01
-2 -1 -1  1 -5  6  5 -2  2 -4 -4  0 -2 -4 -3 -1 -2 -4 -3 -4 1 0 0 0 0.01
-2  6  0  1 -1  1  1 -3 -1 -2 -3  2 -2 -4 -3 -2 -2 -4 -3 -3 1 0 0 0 0.01
-1 -2 -2 -3 -3 -2 -1 -4  7  1 -1 -2 -1  1 -3 -2 -2 -3  0  3 1 0 0 0 0.01
-3 -3 -3 -4 -3 -3 -3 -4  1  0  2 -1 -1  4 -4 -2 -3  0  7 -2 1 0 0 0 0.01
-3 -4 -5 -5 -3 -4 -4 -5 -3 -1  3 -4  0  7 -5 -4 -3 -1  2  0 1 0 0 0 0.01
-1  4  1  0 -4  2 -1 -1  4 -4 -4  3 -2 -4 -3 -1 -2 -4 -2 -4 1 0 0 1 0.01
-2 -2  2  4 -4 -1  1  4 -2 -5 -5 -1 -4 -4 -3 -1 -2 -4 -4 -4 1 0 0 1 0.01
-1  3  0  0 -1  4  1 -3  2 -3 -2  2 -2 -4 -2  0  0 -3 -2 -1 1 0 0 1 0.01
-1 -3 -1 -1  5 -3 -3 -4  0  1  3 -2  0 -2  2 -2 -2 -3 -2  0 1 0 0 0 0.01
-2 -4 -4 -5 -2 -3 -4 -5 -4  4  4 -4  2  1 -4 -3 -2 -3 -2  1 1 0 0 0 0.01
-2  1 -1  0 -5  2  5 -3 -1 -4 -4  4 -3 -4 -2 -1 -2 -4 -3 -4 1 0 0 1 0.01
-1  1  0 -1  0  1  3 -1  0 -3 -3 -1 -2 -3 -2  3  1 -3 -2 -2 0 0 1 1 0.01
-3 -3 -4 -4 -3 -3 -3 -4 -2 -2 -1 -3 -2  6 -4 -3 -3  9  5 -3 0 0 1 0 0.00
-2 -2  1  5 -3 -1  1 -2  0 -2 -2 -2 -2  2 -1 -1 -2 -3  0 -2 0 0 1 1 0.00
-3 -4 -4 -4 -3 -4 -4 -4 -3 -2 -1 -4 -2  8 -4 -1 -3 -1  2 -2 0 0 1 0 0.00
-2 -1  2  3 -1  1  4 -2  1 -3 -3  1 -3 -3 -2 -1  0 -3 -3 -3 0 0 1 1 0.00
-3 -4 -4 -4 -3 -4 -4 -4 -3 -1  0 -4  2  8 -4 -3 -3 -1  1 -2 0 0 1 0 0.00
-1 -3 -2 -2 -3 -3 -3  6 -3 -3 -3 -2 -1 -4  1 -2 -2 -3 -4 -2 0 0 1 0 0.00
-3 -3 -3 -3 -3 -3 -3 -3 -2 -2 -1 -3 -1  8 -3 -3  0  2  3 -2 0 0 1 0 0.00
-1 -3 -3 -3  8 -3 -3 -3 -3  0  0 -3  0 -2 -3 -2 -2 -3 -2  4 0 0 1 0 0.00
-1 -3 -3 -3 -2 -3 -3 -2 -3  5  1 -3  4 -1 -3 -2 -2 -3 -2  1 0 0 1 0 0.01
 0 -3 -3 -3 -4 -3 -3 -3 -3 -4 -4 -2 -3 -4  8 -2 -2 -4 -4 -3 0 0 1 0 0.01
-1  1  5  1 -3  0  0  1  2 -3 -3  0 -1 -1 -2  1 -1 -3 -1 -3 0 0 1 1 0.01
-1 -2 -1 -2 -2 -2 -2 -2 -2 -3 -1 -2 -2 -3 -2  5  3 -3 -3 -2 0 0 1 0 0.01
 0  2 -1 -2 -1  1  0 -2 -2 -1 -2  2 -1 -3 -2  0  4 -3 -2  1 0 0 1 1 0.01
-3 -2  7  0 -4 -1  0 -2 -1 -4 -4 -2 -3 -4 -3  0 -2 -4 -3 -4 0 0 1 0 0.01
-1 -2  0 -1 -2 -2 -2 -3 -3 -2 -3 -2 -2 -3 -2  2  6 -3 -3 -2 0 0 1 0 0.01
-3 -4 -4 -4  6 -3 -4 -4 -4 -3 -3 -4 -1 -2 -4 -3 -3 11 -1 -1 0 1 0 0 0.01
-2 -1 -1  1 -4  4  6 -3 -1 -4 -3  1 -3 -4 -2 -1 -2 -3 -3 -3 0 1 0 0 0.01
 0 -2  0 -2  0  0 -1 -2  6 -3 -3 -1  0 -2 -2  3  2 -3  0 -1 0 1 0 0 0.01
-2 -3 -3 -3 -2 -2 -2 -3 -3  5  1 -2  1 -1 -3  0  2 -3 -2  1 0 1 0 0 0.01
-3 -3 -3 -4 -3 -3 -3 -4 -1  4 -1 -3  0  2 -3 -3 -2  0  7  0 0 1 0 0 0.01
-2 -1 -1  2 -1  2  5 -3 -1  0 -1  0 -2 -3 -2 -1 -1 -3 -3 -1 0 0 1 1 0.01
 2 -2 -1 -2 -2 -1 -2 -2 -2  0  0 -2  1  3  1  0 -1 -1  0  1 0 0 1 0 0.02
 3 -1 -2 -2 -3 -2 -2 -2 -3 -3 -3 -2 -3 -4  6  1 -2 -4 -3 -3 0 0 1 0 0.02
-1 -1 -1  0 -3  2  2  0 -2 -2 -3  0 -2 -2  5  0 -1 -3 -2 -2 0 0 1 1 0.03
-1 -1 -2 -2 -2 -1  2  0 -1  0  3 -1  0  1  1 -1 -2 -2 -1 -1 0 0 1 0 0.04
 0 -1  0  2 -2 -1  1  0 -2 -3 -3  0 -2 -3  1  3  1 -3 -3 -2 0 0 1 1 0.04
 0  1  1  0 -3  3  3 -1  0 -3 -3  1 -2 -3  2  0  1 -3 -2 -2 1 0 0 1 0.05
-1 -1  0  2 -3  0  2 -2  0 -1 -1  0  6 -2 -2  1 -1 -3 -2 -1 1 0 0 1 0.05
-1 -1 -2 -2 -2 -1  0 -3 -2  1  3 -2  3  1 -2  0  0  2 -1  0 1 0 0 0 0.06
-1 -1 -1 -1 -2 -1  0 -2 -1  2 -1  0  1 -2  4  0 -1 -2  1  1 1 0 0 0 0.06
 3  1  0  0 -2  1  2 -2  0 -2 -2  1 -2 -3  1  0 -1 -3 -2 -1 1 0 0 1 0.06
 0 -1  3  1 -3  2  4 -2 -1 -3 -2  1 -2 -3 -2  1 -1 -3 -3 -3 1 0 0 1 0.05
 0 -3 -3 -3 -2 -2 -2 -3 -3  3  1 -3  6 -1 -3 -2 -1 -3  0  2 1 0 0 0 0.05
-1 -3 -3 -3 -2 -1 -2 -4 -3  4  3 -3  2 -1 -3 -3 -1 -3 -2  2 1 0 0 0 0.04
 1 -1  3  1 -2  0  1 -1 -1 -2 -2 -1 -1 -3 -2  3  0 -3 -2 -2 1 0 0 1 0.03
-1 -2  3 -2  1 -1 -2  5  4 -4 -4 -2 -3 -3 -3  1 -1 -3 -2 -3 0 0 1 0 0.03
-2 -1  4 -2 -4 -2 -2 -3 -2 -4 -3  0 -3 -4  6 -1 -1 -4 -3 -3 0 0 1 1 0.03
-2 -3 -1 -3 -2 -2 -3 -2 -2  0  1 -3  1  3 -3 -2 -2  5  4  2 0 0 1 0 0.02
-1 -2 -2  0 -1  0  4 -3 -2  1 -1  0  0 -2 -2 -1  1 -3 -1  1 0 0 1 1 0.02
-1 -3 -2 -3 -2 -2 -3 -3  0  4 -1 -2  2 -2 -3 -1  4 -3 -2  1 0 0 1 1 0.02
-1  3 -1 -1 -2  2  3 -2 -1 -1 -2  3 -2 -3 -2 -1 -1 -3 -2 -1 0 0 1 1 0.01
-1 -2 -1 -2 -2 -2 -2 -2 -2 -3 -3 -2 -2 -3 -2  5  5 -3 -3 -2 0 0 1 0 0.01
-1  0  0  5 -3 -1  0 -2  0 -3 -3  2 -2 -3 -2  1 -1 -3 -2 -3 0 0 1 1 0.01
 0 -1  3 -1  0 -1 -1 -1 -1 -1 -2 -1 -2 -2 -1  4  1 -2 -2 -2 0 0 1 0 0.01
-2 -2 -2 -3 -2  0 -2 -2 -2 -1  0 -2 -1  7 -2 -1 -2 -1  1 -2 0 1 0 0 0.01
-3 -3 -4 -4 -4 -3 -4 -4 -1 -2  0 -4  1  5 -4 -3 -3  0  8 -3 0 1 0 0 0.01
-3 -4 -4 -4 -1 -4 -4 -4 -2 -2 -1 -4 -2  8 -4 -3 -2 -1  4 -2 0 1 0 0 0.01
-1 -3 -1  4 -3 -3 -1 -4 -3  1 -1 -3  0 -2 -3 -2 -2 -4  0  4 0 1 0 0 0.01
-2 -1  1  5 -5  0  1  4 -3 -5 -5 -2 -4 -5 -3 -1 -2 -5 -4 -5 0 0 1 1 0.01
-2 -3  5  6 -5 -2  1  1 -2 -5 -5 -2 -4 -5 -3 -1 -2 -5 -4 -5 0 0 1 1 0.01
-1  2 -1 -1 -2  1  0 -3  1 -2  0  4  0 -1 -2 -1  0 -1 -2 -1 0 1 0 1 0.01
-3 -4 -3 -5 -3 -4 -4 -5 -4  0  5 -2  1  0 -4 -4 -1 -3 -3  0 0 1 0 0 0.01
-2 -4 -4 -5 -3 -4 -4 -4 -5  5  0 -4  2 -2 -4 -3 -1 -4 -3  4 0 1 0 0 0.01
-1 -3 -2 -4  0 -2 -3 -3 -3  0  1 -3  8  0 -4  2  0 -3 -2  0 0 1 0 0 0.01
-3  1  1 -2 -4 -1 -1 -3  8 -4 -4  1 -3 -3 -3  0  2 -4 -1 -4 0 1 0 0 0.01
-2 -2  6 -1 -1 -1 -1 -2  1 -4 -4 -2 -3 -4 -3  3  1 -5 -3 -2 0 0 1 0 0.01
-1  4  0 -2 -4  0 -1 -2 -2 -4 -4  5 -3 -4 -3 -2 -2 -4 -3 -1 0 0 1 1 0.02
 4 -3 -3 -4 -2 -3 -3 -2 -4  1 -1 -3 -1 -2 -1 -1 -1 -4 -3  3 0 0 1 0 0.03
-2  4 -1  3 -4  1  2 -3 -2 -3 -1  0 -2  3 -3 -1 -2 -3 -1 -3 0 1 0 1 0.04
-3 -4 -4 -5 -3 -3 -4 -5 -1  1  2 -4  1  1 -5 -4 -3  0  7  1 0 1 0 0 0.03
 1 -1 -1  1 -2  0 -1 -2 -1 -2 -2  2 -2  4 -3  1 -1 -2  2 -2 0 1 0 1 0.04
-4 -4 -4 -5 -5 -4 -4 -5  0 -3 -3 -4 -3  3 -5 -4 -4  0  9 -3 0 0 1 0 0.06
-1 -2  4  4 -2  0  0 -2 -1 -4 -4 -1 -3 -4 -2  3  2 -4 -3 -3 0 0 1 1 0.10
 3 -3 -1 -2 -2 -1 -2  5 -3 -4 -4 -2 -3 -4 -2  0 -2 -3 -3 -3 0 0 1 1 0.25
 0 -3  0 -2 -3 -2 -2  6 -2 -4 -4 -2 -3 -4 -2  0  1 -3 -3 -3 0 0 1 1 0.38
-1 -2 -2 -2 -3 -2 -1 -3 -3 -3 -3 -1 -3 -4  8 -1 -1 -4 -3 -3 0 0 1 1 0.50
