 0 -2  0 -1 -2 -2 -2  6 -2 -4 -4 -2 -3 -3 -2  0 -2 -2 -3 -3 0 0 1 1 0.81
-1 -1 -2 -3 -1  0 -2 -3 -2  1  2 -1  5  0 -2 -1 -1 -1 -1  1 0 0 1 1 0.73
-1  0  0  1 -4  2  5 -2  0 -3 -3  1 -2 -3 -1  0 -1 -3 -2 -2 0 0 1 1 0.65
-1 -2 -2 -1 -3 -1 -1 -2 -2 -3 -3 -1 -2 -4  7 -1 -1 -4 -3 -2 0 0 1 1 0.57
 1 -1  1  0 -1  0  0  0 -1 -2 -2  0 -1 -2 -1  4  1 -3 -2 -2 0 0 1 1 0.52
 4 -1 -2 -2  0 -1 -1  0 -2 -1 -1 -1 -1 -2 -1  1  0 -2 -2  0 1 0 0 1 0.38
-1  2  0 -1 -3  1  1 -2 -1 -3 -2  4 -1 -3 -1  0 -1 -3 -2 -2 1 0 0 1 0.28
-2  0  1 -1 -3  0  0 -2  7 -3 -3 -1 -2 -1 -2 -1 -2 -2  2 -3 1 0 0 1 0.22
-1 -2 -3 -4 -1 -2 -3 -4 -3  2  4 -2  2  0 -3 -2 -1 -2 -1  1 1 0 0 0 0.15
-1  1  0  0 -3  6  2 -2  0 -3 -2  1  0 -3 -1  0 -1 -2 -2 -2 1 0 0 1 0.12
-1 -2 -3 -4 -1 -2 -3 -4 -3  3  3 -2  4  0 -3 -2 -1 -2 -1  2 1 0 0 0 0.10
-1  4  0 -1 -3  4  1 -2  0 -3 -2  3 -1 -3 -2  0 -1 -3 -2 -3 1 0 0 1 0.10
-1  0  0 -1 -2  5  1 -2  0 -2 -2  1 -1 -3 -1  0  2 -2 -2 -1 1 0 0 1 0.08
-2 -2 -4 -4 -1 -2 -3 -4 -3  2  4 -3  2  0 -3 -3 -1 -2 -1  1 1 0 0 0 0.07
 0 -1 -1  0 -2  0  3 -2 -1 -1  1  0  0 -1 -2  2  0 -3 -2 -1 1 0 0 0 0.07
 0  0  1  3 -2  3  1 -1  0 -3 -3  0 -2 -3 -1  2  0 -3 -2 -2 1 0 0 1 0.07
-1  3  0  4 -4  1  3 -2 -1 -3 -3  1 -2 -3 -2  0 -1 -3 -2 -3 1 0 0 1 0.07
-2  5 -1 -3 -3  0 -1 -3 -1 -3 -2  1 -2 -1 -3 -2 -2  8  0 -3 1 0 0 0 0.07
 0 -1  0 -1 -2 -1 -1 -2  5  0 -1 -1 -1 -2 -2  2  0 -3  0  2 1 0 0 0 0.08
 3 -2  0  3 -1 -1  0  0 -2 -2 -2 -1 -2 -3 -1  1  0 -3 -2 -1 1 0 0 1 0.08
 2 -1 -1 -2 -2 -1 -1 -1  5 -2 -2 -1 -1  1 -2  0 -1  0  4 -1 1 0 0 0 0.10
-1  0 -1  0 -3  3  3 -3 -1 -1  1  0  0 -2 -2 -1 -1 -2 -2 -1 1 0 0 0 0.12
-1 -1 -1 -2 -2  3  0 -3 -1  1  1  0  4 -1 -2 -1 -1 -2 -1  2 1 0 0 0 0.10
 2  3 -1  0 -2  1  3 -1 -1 -3 -2  1 -2 -3 -1  0 -1 -3 -2 -2 1 0 0 1 0.09
 0 -3 -1 -1 -3 -2 -2  6 -2 -4 -4 -2 -3 -3 -2  0 -2 -3 -3 -3 1 0 0 0 0.08
-2 -1  4  5 -3  0  1 -1 -1 -3 -4 -1 -3 -4 -2  0 -1 -4 -3 -3 0 0 1 0 0.07
 2  3 -2 -2 -2  0 -1 -2 -1  0  1  0  0 -1 -2  0 -1 -2 -2  0 1 0 0 0 0.06
-2 -1  1  5 -4  1  3 -2 -1 -3 -4  0 -3 -4 -2  0 -1 -4 -3 -3 1 0 0 1 0.05
 4 -2 -2 -2 -1 -1 -1  0 -2 -2 -2 -1 -1 -2 -1  1  0 -3 -2  0 1 0 0 0 0.04
-1 -2 -3 -4 -2 -1 -3 -3 -2  1  3 -2  5  0 -3 -2 -1 -2 -1  1 1 0 0 0 0.03
 2  3  0 -2 -2  0  0 -1  5 -3 -2  0 -1 -2 -2  0 -1 -3  0 -2 1 0 0 1 0.02
 2  0 -1  0 -2  3  3 -1  0 -3 -2  1 -1 -3 -1  0 -1 -3 -2 -2 1 0 0 1 0.02
-2 -2 -4 -4 -1 -2 -3 -4 -3  2  4 -3  2  0 -3 -3 -1 -2 -1  1 1 0 0 0 0.02
 2 -2 -2 -3 -1 -1 -2 -2 -2  1  2 -2  4 -1 -2 -1 -1 -2 -1  0 1 0 0 0 0.01
 0 -1  0 -1 -2  0  0 -1  5 -2 -2 -1 -1 -2 -1  2  3 -3  0 -1 0 0 1 1 0.01
-1 -1  1  5 -3  0  1 -1 -1 -3 -3 -1 -3 -3 -1  2  0 -4 -3 -3 0 0 1 1 0.01
-1 -1  1  5 -3  0  1 -1 -1 -3 -4 -1 -3 -3 -1  2  0 -4 -3 -3 0 0 1 1 0.01
-3 -3 -3 -4 -3 -4 -4 -4 -1  0  0 -3  0  7 -4 -3 -2  1  3 -1 0 0 1 0 0.01
 0  2  0 -1 -1  0 -1 -1 -1  0 -1  0 -1 -2 -2  3  1 -3 -2  1 0 1 0 1 0.01
-2 -2 -3 -4 -2 -2 -3 -4  0  0  2 -3  0  4 -3 -2 -2  1  5 -1 0 1 0 0 0.01
-1 -3 -3 -3 -1 -3 -3 -4 -3  3  1 -3  1 -1 -3 -2  0 -3 -1  4 0 1 0 0 0.01
-1 -2  3  4 -3 -1  0  3 -1 -4 -4 -1 -3 -4 -2  0 -1 -4 -3 -3 0 1 0 0 0.01
 0 -2  0 -1 -2 -1 -1  3 -2 -3 -3 -1 -2 -3  4  3  0 -3 -3 -2 0 0 1 0 0.01
 0  0 -1 -1 -2  4  1 -2 -1 -1  1  0  0 -2 -2  1  0 -2 -2 -1 0 0 1 1 0.01
 0 -3 -1 -2 -3 -2 -2  6 -2 -4 -4 -2 -3 -3 -2  0 -2 -3 -3 -4 0 0 1 0 0.01
-1  4 -1 -2 -3  0 -1 -3 -1 -2 -1  1 -1  3 -2  0  2 -1  0 -1 0 0 1 1 0.01
-1  0 -1 -2 -2  4  0 -3 -1  0  2  0  3 -1 -2 -1 -1 -2 -1  0 0 0 1 1 0.01
-2 -3 -4 -4 -2 -3 -3 -3 -2  0  2 -3  0  5 -4 -3 -2  7  2 -1 0 0 1 0 0.01
-1 -2  3  5 -3 -1  0  3 -1 -4 -4 -1 -3 -4 -2  0 -1 -4 -3 -3 0 0 1 1 0.01
 1  2 -1 -1 -2  1  0 -1 -1 -3 -2  4 -1 -3 -1  0 -1 -3 -2 -2 1 0 0 0 0.01
 1  0 -1  0 -3  3  4 -1  0 -3 -3  1 -1 -3 -1  0 -1 -3 -2 -2 1 0 0 1 0.01
-1  0  0  0 -2  3  3 -2 -1 -2 -2  0 -1 -3 -1  1  3 -3 -2 -1 1 0 0 1 0.01
-2 -2 -3 -4 -3 -2 -3 -3  0 -1 -1 -3 -1  4 -4 -2 -2  8  6 -2 1 0 0 0 0.01
-2 -2 -3 -4 -2 -2 -3 -4 -3  1  4 -2  4  0 -3 -2 -1 -2 -1  1 1 0 0 0 0.01
-1 -1  1  5 -3  0  3 -2 -1 -3 -3  0 -2 -3 -1  0  2 -4 -3 -2 1 0 0 1 0.01
 1  3  0 -1 -2  3  0 -2  4 -3 -2  1 -1 -3 -2  0 -1 -3  0 -2 1 0 0 1 0.01
-1 -1 -2 -2 -2 -1 -2 -2  1 -1 -1 -2 -1  4 -2 -1 -1  2  6 -1 0 0 1 0 0.01
-1  2 -2 -3 -2 -1 -2 -3 -2  2  0  0  0 -1 -3 -2  0 -3 -2  3 0 0 1 0 0.01
-1 -2  1  5 -3 -1  1 -2 -1 -3 -3 -1 -2 -3 -2  0  2 -4 -3 -2 0 0 1 1 0.01
 0 -2 -1 -2 -3 -2 -2  4 -2 -4 -4 -1 -3 -4  6 -1 -2 -3 -3 -3 1 0 0 0 0.01
-1 -2  1  5 -3 -1  0  2 -2 -3 -3 -1 -2 -3 -2  0  2 -4 -3 -2 0 0 1 1 0.01
 3 -1 -2 -2 -1  2  0 -1 -1 -1  1  0  0 -2 -2  0 -1 -2 -2  0 0 0 1 1 0.01
-1 -3 -3 -4 -1 -3 -3 -4 -3  4  2 -3  1  0 -3 -2 -1 -3 -1  3 0 1 0 0 0.01
-1  3  0 -1 -3  4  1 -2  0 -2 -2  1 -1 -3 -2  0  2 -3 -2 -2 0 1 0 1 0.01
-2 -2 -2 -3 -2 -1 -2 -2 -2 -2 -1 -2 -1  1 -2 -2 -2 11  2 -2 1 0 0 0 0.01
 0  0  0 -1 -2  0  0 -1 -1  1 -1  2 -1 -2 -1  3  0 -3 -2  0 1 0 0 0 0.02
 3 -1  3  0 -1  0 -1  0 -1 -2 -2 -1 -2 -3 -1  2  0 -3 -2 -1 1 0 0 0 0.02
-1  0 -1 -1 -3  5  1 -2  0 -1  1  1  0 -2 -2 -1 -1 -2 -2 -1 0 0 1 1 0.02
-1 -2  0  4 -2 -1  0 -2 -2  1 -1 -1 -1 -2 -2  0  2 -4 -2  0 0 0 1 1 0.03
 2 -2 -1 -2 -1 -1 -1 -1 -2 -2 -2 -1 -1 -1 -2  2  2  7  0 -1 0 0 1 1 0.03
-1 -1 -1  0 -3  1  4 -3  5 -1 -2  0 -1 -2 -2 -1 -1 -3  0  1 0 0 1 1 0.03
 0 -1  0  3 -2  0  3 -1 -1 -2 -3  0 -2 -3 -1  2  2 -3 -2 -2 0 1 0 1 0.04
 2 -2 -3 -3 -1 -2 -2 -2 -2  1  1 -2  3  3 -2 -1 -1 -1  0  2 0 1 0 0 0.04
-1 -2  0  3 -3  0  2  2 -2 -1 -2 -1 -1 -3 -2 -1 -1 -3 -2  1 0 1 0 1 0.04
 0 -2 -2 -1 -1 -1  2 -3 -2  2  0 -1  0 -1 -2 -1  0 -3 -2  4 0 1 0 0 0.03
-1  4  0  0 -3  1  2 -2 -1 -3 -2  1 -2 -3 -2  0  2 -3 -2 -2 0 1 0 1 0.03
-1 -2 -1  3 -2 -2 -1  2 -2  1 -1 -2 -1 -2 -2 -1 -1 -3 -2  2 0 1 0 0 0.02
-2  2 -2 -3 -3 -1 -2 -3  1 -1 -1 -1 -1  4 -3 -2 -2  1  6 -2 0 1 0 0 0.02
 0 -2 -1  0 -3  0  2  5 -2 -4 -4 -1 -3 -3 -2  0 -2 -3 -3 -3 0 0 1 1 0.02
-1 -2  1  6 -3 -1  1 -2 -1 -3 -3 -1 -3 -3 -2  0  2 -4 -3 -2 0 0 1 1 0.01
-1 -2 -2 -3  6 -2 -3 -3 -3  0  2 -2  1 -1 -3 -1  2 -2 -2  0 1 0 0 0 0.01
 5 -2 -2 -2 -1 -1 -1  0 -2 -2 -2 -1 -1 -3 -1  1  0 -3 -2  0 0 1 0 0 0.01
-1 -3 -3 -4 -1 -2 -3 -4 -3  2  2 -3  1 -1 -3 -2  0 -3 -1  4 0 1 0 0 0.01
 0 -3 -3 -4 -1 -2 -3 -4 -3  3  1 -3  1 -1 -3 -2  0 -3 -1  4 1 0 0 0 0.01
-1  0 -1 -1 -2  4  1 -2 -1  0 -1  0  0 -2 -2  0  2 -3 -2  1 1 0 0 0 0.01
-1 -2 -1 -1  5 -1  2  2 -2 -1  1 -1 -1 -2 -2 -1 -1 -3 -2 -1 1 0 0 0 0.01
-1 -3 -3 -4 -1 -3 -3 -4 -3  3  2 -3  1  0 -3 -2 -1 -3 -1  3 1 0 0 0 0.02
-1 -2 -2 -3 -2 -1 -2 -3  4  2  2 -2  1 -1 -3 -2 -1 -3  0  3 1 0 0 0 0.02
-1  3  0  0 -3  1  4 -2 -1 -2 -2  1 -2 -3 -1  0  2 -3 -2 -2 1 0 0 1 0.03
-1  0  1  5 -4  3  3 -2  0 -3 -3  0 -2 -4 -2  0 -1 -3 -3 -3 1 0 0 1 0.03
-1  1  0  0 -3  1  3 -2  4 -3 -3  4 -2 -3 -1  0 -1 -3 -1 -3 1 0 0 1 0.03
 1 -2 -2 -3 -2 -2 -2  2 -2 -1 -1 -2 -1  5 -2 -1 -1  0  1 -1 1 0 0 0 0.04
 2 -2 -1 -2 -1 -1 -1 -1 -2  1 -1 -1  0 -2 -1  2  2 -3 -2  1 1 0 0 1 0.04
-2 -2 -3 -4 -2 -2 -3 -3  0 -1  1 -2  0  2 -3 -2 -2  7  6 -1 0 0 1 1 0.04
-1  3  0 -2 -3  0 -1  4  4 -4 -3  0 -2 -3 -2 -1 -2 -3 -1 -3 0 0 1 1 0.05
 0  2  0 -1 -2 -1 -1  4 -2 -3 -3  0 -2 -3 -2  0  2 -3 -3 -2 0 0 1 1 0.05
-1 -1  5  1 -3  1  2 -1  0 -3 -3  0 -2 -3 -2  2  0 -4 -2 -3 0 0 1 0 0.04
 3 -2 -2 -2 -1 -1 -1 -1 -2 -1  0 -1  3 -2  4  0 -1 -3 -2  0 0 1 0 0 0.03
-1 -2 -2 -3 -2 -2 -2 -3  0 -1 -1 -2 -1  4 -3 -1  2  1  5 -1 0 1 0 0 0.03
-1 -1  0  3 -2  0  2 -2 -1  1 -1 -1 -1 -2 -2  1  0 -3 -2  0 0 1 0 1 0.02
 2 -2 -1 -2 -2 -2 -2  5 -2 -3 -3 -2 -2 -3 -2  0 -1 -3 -3 -2 0 1 0 0 0.02
-1  5 -1 -1 -4  1  3 -3  0 -3 -3  2 -2 -3 -2 -1 -1 -3 -2 -3 0 1 0 0 0.02
-3 -3 -3 -4 -3 -4 -4 -4 -1  0  0 -3  0  7 -4 -3 -2  1  3 -1 0 1 0 0 0.01
-2  5 -1 -2 -3  0 -1 -3 -1 -3 -2  1 -2 -2 -3 -1 -2  7  0 -3 0 1 0 0 0.01
 1 -1  0 -1 -1  0 -1 -1 -1 -1 -1 -1  3 -2 -1  4  1 -3 -2 -1 0 1 0 0 0.01
 0 -2 -1 -2 -1 -1 -2 -3 -2  1  1 -2  0 -1 -2  0  3 -3 -2  2 0 1 0 0 0.01
-1  0  0 -1 -3  3  0 -2  6 -3 -3  0 -1 -2 -2  2 -1 -3  0 -3 0 1 0 0 0.02
-1 -3 -4 -4 -1 -3 -3 -4 -3  3  3 -3  2  0 -3 -2 -1 -2 -1  2 0 1 0 0 0.01
 1 -2 -2 -3 -2 -1 -2 -2  1 -2 -1 -2 -1  2 -2 -1 -1  1  6 -1 0 1 0 0 0.02
 1 -2 -2 -2 -1 -1 -2 -2  4  2  0 -2  0 -1 -2 -1 -1 -3  0  2 0 1 0 0 0.02
-2  5 -1 -2 -3  1  0 -2 -1 -3 -2  3 -2 -2 -2 -1 -1  7  0 -3 0 1 0 1 0.02
 1  4 -1 -1 -3  1  2 -2 -1 -3 -2  1 -2 -3 -2  0 -1 -3 -2 -2 0 0 1 1 0.02
-2 -1  3  5 -4  0  3 -1  0 -3 -4  0 -3 -4 -2  0 -1 -4 -3 -3 0 0 1 1 0.02
 0 -2 -1  0 -3  0  2  5 -2 -4 -4 -1 -3 -3 -2  0 -2 -3 -3 -3 0 0 1 1 0.02
 0  2 -2 -2 -2 -1 -2  2 -2  1 -1  0  0 -2 -2 -1 -1 -3 -2  2 0 0 1 0 0.02
-3 -3 -4 -5 -3 -2 -3 -3 -3 -3 -2 -3 -2  1 -4 -3 -3 12  2 -3 0 1 0 0 0.01
-1  3 -2 -2 -2  0 -1 -3 -2  0  2  2  1 -1 -2 -1 -1 -2 -2  0 0 1 0 1 0.01
-2 -3 -4 -4 -2 -2 -3 -3 -1 -1  1 -3  0  1 -4 -3 -2  9  4 -1 0 1 0 0 0.01
 1 -1 -1 -2 -2  2  0 -2  4  1 -1 -1  0 -2 -2  0 -1 -3  0  0 0 1 0 0 0.02
 2 -2 -1 -2 -2 -2 -2  4 -2 -2 -2 -2 -2  3 -2  0 -1 -1  0 -2 0 1 0 0 0.03
-1 -2 -1 -2 -2 -1 -2  4  4  1 -1 -2 -1 -2 -3 -1 -2 -3 -1  0 0 1 0 0 0.06
-1  1  0 -1 -3  6  2 -2  0 -3 -2  1 -1 -4 -2  0 -1 -2 -2 -3 0 1 0 0 0.08
 1 -2 -2 -2 -1 -1 -2 -2 -2  0  3 -1  1 -1 -2  1  0 -2 -2  0 0 0 1 0 0.08
 0 -1  0 -1 -1 -1 -1 -1 -2 -1 -2 -1 -1 -2 -1  3  5 -3 -2 -1 0 0 1 0 0.13
-1 -2 -2 -2 -3 -1 -2  2 -2 -2 -1 -1  2 -2  6 -1 -1 -3 -3 -2 0 0 1 1 0.19
-2 -3 -4 -4 -1 -3 -3 -4 -3  3  3 -3  2  0 -3 -3 -1 -2 -1  2 0 0 1 0 0.33
-2 -1  4  5 -3  0  1 -1 -1 -3 -4 -1 -3 -4 -2  0 -1 -4 -3 -3 0 0 1 1 0.43
-1 -2 -2 -1 -3 -1 -1 -2 -2 -3 -3 -1 -2 -4  7 -1 -1 -4 -3 -2 0 0 1 1 0.53
 1 -1  1  0 -1  0  0  0 -1 -2 -2  0 -1 -2 -1  4  1 -3 -2 -2 0 0 1 1 0.66
