 0 -2  0 -1 -2 -2 -2  5 -2 -4 -4 -1 -3 -3 -2  0 -2 -2 -3 -3 0 0 1 1 0.96
 1 -1  1  0 -1  0  0  0 -1 -2 -3  0 -2 -3 -1  4  1 -3 -2 -2 0 0 1 1 0.97
-2  4  0 -1 -3  1  0 -2  6 -3 -3  1 -2 -2 -2 -1 -1 -3  1 -3 0 0 1 1 0.97
-1 -2 -3 -3 -2 -1 -2 -3 -2  2  2 -2  6  0 -3 -2 -1 -2 -1  1 1 0 0 0 0.97
 4 -2 -2 -2 -1 -1 -1  0 -2 -1 -2 -1 -1 -2 -1  1  0 -3 -2  0 1 0 0 0 0.98
 4 -2 -2 -2 -1 -1 -1  0 -2 -1 -2 -1 -1 -2 -1  1  0 -3 -2  0 1 0 0 1 0.98
 3 -1 -1 -2 -1 -1 -1 -1  3 -2 -2 -1 -1 -2  2  1  1 -3 -1 -1 0 0 1 0 0.98
 2 -2  2 -1 -1 -1 -1  3 -1 -1 -2 -1 -1 -3 -2  1  1 -3 -2  0 0 0 1 0 0.99
-2 -1  1  6 -4  0  3 -2 -1 -4 -4  0 -3 -4 -2  0 -1 -4 -3 -3 0 0 1 1 0.98
 1 -1  0 -1 -1  0  0 -1 -1 -2 -3  0 -2 -3 -1  4  2 -3 -2 -2 0 0 1 0 0.98
-1 -2 -2 -2 -2 -2 -2 -2 -2 -1 -1 -2 -1  3  5  0  0 -1  0 -2 0 0 1 1 0.98
 0  3  0 -1 -2  0 -1 -1 -1 -2 -1  0 -1 -2 -2  4  0 -3 -2 -2 0 0 1 1 0.97
 1 -1 -1 -2 -2 -2 -2  5 -2 -2 -3 -1 -2 -3 -2  0 -1 -3 -3  0 0 0 1 1 0.95
 0 -2 -1 -2 -3  1 -2  6 -2 -3 -3 -1  1 -3 -3 -1 -2 -3 -3 -3 0 0 1 0 0.93
 2 -2 -1 -1 -2 -1 -1 -1 -2  0 -2 -1 -1 -2  5  2  0 -3 -2 -1 0 0 1 1 0.88
 2 -2 -1 -2  2 -1  0  1 -2 -1  0 -1  4 -2 -2  1  0 -2 -2 -1 0 0 1 0 0.83
 3 -2 -1  2 -2 -1 -1  3 -2 -3 -3 -1 -2 -3 -2  0 -1 -3 -3 -2 0 0 1 0 0.74
 0 -1 -3 -3 -2 -2 -1 -3 -2  1  0 -2  0  3  0 -2 -1 -2  0  3 0 1 0 0 0.64
-1  4 -1 -1 -3  2  2 -2 -1 -3 -3  2 -2 -3 -2  0  1 -3 -2 -2 0 1 0 1 0.53
 0  1 -2 -3 -2 -1 -2 -3 -2  1  3  0  1  1 -2 -2 -1 -2 -1  0 0 0 1 1 0.42
 0 -1 -1 -1 -2  0 -1 -1 -1 -2 -2  2 -2 -3  6  0  0 -2 -2 -2 0 0 1 0 0.34
-1  5 -1 -1 -3  0  0 -2 -1 -3 -2  2 -2 -3 -2  1  0 -3 -2 -2 0 0 1 1 0.26
 2 -1 -1 -1 -1 -1 -1 -1 -2 -1 -1 -1 -1 -2  3  3  0 -3 -2  0 0 0 1 1 0.18
 3 -3 -3 -3 -3 -3 -2 -3 -3 -4 -4 -2 -3 -5  7 -1 -2 -5 -4 -3 0 0 1 1 0.10
 3 -3 -3 -3 -3 -2 -2 -2 -3 -3 -3 -2 -3 -4  6  0  0 -4 -4 -2 0 0 1 0 0.06
-2 -1 -4 -4 -2 -3 -3 -4 -4  2  3 -3  2 -1 -3 -3  0 -3 -2  3 0 1 0 0 0.04
-2  1 -2 -2 -5  1 -1 -3 -2 -4 -4  7 -3 -5 -3 -2 -2 -5 -3 -4 0 1 0 0 0.02
-2 -1 -4 -4 -2 -3 -3 -4 -3  2  3 -3  3  1 -4 -3 -1 -3 -2  4 0 0 1 0 0.02
-1 -4 -4 -5 -3 -4 -4 -4 -3  0  4 -4  1  5 -4 -3 -3 -2  0 -1 0 0 1 0 0.02
 3 -2 -2 -3  5 -2 -2  1 -3  1 -2 -2 -2 -3 -2  2 -1 -3 -3  0 1 0 0 0 0.02
 0  1  1 -1  1 -1  1  2 -2 -3 -3  0 -2 -3 -2  3  0 -4 -3 -1 1 0 0 1 0.02
-1 -1 -2 -2 -5  8  0 -3  2 -5 -4  0 -2 -5 -3 -2 -2 -4 -3 -4 1 0 0 0 0.02
-3 -4 -5 -5 -3 -4 -4 -5 -4  1  5 -4  1 -1 -4 -4 -2 -3 -2  1 1 0 0 0 0.03
 1  5 -2 -2 -3  1 -1 -2 -2 -1 -3  3 -2 -3 -2 -1 -1 -4 -3 -2 1 0 0 1 0.04
 0  3 -1  1 -1  1  1  2  3 -3 -3  0 -2 -3 -2 -1  0 -3 -2 -2 1 0 0 1 0.05
 3 -3 -1  3  6 -2 -1  0  1 -3 -3 -2 -3 -3 -2  1 -1 -4 -3 -2 1 0 0 0 0.07
 2  0 -1 -2  1  1  0  0 -2 -2 -2  1 -2 -3 -2  0  3 -3 -2 -1 0 1 0 0 0.08
-1  2  1  0 -3  2  4 -2  1 -3 -3  1 -2 -3 -2  0  1 -3 -2 -2 0 1 0 1 0.07
 1  0 -1 -2  2 -1 -1  3 -2 -2  0 -1 -1 -2  1  0 -1  0 -2 -1 0 0 1 1 0.07
 1 -2 -1 -1 -2 -2 -2  4 -3 -1 -3 -2 -2 -3  3  1  2 -3 -3 -2 0 0 1 0 0.09
-1 -2 -2 -1 -3 -2 -1 -2 -2 -1  0  0  0 -3  6  1 -1 -4 -3 -2 0 0 1 1 0.13
 1 -2 -1  0 -2  0 -1  4 -2 -2 -1 -1 -2 -2 -2  2  0 -3 -2 -2 0 0 1 1 0.14
 2 -1  0  1 -2 -1  2 -1 -1 -1 -2 -1 -1  1 -2  0  1 -2  1 -1 0 0 1 1 0.14
-2 -2 -2 -2  4  1  0  2 -2 -3 -2 -2 -2  0 -3 -1 -2  9  0 -2 0 0 1 0 0.13
-1  4  1  0  0  0  0 -1 -1 -1  0  0 -1 -2 -2  0 -1  3 -1 -1 0 1 0 1 0.11
-1 -1 -2 -1 -2  0  1 -1  0  1  2 -1  0 -1 -2 -1 -1 -2 -1  1 0 1 0 0 0.12
 0 -1  1  0  2  1  0 -1 -2 -1 -1  0  0 -3 -2  3  0 -3 -2 -1 0 0 1 1 0.13
-2  5 -1 -1  3  3 -1 -3 -2 -3  0  1 -2 -3 -3  1 -1 -3 -3 -3 0 0 1 0 0.14
 3 -2  2 -2 -2  0 -1  0 -2 -2 -1 -1 -2 -3  3  1  0 -3 -3 -1 0 0 1 1 0.12
 3 -1 -2 -2 -2 -1  0  1 -2 -1 -1  0 -2 -3  1  1 -1 -3 -3 -1 0 0 1 1 0.11
 2 -1 -2 -2 -2  2 -1  0 -2  0  0  1 -1  2 -2  0  0 -2 -1  0 0 0 1 1 0.10
-1 -1  0 -2 -3 -2 -2  4 -2 -3 -2 -2  3 -3 -3  1  1  4 -2 -2 0 0 1 1 0.08
-2  4 -2 -3 -3  2 -1 -2 -2 -1  3  0  0 -2 -3 -2  0 -3 -2 -1 0 0 1 1 0.07
 1  0  0 -1 -2  1  1  3 -1 -1 -2  0 -2  1 -2  0 -1 -2  0 -2 0 0 1 1 0.05
 1 -2 -2 -2 -3 -1 -1  4 -2 -3 -2 -2 -2 -3  5  1 -1 -3 -3 -3 0 0 1 1 0.04
-1 -3 -4 -4 -2 -3 -4 -4 -4  3  4 -3  1 -1 -4 -3 -2  3 -2  1 0 1 0 0 0.02
-1  2 -1  2 -1  0  3 -1 -2 -2  0  0 -1 -3  1 -1 -2 -4 -3 -2 0 1 0 1 0.01
-2 -3 -4 -4 -2 -3 -3 -4 -3  0  3 -2  0  5 -4 -1 -2 -2  0  2 0 0 1 0 0.01
 1  1  0 -1 -3  4  0 -2 -1 -3 -3  0 -2 -4  0  2 -1 -3 -3 -1 0 0 1 1 0.01
 2  4 -2 -3  2  0 -2 -3 -2 -1  1  0 -1 -2 -2 -1  0 -3 -2  0 0 1 0 0 0.01
 2 -3 -4 -4 -2 -3 -2 -3 -4  2 -1 -3 -1 -2 -1 -2 -1 -4 -3  5 0 1 0 0 0.01
-5 -2 -5 -6 -4 -4 -5 -5 -4 -5 -4 -5 -4 -1 -5 -5 -4 12  0 -5 0 1 0 0 0.00
-3 -3 -4 -5 -3 -2 -4 -5  3  1  3 -3  7 -1 -4 -3 -2 -3 -2  1 0 1 0 0 0.00
-3 -1 -2 -2 -5  8  1 -4 -2 -5 -4 -1 -3 -5 -3 -2 -3 -4 -4 -4 0 1 0 0 0.00
 0 -4 -2 -3 -4 -4 -4  7 -4 -5 -5 -3 -4 -5 -4 -2 -3 -4 -5 -5 0 1 0 0 0.00
-1  2 -2 -1 -3 -1 -2 -3 -2  0 -2  1  0 -2 -3 -1  4 -3  0  2 0 1 0 1 0.01
-2 -4 -4 -5 -2 -4 -4 -5 -4  3  3 -4  0 -2 -4 -3 -2 -4 -2  5 0 1 0 0 0.01
-2 -3 -4 -4 -2 -3 -3 -2 -4  2  3 -3  1 -1 -3 -3 -1 -3 -2  4 0 1 0 1 0.01
 0  0 -1  0 -2  1  2 -2  1 -2 -1 -1  2  1 -2  3  0 -3 -1 -1 0 1 0 1 0.01
 3 -2 -1 -1  1 -2 -2 -2 -3  0 -1 -1 -1 -2 -2 -1  0  3 -2  2 0 1 0 1 0.01
-2 -1  0  6 -4  0  2  0 -2 -1 -2 -1 -3 -4 -3  0 -2 -4 -3 -3 0 1 0 1 0.01
 0  2  2  2 -3  0  1  2  0 -1 -3  0 -2 -2 -2 -1 -1 -3  0 -1 0 0 1 1 0.02
 0 -2  1  1 -3 -2 -1  4 -2 -3 -2 -1  0 -3  1  0 -2 -3 -3 -3 0 0 1 0 0.02
 0  1 -1  1 -3  1  2  1  0 -3 -3  0 -2 -3 -2  2  1 -3 -2 -2 0 1 0 1 0.02
 2 -2 -2  0 -2 -2 -2  2  1 -1  0 -2 -1  1 -2  0 -1 -3 -2  0 0 1 0 0 0.02
-1  4 -3 -1 -3 -1 -2 -4 -2 -1  3 -1  0  2 -3 -2 -2  2 -1  0 0 1 0 1 0.02
-2 -3 -4 -5 -3 -3 -4 -5 -4  0  5 -4  1 -1 -4 -1 -1 -3 -2  1 0 1 0 0 0.02
-2  3 -1  2 -3  0  0 -3 -2 -1  1  0  1  1 -3 -2  0  0  1 -1 0 1 0 1 0.02
-1 -3 -1  7 -5 -2  0  0 -3 -4 -2 -2 -4 -5 -3 -2 -3 -6 -5 -2 0 1 0 0 0.02
-1 -2 -1  3 -3 -1  1  3 -2 -3 -3 -2 -3 -4  4  1 -1 -4 -3 -1 0 0 1 1 0.01
-1  1 -1  1 -3  0 -1  0 -2 -3 -3 -1 -2 -4 -2  4  4 -4 -3 -2 0 0 1 0 0.01
-1 -4 -1 -3  3 -3 -3  6  1 -5 -5 -3 -4 -4 -4  0 -1 -4 -4 -4 0 1 0 0 0.01
 0  0  0  2  2 -1 -1  0 -1 -1 -2 -1 -2 -3  0  1  2 -3 -2  1 0 1 0 1 0.01
 1 -3 -3 -4 -2 -3 -3 -3 -3  1  0 -3 -1  6 -3 -2 -2 -1  1  1 0 1 0 0 0.01
 1  0  0 -1  1 -1  0 -2  1 -1 -1  0 -1 -2 -2  2  2  1 -2  1 0 1 0 0 0.01
-1 -2 -3 -3 -2 -2  1 -3 -1  2  2 -1  0 -2 -3 -1 -1 -3 -2  4 0 1 0 0 0.01
-2  4  0 -2  0  2  0 -3  1 -1  0  1 -1  1 -3 -1  1 -3 -1 -2 0 1 0 1 0.01
-1  0  0 -2 -3  1 -1  4  1 -1 -2 -1 -2 -3 -2  1  0 -3 -2 -1 0 0 1 0 0.01
 0 -3 -4 -4 -2 -3 -3 -3 -3  1  4 -3  0 -1 -3 -2 -1  4 -2  2 1 0 0 0 0.01
-1  1  3  2 -3  1  3 -1  0 -3 -3  1  0 -3  1  0 -1 -4 -3 -1 1 0 0 1 0.01
-1  3  0 -1 -2  0 -1  0 -1  0  0  1 -1 -2 -2  2 -1 -3 -2 -1 1 0 0 1 0.02
-1  1 -2  0  3 -1  1 -2 -2  1  0  0  0  0 -2 -1 -1 -2 -1  2 0 0 1 0 0.02
 0 -2 -2 -2 -3 -2 -2 -2  1 -3 -3 -2 -2 -1  6  1  0 -3  0 -1 0 0 1 1 0.02
 0  3 -1 -1 -3  1  1 -2  2 -1 -1  3 -1 -3 -2 -1 -1 -3 -2 -1 0 0 1 1 0.02
 0  0  1 -1 -2  0  0  5  0 -1 -3 -1 -2 -3 -2 -1 -1 -2 -2 -2 0 0 1 0 0.02
-2  4  2  1 -3  2  0  0 -1 -3 -3  2 -2 -3 -2 -1 -1 -3 -2 -3 0 0 1 1 0.02
-2 -2  1  0 -3  0 -1 -2  0 -3 -3  1 -2 -3  6 -1  0 -3 -1 -1 0 0 1 1 0.01
 0 -2 -2 -3  8 -2 -2 -2 -2 -1 -1 -2 -1  0 -2  0  0  4 -1  0 0 0 1 0 0.01
-2 -2 -3 -3  0 -2 -3 -2 -3  2  3 -2  1  1 -3 -2 -2  6  0  0 0 0 1 1 0.01
 1  1 -1  0 -2  0  1 -2  0  0  1  0  0 -1 -2  0  0 -2 -1  1 0 0 1 1 0.01
 0 -1 -2 -2 -3  2  1 -1 -2 -1 -2  0 -2 -3  6 -1 -1 -3 -3  0 0 0 1 1 0.01
-1 -3 -1  1 -3 -2 -2  6 -3 -5 -5 -2 -4 -4 -3 -1 -2 -4 -4 -4 0 0 1 1 0.01
 0 -1  2 -2 -2 -1 -1 -2 -1 -1 -1  2  4  3 -2  1 -1 -2  0 -1 0 0 1 1 0.01
 0 -2 -2 -3 -3  2 -2 -3  0  0 -2 -2 -1  1 -3 -2 -2  0  7 -1 0 1 0 0 0.01
-1  1  2 -2  3 -2 -2 -3 -2  1 -1 -2 -1 -2 -3 -2 -1 -4 -2  4 0 1 0 0 0.01
 0 -2 -3 -4 -2 -2 -3 -3 -3  0  2 -2  7  0 -3  0 -1 -2 -2  0 0 1 0 0 0.01
 0 -1 -2 -3 -2 -1 -2 -3 -3  2  0  1  0 -2 -2  0  0 -3 -2  4 0 1 0 0 0.01
-1 -2 -3 -2 -2 -1  1 -3 -2  2  2 -2  4 -1 -3 -2 -1 -3 -2  2 0 1 0 0 0.01
-1 -3 -1 -2 -3 -2 -3  6 -3 -4 -4 -2 -3 -4 -3 -1  2 -3 -4 -3 0 1 0 0 0.01
 1 -1 -1 -2 -1 -1 -1  0 -2  0 -1  0  0 -1 -1  1  2 -3 -1  1 0 1 0 1 0.01
-1 -2 -3 -3 -2  2 -2 -4 -1  2  1 -2  0  0 -3 -2 -1 -1  3  2 0 1 0 0 0.01
-1  0 -2 -3 -2  3 -1 -3 -2  1  2  0  0  2 -3 -2  0 -2 -1  0 0 1 0 1 0.02
 2 -1 -1 -2 -2  0 -1 -1  1 -1 -2  1  0 -3  0  3  0 -3 -2  1 0 1 0 1 0.02
 0  4 -2 -3  6 -1 -2 -3  0 -1 -2 -1 -2 -2 -3  1  0 -2  1 -1 0 0 1 0 0.02
 0 -2  0  0 -2 -1  0  0 -1 -2 -3 -1 -2 -3  3  3  2 -3 -2 -1 0 0 1 1 0.02
-1 -2 -1 -2 -3  1 -1  1 -2 -2  0  0 -2 -3  6  0  0 -3 -3 -2 0 0 1 1 0.02
-2  1  0  2 -3  1  4 -2  1 -2  0  0 -1 -2 -2 -1  0 -3 -2 -2 0 0 1 1 0.02
-2 -3 -3 -2 -4  0 -1 -3 -3 -4 -4 -2 -3 -4  8 -2 -2 -4 -4 -3 0 0 1 0 0.02
 1 -1 -2 -3  4 -2 -2 -2 -3  1  2 -2  2 -1 -2 -1  0 -2 -2  2 0 1 0 0 0.02
-1 -2 -3 -3 -1 -2 -2 -3 -3  4  3 -2  2  0 -2 -2 -1 -2 -1  2 0 1 0 0 0.01
-1  4 -1 -1 -3  2  1 -2  0 -2 -2  3 -1 -3 -1 -1 -1 -2 -2 -2 0 1 0 1 0.01
 4 -2 -2 -2 -1 -2 -2 -1 -2 -1 -1 -2 -1 -2 -2  1 -1 -3 -2  2 0 1 0 0 0.01
-2 -2 -2 -3 -2 -2 -2 -3  6  2  1 -2  0 -1 -3 -2 -1 -3 -1  3 0 1 0 1 0.01
-2  1  2 -1 -4  0  0 -2 -1 -3 -3  6 -2 -4 -2 -1 -2 -4 -3 -3 0 1 0 0 0.01
-2 -3 -3 -4 -2 -2 -3 -4 -3  4  1 -3  7 -1 -3 -2 -1 -3 -2  2 0 1 0 0 0.01
 1 -2 -1 -2 -1  0 -1 -2 -2  0  1 -1  0 -2 -2  1  3 -3 -2  2 0 1 0 0 0.01
-2  1  0  7 -4 -1  0 -2  0 -4 -4  1 -3 -4 -2 -1 -2 -4 -3 -4 0 1 0 0 0.01
-2 -3 -4 -4 -2 -3 -3 -4 -3  1  5 -3  1 -1 -3 -3 -2 -2 -2  1 0 0 1 0 0.01
 0 -2  0  1 -2 -1 -1 -1 -2 -3 -3 -1 -2 -3 -2  5  3 -3 -2 -2 0 0 1 1 0.02
 0 -1  2  2 -2  0  1 -1 -1 -2  0  0 -1 -2  0  1  0 -3 -2 -1 0 0 1 1 0.02
-1 -1  4 -1  2  1 -1 -2  2 -1  1 -1 -1 -1 -2  1 -1 -3 -1 -1 0 0 1 0 0.02
 0 -2 -2 -2 -3 -1  0 -2  2 -3 -3 -2 -3 -3  7  0 -2 -4 -3 -1 1 0 0 1 0.02
 1 -2  0  3 -2 -1 -1 -2 -2  1  1 -2  0 -1 -2  0 -1 -2  1  1 1 0 0 0 0.02
 0  3  0 -2  0  0 -1  0  6 -3 -1  0 -2 -2 -2  1  0 -3 -1 -2 1 0 0 0 0.02
-2  2 -1  0 -4  2  5 -3 -1 -3 -3  1  1 -2 -2 -1 -2 -2  2 -3 1 0 0 1 0.02
 2  1  0 -2 -2 -1 -1 -1 -2  0 -2  0 -1 -3  0  2  1 -3 -2  0 1 0 0 1 0.02
-2 -3 -2 -4 -3 -2 -3 -4  1  2  1 -3  8 -1 -4 -2 -1 -3 -2  0 1 0 0 0 0.02
-3 -3 -4 -4 -3 -3 -4 -3 -3 -3 -3 -4 -3 -1 -4 -3 -3 12  1 -4 1 0 0 0 0.02
 0 -1 -1  1 -2  0  2 -1  0  0 -1  1 -1  0 -2  0 -1 -1  4 -1 1 0 0 1 0.02
-2 -3 -4 -4 -2 -3 -4 -4 -1  0  4 -3  3  0 -4 -3 -2  4  1  0 1 0 0 0 0.03
-2 -2 -2  0 -5  1  7 -4 -2 -5 -4 -1 -4 -5 -3 -2 -2 -4 -4 -4 1 0 0 0 0.04
-1 -4 -4 -4 -2 -3 -4 -4 -4  1  1 -3  0 -2 -4 -3  0 -4 -2  6 1 0 0 0 0.05
-1  1 -1  1 -3  0  3 -3 -2  1 -1  1  2 -2 -2  0  2 -3 -2  0 1 0 0 1 0.06
-2 -2 -1  5 -5  0  4 -3  0 -4 -4 -1 -3 -2 -3 -1 -2 -3  2 -4 1 0 0 0 0.05
 2 -2 -3 -3 -2  0 -2 -3 -3  0  4 -2  0 -1 -3 -1 -1 -3 -2  0 1 0 0 0 0.07
-3 -1 -1 -2 -4  3 -1 -3  8 -4 -3 -2 -2  1 -3 -2 -3 -1  5 -3 1 0 0 0 0.12
-2  5 -1 -2 -4  3  0 -3  4 -4 -3  3 -2 -3 -2 -1 -2 -3 -2 -3 0 0 1 1 0.19
 2  0  2 -1 -1 -1 -1 -1  0  0 -1 -1 -1 -2 -2  1  1 -3  0  1 0 0 1 1 0.27
-1 -3 -4 -4 -1 -3 -3 -4 -4  4  2 -3  1  0 -3 -3 -1 -3 -2  3 0 0 1 0 0.28
-1 -2 -2 -2 -3 -1 -1 -2 -2 -3 -3 -1 -2 -4  7  0  1 -4 -3 -2 0 0 1 1 0.37
