 0 -2 -3 -3 -1 -2 -2 -3 -3  2  1 -2  1 -1 -2 -2  0 -3 -1  4 0 0 1 1 0.87
 3 -2 -1 -2 -1 -1 -1  4 -2 -2 -2 -1 -2 -3 -1  1 -1 -3 -2 -1 0 0 1 1 0.85
-2 -3 -3 -4 -3 -3 -4 -3 -1  0  0 -3  0  7 -4 -3 -2  1  3 -1 0 0 1 0 0.86
 4 -2 -1 -2 -1 -1 -1  3 -2 -2 -2 -1 -1 -3 -1  1  0 -3 -2 -1 0 1 0 0 0.87
 2 -1  0 -1 -1  0  0  0 -1 -2 -2  0 -2 -3 -1  4  1 -3 -2 -1 0 1 0 0 0.82
 2 -2  0  2 -1 -1  0 -1 -2 -2 -2 -1 -1 -3 -1  1  3 -3 -2 -1 0 0 1 1 0.80
 0 -3 -1 -2 -3 -2 -3  6 -2 -4 -4 -2 -3 -4 -3 -1 -2 -3 -3 -4 0 0 1 0 0.74
-1  0 -2 -2 -2  2 -1 -3 -2  2  1  1  0 -1 -2 -1  1 -3 -2  1 0 0 1 0 0.82
 1  4 -1 -2 -2  0 -1 -2  3 -2  0  1 -1 -2 -2 -1 -1 -3 -1 -1 0 0 1 0 0.82
-2 -1  0  5 -3  0  2 -2 -1  0 -2  1 -2 -3 -2 -1 -1 -4 -3 -1 0 0 1 0 0.84
 0 -1 -1 -2 -1  1 -1 -2 -2  2  0 -1  0 -2 -2  1  3 -3 -2  1 0 0 1 1 0.84
-2  5 -1 -1 -4  2  2 -3  0 -3 -3  2 -2 -3 -2 -1 -1 -3 -2 -3 1 0 0 0 0.76
 0 -1  0  1 -2  2  0 -2 -1  1 -1 -1 -1 -2 -2  2  2 -3 -2  1 1 0 0 1 0.66
 0 -1  4  2 -3  2  0 -1  0 -3 -3  0 -2 -3  2  1  0 -4 -2 -3 1 0 0 0 0.52
 0  2 -2 -3 -2 -1 -2 -2 -1  1  0  0  2  0 -2 -1  1 -1  3  0 1 0 0 0 0.49
-1 -2  1 -2 -2  1 -1 -3 -2  2  1 -1  0 -1 -2 -1  1 -3 -2  2 1 0 0 0 0.51
-1 -1 -1  2 -3  1  4 -2 -1 -2 -2  0 -2 -3 -2  0  1 -3 -2  0 0 0 1 1 0.51
 1 -1  3  2 -2  0  1  3 -1 -3 -3 -1 -2 -3 -2  0 -1 -3 -3 -2 0 0 1 1 0.42
-1  1  0 -1 -3  4  1 -2 -1 -3 -3  3 -1 -3 -1  1  1 -3 -2 -2 0 0 1 1 0.35
-1 -2 -2 -2 -1 -1 -2 -3  2  2  1 -2  2  2 -2 -2 -1 -1  0  2 0 0 1 0 0.36
-2 -2  0  5 -3 -1  2  1 -2  0 -2 -1  1 -3 -2 -1 -1 -4 -3 -2 0 0 1 1 0.42
-1 -3 -3 -3 -2 -2 -3  0 -3  2  0 -2 -1  1  5 -2 -1 -3 -1  2 0 0 1 0 0.37
-1  0  0  0 -3  3  2 -2  3 -3 -3  2 -2 -3  2  1 -1 -3 -2 -3 0 0 1 1 0.40
 0 -2  2  4 -2 -1  0 -1 -1 -3 -3 -1 -3 -3  2  3  0 -4 -3 -3 0 1 0 0 0.47
-2 -3 -3  1 -2 -3 -2 -4 -3  4  1 -3  1 -1 -3 -2 -1 -3 -2  2 0 0 1 0 0.38
 0 -1  0 -1 -1 -1 -1 -2 -2 -1 -2 -1 -1 -2 -1  2  5 -3 -2 -1 0 0 1 0 0.30
 1 -2 -1 -2 -2 -1 -2  4  3  1 -1 -2 -1 -2 -2 -1 -1 -2 -1  0 0 0 1 1 0.31
-2 -1  4  2 -2 -1 -1 -2 -1  2  0 -1  3 -2 -2 -1 -1 -3 -2  0 0 0 1 1 0.26
 1 -1  1 -1 -1  1  0 -1 -1 -1 -2 -1 -1 -2  3  2  1 -3 -2  0 1 0 0 1 0.22
-1  3  2 -1 -3  0 -1  1  3 -3 -3  2 -2 -3  2  1 -1 -3 -2 -3 1 0 0 1 0.24
-1  1  4  2 -2  0  1 -1  0 -3 -3  0 -2 -3 -1  2  0 -3 -2 -2 1 0 0 1 0.26
-1  1 -1  1 -2 -1 -1 -3  4  2  0 -1  0 -1 -2  0 -1 -3 -1  1 1 0 0 0 0.21
 0  0  0  2 -2  0  1 -1 -1 -3 -3  2 -2 -3  4  2  0 -3 -2 -2 0 0 1 1 0.20
-1 -2  0 -3 -2 -2 -3 -3 -2  2  2 -2  1  0 -3 -2 -1 -2  2  2 0 0 1 1 0.24
-2 -2  5  5 -4 -1  0 -2 -1 -4 -4 -1 -3 -2 -2 -1 -1 -3  1 -4 0 0 1 1 0.23
-1 -2 -1  1 -2  0  2 -2 -2 -2 -3 -1 -2 -3  2  2  3  4 -2 -2 0 0 1 1 0.19
-1 -1  5  0 -3  1  1 -1 -1 -3 -3  1  1 -3 -2  2  0 -4 -3 -3 1 0 0 1 0.18
 0 -1 -1  1 -2 -1  0 -2  2  2 -1  0 -1 -2  3  1  0 -3 -2  0 1 0 0 0 0.15
 1 -2 -1 -1 -2  1  0  1 -2 -2 -1 -1  1  1 -2  3  1 -3 -1 -2 0 0 1 0 0.11
 1  0 -2 -2 -2  0  0 -2 -2  0  2 -1  2  1 -2  0 -1 -2 -1  0 0 0 1 1 0.08
 0 -2  1 -2 -2 -1  0 -2  3  0  2 -1  1 -1 -2  0  1 -2  1  0 0 0 1 1 0.06
-1 -3 -2 -3  7 -2 -3 -3  2  0 -1 -2  1 -3 -3 -1  4 -3 -2  0 0 0 1 1 0.04
-1 -3 -3 -3 -2 -2 -3 -3 -3  2  0 -2  5  3 -3  0  1 -2 -1  2 0 0 1 0 0.03
-1 -4 -2 -3 -4 -3 -4  7 -4 -5 -5 -3 -4 -5 -4 -2 -3 -4 -5 -5 0 0 1 1 0.03
-2 -2 -2  0 -5  0  7 -4 -2 -5 -5 -1 -4 -5 -3 -2 -2 -5 -4 -4 0 0 1 1 0.02
 0  2  1 -1 -3  3  1 -2 -1 -2 -2  3 -2 -1 -2  0  0 -3 -2 -1 0 0 1 1 0.02
-2 -4 -4 -4 -3 -4 -4 -4 -3  4  0 -4  2  5 -4 -3 -2 -2  0  2 0 0 1 0 0.01
-1 -1  0 -2  2 -2 -2 -1 -2  0  0 -2  2  1 -3  0  2 -2  1  2 0 0 1 1 0.01
-1 -2  4  1 -3 -1 -1 -2 -2 -4 -4 -1 -3 -4 -2  4  1 -4 -3 -3 0 1 0 0 0.01
-3 -4 -4 -5 -3 -4 -4 -4 -3  2  3 -4  2  6 -4 -3 -3 -1  0 -1 1 0 0 0 0.01
-3  7 -2 -3 -5  0 -1 -4 -2 -4 -4  2 -3 -4 -3 -1 -2 -4 -3 -4 1 0 0 0 0.01
-2 -1  1  3 -4  4  1 -3 -1 -3 -2 -1  3 -3  2  0  0 -4 -3 -3 1 0 0 1 0.01
-3 -3 -5 -5 -2 -3 -4 -5 -4  1  5 -4  3 -1 -4 -4 -2 -3 -2  0 1 0 0 0 0.01
 0 -3 -3 -4 -2 -3 -3 -4 -3  4  3 -3  2 -1 -3 -2  1 -3 -2  1 0 0 1 0 0.01
-2  4 -1 -2 -4  0 -1 -3  2 -4 -4  6 -3 -4 -3 -2 -2 -4 -3 -4 0 0 1 0 0.01
-3  7 -2 -3 -4 -1 -2 -4 -2 -4 -4  1 -3 -4 -3 -2  1 -4 -3 -4 0 0 1 0 0.02
-2 -3  0 -3 -3 -3 -3 -3 -1 -1 -1 -3 -1  6 -3  0  0  0  4  0 0 0 1 0 0.02
-1 -1  3 -1 -2  1 -1  2  3 -2 -2 -1 -2 -2 -2  2 -1 -3 -1 -1 0 1 0 0 0.03
-1 -2 -2 -2 -2 -2 -2 -2 -1  0  1 -2  2  2  2 -1  0  6  2 -1 0 1 0 0 0.04
-1  1  3 -1 -1 -1 -1 -1 -1  0  0  0 -1 -2 -1  0  2 -2 -1  1 0 1 0 0 0.07
-1  1 -1  2 -2 -1 -1 -2 -1  0  1  0  0  0 -1 -1  0 -1  2  0 0 1 0 0 0.09
 1  0 -1 -1 -1  0 -1  0 -1  1 -1  0 -1 -2  2  0  1 -2 -1  1 0 1 0 1 0.12
 1 -1  1 -1 -1 -1 -1 -1 -1 -1  0 -1 -1  1 -1  2  1 -1  1 -1 0 1 0 0 0.13
-1  0  0  3 -2  1  0  1 -1  0  0 -1 -1 -2 -1  0  1 -2 -2 -1 0 0 1 1 0.15
 0  1  1  1 -2  1  1  1 -1 -2 -1  1 -1 -2 -1  0  0 -2 -2 -1 0 0 1 1 0.17
 0  1  1  0 -1  0  0 -1 -1  0  0  0  0 -1  1  0  1 -2 -1  0 0 0 1 1 0.14
 0  2  2 -1 -2 -1 -1  0 -1 -2 -1  0 -2 -2 -2  3  1 -3 -2 -2 0 1 0 0 0.14
-1 -1  0 -2 -2 -1 -2  0 -2  0  0  0 -1  2 -2  1  3 -2  1  1 0 1 0 0 0.13
 1  0 -1  0 -2 -1 -1  0  1  1  0  1 -1 -2 -2  0  1 -2 -1  0 0 1 0 0 0.12
-1 -1  2 -1 -2  1 -1 -2 -1  1  2  0  0 -1 -2  0  0 -2  1  0 0 1 0 0 0.12
 0 -1  1  1 -2  1  2 -2 -1 -2 -2 -1 -2 -3  4  0  1 -3 -2 -1 0 0 1 0 0.10
 0 -1  3  1 -2  1 -1  2 -1 -3 -3 -1 -2 -3  3  2 -1 -3 -2 -2 0 0 1 0 0.09
-2 -3 -3 -3 -2 -2 -3  0 -2  2  1 -2  0  2 -3 -2  0  6  3  0 0 0 1 0 0.08
 2 -2  2 -1 -2 -1 -1  0 -1 -1 -2 -1 -1  0  1  1  1 -2  1 -1 0 0 1 0 0.07
-2  0 -2  0 -2 -2 -2 -3 -1  1  2 -2  0  4 -3 -2 -2 -1  3  1 0 0 1 0 0.05
 0 -1  1  0 -2  2 -1  0 -1  1 -1 -1 -1 -1  0  0  2 -2  1  0 0 0 1 0 0.04
 1 -1  4  0 -2 -1 -1 -1  2 -3 -3  0 -2 -3  3  1 -1 -3 -2 -2 0 0 1 0 0.04
-1 -2  2 -1 -3 -1 -1 -2  2 -3 -3 -1 -2  1  5  1  2 -3 -1 -2 0 0 1 0 0.04
 1 -2 -1 -2  2 -2 -2  1 -2  0 -1 -2 -1  0  3  0  2 -2 -1  0 0 1 0 1 0.03
 0  0  2 -1  2  1 -1 -2 -1 -1  0  3 -1 -2  2 -1 -1 -3 -2  1 0 1 0 0 0.03
-1  1  1 -2 -2 -1 -2  0 -1 -1  0 -1  1  2 -2  0  3 -2  1  0 0 1 0 1 0.04
-1  1 -2 -2 -2 -1 -1 -2 -1  1  1 -1  0  1  1 -1  1  3  2  0 0 1 0 0 0.04
 0 -1 -1  1 -2  1  0  0 -1  0  0  0 -1 -1 -1  0  2 -2  0 -1 0 0 1 0 0.04
 1 -2  0 -1 -2 -1 -1 -1 -1  0 -1 -1 -1 -1  3  1  0  3  2 -1 0 0 1 1 0.05
 2 -1 -1  2 -1 -1  0 -1 -1  1 -1 -1 -1 -2  2  0  0 -2 -2  0 0 0 1 1 0.05
 1 -1  0  1 -1  1  1 -1 -1  0 -1 -1 -1  0 -1  0  0 -2 -1  1 0 0 1 1 0.05
 1 -1  1 -1 -2 -1 -1  0 -1 -1 -2  1 -1 -2  4  1  1 -2  1 -1 0 0 1 1 0.06
-1 -1  0 -2 -2  1 -1  1 -2  1  1 -1  1  0 -2  0 -1 -2 -1  1 0 0 1 1 0.06
 0  0 -1  0 -2 -1 -1  0 -2 -1 -2 -1 -1 -2  4  0  3 -2 -2  0 0 0 1 0 0.05
-1  0  1  2 -2 -1 -1  1 -1  0  0 -1  0  1 -2 -1  1 -2 -1  0 0 0 1 0 0.05
-1 -1  0  1 -2  0  0  0  2 -1  1 -1  1 -1 -2 -1  0  6 -1 -1 0 1 0 0 0.05
 0 -2  1 -1 -1 -1 -1  0 -2  1 -1 -1 -1 -2 -2  1  3 -3 -2  0 0 1 0 0 0.05
-1 -1  3  0 -2 -1 -1  0 -1  1  1  0  0  0 -2 -1 -1 -2 -1  1 0 1 0 0 0.05
-1 -2 -1  2 -2 -1  1 -2 -2  1  0 -1  1 -2 -2  0  4 -3 -2  0 0 1 0 1 0.05
 1  0  1  3 -2 -1  0  0 -2 -1 -1 -1 -1 -2  1  0  1 -3 -2 -1 0 0 1 1 0.04
-1  2  3  4 -3  0  0 -1 -1 -3 -3  1 -2 -3 -2  1  0 -3 -2 -2 0 0 1 1 0.03
 1 -1  0 -1 -2 -1 -1  3 -1 -2 -1  0 -1 -2 -2  1  2 -2  1 -1 0 0 1 0 0.03
-1  1 -1  0 -3  2  1  3  2 -2 -1 -1 -2 -3 -2 -1 -2 -3 -2 -2 0 0 1 0 0.02
 1  1  0 -2 -2 -1 -2  2 -2  0 -1 -1 -1  1  1 -1 -1 -2 -1  0 0 0 1 0 0.01
-1  2  0  0  2  1 -1 -2 -1  0 -2  0 -1 -2  4  0  0 -2  0 -1 0 0 1 0 0.01
 0 -2  1  2 -2 -1 -1  0 -2 -2 -2 -1 -2 -3 -2  2  3 -3 -2 -2 0 0 1 0 0.01
-2 -2 -2 -3 -2  1 -2 -3 -2  0  3 -2  0  0  1 -1  0 -1  3  0 1 0 0 0 0.01
-2 -2 -3 -3 -2 -2 -3 -3 -2  1  3 -3  3  3 -3 -2 -2 -1  1  1 1 0 0 0 0.01
-1 -2  3  3 -2 -1  0  0 -1 -3 -3 -1 -2 -3 -2  3  1 -4 -3 -3 1 0 0 0 0.01
-2  0 -3 -4 -3 -2 -3 -4 -1  2 -1 -3  1  1 -4 -1 -2  6  6  1 1 0 0 0 0.01
-2 -3 -4 -4 -2 -3 -4 -4 -2  3  2 -3  0  2 -4 -3 -2 -1  3  3 1 0 0 0 0.01
 2  0 -1 -2 -2 -1 -2  2 -2 -2 -3 -1 -2 -2 -2  3  1 -2  2 -1 1 0 0 0 0.01
 1 -2 -2 -2 -3  0  0 -2 -1 -3 -2 -2 -2  2  1  2 -1 -1  5 -2 0 0 1 0 0.01
 1 -3 -3 -4 -2 -2 -3 -1 -3  2  3 -3  6 -1 -3 -2 -2 -3 -2  0 0 0 1 0 0.01
-3 -4 -4 -5 -4 -3 -4 -5  0 -3 -2 -4 -2  5 -5 -3 -3  0  8 -3 0 1 0 0 0.01
 4  4 -2 -3 -2 -1 -2  0 -2 -2 -2 -1  1 -3 -2 -1 -1 -4 -3  0 0 1 0 0 0.01
-1 -4 -4 -4 -3 -4 -4 -1 -2 -1  1 -4 -1  7 -4 -3 -3 -1  3 -2 0 1 0 0 0.01
-1  1 -3 -4 -3 -2 -3 -4 -1 -2 -2 -2 -2  3 -4 -2  0  5  6  0 0 1 0 0 0.01
-1  7 -2 -3 -5  0 -2 -4  2 -4 -4  1 -3 -4 -3 -2 -3 -4 -3 -4 0 1 0 0 0.01
-1 -4 -2 -3 -4 -3 -4  7 -4 -5 -5 -3 -4 -5 -4 -2 -3 -4 -5 -5 0 0 1 0 0.01
-1 -3 -1 -2 -3 -2 -3  6 -3 -5 -5 -2 -4 -4 -3  3 -2 -4 -4 -4 0 0 1 0 0.01
-2  1 -3 -3 -2 -2 -3 -4 -2  2  1 -2  3  3 -3 -2  0 -2  2  1 0 1 0 0 0.01
-2  7  2 -2 -4 -1 -2 -3 -2 -4 -4  0 -3 -4 -3  0 -2 -4 -3 -4 0 1 0 0 0.01
-1 -3 -3 -4 -3 -3 -3 -4  2  1  1 -3 -1  2 -4 -2 -2  6  5  2 0 1 0 0 0.01
-2  3 -2 -2 -5  0 -1 -3 -2 -4 -4  6 -3 -5 -3 -2 -2 -4 -3 -4 0 1 0 0 0.01
-2 -3 -3 -4 -2 -3 -3 -4 -3  4  1 -3  2  3 -3 -3 -2 -2  2  3 0 1 0 0 0.01
 1 -1 -2 -2 -1  1 -1 -2 -1  1  0 -1  0  1 -2  0 -1 -1  1  2 0 1 0 0 0.01
 1 -2  1 -1 -2 -1 -1 -1 -2 -1 -2 -1 -1 -2  5  0  1 -2 -2  1 0 1 0 0 0.02
 0 -1 -1  0 -2  0  1  0 -1 -1 -1  1 -1  1 -1  1  1 -1  1 -1 0 0 1 1 0.02
 0 -1  1  0 -2 -1  0  0  2  0  0 -1 -1 -2 -1  0  1 -2 -1  1 0 0 1 1 0.03
 0  1  1 -1 -2  2  0 -1  2 -2 -1  2 -1 -2  0  0  0  3 -1 -2 0 0 1 1 0.04
-1 -1  2  4 -2 -1  1  0 -1 -1 -1  0 -1 -2 -2  0  0 -3 -2  0 0 0 1 1 0.05
 0  0  1 -1 -2  1  0  0 -1 -1 -1  1 -1 -2 -1  2  1 -2 -2  0 0 0 1 1 0.06
-1 -1 -1 -2  2  1 -1  1 -1 -1  0 -1 -1  2  3 -1 -1 -1  1 -1 0 0 1 1 0.07
 1 -1  2  1 -2 -1 -1 -1 -1 -1 -1  1  0 -2 -1  2  0 -3 -2  1 0 0 1 1 0.07
 0 -1 -1  1 -2  2  2  0 -1 -2 -2  1 -2 -2  1  1  0  3 -2 -1 0 0 1 0 0.07
-1  0 -2 -2 -2  1 -1 -3 -2  0  2 -1  2  1 -2 -1  1 -2 -1  1 0 1 0 1 0.07
 0 -2 -2 -2  1  0 -2 -2 -2  3  0  0  0  0  1  0 -1 -2 -1  2 0 1 0 0 0.09
-1  2  0  0 -2  1  1 -2 -1  0  1  0  0 -1 -2  0 -1 -2  0  0 0 1 0 0 0.09
 1 -1 -2 -2 -2 -1 -2  1 -2 -1  0  1 -1 -2  3 -1  1 -3 -2  1 0 1 0 0 0.08
 1  0  1  1 -2  1  1 -2 -1 -2 -2 -1 -2 -2  2  1  2 -2  2 -2 0 1 0 0 0.09
 0  0  1 -2 -2 -1 -2 -2 -2  1  2 -1  0 -1 -2  1  0 -3 -2  1 0 1 0 0 0.09
-1 -2 -1 -2 -2  0  0  0 -1  0 -1 -1 -1  3 -2  1  0  0  3  0 0 1 0 0 0.09
 1  0 -1  0 -2 -1 -1 -2 -1 -1 -1 -1 -1  1  3  1  1 -1  2 -1 0 0 1 1 0.09
 0  0  2 -2  2  1 -1 -2 -2  0  0 -1  2  1 -2 -1  2 -2 -1  0 0 0 1 1 0.10
-1 -2 -1 -2 -3  2  0  0 -1 -2 -2 -1 -2 -1  1  2  3 -1  4 -2 0 0 1 1 0.10
 0 -2 -1  1 -2  0 -1  1 -2  2 -1 -1 -1 -2  2  1  2 -3 -2  0 0 0 1 1 0.09
-1  0  4  1 -3  0 -1  0 -1 -1 -3 -1 -2 -2 -2  2  1 -3  1 -2 0 0 1 0 0.08
 1 -2 -1  0 -2 -2 -2  3 -2 -2 -2 -2 -2  0 -2  1  2 -3 -2  0 0 0 1 0 0.08
-1  2  1  0 -3 -1 -1  0 -1 -1  0  0 -1  2 -2  1 -1 -1  3 -1 0 0 1 0 0.07
 0 -2  1  0 -2 -1  0 -1 -2  1  1 -1  0 -1  3 -1  0 -2  0  1 0 0 1 1 0.07
-1 -3 -2 -1 -2 -2 -2 -3 -3  4  0 -2  0 -2  1 -2  2 -3 -2  3 0 0 1 0 0.07
 1 -1 -1  0 -2  2  1  0 -1 -1 -2  1 -2 -3  2  2  0 -3 -2 -1 0 1 0 1 0.05
 1  0 -1  0 -3 -1  0  0 -2 -3 -3 -1 -2 -4  5  1  1 -4 -3 -2 0 1 0 1 0.04
-1  0  3  1 -2  0  1 -1 -1 -2 -2  0 -2 -3  1  1  2 -3 -2 -1 0 0 1 0 0.04
 0 -2  1  2 -2 -1 -1  1  1  0 -2 -1 -2 -2  1  0  2 -3  1 -1 0 0 1 1 0.04
 0  0 -1 -2 -2 -1 -2 -1  3 -1 -2 -1 -2  1 -2  0  2 -1  5 -1 0 0 1 0 0.03
 0  0 -1 -2 -2  0 -2 -2 -2  1 -1 -1  1  2 -2  1  3  3  1  0 0 0 1 1 0.04
 0  0  2  2 -2 -1 -1 -2 -1  0 -2 -1 -1  1 -2  2  1  2  1 -1 0 0 1 1 0.03
-2 -2  2  4 -3 -1  1 -1 -1  0  0 -1 -1 -2  1 -1  0 -3  0 -2 0 0 1 0 0.03
-2  1  0 -2  1 -1 -1 -3  1  1  0 -1  1  1  2 -1  0 -2  2  0 0 0 1 1 0.02
 1 -1  2 -1  1 -1 -1  1 -1  0 -1  0  1  0 -2  1  0 -2  1  0 0 0 1 1 0.02
 0  1  3  0 -2 -1 -1  2 -1 -2 -1 -1 -2 -1  0  1 -1 -2  2 -2 0 0 1 1 0.02
 3 -2 -1 -2 -2  1 -1 -1 -2 -2 -2 -1 -2 -3  3  2  2 -3 -2 -1 0 0 1 1 0.02
 1  1  0  1 -2 -1  0 -2 -1 -1  1 -1  2 -2 -2  1  0 -3 -2  0 0 1 0 1 0.02
 1 -2 -1 -2 -2  0 -1  0  3  0  1 -1  0 -1 -2 -1  0 -2  1  1 0 1 0 0 0.02
-1 -2 -3 -3 -2  0 -2 -3 -1  3  1 -2  2  1 -3 -2 -2 -1  5  2 0 1 0 1 0.02
-2 -1 -1  2 -3  2  3 -3 -1  1 -1 -1  2  1 -2 -1  1 -2  1 -1 0 1 0 0 0.02
-2 -1  3  1 -3  2  1 -2  2 -3 -3 -1 -2 -1  1  0  0 -2  3 -1 0 1 0 0 0.01
-1  1 -2 -2 -2 -1 -2 -3  2  0  1 -1  1  1  4  0  1 -2  1 -1 0 0 1 0 0.01
 0  0  2 -1 -2  1  0 -2  2 -1 -1 -1 -1 -2  2  2  0 -3 -2  0 0 0 1 1 0.01
 1 -2 -2  0 -1 -2 -2 -2 -3  3  1 -2  0 -1 -2 -1  2 -3 -2  2 0 0 1 1 0.01
-2  0  4  0 -4  2  3 -2 -1 -4 -4  4 -3 -4 -2 -1 -1 -4 -3 -3 0 0 1 1 0.01
-1  1 -2 -2 -3 -2 -2  5 -3 -4 -4 -2 -3 -4  3  0 -2 -4 -4 -4 0 0 1 0 0.01
-1 -3 -3 -3 -2 -2 -3 -1 -3  2  2 -2  3  0 -3 -1  1 -3 -2  3 0 0 1 0 0.01
 2 -2 -2 -3  2 -2 -2 -2  4  2 -1 -2  1  1 -3 -1 -2 -2  3  0 0 1 0 0 0.01
-2 -1 -2  0 -5  2  7 -4 -2 -5 -4 -1 -3 -5 -3 -2 -2 -4 -4 -4 0 1 0 0 0.01
-2 -4 -4 -5 -3 -4 -4 -4 -3  1  1 -4  0  6 -4 -3 -2 -2  0  4 0 1 0 0 0.01
 0 -1  1  0 -3  3  4 -2  2 -4 -4  0 -2 -4 -2  2 -1 -4 -2 -3 0 1 0 0 0.01
-2 -3 -3 -4 -2 -3 -3 -4 -3  3  2 -3  0  1 -3 -2  1  3  1  3 0 1 0 0 0.01
-3 -4 -4 -3 -5 -3 -3 -4 -4 -5 -5 -3 -4 -6  8 -3 -3 -6 -5 -4 0 0 1 0 0.01
-3 -3 -4 -5 -4 -3 -4 -5  3 -3 -2 -4 -2  5 -5 -3 -3  0  8 -3 0 0 1 0 0.01
-4 -4 -4 -5 -4 -3 -4 -5  0 -3 -3 -4 -3  1 -5 -4 -4  0  9 -3 0 0 1 1 0.01
 1 -2  1 -1  5  1 -1 -1  2 -3 -3 -1 -2 -3 -2  4  0 -3 -2 -2 0 0 1 0 0.01
-1  2  1 -1 -3  2  1 -2 -1 -3 -3  0 -2 -3  5  1 -1 -3 -3 -3 0 0 1 1 0.01
-1 -2  1 -2  4 -2 -2 -2  0 -1  0 -2 -1  2 -2 -1  0  0  5  0 0 0 1 0 0.02
-1  3  3 -1 -3 -1 -1 -2 -1 -2 -1  1 -2 -1  3  0 -1 -2  2 -2 0 0 1 1 0.03
 0 -2 -2 -2 -1 -2 -2 -2 -2  1  0 -2  0  4 -2 -1  2 -1  0  1 0 0 1 0 0.03
 0  1 -1 -1 -1  1 -1 -1 -1 -1  0  0 -1 -2 -1  3  2 -2 -2 -1 0 1 0 0 0.04
 1 -1 -1  0 -1 -1 -1 -2  2  0  1 -1  0  0  1 -1  0 -1  2  1 0 1 0 0 0.04
-1 -1  3 -1 -2  0 -1 -1 -1  1 -1 -1 -1 -2  1  1  2 -2 -2  1 0 0 1 0 0.04
 1 -1  2 -1 -2 -1 -1 -1 -1 -2 -2 -1 -2  2 -2  3  2 -2 -1 -2 0 0 1 0 0.05
 1 -1  1  2 -2  0  2  0 -1 -2 -2 -1 -2 -2  2  0  1 -2 -2 -2 0 0 1 0 0.06
 1 -1  1 -1 -1  0  0  0  1  0 -1 -1 -1  0  1  1  0 -2 -1 -1 0 0 1 1 0.06
-1 -1  1  0 -2 -1 -1 -2 -2  0  1  1  0  1 -2  1  0 -2 -1  0 0 0 1 1 0.07
 0 -1  0 -2 -2 -1 -2 -2 -1  1  0  0  0  0 -2  0  1 -1  3  1 0 0 1 1 0.08
-3 -3 -3 -4 -3 -3 -3 -4 -1  1 -2 -3 -2  4  3 -3 -2  0  6 -2 0 0 1 1 0.09
-1 -2  3  3 -2 -1 -1 -2 -2  1  0 -2 -1 -2 -2  1  0 -3 -2  1 0 0 1 1 0.11
 2  1  1 -1 -2  0  0 -1 -1  0 -2  0  1 -2 -1  2  0 -3 -2 -1 0 0 1 0 0.11
 1 -2 -1 -1 -2 -1 -1  4 -2 -2 -3  0 -2 -3 -2  2  2 -3 -2 -2 0 0 1 0 0.12
-1  1  1  0 -2  0  1  1  1 -2 -1  0 -1 -2 -2  1  2 -3 -2 -1 0 0 1 0 0.13
-1 -1 -1 -1 -2  1  1 -2  2  0  0 -1 -1  1  1  2  0 -2 -1 -1 0 0 1 1 0.15
-1 -2  2  4 -3 -1  0  1  2 -3 -3 -1 -3 -3  3  1 -1 -4 -3 -3 0 0 1 0 0.17
-1 -1  0  2 -2  1  0 -2 -2  1  0  1 -1 -2  3 -1 -1 -3 -2  0 0 0 1 0 0.15
-1 -3 -2 -3 -2 -2 -3  2 -3  2  3 -2  0  1 -3 -2  0 -2 -1  1 0 0 1 0 0.16
-1  0  1  1 -2  1 -1 -2 -1 -1  0 -1  1  1 -2  1  0 -1  3 -1 0 0 1 0 0.16
 0  0  2  2 -3 -1 -1 -2 -2  1 -1 -1 -2 -3  4  0 -1 -4 -3 -1 0 0 1 0 0.17
-1  0  5 -1 -3  1  0  0 -1 -3 -1 -1 -2 -3 -3  1  1 -4 -3 -2 0 0 1 0 0.17
 0  0 -1  0 -2 -1 -2 -2 -2  1  1 -1 -1 -2 -2  2  1 -3 -2  2 0 0 1 0 0.16
 0 -2 -2  2 -2 -1  0 -3 -2  1  2 -2  1 -1 -2  0  0 -2  1  2 0 1 0 0 0.15
 0 -2 -2 -2 -2  2 -1 -3 -2  2  0 -1  3 -1 -3  1  1 -3  0  1 0 1 0 0 0.13
 1  1  2 -2 -2 -1 -1 -2 -1 -2 -2  0 -2 -2  3  1 -1 -2  2  0 0 1 0 0 0.13
 1 -1 -2 -3 -2 -2 -2  0 -2  2  0 -2  0  2 -2 -1  2 -1  2  1 0 1 0 0 0.11
-1 -2 -1 -1 -2 -1  2 -2 -2 -2 -2  0 -2  2  1  3  3 -3 -1 -2 0 1 0 1 0.10
 0  2  3 -1 -3  1  1 -2  2 -3 -3  1 -2 -2  2  0  1 -3  1 -3 0 1 0 0 0.09
-1 -1  0  2 -2  1  2 -2  1  0 -2 -1 -2  0  2  2  1 -3 -2  0 0 0 1 1 0.08
 0 -2  1  1 -2 -1  0  1  1  1 -2 -1 -1 -2 -2  2  1 -3 -2  1 0 0 1 0 0.06
 1 -2  1 -1 -2 -1  1 -2 -2  1 -1 -1 -1 -3 -2  1  3 -3 -2  1 0 0 1 1 0.05
 1 -1  3 -1 -3  1  2 -2 -1 -3 -3  0 -2 -3 -2  1  3 -4 -3 -2 0 0 1 1 0.03
 2  1 -2 -2 -2  2 -1  1 -1  1 -1 -1  1 -1 -2 -1  1 -2  2  0 0 1 0 0 0.02
 0  0  0 -2  2  0 -2 -2 -1  1  0 -1 -1  1 -3  2  0 -1  3 -1 0 1 0 0 0.03
 0 -3 -3 -4 -2 -3 -3 -4 -2  1  0 -3  0  3 -3 -2  0 -1  3  4 0 1 0 0 0.02
 4 -3 -3 -3 -2 -2 -2  0 -2 -1  1 -2  1  1 -3 -1 -2 -1  4 -1 0 1 0 0 0.02
-1  4 -2 -3 -3 -1 -2 -3  1 -1 -1  2  1 -2 -3 -2 -2 -3  1  2 0 1 0 0 0.01
 4 -2 -2 -2 -2 -2 -2  1 -3 -3 -3 -2 -2 -4 -2  3 -1 -4 -3 -2 0 1 0 0 0.02
 3 -3 -2 -3 -2 -2 -2  2 -3  0 -2 -2 -2 -3  3  0  0 -4 -3  0 0 1 0 0 0.02
 2 -2  2 -2 -3 -2 -2  5 -2 -4 -4  0 -3 -4 -3  0 -2 -4 -3 -3 0 0 1 0 0.02
-3 -3  0  7 -5 -1  2 -3 -2 -5 -5 -2 -4 -5 -3 -2 -3 -6 -4 -5 0 0 1 1 0.02
-3 -3  0  7 -5 -2  0 -3 -3 -5 -5 -2 -5 -5 -3 -2 -3 -6 -5 -5 0 0 1 0 0.02
-3 -4 -4 -5 -4 -4 -4 -4  3  0  0 -4  3  7 -5 -3 -3 -1  1 -2 0 0 1 0 0.02
-1  0  2  3 -3 -1 -1 -2 -2 -3 -3 -1 -3 -4 -2  3  3 -4 -3 -2 0 1 0 0 0.02
-3 -4 -5 -5  4 -5 -5 -5 -3 -2  0 -5 -1  8 -5 -4 -3 -1  1 -2 0 1 0 0 0.02
-1 -3  1 -2  2 -2 -2  4 -2 -3 -1 -2  2 -3 -3  2 -1 -3 -3 -3 0 1 0 0 0.02
-3  0 -3 -4 -3  1 -3 -1 -2  1 -1 -2 -1  4 -4 -2 -2  7  4 -2 0 1 0 0 0.02
-3 -3 -4 -5 -3 -3 -4 -4 -2  0  3 -4  3  5 -4 -3 -3 -1  3 -1 0 1 0 0 0.02
 0 -3 -3 -4  2  0 -3 -4 -3  3  3 -3  1 -1 -3 -2 -1 -3 -2  2 0 0 1 0 0.02
-1 -4 -2 -3  3 -3 -1  6 -3 -5 -5 -3 -4 -4 -4 -2 -3 -4 -4 -4 0 0 1 0 0.02
 2 -3 -2 -3  3 -2 -2 -2 -3 -1 -2 -2 -1  0  3  1  2 -3 -2  1 0 0 1 0 0.02
-3 -4 -4 -3 -5 -3 -3 -4 -4 -5 -5 -3 -4 -5  8 -3 -3 -5 -5 -4 0 0 1 0 0.02
 0 -2 -2  0 -3 -2  0 -3 -2  0  1 -2 -1  1  5 -1 -2 -3 -2 -1 0 0 1 0 0.02
 0 -3 -2 -3  5 -2 -3 -3 -2  0  0 -2  2  2 -3  1 -1 -2  2  2 0 1 0 0 0.02
-1 -3 -3 -3 -2 -3 -3 -3 -3  3  2 -3  0  2 -3 -1  2 -2 -1  3 0 1 0 0 0.03
-1 -2 -1 -2 -3 -1  1 -3  3 -2 -2 -1 -1  3  2  0  0  0  4 -2 0 1 0 0 0.04
 2  1 -1 -2  3  1 -1  1 -1 -3 -3  0 -2 -3  2  2  0 -3 -2 -2 0 0 1 0 0.05
 1 -2 -1  1 -2  1  0 -2 -2 -3 -3 -1 -2 -3  5  2  1 -4 -3 -2 1 0 0 0 0.06
 2 -2 -1  2 -2 -1  1 -2 -1  0 -1 -1 -1 -1 -2  0  1 -2  2  0 1 0 0 0 0.07
-1 -2 -3 -3 -1 -2 -2 -3 -2  2  3 -2  1  0 -2 -2 -1 -2 -1  2 1 0 0 0 0.09
 1  2  0 -1 -2  0  0 -1 -1 -2 -2  3 -1 -2 -1  0  2 -2 -2 -1 1 0 0 1 0.13
-1 -1  3  4 -2  0  0  2 -1 -3 -3 -1 -2 -3 -1  0 -1 -3 -2 -2 0 0 1 0 0.19
-1 -1  3  3 -2  0  0 -1 -1 -1  1 -1  0 -1 -1  0 -1 -2 -1 -1 0 0 1 0 0.22
-1 -1 -2 -2 -1 -1 -2 -2 -1  1  2 -2  3  3 -2 -1 -1  0  1  0 0 0 1 0 0.26
 0 -1  0 -1 -1 -1 -1 -1 -2 -1 -2 -1 -1 -2 -1  3  4 -3 -2 -1 0 0 1 0 0.26
-1  3 -1 -2 -3 -1 -1  3  0 -3 -2  0 -2  1 -3 -1 -2  0  4 -2 0 0 1 1 0.23
 1 -1  0 -1 -2 -1 -1 -1 -1 -3 -3 -1 -2 -3  5  3  1 -3 -2 -2 0 0 1 0 0.23
 3 -1  0 -1 -1  0  0  0 -1 -2 -2  0 -1 -2 -1  3  1 -3 -2 -1 0 0 1 1 0.25
 4 -1 -1 -1 -1 -1 -1  0 -1 -2 -2 -1 -1 -2 -1  2  0 -3 -2 -1 0 0 1 1 0.25
 0  0  0 -1 -2  3  0 -2 -1 -1 -2  0 -1 -3 -1  1  4 -2 -2 -1 0 0 1 1 0.22
-1 -2 -2 -2 -2 -2 -2 -3 -3  0 -1 -1 -1 -3  7 -1 -1 -4 -2  1 0 0 1 0 0.23
-1 -1  4  4 -2  0  0 -1  0 -3 -3  0 -2 -3 -2  2  0 -4 -2 -3 0 0 1 1 0.23
-2 -2 -4 -4 -1 -2 -3 -4 -3  2  4 -3  2  0 -3 -3 -1 -2 -1  1 0 0 1 1 0.21
 2 -2 -2 -2 -2 -1 -1 -1 -2 -2 -2 -1 -2 -3  7  0 -1 -3 -3 -2 0 0 1 0 0.21
 0  0  0 -1 -2  4  1 -2  0 -2 -2  0 -1 -3 -1  1  3 -2 -2 -1 0 0 1 1 0.16
-2 -2 -3 -3 -3 -2 -3 -3  1 -1  0 -3  0  5 -3 -2 -2  2  6 -1 1 0 0 1 0.24
 1 -1  1  0 -1  0  0  0 -1 -2 -2  0 -1 -2 -1  4  1 -3 -2 -2 1 0 0 1 0.25
-1  0  5  1 -3  0  0  0  1 -3 -3  0 -2 -3 -2  1  0 -4 -2 -3 1 0 0 1 0.23
-2 -3 -3 -3 -2 -3 -3 -3 -1  0  0 -3  0  6 -3 -2 -2  1  3 -1 1 0 0 0 0.23
-2 -2 -2 -3 -2 -1 -2 -3  2 -1 -1 -2 -1  3 -3 -2 -2  2  6 -1 1 0 0 1 0.23
-1 -2 -3 -3 -1 -2 -3 -3 -3  1  4 -2  2  0 -3 -2 -1 -2 -1  1 0 0 1 1 0.29
 1 -1  1  0 -1  0  0  0 -1 -2 -2  0 -1 -2 -1  4  1 -3 -2 -2 0 0 1 1 0.31
 1 -1  1  0 -1  0  0  0 -1 -2 -2  0 -1 -2 -1  4  1 -3 -2 -2 0 0 1 1 0.55
 0 -1  0 -1 -1 -1 -1 -2 -2 -1 -1 -1 -1 -2 -1  1  4 -2 -2  0 0 0 1 1 0.73
 1 -1  1  0 -1  0  0  0 -1 -2 -2  0 -1 -2 -1  4  1 -3 -2 -2 0 0 1 1 0.78
-1  0  0  1 -3  2  5 -2  0 -3 -3  1 -2 -3 -1  0 -1 -3 -2 -2 0 0 1 1 0.82
 1 -1  1  0 -1  0  0  0 -1 -2 -2  0 -1 -2 -1  4  1 -3 -2 -2 0 0 1 1 0.87
 0 -1  0 -1 -1 -1 -1 -2 -2 -1 -1 -1 -1 -2 -1  1  4 -2 -2  0 0 0 1 1 0.90
 0 -1  0 -1 -1 -1 -1 -2 -2 -1 -1 -1 -1 -2 -1  1  4 -2 -2  0 0 0 1 1 0.91
