-1 -2 -3 -4 -2 -1 -3 -3 -2  1  3 -2  6  0 -3 -2 -1 -2 -1  1 0 0 1 1 0.95
-1  0  0  2 -4  1  5  1 -1 -4 -3  1 -3 -4 -2 -1 -1 -4 -3 -3 0 0 1 1 0.93
-1 -1  0  3 -4  0  4  0 -1 -1 -3  0 -2 -3 -2  0  0 -4 -3 -2 1 0 0 1 0.91
 0  0 -3 -3 -3 -2 -2 -3 -3  0  1  0 -1 -1  5  0 -1  4 -2  1 1 0 0 0 0.91
-2  3 -1  1 -4  5  1  0 -1 -4 -4  2 -2 -4  0 -1 -2 -4 -3 -4 1 0 0 1 0.91
-1  0 -1  3 -4  2  4 -2 -2 -2 -2  2 -2 -4  0  0 -2 -4 -3 -2 1 0 0 1 0.92
-3  1  0  6 -5  1  3 -3 -2 -4 -3  0  0 -5 -3 -2 -3 -5 -4 -4 1 0 0 1 0.92
 0  0 -1 -1 -3 -1 -2 -3  4 -2  0  1 -1  2 -1  0  0 -1  3 -1 1 0 0 0 0.95
-2  0 -1  2 -4  0  5 -3  0 -4 -4  1 -3 -4 -3  2  0 -4 -1 -4 1 0 0 1 0.94
-1  1 -1  4 -4  0  2 -1  2 -3 -3  0 -1 -4 -1  1  0 -4 -3 -2 1 0 0 1 0.93
 0  1 -1  1 -3 -1  0  2 -2 -1  1 -1  0 -2 -2  1 -1 -3 -3  0 0 0 1 1 0.94
 0  1 -2 -1 -2  1  0 -1 -2  0  2  0  1 -1 -3 -1  0 -3 -1  0 1 0 0 0 0.95
-1  2  0  1 -4  0  5 -1  3 -3 -4  0 -3 -4 -1 -1 -1 -4 -3 -3 1 0 0 1 0.96
-1  1  2  3 -4 -1  3  1  2 -4 -3  0 -3 -4 -2 -1 -2 -4 -3 -3 0 0 1 1 0.96
 0  0  2  2 -2  0 -1  1  0 -1 -1  0 -1 -2 -1  1  0 -3  0  0 0 0 1 1 0.95
-1  0 -2 -1  0 -2 -1 -2  0  2  2  0  2  0 -3 -1 -1 -3 -1  2 0 0 1 0 0.96
-1  1  2  3 -1  0  3 -1 -1 -4 -3  2 -2 -4 -2  0 -2 -4 -3 -4 0 0 1 1 0.96
-1  1  1  2 -4  4  1 -3  1 -3 -3  1 -2 -4 -1  1  0 -4 -3 -3 0 0 1 1 0.97
-1 -1  1  0 -4  2  3  0  4 -2 -2  0 -1 -2 -2  1 -1 -4 -2 -2 0 0 1 1 0.97
-2  2  0  3 -3  1  4  0  1 -4 -2 -1 -3 -4 -1  1 -1 -4 -3 -3 0 0 1 1 0.98
-1  0  0  1 -3 -1  2 -2 -1 -1  0 -1 -1  2 -2  1 -1 -2  3  0 0 0 1 1 0.98
-2  1  0  3 -5  1  5 -3  1 -4 -4  2 -4 -5  0 -1 -2 -5 -4 -4 0 0 1 1 0.97
-1  2  0  5 -5  0  2 -1 -2 -4 -4 -1 -4 -5 -3  0  1 -5 -4 -3 0 0 1 1 0.97
-2 -1 -1  2 -5  0  1 -1  0 -3 -2 -2 -2 -4  6  0 -1 -5 -4 -3 0 0 1 1 0.97
-1 -2  1  3 -3  0 -1  3 -1 -1  0 -1 -2 -3 -2  1 -1 -4 -2  0 0 0 1 1 0.96
 0  1  0  1 -2 -2 -1  0 -2  1 -1 -1 -1  0 -1  0  0 -3 -1  2 0 0 1 1 0.95
 0  1 -2 -2 -3 -1  1  0 -2 -1  0 -1 -2 -1  5  0 -1 -4 -3 -2 0 0 1 1 0.93
 0  2 -1 -1 -2  1  1  0 -1 -1 -1  0  0 -2  1  1  1 -3 -2  0 0 0 1 1 0.94
 0 -2  0  0 -3  2 -1  0  3 -1 -2 -1 -2 -2  4  1  0 -4 -2 -1 0 0 1 1 0.89
 0  1  1 -1 -3  2  0  0 -1  0  0 -1  0 -2  0  1  0  1 -1 -1 0 0 1 1 0.90
-1  2 -2 -2 -3 -1 -1 -3 -1  1  0  0  3 -1  0 -1  0 -2  2  1 0 0 1 1 0.92
-1  2 -1  3 -3  1  3 -1 -2  0 -2  1 -1 -3  0  0 -2 -4 -3 -1 0 0 1 1 0.88
-1 -1  0  1 -3 -1  2  0  1 -1 -2  1 -2 -1 -2  2  2 -4 -2 -1 0 0 1 1 0.87
-1 -3 -2 -3 -5  0 -2 -1 -4 -3 -5  0 -5 -3  7  1 -3 -6 -5 -4 0 0 1 1 0.86
 3 -2  0 -1 -3 -1  2 -1 -3 -2 -1 -1 -2 -2  2  3  0 -4 -3 -2 0 0 1 1 0.89
 3 -1  0  1 -3  2  0  0  2 -2 -3  0 -2 -4 -2  1 -1 -4 -2 -1 0 0 1 1 0.87
-1  3 -1 -1 -3  1  2 -1  4 -3 -2 -1 -3 -3  2  1  1 -4 -1 -3 0 0 1 1 0.87
-1  2  0  2 -3  1  0 -1 -2 -1  0 -1 -2 -3  1  0 -1 -4 -3  2 0 0 1 1 0.86
 0 -1  0 -2 -3  3 -2 -1 -3  0  0 -2  1 -2  1  0  2 -4 -3  1 0 0 1 0 0.86
-1  2 -1 -1 -4  2  1 -2 -1 -1 -1 -1 -2  3  1  0 -1 -3  0 -1 0 0 1 1 0.85
 0 -2 -2 -1 -3  0 -1 -1  1  2  1 -1  0  1  3  0 -1 -3  1 -1 0 0 1 1 0.86
-1  0  1 -1 -3  1 -1 -2  0  3  1 -1 -1 -2 -1  0  2 -3 -1  0 0 0 1 1 0.89
 1  1 -1  0 -2 -2 -2  2 -3 -1  2 -1 -1 -1  2 -1 -1 -1 -3 -1 0 0 1 1 0.85
-1 -1  1 -1 -3 -1  1  2 -2 -1 -2  0 -2 -4  0  1  3 -4 -3  0 0 0 1 1 0.69
-2  0 -1  4 -3  1  3 -2 -1 -4 -4  0 -1 -4 -2  0  1 -4 -2 -4 0 0 1 1 0.60
-1  0  1  2 -3  1  2  1  1 -2 -2  0 -2  1 -3  0 -2 -2  2 -2 0 0 1 1 0.58
-1  2  0  4 -1  0  0  0  3 -2 -2  2 -3 -2  0 -2 -1 -4 -3 -1 0 0 1 1 0.57
-1 -1  1  3 -3  0  2 -1 -1 -2  0  0  0 -3  1  0  1 -4 -2 -1 0 0 1 1 0.57
 1 -1  0  0 -2  0  1  1 -1 -1  0  0  0  0 -1  1  1 -3 -2 -1 0 0 1 1 0.60
 0 -1 -1  1 -3  0  2  1  0 -2 -2 -1 -1 -1  2  1  0 -3  0 -2 0 0 1 1 0.50
 0 -1  1  2 -1  1  1 -1  6 -1 -3  0 -1 -3 -1 -1  0 -3 -1 -1 0 0 1 1 0.29
-1  2 -1  0 -4 -1  1 -3  4  0 -2  0 -1 -4  5 -1 -2 -4 -3 -1 0 0 1 1 0.18
 0  0 -1  0 -2  0  1  2 -1 -2 -3  0 -2 -3  1  2  2 -3 -2 -2 0 0 1 1 0.11
-1 -1 -1  2  0 -2 -1 -3  1 -3 -3 -2 -2 -2  5  1  3 -4 -3 -3 0 0 1 1 0.06
-1 -1 -1 -2 -4 -1 -2 -3  8 -1 -4 -2 -3 -3  4 -1 -1 -4  0 -4 0 0 1 1 0.04
-1 -1 -1  2 -2  2  3 -3  1 -3 -2  1 -2 -1  3 -1 -1 -3 -1 -2 0 0 1 1 0.03
 0 -4 -5 -5 -3 -4 -4 -3 -4  2  4 -4  1 -2 -4 -3 -2 -4 -3  3 0 0 1 0 0.03
-4 -5 -5 -6 -2 -5 -5 -5 -3 -3 -2 -5 -3  8 -6 -2 -4 -1  5 -1 0 1 0 0 0.02
-2 -4 -3 -4  2 -4 -4 -4 -4  2 -1 -4 -2 -3 -4  0  4 -5 -3  4 0 1 0 0 0.02
-3 -2 -3  0 -5  3  7 -4 -2 -5 -5 -1 -4 -5 -3 -1 -3 -5 -4 -5 0 1 0 0 0.01
-3 -4 -5 -5 -3 -3 -4 -5 -4 -1  5 -4  7 -2 -4 -4 -3 -4 -3 -1 0 1 0 0 0.02
-1 -1  3  4 -4  2  1 -1  1 -4 -2  0 -3 -4 -3 -1 -1 -4 -1 -4 0 1 0 0 0.02
-3 -2 -2  0 -5  0  6 -3 -3 -3 -2 -1  0 -4 -3 -1  1 -5 -4 -4 0 1 0 0 0.02
-2 -4 -5 -3 -3 -4 -4 -5 -4  1  6 -4  0  0 -4 -4 -3  1 -3 -1 0 1 0 0 0.03
-1 -1 -2  0  4  1 -1 -2  0  0  1 -1  1  0  0 -1  1 -1 -1  1 0 1 0 0 0.04
 0 -1 -1 -2  1 -1 -1  0  2  0  1  0  4  1 -2 -1 -1  0  2  0 0 1 0 0 0.04
-2  2  0  4 -3  1  0 -1 -1 -2 -2  2 -2 -3 -1  0  0 -3 -2 -1 0 1 0 0 0.04
-1 -1  1  3 -2  0  1  2  0 -2 -2  0 -2 -3  0  0 -1 -3 -2  0 0 0 1 1 0.04
-1  2  1  1 -2  1  2 -1  0 -2 -2  2 -1 -2 -1  0 -1  3 -1 -2 0 0 1 1 0.04
-1 -1  4  1 -4  1  0  4  1 -4 -4 -1 -3 -4  0 -1 -2 -4 -3 -3 0 0 1 1 0.04
-1  1  0  3 -4  4  2 -1  1 -3 -3  0 -2 -1 -1 -1 -1 -3 -2 -3 0 0 1 1 0.04
 0  0 -1  3 -4  2  4 -1 -2 -4 -3  0 -3 -4 -1  1 -1 -4 -3 -3 0 0 1 1 0.05
 0 -1 -1 -2  3 -1 -1  0 -2  0  1 -1  3 -1 -1 -1  0 -1  2  0 0 1 0 0 0.04
-2  1 -2 -1  1  2  4 -3  1 -1 -2  0 -2 -1  1 -1 -1 -3  1 -2 0 1 0 0 0.03
-5 -5 -6 -7 -5 -5 -5 -5 -4 -5 -4 -6 -4 -1 -6 -5 -5 12  3 -5 0 1 0 0 0.03
-1  3 -1 -2 -3  2 -1 -2 -2 -2  0  4  2 -3 -3 -2 -1 -4 -3 -1 0 1 0 0 0.02
-3  0 -2  1 -5  2  6 -4 -2 -4 -4 -1 -3  1  1 -2 -3 -4 -3 -4 0 1 0 0 0.02
 1  0 -2 -2  3 -2 -2 -2 -3 -2 -2  0 -1 -3 -2  1  4 -4 -3  0 0 1 0 1 0.02
 4 -3 -2 -2 -2 -1 -1  2 -3 -3 -3 -2 -3 -4 -1  2 -1 -4 -3 -2 0 1 0 0 0.01
-3  7 -2 -3 -4 -1 -2 -3  3 -4 -2  1 -3 -4 -3 -2 -2 -4 -2 -4 0 1 0 0 0.01
-3 -4 -4 -4 -3 -3 -4 -3 -3 -3 -3 -4 -3  3 -4 -4 -3 12  0 -4 0 1 0 0 0.01
 0 -2 -3 -3  1 -2 -2 -1 -3  3  1 -2  1  0 -2 -1 -1 -2 -2  2 0 1 0 0 0.01
-1  3  0 -2 -3  1 -1  1  1 -3 -1  4 -1 -3 -2 -1 -1 -3 -2 -2 0 0 1 1 0.02
-2 -3 -3 -3 -3 -3 -3 -3 -1  0  1 -3  0  5 -3 -3 -2  0  6  0 0 0 1 0 0.03
-2 -2 -2  0 -4  0  7 -3 -2 -4 -4 -1 -3 -4 -2 -2 -2 -4 -3 -4 0 1 0 0 0.03
-2 -2 -2  1 -4  2  6 -3 -2 -4 -3 -1 -3 -3 -2  0 -2  2 -3 -3 0 1 0 0 0.02
-2  0  4  3  1 -1  0 -2 -2 -3 -2  2 -1 -3 -3  0  0 -4 -3 -2 0 1 0 0 0.03
-1 -1 -3 -3  0 -2 -1 -4 -3  1  1 -3  1  3 -3 -2 -1  1  1  3 0 1 0 0 0.03
 0  0  1  3 -4  1  5  1 -2 -4 -4 -1 -3 -4 -2 -1 -2 -4 -3 -3 0 0 1 0 0.04
-1 -1  0  2 -3  2  3  0  0 -2 -3  1 -1 -3  2  0  0 -3 -3 -1 0 0 1 1 0.07
 1 -1  0  2 -3  0  0  3 -2 -2 -2 -1 -2 -3 -2  1  1 -3 -3 -1 0 0 1 1 0.07
 0 -2  1  1 -3  1  0  5 -1 -3 -3 -1 -3 -3 -2 -1  0 -3 -3 -3 0 0 1 0 0.08
-1  5  0 -2  0  0 -1 -2  4 -2 -2  1 -1 -3 -3 -2 -2 -3 -2  0 0 0 1 0 0.07
-4 -4 -4 -5 -4 -4 -4 -4 -4 -3  0 -4 -3  3 -4 -4 -4 11  0 -4 0 1 0 0 0.07
 0 -2  0 -2 -3 -2 -2  4 -3 -4 -4 -2 -3 -4 -3  4  0 -4 -3 -3 0 0 1 0 0.06
-1  3 -1 -2  1  1  1 -2  0 -3 -3  4 -1 -3  1  0 -1 -3 -3 -2 0 0 1 1 0.06
 1 -3 -3 -3 -3 -3 -3 -3 -3 -3 -2 -2 -3 -4  7  0 -1 -4 -4 -3 0 0 1 1 0.06
-1 -1  0 -3 -4  0 -2 -4  9 -4 -3 -2 -3 -2 -4 -2 -3 -4  1 -3 0 1 0 0 0.04
-2 -4 -4 -4 -2 -3 -4 -4 -4  3  2 -3  0 -2 -3 -2 -2 -4 -2  5 0 0 1 0 0.03
 2 -3 -2 -2 -3 -2 -2 -1 -3 -3 -3 -2 -3 -4  5  3  0 -4 -3 -3 0 0 1 0 0.02
-1 -2 -2 -2  3 -2 -2 -2  0  0  0 -2 -1  0  1  1  2 -1  3  0 0 0 1 0 0.02
-2 -3 -4 -4 -2 -3 -3 -4 -3  1  5 -3  3 -1 -3 -3 -2 -3 -2  1 0 1 0 0 0.02
 0 -1  0 -2 -2 -1 -1 -1 -1 -2 -3  0 -2 -3  2  3  4 -3 -3 -2 0 0 1 0 0.01
-3 -3 -3 -4 -1 -2 -3 -4 -2  0  2 -3  2  6 -1 -3 -2 -1  2 -1 1 0 0 0 0.01
-2  1 -1 -2 -3  1  1 -3  6 -2 -2  1 -2 -2  0  0 -1  5  0 -2 1 0 0 0 0.01
 1 -1  0 -2  1 -2 -2 -1 -2 -3 -3 -2 -3 -3 -2  5  1 -3 -2 -3 1 0 0 0 0.01
-2 -3 -4 -4 -1 -3 -3 -4 -3  1  5 -3  0 -1 -3 -3 -2 -2  1  0 1 0 0 0 0.01
-2 -3  0 -2 -3  1 -2 -4  0  2  2 -3  1  4 -3 -2 -2  2  0  0 1 0 0 0 0.01
-1  0  0  0 -4  4  5 -3  0 -4 -4  1 -3 -4 -3  1 -2 -4 -3 -4 1 0 0 0 0.01
-3 -4 -5 -6  0 -4 -5 -6 -5  0  5 -5  0  2 -5 -4 -3 -3 -2  0 1 0 0 0 0.01
-3  6 -2 -3 -1  2 -2 -4  1 -5 -4  2 -3 -5  0 -2 -1 -5 -3 -3 1 0 0 0 0.01
-1  3  1  1 -2  0  0 -2 -1 -1 -3  3 -2 -4 -3  2  1 -4 -3 -3 1 0 0 1 0.01
 0 -3 -3 -4  7 -3 -2 -1 -2  0  0 -1 -2  1 -2 -1  1 -3  0  0 1 0 0 0 0.01
-2 -4 -4 -5 -3 -3 -4 -5 -4  4  4 -4  4  2 -4 -3 -1 -3 -2  0 1 0 0 0 0.01
 0  0  0 -1 -3  2  2 -2 -2  0  0  1  2 -1 -2  0  0 -3 -2 -1 1 0 0 1 0.01
-1  0  4 -1 -3  1  0 -2  4 -3 -3  2 -3 -3  0  0  2 -4 -1 -2 0 0 1 1 0.01
 0  0  0 -2  3 -2 -1  5  1 -4 -4 -1 -3 -4 -3  0 -2 -3 -3 -3 0 0 1 0 0.01
 0 -2  1 -2  1  0 -1 -1  1  1  0 -1  0 -2 -1  0  2 -3 -2  1 0 1 0 0 0.02
 0 -2 -2 -3  1 -2 -2 -3 -3  2  0  1  1  0 -2  0  0 -3 -2  3 0 1 0 0 0.02
-1 -2 -2  0  1  0 -2 -3 -2  2  2 -1  3  0 -2 -1  0 -2 -2  1 0 1 0 0 0.02
-2 -3  0 -3 -2 -2 -3 -3 -3  1  3 -3  2  2  2 -2  0 -2 -1  1 0 1 0 0 0.02
-4 -4  1  7 -5  1  0 -1 -3 -5 -5 -3 -5 -5 -4 -1 -3 -6 -5 -5 0 1 0 1 0.02
-1 -2 -4 -4  4 -3 -4 -2 -4  0  3 -3  5 -2 -1 -1 -1 -4 -3  1 0 1 0 0 0.02
-2  1  1  3  0  1  3 -3  2 -4 -4  0 -3 -4  1  0 -2 -4 -3 -2 0 0 1 1 0.02
 4 -1 -3 -1 -1  1  2  0 -3 -3 -3  0 -3  0 -3 -1 -1 -4 -3  0 0 0 1 1 0.02
 0  0  1  0 -1  2  0 -1  2 -2 -1  1  0 -2  0  2  2 -3  0 -2 0 0 1 1 0.02
-2 -3  3  2 -1 -1  0  0  0 -4 -4 -2 -3 -1 -3  4  3 -4 -3 -3 0 0 1 1 0.02
-3 -2 -4 -5 -3 -4 -4 -5  0  2  5 -4  2  2 -4 -4 -2 -3 -1 -1 1 0 0 0 0.02
 0 -1 -1  0 -4  0  2  0 -2 -3 -2  1 -3 -4  4  1 -1 -4 -3 -3 1 0 0 1 0.02
 0 -1  0  1 -4  3  3  2 -1 -3 -2 -1 -1 -3 -3  0 -1 -3  0 -2 1 0 0 0 0.02
-1 -4 -4 -4 -3 -4 -4 -4 -4  6  1 -4  1  0 -4 -3  0 -4 -3  3 1 0 0 0 0.02
 4 -3 -3 -3  0 -2 -1 -1 -3  2  0 -2  0 -1 -2  0 -1 -3 -3  1 1 0 0 0 0.01
-2 -2  2  4 -4  0  3 -1  3 -3 -4  0 -3 -3 -3 -1  0 -4  0 -3 1 0 0 1 0.02
 0  0  1  0  2  1  0 -2  2  0  0  0  1 -2 -2  0  0 -2  1  0 1 0 0 1 0.02
 0 -3 -3  0  2 -3 -1 -4 -4  3  2 -3  3 -2 -4 -2  1 -4 -3  3 1 0 0 0 0.02
 0 -4 -3 -5  1 -4 -4 -5 -4  3  3 -2  0 -3 -4 -1 -1 -4 -3  4 1 0 0 0 0.02
-1 -3  1  5 -1 -1  4 -4 -3 -5 -3 -1 -4 -5 -4  1 -1 -5 -1 -4 1 0 0 1 0.03
 0  1  3 -1 -2  3  1 -1  3 -2 -3  1 -1 -3 -1  0  0 -4 -1 -2 1 0 0 1 0.03
-1 -1 -3 -2 -4  4 -2 -3  1  0  1 -3  6  1 -1 -2 -3  2 -3  0 1 0 0 0 0.04
 0 -2  0 -2 -1 -2  1 -2 -1  3  0 -2 -1 -1 -1 -2 -1 -4 -2  3 1 0 0 0 0.05
 0  0  1 -1 -3  0  2 -2 -1  0  0  0 -1  0 -1  1 -1 -3  1 -1 1 0 0 1 0.05
 0  0  0  1 -3  2  2 -1 -2 -1 -2  1 -2 -2 -2  2  0 -4 -1 -1 0 0 1 1 0.07
-2 -2  3  3 -4 -2  2  4  2 -5 -4  0 -4 -4 -2  0 -1 -5 -2 -3 0 0 1 1 0.07
-1  0  0 -1  1  4  2 -4  0 -2  1  0 -1 -3  0  0 -1  1 -3 -2 0 0 1 0 0.09
-2 -4 -4 -5  0 -1 -4 -5 -2  4  4 -2  2  0 -4 -1 -3  1 -3  0 0 0 1 0 0.09
-1  3  1  2  0  1  0  0  0 -2 -3  2 -3 -4  1  1  0 -4 -3 -3 0 0 1 1 0.09
 2 -2 -1  1 -4  1  3 -2 -1 -3 -3 -2 -4 -3  5  0 -2 -5 -3 -2 1 0 0 1 0.10
 1 -1  1  2  0  1  4 -1 -2 -4 -4 -1 -1 -5 -3  1  0 -5 -4 -3 1 0 0 1 0.10
-1 -1  0  3 -3  0  2 -2  1 -1  2 -1  0 -1 -3 -1 -1  1 -1  0 1 0 0 0 0.12
-3  6 -2 -3 -5  1 -1 -2 -1 -1 -3  3 -4 -5 -4 -2 -2 -5 -4  0 1 0 0 0 0.12
 0  0  0  3 -4  0  3  0  0 -1 -2  1 -1 -4  0 -1 -2 -4 -1 -1 1 0 0 1 0.10
 0  2  1  0  0  1  0  0 -2 -1 -1  3 -1 -3  0  0  0 -4 -3 -1 1 0 0 0 0.11
-1 -4 -4 -2  0 -4 -4 -4 -4  3  2 -2  2 -1 -4 -1 -1 -4 -3  5 1 0 0 0 0.15
-1  2 -1 -3 -1  0 -2 -3  0  0  2  1  3 -1  0  0  0  0 -2 -1 1 0 0 0 0.17
 0  3  0  0 -1  0  2 -1  1 -2 -3  0 -1  0 -1  0 -1 -3  2 -2 1 0 0 1 0.24
 3 -2 -3 -3 -2 -1 -1 -1 -3  2  0 -2  0 -3 -3  1  1 -4 -3  2 1 0 0 0 0.26
-1 -3 -3 -1 -3  0 -1 -3  0  1  3 -2  1  0  2 -1 -2 -3 -2  0 1 0 0 0 0.29
-1 -2  0 -1  0  1  0 -2 -2  0  3  0  2  0  0 -1 -2 -3 -2  0 0 0 1 1 0.34
-1  2 -1 -1  0  1  1 -3  1 -1  1  1  1 -1 -2  1  0 -3 -2  0 0 0 1 0 0.38
 1  3  0 -2  1  1  0 -1  0 -3 -2  3 -2 -4  2 -1 -2 -4 -3 -1 0 0 1 1 0.44
 0  1  1 -1  3  2  1 -2  3 -3 -3  1 -2 -3  2  1 -1 -3 -2 -2 0 1 0 0 0.44
-1  3  0 -1  0  2  0 -3  2 -3 -2  0 -2 -1 -3  3  0 -3  0  0 0 1 0 0 0.50
-1 -1  0  1 -5  2 -1 -4  8 -5 -5 -1  0 -4 -1  0 -1  1  0 -5 0 0 1 0 0.52
 0  0  0  0  2  1  0  0  2 -2 -1  0  1  0  1  0  0 -2  1 -1 1 0 0 0 0.46
-2 -1  2  0  0 -1  0  1  2 -1 -1  0 -2 -1  0  2  1 -3  0 -2 1 0 0 1 0.39
-1 -1  1  3 -4  2  3 -1  0 -2 -3  0  0  0 -1  0  0 -4  0 -2 1 0 0 1 0.46
-1  0 -1 -1  0  1  0 -1  1  0  1  2  1 -1 -1  0  0 -3  0  0 1 0 0 0 0.58
 0  2  0  1 -3  1  1  0  0 -2 -2  2  0 -3  1  0  0 -4 -3 -2 1 0 0 1 0.56
 0  0  0  0  1  0  0 -1  1 -1 -1  1  0  0  1  2 -1 -3 -1 -1 1 0 0 1 0.63
-1  0 -2 -1  0  0 -2 -1  2  0  3  0  0  0  0  0  0  2 -1 -1 1 0 0 0 0.61
-1  0  0  0  2  0  0 -1  2  0 -1  0  2  1  0 -1  0  3  1 -1 0 0 1 1 0.59
-1  0  1  0  1  0 -1  1  3 -5 -1 -1  1  0  0  0  1  2  0 -2 0 0 1 0 0.64
 0  1 -2 -3 -1 -3 -2 -3  0  2  2 -2  3  0  1  1  0  1 -3  0 0 1 0 1 0.68
-1  2  0 -1 -3  0  0  0  1  0 -1  1 -1  1  0  0  0  2 -1  0 0 1 0 1 0.66
-1  1  1  0 -5 -1  0  0  2 -5 -2  0 -1 -5  5  1 -4 -5  0 -5 0 1 0 1 0.61
-1  0  1 -4  0 -2 -2 -2  3  2  0 -2  1 -1 -2  2  1 -5 -2 -1 0 0 1 0 0.64
-1 -1  2 -2  0 -1 -1 -1 -1  0  0 -1  0 -1 -1  2  1 -1 -1  2 0 1 0 0 0.64
 0  1 -1 -1 -3 -1  0 -1  0  1  1  0  0 -2 -2  1  0  0 -2  0 0 1 0 0 0.64
 0 -1  1  0  1  0 -1 -1 -1 -3 -2 -1 -2 -1  0  4  2 -1 -1 -3 0 0 1 0 0.69
 0  3  0 -1  1 -1  0 -1  2 -1 -2  1  1  0  0  0  0  2  0 -2 0 0 1 1 0.77
 0  0  0  0  2  1  0  0  2  0 -1  0  1 -2  0  0  0  3 -2  0 0 0 1 1 0.81
 0  0  1  0  1  1  0  1  2 -3 -2  0  0 -3  1  2  1 -4 -3 -1 0 0 1 1 0.83
-1  0  1  2  0  1  2 -2 -1 -1 -2 -1  1 -2 -2  2  0  0 -2 -2 0 0 1 1 0.87
-1 -1  0 -2  0  0  1 -1 -1 -1 -1  1 -1  1  4  1  0 -5 -4 -2 0 1 0 1 0.87
 0  0  2 -1  3 -1 -2  0  1 -2 -2  1 -1 -2 -1  3  1 -1 -2 -1 0 1 0 1 0.89
-1  0  1  1  0  0  0  0  2 -1 -1  0  1 -1  1  1  0  2 -2 -1 0 0 1 1 0.93
-1 -1  1 -2 -5  0 -2  0  1 -3 -1  0 -1 -1  5  1  0 -5 -3 -2 0 0 1 0 0.94
 0 -1  0 -1  0  0 -1 -1  1  0  1 -1  1  1  1  1 -1 -3 -1  0 0 0 1 1 0.95
-1 -2  0 -1  1 -1  0  0 -3  1  1 -2  1 -1  0  1  1  2 -1  1 0 0 1 0 0.96
 0 -1  2 -1 -4 -1 -2  1  0 -2 -2 -1  0 -2  4  0  1  0 -4 -2 0 0 1 1 0.94
-1  0  0  0 -1  2  0  0  2 -1  0  0 -1 -1  1  1  0  0 -1 -2 0 0 1 1 0.95
-1  1  2  0 -1 -1 -1 -1  6 -1 -2 -1  0 -1  0  1  0 -5 -1 -1 0 0 1 1 0.96
-1  1  1 -1  1  0 -1  1  1 -1 -1  0  0 -2  1  2  0 -4 -3 -1 0 0 1 1 0.97
-1 -1  2  2  0  0  0 -2  1 -1 -2 -1  0 -2  0  3  0 -4 -3 -2 0 0 1 0 0.96
 0 -1 -1 -1  0 -1  0 -1  0  1  1  0  1  0  0  0  0 -3 -2  0 1 0 0 0 0.96
-1  0  2  0  0  2  2 -1  1  0 -1  0  0 -1  1  0  0 -3  0 -2 1 0 0 0 0.96
 0  0  0  0  2 -1  0  0  1  0  0  0  1  0  1  0  0 -3 -1  0 0 0 1 0 0.95
 0  1  1  0 -4  2  1 -1  1 -2 -1  1  0 -1 -1  1 -1  0 -1 -1 0 0 1 1 0.94
-1  1  0 -1 -4 -1  0 -2 -1  0  2  0 -1 -1  1  2  1 -4 -2 -1 0 0 1 1 0.94
 0  0  0 -1  0 -1  0 -1  1  0  0 -1  1  1  0  0  0  1  1  0 0 0 1 0 0.95
 0  0  1 -1  3 -1 -1 -1  1  0 -1  0 -1 -1  0  2  0 -4  0 -1 0 0 1 0 0.94
-1  0  1  2  0  2  2 -1  2 -1 -2 -1  1 -4  1  1 -1 -5 -1 -1 0 0 1 1 0.94
-1  1  1  0  0  2  1 -2  0 -1 -1  1  0 -1  1  2 -1 -4 -1 -1 0 0 1 1 0.95
 1  0  0 -2 -1  0  1  2  0 -1 -2  0 -1 -2  1  2  0 -2 -2 -2 0 0 1 1 0.95
-2  0  3  3  0  1  3 -1  0 -3 -4  1 -4 -3 -3  1  0 -5 -4 -4 0 0 1 1 0.94
 0  0  1  0 -3  0  1  2  0 -1 -2  0 -2 -2 -1  1  0 -3  0 -1 0 0 1 1 0.95
-2 -2  1  3 -1  0  0  2  1 -2 -1 -2 -2 -2  2  1 -1 -2 -4  0 0 0 1 1 0.95
-1  1  0  0 -3  0  0 -1  1 -1  0  0  2 -1  1  1  1 -3 -1  0 0 0 1 1 0.94
-1  1  0  0 -2  1  2 -2  2 -1  0  2  0 -1  1  0 -1 -4 -1 -2 0 0 1 1 0.92
-1  2 -1  2  0  0  1  1  2 -2 -1  1 -3 -4  1  1 -1 -1 -2 -2 0 0 1 1 0.90
 0  2  1 -1 -4  2  0 -1  4 -2 -2  2 -3 -1  0  1 -1 -4 -1 -2 0 0 1 1 0.83
 1  0  0 -1 -1  1 -1 -2  2 -1  0  1 -1  0  1  1  0 -3 -1  0 1 0 0 1 0.75
-1  0  2  0 -3  2  0 -2  0 -2 -1  1  1 -3  2  0  0  0  0 -1 1 0 0 0 0.74
 0 -1  2  1  0  0  0 -2  0 -1  0 -1  1 -3  0  2  1 -3 -2  0 1 0 0 1 0.68
 0  1  1  0 -3  1  1  1  2 -3 -3  2  1 -3  1  1  0 -3  0 -2 1 0 0 1 0.58
-1  1  1 -1  3  1  1 -2 -1  1  0 -1 -1  1 -2  0  1 -2 -1  0 1 0 0 0 0.45
-2  0  0 -2 -3 -2 -2 -3  3 -1  2  0  6 -2 -3 -1  0  1 -1  0 1 0 0 1 0.38
-1  3  1  0 -4  1  2  0 -2 -3 -2  3 -2 -4  2  0 -1 -4 -3 -3 1 0 0 1 0.27
-2  2  0  2  1  0 -1 -3 -2 -1 -2  5  0 -4  0 -1 -2 -4 -3 -3 1 0 0 1 0.20
-2 -2 -1  0  0 -1 -1 -2 -3  4  2 -3 -1 -1  0 -1 -1  3 -1  1 0 0 1 0 0.14
 0 -1 -3 -3  0 -2 -1 -4 -4 -4 -3 -3 -4 -5  7  1 -2 -5 -4 -3 0 0 1 1 0.13
 1  0 -1  0 -2  0  2 -2 -2 -2 -2  0 -2 -3  4  1  0 -3  0 -2 0 0 1 1 0.12
-1 -1  2  4 -4 -1 -1  3  0 -3 -4 -1 -3 -4 -3  0  1 -4 -3 -3 0 0 1 1 0.10
 3  0  0  0 -2  0 -2 -1 -3 -2 -2 -2 -2 -3  0  1  1  0 -3  0 0 0 1 0 0.07
-1  1  2  1  3  2  1 -2  3 -2 -2  1 -2 -3 -2 -1 -1 -3 -2  0 0 0 1 0 0.04
 4 -3 -2 -1 -2 -2 -2  2  0 -1 -3 -2 -2 -3 -2  1  0 -3 -1  0 0 1 0 0 0.04
 3 -1 -1 -2  2 -2 -2 -1 -3 -2 -2 -1 -1 -3 -2  3  2 -4 -3 -1 0 1 0 0 0.03
 0 -2  3 -2 -1  1 -2 -3  1  1  1 -2  2 -2 -3  0  1 -4 -2  2 0 1 0 0 0.03
-2 -4 -4 -2 -3 -4 -4 -5 -5  3  1 -4  1 -2  0 -3 -1 -5 -3  5 0 1 0 0 0.02
-2 -3 -4 -5 -3 -2 -3 -5  2  1  5 -4  3  2 -2 -4 -3 -3 -2  0 0 1 0 0 0.02
 1 -1 -4 -4  2 -3 -3 -2 -1  2  1 -2 -1 -2 -4 -1 -1 -4 -3  5 0 1 0 0 0.02
 1 -5 -3 -4 -5 -4 -5  7 -4 -6 -6 -4 -5 -5 -5  0 -4 -5  0 -5 0 1 0 0 0.02
 0  1 -1 -2  3  0  3 -1 -1 -1 -2  0  0 -3  2  0  0 -4 -2 -1 0 1 0 0 0.02
 0 -1  0 -3 -2 -2 -2 -3 -1  1  1 -2  0  0 -2 -1 -1 -3 -2  4 0 1 0 0 0.02
 0 -1  1  4 -3  0  2  1 -2 -4 -4  0 -3 -4  2  0 -1 -4 -3 -3 0 0 1 1 0.02
-2 -3 -1  0 -1 -2 -1  0  1 -1  1 -3  1  6 -3 -1 -1 -1  1 -2 0 0 1 0 0.02
 0 -3 -3 -4 -2  1 -3 -4 -3  1  4 -3  2  1 -3 -3 -2 -3 -2  1 0 0 1 0 0.02
-1  0  1  3 -3  0  2 -2  1 -2 -2  1 -2 -3  0  0  2 -3 -2 -1 0 0 1 1 0.02
 0  2  0 -2  0  3 -1 -2  1 -2 -2  2  2 -2 -2  0  0 -3  0  0 0 0 1 1 0.02
 0  1 -2 -3  2 -1 -2 -2  1 -3 -3 -2 -3 -4  6 -1  0 -4 -2 -2 0 0 1 0 0.02
 0  0 -1 -1  0 -1 -1 -2  1  1  1  0  1  2 -2 -1  0 -2  0  1 0 1 0 0 0.01
 0 -2 -2 -3  1 -2 -2  0 -2  1  1 -2  2  1 -1  0  0 -2 -1  2 0 1 0 0 0.01
 2 -2 -2 -2  3 -1 -2  1  1  0 -1 -1  0 -2 -2  0 -1 -2 -1  2 0 1 0 0 0.01
-1  0 -2 -2 -2 -2 -1 -3 -1  0  0 -2  1  6 -2 -2 -2  0  2 -1 0 1 0 0 0.02
 0  0 -2 -2 -1 -1 -2 -2 -2  2  1 -1  1 -1 -2  0  1 -2 -1  3 0 1 0 0 0.02
-2  6 -1 -2 -3  0 -1 -3  3 -3 -3  1 -2 -3 -2 -1 -2 -3 -2 -3 0 1 0 0 0.02
-2 -2 -3 -3 -2  1 -2 -3 -2  1  4 -1  0  3 -3 -2 -2 -2 -1  0 0 1 0 0 0.02
 0  1  1  0 -1  1  1 -1  0  0  0  1 -1 -1 -1  1  0 -2 -2 -1 0 1 0 1 0.03
-1  1  0  1 -4  2  4 -1  0 -4 -3  1 -2 -4  2  0 -1 -4 -3 -3 0 1 0 1 0.03
 4 -3 -3 -3 -3 -3 -3  2 -4 -4 -4 -3 -3 -4  3  2  0 -4 -4 -3 0 1 0 1 0.03
 0 -1 -2 -3  2 -1 -3 -3 -1  2 -1 -1  0 -2 -1 -1  1  1 -3  4 0 1 0 0 0.04
 0 -1 -1 -2 -1  0  0 -3  0  0  1 -1  1  0  1 -1  0 -1 -1  2 0 0 1 1 0.05
-3 -1 -2 -2 -3 -3 -3 -2 -4  1  4 -3  5  1 -4 -3 -3  4 -2 -1 0 0 1 0 0.06
-1 -1 -1  3  0 -1  3  2 -3 -4 -4 -1 -4 -4  2  0 -1 -4 -4 -4 0 0 1 1 0.06
 1 -2  1  0  2 -1  0  1 -2  0  1 -1 -1 -1  0  2  0 -3 -2 -1 0 0 1 0 0.06
-1 -3 -3 -3 -3 -3 -1 -4 -3  2  3 -3  1  0  0 -2  1 -3 -2  2 0 0 1 0 0.06
-1 -2  0  1 -5  0  6 -2 -3 -5 -5 -2 -4 -2 -2  0 -3 -5 -4 -1 0 0 1 1 0.04
-1 -4 -2 -3 -3 -3 -4  1 -4  1  0 -4  1 -1  2 -1 -2 -5 -3  5 0 0 1 1 0.04
-1 -2  1 -1 -5 -3 -2 -4 -1 -1 -3 -1 -4 -5  7  0 -1 -6 -5 -2 0 0 1 1 0.03
-1 -1 -3 -1  1 -2 -1 -4 -3  4  2 -2  1 -1 -3 -2 -2 -3 -1  3 0 0 1 0 0.03
-3 -4 -4 -4 -5 -2 -1 -2 -4 -5 -4  0 -4 -5  8 -3 -1 -5 -5 -4 0 0 1 1 0.02
-2 -3 -3 -3 -1 -3 -3 -1 -4  0  0 -3 -1 -3 -3  0  4 -4 -3  4 0 1 0 0 0.02
-3  7 -3 -3 -5 -2 -2 -1  0 -4 -2  1 -3 -4 -4 -1 -3 -4 -4 -4 0 1 0 0 0.01
-2 -3 -2 -1 -3 -2 -1 -3  0 -1  0 -3 -1  6  1 -1 -1  0  2 -2 0 1 0 0 0.01
-1 -2 -2  0 -2 -2 -2 -3 -3  2  3 -2  2  2 -3 -2  0 -2 -1  2 0 1 0 0 0.01
-1 -3 -3 -4  2 -3 -3 -3 -2  0  0 -3  1  6 -3 -2 -2  0  2  0 0 1 0 0 0.01
-1  0 -2 -3 -2 -2 -2 -3 -2  2  2 -2  1  2 -2 -1  0 -2  0  2 0 1 0 0 0.01
-1  1 -2 -3  3 -1 -2 -3  3  1  1 -1  2  2 -3 -2 -1 -1  2  1 0 1 0 0 0.01
-2 -1 -5 -5 -4 -4 -5 -5 -5  1  6 -4  2 -2 -5 -4 -2 -4 -4  0 0 1 0 0 0.01
 0 -5  0 -4 -5 -4 -4  6 -4 -2 -4 -4 -4 -5 -4 -2 -1 -5 -5 -3 0 1 0 0 0.02
-4 -5 -5 -5 -6 -3 -2 -5 -5 -6 -6 -2 -5 -6  8 -1 -2 -6 -6 -3 0 0 1 0 0.02
 0  0 -1  1 -2  0  1 -2  2 -3 -2  1  0  0  3  1  0 -4 -2 -2 0 0 1 0 0.03
-1 -2  1  1 -4  1 -1  3  2 -1 -1  0 -1 -3  0  1  0 -4 -1 -2 0 0 1 0 0.04
 0  0  1  0 -4 -1 -1 -1  3 -2 -1  2 -3 -2  3  1  0 -4 -1 -1 0 0 1 1 0.04
 1 -1  1  2 -4  1  0  1  3 -3 -2 -1 -1 -3 -3  0  1 -4  0 -1 0 0 1 1 0.05
-1  0  0  1 -1  0  0 -2  0  0  0  2  2 -1 -1 -1  0 -4 -1  1 1 0 0 0 0.06
-2 -2  3  4 -2  4 -1 -1 -3 -6 -6  0 -5 -6 -1  2 -1 -6 -5 -5 0 0 1 1 0.06
-3 -5 -5 -5  0 -5 -2 -6  1 -4  0 -5 -4  2 -6  0 -5 -2  9 -4 1 0 0 0 0.06
-1  1  0 -2 -5 -3 -3 -3  8 -3 -1 -3 -1 -2 -2 -1  2 -5  0 -3 1 0 0 0 0.05
-4  0 -1  0 -6  3  6 -5  0 -6 -5 -1  0 -6 -2 -3 -2 -5 -5 -5 1 0 0 0 0.04
-3 -5 -5 -5 -1 -4 -5 -5 -5  6  2 -4  3 -1 -5 -2  0 -5 -4  3 1 0 0 0 0.03
-1 -3 -4 -5 -5 -5 -5  7 -5 -6 -3 -2 -5 -6 -1 -4 -5 -5 -6 -6 1 0 0 0 0.03
-3  7 -3 -4 -5 -2 -3 -1 -3 -4 -2 -1 -4 -5 -4  0 -2 -5 -4 -2 1 0 0 0 0.02
 4 -1 -1 -3  3 -2 -1 -2 -3 -2 -3 -2 -3 -4  2  3  0 -4 -3 -1 1 0 0 0 0.02
 0 -1 -4 -5 -3 -4 -4 -5 -4  4  1 -4  5  3 -4 -3  0 -3 -2  1 1 0 0 0 0.02
 5 -4 -3 -4 -3 -3 -3  2 -4 -4 -4 -1 -4 -5  1  2 -2 -5 -5 -3 1 0 0 0 0.02
 1 -3 -1 -3 -3 -1 -2  0 -4 -2 -1 -3 -2 -4  2  0  5  2 -4  0 1 0 0 0 0.02
-3 -1 -5 -6 -4 -4 -5 -6 -5  2  5 -4  3 -2 -5 -4  0 -4 -3  1 1 0 0 0 0.01
-2 -5 -5 -6 -4 -4 -5 -6 -5  0  3 -5  8  2 -5 -1 -3 -4 -3 -1 1 0 0 0 0.01
 2 -3  0 -3 -3 -2 -1 -3 -3 -1 -4 -3 -3 -4 -3  5  2 -5 -4  0 0 0 1 0 0.01
-4 -4  3  7 -5 -2  2 -4 -3 -5 -6 -3 -5 -6  2 -1 -3 -6 -5 -5 0 0 1 0 0.01
-2  1 -2  1 -4  0  3 -3 -2 -2 -3  2  0 -4  3 -1  1  2 -3 -3 1 0 0 1 0.01
 0 -1 -1 -2 -2  1  1 -1  0  1  0 -2 -1 -1  1 -1  0 -3 -2  3 1 0 0 0 0.01
 1 -4 -3 -4 -3 -3 -4 -4 -3 -2 -2 -4 -2  6 -4  1  1 -1  3  1 1 0 0 0 0.01
-2  2  1 -2  1  1 -1 -1  4 -2 -1  1 -2 -3 -3  0  1  3 -2  0 1 0 0 0 0.01
-1  0  2  2  0  1  2 -2  0 -1 -1  0  0 -3 -3  0  0  4 -3 -2 1 0 0 1 0.01
 0  0 -2  1  1 -2  0 -3  1  2 -1 -1  0 -1 -3  0  0 -4 -2  3 1 0 0 0 0.01
 6 -4 -5 -5  1 -4 -4 -3 -5 -2 -1 -4  0  2 -4 -1 -3 -5 -4  1 1 0 0 0 0.01
-3  2 -3 -1  0 -4 -2 -6  2 -5 -2 -4 -4  1 -6 -3 -2  1  8 -4 1 0 0 1 0.01
-1  2 -2 -1  1  2  0 -2 -1 -3  1  3  0 -2 -3 -2  1 -4  1 -2 1 0 0 1 0.01
 6 -4 -4 -5  1 -4 -2 -3 -5 -4  0 -4 -4 -2 -4  1 -1 -5 -5 -2 0 0 1 0 0.01
-2  1  1  0 -4  2  2 -2  1 -3 -1  3  0 -4 -2  1 -1 -4 -3 -1 0 0 1 1 0.01
-2 -2  3  4 -1  0  2  0  2 -3 -5 -1 -4 -5 -3  3  1 -5 -4 -4 0 0 1 1 0.01
-2  6 -1 -2 -1  1 -1 -3 -3 -4 -2  1 -2 -5  2 -1 -2 -5 -4 -1 1 0 0 1 0.01
-1  1  0  1 -2  2  3 -2  2 -3 -3  1 -1 -1 -1 -1  0 -4  0 -3 1 0 0 1 0.01
-3 -4 -2  6 -6 -1  3 -3  3 -5 -3 -3 -5 -6 -1 -1  2 -6 -5 -5 1 0 0 1 0.02
-4 -5 -6 -6 -4 -5 -5 -6 -5  3  5 -5 -1  0 -5 -5 -4 -4 -3  1 1 0 0 0 0.02
 0 -4 -4 -4  1 -4 -4 -4 -4  3  4 -4 -1 -2 -4 -3  2 -4 -1  1 1 0 0 0 0.02
 2  0  1  2  0  0  1 -1  1 -3 -3  1 -1 -3 -2  1  0 -3  1 -2 1 0 0 1 0.02
 4 -3 -2 -3 -1 -2 -3  4  0 -3 -3 -2 -3 -2 -3  1 -2 -4 -3 -1 1 0 0 0 0.02
-2 -4 -4 -4 -3 -3 -4 -4 -4  5  3 -4  2  1 -4 -3 -2 -3 -2  3 1 0 0 0 0.02
-1  0  3  5 -5 -1  3 -2 -2 -5 -5 -1 -4 -5 -3 -1 -2 -5 -4 -4 1 0 0 1 0.02
 0  0  1  2 -2  1  5  0 -2 -4 -3 -1 -3 -4 -3  0 -1 -4 -4 -2 1 0 0 0 0.02
-5 -6 -6 -7 -5 -6 -6 -6 -4 -3 -2 -6 -3  9 -7 -5 -5 -2  0  0 1 0 0 0 0.02
-3 -3 -5 -5 -3 -3 -4 -5 -1  1  5  0  4  0 -5 -2 -2 -4 -3 -1 1 0 0 0 0.02
 0  0  0  6 -5  0  1 -3 -3 -4 -5 -1 -4 -5 -3  1 -1 -6 -4 -3 1 0 0 1 0.02
 1  1 -2  3  5  3  2 -1 -1 -4 -4 -1 -3 -4 -3  0 -2 -4  0 -3 0 0 1 0 0.01
 0 -3 -2 -3  0 -3 -3  0 -3 -1  0 -3 -2 -3 -3  4  2 -4 -3  3 0 0 1 0 0.01
-2 -4 -4 -4 -3 -4 -4 -5 -4  5  1 -4  0 -1 -4 -2  3 -4 -3  3 0 1 0 0 0.02
-1 -4 -4 -4 -3 -4 -4 -4 -4  2 -1 -4  1  0 -4 -3 -2 -4 -3  6 0 1 0 0 0.02
-3 -4 -4 -5 -3 -4 -4 -5 -4  4  4 -4  2 -2 -4 -4 -3 -3 -3  1 0 1 0 0 0.02
 0 -4 -4 -4 -5 -3 -3 -4 -4 -5 -5 -3 -4 -5  8 -1 -3 -5 -5 -4 0 0 1 0 0.02
-1 -3 -4 -3 -4 -3 -3 -4 -4 -4 -1 -3 -4 -5  8 -1 -3 -5 -4 -4 0 0 1 0 0.02
-1 -3  0 -2  1 -1 -3  5 -3 -4 -3 -3 -3 -4 -3  1  2 -4 -4 -3 0 0 1 0 0.02
-2  2  1  3 -5  1  5 -3 -2 -4 -4  2 -3 -4 -3 -1 -2 -4 -4 -4 0 0 1 1 0.03
-1 -4 -4 -5  1 -4 -4 -4  1  3 -1 -4  0 -1 -4 -2 -2 10 -1  1 0 0 1 0 0.04
-2 -2 -1  5 -4  2  1 -1  1 -3 -2 -1 -3 -3  3  0 -1 -4  0 -3 0 0 1 1 0.04
-1  1  2  1 -3  1 -1  0  0 -2 -2 -1 -3 -4  4  2  0 -4 -2 -3 1 0 0 1 0.06
-1  2  0  0 -4  2  3 -2  0 -4 -4  3 -3 -4 -1  1  1 -4 -3 -3 1 0 0 1 0.06
 0  1  2  1 -1  1  0 -2  1  2 -1  0  0 -3 -3  0  0 -3 -2  0 1 0 0 1 0.05
 1  4 -3 -2 -1 -2 -3 -4  3 -1  3 -1  2 -2 -3 -3 -3 -4  0 -2 1 0 0 0 0.06
-3 -4 -5 -4 -3 -4 -4 -5 -5  4  4 -4  1 -2 -2 -3 -3  2 -3  1 1 0 0 0 0.08
-1  2 -2 -2 -3  1  3 -2  1 -1  1  0 -1 -3  3  0 -1 -4 -2 -2 0 0 1 1 0.14
-1  0 -1 -2 -4 -2 -1  0 -3 -3 -3 -1 -3 -5  6  3  1 -5 -4 -3 0 0 1 0 0.16
-2 -3 -1 -1  2 -2 -1 -3 -1  2  1 -3  1 -2  4 -2 -1 -3 -2  2 0 0 1 0 0.16
 1 -1 -2 -2 -2 -1  0 -3 -2  3  1  1 -1 -2 -1 -1 -1 -3 -2  2 0 0 1 1 0.16
 0  1  2 -1 -2  0  0 -2  0 -1 -3  2 -1 -4  4  0 -1 -4 -3 -2 1 0 0 1 0.19
 0 -2 -1 -2  1 -1 -2 -3 -1  1  0 -2  1  3  2  0 -1 -2  0  2 1 0 0 0 0.24
-2  0 -2 -3 -4  6  1 -4 -2 -1 -3  2 -3 -4  3 -2 -3 -4  0 -2 1 0 0 0 0.26
-1  3 -2 -2 -4  1  1 -1  3 -4 -4  4 -3 -4 -3  3 -1 -5 -3 -3 1 0 0 1 0.32
 0  0  1  1 -3  2  3 -1  0 -3 -3  3 -3 -4 -2  1 -1 -4 -3 -3 1 0 0 0 0.34
 0  1  0  0 -3  1  0 -2 -2  0  2  0  3 -2 -2  0 -1 -1 -1  1 1 0 0 0 0.39
-1 -1 -2 -3 -3 -2 -3 -2 -2  1  4  2  2 -1 -1 -2 -2 -3 -3  0 1 0 0 0 0.44
-1  5 -2 -3 -2  2 -1 -3  0 -2  0  2  0 -2 -1  1  0 -2 -3 -3 1 0 0 1 0.48
-2  3  0  1 -4  2  0 -3 -2 -3 -1  4  1 -3 -1  0 -1 -4 -3 -3 1 0 0 1 0.55
-3  6  0 -2 -5  1  0 -1 -3 -3 -3  2  0 -3 -2  0 -2 -5 -3 -2 1 0 0 0 0.60
-1  1  0 -2 -2  0  2 -1 -1 -1  0  3  0 -1  0  0  0 -3  1  0 0 0 1 1 0.75
-1  2  0 -1 -2  3  1 -1  0  1 -1  0  0  0  0 -1 -1  0  1 -1 0 0 1 1 0.77
 0  1  0 -2 -1  0  1 -1 -1 -2 -1  2  1 -2  2  0  0 -1  0 -2 0 0 1 1 0.81
 0  0  0 -1 -3  0  0  0 -1 -1 -1  1  0 -2  0  2  1 -3 -1 -1 0 0 1 0 0.88
-1 -2  1  1 -4 -1  1  0  0 -3 -1  0 -1 -4  4  0  0 -4 -1  0 0 0 1 1 0.89
 1  0  0 -1  1  1  0  1  0 -1 -1  1 -1 -1  0  0  0 -3 -2  0 0 0 1 0 0.89
 0  1  0  0 -3  1  1  0 -2 -2 -1  2 -1 -2  0  0 -1 -4 -1  0 0 0 1 1 0.92
-1  0 -1  1 -2  0  1  0  0 -3 -2 -1 -1 -4  5 -1  0 -4 -1 -2 0 0 1 1 0.94
 0  1  1  2 -2  1  1  0  1 -1 -1  0 -1 -2 -1  0  0 -3 -2 -1 0 0 1 1 0.95
 0 -1  0  2 -3 -1  0  2 -2 -1 -1  1  0 -3  2  1  1 -4 -3 -1 0 0 1 1 0.96
 0  0  1  1 -1  0  1  0  1 -2 -1  0  0 -2  1  1  1 -3 -2 -1 0 0 1 1 0.97
 0  0 -1  0 -1  0  1  0 -1  0  0  0  0  1 -1  0  0 -2  0  0 0 0 1 1 0.96
 1 -2 -1  1 -1 -1  1  0  2 -1  0  0  0 -1  0  0  1 -1  1 -1 0 0 1 1 0.95
 0  0 -1  0 -4  1  2  0  1 -2 -2  3 -1 -4 -1  0  0 -4 -3 -1 0 0 1 1 0.95
 0  0 -1  3 -4  0  3  2 -1 -3 -2  0 -1 -4  0  0  0 -4 -4 -1 0 0 1 1 0.93
-1  0 -1  0 -3  0  2  0  0  0  1  0 -1  0  0  0 -1 -1 -2  0 0 0 1 1 0.91
 0 -1  0  3 -4  1  3  1  0 -3 -3  1 -2 -4  0  1 -1 -5 -3 -3 0 0 1 1 0.85
 0  1 -2 -1  1  0  1  0  2 -1  1  0 -1 -2  1  0 -1 -3 -1 -1 0 0 1 1 0.81
 0 -1  1  2 -3  1  1  1  6 -4 -3  0 -3 -4  1 -1 -1 -4 -2 -3 0 0 1 1 0.68
 0 -1 -1  0 -3 -1  2  2  1 -3 -2  2  0 -4  1  0  0 -2 -2 -3 0 0 1 1 0.65
 0 -2  0  0 -3  0  1  3  2 -4 -3  0 -3 -4  3 -1  0 -4 -2 -1 0 0 1 1 0.58
-2 -2 -2  0 -5  1  3  1  2 -4 -4  0  0 -5  5 -1  0 -5 -3 -3 0 0 1 1 0.49
-3 -3  0  5 -2 -1  4 -1  3 -2 -3 -1 -4 -5 -3  0 -3 -5 -4 -3 0 0 1 1 0.45
-3 -2  0  6 -4 -2  2 -1 -3 -3 -4  0 -1 -2  0 -1 -1 -4 -3 -2 0 0 1 1 0.32
-2 -3 -3  0 -4 -2  2 -2 -3 -4 -3 -1 -3 -4  7 -1 -2 -4 -4 -3 0 0 1 1 0.36
-5 -6 -7 -7 -5 -6 -6 -7 -6  0  6 -6 -2 -1 -6 -6 -5 -5 -5 -1 0 0 1 0 0.35
-1  2 -3 -3 -1  5  1 -4  0 -3 -2  3 -2 -5 -4  0 -2 -5 -3 -1 0 0 1 1 0.40
-5  8 -4 -5 -7 -2 -4 -6 -1 -6 -6  0 -4 -2 -6 -5 -5 -1  0 -3 0 0 1 1 0.41
-4 -5 -4 -5 -5 -5 -5 -5 -6 -5 -5 -5 -5 -6 -5  2  8 -6 -6 -4 0 0 1 0 0.21
-3  0 -2 -5 -6 -5 -5  7 -2 -7 -7 -2 -6 -7 -6 -4 -5 -6 -6 -7 0 0 1 1 0.21
-5  7 -4 -5  0 -1 -2 -6  0 -1 -4  2 -3 -4 -5 -2 -4 -3  0 -4 0 0 1 1 0.14
-4 -4 -6 -6  0 -5 -5 -6 -6  3  4 -5 -2  0  4 -4 -4 -1 -4 -1 0 0 1 1 0.21
-7 -7 -7 -8 -7 -8 -8 -8 -6 -4 -4 -8 -4  9 -8 -7 -7 -3 -1 -5 0 0 1 1 0.30
