 0 -2  0 -1 -3 -2 -2  6 -2 -4 -4 -2 -3 -3 -2  0 -2 -3 -3 -3 0 0 1 1 0.91
 3 -1 -1 -1 -1 -1 -1  2 -2 -2 -2  1 -2 -3 -1  2  0 -3 -2 -1 0 0 1 1 0.88
 2 -1 -1 -1 -2  0  1  2 -2 -3 -3 -1 -2 -3  2  3  1 -3 -2 -2 1 0 0 0 0.87
-1 -2 -1  4 -3 -1  1 -2 -2 -3 -2 -1 -3 -4  6  0 -1 -4 -3 -3 1 0 0 1 0.79
 1  0 -1  1 -3  1  3 -2 -1 -2 -1  2  0 -3 -2  0 -1 -3 -2  0 1 0 0 1 0.76
 1 -1 -1  1 -2  0  3  0 -2 -3 -3  0 -2 -3  1  2  2 -4 -3 -2 0 0 1 0 0.67
-1 -2  0  3 -3  0 -1 -2 -2 -2 -1  0 -2 -3  5  0  1 -4 -3 -1 0 0 1 0 0.56
 2  0  0 -1  2 -1  0 -1 -2 -2 -1  1  1 -3  1  2  0 -3 -2 -1 0 0 1 1 0.52
 0  0 -1  1 -3  1  1 -1 -2 -1 -2  1 -2 -1  4  0 -1 -3 -2 -2 0 0 1 1 0.45
-1  2  0  1 -3  0 -1 -2 -2  1  0  2 -1 -2 -2  1  0 -3 -2 -1 0 0 1 1 0.36
-2  2  1 -1 -4  2  1  0 -1 -4 -3  4 -2 -4  2  0  0 -4 -3 -3 0 0 1 1 0.16
-1  0 -1  0 -3 -1  1 -1  1 -2 -2  0 -2  0  4  1  1 -3 -2  0 0 0 1 1 0.10
-3 -4 -5 -5 -3 -4 -4 -5 -4  1  6 -4  1 -1 -4 -4 -2 -3 -2  0 0 0 1 0 0.05
-2 -3  0 -3  2 -2 -3 -4 -3 -2  2  0 -1 -3  6 -2 -2 -4 -3 -2 0 0 1 1 0.03
-3 -3  5  6 -5 -2  0 -2 -2 -5 -5 -2 -4 -5 -3 -1 -2 -6 -4 -5 0 0 1 1 0.02
-2 -4 -4 -4 -2 -3 -4 -5 -3  4  2 -4  0  1 -4 -3 -2 -2  2  3 0 0 1 0 0.01
-4 -5 -5 -6 -4 -5 -5 -5 -3 -2 -1 -5 -2  9 -6 -4 -4 -1  1 -3 0 0 1 0 0.01
-1 -2  0  0  0  1  0 -2  3 -2  0 -1 -1 -3 -2  2  4 -3 -2 -1 0 0 1 1 0.01
-1 -3  2  1 -4 -3 -3  6 -3 -5 -5 -3 -4 -5 -3  0 -3 -4 -4 -5 0 0 1 1 0.01
-2 -3 -3 -4  3 -3 -3 -4 -4  3  0  0  2 -2 -3 -2  0 -4 -2  4 0 0 1 0 0.01
-1  3  0 -2 -3  0 -1 -3  1 -2 -3  4 -2 -3 -2  1  2 -4 -2  0 0 1 0 1 0.01
-1 -3 -4 -4  2 -3 -4 -4 -4  3  3 -3  3  2 -4 -3 -2 -3 -1  2 0 1 0 0 0.01
-3 -3 -3 -4 -3 -1 -3 -4  3 -1  0 -3 -1  6 -4 -3 -3  0  6  1 0 0 1 0 0.01
-2 -4 -5 -5 -2 -4 -4 -5 -4  4  4 -4  1  1 -4 -3 -2 -3 -2  2 0 0 1 0 0.01
-1 -2  1  0 -4 -1  1 -1  3 -4 -4 -2 -3 -3  6  1 -2 -3  2 -3 0 0 1 0 0.01
-1  0 -1  3 -4 -1  2  2 -2 -3 -2  1 -3 -4  4 -1  0 -4 -3 -2 0 0 1 1 0.01
 0 -1  1  3 -3  0  1  1 -2 -3 -3  0 -3 -4 -2  3  2 -4 -3 -3 0 0 1 1 0.01
-2 -3 -3 -4 -2 -3 -3 -4 -3  3  1 -3  0  2 -3 -2  1 -2  1  4 0 0 1 0 0.01
-2  1  0  1 -4  2  1 -3 -2 -4 -4  3 -3 -4  5  0 -2 -4 -3 -3 0 0 1 1 0.01
 1 -2  1  5 -4  1  2 -2 -2 -4 -4  1 -3 -4  1 -1 -2 -4 -3 -3 0 0 1 1 0.01
 1  1  0 -2 -3  0 -2 -2  2 -1 -1  0 -1  4 -3 -1 -2 -1  3 -1 1 0 0 0 0.01
 0  0  2  3 -3  1  2 -1  0 -3 -3  2 -2 -4 -2  1  0 -4 -3 -3 1 0 0 1 0.01
-2  4 -1  0 -4  1  1 -3 -2 -3  0  3  1  0 -3 -1 -1 -3 -2 -2 1 0 0 1 0.01
-1 -3 -4 -5 -2 -3 -4 -4  1  2  5 -3  2 -1 -4 -3 -2  3 -2  0 1 0 0 0 0.01
-2  4 -1 -2 -3  2  1 -3  2 -1 -1  1 -1 -2 -3 -1  0 -3  1 -1 1 0 0 1 0.00
-3  8 -2 -3 -5 -1 -2 -4 -2 -5 -4  1 -3 -5 -4 -3 -3 -5 -4 -4 1 0 0 1 0.00
-4 -4 -4 -5 -4 -3 -4 -5  2 -3 -1 -4 -3  2 -5 -4 -4  0  9 -3 1 0 0 0 0.00
-3 -4 -4 -5 -3 -4 -5 -1 -3  4  0 -4 -1  6 -5 -4 -3 -2  0  0 1 0 0 0 0.00
-2 -4 -3 -4 -2 -3 -4 -1 -4  4  1 -3  0 -2 -3 -2  2 -4 -2  3 1 0 0 1 0.00
 6 -3 -3 -3 -2  1 -2 -2 -3 -3 -3 -2 -3 -4 -2  0 -2 -4 -3 -2 1 0 0 1 0.00
-4 -4 -4 -5 -4 -4 -4 -5 -1 -3 -2 -4 -2  6 -5 -4 -4  0  8 -3 0 0 1 0 0.00
-2 -3  4  5 -4 -2 -1  4 -2 -5 -5 -2 -4 -5 -3 -1 -2 -5 -4 -5 0 0 1 1 0.01
 0 -4 -2 -3 -4 -3 -4  7 -4 -5 -5 -3 -4 -5 -4 -2 -3 -4 -5 -5 0 0 1 0 0.01
-2  0  1  5 -4  1  1 -2 -2 -4 -4  0 -3 -4 -2  1  1 -4 -3 -3 0 1 0 1 0.01
-2 -3 -4 -4 -2 -3 -4 -4 -3  3  3 -3  2 -1  0 -3 -2 -3  1  3 0 1 0 1 0.01
 0 -3 -3 -4  2 -3 -3 -3 -3  1  1 -1  0 -1 -3 -1 -1 -3  0  4 0 0 1 0 0.01
-1 -1  1  2 -3  2  1 -1  2 -3 -3  1 -2 -1  2  1  1 -3 -2 -3 0 0 1 1 0.01
-1 -1  2  3 -3  1  3 -2  2 -3 -2 -1 -2 -2  0  1 -1 -3  1 -3 1 0 0 1 0.01
 0 -2  0  1 -3 -2 -2  0  2  0  0 -2 -1  3 -3  0 -1 -1  4 -1 1 0 0 1 0.01
-1 -2  2  5 -4  1  2 -1 -2 -3 -3  0  0 -1 -2  1 -1 -4 -3 -3 1 0 0 1 0.01
 0  1  0 -1  1  0  0 -2 -2  0  0  1  2  0  1  0  0 -3 -1  0 1 0 0 0 0.01
 2 -1  1  3 -2 -1  1 -1 -2 -3 -2  1 -2 -3 -1  2  0 -4 -3 -2 1 0 0 1 0.01
 1 -1  1  0 -2  1  2 -2 -2 -3 -2  2 -2 -3 -2  2  2 -4 -3 -2 1 0 0 1 0.01
 4  0 -3 -3  2 -2 -2 -2 -3  0 -2 -2 -1 -3  0 -1 -1 -4 -3  3 0 0 1 0 0.01
-2 -3 -2 -3 -3 -2 -3 -3 -4 -3 -3 -2 -3 -4 -3  1  7 -4 -4 -2 0 0 1 1 0.01
-4 -2 -2 -3 -5 -2 -2 -4 10 -5 -2  0 -3 -3 -4 -3 -4 -4  0 -5 0 1 0 0 0.02
-1 -3 -3 -4 -2 -3 -3 -4 -3  3  1 -3  2 -1 -3 -1  1 -3  0  4 0 1 0 0 0.02
-1 -3 -4 -4 -2 -3 -4 -4 -4  4  3 -3  2  0 -4 -3 -2 -3 -2  2 0 1 0 0 0.02
 2 -2 -1 -2 -2  0  0  2  3 -2 -2  0 -2 -3 -2  0  2 -3 -2  0 0 0 1 1 0.03
 0 -1  2  2  1  0  1  0 -1 -1 -1  0 -1 -3 -1  2  1 -3 -3 -2 0 0 1 1 0.03
-1  0  3  2 -3  0  0 -1 -1 -2 -3  1  1 -4  3  1 -1 -4 -3 -3 0 0 1 1 0.03
 0  1  1  2 -3  2  2 -1  1 -3 -1  2 -2 -3 -2  1 -1 -4 -2 -3 0 0 1 1 0.04
-1 -1  0  2  1  0  2 -1 -2 -2 -2  1 -2 -3  1  1  1 -4 -3  1 0 0 1 1 0.05
-2 -1  4  4 -4 -1 -1 -2 -1 -1 -3  2 -3 -1 -3  1  0 -4 -3 -3 0 0 1 0 0.04
 1 -2 -2 -2 -2 -2 -2 -1 -3 -2  0  0 -2 -3  4  2  2 -4 -3 -1 0 0 1 1 0.04
-1 -1  2  3 -4  2  1  2  2 -4 -4  0 -3 -4 -2  0  0 -4 -3 -3 0 0 1 1 0.04
 4 -2  0 -1  2 -2 -2 -2 -3 -1 -1  0 -2 -3 -2 -1 -1 -4 -3  2 0 0 1 0 0.03
-1  2  0 -1 -3  4  1 -3  1 -3 -3  3 -2 -4  0  1  1 -4 -2 -3 0 1 0 1 0.02
 0  2 -2 -3 -3  1 -1 -1  4  0  0  1 -1  1 -3 -1 -2 -3 -1  1 0 1 0 1 0.02
-2 -4 -5 -5 -2 -4 -4 -5 -5  2  0 -4 -1 -2 -4 -3 -2 -5 -3  6 0 1 0 0 0.01
-1  1 -1  0  2  1 -1  0  1 -1 -1 -1 -2 -3 -2  3  3 -4 -2 -2 0 0 1 0 0.01
 1 -3  0  0 -3 -2 -2 -3 -3 -2 -2 -2 -2 -4  6  0 -2 -5 -3  1 1 0 0 0 0.01
-1  1  2  2 -4  2  3 -1  0 -4 -4  1 -3 -4 -2  2 -1 -4 -3 -3 1 0 0 1 0.01
-5 -5 -6 -6 -5 -4 -5 -5  2 -5 -4 -5 -4 -1 -6 -5 -5 12  0 -5 1 0 0 0 0.00
-2 -4 -4 -5 -2 -4 -4 -5 -4  5  2 -4  0  1 -4 -3 -2 -3 -2  3 1 0 0 0 0.00
-4 -3 -4 -1 -4 -3 -4 -4 -3 -4 -1  1 -3  1 -5 -4 -4 11  3 -4 1 0 0 0 0.00
 1 -2  3  4 -3  0  2 -2  1 -3 -2  0 -3 -4 -2 -1 -2 -4 -3 -3 1 0 0 0 0.01
-1 -4 -2 -3  9 -3 -3 -3 -4 -3 -3 -3 -3 -4 -3  4  0 -4 -4 -3 1 0 0 0 0.01
-2 -4  0 -4 -3 -4 -4 -5 -4  6  1 -4  0 -2 -4 -1 -2 -4 -3  2 1 0 0 0 0.01
 0  4  2 -1 -4  0  1 -1 -1 -4 -3  3 -2 -4 -2 -1 -2 -4 -3 -3 1 0 0 1 0.01
 0  3  1  0 -3  2  1 -2 -1 -3 -2  4 -2 -3 -2  0  0 -4 -3 -3 1 0 0 1 0.02
 0  4 -1 -2 -4  2  1  2 -1 -4 -3  2 -2 -4 -2  0 -2 -3 -3 -3 0 0 1 1 0.01
-2  5  1 -2 -3  1 -1 -3 -1 -3 -3  2 -2 -4 -3  0  2 -4 -3 -3 0 0 1 1 0.02
-2 -3 -4 -4  3  0 -3 -4 -3  2  4 -3  2 -1 -3 -3 -2 -3 -2  1 0 0 1 1 0.03
-1 -3 -3 -4 -2  0 -3 -4 -3  3  2 -3  1 -1 -3 -2 -1 -3 -2  4 0 0 1 1 0.05
 2 -3 -3 -2 -3 -2 -2 -2 -3 -3 -3 -2 -3 -4  7  0 -1 -4 -4 -3 0 0 1 1 0.10
-1 -3 -2 -2 -3 -2 -1 -3 -3 -3 -3 -1 -3 -4  8 -1 -1 -4 -3 -3 0 0 1 1 0.20
-1 -4 -3 -4  9 -3 -4 -3 -3 -2 -2 -3 -2 -3 -3  0 -1 -3 -3 -1 0 0 1 1 0.36
