-3 -4 -5 -5 -3 -3 -4 -5 -4  2  4 -4  7 -1 -4 -4 -3 -3 -3  0 0 0 1 1 0.72
 2 -1  0 -2 -3  0 -1 -2  0 -3 -2  1 -1 -2  4  3  1 -4 -3 -2 1 0 0 1 0.49
-2 -2  2  4 -5  1  3  1  0 -5 -5  1 -4 -3 -3  0 -1 -5 -4 -4 1 0 0 1 0.25
-1  0  4  2 -4  0  4 -3  2 -5 -4 -1 -4 -3 -2  1 -1 -5 -2 -4 1 0 0 1 0.22
-3 -4 -5 -5 -4 -4 -5 -5  2  3 -1 -4 -2  3 -3 -1 -2 -2  7  2 0 0 1 1 0.12
 1 -3 -3 -3 -3 -3 -3  4  0  1 -1 -3 -1  0  1 -1 -2 -4  0  3 1 0 0 1 0.29
-3 -5 -5 -6 -4 -4 -5 -3 -3 -1  4 -5  0  3 -4 -3 -3  4  5 -2 1 0 0 1 0.33
-2 -5 -5 -5 -1 -4 -4 -5 -5  0  3 -4 -1 -3  3 -3  1 -5 -4  4 1 0 0 0 0.42
 4 -4 -4 -4  1 -3 -2  0 -4  1  0 -3 -1 -3 -4  1 -2 -5 -4  3 1 0 0 1 0.31
 3 -4 -4 -5 -3 -4 -4  0 -4  3  3 -4 -1 -1 -4 -2  1 -4 -3  0 1 0 0 1 0.20
 0 -5 -5 -4 -1 -5 -5 -5 -6  2 -2 -5 -1 -3 -5 -1  2 -6 -4  6 1 0 0 0 0.22
 2 -4 -3 -4 -3 -3 -3  1 -4 -2 -2 -3 -2 -4 -3  3  5 -5 -2  0 1 0 0 0 0.19
 0 -4 -4 -5 -2 -4 -4 -3 -4  2  4 -4  0  0 -4 -1  1 -4 -2  3 1 0 0 1 0.29
 2 -3 -3 -3 -1 -3 -3  0 -3  2  3 -3  1  2 -3  0 -1 -3  0  0 1 0 0 1 0.23
 2 -3 -1 -3  1 -3 -3  1 -1 -4 -3 -3 -2 -2 -2  4  1  4  0 -2 1 0 0 0 0.16
 1 -4 -4 -4  0 -3 -4 -1 -4  2  2 -4  1  2 -4 -1 -1  1 -2  4 1 0 0 1 0.16
-1 -3 -4 -5  3 -4 -4 -2 -4  2  3 -4  3  4 -2 -3 -2  1 -1  1 1 0 0 1 0.13
-2 -3 -4 -4 -4  5 -1 -5 -1 -1  3 -3  3 -1 -3 -3 -2 -4 -2  2 1 0 0 0 0.11
-3 -3  5 -3 -2  3 -3 -2  1 -1  0 -3  0 -1 -4 -2 -1  3  4 -1 1 0 0 0 0.09
 2 -3 -2 -3 -3  0 -3  2 -2 -1 -1 -3  1  3 -3  1  1 -3 -1  1 1 0 0 1 0.07
-2 -4 -4 -5  0 -4 -4 -2  2 -1 -1 -3  1  5 -5 -2 -2  8  6 -1 1 0 0 1 0.05
-2 -3 -4 -4 -1  2 -3 -4  3  1  1 -3  4  6 -4 -3 -1 -3 -1 -1 1 0 0 0 0.03
 5 -4 -3 -2 -1 -2 -3  2 -4 -1 -3 -3  1 -4 -4  1  1 -5 -4 -2 1 0 0 1 0.02
-1 -1 -3 -4 -2  0 -3 -2  2  2  2 -2  1  3 -4 -2 -1  0  1  1 1 0 0 1 0.01
-2  3  2 -3  0  3 -2 -3 -1 -1 -1  4  1 -4 -4 -1 -1 -4 -2  0 1 0 0 1 0.01
-3 -6 -6 -6  0 -5 -6 -6 -6  0 -1 -6 -3 -4 -1 -4  0 -6 -5  7 1 0 0 0 0.02
 0 -3 -2 -3 -5 -3  3  5 -4  1 -4 -2  1 -5 -3  0 -1 -5 -5 -2 1 0 0 1 0.02
-1  4 -1 -3 -4  0  0  0  2 -3 -3  4 -1 -2 -4  0 -2 -1 -1 -2 1 0 0 1 0.02
 5 -4 -3 -3 -1 -1  3 -3 -1 -4 -2 -3 -1 -1 -4 -1 -1 -2 -2 -2 1 0 0 0 0.02
-4  8 -1 -5  3 -3 -4 -2 -1 -6 -5 -2 -5 -6 -5  0 -4 -6 -5 -6 1 0 0 0 0.02
-1  3  0 -2  0  0 -2 -1 -3 -3 -2  5  0 -1 -4 -1 -1 -5 -4 -3 1 0 0 1 0.02
 1  2  0 -2  1  0  0 -1  0 -3 -3  5 -2 -4 -2  0  0 -4 -1 -3 1 0 0 1 0.03
 0 -1 -3 -3  3  1 -2 -4  4 -3 -1 -3 -3  3 -4  1 -1  0  6 -3 0 0 1 1 0.04
-1  0  3 -1 -4  0 -1  3  0 -4 -4  3 -3 -2 -3  0 -1 -4 -3 -4 0 0 1 1 0.04
-3 -4 -4 -4 -3 -3 -4  0 -4  4 -1 -4 -2 -3 -4 -3 -2  1 -3  5 0 0 1 0 0.04
-1  1 -1  0 -3  0  1 -1  0 -1 -2  3  1  0  3  1  0 -3 -2 -2 0 0 1 1 0.04
 2 -4 -3 -4  1 -3 -3 -2 -2 -3 -2 -3 -3  0  4 -1 -1 -2  6 -2 0 0 1 1 0.03
-2 -4 -4 -4 -5 -4 -4 -4 -4 -2 -4 -2 -4  0  8 -3 -4 -5 -4 -4 0 0 1 1 0.03
 2  0  0 -1  0  3  0 -1  1 -1 -1  0 -1 -2 -1 -1  1 -3 -2 -1 0 0 1 1 0.02
-1  1 -3 -3 -2 -1 -1 -4 -3  0  1 -2  6 -2  0  0  3 -4 -2  2 0 0 1 1 0.02
-3 -3 -1 -1 -4 -1 -1 -4 -1 -2 -4 -2 -2 -1 -2  1  4 -2  6 -1 0 0 1 1 0.02
 3 -2 -1 -2 -4 -3 -2  5  2 -5 -5 -2 -4 -5 -4  1 -3 -5 -4 -3 0 0 1 1 0.02
 0 -2  0  3 -4 -2 -1 -3  1 -3 -4 -2 -4 -5  4  3  2 -5 -4 -3 0 0 1 1 0.02
 1 -2 -1  1 -4 -2  2 -3 -2 -3 -1  0 -3 -5  5  1  0 -5 -4 -3 1 0 0 1 0.01
 3 -1  0  1 -4  0  4 -1 -2 -3 -3 -1 -2 -4  1  0 -1 -4 -4 -2 1 0 0 1 0.01
-3 -3 -3 -4 -3 -3 -3 -4 -2 -1  1 -3 -1  7 -4  0 -2 -1  2 -2 1 0 0 0 0.01
-1 -1  4  1 -3  0  4 -2 -1 -3 -2 -1 -1 -3 -2  1 -1 -3 -3 -2 1 0 0 1 0.01
 0  5 -1 -3  6 -1 -2 -3 -2 -2 -3  0 -2 -3 -3 -1 -2  1 -3 -3 1 0 0 0 0.01
 1 -2 -1 -3  0 -2 -2 -2  0  2  0 -2  0 -1 -2  0  1 -3  0  2 1 0 0 0 0.01
 0 -2 -1 -2  1  3 -1 -3 -1  0  0 -2  0  3 -3  0  1 -1  3 -1 1 0 0 0 0.01
-2  5  0 -2  3 -1  1 -3  2 -3 -3  1 -2  0 -3  0  0 -3 -2 -1 1 0 0 1 0.01
 3 -2  0 -2  2 -1  0  0  2  0 -2 -2 -2 -3  2  1  0 -3 -2  1 1 0 0 0 0.01
-2  2  3 -2 -3  3 -1 -3  6 -3 -3  0  2 -2 -3  0 -2 -2  3 -3 1 0 0 0 0.01
 0  1 -2 -3 -2  6 -1 -2 -2 -1 -2 -1  2 -1 -3 -1 -1 -3 -1  0 1 0 0 0 0.01
-4 -3  8 -1  0 -1 -3 -3  1 -4 -5 -1 -4 -5 -4 -1 -3 -5 -4 -5 1 0 0 0 0.01
-1 -2 -2 -3  7 -1 -3 -2 -3 -2 -2 -3 -1  2 -3  1  4 -3  0 -2 1 0 0 0 0.01
-1 -3 -2 -3 -2 -1 -3 -2 -3  1  3 -2  3 -2 -3  0  1 -3 -2  2 1 0 0 1 0.01
-3 -3 -2  2 -5 -1  7 -4  1 -5 -5 -2 -4 -5 -3 -1 -3 -5 -4 -5 1 0 0 1 0.01
 1 -2  3 -2 -2  1 -2  0  0 -2 -2 -2  0  2 -3  0  0  3  2 -1 1 0 0 1 0.01
-2 -3 -3 -4 -3 -1 -3 -4  2  0  2 -3  2  2 -2  0 -2  0  6 -1 1 0 0 0 0.01
 0 -3  1  0 -4 -3 -3 -1 -3  0 -1 -3  1 -4  5  0  1 -4 -4  1 1 0 0 1 0.01
 0 -2 -1 -2  1  0 -1 -1  2  1  0 -2  1  1  1  1  0 -2  0  0 1 0 0 1 0.01
-2 -4 -4 -5 -1 -3 -4 -4 -3  0  0 -4  1  7 -5 -4 -1  2  2  1 1 0 0 0 0.01
-2 -4 -5 -5  0 -1 -4 -5 -4  2  5 -4  2  1 -4 -4 -1  0  0  0 1 0 0 1 0.01
 1 -3 -3 -3 -1 -1 -3 -1 -3  0  0 -3  1  3  4 -1  0 -3 -1  1 1 0 0 1 0.01
 2 -1 -3 -3  1 -2 -3 -1 -1  0  1 -2  2  1 -2  1  1 -3 -1  0 1 0 0 0 0.01
-2 -4 -3 -4 -3  0 -4 -4 -4  0  4 -4  5  1 -4 -2  1 -3 -3 -1 1 0 0 0 0.01
 0 -4 -4 -5  1 -4 -4 -3 -4  0  2 -4  0  2 -4 -2  0  9  1 -2 1 0 0 1 0.01
-1 -4 -4 -4  0 -3 -4 -2 -4  3  3 -3  2  0 -4 -2  0 -1 -2  3 1 0 0 1 0.01
 3 -2 -1 -3  3 -3 -2  2 -3 -2 -2 -3 -2  3 -3  1  0 -3 -1 -1 1 0 0 0 0.01
 2 -4  0 -3  1 -3 -4  6 -4 -4 -3 -3 -4 -5 -4  1 -3 -5 -4 -3 1 0 0 0 0.01
-2 -3 -2 -3 -3 -2 -3 -1 -2  3  4 -3  1  0 -4 -2 -2  3  0  1 1 0 0 1 0.01
-1  0 -2 -3  1  0 -1 -2  0  0  0  1 -1  3 -3 -1 -2  1  4  1 1 0 0 1 0.01
-2 -2 -2 -3  2 -2 -2  0  0  0  0 -1 -2  4 -3 -1 -1  4  5  0 0 0 1 1 0.01
-1 -1  2 -1  0 -1 -2 -1  6 -4 -2 -2 -3 -2  5  2 -2 -4 -2 -3 0 0 1 1 0.01
-1  2 -1  1 -5  2  0 -2 -1 -2 -4  0 -4 -5  6  0 -2 -5 -2 -4 1 0 0 0 0.01
 1  0 -2 -2  0 -1 -1  0 -1  1  1  0  0 -1 -1 -1  1 -3 -1  2 1 0 0 1 0.01
 1 -2 -2 -3  0 -2 -2 -1 -2  1  1 -2  0  2  0  0  1  5  1  1 1 0 0 1 0.01
 5 -4 -3 -4  2 -3 -3  0 -4 -2 -3 -3 -3 -4 -3  1  0 -5 -4 -1 1 0 0 0 0.01
 5 -3 -2 -3 -1 -3 -3  0 -3 -2 -2 -3 -3 -1 -2  3  1 -4 -2 -2 1 0 0 0 0.01
 2 -3 -3 -3  1 -3 -3  2 -3  1  2 -3 -1  0 -3 -1 -1 -3 -2  2 1 0 0 1 0.01
 1 -4 -4 -4  5 -2 -4 -1 -4  1  4 -3  0  0 -4 -1 -2 -3 -3  0 1 0 0 0 0.01
-1 -3 -2 -3  1 -1 -3  6 -3 -4 -3 -3  0 -4 -3  0 -1 -4 -4 -4 1 0 0 0 0.01
 2 -2 -2 -3  1 -1 -2 -1 -3  1  2 -2  1  0 -2  0  0  0 -2  1 1 0 0 1 0.01
 0 -3 -3 -3  1 -2 -3 -2 -3  3  1 -2  1  0 -3  0  1 -2  0  3 1 0 0 1 0.01
-3 -1 -4 -5  0 -4 -4 -5  2 -4 -4 -4 -3  1 -5 -3 -4 11  6 -4 1 0 0 0 0.01
 0 -3 -2 -3  1 -3 -3 -3 -3  3  2 -3  1  0 -1  0  0 -3 -1  2 1 0 0 0 0.01
 1 -3 -1 -3 -2 -2 -3 -2  0  2  1 -2  1  1 -3 -1  0 -2  1  3 1 0 0 1 0.01
 2 -3 -1 -2 -1  0 -2  4 -3 -3 -2 -2  0 -1 -3  2 -1 -3 -3 -1 1 0 0 0 0.01
-3  7 -3 -4 -1 -1 -2 -1 -2 -4 -3  1 -3 -1 -4 -2 -3 -4 -3 -4 1 0 0 0 0.01
-1 -1 -2 -3 -1  0 -1 -3  1  3  0 -2  0  2 -3 -1 -1  0  2  2 1 0 0 1 0.01
 0  1 -2 -2 -1  0  0 -3  0  1  2  0  1  1 -1  0 -1  0 -1  1 1 0 0 1 0.01
-4 -4 -1 -5 -5 -4 -4 -5 -1 -4 -3 -4 -3  3 -5 -4 -4  3  9 -4 1 0 0 0 0.01
 3 -2  0 -3  2 -2 -3 -1 -3 -1 -1 -3  2  4 -3 -1  0  0  0 -1 1 0 0 0 0.01
-1  1  0 -2  1  0 -2 -2  3  0  0  1  0  0 -2  0  0  3  2  0 1 0 0 1 0.01
 1 -4 -1 -3 -4 -2 -2  6 -4 -5 -5 -2 -4 -5 -2 -1 -1 -4 -5 -4 1 0 0 0 0.01
-4 -4 -5 -5 -5 -4 -5 -1 -2 -4 -4 -4 -4  0 -5 -4 -4 -1 10 -4 1 0 0 0 0.02
 1 -1 -2 -3  0 -2 -2  0 -2  0 -1 -1  0 -1 -3  2  1  0  4  0 1 0 0 0 0.02
 0  0  0 -1  0  1  0  4 -2 -3 -3  1 -1 -3 -2  0  1 -3 -1 -3 1 0 0 1 0.04
 1 -3  0  5 -4 -1  0  3 -3 -4 -4 -1 -4 -4 -1  2 -2 -4 -4 -4 0 0 1 1 0.06
 2 -2 -3  0 -4 -3  0  1 -4 -4 -5 -1 -4 -5  6 -1 -1 -6 -5 -1 0 0 1 1 0.09
 0 -1 -1  0  0  3  3 -2 -1 -4 -4  3 -2 -5  2  1 -1 -5 -4 -4 1 0 0 1 0.10
-2  0  1 -1 -3  1 -1  2 -1 -3  0  4 -2 -3 -1 -1 -2 -4 -3 -2 1 0 0 1 0.12
-4  8 -1 -2 -6 -1 -3 -3 -1 -6 -6  2 -5 -6 -5  0 -3 -6 -3 -6 1 0 0 1 0.14
-1  1 -1 -2 -3 -2 -2  2  0  0  2 -2  2 -1 -3 -1  1 -3  0  0 1 0 0 1 0.16
 1  2  0 -2 -2 -1 -2  0 -1 -1 -1  1 -1 -1  3 -1  1  1 -1 -1 1 0 0 1 0.20
-2  0 -2 -3 -4 -2 -4  6  1 -3 -4 -1 -4 -2  2 -2 -3 -4 -3 -4 1 0 0 0 0.23
 0  0 -3 -3 -3 -3 -3  3 -1  0  0 -2  0  5 -3 -1 -1 -2  2  0 1 0 0 1 0.28
 0  0 -3 -5  0 -3 -3 -1 -2  1  0 -2  2  2 -4 -2 -2  2  6 -1 1 0 0 1 0.26
 1 -2 -2 -4 -3 -2 -3  1 -1  2  2 -2  1  3 -3 -1 -2 -3 -1  1 1 0 0 0 0.33
-1 -2  0 -3  1 -1 -3  3  1 -2 -3 -2 -2 -2 -3  4  0  0  0 -1 1 0 0 0 0.33
 2 -2 -3 -2 -3 -1 -2 -1  2  1  1 -1  1  1 -2  1 -1  0  1  0 1 0 0 1 0.36
-1  2 -3 -4 -2 -2 -3  2 -3  1  2 -1  0  1 -2 -1 -1 -1 -1  0 1 0 0 1 0.45
 3 -3 -3 -3  0 -2 -2  1 -4  2  1 -2  0 -1 -1  0 -1 -4 -2  0 1 0 0 0 0.38
-2 -3 -2 -1 -4 -1 -4 -3 -4  1  5 -4  1  1 -5  0  0 -1 -2 -1 1 0 0 0 0.33
 1 -4 -4 -5 -2 -3 -4  1 -2  0  2 -3  0  3 -3 -1 -1  7  0 -1 1 0 0 1 0.25
 1 -4 -4 -5  1 -4 -4  1 -4  1  3 -4  2  2 -4 -2 -2 -4 -2  1 1 0 0 1 0.29
-4 -5 -6 -7 -1 -5 -6 -4 -6  0  6 -6  4 -1 -6 -4 -2  0 -3 -2 1 0 0 0 0.29
-1 -3 -3 -4 -3 -3 -4 -2 -4  2  3 -1  2  1 -3  0  0  4 -2  1 1 0 0 1 0.27
 2 -4 -3 -4  2 -3 -4  3 -2  1  1 -3  0  1 -3 -2 -1 -4 -1  2 1 0 0 1 0.34
-2 -3 -2 -4  2 -1 -3  2 -4 -1  3 -3  4  1 -4 -1  1 -4 -1  0 1 0 0 0 0.27
 4 -3 -2 -4  3 -1 -3  2 -4 -2 -2 -3 -2 -5 -4  3  0 -5 -4 -1 1 0 0 0 0.22
 3 -3 -3 -4 -1 -3 -3 -2 -4  1  2 -3  1 -1 -4  0  0 -4 -1  2 1 0 0 1 0.15
 0 -4 -4 -5  1 -3 -4 -3 -4  2  3 -3  0  3 -4 -3 -2  1  2  2 1 0 0 1 0.10
-1 -1 -3 -4 -2 -2 -5  7 -5 -6 -6 -2 -5 -2 -5  0 -2 -5 -5 -6 1 0 0 0 0.06
 0 -4 -5 -5  1 -4 -5 -3 -5  5  2 -4  2 -2 -4 -3 -2  0 -3  3 1 0 0 1 0.03
 2 -3 -4 -4 -2 -3 -4 -1 -4  2  3 -3  0  3 -4 -2  0 -3 -2  1 1 0 0 1 0.02
 1 -1  3 -1  0  2 -1 -1  2  0  0 -1  1 -1 -3  0  0  1 -1 -1 1 0 0 1 0.02
-1  0 -1 -1 -1  2 -1 -2  6 -1 -1 -1 -2  1 -1  2 -1 -3  2 -2 1 0 0 1 0.01
-2 -5 -5 -6 -4 -5 -5 -5 -4  0  4 -5  2  6 -5 -4 -2 -2  2 -1 1 0 0 1 0.01
-3 -4 -4 -5 -2 -4 -4  0 -4  2  4 -4  2  0 -5 -2 -2  0  0  2 1 0 0 1 0.01
-1  1  1  3 -2 -1 -1 -3 -3 -1 -1  2 -2 -4  4 -1 -1 -4 -2  0 1 0 0 1 0.01
 1  2 -2  0 -3  0  3  0  0 -2 -1  1 -2 -2  0  0 -1 -4 -2 -1 1 0 0 1 0.01
 2 -3 -3 -4 -2 -3 -3 -1  1 -3 -2 -3  0  3 -1  0 -2 -1  7 -1 1 0 0 1 0.01
-1 -4 -4 -5  0 -1 -4 -4 -4  2  4 -4  1  2 -3 -3 -2 -3 -1  1 1 0 0 1 0.01
-1  3  0  3 -4 -2 -2  4 -3 -4 -4  0 -3 -1 -2  0 -2 -4 -3 -2 1 0 0 1 0.01
 1 -2  0 -3 -2 -2 -2 -2 -2  0  2 -1 -1  3 -2  1  0  0  0  0 1 0 0 1 0.01
 2 -1  3  3 -3 -1  0 -1  1 -3 -3  1 -1 -4 -2  1  0 -4 -3 -3 1 0 0 1 0.01
-2 -3 -4 -4 -2 -3 -4 -4 -3  3  3 -3  0  2 -4 -3  0 -2  2  2 1 0 0 1 0.01
 0 -2 -2 -3 -2 -1  0  0 -2  0  3  1  1  2 -2  0 -1 -2 -1 -1 1 0 0 1 0.02
-1  1  1 -1 -4  1  2  3  1 -3 -3  3  1 -3 -3 -1 -1  0 -3 -3 1 0 0 1 0.02
-2  3 -2 -3  1  0  0 -2  1 -3 -3  4 -2 -1 -1 -2  0  2  4 -3 1 0 0 1 0.03
-2 -4 -4 -5 -3 -4 -4 -2 -4  2  4 -4  1  2 -4 -3 -2 -3 -2  2 0 0 1 1 0.03
-2  5 -1 -2  1  1  1  2  3 -4 -3  2 -3 -1 -3 -1 -2 -4 -2 -4 0 0 1 1 0.03
-1  2 -1 -2  0  0  0 -2  0 -3 -2  2 -1 -3 -2  2  4 -4 -3 -2 0 0 1 1 0.05
-1 -3 -4 -4 -2 -2 -3 -4 -3  3  3 -3  1  0 -3 -2 -1  2  2  3 0 0 1 1 0.08
-2 -3 -4 -5 -2 -3 -4 -4 -3  1  4 -4  1  4 -4 -3 -2 -1  0  1 0 0 1 1 0.17
-1 -3 -3 -2 -3 -2 -2 -3 -3 -3 -3 -1 -3 -4  8 -1 -1 -4 -4 -3 0 0 1 1 0.38
-2  5 -1 -3 -3  0 -1 -3 -1 -2 -1  1  1 -1 -3 -1 -2  7  0 -2 0 0 1 1 0.67
 4 -2 -2 -2 -1 -1 -1  0 -2 -2 -2 -1 -1 -2 -1  1  0 -3 -2  0 0 0 1 1 0.76
-2  0  1 -1 -3  0  0 -2  8 -3 -3 -1 -2 -1 -2 -1 -2 -2  2 -3 0 0 1 0 0.86
-2  0  1 -1 -3  0  0 -2  8 -3 -3 -1 -2 -1 -2 -1 -2 -2  2 -3 0 0 1 1 0.90
-2  0  1 -1 -3  0  0 -2  8 -3 -3 -1 -2 -1 -2 -1 -2 -2  2 -3 0 0 1 1 0.90
-2  0  1 -1 -3  0  0 -2  8 -3 -3 -1 -2 -1 -2 -1 -2 -2  2 -3 0 0 1 1 0.89
-2  0  1 -1 -3  0  0 -2  8 -3 -3 -1 -2 -1 -2 -1 -2 -2  2 -3 0 0 1 1 0.91
-2  0  1 -1 -3  0  0 -2  8 -3 -3 -1 -2 -1 -2 -1 -2 -2  2 -3 0 0 1 1 0.95
