 0 -3 -1 -2 -3 -2 -2  6 -2 -4 -4 -2 -3 -3 -2  0 -1 -3 -3 -3 0 0 1 1 0.82
-1  1 -1 -1 -2  0  1 -2 -1 -1  1  3  4 -2 -2 -1 -1 -3 -2 -1 0 0 1 1 0.72
-1  2 -1 -1 -3  1  0  1 -1 -3 -3  5 -2 -4 -2 -1 -1 -3 -2 -3 0 0 1 1 0.58
-1 -2 -1 -2  2  0 -1 -2 -2 -2 -2 -1 -1 -3  6  0  3 -3 -3 -2 0 0 1 1 0.51
 0 -2  2 -2 -1  0 -2 -2 -1  1  1 -2  0 -1 -2  0  1 -3 -2  3 0 1 0 1 0.51
-2 -2 -3 -3 -2 -2 -3 -3 -3  1  5 -3  2  0 -3 -3 -2 -2 -1  0 0 1 0 0 0.37
 3 -2 -1 -2 -1 -1 -1 -1 -2 -1 -2 -1 -2 -3 -2  4  0 -3 -2  0 0 1 0 1 0.32
 0 -2 -3 -2 -2 -1  1 -3 -3  1  3 -2  1 -1 -3 -2 -1 -2 -2  1 0 0 1 1 0.45
-1 -3 -2  1 -4 -2 -2 -3 -3 -3 -2 -2 -3 -4  7 -2 -2 -4 -4 -3 0 0 1 0 0.33
-3 -1  0  0 -4  2 -1 -3  9 -4 -4 -1 -2 -1 -3 -2 -3 -3  1 -4 0 0 1 0 0.25
-2  7 -1 -3 -4  0 -1 -2 -1 -4 -3  1 -2 -4 -3 -2 -2 -4 -3 -4 0 0 1 1 0.18
-2  6 -1 -2 -4  2 -1 -3  2 -3 -3  1 -2 -3 -3 -1  1 -3  1 -3 0 1 0 0 0.14
-2 -3 -4 -4 -2 -3 -4 -4 -3  1  5 -3  1  3 -4 -3 -2 -2 -1  0 0 1 0 0 0.06
-1 -1 -4 -4 -2 -3 -3 -4 -4  3  0 -3  0 -2 -3 -2 -1 -4 -2  5 0 1 0 0 0.03
-1  0 -3 -3  9 -3 -3 -3 -3 -2 -2 -3  1 -3 -3  0 -1 -3 -3 -2 0 1 0 0 0.05
-2 -2 -3 -3  6  0 -2 -3  1  1  0 -2  1  0 -3 -1 -2  0  5 -1 0 1 0 0 0.04
 0 -4 -3 -4  9 -3 -4 -3 -4  0 -2 -3 -2 -3 -3  0  0 -3 -3 -1 0 1 0 0 0.05
-1  4  2 -1 -3  3  0 -2 -1 -3 -3  2 -2 -3  0  0  0 -1 -2 -3 0 1 0 0 0.13
-1 -2 -3 -3 -2 -2 -3 -3 -3  1  4 -2  1  1 -3 -1 -1 -2 -1  1 0 1 0 0 0.17
-1 -2  0 -2 -2 -1 -2 -3  0  0  0 -2 -1  4 -3 -1  0  0  5  1 0 1 0 0 0.15
-1 -1 -1  0  1  3  5 -2  2 -3 -3  0 -2 -3 -2 -1  0 -3 -2 -2 0 1 0 1 0.19
-1 -3 -3 -3 -1 -3 -3 -3 -3  3  1 -3  0 -1 -3 -2 -1 -3 -2  4 0 0 1 0 0.28
 0  0  1 -1 -2 -1  0 -2 -1 -1 -1 -1  0 -2  5  0  0 -3  0  0 0 0 1 1 0.28
-2  1  0  6 -3  1  1  0 -1 -3 -3 -1 -3 -3 -2 -1 -2 -4 -3 -3 0 0 1 1 0.28
 0  0  0 -2 -2 -1 -2  0 -2  0 -1 -1 -1  0  5 -1 -1 -3 -2  1 0 0 1 1 0.32
-1 -1  5  0 -3  1 -1 -1  3 -3 -3 -1  1 -3 -2  2  1 -3  0 -2 0 0 1 1 0.30
-1  4 -1 -2 -4  2  0 -2 -1 -3 -3  5 -2 -4  1  0 -1 -4 -2 -3 0 0 1 1 0.23
-1  3 -2 -2 -3  0 -1 -2 -2 -3 -2  4 -2 -4  5 -1 -2 -4 -3 -2 0 0 1 1 0.32
-2  0 -1  1 -4  4  4 -3  2 -1 -3  1 -2 -3  1 -1 -1 -3 -2 -2 0 0 1 1 0.33
 1  4 -1 -2 -3  0  0 -2 -1 -3 -3  4 -2 -4  2  0 -1 -4 -2 -3 0 0 1 1 0.34
 0  1 -1 -1 -2  1  0 -2 -1 -1  1  1  0 -2  2  1  2 -3 -2 -1 0 0 1 1 0.31
 0 -2  0 -1 -2 -1 -1  4 -2 -2 -2 -1 -2 -2 -1  1  1 -2 -2 -1 0 0 1 1 0.32
 2 -1 -1 -2 -1  2 -1 -1 -1  0  1  0  0 -1 -1  0  0 -2 -1  1 0 0 1 1 0.28
-2  0  0 -2 -3  1 -1 -2  8 -1 -2  0 -1 -2 -2 -1 -2 -3  1 -2 0 0 1 0 0.21
-1  0 -1  0 -3  5  3 -2  0 -1 -1  0 -1 -3  1  0 -1 -2 -2 -2 0 0 1 1 0.14
-2  5 -1  1 -3  0  0 -2 -1 -2  0  1 -1 -2 -2 -1 -1 -3 -2 -2 0 0 1 0 0.08
-1 -1 -1  1 -3  1  4 -2  1 -1 -2  0 -2 -2  2 -1  0 -2  0 -1 0 1 0 0 0.05
-1 -2 -2 -2 -1 -2 -2 -2 -2  2  2 -2  1  2 -2 -2 -1 -1  0  2 0 1 0 0 0.04
-2 -2 -3 -3 -2 -2 -3 -3 -2  1  1 -3  0  5 -3 -2 -1  0  2  1 0 1 0 0 0.02
-1 -2 -2 -3 -2 -2 -2 -3  2  2  3 -2  1  2 -2 -2 -1 -1  0  1 0 1 0 0 0.02
-2 -3 -3 -3 -2 -3 -3 -3 -2  0  1 -3  0  6 -3 -2 -2  0  2 -1 0 1 0 0 0.02
-1  1  5  0 -2 -1 -1 -1  0  0 -2  0 -1 -2  2  1  0 -3 -2 -1 0 0 1 1 0.02
-2 -1  2  5 -3 -1  0 -1 -1 -2  0 -1 -2 -2  2 -1 -1 -3 -2 -2 0 0 1 0 0.02
-1 -2  0 -2 -1 -1 -2 -2 -2  1  3 -1  3  0 -2  0 -1 -2 -1  0 1 0 0 0 0.02
-1  0 -2 -2 -2 -1 -2 -3 -2  1  2 -1  1  3  2 -2 -1 -1  0  0 0 1 0 0 0.02
 0 -1  0 -1 -1  1 -1 -2 -1  1  1  0  1 -1 -2 -1 -1 -2 -1  1 0 1 0 0 0.03
-2 -2 -3 -3 -2  1 -2 -3 -1  2  1 -2  0  3 -3 -2 -1 -1  3  1 0 1 0 0 0.03
 1  2 -2 -3  4 -2 -2 -3 -3 -2  0 -1 -1 -3 -2  0  5 -3 -3 -1 0 1 0 0 0.04
 1  1 -1 -2 -3  0  0 -2 -2 -3 -3  6 -2 -3 -2 -1 -2 -3 -3 -3 0 1 0 0 0.05
-1 -2 -1  0 -2  0  0  0 -2  2  1 -1  2 -1 -2 -1  1 -2 -2  1 0 0 1 0 0.06
 0  0 -2 -3  4  0 -2  1  1  0  0 -2 -1  2 -3 -1  0 -2  1  1 0 0 1 0 0.07
 0  0 -1 -2 -3  2 -1  2 -2 -1 -3  1 -2 -4  4  1 -1 -4 -3 -2 0 0 1 1 0.07
-2  3 -2 -2 -4  0 -1 -3  2 -4 -4  5 -3 -3 -3 -1 -2  6 -2 -4 0 0 1 1 0.08
-2  3 -1 -2 -4  0 -1  0 -2 -3 -3  5 -2  1 -2  1 -1 -3 -2 -3 0 0 1 1 0.09
-1  2 -1  1 -3  0  2  0 -1 -3 -3  3 -2 -3 -2  1  0 -3 -2 -3 0 0 1 1 0.08
-1  0  2 -1 -2 -1 -1  1  1  0 -1 -1 -1 -2 -2  2  2 -3 -2 -1 0 0 1 1 0.08
 1 -1 -1  0  2 -1 -1  0 -1 -1  0  0 -1 -1 -2  2  0 -2  1  0 0 1 0 1 0.06
 0 -2 -2 -2  2 -2 -2  1  2  2 -1 -2 -1  0 -2  0  0 -2 -1  2 0 1 0 0 0.04
 0  0 -2 -2 -2  2 -2 -3 -2 -2  0 -1 -1  0 -2  0  5 -3  1 -1 0 1 0 0 0.03
-3  1 -3 -4 -4 -3 -3 -4  0 -3 -3 -3 -3  3 -4 -3 -3  0  8 -3 0 1 0 0 0.02
-1 -2  0 -2 -2  3 -1  0 -2 -2 -2 -1 -2 -3 -2  3  4 -4 -3 -1 0 1 0 0 0.01
-3 -4 -4 -5 -3 -4 -4 -4 -2 -1  1 -4 -1  6 -1 -3 -3  5  5  1 0 1 0 0 0.01
-3  6 -2 -3  4 -1 -2 -4 -2 -4 -4  3 -3 -4  1 -2 -2 -4 -3 -4 0 1 0 0 0.01
-2  1  2 -1 -3  3  1 -2  1 -3 -1  2  1 -3 -2  1  0  4 -2 -2 0 1 0 1 0.01
 1 -2 -1  0 -2 -1 -2 -2  1 -3 -3  1 -2 -3 -2  4  1  5 -2  0 0 1 0 1 0.01
-1 -3 -3 -4 -3 -3 -3 -4 -2  1  0 -3  2  5 -4  0  0 -1  4  1 0 1 0 0 0.01
-2 -3 -1 -2 -3  0 -2  1 -3 -2  1 -2  1 -3  6  0  1 -4 -3 -1 0 1 0 1 0.01
-3 -4 -5 -5 -3 -4 -5 -5 -4  0  6 -4  0  1 -5 -4 -3 -3 -2 -1 0 1 0 0 0.01
-1 -3  0 -3  5  0 -1 -3 -2  0  2 -2  0  0 -3 -1  0  3  1  0 0 1 0 0 0.01
-1 -3 -2  1 -4  2  0  6 -3 -5 -5 -2 -4 -4 -3  0 -3  2 -4 -4 0 1 0 1 0.01
 0 -3 -3 -4 -2 -2 -3 -4  0  1  2 -3  6 -1 -3 -2  0  4 -2  2 0 1 0 0 0.01
-2  2  0  1 -3  4  1 -3  2 -1 -2  1 -2 -3 -2  0  0 -3 -2  0 0 1 0 1 0.01
-1 -3 -3 -4 -2 -3 -3 -4  2  2  0 -3  2  2 -3 -3 -1 -3 -1  4 0 1 0 0 0.01
 0  2 -1 -2 -2  0  0  0  3 -1  1 -1  0 -2 -2  1  1 -3 -1  0 0 1 0 0 0.01
-1 -2 -3 -3 -2 -2  1 -3 -2  0  3 -2  2 -1  2 -2 -1 -2  2  1 0 1 0 0 0.01
-3 -4 -3 -4 -3 -4 -4 -4 -3  0  0 -4  1  7 -4  0  0 -1  2 -2 0 1 0 0 0.01
-1 -1  0  1 -3  3  4 -1 -1 -3 -3  0 -2 -4 -2  1  1 -4 -3 -1 0 1 0 1 0.01
-1 -1  5 -1 -3 -1 -1 -2  1 -2 -2 -1  0 -3  0  2  2 -4 -2 -1 0 0 1 0 0.01
 0 -1  1  1 -2  1  1  0  2  0 -2 -1 -1 -2  1  1  1 -3 -2  0 0 0 1 1 0.01
-2 -1  1  1  0  0 -1 -2  5 -2 -2  0 -2  2 -2 -1  0 -1  5 -2 0 0 1 0 0.01
-3 -2  1 -3 -3 -2 -3 -3  3 -2 -2 -2 -2  3 -3 -2 -2  0  7 -2 0 0 1 0 0.01
-1  0 -1  0 -3  1  1 -2  2 -3 -2  0  1 -3  6  0 -1 -3 -2 -2 0 0 1 1 0.01
-2 -2  3 -2 -3 -2 -2  0  5 -2 -2 -2 -2  4 -3 -2 -2  2  3 -2 0 0 1 0 0.01
 1 -2 -1 -2  2 -2  0  5 -2 -3 -3 -2 -3 -3  0 -1  0 -3 -3 -3 0 0 1 0 0.01
-2 -3 -3 -3 -2 -2 -3 -3 -3  4  2 -3  3  1 -3 -2 -1 -2 -1  2 0 1 0 0 0.01
-1  3 -1 -1 -3  3  1 -2  2 -2 -2  1  1  0 -2  0  2 -2 -1 -2 0 1 0 1 0.01
-2 -3 -4 -3 -2 -2 -1 -4 -3  3  4 -3  2 -1 -3 -3 -2 -3 -2  1 0 1 0 0 0.02
 0 -2 -1 -2  2 -2 -2 -2 -2  0  1 -2  0 -1 -2  2  2 -2  1  2 0 1 0 0 0.02
-1  0  2 -1 -2  2  0 -2 -1 -2 -1  1 -1 -3 -2  3  2 -3 -2 -1 0 0 1 0 0.02
 1  2  1  0 -2  0 -1 -2 -1 -1 -1  0 -1  0  4  0  0 -2 -1 -1 0 0 1 1 0.02
-1  0  0 -2  3 -2 -2 -1 -2  1  1 -1  0  2 -2 -1  0 -2 -1  2 0 0 1 0 0.03
-1 -2 -1  3  1 -1  0  0  1 -2 -2 -1 -2 -2  4  1  0 -2 -2 -2 0 0 1 1 0.03
-1  1  2  0 -2  0 -1  4 -1 -2 -2 -1 -2 -2 -1  0 -1 -2 -2 -2 0 0 1 1 0.03
 0 -1  0  1 -1  0  0  2 -1 -2 -1  0 -1  0 -1  1  1 -1 -1 -1 0 0 1 1 0.04
 0  1 -1  3 -3  1  3  0 -1 -3 -3  0 -2 -3  2 -1 -1 -3 -2 -2 0 0 1 1 0.03
 0  1 -1  0 -2  1  0 -1 -1  1 -1  2 -1 -1 -1  1  0 -2 -1  0 0 0 1 1 0.03
-1  2 -1 -1 -3  1  1 -2 -1 -2 -1  4 -1 -2 -2 -1 -1 -3 -2  0 0 1 0 1 0.02
-1  0 -2 -2 -2  2 -1 -3 -2  2  0 -1  0 -2  2 -1  0 -3 -2  3 0 1 0 0 0.01
-1 -3 -3 -3 -2 -2 -3 -3 -3  1  4 -3  1 -1 -3  0  1 -3 -2  2 0 1 0 0 0.01
 0 -3 -4 -4 -2 -3 -3 -4 -4  4  2 -3  1  1  1 -3 -2 -3 -1  2 0 1 0 0 0.01
-1  0  1 -1 -2 -1  0 -2  3 -1 -1 -1 -1 -1 -2  2  3 -2  1 -1 0 1 0 0 0.01
-3 -4 -4 -4 -3 -4 -4 -4 -3  1  2 -4  0  7 -4 -3 -3 -1  1 -1 0 1 0 0 0.01
-2 -2  6 -1  5  1 -2 -2  2 -4 -4  0 -3 -4 -3  0 -1 -4 -3 -3 0 1 0 0 0.02
 5 -3 -2 -3 -2 -2 -2 -1 -3  0 -1 -2  1 -3 -2  1  1 -4 -3 -1 0 0 1 0 0.02
-1  2 -1 -1 -3  1  2 -3 -2 -2 -1  2 -2 -3  4  1  0 -4 -3 -2 0 0 1 1 0.02
-1  2  5  0  0 -1 -1  0  1 -4 -4  0 -3 -4 -2  2  1 -4 -3 -3 0 0 1 1 0.02
 1 -2 -1  2 -3  1  3 -1 -2 -2 -2 -1 -2 -1  3  1 -1 -3 -2 -2 1 0 0 1 0.02
 0  0 -1  2 -3  4  3 -2  3 -4 -3  0 -2 -4 -2  1  0 -3 -2 -3 1 0 0 1 0.02
-2 -2  1  5  1 -1  4 -3 -2 -3 -3 -1  1 -4 -3 -1 -1 -4 -4 -3 1 0 0 1 0.02
 0  6 -2 -3  1  0 -1 -3 -2 -3  0  2  2 -3 -3 -2 -2 -4 -3 -3 1 0 0 0 0.02
 0  2 -1 -2  4  1  0  0  2 -2  0  2 -1 -3 -2 -1  0 -3 -2 -1 1 0 0 1 0.01
-2  4  2  0 -4  1  1 -3  3 -3 -3  4 -2 -4 -2 -1 -2 -4 -2 -2 1 0 0 1 0.01
-4 -4 -5 -5  3 -5 -5 -5 -3 -2 -1 -5 -2  8 -5 -4 -4  4  1 -2 1 0 0 0 0.01
 0 -2 -3 -3  0 -2  0 -3 -3  2  1  0  1 -2 -3 -1  1 -3 -2  3 1 0 0 0 0.01
 2 -1 -1  2 -3  1  4 -2 -1 -3 -3  1 -2 -4 -2  1  1 -4 -3 -2 1 0 0 1 0.01
-1 -3  1  6 -4 -1  1 -3  2 -3 -4 -2 -4 -4 -3 -1 -2  3 -3 -1 1 0 0 1 0.01
-1 -3 -4 -5 -2 -3 -4 -4 -4  2  5 -3  1 -1 -4 -3 -2 -3 -2  1 1 0 0 0 0.01
-2  5 -1 -2 -4  2 -1 -3  1 -3 -2  3 -2 -3 -3  0 -1 -3  0 -3 1 0 0 1 0.01
-2 -2 -1  2 -5  0  6  1 -2 -4 -3 -1 -3 -4 -3 -1 -2 -4 -4 -4 1 0 0 1 0.01
 1 -2 -1  0  4 -2 -2 -2 -2 -2 -2 -2  3 -3 -2  4  1 -4 -3 -2 1 0 0 0 0.01
-2 -4 -4 -4 -2 -3 -4 -4 -4  6  1 -3  0 -1 -3 -3 -2 -3 -2  2 1 0 0 0 0.02
 3 -1 -2 -2  2 -1  1 -2 -2 -2  0 -2 -1 -2 -2  1 -1  4 -2 -1 1 0 0 1 0.02
-2  1 -2  0 -5  2  6 -4 -1 -5 -4  0 -3 -5 -3 -2 -2 -4 -3 -4 1 0 0 1 0.02
 0 -3  0 -3  3 -2 -3 -3 -3  1  0 -3  4 -2 -3  0  0 -4 -2  4 1 0 0 0 0.03
 1  0  1  2 -3  2  1  0 -1 -3 -3  0 -1 -3 -2  1  1 -3 -2 -2 1 0 0 1 0.03
 1 -1 -2  0 -4  3  6 -3 -1 -4 -4 -1 -3 -4 -2 -1 -2 -4 -3 -3 1 0 0 1 0.04
 1 -3 -3 -4 -2 -2 -3 -3 -3  1  1 -3  7  0 -3  0  0 -3 -2  0 1 0 0 0 0.05
-2 -2 -1  2 -5  1  6 -3 -2 -4 -4 -1 -3  0  1 -2 -2 -4 -3 -4 1 0 0 1 0.05
 1  1  1 -1 -3  3  0 -2 -1 -2 -1  2 -1 -3 -2  1  0 -3 -2  0 1 0 0 1 0.07
 0 -2 -2 -1 -2 -2  0 -3  2  2  2 -2  1 -1 -3 -2 -1 -2  2  1 1 0 0 0 0.09
-1  7 -2 -3 -4  0 -1 -3  1 -4 -3  2 -3 -4 -3 -2 -2 -4 -3 -4 1 0 0 1 0.14
-2 -2 -4 -4 -2 -3 -4 -5 -4  5  2 -3  0 -1 -4 -3 -2 -3 -2  3 1 0 0 0 0.16
 1 -1 -1  3 -3  1  5 -2 -1 -3 -3  0 -2 -3 -2 -1 -1 -3 -2 -2 1 0 0 1 0.19
 2 -1 -1 -2  1 -1  0  0 -2 -2 -2  0  0 -2 -2  2  2  6 -1 -2 1 0 0 1 0.21
-2 -1 -1  0 -5  1  7 -3 -1 -5 -4  0 -3 -5 -2 -1 -2 -4 -3 -4 1 0 0 1 0.37
-2 -2 -4 -4 -2 -2 -2 -4 -3  2  4 -1  4 -1 -3 -3 -2 -3 -2  0 1 0 0 0 0.36
-1 -1  0  2 -4  2  6 -3 -1 -4 -4  0 -3 -4 -2  0 -2 -4 -3 -3 1 0 0 1 0.43
 0  4 -1 -2 -4  0  0 -3  1 -4 -3  5 -2 -4 -2 -1 -2 -4 -2 -3 1 0 0 1 0.54
-2  0 -1 -1 -4  7  1 -2  5 -4 -3  0 -2 -4 -2 -1 -2 -3 -2 -3 0 0 1 1 0.65
-1  2 -1 -1 -4  4  0 -2 -1 -3 -3  5 -2 -4 -2 -1 -1 -3 -2 -3 0 0 1 1 0.75
