-1 -1 -2 -3 -1  0 -2 -3 -2  1  2 -1  5  0 -2 -1 -1 -1 -1  1 0 0 1 1 0.88
 4 -1 -2 -2  0 -1 -1  0 -2 -1 -1 -1 -1 -2 -1  1  0 -3 -2  0 0 0 1 1 0.85
-2 -2  1  6 -3  0  2 -1 -1 -3 -4 -1 -3 -4 -1  0 -1 -4 -3 -3 0 0 1 1 0.78
-2  0  6  1 -3  0  0  0  1 -3 -3  0 -2 -3 -2  1  0 -4 -2 -3 0 0 1 1 0.65
-1 -1 -2 -3 -1  0 -2 -3 -2  1  2 -1  5  0 -2 -1 -1 -1 -1  1 0 0 1 0 0.65
 0 -1  0 -1 -1 -1 -1 -2 -2 -1 -1 -1 -1 -2 -1  1  5 -2 -2  0 0 0 1 1 0.59
 0 -1  0 -1 -1 -1 -1 -2 -2 -1 -1 -1 -1 -2 -1  1  5 -2 -2  0 0 0 1 1 0.53
 0 -1  0 -1 -1 -1 -1 -2 -2 -1 -1 -1 -1 -2 -1  1  5 -2 -2  0 0 0 1 1 0.71
-1  1  0  0 -3  5  2 -2  0 -3 -2  1  0 -3 -1  0 -1 -2 -1 -2 0 0 1 1 0.70
-1 -3 -3 -3 -1 -3 -3 -4 -3  4  2 -3  1  0 -3 -2 -1 -3 -1  3 0 0 1 1 0.67
-1  0  0  2 -4  2  5 -2  0 -3 -3  1 -2 -3 -1  0 -1 -3 -2 -2 0 0 1 1 0.65
 0 -3 -3 -3 -1 -2 -2 -3 -3  3  1 -2  1 -1 -2 -2  0 -3 -1  4 0 0 1 0 0.68
 0 -2  0 -1 -3 -2 -2  6 -2 -4 -4 -2 -3 -3 -2  0 -2 -3 -3 -3 0 0 1 1 0.61
-1 -2 -2 -1 -3 -1 -1 -2 -2 -3 -3 -1 -2 -4  7 -1 -1 -4 -3 -2 0 0 1 1 0.39
 0 -2  0 -1 -3 -2 -2  6 -2 -4 -4 -2 -3 -3 -2  0 -2 -3 -3 -3 0 0 1 1 0.27
 3 -2 -2 -2 -1 -1 -1  0 -2 -2 -2 -1 -1 -3  5  1  0 -3 -2 -1 1 0 0 0 0.20
 0 -1  0 -1 -1 -1 -1 -2 -2 -1 -1 -1 -1 -2 -1  1  5 -2 -2  0 1 0 0 1 0.13
-2  0  6  1 -3  0  0  0  1 -3 -3  0 -2 -3 -2  1  0 -4 -2 -3 1 0 0 1 0.09
 4 -1 -2 -2  0 -1 -1  0 -2 -1 -1 -1 -1 -2 -1  1  0 -3 -2  0 1 0 0 0 0.10
 0 -1  0 -1 -1 -1 -1 -2 -2 -1 -1 -1 -1 -2 -1  1  5 -2 -2  0 1 0 0 0 0.07
-1 -3 -3 -3 -1 -3 -3 -4 -3  4  2 -3  1  0 -3 -2 -1 -3 -1  3 1 0 0 0 0.04
-2  0  6  1 -3  0  0  0  1 -3 -3  0 -2 -3 -2  1  0 -4 -2 -3 1 0 0 0 0.03
-2 -3 -3 -4 -2 -3 -3 -3 -1  0  0 -3  0  6 -4 -2 -2  1  3 -1 1 0 0 0 0.02
-1  0  0  2 -4  2  5 -2  0 -3 -3  1 -2 -3 -1  0 -1 -3 -2 -2 1 0 0 0 0.01
 4 -1 -2 -2  0 -1 -1  0 -2 -1 -1 -1 -1 -2 -1  1  0 -3 -2  0 1 0 0 0 0.01
 0 -2  0 -1 -3 -2 -2  6 -2 -4 -4 -2 -3 -3 -2  0 -2 -3 -3 -3 1 0 0 0 0.01
-1 -3 -3 -3 -1 -3 -3 -4 -3  4  2 -3  1  0 -3 -2 -1 -3 -1  3 1 0 0 0 0.01
-1 -2 -3 -4 -1 -2 -3 -4 -3  2  4 -2  2  0 -3 -2 -1 -2 -1  1 1 0 0 0 0.01
-1 -1  0  4 -4  1  4 -2  0 -3 -3  0 -2 -3 -1  0 -1 -3 -2 -3 1 0 0 0 0.01
 0 -3 -3 -3  9 -3 -4 -3 -3 -1 -1 -3 -1 -2 -3 -1 -1 -2 -2 -1 1 0 0 0 0.01
-2 -2 -2 -3 -2 -1 -2 -3  2 -1 -1 -2 -1  3 -3 -2 -2  2  7 -1 1 0 0 0 0.01
-1  1  0  1 -3  2  4 -2  0 -3 -3  3 -2 -3 -1  0 -1 -3 -2 -2 1 0 0 0 0.01
-1  5  0 -2 -3  1  0 -2  0 -3 -2  2 -1 -3 -2 -1 -1 -3 -2 -3 1 0 0 0 0.01
-2 -2 -3 -4 -2 -2 -3 -3 -2  1  3 -3  1  4 -3 -2 -1 -1  1  0 1 0 0 0 0.01
 1 -1  1  0 -1  0  0  0 -1 -2 -2  0 -1 -2 -1  4  1 -3 -2 -2 1 0 0 0 0.01
-3 -3 -4 -4 -2 -2 -3 -3 -2 -3 -2 -3 -1  1 -4 -3 -2 11  2 -3 0 0 1 0 0.01
-1  1  0  0 -3  5  2 -2  0 -3 -2  1  0 -3 -1  0 -1 -2 -1 -2 0 0 1 0 0.01
-1  5  0 -1 -3  1  0 -2  0 -3 -2  3 -1 -3 -2 -1 -1 -3 -2 -2 0 0 1 1 0.01
 3 -2 -2 -2 -1 -1 -1  0 -2 -2 -2 -1 -1 -3  5  1  0 -3 -2 -1 0 0 1 0 0.01
-1 -2 -3 -4 -1 -2 -3 -4 -3  2  4 -2  2  0 -3 -2 -1 -2 -1  1 0 0 1 0 0.01
-2 -2  1  6 -3  0  2 -1 -1 -3 -4 -1 -3 -4 -1  0 -1 -4 -3 -3 0 0 1 0 0.02
-2 -2 -2 -3 -2 -1 -2 -3  2 -1 -1 -2 -1  3 -3 -2 -2  2  7 -1 1 0 0 1 0.02
-1 -2 -2 -1 -3 -1 -1 -2 -2 -3 -3 -1 -2 -4  7 -1 -1 -4 -3 -2 1 0 0 1 0.02
 0 -2  0 -1 -3 -2 -2  6 -2 -4 -4 -2 -3 -3 -2  0 -2 -3 -3 -3 1 0 0 0 0.03
-1  1  0  0 -3  5  2 -2  0 -3 -2  1  0 -3 -1  0 -1 -2 -1 -2 1 0 0 0 0.03
-2 -1  4  5 -3  0  1 -1  0 -3 -4 -1 -3 -3 -2  0 -1 -4 -3 -3 1 0 0 1 0.03
-1  5  0 -2 -3  1  0 -2  0 -3 -2  2 -1 -3 -2 -1 -1 -3 -2 -3 1 0 0 0 0.04
-1 -2 -3 -4 -1 -2 -3 -4 -3  2  4 -2  2  0 -3 -2 -1 -2 -1  1 1 0 0 0 0.05
-2  0  5  1 -3  0  0 -1  5 -3 -3  0 -2 -2 -2  0  0 -3  0 -3 1 0 0 0 0.04
-1  5  0 -2 -3  1  0 -2  0 -3 -2  2 -1 -3 -2 -1 -1 -3 -2 -3 1 0 0 1 0.05
-1 -2 -3 -4 -1 -2 -3 -4 -3  2  4 -2  2  0 -3 -2 -1 -2 -1  1 1 0 0 0 0.06
-1  2  0 -1 -3  1  1 -2 -1 -3 -2  5 -1 -3 -1  0 -1 -3 -2 -2 1 0 0 1 0.05
-1  5  0 -1 -3  1  0 -2  0 -3 -2  3 -1 -3 -2 -1 -1 -3 -2 -2 1 0 0 1 0.06
-1  2  0 -1 -3  1  1 -2 -1 -3 -2  5 -1 -3 -1  0 -1 -3 -2 -2 1 0 0 1 0.07
-1 -2 -3 -4 -1 -2 -3 -4 -3  2  4 -2  2  0 -3 -2 -1 -2 -1  1 1 0 0 0 0.09
-1  1  0  1 -3  2  4 -2  0 -3 -3  3 -2 -3 -1  0 -1 -3 -2 -2 1 0 0 1 0.10
 1 -1  1  0 -1  0  0  0 -1 -2 -2  0 -1 -2 -1  4  1 -3 -2 -2 1 0 0 1 0.13
-1  5  0 -1 -3  1  0 -2  0 -3 -2  3 -1 -3 -2 -1 -1 -3 -2 -2 1 0 0 0 0.15
-1 -3 -3 -3 -1 -3 -3 -4 -3  4  2 -3  1  0 -3 -2 -1 -3 -1  3 1 0 0 0 0.14
-1  2  0 -1 -3  1  1 -2 -1 -3 -2  5 -1 -3 -1  0 -1 -3 -2 -2 1 0 0 1 0.17
 0 -1  0 -1 -1 -1 -1 -2 -2 -1 -1 -1 -1 -2 -1  1  5 -2 -2  0 1 0 0 1 0.24
-1 -1  0 -1 -3  0  0 -2  6 -3 -3 -1 -2 -2  5 -1 -1 -3  1 -3 1 0 0 0 0.23
-2  0  6  1 -3  0  0  0  1 -3 -3  0 -2 -3 -2  1  0 -4 -2 -3 1 0 0 0 0.17
-1  2  0 -1 -3  1  1 -2 -1 -3 -2  5 -1 -3 -1  0 -1 -3 -2 -2 1 0 0 1 0.19
 0 -1  0 -1 -1 -1 -1 -1 -2  2  0 -1  0 -1 -1  3  1 -3 -2  1 0 0 1 1 0.18
-1  0  0  2 -4  2  5 -2  0 -3 -3  1 -2 -3 -1  0 -1 -3 -2 -2 0 0 1 1 0.16
-1 -2 -2 -1 -3 -1 -1 -2 -2 -3 -3 -1 -2 -4  7 -1 -1 -4 -3 -2 0 0 1 1 0.16
-1  0  0  2 -4  2  5 -2  0 -3 -3  1 -2 -3 -1  0 -1 -3 -2 -2 1 0 0 1 0.16
 0 -1  3  0 -1 -1 -1 -1 -1  2  0 -1  0 -2 -2  2  0 -3 -2  0 1 0 0 1 0.20
-1  2  0 -1 -3  1  1 -2 -1 -3 -2  5 -1 -3 -1  0 -1 -3 -2 -2 1 0 0 1 0.20
-1  5  0 -2 -3  1  0 -2  0 -3 -2  2 -1 -3 -2 -1 -1 -3 -2 -3 0 0 1 1 0.23
-1 -2 -3 -3 -1 -1 -2 -3 -2  3  2 -2  4  0 -3 -2 -1 -2 -1  2 0 0 1 1 0.16
 1 -1  1  0 -1  0  0  0 -1 -2 -2  0 -1 -2 -1  4  1 -3 -2 -2 0 0 1 1 0.13
-1 -2 -3 -4 -1 -2 -3 -4 -3  2  4 -2  2  0 -3 -2 -1 -2 -1  1 1 0 0 0 0.15
-1  0  0  2 -4  2  5 -2  0 -3 -3  1 -2 -3 -1  0 -1 -3 -2 -2 1 0 0 1 0.12
-1  1  0  1 -3  2  4 -2  0 -3 -3  3 -2 -3 -1  0 -1 -3 -2 -2 1 0 0 1 0.10
-1  5  0 -1 -3  1  0 -2  0 -3 -2  3 -1 -3 -2 -1 -1 -3 -2 -2 1 0 0 0 0.06
-1  2  0 -1 -3  1  1 -2 -1 -3 -2  5 -1 -3 -1  0 -1 -3 -2 -2 1 0 0 0 0.05
 4 -1 -2 -2  0 -1 -1  0 -2 -1 -1 -1 -1 -2 -1  1  0 -3 -2  0 1 0 0 1 0.04
-1 -3 -3 -3 -1 -3 -3 -4 -3  4  2 -3  1  0 -3 -2 -1 -3 -1  3 1 0 0 1 0.04
 0 -2  0 -1 -3 -2 -2  6 -2 -4 -4 -2 -3 -3 -2  0 -2 -3 -3 -3 1 0 0 0 0.03
 0 -3 -3 -3 -1 -2 -2 -3 -3  3  1 -2  1 -1 -2 -2  0 -3 -1  4 1 0 0 0 0.03
-1  2  0 -1 -3  1  1 -2 -1 -3 -2  5 -1 -3 -1  0 -1 -3 -2 -2 1 0 0 1 0.03
-1 -1 -2 -3 -1  0 -2 -3 -2  1  2 -1  5  0 -2 -1 -1 -1 -1  1 1 0 0 0 0.02
-1 -2 -3 -3 -1 -1 -2 -3 -2  3  2 -2  4  0 -3 -2 -1 -2 -1  2 1 0 0 0 0.02
-1  2  0 -1 -3  1  1 -2 -1 -3 -2  5 -1 -3 -1  0 -1 -3 -2 -2 1 0 0 0 0.01
-1 -2 -3 -3 -1 -2 -3 -3 -3  2  2 -2  1  0 -3 -2  0 -2 -1  3 1 0 0 0 0.01
-1 -2 -3 -4 -1 -2 -3 -4 -3  2  4 -2  2  0 -3 -2 -1 -2 -1  1 1 0 0 0 0.01
-1 -2 -3 -4 -1 -2 -3 -4 -3  2  4 -2  2  0 -3 -2 -1 -2 -1  1 1 0 0 0 0.02
-2 -3 -3 -4 -2 -3 -3 -3 -1  0  0 -3  0  6 -4 -2 -2  1  3 -1 1 0 0 0 0.02
-1 -2 -3 -3 -1 -1 -2 -3 -2  3  2 -2  4  0 -3 -2 -1 -2 -1  2 0 0 1 0 0.01
-2 -1  5  4 -3  0  0 -1  0 -3 -3  0 -2 -3 -2  0  0 -4 -2 -3 0 0 1 1 0.02
-1 -2 -2 -1 -3 -1 -1 -2 -2 -3 -3 -1 -2 -4  7 -1 -1 -4 -3 -2 0 0 1 0 0.03
 1 -1  1  0 -1  0  0  0 -1 -2 -2  0 -1 -2 -1  4  1 -3 -2 -2 0 0 1 1 0.05
 4 -1 -2 -2  0 -1 -1  0 -2 -1 -1 -1 -1 -2 -1  1  0 -3 -2  0 0 0 1 1 0.07
 0 -2  0 -1 -3 -2 -2  6 -2 -4 -4 -2 -3 -3 -2  0 -2 -3 -3 -3 0 0 1 0 0.12
-1 -3 -3 -3 -1 -3 -3 -4 -3  4  2 -3  1  0 -3 -2 -1 -3 -1  3 0 0 1 1 0.18
-1  0  0  2 -4  2  5 -2  0 -3 -3  1 -2 -3 -1  0 -1 -3 -2 -2 0 0 1 1 0.27
 0 -2  0 -1 -3 -2 -2  6 -2 -4 -4 -2 -3 -3 -2  0 -2 -3 -3 -3 0 0 1 1 0.45
-2 -3 -3 -4 -2 -3 -3 -3 -1  0  0 -3  0  6 -4 -2 -2  1  3 -1 0 0 1 1 0.48
-1  0  0  2 -4  2  5 -2  0 -3 -3  1 -2 -3 -1  0 -1 -3 -2 -2 0 0 1 1 0.54
-1 -2 -2 -1 -3 -1 -1 -2 -2 -3 -3 -1 -2 -4  7 -1 -1 -4 -3 -2 0 0 1 1 0.61
-2 -2 -2 -3 -2 -1 -2 -3  2 -1 -1 -2 -1  3 -3 -2 -2  2  7 -1 0 0 1 1 0.74
-1  0  1 -1 -3  0  0 -2  7 -3 -3 -1 -1 -1 -2 -1 -2 -2  2 -3 0 0 1 0 0.84
-1  0  1 -1 -3  0  0 -2  7 -3 -3 -1 -1 -1 -2 -1 -2 -2  2 -3 0 0 1 1 0.90
-1  0  1 -1 -3  0  0 -2  7 -3 -3 -1 -1 -1 -2 -1 -2 -2  2 -3 0 0 1 1 0.92
-1  0  1 -1 -3  0  0 -2  7 -3 -3 -1 -1 -1 -2 -1 -2 -2  2 -3 0 0 1 1 0.93
-1  0  1 -1 -3  0  0 -2  7 -3 -3 -1 -1 -1 -2 -1 -2 -2  2 -3 0 0 1 1 0.93
-1  0  1 -1 -3  0  0 -2  7 -3 -3 -1 -1 -1 -2 -1 -2 -2  2 -3 0 0 1 1 0.94
