-2 -2 -3 -4 -2 -1 -3 -4 -2  1  3 -2  6  0 -3 -2 -1 -2 -2  0 0 0 1 1 0.96
-1  2 -1 -2 -3  1  0  5 -2 -4 -4  0 -3 -4 -3  0 -2 -3 -3 -3 0 0 1 1 0.96
 3  0  0 -2 -2 -1 -2  0 -2 -2 -1 -1 -2 -3 -2  3  2 -4 -3 -2 0 0 1 1 0.96
 0  0  2 -1 -2 -1 -1  1 -2  1 -2  1 -1 -1 -2  2  0 -3 -2  0 1 0 0 0 0.97
-2  3  1  0 -5  4  4 -2  4 -5 -4  1 -3 -4 -3 -2 -3 -4 -2 -4 1 0 0 1 0.97
 0 -1 -1 -1 -4  2  4 -2  2 -3  0  1 -2 -1 -3  0 -2 -4 -3 -1 1 0 0 1 0.96
-2 -1  7  1 -5  2 -1 -3  2 -5 -5 -1 -4 -5 -4  1 -1 -5 -1 -3 1 0 0 0 0.96
-3  0 -1 -4 -4  3 -2 -2  5  0  2 -2  4  0 -4 -3 -1  0  2 -2 1 0 0 0 0.98
 2  0 -1 -2 -4  2  3 -3  5 -2 -3  1 -2 -4 -3 -1 -1 -5 -1 -1 1 0 0 1 0.96
-1  1  2 -1 -4  2 -1  0  4 -1 -1  2  0 -2 -3  0  0 -4 -1 -2 1 0 0 1 0.95
 5 -2 -3 -4  0  2 -1  0 -4 -4 -4  0 -3 -5 -1  2  0 -5 -4 -1 1 0 0 0 0.93
-2 -3 -4 -3 -4  2  4 -5 -3  1  0 -1  5 -2 -4 -1 -1  1  1  0 1 0 0 0 0.90
-3 -1 -1  1 -6 -2  6  1 -1 -5 -4 -1 -4  1 -1  0 -2 -5 -4 -5 1 0 0 1 0.85
-1  0  1 -1 -4 -1  2 -3  4 -1  1  0  1  0 -3 -1 -1  0  2 -1 1 0 0 1 0.82
 0  2  1 -2 -3  0 -1 -1  1  0  0  1  0 -1 -1  1  1 -3  0 -1 0 0 1 0 0.82
-3 -2 -2 -4 -6 -3 -1 -2 -5 -6 -6  1 -5 -6  8 -1 -4 -6 -6 -3 0 0 1 0 0.68
-2 -1 -2  0 -6  0  6 -3 -1 -6 -4  2 -5 -3 -3 -2  0 -6 -5 -5 1 0 0 1 0.59
 1 -1 -1 -1 -3  0 -1  1 -3 -1 -1  1 -1 -2 -3  3  1 -4 -3  1 1 0 0 0 0.46
-2  0 -1 -2 -2 -1 -1 -2 -1 -1 -1  1  0  6 -1  0  1 -2  0 -2 0 0 1 0 0.40
 0 -2 -1  0 -3 -1  2  3 -2 -1 -2  0 -2 -2 -1  0  1 -4 -1  0 0 0 1 0 0.30
-1  1  2  1 -3  3  2 -2  1 -1 -2  1 -2 -3 -1  0  0 -3 -1 -1 0 0 1 1 0.16
 0  0 -1  0  0  0  0 -2 -2  0 -1 -1  0 -2  1 -1  0 -2  0  3 0 1 0 0 0.14
-1 -2  1  2  2 -2 -1  1  4 -1 -2 -1 -2 -2  2  1  0 -3  0  0 0 1 0 0 0.09
 0 -1 -2 -4  0  0 -3 -2  1 -2  2 -3  7 -1  0  0 -1 -4 -1 -1 0 1 0 0 0.05
-3 -4 -5 -5 -3 -4 -4 -2 -4  4  4 -4  3  0 -1 -4 -3 -4 -1  1 0 1 0 0 0.03
-4 -1 -3 -5 -4 -2 -4 -2  2 -1  1 -4  0  3 -2 -3 -2  3  7 -1 0 1 0 0 0.02
-1 -5 -5 -5  0 -5 -5 -2 -5  6  0 -5  1 -3 -5 -4 -2  0 -4  4 0 1 0 0 0.01
-3 -1  4  2 -1  0  1 -2  2 -3 -4  1 -4 -5  3  0  0 -1 -4 -2 0 1 0 1 0.01
 0 -4 -5 -5  8 -5 -5  0 -5  1  1 -5  1 -1 -3 -3 -2 -5 -4  3 0 1 0 0 0.01
-2  0 -1 -2 -2  3  2 -3  0 -3 -3  4 -2 -2 -2  2  0 -1  0 -2 0 1 0 1 0.01
-4 -5 -6 -6  5 -5 -6 -6 -6  6  0 -5  0 -4 -1 -5 -4 -5 -1  4 0 1 0 0 0.01
-1  0  7 -1  2  1 -1  1  0 -5 -4  0 -1 -3 -5  0 -3 -6 -5 -5 0 0 1 1 0.01
-1 -2  0  1 -5  0 -1  5 -4 -5 -3  1 -4 -2 -4  1 -1 -5 -1 -5 0 0 1 1 0.01
-1  0  0 -1 -1  2 -1 -3  4  0 -1  1  0 -1 -3  0  1 -3  0  1 0 0 1 0 0.01
-1  0  0  0  1  0  1 -3  0 -1 -1  0  1 -1  4 -1  1 -4 -1  0 0 1 0 1 0.01
 1 -1 -1 -1  1  0 -2 -1  0  1  0 -1  1  1 -3  0  0 -2  0  2 0 1 0 0 0.01
 0  0  0  0  2  1  0 -3  2  0  0  0  1  1 -2  0  0 -2  1  0 0 1 0 1 0.01
 3 -3 -3 -3  2  0 -2 -2 -3  1  0 -2  4 -1 -3 -1 -1 -3 -2  1 0 1 0 0 0.01
-1 -3 -4 -4 -3 -1 -3 -4 -3  1  4 -3  4  3 -4 -1 -1 -3 -1  0 0 1 0 0 0.01
-1 -4 -4 -4  2 -3 -4 -4 -4  3  1 -3  1  2 -4 -1 -1 -3 -1  4 0 1 0 0 0.01
-4 -3  2  7 -5 -2  0 -3 -3 -4  0 -3 -4 -5 -4 -2 -3 -6 -5 -4 0 0 1 0 0.01
-1 -2  0 -2  0 -2 -2  1 -3 -2  0 -2 -2  0 -3  3  4 -4 -3 -2 0 0 1 0 0.02
 1  1 -1  2  4 -1  1  1 -2 -3 -3 -1 -2 -3 -2  1  1 -3 -3 -2 1 0 0 0 0.02
 4 -3  0 -3  5 -2 -3 -1 -3 -2  0 -1 -2 -3 -3  1  1 -4 -3 -1 1 0 0 0 0.02
 1  0  0  1 -3  2  1  0  1 -2 -2  1  0 -3  0  2  0 -3 -2 -2 1 0 0 0 0.02
 0 -1 -1 -3 -3 -1 -2  1  5  0 -1 -2  1  0 -2  1  0 -3  1  2 1 0 0 0 0.02
-2 -1  5 -1 -1 -2 -3 -3 -1 -2 -2 -3 -3 -4 -1  4  2 -5 -1 -2 1 0 0 0 0.02
-1 -2 -4 -4 -1 -1 -3 -4 -1  3  2 -3  1  2 -1 -1 -1 -3 -2  2 1 0 0 0 0.02
 1 -2 -2 -3 -2 -2 -3  1 -3  2  2 -2  3 -1 -3 -1 -1 -3 -2  2 0 0 1 0 0.02
 0 -1  1  1 -4  0 -3 -2  0 -5 -5 -3 -4 -5  3  5  0  1 -4 -5 0 0 1 0 0.01
 0  0 -2 -1  0  1  2 -2  0 -1  0  1  0 -1  2  0  0 -3  1 -1 1 0 0 1 0.01
 2  1  0  1 -3  0  1 -1  2 -2 -3  2 -2 -1 -1  1  0  1 -2 -2 1 0 0 1 0.01
-1 -4 -4 -4  7 -1 -1 -4 -4  0  1 -1  1  2 -4 -3  2  2  1  1 1 0 0 0 0.01
 5 -2 -4 -4  2 -2 -4 -3 -4 -1  0 -2 -1  1 -2 -1 -2  1 -1  1 1 0 0 0 0.01
-1  2  0  1 -4  2  3 -1  2 -1 -3  2 -3 -4 -3  0 -1 -4 -3 -2 1 0 0 1 0.01
 0  4  1 -1 -4  1  0 -2  0 -3 -3  3  0 -4 -2 -1  0  0 -1 -2 1 0 0 1 0.01
-1 -2  0 -4  5 -2 -4 -2  3  0  3 -3  1 -1 -4 -2 -1 -3  0 -1 0 0 1 0 0.01
-2  0  2 -1 -4 -3 -2  5  2 -2 -3  0 -4 -1 -4 -1 -1 -4 -1 -4 0 0 1 1 0.02
-1 -2 -2 -1  2 -3 -3 -4  0  3  3 -1  1 -1 -2 -2 -2  2 -1  1 1 0 0 0 0.02
-1  0  0  0 -1 -1  1  0 -1 -1  0  2  3 -2  0  0  1  1 -2 -1 1 0 0 1 0.02
-1  3  1  1 -4  1  1 -1 -1 -1 -1  2  0 -4  0  0 -1 -1 -2 -1 1 0 0 1 0.03
-3 -1 -2 -4  0 -1  0 -4  2  0  4 -1  3 -1 -2 -3 -1 -1 -1  1 1 0 0 0 0.03
-1 -2  0 -1 -1  0 -1 -3 -4  4  1  0  1 -2 -2 -1 -1 -4 -2  3 1 0 0 0 0.04
-1 -2  1  4 -2 -1  0 -2 -1 -2  0  2 -3 -3  2 -1 -1 -5 -4 -2 1 0 0 0 0.05
-1  1 -1 -1 -1  1  0 -1  1 -4 -1  3  2 -4 -1  0  3 -4 -2 -2 1 0 0 1 0.07
 0  5  2  1 -5  1  0 -3  0 -2 -3  1 -4 -5  1 -1 -1 -5 -3 -3 1 0 0 1 0.08
-1 -2 -3 -3 -1 -2 -2 -2  0  1  0  0  3  3  3 -1 -2  3  1  1 0 0 1 0 0.09
 1  0 -2 -2 -2  0  0  1  0  0 -1  1  1 -1  1  1  0 -3 -2  1 0 0 1 1 0.11
-3 -1 -2 -2 -3 -2 -1  4 -1 -1  1 -2  3 -4 -1  0 -1 -5 -4  0 0 0 1 1 0.11
-2 -1  0 -1 -2  0  1 -4 -2  2  1  1  1 -3  0 -1  0 -1 -3  2 0 0 1 1 0.11
 3 -2 -2  0 -2 -2 -1 -1  1 -1  0  0 -1 -2 -2  1  1 -4 -1  1 0 0 1 0 0.14
 1  1 -1 -1 -3  0 -1 -1  2 -1  0  1 -1  0 -1  0  0 -3  0  0 0 0 1 1 0.14
-1 -5  0  1 -2 -3 -3  5 -2 -6 -4 -2 -5 -4  3  1 -3 -6 -6 -2 0 0 1 1 0.13
-1 -2 -2  0 -1 -2 -3  2 -4  2  0 -3  0 -3  1  0 -2 -5 -2  4 0 0 1 0 0.14
-1 -2  2 -2 -5 -2 -3  5  0 -5 -1 -1 -4 -5  2  1 -1 -6 -5 -2 0 0 1 0 0.12
 0  1  1 -1 -4  0  0  0 -2 -2 -2 -1 -1 -1  1  1  3 -4 -3  1 0 0 1 1 0.10
 1 -1  1 -2 -2  2 -1  0  2  0 -1  0  2 -2 -1  1  1 -3 -3 -1 0 0 1 0 0.09
-1  1  0 -2 -4  1  1 -3  1 -1 -1  4 -3 -1  0 -1  1 -4  0 -2 0 0 1 1 0.07
 0 -1 -3 -3 -1 -2 -3 -2 -4  4  0 -3 -1 -2  1  0  1 -4 -2  2 0 1 0 0 0.05
-1 -1 -1 -1  1 -1 -1 -1 -1  2  1  0  1 -2  0 -1  0 -2  0  1 0 1 0 1 0.03
-2 -4 -1 -2 -5 -1 -2  6  1 -5 -4 -3 -1 -5 -2  0 -2 -5 -2 -3 0 1 0 0 0.02
-1  4 -2 -2 -1  3  0 -3  3  0 -1  1 -1 -2 -3  0 -2 -1  1  0 0 1 0 0 0.02
 0 -4 -5 -6  3 -4 -5 -4 -6  5 -1 -5 -1 -3 -5 -3 -1  1 -4  5 0 1 0 0 0.01
-1 -1 -2  0 -4 -2  3 -3  7 -2 -1  0 -4 -2  1 -1 -1  0 -2 -3 0 1 0 0 0.01
-1  0  2  2  1  2  0  0  3 -2 -1 -2  1 -3 -3  2 -1 -3 -2 -1 0 1 0 0 0.01
 1 -4 -4 -4  3 -5 -5 -4 -3  1  2 -4 -1  0 -3 -4  0 -5 -2  5 0 1 0 0 0.01
-2 -1 -1  1 -2  3  3 -4  1 -4 -2 -1 -3 -4  4  0  0 -5 -1 -1 0 1 0 1 0.01
-1 -3 -3 -4 -2 -1 -3 -2 -3  3  2 -3  3  1 -3 -3 -2  2  1  2 0 1 0 0 0.01
-1  1  1  0  0  2  1 -1  0 -1 -2  2  0 -2 -2  0  2 -3 -2 -1 0 1 0 1 0.01
-1 -1 -4 -4  1 -3 -3 -4 -3  4  2 -3  1  1 -3 -3 -1 -3  0  2 0 1 0 0 0.01
-1  0  0  0 -4  1  1  4  0 -4 -2  0 -3 -4 -1  0 -1 -4 -3 -4 0 0 1 1 0.01
-1  0  2  3 -3  1  1  2  0 -3 -4  0 -3 -4 -1  1  0 -4 -2 -3 0 0 1 1 0.01
-1  0 -1  0 -1  1  1 -2  2  1  0  1  0  0 -2  0 -1  2 -1  1 0 0 1 0 0.01
-1  0  0 -1 -1 -1  0 -3  2 -1 -2  1 -1  3  0 -1  2 -2  2  0 0 1 0 0 0.01
-2 -1 -4 -3 -1 -2 -1 -2 -1  3  2 -3  0  4 -4 -3 -2  0  2  1 0 1 0 0 0.01
 0 -1  0  0  0 -1  0 -3 -1 -2 -1  1 -1 -2  5  0  0 -5 -4 -2 0 1 0 0 0.01
 0 -2  1 -2  6 -2 -3 -2  0  1 -1 -2  0  0 -3  1  1 -4 -1  1 0 1 0 0 0.01
 1 -1  2  1 -4  0 -1 -3  1 -2 -2  0 -1 -2  2  3  1 -4 -3 -2 0 1 0 0 0.01
 1 -5 -1 -5 -4 -5 -3 -3 -4  0  1 -5  0  7 -1 -2 -1 -3 -2  0 0 1 0 0 0.01
-1 -2 -1  0 -3 -1 -2 -3  0  2 -1 -2  1  3 -2  0  1  2  2  0 0 1 0 0 0.01
-2 -5 -5 -6  1 -3 -4 -6 -3  2  0 -5 -1 -1 -5 -3 -3 -5 -4  7 0 1 0 0 0.01
 0 -2 -4 -4 -3 -4 -4 -3 -4  3  3 -3  2  0 -2 -2 -1 -4 -3  3 0 1 0 0 0.01
-1 -1  1  4 -4  0  4 -3 -2 -2 -4  0 -4 -4  2 -2 -2 -4 -3 -2 0 0 1 1 0.01
-1 -1  1  3 -4  0  0  2  0 -3 -1 -1  0 -3 -2  0 -1 -4 -3  0 0 0 1 1 0.01
-1  1  1  1 -1  1  2  0 -1 -1 -1  2 -1 -3 -1  0  0  1 -2 -2 0 0 1 1 0.01
 0 -1  1  2 -2  0  1  0  1 -2 -2  0 -1 -4  0  3  0 -4 -3 -2 0 0 1 1 0.01
-1  0 -2 -2 -1 -1 -1 -3  1  1  1  0  1  2  0 -2 -1 -2  3  1 1 0 0 0 0.01
 0 -1  3  4 -3  0  1 -1  3 -4 -3  0 -3 -3  1  1 -1 -4 -1 -3 1 0 0 0 0.01
-1  0 -3 -3  2 -2 -3 -1 -3  1  3 -2  2  2 -2  0  0 -2 -1  0 1 0 0 0 0.01
-2 -2 -3 -4  2 -3 -3 -4 -4  4  3 -3  0 -1  1  0  0 -3 -3  1 1 0 0 0 0.01
-3 -2 -4 -4 -3 -3 -1  0 -1  2  4 -3  0  1 -1 -3 -3  1 -2 -1 1 0 0 0 0.01
 1 -4 -3 -4 -4 -4 -4  6 -4 -5 -5 -4 -4 -5  1 -3 -4 -4 -5 -4 1 0 0 0 0.01
-1  2 -1 -3 -1 -1 -2 -3 -1  1  2 -1  4 -1  0 -1 -1  3 -2  0 1 0 0 0 0.01
-1 -3  1  6 -4  2  0 -3 -3 -4 -5 -1 -4 -5  3 -1 -2 -5 -4 -4 1 0 0 0 0.01
-1 -1 -1 -3 -3  0 -3 -3 -2  0 -1 -2  2  3 -3 -1  1  7  1  0 1 0 0 0 0.01
-2  0 -3 -4 -3  0 -3 -4 -3  2  3 -2  3  1 -3 -3 -2  4 -1  1 1 0 0 0 0.01
 0  3  0 -2 -3  1  0 -1  3 -1 -1  2  0 -1 -1  0  0 -3  0 -1 1 0 0 1 0.01
 1  2  0  0 -3  2  1  0  2 -2 -1  1  0 -3 -2  1  1 -3 -2 -2 1 0 0 1 0.01
-1 -2  2 -3  1  0 -2 -2  6 -1  1 -2  0  1 -3 -1 -2 -3  3 -1 1 0 0 0 0.01
-1  3  2 -1  3  2 -1  0  2 -2 -2  2 -3 -4 -3  0 -1 -4 -1 -2 0 0 1 1 0.01
 0  0  0 -3  3 -2 -3  0 -2  0  0 -2  2  1  1 -2  0  4  2  0 0 0 1 0 0.01
-1  0  0  0  2  1  0 -3  2  1 -1  0  1  0 -3  0  0  2 -2  2 0 1 0 0 0.01
-3 -5 -5 -5 -3 -4 -5 -5 -5  6  1 -4 -1  1  1 -4  0  3 -3  2 0 1 0 0 0.01
 0  1  1  1  3  1  1  1 -1 -3 -3  1 -2 -3  2  1 -1 -3 -2 -2 0 1 0 1 0.01
-2 -1 -3 -4  4 -2 -3 -2 -3 -1  3 -3  0  2 -2 -2  1  4  2  0 0 0 1 0 0.01
 1  0  0  0 -1  1  1 -1  1 -2 -2  1  3 -3 -1  1  0 -4 -2 -1 0 0 1 1 0.01
-1  1  2  0 -4  2  1 -1  4 -2 -3  2  1 -3 -3  1  0 -4 -1 -2 0 0 1 1 0.01
-3  2  4  1 -1  3 -2  1  4 -4 -3  0 -1 -2 -3  0 -2 -4 -1 -4 0 0 1 1 0.01
-1  1 -1 -3  4  1 -1 -2  0  0 -1  1 -1 -3 -3  0  1  0 -1  2 0 1 0 0 0.01
-1 -4 -5 -5  2 -4 -4 -5 -4  4  4 -4  3 -1 -4 -4 -2 -3  0  1 0 1 0 0 0.01
-2  3 -2 -2 -1 -1  0 -2 -1  2  0  1  0 -1 -3 -1  1  0  0  1 0 1 0 1 0.01
-3 -4 -3 -4 -3 -2 -4 -5 -4  4  3 -3  2  3 -4 -4 -1  1 -2  2 0 1 0 0 0.01
 0  0  1  0  0  1 -1  3  1 -3 -2  0 -1 -3 -1  0  1  2 -3 -2 0 1 0 1 0.01
 0 -1  1  1 -2  1  1  0 -1  0 -1  1 -1 -2  1  1  1  2  0 -1 0 0 1 1 0.02
 0 -1  2  0 -1  1  0  1  0 -3 -3  0 -1 -2  2  0  2 -3 -3 -2 0 0 1 1 0.02
-2 -2  1  3 -1 -1  0  4  0 -4 -4  1 -4 -1 -2 -2 -1 -4 -4 -3 0 0 1 1 0.02
-1  1 -1 -1 -3  0  3  0  0  0 -2  2 -1 -3  1  0  1 -4 -3  1 0 0 1 1 0.03
-2  0 -1  0 -4  2  4 -4 -1 -1 -2  1 -2 -4  1  1 -1  0  0 -2 0 1 0 1 0.03
-1 -4 -4 -4 -3 -3  0 -5 -4  3  2 -4  0  0 -1 -1  2 -4 -2  3 0 1 0 0 0.04
-2  1 -4 -3 -5 -1 -3 -2 -1  0 -4  2 -4 -4  6  0  0 -5 -2 -3 0 1 0 1 0.06
-5 -6 -6 -7 -6 -6 -6 -7 -5 -2 -1 -6 -3  9 -4 -2 -4 -3  1  0 0 1 0 0 0.08
-4 -2 -5 -6 -4 -4 -5 -3 -5  1  5 -3  2  1 -5 -3 -2 -4 -3  0 0 0 1 0 0.09
 1 -3 -1 -2 -4  0  0  1  1 -4 -4 -1 -2 -4  5  2 -1 -5 -2 -1 0 0 1 1 0.13
-2 -3  0  2 -5  0  6 -4 -3 -5 -3 -2 -4 -3 -1  2 -1 -1 -4 -5 0 0 1 1 0.23
 1  0 -1 -1 -3  0 -1  0  4 -4 -4  2 -3 -3 -3  3  0 -4  0 -3 0 0 1 1 0.30
-1  0 -1  4 -6  4  5 -4 -3 -5 -5  0 -4 -6 -1 -2 -3 -5 -4 -3 0 0 1 1 0.43
-3 -4 -5 -4 -1 -3  0 -5 -5  4  3 -1 -1 -2 -3 -3 -3 -4 -3  2 0 0 1 1 0.49
-4 -5 -5 -5 -6 -4 -4 -5 -5 -6 -6 -4 -6 -7  9 -4 -4 -7 -6 -5 0 0 1 1 0.51
