 0 -3 -1 -2 -3 -2 -3  6 -3 -5 -4 -2 -3 -4 -3 -1 -2 -3 -4 -4 0 0 1 1 0.94
 2 -2  1 -1 -2 -1  2 -2 -2 -3 -3 -1 -2 -4  0  3  3 -4 -3 -2 0 0 1 1 0.91
 0  0 -2 -2 -3  0  0 -2 -3 -3 -3 -2 -3 -4  3  4  3 -5 -4 -2 0 0 1 1 0.89
 2 -1  0 -3 -3  0 -2 -2 -3 -1 -2  0  1 -4 -1  3  4 -4 -3 -2 0 0 1 1 0.84
-1 -2 -2 -3 -1 -2 -3 -4 -2  4  1 -1  5 -2 -2 -1  1 -2 -3  2 0 0 1 1 0.72
 0  1 -1 -2 -3  0  0 -2 -2  0 -1  2 -2 -1  1  1  2 -2  0  0 0 0 1 1 0.62
 0  0 -2 -2 -4  0  2 -4 -2 -3 -4 -1 -4 -5  5  2  1 -5 -4 -4 0 0 1 1 0.54
-2 -2 -1 -3 -3 -2 -2 -3  1  1  0  0  0  4  1 -1 -1 -2  3  0 0 0 1 1 0.56
-1  0  1  1 -3  0  1 -1  0  1 -2  1 -1 -3  2  0  0 -4 -1 -1 0 0 1 1 0.46
-3  1  1  3 -5  1  1  4  1 -5 -4  1 -4 -5 -2 -1 -3 -1 -3 -4 0 0 1 1 0.42
-1  1  1 -1 -5  0 -1 -1  2 -3 -4  5 -2 -5  4  0 -1 -4 -3 -4 0 0 1 1 0.31
 0  1  1 -1 -3  1  0 -2 -1 -2 -3  1 -2 -3  2  2  3 -3 -1 -2 0 0 1 1 0.18
 0 -6 -6 -6 -5 -4 -5 -6 -6  0 -1 -5  1 -2  7 -4 -2 -7 -4  2 0 0 1 0 0.11
-1  2  0 -1 -3  3  0 -4  0 -1 -3  3 -2 -1 -3  0  1 -2 -1  0 0 1 0 1 0.07
-2 -6 -5 -4 -3 -5 -6 -6 -5  6  2 -6 -1  1 -6 -5 -3 -3 -4  3 0 1 0 0 0.05
 2 -4 -2  3 -4 -2 -2  1  7 -5 -4 -3 -1 -4 -1  0 -3 -6 -2 -4 0 0 1 1 0.03
 0 -2 -1  0 -5  0  2 -3 -2 -5 -5  0 -5 -6  6  1 -2 -4 -5 -4 0 0 1 1 0.02
-1 -1  1  2 -3  0 -1  1 -3 -5 -4 -1 -3 -5 -3  3  4 -5 -5 -4 0 0 1 1 0.01
 5 -5 -2 -4  3 -4 -4 -3 -2 -2 -3 -4 -4 -5 -4  1  1 -6 -5  2 0 1 0 0 0.01
-3 -3 -4 -6 -2 -4 -3 -6 -2  2  0 -3  0  5 -6 -4  0  7  4  1 0 1 0 0 0.01
-4 -6 -7 -7 -5 -6 -6 -7 -7  6 -1 -6 -2 -3 -6 -5 -3 -6 -5  6 0 1 0 0 0.01
 5 -4 -4  2  5 -4 -2 -1  3 -5 -4 -4 -3 -3 -3  1 -3 -5 -3 -3 0 1 0 0 0.01
-2 -2 -3  2 -3  0  3 -3 -3 -4 -5 -1 -4 -6  6 -1 -2 -3 -5 -2 0 0 1 1 0.01
-1 -1  3  2 -4  0  1  1  0 -4 -3 -1 -2 -2 -3  2  2  0 -1 -4 0 0 1 1 0.01
 6 -5 -5 -5  2 -4 -4 -3 -5 -3 -4 -4 -4 -6 -4  1 -1 -6 -5  1 0 1 0 0 0.01
-1  0  0  0 -2  2  2 -3 -1  0 -1 -1 -1 -2 -3  0  3 -3  0  2 0 1 0 1 0.02
-3 -6 -6 -6 -3 -5 -6 -6 -6  5  4 -5 -1 -1 -6 -5 -4 -5 -4  4 0 1 0 0 0.02
 0 -1 -3 -1 -1  0 -1  0 -1  5 -1 -1  0 -2 -4 -1  0 -4 -2  1 0 1 0 1 0.02
-1 -6 -3 -1 -6 -3 -1  7 -6 -8 -8 -3 -7 -7 -4 -3 -4 -7 -7 -7 0 1 0 0 0.02
-2  0  3  6 -5  1  1 -2 -2 -5 -6  0 -4 -6 -1 -1  0 -7 -5 -5 0 1 0 1 0.02
-3 -7 -7 -7 -2 -6 -7 -7 -7  4 -2 -6 -3 -5 -7 -6 -3 -7 -5  7 0 1 0 0 0.02
-2  0 -2 -2 -3 -1  2 -4  0  1 -3  0 -3 -4 -4  1  4 -5 -2  1 0 1 0 1 0.02
-4 -6 -6 -7 -3 -6 -6 -7 -6  6  3 -6  2  0 -6 -5 -3 -5 -3  3 0 1 0 0 0.02
 0 -3 -3 -2 -4 -2  0  7  0 -7 -5 -1 -4 -6 -5 -1 -5 -4 -6 -6 0 0 1 0 0.03
 2 -1 -2  1 -3 -1  3 -2 -2 -4 -4  1 -4 -5  4  0 -1 -5 -5 -4 0 0 1 1 0.02
-3  0  3  3 -5 -1  1  4  1 -5 -5 -1 -4 -1 -4 -2 -3  0  2 -5 0 0 1 1 0.01
 2 -5 -2 -5  6 -4 -4 -4 -5 -3 -4 -4 -4 -5 -4  3  4 -6 -5  1 0 1 0 0 0.01
-2 -3 -2 -4 -1 -3 -4 -2 -3  2 -3 -4 -2 -4 -5  5  0 -1  0  3 0 1 0 0 0.01
-4 -6 -7 -7 -5 -6 -6 -7 -7  6  0 -6 -3 -2 -6 -6 -4 -6 -5  5 0 1 0 0 0.01
-3 -6 -5 -5 -7 -3 -3  2  7 -7 -4 -5 -2 -1 -7 -6 -6 11 -2 -7 0 1 0 0 0.01
-2 -6 -6 -3 -3 -5 -5 -4  0 -5 -5 -4 -4  5  7 -2 -5 -2  5 -5 0 0 1 0 0.01
-2  2  4 -1 -3 -1 -2  4  4 -5 -3  0 -2 -2 -4  0 -1 -5 -1 -5 0 0 1 0 0.01
 5 -5 -5 -6  4 -5 -5 -4 -6 -3 -4 -5 -4 -5 -5  0  1 -6 -5  4 0 1 0 0 0.01
-1  1 -4 -5 -1 -1 -2 -4 -2  0 -2  0 -1 -3 -5 -1  2 -5 -3  5 0 1 0 0 0.01
-2 -4 -6 -6 -4 -6 -6 -6 -6  6  3 -6  0 -1 -6 -5 -3 -5 -4  2 0 1 0 0 0.01
-3  7 -2 -1 -3 -2 -2  0 -3  1 -2 -1 -1 -3 -5 -3 -2 -1 -1 -1 0 1 0 0 0.01
 4 -5 -4 -3 -1 -3 -2  5 -5 -5 -5 -4 -5 -5 -4  1 -3 -5 -5 -3 0 1 0 0 0.01
-3 -3 -1  7 -6 -2  2  0 -3 -2 -3 -3 -4 -1 -4 -3 -1 -6 -2 -5 0 0 1 1 0.01
 0 -1  2  0  0 -1  0 -1  0  0  0  0  1  0 -3  0 -1  0 -1  2 0 0 1 1 0.01
 0 -4  3  1 -3 -2  2  5  2 -6 -6 -3 -4 -5 -5 -1 -3 -6 -5 -6 0 0 1 0 0.01
-2  2 -2 -3 -5 -1  0 -2  1 -4 -3  0 -4 -2  6  1 -1 -2  0 -3 0 0 1 0 0.01
-4 -6 -4 -6 -5 -6 -6 -7 -3  7 -1 -6 -1 -4 -6 -4  2 -6 -5  2 0 1 0 0 0.01
-2  3 -2 -3 -2 -1  0 -4  1  2 -2  0 -2 -2 -4  0  3 -5 -1  2 0 1 0 0 0.01
-5 -7 -7 -7 -5 -7 -7 -8 -7  8  0 -7  1 -1 -7 -6 -3 -6 -5  3 0 1 0 0 0.01
-3 -3 -5 -3 -3 -4 -3  7 -6 -8 -6 -4 -4 -7 -6 -3 -6 -7 -7 -7 0 1 0 0 0.01
 1  2  1  2 -2  0  4 -4 -1 -4 -4  2 -3 -5 -2  0 -1 -6 -4 -4 0 0 1 1 0.01
-3  4  4  0 -1 -1 -1  4  1 -6 -5 -1 -4 -2 -5 -2 -4 -5  0 -6 0 0 1 1 0.01
-1 -4  5 -4  6 -4 -4 -4 -4 -4 -5 -4 -4 -6 -5  3  4 -6 -5  0 0 0 1 0 0.01
-3  1  7 -3 -3 -2 -3 -4  0  3 -1 -2 -3 -3 -5  0 -1 -6 -3 -1 0 1 0 0 0.01
-5 -7 -7 -7 -5 -6 -7 -7 -7  7 -1 -6 -3  1 -7 -6 -4 -6 -5  4 0 1 0 0 0.01
-4 -3 -4 -3 -2  7  3 -1  1 -6 -5 -3 -2  1 -5 -2 -5 -5  2 -6 0 1 0 0 0.01
-5 -3 -3  6 -7  1  5 -4 -1 -7 -7 -3 -6 -7  0 -2 -3 -7 -4 -3 0 1 0 0 0.02
-2  1  4 -3 -1  1 -3  3  0 -4 -1  0  0  2 -4 -2 -2 -4  1 -4 0 1 0 0 0.02
 4 -5 -4 -5  5 -4 -4 -3 -5 -4 -5 -4 -4 -5 -5  3  2 -6 -5  2 0 1 0 0 0.02
-2 -3 -2 -4  2 -2 -3 -5 -2  2 -1 -1  2 -2 -4  0  3 -5 -2  5 0 1 0 0 0.02
-4 -5 -6 -6 -4 -5 -6 -6 -6  6  3 -5  0 -3 -5 -5 -4 -5 -4  3 0 1 0 0 0.02
-1  0 -2 -2 -1 -2 -1  3  6  1 -1 -2  1 -2 -2 -1 -1 -3 -2  1 0 1 0 0 0.03
 0 -2  4 -1  1  0  0  1  5 -1 -2 -1 -2 -2 -1 -1 -1 -3 -1  0 0 1 0 0 0.04
 1  2  0  0  0  0  0  0 -1 -1 -1  0  0 -1  0  0  0  1 -1  0 0 0 1 1 0.05
-1  0  0  1 -2  0 -1 -1  2  0 -1  0 -1  1  3  0  0 -2  1 -1 0 0 1 1 0.07
-1  0 -1  0 -2  2  0 -1 -1 -1 -2  0 -1 -2  5  0  0 -2 -1 -1 0 0 1 1 0.10
-1 -1  0  3  0  0  1  1  3 -2 -2  0 -2 -1  0  0  0 -2 -2 -1 0 0 1 1 0.11
-1  0  0  0  2  0  0 -1  2  0 -1  0  2  1  0 -1  0  4  1 -1 0 0 1 1 0.13
 0 -1  0  0  1  0  0  0  0  0  0  0  0  0  0  0  1  0 -1  0 0 0 1 1 0.16
 0  0  0  0 -1  0  0  0  4 -1 -1  0  0  0  0  1  0 -1  2 -1 0 0 1 1 0.18
 1  0 -1  1 -1  0 -1 -1  0 -2 -1  3 -2 -1  4 -1 -1  1 -1 -2 0 0 1 1 0.17
 0 -1  0  2 -2 -1  0  1 -1 -1 -1  0 -1 -1  0  1  0 -2 -1 -1 0 0 1 1 0.18
 0  0  0  0  0  0  0  0  3 -1 -1  1  0 -1  0  1  0 -2 -1 -1 0 0 1 1 0.16
-1 -2 -2  0  1 -2  1 -2  8 -3 -3 -2 -2 -1 -1 -1  0 -1  2 -1 0 0 1 1 0.14
 0 -2  1  1  2  0 -1  0 -1 -2 -2 -1 -1 -3  0  0  3 -4 -2  1 0 0 1 1 0.14
-1 -1 -1  4 -4 -2  0  2 -1 -2 -3 -2 -1 -3  2  1  0 -1  1 -1 0 0 1 1 0.12
 0 -1  0  1 -2  1  3  0  1 -2 -2  1  0 -2  2 -1  0 -4 -1 -1 0 0 1 1 0.08
-1 -1  0  1 -2 -1 -1  4 -2 -3 -3  0 -2 -3  2 -1  0 -5 -2 -1 0 0 1 1 0.04
 0 -1 -1 -1  1  0 -1  0  2  0 -1  1 -1  2 -1  0  1  1  3 -1 0 0 1 1 0.03
-1 -1 -1 -1  1 -1 -1 -1 -4 -1 -2 -1  0 -1  5  1  0  2  0  1 0 1 0 0 0.02
 0 -2 -2 -2  3  1 -2 -2 -2  1  1 -2  2  1 -2  0  1 -2 -1  1 0 1 0 0 0.01
-1  0 -1  0 -1 -1 -1 -3  0  3  0 -1  0 -1 -1 -1  2  0 -1  1 0 1 0 0 0.01
-4 -5 -6 -6 -4 -5 -5 -6 -5  6  3 -5  2  0 -5 -4 -1 -5 -3  2 0 1 0 0 0.01
-1 -1 -1 -1 -5 -1  1  6  0 -3 -6 -1 -5 -6 -4 -1 -4 -5 -5 -5 0 0 1 0 0.01
-1 -1  4  5 -3 -2  1 -3  1 -3 -5  0 -3 -5  1  0  0 -5 -3 -4 0 0 1 1 0.01
-3  0  5  3 -2 -1 -1  2  3 -5 -4 -2 -4 -3 -4  0 -3 -2  3 -5 0 0 1 0 0.01
 0 -4  5 -4  3 -4 -4 -3 -4 -2 -4 -4 -3 -5 -5 -1 -1 -6 -5  5 0 1 0 0 0.01
-2 -4 -3 -4 -2 -2 -3 -4  1  0  0 -3 -1 -3 -4  1  5  0 -4  3 0 1 0 0 0.01
-4 -6 -6 -6 -4 -5 -6 -6 -5  5 -1 -5 -1  5 -6 -4 -4 -4 -2  4 0 1 0 0 0.01
-2  2 -1 -3 -4 -1  3  5 -2 -5 -5 -2 -3 -5 -1 -2 -3 -5 -5 -5 0 1 0 0 0.01
-2 -3 -3 -4 -5 -3  0 -5  9  0 -2 -4 -4 -3 -1 -2  0 -6 -1  3 0 1 0 0 0.01
-1  0  3 -1 -1  1 -3  4  1 -4 -2  0  0 -2 -4  0 -3 -4 -3 -3 0 1 0 0 0.01
 4 -4 -4 -5  6 -4 -4 -3 -5 -3 -4 -3 -3 -5 -4  1  1 -5 -1  2 0 1 0 0 0.01
-1 -1 -3 -4 -2 -2 -2 -2  1  3 -1 -1  4 -2 -4 -2  3 -4  0  3 0 1 0 0 0.01
-1 -4 -4 -5  2 -3 -4 -3 -2  4  3 -4 -1 -1 -4  0 -2 -4 -1  3 0 1 0 0 0.01
-2 -1 -2 -2 -6  0  3 -2  9 -6 -4 -3 -5 -1 -2 -2 -3 -5  0 -3 0 1 0 0 0.01
 3 -3 -2 -2  0 -3 -2  5 -4 -2 -5 -3 -4 -5 -4  1 -2 -5 -5 -3 0 1 0 0 0.01
 2 -3 -4 -4  8 -3 -4 -1 -4 -2 -1 -1  0 -3 -1  0  2 -5 -4 -2 0 1 0 0 0.01
-2  2 -1 -2 -3  0  0 -3  4  0 -3  2 -2 -3 -3  0  4 -4  0 -1 0 1 0 1 0.01
-4 -6 -6 -6 -4 -5 -6 -6 -6  7  1 -5  0 -3 -5 -5 -2 -5 -4  4 0 1 0 0 0.01
-2 -1 -2 -2 -4 -2  1  6  2 -3 -6 -1 -4 -5 -2 -2 -4 -5 -2 -5 0 0 1 0 0.01
-1  0  2  6 -5 -2  1 -2 -1 -5 -6 -1 -5 -6 -3  2 -2 -6 -3 -5 0 0 1 0 0.01
 0  1  5  1 -2 -1  0  2  3 -5 -4 -1 -3  0 -4 -1 -2 -4  1 -4 0 0 1 0 0.01
 1 -4  5 -3  6 -3 -4 -2 -4 -2 -4 -4 -4 -5 -4  2  1 -6 -4  2 0 1 0 0 0.01
-2 -4 -5 -6 -2 -4 -5 -6 -3  1  4 -5  1  2 -5 -3  0  2 -2  3 0 1 0 0 0.01
-3 -6 -6 -6 -4 -6 -6 -4 -6  6  0 -6 -2  3 -6 -5 -2 -5 -3  4 0 1 0 0 0.01
-1 -4 -2  0 -6 -2  3  6 -4 -5 -3 -3  4 -4 -5 -2 -4 -6 -5 -5 0 1 0 0 0.01
 2 -4 -1 -5 -2 -3 -4 -4 -4  2 -2 -2  7 -3  0  1 -1 -5 -2  0 0 1 0 0 0.01
-2  1  2 -3 -3 -1 -3  4  2 -5 -3  2 -3 -4 -4  0 -2  1  2 -5 0 1 0 1 0.01
 5 -4 -4 -5  4 -4 -4 -3 -5 -4 -2 -4 -4 -5 -4  3 -1 -6 -5  0 0 1 0 0 0.01
-2  0 -2 -2 -2 -2 -3 -4  5  3 -2 -1 -1  1 -4 -2  3 -4  1  2 0 1 0 0 0.01
-2 -5 -6 -2 -2 -5 -5 -6 -6  5  1 -5 -2 -3 -5 -5 -3 -5 -4  5 0 1 0 0 0.01
 0 -3 -1 -3 -2 -3 -2  3 -1 -2  3 -4  4 -2 -4  0 -2 -4 -4 -2 0 1 0 0 0.01
-2  2  4  4 -3 -1  0 -2  5 -4 -4  0 -4 -5 -1  0 -1 -5 -3 -4 0 0 1 1 0.01
-3  0  3  3 -4 -1 -1  5  1 -5 -5 -1 -4 -5 -4 -2 -1 -2 -1 -4 0 0 1 1 0.01
 4 -4 -4 -5  6 -4 -4 -4 -5 -2 -3 -4 -2 -4 -4  1  1 -5 -4  3 0 1 0 0 0.01
-2  1 -2 -2 -2  0  2 -4  0  1 -2  2  1 -2 -4 -1  1 -4 -3  4 0 1 0 1 0.01
-4 -6 -6 -7 -2 -6 -6 -7 -6  6  2 -6 -1 -2 -6 -5 -4 -6 -4  4 0 1 0 0 0.01
-2 -4 -2 -4 -6 -2  1  6 -3 -6 -6 -2 -4 -6 -3  0  1 -6 -6 -6 0 0 1 0 0.01
 1  1  3  3 -3  0  2 -3 -1 -3 -3  1 -3 -4 -1  2 -1 -5 -4 -4 0 0 1 1 0.01
-2  0  4  1 -3 -1 -1  4  5 -5 -5 -2 -4 -2 -4 -2 -3 -2  1 -5 0 0 1 0 0.01
 2 -5 -3 -5  9 -4 -5 -3 -5 -1 -4 -4 -1 -5 -5  3  0 -5 -5  1 0 1 0 0 0.01
-2 -3 -4 -5 -2 -3 -3 -5 -4  5  2  0  3  0 -4 -2 -1 -4 -2  2 0 1 0 0 0.01
-4 -5 -6 -6 -4 -5 -5 -6 -6  6  1 -5  0  0 -5 -5 -3 -5 -4  5 0 1 0 0 0.01
 3 -3 -3 -3  3 -4 -4  5 -3 -4 -5 -3 -2 -4 -4  0 -2 -5 -3 -3 0 1 0 0 0.01
 6 -4  2 -3 -4 -3 -2 -2 -3 -3 -4 -2 -4 -5  1  0 -1 -5 -5 -2 0 0 1 0 0.01
-1 -2  3 -3  2 -1 -3  5 -1 -5 -2 -1 -1 -2 -4  0 -3 -5 -2 -4 0 0 1 0 0.01
 4 -4 -4 -4  7 -4 -3 -3 -4 -2 -4 -4 -4 -5 -4  3  1  0 -4  0 0 1 0 0 0.01
-1 -1 -1 -3 -1  0 -1 -3 -1  0  3 -1  1  0 -3 -1  0 -3 -2  2 0 1 0 1 0.01
-3 -5 -6 -6 -4 -5 -5 -6 -6  4  2 -5  0 -2 -5 -4 -3 -5 -4  6 0 1 0 0 0.01
 2  0 -1 -3 -4 -2 -2 -2 -1 -3 -1  0 -2 -4  4  0  4 -5 -3 -2 0 0 1 1 0.01
 1 -2 -1 -1 -5  2  4  2 -2 -5 -4 -1 -1 -4  3  0  0 -5 -3 -4 0 0 1 1 0.01
-3 -1  3  0  1 -1 -1  5  5 -5 -6 -1 -5 -3 -2 -2 -3 -5 -3 -5 0 0 1 1 0.01
-1 -1 -2 -1 -1  1  2 -3  0 -2 -3  3  1 -2 -3  0  3 -5 -3  1 0 0 1 1 0.01
-2  0 -2 -2 -3  0  3 -4  2  1 -2  1 -2 -4 -3 -2  1 -5 -3  3 0 1 0 1 0.01
-3 -6 -6 -6 -2 -5 -6 -6 -6  5  2 -5  0  2 -6 -4 -4 -5 -2  4 0 0 1 0 0.01
-2 -3 -4  0 -6 -3  3  0 -4 -6 -5 -2 -6 -7  7 -3 -4 -7 -6 -4 0 0 1 1 0.01
 0 -3 -1  6 -5 -2  2 -3 -3 -4 -6 -2 -5 -6  4  1 -3 -6 -5 -5 0 0 1 1 0.01
-3  2  4 -3 -1 -2 -2  3  3 -5 -5 -1 -4  0 -5 -2 -3  5  2 -5 0 0 1 0 0.01
 1 -3 -3 -3 -1 -1 -2 -3 -1 -2 -3 -1  1 -2 -4  4  4 -1 -1  1 0 1 0 0 0.01
-3 -4 -5 -6 -2 -4 -4 -6 -4  4  4 -5  2 -1 -5 -4 -3 -5 -3  4 0 1 0 0 0.01
 1 -5 -5 -5 -2 -5 -5 -5 -5  4  0 -5 -1 -2 -5 -4 -2  3  2  5 0 1 0 0 0.01
 1 -4 -4 -4 -3 -3 -3  1 -2  0  1 -3  3  2 -4 -1 -2  4  5  1 0 1 0 0 0.01
-2 -6 -4 -4 -6 -3 -5  7 -5 -7 -7 -5 -6 -6 -4 -3 -5 -6 -6 -5 0 0 1 0 0.01
 1 -1  1 -2 -1  0 -1  0 -2 -1 -1 -1  1 -2  1  2  0 -4 -2  1 0 0 1 1 0.02
-2 -1  1  0 -5  0 -1 -1 -3 -5 -4 -3 -5 -6  7  0  0 -6 -5 -4 0 0 1 1 0.02
 4 -2  1 -4  4 -1 -3  3 -3 -4 -4 -3 -3 -5  0 -1 -2 -5 -4 -1 0 0 1 0 0.03
-1  2 -2 -2 -4  2  0 -3 -1  0  0  4  1 -3 -3 -1 -2 -3 -3  0 0 0 1 1 0.05
-3  5 -2 -3 -4  2 -2 -4  4  0 -2  1 -1 -3 -3 -2 -1 -4 -1  0 0 1 0 0 0.08
-3  6 -3 -4 -5  3 -1 -4 -1 -1 -3  2 -3 -4 -4 -2 -3 -3 -4  0 0 1 0 1 0.12
-1  1 -1  0 -3 -1  2 -2 -2  1  0  1  0  1 -1 -1  0 -3 -2  2 0 1 0 1 0.13
 1  0  0  1  0  2  0 -1 -2 -1  0  0  0 -2 -1 -1  1  4 -2 -1 0 0 1 1 0.16
 0  0  0 -1 -2  0  0 -1 -1  1 -1  1 -1 -2  0  1  2 -3 -1  0 0 0 1 1 0.16
-2 -1 -1  3 -2  0  4  1 -3  0 -2 -2 -3 -4 -3 -1  1 -5 -4  0 0 0 1 1 0.16
-1  3 -1 -1 -4  0  1  0  2 -3 -3  3 -1 -4  2 -1 -1 -4 -3 -2 0 0 1 1 0.17
 0  0  0  0 -4  1  2  0  0  0 -2  0 -1 -3  5 -1 -1 -4 -3 -2 0 0 1 1 0.14
 1  2 -1 -1 -2  4  1 -1  1 -2 -1  2 -1 -1 -1 -1 -2 -3  0 -2 0 0 1 1 0.14
 1 -1 -2 -1 -2  0  0  0 -3  0 -1 -1 -1 -2  3  1  2 -2 -3  0 1 0 0 1 0.13
-1  1  0 -1 -4  5  2 -3  2 -2 -1  0  2 -3  0 -1 -2 -3 -1 -2 1 0 0 1 0.13
 0 -1 -2 -1 -1 -1  1 -1 -1  1  0  0  2 -2 -2  0  3 -2 -2  0 1 0 0 1 0.10
 0  1 -1 -1 -2  0 -1  1 -1  0  2  1  0  0 -2 -1 -1 -2 -2 -1 1 0 0 1 0.07
-2 -1 -1  1 -5  6  3  0  5 -5 -4 -1  0 -5 -2 -2 -2 -4 -3 -4 1 0 0 0 0.06
 0 -1 -3 -3 -2 -3 -3 -2 -4  3  3 -1  3 -2 -3 -3 -1 -3 -2  0 1 0 0 0 0.04
 0 -2 -1  4 -4  0  4 -2 -1 -4 -3  0 -2 -4 -3  1 -1 -5 -4 -2 1 0 0 1 0.03
-1 -1 -3 -4 -2 -3 -3 -1 -1  0  0 -3  1  5 -4 -1 -2  2  4  0 1 0 0 0 0.02
-4 -4 -4 -6 -4 -4 -5 -5 -5  1  6 -5  0  1 -6 -5 -2 -2 -1  0 1 0 0 0 0.01
-1  4 -2 -3 -2  2  0 -3  2 -2 -1  2  3 -4 -2  0  0 -4 -3 -1 1 0 0 0 0.01
-2  2 -2 -1 -5  1  2 -3 -1 -4 -3  5 -3 -4 -4 -2 -2 -4  2 -3 1 0 0 1 0.01
-1 -3  0  0 -2 -2 -3 -2 -3  3  1 -2  2 -3 -3  2  1 -2 -2  1 1 0 0 0 0.01
 3 -4 -3 -4 -2 -3 -4 -3 -4  3  3 -4  1 -2 -2 -2 -2 -4 -1  0 1 0 0 0 0.01
-1 -1 -1  1 -5  0  0  0 -1 -4 -4 -1 -4 -5  7 -2 -2 -6 -5 -5 1 0 0 1 0.01
-2  0  6 -2 -5 -1 -2 -2  3 -5 -4  2 -3 -2  0  1 -1 -5 -4 -5 0 0 1 1 0.02
-4 -6 -6 -7 -6 -5 -6 -7 -1 -5 -5 -6 -1  3 -7 -4 -5 -2 10 -4 1 0 0 0 0.02
-3  1  0 -3 -5 -1 -3 -4  8 -1 -2 -2 -2 -4 -5 -2 -2 -5 -1  3 0 0 1 0 0.03
-2  3  1 -1 -5  0  1 -3  6 -3 -3  1 -2 -2  1 -2 -2 -2  2 -4 0 0 1 1 0.06
-2 -2  0 -5 -3 -4 -4 -5 -4  1  5 -4  4  2 -5 -3 -1 -2  0  0 0 0 1 0 0.08
 1  3 -2 -2 -4  0 -2 -2 -3 -1 -2  4  2 -3 -3 -1 -2  2  0 -2 0 0 1 1 0.11
-2  2  1  1 -5  2  1 -1 -3 -5 -3  5 -3 -5 -1 -1 -3 -5 -4 -4 0 0 1 1 0.17
 1  1  0 -1 -3  1  0 -1 -2 -1 -1  1 -2 -3  3  1  2 -1 -2 -1 0 0 1 1 0.27
-1 -2  3 -3 -4 -2 -2 -3  6 -3 -2 -1  0  2 -3  0  0 -2  4 -1 0 0 1 1 0.37
 0  4 -2  0 -4  0  0 -3 -2 -3 -1  5 -1 -4 -3 -2 -2 -4 -2 -2 0 0 1 1 0.48
 3 -2 -1  1 -2 -1 -1  3  0 -2 -2 -1 -2 -2 -1  1  0 -4 -3 -1 0 0 1 1 0.62
 1 -1  0 -1 -3  0  3  0 -1 -3 -3  0 -3 -4 -1  2  1 -4 -3 -3 0 0 1 1 0.61
 1 -1  1 -2 -2  1 -1  2 -1 -1  0 -1 -1 -2 -1  2  0 -3 -1  1 0 0 1 1 0.69
 2  2 -1 -2 -2  0  0 -2 -1 -2 -1  1  0 -2 -2  2  3 -4 -2 -1 0 0 1 1 0.81
-3 -2  1 -2 -5 -2  2 -4 -3 -4 -4 -1 -4 -5  7 -2 -3 -5 -4 -2 0 0 1 1 0.84
 2 -3 -3 -3 -2 -3 -3 -3 -3  3  0 -3  0 -2 -1 -1 -1 -3  0  3 0 0 1 1 0.82
-1  3 -1  1 -3  2  1 -2 -1 -4 -3  3 -2 -3 -2  2 -1  3 -2 -3 0 0 1 1 0.85
-1 -1  6  1 -3 -1 -1 -1  0 -4 -4 -1 -3 -3 -2  2  0 -4 -3 -3 0 0 1 1 0.91
