-1  0 -1  1 -4  2  6 -3  0 -4 -3  0 -2 -4 -1  0 -1 -3 -2 -3 0 0 1 1 0.96
-2 -1  5  1 -3  1 -1 -2  5 -4 -4 -1 -3 -3 -3  0  2 -4 -2 -3 0 0 1 1 0.97
-1 -2  4 -1 -2 -1 -1 -2 -2  0 -2 -1 -2 -3 -2  3  4 -4 -3 -1 0 0 1 1 0.97
-2 -1  5  1 -3  0  1 -2  4 -3 -3  0 -2 -3 -3  0  1 -4 -2  0 0 0 1 1 0.97
-1 -2 -2 -3 -2  0 -1 -3 -3  2  2 -2  2  1 -3  0  0 -3 -1  2 0 0 1 1 0.96
 0 -2  0  2 -4  2  5 -1 -2 -4 -4 -1  0 -4 -3  1  1 -4 -3 -3 0 0 1 1 0.96
-1 -2  3  3 -4  0  1  3  1 -4 -4 -1 -3 -4 -1  0 -2 -4 -1 -4 0 0 1 1 0.97
-1  0 -1  1 -1  4  3 -1 -2 -4 -4  1 -3 -4 -1  2  0 -4 -3 -3 0 0 1 1 0.98
-2 -2  2  4 -4  0  2  0 -2 -2 -3  0 -3 -4 -1  1  1 -4 -4 -3 0 0 1 1 0.98
 0  1  2  1 -3  0  1  0 -2 -2 -3  0  0 -3  2  1  1 -4 -3  0 0 0 1 1 0.98
-2  1  2  0 -3  2  2 -3  0  1 -2  1  0 -2 -1 -1 -1 -4 -3  1 0 0 1 1 0.97
 1 -2  2  0 -2  1 -2 -1 -2  0 -1 -2  0 -3  1  2  1 -4 -3  0 0 0 1 1 0.97
 1 -3  0 -1 -2 -1 -1 -2 -1  0 -1 -2  0 -1 -1  0  4 -4 -3  1 0 0 1 1 0.96
 0 -1 -2 -1 -2 -1  0 -1 -1  2 -1 -1 -2 -2 -1  2  3 -4 -3  0 0 0 1 1 0.93
-2  1 -1  0 -4  1  3 -3  0 -2 -2 -2 -3 -2  0 -1  4 -4  0 -1 0 0 1 1 0.91
 0  1  0 -1 -3  4  0 -2 -2 -2 -3 -1 -1 -4  1  1  3 -4 -3 -1 1 0 0 1 0.89
 0  0  0  1 -4  4  2 -1 -2 -3 -3  2 -3 -4  0  0  1 -4 -1  0 0 1 0 1 0.89
-1  0  3  0 -4  2  3  0  2 -4 -4  0 -3 -5  1  0 -1 -5 -3 -3 0 1 0 1 0.90
 2 -2 -2 -4 -3 -2 -3 -3 -4  4  1 -3 -1 -1  0  0  1 -4 -3  1 0 1 0 0 0.85
 1 -1 -1 -3 -3 -3 -3  1 -3  0  0 -2  0 -3  1  1  4 -4 -3  1 0 1 0 0 0.78
-1 -2  4  0 -3  0  0  0  4 -2 -2 -1  1 -4 -1  1  3 -4 -3 -1 0 1 0 0 0.70
-1 -1 -3 -2 -3  0 -2 -4 -3  1  1 -3  0  5 -1 -2  1 -2 -1  1 0 1 0 0 0.68
-1 -1  0 -3 -3 -2 -1 -3  1  1 -1 -2 -2 -1 -1  2  2 -3  1  3 0 1 0 0 0.73
 1 -2  0  2 -3  3 -1 -1  0 -2 -3 -1  0 -4 -1  3  1 -4 -3 -1 0 0 1 1 0.73
 1 -2  0  2 -3  0  2 -1  2 -1 -3 -2  1 -2 -1  1  2 -3  1 -1 0 0 1 1 0.73
 0 -2  1 -1 -3  0 -2  4 -1 -4 -2 -2 -3 -4  0  1  1 -4 -4 -2 0 0 1 1 0.60
 0 -2  0  1 -1 -1  0 -3 -2  1  0 -2  2 -2  2  0  0 -3 -2  2 0 0 1 1 0.57
 2 -1 -2  1 -3  0  0  0 -2  0 -1 -1 -1 -2 -1 -1  2  5 -1  0 0 0 1 1 0.47
-1 -3 -2 -1 -4 -1  0  1  0  0 -1 -3 -1 -2  6 -2  1 -4 -3  1 0 0 1 1 0.55
 1 -1  1  0 -3 -1  0 -1 -3 -3 -1 -1 -2 -4 -3  2  4 -4 -3 -2 0 0 1 1 0.50
-1 -1 -1 -2 -2  0 -1 -3 -2  0  0 -1  2 -1 -1  0  3 -3  1  2 0 0 1 1 0.46
-1 -3  0  1 -1  2  0 -1 -3 -1 -2 -2 -1 -4  5  0  0 -4 -2 -1 0 0 1 1 0.48
 0 -2 -2 -1  0  0  0 -2 -2  2  1 -1 -1  1 -1  0  0  0  0  1 0 0 1 0 0.42
 1 -1 -1  0 -2  0 -1 -2 -1  0 -1  0  0 -1 -1  0  1  1  3  1 0 0 1 0 0.40
-2 -2 -2 -3 -4 -2  0  1 -4 -2 -1 -2 -1 -4  5  1  2 -5 -2 -2 0 0 1 1 0.34
-1  0  2  4  0  0  2  0  0 -3 -3  1 -3 -4  0  0  0 -4 -3 -1 0 0 1 1 0.33
-1 -2 -3 -2 -3  0 -2 -1 -3  1 -1 -2 -1  1  5 -1  1 -3 -1  1 0 0 1 1 0.29
 1  0 -1  0 -2 -1 -2 -1 -2  1 -1  0 -1 -1  1  1  2 -3 -1  1 0 0 1 0 0.28
 1 -1  3  1 -3  0  1 -1 -1 -3 -1 -1 -2 -3  0  2  1 -1 -2 -1 0 0 1 1 0.32
 1 -2 -1  0 -2 -2 -2  0 -3  1  1 -1  0 -2  1  0  1 -3 -1  2 0 0 1 0 0.30
 1 -2 -2  3 -3  0  0 -1 -3 -3 -3 -1 -2 -2  3  1  2 -4 -2 -1 0 0 1 1 0.27
 1  0  1  1 -2 -1  0  0 -1 -2 -1  0  0 -2  0  1  2  0  0 -1 0 0 1 1 0.24
 0 -1  2  2 -3  1  1 -1  0 -3 -3  0 -2 -3  2  1  0  0 -2 -2 0 0 1 1 0.33
 0  1 -1 -2 -2 -2 -1 -2  0 -1  0 -1  0  3 -1 -1  0 -1  4  0 1 0 0 0 0.26
 0 -1 -3 -3 -3 -1 -3 -3  3  0  2 -2  3 -1 -1 -1  0  3  2  1 1 0 0 0 0.26
 0 -2  0  3  3  1  2 -1  2 -3 -3 -1 -3 -4  0  2  0 -4 -3 -1 0 0 1 1 0.26
-1  1 -2  0  2  0 -1  0 -1 -2  0  1  3 -2  0  0  0 -3  0 -2 0 0 1 0 0.20
 2 -1  0 -1 -3 -1  1  1  0 -3 -2 -2 -1 -2  1  2  1  0 -3 -2 0 0 1 1 0.16
-1 -3 -1 -2 -1 -3 -1 -1 -2  0 -1 -3  0  1 -2  0  3  1  4  2 0 0 1 0 0.18
 0  1 -1  1 -2  0  0  0 -1  0 -1 -1 -1  0 -1  2  1 -3 -2  0 0 0 1 1 0.17
 1 -3  0  3 -1 -1  1 -1  0 -2 -2 -2 -1 -4  3  0  1 -4 -4 -1 0 0 1 1 0.16
 1 -3  1  4 -1  0  1  2 -3 -4 -3 -1 -3 -3  1  0  1 -1 -4 -3 0 0 1 1 0.17
 1  3 -2  0 -1  1  1 -1 -1 -1 -2  1  0 -3  0  0  1 -4 -3 -1 0 0 1 1 0.16
-1 -1  0 -1 -2  1  1 -1 -2  1  0  0  0  0 -1  0  1  0  0  1 0 0 1 1 0.13
-1 -2  0  0  0  2 -1 -3  6 -2 -3 -2 -3 -3  3 -1 -1  1  2 -2 0 0 1 0 0.10
-1 -1  0  1 -3 -1 -1 -3  0 -2 -2  0 -1 -4  0  3  4 -4 -3 -3 0 0 1 1 0.08
-1 -3  2 -1 -1 -2 -2 -3 -1  2  2 -2  0  1 -3 -2  0  4  1  1 0 0 1 0 0.06
 1 -2  0  0 -3 -1 -1  0 -3  1  0 -1  0 -3  3  0  0 -4 -3  1 1 0 0 1 0.05
-1  0  2  3 -3  1  2 -1 -2 -4 -3 -1 -3 -1  2  1  0  1 -1 -3 1 0 0 1 0.03
-2 -3  1 -2 -3 -1 -1 -3 -1  1  1 -2 -2  6 -3 -1 -2  1  1 -2 1 0 0 0 0.02
 0 -3 -3 -3  2 -2 -2 -2 -3  1  3 -2  2  1 -2 -1  0 -2  0  1 1 0 0 0 0.02
 0 -1 -1 -1 -3  2  2 -1  0 -2 -3  0 -3 -4 -2  3  1  1 -3 -1 0 0 1 1 0.01
-2  7 -1 -2 -5  0 -3 -3 -3 -3 -3  1 -3 -2 -2 -2 -2 -4 -4 -3 0 0 1 0 0.02
-2 -3 -1 -2 -4 -3 -1 -3  0 -2  0 -1  1  1  6 -2 -1  4  1 -2 0 0 1 0 0.01
-1 -1 -2 -2  1  1 -1 -1 -2  2 -1 -2  1  2 -2 -1  1 -1  2  2 0 1 0 0 0.01
-1  1 -1 -2 -2  1 -1 -2  2  0  1  0  0  2 -1 -1  0  1  1  1 0 1 0 0 0.01
-1 -3 -3 -3 -3 -2 -3 -4 -3  3  2 -2  2  2 -2 -2  0  1 -1  2 0 1 0 0 0.01
 1  1 -1  1 -3  0  0  0  1 -3 -3  2 -1  1  0  0  0 -3  0 -2 0 1 0 0 0.01
-1 -1  2  0 -3  0  1 -1 -2 -2 -1 -2 -3 -3 -2  3  3 -4  0 -2 0 1 0 1 0.01
 0 -1 -2 -1 -3 -2 -1  1 -1  1  0 -1 -1  5 -2 -1 -1 -2  0  0 0 1 0 0 0.01
 0 -2  1  0 -3  2  1 -2 -1 -2 -2  0 -2 -3  0  2  3 -4 -2 -1 0 1 0 1 0.01
-1 -6 -7 -7 -6 -6 -6 -6 -6  1 -4 -6 -5  0 -7 -6 -3 12  0 -2 0 1 0 0 0.01
 0 -2  2  0 -3  0  0 -1 -3 -2 -2  0 -3 -4 -2  2  4 -4 -3 -1 0 0 1 1 0.01
 0 -2  1 -1 -3 -1 -2 -2 -1 -1 -2 -1  0 -3  2  2  3  0 -3  1 0 0 1 1 0.01
 0  1  3  1 -4 -1 -2  1 -3 -4 -4 -2 -3 -3 -3  3  3 -5 -2 -3 0 0 1 1 0.01
-2 -2  0  3 -4  3 -1 -1  1 -3 -2 -1  0 -1 -2  1  1  0 -1 -1 0 0 1 1 0.01
 2 -2  0  1 -3  0  1  0 -1 -2 -3  0 -2 -2  3  0  1 -4 -1 -1 0 0 1 1 0.01
 1  2  0 -2 -3  1  0  0 -1 -1  0  0 -1  0  1 -1  0 -3  0  0 0 0 1 1 0.01
-1 -2  2  1 -4  1  0  4 -2 -4 -3 -2 -3 -1 -2 -1  1  1 -1 -4 0 0 1 1 0.01
 0 -1  0  1 -3  1  0 -2  3 -2 -3  1 -2 -3  1  1  2 -3 -2 -2 0 0 1 1 0.01
-1 -1  0 -1  1  1  0 -2  1  1  0 -1  0  0  0  0  0 -2  0  1 0 1 0 0 0.01
-2 -2 -3 -3 -3 -1 -3 -3 -3  3  3 -2  0  2 -2 -2 -2  2  1  1 0 1 0 0 0.01
 0  1 -2 -1 -3 -1 -1  0  1 -1 -1 -1 -1  3 -3 -1  1  5  2  0 0 1 0 0 0.01
 1  0  0  1 -1  2  0 -2  1 -2 -2  0 -1 -1 -2  2  1  2  2 -1 0 1 0 1 0.01
-2 -4 -4 -4 -1 -3 -3 -4 -1  2  2 -3  2  1 -1 -2 -2  5  2  2 0 1 0 0 0.01
-1 -1  2  2 -3  0  1 -1  1 -2 -2  1 -1 -4  3  1  0 -4 -2 -2 0 0 1 1 0.01
-3 -3 -5 -5 -2 -4 -5 -5 -5  2  5 -4 -1  2  0 -4 -1 -4 -2  1 0 0 1 0 0.01
-4 -5 -1 -4 -5 -4 -4 -2  0 -5 -5 -4 -5 -5  8 -1 -4  5 -5 -2 0 0 1 0 0.01
-1  0  1  2  0  1  1  1  2 -3 -3  0 -1 -1  1  1  0 -3 -2 -3 1 0 0 1 0.01
 2 -2  1  3  1 -2  0  0 -3 -2 -1 -2 -1 -4 -1  2 -1 -4 -3  0 1 0 0 0 0.01
-3 -3 -4 -4  1 -3 -3 -4 -3  3  3 -3  0  3 -2 -3 -1  0  1  1 1 0 0 0 0.02
-1 -2 -2 -3 -2  0 -2 -2 -2  2  2 -1  2  0 -3 -1  0  5  2  1 1 0 0 0 0.02
 0  0  3  2 -3  1  0  0  0 -3 -3  1 -2 -3  0  1  1 -4 -3 -2 0 0 1 1 0.02
-1 -1  5  1 -3  0  0 -1  1 -3 -1  0  1 -1 -2  1  0 -4 -2 -2 0 0 1 0 0.02
 0 -3 -1  0  0  0 -1  2 -3 -2 -3 -1 -2 -2  3  2  2 -4 -3 -2 0 0 1 0 0.02
-2  0 -1 -1 -3 -1 -2 -2 -2  0  0 -2  4  1  2 -1  0  1  2  1 0 0 1 0 0.01
-1 -2  0 -3 -3  0 -3 -1 -2  1  1  0  1  4 -4 -2  0  2  3  0 0 0 1 0 0.02
 1  0  0 -2 -2 -1 -1  2  0 -2 -1  0 -1 -2 -1  1  0  1  0  0 1 0 0 1 0.01
 1  0  0  2 -3  2  1  0  3 -2 -2 -1  0 -2 -2  1  0 -4 -2 -2 1 0 0 1 0.01
-1 -1  2 -2 -3  1 -2 -2  0  0  1  3  1 -1  1 -2  0 -4 -2  0 1 0 0 1 0.01
 0 -2 -3 -3  2 -2 -3 -3 -1  1  2 -3  3  1 -3  1  1  0 -1  1 1 0 0 0 0.01
 1  3  1  0 -4  3  1 -1  0 -3 -3  2 -2 -3 -2  1 -2 -4 -3 -3 1 0 0 1 0.01
-1  2  3 -3 -3 -1 -3  0  0 -2 -1 -1  4  2 -2 -1  0 -2  3 -2 1 0 0 0 0.01
-1 -4 -2 -5 -4 -4 -4 -5  5 -1 -2 -4 -3  6 -5 -4 -2  1  5 -3 0 1 0 0 0.01
 2 -1  0 -2 -3  1 -1 -1  1 -2 -2 -1 -1  2 -3  1  1 -2  2 -1 0 1 0 0 0.01
-1 -2 -1 -4  2  2 -3  2 -1 -2  1 -3  0  1 -4 -1 -1  0  5 -2 0 1 0 0 0.01
-2 -4 -5 -5  1 -4 -5 -3 -3 -1  1 -4  3  3 -5 -3 -3  9  4  0 0 1 0 0 0.01
-1  6 -1 -2 -5 -1 -2  0 -1 -5 -4  2 -3 -5 -4  1 -2 -5 -4 -3 0 1 0 0 0.01
 2 -4  1 -3  6 -3 -3  4 -3 -4 -4 -3 -2  1 -2  0 -1 -4 -2 -3 0 1 0 0 0.01
-1 -2  1  4 -1 -2 -1  4 -3 -4 -5 -2 -4 -3 -3  2  1 -5 -4 -4 0 0 1 1 0.01
-1 -4 -4 -5 -1 -4 -4 -4 -3  2  2 -4  4  4 -4 -3 -2  6  1  1 0 1 0 0 0.01
-1  1  0  1  2  1  3 -3  3 -1 -2  0 -1 -3 -3 -1  0 -4 -2  1 0 1 0 0 0.01
-1 -4 -5 -5 -1 -4 -4 -5 -4  3  1 -4  1  4 -4 -3 -2 -2  1  3 0 1 0 0 0.01
-2  4  0 -2 -2  3  0 -3  3 -3 -2  2 -2 -4 -3  0  2 -4 -1 -3 0 1 0 0 0.01
-3 -4 -5 -5  2 -4 -5 -5 -4  3  2 -4  0  4 -5 -4 -2 -3 -2  4 0 1 0 0 0.01
-1 -1 -2 -3 -3  4  0 -3  0  0  1 -1  0 -1 -3  0  1 -3 -1  2 0 1 0 0 0.01
 0 -4 -4 -5  2 -4 -4 -3 -4  3  1 -4 -1  3 -4 -3  0 -3 -1  4 0 1 0 0 0.01
 0 -2  6 -2  0  0 -2 -3 -2 -1 -3 -2 -3 -4 -2  1  3 -5 -4  1 0 1 0 0 0.01
 2 -3 -2 -3  1 -3 -3  5 -4 -4 -4 -1 -3 -4  0  1 -1 -4 -4 -1 0 0 1 0 0.01
-2 -3  5  0 -4  1 -2 -2 -1 -1 -4 -2 -3 -4  0  3  3 -5 -4 -2 0 0 1 0 0.01
 1 -1 -2  0 -3  3 -1  1 -1 -2 -3  1  0 -1  4  0 -2 -4 -3 -2 0 0 1 1 0.01
-2 -4 -4 -4 -4  0 -4  1 -3 -1 -1 -4  4  6 -4 -2 -2 -2  1  0 0 0 1 0 0.01
-1 -2 -1 -3 -2  4 -2 -3  6 -2 -2 -2 -1  1 -3  0  0 -3  2 -1 0 0 1 0 0.01
 3 -1  0 -2  1  3 -1  1 -2 -3 -3 -1  0 -2 -2  1  1 -3  2 -1 0 0 1 0 0.01
-2 -5 -3 -1  3 -4 -4  7 -4 -5 -5 -4 -5 -5 -4 -3 -4 -5 -5 -5 0 0 1 0 0.01
 0  4 -2 -3  3  0  0 -2 -2 -3 -1  2 -1 -4 -3  0  1  0 -2 -2 0 1 0 0 0.01
 0 -4 -4 -5 -3 -4 -4 -4 -4  2  4 -4  1  1 -4 -1 -1 -1  0  1 0 1 0 0 0.01
-1 -2 -4 -4  1 -1 -2 -3 -3  3  3 -2  3  0 -4 -3 -2  1  1  2 0 1 0 0 0.01
 1 -3 -4 -4  2 -3 -4 -3 -4  2  2 -3  4 -1 -4 -3 -2 -4 -3  3 0 1 0 0 0.01
 3 -3 -3 -3  1  0 -2  1 -2 -2 -2 -2 -2  1 -3  1  0  1  0  1 0 1 0 0 0.01
 1 -3 -1 -4 -2 -3 -3 -3  0  0 -1 -3  1  3 -3 -1 -2  6  5  0 0 1 0 0 0.01
-1 -2 -1 -2  0 -1  0 -3 -2  2  1 -1  1  0 -2  0  2 -2  1  2 0 0 1 0 0.01
-2 -3 -2 -4 -5 -4 -4 -4 -4 -5 -5 -1  0 -5  8 -3 -3 -5 -1 -4 0 0 1 0 0.02
-1 -2 -1 -1  0 -1  1  1 -1 -1  0  0  0  1  2 -1 -1 -1  3  0 0 0 1 0 0.02
 1  1 -1  1  0 -1 -1  1  0 -2 -2 -1 -1 -2  3  0  0  2  0 -1 0 0 1 1 0.04
 0  0  0  2  0  1  0  0 -1 -1 -2  0 -2  0  0  0  1 -2  0  0 0 0 1 1 0.05
 0  0  0  1  0  0  0  0  1 -1  0  0 -1  0 -1  0  0  0  2  0 0 0 1 1 0.07
 1 -1  1  0  0  1  0 -1 -1  0  0  0  0 -1 -1  0  0 -2 -1  1 0 0 1 0 0.10
-1 -3 -1  0 -3  1 -1  1 -2 -3 -1 -1 -3 -1  5  1  0 -4 -3 -2 0 0 1 1 0.15
 0  0  2  0  0  0 -1  0  0 -2 -2  1 -1 -3  3  1  2 -3 -2 -2 0 0 1 1 0.13
 1  3  1 -1 -3  0  0  1 -2 -1 -1 -1 -2  1  0  0 -1 -2 -1 -2 0 0 1 1 0.13
 0  1  1  0 -2  0  0 -1 -2  0 -1  0 -1  1 -1  0  2 -2 -1  1 0 0 1 1 0.15
 0  1  1  0 -2  1  0 -1  2 -2 -2  0 -1 -1  1  1  1 -2  0 -1 0 0 1 1 0.13
-1  0  0  1 -2  1  1 -1 -1 -1 -1 -1  1  1  1 -1  0 -2  0  0 0 0 1 0 0.16
 0  0  0  1 -2 -1 -1  0 -1  0  0 -1  0  0  2  0  0 -2  1  0 0 0 1 0 0.14
 0  0  2  1 -2  0  0  0  1 -1 -2  1 -1 -2  0  1  1 -2  0 -1 0 0 1 1 0.15
 0  0  1  0 -2  1  0 -1 -1 -1  0 -1  0  1 -1  0  1 -2  1  0 0 0 1 1 0.12
 0  0  1  2 -3 -1  0 -1  1 -2 -3 -1 -2 -3  0  2  3  1 -2 -2 0 0 1 1 0.10
-1  0 -2 -1 -2 -2 -2 -3 -1  2  1 -1  2  2  1 -2  0  1  1  1 0 1 0 0 0.09
 1  0 -1  0 -2  2  1  0  0 -1 -2 -1  0 -2  0  1  0 -1  0  0 0 0 1 0 0.07
 0  2  2 -1 -3  4  0  1 -2 -3 -3 -1 -1 -4  0  2 -1 -3 -3 -2 0 1 0 0 0.07
 2 -1 -3 -3 -2  0 -2 -3 -2  1  2 -2  1  1 -1  0  0  1  0  1 0 1 0 0 0.05
-2 -3 -1 -1 -3 -2 -2 -1  2 -1  1 -3  4 -2 -3  2  5 -4 -3 -2 0 0 1 0 0.04
-1 -2  2 -2 -3  4 -2  1  0  0  0 -2 -1 -3 -3  1 -1  0  0  0 0 0 1 1 0.03
-2  0 -2 -4  2 -1 -3  0 -2 -1  2 -1  2  4 -4 -2 -2 -2  4 -2 0 0 1 0 0.02
-4 -5  0 -1 -2 -2 -2 -5  2 -6 -6 -3 -5 -6  8 -4  0 -6 -1 -5 0 0 1 0 0.02
-5 -2 -3 -5 -6 -3 -4  1  9 -6 -6  0 -5 -2 -6 -1 -3 -5  4 -6 0 1 0 0 0.02
 1 -1 -4 -3 -2  3 -2 -2 -4  1 -1 -1  1 -2 -4 -2  0 -4 -1  4 0 1 0 0 0.02
-3 -3 -4 -1 -3 -1 -1 -5 -4  4  2 -1  2  2 -4 -3  0  4 -1  0 0 1 0 0 0.02
-2 -5 -6 -6 -1 -5 -5 -6 -5  5  3 -5  3  0 -5 -5 -3  5  2  1 0 1 0 0 0.02
-5 -1  5  6 -6 -1  0 -4 -2 -6 -3 -3 -5 -3 -2 -1 -4 -6 -2 -6 0 1 0 0 0.01
 2 -4 -4 -5  1 -4 -4 -4 -4  2  3 -4  2  1  2 -3  0 -4 -3  1 0 0 1 0 0.01
 0  4  0 -2 -1  0 -2  2  0 -5 -4  0 -4 -4 -4  2  1 -4  0 -4 0 0 1 1 0.01
-1 -2  1  1 -3  0  2 -1 -3  0 -1  0 -2 -4 -3  0  4 -4 -3  0 0 0 1 1 0.01
-1 -3  4  2 -1  0 -1 -1 -1 -4 -1 -2  0 -4  0  3  2 -5 -4 -3 0 0 1 1 0.01
-2 -2  5  2 -4  0  1 -3 -3 -4 -5 -2 -1 -5 -4  3  3 -5 -4 -3 0 0 1 1 0.01
-1 -3 -2  0  0  1  3  1 -3 -2 -2 -2 -3 -5  3  3  1 -5 -4 -2 0 1 0 1 0.01
 4 -4 -4 -5  1 -4 -4  1 -4  1 -2 -4 -2 -3 -4 -2 -1 -1  0  4 0 1 0 0 0.01
-2  0  0  3 -2 -1  2 -4  1 -1 -2  1 -3 -3 -3  0  4 -5 -4 -1 0 1 0 1 0.01
-4 -5 -6 -6 -4 -5 -6 -6 -5  3  4 -5  5  3 -6 -5 -4 -4 -1  0 0 1 0 0 0.01
-2  1  0 -2  1 -1  1 -4 -2  1 -1  0  0 -3  0  1  2 -4 -1  2 0 1 0 1 0.01
-3 -5 -6 -6  0 -5 -5 -6 -6  5  2 -5  1 -3 -5 -5 -3 -5 -1  4 0 1 0 0 0.01
-4 -3 -5 -2 -7 -5  0 -6 -6 -7 -7 -1 -6 -7  8 -4 -5 -7 -7 -6 0 1 0 0 0.01
-5 -5 -3  2 -6 -5 -5 -6 -3 -4 -4 -5 -2  6 -6 -5 -5  2  8 -3 0 1 0 0 0.01
-1  0 -4 -5  0 -4 -3 -5 -4  3  0 -4  3 -2 -2 -3  0 -4 -2  4 0 1 0 0 0.01
 0  2  3 -3 -4 -2 -3  0 -1 -3 -2 -2 -3  0 -4  4 -2  0  2 -4 0 0 1 0 0.01
 0 -3  2 -1  1 -3 -2 -3 -1  0 -3 -3 -3  0  6 -1  0 -4 -1 -2 0 0 1 0 0.01
 0  1  0 -2 -2  1 -1 -3  3  0 -2  0 -2  1 -3  0  2 -3  2  1 0 0 1 1 0.01
-1 -3  3  2 -4  0  0 -2  0 -2 -1  0  1 -3  4  1 -2 -5 -4 -3 0 0 1 1 0.01
 2 -1 -2 -4 -1  0 -3 -3  0 -3 -2 -3 -1  4 -2 -1 -1  3  6 -1 0 0 1 0 0.01
-1  0 -2 -3 -3 -2 -2 -3  4 -1 -1 -3  3  1 -3  0 -1  3  5  1 0 1 0 0 0.01
-2  2  3  4  2  1  0 -2  0 -3 -4  0 -3 -4  1  1 -1 -4 -3 -4 0 0 1 1 0.01
 0 -2 -2 -3 -1  0 -2 -3 -1  1  2 -2  1  0  1  0  2  4  0  0 0 0 1 0 0.01
 0  0 -1  0  1 -1 -2 -2  1  1  0 -1 -1  0  0  1  3 -3 -1  1 0 0 1 1 0.01
-1 -2  1  2 -3  0 -1  0 -1  0 -1  0 -2 -1 -2  1  3 -3  0 -1 0 0 1 1 0.01
 0  0  1  1 -1  0  0  3  0 -2 -2  0 -2 -3  0  1  0 -3 -1 -2 0 0 1 1 0.01
-1  0  3  1 -4  1  1  0  4 -2 -2 -2 -3 -1 -2  1  1 -4 -2 -2 0 0 1 1 0.01
 0 -2  0  1  0 -1  1  0  2 -2 -2 -1 -3  1 -1  2  0 -2  3 -2 0 0 1 1 0.01
-1 -1  3  3 -4 -1 -2  0  1 -4 -4 -1 -4 -2  3  2 -1 -2 -4 -3 0 0 1 1 0.01
-4 -3 -3 -3 -2 -3 -4 -3 -4  0  2 -4  4  3 -2 -3  1  8 -1  0 0 0 1 0 0.01
 1 -3 -1 -2  1 -3 -3  5 -3 -3 -3 -3 -1 -2 -3  0 -1  3 -3  0 0 0 1 0 0.01
-1  2 -1 -3 -4  0 -1 -2 -3 -2 -2 -1 -1 -1 -4  1  4  2  2 -2 0 1 0 0 0.01
-4 -5 -6 -6 -4 -5 -5 -6 -2  3  5 -5 -1  3 -5 -5 -4 -4 -1  3 0 1 0 0 0.01
 0  0 -1 -1  2 -1 -1 -1 -1  0 -1 -1  0  1 -3  0  1 -3  2  2 0 1 0 0 0.01
-1 -5 -5 -5  2 -5 -5 -3 -5  5  2 -5 -1  0 -3 -3 -3 -5 -3  4 0 1 0 0 0.01
-1  2 -3 -4  1 -1 -2 -2  2  0 -1 -1  3  1 -2  0 -2  7  1  0 0 1 0 0 0.01
-2 -5 -5 -1  3  1 -4 -4 -5  0 -1 -3 -1 -2  2 -2 -1 -5 -3  5 0 1 0 0 0.01
-2 -4 -5 -6 -4 -3 -5 -5 -2  2  3 -4  2  2 -2 -4 -3  4  5  2 0 1 0 0 0.01
 1 -3  3 -2 -4  1 -2 -1 -3 -2 -3 -3 -3 -2 -4  3  3 -5 -2  0 0 0 1 0 0.01
 0 -1  1 -2 -5  0 -1 -5 -4 -4 -5  0 -5 -6  7 -2 -2 -6 -5 -1 0 0 1 1 0.01
-4 -5 -6 -6 -4 -5 -6 -6 -5  0  6 -5  2 -1 -6 -5 -4 -4  0  0 0 0 1 0 0.01
 0  2  1 -1 -1  1  0 -2 -1  0 -1  0  0 -3 -2  1  2 -4 -3  0 0 0 1 1 0.02
 0 -3  2 -1  1 -2 -2 -1  3  0 -1 -2 -1 -1 -2  1  1 -3  3  1 0 0 1 0 0.03
 2 -4 -1 -2 -4 -1 -3  1 -4 -1 -2 -2 -2 -4  6  1 -1 -5 -4 -2 0 0 1 1 0.05
 1 -2  2  0 -3 -1  0 -1 -1 -3 -2 -1 -2  0  2  2  3 -3 -2 -1 0 0 1 1 0.07
 1 -3  0 -1 -3 -2 -1  4 -3 -4 -2 -3 -2 -4 -2  2  2 -4 -4 -1 0 0 1 1 0.09
 2 -3 -2 -1 -1  0 -1  2 -3 -2 -3 -3 -3 -2 -1  2  3 -4 -3  0 0 0 1 1 0.07
 0 -3  0  0 -4 -1 -2 -2 -4 -3 -4 -3 -4 -5  4  3  4 -5 -1 -3 0 0 1 1 0.05
 1 -3  1  1 -3  2 -1  1 -3 -2 -4 -1 -3 -4  3  1  2 -4 -2 -2 0 0 1 1 0.04
 0 -2  1  0 -3  2  0 -2 -2 -1 -2 -1 -2 -1  2  2  1 -4 -1  0 0 0 1 1 0.03
 1 -5 -5 -3  2 -4 -4 -5 -5  3  1 -4  1 -1 -3 -2 -1 -5 -3  5 0 1 0 0 0.02
-2 -1  1  4 -1  1  0 -2 -2 -3 -3 -1 -3 -3  2  2  2 -5 -4 -2 0 1 0 0 0.02
-2 -5 -5 -5  0 -4 -5 -4 -4  4  1 -4  1  2 -5 -3 -3 -4  2  4 0 1 0 0 0.01
-2  0  2 -2 -4  0 -2 -4 -4 -1  0 -3 -3 -4 -4  2  5 -1 -4  0 0 1 0 0 0.01
-1 -5 -5 -6  1 -5 -5 -6 -5  4  1 -5  1 -2 -3 -4 -2 -5 -1  5 0 1 0 0 0.01
-2 -1 -5 -5 -5  0 -2 -5 -1 -2  0 -4  1  5 -5 -2 -3  7  5  0 0 1 0 0 0.01
 3 -3 -3 -4  1 -2 -3  1 -4  1 -1 -1  2 -2 -3  1  0 -4 -2  3 0 1 0 0 0.01
 0  3  1 -3 -2 -1 -1 -1  2 -4 -4  1 -3  2 -4  2 -1  6  1 -4 0 1 0 0 0.01
 2 -4 -4 -5 -4 -4 -4 -1 -4  0  2 -4  3  5 -1 -3 -3 -3  0  0 0 1 0 0 0.01
-2 -1  0  2 -1 -1  3 -3 -2 -3  0  1 -1 -4  0  1  0 -4 -3 -1 0 1 0 1 0.01
-3 -2  5  5 -5  0  0  0  1 -5 -5 -1 -4 -2 -4 -2 -3 -5 -4 -5 0 0 1 1 0.02
 0 -3 -2 -4 -1 -3 -3 -2 -3  2  2 -3 -1  2 -1  0 -1 -3  2  3 0 0 1 0 0.02
-1  2 -2  2 -1  0  3 -3 -1 -2 -2  2 -1 -1 -1 -1  1 -4 -3  1 0 1 0 1 0.02
-2 -4 -3 -5 -4 -2 -5 -5 -4  1  4 -4  1  5 -5 -4 -1 -3 -2  2 0 1 0 0 0.03
 0  2 -1 -2 -3  2 -1  1  2 -3 -2  1 -1 -2 -3  0  1  1  1 -1 0 1 0 1 0.04
 1 -3  1 -3  3 -2 -2  3 -3  1  0 -2  2  0 -4 -2 -2 -3  1  0 0 0 1 0 0.04
-4 -5 -3 -5 -6 -2 -4 -5 -5 -3 -3 -4  2 -6  8 -3 -3  1 -5 -5 0 0 1 0 0.06
-1  3 -2 -3 -3 -1 -2 -3  0  0 -2 -2 -3 -4  0  2  5 -4 -3 -1 0 0 1 0 0.09
 2 -2  0  1 -2  1 -1  1  0 -2 -2 -1 -2 -2  0  2  1 -3  1 -1 0 0 1 0 0.15
 1 -1  0 -2  0  1 -1  1 -2 -1 -1  1  1 -1  2  1  0 -3 -2 -1 0 0 1 0 0.18
 0 -1  3  0 -3  1  0  0  0 -2 -2 -1  0 -3  3  1  1 -3 -1 -1 0 0 1 1 0.29
-2 -3 -3 -2 -3 -3 -3 -4 -3  4  1 -2  2  0  3 -1  0 -1  0  2 0 1 0 0 0.41
-1 -3 -2 -1 -3  0 -2 -2 -2  1  0 -2 -1  3 -1 -1 -1  0  2  2 0 1 0 0 0.41
 2 -2  0 -1 -3  1  0 -2 -2 -1 -2 -1 -2 -3 -3  2  4 -4  0  0 0 1 0 1 0.49
 2 -1 -1  0 -3  1 -1  2 -2 -2 -1 -2  0  0  1  1 -1 -2  2 -1 0 0 1 0 0.60
-1  1  2 -2  0  4  0  2 -2 -4 -2  0 -2 -2 -3  1  0 -3  1 -3 0 0 1 1 0.68
-1  1  0  0 -3  3  0  1 -2 -3 -2  2 -2 -3  1  1  0 -3 -1 -1 0 0 1 1 0.65
 1 -1 -1  1 -4 -2  0  2 -1 -2 -2 -2 -3 -4  5 -1 -2  0 -1 -2 1 0 0 1 0.77
-1  0  1  1 -3  3  2 -2  1 -3 -2  0 -2 -1  0  0  0  2  1 -2 1 0 0 1 0.83
 0 -1  0 -1 -2  1  1 -2  1  1  0  0  1 -1  0  0  0 -2  0  0 0 0 1 0 0.84
 0  1  1  0 -3  1  1  0  0 -3 -2  3 -2 -3 -1  1  0 -4 -3 -1 0 0 1 1 0.92
 0  1 -1 -1 -3  0 -2  4 -2 -4 -4  0 -3 -1 -1  3  0 -3  0 -3 0 0 1 1 0.95
-1 -2  0  0 -3  1  1  1 -2  0 -1 -1 -1  0 -2 -1  2 -3 -2  1 0 0 1 0 0.96
 0 -1  0  3 -3  0 -1 -1 -2 -1 -2  0  0 -1  0  1  2 -4 -2  1 0 0 1 1 0.94
 0  3  1  0 -3  2  3  0 -1 -2 -2  1 -2 -3 -2  1 -1 -4 -3  0 0 0 1 1 0.95
 1  2  0  1  2 -1  0 -2 -1 -2 -1  2  0 -2 -2 -1  0 -3  1  0 0 0 1 1 0.95
-1 -2 -1  4 -3  0  3 -3 -2 -2 -2  0 -2 -3  0  0  2 -3  0 -2 0 0 1 1 0.95
 1  1 -1  0 -2 -1  1  0 -2  0 -2  3  0 -3 -2  0  2 -3 -3  0 1 0 0 1 0.97
 3 -2  0  0 -2 -1  1  2 -2 -3 -3 -1 -2 -3 -2  2  0 -4 -3 -2 1 0 0 0 0.95
 0  0  0 -1 -3  2  2 -1 -1 -2 -2  2  2  0 -2  0  2 -3 -2 -2 1 0 0 1 0.95
 0  2 -1  0 -2 -1  0 -3 -2 -2 -1  2 -1 -3 -2  0  4 -3 -2  0 1 0 0 1 0.95
 2 -1  0  0 -2  1 -1  1 -2 -2 -1  0  1 -2 -2  1  1 -3 -2 -1 1 0 0 1 0.94
-2 -1  4 -1 -4  3  0 -1  4 -3 -3  1 -2  1 -3 -1 -2 -2  3 -3 1 0 0 1 0.94
 4 -2  1 -2 -1 -2 -2  1 -2 -2 -2 -1 -2 -3 -2  0 -1 -3 -2  0 0 0 1 1 0.95
 4 -1 -1 -2 -1 -1 -1  0 -2 -2 -2 -1 -1 -3 -1  3  0 -3 -2 -1 0 0 1 1 0.95
