 0 -2  0 -1 -2 -2 -2  5 -2 -4 -4 -2 -3 -3 -2  0 -2 -2 -3 -3 0 0 1 1 0.39
-1 -2 -2 -1 -3 -1 -1 -2 -2 -3 -3 -1 -2 -4  7 -1 -1 -4 -3 -2 0 0 1 1 0.17
-4 -5 -5 -6 -4 -5 -5 -5 -3 -2 -1 -5 -2  8 -6 -4 -4 -1  1 -3 0 0 1 1 0.11
 3 -1  0  0 -2  1  0  0  1 -3 -2  0 -2 -3 -2  2  1 -3  0 -2 0 0 1 1 0.08
 2  0 -2 -1 -4  0  6 -2 -2 -4 -3 -1 -3  0 -3 -1 -2 -3  0 -2 1 0 0 1 0.05
-1 -3 -2 -3 -2 -3 -3 -3 -4  1 -1 -3 -1 -3 -3  1  4 -4 -3  4 1 0 0 1 0.05
-1 -1  2  0 -3  4  0 -2 -2 -3 -1 -1 -2 -3 -2  2  3 -4 -3 -2 1 0 0 0 0.05
 0  0  2  5 -4 -1  0  1  1 -3 -2  0 -1 -4 -3 -1 -1 -4 -3 -3 0 0 1 1 0.06
-1 -4 -4 -4 -2 -3 -4 -4 -4  6  1 -3  4 -2 -4 -3  1 -4 -3  1 1 0 0 0 0.04
-2 -3 -4 -4 -3 -3 -3 -4 -4  0  5 -1  1  0 -4 -3  2 -3 -2  0 1 0 0 1 0.03
-1  1  2  0  1  2  0 -2  4 -3 -3  2 -2 -3 -2  2  1 -4 -2 -3 1 0 0 1 0.03
-2  6 -1  1 -4  1 -1 -3 -2 -3 -3  3  2 -4 -3 -2 -1 -4 -3 -3 0 1 0 1 0.02
-1  1  0 -1 -3  1  0 -2 -2  2 -1  3  0 -2  0 -1  0 -3 -2  1 0 1 0 0 0.01
 1 -2 -3 -4 -2 -3 -3 -4 -4  3  0 -3  1 -2  3 -2  0 -4 -2  4 0 1 0 1 0.01
 0 -4 -4 -4 -2 -3 -4 -4 -4  4  1 -3  0 -1 -4 -3 -1 -4 -2  4 0 1 0 0 0.01
-3 -2  1  3 -5 -1 -1 -4  9 -5 -3 -2 -3 -3 -4 -2 -3 -4  2 -5 0 1 0 0 0.01
-2 -3 -4 -4 -2 -3 -3 -5 -4  4  1  0  0 -2 -4 -3 -2 -4 -2  5 0 1 0 0 0.01
-4 -4 -5 -5 -4 -5 -5 -5 -2 -2 -1 -5 -2  8 -5 -4 -4 -1  4 -3 0 1 0 0 0.01
-1 -2  2 -1  4 -2 -2 -2  3 -3 -3 -2 -2  1 -3  4 -1  4  1 -1 0 1 0 0 0.01
 0 -3 -4 -4 -2 -3 -3 -4 -4  2  3 -3  0 -1 -3 -2  0 -3 -2  3 0 0 1 1 0.01
-1 -2  3 -1  2  3 -1 -2  3 -3 -3 -1 -2 -4  3  2 -1 -4 -2  0 0 0 1 1 0.01
-2  3  0 -1 -4  5  1 -1  1 -3 -3  2 -2 -4 -2  0  2 -4 -3 -3 0 0 1 1 0.01
 4 -3 -3 -3  4 -2 -2 -1 -3 -2 -1 -2  2 -2 -2  1  1 -4 -3  0 0 0 1 1 0.01
 0  0  0 -2 -2  2  0 -2 -2 -1  0 -1  2 -2 -2  1  3 -3 -2  1 0 1 0 1 0.01
 0 -2 -1 -2  3 -1  0 -3 -2 -1  2 -2  2  0  0  1 -1 -2  1 -1 0 1 0 1 0.01
-3  1 -2 -3 -4 -2 -2 -4  8  3  0 -2  2 -2 -4 -3 -3 -3  1  0 0 1 0 0 0.01
-2  2 -1 -2  2  0  1 -3  4 -1 -1  3  1  1 -3 -1 -1 -3  0 -2 0 1 0 0 0.01
-2 -4 -4 -5 -2 -4 -4 -5 -5  5  1 -4  0 -2 -4 -3 -2 -4 -3  4 0 1 0 0 0.01
-4 -4  1 -4 -4 -3 -4 -5  0 -3 -3 -4 -3  3 -5 -3 -3  0  8 -3 0 1 0 0 0.01
-2 -4 -4 -4  3 -3 -4 -5 -4  4  2 -4  2 -1 -4 -3 -2 -3 -2  3 0 1 0 0 0.01
-2  1  1  2 -4  1  2 -3  7 -4 -4  0 -3 -3 -3  1 -2 -4 -1 -4 0 1 0 0 0.01
 1  0 -2 -2 -3 -1  0 -3  1 -3 -3 -2 -1 -2  6  0  1 -4 -3 -3 0 0 1 0 0.01
-1 -2 -1  2  0  1  2 -3  4 -3 -3 -1 -2  2 -3  0  1 -2  4 -3 0 0 1 1 0.01
-1  0  4  3 -4  0  3 -2  1 -3 -1  0 -2 -4 -3  0 -1 -4 -3 -3 0 0 1 1 0.01
-1  1 -1 -1 -3  0 -1 -3 -2  0 -2  2  1 -3 -2  1  5 -4 -3 -2 0 1 0 1 0.01
 1 -3 -4 -4 -2 -3 -3 -4 -2  3  1 -3  0  3 -4 -2 -1 -1  4  2 1 0 0 0 0.01
 3 -2  1  0 -2 -2  0 -1 -2 -1 -1 -2 -2  0  0  0  1 -3 -2  2 1 0 0 1 0.01
 0  0  2  0 -3 -1  1 -3  2  2  0  0  0 -2 -3 -1  0 -4 -2  0 1 0 0 1 0.01
-4 -5 -5 -6 -4 -5 -5 -5 -4 -1  2 -5 -1  8 -6 -4 -4 -1  1 -1 1 0 0 0 0.01
-3  0 -2 -3 -4  6 -1 -4  3 -3  1  2  1  1 -3 -2 -2 -3 -2 -3 1 0 0 0 0.01
-2 -2  1  2  0  1  6 -4 -2 -2 -4 -1 -4 -4 -3 -2 -2 -4  0 -3 1 0 0 1 0.01
 2 -1 -1 -1 -3 -1  0 -3  4 -1  2 -1  1 -2 -3 -1 -1 -3  1 -1 1 0 0 0 0.01
-2 -4 -5 -5 -3 -4 -4 -5 -5  4  1 -4  2 -2 -4 -4 -2 -4 -3  5 1 0 0 0 0.01
 2 -2 -1 -3  3  2 -2 -2  1 -2 -2 -2  0  2 -3  1  0 -2  4 -2 1 0 0 1 0.01
 0  2 -1  1 -3  0  3 -3  1 -2 -2  2 -2 -3 -2  1 -1 -4 -3  0 1 0 0 1 0.01
-3  1 -2 -3 -5  8 -1 -4 -2 -5 -1 -1 -3 -5 -4 -3 -3 -4 -4 -4 1 0 0 1 0.01
-2 -4 -2 -3  0 -3 -3 -4 -4 -3 -4 -3 -3 -5 -3 -1  7 -5 -4 -2 1 0 0 0 0.01
-1 -1  2  3 -4 -1  2  2 -2 -4 -4  2 -2 -4 -2  2 -1 -4 -3 -4 0 0 1 1 0.01
-2 -4 -5 -5 -3 -4 -4 -5 -5  5  1 -4  1 -2 -4 -3 -1 -4 -3  4 0 0 1 0 0.01
 2 -1  0  0 -3  0  0 -1 -2 -1 -2 -2 -2 -4  5  1  0 -4 -3 -1 0 0 1 1 0.01
 1 -3 -3 -3  1 -1 -2 -2  2 -2 -1 -2 -2 -1  6  1 -2 -4 -3  0 1 0 0 1 0.01
 0  1  0  1  0  2  2 -1  3 -3 -3  1 -2 -3 -1  1  0 -4 -2 -1 1 0 0 1 0.01
 0  0  4 -1 -4  2 -1 -2  6 -4 -3  1 -3 -4 -3  1  0 -4 -2 -3 1 0 0 0 0.01
-3 -1 -3 -3 -6  8 -1 -4 -2 -5 -4 -1  1 -6 -4 -3 -3 -5 -4 -5 0 1 0 0 0.01
-2 -2 -2 -1 -4  0  4 -3  2  2  0  0 -2 -3 -3  0 -1 -4 -3 -1 0 1 0 1 0.01
-3 -4 -5 -5 -3 -4 -4 -5 -2  1  5 -4  3  0 -5 -4 -3 -2  5 -1 0 1 0 0 0.01
-3 -4 -5 -5 -3 -4 -5 -5 -4  2  5 -4  1  3 -5 -4 -3 -2  1 -1 0 1 0 0 0.01
-3 -4 -4 -5 -4 -4 -4 -5  1 -2  1 -4  0  6 -5 -4 -3  3  6 -2 0 1 0 0 0.01
-2 -1  1  3 -5  0  5 -1 -2 -4 -1  2 -3 -4 -3 -2 -2 -5 -4 -4 0 0 1 1 0.01
-1 -3  1  0 -4 -2 -1  5 -2 -5 -4  0 -4 -1 -3  1 -2 -4  0 -4 0 0 1 1 0.01
-3  2  0 -2 -4  1  3 -4  7 -1 -3  1 -1 -3 -3 -2 -1 -4  0 -2 0 1 0 1 0.01
-2  2 -2 -2  1 -1 -1 -3  4 -1  1 -1 -1  0  2 -1  0 -3  1  0 0 1 0 1 0.01
-3 -4 -5 -5  5 -4 -5 -5 -3 -1  3 -4 -1  5 -2 -4 -3 -2  3 -2 0 1 0 0 0.01
 0 -2 -2  0  1  0  1 -1 -2  2  1  0  0 -2  1 -1 -1 -3 -2  2 0 0 1 1 0.01
-2 -3 -3 -4 -2 -1 -3 -4 -3  2  4 -3  2  0  1 -3  0 -3 -2  2 0 0 1 0 0.01
-1  0 -1  3 -4  0  5 -3 -2 -4 -4  1  1 -4  0 -1 -1 -4 -3 -3 0 0 1 1 0.01
-1 -3 -2  0  0  0  2  1  0 -4 -4  0 -3 -5  6 -1 -2 -5 -4 -1 0 0 1 1 0.01
 0 -1  3  1  1 -1 -1  1 -2 -2 -3 -1  0 -2 -2  3  1 -4 -3 -2 0 0 1 1 0.02
-1  2 -2 -1  1  0 -2 -3 -3  0  2 -1  2 -2 -3  0  2 -3 -2  1 0 0 1 0 0.02
-2  1 -2 -2 -3  2 -1 -3 -2 -1  0  2 -2 -3  5  2 -1 -4 -3 -2 0 1 0 1 0.02
 4 -3 -3 -3  2 -3 -3  2 -3  1 -1 -3 -2 -3 -3  0 -2 -4 -3  2 1 0 0 0 0.02
 0  3 -1 -2  0  4  0 -1  0 -3 -3  3 -2 -4 -3  1 -2 -4 -3 -1 1 0 0 1 0.02
-1 -1  2  2  1 -1 -1  2  6 -4 -4 -2 -1 -2 -3  1  1 -4  0 -3 1 0 0 1 0.03
-3 -4 -4 -5 -4 -4 -4 -5 -2  3  2 -4 -1  5 -5 -4 -3 -1  6 -1 0 0 1 0 0.03
 0 -4 -2 -3 -1 -3 -3 -3 -4 -4 -4 -1  0 -2  7 -1  0 -5 -4 -3 0 0 1 0 0.04
-1  2  1 -1 -3  1  0 -1  5 -1 -1  2 -2 -3  1 -1 -2 -4 -2 -2 0 0 1 1 0.03
-2 -3  0 -3 -3 -3 -3 -4 -4 -3 -3 -3 -3 -1 -3  0  7 -5 -4 -2 0 0 1 0 0.03
-1 -3 -1  0 -3 -2 -1 -3 -3 -3 -3 -1 -3 -4 -3  4  5 -4 -3 -1 0 0 1 1 0.03
 1  1 -1 -1 -3  0  3 -2  0 -2 -3 -1  0 -3  4 -1 -1 -4 -3 -1 0 0 1 1 0.02
 0  0  0  5 -3  1  2 -1  1 -3 -3 -1 -1 -4 -2  1  0 -4 -3 -3 0 0 1 1 0.02
-2  1  5  0  0  1  1 -2  2 -4 -4  1 -3 -4 -3  2  0 -4 -3 -2 0 0 1 0 0.02
-1 -5 -5 -4 -5 -4 -4 -5 -5 -5 -5 -3 -5 -6  9 -3 -4 -6 -5 -5 0 0 1 0 0.03
-3 -4 -5 -5 -3 -4 -4 -5 -4  4  4 -4  2  1 -4 -4 -2 -3 -2  2 0 1 0 0 0.03
-2 -3 -3 -4 -3 -3 -4 -4 -4  4  1 -3  6  2 -4 -2  3 -3 -2  1 0 1 0 0 0.04
-3 -4 -5 -5 -3 -4 -5 -5 -5  1  5 -4  2 -1 -5 -4 -3 -4 -3  2 0 1 0 0 0.05
-3 -4 -4 -5 -1 -4 -4 -4 -3  1  2 -4  2  6 -4 -1 -2 -1  2  2 0 1 0 1 0.07
-1  1  4 -2 -1 -2 -2  0 -2 -4 -4 -1 -3 -4 -3  5  0 -4 -3 -3 0 1 0 0 0.10
-2  4  0 -2 -3  0  0 -1 -2  0 -1  3  2 -3 -2 -1  1 -3 -2 -1 0 0 1 1 0.12
 1 -2  1  4 -4  1  5 -3 -2 -4 -4 -1 -3 -4 -2  0 -2 -4 -3 -3 0 0 1 1 0.35
-2  0  5  0 -3  2  0 -2 -1  0 -2 -1  0 -3 -1  1  0 -4 -2  0 0 0 1 1 0.45
-1 -2  0 -2 -2  0 -1 -3 -2  2  1 -2  0 -2  3 -1 -1 -3 -2  3 0 0 1 1 0.53
 2 -1  2 -1 -2 -1 -1 -1  6 -3 -3 -1 -2 -3  4  0  0 -3 -1 -2 0 0 1 1 0.61
-1  1 -1 -1 -2  0  2 -2 -2 -1 -2  0 -1 -3  3  0  3 -3 -2  1 0 0 1 1 0.74
-2 -2  1  7 -4 -1  1 -2 -2 -4 -4 -1 -4 -4 -2 -1 -1 -5 -4 -4 0 0 1 1 0.83
