-1 -1 -2 -3 -2  0 -2 -3 -2  1  2 -1  6  0 -3 -2 -1 -2 -1  1 0 0 1 1 0.94
 0 -3 -3 -3 -1 -2 -3 -3 -3  3  1 -2  1 -1 -2 -2  0 -3 -1  4 0 0 1 1 0.93
 0 -1  5  1 -2  0  0  0  0 -3 -3  0 -2 -3 -2  3  1 -3 -2 -2 0 0 1 1 0.92
-2  4  5  0 -3  0  0 -1  0 -3 -3  1 -2 -3 -2  0  0 -3 -2 -3 0 0 1 1 0.92
 0 -1  3  0 -1  0  0 -1 -1 -2 -2  0 -1 -3 -1  2  3 -3 -2 -1 0 0 1 1 0.91
-1  5  0 -1 -3  1  0 -2  0 -3 -2  3 -1 -3 -2 -1 -1 -3 -2 -2 0 0 1 1 0.91
-1 -1  4  0 -3 -1 -1 -1 -1 -3 -3 -1 -2 -3  6  0 -1 -4 -3 -3 0 0 1 1 0.90
-1  5  0 -1 -3  1  0 -2  0 -3 -2  3 -1 -3 -2 -1 -1 -3 -2 -3 1 0 0 1 0.94
-1  6  0 -2 -4  1  0 -2  0 -3 -2  2 -1 -3 -2 -1 -1 -3 -2 -3 1 0 0 1 0.91
-1  0  4  0 -3  4  1 -1  0 -3 -3  1 -1 -3 -2  0  0 -3 -2 -3 1 0 0 1 0.89
-1  5  0 -1 -3  1  0 -2  0 -3 -2  3 -1 -3 -2 -1 -1 -3 -2 -2 1 0 0 1 0.89
 3 -1 -1 -1 -1 -1 -1  0 -1 -2 -2 -1 -1 -2 -1  2  0 -3 -2 -1 0 0 1 0 0.87
-1  4  0 -1 -3  4  1 -2  0 -3 -2  2 -1 -3 -2  0 -1 -2 -2 -2 0 1 0 1 0.80
-1  5  0 -1 -3  1  0 -2  0 -3 -2  3 -1 -3 -2 -1 -1 -3 -2 -2 0 1 0 1 0.72
 0 -3 -3 -3 -1 -2 -3 -3 -3  3  1 -2  1 -1 -3 -2  0 -3 -1  4 0 1 0 0 0.70
 0 -3 -3 -3 -1 -2 -3 -3 -3  3  1 -2  1 -1 -2 -2  0 -3 -1  4 0 1 0 0 0.72
 0 -2 -1 -1 -1 -1 -1 -2 -2  1 -1 -1  0 -2 -1  2  2 -3 -2  2 0 1 0 1 0.69
-1  3  0 -1 -2  0 -1 -2 -1 -1 -2  1 -1 -2 -1  1  4 -3 -2 -1 0 1 0 1 0.73
 0 -1  0 -1 -1  0 -1 -1 -1 -1 -2 -1 -1 -2 -1  3  4 -3 -2 -1 0 1 0 0 0.72
 0 -1  0 -1 -1 -1 -1 -2 -2 -1 -1 -1 -1 -2 -1  1  5 -3 -2  0 0 0 1 1 0.66
 2  0 -1 -1 -2  4  1 -1  0 -2 -2  1 -1 -3 -1  0  0 -2 -2 -1 0 0 1 1 0.70
-1 -2 -1 -2 -1 -1 -2 -2 -2  0  2 -1  1 -1 -2  0  4 -2 -1  0 0 1 0 1 0.70
 3 -2 -2 -2 -1 -1 -1 -1 -2  1  0 -1  0 -2 -1  0  0 -3 -2  2 0 0 1 0 0.75
-1 -2 -2 -2 -3 -1 -1 -2 -2 -3 -3 -1 -3 -4  8 -1 -1 -4 -3 -2 0 0 1 1 0.73
-1 -2 -3 -3 -1 -2 -3 -3 -3  3  1 -2  4  0 -3 -2  0 -2 -1  3 0 0 1 0 0.77
 2 -2 -2 -2 -2 -1 -1 -1 -2 -2 -2 -1 -2 -3  6  0 -1 -3 -3 -1 0 0 1 1 0.73
-1  0 -1 -1 -3  4  1 -2  0 -3 -2  1 -1 -3  5  0 -1 -3 -2 -2 0 0 1 1 0.66
 2  0 -1 -1 -2  3  1 -1 -1 -2 -2  0 -1 -3  4  0 -1 -3 -2 -1 0 0 1 1 0.72
 0 -1  5  1 -2  0  0  0  0 -3 -3  0 -2 -3 -2  2  1 -3 -2 -2 0 0 1 1 0.79
 0 -1 -1 -2 -1 -1 -1 -2 -2  2  0 -1  0 -1 -1 -1  0 -2 -1  3 0 0 1 1 0.86
-1 -1 -1 -1 -3  3  0 -2 -1 -3 -3  0 -2 -4  6 -1 -1 -3 -2 -2 0 0 1 1 0.85
-1  5  0 -1 -3  1  0 -2  0 -3 -2  3 -1 -3 -2 -1 -1 -3 -2 -3 0 0 1 1 0.91
-1  0  4  0 -2  2  0 -1  0 -2 -2  0 -1 -3 -2  1  3 -3 -2 -1 0 0 1 1 0.93
 0 -2 -1 -1 -3 -2 -2  5 -2 -4 -4 -1 -3 -3  3  0 -2 -3 -3 -3 0 0 1 1 0.94
-1  4 -1 -2 -3  0  0 -2 -1 -3 -2  1 -2 -3  5 -1 -1 -3 -2 -3 0 0 1 1 0.96
 2  4 -1 -2 -2  0  0 -1 -1 -2 -2  1 -1 -3 -2  0 -1 -3 -2 -1 0 1 0 1 0.96
-1  4 -1 -2 -3  0  0 -2 -1 -3 -2  1 -2 -3  5 -1 -1 -3 -2 -3 0 0 1 1 0.95
-2  6  0 -2 -4  1  0 -2  0 -3 -2  2 -1 -3 -2 -1 -1 -3 -2 -3 0 0 1 1 0.95
-1  1  5  1 -3  1  0 -1  0 -3 -3  3 -2 -3 -2  0  0 -4 -2 -3 0 0 1 1 0.96
-1  4 -1 -2 -3  0  0 -2 -1 -3 -2  1 -2 -3  5 -1 -1 -3 -2 -3 0 0 1 1 0.96
 2  3 -1 -2 -1  0 -1 -1 -1 -2 -2  1 -1 -2 -1  1  2 -3 -2 -1 0 0 1 1 0.95
-1  5  0 -1 -3  1  0 -2  0 -3 -2  3 -1 -3 -2 -1 -1 -3 -2 -3 0 0 1 1 0.92
-2  6  0 -2 -4  1  0 -2  0 -3 -2  2 -1 -3 -2 -1 -1 -3 -2 -3 0 0 1 1 0.91
-2 -1  6  1 -3  0  0  0  1 -3 -4  0 -2 -3 -2  1  0 -4 -2 -3 0 0 1 0 0.88
-1  4  2  0 -3  3  1 -2  0 -3 -2  1 -1 -3 -2  0 -1 -3 -2 -3 0 0 1 1 0.80
 2  4 -1 -2 -2  0  0 -1 -1 -2 -2  1 -1 -3 -2  0 -1 -3 -2 -1 0 0 1 1 0.75
-1  4 -1 -2 -2  2  0 -3 -1  0  2  1  0 -1 -2 -1 -1 -2 -1 -1 0 0 1 0 0.69
 0 -3 -2 -2 -1 -2 -2  3 -3  1  0 -2  0 -2 -2 -1 -1 -3 -2  2 0 0 1 0 0.64
-2  6  0 -2 -4  1  0 -2  0 -3 -2  2 -1 -3 -2 -1 -1 -3 -2 -3 0 0 1 1 0.49
 1 -1  3  0 -2 -1 -1  4 -1 -3 -3 -1 -2 -3 -2  0 -1 -3 -2 -2 0 0 1 1 0.40
-1 -1 -2 -2 -1 -1 -1 -2 -1  2  1 -1  4  0 -1 -1  0 -1 -1  1 0 0 1 0 0.33
-1  0  5  1 -2  0  0  0  0 -2 -2  0 -1 -2 -1  0  0 -2 -1 -2 0 0 1 1 0.26
 0 -1 -1 -1 -1  0 -1 -1 -1  0  1 -1  4  0 -1  0  2 -1 -1  0 0 0 1 1 0.20
 2 -1  0 -1 -1 -1 -1  2 -1 -1 -1 -1 -1 -2 -1  1  2 -2 -1  0 0 0 1 1 0.18
 3 -1 -1 -1  0 -1 -1  0 -1 -1 -1 -1 -1 -2  0  1  0 -2 -1  0 0 0 1 1 0.15
-1 -2 -2 -2 -1 -1 -2 -2 -2  1  3 -2  3  0 -2 -2 -1 -1 -1  1 0 0 1 1 0.10
 1 -2 -1 -2 -1 -1 -1 -2 -2  0  1 -1  2 -1  3  1  2 -2 -2  0 0 0 1 1 0.08
-1  4 -1 -2 -3  2  0 -2 -1 -2 -1  2  2 -2 -2 -1 -1 -3 -2 -2 0 0 1 1 0.07
-2 -2 -3 -4 -1 -2 -3 -4 -3  1  4 -2  3  0 -3 -2 -1 -2 -1  1 0 0 1 0 0.06
 1 -1  0 -1 -1  0 -1 -1 -1 -2 -2 -1 -1 -2 -1  4  3 -3 -2 -1 0 0 1 1 0.05
 1  0  0  3 -3  3  3 -1  0 -3 -3  0 -1 -3 -1  0 -1 -3 -2 -2 1 0 0 1 0.04
 1 -2 -2 -2 -2 -1 -1 -2 -2 -3 -3 -1 -2 -4  7  0 -1 -4 -3 -2 1 0 0 0 0.04
 0 -3 -1 -2 -3 -2 -2  6 -2 -4 -4 -2 -3 -3 -2  0 -2 -3 -3 -3 1 0 0 0 0.03
-2 -2 -4 -4 -1 -2 -3 -4 -3  1  4 -3  2  0 -3 -3 -1 -2 -1  1 1 0 0 0 0.02
 3 -1 -1  2 -1 -1  0  0 -2 -2 -2 -1 -1 -3 -1  2  0 -3 -2 -1 1 0 0 0 0.02
-2 -3 -3 -4 -3 -3 -3 -3 -1  0  0 -3  0  7 -4 -3 -2  1  3 -1 1 0 0 0 0.02
-2 -2 -4 -4 -1 -2 -3 -4 -3  1  4 -3  2  0 -3 -3 -1 -2 -1  1 1 0 0 0 0.02
-1  2  0 -1 -3  1  1 -2 -1 -3 -3  5 -2 -3 -1  0 -1 -3 -2 -3 1 0 0 1 0.02
-1 -4 -3 -4  9 -3 -4 -3 -3 -2 -2 -3 -2 -3 -3 -1 -1 -3 -3 -1 1 0 0 0 0.02
 4 -2 -2 -2 -1 -1 -1  0 -2 -2 -2 -1 -1 -2 -1  1  0 -3 -2  0 1 0 0 0 0.02
-2 -3 -3 -4 -3 -3 -3 -3 -1  0  0 -3  0  7 -4 -3 -2  1  3 -1 1 0 0 0 0.04
 4 -2 -2 -2 -1 -1 -1  0 -2 -2 -2 -1 -1 -2 -1  1  0 -3 -2  0 0 0 1 0 0.05
 2 -2 -1 -1 -2 -1 -1 -1 -2 -2 -3 -1 -2 -3  6  2  0 -3 -2 -2 0 0 1 0 0.07
-1 -2 -2 -2 -3 -2 -1 -2 -2 -3 -3 -1 -3 -4  8 -1 -1 -4 -3 -3 0 0 1 0 0.10
-2 -2  1  6 -4 -1  1 -2 -1 -3 -4 -1 -3 -4 -2  0 -1 -5 -3 -3 0 0 1 1 0.11
-2 -3 -2 -3 -2 -3 -3 -3 -1 -1  0 -3  0  6 -3  0 -1  0  2 -1 0 0 1 1 0.11
 0 -1  5  1 -2  0  0 -1  0 -3 -3  0 -2 -3 -2  3  0 -4 -2 -3 0 0 1 1 0.12
 0 -2 -1 -2 -1 -1 -1 -2 -2  0 -1 -1  0 -2 -1  1  4 -3 -2  1 0 0 1 1 0.16
-2 -2  1  6 -4 -1  1 -2 -1 -3 -4 -1 -3 -4 -2  0 -1 -5 -3 -3 0 0 1 1 0.15
-1 -2 -2 -2 -3 -2 -1 -2 -2 -3 -3 -1 -3 -4  8 -1 -1 -4 -3 -3 0 0 1 1 0.16
 0 -3 -1 -2 -3 -2 -2  6 -2 -4 -4 -2 -3 -3 -2  0 -2 -3 -3 -3 0 0 1 0 0.18
-1  2  0 -1 -3  1  1 -2 -1 -3 -3  5 -2 -3 -1  0 -1 -3 -2 -3 0 0 1 1 0.14
 0 -3 -1 -2 -3 -2 -2  6 -2 -4 -4 -2 -3 -3 -2  0 -2 -3 -3 -3 0 0 1 0 0.13
-2 -3 -3 -3 -1 -3 -3 -4 -3  5  1 -3  1  0 -3 -3 -1 -3 -2  2 0 0 1 0 0.10
-1 -2 -2 -2 -3 -2 -1 -2 -2 -3 -3 -1 -3 -4  8 -1 -1 -4 -3 -3 0 0 1 0 0.08
-2 -2  1  6 -4 -1  1 -2 -1 -3 -4 -1 -3 -4 -2  0 -1 -5 -3 -3 0 0 1 0 0.06
-1  3  4  0 -3  1  0 -1  0 -3 -3  3 -2 -3 -2  0 -1 -3 -2 -3 0 0 1 0 0.06
-2 -3 -3 -4 -3 -3 -3 -3 -1  0  0 -3  0  7 -4 -3 -2  1  3 -1 0 0 1 0 0.05
-1  0  0  1 -4  3  4 -2  4 -3 -3  1 -2 -3 -2  0 -1 -3 -1 -3 0 0 1 0 0.04
 0 -3 -1 -2 -3 -2 -2  6 -2 -4 -4 -2 -3 -3 -2  0 -2 -3 -3 -3 0 0 1 1 0.02
-1  3 -1 -1 -3  1  0 -2 -1 -2  0  4 -1 -2 -2 -1 -1 -3 -2 -2 0 1 0 0 0.02
 0 -2 -2 -3 -1 -2 -2 -3 -3  2  0 -2  0 -1 -2 -1  2 -3 -1  4 0 1 0 0 0.02
-1 -2 -3 -4 -1 -2 -3 -4 -3  2  3 -3  2  0 -3 -2 -1 -2 -1  2 0 1 0 0 0.02
 2 -1  0 -1 -1 -1 -1 -1 -2 -2 -2 -1 -1 -3  3  3  2 -3 -2 -1 0 1 0 0 0.03
-1  4 -1 -2 -3  2  0 -2 -1  1 -1  2 -1 -2 -2 -1 -1 -3 -2 -1 0 1 0 1 0.03
-1  2  0 -1 -3  1  1 -2 -1 -3 -3  5 -2 -3 -1  0 -1 -3 -2 -3 0 1 0 0 0.03
-2 -1  3  5 -3  0  1 -1  3 -3 -4 -1 -3 -3 -2  0 -1 -4 -2 -3 0 1 0 0 0.03
 0 -3 -3 -3  6 -3 -3 -3 -3  2  0 -3  0 -2 -3 -2  0 -3 -2  3 0 1 0 1 0.03
-1 -2  2 -2 -2 -2 -2 -3 -2  1  3 -2  1  0 -3 -2 -1 -2 -1  1 0 1 0 0 0.03
-1 -1  4  0 -2  0 -1 -1 -1 -2 -2 -1 -1 -3 -2  1  4 -3 -2 -1 0 1 0 1 0.04
-1  0  0  2 -3  4  1 -2  0 -2 -2  0 -1  2 -2  0  1 -2  0 -2 0 1 0 1 0.06
 1 -1  0 -1 -1  0  0 -1 -1 -2 -2  0 -2 -3 -1  4  2 -3 -2 -2 0 1 0 1 0.05
-1 -3 -2 -3 -2 -2 -3  1 -3  3  0 -2  0 -1  2 -2 -1 -3 -2  2 0 1 0 0 0.04
 1 -1  1 -1 -1 -1 -1 -1 -1  0 -1 -1 -1 -2 -1  2  2 -3 -2  1 0 1 0 1 0.04
-2 -3 -3 -3 -2 -3 -3 -3 -2  0  0 -3  0  6 -3 -2  1  0  2 -1 0 1 0 0 0.03
 0 -1  0 -1 -1  0  1 -2 -2 -1 -2 -1 -1 -3  3  1  4 -3 -2 -1 0 0 1 1 0.03
 2 -1 -1 -1 -2  2  0 -1 -1 -2 -2  0 -2 -3  5  1  0 -3 -2 -1 0 0 1 1 0.03
-1 -1  5  0 -3 -1 -1  4  0 -4 -4 -1 -3 -3 -2  0 -1 -3 -3 -3 0 0 1 0 0.03
-1  2 -1 -1 -2  1  0 -2 -1 -1 -1  2 -1 -2 -1  0  2 -3 -2  1 0 1 0 1 0.03
-2 -1  1  6 -4  2  1 -2 -1 -3 -4  0 -3 -4 -2  0 -1 -4 -3 -3 0 1 0 0 0.02
 0 -1  0 -1 -1 -1 -1 -2 -2  0 -1 -1 -1 -2 -1  1  5 -3 -2  1 0 1 0 0 0.02
-2 -2 -3 -3 -2 -2 -3 -3  0 -1  0 -2  2  4 -3 -2 -2  1  6 -1 0 1 0 0 0.01
-2 -3 -3 -3 -1 -3 -3 -4 -3  4  3 -3  1  0 -3 -3 -1 -2 -1  2 0 1 0 0 0.01
-1 -2 -3 -4 -1 -2 -3 -4 -3  2  3 -3  2  0 -3 -2 -1 -2 -1  2 0 1 0 0 0.01
-1 -3 -3 -3 -1 -3 -3 -4 -3  3  1 -3  1 -1 -3 -2  0 -3 -1  4 0 1 0 0 0.01
 3 -2 -2 -2 -1 -1 -1 -1 -2  0  1 -1  0 -1 -1  0  0 -2 -2  0 0 0 1 0 0.01
-1 -2 -2 -2 -3 -2 -1 -2 -2 -3 -3 -1 -3 -4  8 -1 -1 -4 -3 -3 0 0 1 0 0.01
 0 -2 -1 -2 -1 -1 -2 -2 -2  2  0 -1  0 -2 -2  0  4 -3 -2  2 0 0 1 0 0.01
-1 -2 -2 -2 -3 -2 -1 -2 -2 -3 -3 -1 -3 -4  8 -1 -1 -4 -3 -3 0 0 1 0 0.01
 0 -3 -1 -2 -3 -2 -2  6 -2 -4 -4 -2 -3 -3 -2  0 -2 -3 -3 -3 0 0 1 0 0.01
-1 -3 -3 -3 -1 -3 -3 -3 -3  3  1 -3  1  3 -3 -2 -1 -2  0  3 0 1 0 0 0.01
 4 -2 -2 -2 -1 -1 -1  0 -2 -2 -2 -1 -1 -2 -1  1  0 -3 -2  0 0 1 0 0 0.01
-2 -2 -3 -3  4 -2 -3 -3  1 -1 -1 -2 -1  4 -3 -2 -2  1  6 -1 0 1 0 0 0.01
-2 -3 -4 -4 -2 -2 -3 -3 -2 -1  2 -3  0  3 -4 -3 -2  9  2 -1 0 1 0 0 0.01
 1  3 -1 -1 -2  0  0 -1 -1 -1 -2  2 -1 -3 -1  1  0 -3 -2  0 0 1 0 0 0.02
 3 -2 -2 -2 -1 -1 -1 -1 -2 -1  0 -1  0 -2 -1  1  1 -3 -2  0 0 1 0 0 0.03
 1  0  0  2 -2  2  3 -1 -1 -3 -3  0 -2 -3 -1  2  0 -3 -2 -2 0 1 0 1 0.03
 1 -1 -2 -2 -1 -1 -1 -2 -2  1  0  1  0 -2  3 -1  0 -3 -2  3 0 1 0 0 0.04
 3 -1  2  1 -1 -1 -1 -1 -1 -2 -2 -1 -2 -3  3  1  0 -3 -2 -1 0 1 0 1 0.05
 2 -1 -2 -2 -1  1 -1 -1 -2  1 -1 -1  0 -2 -2  0  1 -3 -2  2 0 0 1 1 0.06
 0 -2 -1 -2 -3 -2 -2  5 -2 -4 -4 -2 -3 -3  3 -1 -2 -3 -3 -3 0 0 1 1 0.06
 3 -1 -1 -1 -1 -1 -1 -1 -2 -1 -2 -1 -1 -2 -1  2  3 -3 -2  0 0 0 1 1 0.09
 1 -1 -1 -1 -2  2  0 -1 -1 -1 -1 -1 -1  3  3  0 -1 -1  1 -1 0 0 1 1 0.09
-1 -2 -2 -2 -2 -1 -1 -2 -2  0  0 -1 -1 -2  6  1 -1 -3 -2  0 0 0 1 0 0.08
-1 -1  0  1 -1 -1 -1 -2 -1  0  0 -1  0  2 -1  0  3 -1  0  0 0 0 1 1 0.06
 1 -1  0  0 -1  0  0 -1 -1 -1 -2  0 -1 -2 -1  3  3 -2 -1 -1 0 0 1 1 0.05
 1 -1  0 -1 -1 -1 -1  2 -1 -1 -1 -1 -1 -2 -1  2  3 -2 -2 -1 0 0 1 1 0.05
-1 -2  0  3 -2 -1  0 -2 -2  0 -1 -1 -1 -2 -2  0  3 -3 -2  1 0 0 1 0 0.04
 0 -1  2 -1 -1 -1 -1 -2 -2  0 -1 -1 -1 -2  3  1  3 -3 -2  1 0 1 0 1 0.04
-2 -3 -3 -4 -2 -3 -3 -3 -2  0  1 -3  0  6 -4 -3 -2  0  2 -1 0 1 0 0 0.03
 1  1  2 -1 -1 -1 -1 -1 -1  0 -1  0 -1 -2 -2  0  2 -3 -2  1 0 1 0 1 0.02
 2 -2 -1 -1 -1 -1 -1  2 -2 -2 -2 -1 -2 -3  2  2  1 -3 -2 -1 0 1 0 0 0.01
 0 -3 -3 -3 -1 -2 -2 -3 -3  2  1 -2  0 -1 -2 -1  1 -3 -1  4 0 1 0 0 0.02
-1 -1  3  0 -3  0  1 -2 -1 -2  0 -1 -1 -3  5  0 -1 -3 -2 -2 0 1 0 1 0.02
-2 -2 -3 -3 -3 -2 -3 -3  1 -1  0 -3 -1  5 -3 -2 -2  2  6 -1 0 0 1 0 0.01
-1 -2 -2 -2 -3 -2 -1 -2 -2 -3 -3 -1 -3 -4  8 -1 -1 -4 -3 -3 0 0 1 1 0.01
 0 -2  0  2 -2 -1 -1  5 -2 -3 -3 -1 -2 -3 -2  0  1 -3 -3 -2 0 0 1 1 0.01
-2 -3 -3 -4 -3 -3 -3 -3 -1 -1  0 -3  0  6 -4 -2 -2  1  4 -1 1 0 0 0 0.01
 1 -1  2  2 -1 -1  0 -1 -1 -1 -2 -1 -1 -3 -1  1  3 -3 -2 -1 1 0 0 1 0.01
 1 -1  0 -1 -1  2  0 -1 -1 -2 -2  0 -1 -3 -1  3  2 -3 -2 -1 1 0 0 1 0.02
-1 -2  2 -2 -2 -1 -2 -3 -2  1  3 -2  4  0 -3 -1 -1 -2 -1  0 1 0 0 0 0.02
-2 -3 -3 -4 -3 -3 -3 -3 -1  0  0 -3  0  7 -4 -3 -2  1  3 -1 1 0 0 0 0.03
 0 -3 -1 -2 -3 -2 -2  6 -2 -4 -4 -2 -3 -3 -2  0 -2 -3 -3 -3 0 0 1 0 0.04
 1 -1  1 -1 -1 -1 -1 -1 -1 -1 -2 -1 -1 -2 -1  1  4 -3 -2  0 0 0 1 1 0.04
 1 -1  0 -1 -1 -1 -1  2 -2 -2 -2 -1 -1 -3 -1  2  3 -3 -2 -1 0 0 1 1 0.06
 4 -1 -1 -1 -1 -1 -1  0 -2 -2 -2 -1 -1 -2 -1  2  0 -3 -2 -1 0 0 1 0 0.07
 1  0  0 -1 -2  3  0 -2 -1 -2 -2  0 -1 -3 -1  1  4 -2 -2 -1 0 0 1 1 0.08
 0 -1  4  2 -2  0  0 -1  0 -3 -3  0 -2 -3 -1  3  0 -4 -2 -2 0 0 1 0 0.08
 1  5 -1 -2 -2  0 -1 -2 -1 -2 -2  1 -1 -3 -2  0  1 -3 -2 -2 0 0 1 0 0.06
 2 -1 -1 -1 -1 -1 -1 -1 -2  0 -1 -1 -1 -2 -1  3  1 -3 -2  1 0 0 1 0 0.06
 2 -1  3  4 -2  0  1 -1 -1 -3 -3 -1 -2 -3 -1  0 -1 -4 -3 -2 0 0 1 1 0.05
-1  0  5  0 -3  4  1 -1  0 -3 -3  0 -1 -3 -2  0  0 -3 -2 -3 0 0 1 0 0.04
-1 -3 -3 -3 -1 -2 -3 -3 -1  2  0 -2  0  0 -3 -2  0 -1  3  4 0 1 0 0 0.03
 2 -1  0 -1 -1  0  0 -1 -1 -2 -2  0 -1 -2 -1  4  2 -3 -2 -1 0 1 0 0 0.03
 2  0  0 -1 -1  0  0  0 -1 -2 -2  2 -1 -3 -1  3  1 -3 -2 -1 0 1 0 0 0.02
-2 -3 -3 -4 -3 -3 -3 -3 -1  0  0 -3  0  7 -4 -3 -2  1  3 -1 0 1 0 0 0.02
-2  6 -1 -2 -4  1  0 -3  0 -3 -2  2 -2 -3 -2 -1 -1 -3 -2 -3 0 1 0 0 0.01
-2 -2 -2 -3 -3 -2 -2 -3  2 -2 -1 -2 -1  3 -3 -2 -2  2  7 -1 0 1 0 0 0.01
 4 -2 -2 -2 -1 -1 -1  0 -2 -2 -2 -1 -1 -2 -1  1  0 -3 -2  0 0 1 0 0 0.01
 1 -1  0  0 -1  0  0  0 -1 -3 -3  0 -2 -3 -1  4  1 -3 -2 -2 0 1 0 0 0.01
-1 -2 -2 -3 -2 -1 -2 -3 -2  1  2 -2  7  0 -3 -2 -1 -2 -1  0 0 1 0 0 0.01
 2 -1  4  0 -2  0 -1  0  0 -2 -3 -1 -2 -3 -2  1  0 -3 -2 -2 0 1 0 0 0.01
 1 -3 -3 -3  6 -2 -3 -2 -3  1  0 -2  0  2 -2 -1 -1 -2  0  2 0 1 0 0 0.01
 0 -3 -1 -2 -3 -2 -2  6 -2 -4 -4 -2 -3 -3 -2  0 -2 -3 -3 -3 0 1 0 0 0.01
-1 -3 -3 -4 -1 -2 -3 -4 -3  3  3 -3  2  0 -3 -2 -1 -2 -1  2 0 1 0 0 0.01
-2 -2 -2 -3 -3 -2 -2 -3  2 -2 -1 -2 -1  3 -3 -2 -2  2  7 -1 0 1 0 0 0.01
-1 -2 -2 -2 -3 -2 -1 -2 -2 -3 -3 -1 -3 -4  8 -1 -1 -4 -3 -3 0 1 0 0 0.01
 0 -1  0 -1 -1 -1 -1 -2 -2 -1 -2 -1 -1 -2 -1  2  5 -3 -2  0 0 0 1 1 0.01
 1 -1  0 -1  4 -1 -1 -1 -1 -2 -2 -1 -2 -3 -1  4  1 -3 -2 -2 0 0 1 0 0.01
-2 -1  6  1 -3  0  0 -1  0 -4 -4  0 -2 -3 -2  0  0 -4 -2 -3 0 0 1 1 0.01
-1 -2 -2 -3 -1 -1 -2 -3 -2  1  3 -2  4  0 -2  0 -1 -2 -1  0 0 0 1 1 0.02
-1 -2 -2 -3 -2 -1 -2 -3 -2  1  2 -1  6  0 -2 -1  1 -2 -1  0 0 0 1 1 0.02
-1  1  0 -1 -3  6  2 -2  0 -3 -2  1 -1 -3 -2  0 -1 -2 -2 -2 0 0 1 1 0.02
-2 -3 -3 -4 -3 -3 -3 -3  0 -1  0 -3  0  6 -4 -2 -2  1  5 -1 0 0 1 1 0.02
 3 -1  2 -1 -1 -1 -1  2 -1 -2 -2 -1 -2 -3 -1  2  0 -3 -2 -1 0 0 1 1 0.01
 0 -3 -1 -2 -3 -2 -2  6 -2 -4 -4 -2 -3 -3 -2  0 -2 -3 -3 -3 0 0 1 1 0.01
 1 -1  0 -1 -1  0 -1  2 -1 -3 -3 -1 -2 -3 -1  4  1 -3 -2 -2 0 1 0 1 0.01
-1 -3 -3 -3 -1 -3 -3 -4 -3  4  1 -3  1 -1 -3 -2 -1 -3 -1  3 0 1 0 0 0.01
 0  0  0 -1 -2  3  1 -1 -1 -2 -2  0 -1 -3 -1  2  3 -3 -2 -1 0 1 0 0 0.01
 0 -3 -3 -3 -1 -2 -3 -3 -3  2  1 -2  1 -1 -3 -2  0 -3 -1  4 0 1 0 0 0.01
-3 -3 -4 -4 -3 -2 -3 -3 -1 -3 -2 -3 -2  1 -4 -3 -3 11  4 -3 0 1 0 0 0.01
-1  3  0 -1 -3  1  0 -2 -1 -3 -3  5 -2 -3 -1  0 -1 -3 -2 -3 0 1 0 1 0.01
 0 -3 -2 -3  6 -3 -3  1 -3  2  0 -3  0 -2 -3 -1 -1 -3 -2  2 0 1 0 0 0.01
 1 -2 -1  2 -3 -1  0 -2 -2 -3 -3 -1 -2 -4  6  0 -1 -4 -3 -2 0 0 1 0 0.01
-1 -3 -3 -3 -1 -2 -3 -4 -3  3  3 -3  1  0 -3 -2 -1 -2 -1  3 0 0 1 0 0.01
-1  1  3  0 -3  3  1 -1  0 -3 -3  3 -1 -3 -1  0 -1 -3 -2 -3 0 1 0 0 0.02
-1 -2 -3 -4 -1 -2 -3 -4 -3  1  4 -2  4  0 -3 -2 -1 -2 -1  1 0 1 0 0 0.02
 1 -1  3  0 -1  0  0  0 -1 -3 -3  0 -2 -3 -1  4  1 -3 -2 -2 0 1 0 0 0.02
 0 -1  2  0 -2  0  2 -1 -1 -2 -2  0 -1 -3 -1  2  3 -3 -2 -1 0 1 0 0 0.03
 1 -2 -2 -3 -1 -2 -2 -2 -1  1  0 -2  0  0 -2  0  1 -1  2  2 0 1 0 0 0.03
 0  0  0 -1 -2  5  1 -2  0 -1 -1  0  0 -3 -2  1  0 -2 -2  1 0 1 0 0 0.04
-2 -1  2 -1 -3  2 -1 -2  0 -2 -1 -1 -1  4 -3 -1 -1  0  4 -2 0 1 0 0 0.05
-1 -2 -2 -2 -3 -1 -1 -2 -2 -3 -3 -1 -2 -4  7  0  1 -4 -3 -2 0 1 0 1 0.07
 1 -2 -3 -3 -1 -2 -2 -2 -3  2  1 -2  1 -1 -2 -1  0 -3 -1  3 0 1 0 0 0.07
 3 -2 -1  2 -1 -1 -1 -1 -2  0 -1 -1 -1 -2 -1  1  0 -3 -2  1 0 0 1 1 0.07
 0 -1  2 -1 -1 -1 -1 -2 -1 -1 -2 -1 -1 -2 -1  1  5 -3 -2  0 0 0 1 0 0.06
 0 -1  0  1 -1  0  1 -2 -2  0 -1 -1 -1 -2 -1  1  3 -3 -2  1 0 0 1 1 0.06
-1 -2 -2 -2 -3 -2 -1 -3 -3 -1 -2 -1 -2 -3  7 -1 -1 -4 -3  0 0 0 1 1 0.06
 3 -1 -2 -1 -2  0  1 -1 -2 -2 -2 -1 -2 -3  5  0 -1 -3 -2 -1 0 0 1 1 0.06
 0 -1  0 -1 -1 -1 -1 -2 -2 -1 -2 -1 -1 -3  4  2  4 -3 -2 -1 0 1 0 0 0.05
 1 -1  2  0 -2  0 -1  2 -1 -3 -3 -1 -2 -3 -1  3  1 -3 -2 -2 0 1 0 0 0.04
 1 -1 -1 -1 -1  3  0 -2 -1  0  1  0  0 -2 -2  1  0 -2 -2  1 0 1 0 0 0.04
 0 -2 -2 -3 -2 -2 -2 -2  3  0  2 -2  1  3 -3 -1 -1 -1  1  0 0 1 0 0 0.03
 1 -1 -1 -2 -1  1 -1 -2 -2  1  0 -1  0 -2 -2  1  0 -3 -2  2 0 1 0 0 0.03
-2 -1  4  0 -3  0  0 -2  7 -3 -3 -1 -2 -2 -2  0 -1 -3  1 -3 0 1 0 0 0.03
 2  2 -1 -2 -1  0 -1  1 -1 -2 -2  0 -1 -3 -1  1  3 -3 -2 -1 0 1 0 0 0.02
-2 -3 -3 -4 -1 -3 -3 -4 -3  3  3 -3  2  0 -3 -3 -1 -2 -1  2 0 1 0 0 0.02
 1 -1  2 -1 -1  1 -1 -1 -1  0 -1 -1  0 -2 -2  0  1 -3 -2  2 0 1 0 0 0.01
 0 -3 -1 -2 -3 -2 -2  6 -2 -4 -4 -2 -3 -3 -2  0 -2 -3 -3 -3 0 0 1 0 0.01
-2 -2 -4 -4 -1 -2 -3 -4 -3  1  4 -3  2  0 -3 -3 -1 -2 -1  1 1 0 0 0 0.01
-1  2  0  4 -4  1  4 -2 -1 -3 -3  1 -2 -3 -2  0 -1 -3 -2 -3 1 0 0 0 0.01
 1 -2  0 -1 -2 -1 -2  5 -2 -3 -3 -1 -2 -3 -2  1 -1 -3 -3 -2 1 0 0 0 0.01
 1 -2 -3 -3 -1 -2 -2 -3 -3  3  2 -2  1 -1 -2 -1  0 -3 -1  3 1 0 0 0 0.01
-1  2 -1  2 -2 -1 -1 -3 -2  0  2  0  1 -1 -2 -1  1 -2 -2  0 1 0 0 1 0.01
 3 -1 -2 -2 -1 -1 -1 -1 -2 -2 -2  1 -1  1  3  0 -1 -2 -1 -1 0 0 1 1 0.01
-1 -3 -3 -4 -1 -2 -3 -4 -3  2  3 -3  1  0 -3 -2 -1 -2 -1  3 0 0 1 1 0.02
 2 -2 -1 -1 -2 -1 -1  4 -2 -3 -3 -1 -2 -3  3  1 -1 -3 -3 -2 0 0 1 0 0.02
-1 -1  2  2 -3  1  0 -2 -1 -3 -3 -1 -2 -4  6  0 -1 -4 -3 -3 0 0 1 1 0.02
-2 -1  3  5 -4  0  2 -1 -1 -3 -4  0 -3 -4 -2  0 -1 -4 -3 -3 0 0 1 1 0.02
-2 -1  6  1 -3  0  0 -1  0 -4 -4  0 -2 -3 -2  0  0 -4 -2 -3 0 0 1 1 0.02
-2 -2 -3 -3 -3 -2 -3 -3  1 -1 -1 -2 -1  5 -3 -2 -2  2  6 -1 0 1 0 0 0.01
 1 -1  0 -1 -1  0  0 -1 -1 -2 -2  0 -2 -3 -1  4  2 -3 -2 -2 0 1 0 1 0.01
-1 -1  0  1 -3  1  4  3 -1 -4 -3  0 -2 -3 -2  0 -1 -3 -3 -3 0 1 0 1 0.01
 1 -1  3  0 -1  0  0  0 -1 -3 -3  0 -2 -3 -1  4  1 -3 -2 -2 0 1 0 1 0.01
-2 -3 -3 -4 -3 -3 -3 -3 -1  0  0 -3  0  7 -4 -3 -2  1  3 -1 1 0 0 0 0.01
-2 -3 -3 -3 -1 -3 -3 -4 -3  5  1 -3  1  0 -3 -3 -1 -3 -2  2 1 0 0 1 0.01
-1  1  0  4 -3  1  2 -2 -1 -3 -3  3 -2 -3 -1  0 -1 -4 -2 -3 1 0 0 1 0.01
 0 -3 -1 -2 -3 -2 -2  6 -2 -4 -4 -2 -3 -3 -2  0 -2 -3 -3 -3 0 0 1 0 0.01
 1 -2 -3 -3  4 -2 -2 -2 -3  1  0 -2  2 -1 -2 -1  0 -3 -2  3 0 1 0 0 0.01
-2 -2 -3 -4 -3 -2 -3 -3  1 -1  0 -3 -1  5 -3 -2 -2  2  6 -1 0 1 0 0 0.01
 1 -1  0 -1 -1 -1 -1 -1 -1 -2 -2 -1 -1 -2 -1  3  3 -3 -2 -1 0 1 0 0 0.01
-1  0  0 -1 -3  5  1 -2  0 -2 -2  0 -1  2 -2  1 -1 -1  0 -2 0 1 0 0 0.01
 2 -1  0 -1 -1  0  0  0 -1 -2 -2  0 -2 -3 -1  4  1 -3 -2 -1 0 1 0 0 0.01
 1 -2 -3 -3 -1 -2 -2 -2 -2  2  0 -2  0  3 -2 -1 -1 -2  0  3 0 0 1 1 0.01
-1 -3  2  2  8 -2 -1 -2 -2 -2 -2 -2 -2 -3 -3 -1 -1 -3 -3 -2 0 1 0 0 0.01
-1  0  5  1 -3  0  0  2  0 -3 -3  2 -2 -3 -2  0 -1 -4 -2 -3 0 0 1 0 0.01
-1  0  2  1 -3  1  4 -1  0 -3 -3  0 -2 -3 -1  1  0 -3 -2 -3 0 0 1 0 0.01
 1 -2 -2 -2 -2 -1 -1 -2 -2 -2 -2 -1 -2 -3  6  0  2 -3 -3 -1 0 0 1 0 0.01
-1 -1  1  5 -4  1  4 -2 -1 -3 -3  0 -3 -4 -1  0 -1 -4 -3 -3 0 0 1 0 0.01
-2 -3 -3 -4 -3 -3 -3 -3 -1  0  0 -3  0  7 -4 -3 -2  1  3 -1 0 0 1 0 0.01
-1 -1 -1  1 -4  1  5 -2 -1 -3 -3  0 -2 -4  3  0 -1 -3 -2 -3 0 0 1 0 0.01
-3 -3 -3 -4 -3 -3 -3 -3 -2 -1  0 -3  0  6 -4 -3 -2  7  3 -1 0 0 1 0 0.01
-1 -1  3  0  5 -1 -1 -1  4 -2 -2 -1 -2 -1 -2  1 -1 -1  2 -2 0 1 0 0 0.01
-2 -2  2  4 -3 -1  1 -2 -1 -3 -4 -1 -3 -4  5  0 -1 -4 -3 -3 0 1 0 1 0.01
-2 -3 -3 -3 -2 -3 -3 -4 -3  4  1 -3  1  3 -3 -3 -1 -2  0  2 0 0 1 0 0.01
-1 -2 -3 -4 -1 -2 -3 -4 -3  2  3 -2  3  0 -3 -2 -1 -2 -1  2 0 0 1 0 0.01
-1  2  0  1 -4  2  5 -2  0 -3 -3  1 -2 -3 -1  0 -1 -3 -2 -3 0 1 0 0 0.01
 0 -2  0 -1 -2 -2 -2  5 -2 -4 -4 -1 -3 -3 -2  1 -1 -3 -3 -3 0 0 1 0 0.01
-1 -3 -3 -3 -1 -2 -3 -4 -2  3  2 -2  1  1 -3 -2 -1 -1  3  2 0 0 1 0 0.01
 1  0  0  0 -3  5  3 -2  0 -3 -2  1 -1 -3 -1  0 -1 -2 -2 -2 0 0 1 0 0.01
 0 -1  0 -1 -1  0 -1 -1 -1 -1 -1 -1 -1 -2 -1  2  4 -2 -1  0 0 1 0 0 0.02
-1 -2 -3 -4 -2 -2 -3 -4 -3  1  3 -3  1  3 -3 -2 -1 -1  0  1 0 1 0 0 0.02
 0 -2 -1 -1 -3 -1 -1 -2 -2 -3 -3 -1 -2 -4  7  1 -1 -4 -3 -2 0 0 1 0 0.02
-1 -2 -1 -1 -3  0  2  1 -2 -3 -3 -1 -3 -4  6 -1 -1 -3 -3 -3 0 0 1 0 0.03
 2 -1 -1 -1 -1  2  0 -1 -1  0 -1 -1 -1 -2 -1  2  0 -3 -2  1 0 0 1 1 0.03
-2 -1  6  1 -3  0  0 -1  0 -4 -4  0 -2 -3 -2  0  0 -4 -2 -3 0 0 1 1 0.04
 0 -3 -3 -3 -1 -2 -3 -3 -3  2  1 -2  1 -1 -3 -2  0 -3 -1  4 0 0 1 0 0.05
 0 -1  0  1 -1  0  0 -1 -1 -1 -1  0 -1 -2 -1  2  3 -2 -1 -1 0 0 1 1 0.08
-1 -2 -2 -2 -1 -2 -2 -3 -2  3  2 -2  1  0 -2 -2 -1 -2 -1  2 1 0 0 0 0.08
 2 -2  2 -1 -2 -1 -1  4 -1 -3 -3 -1 -2 -3 -2  1  0 -3 -2 -2 1 0 0 1 0.10
 2  0  0 -1 -1  3  0 -1 -1 -2 -2  0 -1 -3 -1  2  1 -3 -2 -1 1 0 0 0 0.08
 2 -1  0 -1 -1  2  0 -1 -1 -2 -2  0 -1 -3 -1  2  2 -3 -2 -1 1 0 0 0 0.08
 1 -2 -1 -1 -2 -1 -2  5 -2 -3 -3 -1 -2 -3 -2  0  1 -3 -3 -2 0 0 1 0 0.08
 1  0 -1 -1 -2  4  1 -1 -1 -2 -1  0  2 -2 -1  1  0 -2 -2 -1 0 0 1 0 0.07
-1 -2 -2 -2 -2 -1 -2 -3 -2 -1  0 -1  4 -2  6 -1 -1 -3 -2 -1 0 0 1 0 0.07
-2 -1 -2 -3 -3 -2 -2 -3 -1 -1  0  1  0  6 -3 -2 -2  0  2 -1 0 0 1 0 0.07
 1 -1  1 -1 -1 -1 -1  1 -2 -1  1 -1  0 -2 -2  1  2 -3 -2 -1 0 1 0 0 0.07
-1 -2 -2 -3 -1 -2 -2 -3 -3  2  3 -2  2  0 -3 -1  1 -2 -1  1 0 1 0 0 0.06
 2 -2  0  4 -2 -1  0 -1 -1 -2 -2 -1 -2  2 -2  1 -1 -2 -1 -1 0 1 0 1 0.06
 3 -1 -1 -1 -1 -1 -1  0 -2 -2 -2 -1 -1 -3  4  2  0 -3 -2 -1 0 0 1 0 0.07
 0 -3 -1 -2 -3 -2 -2  6 -2 -4 -4 -2 -3 -3 -2  0 -2 -3 -3 -3 0 0 1 1 0.06
 3 -2 -1  1 -1 -1 -1  2 -2 -2 -2 -1 -2 -3 -1  1 -1 -3 -2 -1 0 0 1 1 0.05
 1  2 -1  0 -3  1  3  2 -1 -3 -3  0 -2 -3 -2  0 -1 -3 -2 -2 0 0 1 1 0.05
 1 -1  2 -1 -1 -1 -1 -1  0 -1 -2 -1 -1 -1 -1  1  3 -1  2 -1 0 0 1 1 0.04
 0 -2 -1  2 -1 -1 -1 -2 -2  1 -1 -1  0 -2 -2  0  3 -3 -2  2 0 0 1 1 0.03
 1 -1  0 -1  4 -1 -1 -1 -1 -1 -1 -1 -1 -2 -1  2  2 -2 -2 -1 0 0 1 0 0.03
 0 -2  0 -1 -2 -1 -1  5 -2 -2 -2 -1 -2 -2 -1  0  1 -2 -2 -2 0 0 1 0 0.02
-1 -2 -2 -2 -1 -2 -2 -3 -2  3  2 -2  1  2 -2 -2 -1 -1  0  2 0 0 1 0 0.02
 0 -1 -1 -1 -1 -1 -1 -2 -2  1  0 -1  0 -1 -1  0  3 -2 -1  2 0 0 1 0 0.01
 0 -3 -1 -2 -3 -2 -2  6 -2 -4 -4 -2 -3 -3 -2  0 -2 -3 -3 -3 0 0 1 0 0.01
-2 -3 -4 -4 -2 -2 -3 -3 -3  1  2 -3  1  2 -3 -3 -2  8  1  0 0 0 1 0 0.01
 0 -3 -1 -2 -3 -2 -2  6 -2 -4 -4 -2 -3 -3 -2  0 -2 -3 -3 -3 0 0 1 0 0.01
-1 -1  5  3 -3  0  0  2  0 -4 -4 -1 -3 -3 -2  0 -1 -4 -3 -3 0 0 1 0 0.01
-1 -2 -3 -3 -2 -1 -2 -3 -2  1  2 -2  6  0 -3 -2 -1 -2 -1  2 0 1 0 0 0.01
-2 -2  3  6 -4  0  1 -1 -1 -3 -4 -1 -3 -4 -2  0 -1 -4 -3 -3 0 0 1 0 0.01
 3 -1 -1 -2 -1 -1 -1 -1 -2 -1 -1 -1 -1 -2 -1  1  3 -3 -2  0 0 1 0 0 0.01
-2 -3 -3 -3 -1 -3 -3 -4 -3  4  2 -3  1  0 -3 -3 -1 -3 -1  2 0 1 0 0 0.01
 1 -3 -3 -3 -1 -2 -2 -2 -3  2  1 -2  0  2 -2 -1  0 -2  0  3 0 1 0 0 0.01
-2 -3 -3 -3 -2 -3 -3 -4 -2  4  1 -3  1  1 -3 -2 -1 -1  3  2 0 1 0 0 0.01
-1  4 -1 -1 -3  1  0 -2 -1 -2  0  4 -1 -2 -2 -1 -1 -3 -2 -2 0 1 0 0 0.01
-1 -3 -3 -3 -1 -3 -3 -3 -3  3  1 -3  1 -1 -3 -2  0 -3 -1  4 0 1 0 0 0.02
 1 -1  0 -1 -1 -1 -1 -1 -1 -2 -2 -1 -1 -2 -1  3  4 -3 -2 -1 0 1 0 0 0.03
 3 -1 -1 -2 -1 -1 -1 -1 -2 -1 -1 -1 -1 -2 -1  1  3 -3 -2  0 0 1 0 0 0.05
 1 -2 -2 -2 -2 -1 -1 -2 -2 -3 -3 -1 -2 -4  7 -1 -1 -4 -3 -2 0 0 1 1 0.05
 1 -1  0 -1 -1  0  1 -1 -2 -1 -2 -1 -1 -2 -1  1  4 -3 -2  0 0 0 1 1 0.06
 0 -3 -1 -2 -3 -2 -2  6 -2 -4 -4 -2 -3 -3 -2  0 -2 -3 -3 -3 0 0 1 1 0.05
 4 -1 -1 -2 -1 -1 -1  0 -2 -2 -2 -1 -1 -2 -1  2  0 -3 -2 -1 0 0 1 0 0.05
 0 -2 -2 -3 -1 -2 -2 -3 -3  2  0 -2  0 -1 -2 -1  1 -3 -1  4 0 0 1 1 0.04
-2 -1  6  1 -3  0  0 -1  0 -4 -4  0 -2 -3 -2  0  0 -4 -2 -3 0 1 0 0 0.04
 0 -1  0 -1 -1 -1 -1 -1 -2  0 -1 -1 -1 -2 -1  2  4 -3 -2  1 0 1 0 0 0.03
 4 -2 -2 -2 -1 -1 -1  0 -2 -2 -2 -1 -1 -2 -1  1  0 -3 -2  0 0 1 0 0 0.02
-1 -2 -2 -2 -1 -2 -2 -3 -3  3  1 -2  1 -1 -2 -1  2 -3 -2  2 0 1 0 1 0.01
-2 -3 -3 -4 -2 -3 -3 -4 -3  2  3 -3  2  2 -3 -3 -1 -1  0  1 0 1 0 0 0.01
-1  3  0 -1 -3  1  0 -2 -1 -3 -3  5 -2 -3 -1  0 -1 -3 -2 -3 0 1 0 0 0.01
 1 -1  2 -1 -1 -1 -1 -1 -2  0 -1 -1 -1 -2 -1  1  3 -3 -2  1 0 1 0 0 0.01
-3 -3 -4 -5 -3 -2 -3 -3 -3 -3 -2 -3 -2  1 -4 -3 -3 11  2 -3 0 1 0 0 0.01
 3 -1  2 -1 -1 -1 -1  0 -1 -2 -2 -1 -1 -3 -1  2  0 -3 -2 -1 0 1 0 0 0.01
-1 -4 -3 -4  9 -3 -4 -3 -3 -2 -2 -3 -2 -3 -3 -1 -1 -3 -3 -1 0 1 0 0 0.01
-1 -3 -3 -3 -1 -3 -3 -4 -3  4  2 -3  1  0 -3 -2 -1 -3 -1  3 0 1 0 0 0.01
-1  0  0  1 -4  2  5 -2  0 -3 -3  1 -2 -3 -1  0 -1 -3 -2 -3 0 1 0 0 0.01
-2 -2 -3 -3 -2 -2 -2 -3  1 -1  1 -2  0  2 -3 -2 -2  2  6 -1 0 1 0 0 0.01
-1  5 -1 -1 -4  3  0 -2  0 -3 -2  2 -1 -3 -2 -1 -1 -3 -2 -3 0 1 0 0 0.01
-1 -2 -2 -2 -3 -2 -1 -2 -2 -3 -3 -1 -3 -4  8 -1 -1 -4 -3 -3 0 1 0 0 0.01
-1 -1  5  0 -2  0 -1 -1  1 -2 -3 -1 -2 -1 -2  0  1 -1  3 -2 0 0 1 0 0.01
-1 -2 -1 -2 -2 -1 -1 -2 -2 -2 -2 -1 -2 -3  6  0  3 -3 -3 -1 0 0 1 0 0.01
-2 -1  6  3 -3  0  0 -1  0 -3 -4  0 -3 -3 -2  0  0 -4 -2 -3 0 0 1 1 0.01
 3 -1  0 -1 -1 -1 -1  0 -1 -2 -2 -1 -1 -2 -1  3  2 -3 -2 -1 0 0 1 0 0.02
 2 -1 -1 -2 -1 -1 -1 -1 -2  0  0 -1  3 -1 -1  1  2 -2 -2  0 0 0 1 1 0.02
-2 -2 -4 -4 -1 -2 -3 -4 -3  1  4 -3  2  0 -3 -3 -1 -2 -1  1 1 0 0 0 0.02
-2 -2 -3 -3 -3 -2 -2 -3  1 -1 -1 -2 -1  4 -3 -2 -2  2  7 -1 1 0 0 0 0.02
-1  1  0  0 -3  5  3 -2  3 -3 -3  2 -1 -3 -1  0 -1 -2 -1 -3 1 0 0 1 0.02
-2 -3 -3 -4 -3 -3 -3 -3  0 -1  0 -3  0  6 -4 -2 -2  1  5 -1 1 0 0 1 0.02
 3 -2 -1 -1 -1 -1 -1  3 -2 -2 -2 -1 -2 -3 -1  2  0 -3 -2 -1 0 0 1 0 0.02
-1  2  0 -1 -3  0 -1  2  7 -4 -3  0 -2 -2 -2 -1 -2 -3  1 -3 0 1 0 1 0.03
-1 -2  0  5 -3  0  2 -2 -1 -1 -2 -1 -2 -3 -2 -1 -1 -4 -3  0 0 1 0 1 0.03
 1 -1  0  0 -1  0  0  0 -1 -3 -3  0 -2 -3 -1  4  1 -3 -2 -2 0 0 1 0 0.03
-1 -2 -2 -2 -3 -2 -1 -2 -2 -3 -3 -1 -3 -4  8 -1 -1 -4 -3 -3 0 0 1 0 0.03
 2 -2 -2 -2 -2 -1 -1 -1 -2 -2 -3 -1 -2 -3  7  0 -1 -3 -3 -2 0 0 1 1 0.03
-1 -2  1 -1  3 -1  1 -2 -1  0  2 -1  0  3 -3 -1 -1 -1  0 -1 0 0 1 1 0.03
-2 -2  1  6 -4 -1  1 -2 -1 -3 -4 -1 -3 -4 -2  0 -1 -5 -3 -3 0 0 1 0 0.03
-1 -1 -1  1 -3  1  4 -3 -1  0 -2  0 -1 -3  3 -1 -1 -3 -2 -1 1 0 0 1 0.04
-1 -3 -3 -3 -1 -2 -3 -4 -2  3  2 -2  1  1 -3 -2 -1 -1  3  3 1 0 0 0 0.04
 4 -2 -2 -2 -1 -1 -1  0 -2 -2 -2 -1 -1 -2 -1  1  0 -3 -2  0 1 0 0 0 0.04
-2 -2 -4 -4 -1 -2 -3 -4 -3  1  4 -3  2  0 -3 -3 -1 -2 -1  1 1 0 0 0 0.04
 1  2  0  0 -3  4  3 -2  0 -3 -2  1 -1 -3 -1  0 -1 -2 -2 -2 1 0 0 1 0.04
 1 -1 -1  0  5  2  3 -2 -1 -2 -2  0 -2 -3 -2  0 -1 -3 -2 -2 1 0 0 0 0.04
-2 -2 -2 -3 -3 -2 -2 -3  2 -2 -1 -2 -1  3 -3 -2 -2  2  7 -1 1 0 0 0 0.05
-2  5  0 -2 -4  1  0 -2  4 -3 -3  2 -2 -3 -2 -1 -1 -3 -1 -3 1 0 0 0 0.05
-1  2  2  0 -2  0  0 -1 -1 -2 -2  3 -1 -3 -1  0  2 -3 -2 -2 1 0 0 0 0.08
-1 -3 -3 -3 -1 -2 -3 -4 -3  3  2 -3  1 -1 -3 -2  0 -3 -1  3 1 0 0 0 0.09
 3  0 -1 -2 -1  0 -1 -1 -1 -2 -2  1 -1 -1 -1  0  0 -1  2 -1 1 0 0 1 0.08
-1  5 -1 -2 -3  1  0 -2 -1 -2 -1  2  2 -2 -2 -1 -1 -3 -2 -2 1 0 0 1 0.09
 0  2  0  2  4  0  0 -1 -1 -3 -3  0 -2 -3 -2  3  0 -3 -2 -2 1 0 0 1 0.12
-2 -3 -3 -4 -2 -3 -3 -4 -3  2  3 -3  1  3 -3 -3 -1 -1  0  1 0 0 1 0 0.15
-1 -2 -2 -2 -3 -2 -1 -2 -2 -3 -3 -1 -3 -4  8 -1 -1 -4 -3 -3 0 0 1 1 0.21
 0 -3 -3 -3 -1 -2 -3 -3 -3  3  1 -3  1 -1 -3 -2  0 -3 -1  4 0 0 1 0 0.34
 4 -2 -2 -2 -1 -1 -1  0 -2 -2 -2 -1 -1 -2 -1  1  0 -3 -2  0 0 0 1 0 0.22
 0 -3 -3 -3 -1 -2 -3 -3 -3  2  1 -2  1 -1 -3 -2  0 -3 -1  4 0 1 0 0 0.24
 1  1 -1 -2 -2 -1 -1 -2 -2  2 -1  0  0 -2  2  1  0 -3 -2  0 0 0 1 0 0.25
 3 -2 -1 -2  6 -1 -1 -1 -2 -2 -2 -1 -1 -2 -1  2  0 -3 -2 -1 1 0 0 0 0.35
 2  3 -1 -1 -2  0  0 -1 -1 -2 -2  3 -1 -3 -1  0 -1 -3 -2 -1 1 0 0 1 0.43
-1  0  0  2 -3  4  3 -2  0 -2  0  0  0 -2 -2 -1 -1 -3 -2 -2 1 0 0 1 0.59
-2 -1  6  1 -3  0  0 -1  0 -4 -4  0 -2 -3 -2  0  0 -4 -2 -3 0 0 1 0 0.73
