-1 -2 -3 -3 -2 -1 -3 -3 -2  3  2 -2  5  0 -3 -2 -1 -2 -1  2 0 0 1 1 0.97
 1 -2  0 -1 -2 -1 -1  5 -2 -3 -3 -1 -2 -3 -2  2  0 -3 -3 -3 0 0 1 0 0.97
 1  2  0 -1 -1  0  0 -1 -1 -3 -3  0 -2 -3 -1  4  1 -3 -2 -2 1 0 0 0 0.98
-1 -1 -1  2 -3  2  0 -2 -1 -3 -3  0 -2 -4  6 -1 -1 -4 -3 -3 1 0 0 1 0.98
-1  3  3  0 -3  1  0 -1  0 -3 -3  3 -2 -3 -2  1  0 -4 -2 -3 1 0 0 0 0.98
-2  3 -2 -3  5 -1 -2 -4  1  0  2 -1  3 -2 -3 -2 -2 -3 -2  0 1 0 0 0 0.98
 1  0  0 -2 -3  1 -1 -2  6 -3 -1  0 -2  2 -3  0 -2 -2  2 -2 0 0 1 1 0.99
-1  1  1 -2 -3  1 -1 -1  6 -3  0 -1 -1  0  0  2 -1 -3  0 -3 0 0 1 1 0.99
-2  3 -2 -3 -3 -1 -2 -3  5  1  1 -1 -1 -2  0 -1 -1 -3 -1  0 0 0 1 0 0.99
-2  5  0 -2 -4  2 -1 -3  4 -3  0  1 -2 -3 -3  0 -1 -4 -2 -3 0 0 1 1 0.99
-1  4  1 -2 -4 -1 -1 -3  5 -1  0  1 -2  0  2 -2 -2 -3  0 -2 0 0 1 1 0.99
-2  4  0 -3 -4 -1 -2  0  6 -3  0  0 -2  1 -3 -1 -2 -2  2 -2 0 0 1 1 0.99
 2 -2  0  0 -2  0 -1 -2 -2 -1 -1 -1 -2 -3  2  3  1 -3 -1 -1 0 0 1 1 0.99
 0  2  0 -2 -2  0 -1 -2  1 -1 -1  0 -2 -1  1  3  1 -3 -2 -1 0 0 1 1 0.99
 0  1 -1 -1 -3  2 -1  1 -2 -2 -2 -1 -2 -3  3  2 -1  3 -1 -2 0 0 1 1 0.99
 1  1  0 -1  0  1  1 -1  0 -1 -2 -1 -1 -2  2  2  1  0 -2 -1 1 0 0 1 0.99
 1  1  2 -1  0  0  0  0 -1 -1 -2  1 -1 -2  0  1  2 -3 -1 -1 1 0 0 1 0.99
-2  3 -1 -3 -1 -1 -2 -2 -1  1  1 -1  0  1 -1  1  0 -3 -1  1 1 0 0 0 0.98
 0  3  0 -3  0 -1 -2 -1  0 -2  0 -1 -1  2 -3  1 -1  3  1  0 1 0 0 1 0.97
 0  2  1 -2  0  0 -2 -2  0  0  0  0  0  2 -3  0  0 -2  1  0 1 0 0 0 0.96
-1  4 -1 -1 -4  2 -1 -2  4 -2 -2  0 -2  0  0  1  0 -3  0 -2 1 0 0 1 0.91
 0  2  1 -1 -3  1  0  1  1 -1 -1  0 -1 -1  0  1  1 -3  0  0 1 0 0 1 0.88
 0 -1  1 -1 -1  0 -1  0  4 -1 -1  0 -1  0 -2  1  1 -2  1 -1 1 0 0 0 0.84
-1  2 -2 -4  0  0 -3 -4 -3  0  2 -2  6  0 -2 -3 -1 -3  1  1 1 0 0 0 0.78
 1  2  1  0 -3  0 -1 -1  0 -2 -1  1 -1 -3  1  2  1 -4 -3 -2 1 0 0 1 0.69
 0  2  1  0 -3  2  1 -2  0 -2 -2  1 -2 -3  1  1  1 -4 -3 -2 1 0 0 1 0.57
 0  1  0 -2 -2  0 -1 -1  2  0  1  0  2 -1  0 -1  1  0 -1 -1 0 0 1 1 0.40
 0  2 -1 -1 -3  0  0  0  0 -1 -1  1 -1  1  2  0  1 -3 -1 -1 0 0 1 1 0.25
 0  0  0 -1 -1  0  0 -1  1  1  1  0  2 -1 -2  0  0 -3 -1  0 0 0 1 1 0.19
 1  1  1 -2 -2 -1 -2 -1 -1 -1  0  0  0 -2  2  3  1 -1 -1 -1 0 0 1 1 0.13
-1  1  3  0 -3  0  0 -1  3 -2 -3  0 -3 -4  4  1 -1 -4 -2 -2 0 0 1 1 0.08
-1  0  0  2 -3  1  2  0 -2 -2 -1  3 -1 -3  2  1 -1 -4 -3 -2 0 0 1 1 0.06
-2 -2 -2 -3 -3 -2 -3 -2  0  1  2 -3  1  3  0 -2 -2  3  4 -1 0 0 1 0 0.04
-3 -4 -5 -5 -3 -4 -5 -5 -4  3  4 -4  3  3 -3 -4 -2 -1 -1  1 0 1 0 0 0.03
-1  2 -1  2 -1  1  2 -3  1 -1 -2  1 -2  0 -3  0  1 -2 -2  0 0 1 0 1 0.02
-2 -3 -5 -5 -2 -4 -4 -5 -3  4  2 -4  0  3 -2 -3 -2 -3  2  3 0 1 0 1 0.02
 1  1  0 -1 -1 -1  0  0  3 -4 -4 -1 -3 -4 -3  5  0 -4 -2 -3 0 0 1 0 0.01
 0  1 -1  3 -4  0  2 -2 -1 -4 -4  1 -3 -5  5  0 -2 -5 -4 -4 1 0 0 1 0.01
-2 -1  1  2 -5  0  6 -3  0 -4 -4 -1 -4 -5 -1 -1 -2 -5 -2 -4 1 0 0 1 0.01
-2 -4 -1 -5 -3 -4 -4 -5 -4  2  0 -4 -1 -1 -4 -4 -2 -4  2  6 1 0 0 0 0.01
 2  3 -1 -2 -2  2  2 -2 -1 -2 -2  2 -2 -3 -2  0  1 -4 -2 -2 1 0 0 1 0.01
 1  0  1  2 -2  1  2 -2  0 -3 -3  1 -2 -3 -2  1  1 -3 -1 -2 1 0 0 1 0.02
 6 -1 -3 -3 -3 -2  1 -1 -4  0 -3 -2 -3 -4 -3 -1 -2 -5 -4 -2 1 0 0 0 0.02
-2 -1 -4 -4 -3  0 -3 -5 -2  3  4 -1  2  0 -4 -3 -2 -3 -2  1 1 0 0 1 0.02
 3  1  1  0 -2  0  1 -1  0 -2 -2  1 -2 -2 -2  0 -1 -3 -2 -2 1 0 0 1 0.02
 1  1  1  1 -1  0  1 -1  2 -2 -2  1 -2 -2  0  1  0 -2  1 -2 0 0 1 1 0.02
-1  1  2 -1 -3  0  0  3  3 -3 -3  0 -2 -3 -1  0 -1 -3 -1 -3 0 0 1 1 0.02
-1  2 -1 -1 -3  1  0 -1  2 -1 -1  2 -1 -1 -2 -1 -1 -1  1 -1 0 0 1 1 0.02
 0 -2 -2 -2 -3 -2 -1 -1 -2 -3 -3 -1 -3 -4  7 -1 -1 -4 -3 -2 0 0 1 0 0.02
 0 -2 -3 -3 -1 -2 -2 -3 -3  3  2 -2  1 -1 -2 -2 -1 -3 -1  4 0 1 0 0 0.02
-1 -3 -3 -3 -1 -2 -3 -3 -3  3  1 -2  1 -1 -3 -2 -1 -3 -1  4 0 1 0 0 0.02
 4 -2 -1 -2 -1 -1 -1  2 -2 -1 -2 -1 -1 -2 -1  1  0 -2 -2  0 0 1 0 0 0.02
-2 -2 -3 -4  0 -2 -3 -4 -3  2  4 -3  2  2 -3 -3 -1 -2 -1  0 0 1 0 0 0.03
-2 -1 -1  3 -4  1  6 -3 -1 -4 -4  0 -3 -4 -2 -1 -2 -4 -3 -3 0 0 1 0 0.03
 0 -2 -1 -1 -1 -1 -1 -2 -2  0  0 -1 -1 -2 -2  4  2 -3 -2  0 0 0 1 0 0.03
 1 -2  2 -1  2 -1 -1 -2 -2 -1  0 -1 -1 -2 -2  1  3 -3 -2 -1 1 0 0 0 0.03
-1 -3 -3 -3 -2 -2 -3 -3 -3  3  2 -2  0 -1  3  0 -1 -3 -2  2 1 0 0 0 0.03
-2 -3 -4 -4 -2 -3 -4 -4 -3  5  2 -3  1  1 -3 -3 -1 -2  1  2 1 0 0 0 0.03
 1 -2 -1 -2  0 -1 -1  0 -2  0  0 -1 -1 -2 -2  2  4 -3 -2  0 1 0 0 0 0.04
-2  0  0 -2  1  3  0 -3  7 -3 -3  1 -2 -1 -3 -1  0 -3  1 -3 0 0 1 0 0.04
 0 -2  0  3 -2 -1  0  2 -2 -1 -2 -1 -1 -3 -2  1  0 -3 -2  1 0 0 1 0 0.03
 0 -4 -5 -6 -4 -4 -5 -5 -5 -1  4 -4  7  1 -5 -4 -3 -4 -2 -1 0 0 1 0 0.03
-1 -2 -3 -3 -4 -3 -2 -4 -4 -4 -2 -1 -4 -5  8 -2 -3 -5 -4 -3 0 0 1 1 0.02
-1  2 -3 -4 -4 -2 -3 -1  0 -3 -3 -2 -1  3 -1  0 -3  3  7 -3 0 0 1 1 0.02
-3 -3 -1 -3 -4 -2 -3 -3 -4 -1 -3  0 -4 -5  8 -2 -3 -5 -4 -2 0 0 1 1 0.02
-2  1 -1  3 -4  3  2 -1  2 -2 -2  0 -2 -3 -1 -1  0 -3 -1 -2 1 0 0 1 0.02
-1 -3  8 -1 -2 -2 -3 -1 -2 -4 -4 -2 -4 -4 -4  0 -2 -5 -4 -4 1 0 0 0 0.02
 0 -1 -3 -3 -2 -2 -2 -3 -3  2  3 -2  0  0 -3 -2 -2 -2  1  2 1 0 0 0 0.02
 0  0  0  2 -3  2  4 -2  0 -3 -3  1 -3 -4 -2  0 -1 -3 -3 -2 1 0 0 1 0.02
-1  0 -2 -2 -1 -3 -3 -4 -3  0  1 -3  4 -2 -3 -1  4 -4 -3  2 1 0 0 0 0.01
 6 -4 -3 -2  0 -2 -3 -2 -2 -3 -3 -3 -2  0 -1  0 -2 -4 -3 -1 1 0 0 0 0.01
 0  3 -1 -3 -3  0 -1 -3  0  1  2  1  0 -2 -3 -1 -1 -2 -2  0 1 0 0 1 0.01
 0  2  1  0 -4  1  4 -1 -1 -3 -2  0 -2 -4 -3  0  1 -4 -2 -3 1 0 0 0 0.01
 0 -4 -4 -1  1 -3 -2 -4 -1  1  3 -3  1 -1 -4 -2 -2  1 -3  4 1 0 0 0 0.01
-2 -1 -3  1 -2  1  7 -4 -3 -5 -4  0 -4 -5 -4 -2 -2 -5 -4 -2 1 0 0 0 0.02
 1  0  1  2 -4  3  4 -2  0 -4 -4  1 -3 -5 -3  0 -2 -4 -4 -4 1 0 0 1 0.02
 0 -2 -2 -2 -1 -1 -2 -4 -3  4  2 -1  2 -1 -3 -2  0 -3 -1  1 1 0 0 0 0.02
 1 -4 -4 -4  1 -3 -4 -4 -4  4  1 -4  2 -1 -4 -1 -2 -4 -3  4 1 0 0 0 0.02
-1  7 -1 -4 -5  1 -1 -5  0 -3 -2  1 -2 -5 -4 -2 -2 -5 -2 -3 1 0 0 1 0.02
 1  0  0  2 -4  2  3 -2  1 -4 -3  1  0 -4 -3  1  0 -4 -3 -3 1 0 0 1 0.02
 0 -1  3 -2 -3  1  1 -1  3 -3 -2  0  0 -3 -3  0  0  4  0 -2 0 0 1 1 0.02
-1 -3 -1 -1  0  0 -3  6 -2 -6 -5 -2 -5 -5  0 -1 -4  2 -5 -5 0 0 1 1 0.02
 3 -3 -2  0  4  1 -2  1 -3 -1 -1 -2 -2  1 -3  0  0 -3 -2  0 0 0 1 0 0.02
-1  1 -2  1  0  1  0 -3  0  2  0 -1  0 -1 -3  0  0 -3 -1  2 0 1 0 0 0.02
 0 -4  0  1 -4 -3 -3 -1 -4 -4  0 -3 -3 -5  7  0 -3 -5 -5 -4 0 1 0 0 0.02
 5 -1 -3 -3  0 -2  0 -1 -3 -3 -3  0 -3 -4 -3 -1  0 -4 -3  0 0 1 0 0 0.01
-1 -3 -2 -3 -3  1 -2 -2 -1  1 -1 -1 -2 -3 -1  0  6 -4 -3  0 0 1 0 0 0.01
-1 -4 -4 -4  2 -4 -4 -4 -4  6  0 -4  1 -1  1 -3  1 -4 -3  2 0 1 0 0 0.01
 4 -3 -3 -3  1 -2 -3  3 -3 -1 -1  0 -2  0 -3 -1 -2  3 -2 -2 0 1 0 0 0.01
-1 -4 -4 -4 -2 -3 -4 -4 -4  4  1 -3  2  1 -4 -3 -2  3 -2  4 0 1 0 0 0.01
-1 -1 -2 -1  0 -1 -1 -3  0  3  2 -1  2  0 -3 -1 -1 -2  0  2 0 1 0 0 0.01
 0  0  2  4  0  1  2  1  2 -3 -3  1 -3 -4 -2  0 -2 -4 -3 -3 0 0 1 1 0.01
-2 -1 -3 -3 -4 -3 -1  7 -4 -5 -5 -1 -4 -5 -4 -2 -3 -4 -4 -5 0 0 1 0 0.01
-1  3 -1 -1 -1  1  1 -2 -2 -1 -2  3 -1 -3 -2 -1  0 -3 -3  1 0 1 0 0 0.01
 0 -3 -3 -4  2 -3 -3 -1 -3  2  1 -3  2  1  4 -2 -2 -3  1  1 0 1 0 0 0.01
-2  0  1 -2  2  1 -2 -3  2  0  0  0  2  1 -3  0  0  4  2  0 0 1 0 0 0.01
 0 -5 -5 -5  2 -4 -5 -5 -5  4 -1 -4 -1 -3 -5 -4 -1 -5 -4  6 0 1 0 0 0.01
-4 -6 -4 -5 -6 -5 -5  7 -5 -6 -6 -5 -6 -6 -5 -4 -5 -6 -6 -6 0 0 1 0 0.01
-2 -4 -4 -2 -1 -4 -4 -4 -4  0  5 -4  4 -1 -4 -2 -1 -4 -3  0 0 0 1 0 0.01
-1 -2  1  2 -2  0  0 -1 -1 -1 -2 -2 -3 -2 -1  3  3 -4 -3 -2 0 0 1 1 0.01
 1  0  0  3 -2  1  2  0  0 -2 -3  1 -3 -4  1 -1  0 -1 -2 -3 1 0 0 1 0.01
 1 -1 -1  2 -1  1  4 -1 -1 -3 -3  1 -4  0 -1  0 -2 -5 -4 -1 1 0 0 1 0.01
-1 -2 -2  3 -6  3  5 -4 -1 -3 -3 -1 -2 -1 -4 -2 -2 -5  0 -4 1 0 0 0 0.01
-4 -2 -5 -5 -4  1 -4 -5 -5  3  5 -2  2  0 -5 -4 -4  2 -3  0 1 0 0 0 0.01
-1 -1 -1  1  1  0  5 -3  0 -1 -3  1  1  0 -4 -1  0 -4 -3 -2 1 0 0 0 0.01
 0  4 -2 -2 -2  1  0 -2  1 -1  0  0 -1  2 -1 -1 -1  1  1 -2 1 0 0 1 0.01
-4 -1 -5 -5 -4 -4 -5 -5  1  2  5 -4  3  3 -5 -4 -4 -4  0  0 1 0 0 0 0.01
 5 -1 -3 -4  1 -1 -3  2  1 -1 -2 -3 -1 -4 -4  1 -1 -4 -4 -1 1 0 0 0 0.01
 0  2  0  1 -1  1  2 -1 -2 -2 -2  2 -1 -3 -2  1  1 -3 -2 -2 1 0 0 1 0.02
-1  1  0  0 -1  3  1  0  0 -2 -2  0 -1 -3  2  1  0 -3 -1 -2 1 0 0 0 0.02
 3 -1 -1  0 -1 -1 -1  3 -1 -3 -2 -1 -2 -3  1  0  0 -3 -2 -3 1 0 0 0 0.02
 1  1 -1  2 -3  2  2 -1  1 -3 -2  2 -3 -3  0  0  0 -4 -2 -3 1 0 0 1 0.02
 0  0  3  3 -4  0  1  2 -1 -2 -3  1 -3 -4  1  0 -1 -4 -3 -3 1 0 0 1 0.02
 2 -2 -4 -4  0 -3 -3 -4 -3  2  0 -1 -1  0  0 -2  0  2  0  4 0 0 1 0 0.02
 1  0 -1  0 -2  0 -1 -2  1  1  0  0  1 -1  1 -1  0 -1  0  1 0 1 0 1 0.02
-4  3 -4 -4 -7 -2  0 -5 -4 -6 -6  7 -5 -7 -5 -4 -4 -6 -5 -6 0 1 0 0 0.01
 1 -4 -1 -4  5 -4 -4 -4 -4  2  2 -4 -1  0 -4 -1  1 -4 -3  3 0 1 0 0 0.01
 1 -3  2  2 -4 -3 -3  1 -3 -5 -5 -3 -4 -5 -4  5 -1 -5 -4 -4 0 0 1 0 0.01
-2  5 -3 -4  3 -2 -3 -1  1  0  0 -1  0 -2 -4 -1  0 -4  1 -1 0 0 1 0 0.01
 0  7 -1  0 -6  0 -3 -3 -1 -5 -5  1 -2 -5 -3 -1 -3  2 -4 -5 0 0 1 0 0.01
-4 -1  2  7 -6 -3  0 -2 -4 -2 -3 -3 -5 -6 -4 -1 -3 -7 -5 -5 0 0 1 0 0.01
-4 -5 -6 -6 -4 -4 -5 -6 -5  4  5 -5  2  0 -5 -5 -3  3  1  1 1 0 0 0 0.01
 4 -4 -3  0  0 -3  0  1 -4 -5 -5 -1 -4 -5  5  0 -2 -5 -5 -2 1 0 0 0 0.01
 0 -1 -1 -1 -3 -1 -1 -2  2  0  0 -1  0  3 -1 -1 -1  0  4  1 1 0 0 0 0.01
 2 -3  0 -3  2 -2 -3 -2 -1  1  1 -1  1 -1 -3 -1  0 -3 -1  2 1 0 0 0 0.01
-1 -1 -1 -4  2 -1 -3 -2  0  2  2 -3  3  0 -3 -1  0 -3 -2  3 1 0 0 0 0.01
 4 -2 -2 -1  1 -1 -1  1 -3 -1 -3  0 -2 -4 -1  1  1 -4 -3  0 1 0 0 1 0.01
-1  1  0 -1  0  1  0 -1  1 -2  1  2  1 -2 -2  0  1 -3 -2 -1 0 0 1 1 0.01
-2  2 -1 -2 -5 -1 -2  5  0 -6 -5  4 -4 -5 -4 -2 -2 -5 -5 -5 0 0 1 1 0.01
 0  2 -1 -4 -1  1 -1  2 -1 -1  2  1  1 -1 -4 -2 -2  1 -1 -1 0 0 1 1 0.01
-2 -2  3  2 -1 -2 -3 -3  2 -2 -2 -2  0 -2 -2  3  3  2 -1 -2 0 0 1 1 0.01
 2 -7 -6 -7  4 -7 -7  7 -7 -8 -8 -7 -7 -8 -7 -5 -6 -8 -8 -7 0 1 0 0 0.01
 5 -6 -5 -6 -5 -5 -1  4 -6 -1 -6 -5 -6 -6 -6  0 -1 -6  1 -5 0 1 0 0 0.01
-2 -4 -3 -4 -1 -3 -4 -4 -4 -3  0 -3 -3  0  1 -1  7 -5 -4 -2 0 1 0 0 0.01
-3 -4 -3 -4 -4 -4 -4 -5 -5 -4 -4 -4 -4 -5 -4 -1  8 -6 -5 -3 0 0 1 0 0.01
-1 -4 -4 -5  0 -4 -4 -5 -5  2  0 -4 -1 -3 -4 -2  0 -5 -3  6 1 0 0 0 0.01
 4 -3 -2 -3 -3 -3 -3  1 -3 -4 -4 -3 -3 -5 -3  5  0 -5 -4 -3 1 0 0 0 0.01
 4 -3 -3 -3 -3 -3 -3  3 -3 -3 -1 -3 -2  1 -3  2  1 -4 -3 -2 1 0 0 0 0.01
-2 -4 -3 -4 -3 -3 -4 -4 -4  0 -1 -3 -3 -4 -4  0  7 -5 -4  0 1 0 0 0 0.01
 2 -4 -4 -5  1 -3 -4 -4 -4  1  1 -4  8 -3 -5  0 -2 -4 -4 -1 1 0 0 0 0.01
 0 -1 -3 -3 -3 -1 -1 -3  1  3  1 -1  1  3 -3 -1 -1  2  2  1 1 0 0 0 0.01
 1 -4 -4 -5  2 -4 -4 -3 -4  3  3 -4  1  2 -4 -3 -1 -3 -2  2 1 0 0 0 0.01
 6 -4 -4 -4  3 -4 -4  0 -4 -4 -4 -3 -4  0 -4  1 -3 -5 -4 -3 1 0 0 0 0.01
 2  1  2  0 -1  0  1 -2  6 -4 -4  0 -3 -4 -3  1  0 -1 -1 -2 1 0 0 1 0.01
 0  2 -2 -3 -3  0 -2 -2 -1 -1  3  1  3  0 -3 -1 -2  0 -1 -1 1 0 0 1 0.01
 5 -3 -2 -3 -1 -2 -3 -1 -1 -2  0 -3  0 -2 -3  0 -1 -4 -2  1 1 0 0 0 0.01
-3 -3  1 -2 -1 -4 -1  6 -1 -6 -6 -2 -5 -6  0 -3 -4 -5 -5 -6 0 0 1 1 0.01
-4 -5 -5 -6 -4 -5 -5 -6 -6  7  0 -5  1  0 -5 -1 -3 -5 -4  2 0 0 1 0 0.01
-1  3 -1  1 -2  0  0 -1  0 -4 -3  3 -3 -4  4  1 -1 -4 -3 -3 0 0 1 1 0.01
-2 -5 -5 -5 -1 -4 -5 -5 -5  3  0 -4  0  1 -4 -4 -1 -4 -3  6 0 1 0 0 0.01
-1 -4 -4 -5 -4 -4 -4 -4 -3 -1 -1 -4  2  7 -4 -3 -1 -2  0  1 0 1 0 0 0.01
 4 -4 -4 -4  0 -3 -3 -1 -4  1 -2 -3 -2 -3 -3  0 -1 -4 -3  4 0 1 0 0 0.01
-2 -3 -2 -3 -3 -3 -3 -3 -4 -3 -3 -3 -3 -4 -3  2  7 -4 -4 -2 0 0 1 0 0.00
 1 -4 -3 -3  3 -3 -4  6 -4 -5 -5 -3 -4 -5 -4 -2 -3 -4 -4 -4 0 0 1 0 0.01
-1 -4 -3 -3 -4 -4 -4  7 -4 -4 -2 -3 -4  0 -4 -2 -3 -4 -4 -4 0 0 1 0 0.01
-3 -4 -5 -5 -3 -4 -5 -5 -5  5  3 -4  3 -2 -4 -4  0 -4 -3  1 0 1 0 0 0.01
-2 -4 -3 -3 -4  0 -4  7 -4 -5 -2 -3 -4 -5 -4 -2 -3 -4 -5 -5 0 0 1 0 0.01
-2 -4 -3 -4 -5 -4 -4  7 -4 -6 -6 -4 -5 -5 -4 -3 -4 -5 -5 -5 0 0 1 0 0.01
-2 -4 -4 -5 -3 -4 -4 -5 -5  2  1 -4 -1 -2 -4 -3  0 -4 -3  6 0 1 0 0 0.01
-3  0 -2  0 -4 -2 -2 -1  9 -4 -4 -3 -1 -3 -4 -2 -3 -4  2 -4 0 1 0 0 0.01
-2  6 -2 -2 -4  0  0  1  0 -3 -3  2 -3 -4 -2 -2 -2 -4 -3 -3 0 0 1 1 0.02
-1 -2 -1  0 -3 -1  0  5  0 -3 -1 -2 -3 -2 -2 -1 -2 -3 -2 -1 0 0 1 1 0.02
 2 -2  0  0  1 -2  0  1  1 -2 -2 -2  0  0  0  0  0  4  0  0 1 0 0 0 0.03
 0  0  1  0 -3  1  2 -1  1  0 -1 -1 -2  0  2  0  0 -3 -2  0 1 0 0 0 0.04
-1  0  0  1 -3  2  3 -1  1 -1 -1  1  0 -1  0  0  0 -3 -1  0 1 0 0 1 0.04
-1  1 -1 -1 -3 -1 -2  2 -1 -3 -2 -2 -1 -4  1  2  4 -4 -3 -3 1 0 0 1 0.05
-1 -1 -2 -2  2  1  2 -1 -2 -2 -1  1  1  1  1 -1 -2  5  1 -1 0 0 1 0 0.05
-2 -2 -1  5 -4 -1  2 -3 -2 -4 -4  1 -3 -4  3  1 -2 -4 -3 -3 0 0 1 0 0.05
-2  0 -3 -2 -2 -2  1 -3 -3  4  0 -2  0 -2 -3 -2 -1 -3 -2  3 0 1 0 0 0.04
 0 -2 -1 -2  4 -2 -2 -2 -2 -3 -3  0 -2  1 -2  5 -1 -3 -2 -3 0 0 1 0 0.04
 3 -1 -1 -2 -1  1 -1  0  0  0 -2 -1 -2 -3  2  0  0 -3 -2 -1 1 0 0 0 0.05
-3 -2 -1  7 -4 -2  0 -3 -3 -4 -4  2 -4 -4 -3 -2 -3 -5 -4 -4 1 0 0 0 0.05
-1 -3 -4 -4 -2 -3 -3 -4 -4  2  5 -3  1 -1 -2 -3 -2 -3 -2  0 1 0 0 0 0.04
 0 -1 -1  0 -2  1  0 -1 -1  0  1  0  0 -1  1  0  2 -1 -1  0 1 0 0 0 0.03
 2 -2 -1 -1  0  0  4  0 -2 -3 -2 -1 -1 -3 -2  1  0 -3 -3 -1 1 0 0 0 0.03
-3 -1 -4 -4 -3 -3 -4 -4 -4  1  5 -3  2  0 -4 -3 -2 -3 -2 -1 1 0 0 0 0.03
 3  0  1 -2 -2 -1 -1  2 -2 -2 -1  0 -2 -3 -2  1  0 -3 -2 -2 1 0 0 0 0.03
-1  5  2  0 -3  1  0 -2  2 -3 -3  2 -2 -3 -2  0 -1 -3 -2 -3 1 0 0 1 0.03
-1 -2  0 -2  0 -2 -2 -2 -2  0 -2 -2  1 -2 -2  2  5 -3  0 -1 0 0 1 0 0.02
-1  0  0  0 -3 -1  0  1  2 -3 -3  0 -2 -3  5  1 -1 -3 -2 -3 0 0 1 0 0.02
 0 -2 -2 -3  0 -2 -2 -3 -3  2  0 -2  1 -1  1  0  1 -3 -2  4 0 0 1 0 0.02
 2 -2 -1 -2  4 -2 -2  0 -2  0 -1 -2  0 -2 -2  1  2 -3 -2  0 0 1 0 0 0.01
-1 -2  0 -3  0 -2 -2 -3 -3  1  2 -2  2 -1 -3  0  0 -3 -2  4 0 1 0 0 0.01
-1 -3 -3 -3 -2 -3 -3 -3 -3  3  1 -3  0  0 -3 -2 -1 -3 -2  5 0 1 0 0 0.01
 1 -2  1 -2  7 -2 -2 -1 -2  0 -2 -2 -2  0 -2  2  0 -3 -2 -1 0 1 0 0 0.01
 3 -1 -1 -2  2 -1 -1  1 -2 -2 -2 -1 -2 -3 -2  2  1 -3 -2  0 0 0 1 0 0.01
 0 -3  1 -2 -3 -2 -2  6 -2 -4 -4 -2 -3 -3 -2  1 -2 -3 -3 -3 0 0 1 0 0.01
 2 -2 -2 -2  2 -2 -2 -1 -2  1 -1 -2  0  1  4 -1  0 -2 -1  1 0 1 0 0 0.01
-1  2  0  1 -3  0  0 -2 -2 -3 -3  6 -2 -3 -2  0 -1 -3 -3 -3 0 0 1 0 0.01
 0 -1  1  1 -2 -1 -1  0 -1  0  0  0  1 -1  1  0  1 -2  1 -1 0 0 1 0 0.01
-2 -3 -3 -3 -2 -3 -3 -3 -3  4  0 -3  3  3  1 -1 -2 -2 -1  1 0 0 1 0 0.01
 0 -3 -1 -3 -2 -3 -3 -3 -3  1  4 -3  0  0 -3 -2  0 -2 -2  0 0 1 0 0 0.01
-3 -2  1  7 -4 -1  1 -2  1 -4 -4  1 -4 -4 -3 -2 -2 -4 -3 -4 0 0 1 1 0.01
-2  1 -3 -3 -2 -1 -2 -3  1  4  2 -2  1 -1 -3 -2 -1 -3 -2  1 1 0 0 0 0.01
 0  1 -1 -1 -3  0  1  1  0 -3 -3  1 -2 -2  4 -1 -1 -3  1 -3 1 0 0 0 0.01
 2  3 -1 -2 -3  0  0  0 -2 -2  0  2 -1 -3 -2 -1  0 -3 -2 -2 1 0 0 0 0.01
-2 -3 -2 -3 -3 -3 -3 -3 -4 -2 -3 -3 -3 -4 -3  0  7 -4 -3  0 1 0 0 0 0.01
-2 -2 -4 -4 -3 -3 -4 -4 -4  1  5 -3  2  1 -4 -3 -1 -3 -1  1 1 0 0 0 0.01
-3 -2 -2  0 -5  1  7 -2 -2 -5 -5 -1 -4 -5 -1 -1 -1 -5 -4 -4 1 0 0 0 0.01
-1  2 -4 -4 -4 -2 -3 -4 -1 -2 -2 -2  0  3 -4 -3 -2  5  7  1 1 0 0 0 0.01
-3 -4 -5 -5 -3 -4 -4 -5 -4  0  6 -4  3  0 -4 -4 -3 -3 -3 -1 1 0 0 0 0.01
-2  0 -2  0 -4 -1  6 -4 -2 -2 -2 -1 -3 -4  0 -2 -1 -4 -4  0 1 0 0 0 0.01
 0  1 -2 -2 -3 -2  0 -3 -3 -3 -3 -2 -2 -3 -3  1  6 -4 -3 -2 1 0 0 0 0.01
-1  0  0 -2 -3  4  1 -2  4 -2  0  0 -1  0  1 -1 -2  0  0 -2 0 0 1 0 0.01
-1 -2  0 -2  0  0 -1  5 -3 -4 -4 -1 -3 -4 -3  2 -2 -4 -4 -4 0 0 1 0 0.01
-1 -4 -4 -4  1 -3 -4 -4 -4  2 -1 -3 -1 -2 -4 -3 -2 -3  1  6 0 0 1 0 0.01
-1 -1  1 -1  4 -1 -2 -1 -1 -2 -1 -1 -1 -1  5  0  1 -3 -1 -2 0 0 1 0 0.01
 0 -4 -4 -5  3 -4 -4 -4 -5  2  0 -4 -2 -3 -4 -3  0 -4 -3  6 0 1 0 0 0.01
 0 -1 -2 -3  2 -2 -2  0 -2  2  0 -2  1  1 -2  0  1 -2  0  1 0 1 0 0 0.01
 1 -2 -1 -2 -2 -2 -2  3 -2 -2 -2  0 -2 -2 -2  1  3 -2  1  0 0 1 0 0 0.01
-2 -4 -1 -2  0 -2 -4 -3  0  0 -2 -4 -2  4 -1 -2 -2  1  7 -1 0 1 0 0 0.01
 0  2  1 -1 -1  2  0  3  1 -4 -4  1 -2 -4 -1  0  0 -4 -3 -3 0 0 1 1 0.01
-1  0 -1  1  0  1 -1 -2 -3 -1 -3 -2 -3 -1 -2  2  5 -4 -3 -2 0 0 1 0 0.01
-1 -1  1  5 -4  0  1  2 -1 -3 -3  0 -2 -4 -1  0 -1 -4 -4 -2 0 0 1 1 0.01
-1  0  2  2 -2  0  3 -2  0 -2 -2  0 -2 -1 -2  0  0 -3  2 -1 0 1 0 0 0.01
-3 -4 -4 -5  4 -4 -4 -4 -3  0  2 -4  1  7 -4 -2 -3  0  2  0 0 0 1 0 0.01
-2 -4 -4 -1 -5 -4 -4 -4 -5 -5 -5 -4 -5 -5  8 -3  0  2 -5 -2 0 0 1 0 0.01
 5 -3 -2 -1 -1 -2 -2  3 -3 -1 -3 -3 -2 -4 -3  0 -2 -4 -4 -3 0 1 0 0 0.01
-4 -5 -5 -5  0 -5 -5 -5 -4 -3 -3 -5 -3  9 -5 -4 -4 -2  3 -2 0 0 1 0 0.01
-4 -4 -4 -2 -4 -4 -4 -5  0 -1 -1 -4  0  5 -5 -4 -2  6  7 -1 0 0 1 0 0.01
-1 -2  0 -3  4 -3 -1 -3 -2 -2 -1 -2 -1  2 -2  2  4 -3 -2 -1 0 1 0 0 0.01
 1  5  0 -2  1  0  0 -2  0 -3 -3 -1 -3 -4  2  0 -1 -4 -1 -3 0 0 1 1 0.01
-1  1  1  3  0  1  2  0  0 -3 -1  1 -2 -3 -1  1  0 -4 -3 -3 0 0 1 1 0.01
-1 -3 -2 -2 -4 -3  0 -1 -4 -5 -5 -1 -4 -1 -2  6  1 -5 -4 -3 0 0 1 0 0.01
 0  1  1  1 -2  1  1  0  2  0 -2  1 -2 -3  1  0  0 -3 -2  0 0 0 1 1 0.01
-1 -1 -3 -1  2  0  0 -3  2  1  0 -1  1  3 -3 -1 -1  3  2  0 0 0 1 1 0.01
-1  1 -1  0 -4  0  0 -1  0 -2 -3  4 -1 -1  3 -1 -1 -1  0 -4 0 1 0 1 0.02
 2 -4 -2 -4  0 -3 -4 -4 -4  1  1 -3 -2 -1 -4  2  0 -4 -3  3 0 0 1 0 0.02
-2 -4  0  3 -5  0  0 -3  1 -3 -5 -2 -2 -5  6  1 -1 -5 -5 -3 0 0 1 0 0.02
-1 -2 -1 -3  2 -1 -3 -1  1  0  1 -2  0  1 -3  0  0  5  4 -1 0 1 0 1 0.02
-1  5  2 -2  0  0 -2 -2  0 -2 -3  1 -2 -1 -4  1  0 -1 -3  0 0 1 0 1 0.02
 0 -3 -4 -4  1 -2 -4 -3 -4  2  2 -4  3  1 -3 -2  0  1 -1  3 0 1 0 0 0.01
-2  0  1  6 -2  1  3 -3  0 -4 -4 -2 -5 -4 -1 -1 -1 -2 -2 -5 0 0 1 1 0.01
-2 -2  2  3  0 -1  0 -3 -2 -5 -5 -1 -4 -4 -4  4  3 -5 -4 -3 0 0 1 1 0.01
 3 -4 -4 -2 -4 -3  2 -3 -4 -2 -1 -4 -4  0  5 -1 -1 -2 -2  1 1 0 0 0 0.01
 2  0 -1  0 -2  1  4 -1 -2 -2 -2  1 -2 -2 -3  0 -1 -4 -3 -2 1 0 0 1 0.01
-1 -2 -3  2 -1  3  6 -3 -2 -4 -3 -2 -3 -3 -1 -2 -2 -5 -5 -4 1 0 0 1 0.01
 4 -3 -5 -5  2 -3 -4 -4 -2  4 -1 -4 -1 -2 -2 -2 -2 -5 -4  2 1 0 0 0 0.01
 7 -5 -5 -5 -2 -4 -5 -3 -5 -3 -4 -3 -4 -5 -5 -1 -2 -6 -5  0 1 0 0 0 0.01
 2  3  0  1 -2  1  1 -1  0 -3 -3  2 -4 -5 -4 -1 -2 -5 -4 -3 1 0 0 1 0.01
 2 -3 -5 -5 -1 -2 -5 -5 -2  4  2 -5  2  1 -5 -2 -1  0 -4  2 1 0 0 0 0.01
-1 -3 -5 -5 -1 -1 -4 -3  1  4  2 -4  4  1 -5 -3 -2  3  0  0 1 0 0 0 0.01
 1  2  0 -1 -1  1  0 -3  4 -3 -1  2  1 -1 -3 -1 -1 -1  2 -2 1 0 0 0 0.01
 4 -2 -2 -2 -1 -1 -2 -2 -1 -1 -1 -2  1 -3 -1  1  2 -1 -1  1 1 0 0 0 0.01
-1  4  2 -4 -1  3 -1 -2  4 -3 -4  3  0 -5 -5  0 -2  0 -4 -4 1 0 0 0 0.01
-1  3  0  1 -5  0  0 -1  1 -3 -1  0 -1 -1 -2 -1 -2  7 -1 -3 1 0 0 0 0.01
 2  1  0  1 -2  3  2 -2 -1 -3 -2  1  0 -3 -2  0 -1 -5 -4 -3 1 0 0 1 0.01
-1 -5 -6 -6 -1 -3 -5 -6 -2 -1  5 -2  5  1 -6 -3 -1  0 -2 -1 0 0 1 0 0.01
-1 -2  1  0 -4  1 -1  5  0 -4 -3 -1 -1 -4  0 -1 -3 -4 -2 -3 0 0 1 1 0.01
-2 -1 -2 -3 -3 -2 -3  0 -2  1  4 -2  1  0 -2 -3 -1 -3 -2  0 0 0 1 0 0.01
 0  1  1  0  0  1  1  1  1 -3 -3  0 -1 -3  3  0  0 -4 -3 -3 0 0 1 1 0.01
 0 -1  0 -3 -1 -1 -3  4 -2 -5 -4 -1 -4 -4  1  4  0 -5 -2 -4 0 0 1 0 0.01
 1 -2 -4 -4 -5 -4 -4  6 -5 -5 -5 -3 -5 -6  0 -1 -2 -5 -5 -3 0 0 1 0 0.01
-1 -4 -2 -4 -1  0 -2 -4 -2  3  2 -3  4  0 -4 -2  0 -1 -2  3 0 1 0 0 0.01
-3 -5 -4 -6 -4 -5 -5 -3  0  1  5 -5  0 -2 -5 -3 -4 -5 -4  4 0 1 0 0 0.01
-4 -5 -6 -6 -4 -5 -5 -6 -5  5  2 -5 -2  4 -5 -5 -3 -1  0  4 0 1 0 0 0.01
 5 -4 -4 -4  4 -2 -4  0 -4 -1 -1 -4 -2 -2 -4 -1  2 -5 -4  0 0 1 0 0 0.01
-3 -2  6 -3  2 -1 -4 -4 -1  0 -2 -3 -3 -4 -4 -2 -1 -5 -4  3 0 0 1 0 0.01
-2 -5 -5 -5 -6 -5 -1 -3 -5 -6 -6 -4 -6 -6  8 -2 -5 -6 -6 -5 0 0 1 0 0.01
-4 -5 -1 -5 -1 -5 -5 -4 -5  6 -1 -5 -2 -4  2 -4 -1 -5 -4  4 0 0 1 0 0.01
-2 -3 -5 -3 -6 -5 -4 -6  0 -5 -5 -1 -2 -7  8 -1 -5 -7 -6 -4 0 0 1 0 0.01
 1 -1 -2 -1 -5  1  5 -3 -1 -4 -3  2 -2 -3  1 -1 -1 -5 -3 -1 1 0 0 1 0.02
 1 -2 -2  2 -5  1  6 -3 -1 -5 -5  1 -4 -6  1 -2 -2 -5 -5 -4 1 0 0 1 0.02
-1 -1 -2  3 -2  0  1 -3  5 -2 -2 -2 -2  2 -2 -1 -1 -3  4 -2 1 0 0 1 0.03
 4  1 -2 -2 -1  2  2 -1 -2 -5 -5 -2 -3 -5  0  1 -1 -5 -4 -3 0 0 1 1 0.03
 1 -4 -4 -4  0 -3 -2 -4 -5  4  3 -4  4 -1 -4 -3 -2 -5 -3  1 0 0 1 0 0.04
 1 -2 -1  5 -5 -1  1 -4 -3 -4 -5 -2 -5 -6  5  0 -1 -6 -5 -4 0 0 1 1 0.03
 1  1 -1  1 -4 -1  0  2 -1 -4 -3  1 -2 -2  2  1 -1 -2  0 -2 1 0 0 1 0.03
 2  0  1  2 -5  1  4 -1  0 -4 -4  1 -4 -4 -1  0 -1 -5 -4 -3 1 0 0 1 0.02
-1 -1 -1  1 -4  1  3 -2 -2  0  1  0 -1  0 -2 -2 -1 -2  0  1 1 0 0 1 0.02
-2 -5 -5 -6 -4 -4 -5 -6  3  5  1 -5  5  0 -5 -2 -1 -5 -3  2 1 0 0 0 0.01
 0  0  2  3 -4  1  4 -2  0 -2 -2 -1  0 -4 -3 -1 -1 -5 -4 -2 1 0 0 1 0.01
 1  2  0  1 -1  1  1  0  0 -2 -2  1 -1 -3  2  0 -1 -4 -2 -2 1 0 0 1 0.01
 3 -2 -1 -4  0 -3 -3 -3  1  2 -1 -2  0  0 -3 -1 -1  4  1  2 1 0 0 0 0.01
-4 -6 -6 -6 -5 -5 -4 -6 -6  7  2 -6  0 -3 -6 -5 -1 -5 -1  2 1 0 0 0 0.01
 2  0  0  2 -2  2  4 -3 -1 -3 -4  1 -4 -5 -2  0 -1 -5 -3 -2 1 0 0 1 0.01
 0  2  1  1 -5  5  3 -3 -2 -3 -2  1 -2 -5 -4 -1  0 -5 -4 -3 1 0 0 1 0.01
 6 -5 -5 -5 -1 -4 -4  0 -5 -2 -5 -4 -4 -5 -4 -1 -2 -6 -5 -1 1 0 0 0 0.01
-3 -3 -1 -3 -2 -1 -1 -4 -3  2  4 -4 -1 -1 -5 -3 -2  0 -1  2 1 0 0 0 0.01
 2  2 -2  0 -2  2  2 -2  2 -1 -2  2 -1 -2 -3  0 -1 -4 -2 -2 1 0 0 1 0.01
-1 -1  0  2 -2  1  6 -4 -2 -4 -2  0 -1 -3 -4 -2 -2 -2 -2 -5 1 0 0 0 0.02
 6 -4 -4 -5  3 -4 -4 -2 -2  0 -1 -3  1 -5 -4  0 -2 -5 -5 -2 1 0 0 0 0.02
 0  1  0  2 -4  0  3  0  0 -2 -3  2 -3 -1 -3  0 -1 -4 -3 -2 1 0 0 1 0.03
 1  2 -1  1 -3  2  3 -2  0 -2 -2  0 -1 -3 -3  0  0 -4 -1 -1 1 0 0 1 0.03
 0  1  1  0 -4  3  1 -1  2 -3 -1  2  0 -3 -3 -1 -1  0 -1 -2 0 0 1 1 0.04
-1  0  3 -1  0 -1  0  5  2 -5 -5 -1 -4 -2 -4 -1 -3 -4 -4 -2 0 0 1 1 0.04
-2 -2 -4 -5 -3 -2 -4 -5 -2  6  0 -2  0  0 -4 -4 -2 -4 -2  4 0 0 1 0 0.04
 0  2  0 -1 -3  1  0 -1  2 -1 -2  1 -1 -2 -2  1  2 -3 -1 -1 0 0 1 1 0.03
-1 -1 -3 -4 -4 -2 -4  7 -4 -5 -5 -4 -5 -5 -4 -1 -4 -5 -5 -5 1 0 0 0 0.03
 0  1  1 -2 -4  2  0 -2 -1 -3 -4  5 -3 -4 -2  0 -2 -4 -3 -3 1 0 0 1 0.02
 3 -1  0  4 -3  0  2 -1 -2 -3 -3 -1 -3 -3 -3  1 -1 -3  1 -3 1 0 0 1 0.02
 0 -3  1 -3 -1 -2 -2 -4 -3  1  1 -3  0  2 -3  0  0 -3 -1  4 1 0 0 0 0.02
-1 -1  0 -1 -2 -1 -1 -2  3 -2 -2 -1 -1 -3 -2  2  5 -3 -2 -1 1 0 0 0 0.01
-1 -2 -2 -2 -3  1 -1 -3 -2 -3 -1  0 -2 -4  7  0 -1 -4 -3 -3 1 0 0 0 0.01
 0 -1 -3 -3 -3 -1 -2 -3  1 -1  0 -2 -1  4 -3 -2 -2  3  5 -1 1 0 0 1 0.01
-1 -4 -4 -4 -3 -3 -4 -4 -4  1  5 -4  3  0 -4 -1 -2 -3 -3  1 1 0 0 0 0.01
-3 -3  1 -4 -3 -3 -3 -4  2  0  5 -3  3 -2 -4 -3 -3 -3 -2 -1 1 0 0 0 0.01
 2  1  0  1 -3  1  2  1 -1 -3 -3  1 -2 -3 -2  1 -1 -3 -3 -2 1 0 0 1 0.01
 1  4 -1 -1 -3  0  1 -2  3 -3 -2  3  0 -2 -2 -1 -1 -3  0 -1 1 0 0 0 0.02
-2 -3 -4 -4 -2 -3 -4 -4 -4  4  3 -3  1  2 -3 -3 -2 -3 -2  3 1 0 0 0 0.02
 1  0  2  2 -2  0  0 -1  2 -2 -2  0 -1  0 -2  1 -1 -3 -1 -1 1 0 0 0 0.02
-1  3 -1  1 -4  1  4 -3  0 -3 -3  2 -3 -4 -3  0  0 -4 -3 -2 1 0 0 1 0.03
 0  0 -2 -2  0 -1 -1 -2  2  1  3 -1  2 -1 -3 -2 -1 -3  0  1 1 0 0 1 0.03
-1 -3 -2 -3  3 -3 -3 -3 -4 -2 -3 -2 -3 -2 -3  2  6 -4 -3  0 0 0 1 0 0.04
 0 -1  1  2 -2  1  1  3  0 -4 -3  2 -2 -3 -2 -1 -2 -3 -2 -3 0 0 1 1 0.04
-2 -3 -1 -1 -4 -3 -1  6 -3 -3 -4 -3 -4 -4 -1 -1 -3 -4 -3 -4 0 0 1 1 0.05
 1  3  0  0 -3  1  2 -2  0 -2 -2  2  0 -3 -2  0 -1 -3  0 -2 1 0 0 1 0.05
 0 -3 -2 -2 -3 -2 -2 -2 -3 -2 -1 -2 -3 -3 -2  6  2 -4 -3 -1 1 0 0 0 0.04
-1 -2 -3 -3 -3 -2 -3 -4 -4  0  4 -2  4 -2 -2  0 -1 -3 -3  2 1 0 0 0 0.03
 1  1 -1  1 -3  2  3 -2 -1 -2 -2  2 -1 -3 -1  0  0 -3  0 -2 1 0 0 1 0.02
 4 -3 -2 -3  1  0 -2 -2 -3 -1 -2 -2 -2 -3 -2  2  1 -4 -1  0 1 0 0 0 0.02
-3 -3  8 -1 -4  1 -2 -2 -2 -2 -5 -2 -4 -5 -4 -1 -2 -5 -4 -4 1 0 0 0 0.02
-2  0 -3 -4 -3 -2 -1 -2 -4  5  1  0  1 -1 -4 -3 -1 -4 -3  2 1 0 0 0 0.02
 4  0 -1  0 -2  2  1 -1 -1 -3 -2 -1 -2  0 -3  0 -2 -4 -2 -2 1 0 0 1 0.02
-1 -4 -4 -5 -3 -4 -4 -3 -4  1  5 -4  0  0 -4 -1 -3 -3 -3  1 1 0 0 0 0.02
-2 -4 -5 -5 -3 -4 -5 -5 -5  3  3 -4  2 -2 -5 -4 -3 -4 -1  5 1 0 0 0 0.01
-2  3 -2 -2 -3  0  1 -4 -1  0  1  3 -1  0 -3 -2 -1 -3  1  0 1 0 0 0 0.01
 0  0  6  0 -3 -1  0 -1  1 -4 -3 -2  1 -4 -4  1 -2 -5 -3 -4 1 0 0 1 0.01
-4 -3  8 -2 -2 -3 -3 -3 -3 -4 -6 -3 -5 -6 -5  0  0 -6 -5 -3 1 0 0 0 0.01
 6 -5 -5 -5 -1 -4 -4 -3 -5  1 -3 -4 -1 -5 -4 -2 -2 -5 -4  3 1 0 0 0 0.01
 0  4 -1 -1 -4 -1  1 -3 -2 -1  0  3 -2 -2 -3  0 -1 -4 -3 -1 1 0 0 1 0.01
-1  0 -4 -5 -2 -3 -4 -5 -4  2  3 -2  0 -1 -4 -3  0 -1 -3  4 1 0 0 0 0.01
 6 -5 -4 -4 -4 -4 -4  4 -5 -5 -5 -4 -4 -5 -4 -1 -3 -5 -5 -4 1 0 0 0 0.01
 5 -4 -3 -4  3 -3 -2  2 -4 -4 -3 -3 -4 -5 -4  1  2 -5 -4 -3 1 0 0 0 0.01
 0  2  0  0 -4  3  3 -2  0 -2 -2  3 -2 -5 -3 -1 -2 -5 -4 -4 1 0 0 1 0.01
-4 -6 -6 -6 -2 -6 -6 -7 -6  7  1 -6 -1 -2 -6 -5 -3 -5 -4  2 1 0 0 0 0.01
 7 -5 -5 -5 -2 -4 -4 -3 -5 -5 -4 -4 -4 -6 -2  0 -3 -6 -5 -4 1 0 0 0 0.01
 0  1 -1 -3  2 -1 -1 -3 -1  0 -1  1 -1 -3 -3 -1  1 -2 -2  3 1 0 0 1 0.02
 4 -2 -2 -1 -2  1  4 -3 -1 -4 -4 -1 -4 -5 -3  0 -2 -5 -3 -2 1 0 0 0 0.01
-4 -5 -4 -6 -4 -5 -5 -6  0  0  5 -5  1  1 -6 -5 -3  2  5 -1 1 0 0 0 0.02
 3 -2  0 -2  0  1 -2 -2  0 -2 -3  0 -2 -3 -3  3  2 -4 -1 -2 1 0 0 1 0.03
 0  4  1 -2 -5  2 -1 -2 -2 -3 -3  4 -3 -5 -3 -1 -1 -5 -4 -3 1 0 0 1 0.07
-3 -5 -6 -6 -4 -5 -5 -5 -5  2  6 -5  3 -2 -5 -5 -3 -4 -4  0 1 0 0 1 0.10
 2  1 -1 -2  1 -1 -1  2 -2 -2 -3 -1 -1 -3 -2  3  2 -3 -3 -2 0 0 1 1 0.17
-1 -3 -1 -2 -3 -3 -3  6 -3 -5 -5 -2 -4 -4 -3 -1 -2 -3 -4 -4 0 0 1 1 0.37
