 1 -1  1  0 -1  0  0  0 -1 -3 -3  0 -2 -3 -1  4  1 -3 -2 -2 0 0 1 1 0.96
-2  4  4  0 -3  1  0 -1  0 -3 -3  1 -2 -3 -2  0 -1 -3 -2 -3 0 0 1 1 0.96
 4 -2 -2 -2  0 -1 -1  0 -2 -1 -2 -1 -1 -2 -1  1  0 -3 -2  0 0 0 1 1 0.96
 2 -2 -2 -3 -1 -1 -2 -2 -2  1  1 -1  5 -1 -2  0 -1 -2 -1  0 0 0 1 0 0.96
 0 -1  0  0 -2  0  3 -2 -1 -1 -2  0 -1 -3 -1  1  4 -3 -2 -1 0 0 1 1 0.95
-1 -1  0  1 -3  1  4  3 -1 -4 -3  0 -2 -3 -2  0 -1 -3 -3 -3 0 0 1 1 0.94
 0 -1  4  0 -1  0  0  0  0 -3 -3  0 -2 -3 -1  3  1 -3 -2 -2 0 0 1 1 0.93
 3 -1 -1 -2 -1 -1 -1 -1 -2 -1 -2 -1 -1 -2 -1  1  3 -3 -2  0 0 0 1 0 0.95
-1  3  0 -1 -3  4  1 -2  0 -3 -2  3 -1 -3 -2  0  1 -3 -2 -2 0 0 1 1 0.89
-1 -1  0  5 -3  0  3 -2 -1 -3 -3  1 -2 -3 -2  0  1 -4 -3 -2 0 0 1 1 0.84
-1  4 -1 -1 -3  0  0 -2 -1 -3 -2  2 -2 -3  3  1  2 -3 -2 -2 0 0 1 1 0.75
-2 -3 -3 -2 -4 -2 -2 -3 -2 -4 -4 -2 -3 -3  8 -2 -2 -3  1 -3 0 0 1 1 0.65
 2  1  2 -1 -1  0 -1 -1  2 -2 -2  0 -1 -3 -1  2  1 -3 -2 -1 0 0 1 1 0.55
 1 -2 -1 -1 -2 -1  1  2 -2  0  0 -1  0 -2  1  0  1 -2 -2  0 0 0 1 1 0.43
 3 -2 -1 -2 -2 -1 -2  3 -2 -2 -1 -1 -1 -3  2  1 -1 -3 -2 -1 0 0 1 1 0.29
 0  2 -1 -2 -2 -1 -1 -2 -2  0  0  0  3  0 -2 -1  2 -2 -1  0 0 0 1 1 0.14
-1  0 -2 -2  1 -2 -2 -1 -1 -2 -2 -1 -2  2  6 -2 -2 -1  3  0 0 0 1 0 0.10
-1  2 -1  0 -3  2  1 -2 -1 -1  1  2  1 -1 -2  0 -1 -2  2 -2 0 1 0 1 0.07
-2 -3 -4 -4 -2 -3 -4 -4 -4  4  2 -3  2 -1 -3 -3 -1 -3 -2  4 0 1 0 1 0.06
 0 -1 -3 -3 -2 -2 -1 -3 -3  3  1 -2  0 -1 -3  0 -1 -3  0  4 0 1 0 1 0.08
-1  0  4  3 -3  2  1  0  2 -4 -4  0 -3 -4 -2  1  0 -4 -2 -3 0 1 0 0 0.06
-1 -3 -3 -4 -2 -1 -3 -3 -2  0  3 -3  0  3 -3  0  0 -1  3 -1 0 0 1 0 0.04
 2 -1  0  3 -2 -1  0  0 -2 -3 -3  0 -2 -3 -2  2  0 -3 -3 -2 0 0 1 1 0.03
-1  0  0  1 -4  0  5 -3 -1 -4 -4  1 -3 -4 -2  1  1 -4 -3 -3 0 0 1 1 0.04
 2 -3 -3 -4 -2  0 -3 -3 -3  4  2 -3  2 -1 -3 -2 -1 -3 -2  2 0 0 1 0 0.03
 0  0 -2  2 -4 -1  3 -3 -2 -1 -3  0 -3 -4  6 -1 -2 -4 -1 -3 0 0 1 1 0.03
 1 -3 -1 -2 -3 -2  0  4 -3 -3 -3 -2 -3 -4  5  0 -1 -4 -3  0 0 0 1 1 0.03
-2 -3  1  0 -2 -2 -1 -3 -2  0 -1 -2 -1  2  0 -1  2 -2  2  3 0 1 0 1 0.03
 1  1  1 -1 -2  1  0 -2  2 -1 -2 -1 -2 -3  4  0  1 -4 -2 -1 0 1 0 1 0.03
-1  0 -2  0  7  0 -2  1  1 -2  0 -2 -2 -3 -3 -1  2 -3 -3 -1 0 1 0 0 0.03
-1  1 -2  0 -4 -2 -2  0  0 -4 -4  1 -3 -4  6 -1  0 -5 -3 -3 0 0 1 1 0.03
-1  0  0  2  7 -2 -2  2 -3 -3 -3 -2 -3 -4 -3  1 -2 -4 -4 -1 0 0 1 0 0.03
-2 -4 -2 -3 -4 -3 -4  6 -4 -5 -5 -3  0 -4  0 -2 -3  5 -4 -5 0 1 0 0 0.03
 0  0 -1  0 -2  1  0 -1 -1  0 -1  0 -1  0 -1  1  0  4  1  1 0 1 0 1 0.04
 2  1 -1 -2 -2 -1  0  0 -2 -2 -1  0  0 -3 -2  2  2 -3 -3  0 0 1 0 0 0.02
 0  4 -2 -3 -3  0 -1 -3 -2  1 -1  2  1 -3 -3  0  2 -4 -3 -1 0 1 0 0 0.02
 0  6 -2 -3 -4  1 -1 -3 -2 -4 -4  2 -3 -4 -1 -1 -1 -4 -3 -4 0 1 0 1 0.02
 2 -2 -2 -2 -2 -1  1 -1 -3  1  1 -2  3 -2 -2  0  1 -3 -2  0 0 1 0 0 0.02
-3 -3 -4 -4 -3 -3 -4 -4  0  2  3 -2  2  5 -4 -3 -2  2  2  0 0 0 1 0 0.03
 3 -1 -2 -3 -2 -2 -2  0 -3  0  1 -1  1 -2 -2  1  2 -3 -2  1 0 0 1 1 0.03
 0  0  1  3 -3 -1  1  1  3 -3 -1  0 -1 -3  0  0 -1 -3 -1 -3 1 0 0 1 0.04
 1 -1  0  3 -3 -1  1 -1 -2 -2 -3 -1 -2 -4  3  0  0 -4 -3  1 1 0 0 1 0.04
 2 -2  1  3 -3 -1  1  2 -2 -3 -3 -2 -3 -4  2 -1  0  1 -3 -2 1 0 0 0 0.03
 1 -2  3  2 -3  0  0  2 -2 -2 -2  0 -2 -3 -2  0  0 -3 -1 -1 0 0 1 1 0.03
 1  0 -2 -1 -2  0 -1  0 -2  0  0 -1  1  1  1  0  0 -2  0  1 0 0 1 0 0.02
 0 -2  0 -2 -3  0 -2  1 -3 -1 -1  0 -2 -4  5  2  0 -4 -3 -3 0 0 1 1 0.02
 1 -2 -2 -3  3 -1 -2  2  0  1  0 -2 -1  0 -3 -1 -1 -2  0  1 0 0 1 0 0.02
 2 -2  0 -2 -2 -2 -2 -2 -3 -3 -2 -2 -2 -3 -2  5  2 -4 -3 -1 0 1 0 0 0.02
-2  0 -4 -4 -2 -3 -1 -4 -3  2  2 -3  2  2 -3 -3 -2 -3 -2  4 0 1 0 0 0.02
 3 -1 -2 -3 -3  1 -2 -1  8 -3 -2 -2 -3 -3 -3 -2 -2 -4  1 -1 0 1 0 0 0.02
 0  0 -2 -2 -3  0  2 -3 -2  2  1 -1  0 -1 -3 -2 -1 -3  1  2 0 1 0 0 0.02
 1 -3 -2 -3 -2 -1 -1 -1 -3  0  0 -2 -1 -3 -3  0  4 -4 -3  3 0 1 0 0 0.02
-1  1  0  1 -3  2  3 -1  1 -3 -2 -1 -2 -3  2  0  2 -4 -3 -2 0 1 0 1 0.03
-1 -3 -3 -3 -2 -3 -1 -4 -3  4  1 -3  0  0  2 -2 -1 -3 -2  3 0 1 0 0 0.04
 0  0  0 -1 -3  0 -1  2  0 -2 -2  1 -2 -1  2  1  1 -3  0 -1 0 0 1 1 0.05
 0  0  0  1 -3  1  2  2  1 -2 -2  1 -2 -3 -1  0 -1 -3 -2 -1 0 0 1 1 0.06
 1  0  1  3 -3  0  1  2  1 -3 -3  1 -3 -3 -2  0  1 -4 -3 -3 0 0 1 1 0.08
 2 -2 -2 -2 -2  0 -2 -1 -3 -1 -2 -2 -2 -3 -2  1  4 -4 -3  1 0 0 1 0 0.09
-1  2 -2 -1 -3  1  3 -1 -2 -2 -1  2 -1 -3  1 -1 -1 -4 -3  0 0 0 1 1 0.10
 0  0 -1 -1 -2  0  1 -3 -2 -1  2 -1  0 -2  1  0  1  3 -2  0 0 0 1 1 0.11
-4 -3 -2 -4 -6 -2 -1 -5 10 -6 -5 -3  1  0 -2 -4 -4 -5 -1 -6 0 1 0 0 0.10
-1  0 -3 -2  1 -2 -3 -4  1 -1  0  0  0  3 -4 -3 -2  3  6 -1 0 1 0 0 0.09
-4 -3 -1 -4 -6 -2 -3 -5 10 -5  0 -4 -4 -4 -5 -2 -4 -5  1 -5 0 0 1 0 0.09
-2  4 -1 -1 -4  0  1 -2  2 -4 -2  4 -1 -4  1 -1 -1 -4 -2 -3 0 0 1 1 0.08
-1  2  1  1 -3  1  0 -2  2 -2 -1  2 -2 -1 -2  0  1 -3  0  0 0 0 1 1 0.06
 0 -2 -2 -3 -3  0 -2 -2  6 -2  0 -1  2 -1 -3  2  3 -4 -2 -2 0 0 1 0 0.04
-1 -2  0  2 -4  1  4 -3 -2 -3 -2 -2 -2  1 -3 -1  3 -3  1 -1 0 1 0 0 0.03
-3 -3 -3 -1 -6 -1  7 -5 -3 -6 -5 -2 -5 -1 -4 -1 -3 -5 -4 -5 0 1 0 0 0.03
 0 -1 -3 -4 -2 -1 -3 -4 -1  4  0 -3  1  0 -3 -1  1 -3 -1  3 0 1 0 0 0.02
-3 -4  0 -4 -4 -1 -2 -5 -1  0 -2 -4 -2  3 -5 -3 -3 -1  8  1 0 1 0 0 0.01
-4 -4 -4 -5 -4 -3 -4 -5  3  0  0 -4 -2  2 -5 -4 -2  4  8  1 0 1 0 0 0.01
-2 -5 -5 -5  3 -4 -5 -5 -5  5 -1 -4 -1  1 -4 -4 -2 -4 -1  4 0 1 0 0 0.01
-1 -3 -3 -4 -2 -3 -2 -4 -3  2  4 -3  1  1 -3 -3  0 -2 -2  1 0 1 0 0 0.01
-1 -1 -1  2 -3  1  4 -1 -1 -3 -3  0 -2 -3 -2  1  0 -3 -2 -1 0 1 0 1 0.01
-1 -1 -1 -1  3  0 -1  4  0 -2 -2  0 -2 -2 -1 -1  0 -2 -2 -1 0 1 0 1 0.01
 1 -1  0  0  2  2  3 -1 -1 -2 -2  0 -2 -2 -1  1  0 -2 -2 -1 0 0 1 1 0.01
 0 -4 -3 -2 -5 -4 -4  7 -4 -6 -6 -4 -5 -5 -1 -2 -4 -5 -5 -5 0 0 1 1 0.01
-1  2  2  1 -3  1  1 -1  2 -1 -1  1 -1 -2 -2  0  1 -3 -1 -2 0 0 1 1 0.01
 3 -2 -2 -2 -2 -2 -2  4 -2  0 -1 -2 -1 -2 -2 -1 -1 -3 -2  1 0 0 1 0 0.01
-1  1 -2 -1 -3  2  3 -3 -2  1 -1  1  0 -3 -2 -1  2 -3 -1  0 0 1 0 0 0.01
-2 -3 -1 -1 -3 -3 -3 -4  0  3  1 -3  7 -1 -4 -3 -1 -3  0  1 0 1 0 0 0.01
-1  1 -1  0 -3  2  2 -1  2 -1 -2  1 -2 -2 -2  0  1  3  0  0 0 1 0 0 0.01
 0 -3 -4 -4 -2 -3 -2 -4 -4  3  4 -3  0  0 -3 -3 -2 -3 -2  2 0 1 0 0 0.01
-2 -3  3  5 -4 -2  1  3 -2 -4 -4 -1 -4 -4 -3  0  0 -5 -4 -4 0 0 1 1 0.01
-1 -1  0  3 -4 -2 -1  5 -1 -5 -4 -2 -4 -5 -3  0 -3 -5 -4 -3 0 0 1 1 0.01
 0  2 -2  1 -4  3  5 -3 -2 -4 -4  2 -3 -4 -1 -1  0 -4 -3 -2 0 1 0 1 0.02
-1  1 -2 -2 -3 -1  2 -3 -2  1 -1  2 -1 -3  2  0  0  2 -2  1 0 1 0 1 0.01
-2  1 -2 -3 -3  0 -2 -3  4  2  0 -2  0  3 -2 -1 -2  2  2  1 0 1 0 1 0.01
-1 -1 -1  3 -4  0  3 -3 -2 -3 -4 -1 -1 -4  5  0 -1 -5 -4 -3 0 1 0 1 0.01
-1 -4 -5 -5 -3 -4 -4 -5 -5  3  2 -4  1 -2 -4 -4 -2 -4 -3  5 0 0 1 0 0.01
-1  4  0 -2 -4  0  0  1  2 -3 -3  3 -3 -3 -3  0  1 -4 -3 -3 0 0 1 1 0.01
 0 -1 -3 -2  0 -1  0 -3 -3 -4 -4  1 -4 -5  7  0 -1 -5 -4 -1 0 0 1 1 0.01
-2 -4 -2 -2 -4 -3 -1  7 -4 -5 -1 -3 -1 -5 -4 -1 -3 -5 -5 -5 0 0 1 0 0.01
-1 -3 -1  5 -4  0 -1 -3 -1 -3 -2 -2  1 -4 -3  2  2 -5 -4 -2 0 1 0 0 0.01
 2 -3 -3 -3  4 -2 -3 -1 -3  1  0 -3  1 -2 -3  0  2  0 -3  2 0 1 0 0 0.01
-2 -4 -5 -5 -3 -4 -4 -5 -3  4  1 -4 -1  1 -4 -4 -2 -3  3  4 0 1 0 0 0.01
 0  0 -3 -3  2  0 -1 -3  1  1  2 -1  2  1 -3 -1 -1  0  1  1 0 1 0 0 0.01
-3 -5 -5 -5  0 -5 -5 -6 -5  6  2 -5  1 -2 -5 -4 -3 -4 -3  2 0 1 0 0 0.01
 0  0  0  1 -4 -2  0 -4 -1 -4 -3  1 -4 -5  7 -2 -3 -5 -4 -3 0 0 1 0 0.01
 1  0 -3 -3 -4 -2 -1 -2 -4 -2 -4  0 -4 -5  7  0 -3 -5 -4 -4 0 0 1 1 0.01
-2 -2  1 -3 -5 -3 -2  6  4 -5 -4 -1 -4 -5 -4 -2 -3 -4 -4 -5 0 0 1 1 0.01
 1 -2  0  1  3  0  0 -2 -2 -1 -2  0  0 -3 -2  0  3 -4 -3  1 0 0 1 0 0.01
 0  4 -2 -1 -3  0 -1 -3 -2  0 -1  1  0 -3  2  0  0  1 -3  0 0 0 1 1 0.01
-4  0 -1 -4 -6  2 -2 -5 10 -2 -5 -3 -4 -4 -5 -3 -4 -5 -1 -5 0 1 0 0 0.01
 1  5  0 -3 -4  1 -1 -2 -2 -4 -3  3 -3 -3 -3  1 -1  2 -1 -3 0 1 0 1 0.01
 2 -3 -1 -3 -2 -3 -3 -1 -3  3  1 -3  0  1 -1 -1 -1 -3 -2  2 0 1 0 0 0.01
-1  0 -1 -2 -2  0  0 -3 -3  2  0  0  0 -1 -3  0  3 -3 -2  2 0 1 0 1 0.01
 0 -3  3 -2  3 -2 -3  5 -3 -5 -5  0 -4 -5 -3  0 -1 -4 -4 -4 0 0 1 1 0.01
 0  1  2  3 -3  1  2 -2 -2 -3 -3  2 -3 -4 -1  1  1 -4 -3 -2 0 0 1 1 0.01
-1 -3 -3 -3 -3 -2 -2 -1 -1  0  3 -3  5  1 -4 -2  0 -3 -2  1 0 1 0 0 0.01
-1  3 -1  0 -4  1  1 -1  0 -2 -3  3  0 -2  0  0  0 -4 -2 -1 0 1 0 0 0.01
 0 -3 -4 -2 -2 -1 -3 -4 -3  3  2 -3  2  2 -4 -3 -2 -2  1  2 0 1 0 0 0.01
-1 -1 -4 -2 -3 -3 -3 -4 -3  2  4 -1  0  0 -4 -3 -2 -3 -1  2 0 1 0 0 0.01
 1 -3  2 -3  7 -3 -3 -3 -3  1  0 -3  2 -1 -4  1  0 -4 -3  0 0 1 0 0 0.01
-1 -4 -4 -5  5 -4 -4 -5 -4  4  1 -4  2 -1 -4 -3 -2 -4 -3  4 0 1 0 0 0.01
-2 -4 -4 -4  8 -2 -4 -4 -4  0 -1 -1 -2  3  0 -2  0 -3 -2  2 0 1 0 0 0.01
 1 -3  0 -2 -2 -2 -2 -1 -2  0  0 -2  1  3 -3  2  2 -2  1  1 0 1 0 0 0.01
-2 -4 -4 -4 -5 -3 -3 -4 -4 -4 -5 -3 -4 -5  8 -3 -3 -6 -5 -2 0 0 1 1 0.01
 3  0 -3 -3 -3 -2 -1 -3 -3 -3 -3  1  0 -4  6 -1 -2 -4 -4 -2 0 0 1 0 0.01
-4 -4 -4 -5 -4  1 -4 -5 -2 -2  1 -4 -2  6 -5 -4 -3  5  6 -3 0 0 1 0 0.01
 0  1  2  4 -3 -1  1 -2 -2 -2 -2 -1 -1 -4 -2  2 -1 -4 -3 -2 0 0 1 1 0.01
-2 -3 -2  1 -4 -2 -1  1  6 -2 -4 -1 -4 -4  6 -2 -3 -5 -3 -4 0 0 1 1 0.01
 2  0  0  1 -3  1  4 -1  0 -4 -4  1 -3 -4 -2  0 -2 -4 -3 -3 0 0 1 1 0.02
-3 -3  1  7  1 -2  1 -1 -3 -5 -5 -2 -5 -5 -3 -2 -3 -6 -5 -5 0 0 1 0 0.03
-2  0 -1  0 -4  2  5 -3 -2 -2 -3  1 -2 -4 -2 -1  1 -4 -3  0 0 0 1 1 0.03
-3 -2 -2 -4 -3 -2 -2 -4  5 -2 -2  0 -2  3 -4 -3 -3  7  5 -1 0 1 0 1 0.05
-3 -4 -4 -4 -3 -4 -4 -4 -3  1  2 -4  0  7 -4 -3 -2  0  2  0 0 0 1 1 0.07
 0 -2  0  6 -3 -1  2 -2 -2 -3 -4 -1 -3 -4 -2  0  1 -4 -3 -3 0 0 1 1 0.11
-1  0  0  1 -3  4  4 -2  0 -3 -3  1 -2 -3 -1  1 -1 -3 -2 -3 0 0 1 1 0.14
 0  0  0 -1 -2  0  0  3 -1 -3 -3  2 -2 -3 -1  2  0 -3 -2 -3 0 0 1 1 0.15
-1 -1  0  4 -4  1  5 -2 -1 -3 -3  0 -3 -4 -1  0 -1 -4 -3 -3 0 0 1 1 0.17
-1  1 -1 -2 -2  1  0 -2 -1  0  1  3  4 -1 -2 -1 -1 -2 -1  0 0 0 1 0 0.15
-1  1  4  0 -3  1  0 -1  0 -3 -3  3 -2 -3 -2  0  0 -4 -2 -3 0 0 1 1 0.17
 0 -2 -1 -2  7 -2 -2 -2 -2 -1 -1 -2 -1 -2 -2  0  3 -3 -2  0 0 0 1 0 0.18
-2 -2  1  6 -4  0  2 -1 -1 -3 -4 -1 -3 -4 -2  0 -1 -5 -3 -3 1 0 0 1 0.26
-1  0  0  1 -4  2  5 -2  0 -3 -3  1 -2 -3 -1  0 -1 -3 -2 -2 1 0 0 1 0.24
-1 -1 -2 -3 -1  0 -2 -3 -2  1  2 -1  5  0 -2 -1 -1 -1 -1  1 0 0 1 0 0.21
-2  0  6  1 -3  0  0  0  1 -3 -3  0 -2 -3 -2  1  0 -4 -2 -3 0 0 1 0 0.29
 4 -1 -2 -2  0 -1 -1  0 -2 -1 -1 -1 -1 -2 -1  1  0 -2 -2  0 0 0 1 1 0.28
-2 -2  1  6 -3  0  1 -1 -1 -3 -4 -1 -3 -3 -1  0 -1 -4 -3 -3 0 0 1 1 0.35
-1 -1 -2 -3 -1  0 -2 -3 -2  1  2 -1  5  0 -2 -1 -1 -1 -1  1 0 0 1 0 0.36
-2  0  6  1 -3  0  0  0  1 -3 -3  0 -2 -3 -2  1  0 -4 -2 -3 0 0 1 1 0.49
 0 -1  0 -1 -1 -1 -1 -2 -2 -1 -1 -1 -1 -2 -1  1  4 -2 -2  0 0 0 1 1 0.41
 4 -1 -2 -2  0 -1 -1  0 -2 -1 -1 -1 -1 -2 -1  1  0 -2 -2  0 0 0 1 1 0.39
-2 -2  1  6 -3  0  1 -1 -1 -3 -4 -1 -3 -3 -1  0 -1 -4 -3 -3 0 0 1 1 0.53
 0 -1  0 -1 -1 -1 -1 -2 -2 -1 -1 -1 -1 -2 -1  1  4 -2 -2  0 0 0 1 1 0.47
 1 -1  1  0 -1  0  0  0 -1 -2 -2  0 -1 -2 -1  4  1 -3 -2 -2 0 0 1 1 0.52
 1 -1  1  0 -1  0  0  0 -1 -2 -2  0 -1 -2 -1  4  1 -3 -2 -2 0 0 1 1 0.54
 4 -1 -2 -2  0 -1 -1  0 -2 -1 -1 -1 -1 -2 -1  1  0 -2 -2  0 0 0 1 1 0.65
-1 -2 -3 -4 -1 -2 -3 -4 -3  1  4 -2  2  0 -3 -2 -1 -2 -1  1 0 0 1 0 0.51
-1 -2 -2 -1 -3 -1 -1 -2 -2 -3 -3 -1 -2 -4  7 -1 -1 -4 -3 -2 0 0 1 1 0.51
-1 -1 -2 -3 -1  0 -2 -3 -2  1  2 -1  5  0 -2 -1 -1 -1 -1  1 0 0 1 1 0.70
-1  0  0  1 -4  2  5 -2  0 -3 -3  1 -2 -3 -1  0 -1 -3 -2 -2 0 1 0 1 0.52
-1 -3 -3 -3 -1 -3 -3 -4 -3  4  1 -3  1  0 -3 -2 -1 -3 -1  3 0 1 0 0 0.57
-2  0  1 -1 -3  0  0 -2  7 -3 -3 -1 -2 -1 -2 -1 -2 -2  2 -3 0 1 0 1 0.54
-2  0  1 -1 -3  0  0 -2  7 -3 -3 -1 -2 -1 -2 -1 -2 -2  2 -3 0 0 1 1 0.58
 0 -2 -3 -3 -1 -2 -2 -3 -3  3  1 -2  1 -1 -2 -2  0 -3 -1  4 0 0 1 1 0.57
