 0 -3  0 -1 -3 -2 -2  6 -2 -4 -4 -2 -3 -3 -2  0 -2 -3 -3 -3 0 0 1 1 0.63
 0 -1  0 -1 -1 -1 -1 -2 -2  0 -1 -1 -1 -2  1  1  5 -3 -2  0 0 0 1 1 0.46
-1 -3 -3 -4 -2 -2 -2 -4 -3  4  1 -3  4 -1 -3 -2 -1 -3 -2  3 1 0 0 0 0.34
-1  0  5  0 -3  2  0 -1  0 -3 -3  1 -2 -3 -2  1  1 -4 -2 -3 1 0 0 1 0.28
-1  3 -1  0 -4  5  3 -2  0 -4 -3  2 -2 -4 -2  0 -1 -3 -2 -3 1 0 0 1 0.21
-1 -2 -2 -3 -1 -2 -2 -3 -2  4  3 -2  1  0 -2 -2 -1 -2 -1  1 1 0 0 0 0.15
 1 -1 -2 -3 -2  2 -1 -3 -2  2  1 -1  4 -1 -2 -1 -1 -3 -2  1 1 0 0 0 0.13
-1  2 -2 -2 -2  0  1 -3 -2  1  0  0  4 -1 -3 -1  1 -3 -2  1 1 0 0 1 0.18
-1 -1  3  2 -2 -1 -1 -2  2 -2 -2 -1  1 -3 -2  2  2 -4 -2 -1 0 0 1 1 0.11
 1 -3 -1 -2 -2 -2 -2  5 -3 -3 -4 -2 -3 -4  1  1  1 -3 -3 -3 0 0 1 1 0.08
-2 -2  6  3 -4 -1 -1 -2 -1 -4 -4  0 -3 -3 -3  1  0 -4  1 -3 0 0 1 1 0.04
-1 -1  4  3  1 -1 -1 -2 -1 -4 -4  1 -3 -4  1  2  1 -4 -3 -3 0 0 1 1 0.03
-2 -4 -3  0 -4 -3 -3 -4 -3 -4 -2 -3 -3 -4  8 -2 -3 -4  1 -4 1 0 0 0 0.02
-2 -2 -1  3  3  0  5 -3 -2 -3  0  0 -2 -4 -3 -1  0 -4 -3 -3 1 0 0 1 0.01
 1 -1  1  4 -3 -1  2  0 -2 -3 -3  1 -3 -4 -2  2  0 -4 -3 -1 1 0 0 1 0.01
-4 -5 -6 -6  5 -4 -5 -5 -5 -4 -4 -5 -3 -2 -6 -5 -4 12  0  0 1 0 0 0 0.01
-1 -1 -3 -2 -3 -1 -1 -4 -3  0  3 -3  0  2 -4 -3 -2  7  1  0 1 0 0 0 0.01
 0  2  2  1  2  1 -1 -2  0 -2 -2  0  0 -3 -2  2  0 -4 -3 -1 1 0 0 1 0.01
-3  1 -4 -4 -1 -3 -4 -4 -1 -2  0 -3  1  5 -4 -3 -1  0  6 -2 1 0 0 1 0.01
-3 -4 -4 -5 -3 -3 -4 -5 -3  3  4 -4  0  0 -4 -4 -2 -2  2  1 1 0 0 0 0.01
-1  0 -2  0 -2  1  0 -3 -2  1  2  1  2 -1 -2 -1  0 -3 -2  0 1 0 0 1 0.01
-1  0  2  0 -3  1 -1 -2  2 -3 -1  2 -2 -2 -3  0 -2  7 -1 -3 1 0 0 1 0.01
 0 -2 -3 -3  2 -2  0 -3 -3  1  3 -2  1 -1 -3 -2  1  5 -1  1 1 0 0 0 0.02
-1 -1 -2  1  1  1  5 -3 -2 -3 -2  1 -3 -4 -2 -1  0 -4 -3 -3 1 0 0 0 0.03
 0  0  2 -1 -3  2  2 -1 -1 -4 -3  4 -2 -4 -2  1 -1 -4 -3 -3 1 0 0 1 0.03
-1  1  2 -1 -3  2  0 -2  1 -2  0  2  0 -1 -2 -1  1 -2  2 -2 0 0 1 1 0.05
-1 -2  1 -2  3  0 -1  3 -2 -2 -1  0 -2 -2 -2  2  2 -2  0 -2 0 0 1 0 0.06
-1 -2  2  1  1 -2 -1 -1 -1  0 -1 -2 -1  0  2  0  0 -2  2  1 0 0 1 1 0.07
-2 -1 -2  0 -3 -2 -2  2  1 -4 -3 -2 -3 -4  7  0 -2 -4 -3 -3 0 0 1 1 0.08
 1 -1 -1  0  1  4  1  1  2 -2 -1 -1 -1 -2 -2  0 -1 -2  2 -2 0 0 1 0 0.10
-1  1  1  0 -3  2  3  0 -1 -2 -2  2 -1 -1 -2  1  1 -3 -2 -2 0 0 1 0 0.09
-2  1  0  4 -3  0  2  0 -2 -3 -3  2 -3 -3  1  0 -1 -3 -3 -3 1 0 0 1 0.08
 1 -1  1 -1  0  1 -1 -1 -2 -1 -2  0  0 -2  0  2  3 -3 -2  0 1 0 0 1 0.07
-1 -1  2  1 -2 -1  1 -2  3 -1  2  0  0 -1 -2  0  0 -3 -1 -1 1 0 0 1 0.05
-2  2 -2 -3 -2 -2 -2 -3 -3  1  3  0  2 -1 -3 -1  0 -3 -2  0 1 0 0 0 0.04
-1  0  4  1 -3  0  1  0 -1 -2  0 -1 -1  1 -2  0  0 -2  0 -2 1 0 0 1 0.03
-2  3 -1 -2  2  0  0 -3  3  0 -2  3 -2 -3  0 -1  0 -4 -2 -1 1 0 0 1 0.03
-2 -3 -4 -4  1  0 -3 -4  0  0  4 -3  0  0 -4 -1 -2 -3 -2  1 1 0 0 0 0.01
-2  0 -3 -3 -2  0 -1 -4  0  3  3 -1  2 -1 -3 -3 -2 -3 -2  1 1 0 0 0 0.01
 0  2  0  3 -3  1  2  2  2 -3 -2  0 -2 -3 -2  0 -1 -3 -2 -3 1 0 0 0 0.01
-1  3 -1 -2  1 -1 -2 -3 -2  0  2  0  1  0 -2  0  0 -2 -1  0 1 0 0 0 0.01
-3 -3 -3 -4  4 -3 -1 -4 -1 -2  0 -3 -2  4 -4 -3 -3  0  7 -2 1 0 0 0 0.01
-1  2  0 -1 -2  1  1 -2  1 -1  0  1 -1 -2 -2  2  2 -3 -2  0 1 0 0 0 0.01
 0  5 -1 -1  2  3 -1 -3 -2 -1 -1  2 -2 -3 -3 -1  1 -4 -3 -2 1 0 0 0 0.01
 4 -2  0 -2 -2  0  0  0 -3 -1 -2 -2 -2 -3 -2 -1 -1 -4 -3  2 1 0 0 0 0.01
-1 -3  0 -3 -2 -2 -3 -3 -2  3  1 -3  1  4 -3  0  1 -2  0  1 1 0 0 0 0.01
 1  1  0  1 -2  2  2 -1 -1 -2 -2  1 -2 -2 -1  1  0 -3 -2 -1 1 0 0 0 0.01
 2  1  2 -1 -2  0  0 -1 -1 -1  0  0 -1  0 -2  1  0 -2 -1 -1 1 0 0 1 0.01
-2 -3 -3 -4 -2 -3 -3 -4 -3  4  3 -3  2 -1 -3 -3  0 -3 -2  2 0 0 1 0 0.01
 0 -3 -2  0 -3  0 -2  0 -3 -3 -3 -2 -3 -4  7  1  1 -4 -3 -3 0 0 1 1 0.02
 0  0 -1  1 -2  1  0 -1 -2  0  1  0 -1 -2  3 -1 -1 -3 -2  0 1 0 0 0 0.02
-2  1  1  3  0  1  3 -1  2 -3 -3  1 -2 -3 -2  0 -1 -3 -2 -3 1 0 0 1 0.02
-2  3 -1 -2 -4  1  0 -1  2 -4 -2  5 -2 -4 -3  0 -2 -4 -3 -3 1 0 0 1 0.02
-3 -3  0 -4  2 -2 -3 -1  5 -3 -3 -3 -3  1 -4 -3 -3  0  7 -3 1 0 0 0 0.02
-1  1  0 -2  3 -1  0  1  1 -2 -2  2  1  0 -2  1 -1 -2  1 -1 0 0 1 1 0.01
 0  1  3  1 -3  3  1 -2  2 -3 -3  1 -2 -3 -2  0  1 -3 -2 -3 0 0 1 1 0.01
-2 -2  4  5 -4  0  1 -2 -2 -4 -4 -1 -4 -4 -3  2  0 -5 -4 -4 0 0 1 0 0.01
 0 -1 -2 -1 -4  0  5 -2 -2  0 -3  1 -2 -4  2 -1  0 -4 -3  0 1 0 0 1 0.01
 1  4  0 -2 -3 -1 -2 -2 -2 -1 -1  0 -2 -3 -3  3  0 -4 -3 -1 1 0 0 0 0.01
-4 -4 -4 -5 -4 -4 -4 -5 -1 -3 -3 -4 -3  5 -5 -4 -4  0  8 -3 1 0 0 0 0.01
 3 -3 -3 -4 -2 -2 -3 -2 -3  2  2 -1  0 -2 -3 -1 -1  3 -2  2 1 0 0 0 0.01
-2  5  0 -2 -4  3  1 -3  0 -4 -3  3 -2 -3 -3  0 -2 -3  1 -3 1 0 0 1 0.01
-3 -4 -4 -5 -3 -3 -4 -5 -4  5  3 -4  2 -1 -4 -4 -2 -3  1  1 1 0 0 0 0.01
-3 -4 -5 -5  3  1 -4 -4 -4 -1  3 -4  2 -1 -5 -4 -3 10 -1 -2 1 0 0 0 0.01
-1 -4 -4 -4 -2 -4 -4 -4 -4  4  2 -4  0 -1 -4 -3 -2 -4 -2  4 1 0 0 0 0.01
-2  4  1 -1 -4  2  2  1  0 -4 -4  3 -3 -4 -3 -1 -2 -4 -3 -4 1 0 0 0 0.01
-3 -3 -4 -4 -4 -3 -1 -4  2 -2  1 -3  1  6 -4 -3 -3  0  6 -2 1 0 0 0 0.01
 6 -3 -3 -4 -2 -3 -3  0 -3 -3 -3 -2 -3 -4 -3 -1 -2 -4 -4 -2 1 0 0 0 0.01
-1  3  1  3 -4  1  4 -3  3 -4 -4  0 -3 -4 -2 -1 -2 -4 -2 -3 1 0 0 1 0.01
-2 -2 -2 -2  2  0  0 -3  2  0  4 -2  0  1 -2 -2 -2 -2 -1 -1 1 0 0 0 0.01
 0  1  0 -1 -2  2  0 -1 -1  0  0  3 -1 -2 -1 -1 -1 -2 -1  0 1 0 0 0 0.01
 2 -2 -1 -2  1 -1 -1  1 -2 -1  0 -1  1 -1 -1  1  1  3 -1  1 1 0 0 0 0.01
 0 -2 -2  0  3 -2 -2 -2 -2  3  1 -2  0 -1 -2  0  0 -2  1  1 1 0 0 0 0.01
-1  1  1 -1 -3  3  1 -1  2 -1 -2  1 -1 -3  0  1  1 -3 -2 -2 1 0 0 1 0.01
-1 -2  2  4 -3  0  2 -2  2 -3 -3 -1 -3 -3 -2  1 -1 -3  0 -3 0 0 1 1 0.01
-1 -3 -2  1  3  0 -1 -3 -3 -1 -2 -2  0  0  5 -1 -2 -4 -3  1 1 0 0 1 0.01
-1 -2  3  5 -4 -1  2  0 -2 -2 -4  0 -3 -4  0  1 -1 -5 -3 -3 1 0 0 1 0.01
-2  0 -1  5 -5  2  4 -3 -2 -1 -4  1 -3 -4 -3 -1 -2 -5 -4 -3 1 0 0 0 0.01
 4 -3 -3 -3  2 -2 -2  1 -3 -2 -3 -2 -2 -3  3  0 -1 -3  1  0 0 0 1 0 0.01
-2  5 -2 -2 -4  1  0 -1  2 -3  0  1  1  1 -3 -2 -2 -3  0 -3 1 0 0 1 0.01
-1  0  1  5 -4  1  2 -2  1 -3 -3  0  0 -1 -2 -1 -1 -4 -2 -3 1 0 0 0 0.01
-2 -2  0 -3 -1  1 -2 -3  2  1  0 -2  3  0 -3 -1  2 -1  3  1 1 0 0 0 0.01
-4 -4 -5 -5 -4 -5 -5 -5 -3 -2  0 -5  1  8 -5 -4 -4 -1  3 -2 1 0 0 0 0.01
-2  1 -1 -1 -3  3  0 -3  2 -1  0  4 -1 -3 -2  0 -1 -3 -2 -2 1 0 0 0 0.01
-1 -2  0 -3 -3  0 -2 -3  2  1  0 -2  2  4 -3 -2 -2 -1  4  0 1 0 0 0 0.01
 3 -3  0 -3 -2 -2 -2 -2 -3  1  1 -2  4 -2 -3  0 -1 -3 -2  0 1 0 0 0 0.01
-2  5  1 -2 -4  4  0 -3  2 -3 -3  2 -2 -4  0 -1 -2 -4 -3 -1 1 0 0 0 0.01
 2 -2 -1 -2 -2  2  0  0  2 -3 -1 -1 -2 -2 -2  3 -1 -3  1 -2 1 0 0 1 0.01
-2 -1  4  0  1  1  0 -2  2  0 -1  1  0 -2 -3  0 -1 -3  1 -1 1 0 0 0 0.01
-1 -4 -2  0  7 -3 -3  4 -3 -3 -3 -3 -3 -1  0 -1  0 -4 -3 -2 0 0 1 0 0.01
-2  3 -1  0 -4  2  0 -3  4  0 -2  3 -2  0 -2  0  0 -3 -1 -2 0 0 1 1 0.01
 0  2  0  0 -3  1  1  2 -2 -3 -3  4 -2 -4 -2 -1  1 -4 -3 -3 0 0 1 1 0.01
-2 -3 -3 -3  2  1 -3 -1  3  0  1 -3 -1  6 -4 -1 -2 -1  1 -2 0 1 0 0 0.01
 5  0 -3 -3 -2  0 -2 -1 -3 -3 -3 -2 -2 -4  1  0  1 -4 -3 -2 1 0 0 0 0.01
-1 -2  0 -3 -3  0 -2 -2  1  1  1  0  0  4 -1 -2 -2 -2  0  1 1 0 0 0 0.01
-2 -4 -4 -4 -2 -3 -4 -4 -3  1  1 -4  2  5 -4 -3 -2 -2  2  4 1 0 0 0 0.01
-3 -3 -2 -4  2 -2 -3 -4  8 -4 -3 -3 -3  2 -4 -3 -3  5  6 -4 1 0 0 0 0.00
-2 -2 -3 -2  1 -2  1 -4 -3  3  1 -1  0 -1 -3 -2  0 -3  1  2 1 0 0 0 0.00
 3 -2 -2 -2 -2 -1  1 -2 -2  0 -2 -1  1 -2 -2  2  1 -3  1  0 1 0 0 0 0.00
-2  0 -4 -5 -4 -3 -4 -4  3 -3 -2 -3 -2  4 -5 -3 -3  9  5 -3 1 0 0 0 0.01
 6 -3 -3 -3 -2 -2 -2 -1 -3 -3 -3 -2 -3 -4 -2  1 -1 -4 -3 -2 1 0 0 0 0.01
 0 -1 -1 -1 -3  5  3 -3  2 -3 -1  0 -2 -3 -2 -1 -1 -3  0 -3 1 0 0 0 0.01
-3 -4 -1 -4 -4 -3  0 -4 -3 -2  1 -4 -1  7 -5 -3 -3  3  1 -2 1 0 0 0 0.01
-2 -2 -2  0 -4  0  6 -1  2 -3  1 -1 -2  0 -3 -2 -2 -3  0 -3 1 0 0 0 0.01
 0 -2 -2 -1 -3 -1  3 -3  3  0  1 -1 -1  0 -3 -2 -2 -2  1  1 1 0 0 0 0.01
 0  3 -1 -1 -2  1  1 -2 -2  0 -1  1 -1 -3 -2  3  1 -3 -2 -2 1 0 0 1 0.01
-1  3  1 -2 -4  6  0 -3  3 -4 -3  0 -2  0 -3 -1 -2 -3  0 -3 0 0 1 1 0.01
 0 -3 -2 -2 -3 -2  0  6 -3 -4 -2 -1 -3 -4 -3 -1 -2 -3 -4 -3 0 0 1 1 0.01
-1 -2  6  3 -4 -1 -1  0  3 -5 -5  0 -4 -4 -3 -1 -2 -5 -3 -4 0 0 1 1 0.01
-2  0 -2 -3 -2 -2 -2 -3 -2  0  1  0  3  4 -3  0  2 -1  1  0 1 0 0 1 0.01
-2  1  1  2 -4  2  1 -1 -2 -2 -3  4 -2 -4 -2 -1  0 -4 -3 -3 1 0 0 1 0.01
 0  2  1 -2 -4  1 -1 -1 -2 -3 -3  5  1 -4 -2  0 -1 -4 -3 -3 1 0 0 1 0.01
 5 -3 -3 -3  4 -2 -2 -1 -3 -3 -3 -2 -2 -4 -2  2 -1 -4 -3 -2 1 0 0 0 0.01
-1  2  0  3  1 -1  0 -1 -2  0  1  1 -1 -2 -2  1  0 -3 -2 -1 1 0 0 1 0.01
 1 -1  1  0 -3  2  2 -1  1 -1 -2  1 -1 -2 -2  1  0 -3  0 -2 1 0 0 1 0.01
-2 -4 -4 -4 -2 -4 -4 -5 -4  5  3 -4  0 -1 -4 -3 -2 -4 -2  3 1 0 0 0 0.01
-3 -3 -4 -4 -3  0 -3 -4 -2  1  4 -3  2  2 -4 -3 -2 -1  4 -1 1 0 0 0 0.01
-2  2 -1  1 -3  4  2 -3  3 -3 -2  1  0 -3 -2 -1  0 -3 -2 -1 1 0 0 1 0.01
-1  2  0  1 -3  2  1 -2 -1 -3 -2  4 -2  0 -2 -1 -2 -3 -2 -3 1 0 0 1 0.02
 3 -2 -1 -2 -1 -1 -2  4 -2 -2 -3 -1 -2 -3 -1  1 -1 -3 -2 -1 1 0 0 0 0.02
 0 -2 -3 -3 -2  0  0 -3  0  2  1  1  0  1 -3 -2 -1 -3 -1  2 1 0 0 1 0.02
 1  1  0  0  2  0  3 -2  1 -2 -1  1  2 -3 -2  1  0 -3 -2 -2 1 0 0 1 0.03
-2  0 -1  0  5 -2 -3 -3 -3  1  2 -2  3 -2 -3  0 -1 -3 -3  2 1 0 0 1 0.04
-2  1  2 -2 -4 -2 -2  4  0 -4 -4 -1 -3 -4  2  0  2 -4 -3 -4 0 0 1 1 0.03
 5  0 -3 -3 -2 -2 -2  1 -3 -3 -3  0 -3 -4 -3  1 -2 -4 -3  0 0 0 1 0 0.03
-1  0 -2  0  5  1  1 -3 -2  0 -1  1  2  0 -3 -2 -2 -3 -2  2 0 1 0 1 0.03
-3 -3 -4 -3 -5 -3 -3 -4 -4 -5 -5  1 -5 -6  8  1 -3 -6 -5 -5 0 0 1 1 0.02
 0  3  0 -2  1  0  1 -3 -2 -1  2  2  1 -2 -3 -1 -1 -3 -2 -1 1 0 0 1 0.02
-2 -1 -1  2 -3  3  5 -1  1 -3 -3 -1 -2 -3 -2  0 -2 -3 -2 -1 1 0 0 1 0.02
 0  2 -2 -3 -2 -1 -2 -3 -2  1  2  0  5 -1 -3  0 -1 -3 -2  1 1 0 0 1 0.02
-3 -4 -5 -5 -3 -4 -4 -5 -4  1  5 -4  0  2 -4 -4 -3 -3 -2  1 1 0 0 0 0.02
 0 -1  1  2 -4  1  5 -3  1 -4 -4  1 -3 -1 -2  0  1 -4 -2 -3 1 0 0 1 0.02
 0  1 -1 -2  2  3  1 -1 -2  1 -1 -1  1 -3 -2  0  2 -3 -2 -1 1 0 0 1 0.02
 5 -2 -3 -3 -2  1 -2 -2  2 -2  0  0 -2  1 -3 -1 -2 -3 -2 -2 1 0 0 0 0.02
-2 -3 -3 -4 -3 -3 -3 -4  3  3  3 -3  3  1 -4 -3 -2 -2  3  1 1 0 0 0 0.02
 2  4 -1 -2 -3  2 -1 -2  3 -1 -3  1 -2 -3 -3  1 -1 -4 -2 -2 1 0 0 1 0.02
 0  1  5  2 -4  3  0 -2 -1 -4 -4  1 -3 -4 -3  0  0 -4 -3 -3 1 0 0 0 0.03
-1 -3 -4 -5 -2 -3 -4 -4 -3  2  4 -4  2  3 -4 -3 -2 -2 -1  1 1 0 0 0 0.04
-2  1  2 -1 -4  4  3 -3  2 -4 -4  3 -2 -4 -2  0  0 -4 -2 -3 1 0 0 1 0.06
 0  2  1 -2 -2 -1 -2  1 -2  0  2 -1  1 -1 -3  0  0 -3 -2 -1 0 0 1 1 0.09
-2  2  1  1 -4  4  0  3 -1 -2 -3  1 -2 -4 -3 -1 -2 -3 -3 -3 0 0 1 1 0.10
 1  1  1 -2 -3  0  0 -2 -2 -1  1  4 -1 -3 -2 -1 -1 -3 -2  0 0 0 1 1 0.13
 0  3 -1 -2 -3  0 -1 -2 -2 -3 -2  4 -2 -3  2  1  0 -4 -3 -2 0 0 1 1 0.15
-2  1  1 -1 -4  5  2 -3  2  0 -1  0 -1 -1 -3 -1 -2 -3 -2 -2 0 0 1 1 0.21
-1 -3 -4 -4 -2 -3 -4 -4 -3  2  4 -3  2  1 -4 -3 -2 -2 -1  0 0 0 1 0 0.27
-2  0 -3 -4  2  0 -3 -4 -3  2  3 -2  3  2 -3 -3 -2 -2 -1  1 0 0 1 1 0.38
 0 -2  0  2  1 -1 -1  0  2 -3 -3 -1 -2 -3  2  3  1 -4 -2 -1 0 0 1 1 0.43
-1 -1  2  1 -3  0  3 -2  1 -2 -1 -1 -2 -3  0  2  1 -3 -2 -2 0 0 1 1 0.51
-2  0  1  2 -4  3  5 -3 -1 -3 -3  0  1 -4 -2  0 -1 -4 -3 -3 0 0 1 1 0.65
-2 -1 -1  4 -4  0  5 -3 -1 -4 -4  0 -3 -4 -2 -1  1 -4 -3 -3 0 0 1 1 0.73
 0  1 -1  0 -4  1  3 -2 -1 -3 -3  5 -2 -4 -2 -1 -1 -4 -3 -3 0 0 1 1 0.81
-1  0  0  0 -4  3  4 -1 -1 -4 -3  3 -2 -4 -2 -1 -1 -3 -3 -3 0 0 1 1 0.88
-1 -1  4  0 -2 -1 -1 -1 -1 -2 -3 -1 -2 -3  2  3  0 -4 -2  0 0 0 1 1 0.92
 0 -3 -3 -3 -2 -2 -3 -3 -3  1  3 -3  1  2  2 -2 -1 -2  0  1 0 0 1 0 0.95
 1 -1  0 -1 -2  1 -1  1 -2 -2 -2 -1 -1 -3 -2  3  2 -3 -2 -2 0 0 1 1 0.95
 2 -2 -2 -2 -1 -1 -1 -1 -2  1  0 -2  1 -2 -2  1  1 -3 -2  2 0 1 0 0 0.97
 0 -1  2 -1 -2 -1 -1 -1 -1 -1 -2 -1  0 -3  0  4  2 -3 -2 -1 0 1 0 1 0.96
 1 -1  0 -1 -1 -1 -1 -1 -1 -2 -2 -1 -1 -2  2  3  3 -2  0 -1 0 1 0 0 0.95
-1 -2 -2 -3 -1 -2 -2 -1 -3  3  1 -2  1 -1 -2 -1  2 -3 -2  3 0 1 0 1 0.95
-2 -3 -4 -4 -2 -2 -3 -4 -3  2  3 -3  2  2 -3 -3 -1 -2 -1  1 0 1 0 0 0.95
 0 -1  2 -1 -1 -1 -1 -1 -1 -1 -2 -1 -1 -2 -1  2  4 -3 -2 -1 0 0 1 1 0.95
