 2 -3 -2 -3 -3 -2 -2 -2 -3 -4 -4 -2 -3 -4 -3  6  1 -5 -4 -3 0 0 1 1 0.85
-3  5 -1 -3 -6 -1 -2 -4 -3 -5 -5  6 -4 -6 -4 -2 -2 -6 -4 -5 0 0 1 1 0.72
 1 -5 -2 -2 -6 -4 -4 -5 -5 -6 -6 -4 -5 -7  8 -1 -1 -7 -6 -5 0 0 1 1 0.71
 0  2 -1 -2 -3  2  0 -3 -3  0  0  1 -1 -3  2 -1  1 -4 -3  2 0 0 1 1 0.71
-1 -2  2  1 -3 -1 -2 -3 -1  1  0  1 -2 -2  0  0  2 -4 -1  2 0 0 1 1 0.68
-1 -3 -3 -3 -5  6  0 -5 -3  1  0 -1  1 -4  3 -3  0 -5 -1 -3 0 0 1 1 0.54
-2 -1  0  1 -4  1  1  5 -3 -1 -4 -2 -4 -5  0  0  0 -5 -4 -4 0 0 1 1 0.61
 0 -2 -2  1 -3  2 -1  0  0  1  2  0 -1 -2  1  0 -2 -4 -3 -1 0 0 1 1 0.76
-2 -4 -2 -4 -4  0 -2 -2 -4  2 -1 -3  0 -4  6 -1  0 -5 -1  1 0 0 1 1 0.59
 0  0  1 -2  1 -1 -1  0  1  0 -1 -1 -1 -3  2  0  2 -3 -2  2 0 0 1 1 0.62
-2  0  0 -3 -4 -1  1 -3 -1 -1  0 -1  3  0  5 -2  0 -4 -3  1 0 0 1 1 0.58
 0 -1  0 -3  0 -1 -1 -2 -2  1  1 -2  2  2 -3 -1  1 -2  2  1 0 0 1 1 0.64
-1 -1 -1 -3  0  0 -1 -3 -3  1  0  1  2 -2 -1 -1  3 -3  0  2 0 0 1 1 0.56
-1 -4  1 -4 -1 -1 -4 -4 -2 -1  1 -3  2 -2  6 -1  0 -5 -4  0 0 0 1 1 0.67
-1  3 -1  0 -1  1 -2  1  1  0 -2  0 -2 -3  1 -1  2 -3 -3  0 0 0 1 1 0.73
-2 -5 -1 -4 -5 -1 -4  4 -4 -5 -3 -4 -1 -2  6  1 -1 -5  0 -5 0 0 1 1 0.56
 1 -1  2 -3 -3  1 -1  2 -1 -2 -2 -2  0  1 -2  3  0 -4  0 -2 0 0 1 1 0.63
-1 -1  0 -3 -4  3 -2  3  2 -2 -2  0  2 -3  0  2  0  0 -3 -2 0 0 1 0 0.64
-2 -2  5  0 -4  3 -2  1 -2 -4 -3 -3 -3  2 -1  1 -2 -4  1 -4 0 0 1 1 0.71
-2 -4 -4 -3 -3 -3 -4 -2 -3  0  3 -4  5  5 -4 -2 -2  0  1 -1 0 0 1 0 0.68
 3 -2 -1 -3  1  1 -2 -2  0 -2  0 -2  1 -1  0  2  2 -3 -3 -2 0 0 1 1 0.69
-2 -1  4 -1 -4  3 -1 -3  2 -2 -2 -1 -1 -4 -3  1  3 -5 -2 -3 0 0 1 1 0.76
 0 -3  0  1  0 -3 -2  0 -3 -2 -2 -2 -2  4 -3  1  3 -3  1  1 0 0 1 1 0.73
-3 -2 -1  5 -4 -3  0 -2 -1 -3  1 -1  1 -4 -4  1  0 -5 -4 -1 0 0 1 1 0.74
 1 -3 -1  2 -2 -1 -2  4 -3 -1 -3 -3 -2 -4 -1  0  3 -4 -4 -1 0 0 1 1 0.64
 1 -1 -1 -1 -3  0 -2 -2 -1  0 -1  0  0  1  2  0  2 -3  0  1 0 0 1 1 0.70
-2 -1  1  5 -5  2  2 -3 -3 -3 -4 -1 -2 -5 -4  1  2 -5 -3 -4 0 0 1 0 0.58
 2 -2  2  2 -4 -2 -3  1 -2 -4 -3 -3  2 -3  2  2  2 -5 -2 -3 0 0 1 1 0.62
 2 -1 -3 -2 -1 -2 -2  1 -2 -2 -2 -1 -3  0  3  2  1 -4 -1 -1 0 0 1 0 0.52
 0 -3 -3  0  3  3  0 -4  3  0 -2 -1 -3 -4  2  0 -1 -5 -3  2 0 1 0 1 0.54
 1 -3 -2 -4 -1 -3 -3 -2 -4  0  0  1 -3 -4  4  3  0 -5 -4 -1 0 1 0 1 0.52
-2 -5 -5 -3 -1 -4 -5 -6 -5  0  4 -5  3 -1  4 -4 -1 -5 -1  1 0 0 1 0 0.40
 2  0 -2 -3  0  0 -3  1 -3 -3 -4 -2 -3 -3  1  3  1 -4  1  0 0 0 1 0 0.41
 1 -3 -2 -4 -3 -2 -2 -2 -3  0  3 -3  1  3 -1 -2  1 -3  3  0 0 0 1 1 0.25
 0 -3  1  2 -3 -1  1 -2  5 -1 -1 -2  3 -2 -2  0  0  0 -1  0 0 0 1 1 0.26
 0 -6 -1 -4 -6 -1 -2  1 -6 -4 -4 -5 -2 -7  7  0 -2 -7 -4 -2 0 0 1 1 0.19
-2 -1  2  2  0  2  3  0 -3 -2 -3  0 -2 -3 -3 -1  3 -5 -2 -2 0 0 1 1 0.17
-1  0  3 -3 -5  2 -2 -1 -3 -3 -4  1 -2  4  2 -1  0 -3  2 -3 0 0 1 0 0.14
 1 -2  0  3 -5 -1  4 -2  3 -4 -3 -2 -2 -5 -3 -1  1 -5 -4 -1 0 0 1 1 0.09
-1 -3 -4 -1 -3 -3 -2 -4 -4  3  1 -3  2  1  1 -1 -1 -4 -2  3 0 0 1 0 0.10
-1  0 -2 -1  0 -2 -1 -1  2 -2 -3 -2  0  1  3  1  4  1 -3 -3 0 0 1 1 0.06
 0 -2 -5 -2 -5 -2 -3 -3  1  3 -2 -1 -3  1  5 -4 -1 -5  2  1 0 0 1 1 0.06
 0  0  0  2 -3  1  0 -3  1 -2  0 -1 -1 -2  4 -1  0 -4  1 -1 0 0 1 1 0.05
-1 -2 -2 -1 -4 -1 -1  2  1  1 -2 -1  3 -2  4 -1  1 -5 -1 -2 0 0 1 1 0.04
 0  1  0  1 -5  0  1  1  5 -5 -4  0 -2 -4  2  0 -1 -5 -2 -4 0 0 1 1 0.04
-2 -5 -3 -5 -4 -3 -4 -4 -2  4  1 -4 -1  1 -2 -2  2 -4  0  4 0 0 1 0 0.03
 1 -1 -1  0 -1 -1 -2 -1 -1  1 -2 -1 -1  1  5 -1 -1 -4 -3  0 0 0 1 0 0.03
-2 -1  1 -2 -2 -2 -2  6 -2 -4 -4 -3 -4 -3  1 -1 -2 -4  0 -3 0 0 1 1 0.03
 0  1 -1 -2  0  0  2 -1 -2  0  0  0  1 -2 -1  1  2 -3 -2  0 0 0 1 1 0.03
 0 -2 -1  1 -3  1 -1  0 -2  0 -2  0 -2 -1  2  1 -1 -3 -2  2 0 0 1 1 0.03
 0  1 -1 -1 -2  0  0 -1  1  0  0  1  0 -1  0  1  1 -3 -2  1 0 0 1 1 0.02
-3  1  5  5 -4  0  2 -2 -2 -4 -4 -1 -4 -4 -1 -1 -1 -4 -4 -3 0 0 1 1 0.02
-2 -2 -3 -1  0  0  2 -3 -2  2  2 -2  2  0 -1 -1  0 -3  1  1 0 0 1 0 0.02
-3 -3 -3  0 -1 -1 -2 -3  2 -2  1  0  8 -1 -4 -3  1  0 -2 -1 0 0 1 0 0.01
-1 -3  3  4 -4  1  3 -3  2 -1 -4 -2 -4 -4 -1  1  0 -2 -3 -4 0 1 0 0 0.01
-2 -5 -3 -5 -4 -3 -5 -5 -5  4  3 -5  3  2 -5 -4 -2  4  0  2 1 0 0 0 0.01
 3 -2  1  0  0 -1 -1 -2 -3  0  1 -2  1 -3 -2  1  0 -4 -4  1 1 0 0 1 0.01
-2  0  2  0 -5  2  4 -2  1 -5 -5 -1 -2 -2 -1  0 -1  1  2 -4 1 0 0 0 0.01
-2 -4 -6 -6 -5 -6 -6 -6 -6  5  2 -6  0  1 -6 -5 -3  4 -2  4 1 0 0 0 0.01
 3 -1 -1  2  5 -1 -1 -3 -4 -1 -1 -1  1 -3 -1 -1  0 -5 -4 -1 1 0 0 0 0.01
 0  1 -2 -1 -3  4  0  0  0 -4 -3  1 -1 -5 -2  3  0 -5 -4 -3 0 0 1 0 0.01
-2  1  0 -4 -1  1 -3 -5 -2  3  0  0  2  0 -4 -2  0 -4 -3  3 0 0 1 0 0.01
-3 -3 -2  1 -5 -1  1 -4 -3 -2 -3 -2 -2  2  6 -3 -2  1  0  1 0 0 1 0 0.01
 0 -3  3 -3  2  0 -2  1 -2 -2 -2 -2  0 -1  1  3  3 -5 -2 -2 0 1 0 0 0.01
-3 -3  0 -2 -1 -2 -4 -4 -3  2  2 -3  1  3 -3 -2 -1  1  2  2 0 1 0 0 0.01
 0 -2  1 -3 -1 -2 -3 -3  1  3  2 -2  3  1 -4 -2 -2  0  0  1 0 1 0 0 0.01
-1  1  2  3 -4  0  2 -1  0 -3 -2  1 -2 -2  0  0  1 -4 -2 -3 0 1 0 1 0.01
-1  1  1 -1 -1 -1 -1 -1 -2 -1 -1 -2  3 -2 -2  1  2 -4 -1  2 0 1 0 0 0.01
-2 -1  2 -2 -3 -1  0 -1 -1  1 -1 -1 -1  4 -3 -1  0 -2  3  0 0 1 0 0 0.01
-1  0  3  0 -1  1  0 -1 -1 -2 -3 -1 -3 -2  2  0  2 -1 -2 -1 0 1 0 1 0.01
-2 -1  0 -4 -2 -2 -3 -3 -4  3  0 -2 -3  0 -2 -3  0  8  2  1 0 1 0 0 0.02
-1  0  3 -1 -2  0 -1 -1  0 -1 -3  1 -3 -3  2  2  1 -4 -2 -1 0 1 0 1 0.02
 0 -1  0  0 -3 -1 -1 -2 -3 -1 -1 -1  0 -2  1  1  3 -4  1  1 0 0 1 1 0.02
 0  0  3 -1 -4  1 -1 -1 -3 -2 -3 -1  0 -1  0  2  3 -4 -1 -2 0 0 1 1 0.03
-1 -1  3  4 -4  0  1 -1  0 -2 -3 -1 -1 -3 -1  2  1 -5 -4 -1 0 0 1 0 0.03
 1 -1  0  0 -3  0  0  0 -1 -1 -1  0  1 -1  1  0  2 -1 -2  1 0 0 1 1 0.03
 0 -1  0 -1 -3  2 -1 -1  0 -1 -1  0  2 -3  2 -1  2 -3  1  1 0 0 1 1 0.03
-1  0  2  1 -5  2 -1  4 -3 -5 -5 -1 -4 -1  0  0 -1 -5 -1 -5 0 0 1 1 0.03
 0  0  1  1 -3  1  0 -1  0 -1 -1  0  1  0 -3  1  2 -3  2 -1 0 0 1 1 0.03
-1  0  0 -1 -3  1  0 -1  1  0  0  0  0  1  2 -1  0 -3  0  0 0 1 0 1 0.02
-1  0 -1 -1  0 -1 -1 -2  0  2  3 -1  1 -2 -1 -1 -1 -3  0  1 0 1 0 0 0.02
 1 -2 -3 -5 -5 -3 -3  0 -4 -1  0 -2  1  4 -3 -1 -1  6  3  0 0 1 0 0 0.02
 0  0  2  1 -1  1  1 -1 -2 -3 -3  0 -3 -3 -1  3  0 -5  0 -2 0 1 0 1 0.02
 0 -3 -1 -3  0 -1 -2 -2  0  2  1 -2  2  2 -4  0  1 -1  0  1 0 1 0 0 0.01
-1  0  2  0 -3  1 -1 -2  1 -1 -3 -1 -1 -1  4  1  2 -5 -2  0 0 1 0 1 0.02
 0 -4 -2 -2 -2 -1 -5 -6 -1  2  1 -4 -3 -1 -3 -3 -1 -6 -2  5 0 0 1 0 0.02
 0 -1  2  3  0  1 -1 -1  2 -1 -3 -1 -2  0 -4  2  2 -5 -2 -2 0 0 1 0 0.02
-2 -3 -6 -3 -6 -2 -1 -4 -6 -2 -5  1 -6 -7  7  1 -2 -7 -6 -1 0 0 1 0 0.02
 0  0 -3 -2 -3  3 -2  0  0  1  1 -1  1  3 -2 -1  0  0  1  0 0 0 1 0 0.03
-1  0  3  0 -1  1 -1 -1 -2  0  0  0  2  0 -1 -1 -1  0  1  0 0 0 1 0 0.04
-1 -1 -2  0  2 -1  0 -1 -1  1  0 -2  1  2 -2  0  0  0  0  1 0 1 0 0 0.06
 0  0  1  0  0  0 -1  0  2 -1 -1  1 -2  1  0  1 -1  0  0 -1 0 1 0 0 0.09
-1  0 -1  0  0  0 -1 -1  1  0  0 -1  0  0  3  0  1  2  1 -1 0 1 0 0 0.12
-1  2 -1  0 -1  0  0 -2  0  0  0 -1  1  1 -1  0 -1  1  2 -1 0 0 1 0 0.13
 0  0  1  0  0  0  0  1 -2  0  0 -1  0 -1 -1  1  1 -3 -2  0 0 0 1 1 0.12
 0 -1  0  0  1  0 -1 -1 -2  0 -1  0  0  0  1  1  0  3  0  0 0 0 1 1 0.11
 0  0  0  0 -3  0 -2  0  2  0 -1  0  1  1  0  0  0  3  1  0 0 0 1 1 0.11
 0 -1  1  0 -1  0  0  0  0  0  0 -1 -1  0  0  0  1 -2  0  0 0 0 1 0 0.12
 0  0  0  2 -1  0  0  0 -1  0  0 -1  0 -2  0  1  1 -2 -2  0 0 0 1 1 0.11
 0 -1  1  2 -2  1  0  0 -1 -1 -1  0 -1 -1  1  1  1 -2 -1 -1 0 0 1 1 0.10
 0  0 -1 -1 -1  1  0  0  1  0  0  0 -1 -1  2  0  0 -2 -1  0 0 1 0 0 0.08
-1 -2 -1 -1 -2 -2 -1  0 -2  0  1 -2  2  3 -1 -1  0  1  2  0 0 1 0 0 0.05
 0  1  0 -1  1  2 -1 -1  0 -1  0  1  0  0  0  0  0  1  1 -2 0 1 0 0 0.03
-2 -1  4 -1 -1 -1 -2 -2  0  0  0 -1 -1 -2  3  0  1 -3 -1 -2 0 1 0 0 0.02
 0 -4 -3 -4 -4 -3 -3 -3 -4 -2 -3 -3  0 -5  4  0  6 -5 -4 -3 0 0 1 0 0.02
-1 -3  1 -3 -4 -2 -3 -4  2 -2  2 -3  2  2  3 -2 -2  0  4 -2 1 0 0 0 0.01
-2 -4 -3 -5  1 -4 -4 -5 -3  2  5 -4  3 -1 -4 -2 -1 -4 -3  1 1 0 0 0 0.01
 2 -2  0 -1 -2 -1  0  4  0 -3 -3 -1 -2 -4 -2  2 -1  0 -2 -3 1 0 0 0 0.01
-1 -1  1 -2 -4  0  2 -1  5 -2 -1 -2 -1  2 -2  0 -2 -2  3 -1 1 0 0 0 0.01
 0 -4 -5 -5 -2 -4 -5 -4 -5  4  3 -4  2  2 -5 -4 -2 -4 -3  3 1 0 0 0 0.01
 4 -3 -3 -4  2 -3 -3 -1 -3 -2  1 -3  0 -2 -3  3  1 -2 -3 -1 1 0 0 0 0.01
-1  3  4  0 -4  3 -1  0  0 -4 -3  1 -2 -4 -2  2 -2 -5 -4 -3 0 0 1 0 0.01
-1 -3  0 -5  1 -2 -4 -5  0 -2  1 -2  7  0  0 -2 -1 -1  5 -2 0 0 1 0 0.01
-4 -6 -6 -7  2 -5 -6 -6 -1 -4 -4 -6 -4  7 -7 -5 -2  2  7 -2 0 0 1 0 0.00
 2 -2  2 -2  1  0 -2  0  0 -3 -3  0 -1 -4 -3  2  3 -5 -4 -2 0 0 1 1 0.00
-1 -2  1 -4 -5  4 -3  2  4 -5 -3 -2 -3  1 -5 -3 -2  4  5 -4 0 1 0 1 0.00
-4 -7 -7 -8 -6 -6 -7 -7 -1 -6 -5 -7 -1  1 -8 -6 -4 12  5 -6 0 1 0 0 0.00
 0  5 -2 -4 -3 -1 -3 -1  3 -5 -5 -1 -4 -5 -4  3  1 -5 -4 -2 0 1 0 0 0.00
 0 -6 -4 -5  0 -5 -4  7 -5 -7 -7 -5 -6 -7 -6 -4 -5 -6 -6 -6 0 0 1 0 0.00
-2 -4  0  2 -3 -3 -1  1 -4 -5 -5 -2 -4 -5 -2  5  2 -6 -5 -3 0 0 1 0 0.01
-4 -5 -6 -6  1 -5 -5 -6 -5  5  4 -5  5  1 -5 -5 -3 -4 -3  0 0 1 0 0 0.01
-2  2  1  0  1  1  2 -3  2 -1 -2  2 -1 -4 -3 -1  0 -4 -3  1 0 1 0 0 0.01
-2 -5 -5 -5 -3 -4 -5 -5 -3  3  2 -5  1  5 -5 -4 -3 -2  4  3 0 1 0 0 0.01
-3  5 -1 -1 -4  1  1 -3  3 -4 -3  1 -2 -5 -4  1  3 -5 -4 -4 0 1 0 0 0.01
-3 -5 -6 -6  2 -5 -6 -6 -5  2  2 -5  1  7 -6 -5 -4 -3 -1  1 0 1 0 0 0.01
-2  0 -2 -1  1 -1 -1 -3  0  1  1 -1  5 -2 -4  1  1 -2 -3  1 0 1 0 0 0.01
-1 -5 -5 -6  2 -5 -5 -5 -4  2  1 -5 -1  6 -2 -3 -2 -3  2  3 0 1 0 0 0.01
 1 -4 -2 -4  5 -3 -2 -2 -4  0 -3 -3 -1  0 -3  1  3 -4  1  3 0 1 0 0 0.01
 1 -4 -2 -4  4 -4 -4  5 -4 -3 -5  3 -5 -5 -3 -1 -2 -5 -1 -3 0 0 1 0 0.01
-2 -4  3  0 -4 -3 -3 -4 -4 -5 -5 -2 -4 -3  2  5  4 -6 -5 -4 0 0 1 0 0.01
 3 -2 -2 -1 -3  1 -1  1 -2 -3 -2  0  0  0  0  1  1 -4 -1 -2 0 0 1 1 0.01
-3 -1  0 -3 -3  0 -4 -5 -1 -1 -1 -4  5  6 -5 -2 -3 -3  4  0 0 0 1 1 0.01
 1 -3  2 -2 -2  1 -3 -3  7 -4 -4 -3 -3  2 -4  1  2 -4  0 -2 0 1 0 0 0.01
 2  2  1 -3 -4 -1 -3  0 -3 -4 -4  1 -3 -3 -4  2  4 -5 -1 -3 0 1 0 0 0.01
 0 -6 -4 -5  3 -5 -6  7 -6 -6 -3 -5 -5 -2 -5 -4 -3 -6 -6 -3 0 1 0 0 0.01
-4  6 -4 -4 -7 -2 -2 -5 -4 -6 -6  6 -5 -6 -5 -1 -2 -6 -5 -6 0 1 0 1 0.01
-4 -5 -6 -6 -4 -5 -6 -6 -5  3  5 -5  1  3 -6 -4 -4 -4  1  2 0 1 0 0 0.01
 0  3 -2 -4 -4 -1  0 -4 -4  2  3 -2  3 -1 -4 -3 -3 -4 -3  1 0 1 0 0 0.01
 0 -3 -5 -5  0 -4 -5 -3 -5  4  2 -4  3  2 -5 -3 -3 -4 -3  3 0 1 0 0 0.01
 4 -3 -2 -4  3 -2 -3  1 -4 -1 -2 -3 -3  1 -4  2  0 -4 -3  1 0 1 0 0 0.01
 0 -5 -5 -5  2 -4 -5 -5 -3  0 -2 -5  0  5 -5 -4 -3  5  7  1 0 1 0 0 0.01
 0 -2 -1  0 -2 -2  0 -3  0  2  0 -3 -2  1 -3  0  3 -3 -1  2 0 1 0 0 0.01
-4 -5 -5 -5 -6 -5 -5 -5 -5 -5 -6 -4 -5 -2  8 -3 -2 -6  0 -5 0 1 0 1 0.02
-2 -2  2 -1 -4  0 -2  1 -3 -4 -2 -2 -4  0  6 -3 -2 -4 -1 -2 0 0 1 1 0.03
 0 -1  1 -2 -1 -1 -2  5 -1 -2 -3 -3 -1 -2 -1  0 -3 -1 -1 -1 0 0 1 0 0.03
 0 -2 -1 -1 -2 -2 -1  0 -1  1  0 -2  1  3  0  0  1 -2  0  1 0 0 1 0 0.04
 0 -1  3  2 -3  0  1  0  2 -2 -1 -1 -2 -2  1  1  0 -3  0 -2 0 0 1 0 0.05
 2 -2  1  1 -1 -1 -1  0 -1 -1 -1 -1 -2 -3  3  1  2 -4 -3 -1 0 0 1 1 0.08
 0  0  0  1 -1  0  1 -1  0 -1 -1 -1 -1  0  1  1  1 -2 -1  0 0 0 1 1 0.11
 0  0  0  0 -2  1  1  0 -1  0 -1  1  0 -2  2  0 -1 -2 -1  0 0 0 1 0 0.12
 0 -2  2  0 -3 -2  0  0 -2 -3 -1 -1  1 -1  5  1  0 -4 -3 -3 0 0 1 0 0.15
 0  0  1 -1 -2  0 -1 -2 -2  0 -1 -1 -1 -1  0  1  3 -1  0 -1 0 0 1 1 0.13
-1 -1  1  1 -3 -2 -2  2 -3  0 -1  0 -1 -2 -2  2  2 -4 -3 -2 0 0 1 1 0.10
 1  2  0 -2 -2 -1  0 -1 -2  1  0  0  0 -2  1  0  1 -3 -1  1 0 0 1 1 0.10
 0  0 -1  1  0  2  1 -1  1 -1 -2  1 -1 -2  2  0  1 -3 -1 -1 0 0 1 0 0.11
 0 -1  0  4 -4  3  3 -2 -2 -3 -3  0 -1 -4  0 -1 -1 -4 -2 -2 0 0 1 1 0.11
 4 -3 -3 -3  0 -2 -2 -2 -3  1  0 -2  2  0  2  0 -1 -4 -2  0 1 0 0 1 0.10
 0 -1  0  0 -3  0 -1  1  1 -1 -1 -2  6 -1 -2  0  2 -4 -2 -1 1 0 0 1 0.06
-1  0  2 -2 -1  3 -1 -2  1 -2  2 -2  2 -1 -3  1  0 -4 -1 -1 1 0 0 1 0.03
-1 -3  0 -3  3 -2 -3  3  0 -2 -1 -3  0  2 -3  0 -1 -3  3 -1 0 0 1 0 0.02
-2 -4  0 -4 -4 -1 -4 -4  0  0 -1 -3 -3  0  5 -2  3 -3  5 -1 0 1 0 1 0.01
-4 -2  1 -4  0 -3 -4 -3  9 -6 -5 -1 -4 -1 -5  1  1 -1  4 -5 0 1 0 1 0.01
 1 -2 -1 -3 -3 -1 -1 -4 -3  1 -1  0  0 -2 -4  0  0 -4  0  4 0 1 0 0 0.01
-3 -5 -5 -5 -4 -3  0 -6 -5  5  1 -4 -2 -1 -5 -4  0 -5 -2  4 0 1 0 1 0.01
-1 -5 -6 -6  4 -5 -5 -5 -5  2  1 -5  2  3 -6 -4 -4  9  0  2 0 1 0 0 0.01
-5 -5  1  8  0 -4 -2 -5 -1 -6 -7 -4 -6 -7 -5 -3 -4 -7 -6 -3 0 1 0 1 0.01
 1 -4 -4 -5 -3 -4 -4 -4 -4  3  3 -4 -1  2 -2 -3  1 -4 -2  3 0 1 0 0 0.01
-1  4  0 -2 -5  0 -1  5 -3 -5 -5  0 -4 -5 -4  0  0 -5 -4 -5 0 0 1 1 0.01
-1 -3  0  2 -3  2  2 -3 -3  0  2 -2  1 -3 -3 -1  2 -4 -3  0 0 0 1 1 0.01
-1 -1  3  1 -4  4 -1 -1 -2 -3  1 -1 -2 -4 -2  1  0 -4 -4 -1 0 0 1 0 0.01
-2  1  0  1 -1 -1  3 -3 -3 -3 -3  0 -4 -3 -1  4  1 -5 -2 -3 0 0 1 0 0.01
-1 -2 -2  1 -2 -2  1 -2 -2 -4 -4  1 -4 -5  4  3  3 -5 -4 -2 0 1 0 0 0.01
-1 -3 -5 -5  4 -4 -5 -3 -2  3  0 -4  0  4 -5 -4 -3 -1  1  3 0 1 0 0 0.01
-1 -1  0  1 -2 -1  3 -3  0 -1 -2 -1 -1 -3 -3  1  3 -4 -2  0 0 1 0 0 0.01
-4 -4 -5 -5 -4 -4 -5 -5 -1  2  3 -4  3  6 -5 -4 -3 -3  0  1 0 1 0 0 0.01
-1  1  1  0  2 -1  1 -3 -3 -1 -2  0 -1 -3  1  0  3 -4 -3  2 0 1 0 0 0.01
-2 -5 -5 -5  2 -3 -5 -5 -5  4  0 -5  2  0 -5 -4 -3 -5 -3  5 0 1 0 0 0.01
-3 -4 -3 -2 -5 -4 -2 -5  1 -5 -3 -2 -5 -3  8 -4 -4 -5 -1 -3 0 0 1 0 0.01
-3 -4 -4  2 -4 -4 -3 -4 -3 -1 -2 -4 -3  4 -4 -2 -2  8  6 -3 0 0 1 0 0.01
-1 -2  1 -3 -1 -1 -1 -3 -2  4  0 -3  1 -1 -3 -1  1 -3 -1  3 0 0 1 1 0.01
 0  2  0  1 -2  0  0 -2 -1 -3 -4 -1 -3 -1 -3  4 -1 -4 -1 -3 0 0 1 1 0.01
 1 -2  3  0 -3  1 -1 -1  0  0 -2 -1 -2 -3  2  0  1 -4 -2  0 0 0 1 1 0.01
-1  2  1 -1 -3  0 -2  0 -1 -1 -2  0 -2 -2 -3  1  3 -3 -1  0 0 0 1 1 0.01
-1 -2  2  2 -1  1  1 -3  3 -2 -1 -1  1  0  3 -1 -1 -3  1 -2 0 0 1 1 0.01
-3 -4 -4 -2 -4 -4 -3 -4 -1 -3 -3 -4  0  5 -2 -4 -1  8  6 -1 0 0 1 0 0.01
 0  4  0 -3 -1  0 -1 -2  4 -2  1  1  3 -3 -3  0 -1 -3 -2 -2 0 1 0 0 0.01
-1  3  0 -2 -3  0 -1 -1  0 -1 -1 -1 -1  2  1  0  0 -2  3 -1 0 1 0 1 0.02
-2 -2  1 -2  3 -2 -2 -1  1  0  0 -1  1 -2 -2  0  3  1 -2  2 0 0 1 0 0.02
 0  0  1  1  0  0  0  0  1  0 -1  0  0 -1  0  0  1 -2  0  0 0 0 1 0 0.03
 0  2  1  1  1  0  0  0  0 -1 -1  0 -1 -2  1  0  0 -3 -1 -1 0 0 1 0 0.05
 0 -1  1  4 -3 -1 -1  0 -2 -2 -2 -1  1 -3  3  1  0 -3 -3 -2 0 0 1 0 0.06
 0 -1  1  1 -2  0  2 -1 -1 -1 -1  0  0 -1  0  0  1 -1  0 -1 0 0 1 1 0.10
 0  0  1 -1 -3  0  0 -1 -2 -1  0  0  0  0  1  1  1 -2  1  0 0 0 1 0 0.13
-1  1  2  0  1  1  0 -1 -2 -1 -1  0  0  0  0  1  1 -3  0 -1 1 0 0 1 0.15
 0  0 -1  0 -2 -1 -1  0  0  0  0 -1  0  0  2  0  0  5  1 -1 1 0 0 1 0.16
-1 -1  0  0 -2 -1 -1 -1 -1  0  1  0  2  0  1 -1  0 -1  1  0 1 0 0 0 0.20
 0  2  0  1 -2  0 -1  0 -1 -1 -1 -1  0  1  1  1  1 -2 -1 -1 0 0 1 1 0.19
 0  0  1  0 -1  0  0  0 -1 -1 -1  0  0  0  0  1  0 -1  1  0 0 0 1 1 0.18
 0  1  1  1 -2  0  0  0  0 -1 -1  0 -1 -1  0  0  1  1  1 -1 0 0 1 1 0.18
 0 -1  4  0 -2  0 -1  1  0 -2 -1  0 -1 -1  0  1 -1 -2  0 -1 0 0 1 1 0.18
 1 -1 -1 -1 -2  0  0  0 -2  0 -1  0 -2  0 -1  1  3 -2 -2  0 0 0 1 1 0.18
-1 -1  2  2 -2  0 -1 -2  0 -2 -1 -1 -1 -2  2  1  2  0 -1 -1 0 0 1 1 0.17
 0 -1  0  0 -2  0 -1  2  0 -1 -1 -1 -1  1  1  0  0  1  2 -1 0 0 1 0 0.17
 0  0  0 -1 -2  0 -1  1  2  0  0  0  1 -1  2  0  0 -2 -1  0 0 0 1 0 0.14
 0 -1  0  0  0  0 -1 -1 -1  0  1  0  0  1  1  0  0 -1  1  1 0 0 1 1 0.12
 0 -1  0  1 -1  0  0  0 -1  0  0 -1  1  1  0  1  0 -2  1  0 1 0 0 0 0.10
 0  0  0  1 -2  0  0  0  0 -1 -1  0  0  0  0  0  1  0  0 -1 1 0 0 1 0.07
 0 -1  1  1 -2 -1 -1 -1  1  0 -1 -1 -1  0  0  0  1  0  2 -1 1 0 0 1 0.05
 0 -1  1 -1  1  0  0 -1  0 -2 -2 -1 -1  0  1  1  0  4  3  0 0 0 1 0 0.03
 1 -1  1  1 -1 -1  0 -2  0 -2 -2 -1 -1  0 -1  2  0 -3  1  1 0 0 1 0 0.02
 1  0  2  0  2 -1 -2 -1  1 -1 -1  0 -1 -2  1  0  2 -3  0  0 0 0 1 0 0.02
 0  0 -2 -3 -3 -3 -3  4 -3  0 -1 -2  1  0  0  0  0 -3 -3 -1 0 1 0 0 0.01
-1  2  0 -3  1  0 -2 -3  2 -1 -1  0  0  1 -3  1  1  2  1  1 0 1 0 0 0.01
 0 -3 -4 -4 -2 -3 -4 -4 -4  3  3 -3  2  2 -3 -3  0 -3 -1  2 0 1 0 0 0.01
 0 -1 -1 -3  3  0 -2  0  1 -1 -1 -2 -1 -1 -3  1  3 -4  0  2 0 1 0 0 0.01
 1 -4 -5 -5  5 -4 -4 -2 -5  4  1 -4  2 -1 -4 -3 -2  0 -3  3 0 1 0 0 0.01
-3  1 -3 -4  0 -4 -1 -5 -1 -2 -2 -3  4  2 -3 -3 -1  9  3 -2 0 1 0 0 0.01
-2 -4 -4 -5 -2  2 -4 -5  0  0  0 -3 -1 -1  0 -4 -3 -3  5  5 0 1 0 0 0.01
-2 -3 -3 -3 -4  5 -1 -5 -2  1  2 -3  1 -1 -4 -4 -3 -3  5  0 0 1 0 1 0.01
-3 -3  5 -1 -4  2 -3 -4  0 -4 -5 -1 -4 -5 -2 -1  6 -5 -4 -3 0 1 0 1 0.01
-1  1  3  1 -4  0  0 -2 -1 -3 -4  0 -3 -4  5  0 -1 -4 -4 -3 0 1 0 1 0.01
-4 -4 -5 -5 -4 -3 -5 -2 -1  2  5 -4  1  3 -5 -4 -3 -4 -1  0 0 1 0 0 0.01
-1  1 -2 -4 -1 -1 -3 -4 -4  3  0 -1  0 -3 -4  0  2 -4 -3  4 0 1 0 1 0.01
 2 -2  2 -2  1 -2 -2 -2 -2 -1 -1 -2 -1  0  1  1  0 -3  1  2 0 1 0 0 0.02
-2 -4  2 -4 -5 -4 -2 -2 -4 -1 -2 -4  0 -5  7  0  2 -5 -5 -3 0 0 1 1 0.03
 1 -2  0  1 -3 -1  0  0  0 -2 -3 -1 -3  0  3  2  0 -4  0 -2 0 0 1 1 0.04
 0 -2  3  1 -2 -1  0  2 -2 -2 -2 -2 -3 -3 -2  2  2 -4 -4 -2 0 0 1 1 0.04
 2 -3 -1 -1  0 -2 -2 -1  2 -1 -2 -1 -2 -1 -2  1  2 -4 -1  2 0 0 1 0 0.04
 1 -4 -1  0 -1 -1 -1 -1 -2 -3 -2 -2 -3 -2  5  2  1 -5 -4 -1 0 0 1 1 0.03
 0 -2  2  3  0  1 -2 -1 -1 -4 -4 -1 -4 -4  3  3  2 -5 -4 -3 0 0 1 1 0.03
-1 -2  0  0 -3  1  1 -2  0 -3 -3 -1 -3 -4 -3  3  4 -4 -3 -2 0 1 0 1 0.03
 2 -4 -3 -1  4 -2 -3 -1 -4  3 -2 -3  0 -2 -2  0 -2 -4 -3  3 0 1 0 0 0.03
 0  0  0  2 -1  1  1  0  0 -2 -3  0 -2 -2  0  1  1  2  2 -2 0 1 0 0 0.02
-3 -5 -5 -5  4 -1 -5 -4 -5  5  1 -5  3  1 -5 -4 -2 -4 -1  3 0 1 0 0 0.01
-2  0  0 -4  0  0 -3 -4 -2  2  3 -1  1 -1 -4 -1  1 -4 -1  2 0 1 0 0 0.01
 0 -5 -5 -5  6 -4 -5 -2 -5  1 -1 -4  0 -2 -2 -2  0 -2 -4  5 0 1 0 0 0.01
-3 -1 -3 -3 -4  0  2 -4 -2 -3  1 -2  2  5 -4  0  1  3  2 -2 0 1 0 0 0.01
 0 -4 -4 -4  2 -2 -4 -1 -4  1  1 -3  1 -1 -3 -2  2  0 -2  4 0 1 0 0 0.01
 0  3 -1 -3  2 -2 -2 -2  0 -5 -4  2 -2  0 -4  4 -2 -2 -2 -4 0 1 0 0 0.01
 4 -4 -4 -4  0 -4 -4  2 -4 -4 -3 -3  0 -5  4 -1 -2  2 -4 -2 0 1 0 0 0.01
 1 -4 -3 -3  6  0 -2  5 -2 -3 -3 -2 -3 -3 -3  1 -1 -4 -4 -2 0 0 1 0 0.01
-1 -1  2  1 -5  0  1 -2 -3 -4 -4  2 -3 -4  5  0 -2 -5 -4 -3 0 0 1 1 0.01
-5 -5  4  7 -7 -4 -2 -3 -4 -6 -7 -4 -6 -7 -5 -1 -2 -7 -6 -6 0 0 1 0 0.01
-1 -6 -6 -7 -5 -6 -6 -6 -5  1  1 -6  1  8 -7 -5 -5 -3  1 -1 0 0 1 0 0.01
-1  0  1  1  3  1  3 -2 -1 -3 -4  1 -2 -4  0  2  1 -5 -4  0 0 1 0 0 0.01
-3 -5 -2 -6 -4 -5 -6 -6 -5 -2  3 -5  2  6 -6 -5 -4 -3  0  3 0 1 0 0 0.01
 1  5 -3 -4  3  0 -3 -2  0 -2 -2  1  1  0 -4 -2  0 -4 -1 -1 0 0 1 0 0.01
-1 -4 -2 -2  2 -1 -1  0 -3  1  2 -3  5  2 -4 -2 -2 -3 -1  1 0 0 1 0 0.01
-1 -2 -5 -5 -3 -1 -4 -5 -5 -1  3 -4  1 -3  6 -4 -4 -5 -5 -1 0 0 1 0 0.01
 0  3 -1 -3  0  0 -2 -3 -1  2 -2  2  0 -3 -3  0  1 -4 -2  1 0 0 1 1 0.01
-1 -3  3  4  0  1 -1 -2  0 -3 -4 -2 -3 -4  3  0  0 -5  0 -1 0 0 1 1 0.02
-2 -3 -1 -4 -5 -4 -2  0 -5 -2 -5 -3 -5 -6  6  1  3 -6 -5 -4 0 0 1 0 0.03
 0  2  3 -1 -4 -1 -2  1  1 -3 -3  1 -3 -4  2  1  1 -4 -3 -3 0 0 1 1 0.03
-2 -3 -2 -4 -4 -3 -3 -5  0  1  2 -4  1  4 -5 -1 -2  5  3  1 0 1 0 0 0.04
-1  0 -1 -2  0  1  1 -3  2  2  0 -1  1  0  0  0  1 -1  0  1 0 1 0 0 0.04
-1 -2  0 -2 -4  1 -1 -3 -3 -1 -1  1  0 -2  5  2  1 -4 -1 -2 0 1 0 0 0.05
-1  1 -1 -3 -4  5 -1 -1  0 -2  0  2 -2  0 -1 -1 -1  3  2 -3 0 1 0 0 0.06
 2 -1  1 -1 -3  0  0  0  1 -1 -2 -1 -2 -4 -2  3  3 -4 -3 -1 0 0 1 0 0.09
 2  1  0 -1 -3  0 -2  2 -1 -2 -3  1 -2 -3 -2  0  2 -4 -1  0 0 0 1 0 0.12
-1 -1  1  4 -4  1  0 -1 -1 -3 -3  0 -2 -1  4  0 -2 -4 -2 -2 0 0 1 1 0.13
-2 -3 -2 -3 -3  0 -1 -3  0  3  1 -3  3  4 -4 -2 -2  1  2 -1 0 0 1 0 0.17
 0 -1 -1  0 -3  1  1 -1 -2  1 -1  0 -2 -3 -2  2  3 -4 -3  0 0 0 1 1 0.23
-2 -1  0  1 -3  2 -1 -2 -3  1  2 -1 -1  1 -2 -2 -1 -3 -2  1 1 0 0 1 0.25
 2  0  2  0 -3 -1 -1 -1 -2 -1 -3 -2 -3 -2  3  2  0 -4 -3 -2 1 0 0 1 0.29
-2 -3  2  3 -4  3  0 -3 -3 -4 -4 -2 -3 -5  5  0  1 -5 -4 -1 1 0 0 0 0.39
-1 -1 -2  0 -3  2  0  0 -2  1 -1 -1 -1 -2  0  0  1 -3  0  2 1 0 0 0 0.43
 1  0  0 -1 -3  1  3  1  0 -3 -2  0 -2 -4 -1  0  0 -4 -3 -2 1 0 0 1 0.41
 0  0  1 -1  0  0  2  1 -2 -2 -2  1 -2 -2  0  0  1 -4 -3 -1 1 0 0 1 0.53
 0 -3 -3 -2  0 -3 -3 -2 -2  3  1 -2  0  3 -1 -1 -2 -2  3  1 1 0 0 0 0.67
-2  2  1 -1 -4  1  4 -3  0 -1 -2  1 -2 -4 -3  0 -1 -4 -1  0 1 0 0 1 0.70
 1  0 -1  2 -3 -1  0 -1 -2 -3 -2  3 -2 -1  0  2  0 -4 -3 -2 1 0 0 1 0.74
 0  1 -1  2 -4  3  3 -1  0 -3 -2  1 -2 -4 -1  1  0 -4 -3 -3 1 0 0 0 0.86
-1  3  2 -1  0  1 -1 -1 -2 -1 -1  1  0 -3  2  0  0 -4 -3  0 1 0 0 1 0.89
 0 -2 -2  0 -2 -1  1 -1 -3  1  1 -1  0 -2 -1  0  3 -3 -3  1 1 0 0 1 0.88
-1  1  2  0 -4  3  4 -3 -1 -4 -4  1 -3 -4 -2  1  0 -4 -3 -3 1 0 0 1 0.94
-1  0  1  2 -4  1  4 -1  1 -3 -2  0 -2  0 -2 -1  0 -4 -2 -3 1 0 0 0 0.94
-1 -1 -2 -3 -3 -2 -1 -3  1 -2 -1 -2 -1  3  1 -1  0  4  5  0 1 0 0 0 0.94
-1 -1  3  3 -3 -1  1 -2  2 -2 -3  1 -3 -3 -2  3 -1 -4 -2 -3 0 0 1 0 0.95
 0 -2  5  1 -3 -1 -1  2 -1 -3 -4 -1 -3 -4 -2  1  2 -4 -3 -3 0 0 1 1 0.94
-1 -1  5  1 -3 -1 -1 -1 -1 -3 -3  1 -2 -3  1  1  2 -4 -3 -2 0 0 1 1 0.95
 0  0 -1  0 -3  1  3 -2  0 -3 -2  2 -2 -1 -2 -1 -1 -1  3 -2 0 0 1 1 0.95
-2 -2  1  6 -4  0  3 -2 -1 -4 -4 -1 -3 -4 -2 -1 -1 -4 -3 -3 0 0 1 1 0.96
