-1  2  0 -1 -3  1  1 -1 -1 -3 -2  4 -1 -3 -1  0 -1 -3 -2 -2 0 0 1 1 0.92
 0 -2  0 -1 -2 -2 -2  5 -2 -4 -4 -1 -3 -3 -2  0 -2 -2 -3 -3 0 0 1 1 0.90
 0 -2  0 -1 -2 -2 -2  5 -2 -4 -4 -1 -3 -3 -2  0 -2 -2 -3 -3 0 0 1 1 0.91
-3 -3 -4 -5 -3 -2 -3 -3 -3 -3 -2 -3 -2  1 -4 -3 -3 11  2 -3 0 0 1 1 0.82
-2 -3 -3 -4 -3 -3 -3 -3 -1  0  0 -3  0  6 -4 -2 -2  1  4 -1 0 0 1 1 0.83
 0 -2  0 -1 -3 -2 -2  6 -2 -4 -4 -2 -3 -3 -2  0 -2 -3 -3 -3 0 0 1 1 0.82
-1  1 -1 -1 -2  1  0 -2 -1  0 -1  4 -1 -2 -1 -1 -1 -3 -2  1 0 0 1 1 0.87
-2  3  0 -1 -3  1  0 -2  7 -3 -3  0 -2 -2 -2 -1 -2 -3  1 -3 0 0 1 1 0.92
-2  6 -1 -2 -4  1  0 -3  0 -3 -2  2 -2 -3 -2 -1 -1 -3 -2 -3 0 0 1 1 0.82
 0 -3 -1 -1 -3 -2 -2  6 -2 -4 -4 -2 -3 -3 -2  0 -2 -3 -3 -3 0 0 1 0 0.79
-1  0  0  1 -3  4  4 -2  2 -3 -3  1 -1 -3 -1  0 -1 -3 -1 -3 0 0 1 1 0.56
 0 -3 -1 -1 -3 -2 -2  6 -2 -4 -4 -2 -3 -3 -2  0 -2 -3 -3 -3 0 0 1 1 0.58
 0  2 -1 -2 -3 -1 -2  5 -2 -4 -3  0 -3 -3 -2  0 -2 -3 -3 -3 0 0 1 1 0.55
 0 -1  0 -1 -2 -1 -1  2  0 -3 -2 -1 -2  0 -2  3  0 -1  3 -2 0 0 1 1 0.57
-1 -1  5  1 -3  0 -1  2  0 -3 -4 -1 -2 -3 -2  1  0 -4 -2 -3 0 0 1 1 0.51
 0  0  0 -1 -3  3  1 -2 -1 -3 -3  2 -1 -3  4  1  0 -3 -2 -2 1 0 0 1 0.34
-1  2  0 -1 -3  1  1 -2 -1 -3 -3  5 -2 -3 -1  0 -1 -3 -2 -3 1 0 0 1 0.28
-2 -3 -3 -4 -3 -3 -3 -3  0 -1  0 -3  0  6 -4 -2 -2  1  5 -1 1 0 0 0 0.19
-1  0  0  1 -3  3  4 -2  0 -3 -3  1 -2 -3 -1  0  1 -3 -2 -2 1 0 0 1 0.14
-1  0  5  0 -2  0  0 -1  0 -3 -3  1 -2 -3 -2  2  2 -3 -2 -2 1 0 0 1 0.12
-1 -2 -2 -3 -1 -2 -3 -3 -3  3  1 -2  3  0 -3 -1  1 -2 -1  2 1 0 0 0 0.10
 4 -2 -2 -2 -1 -1 -1  2 -2 -2 -2 -1 -1 -3 -1  1  0 -3 -2 -1 1 0 0 0 0.07
-1  0  0  3 -4  2  4 -2  0 -3 -3  1 -2 -4 -1  0 -1 -3 -2 -3 1 0 0 1 0.05
 0 -2  2 -1 -2 -1 -1  4 -1 -3 -3 -1 -2 -3 -2  2  0 -3 -3 -3 1 0 0 1 0.05
-2 -3 -4 -4 -1 -2 -3 -4 -3  2  4 -3  2  0 -3 -3 -1 -2 -1  1 1 0 0 0 0.03
-1  4  0 -1 -2  1  0 -2 -1 -3 -2  2 -1 -3 -2  1  1 -3 -2 -2 1 0 0 1 0.03
 3 -2 -2 -2 -1 -1 -1 -1 -2  0  0 -1  0 -2  1  0  1 -3 -2  1 1 0 0 1 0.03
-2 -2 -4 -4 -1 -2 -3 -4 -3  1  4 -3  2  0 -3 -3 -1 -2 -1  1 1 0 0 1 0.05
-2 -2 -4 -4 -1 -2 -3 -4 -3  1  4 -3  2  0 -3 -3 -1 -2 -1  1 1 0 0 0 0.05
 3 -1  2 -1 -1 -1 -1  2 -1 -2 -2 -1 -2 -3 -1  2  0 -3 -2 -1 1 0 0 1 0.06
-2  6 -1 -2 -4  1  0 -3  0 -3 -2  2 -2 -3 -2 -1 -1 -3 -2 -3 0 0 1 1 0.07
 0  1 -1 -2  8 -1 -2 -2 -2 -2 -2 -1 -2 -3 -2  2  0 -3 -2 -1 0 0 1 1 0.08
-2  0  0 -1 -3  3  2 -2  7 -3 -3  0 -2 -2 -2 -1 -2 -3  1 -3 0 0 1 1 0.08
 2 -2 -2 -2 -1 -2 -2 -2 -2  1  0 -2  0 -2 -2  1  0 -3 -2  3 0 0 1 1 0.08
-1 -1 -1  0 -4  1  4 -2 -1 -3 -3  0 -2 -4  6 -1 -1 -4 -3 -3 0 0 1 1 0.09
-1  6 -1 -2 -3  1  0 -2 -1 -3 -2  2 -2 -3 -2 -1  1 -3 -2 -2 0 0 1 1 0.08
 0 -1  0 -1 -1 -1 -1 -2 -2 -1 -1 -1 -1 -2 -1  1  5 -3 -2  0 0 0 1 1 0.09
 0 -1  3  0 -1  0 -1 -1 -1 -2 -2 -1 -1 -3 -1  3  3 -3 -2 -1 0 0 1 1 0.09
-1 -1  2  3 -3  0  3 -2 -1 -3 -3  0 -2 -3  4  0  1 -4 -3 -2 0 0 1 1 0.07
-1 -1  0  3 -3  1  5 -2 -1 -3 -3  0 -2 -3 -1  0  1 -3 -2 -2 0 0 1 1 0.06
 0 -3 -1 -2 -3 -2 -2  6 -2 -4 -4 -2 -3 -3 -2  0 -2 -3 -3 -3 0 0 1 1 0.04
-1  2  3  2 -3  0  2 -1  0 -3 -3  0 -2 -3 -2  0  2 -3 -2 -2 0 0 1 1 0.03
-3 -3 -4 -5 -3 -2 -3 -3 -3 -3 -2 -3 -2  1 -4 -3 -3 11  2 -3 0 1 0 0 0.02
-1 -3 -3 -3  4 -2 -2 -3 -3  1  0 -2  2 -1  4 -1 -1 -3 -2  3 0 1 0 0 0.01
 2 -2  2 -1  4 -1 -1 -1 -1 -2 -2 -1 -1  1 -2  0 -1 -1  2 -1 0 1 0 0 0.01
 2 -2 -1 -2 -2 -2 -2  5 -2 -3 -3 -1 -2 -3 -2  0 -1 -3 -3 -2 0 1 0 0 0.01
 0 -3 -3 -4 -1 -2 -3 -4 -3  2  2 -3  1 -1 -3 -2  0 -3 -1  4 0 1 0 0 0.01
-2 -3 -3 -4 -2 -2 -3 -3 -2  0  1 -3  4  5 -4 -2 -2  0  2  0 0 1 0 0 0.01
 1 -3 -3 -3 -1 -2 -2 -3 -3  3  1 -2  0 -1 -2 -1  0 -3 -1  4 0 1 0 0 0.01
-2 -2 -3 -3 -2 -2 -2 -3  1  0 -1 -2 -1  3 -3 -2 -2  2  7  1 0 1 0 0 0.01
 0 -2  2 -1 -2 -1 -2  5 -1 -4 -4 -1 -3 -3 -2  1 -1 -3 -3 -3 0 1 0 0 0.01
 0 -2 -1 -1 -2 -1 -2  4 -1 -1  0 -1 -1  0 -2 -1 -1 -1  2 -1 0 0 1 1 0.01
 1 -1  0 -1 -1 -1 -1 -1 -1 -3 -3 -1 -2 -3  4  4  1 -3 -2 -2 0 0 1 1 0.01
-1  2  0 -1 -3  1  1 -2 -1 -3 -3  5 -2 -3 -1  0 -1 -3 -2 -3 1 0 0 1 0.01
-1 -1  2 -1 -1 -1 -1 -2 -2 -1 -2 -1 -1 -2 -2  1  4  6 -1 -1 1 0 0 1 0.01
 1 -1  0 -1  4 -1 -1 -1 -2 -2 -3 -1 -2 -3  3  4  1 -3 -2 -2 1 0 0 0 0.01
-1 -3 -3 -4  6 -3 -3 -3 -3  0  3 -3  1 -1  1 -2 -1 -2 -2  0 1 0 0 0 0.01
-2 -2 -2 -3 -3 -2 -2 -3  2 -2 -1 -2 -1  3 -3 -2 -2  2  7 -2 1 0 0 1 0.01
-1 -1  6  1 -3  0  0 -1  0 -3 -4  0 -2 -3 -2  2  0 -4 -2 -3 1 0 0 0 0.01
-2 -2 -4 -4 -1 -2 -3 -4 -3  1  4 -3  2  0 -3 -3 -1 -2 -1  1 1 0 0 0 0.01
-2  6 -1 -2 -4  1  0 -3  0 -3 -2  2 -2 -3 -2 -1 -1 -3 -2 -3 1 0 0 0 0.01
-2  6 -1 -2 -4  1  0 -3  0 -3 -2  2 -2 -3 -2 -1 -1 -3 -2 -3 1 0 0 0 0.01
 1 -3 -1 -2  5 -2 -2  5 -2 -3 -3 -2 -2 -3 -2  0 -1 -3 -3 -2 1 0 0 0 0.01
-1 -3 -3 -3 -1 -2 -3 -4 -3  3  3 -3  1  0 -3 -2  0 -2 -1  2 1 0 0 0 0.01
 4 -2 -1 -2 -1 -1 -1  3 -2 -2 -2 -1 -2 -3 -1  1 -1 -3 -2 -1 1 0 0 0 0.01
-1 -3 -4 -4  5 -3 -3 -4 -3  1  4 -3  1  0 -3 -2 -1 -2 -2  0 1 0 0 1 0.01
 3 -2 -2 -3  7 -2 -2 -1 -2 -1 -2 -2 -1 -3 -2  0 -1 -3 -2 -1 1 0 0 0 0.01
 1 -3 -3 -3 -1 -2 -3 -3 -3  4  1 -2  1 -1 -2 -1 -1 -3 -2  3 0 0 1 0 0.01
-1 -2  2 -1 -3 -1 -1 -2 -2 -3 -3 -1 -3 -4  7 -1 -1 -4 -3 -3 0 0 1 1 0.01
-1  0 -1  0 -3  4  4 -2  0 -3 -3  1 -1 -2 -2 -1 -1  6 -1 -3 0 0 1 1 0.02
 0 -3 -2 -3  8 -3 -3  1 -3  0 -1 -3 -1 -2 -3 -1 -1 -3 -2  1 0 0 1 0 0.02
-2  6 -1 -2 -4  1  0 -3  0 -3 -2  2 -2 -3 -2 -1 -1 -3 -2 -3 0 1 0 0 0.01
 1 -2 -3 -3 -1 -2 -3 -3 -3  2  3 -2  2  0 -3 -2 -1 -2 -1  1 0 1 0 0 0.01
 0 -1  0 -1 -1 -1 -1 -1 -2 -1 -2 -1 -1 -2 -1  2  5 -3 -2  0 0 0 1 0 0.01
-1 -2 -2 -2 -3 -2 -1  2 -2 -3 -3 -1 -3 -4  7 -1 -1 -4 -3 -3 0 0 1 0 0.01
-2 -2 -4 -4 -1 -2 -3 -4 -3  2  4 -3  2  0 -3 -3 -1 -2 -1  1 0 0 1 0 0.01
 0 -2  0 -1 -2 -1 -1  3 -1 -2 -2 -1 -2  2 -2  3  0 -2  0 -2 0 1 0 0 0.01
-2  6 -1 -2 -4  1  0 -3  0 -3 -2  2 -2 -3 -2 -1 -1 -3 -2 -3 0 1 0 1 0.02
-2 -2 -4 -4 -1 -2 -3 -4 -3  2  4 -3  2  0 -3 -3 -1 -2 -1  1 0 1 0 0 0.02
-1 -2 -2 -2 -3 -2 -1 -2 -2 -3 -3 -1 -3 -4  8 -1 -1 -4 -3 -3 0 1 0 0 0.03
-2 -2 -3 -4 -3 -2 -3 -3  1 -1  0 -3 -1  5 -4 -2 -2  2  6 -1 0 0 1 1 0.03
 0 -3 -1 -2 -3 -2 -2  6 -2 -4 -4 -2 -3 -3 -2  0 -2 -3 -3 -3 0 0 1 0 0.05
-1 -1 -1 -2 -2 -1 -1 -2  3  0  0 -1  4  0 -2  1  0 -1  2  1 0 0 1 1 0.07
 4 -1 -1 -1 -1 -1 -1  0 -2 -2 -2 -1 -1 -2 -1  3  0 -3 -2 -1 0 0 1 1 0.10
-1 -3 -3 -2 -3 -2 -2 -3 -2 -2 -2 -2 -2  2  6 -2 -2  6  0 -2 0 0 1 1 0.10
 0 -2 -1 -1 -3 -1  1  6 -2 -4 -4 -1 -3 -3 -2  0 -2 -3 -3 -3 0 0 1 1 0.10
 0 -2 -1 -1 -2 -1 -1 -2 -2 -2 -3 -1 -2 -3  7  1  1 -4 -3 -2 0 0 1 1 0.10
 0 -3 -1 -2 -3 -2 -2  6 -2 -4 -4 -2 -3 -3 -2  0 -2 -3 -3 -3 0 0 1 1 0.09
-1 -2 -2 -2 -3 -2 -1 -2 -2 -3 -3 -1 -3 -4  8 -1 -1 -4 -3 -3 0 0 1 1 0.12
-1  1  0  0 -3  6  3 -2  0 -3 -3  1 -1 -4 -1  0 -1 -2 -2 -3 0 0 1 1 0.13
-1 -2 -2 -2 -3 -2 -1 -2 -2 -3 -3 -1 -3 -4  8 -1 -1 -4 -3 -3 0 0 1 0 0.13
 0 -2  0 -1 -2 -2 -2  5 -2 -3 -3 -2 -2 -3 -2  0  1 -3 -3 -3 0 0 1 1 0.14
-1 -2 -2 -2 -3 -2 -1 -2 -2 -3 -3 -1 -3 -4  8 -1 -1 -4 -3 -3 0 0 1 0 0.12
-2 -2 -3 -4 -1 -2 -3 -4 -3  2  4 -3  3  0 -3 -2 -1 -2 -1  1 0 0 1 0 0.08
-2  5 -1 -2 -3  0 -1 -3 -1 -1  1  1  2 -1 -3 -1 -1 -2 -2 -1 0 0 1 1 0.05
-1  0  0  1 -4  2  5 -2  0 -4 -3  1 -2 -4 -1  0 -1 -3 -2 -3 0 1 0 1 0.04
 1 -1  1  0 -1  0  0  0 -1 -3 -3  0 -2 -3 -1  4  1 -3 -2 -2 0 1 0 0 0.03
 0 -2 -1 -2  4 -1 -2 -2 -2  2  0 -1  0 -2 -2  2  2 -3 -2  1 0 1 0 1 0.02
-1 -2 -1  1 -1 -2 -1 -3 -3  1  0 -2  0 -1 -2 -1  2  6 -1  2 0 1 0 1 0.01
 0 -2 -1 -2  7 -2 -2 -2 -2 -2 -2 -2 -2 -2 -2  2  0  7 -1 -2 0 1 0 0 0.01
-1 -2 -2 -3 -3 -2 -2  2  1 -2 -2 -2 -1  2 -3 -2 -2  2  7 -2 0 1 0 0 0.01
-2 -3 -3 -4 -3 -4 -4 -3 -1  0  0 -3  0  7 -4 -3 -2  1  3 -1 0 1 0 0 0.01
-1 -3 -3 -4 -1 -2 -3 -4 -3  3  3 -3  3  0 -3 -2 -1 -2 -1  2 0 1 0 0 0.01
-1 -3 -3 -3 -1 -3 -3 -3 -3  2  1 -3  1  2 -3 -2  0 -2  0  4 0 1 0 0 0.01
-2 -3 -3 -4 -3 -4 -4 -3 -1  0  0 -3  0  7 -4 -3 -2  1  3 -1 0 1 0 0 0.01
-1 -2 -3 -3 -1 -2 -3 -3 -3  1  4 -2  2  0 -3 -1  1 -2 -1  1 0 1 0 0 0.01
-1  1  0 -1 -3  5  1 -2  0 -3 -3  1 -1 -4  3  0 -1 -2 -2 -3 0 0 1 0 0.01
 0 -2  0 -2  4 -1 -1 -2 -2 -1 -1 -1 -1 -2 -2  1  5 -3 -2  0 0 0 1 0 0.01
-1 -1  0 -1 -2  0 -1  2  6 -2 -2 -1  1 -2 -2  1 -1 -3  0 -2 1 0 0 1 0.01
-1 -2 -3 -3 -2  1 -2 -4 -2  3  3 -2  1  0 -3 -2 -1 -2 -1  2 1 0 0 1 0.01
-2 -3 -2 -3 -2 -3 -3 -3 -1 -1  0 -3  0  6 -3  0 -1  0  3 -1 1 0 0 0 0.01
 4 -2 -2 -2 -1 -1 -1  0 -2 -2 -2 -1 -1 -2 -1  1  0 -3 -2  0 1 0 0 0 0.01
-1  0  0  3 -4  2  5 -2  0 -3 -3  0 -2 -4 -1  0 -1 -3 -2 -3 1 0 0 1 0.01
-1 -3 -1  2  7 -2 -2  2 -3 -1 -2 -2 -2 -3 -3 -1 -1 -3 -3  0 1 0 0 0 0.01
 1 -2 -3 -3 -1 -2 -3 -3 -3  2  2 -2  1  0 -2 -1 -1 -2 -1  2 1 0 0 0 0.01
 1  2 -1 -1 -3  1  0 -1 -1 -3 -2  4 -1 -3 -1  0 -1 -3 -2 -2 1 0 0 0 0.01
-2 -2  1  6 -4  0  1 -2 -1 -3 -4 -1 -3 -4 -2  0 -1 -5 -3 -3 1 0 0 1 0.01
 4 -2 -2 -2 -1 -1 -1  0 -2 -2 -2 -1 -1 -2 -1  1  0 -3 -2  0 1 0 0 0 0.01
-2 -3 -4 -4 -1 -3 -3 -4 -3  4  3 -3  1  0 -3 -3 -1 -2 -1  2 1 0 0 0 0.01
-1  4 -1 -2 -2  0  0 -3 -1  0  0  3  0 -2 -2 -1 -1 -3 -2  0 1 0 0 1 0.01
-2 -2  1  6 -4  0  1 -2 -1 -3 -4 -1 -3 -4 -2  0 -1 -5 -3 -3 1 0 0 1 0.02
-2 -2 -3 -4 -2 -2 -3 -4  1  0  2 -2  0  2 -3 -2 -2  1  6 -1 1 0 0 0 0.02
-1 -3 -3 -3  5 -3 -3 -4 -3  3  1 -3  1 -1 -3 -2 -1 -3 -2  3 1 0 0 0 0.02
 0  2 -1 -2 -2  0 -1 -2 -1  0  1  0  4 -1 -2  1  2 -2 -1  0 0 0 1 1 0.03
 0 -2 -1 -1 -1 -1 -1 -2 -2 -1 -2 -1 -1 -3  4  1  4 -3 -2 -1 0 0 1 1 0.04
-1  4  0 -1 -3  1  0 -2  4 -3 -3  4 -2 -3 -2 -1 -1 -3 -1 -3 0 0 1 1 0.06
-1 -2 -2 -2 -3 -2 -1 -2 -2 -3 -3 -1 -3 -4  8 -1 -1 -4 -3 -3 0 0 1 1 0.06
 2 -1 -1 -2 -2  1 -1  2 -2 -1  0 -1 -1 -2  3  0 -1 -3 -2 -1 0 0 1 1 0.07
-1 -2 -2 -2 -3 -2 -1 -2 -2 -3 -3 -1 -3 -4  8 -1 -1 -4 -3 -3 0 0 1 1 0.07
 0 -1  0 -1 -1 -1 -1 -2 -2 -1 -1 -1 -1 -2 -1  1  5 -3 -2  0 1 0 0 1 0.07
 0  2 -1 -2  7 -1 -2 -2 -2 -2 -2 -1 -2 -3 -2  2  0 -3 -2 -2 1 0 0 1 0.09
-1 -1  5  3 -2  0  0 -1  0 -3 -3  0 -2 -3 -2  2  0 -4 -2 -3 1 0 0 1 0.08
-1 -2 -2 -2 -1 -2 -2 -3 -3  3  0 -2  0 -1 -2  0  3 -3 -2  3 0 1 0 0 0.07
-1  4  0 -1 -3  4  1 -2  0 -3 -2  3 -1 -3 -2  0 -1 -3 -2 -3 0 1 0 1 0.07
 1 -3 -3 -3 -1 -2 -2 -3 -3  2  1 -2  0 -1 -2 -1  0 -3 -1  4 0 1 0 0 0.06
 0 -2 -1 -2 -1 -1 -1 -2 -2  0 -1 -1  0 -2 -1  1  5 -3 -2  1 0 1 0 0 0.05
-1 -3 -3 -4 -1 -3 -3 -3 -3  2  2 -3  1  2 -3 -2 -1 -2  0  3 0 1 0 0 0.04
-1 -3 -3 -4  8 -2 -3 -3 -3  1  0 -3  2 -2 -3 -1 -1 -2 -2  0 0 1 0 0 0.06
 0 -1  3  0 -1  0  0 -1 -1 -2 -2  0 -1 -3 -1  3  3 -3 -2 -1 0 1 0 0 0.06
-2 -3 -3 -4 -3 -4 -4 -3 -1  0  0 -3  0  7 -4 -3 -2  1  3 -1 0 1 0 0 0.09
-2 -1  1  5 -4  1  3 -2 -1 -3 -4  0 -3 -4 -2  0 -1 -4 -3 -3 0 1 0 1 0.10
-1 -2  1  5 -3 -1  1 -1 -1 -3 -3 -1 -3 -4  3  1  0 -4 -3 -3 0 1 0 1 0.16
 0 -2 -1 -1 -2 -1 -2  4 -2 -3 -3 -1 -3 -3  4  1 -1 -3 -3 -3 0 1 0 0 0.17
 0 -3 -3 -3 -1 -2 -3 -3 -3  3  1 -3  1 -1 -3 -2  0 -3 -1  4 0 1 0 0 0.20
-1 -2 -1  3 -2 -1  0 -2 -2  0  0 -1  4 -2  3 -1 -1 -3 -2 -1 0 0 1 1 0.26
-2 -2 -4 -4 -1 -2 -3 -4 -3  2  4 -3  2  0 -3 -3 -1 -2 -1  1 0 0 1 0 0.28
-1 -2 -2 -2 -3 -2 -1 -2 -2 -3 -3 -1 -3 -4  8 -1 -1 -4 -3 -3 0 0 1 1 0.38
