 0 -3 -1 -2 -3 -2 -3  6 -3 -4 -4 -2 -3 -4 -3 -1 -2 -3 -4 -4 0 0 1 1 0.94
 2 -2 -1 -2 -1  1 -1 -1 -2  0 -1 -1 -1 -2 -2  2  1 -3 -2  2 0 0 1 1 0.94
 0  1  0 -1 -3  2  1  1 -1 -2  0  2  2 -2 -2 -1 -1 -3 -2 -2 0 0 1 1 0.93
 0 -2  2  3 -3  0  2  1 -1 -3 -4 -1 -3 -4  2  0 -1 -4 -3 -3 0 0 1 1 0.93
 2  0  0  2 -2  0  1  2 -2 -3 -3 -1 -2 -3 -2  2  0 -3 -3 -2 0 0 1 1 0.93
 2  1  1  1 -2  0  0  0  1 -2 -1  1 -1 -3  0  1 -1 -3 -2 -2 0 0 1 1 0.90
 0  3 -2 -2 -3  1  1 -3 -2 -1  0  0  5 -2 -3 -1 -1 -3 -2  0 0 0 1 0 0.89
-1  2  0 -1 -4  2  2 -2 -1 -1 -3  4 -2 -4  2  0 -1 -4 -3 -2 0 0 1 1 0.92
 1  0  1  3  0  2  3 -2 -1 -3 -2  0  1 -3 -2  0 -1 -3 -3 -2 0 0 1 1 0.90
 4 -2 -2 -2 -2 -1  1 -1  2  0  0 -2 -1 -2 -2  0 -1 -3 -2  1 0 0 1 0 0.80
 1 -2 -1 -2 -2 -1 -2 -1 -3 -3 -2 -1 -2 -3 -2  4  4 -1 -3 -2 0 0 1 1 0.71
 0  0 -1 -2  2  0  0 -1 -2  1  0  1 -1 -2 -2 -1 -1 -3 -2  2 0 0 1 1 0.66
-1 -3 -3 -3  1 -2 -1 -3 -3  0  4 -3  0  2 -3  0  0 -2 -1  1 0 0 1 1 0.60
 3 -2 -2  0 -2 -2 -1  0 -3  1 -2  0 -2 -3  1  1  2 -4 -3  0 0 0 1 1 0.57
-2 -2  0  3 -5  0  6 -4 -1 -5 -5  2 -4 -5  0 -2 -3 -5 -4 -4 0 0 1 1 0.47
-2 -4 -4 -4 -3 -3 -3 -4 -4  1 -1 -3  2 -2  6 -3 -2 -4 -1  3 0 0 1 0 0.43
 0  1 -2 -1 -4  4  3 -3 -1 -3 -3  1  0 -4 -1  2 -2 -4 -3 -3 0 0 1 1 0.32
 2  0 -2 -3 -3 -2 -2 -3 -3 -3 -3 -2 -1 -4  5  0  4 -4 -3  0 0 0 1 1 0.23
 2 -1 -2 -2  0  4  0 -1 -1  2 -1 -1 -1 -3 -1 -1  0 -3 -3  1 0 0 1 1 0.21
-1 -3  1 -2 -3  0 -2 -3  1 -4 -4 -2 -3 -4  1  4  4  2 -3 -3 0 0 1 1 0.22
-1 -4 -4 -2 -1 -3 -3 -5 -4  3  4 -4  2 -2 -2 -2 -1 -4 -3  3 1 0 0 0 0.22
 2 -3  0  3 -5 -1  6 -2 -3 -5 -5 -2  0 -5 -2 -2 -3 -5 -4 -4 1 0 0 1 0.17
-2 -1 -2  2 -5 -1  6 -3  0 -4 -4  1 -4 -3 -3  1 -1 -5 -2 -2 1 0 0 1 0.17
-4 -5 -6 -2 -4 -5 -5 -6 -5  0  6 -5 -1 -2 -6 -5 -4 -4 -4 -2 1 0 0 0 0.14
-3  5 -3 -3 -5  3 -1 -4 -3 -5 -4  5  1 -5 -2 -3  0 -5 -4 -4 1 0 0 1 0.13
-3 -2  0 -2 -5  6  3 -1  2 -5 -2  1 -3 -5  0 -1 -1 -5 -4 -3 1 0 0 1 0.14
-1 -1  2  0 -4  3  2 -3  4 -2  1  0  1 -3  0  0 -1 -4 -2 -3 1 0 0 1 0.15
-1  2 -2 -3 -6  0  0 -1 -3 -5 -5  7 -4 -6 -4 -3 -3 -6 -5 -5 1 0 0 1 0.15
 2 -3  2 -1 -1 -2 -1  3 -1 -3 -2 -2 -1 -4 -3  1  1 -4 -3  0 1 0 0 1 0.17
-3 -1 -4 -4 -4 -3 -2 -4 -2 -1  1 -1 -2  5 -4 -3 -3 -1  6  2 1 0 0 0 0.17
 0 -1 -2 -1 -3  2  1 -3 -3  0  2  0  0 -2 -3 -1  0 -3 -3  3 1 0 0 0 0.15
-1  2 -3 -3 -5  0  0 -4 -3 -5 -5  6 -4 -5 -4  0 -3 -5 -4 -4 1 0 0 1 0.17
-1 -3 -3 -3 -3  0  1 -4 -1  1  4 -2  2 -2 -4 -3 -1 -3 -3  1 1 0 0 0 0.22
-1  1 -3 -3 -4  5 -2 -2 -3  1  2 -1  0 -3 -3 -2  0 -4 -3 -1 1 0 0 0 0.25
 0  4 -1 -3 -1 -1 -1 -2 -3 -4 -4  6  0 -5 -3  1 -3 -5 -4 -4 1 0 0 1 0.18
-2  5 -3 -3 -5 -1  2 -2 -3 -5 -3  5 -4 -5 -4 -1 -3 -5 -4 -5 1 0 0 1 0.19
-4 -1 -1 -3 -6  7  1 -2  6 -5 -3 -2 -4 -1 -4 -2 -4 -5 -3 -5 1 0 0 0 0.19
-3 -2 -3  0 -1  4  5 -3  1 -2 -2 -2 -3  0 -4 -1 -3 -4  3 -2 1 0 0 1 0.23
-3  3 -3 -3 -5  1 -1 -2 -3 -5 -3  7 -4 -5 -4 -1 -3 -5 -4 -5 1 0 0 1 0.31
 0 -1 -2  3 -6  0  6 -2 -3 -6 -5  1 -4 -6 -4  0 -3 -6 -5 -5 1 0 0 1 0.27
-2 -1 -5 -2  1 -2 -4 -5 -4  1  5 -4  4 -1 -5 -4 -3 -4 -2  0 1 0 0 0 0.31
-3  4  0  2 -6  2  2 -3 -3 -5 -5  5 -4 -6 -4 -1 -3 -5 -4 -5 1 0 0 1 0.27
 0 -2 -2  2 -5  2  5 -2 -3 -4 -2  1 -3 -5 -3  1 -1 -5 -4 -3 1 0 0 1 0.30
-1 -2 -5 -5 -4 -1 -5 -3 -5  1  5 -4  2 -1 -5 -4 -2 -4 -1  0 1 0 0 0 0.27
-3  4  1 -2 -5  1  3 -4 -3 -3 -3  3  0 -5  0 -1 -3 -5 -4  1 1 0 0 1 0.29
-4  5 -1 -2 -6 -2 -2  0 -3 -6 -5  6 -4 -6 -4 -1 -1 -6 -5 -5 1 0 0 1 0.33
-4  4 -3 -1 -6  0 -2 -5 -4 -5 -3  6 -4 -6  0  0 -3 -6 -5 -5 1 0 0 1 0.33
-2 -3 -1 -1 -1  1  0  2  8 -5 -3 -1 -2  0 -5 -2 -2 -5  1 -5 1 0 0 0 0.36
 1  0 -3 -1 -4  4  1 -4  4 -2  1 -2  0 -4  0  0 -2 -4 -3 -1 1 0 0 1 0.32
-1  5 -3 -4 -6  0 -1 -1 -4 -6 -6  6 -4 -6 -4 -2 -4 -6 -5 -5 1 0 0 1 0.36
 0  4  0 -1 -6  1  3 -4 -3 -5 -4  5 -4 -6 -1 -2 -3 -6 -5 -5 1 0 0 1 0.40
 0  3 -3 -1 -4  1  0 -3  0 -2 -2  2 -1 -4 -4  0  2  5 -3  1 1 0 0 0 0.52
 0  0 -1 -1 -1  1  3 -3 -3 -3 -1 -1  0 -2  0  2  1  2 -1 -1 1 0 0 1 0.44
 0  0  1  2 -4  1  3 -2 -3 -4 -3 -1  1 -4 -3  1  2 -5 -4 -3 1 0 0 1 0.32
-2 -4 -5 -5  0 -4 -1 -5 -5  1  5 -1  4 -1 -5 -4 -2 -4 -4  0 1 0 0 0 0.44
-1 -3 -2 -3  0  4 -1 -4 -3  2  2 -1  0 -3  1  0  1 -4 -3  0 1 0 0 0 0.44
-2  3 -1 -3 -2  4 -1 -3 -1 -5 -5  5 -4 -5 -2  0 -3 -5 -4 -2 1 0 0 1 0.42
-2  3  0 -2 -5  3  4 -4  0 -5 -2  3 -4 -5 -4 -1  0 -5 -4 -3 1 0 0 1 0.40
-2 -3 -1  1 -5  3  0  1  6 -3 -2 -1 -3  0 -4  0 -2 -4  3 -4 1 0 0 0 0.41
 1 -2  2  0  4 -1 -2 -1 -3 -2 -1  1 -1 -2 -2  2  1 -4 -1 -1 1 0 0 0 0.47
 2 -3  0  2  0  0  0 -2 -3 -3 -2  0 -3 -4 -1  2  2 -5 -4 -1 1 0 0 1 0.50
 0  1  0 -1 -3  2  0  0 -2 -1  0  2  0 -3  1  0  0  0 -3 -1 1 0 0 1 0.61
 0  1 -1 -2 -3  0  0 -3 -2  1  1  0  1  2 -1 -1 -1 -2  2  0 1 0 0 0 0.55
 1  1  1  0 -1  0  1 -1 -2 -2 -1  1  0 -2 -1  1  1 -4 -1 -1 1 0 0 1 0.47
-1  0 -3 -1  0  3  4 -1 -1 -5 -3  2 -4 -5  0  0 -1 -5 -4 -4 1 0 0 1 0.49
 0  0  0 -1  0  0  0  0  0  0  1  1  0 -2  1 -1 -1 -3 -3 -1 0 0 1 1 0.43
 1  0 -1  0  1  2  1 -2  0 -1 -2  1 -1 -2 -3  1 -1 -4 -3  0 0 0 1 1 0.42
 0  1  0  0 -1  0  1  1 -1 -1 -2  2 -1 -2 -1  1 -1 -3  0 -2 0 0 1 1 0.50
 0 -1 -1  1  0  1  0  0 -3 -3 -2  1 -3 -2  4  1 -1 -4 -3 -3 0 0 1 1 0.54
-1  3  0  1 -4  1  2 -1  1 -3 -2  2 -3 -4 -1  1 -2 -4 -3 -2 0 0 1 1 0.51
-1  0  1  2 -1  0  1  3 -1 -2 -3  1 -3 -4 -2  2  0 -4 -3 -3 0 0 1 1 0.56
 1  0  0 -1  0 -1  0  1  1  0  0  1  0 -2 -2  0 -1 -3 -2  0 0 0 1 1 0.58
-2  0  1  5 -4  0  2  1 -2 -4 -3  1 -2 -4 -3  0 -1 -4 -4 -4 0 0 1 1 0.52
 0 -1  1  1 -3  2  1  0 -2 -3 -4  2 -3 -4  3  2 -1 -4 -3 -2 1 0 0 1 0.50
 0  3  1 -1  0  2  0  0  0 -1  0  1 -2 -2 -2 -1 -1 -3 -2 -1 1 0 0 1 0.49
-1 -2 -2 -2  2 -2 -1 -1 -1  1  1 -1  2 -1  1 -1  0 -3 -1  3 1 0 0 0 0.43
 0  3  0 -2 -3  3  1 -1 -2 -1 -1  1  1 -1 -1 -1 -1 -3 -2  1 1 0 0 1 0.39
-1  0 -1  2  0  3  3 -1  1 -2 -3  1  0 -4 -3  0 -2  2 -3 -3 1 0 0 1 0.37
-1 -2 -1 -2 -3  1 -2 -1  1  0  4 -2  2  0 -1 -1 -2 -3 -2  0 1 0 0 0 0.36
-2  2  0  0 -3  2  0 -1 -2 -1 -1  3  0 -3  0 -1 -1 -1 -1  0 1 0 0 1 0.29
 0  2  1  1 -4  1  3 -1  0 -4 -3  2 -1 -4 -3  1 -1 -4 -3 -3 1 0 0 1 0.21
-1  3 -1  0 -4  1  3 -1 -2 -2 -3  3 -3 -3 -3  0  1  3 -3 -3 1 0 0 1 0.19
-3 -2 -2 -3 -4  5 -2 -2  3 -1  2 -1  3  1 -4 -3 -1  3 -2 -1 1 0 0 0 0.14
-1 -1  0  0 -3  1  3 -1 -1 -1 -1  1  2 -2 -2  1  1 -3 -3 -1 1 0 0 1 0.12
 0  1  0  0  0  4  1 -2 -2 -2 -1  2  1 -3 -2  1  0 -3 -3 -1 1 0 0 1 0.11
-1  2 -2  0 -4  2  4 -3 -2 -2 -1  2  1 -4 -3  0 -2 -4 -3 -3 1 0 0 1 0.11
-2 -1 -4 -4 -3 -1 -2 -4 -4  1  4 -3  2  1 -4 -2 -3  6 -1 -1 1 0 0 0 0.10
 0  0 -2 -2  0  2  0 -1 -2  0  2  0 -1 -1 -2  1  0 -3 -1  0 1 0 0 1 0.07
 1  1  0  2 -2  2  3 -2  0 -2 -2  1 -1 -3 -2 -1  0 -3 -3 -1 1 0 0 1 0.09
-3 -3 -4 -4 -3  2 -3 -2  0  0  4 -1  4 -2 -4 -3 -3 -3 -3  0 1 0 0 0 0.07
-1  4 -2  0  3 -2 -1  1 -2  0 -1  0 -1 -2 -3 -1 -1  3 -1  0 1 0 0 0 0.05
 0  0 -2  1 -4  3  4 -2 -2 -3 -2  2 -3 -4 -2  0  0 -4 -3 -1 1 0 0 1 0.06
 0  2 -2  1 -1  2  5 -3 -3 -3 -4  2 -4 -5 -3  0 -3 -5 -4 -3 1 0 0 1 0.07
-1  0 -2 -4  1  6  0 -5  6 -3 -1 -2  0 -2 -4 -3 -4 -4  1 -4 1 0 0 0 0.06
-1  1 -3 -1  2 -1 -1 -4  4 -1 -1  0  0  1 -4 -1 -3  3  5  0 1 0 0 0 0.06
-1  0  2  2 -4  2  3 -2 -1 -4 -3  1 -3 -3  0  0 -2 -3  3 -2 1 0 0 1 0.07
 1  0 -2 -1  1  2  2  0  1 -3  0  1  1 -2 -3  1 -1 -4 -3 -2 1 0 0 1 0.08
-2  0 -3 -2 -1  2  5 -5 -3  1  1  0  0 -2 -4 -3 -3 -5 -4  0 1 0 0 0 0.10
 0  4 -3 -4 -4  0 -1 -2 -1 -4 -1  4  0 -2 -4 -1 -3  4  1 -4 1 0 0 1 0.12
-2  2  0  1 -5  1  3 -3 -2 -2 -3  3 -3 -3 -3 -1 -1  2  3 -4 1 0 0 1 0.13
 0  2 -2 -3  0  2  0 -3  0  1  2  1  2 -1 -3 -2 -1 -1 -1 -1 1 0 0 1 0.16
 0  2 -2 -3 -1  3  0 -4  2 -3 -1  5 -2 -4 -3 -1  0 -4 -3 -2 1 0 0 1 0.17
 0  3 -2 -1 -4  1  4 -1  0 -2 -1  2 -1 -3 -3 -2  0  1 -1 -3 1 0 0 1 0.19
 0  0  0 -2  2  3  2 -2  0 -3 -1  2 -2 -2 -2  1 -1 -3 -3 -2 1 0 0 1 0.13
-1 -1 -1 -3  1  3 -2 -4  8 -4 -2 -3 -3 -1 -1 -1 -3 -4  3 -4 1 0 0 0 0.14
 0 -1 -1 -3  1 -1 -2  0  1  1  2 -1  1 -1 -3 -1  0 -3  0  1 1 0 0 0 0.18
-1  1  0  0 -3  2  2  0  0 -2 -2  3 -2 -4 -2  1  2 -4 -3 -2 1 0 0 1 0.15
 0  0  1  0 -4  3  4 -3  1 -2 -2 -1 -1 -4  0  0  0 -4 -3 -3 1 0 0 1 0.14
 1  1 -2 -2 -3  4  0 -3  1 -1  1  0  0 -1 -3 -1 -1  0 -1 -1 1 0 0 0 0.11
-1  0  0 -2 -2  1 -1 -2 -1  2  1 -1  0  3 -3 -1  0 -2 -1  1 1 0 0 0 0.08
 2  0  0  2 -3  3  2 -1  0 -3 -2  0 -2 -3 -2  1  0 -3 -3 -3 1 0 0 1 0.06
 0  2 -2 -2  1  0 -1 -3 -2  0  0  4 -2 -3 -1 -1 -1 -4 -3 -2 1 0 0 1 0.06
-3  0 -4 -4 -3 -3 -3 -4 -4  1  5 -1  3 -1 -4 -3 -2 -3 -3  1 1 0 0 0 0.05
-1  2  0 -1  0  1  1 -1 -2 -1  0  2  2 -2 -1  0  0 -3 -2 -1 1 0 0 1 0.04
-1  0  1  1 -2  1  3 -1  0 -2 -3  3 -1 -3 -2  0  0 -3 -3 -2 1 0 0 1 0.04
-2 -3 -1 -3 -2  0 -3 -4 -1  2  3 -3  1  0 -3 -2  0 -3 -2  2 1 0 0 0 0.04
 3  0 -2 -3  2 -2  0 -2 -3  1  0 -2  4 -2 -2 -1  0 -3 -2  1 1 0 0 0 0.04
-1  2 -1 -1 -3  2  2 -1  1 -1 -1  1  0 -3  0  0  0 -3 -2  0 1 0 0 1 0.04
-1 -2  0  2 -4  0  5 -2 -1 -2 -3  0 -3 -4 -3  1  0 -4 -3 -3 1 0 0 1 0.05
 2  1  0 -2  4  3  0 -2  0 -2 -2  1 -2 -3 -2  1  0 -3  0 -1 1 0 0 1 0.07
-3 -1  0  0 -4  7  1 -3  5 -4 -4 -1 -3 -4 -3 -2  0 -4 -2 -4 1 0 0 0 0.07
 2  1  0  1  0  1  0 -1 -2 -1 -1  1 -1 -3 -2  1  1 -3 -2  0 1 0 0 1 0.08
 2 -1  2  0 -2  1  0 -1  0 -1 -1  0 -1 -3 -2  1  1 -3 -2  0 1 0 0 1 0.09
-2 -1 -2 -1 -4  6  3 -3 -2 -1 -1 -1 -2 -3 -3 -1 -2 -3  0 -1 1 0 0 1 0.09
-2 -1 -2 -3 -3  0 -1 -3 -3  1  3  2  4  0 -3 -2 -2 -3 -2  0 1 0 0 0 0.09
-2  1 -2 -2 -4  0  1 -3 -2 -3 -3  6 -3 -4 -3 -2 -1 -4 -3 -1 1 0 0 1 0.09
 1  1 -1 -1 -3  2  1 -2 -2 -2 -1  3  0 -3 -2  0  0 -3 -2 -1 1 0 0 1 0.10
-2 -2 -4 -4 -3 -1 -1 -4 -4  1  4  2  2  0 -4 -2 -2 -3 -3 -1 1 0 0 0 0.12
-1  2 -1  0 -3  2  1 -3  2 -3 -1  4 -2 -3 -2 -1  0 -3 -2 -3 1 0 0 1 0.12
 0 -1 -1  2 -3  1  4 -2 -2 -2 -1  2 -2 -3 -2 -1  0 -3 -3 -1 1 0 0 1 0.14
-1  3  0 -2 -2 -1 -1 -1 -2  2  0  1  0 -1 -2  0  2 -3 -2  0 1 0 0 1 0.16
 0 -2  0 -2  4  1  0 -2  5 -2  0  0 -2 -1 -3  0 -2 -3 -1 -2 1 0 0 0 0.14
 0 -2 -2  3 -4  0  5 -3 -2 -1 -4  0 -3 -4 -3  0 -2 -4 -4 -3 1 0 0 1 0.15
 0  3  1 -2 -3  2 -1 -2 -2 -2 -3  4  0 -4 -2  1 -1 -4 -3 -3 1 0 0 1 0.20
-3 -2  2  3 -4  1  6 -3 -2 -4 -4  0 -3 -4 -3 -2 -2 -4 -3 -4 1 0 0 1 0.19
 1  1  0 -2 -2  0  0 -1 -2  0  0  1  2 -1  0  0  2 -3 -2  0 1 0 0 1 0.19
 0  2  0  0  3 -1  0 -3 -2 -3 -2  5 -2 -4 -2  0 -1 -4 -3 -3 1 0 0 1 0.18
 1  0  0  3 -3  1  4 -2 -2 -3 -3  0 -3 -4 -2  0  0 -3 -3 -3 1 0 0 1 0.16
-1  0  2 -2 -2 -2 -2 -3  0  0  3 -1  4 -1 -3 -2 -2 -3 -2  1 1 0 0 0 0.20
-2  2  1 -2 -4  3  0 -3 -2 -2 -1  5  1 -3 -2 -1  0 -4 -3 -3 1 0 0 1 0.17
 1  2 -2 -2 -3  1 -1 -1  1 -2 -1  4 -1 -3 -2 -1 -1 -3 -3 -1 1 0 0 1 0.18
-1  3 -1 -2 -4  2  0 -3 -2  0 -2  5 -1 -3 -2  0  0 -3 -1 -2 1 0 0 1 0.18
 0 -2 -1 -2 -2  2 -1 -1 -2  0  2 -1  3 -1 -3 -2  0 -2  1  0 0 0 1 0 0.19
 1 -1  0  2 -3  2  3 -2 -1 -3 -2  0  1 -2  0  0  0 -3 -2 -2 0 0 1 1 0.24
 1  2 -1  0  0 -1  0 -2 -2 -1 -1  2  1 -3  1  0  0 -3 -2  0 1 0 0 1 0.20
 0  2 -1  1 -3  1  1 -2 -2 -1 -2  4  0 -3 -2  0 -1  2 -2 -1 1 0 0 1 0.18
-1  5  1 -2 -3 -1 -2 -3 -1 -4 -3  2  0 -3 -3  2  0 -4  0 -3 1 0 0 1 0.19
 0  0 -2 -2 -3  3  1 -1  2  0  1  0  1 -2 -2  0 -1 -3 -2  1 1 0 0 0 0.18
-3 -2  3  3 -4  1  5 -2  0 -4 -4  0  1 -4 -3 -2 -2 -4 -3 -1 1 0 0 1 0.17
 0  2  1 -1 -3  0  2 -2  0 -3 -1  2  0 -3 -2  2  0 -3 -2 -2 1 0 0 1 0.21
 0 -2 -1 -2 -2  1  1 -3 -3  4  1 -1  2 -2 -3 -1 -2 -3 -2  2 1 0 0 0 0.20
-1  1  1  0 -2  2  0 -2 -1 -2 -2  3  0 -3  1  1  0 -3 -1 -1 1 0 0 1 0.20
 1 -1 -1  0 -1  2  3 -2 -2 -2 -1  1 -2  0 -2  1  0 -3 -2 -2 1 0 0 1 0.24
 2 -2 -1 -3 -2 -1 -2 -2 -2  1  2  0  4 -1 -2 -1 -1 -3  0  1 1 0 0 0 0.22
 0  0  0  1 -2  1  1 -1  1 -1  0  1  1 -2 -2  1  0 -2  0 -1 1 0 0 1 0.22
 0  1  1  1 -1  1  0 -2 -2 -2 -2  4 -1 -3 -1  0  0 -3 -3 -3 1 0 0 1 0.22
-1  1  1  1 -3 -1  0  0 -2  0 -1  2 -2 -3 -2  2  2 -4 -3  0 0 0 1 1 0.23
 0  0  1  0 -3 -1  0 -2  2  0 -1  2  1 -1 -2  1  3 -3 -2 -1 0 0 1 1 0.25
-2  1  1 -2  2 -1 -2 -1 -3 -3 -2  4  2 -2 -3 -1  2 -4 -3 -1 0 0 1 1 0.23
-2 -3  2  5 -4  0  1  0 -2 -1 -1 -1 -3 -4 -3  0  0 -5 -4 -2 0 0 1 1 0.25
-3  2 -3 -3  1 -1 -1 -4  1 -2 -1  6 -3 -5 -4 -1 -2 -5 -4 -4 1 0 0 1 0.26
 1 -1  1  1 -3  1  1 -1  2 -1 -2  0  3 -3  0  0  1 -4 -2 -1 1 0 0 1 0.27
 1  0 -1  0 -3  1  4 -3 -2  0 -1  2  0 -3  0  0 -1 -4 -3 -1 1 0 0 1 0.28
-1  2 -2 -2 -3  2  0 -1 -2 -1 -1  3  2 -1  1 -1  1 -3 -2  0 1 0 0 1 0.35
-1 -1 -2  3 -5  0  5 -2 -2 -4 -2 -2 -4 -5 -1  0 -2 -5 -4 -2 1 0 0 1 0.29
-1  6  0 -1 -5  0  2 -2 -2 -3 -1  1 -3 -4 -4 -1 -3 -4 -4 -3 1 0 0 1 0.28
-2  2 -2  0 -3  0  2 -3 -2  0  2  2  0 -1 -3 -1 -2 -3 -2 -1 1 0 0 1 0.29
-1  1 -2 -1 -4 -1 -1 -3 -3 -2  1  5 -2 -3 -3 -1 -1 -4 -3  0 1 0 0 0 0.34
-3  5  1 -3 -4 -1 -2 -3  0 -2 -2  4 -1 -4 -3 -1  1 -4 -3 -3 1 0 0 1 0.26
 0 -2 -3 -1 -5  2  6 -4 -2 -4 -3 -2 -3 -2 -3 -2 -3 -4 -4 -1 1 0 0 1 0.24
-1 -1 -1 -3 -2  0 -1 -3  1  3  1  1  4 -1 -3 -1 -2 -3 -2  1 1 0 0 0 0.28
-1 -1  5  1 -3  1 -1 -1 -2  0 -3  1 -3 -4 -3  1 -1 -4 -3 -2 1 0 0 0 0.31
-2  2  2  2 -3  2  1 -1  2 -3 -3  2 -2 -3 -2  1  0 -3 -2 -3 1 0 0 1 0.29
 0  1  2  0 -3  0  1 -2 -2 -1 -2  2 -2 -1  0  3  0 -4 -2 -2 1 0 0 1 0.28
-2 -1  3  1 -3 -2 -2 -3  5 -1 -1 -2  3  2  0 -2 -1 -3  1 -1 1 0 0 0 0.26
-2 -1 -3 -3 -2 -2  0 -3 -3  4  1 -1  1 -2 -3 -2  2 -3 -2  2 1 0 0 0 0.21
-2  1  2  2  1  3  2 -2 -1 -4 -4  2 -3 -4 -2  1  0 -4 -3 -3 1 0 0 1 0.20
-2  1 -1  2 -4  1  4 -1 -2 -4 -2  2  0 -4  0 -1 -1 -4 -3 -3 1 0 0 1 0.24
 0  1 -2 -1  0 -2 -2  0 -2  0 -1 -1 -1  4 -3  1 -1 -2 -1  2 1 0 0 0 0.16
-2 -3 -3 -4 -3 -3 -3 -2 -4  2  0  0  3 -1 -3  1  1 -4 -3  4 1 0 0 0 0.15
-1  0  2  0 -4  5  2 -3  1 -3 -3  0  0 -1 -3  0 -1 -3  0  0 1 0 0 1 0.16
 1 -2 -1 -1 -3  0  3 -3  0 -1  0  0 -2 -2 -2  1  1 -3  0  0 1 0 0 0 0.16
-1  4 -1 -3  0  1  0 -3  2  3 -1  0 -2 -3 -1 -1 -1 -4 -2  0 1 0 0 0 0.13
-1  3  0  0 -4  0  1 -1  1 -2 -1  4 -2 -4 -3  0 -1 -4 -3 -2 1 0 0 1 0.15
-1  4 -2 -2 -4  3  1 -2 -2 -1 -1  3 -2 -4 -3  0  0 -4 -3 -1 1 0 0 1 0.16
 0 -3 -3 -4 -3  1 -1 -4 -3  0  3 -3  3  0 -3  0 -1 -3 -2  1 1 0 0 0 0.16
 1 -1  0  1 -3  1  2  0 -2 -1 -1  0 -2 -3 -2  1  2 -3 -3 -1 1 0 0 1 0.16
 0  0  0  1 -3  2  3 -2 -2  0  0  1  2 -3 -2 -1  0 -3 -3 -1 1 0 0 1 0.16
 1  0  1  0 -3  1  1 -2 -2  0 -1  3 -1 -2 -2 -1  1 -3 -2 -1 1 0 0 1 0.18
-2  0 -2 -2 -4  5  0 -2  0 -3 -1  3 -2  0 -3  0 -1  3  0 -3 1 0 0 0 0.18
 1 -1  1  2 -3  2  3  0 -2 -3 -2  0 -2 -1 -2  1  1 -3 -2 -3 1 0 0 1 0.16
-1  4  0 -2  0  1  0 -3 -2 -4 -4  5 -3 -4  1 -1 -2 -4 -3 -2 1 0 0 1 0.17
-2  4 -1 -2 -4  3  2 -3  4 -3 -1  1  0 -2 -3 -1 -2 -3 -1 -2 1 0 0 0 0.16
-1  2 -2  0 -2  5  2 -3  2 -2 -1  2  1 -3 -1 -2 -2 -3 -3 -2 1 0 0 0 0.14
 0  0 -2  2 -4  3  5 -3 -2 -4 -4  1 -1 -4 -3 -1 -2 -4 -3 -2 1 0 0 1 0.15
 0  2  0  1 -2  2  2 -2 -2 -2 -3  4 -2 -4 -2 -1  0 -4 -3 -2 1 0 0 1 0.15
-3 -4 -4 -5 -3 -4 -4 -5  1  1  5 -4  0 -2 -4 -4 -3 -3 -3  0 1 0 0 0 0.14
-2  0 -2 -1 -3  2  3 -3 -2  0  0  2  1 -3 -3 -1 -1 -3 -3  1 1 0 0 1 0.14
 0  2 -2 -1  0  0  3 -2 -2 -2 -1  3 -2 -3 -2  0 -1 -4 -3 -1 1 0 0 1 0.13
-1  2  0 -2 -3  3 -1 -1 -2 -1  0  4  0 -3 -3 -2 -1 -3 -3 -1 1 0 0 1 0.13
-3 -2 -2 -1 -4  5 -1 -4  7 -4 -2  0  1 -1 -3 -3 -3  2  1 -2 1 0 0 0 0.10
 2  1 -1  0 -3  2  3 -2 -2 -1 -2  1 -2 -3 -2  0  0 -3 -3 -1 1 0 0 1 0.08
 2  0  1  2 -3  1  4 -2  0 -4 -3  1 -3 -4 -2 -1 -2 -4 -3 -3 1 0 0 1 0.07
-1 -1  1 -1  3  2  0 -2  0  1  1  0  0 -2 -2 -1  1 -3 -2  1 1 0 0 0 0.06
-1  1 -1 -3  2 -1 -3 -3 -3  0  4 -1  0 -2 -3 -1  1 -3 -2  0 1 0 0 0 0.05
-1  0 -2  1 -4  4  4 -3  0 -4 -4  3 -3 -4 -3 -2 -2 -4 -3 -4 1 0 0 1 0.05
 0  1  0  1 -1  4  3 -3  2 -3 -3  2 -2 -3 -2 -1 -2 -3 -2 -2 1 0 0 1 0.05
-2 -4 -4 -4 -3 -4 -4 -4 -4  5  3 -4  1  3 -4 -3 -2 -3 -2  1 1 0 0 0 0.04
-1  2  1  1 -3  2  3 -2 -1 -3 -1  2 -2 -3 -2 -1 -1 -3 -3 -2 1 0 0 1 0.04
-1 -1  2  3 -4  0  5 -2 -2 -4 -4  2 -3 -4 -3 -1  0 -4 -3 -3 1 0 0 1 0.04
-2 -1  0  1 -1  1  4 -3  0 -2  2  1  1 -1 -3 -2 -1 -3 -2 -2 1 0 0 1 0.04
-2  2 -1 -1 -3  0  3 -2 -1  1  0  2  0 -3 -2 -1  0 -3 -2  0 1 0 0 1 0.05
 0  0  2  0 -3  1  2 -2 -2 -3 -3  3 -3 -4  3  0 -1 -4 -3 -2 1 0 0 1 0.06
-1  1 -1 -1 -4  5  1 -3 -2 -3 -2  4  2 -4 -3 -1 -1 -4 -3 -3 1 0 0 1 0.07
 0 -3 -3 -4 -3 -2 -1 -4 -3  1  3 -3  2  2 -4 -2 -1 -2  2  1 1 0 0 0 0.08
-2  0  2 -1 -4  5  1 -3 -1 -1 -1  3 -2 -4 -3 -2 -1 -4 -2 -3 1 0 0 1 0.08
 1 -1  2  0 -3  3  1 -1 -2 -1 -2  1  1 -3 -2  1  0 -4 -3 -1 1 0 0 1 0.09
 0 -1  1  2 -4  2  5 -3 -2 -4 -4  1 -1 -4 -3  0 -1 -4 -3 -2 1 0 0 1 0.12
 2 -3 -3 -2 -2  1 -1 -3 -3  1  3 -2  2 -2 -3 -2 -2 -3 -1  0 1 0 0 0 0.13
-1 -2 -2  2 -3  1  2 -2 -2  0  2  0  2 -1 -3 -1 -1 -3 -1  0 1 0 0 1 0.12
 1  1  1  0 -3  3  1 -2 -1 -1 -2  2 -1 -3 -2  0  0 -3 -3  0 1 0 0 1 0.12
-2 -2 -1  2 -5  2  6 -4  0 -5 -4  1 -4 -5 -3 -1 -3 -5  0 -4 1 0 0 1 0.15
 0 -1 -3 -4  2 -2 -1 -4  4 -1  1 -1 -2  3 -4 -2 -3 -1  5 -2 1 0 0 0 0.15
-2 -1 -2  2 -5  4  5 -4  0 -3 -4  2 -3 -5 -3 -1 -1 -5 -4 -4 1 0 0 1 0.14
 2 -1  0  2 -3  2  4 -3  0 -3 -3  0  1 -3 -3  0 -1 -4 -1 -2 1 0 0 1 0.16
-1  3 -2 -1 -4  2  2 -3 -2 -3 -4  4 -3 -4 -3  0 -1 -4 -3 -3 1 0 0 1 0.18
-2  0 -1 -3 -3 -2 -2 -3 -1  0  2 -2  5  3 -4  0 -1 -2  2  0 1 0 0 0 0.20
 1  3 -1  0 -2  2 -1 -1  2 -4 -3  3 -2 -3 -3 -1 -2  3  0 -3 1 0 0 1 0.18
 0  4  2 -2  1  0 -1  1 -2 -3 -3  1 -3 -3 -3  2  0 -4 -1 -2 0 0 1 1 0.21
-1  0 -3 -4 -3 -1 -3 -4  0  0  4 -1  0  0 -4 -1 -1 -3 -2  1 0 0 1 0 0.20
-2 -2 -3 -2 -5  1  3 -4 -3 -5 -4  2 -4 -5  6 -1 -2 -5 -4 -4 1 0 0 1 0.19
 2  1  0 -1 -3  1  3  1 -2 -2 -2 -1 -1 -3 -2  1  0 -4 -3  0 1 0 0 1 0.18
-2  0 -2  2 -5  0  6 -4 -2 -5 -4  0 -4 -5 -3  0  1 -5 -4 -4 1 0 0 1 0.15
-2 -4 -4 -4 -2 -3 -2 -5 -4  4  2 -3  2 -2 -4 -3 -1 -4 -2  4 1 0 0 0 0.11
-2  2  1  2  1  3  1 -2  0 -3 -1  3 -2 -3 -2  0 -1 -4 -3 -3 1 0 0 1 0.12
-2  2 -1  2 -5  3  5 -1 -1 -4 -4  0 -3 -4 -3 -1 -2 -4 -3 -4 1 0 0 1 0.14
 2  0 -2 -3 -2 -2 -2 -1  1  0  1 -2  0  3 -3  1 -1 -2  1 -1 1 0 0 0 0.13
 0 -3 -3 -4 -2 -3 -3 -4 -4  2  2 -3  0 -2 -3 -1  0 -3 -2  4 1 0 0 0 0.16
-2  2  2  1 -3  4  0 -2 -1 -3 -2  2 -2 -3  1  0  0 -3 -1 -3 1 0 0 1 0.13
 0  0  1  2  0  1  2  0 -1 -2 -2  0 -2 -3 -2  1  1 -3 -2  0 1 0 0 1 0.19
 0  0 -2 -2  7 -2  1 -3  2 -3 -3 -2 -2 -1 -3  1 -1 -2  3 -2 1 0 0 0 0.17
 0 -1 -2 -2 -2 -1  2 -2 -2  0  1 -1  4  0 -2  0  0 -3 -2  1 1 0 0 0 0.24
 0  2 -1 -2 -3  0 -1  2 -2 -3 -2  4 -2 -3  0  0 -1 -3 -3 -2 1 0 0 1 0.29
 2 -2 -1  1 -2  0  2  0 -2 -2 -2 -1 -2 -3  2  0  1 -3 -3 -1 0 0 1 1 0.32
-1 -1 -1 -2  5 -1 -2  1  5 -2  0  1 -1 -2 -3 -1 -2  2  0  0 0 0 1 0 0.29
-2 -3 -4 -4 -3 -4 -4 -4 -3  2  3 -4  0  6 -4 -3 -2 -1  1  0 0 0 1 0 0.25
-1 -3 -2 -1 -3 -2 -2  0 -3 -4 -4 -2 -3 -4  7  1 -1 -4 -4 -3 0 0 1 1 0.37
-1 -1  0  4 -4  1  4 -2 -1 -4 -4  0 -3 -4 -2  1  0 -4 -3 -3 0 0 1 1 0.39
-1  0  0  3 -3  0  2  1  3 -3 -3  1 -2 -3 -2  1 -1 -3 -2 -3 0 0 1 1 0.53
 3 -2 -2 -1 -2 -2 -1 -1 -2 -1 -2 -1 -2 -3  5  0  0 -3 -3  1 0 0 1 1 0.55
-1  0 -1  1 -4  2  5 -2  0 -4 -3  2 -2 -4 -2  0 -1 -3 -2 -3 0 0 1 1 0.64
