-3 -3 -4 -5 -3 -2 -4 -4 -3  0  1 -3  9 -1 -4 -3 -2  1 -2  0 0 0 1 1 0.83
 3 -2  2 -1 -2 -1 -1 -1 -2 -3 -3 -1 -2 -3 -2  4  2 -4 -3 -2 0 0 1 1 0.69
 2 -1  2  0 -2  2 -1 -1  0 -2 -1 -1 -1 -3 -2  1  2 -3 -2  0 0 0 1 1 0.51
 2 -2 -1 -2 -2 -1 -1 -2 -2 -3 -3 -2 -2 -4  3  3  4 -4 -3 -2 0 0 1 1 0.38
-2 -2 -2 -4  0 -2 -3 -4  2  1  4 -1  1 -1 -4 -3 -2 -2  1  0 1 0 0 1 0.16
-1  5 -2 -2 -3  3  0 -3 -1 -2  0  2  2 -3 -3 -1 -1 -3 -2 -2 1 0 0 1 0.07
-1 -4 -3  0 -4 -3 -2 -1 -4 -4 -3 -2 -4 -5  8 -1 -2 -5 -4 -2 1 0 0 0 0.04
-4 -4 -4 -5 -4 -3 -4 -5  0 -3 -3 -4 -3  1 -5 -4 -3  1  9 -3 1 0 0 0 0.03
-2 -3 -4 -4 -2 -3 -3 -4  1  0  5 -3  1  0 -3 -2  0 -2  3  0 1 0 0 0 0.02
-1  2  3  3 -3  1  0 -2 -1 -3 -2  0 -2 -3 -2  1  1 -4 -3 -2 1 0 0 1 0.02
 4  2 -1 -3  6 -2 -2 -2 -3 -2 -3 -1 -2 -3 -3  0 -1 -4 -3 -1 1 0 0 0 0.01
-2 -4 -4 -4 -2 -3 -4 -5 -4  4  2 -4  0 -1 -4 -3 -1 -4 -2  5 1 0 0 0 0.01
-3  6 -2 -3 -4  0  0 -4 -2 -4 -3  2 -2  3 -3 -2 -2 -3 -1 -3 1 0 0 1 0.01
 1  2  3  0 -1  0 -1 -1  2 -3 -3  0 -2 -2 -2  2  0 -3  0 -2 1 0 0 0 0.01
 1 -2 -1 -2 -2 -2 -1 -2 -3 -2 -3 -2 -2 -3 -2  3  5 -4 -3 -1 1 0 0 0 0.01
-3 -4 -5 -5 -3 -4 -4 -5 -4  1  6 -4  1 -1 -4 -4 -3 -3 -2  0 1 0 0 0 0.01
-2 -1  4  1 -3  1  2 -2  1 -2 -1 -1 -2 -3 -2  0  3 -4 -2 -2 1 0 0 1 0.01
 4  2 -2  0 -2 -1 -1 -1 -2 -2 -2  1 -2 -3 -2  0 -1 -4 -3  0 1 0 0 0 0.01
 5 -2 -2 -2  0 -1  2 -1 -2 -3 -3 -1 -2 -4 -2  1  0 -4 -3 -2 1 0 0 0 0.01
-2 -3 -4 -5 -2 -3 -4 -5 -4  3  4 -3  4  1 -4 -3 -2 -2 -2  1 0 0 1 0 0.01
 1 -4 -2 -4 10 -4 -4 -3 -4 -3 -3 -4 -3 -4 -4  0  1 -4 -2 -2 0 0 1 0 0.01
-2 -3 -4 -5 -2 -3 -4 -5 -4  2  5 -4  2 -1 -4 -3 -2 -3 -2  1 0 0 1 0 0.01
-1  2 -1  0 -1  3  3 -1 -1 -3 -3  2 -2 -2  0  1 -1 -2  1 -3 0 0 1 0 0.01
-2 -2  6  1 -3  0 -1 -2  1 -4 -4 -1 -3 -3 -3  2 -1 -3  2 -4 0 0 1 0 0.01
-1 -4 -4 -4 -3 -4 -4 -4 -2 -1  1 -4 -1  7 -4  0 -3 -1  2 -2 0 0 1 0 0.02
 2 -2  0 -1 -2 -2 -1 -1 -2 -3 -3 -2 -3 -3  5  3 -1 -4 -1 -2 0 0 1 0 0.02
 0 -2 -1 -2  3 -2 -2 -2 -2 -3 -1 -2 -2  0 -2  5  0 -4 -2 -3 0 0 1 0 0.03
-2  0  2  1 -2  6  1 -3 -1 -4 -3  1 -2 -3 -3 -1 -2 -3  2 -3 0 0 1 0 0.05
 0 -1 -1 -1 -2 -1  0 -3  0  2  0  0  0  1 -3 -1  1 -3 -1  3 0 0 1 0 0.08
 0 -3 -2  1 -2 -2 -2 -3 -3  1 -1 -2  1 -2  1  0  1 -4 -2  4 0 0 1 0 0.13
-2 -1 -1  0 -4  1  6 -3 -2  1 -3 -1 -2 -4 -2  1 -1 -4 -3 -2 0 0 1 0 0.14
 0  6 -1 -2 -4  0 -1  1 -2 -4 -3  1 -3 -4 -3  1 -2 -4 -3 -3 0 0 1 1 0.14
-2 -2 -1 -2  3  1  0 -3  8 -4 -3 -2 -3  1 -3  1 -2 -3  1 -4 0 0 1 0 0.15
-1 -2  6  0 -3 -1 -1 -2 -1 -3 -4 -1 -3 -4 -3  3  0 -5 -3 -3 0 0 1 1 0.13
-2  2 -2 -2 -1  0 -1 -3 -2  1 -1  5 -1 -3 -3 -2 -2 -4 -2  2 0 0 1 0 0.12
 0 -3 -3 -3 -4 -2 -2 -3 -3 -4 -4  1 -4 -5  8 -2 -2 -5 -4 -4 0 0 1 0 0.14
-1 -2 -1  0 -4  0  6 -3 -2 -4 -4 -1 -1 -4 -2  2 -1 -4 -3 -3 1 0 0 0 0.16
-2 -4 -4 -4 -2 -4 -4 -5 -4  4  0 -4  0  2 -4 -3 -1 -3 -1  5 1 0 0 0 0.15
-2 -2 -2  0 -5  0  6 -4 -2 -4 -4 -1 -3  2 -3 -2 -2 -4 -2 -4 1 0 0 0 0.12
 1 -2  2  1 -1 -2 -2 -2 -2  1  1 -2  1 -1 -3  0  0 -2  1  2 1 0 0 0 0.11
 0  2  1  0  1  2 -1  2  1 -3 -2  1  0 -4  0  0  0 -4 -3 -1 0 0 1 1 0.08
 0  0  1  0 -3 -2  0  0 -3 -3 -2  0  0 -3  2  2  2  2 -3 -1 0 0 1 1 0.07
 0 -2  1  0  1 -1 -1 -1 -1 -3 -4 -2 -3 -4  2  4  2 -4 -3 -3 0 0 1 0 0.05
 0  1  0  0 -3  0  0 -2 -2 -3 -3  3 -2 -3  4  0 -1 -3 -1 -3 1 0 0 1 0.04
-1 -1  0  1 -4  1  6 -3 -2 -3 -4  0 -3 -4  0  1  0 -4 -3 -2 1 0 0 0 0.03
-1 -3 -3 -3 -2 -2 -1 -1 -3  1  4 -3  1  2 -3 -1 -2 -2 -1  1 1 0 0 0 0.03
-2 -1 -4 -4  0 -3 -3 -4 -4  2  4 -2  1 -1 -3 -3  0 -3 -2  1 0 1 0 0 0.02
-1 -3 -3 -4  1 -3 -2 -1 -3  1  4 -3  3  0 -3 -3 -1 -3 -2  1 0 0 1 0 0.02
 0  0  4 -1 -3  2 -1 -2  3 -3 -3  2 -2 -3  2  0  2 -4 -2 -3 0 0 1 1 0.01
-1 -2 -3 -3 -4 -3 -3 -2 -3 -4 -4 -2 -4 -5  8  1 -2 -5 -4 -4 0 0 1 1 0.01
 0 -3 -3 -4 -2 -3 -3 -3 -3  3  3 -3  2 -1  0 -2 -1 -3 -2  3 0 1 0 0 0.01
-1  0 -2 -2 -1 -1 -1 -3  2  1  1 -1  0 -1 -3  0  2 -2  2  2 0 1 0 0 0.01
-2 -4 -4 -4 -2 -3 -4 -5 -4  5  2 -3  0 -1 -4 -3 -2 -3 -2  3 0 1 0 0 0.01
 2 -2 -1 -2  3  2 -1 -2 -1 -2 -2 -1 -2 -2 -2  3  1 -2  1 -1 0 1 0 0 0.01
-3  7 -2 -3 -4  0 -2 -4 -2 -4 -3  1 -3 -3 -3 -2 -2  6 -2 -4 0 0 1 0 0.01
-1 -2  6  1 -3 -1 -1  0  3 -4 -4 -1 -3 -4 -3  3  0 -4 -3 -4 0 0 1 1 0.01
 0 -1 -1  2 -4  1  5 -2 -1 -4 -4  1 -3 -4 -1  2 -1 -4 -3 -3 0 0 1 1 0.01
-1  1  3  0 -1  2  0  1  1 -4 -3  3 -2 -2 -2  0 -1 -3 -1 -3 0 0 1 1 0.01
-2 -2 -1  3 -5  0  6 -1 -2 -5 -4 -1 -4 -5 -3 -1 -2 -4 -4 -4 0 0 1 0 0.01
 0  3 -1 -1 -1  2  2 -2  0 -3 -3  4 -2 -1 -2  0 -1 -3  1 -3 0 1 0 1 0.01
-2 -4 -4 -5  8 -4 -4 -4 -5  1 -1 -4 -1 -3 -4 -3 -1 -4 -3  4 0 1 0 0 0.01
-2 -3 -4 -4 -1 -2 -3 -4 -2  0  5 -2  2  2 -4 -3 -2 -2  1  0 0 1 0 0 0.01
-2 -4 -5 -5 -2 -4 -5 -5 -5  7  0 -4  0 -1 -4 -4 -2 -4 -3  2 0 1 0 0 0.01
-2 -2 -2  0 -5  1  7 -4 -2 -5 -4 -1 -4 -5 -3 -2 -2 -4 -4 -4 0 1 0 0 0.01
 1 -1 -1 -2 -3 -2 -2  3 -2 -3 -3 -1 -3 -4  5  2  1 -4 -3 -3 0 1 0 0 0.01
 1 -2 -1 -2  3 -2 -2 -2 -2 -4 -4 -2 -3 -4 -2  6  1 -4 -3 -3 0 1 0 0 0.01
-2 -4 -4 -4  4 -4 -4 -5 -4  5  1 -4  0  0 -4 -3 -2 -3 -1  3 0 0 1 0 0.01
-3 -2  7  3 -4 -1 -1 -2 -1 -5 -5 -2 -4 -5 -3 -1 -2 -5 -4 -4 0 0 1 0 0.01
 1 -2 -1 -2 -2 -1 -2 -2 -2 -4 -4 -2 -3 -4 -2  6  0 -4 -3 -3 0 1 0 0 0.01
-1 -3 -3 -4  1 -3 -3 -4 -4  3  1 -3  2 -2 -3 -2  2 -4 -2  4 0 1 0 0 0.01
-3  7 -2 -3 -5 -1 -2 -4 -2 -5 -4  0 -3 -5 -4  1 -2 -5 -3 -4 0 1 0 0 0.01
-2 -4 -4 -4 -2 -3 -4 -5 -3  4  0 -4  2  0 -4 -3 -2 -3  2  4 0 1 0 0 0.01
-1 -2  1 -2 -3 -2 -2 -2 -2 -4 -4 -2 -3 -4 -2  6  2 -5 -3 -3 0 1 0 0 0.01
-2 -4 -4 -5 -3 -3 -4 -5 -3  4  2 -4  3  4 -4 -3 -2 -2  0  2 0 1 0 0 0.01
 2  2 -1 -2  1  2 -1 -1 -2 -3 -2  2  0 -3 -2  1 -1  2 -2 -2 0 1 0 0 0.01
-1 -3 -4 -4 -2 -3 -2 -4  1  4  1 -3  0  3 -4 -3 -2 -3 -1  4 0 0 1 0 0.01
-1  1  0 -2 -4  1 -1 -1  2 -3 -2  5 -2 -3 -1 -1 -1 -3  1 -3 0 0 1 1 0.01
-1  0 -2 -2 -4  7  0 -2 -1 -4 -2  2 -2 -1  0 -2 -2 -4 -3 -3 0 0 1 1 0.01
 3 -2  0 -1  1 -1 -2  0 -2 -1 -1 -1  2 -3  0  1  0 -3 -2  0 0 0 1 1 0.01
-3 -3  0  7  3 -2  1 -3 -3 -4 -5 -2 -4 -5 -3 -2 -2 -5 -4 -4 0 0 1 1 0.01
 0 -1 -1  3 -4  0  5 -3 -2 -3 -3  0  0 -4  1 -1 -1 -4 -3 -3 1 0 0 1 0.01
-2 -3 -3 -3 -2 -3 -3 -3 -3  4  3 -3  2  2 -3 -2 -1 -2 -1  2 1 0 0 0 0.01
 0 -1 -1  2 -3  0  5 -2 -1 -3 -3  0 -2 -3 -2  1 -1 -3 -2 -2 1 0 0 0 0.01
 0  3  1  0 -2  2  1 -1  1 -1 -2  1 -1 -2 -1  0  1 -2 -2 -1 1 0 0 1 0.01
-2  0 -2 -2  1  1 -1 -3 -2  4  1 -2  0 -1 -2 -2 -1 -2 -2  1 1 0 0 0 0.01
-2 -2 -3 -3 -2 -2 -3 -3 -3  2  5 -3  1 -1 -3 -3 -2 -2 -2  0 1 0 0 0 0.01
 1 -2 -2 -2  5 -2 -2 -1 -2  0  1 -2  0  1 -2  0  0 -2  0  1 1 0 0 0 0.01
-1  3  2  0 -3  1  0 -1  5 -3 -3  2 -2 -2 -2  1 -1 -3  0 -3 1 0 0 1 0.01
-1  2  0 -1 -3  2  2 -1 -1 -3 -2  4  1 -3 -2  0 -1 -3 -2 -2 1 0 0 0 0.01
-1 -3 -3 -3 -3 -3 -3 -3 -1 -1  0 -3 -1  6 -3 -2 -2  0  5 -1 1 0 0 0 0.01
 0 -2 -1 -2  1 -1 -2 -2 -2  1  1 -2  3 -1 -2  0  3 -2 -2  1 1 0 0 0 0.01
 0  5 -1 -2 -2  1 -1  0  0 -1 -2  2 -2 -3 -2  1 -1 -3 -2 -2 1 0 0 1 0.01
-2 -3 -3 -3 -3 -3 -3 -3 -2  0 -1 -3 -1  7 -3 -2 -2  0  2 -1 1 0 0 0 0.01
-2 -2 -3 -3 -2 -2 -3 -3 -2  1  4 -2  5  2 -3 -2 -2 -2 -1  0 1 0 0 0 0.01
 1 -1 -1 -2  4  0  0  0  0 -1 -1  0  4 -2 -2  0  1 -2 -2 -1 1 0 0 0 0.01
-1  1  0 -1 -2  4  0 -1 -1 -1 -1  2  3 -2 -2  1  0 -2 -2 -1 1 0 0 0 0.01
-2  6  2 -2 -3  0 -1 -2  3 -3 -3  1 -2 -3 -2 -1 -2 -3 -2 -3 0 0 1 0 0.01
 4 -2 -1 -2 -1 -1 -1  1 -2 -2 -2 -1 -2 -3  0  2 -1 -3 -2 -1 0 0 1 0 0.01
 0 -1 -1  3 -3  1  5 -2 -1 -3 -3  0 -2 -3 -2 -1 -1 -3 -2 -2 0 0 1 0 0.01
 1 -1  2  0 -2  2  0 -1  0 -2 -1  0 -1 -1 -1  1  0 -2  2 -2 0 0 1 1 0.01
-2 -3 -3 -3 -3 -3 -3 -3 -2 -1  2 -3  0  7 -3 -3 -2 -1  1 -1 0 0 1 0 0.01
-1  0 -1 -1 -2  2  1 -2  0  0 -1  0  0  2  2 -1 -1 -1  1  0 0 0 1 0 0.01
-1 -3 -3 -3 -2 -3 -3 -3 -3  5  1 -3  0 -1 -3 -2 -1 -3 -2  3 0 0 1 0 0.01
-1 -2 -3 -3 -2 -2 -3 -3 -3  1  4 -2  2 -1 -1 -2 -1 -2 -2  1 0 1 0 0 0.01
-2  7 -1 -2 -4  0 -1 -3 -1 -3 -3  1 -2 -3 -3 -2 -2 -3 -2 -3 0 0 1 0 0.01
-2  6 -1 -2  3  0 -1 -3 -1 -3 -3  3 -2 -3 -2 -1 -2 -3 -2 -3 0 0 1 0 0.01
 0  1 -1 -2 -3  0  0 -2 -2  0 -2  5 -1 -3 -2 -1  0 -3 -2  1 0 0 1 1 0.01
 0 -2 -2 -2 -3 -2  0 -2 -2 -3 -3 -1 -3 -3  7  0 -2 -3 -3 -3 0 0 1 1 0.01
-1 -3 -3 -3 -2 -2 -3 -3 -3  4  1 -2  1 -1 -2 -2 -1 -3 -2  4 0 0 1 0 0.01
 0  1 -1  0 -2  1  3 -2 -1 -2 -1  1 -2 -3  3  0  0 -3 -2 -2 0 0 1 1 0.01
 0 -3 -2 -1 -4 -1 -2  6 -3 -5 -4 -2 -4 -4 -3 -1 -1 -4 -4 -4 0 0 1 1 0.01
-3 -3 -4 -5 -4 -3 -4 -4  0 -3 -2 -3 -2  4 -4 -3 -3  0  9 -3 0 0 1 0 0.01
-3 -3  0  7 -4 -1  0 -2 -1 -4 -4 -2 -4 -4 -3  0 -2 -5 -4 -4 0 0 1 0 0.00
-2 -4 -4 -4 -2 -3 -4 -4 -4  6  0 -3  1 -1 -3 -3 -1 -3 -2  3 0 1 0 0 0.00
 0 -2 -1 -1 -2 -1 -1 -2 -2 -3 -3 -1 -3 -2 -2  6  1 -4 -3 -3 0 1 0 0 0.00
-3 -4 -4 -4 -3 -4 -4 -4 -2 -2 -1 -4 -1  8 -4 -3 -3  0  2 -2 0 1 0 0 0.01
-2 -3 -4 -4 -2 -3 -3 -4 -3  1  5 -3  1 -1 -3 -3 -2 -2 -2  0 0 1 0 0 0.01
-2 -3 -3 -3 -2 -3 -3 -4 -4  5  1 -3  0 -1 -3 -3 -1 -3 -2  3 0 1 0 0 0.01
-1 -2 -1 -2 -2 -2 -2 -2 -2 -1  1 -2 -1 -2 -2  1  5 -3 -2  0 0 1 0 0 0.01
 0 -2  6  1 -3 -1 -1 -2  4 -3 -1 -1 -2 -2 -2  0 -1 -3  0 -3 1 0 0 0 0.01
 0  0  0 -1 -2  0  1 -2  1 -1 -1  0  0  4 -2  0  0 -1  1 -1 1 0 0 1 0.01
-3 -2  0 -1 -4 -1  0 -3  9 -4 -3 -2  1 -2 -3 -2 -3 -3  2 -3 1 0 0 0 0.01
 0 -2 -1 -1  1 -2 -2 -2 -2  1  1 -2  0  0 -2  0  3 -2 -2  2 1 0 0 0 0.02
-2  0 -2  0  0  1  6 -1 -1 -4 -3 -1 -3 -3 -2 -1 -2 -3  0 -3 1 0 0 0 0.02
-1  0  1  0 -3  4  2 -1 -1 -2 -2  1 -1 -3 -2  0  1 -3 -2 -1 1 0 0 1 0.02
-2 -3 -3 -4 -3 -2 -3  0 -2  0  1 -3  7  0 -3 -2 -2 -1  4 -1 0 0 1 0 0.01
-1 -2  1 -1 -2  0 -1  1  1 -1  0 -1  0  1  2 -1 -1  1  3 -1 0 0 1 0 0.01
-1  4 -1 -2 -3  0 -1 -2  1 -2 -2  4 -2 -3  1 -1  0 -3 -2 -1 1 0 0 0 0.01
-1 -1  0  0 -3  2  0  0  6 -1 -2  0 -2 -2 -1  0 -2 -2  1 -2 1 0 0 1 0.01
-1  2  1  0 -3  0  0  1  1 -3 -2  4 -2 -3 -2  0 -1 -3 -2 -3 1 0 0 1 0.01
 0 -3 -3 -3 -2 -3 -3 -3 -3  2  4 -3  1 -1 -3 -2 -2 -2 -2  1 1 0 0 0 0.01
 0 -3 -3 -3 -2 -3 -3 -3 -3  4  1 -3  0 -1 -3 -2 -1 -3 -2  4 1 0 0 0 0.01
-2  1  1  5 -3  1  1 -2  1 -1 -3  1 -2 -3 -2 -1 -2 -4 -3 -2 1 0 0 1 0.01
-2 -3 -3 -3 -3 -3 -3  0 -2 -2 -1 -3 -2  7 -3  1 -2  2  2 -2 1 0 0 0 0.01
 0 -3 -3 -3 -2 -3 -3 -3 -3  5  1 -3  2 -1 -3 -2 -1 -3 -2  3 1 0 0 0 0.01
-1 -3 -3 -3 -2 -3 -3 -3 -3  5  2 -3  1  1 -3 -3 -1 -2 -1  2 1 0 0 0 0.01
 0  0  0  2 -2  2  1 -2  2 -2 -2  0  0 -2 -2  0  2 -3 -1  0 1 0 0 1 0.01
-3 -3 -4 -4 -3 -4 -4 -4 -2 -1  0 -4 -1  8 -4 -2 -3 -1  2 -2 1 0 0 0 0.01
-1 -3 -3 -3 -2 -1 -3 -3 -3  2  1 -3  7 -1 -3 -2 -2  4 -2  2 1 0 0 0 0.01
-2 -1 -2  0 -4  2  5 -1 -2 -3 -3  3  1 -4 -3 -1 -1 -4 -3 -1 1 0 0 1 0.01
-2 -1  1  4 -5  0  5 -2 -2 -4 -4  1 -3 -5 -2  0 -2 -5 -4 -3 1 0 0 0 0.01
-1 -4 -4 -4 -2 -3 -4 -4 -4  4  1 -3  2 -1 -4 -3 -1 -4 -2  4 1 0 0 0 0.02
-3 -3  1  7 -5 -1  3 -3 -2 -4 -5 -2 -4 -5 -3 -1  1 -5 -4 -4 1 0 0 0 0.02
 1  2 -2 -2 -4  0  0 -3 -2 -3 -3  6  0 -4 -2  0 -2 -4 -3 -2 1 0 0 1 0.02
 0 -1 -1  3 -4  2  5 -3 -2 -4 -4  1 -3 -4 -2 -1  0 -4 -3 -3 1 0 0 0 0.03
-2 -4 -4 -4 -2 -4 -4 -5 -4  6  1 -4  0 -1 -4 -3 -1 -4 -2  3 1 0 0 0 0.03
 1  0  0 -1 -2  2  0 -2 -2 -3 -3 -1 -2 -4 -2  5  0 -4 -3 -3 1 0 0 1 0.03
-1 -1  2  3 -4  0  4 -2 -1 -3 -2  0  1 -4 -2  0 -1 -4 -3 -3 1 0 0 1 0.04
-2 -2 -3 -4 -3  0 -1 -4 -3  2  3 -1  7 -1 -4 -3 -2 -3 -2  0 1 0 0 0 0.03
-2  4 -2 -2 -4  0 -1 -3 -2 -4 -3  6  1 -4 -3 -2 -2 -4 -3 -3 1 0 0 0 0.04
-1 -3 -4 -4 -2 -3 -3 -4 -4  2  5 -3  2 -1 -4 -3 -2 -3 -2  1 1 0 0 1 0.04
 1 -1  2 -1 -1  2 -1 -2 -1 -2 -2 -1 -2  3 -2  2  0 -2 -1 -2 1 0 0 0 0.04
-1 -3 -3 -4 -2 -3 -3 -3 -3  2  3 -3  1 -1 -3  0 -1 -3 -2  3 1 0 0 0 0.04
-2 -2  7  0 -4 -1 -2 -2 -1 -2 -4 -2 -3 -4 -3  1  1 -5 -3 -3 1 0 0 1 0.05
 3 -2 -1 -2 -2  0  0 -1 -2 -2 -3 -1 -2 -2 -2  3  1 -2  2 -2 1 0 0 1 0.05
-2  7 -2 -3 -4  1 -1 -3 -1 -4 -3  1 -2  2 -3  0 -2 -3 -2 -4 1 0 0 0 0.04
 4  0 -2 -2 -2 -2 -2  3 -3 -3 -3 -2 -2 -4 -2  1 -1 -4 -3 -2 1 0 0 0 0.04
-3  8 -2 -3 -5  0 -2 -4 -2 -5 -4  1 -3 -5 -4 -2 -3 -4 -3 -4 1 0 0 1 0.04
 1  0 -1 -3 -2 -1 -2 -2 -2  2  0 -1  0  3 -3  0 -1 -2  1  0 1 0 0 1 0.03
 1 -3 -3 -3  4 -3 -3 -3 -3  1 -1 -3 -1  1 -3  0  0 -3  1  4 1 0 0 0 0.04
 6 -3 -3 -3 -2 -2 -2 -1 -3  0 -2 -2 -2 -3 -2  1 -1 -4 -3 -1 1 0 0 0 0.05
 0  1 -1  0 -3  2  4 -2 -1 -3 -3  0 -1 -4 -2  0  2 -3 -3 -2 1 0 0 1 0.04
 1 -1 -1  0  1  1  4 -2  0 -3 -3  1 -2 -1 -2  2  0 -3 -2 -3 1 0 0 1 0.04
-2 -4 -4 -5 -3 -4 -4 -4 -1  0  0 -4 -1  7 -4 -3 -3  0  5 -2 1 0 0 0 0.04
-1 -3 -4 -5 -2 -3 -4 -4 -3  0  4 -3  2  3 -4 -3 -2 -2 -1  0 1 0 0 0 0.05
-1  2  0 -1 -3  2  0  0 -1 -2 -2  4 -2 -3 -2  1  2 -4 -3 -2 0 0 1 1 0.07
 0  1  2  0 -2  3  2 -1  0 -3 -3  0 -2 -4  3  1  0 -3 -2 -2 0 0 1 1 0.12
-3 -4 -4 -5 -3 -4 -4 -5 -2 -1  1 -4 -1  7 -5 -4 -3  0  3 -2 0 0 1 0 0.21
