-1 -3 -3 -3 -1 -3 -3 -4 -3  4  1 -3  2  0 -3 -2 -1 -3 -1  3 0 0 1 1 0.65
-1 -2 -2 -2 -3 -1 -1 -2 -2 -3 -3 -1 -3 -4  8 -1 -1 -4 -3 -3 0 0 1 1 0.50
 4 -2 -2 -2 -1 -1 -1  0 -2 -1 -1 -1 -1 -2 -1  1  1 -3 -2  0 0 0 1 1 0.42
 1 -2 -1  0 -2 -2 -2  5 -2 -3 -3 -1 -3 -3  1  0 -1 -3 -3 -3 1 0 0 1 0.27
-1  0  0  2 -4  2  5 -2  0 -3 -3  1 -2 -3 -1  0 -1 -3 -2 -3 1 0 0 1 0.15
-1 -2 -3 -3 -1 -1 -2 -4 -3  2  3 -2  3  0 -3 -2 -1 -2 -1  1 1 0 0 0 0.09
-1  1  0  0 -3  5  2 -2  0 -3 -2  3 -1 -3 -1  0 -1 -2 -2 -2 0 0 1 1 0.06
 1 -2 -3 -3 -1 -2 -2 -2 -3  3  1 -2  1 -1 -2 -1  0 -3 -1  3 0 0 1 0 0.05
-1 -3 -3 -3 -1 -3 -3 -4 -3  4  1 -3  1 -1 -3 -2  0 -3 -1  3 1 0 0 0 0.04
-2 -2  2  5 -3  0  2  0 -1 -3 -4 -1 -3 -4 -2  0 -1 -4 -3 -3 1 0 0 1 0.03
-1  2  0 -1 -3  4  1 -2  0 -3 -3  4 -1 -3 -1  0 -1 -3 -2 -2 1 0 0 1 0.02
-1 -3 -3 -3 -1 -3 -3 -4 -3  4  1 -3  1 -1 -3 -2 -1 -3 -1  3 1 0 0 0 0.02
-2 -1  1  6 -4  0  1 -2 -1 -3 -4  0 -3 -4 -2  0 -1 -4 -3 -3 1 0 0 1 0.02
 4 -1 -1 -2 -1 -1 -1  0 -2 -1 -2 -1 -1 -2 -1  1  1 -3 -2  0 1 0 0 1 0.03
 4 -2 -2 -2 -1 -1 -1  0 -2 -2 -2 -1 -1 -2 -1  1  0 -3 -2  0 1 0 0 0 0.03
-2 -3 -3 -4 -3 -3 -3 -3 -1  0  0 -3  0  6 -4 -2 -2  1  4 -1 1 0 0 0 0.04
-1  4  0 -1 -3  1  0 -2 -1 -3 -2  4 -1 -3 -2  0 -1 -3 -2 -2 1 0 0 1 0.06
-1 -2 -2 -2 -1 -2 -2 -3 -3  3  0 -2  0 -1 -2  0  3 -3 -2  2 1 0 0 1 0.08
 4 -2 -2 -2 -1 -1 -1  0 -2 -1 -2 -1 -1 -2 -1  1  0 -3 -2  0 1 0 0 0 0.10
 4 -1 -1 -2 -1 -1 -1  0 -2 -2 -2 -1 -1 -2 -1  2  0 -3 -2  0 1 0 0 0 0.12
 0 -1  0 -1 -1 -1 -1 -2 -2 -1 -1 -1 -1 -2 -1  1  5 -3 -2  0 1 0 0 1 0.15
 4 -2 -2 -2 -1 -1 -1  0 -2 -1 -2 -1 -1 -2 -1  1  0 -3 -2  0 1 0 0 1 0.13
 4 -2 -2 -2 -1 -1 -1  0 -2 -1 -2 -1 -1 -2 -1  1  0 -3 -2  0 1 0 0 0 0.11
-1 -1  5  4 -3  0  0 -1  0 -3 -3  0 -2 -3 -2  0  0 -4 -3 -3 1 0 0 1 0.11
 4 -1 -1 -1 -1 -1  0  0 -2 -2 -2 -1 -1 -2 -1  2  1 -3 -2 -1 0 0 1 1 0.10
 4 -2 -2 -2 -1 -1 -1  0 -2 -1 -2 -1 -1 -2 -1  1  0 -3 -2  0 0 0 1 0 0.10
-1 -2 -2 -2 -3 -1 -1 -2 -2 -3 -3 -1 -3 -4  8 -1 -1 -4 -3 -3 0 0 1 1 0.07
 3 -2 -2 -2 -1 -1 -1 -1 -2  0 -1 -1 -1 -2 -1  1  1 -3 -2  2 0 0 1 1 0.05
-2 -1  6  2 -3  0  0 -1  0 -3 -4  0 -2 -3 -2  0  0 -4 -2 -3 0 0 1 1 0.03
-2 -2  1  6 -4  0  1 -1 -1 -3 -4 -1 -3 -4 -2  0 -1 -4 -3 -3 0 0 1 1 0.02
-1  3  0 -1 -3  1  1 -2 -1 -3 -3  5 -2 -3 -1  0 -1 -3 -2 -2 1 0 0 0 0.02
-2 -3 -3 -4 -3 -3 -3 -3 -1  0  0 -3  0  7 -4 -3 -2  1  3 -1 1 0 0 1 0.01
 0 -1  1 -1 -1 -1 -1 -2 -2 -1 -1 -1 -1 -2 -1  1  5 -3 -2  0 1 0 0 1 0.01
 0 -3 -3 -3 -1 -2 -3 -3 -3  3  1 -2  1 -1 -3 -2  0 -3 -1  4 1 0 0 0 0.01
-2 -3 -3 -4 -3 -3 -3 -3 -1  0  0 -3  0  7 -4 -3 -2  1  3 -1 1 0 0 0 0.01
-1  0  0  1 -4  2  5 -2  0 -3 -3  1 -2 -3 -1  0 -1 -3 -2 -2 1 0 0 1 0.01
 2 -1  1 -1 -1 -1 -1  2 -1 -2 -2 -1 -2 -3 -1  3  1 -3 -2 -1 1 0 0 1 0.01
 3 -1 -1 -2 -1 -1 -1  0 -2 -1 -1 -1 -1 -2 -1  2  1 -3 -2  0 1 0 0 0 0.01
-2 -2 -3 -3 -3 -1 -3 -3 -1  0  0 -3  0  6 -4 -2 -2  1  3 -1 1 0 0 0 0.01
-2 -1  5  3 -3  1  0 -1  0 -3 -4  0 -2 -3 -2  0  0 -4 -2 -3 1 0 0 1 0.02
-1  1  2  1 -3  1  1  0 -1 -3 -3  4 -2 -3 -1  0 -1 -3 -2 -3 1 0 0 1 0.02
 4 -2 -2 -2 -1 -1  0  0 -2 -2 -2 -1 -1 -2  1  1  0 -3 -2  0 1 0 0 0 0.02
-1 -3 -3 -3 -1 -3 -3 -3 -3  4  2 -3  1  0 -3 -1 -1 -3 -1  2 1 0 0 0 0.03
-1  2  0 -1 -3  1  1 -2 -1 -3 -3  5 -2 -3 -1  0 -1 -3 -2 -2 1 0 0 1 0.03
 1  0 -1  1 -3  1  4 -2 -1 -2 -2  1 -2 -3 -1  0 -1 -3 -2 -1 1 0 0 1 0.03
 0  1  1 -1  1  0 -1  0 -1 -2 -2  0 -1 -3  1  3  3 -3 -2 -1 1 0 0 1 0.03
 0  0  0 -1 -1 -1 -1 -2  2 -1  0 -1 -1 -2 -1  1  4 -3 -1  0 0 0 1 1 0.03
 0 -2 -1 -1 -3 -2 -2  6 -2 -4 -4 -2 -3 -3 -2  0 -2 -3 -3 -3 0 0 1 1 0.03
 1 -2 -1 -1 -2 -2 -2  6 -2 -4 -4 -2 -3 -3 -2  0 -2 -3 -3 -3 0 0 1 1 0.03
 4 -2 -2 -2 -1 -1 -1  0 -2 -1 -2 -1 -1 -2  1  1  0 -3 -2  0 0 0 1 1 0.02
-2 -2 -2 -3 -3 -2 -2 -3  1 -2 -1 -2 -1  3 -3 -2 -1  2  7 -1 0 0 1 0 0.02
 1 -1  0  3 -3  2  4 -1 -1 -3 -3  0 -2 -3 -1  0 -1 -3 -2 -2 0 0 1 1 0.01
 1 -1  1 -1 -1 -1 -1  2 -1 -2 -2 -1 -2 -3 -1  3  2 -3 -2 -1 0 0 1 0 0.01
-2 -2 -2 -3 -3 -2 -2 -3  2 -2 -1 -2 -1  3 -3 -2 -2  2  7 -1 1 0 0 0 0.01
-1  2  0 -1 -3  1  1 -2 -1 -3 -3  5 -1 -3 -1  0  0 -3 -2 -2 0 0 1 1 0.01
-2 -3 -3 -3  2 -3 -3 -3 -1  0  0 -3  0  6 -4 -2 -2  1  3 -1 1 0 0 0 0.01
-1 -3 -3 -3 -1 -3 -3 -4 -3  4  1 -3  1  0 -3 -2 -1 -3 -1  3 0 0 1 0 0.01
-1 -2 -2 -2 -3 -1 -1 -2 -2 -3 -3 -1 -3 -4  8 -1 -1 -4 -3 -3 1 0 0 1 0.01
 3 -1  0 -1 -1 -1 -1  0 -1 -2 -2 -1 -1 -2 -1  3  2 -3 -2 -1 1 0 0 1 0.01
-2 -2 -4 -4 -1 -2 -3 -4 -3  1  4 -3  2  0 -3 -3 -1 -2 -1  1 1 0 0 0 0.01
-1  0 -1  1 -3  2  5 -2  0 -2 -3  1 -2 -3 -1  0 -1 -3 -2 -1 1 0 0 1 0.01
 4 -1 -1 -1 -1 -1 -1  0 -2 -2 -2 -1 -1 -2 -1  2  1 -3 -2 -1 1 0 0 1 0.01
 4 -2 -1 -2 -1 -1 -1  1 -2 -2 -2 -1 -1 -2 -1  1  0 -3 -2  0 1 0 0 0 0.01
 0 -3 -3 -3 -1 -2 -2 -3 -3  2  1 -2  1 -1 -2 -1  0 -3 -1  4 1 0 0 0 0.01
-1  2  0 -1 -3  1  1 -2 -1 -3 -3  5 -2 -3 -1  0 -1 -3 -2 -2 1 0 0 1 0.01
-1  1  0 -1 -3  5  2 -2  0 -3 -2  2 -1 -3 -1  0 -1 -2 -2 -2 1 0 0 1 0.02
 4 -2 -1 -2 -1 -1 -1  0 -2 -2 -2 -1 -1 -2 -1  1  0 -3 -2  0 1 0 0 0 0.02
-2 -2 -2 -3 -3 -2 -2 -3  2 -2 -1 -2 -1  3 -3 -2 -2  2  7 -1 1 0 0 1 0.02
 4 -2 -2 -2 -1 -1 -1  2 -2 -2 -2 -1 -1 -2 -1  1  0 -3 -2 -1 1 0 0 1 0.02
 4 -2 -2 -2 -1 -1 -1  0 -2 -2 -2 -1 -1 -2 -1  1  0 -3 -2  0 1 0 0 1 0.03
 0 -1  0 -1 -1 -1 -1 -2 -2 -1 -1  0 -1 -2 -1  1  5 -3 -2  0 0 0 1 0 0.03
 0 -2 -2 -3 -1  0 -2 -3 -3  2  1 -2  1 -1 -2 -1  0 -3 -1  4 0 0 1 1 0.03
 4 -2 -2 -2 -1 -1 -1  0 -2 -1 -2 -1 -1 -2 -1  1  0 -3 -2  0 0 0 1 1 0.03
 2  1 -1 -1 -1  0  1 -1 -1 -2 -2  0 -1 -3 -1  1  2 -3 -2 -1 0 0 1 1 0.02
 4 -2 -2 -2 -1 -1 -1  0 -2 -1 -1 -1 -1 -2 -1  1  0 -3 -2  0 0 0 1 1 0.02
-1 -2 -2 -2 -3 -1 -1 -2 -2 -3 -3 -1 -3 -4  8 -1 -1 -4 -3 -3 0 0 1 1 0.02
 0  0  0  1 -3  2  5 -2  0 -3 -3  1 -2 -3 -1  0 -1 -3 -2 -2 1 0 0 1 0.01
 0 -3 -3 -3 -1 -2 -3 -3 -3  3  1 -2  1 -1 -3 -2  0 -3 -1  4 1 0 0 1 0.01
-1  2  0 -1 -3  1  1 -2 -1 -3 -3  5 -2 -3 -1  0 -1 -3 -2 -2 1 0 0 1 0.01
-2 -2 -3 -3 -3 -2 -3 -3  1 -1 -1 -2 -1  5 -3 -2 -2  2  6 -1 1 0 0 0 0.01
 3 -1 -1 -2 -1 -1 -1 -1 -2 -1 -1 -1 -1 -2 -1  1  3 -3 -2  0 1 0 0 1 0.01
 0 -3 -3 -3 -1 -2 -3 -3 -3  3  1 -2  1 -1 -3 -2  0 -3 -1  4 1 0 0 1 0.01
-2 -3 -3 -3 -2 -3 -3 -3 -1  0  0 -3  0  6 -3 -1 -2  1  3 -1 1 0 0 0 0.01
-1  0  0  1 -4  3  5 -2  0 -3 -3  1 -2 -3 -1  0 -1 -3 -2 -3 1 0 0 1 0.01
 3 -1 -1 -2 -1 -1 -1 -1 -2 -1 -1 -1 -1 -2 -1  1  3 -3 -2  0 1 0 0 1 0.02
 4 -2 -2 -2 -1 -1 -1  2 -2 -2 -2 -1 -1 -2 -1  1  0 -3 -2 -1 1 0 0 1 0.02
-2 -2 -4 -4 -1 -2 -3 -4 -3  2  4 -3  2  0 -3 -3 -1 -2 -1  1 1 0 0 0 0.03
 0  0  0 -1 -1  0  0 -1 -1 -2 -2  2 -1 -3 -1  2  3 -3 -2 -1 1 0 0 1 0.04
-1  3  0 -1 -3  1  1 -2 -1 -3 -3  5 -2 -3 -1  0 -1 -3 -2 -2 1 0 0 1 0.04
 4 -2 -1 -2 -1 -1 -1  0 -2 -1 -2 -1 -1 -2 -1  1  1 -3 -2  0 1 0 0 1 0.08
-1 -3 -3 -3 -1 -3 -3 -4 -3  4  1 -3  1  0 -3 -2 -1 -3 -1  3 1 0 0 0 0.10
 1 -1  3  0 -1 -1 -1 -1 -1 -1 -2 -1 -1 -2 -1  1  4 -3 -2 -1 1 0 0 1 0.14
 4 -2 -2 -2 -1 -1 -1  0 -2 -1 -2 -1 -1 -2 -1  1  0 -3 -2  0 1 0 0 1 0.19
-1 -2 -2 -3 -2 -1 -2 -3 -2  1  2 -2  6  0 -3 -2 -1 -2 -1  1 1 0 0 0 0.23
 1 -1  0 -1 -1  0 -1 -1 -1 -1 -2 -1 -1 -2 -1  3  2 -3 -2  0 1 0 0 1 0.30
-1  0  0  1 -4  3  5 -2  0 -3 -3  1 -2 -3 -1  0 -1 -3 -2 -3 1 0 0 1 0.24
 4 -2 -2 -2 -1 -1 -1  0 -2  0 -1 -1 -1 -2 -1  1  0 -3 -2  1 1 0 0 1 0.40
-1  1  0  0 -3  5  3 -1  0 -3 -3  1 -1 -3 -1  0 -1 -2 -2 -2 1 0 0 1 0.37
-1  2  0 -1 -3  1  1 -2 -1 -3 -3  5 -1 -3 -1  0 -1 -3 -2 -2 1 0 0 1 0.45
 1 -2 -3 -3 -1 -2 -2 -2 -3  2  0 -2  0 -1 -2 -1  0 -3 -1  3 1 0 0 1 0.52
 3 -1 -1 -1 -1 -1 -1  1 -1 -2 -2 -1 -1 -2 -1  2  0 -3 -2 -1 0 0 1 1 0.58
-1  2  2  0 -3  3  1 -2  0 -3 -3  4 -1 -3 -1  0 -1 -3 -2 -2 0 0 1 1 0.68
