 4 -2 -2 -2 -1 -1 -1 -1 -2  0 -1 -1 -1 -2 -2  1  2 -3 -2  1 0 0 1 1 0.94
-1 -3 -3 -3 -4 -2 -2 -3 -3 -4 -4 -2 -4 -5  8 -1 -2 -5 -4 -4 0 0 1 1 0.90
-2 -2 -4 -4 -2 -3 -3 -4 -3  2  4 -3  2  1 -1 -3 -2 -2 -1  2 0 0 1 1 0.89
-1 -3 -1  0 -3 -2 -2  5 -3 -4 -4 -2 -3 -4  4  2 -1 -4 -4 -3 0 0 1 1 0.87
-1 -2  1 -1 -3 -1  2  1 -2 -4 -4 -1 -3 -4  6  1  0 -4 -3 -3 0 0 1 1 0.82
 2  0 -1 -1 -2 -1 -1 -1  0 -1 -2 -1 -2 -3  3  3  1 -4 -2 -1 0 0 1 1 0.80
 0  0  2  0 -2 -1  1 -1 -2 -2  0 -1 -2 -3  0  4  0 -4 -3 -2 0 1 0 1 0.72
 0 -1  2 -1 -2 -1 -1  0  0 -3 -3  0 -2 -3  3  3  1 -4 -3 -2 0 0 1 1 0.66
-2  0 -2  0 -2 -2 -1 -3 -3  0  3 -2  0 -1  0 -1  2  0 -2 -1 0 0 1 0 0.52
-2 -3  0 -3 -4 -2 -2 -3 -3 -3 -4 -2 -3 -5  8  0  0 -5 -4 -1 0 0 1 1 0.45
-1  1  0  1 -3  4  2 -1  0 -3 -2  1 -2 -2  2  0 -1 -3 -2 -3 1 0 0 1 0.38
 0  1 -1  1 -2  1  1  0 -2 -2  0 -1 -1 -3 -2  3  2 -3 -2 -1 1 0 0 1 0.25
-1 -3 -3 -3 -2 -1 -3 -3 -2  1  1 -3  0  6 -1 -1 -2 -1  1  0 1 0 0 0 0.22
 0 -2 -3 -3 -2 -2 -2 -3 -3  0  4  0  1  0 -1 -1 -1 -2 -2  1 1 0 0 0 0.15
-1 -2 -1  0 -3  0  1 -1  1 -1  3 -2  0  0  1 -2 -2  5 -1 -1 1 0 0 0 0.12
-2  3 -1  0 -4  1  1 -3 -2 -1 -3  5 -2 -4 -2  0  0 -4 -3 -3 1 0 0 0 0.10
 1 -2  2 -2  6 -2 -2 -1 -2  0 -2 -1  0  0 -2  1  1 -3 -2  0 1 0 0 0 0.07
-1  1 -2 -1 -3  2  1 -3 -2 -1  2  2  2 -2  0  0 -1 -3 -2 -1 1 0 0 0 0.05
-1  0  0  0 -4  1  5 -3 -1 -4 -3  0 -3 -4  0  0  1 -4 -3 -3 1 0 0 0 0.03
-2 -1 -2 -3 -3  4 -1 -3  1  1  2  0  0  3 -3 -2 -2 -2 -1 -1 1 0 0 0 0.03
 1 -3 -3 -3 -2 -3 -3 -3 -3  3  0 -3  1 -2 -3 -1  0 -3 -2  4 1 0 0 0 0.02
-1  5 -1  0 -4  2  1 -3 -1 -4 -3  3 -2 -4 -2 -1 -2 -4 -3 -3 1 0 0 0 0.02
-2  2 -1 -2 -4  0 -1 -3  1 -3 -3  5 -2 -1 -2 -1  0 -2  3 -2 1 0 0 0 0.02
-2 -4 -4 -4  2 -3 -4 -4 -4  5  2 -4  2 -1 -4 -3 -2 -3 -2  2 1 0 0 0 0.02
-2  2 -2 -2 -3  4  1 -3  0 -1  2  1  0 -2 -3 -1 -1 -3  0 -1 1 0 0 0 0.02
 1  2  0  1 -3 -1 -1  3 -2 -2 -1  1 -1 -3 -2  0 -1 -3 -3 -2 1 0 0 1 0.02
-2  1  0  5 -4  0  3 -1 -2 -3 -2  1 -3 -4 -2 -1 -1 -4 -3 -3 1 0 0 0 0.02
 2 -3 -1 -3 -2 -2 -3  2 -3  3  0 -2  0 -2 -3 -1  0 -3 -2  2 1 0 0 0 0.02
 2  0 -1  0 -2 -1  2 -1 -2 -2 -3 -1 -1 -3  1  3  1 -3 -3 -1 1 0 0 1 0.02
 3 -1 -1  2 -2  0  1 -1 -2 -1 -2  1 -1 -3 -2  1 -1 -3 -2  0 1 0 0 1 0.02
-1 -3 -4 -4 -2 -3 -4 -4 -4  2  4 -3  3 -1 -4 -3 -2 -3 -2  2 1 0 0 0 0.02
-2  2 -1 -2 -4  5  1 -3  4 -3 -1  3 -2 -3 -3 -1 -2 -3 -2 -3 1 0 0 0 0.02
-1  0  1  1 -3  1  4  0 -1 -2 -2  2 -2 -3 -2  0  0 -4 -3 -2 1 0 0 1 0.02
 1  2 -1 -1 -3  1  3 -2 -1 -3 -2  3 -2 -3 -2  1 -1 -3 -3 -2 1 0 0 1 0.02
-1 -3 -1 -3 -2 -2 -2 -4 -3  3  3 -3  5 -1 -3 -2  0 -3 -2  1 1 0 0 0 0.01
-2 -1 -4 -5  9 -4 -4 -1 -4  1 -2 -4 -2 -3  0 -2 -2 -4 -4  1 1 0 0 1 0.01
 2 -1  2  3 -3  0  2 -2 -1 -3 -3  0 -2 -4 -2  1  1 -4 -3 -2 1 0 0 1 0.01
-1 -1  2  2 -3 -1  1 -2 -2 -1 -2  2  0 -3 -2  0  4 -4 -3 -2 1 0 0 1 0.01
-2 -2  0 -1 -3  0  0 -3  5 -2 -1 -1 -1  3 -3 -1 -2 -1  5 -2 1 0 0 0 0.02
-1  1  2  1 -3  1  1  2 -1 -3 -3  2 -2 -3 -2  1  0 -3 -2 -3 0 0 1 1 0.02
-1 -2 -2 -3 -2 -2 -1 -3 -3  0  4  1  3 -1 -3  0 -1 -3 -2  1 0 0 1 0 0.02
 0 -4 -3 -4 10 -3 -4 -1 -4 -3 -3 -3 -3 -4 -3 -1  0 -3 -3 -2 0 0 1 1 0.02
-2 -1 -1  1 -3  2  3 -3  6 -1 -1  0 -2 -2 -2 -1  0 -3 -1 -2 0 0 1 1 0.02
-2 -1  3  3 -3 -1  1 -2 -2 -3 -4  1 -3 -4  5  0 -1 -4 -3 -3 1 0 0 0 0.02
-1 -1  0  1 -2  0  3 -2 -1 -3 -3 -1 -2 -3  1  3  2 -3 -3 -2 1 0 0 1 0.02
-2  0  2  0 -3  2  4 -2 -1 -3 -2  3  1 -3 -2  0 -1 -3 -3 -3 1 0 0 1 0.02
-2 -2 -3 -2 -3 -1  3 -4 -2  0  4 -2  1  2 -3 -2 -1 -2 -1  0 1 0 0 0 0.02
 1 -1 -2 -2 -2  2  1 -2  0  1  0 -1  2 -2 -2 -1  1 -3 -2  2 1 0 0 1 0.02
-2 -3 -4 -4 -2 -3 -4 -4 -3  2  5 -3  3  1 -4 -3 -2 -2 -2  0 1 0 0 1 0.02
 2 -2 -3 -3 -2 -2 -3 -2 -3  1  2 -2  5  0 -3 -1 -1 -3 -2  2 1 0 0 1 0.03
-1  2 -1 -1 -3  2  3  2  0 -3 -3  0 -2 -3 -2  0 -1 -3 -2 -1 1 0 0 0 0.03
-2 -1  4  1 -3  1  1 -2  5 -2 -1 -1  0 -3  0  0  0 -3 -1 -2 1 0 0 1 0.04
-1 -1  4  0 -3 -1  0  0  1 -3 -3 -1 -2  0 -2  3  1 -2  1 -3 1 0 0 1 0.04
-2 -3 -4 -4 -2 -3 -4 -4 -4  1  5 -3  1 -1 -1 -3 -2 -3 -2  0 1 0 0 0 0.04
-1 -1  3  0 -3  1 -1  4  2 -3 -2 -1 -2 -3 -2 -1 -2 -3 -2 -2 0 0 1 1 0.04
-2 -3 -4 -4 -2 -3 -4 -4 -4  5  3 -3  1  1 -3 -3 -2 -3 -2  1 0 0 1 0 0.04
-1 -1 -3 -3 -4 -2  0 -3 -3 -3 -4 -2 -3 -4  8 -2 -2 -4 -4 -1 0 0 1 1 0.05
-1  1  1  1 -3  4  0 -1 -1 -3 -3  3 -2 -3  1  0 -1  2 -2 -1 0 0 1 1 0.06
 4 -2 -2 -3 -2 -2 -2 -2 -3  0 -1 -2  0 -2  2  0  1 -3 -2  1 0 0 1 0 0.08
-1 -1 -2  0 -3 -1  2 -3 -2 -3 -3 -1 -3 -4  6  1  1 -4 -3 -3 0 0 1 1 0.09
-1  0 -2 -2 -2  0  0 -3  2  0  2  1  0 -1 -2 -2 -1 -3 -1  2 0 0 1 0 0.09
-1 -1  1  4 -3 -1  0  0 -2 -1  1  0 -1 -2 -2  1 -1 -3 -3 -2 0 0 1 1 0.07
-1  1  1 -1 -3  2 -1  3  1 -4 -3  3 -2 -3 -2  1 -1 -3 -2 -3 0 0 1 1 0.06
 0 -4 -4 -4 10 -3 -2 -3 -4 -3 -2 -4 -3 -4  2 -2 -2 -4 -4 -2 0 0 1 0 0.06
-2 -2 -2 -2 -3  1 -2 -3  2 -1  1 -2 -1  4  3  1 -1 -1  1 -2 0 0 1 1 0.05
 0  0 -1 -2 -2  2 -1 -2  0 -2 -1  1 -2 -2  0  4  0 -3  0 -2 0 0 1 1 0.05
 1  2 -1  1 -3  3  2  0 -1 -3 -2  0 -2 -3 -2  2 -1 -3 -2 -2 0 0 1 1 0.05
 1 -1  1  2 -2  1 -1  3  1 -3 -3 -1 -2 -3 -2  1  1 -3 -2 -2 0 0 1 1 0.04
-3 -3 -4 -4  2 -4 -4 -4 -3 -1  2 -4  0  7 -4 -3 -3 -1  1  0 0 0 1 1 0.02
-2  0  4  1 -3  4  1 -2 -1 -3 -3  0 -2 -3 -2  0  2  0 -2 -3 0 0 1 1 0.02
 0 -1 -2 -2 -2  3  1 -3 -2 -1  3  1  2 -2 -1 -1 -1 -3 -2 -1 0 0 1 0 0.01
 1 -1 -1  3 -3  0  4  1 -2 -3 -3 -1 -2 -4 -2 -1  1 -4 -3 -1 1 0 0 1 0.01
 0 -1  0  0 -2 -1 -1  2 -2  0 -2  0  1 -3  0  0  3 -3 -3  0 1 0 0 1 0.01
-2 -5 -5 -5 11 -5 -6 -5 -5 -3 -3 -5 -4 -5 -5 -1 -3 -5 -5 -3 1 0 0 0 0.01
-3 -4 -5 -5 -3 -4 -4 -5 -4  0  5 -4  1  3 -4 -4 -2 -2 -1  2 1 0 0 0 0.01
-1  2  1 -2 -2 -1 -1 -2  0  0 -2  1  1 -3 -2  3  1 -4 -2 -1 1 0 0 1 0.01
-2  4  0 -2 -5  6  0 -3 -1 -4 -4  3 -2 -5 -3 -2 -2 -4 -3 -4 1 0 0 0 0.01
-2 -3 -4 -4 -2 -3 -4 -5 -4  4  4 -3  4 -1 -4 -3 -1 -3 -2  0 1 0 0 0 0.01
 0  1 -1 -2 -3  0 -1 -3  5  0  0 -1 -1 -1 -3  1  1 -3  2 -1 1 0 0 0 0.01
 2  1  0 -1 -2 -1  0  0 -2 -2 -2 -1 -2 -3 -2  3  2 -3 -1  0 1 0 0 1 0.01
-1 -3 -2 -1 -4 -3 -3  7 -3 -5 -5 -1 -4 -5 -4 -2 -3 -4 -4 -5 1 0 0 0 0.01
-3 -4 -5 -5  3 -4 -4 -3 -4  1  5 -4  1 -1 -4 -4 -2 -3 -3  0 1 0 0 0 0.01
-2  1 -2 -3 -2  4 -1 -3  2 -1  1  0  0  3 -3 -1 -2 -2  0  0 1 0 0 1 0.01
-1 -2 -3 -1 -3 -1  3 -4 -3  1  3 -2  2  0 -3 -2  0 -3 -2 -1 1 0 0 0 0.01
-4 -4 -4 -5 -4 -3 -4 -5  2 -2 -1 -4 -2  5 -5 -4 -3  0  7 -3 1 0 0 0 0.01
-2  2 -1  1 -5  7  1 -2  1 -4 -4  0 -2 -4 -3 -2 -2 -3  0 -4 1 0 0 0 0.01
 0  1  0 -1 -3 -2 -1  4 -3  1 -2 -1 -2 -3 -3 -1  0 -3 -3  0 1 0 0 0 0.01
-2 -1 -3 -4 -3 -1 -3 -4  2 -1  3 -3  0  1 -4 -1 -2 -1  5 -1 1 0 0 0 0.01
-3 -4 -5 -5 -3 -4 -4 -5 -4  0  5 -4  1  1 -4 -4 -3 -3 -2  1 1 0 0 0 0.01
 1  0  0  1 -3  4  2  1 -1 -2 -2  1 -2 -3 -2  0 -1 -3 -2  0 1 0 0 1 0.01
 3 -2 -2 -1 -2 -2 -2 -2  2 -1 -2 -2 -1  2 -2  0  0 -1  4  1 1 0 0 0 0.01
-2 -3 -4 -4 -2 -3 -4 -4 -4  3  4 -3  3 -1 -3 -3 -2 -3 -2  1 0 0 1 0 0.01
 1 -1 -1 -1 -3  4  3 -2 -1 -2 -1  1 -1 -3  0  0 -1 -3 -2 -2 0 0 1 1 0.01
 0  0  2  0 -3  0  0  5 -2 -4 -4 -1 -3 -4 -3 -1 -1 -4 -3 -3 0 0 1 1 0.02
-2  1  1 -1 -2 -1  1 -3  2  3  0 -1 -1 -2 -2 -1  1 -3 -1  1 0 0 1 0 0.02
-1 -2 -2 -3 -3 -2 -3 -3 -2 -1  2 -1  1  3 -3  3 -1 -1  3 -1 0 0 1 0 0.03
-1 -2 -2 -1 -3 -1  3 -3  1 -1 -3  1 -3 -4  5  0 -1 -4 -3 -3 0 0 1 1 0.04
 0  0  2  1 -3  1  3  2 -1 -4 -3  0 -3 -4 -2  1 -1 -3 -3 -3 0 0 1 1 0.04
-1  0  0  0 -2  0  1 -2  2 -1  2  0  0 -1 -2  0 -1 -2  0 -1 0 0 1 0 0.05
 2  0  0  0 -2  1  0  0 -1 -2 -2  2 -1 -3 -1  0  1 -3 -2  0 1 0 0 1 0.05
 0  0  2  0 -3  1  1  1 -1 -3 -3  0 -2 -4  4  1  0 -4 -3 -3 1 0 0 1 0.06
 0  1  2  0 -2  0 -1  1 -1 -1  0  0 -1 -2 -2  0  2 -3 -2  0 1 0 0 0 0.06
-1 -3 -3 -4 -2 -3 -3 -4 -3  2  3 -3  1  0 -3 -2 -1 -2  0  3 1 0 0 0 0.06
-2 -1  0  4 -4  2  3 -1  0 -2 -3  0  0 -3 -2  0  0 -4 -3 -3 1 0 0 1 0.06
 1  0 -1  1 -2 -1  0  0 -2 -1 -1  0  2 -3 -2  2  3 -3 -2 -1 1 0 0 1 0.06
-2 -3 -4 -4 -3 -3 -3 -5 -4  1  5 -4  1 -1 -4 -2 -1 -3 -1  1 1 0 0 0 0.04
-2  1 -1 -2  2  6  1 -3  1 -4 -3  3  0 -4 -3  0 -1 -3 -1 -3 1 0 0 0 0.04
 1 -2 -2 -3 -2 -2 -2 -2 -2  1  3  0  2 -1 -3 -1 -1 -2  1  0 1 0 0 1 0.03
-2 -2  1  5 -3 -1  0 -1 -1 -3 -3 -1 -3 -1 -3  2  0 -4 -3 -2 1 0 0 0 0.03
-1 -3 -2 -3 -2 -2 -2 -3 -3  2  1 -2  1 -1 -3 -1  3 -3 -1  3 1 0 0 0 0.03
 2  3 -1 -1 -2  1  0 -1 -2 -2 -2  2 -2 -3 -2  1  1 -3 -2 -1 1 0 0 0 0.03
-1 -2  3  5 -4  1  0 -1  2 -2 -3 -1 -1 -3 -3 -1  0 -4 -1 -3 1 0 0 0 0.03
-3 -3 -4 -5 -3 -4 -4 -5  0  0  4 -4  0  5 -4 -3 -2 -2  0 -1 1 0 0 0 0.02
 3 -2 -1 -3 -2 -1 -2 -2 -3  1  1 -2  0 -2 -2  1  0 -3 -2  1 1 0 0 0 0.02
 0 -1  0 -2 -2  2  0 -1 -2  1 -2 -1 -1 -3 -2  1  4 -3 -2  0 1 0 0 1 0.01
-1 -1  4 -1 -3  1 -1 -2  4  0 -2  0 -2 -3 -2  1  3 -4 -2 -2 1 0 0 0 0.02
-2 -4 -3 -4 -2 -4 -4 -5 -4  6  2 -4  1 -1 -4 -3 -2 -4 -2  2 1 0 0 0 0.02
-1  2 -1 -2 -3  2 -1 -3 -2 -2  0  2  0 -2 -3 -2  0  8 -1 -2 1 0 0 0 0.02
-2  0  0 -2 -4  5  1 -3 -1 -3  0  3 -1 -3 -3 -1  0 -4 -3 -2 1 0 0 0 0.03
-2 -1 -2 -2 -4  6  0 -4 -2 -2 -1  2  4 -3 -3 -2 -2 -4 -3 -1 1 0 0 0 0.05
-1 -1 -3 -2 -3 -2 -3 -3 -3  1  1  0  7  0 -2 -2 -1 -3 -2  1 1 0 0 0 0.05
-1  0 -2 -1 -4  1  5 -3 -2 -3 -2  3  0 -4 -1 -1 -2 -4 -3 -3 1 0 0 1 0.08
 0 -2  2  4 -3 -1  2  0 -2 -1 -3  0 -1 -3 -1  0  0 -4 -3 -1 1 0 0 1 0.14
 0 -2 -2 -3 -2  0 -1 -3 -3  0  3 -1  2  0  0  0  0 -3 -2  1 0 0 1 0 0.20
 0  0  1  1 -3  1 -1  3 -2 -1 -2  0  0 -3 -2  1 -1 -3 -3 -1 0 0 1 1 0.24
-1  0 -2 -1 -2  0  0 -3 -2  1  2 -1  2 -1  0 -1  1 -3 -2  1 0 0 1 0 0.33
 2 -2 -1  3 -2 -1  0 -1 -2 -1 -2 -2 -2 -1  1 -1  2 -4 -3  1 0 0 1 1 0.39
 1 -3 -2 -2 -3 -2  1 -2 -3 -3 -3 -2 -3 -4  6  0  2 -4 -3 -1 0 0 1 1 0.42
 2 -2 -2  0 -2  0  0 -1 -3  1 -1 -1 -1 -3  1  0  2 -4 -3  2 0 0 1 1 0.50
-1 -2 -2  0 -2 -2  0 -1 -3  0  1 -2 -1 -2  2  0  3 -4 -3  2 0 0 1 1 0.48
 0  0  2  1 -3  3  0 -2 -1 -1 -1  0  0 -2  1  1  1 -3  0 -1 0 0 1 1 0.49
-1 -3 -3 -1 -4 -1  0 -4 -3 -4 -3 -2 -4 -5  7  0  0 -5 -4 -4 0 0 1 1 0.39
 0 -2  1  3 -3  2 -1 -2 -2 -2 -3 -1 -2 -4 -2  2  4 -4 -3 -2 0 0 1 1 0.50
 0  0  0 -2 -3  4  1 -1  0 -2  0  0  0 -3  1  0  0  1 -2 -1 0 0 1 1 0.52
 1 -2  2  1 -2  0  0  3  0 -3 -1 -1 -2 -3 -2  2  1 -3 -2 -2 0 0 1 1 0.45
 2 -2  0 -2 -2  0  0 -2  0 -1  0 -1 -1 -3  2  1  2 -3 -2  0 0 0 1 1 0.49
 0 -1  0  1 -2  1 -1 -2  0  0  1  0  3 -2 -1 -1  0 -3 -2  1 0 0 1 1 0.35
 0 -3 -2 -2 -3 -2 -2 -3 -3 -1  2 -1  1 -3  6  0 -1 -4 -3 -2 0 0 1 0 0.26
 0  1  2  0 -2  1 -1 -2 -2 -1 -2  1 -2 -3 -2  1  3 -3 -3 -1 0 0 1 1 0.18
-2 -3 -4 -4 -3 -3 -2 -4 -3  0  4 -2  0  5 -4 -1 -2 -2  1  0 0 0 1 0 0.12
 0 -2 -2 -2 -2  2  0 -2  1 -2  1  0 -1 -2  2  1  2 -3 -2 -1 0 0 1 1 0.08
 1 -2  2  0 -3  1 -1  1 -2 -3 -3  0 -1 -4 -2  4  0 -4 -3 -2 0 0 1 1 0.06
 2  0  0  1 -3  1  2  0  1 -2 -2  1 -2 -3  0  0 -1 -4 -2 -2 1 0 0 1 0.05
-2 -4 -4 -5 -4 -1 -4 -4 -2 -2  1 -4 -1  5 -4 -4 -3  8  4 -2 1 0 0 1 0.03
-2  0 -1  0 -4  5  2 -3  4 -1 -1  0  1 -3 -3 -1  0  0 -1 -1 1 0 0 1 0.02
 0  4 -2 -2 -4  2  0 -1  0 -3 -2  3 -2 -1 -3  0 -2 -3 -2 -1 1 0 0 1 0.01
-2  4  2 -2 -4  5  0 -3  2 -4 -4  2 -2 -4 -3 -2 -1  2 -3 -4 1 0 0 1 0.01
 2 -3 -3 -2 -2 -3 -3 -3 -3  2  0 -3  2 -2 -3 -1  2 -4 -3  3 1 0 0 0 0.01
 2 -2 -2 -2 -3  0 -1  4 -3 -3 -3  0 -3 -4 -2  0  2 -4 -3 -2 1 0 0 0 0.01
 1 -3 -1 -3  0 -2 -3  3 -3  1 -1 -2  2 -1 -3  0  0  0 -2  0 1 0 0 0 0.01
-2  0 -2 -3 -3 -1 -2 -4  7  1 -1 -2 -2  1 -4 -3 -2 -3  1  2 1 0 0 0 0.01
-3 -4 -5 -5 -3 -4 -5 -5 -4  0  5 -4  1  1 -5 -4 -1 -3 -2  0 1 0 0 0 0.01
-1 -4 -3 -4 -2 -3 -4 -4 -4  5  0 -3 -1 -2 -4 -1  2 -4 -3  3 1 0 0 0 0.01
 1 -4 -4 -5 -3 -3 -4 -4 -4  1  5 -4  0  0 -4 -3 -2 -3 -2  0 1 0 0 0 0.01
 0  4 -1  0  2  1 -1 -3 -2 -2 -3  0 -2 -3 -3  2  1  1 -3 -1 1 0 0 0 0.01
-1  1  3  2 -3  3  0 -2  4 -4 -4  0 -3 -3 -3  2 -1 -4  0 -3 1 0 0 1 0.01
-3 -4 -5 -5 -3 -4 -5 -5 -3  0  5 -4  0  4 -5 -4 -3 -2  2 -1 1 0 0 0 0.01
-1  2 -1 -1 -4  5  3 -3  0  0 -2  1  0 -4 -3 -1  1 -4 -3 -2 1 0 0 0 0.01
-1  1  1  3 -1 -1  1 -1 -2 -3 -2  0 -3 -4 -2  3  0 -4 -3 -3 1 0 0 1 0.01
-4 -5 -5 -6  1 -5 -5 -5 -3 -1 -2 -5 -2  8 -6 -4 -2 -1  2 -3 1 0 0 0 0.01
-3 -4 -4 -5  5 -3 -4 -3 -4  2  4 -4  4 -1 -4 -3 -2 -3 -3  0 1 0 0 0 0.01
-3  0 -1  1 -5  5  5 -4  4 -5 -4 -1 -3 -5 -3 -2 -3 -4 -3 -4 1 0 0 1 0.01
-2 -1 -1  3 -1 -1 -1 -2  0 -1  0  0  0  3 -3 -1  1 -2 -1  0 1 0 0 1 0.01
 2 -2 -2 -2 -2 -2 -2 -2 -3  0  1 -2 -1 -2 -2  3  3 -4 -3  1 1 0 0 0 0.01
-1 -2 -3 -2 -2 -1 -3 -4  1  1  2 -2  1  0 -3 -2  1 -1  4  1 1 0 0 0 0.01
-4  8 -3 -4 -2 -1 -2 -5 -1 -5 -3  0 -3 -5 -4 -3 -3 -5 -4 -5 1 0 0 1 0.03
 5 -3 -3 -3 -2 -2 -2 -1  0 -2 -3 -2 -2 -1 -2  2 -1 -4 -3  1 1 0 0 0 0.04
-2 -4 -5 -5 -2 -4 -4 -5 -4  2  4 -4  0  0 -4 -4 -2 -3 -2  3 1 0 0 0 0.02
-3  7  1 -3 -5 -1 -2 -4  0 -5 -4  1 -3 -5 -4 -3 -3 -5 -4 -5 1 0 0 1 0.04
 0 -2  1 -2 -3  2 -1 -3  6 -3 -2 -2 -2  1 -3  0  0 -1  5 -3 1 0 0 1 0.07
-2 -3 -4 -5 -2 -3 -4 -5 -4  2  5 -3  5  0 -4 -3 -2 -3 -2  0 1 0 0 0 0.14
 4  0 -1 -2 -1 -1 -1 -1 -2 -2 -2  1 -2 -3  0  2  1 -3 -2 -1 0 0 1 1 0.24
-1  2 -1  0 -4  4  3  1 -1 -3 -3  2 -2 -4 -2 -1 -1 -3 -2 -3 0 0 1 1 0.48
-1 -2 -2 -2 -3 -1 -1 -2 -2 -3 -3 -1 -3 -4  8 -1 -1 -4 -3 -3 0 0 1 1 0.61
