 0 -2 -1 -2 -3 -2 -2  6 -2 -4 -4 -2 -3 -3 -2  0 -2 -3 -3 -3 0 0 1 1 0.85
 0  1  2 -1 -2 -1 -1  3 -1 -3 -3 -1 -2 -3 -2  3  1 -3 -2 -2 0 0 1 1 0.81
-1  5 -1 -1 -3  2  0 -3 -1 -2  0  1 -1 -3 -2 -1 -1 -3 -2 -2 1 0 0 1 0.74
 3 -2 -1  1 -2 -1  1 -1 -2  0  1 -1  0 -2 -2  0 -1 -3 -2  0 1 0 0 1 0.69
 0 -1  0 -1 -2  0 -1 -2  2  0 -2 -1 -1 -2 -2  3  4 -3 -2 -1 1 0 0 0 0.58
 0 -2  0  3 -2 -1  0 -2 -2  2 -1 -1 -1 -2 -2  1  0 -3 -2  1 1 0 0 1 0.47
 0  4 -1 -2 -3  0 -1  3  5 -3 -3  0 -2 -3 -3 -1 -2 -3 -1 -2 1 0 0 1 0.32
-2  2 -1 -2  1 -1  0 -2  5 -1  2 -1  0 -1 -3 -2 -2 -2  2 -1 1 0 0 0 0.28
-1 -2 -3 -3 -2 -2 -3 -3 -3  1  4 -2  2 -1  0  0  0 -2 -2  0 1 0 0 0 0.28
-2 -1 -1  2 -4  1  5 -3  1 -3 -3  0 -3 -4  0 -1 -2 -4 -2 -1 1 0 0 1 0.21
-2 -1 -1  1 -4  3  5 -3  1  0 -3  0 -2 -3 -2 -1 -2 -3 -2 -2 1 0 0 1 0.22
-2 -3 -4 -3 -2 -2 -1 -4 -3  1  5 -3  2  0 -3 -3 -2 -2 -2  0 1 0 0 0 0.21
-2 -1  0  4  2  0  2 -2  5 -3 -3 -1 -3 -2 -2  0 -1 -2  2 -3 1 0 0 1 0.20
-1  3  0 -2 -3  2  0 -2 -1 -2 -1  3  4 -2 -2  0  0 -3 -2 -2 1 0 0 1 0.15
-2 -1 -1  0  0  4  5 -3 -1 -3 -1  0 -2 -3 -2 -1 -2 -3 -2 -3 1 0 0 0 0.15
-2  7 -1 -2 -4  0  0 -3 -1 -4 -3  1 -2 -4 -3 -2 -2 -4 -3 -3 1 0 0 0 0.19
-1  2  4  0  3 -1 -1 -2 -1 -2  0 -1 -1 -2 -2  1  1 -3 -2 -2 1 0 0 0 0.17
-2 -2 -3 -3 -2 -2 -3 -2 -3  0  4  1  1  3 -3 -2 -2 -2 -1  0 1 0 0 1 0.18
-2 -2 -3 -3 -2 -2 -2 -4 -3  2  4  1  1  1  1 -2 -2 -2 -1  0 1 0 0 0 0.21
-1 -3 -4 -4 -2 -1 -3 -4 -3  2  4 -3  1  0 -3 -2 -2 -2 -2  1 1 0 0 0 0.22
 1 -2  3 -1 -2 -1 -2  4  1 -3 -2 -1 -2 -3 -2  0 -1 -3 -3 -3 1 0 0 1 0.29
-1  0 -1  2 -4  1  5 -3 -1 -4 -4  2 -3 -4 -2  0 -1 -4 -3 -3 1 0 0 1 0.36
 0 -1 -2 -1 -2  0 -2 -3 -1  3  1  1  0 -1 -3 -2 -1  3 -1  1 1 0 0 0 0.56
 0  0  0  4 -4  0  3  0 -1 -3 -3  2 -3 -4 -2 -1 -1 -4 -3 -3 1 0 0 1 0.51
-1  4 -1 -1 -4  0  0 -1 -1 -3 -3  4 -2 -4 -2  0 -1 -3 -2 -3 1 0 0 1 0.50
-2 -1 -1  0 -4  1  5 -3 -1 -3 -3  2 -2 -4 -2 -1 -2 -4 -3 -1 1 0 0 1 0.54
-2  1 -1  0 -4  1  5 -3 -1 -4 -4  2 -3 -4 -2 -1 -2 -4 -3 -3 1 0 0 1 0.46
-2  5  1 -2 -4  1  0 -2 -1 -4 -3  4 -2 -4 -2 -1 -1 -4 -2 -3 1 0 0 1 0.48
-2 -1 -1  0 -4  1  6 -3 -1 -3 -2  2 -2 -4 -2 -1 -2 -4 -3 -3 1 0 0 1 0.63
-1  4 -1  1 -3  0  0 -2 -1 -3 -1  4 -2 -3 -2  0 -1 -3 -2 -3 1 0 0 1 0.70
 0 -1  2  1  5 -1  0  0 -2 -2  0 -1 -1 -2 -2  1 -1 -3 -2 -1 1 0 0 1 0.68
 0 -2  0 -3 -3  0 -2 -3 -2 -4 -3  1 -2 -1 -4 -2 -3 10  0 -3 1 0 0 0 0.69
 0 -2 -2 -3  2  2 -2 -1  0 -1 -1 -2  4  2 -3 -2 -2  0  5 -1 1 0 0 0 0.73
-2 -3 -2  1  3 -2 -2 -3 -1  0  1 -2 -1  3 -3 -1 -1  0  4  1 1 0 0 0 0.69
 1 -1  0  1 -2 -1 -1  2 -2 -3 -3  1 -2 -3 -2  3  0 -3 -3 -2 1 0 0 1 0.72
 1  0 -1 -1 -3  5  0  1 -1 -3 -3  3 -2 -4 -2  0  1 -3 -2 -2 1 0 0 0 0.71
-2 -2 -3 -3 -2 -2 -2 -4 -3  1  3  1  0 -1  2 -2 -2  5 -1  0 1 0 0 0 0.67
-2  2 -1 -1 -3  4  2  1 -1 -3 -2  1  2 -3 -2 -1 -2  4 -2 -3 1 0 0 1 0.64
 1 -1  3  2 -3  0  0  1 -1 -3 -3  1 -2 -3  3  1 -1 -4 -3 -2 1 0 0 1 0.65
-2 -2 -3 -3 -2 -2 -3  0 -3  0  4  1  1 -1 -3 -2 -2 -3 -2  0 1 0 0 0 0.63
 1  2  0 -1 -2  1  0 -1 -1 -2 -3  2 -2 -3 -2  3  2 -3 -2 -2 1 0 0 1 0.64
 0  2  1 -1 -3  2  0  1 -1 -3 -3  2 -2 -3  3  0 -1 -3 -2 -2 1 0 0 1 0.60
-1  4  1 -1 -3  0 -1  1 -1 -3 -3  3 -2 -3 -2  1  0 -3 -2 -3 1 0 0 1 0.60
-1  0 -2 -2 -2 -1 -2 -3 -2  2  2  1  0 -1  2  0 -1 -3 -2  0 1 0 0 0 0.51
 0 -1  0  4 -3  0  2  1 -2 -3 -3  1 -3 -4  2  1 -1 -4 -3 -3 1 0 0 1 0.54
-1  0  2  0 -3  1  2 -2 -1 -3 -3  2 -2 -3  1  2  0 -3 -2 -2 1 0 0 1 0.54
-2 -2  1 -2 -2 -2 -2 -3 -2  2  3 -2  2 -1 -3 -2 -1 -2 -2  1 0 0 1 0 0.50
-1 -1 -1 -1 -2 -1 -1 -2 -2 -2 -1  2 -2 -3  6  0 -1 -3 -2 -2 0 0 1 1 0.52
-1  2 -1 -1  3  1  0 -2  3  0  0  1  0 -1 -1 -1 -1 -2 -1  0 0 0 1 1 0.47
 1 -1 -1 -2 -1 -1 -1  0 -2  1  0  1  0 -1 -2  0  1 -2 -2  2 0 0 1 0 0.43
 0 -1  0  3 -3  0  3  2 -1 -3 -3  1 -2 -3 -2 -1 -1 -3 -3 -3 0 0 1 1 0.34
-1 -1  3  2 -2  1  0 -1 -1 -2 -2  0  0 -2  0  0  3 -2 -2 -1 0 0 1 1 0.31
-2  1 -2 -3 -2 -2 -2 -3 -1 -1  0 -2  0  5 -3 -2 -2  0  4 -1 0 0 1 0 0.23
 0 -1  0 -1 -2 -1  1  1 -1 -2 -2 -1 -2  2 -2  3  1 -2 -1 -2 1 0 0 1 0.19
-2 -2 -3 -4 -2 -2 -3 -4 -3  1  4 -1  5  0 -3 -2 -1 -2 -2  0 1 0 0 0 0.16
-2  0 -1 -1 -3  5  1 -2  3 -3 -1  2 -1 -3 -2 -1 -1 -3 -1 -2 1 0 0 1 0.15
-1 -1  2 -2 -2  1 -1 -2 -1  1  0 -1  5 -1 -2 -1  2 -3 -2  0 1 0 0 1 0.13
-2 -2  1  7 -4 -1  1 -2 -2 -4 -4 -1 -4 -4 -2 -1 -2 -5 -4 -4 1 0 0 1 0.06
-2 -1 -3 -4 -2 -2 -3 -4 -3  1  4 -2  4  1  1 -2 -1 -2 -1  0 1 0 0 0 0.08
 0 -2  1 -2 -2 -2 -2 -2 -2  3  0 -2  0 -1 -2  1  2 -3 -2  1 1 0 0 0 0.07
-2  6  1 -2 -4  0 -1 -3 -1 -3  0  1 -1 -3 -3 -1 -2 -3 -2 -3 1 0 0 1 0.06
-2  3 -1 -2 -3  4  0 -3  0 -2  0  0  2 -1 -2 -1 -1 -1  2 -2 1 0 0 1 0.05
 1  0 -1 -1 -3  5  1 -2  0 -3 -2  1 -1 -2 -2  0 -1 -2  2 -2 1 0 0 1 0.05
-2 -2 -3 -3 -2 -2  0 -4 -3  1  4 -2  1  0 -3 -3 -2 -2 -2  0 1 0 0 0 0.04
-1 -1 -1  0 -3  1  5 -3 -1  1  0  0 -1 -2 -2 -1 -1 -3 -2 -1 1 0 0 1 0.05
-2 -2 -3 -3  4 -2 -2 -3 -1 -1  0  1 -1  5 -3 -2 -2  0  4 -1 1 0 0 0 0.06
-1 -1 -1  2 -4  3  5  1 -1 -4 -3  0 -2 -4 -2 -1 -1 -3 -3 -3 1 0 0 0 0.07
 3  2 -2 -2 -1 -1 -1  0 -2 -2 -2  0 -2 -3  3  1 -1 -3 -2 -1 1 0 0 0 0.08
 1  2  0  1 -3  4  1 -2  4 -3 -3  1 -1 -3 -2  0 -1 -3 -1 -2 1 0 0 1 0.09
 1  0  2 -1 -3  4  0 -2  5 -3 -3  1 -1 -3 -2  0 -1 -3 -1 -2 1 0 0 1 0.11
-1 -3 -2 -3 -1 -2 -3 -3 -3  3  2 -2  1 -1 -3  0  0 -3 -2  3 1 0 0 0 0.12
-1  5 -1 -2 -3  1 -1  2  2 -4 -3  1 -2 -3 -2 -1 -2 -3 -2 -3 1 0 0 1 0.11
 1 -1 -1  0  3 -1  0 -1 -1 -2 -2 -1 -1 -1 -2  2  2 -2  2 -1 1 0 0 1 0.13
 3 -2 -2 -2 -1 -1 -1 -1 -2  1  1 -2  0 -1 -2  0 -1 -3 -2  2 1 0 0 0 0.17
-1 -2 -2 -3 -2 -1 -3  2 -2  0  2 -2  6 -1 -3 -2 -1 -2 -2  0 1 0 0 0 0.20
-1 -1  0  2 -3  1  4 -2  2 -3 -3  0 -2 -3 -1  1 -1 -3 -2 -3 1 0 0 1 0.21
-1  0  0  1 -3  2  5 -2 -1 -3 -3  1 -2 -3 -1  1 -1 -3 -2 -3 1 0 0 1 0.25
-1  4 -1 -2 -3  3  0 -3 -1 -2  0  1 -1 -3  3 -1 -1 -3 -2 -2 1 0 0 1 0.30
 0 -3 -2 -3 -2 -2 -3  2 -2  0  2 -2  0  4 -3 -1 -2 -1  0 -1 0 0 1 1 0.43
 0 -2 -1 -1 -3  2 -1  5 -2 -4 -4 -1 -2 -4 -2 -1 -2 -3 -3 -3 0 0 1 1 0.44
 0 -2  0 -1 -1 -1 -1  0 -2 -2 -2 -1 -2 -3 -2  3  4 -3 -2 -1 0 0 1 1 0.52
 0 -2  1 -2  5 -2 -2  2 -2 -1 -1 -2  1 -2 -2  1 -1 -3 -2  1 0 0 1 0 0.41
-1 -1  0  3 -3  3  2  0 -1 -3 -3  0 -2 -4  3 -1 -1 -3 -3 -3 1 0 0 1 0.35
 1 -1  0  4 -3  0  4 -2 -1 -3 -3  0 -3 -4 -2  0 -1 -4 -3 -3 1 0 0 1 0.32
-2  2 -2 -3 -2 -1 -2 -3 -2  1  1 -1  7 -1 -3 -2 -1 -2 -2  0 1 0 0 0 0.26
 0 -1 -2 -1 -2  2  2 -3 -2  1 -1 -1  0 -2 -2 -1 -1 -3 -2  3 1 0 0 1 0.21
 1  2  0 -1 -2  3  0  1  1 -3 -3  2 -1 -3 -2  1  0 -3 -2 -2 1 0 0 1 0.18
-2  6 -1 -2 -4  0 -1 -3 -1 -3 -3  2 -2 -4  3 -1 -2 -3 -2 -3 1 0 0 1 0.20
 3 -2 -1 -2 -1 -1 -1  0  2 -1 -2 -1 -1 -1 -2  0  3 -2  2 -1 1 0 0 0 0.17
-2  3 -2 -2 -5  6  3 -3 -1 -4 -4  0 -2 -5 -3 -2 -2 -4 -3 -4 1 0 0 1 0.14
 2  0 -2  0 -2 -1 -2  0 -2  1  0  0  4 -2 -2 -1  0 -3 -2  1 1 0 0 0 0.12
-2  6 -1 -2 -3  0 -1 -3 -1 -3 -1  2 -1 -3 -2  0 -1 -3 -2 -3 1 0 0 0 0.11
 1 -2 -2 -3 -1 -2 -2 -2 -3  2  1 -2  2 -1 -2  0  0 -3 -2  3 1 0 0 0 0.08
 3 -1 -1 -1 -2  4  0  0 -1 -3 -3  0 -1 -3 -2  2  0 -3 -2 -2 1 0 0 1 0.08
-2  6 -1 -2 -4  0 -1 -3  2 -4 -3  2 -2 -3 -3 -1 -2 -3 -2 -3 1 0 0 0 0.09
-1 -2 -2 -3 -2 -2 -3 -4  3  3  3 -2  1  0 -3 -2 -1 -3 -1  2 1 0 0 0 0.06
-1  2  0  2 -3  3  3 -2  2 -3 -3  1 -2 -3 -2  0 -1 -3 -2 -3 1 0 0 1 0.06
 2  0 -1 -1 -2  5  0 -2 -1 -2  0  0  2 -3 -2  0 -1 -2 -2 -1 1 0 0 1 0.06
 1 -3 -3 -3 -1 -3 -3 -3 -3  4  2 -3  1 -1 -3 -2 -1 -3 -2  2 1 0 0 0 0.07
-1 -1  0  2 -3  1  5 -2 -1 -4 -3  0 -3 -4 -2  1 -1 -3 -3 -3 1 0 0 1 0.07
 0  2 -1 -1 -3  2  1 -2  4 -2 -2  3 -1 -2 -2 -1 -1 -2  1 -2 1 0 0 1 0.09
-2 -1  0  3 -4  2  5 -2 -1 -4 -3  0 -3 -4 -2 -1 -1 -4 -3 -3 1 0 0 1 0.13
 1 -2 -3 -3 -1 -2 -3 -3 -3  2  3 -2  3  0 -3 -2 -1 -2 -2  1 1 0 0 0 0.14
-1 -2 -2 -2 -2  1  0  1  0  0  3 -1  1 -1 -3 -1 -1 -2 -2  0 1 0 0 1 0.16
-2  5 -1  0 -4  1  3 -3 -1 -3 -3  2 -2 -3 -2  0 -1 -3 -2 -3 1 0 0 1 0.22
 2 -1 -2 -2 -1  2 -1 -2 -2  2  1 -1  2 -1 -2 -1  0 -2 -2  1 1 0 0 0 0.27
-1  3  0 -1 -3  4  0  1  4 -3 -3  1 -2 -3 -2 -1 -1 -3 -1 -3 1 0 0 1 0.31
 1  0  0  2 -3  3  3  1 -1 -3 -3  0 -2 -3 -2  0  0 -3 -2 -2 1 0 0 1 0.35
-1  2 -1 -2 -2  0 -1  2  2 -1  0  0 -1 -2 -2  1  1 -2 -1 -1 1 0 0 1 0.45
-1  0 -2 -2 -2  2 -1 -3  3  0  3 -1  1 -1 -2 -2 -1 -2 -1  1 1 0 0 0 0.48
 1  0 -1  1 -3  5  2  2 -1 -3 -3  0 -2 -4 -2  0 -1 -3 -2 -3 1 0 0 1 0.54
 0 -1 -1 -1 -2  2  0 -2 -1 -1 -2  0 -1 -3  1  2  1 -3 -2  1 0 0 1 1 0.67
 1  0 -1 -1 -2  4  2 -2  1 -3 -2  0 -1 -3  0  1  1 -3 -2 -2 0 0 1 1 0.78
 1 -1 -1  2 -2  0  4 -1 -1 -1  0  0 -1 -2 -2  0  0 -3 -2  0 0 0 1 1 0.84
 2  1 -1 -1 -2  1 -1 -1 -1 -2 -2  0 -2 -3  3  3  0 -3 -2 -1 1 0 0 1 0.88
 0  0  2  0 -3  3  3  0  0 -3 -3  0 -2 -3 -2  0 -1 -3 -2 -2 1 0 0 1 0.94
 3  1 -1 -2 -1  0 -1  1 -2 -2 -1 -1 -1 -3 -2  1  2 -3 -2 -1 0 0 1 1 0.96
 2 -1 -1  1 -2  1  3  0  1 -2 -1  0 -1 -3 -2  0 -1 -3 -2 -2 0 0 1 1 0.97
 1  3 -1 -2 -2  1  0 -2  2 -3 -2  1 -2 -3  3  0  0 -3 -2 -2 0 0 1 1 0.97
 0 -1  0  1 -2  2  3 -2 -1 -3 -3  0 -2 -3  3  2  1 -3 -2 -2 0 0 1 1 0.97
 0 -2 -1 -1 -2 -1 -1 -2 -2 -3 -3 -1 -2 -3  6  3  1 -4 -3 -2 0 0 1 1 0.97
 1  0 -1 -1 -2  4  1 -1 -1 -1 -2  0 -1 -3 -1  2  0 -3 -2 -1 0 0 1 1 0.97
 0 -2  1 -1 -2 -1 -1  4 -2 -3 -3 -1 -2 -3  1  2  1 -3 -3 -3 0 0 1 1 0.96
-1  2  0  0 -3  4  3 -2  0 -3 -3  3 -1 -3 -1  0 -1 -3 -2 -3 0 0 1 1 0.96
-2  0  0 -1 -3  0  0 -2  8 -3 -3 -1 -2 -1 -2 -1 -2 -3  2 -3 0 0 1 1 0.97
