-1 -1 -2 -3 -2  0 -2 -3 -2  1  2 -1  6  0 -3 -2 -1 -2 -1  1 0 0 1 1 0.97
 0 -3 -1 -1 -3 -2 -2  6 -2 -4 -4 -2 -3 -3 -2  0 -2 -3 -3 -3 0 0 1 1 0.98
 1 -1  0 -1 -1 -1 -1  3 -1 -3 -3 -1 -2 -3 -1  3  1 -3 -2 -2 0 0 1 1 0.98
 0 -1  0 -1 -1 -1 -1  3 -2 -2 -2 -1 -2 -3 -1  2  3 -3 -2 -1 0 0 1 0 0.98
-1  3  0 -1 -3  0 -1  3  5 -4 -3  0 -2 -2 -2 -1 -2 -3  0 -3 0 0 1 1 0.98
 2 -1 -1 -2 -2 -1 -1 -1  5 -2 -2 -1 -1  1 -2  0 -1  0  4 -1 0 0 1 0 0.98
-1 -1  0 -2 -2  0 -1 -3  7  0 -1 -1 -1 -1 -2 -1 -1 -3  1  1 0 0 1 0 0.99
 0  0  0 -1 -2  3  1 -1  5 -3 -3  0 -1 -2 -1  2  0 -3  0 -2 0 0 1 0 0.99
-1  1  0 -1 -3  1  0 -2  7 -3 -3  2 -2 -2 -2 -1 -1 -3  1 -3 0 0 1 0 0.99
 3 -1 -1 -2 -1  0 -1  0  5 -2 -2 -1 -1 -2 -1  1 -1 -3  0 -1 0 0 1 0 0.98
 0 -2 -1 -1 -1 -1 -1 -2 -2  1 -1 -1  0 -2 -1  2  3 -3 -2  2 0 0 1 0 0.98
 0 -1  1  3 -2  0  0 -1 -1 -3 -3  0 -2 -3 -1  3  1 -3 -2 -2 0 0 1 0 0.98
 2 -2  0 -1 -1 -1 -1  3 -2 -2 -3 -1 -2 -3 -1  2  0 -3 -2 -2 0 0 1 0 0.97
-1  5  0 -1 -4  1  0 -2  0 -3 -2  3 -2 -3 -2 -1 -1 -3 -2 -3 0 0 1 0 0.95
 2 -1  0  0 -1  1  3 -1 -1 -2 -2  0 -2 -3 -1  2  0 -3 -2 -1 0 0 1 0 0.90
 0  1  3  0 -2  0  0 -1  0 -3 -3  2 -2 -3 -1  2  0 -3 -2 -2 0 0 1 0 0.86
-1  3 -1 -1 -2  0 -1 -2 -1  0  2  1  0 -1 -1 -1 -1 -1 -1  0 0 0 1 0 0.73
-1 -1 -2 -2 -1 -1 -1 -2  0  0  2 -1  1  1 -1 -1 -1  1  4  0 0 0 1 0 0.61
-1 -2 -2 -2 -1 -1 -2 -2 -1  1  2 -2  4  3 -2 -1 -1 -1  1  0 0 0 1 0 0.66
 0 -1  0 -1 -2  2  0  3 -1 -2 -1  0  1 -2 -1  1  0 -2 -2 -1 0 0 1 0 0.58
 1 -2 -1 -1 -2 -1 -1  5 -2 -3 -3 -1 -2 -2 -1  0 -1 -2 -2 -2 0 0 1 0 0.44
-1  2  0 -1 -3  3  1 -2  5 -2 -2  0 -1 -2 -2 -1 -1 -2  0 -1 0 0 1 0 0.27
 3 -2 -2 -3 -1 -1 -2 -1  1  0  0 -1  5 -1 -2  0 -1 -2 -1  0 0 0 1 0 0.23
-1  1  1  0 -2  0  1 -2 -1  1 -1  2 -1 -2 -2  0  0 -3 -2  0 0 1 0 1 0.14
-1 -3 -2 -3 -4 -3 -3  6 -3 -5 -5 -3 -4 -3 -3 -1 -3 -3  1 -4 0 0 1 0 0.08
 2  1 -1 -1  0  0  2 -1  4 -3 -3  3 -2 -3 -2  1 -1 -3 -1 -2 0 0 1 1 0.04
-2  4 -1 -2 -3  1 -1 -3 -1 -2 -1  3 -1 -2 -2 -1  2 -3  1 -2 0 1 0 1 0.03
-1  4 -1 -2  0  0 -1 -3  2  1 -1  1 -1  0 -3 -1  1 -3 -1  1 0 1 0 0 0.02
-4 -5 -6 -6 -4 -4 -5 -4 -4 -5 -4 -5 -3 -1 -6 -5 -4 12  1 -5 0 1 0 0 0.01
 1 -2 -3 -3  1 -2 -1 -2 -2  2  1 -2  0  2 -2 -1  1 -2  1  2 0 1 0 0 0.01
-2 -4 -4 -4 -2 -4 -4 -5 -4  5  0 -4  0  3 -4 -3 -2 -3 -1  3 0 1 0 0 0.01
 2 -3 -3 -3 -3 -2 -2 -2 -3 -3 -4 -2 -3 -4  7  0 -1 -4 -4 -3 0 0 1 0 0.01
 0 -2  0  6 -4 -1  3  2 -2 -4 -4 -1 -4 -4 -2 -1 -2 -4 -4 -4 0 0 1 0 0.01
 2 -3 -2 -2 -3 -3 -3  6 -3 -4 -4 -2 -3 -4 -3 -1 -1 -4 -4 -3 0 0 1 0 0.01
-3  1 -1 -3 -4 -2  0 -4  4 -3 -2 -2 -2  3 -4 -2 -3  0  7 -3 0 0 1 1 0.02
-2 -4 -4 -4  2 -4 -4 -5 -4  5  2 -4  0 -1 -4 -3 -2 -3 -2  2 0 0 1 0 0.02
-2 -3 -3 -3 -4 -3 -2 -4  2 -4 -4 -2 -4 -5  8 -2 -3 -5 -4 -4 0 0 1 1 0.03
-1  0  2 -1  1 -1  1 -1  1 -3 -2 -1 -2 -3  4  2  1 -4 -2 -2 0 0 1 1 0.04
-1  1 -1 -1 -3  0  2  5 -2 -2 -3  0 -2 -4 -2  0  0 -3 -3 -2 0 0 1 1 0.06
-1 -2 -1 -1 -3 -1  0  2 -2 -4 -4  0 -3 -4  5  3 -1 -4 -3 -3 0 0 1 1 0.07
 0  2 -1  0 -3  1  3 -2 -1 -2 -3  0 -2 -3 -1  2  1 -4 -2  0 0 0 1 1 0.06
-1 -3  0 -1 -4 -2 -2  4 -3 -4 -4 -2 -1 -4  6  0 -2 -4 -4 -3 0 0 1 1 0.07
 0  0  0  0 -3  2  4  0 -1 -3 -3  0 -2 -2 -2  1  0 -2  2 -3 0 0 1 1 0.06
-2 -3 -4 -4 -2 -3 -4 -4 -2  1  3 -3  3  4 -4 -3 -2 -1  2  0 0 0 1 0 0.06
 0 -2 -2 -2 -2 -1  1 -3 -3  0  0 -1 -1 -2  2  0  4 -3 -2  2 0 0 1 1 0.05
 0 -2 -1 -2 -2 -1 -1  2 -2 -4 -4 -1 -3 -4 -2  5  0 -4 -3 -3 0 0 1 0 0.04
-3  2  0 -2 -4 -1 -2 -3  9 -4 -4 -2 -3  1 -4 -2 -3 -3  1 -4 0 0 1 0 0.03
-2 -2 -1  4 -5  0  6 -3 -1 -4 -4 -1 -3 -5 -2 -1 -2 -4 -3 -4 0 0 1 1 0.02
 1 -1 -1 -1  2  1  1  0 -2 -3 -3  0 -2 -3 -2  3  1 -3 -2 -2 0 1 0 0 0.02
 1 -3 -3 -4  3 -3 -3 -3 -3  3  3 -3  1 -1 -3 -2  0 -3 -2  2 0 1 0 0 0.01
 1 -5 -4 -5 10 -4 -5 -3 -4  0 -2 -4 -3 -4 -4 -2 -2 -4 -4 -2 0 1 0 0 0.01
-2 -4 -4 -4 -2 -3 -4 -4 -4  4  1 -3  0  2 -4 -3 -1 -3 -1  4 0 1 0 0 0.01
-2 -3 -4 -4 -2 -3 -4 -4 -4  2  4 -3  3 -1 -4 -3  0 -3 -2  1 0 1 0 0 0.01
-3 -2  8  0 -4 -1 -2 -2 -1 -5 -5 -2 -4 -5 -4 -1 -1 -5 -4 -4 0 1 0 0 0.01
 2 -2 -2 -2  5 -2  0 -1 -3 -1 -1 -2 -1 -3  0  0  3 -3 -3  0 0 0 1 0 0.01
 0 -2  1 -2  3 -2 -2  4  1 -3 -3 -2 -3 -3 -2  2  2 -3 -3 -3 0 0 1 1 0.01
-2  0  1  6 -4 -1  2 -2  0 -4 -4  0 -3 -4  0  1 -1 -5 -3 -4 0 0 1 1 0.01
 0  3  0 -1  2  2  3 -2 -1 -2 -3  1 -2 -3 -2  0  0 -3 -1 -1 0 0 1 1 0.01
-1 -2  0  5 -4 -1  2 -2 -2 -3 -3 -1 -1 -4  3 -1  0 -4 -3 -2 0 0 1 1 0.01
 6 -3 -3 -3 -2 -2 -2 -1 -3 -2 -2 -2 -2 -3 -2  0 -1 -4 -3  0 0 1 0 0 0.01
-1  2  1  0  0  1  1 -2  4 -2 -2  2 -2 -3 -2  0  0 -3 -1 -1 0 1 0 1 0.01
-1 -3 -4 -4 -2 -3 -4 -4 -4  4  3 -3  1 -1 -3 -3 -1 -3 -2  3 0 1 0 0 0.01
 1  3 -1 -1 -3  1  2 -2 -1 -3 -2  2 -2 -3 -2  0  1  2 -2 -2 0 1 0 1 0.01
-2 -4 -4 -4 -2 -3 -4 -5 -4  5  3 -4  1  2 -4 -3 -2 -2 -1  2 0 1 0 0 0.01
-1 -1 -1  2 -2  0 -1 -3  3 -2 -2  0 -1 -3 -2  0  5  2 -2 -1 0 1 0 0 0.01
 0 -3 -4 -4 -2 -3 -3 -4 -3  3  2 -3  0  4 -3 -2 -1 -2  0  3 0 1 0 0 0.01
-3 -3 -3 -4 -4 -3 -3 -4  3 -2 -1 -3 -2  5 -4 -3 -3  1  7 -2 0 1 0 0 0.01
-3 -4 -4 -5 -4 -4 -4 -5 -2 -2 -1 -4 -1  8 -5 -4 -3  0  5 -2 0 1 0 0 0.01
 2 -1 -1  0 -3  2  4 -2 -1 -3 -3  0 -2 -4 -2  1  1 -4 -3 -2 0 0 1 1 0.01
-3 -3  1  7 -5 -2  0 -3 -2 -5 -5 -1 -4 -5 -3 -2 -2 -6 -4 -5 0 0 1 1 0.01
-1  6 -1 -2 -4  1 -1 -1 -1 -4 -3  2 -2 -4 -3  0 -1 -4 -3 -3 0 0 1 1 0.01
-2 -2 -1  5 -4  0  4 -2 -2 -4 -4  1 -3 -4  3 -1 -2 -4 -4 -4 0 0 1 1 0.01
 0 -4 -3 -3 -4 -3 -3 -3 -4 -4 -4 -2 -4 -5  8 -2 -2 -5 -4 -2 0 0 1 1 0.01
 1 -3 -3 -4  0 -3 -3 -1 -3  2  2 -3  2 -1 -3 -2 -1 -3 -2  3 0 1 0 0 0.01
-2 -1 -2 -1 -3 -1  2 -3 -2 -2  0 -1  0 -3  6 -1  0 -4 -3  0 0 0 1 1 0.01
-2 -3 -2 -1 -3 -2 -2  3  3 -3 -3 -2 -3  1 -3  0 -2  0  6 -3 0 1 0 0 0.01
-2  3 -2  0 -3  1  3 -3 -1  0  0  0  1 -1  0 -1 -2 -2  1 -1 0 1 0 1 0.01
-1 -2 -3 -3 -2 -2  0 -3 -3  2  2 -1  0  1 -1 -2  0 -3 -1  3 0 1 0 0 0.01
-1  0 -1 -1  0 -1  2 -3 -2  0 -1 -1  0 -2 -2  1  3 -3 -1  1 0 1 0 1 0.01
 0 -4 -4 -4 -2 -3 -4 -4 -4  3  0 -3  0 -2 -3 -3 -1 -4 -2  5 0 1 0 0 0.01
 1 -2  0 -2  1 -2 -1  1 -1 -1 -1 -1 -2 -3  5  0 -1 -4 -3  1 0 0 1 1 0.01
 4 -3 -2 -2 -2 -2  0  0 -3 -3 -3 -2 -3 -4  5  1 -1 -4 -3 -2 0 0 1 0 0.01
-1  6 -1 -2 -4  1  2 -1 -1 -4 -3  2  0 -4 -3 -1 -2 -4 -3 -3 0 0 1 1 0.01
-3  7 -2 -3 -5  0 -1 -4 -2 -4 -4  2 -3 -4 -3 -2 -2 -4 -3 -4 1 0 0 0 0.01
-1 -3 -2 -3  1 -2 -2 -3 -3  1 -1 -2 -1 -3 -2  1  5 -4 -2  2 0 1 0 0 0.01
-2  5 -2 -3  0  0 -1 -3 -2  0  1  2 -1 -2 -3 -2 -2  2 -2  0 0 1 0 0 0.01
-3  1 -1 -3  2 -1 -2 -4 10 -5 -4 -2 -3 -3 -4 -2 -3 -4  0 -5 0 1 0 0 0.01
 0 -3 -4 -4 -2 -3 -3 -4 -4  3  3 -3  1 -1 -3 -2 -1 -3 -2  3 0 1 0 0 0.01
-3  7 -2 -3 -5  0 -1 -4 -2 -4 -4  1 -3 -4 -4 -2 -1  2 -3 -4 0 1 0 0 0.01
-2 -3 -3 -3 -2 -3 -3 -4 -3  1  2 -3  1  5 -3 -2  2 -1  0  2 0 1 0 0 0.01
-1 -2  6  4 -4 -1 -1 -2 -1 -4 -4 -1 -3 -4 -3  1 -1 -5 -3 -4 0 0 1 1 0.01
-1  0  1  4 -3  0  1 -2 -2 -3 -2  2 -2 -4 -2  1  0 -4 -3 -3 0 0 1 1 0.01
-2 -3 -4 -4 -2 -3 -2 -4 -3  0  5 -3  2  2 -4 -3 -2 -2  1  0 0 0 1 0 0.01
 0  1 -1 -2 -2  0  1  1 -2  2 -1 -1 -1 -2 -1  0  1 -3 -2  1 0 0 1 1 0.01
-2 -3  0  3 -3 -2  0 -3 -2  3  0 -2  1  1 -3 -2 -1 -3 -2  2 0 0 1 0 0.01
-2 -3 -3  0 -4 -3 -2 -4 -4 -4 -4 -1 -4 -5  8 -2 -2 -5 -4 -4 0 0 1 0 0.01
 0  3 -1 -1 -3  0  3 -2 -1 -1 -2  2 -2 -3 -1  0 -1 -3  0 -1 0 0 1 1 0.01
 2 -2  1  0  3 -1  0  3 -2 -3 -3 -2 -3 -4  3  0 -1 -4 -3 -2 0 0 1 1 0.01
-1 -2 -3 -2 -2 -1  1 -4 -3  2  0  0  0 -2 -1 -2  1 -4 -2  4 0 0 1 0 0.01
-2 -3 -3 -1 -4  0 -2 -4 -3 -4 -4 -2 -4 -5  8 -2 -2 -5 -4 -4 0 0 1 1 0.01
-3 -3 -4 -5 -4 -3 -4 -5  0 -3 -2 -3 -2  4 -5 -3 -3  1  8 -3 0 1 0 0 0.01
 5 -2 -2 -2 -2 -2 -2  2 -3 -3 -3 -2 -2 -3 -2  2 -1 -4 -3 -2 0 1 0 0 0.01
 1 -3 -2 -3  3 -2 -2 -3 -3  3  1 -2  3 -1 -3  1  0 -3 -2  1 0 1 0 0 0.01
-1  0 -2 -1 -2 -1  1 -3 -3  1  1 -1  3 -2 -3 -2  0 -3 -2  3 0 1 0 0 0.01
 0 -3 -4 -4 -2 -3 -3 -4 -4  4  2 -3  0 -1 -3 -2 -1 -3 -2  4 0 1 0 0 0.01
-1  2 -1  1 -4  1  5 -3 -1 -3 -3  0 -2 -3 -2 -1  2 -3 -1 -1 0 1 0 1 0.01
 2 -2 -1 -2  4 -1 -2 -1 -2 -3 -3 -2 -3 -4 -2  5  0 -4 -3 -3 0 0 1 0 0.01
-2 -2  2  5 -3 -1  1 -1 -2 -4 -4 -1 -3 -4  2  1  0 -5 -4 -3 0 0 1 1 0.01
 0 -2 -3 -3  2  0 -2 -2  0  2  0 -2  1 -2 -3 -2  0 -3 -2  4 0 0 1 0 0.01
-2 -3 -1  0 -4 -2 -1 -3 -3 -4 -4 -1 -4 -5  8 -2 -2 -5 -4 -4 0 0 1 1 0.01
-1 -4 -4 -4 -2 -3 -4 -4 -4  4  0 -3  2 -2 -4 -3 -1 -4 -2  5 0 1 0 0 0.01
-1 -4 -4 -4 -2 -3 -3 -2 -4  3  0 -3  0  0  0 -3 -1 -3  0  5 0 1 0 0 0.01
 0 -4 -4 -4  1 -3 -3 -4 -4  1  0 -3  2 -2 -3 -2 -1 -4 -2  6 0 1 0 0 0.01
-2  0 -2 -2 -5  8  0 -3 -1 -4 -4  0 -2 -5 -3 -2 -2 -4 -3 -4 0 1 0 0 0.02
-3 -2 -2 -3 -3 -1 -2 -4  6 -1  0 -3  0  4 -4 -3 -3  3  5 -1 0 1 0 0 0.03
 0 -1 -1 -2 -2 -1 -1  0 -2 -2 -1 -1 -2 -3 -2  4  4 -4 -3 -1 0 1 0 0 0.05
-3  7 -2 -3 -5  0 -1 -4  2 -5 -4  1 -3 -4 -4 -2 -3 -4 -3 -4 0 1 0 0 0.07
-1 -2 -4 -4  2  1 -3 -4 -3  0  4 -2  2 -1 -3 -3 -2 -3 -2  0 0 0 1 0 0.09
-3 -3  0  7 -5 -2  0 -3 -3 -5 -5 -2 -5 -5 -3 -2 -2 -6 -5 -5 0 0 1 0 0.13
 1 -2 -1 -2 -2 -1 -2 -2 -2 -2 -2 -1 -2 -3  1  4  4 -4 -3  1 0 0 1 1 0.17
-1  5 -1 -2 -3 -1 -1  2 -2 -3 -3  0 -2 -4 -3  1  3 -4 -3 -3 0 0 1 1 0.23
-1  1  0 -1 -3  6  0 -3  0 -3 -1  1 -1 -3 -2 -1  1 -3 -2 -2 0 0 1 1 0.27
 3 -2  0 -2 -2 -1  0  1 -2 -3 -3 -1 -2 -3  5  1 -1 -3 -3 -2 1 0 0 1 0.38
 2 -1  2  0 -3  1  3 -1  2 -3 -3 -1 -2 -3 -1  1  1 -3 -2 -2 1 0 0 1 0.55
-2  1  3 -2 -2  0 -2 -3  1  0  2 -1  2 -1 -3 -1 -1 -3  0  1 1 0 0 0 0.55
 5 -2 -2 -2 -1 -2 -2 -1 -3 -2 -3 -2 -2 -3 -2  2  2 -4 -3 -1 1 0 0 0 0.56
-1 -3 -4 -4 -2 -3 -4 -2 -3  1  4 -3  1  3 -4 -3 -1 -2  1  0 1 0 0 0 0.48
-1 -3 -3 -4 -2 -2 -3 -4 -3  1  2 -3  6  0 -3 -2  1 -2  1  1 1 0 0 0 0.50
 1 -2 -1 -2 -2 -1 -1  0 -2 -2 -3 -1 -2 -3 -2  4  4 -4 -3 -1 1 0 0 0 0.48
 0 -2 -1 -1 -2 -2 -2 -3 -3 -1 -2 -2 -1 -3 -2  0  5 -4 -3  2 1 0 0 0 0.47
 0 -3 -3 -4 -2 -2 -3 -3 -3  3  1 -3  6 -1  0  0 -1 -3 -2  1 0 0 1 0 0.37
 5 -3 -2 -3 -2 -2 -2  3 -3 -3 -3 -2 -2 -4 -2  0 -1 -4 -3 -2 0 0 1 0 0.30
-3 -3 -3 -4 -4 -3 -3 -4  2 -2 -2 -3  1  4 -4 -3 -3  4  8 -2 0 0 1 0 0.39
 1 -3 -3 -1  0 -2 -2 -1 -3 -3 -3 -2 -3 -3  7 -1 -1  4 -3 -3 0 0 1 0 0.35
-1 -2 -1  1 -2  1  3 -3 -2  1 -1 -1 -1 -2 -2  0 -1 -3 -2  3 0 0 1 1 0.41
 0 -1  0  4 -4  1  4 -2 -1 -4 -4  1 -3 -4 -2  0 -1 -4 -3 -3 0 0 1 1 0.46
 2 -2 -1 -2 -2 -2 -2  5 -2 -3 -3 -2 -3 -3 -2  0 -1 -3 -3 -3 0 0 1 1 0.55
 2 -1  0 -1 -1  0  0  0 -1 -2 -2  0 -2 -3 -1  4  1 -3 -2 -1 0 0 1 1 0.62
