-2 -3 -4 -4 -3 -2 -3 -4 -3  0  3 -3  8 -1 -4 -3 -2 -3 -2  0 0 0 1 1 0.76
 3 -2  0 -1 -2  2  2 -2 -2 -3 -3 -1 -2 -4  1  2  2 -4 -3 -2 0 0 1 1 0.50
-2  0 -2  2 -5  6  3 -3 -2 -5 -4  2 -3 -5  0 -1 -1 -4 -4 -4 0 0 1 1 0.24
-2 -2  5  1 -4  0  4 -3  0 -5 -5 -2 -4 -5 -3  2  1 -5 -4 -4 0 1 0 1 0.09
-4 -4 -4 -3 -1 -4 -2 -5  1 -3 -2 -4  4  4 -5  0 -2 -1  8 -3 0 1 0 0 0.03
-3 -5 -6 -6 -4 -5 -5 -6 -4  1  4 -5 -1  6 -3 -4 -4 -3  0  0 0 1 0 0 0.02
-5 -6 -7 -7 -6 -6 -6 -6 -5 -4 -4 -6 -4  7 -7 -5 -6 10  4 -3 0 1 0 0 0.01
-1 -3 -1 -2  0 -4 -4  7 -4 -6 -6 -4 -5 -5 -4  1 -2 -5 -5 -5 0 1 0 1 0.01
 1 -3 -5 -4 10 -5 -5 -2 -5  0 -1 -3 -3 -2 -5 -2 -2 -1 -4  1 0 1 0 0 0.01
-3 -3 -2 -2 -5  0  6 -5 -3 -2 -4  0 -4 -5 -4 -2  3 -6 -5  0 0 1 0 1 0.01
-4 -5 -6 -6 -4 -5 -6 -6 -6  1  6 -5  1 -2 -3 -5 -4 -4 -4 -1 0 1 0 0 0.01
-2 -1  2  1 -4 -1  1 -3  0 -4 -4  4 -1 -4 -3  3  0 -5 -4 -4 0 0 1 0 0.01
 3 -2 -1 -1 -3  2  1  0 -2 -4 -4  2 -3 -3  1  1 -2  0 -1 -3 0 0 1 1 0.01
-2  0  0  4 -4  0  2  1  0 -4 -3  2 -3 -4  0  1  0 -4 -3 -3 0 0 1 1 0.01
-1  1  3  0 -4  0  0 -3 -1 -3 -4  5 -3 -4 -3  0  1 -4 -3 -2 0 0 1 1 0.01
-2  2 -1  3 -4  0  0 -2 -1 -4 -4  4 -1 -4  3 -1  0 -4 -3 -4 0 0 1 1 0.01
-1 -1  0  1 -1  0  2 -2  1  0 -2  0 -2 -1 -2  1  2 -2  1 -1 0 1 0 1 0.01
-1 -3 -2 -2  3 -3 -1 -4  3  0 -2 -3 -2  3 -4 -2 -3  4  5  1 0 1 0 0 0.01
-1 -1 -1 -2 -3  1 -1 -3  4 -2 -1  1 -2 -3 -1  0  4 -3  0  1 0 1 0 1 0.01
-4 -5 -5 -5 -4 -2 -5 -5 -4 -2 -2 -5 -3  8 -5 -3 -4  8  0 -1 0 1 0 0 0.02
-2  1  2  3 -4  1  1 -3 -1 -4 -3  4 -3 -4 -3  0  0 -4 -3 -4 0 0 1 1 0.02
-1 -4 -2 -3 -3 -3 -2 -2 -4 -1 -2 -2 -1 -1  5 -1 -1 -4 -3  4 0 0 1 0 0.02
-2 -2  0  5 -4  2  4 -2  0 -4 -3 -2 -2 -3  0 -1 -2 -4 -2 -4 0 0 1 1 0.03
-1  0  3  1 -4  0  4 -1 -2 -3 -3  1 -3 -2 -2  0 -1 -4 -1 -2 0 0 1 1 0.03
-3 -2  1  5 -5 -2  3 -1  2 -5 -4  0 -4 -2 -2 -1 -2 -5 -2 -4 0 0 1 1 0.03
-1 -2 -2  4 -4 -1  4  1 -2 -2 -3 -1 -3  1 -2 -1 -1 -3  1 -3 0 0 1 1 0.03
-1  0  2  2 -3  0  1  1  1 -2 -1  1 -2 -3  1 -1 -1 -3 -2 -2 0 0 1 1 0.03
 0  0  4  0 -3  1  0 -1  0 -2 -1  0  0 -1 -1  0 -1 -1 -1 -1 0 0 1 1 0.03
-1 -1 -1  3  0  0  5  0 -1 -3 -4 -2 -1 -4 -3  1 -1 -5 -4 -3 0 0 1 0 0.02
-2 -1  0 -3  3  2  0 -3  9 -5 -4 -3 -4 -2 -4 -2 -2 -4 -1 -5 0 0 1 0 0.02
-2  2 -2 -2 -2  5  0 -3 -2 -3 -1  3 -1 -1 -2 -1  0 -2 -2 -2 0 1 0 0 0.02
-4 -4 -5 -5 -3 -4 -5 -5 -5  0  6 -4  0  1 -5 -3 -3 -4 -3  0 0 1 0 0 0.02
 0 -1 -1 -1  0 -1 -1 -2  0  1  0 -1  0  1 -1  3 -1 -1  0  0 0 1 0 0 0.02
-3 -4 -5 -5 -3 -4 -5 -5 -5  3  5 -4  0  0 -5 -4 -3 -4 -3  1 0 1 0 0 0.02
-2  5  0 -3 -4  1 -2 -1  1 -3 -4  3 -3 -4 -3  1  1  0 -3 -4 0 1 0 0 0.02
-1 -1  0 -3 -3  4 -2 -2 -1 -1 -1 -2  5 -3 -3 -1  4 -2 -3 -2 0 1 0 0 0.02
 3 -4 -4 -4  1 -3 -4 -3 -4  3  0 -3  1 -1 -4 -2  0 -4 -3  4 0 1 0 0 0.02
-1 -3 -2 -4  8 -4 -4 -3 -4 -1  0 -3 -3  0 -4  3  0 -4 -4 -1 0 1 0 0 0.02
-4 -2 -5 -6 -4 -4 -5 -6 -2  0  6 -2  0 -1 -5 -3 -3 -4 -3  1 0 1 0 0 0.02
 0 -3 -1  0 -4 -3 -2  6 -4 -5 -5 -3 -4 -5 -4  1  0 -1 -5 -4 0 0 1 0 0.02
 3 -2 -1  0 -3  0  2  0  1 -3 -2 -1 -3 -3  2  1 -1 -4 -3 -2 0 0 1 0 0.02
-1 -1  0  1 -2 -1  2  3 -2 -4 -2  3 -3 -4 -3  1 -1 -4 -3 -3 0 0 1 1 0.02
 6 -3 -4 -4  0 -3 -3 -2 -4 -2 -3 -3  1 -1 -3 -1  1 -4 -4  0 0 0 1 0 0.02
-1  0  0 -3 -4 -1  0 -3 -3 -4 -4  7 -3 -4 -2 -2  1 -4 -4 -3 0 0 1 1 0.01
-1 -1 -1  3 -2  0  3  0 -1 -2 -2  0 -2 -2  0  0 -1 -2  0 -2 0 1 0 1 0.01
-2 -2  0  6 -4 -2  0  2 -2 -4 -4  1 -3 -3 -2  0 -1 -3  0 -3 0 0 1 1 0.01
-2 -1 -2  0 -1  1  6 -2 -1 -4 -4  0 -4 -5 -3  0 -2 -4 -4 -3 0 0 1 1 0.01
-2  2 -3 -4  2 -2 -3 -4  0  1  3 -2  3  2 -2 -2 -1 -3  0  2 0 1 0 0 0.01
-2 -3  6 -1  1 -1 -1 -3  7 -5 -4 -2 -4 -4 -4 -1 -2 -4 -1 -4 0 1 0 0 0.01
-2 -1 -4 -5 -3 -4 -4 -5 -4  5  1 -3  1 -2 -4 -3  0 -4 -3  4 0 1 0 0 0.01
-2 -4 -5 -5 -3 -4 -4 -5 -5  3  0 -4  0 -3 -4 -2 -1 -5 -3  6 0 1 0 0 0.01
-1 -2 -1 -1 -5  3  6 -4 -2 -5 -5  0 -4 -5 -3 -1 -1 -5 -1 -3 0 1 0 0 0.01
 2 -4 -5 -5  1 -4 -4 -2 -5  3  0 -4  3 -3 -4 -3 -1 -5 -3  4 0 1 0 0 0.01
-2 -2  3  1  0  1  4 -1  0 -1 -1  0  0 -4 -3 -1  0 -4 -3  0 0 1 0 0 0.01
 1 -3 -2 -1 -3 -1 -1  0  2 -2 -1 -2 -2  0  3  0  2 -2  4 -1 0 1 0 0 0.02
-2  0 -1  2 -4  2  3 -2 -2 -2 -2  1  3 -3  2 -1 -1  0  0 -1 1 0 0 1 0.02
-2  0  2  1 -4  1  0  3  0 -4 -4  3 -3 -4 -1 -1 -2 -4  0 -1 1 0 0 1 0.02
-1  0  1  2 -1  2  3  0 -2 -4 -3  3 -3 -4 -3  1 -1 -4 -1 -4 1 0 0 1 0.02
-1  1  2  0 -4  0  3 -1 -2 -4 -3  1 -1 -4  3  0  0 -4 -3 -3 0 0 1 1 0.02
-1 -1 -2 -3  1 -1 -1 -2 -3  4  0  0  0 -2  0  0 -1 -4 -1  2 0 1 0 0 0.02
-1  1 -2 -3 -4  0  0 -2 -3 -2 -4  5 -3 -5  4  0  1 -5 -4 -4 0 1 0 1 0.02
 0 -4 -4 -4  3 -1 -4 -4 -1  2  0 -3 -1  1 -4 -1  0 -3  1  5 0 1 0 0 0.02
-2 -3 -3 -4 -1 -2 -3 -4 -2 -1 -2 -3 -3 -2  6 -1  4 -5 -1  0 0 1 0 0 0.01
-4 -5 -6 -6 -4 -5 -5 -6 -5  5  4 -5  0 -2 -4 -5 -3  0 -3  2 0 1 0 0 0.01
 5 -4 -4 -4  4 -3 -2 -1 -4 -2 -3 -2 -3 -3 -2  0 -2 -5 -4  1 0 1 0 0 0.01
 0 -3  2 -3 -1 -3 -3 -3 -1 -2 -2 -3  2 -4 -1  3  4 -5 -4  2 0 1 0 0 0.01
-4 -5 -6 -7 -4 -3 -6 -7 -6  0  6 -5  1  0 -6 -5 -4 -4 -4 -1 0 1 0 0 0.01
-2  3 -1 -3 -5  2  0 -4  2 -2 -4  6 -3 -5 -4 -1 -2 -5 -4 -2 0 1 0 0 0.01
 0 -2 -1  0  1 -1 -1  0 -3  1  1 -1  4 -3  3 -1 -2 -4 -3  0 0 1 0 0 0.02
 0 -3  0  0  1 -2 -3  4 -3 -4 -4  0  0 -4 -3  3 -1 -4 -4 -4 0 0 1 1 0.02
 0 -1  1 -2  4 -1  0  1  0  0 -1  0 -1 -3 -3  0  0 -3 -2  1 0 0 1 1 0.03
-1 -2  0  0 -3  3  0 -2  0  0  1 -1  1 -3  1  0  1 -3 -3  0 0 1 0 0 0.03
-2  1 -1  0 -4  0  2 -4  2 -3 -2 -2  1 -3  6 -1 -3  1  2 -2 0 0 1 0 0.03
 0 -1 -2 -1  1  4 -2 -3  2 -1  0 -1  5 -3 -3  0  2 -4 -3 -1 0 1 0 0 0.04
 0  0 -2 -2  3  1 -2  0  2  0  0 -1  2  1 -2  0  0 -2 -1  0 0 1 0 0 0.05
-1  0  3 -2  1  0 -2 -3  1  0  0 -1  0 -1  0  2  1  3  0 -1 0 0 1 1 0.06
-3 -1 -4 -4 -3 -3 -4 -2 -4  1  4 -3  3  0  3 -3 -1 -3 -3  1 0 0 1 0 0.06
-1  0  1  3 -3 -2  0  3  0 -3 -3 -2  1 -3 -3  0  0  1 -3 -1 0 0 1 1 0.06
-2 -1  0  0 -3 -1 -1  4 -1  0  1 -2 -1  0 -3 -1 -1 -3 -1  0 0 1 0 0 0.06
-2 -3  0 -3 -1 -3  2 -2 -3  1  0 -2  0  5 -2  0 -2 -2  1  0 0 1 0 0 0.06
-2 -3 -3 -2 -4  0  4 -3 -3  0  0 -1 -2  5 -2 -2  0 -3  0 -1 0 1 0 0 0.06
-1 -2 -1 -2 -3 -1  0 -2  0  3  2 -1 -1  0  2 -1  0 -3  0  0 0 1 0 0 0.04
-2  0  0  2 -1  1  2 -2  2 -3 -3 -1  0 -1  0  1  3 -4 -3 -3 0 0 1 0 0.04
 0 -4 -4 -2 -5 -2 -2  0  1 -3 -3 -2 -4 -5  7  2 -2 -6 -5 -4 0 0 1 0 0.03
-2 -2 -4 -4 -5 -4 -2 -5  1 -4 -2  1 -4 -2  7 -1 -2 -6 -5 -1 0 0 1 1 0.03
 0 -5 -5 -5 -4 -4 -3 -2 -5  1  0 -5  0 -4 -5 -4 -1 -5 -4  6 0 1 0 0 0.03
-2 -3 -2  0 -3 -2 -1 -3  1  1 -1  0 -1 -3 -3 -1  5 -4 -3  2 0 1 0 0 0.02
-2 -5 -5 -5 -4 -5 -5 -5 -4 -1  3 -5  1  7 -5 -4 -4 -2 -1 -1 0 1 0 0 0.02
-2  4 -1 -3 -2  2 -1 -3  0 -1 -2  3 -2 -1  1  0  1  1  0 -3 0 1 0 1 0.02
-1 -4 -5 -5 -3 -4 -4 -5 -5  1  6 -4 -1 -1 -4 -3 -3  0 -3  0 0 1 0 0 0.01
-1  2 -3 -3  2 -1 -2 -4 -3  1  0  4 -1 -3 -3 -1  1 -4 -3  2 0 1 0 1 0.01
 1  0 -2 -3  6  1  0 -1  2 -3 -2  1 -3 -4 -3  2  0 -4 -1 -2 0 1 0 1 0.01
-2 -4 -3 -3 -1 -4 -4  7 -4  0 -2 -4 -2 -5 -4 -2 -4 -5 -5 -2 0 0 1 1 0.01
-1 -3  1 -1 -4  0 -3 -2  1 -4 -2 -1 -4 -5 -3  6  0 -5 -4 -4 0 0 1 1 0.01
-3 -3 -1 -4 -5 -4 -2  7 -5 -6 -6 -4 -5 -6 -5 -3 -3 -5 -6 -3 0 0 1 0 0.01
 0 -5 -5 -5 -6  0 -4 -5 -5 -6 -3 -4 -5 -7  8 -3 -1 -7 -6 -5 0 0 1 0 0.01
-2 -5 -5 -6 -4 -5 -3 -3 -6  3 -1 -5 -1 -3 -5 -4 -3 -5 -4  7 0 1 0 0 0.01
-3 -1 -1 -4  0 -1 -3 -5  9 -5 -4 -4 -4  4 -2 -3 -3 -3  4 -3 0 1 0 0 0.01
-2 -5 -3 -5 -3 -4 -5 -5 -5  5  3 -4  2 -2 -3 -4 -2 -4 -3  2 0 1 0 0 0.02
 0 -1 -1 -3  1 -3 -3 -1  1 -1 -3 -3 -3 -4 -3  5  2 -5 -2  0 0 1 0 0 0.04
-1 -2 -3 -4 -5 -5 -5  7 -5 -7 -6 -4 -5 -6 -5 -3 -2 -5 -6 -6 0 1 0 0 0.06
-3  1  2 -3 -5  6  0 -4  3 -3 -2  1 -3 -4 -4 -1 -1 -1  0 -3 0 1 0 0 0.05
-4 -2  2  0 -6 -1  2 -5 10 -6 -6 -1 -4 -4 -5 -3 -4 -5  1 -6 0 1 0 0 0.08
-2 -4 -4 -5  4 -4 -2 -5 -4  2  4 -4  1  1 -4 -2 -2 -3 -2  1 0 1 0 0 0.12
 0 -2 -2 -2 -2  0 -1 -2 -3  1  1 -1  1  0 -3 -1  0 -3  0  4 0 0 1 1 0.20
 4 -2  0  3 -3 -1  1  0 -2 -2 -3 -2  1 -4 -2  1 -1 -4 -3 -1 0 0 1 1 0.32
-2 -2  2  6 -4  0  3 -2 -1 -4 -4 -1 -3 -4 -2  1 -1 -5 -3 -4 0 0 1 1 0.44
-1 -3 -4 -4 -1 -3 -3 -4 -4  3  3 -3  1 -1 -3 -2 -1 -3 -2  4 0 0 1 1 0.53
