-1 -2 -3 -4 -2 -1 -3 -3 -2  1  3 -2  6  0 -3 -2 -1 -2 -1  1 0 0 1 1 0.93
 0 -1  2 -1 -2 -1 -1 -1 -1 -3 -3 -1 -2 -3 -2  4  3 -4 -2 -2 0 0 1 1 0.89
-2  1 -3 -4 -2 -2 -3 -4 -2  1  2 -2  4  0 -3 -2  1 -1  3  2 0 0 1 0 0.89
-1  0 -1 -2 -2 -2 -2  2 -2  0  0 -1 -1  2 -3  0  2 -2 -1  0 0 0 1 0 0.88
-2  1 -1  0 -3  1  1  0  2 -1  2  1  0 -2  1 -1 -2 -3 -2 -1 0 0 1 1 0.81
 0 -3 -2  0 -2 -2 -2 -3 -1  0  1 -2 -1  4  1  0 -2  0  4 -1 0 0 1 0 0.78
-2  0 -3 -4 -3 -2 -3 -4  2  1  4 -2  2  1  1 -3 -2 -2 -1  0 1 0 0 0 0.68
 0 -1 -3 -4 -3  0 -3 -3 -2  0  1  0  6  2 -3  0 -2 -2  2  1 1 0 0 1 0.69
 0 -1  1 -1 -3  2  3  0  0 -3 -2  1 -2 -4  2  0  1 -4 -3 -2 1 0 0 1 0.65
-2  3 -2 -2 -4  0  0  1 -2 -1 -2  0  1 -4  5  1 -2 -4 -3 -3 1 0 0 1 0.62
 0 -1 -2 -1 -4  2  2 -3 -2 -1 -3  3 -1  0  3 -1 -1 -4 -3  0 1 0 0 1 0.50
 0  1  1 -2 -4  4  1 -1 -2 -1 -2  3  0 -4 -1  0  0 -4 -3 -2 1 0 0 1 0.33
-2 -3 -6 -7 -6 -5 -4 -7 -6 -2  0  0 10 -5 -3 -1 -2 -6 -5 -1 0 0 1 0 0.17
 2  2  0 -1 -4 -1 -2  2  2 -1 -3  0 -1 -4  0  1  0 -5 -2 -3 0 0 1 0 0.10
-2  4 -2 -4 -3  0 -1 -4  3 -1 -3  3  0  0 -1  0 -1 -4  3  0 0 1 0 1 0.06
-2 -3 -4 -6 -3 -3 -3 -6 -3  3  1 -3 -3 -2  3 -2 -3 -6 -3  5 0 1 0 0 0.03
-3 -2 -1 -4 -3 -2 -2 -6 -2  4  3 -2  0 -4 -2 -5 -3 -5 -3  4 0 1 0 0 0.02
 3 -4  0 -2 -5  2  0 -2  0 -2 -6 -3 -5 -5 -5  5  0 -7 -6 -5 0 1 0 0 0.02
-5 -7 -5 -8 -2 -7 -7 -8 -7  4  3 -7 -3 -4 -7 -6 -1 -7 -6  6 0 1 0 0 0.02
-2  1  5 -4  4  2 -5 -3  0 -5  0 -2 -5  2 -6 -1 -4 -5  4 -4 0 1 0 0 0.01
 0  0 -5 -6 -3 -2 -5 -5 -3  4  0 -4 -1 -3 -6 -2  4 -6 -5  3 0 1 0 0 0.01
-1 -8 -6 -4 -8 -7 -5  7 -7 -9 -9 -7 -8 -8 -5  1 -7 -8 -8 -8 0 0 1 0 0.01
-2  3 -2 -1 -6  2  1 -4 -1 -3 -3  5 -1 -4 -2 -2  0 -7 -6 -2 0 0 1 1 0.01
 1 -4 -4 -5 -2 -2 -2 -3 -4  4 -2 -1  0 -5  3 -3 -2 -7 -6  4 0 0 1 0 0.02
 0  3 -3 -2 -6  2  1 -3 -3  0 -1  4 -1 -4 -4 -3  0 -6 -4  1 0 0 1 1 0.04
 2 -1  0  0 -5  1  1 -1 -1 -3 -4 -1 -2 -3  3  1  1  4 -4 -2 0 0 1 1 0.05
-2 -1  0 -3 -2 -2 -2 -4  0  2  2 -3  2  2 -3 -3  0  0  3  2 0 0 1 0 0.06
 1 -2  1  0  5 -2 -1  2  2 -2 -3 -1 -2 -2  3  0  0  0 -3 -2 0 0 1 1 0.09
-1  2  0  1 -2 -1 -1  1  1  1 -2  2 -2 -2 -1 -1  0  0  1  0 0 0 1 1 0.10
-1 -1 -1 -1 -1 -2 -1  4 -2 -4 -4 -1 -5  0 -3  3  0 -3 -5 -3 0 0 1 1 0.14
-1  1 -1 -1 -4  0  2  0  0  0 -1  1 -1 -1  0  0 -1  1 -3  1 0 0 1 1 0.14
 0  2 -1 -2 -4  0  0 -2  0 -2 -2  2  1 -3  2  1  1 -4 -2  0 0 0 1 1 0.13
-2  1 -4 -5 -1 -4 -3 -4 -1 -6 -6  2 -5 -4 -5  5  4 -6 -3 -4 0 0 1 0 0.13
 4 -5 -3 -3 -1 -2 -5  6 -7 -7 -7 -6 -2 -1 -7 -2 -6  0 -7 -7 0 0 1 0 0.12
-4 -5 -7 -8 -7 -3 -4 -6 -8  7 -2 -5  2  0 -7 -5  2 -7 -3  1 0 0 1 0 0.14
 0  2  2  3 -1  0 -1 -1  0 -1 -2  1 -2  2 -2 -1 -2  1  1 -1 0 0 1 1 0.12
-5 -2 -3 -2 -9 -2 -6 -5 -1 -9 -5  8 -3 -9 -8 -7 -5 -9 -8 -6 0 0 1 1 0.14
-2  3 -1 -2 -3  3  0 -4  4 -1 -3  3 -2 -4 -2  0  2 -6 -1 -1 0 0 1 1 0.13
 1 -1  1 -3 -2  0 -1 -5 -3 -3 -2 -2 -2 -7  7 -2 -3 -8 -2 -1 0 0 1 1 0.09
 0 -1 -6 -7 -1 -2 -5 -7 -1  3  0 -4  0 -2 -4 -2  0 -7 -3  6 0 0 1 0 0.06
 0 -2  0  3 -2  0  3 -1  1 -4 -4  0 -3 -3  2  1  0 -6 -5 -4 0 0 1 1 0.03
-1 -1 -2 -1 -1  0  3  4  0 -3 -5  1 -2 -3 -3  1  0 -6 -3 -3 0 0 1 1 0.02
 3  2 -4 -4 -1 -2  0  1 -2 -1 -3 -2 -2 -7  4 -2 -2 -7 -3 -1 0 0 1 1 0.02
-3 -1  0 -3  0  1 -1 -4 -1  1  2 -2  1 -1 -7 -4 -1  1  0  4 0 1 0 0 0.01
-1  1 -3 -3  0  0 -1 -3  1  0  1  0  2  3 -2 -3 -1  4  2 -1 0 1 0 1 0.01
-2 -1 -8 -8  1 -2 -2 -3  0  3  3  0  2 -1 -8 -7 -2 -8 -1  4 0 1 0 0 0.01
-1  0  0  1  0 -2  1  1  1 -2 -3 -1 -1 -2 -1  1  3  1 -1  0 0 1 0 0 0.01
-1  0  0  0  2  0  0 -1  2  0 -1  0  2  1  0 -1  0  4  1 -1 0 0 1 1 0.01
-2 -1 -1  1 -3  0  1 -3  4 -2  2 -1 -1  0  0 -1  0  2  2 -2 0 0 1 1 0.01
-4 -3  0 -3 -2 -4 -5  7 -1 -5 -9 -3 -8 -8 -7 -4 -4 -8 -3 -8 0 0 1 1 0.01
-2 -6 -7 -7 -2 -6 -7 -7 -3  4  4 -6 -1  3 -3 -6 -3 -6 -4  2 0 0 1 0 0.02
 1 -1 -2  2 -5  0  4 -4 -2 -1 -1 -1 -2 -4 -2 -1 -1 -6 -3  2 0 0 1 1 0.02
-1 -6  2 -1 -3 -4 -1  7 -3 -6 -5 -3 -7 -7 -5 -3 -1 -7 -7 -7 0 0 1 1 0.03
-6 -6  2  8 -8 -5 -1 -6 -6 -7 -8 -5 -7 -8 -6 -5 -6 -8 -7 -7 0 0 1 0 0.04
 2  1  1  0 -2  1  3  0  4 -3 -3 -1 -1 -2 -3 -1 -1 -2  1 -2 0 0 1 1 0.05
-3 -1 -1  0 -1  5 -1  0  6  1 -3 -3 -4 -2 -2 -2 -2 -5 -1  2 0 0 1 0 0.06
 4 -2 -3 -4  3 -3 -4  3  1  0 -3 -3 -2 -2 -2 -1 -1 -5 -1 -1 0 0 1 0 0.08
-3 -2  2  5 -4 -1  0  0 -1 -2  0 -2 -4 -4 -4  1 -3 -4  2 -2 0 0 1 1 0.07
-2  4 -2 -2 -4 -1  0 -2  2 -2  1  3 -1 -1  0 -1  1 -1 -2 -1 0 0 1 1 0.08
 0  2  0 -1 -4  0  1 -1  1 -2 -3  3 -3 -4 -1  0  1  1 -2 -1 0 0 1 1 0.09
-1  1  1 -1 -4 -2 -1  0  5 -1 -2  0  0  0  0  0 -1  2  2 -1 0 0 1 1 0.07
-1  0 -3  1 -5 -3  0 -1  9 -5 -5  0 -4  0  0 -1 -4 -4  1 -5 0 0 1 1 0.06
-2 -1 -2 -1 -4 -1 -3  6 -4 -4 -3 -2 -4 -4 -4 -1 -2 -4 -4 -2 0 0 1 1 0.05
 0 -2  0  1 -4 -3 -2  6  0 -2 -4 -2 -4 -1 -3 -1 -2 -4 -2 -4 0 0 1 1 0.03
-1 -1 -2 -1 -3 -1  0 -2 -1  0 -1 -1 -1 -2  5  0 -1  5 -1  0 0 0 1 1 0.02
-2 -1  0  5 -4  0  2  0  5 -3 -2 -1 -2 -2 -3 -2 -2 -1  1 -3 0 0 1 0 0.02
-1  5  0 -2  1  3 -1 -3 -1 -3 -3  4  0 -4 -1 -1 -1 -3 -3 -3 1 0 0 0 0.01
 5 -1 -2 -2 -2  2 -1 -1  0 -2 -2 -1  0 -3 -1  0  0 -3 -3  0 0 1 0 0 0.01
-1 -3 -3 -4  2 -3 -3 -3 -3  2  2 -3  1  0 -3 -1  0 -3 -2  4 0 1 0 0 0.01
-2 -2  0 -3  4 -2 -2 -3  5 -2  0 -2  2  2 -3  0  0 -1  5 -2 0 1 0 0 0.01
 0 -2 -1 -2  1  1 -2 -1  3  1  1 -2  2  0 -3 -1 -1 -2  0  1 0 1 0 0 0.01
-2 -4 -1 -5  1 -1 -2 -3  1  0  1 -4  2  3 -5 -4 -2  2  6 -1 0 1 0 0 0.01
 2 -1  0 -1  2  1 -2  0  1 -7 -3 -6 -6  0  3  2 -1 -7 -7 -2 0 0 1 0 0.01
 1  2 -1 -1  1  0  0  0  1 -1 -1 -1  0  0  0  0 -1  2  0 -1 1 0 0 0 0.01
-2 -3 -3  3 -8 -1  7 -5 -1 -4 -2 -2 -4 -5 -4 -1 -4 -8 -7 -4 1 0 0 1 0.01
-3 -3  1  2 -6 -2 -1 -4  9 -5 -4 -2 -6 -2 -6  3 -1 -7 -3 -4 1 0 0 0 0.01
-2 -3 -5 -6 -5 -3 -4 -6 -2  2  1 -5 -1  1 -5 -4 -5 -1  8 -2 1 0 0 0 0.01
 2 -1 -1  4 -5 -1  2 -1 -1 -3 -2 -2 -1 -4  3  0 -2 -5 -5 -3 1 0 0 1 0.01
 1  0 -2 -1 -4  1 -1 -2  3 -2 -2  2  1  2 -3 -2 -1  4  4  0 1 0 0 0 0.01
-3 -5 -5 -5 -5 -5 -3 -5 -5  2  0 -5  2 -1 -5 -5 -4 11  1 -1 1 0 0 0 0.01
 2  3  1 -4 -2  3  2 -3  0  2 -4  2 -1 -3 -4  0 -2 -6 -5 -3 1 0 0 0 0.01
 3  2  1  1 -7  1  3 -3 -1 -3 -5  2 -3 -8 -4 -1 -1 -8 -7 -3 1 0 0 1 0.01
-2  2 -4  0 -3  2  4 -5  1 -3  0  1  3 -1 -4 -3 -1  0 -2 -3 1 0 0 1 0.01
-3 -3 -2 -7 -3 -3 -4 -2 -1  0  4 -3  3  4 -4 -5 -3  3  2 -2 0 0 1 0 0.01
 0  1  1  0 -1 -1 -2  4 -1 -4 -2 -1 -1 -3  3 -2 -4 -7 -3 -6 0 0 1 1 0.01
 1  2  0  1 -6  1  2 -1  0 -2 -1  1  1 -3 -1 -1 -2 -6 -2 -2 0 0 1 1 0.01
 0  1  1  1 -1  0  0  0  1 -2 -1  2  2 -3  1  0 -2  0 -2 -2 0 0 1 1 0.01
 2  0 -1  0 -1 -1  0  2 -1  0 -1 -2 -1  0  2 -1 -1 -5 -2 -1 0 0 1 0 0.01
 1  0 -2  2 -1  0  2 -1  1 -1  0 -1 -1  0  0 -1 -1  0 -1  0 0 0 1 1 0.01
-2 -1 -1  0  1  0 -1 -2  2 -1  2 -1  1  2 -1 -2 -1  2  1 -1 0 0 1 1 0.01
-1  0  0  0  2  0  0 -1  2  0 -1  0  2  1  0 -1  0  4  1 -1 0 0 1 0 0.01
 0  0  0  2  1  0  1  0  1 -2 -2  0 -2 -2  2  0  0 -4 -2  0 0 0 1 1 0.01
 1 -3 -1 -1 -2 -2  0 -2  0 -2 -3 -2 -1 -1  6 -2 -1  3  2 -3 0 0 1 1 0.01
 0 -1 -1 -2  2 -3 -2  6 -1 -4 -2 -3 -4 -5  2 -1 -3 -5 -5 -2 0 0 1 0 0.01
 1  2  0  1 -1  0  1 -1  0 -1  0  0  0 -1 -2  0  0  1 -1 -1 0 0 1 1 0.01
-2 -3 -2 -4 -3 -3 -3 -4  1  0  1 -1  1  6 -4 -2 -1  2  2  0 0 0 1 0 0.01
 1  3 -1 -2 -3  1  1  3 -2 -3 -3  1 -2  0 -2  0  0 -3 -2 -2 0 0 1 0 0.01
 0  2 -1  1 -4  2  4  0 -1 -4 -4  1 -3 -4 -2  0 -1 -4 -3 -3 0 0 1 0 0.01
-6 -5  9 -3 -7  0 -5 -5 -4 -7 -7 -5 -6 -7 -6 -4 -5 -7 -6 -7 0 0 1 0 0.01
-5 -6 -6 -1 -5 -6 -6 -7 -6  4  5 -6  1  3 -6 -6 -4  1 -4  0 0 1 0 0 0.01
-2 -1 -3 -4  1 -4 -4 -3 -2  0  1 -4 -1 -2 -4  2  5  2 -2  2 0 1 0 0 0.01
-1 -5 -2 -3 -4 -4 -5 -3 -5  2  2 -5 -1 -1 -3 -1  4 -5 -4  4 0 1 0 0 0.01
 0  1 -1  1 -2  0  2 -2  0  0 -1 -1 -1 -3 -2  2  1 -4 -2 -1 0 0 1 1 0.01
-2 -3  0  1 -6 -2 -1  6  0 -6 -5 -3 -6 -3 -6 -2 -2 -6 -2 -3 0 0 1 1 0.01
-2 -5 -5 -6 -1 -2 -5 -3 -5  3  3 -5  4  2 -1 -3 -2  3  0  1 0 0 1 0 0.01
-2 -2  3  5  0 -2  0 -2  1 -3 -2 -2 -2 -6  0  0  1 -6 -5 -2 0 0 1 1 0.01
-2 -7  0  0  2 -1  4 -8 -7 -1  3 -2  1  1 -1 -2 -2  3  0  0 0 0 1 1 0.01
 1  1  0  1  1  0  0 -2  2 -2 -2  1  1 -1 -1  1  1  2  0 -2 0 0 1 1 0.01
 0  0  2  2  0  1  1  0  1 -2 -3  0 -1 -2 -1  0  1 -5 -1 -1 0 1 0 0 0.01
 0 -5 -5 -6 -1 -5 -5 -4 -5  1  4 -5  0  0 -5 -3 -2 -1 -2  4 0 1 0 0 0.01
-1  1 -3 -3  6 -2 -2 -2  1 -2 -1 -1 -2 -1  4 -2 -3  2  0 -1 0 1 0 0 0.01
-2 -3 -5 -5 -2 -3 -4 -4 -1  5  1 -3  0  0  0 -4 -2 -1 -2  4 0 1 0 0 0.01
-2 -3 -1 -2 -6 -5 -4  7 -2 -7 -5 -1 -6 -7 -3 -4 -4 -6 -6 -6 0 0 1 0 0.01
-1 -1 -1  6 -5  1  1 -3 -2 -4 -5 -1 -2 -6 -4  1  3 -6 -5 -4 0 0 1 0 0.01
-3  6 -3 -4 -2  2 -1 -5 -1  2 -2  1 -2 -2 -5 -2 -1 -1 -4  1 0 1 0 0 0.01
-3 -5 -6 -6 -5 -5 -4 -6  1  2  3 -5  0  5 -6 -5 -4  6  3  1 0 1 0 0 0.01
 0  5 -2 -4 -2  3  0 -3  2 -1 -2  2 -2 -3 -4 -1 -1 -2 -2 -3 0 1 0 1 0.01
 0 -3 -1 -4  5 -3 -3 -1 -3  2  0 -3  1  2 -4 -1  0  3  1  1 0 1 0 0 0.01
 0  0  1  0 -4  0  0  5 -3 -4 -4  0 -3 -4  0  1  0 -4 -4 -4 0 0 1 1 0.01
-1 -1  2  3 -3  1  3  1  1 -3 -4  0 -3 -4  0  1  0 -4 -3 -2 0 0 1 1 0.01
 2 -3 -2 -3  3 -3 -3 -1 -3  0  0 -2 -1  0 -1 -1  1 -3 -2  3 0 1 0 0 0.01
-1  0 -3 -2 -2  0  1 -1 -3  2  2 -1  0 -1 -3 -2 -1  0 -2  2 0 1 0 0 0.01
-2 -3 -4 -4  0 -1 -4 -3 -1  2  4 -4  1  1 -4 -3 -2 -3 -2  2 0 1 0 0 0.01
-3  1 -3 -2 -2  4  6 -4 -3 -4 -5  0 -2 -6 -4 -3 -3 -5 -5 -3 0 1 0 0 0.01
-1 -4 -5 -5 -4 -5 -5 -4 -5  4  0 -5  1 -3 -3 -4 -1 -5 -2  6 0 1 0 0 0.02
-1 -3 -1 -3 -1 -4 -3 -3 -2 -1 -1 -3 -4 -2 -5  3  6 -6 -5  0 0 1 0 0 0.02
 0  1 -4 -2 -1  5  1  1  2 -1 -3  0 -2 -3 -5 -1 -3  0  0 -3 0 0 1 0 0.02
-2 -1 -5 -5 -2 -2 -3  0  0  3  0 -2 -2 -1  6 -3 -2 -1 -1  0 0 0 1 1 0.02
-3  6 -3 -5  4 -3 -5  4  0 -3 -4 -3 -2 -6 -6 -3 -2  0 -6 -3 0 0 1 0 0.02
-1 -1  1 -2  2  1  0 -3 -1  1 -3  5  2 -2 -2 -1  0 -5 -2  0 0 0 1 0 0.03
-1 -1  0 -1 -6 -2  2 -1 -6 -2 -4 -1 -6 -7  7 -3 -1 -7 -6 -1 0 0 1 0 0.02
-2 -2 -7 -7 11 -2 -3 -3 -7 -2 -7 -2 -7 -2 -2 -3 -3 -7 -7 -6 0 0 1 0 0.02
-1  0  0 -2  4  0 -1 -2  3 -3 -3 -1 -1  3 -1  0  0  4  4 -2 1 0 0 0 0.03
 0  2 -1 -1 -6  1  0 -4 -1 -4 -4  5 -5 -3 -4 -3  3 -2 -3 -3 1 0 0 1 0.02
-3 -1 -4 -5  0 -3 -1 -3 -3  4  3 -3  2  3 -1 -3 -2 -1 -1  0 1 0 0 0 0.02
 2 -1  3  1  3  0  0  1  1 -5 -4 -1 -3 -1 -4  1 -3 -5  1 -3 1 0 0 0 0.02
 1  1 -1 -1 -1  2  0  1  3  0 -2  1 -1 -2 -1 -1 -1 -1 -1  0 1 0 0 1 0.02
-1  5 -1 -3 -2  0 -2 -3  2  1 -2  1 -3  2 -4 -3 -2  5  1 -1 1 0 0 0 0.01
-2 -4 -1 -4  2 -2 -4 -3  3  0  1 -2  4  4 -3 -1  1  2  2  0 0 0 1 0 0.01
-1 -1  1  1 -5  1  0  5  0 -4 -2 -1 -4 -5 -2 -2 -3 -5 -1 -4 0 0 1 1 0.01
-2  0  0  3  0  1  2 -3  0  1 -1 -1 -1 -2 -3 -2 -1 -1  0  1 0 0 1 1 0.01
 1  1 -1 -1  5 -1  0  0 -1 -4 -3  2 -1 -5  4 -2 -3 -2 -5 -3 0 0 1 1 0.01
-2  1  1  4 -3  0  0  3 -1  2 -4  0 -4 -4 -2 -3 -2 -5 -3 -1 1 0 0 1 0.01
-1 -2 -5 -2 -5 -4 -5 -4 -2  0  2 -4  7  3 -5 -4 -2  6 -1 -1 1 0 0 0 0.01
 2 -1 -1 -3  2 -2 -2 -2 -2 -1  1 -2  0 -3  4  0 -1 -5 -1  1 1 0 0 0 0.01
 2  3 -1 -2 -5  1 -1 -4 -1 -3 -1  4 -3 -5  0 -1 -2 -3 -1 -1 1 0 0 1 0.01
 0  3 -2 -1 -4  1  2 -4 -1  1  1 -1  2 -1 -4 -2 -1  1 -2 -1 1 0 0 0 0.01
-2 -2 -2 -4 -2 -3 -4 -3 -4  1  1 -4  5  4 -2 -2 -1 -2  0  3 1 0 0 0 0.01
 0  0 -2 -2 -1  3 -1 -1  1  0 -1  0  0 -1 -2  0  2  0  1  1 1 0 0 0 0.01
 0  2  1  1 -4  3  3 -1  1 -3 -2  1 -2 -4 -2 -1 -1 -4 -2 -2 1 0 0 1 0.01
 1  3  0 -1 -1  0  0  0  2 -2 -2 -1 -1 -3 -3  1  2 -4 -1 -2 0 0 1 1 0.01
 0 -1 -2  0 -2 -1 -3  6  0 -5 -3 -2 -1 -2 -4 -1 -2 -1 -1 -3 0 0 1 1 0.01
 0  4 -1 -1  0 -1  0 -2  0 -1  1  1  0 -1 -1 -1 -2  1  0 -2 0 0 1 0 0.01
-1 -1  0 -1  6 -2 -3 -1 -1 -2 -3 -2 -1 -1  3  2  3 -4 -4 -1 0 0 1 0 0.01
-4  0 -5 -5 -6 -5 -6  7 -6 -7 -7 -5 -6 -6 -6 -4 -5 -6 -6 -6 0 0 1 0 0.01
 1 -2 -2 -5  0 -3 -3 -4 -4  3 -1 -4 -1  2 -3 -2 -1  8  1  2 0 1 0 0 0.01
-5 -5 -1 -5  0 -5 -5 -5 -1 -2  2 -5  2  4 -5 -5 -1 -2  8 -2 0 1 0 0 0.01
 3 -4 -4 -5  4 -3 -4 -2 -4  0  2 -4  0  3 -4 -2 -1  0  3  1 0 1 0 0 0.01
-3  7 -3 -3 -2 -1 -2 -4 -4 -2 -5  2 -2 -6 -6 -2 -2 -6 -5 -1 0 1 0 0 0.01
-3 -7 -7 -7 -1 -6 -7 -7 -7  2 -2 -7 -1 -5 -7 -6 -2 -7 -5  7 0 1 0 0 0.01
-3  0 -4 -4 -4 -3 -3 -6 -2  4  4 -3  0 -2 -4 -5 -3 -5 -4  2 0 1 0 0 0.01
 0  2 -1 -2 -3  3  4 -3  1 -5 -4  2 -4 -5 -4  0  2 -5 -4 -2 0 0 1 1 0.01
-1 -3 -1 -1 -5 -1  2  4 -3 -4 -5 -2 -5 -6  4  0  0 -6 -5 -4 0 0 1 1 0.01
-3 -7 -5 -3 -7 -6 -6  8 -7 -8 -8 -3 -7 -8 -7 -3 -6 -7 -8 -8 0 0 1 0 0.01
-1  0 -1 -1 -2  0  2 -3  0  0 -1  0  0 -1  0 -1  2  2 -1  1 0 1 0 1 0.01
-2 -6 -6 -6 -1 -6 -6 -7 -6  5  0 -6 -1 -3 -6 -5 -3 -6 -5  5 0 1 0 0 0.01
 0  5 -1 -2 -1  2  0 -1  2 -4 -4  2 -3 -4 -2  1 -1 -2 -2 -3 0 0 1 1 0.01
 4 -3 -3 -3 -2  0 -1 -3 -2 -1 -2 -1 -3 -4  4 -1  0 -6 -5  2 0 0 1 1 0.01
-2 -4 -1  1 -3 -3 -3  7  0 -6 -7 -5 -4 -7 -5 -3 -3 -7 -5 -5 0 0 1 1 0.01
-2 -4 -1  8 -2 -1  0 -3 -1 -6 -5 -5  0 -7 -4 -1 -3 -8 -5 -5 0 0 1 0 0.01
 1  1 -2 -1 -3  0  3 -2 -1 -3 -3  0 -2 -4  4  1  1 -5 -4 -2 0 1 0 1 0.01
-2 -6 -7 -7 -2 -6 -6 -5 -7  5  3 -6  2  0 -6 -6 -4 -2 -5  4 0 1 0 0 0.01
-2  1 -2 -1 -1  0  4 -4  0  0 -3  1 -3 -3 -4 -1  3 -3 -2  1 0 1 0 1 0.01
-3  0 -6 -5 -3 -3 -4 -6 -1  3  4 -4 -1 -2 -2 -5 -4  0 -3  4 0 1 0 0 0.01
 0  0 -1  0  2  1  0  0  1  0  0  0  1  0  1  0  0 -3 -1  0 0 1 0 0 0.01
 0  0  0  1 -3  0  2 -1  2 -3 -2  0 -2 -1  1  1  0  2  1 -1 0 1 0 1 0.01
-1  5 -1 -1  0  0 -1  0  0 -2 -3  0 -1 -1  2 -2 -2 -5 -1 -2 0 0 1 1 0.01
 0 -2  0 -1 -1 -1 -1 -2  0 -2 -2 -1 -5 -2  6 -1 -1 -6  0 -2 0 0 1 1 0.01
-1  0 -1  0 -5  0  1 -1  6 -3 -3  0 -4 -2  4  2 -1 -5 -1 -4 0 0 1 1 0.01
-1  1  1  3 -5  1  2  2  0 -5 -5 -1 -4 -5  1 -1 -1 -5 -4 -3 0 0 1 1 0.01
-1 -3 -5 -5 -4 -3 -3 -5 -2  3  1 -3  3 -1  0 -3 -2  7 -3  3 0 0 1 0 0.01
-2 -3 -2 -2 -1 -2 -4 -3 -5 -4 -3 -4 -4 -3  2  4  6  1 -5 -2 0 0 1 0 0.01
 0 -2  1 -2  3 -2 -2  0 -2  1  0 -2  2  1 -2  0  1 -2  2  0 1 0 0 0 0.01
 0  1 -1 -1 -3  0  0 -1  1  1  0 -1  2 -1  0  0  0  2  0  1 1 0 0 0 0.01
 0  2 -1  0  0  0  2 -3  2 -3 -1  0  1  0  0  0  0  1  0 -2 1 0 0 0 0.01
 3 -2 -4 -3  1 -1 -2 -2 -1  1  1 -2  1 -1 -4 -1  0  2 -1  2 1 0 0 0 0.01
 0 -2  3 -1  0  0 -1 -3  0  0  1 -3  1  4 -4 -1 -1  3  0  0 1 0 0 0 0.01
 1  3  0  1 -2  2  1 -2  2 -2 -1  0  3 -2 -4 -1 -2 -4 -2 -2 1 0 0 0 0.01
 2  0 -3 -3  0  0 -2 -2 -1  3  2 -1  0  0 -3 -2  0 -1  0  1 1 0 0 0 0.01
 1 -1 -2 -2  2 -2 -3 -2  0  0  2 -1  2  2 -4 -2 -1  1  2  0 1 0 0 0 0.01
-1  0 -1 -3 -4 -1 -3 -2  3 -2  0 -2  3  4 -5 -2 -2  4  5 -2 1 0 0 0 0.01
 1  2  0  0 -4  0 -1  0  5 -2 -1  0 -1 -1 -2  0 -1 -3  1 -1 0 0 1 1 0.01
-1  2  0  2 -4  0  2  1  1 -3 -2  1  1 -3  2  0  0 -4 -3 -2 0 0 1 1 0.01
-1  2  0  0  0  0  1 -1  0 -3 -3  2 -1 -3  3 -1  2 -5 -4 -3 0 0 1 1 0.01
 0  1 -1  0 -1  0  0  0  1 -1  0  1 -1  1  1 -1  0 -3  0 -1 0 0 1 1 0.01
-2 -3  4  6 -3 -1  2 -3 -1 -5 -3 -2 -5 -4 -1  0 -1 -6 -4 -4 0 0 1 1 0.01
 1  2 -2  1 -4  0  1 -1  0 -1  0  1 -1 -2  3 -1 -1 -4 -1 -1 1 0 0 1 0.01
 2 -2 -1  3 -5  1  4 -2 -1 -4 -4 -1 -2 -4  1  0  0 -3 -4 -3 1 0 0 1 0.01
 2  0 -2  0 -3  1  1  0 -2 -1  2 -1  1 -1 -3 -1 -1 -4 -3 -1 1 0 0 0 0.01
 1 -3 -1 -4 -3 -4 -5 -5 -5  2  4 -3  3  0 -6 -4 -3  0  2 -1 1 0 0 0 0.01
 0  4 -1  0 -5  1  3 -3  1 -4 -2  1 -3 -5  1 -1 -1 -5 -3 -4 1 0 0 1 0.01
 1  4 -2 -1 -5  2  2 -3 -1 -3 -2  2 -3 -5 -2 -2 -1 -2 -1 -3 1 0 0 1 0.01
 2 -6 -6 -7 -2 -3 -6 -6 -3  3  4 -5  4 -2 -6 -4 -4  1 -2  1 1 0 0 0 0.01
 3 -2 -4 -5 -2 -3 -3 -4 -4  0  5 -4  0 -2 -5 -1 -3 -5 -5  1 1 0 0 0 0.01
 3  0  0  2 -3  2  3  0 -1 -5 -4  0 -3 -5 -2  0 -1 -6 -5 -3 1 0 0 1 0.01
 2 -4  0 -4  4 -2 -2 -3 -1  2  2 -3  1 -2 -4 -2 -1 -2 -2  2 1 0 0 0 0.01
 1 -3 -2  2 -6 -1  3 -2 -1 -5 -4 -1 -5 -6  6 -2 -1 -7 -6 -4 1 0 0 1 0.01
 3 -2 -2 -1  1 -1  1  2 -1 -2 -2 -2 -3 -3  0 -1 -1 -4 -1  0 1 0 0 1 0.01
-6 -6 -7 -7 -6 -6 -7 -7 -7  0  7 -7  0 -2 -7 -6 -4 -6 -3 -2 1 0 0 0 0.01
 3 -5 -3 -2 -5 -2 -2  1  0 -5 -4 -3 -2 -6  4  4  0 -6 -5 -1 1 0 0 0 0.01
 2 -2 -1  2 -5  0  3 -2 -1 -3 -4 -1 -3 -4  4  0 -1 -6 -5 -2 1 0 0 1 0.01
 0  2  1  0 -4 -1  2  1 -1 -4 -4  0 -1 -3 -2  3 -1  0 -2 -2 1 0 0 1 0.01
-2 -3 -7 -4 -1 -4 -6 -5  0 -3 -1 -3 -2  0 -6 -3 -5 11  2  0 1 0 0 0 0.01
-1  6 -3 -4 -3  2 -3 -3  2 -4 -4  3 -1 -6 -5 -2 -3 -6 -2 -1 1 0 0 1 0.01
 1  3  1  2 -5  1  3 -1  0 -4 -4  2 -2 -5 -2 -1 -1 -3 -4 -4 1 0 0 1 0.01
 1  1 -2 -1 -4  1  0 -3  0 -1  0  2  0 -3 -2  1  2 -1 -1 -1 1 0 0 1 0.01
 2 -5 -4 -6 -1 -5 -6 -4 -5  2  3 -5  2  5 -6 -4 -3 -4 -2  2 1 0 0 0 0.01
 1  3 -1 -2 -5  3  3 -2  0 -2 -1  1 -2 -4 -4 -2 -1 -2 -3 -1 1 0 0 1 0.01
 0  5  1 -1 -4  1  0 -3 -2 -5 -3  5 -2 -6 -5 -1 -2 -3 -5 -4 1 0 0 1 0.02
-2  8 -5 -5 -6 -1 -4 -6 -2 -4 -1  1  1 -6 -6 -3 -5  2 -2 -6 1 0 0 0 0.02
-2  2 -5 -5 -3 -4 -5 -6 -5  2  5 -2  0 -2 -5 -5 -3 -5 -2  1 1 0 0 0 0.03
 2  0  0  1 -4  1  3 -3 -2 -2  0 -1 -1 -4 -3 -1  0 -4 -4 -2 1 0 0 1 0.05
 1  3  2 -1 -4  1 -1 -1  1 -4 -3  2 -2 -4 -2  2  1 -4 -2 -3 0 0 1 1 0.07
 1  1  1  0 -4  3 -1  5  2 -5 -4 -2 -4 -5 -4 -1 -2 -5 -4 -4 0 0 1 1 0.10
 0  3 -1 -1 -4  2  3 -2 -2 -2 -3  3 -3 -2 -3  0  1 -4 -1 -1 0 0 1 1 0.14
 0 -1 -2 -2  0 -2  0 -2 -2  3  0 -1 -1 -2 -3 -1 -1 -4  0  4 0 0 1 0 0.17
-1 -1 -3  1 -5 -1  6 -3 -3 -2 -5 -1 -1 -5 -1 -3 -1 -5 -5 -3 0 0 1 1 0.15
-1 -2  3  7 -5 -1 -1 -3 -1 -5 -6 -2 -5 -6 -2  1 -2 -6 -5 -5 0 0 1 1 0.20
-2 -2 -2 -1 -5  1 -3 -3 -1 -4 -2 -1  1  1 -1 -2  1 10  0 -4 1 0 0 0 0.21
 1  1  2  0 -3  2  1 -1 -1 -4 -2  0 -3 -2 -3  3  1 -4 -3 -2 1 0 0 1 0.32
 1  4 -2 -3 -4 -1  0 -1  1 -4 -3  2  2  0  2 -1 -3 -4 -1 -4 1 0 0 1 0.43
-5  8 -4 -6 -8 -1 -3 -3 -4 -7 -6 -2 -1 -7 -6 -5 -5 -7 -6 -7 1 0 0 0 0.48
-4 -1 -6 -6 -4 -5 -6 -5 -6  0  6 -5  1 -3 -4 -3 -2 -5 -4  0 1 0 0 0 0.51
 0 -2 -1  0 -3  0  1 -1  0  0  0 -1 -1  3 -2 -1 -1  4  2  0 0 0 1 1 0.45
-2 -1 -4 -5 -6 -5 -5  7 -5 -7 -7 -3 -6 -7 -6 -4 -3 -6 -7 -7 0 0 1 1 0.57
-1  3  0 -1 -5  0  1 -4 -1 -5 -3  2 -4 -5  6 -1 -1 -5 -4 -4 0 0 1 1 0.60
 2  1 -2  0 -3  3  3 -2 -2 -3 -2  2 -2 -4 -1  0  2 -4 -3 -1 0 0 1 1 0.75
 3 -2 -2 -1 -3 -3 -3  5 -3 -4 -4 -1 -3 -4 -3  1  0 -4 -4 -3 0 0 1 1 0.85
 1 -2  0  0 -3  3 -1  3 -1 -4 -3 -1 -2 -3  3  0 -1 -3  0 -3 0 0 1 1 0.90
 3  1  3 -1 -2 -1 -1 -1 -1 -2 -3 -1 -2 -3 -2  2  1 -3 -2 -2 0 0 1 0 0.90
-2  0  0  0 -4  1  3 -2  7 -4 -3  0 -2 -2 -2 -1 -2 -3  1 -3 0 0 1 0 0.90
-2  0  1 -1 -3  0  0 -2  8 -4 -3 -1 -2 -1 -2 -1 -2 -3  2 -3 0 0 1 0 0.94
-2  0  1 -1 -3  0  0 -2  7 -3 -3 -1 -2 -1 -2 -1 -2 -2  2 -3 0 0 1 0 0.93
-2  0  1 -1 -3  0  0 -2  7 -3 -3 -1 -2 -1 -2 -1 -2 -2  2 -3 0 0 1 1 0.96
-2  0  1 -1 -3  0  0 -2  7 -3 -3 -1 -2 -1 -2 -1 -2 -2  2 -3 0 0 1 1 0.97
-2  0  1 -1 -3  0  0 -2  7 -3 -3 -1 -2 -1 -2 -1 -2 -2  2 -3 0 0 1 1 0.97
