-1 -2 -1 -2 -2 -2 -2 -2 -3 -2 -2 -1 -1 -3 -2  1  6 -3 -2 -1 0 0 1 1 0.59
 3 -2  0 -2 -2 -1 -2 -1 -2 -2 -2 -2 -2  0 -2  1  2  5  2 -1 0 0 1 1 0.69
-2 -3 -4 -5 -2 -3 -4 -5 -4  2  4 -3  4 -1 -4 -3 -2 -3 -2  1 0 0 1 1 0.66
-2 -3 -4 -4 -3  0 -3 -5  1  0  5 -3  2 -1 -4 -3 -2 -3 -2  2 0 0 1 0 0.62
-1 -4  0 -3 -4 -3 -3 -4 -4 -4 -4 -3  0 -5  8  1 -2  2 -4 -4 0 0 1 1 0.59
 1  0  4  2 -3  1 -1  0 -2 -4 -4  0 -3 -1 -1  2 -1 -4 -3 -3 0 0 1 1 0.53
-1 -1 -1 -1 -3 -2 -3 -4  1  2  1 -2 -1  2  2 -2  0 -1  4  1 0 0 1 0 0.51
 0  1 -1 -1 -3  0  2 -1 -2 -3 -3  3 -3 -1  0  2  0 -4 -3 -2 0 0 1 1 0.54
-1  1  0  5 -4  0  3 -2 -2 -4 -4 -1 -4 -5  2 -1  0 -5 -4 -4 0 0 1 1 0.65
-1  0  1  4 -3 -1  1  0 -2 -3 -4 -2 -3 -4  3  2 -2  2 -3 -2 0 0 1 1 0.63
 1  2  1  0  0  0  0  1  0 -2 -2  2  0 -2 -1 -1 -1 -3  0 -2 0 0 1 1 0.68
 0 -1 -2  0 -3 -2 -1 -2 -3  0 -1 -1  3 -2  3  1  0  7 -2  0 0 0 1 1 0.74
 0 -3 -1 -3  0 -1 -2 -2 -3  0  2 -2  0  2  3  0  0  1 -1  0 0 0 1 0 0.74
 0  1  0 -2  0  0 -1  0  0 -2 -2 -1  1  2  3  1  2 -3 -2 -2 0 0 1 1 0.74
 0  0 -1 -3 -2 -1 -2 -2  0  0  0 -1 -1  0  3  0  0 -1  0  2 0 0 1 1 0.74
-1  4  1 -1 -3  1  0 -2 -2 -3  0  2 -2  0  0  1 -2 -3 -2 -1 0 0 1 1 0.77
-2  5  0 -1 -4  0 -1 -2  0 -1 -1  0 -2 -2  3  0 -1 -4 -1 -3 0 0 1 1 0.73
 0  1 -2  1 -4  1  4 -1  0 -3 -1  0 -3 -1  2  0 -1 -4 -1 -2 0 0 1 1 0.63
-1 -2 -3 -3 -3 -1  0 -4  2  2  2 -3  0  2 -2 -1 -1 -2  3  1 0 0 1 0 0.56
-1 -1 -1 -2  0  0  0 -1  2 -1 -1  0 -1  2  4  0  1  1  0 -1 0 0 1 1 0.52
-1 -2  0  2 -3  2  0 -1  2 -2  0 -1 -2 -1  2  2 -1 -3  1 -2 0 0 1 1 0.49
-1 -2 -3  0 -4  4 -2 -2 -3 -3 -3 -1 -4 -5  6  0  0 -5 -2 -4 0 0 1 1 0.51
 1  0 -1 -1 -3 -2 -1  2 -2  1 -1 -2 -2  1 -2  2  0  0  0  0 0 0 1 1 0.53
 1 -1  0  0 -1  0  0 -2  4 -1 -2  2 -2 -3  0  2  1 -4 -2 -1 0 0 1 1 0.44
-1  1 -1 -1  0 -1 -1  1 -2 -1  0  0  0 -3  3  2  0 -4 -3 -2 0 0 1 1 0.41
 0  2 -1 -2 -4  1 -2 -2  1 -3 -3  1 -3 -2  5  2 -2 -5 -3 -2 0 0 1 1 0.31
 0  2 -1  1 -3  0  1 -1  1 -3 -1  0  0 -1  1  1 -1  0  1 -1 0 0 1 1 0.25
-2 -1  1  4 -1  1  3  1 -2 -5 -5 -1 -3 -5 -1  2  0 -5 -4 -4 0 0 1 1 0.17
-3  3 -3 -1 -5  4  0  3 -3 -5 -5  3 -2 -5 -4  0  0 -5 -3 -3 0 0 1 0 0.12
-5 -6 -6 -7  1 -6 -6 -7 -5 -1  0 -6 -3  8 -7 -6 -5 -3  4 -2 0 1 0 0 0.12
-2 -5 -3 -5 -5 -4 -4 -5 -5 -2 -5 -4 -3 -6 -5  2  7 -6 -5 -4 0 1 0 0 0.08
 4 -5 -5 -5 -4 -4 -5 -3 -5  3  1 -4  3 -4 -4 -3 -3 -5 -4  3 0 1 0 0 0.05
 0 -1 -5 -6 -4 -5 -5 -6 -5  4  3 -5 -1 -3 -5 -3 -3 -5 -4  5 0 1 0 0 0.04
-3 -6 -6 -6 -2 -5 -6 -6 -6  6  1 -5  6 -2 -6 -5 -1 -5 -4  2 0 1 0 0 0.05
-2 -2  3 -3 -4  2 -3 -4  3 -2  2 -3  4 -3 -1 -1 -1  4 -2  0 0 1 0 0 0.05
 1 -4 -1 -4  0 -4 -4  0 -4 -1 -3 -4 -3 -5 -4  1  6 -5 -3  1 0 1 0 0 0.07
-4  0 -3 -6 -6 -3 -4 -1  3 -3 -4 -5 -4  3 -6 -5 -2  6  8 -1 0 0 1 1 0.08
 0  1  3  3 -3 -1  2 -3 -1 -4 -5  2 -4 -5 -2  2 -1 -5 -4 -4 0 0 1 1 0.06
-2  8 -5 -5 -7  2 -3 -6 -1 -7 -5 -2 -5 -6  0 -2 -5 -7 -2 -4 0 0 1 0 0.06
-2 -2  1  0 -1 -2  0 -2 -2  1  1 -2  0  0  3  0  0 -3  0  0 1 0 0 0 0.05
-1  0  1  4 -5  3  2 -1  1 -5 -4  1 -4 -5  1  1 -2  3 -4 -4 1 0 0 1 0.04
-2 -1  1 -3 -4 -1  0 -4 -3  0  2 -2  1 -2  3  1  0 -1 -3  1 1 0 0 0 0.04
-4 -6 -7 -7 -5 -6 -7 -7 -7  2  6 -6  0 -1 -1 -6 -5 -5 -5  0 1 0 0 0 0.04
-2  2  0 -2  1  1 -1 -3  1  0  1  2  3  2 -1 -2 -2 -3  1  0 1 0 0 1 0.02
-1  3 -1  0 -5  2  1 -1  1 -2 -1  3  1 -4 -2 -1 -1 -2 -4 -2 1 0 0 1 0.02
 0 -2 -3 -4 -3 -2 -4 -3 -2  2  3 -4  0  0 -3  1  1 -1  0  0 1 0 0 0 0.02
-1 -6 -3 -6 -4 -5 -6 -6 -6  4  4 -5  2 -3 -6 -5 -4 -5 -4  3 1 0 0 0 0.02
 1  2  2  0 -1  3  1 -2  1 -2 -3  2 -2 -1 -3  0 -1 -4 -3 -2 1 0 0 1 0.02
 1  2  1 -4 -5 -1 -1 -4  7 -3 -2  0 -3 -3 -4  1  1 -5 -3 -2 1 0 0 1 0.02
-4 -5 -6 -6 -5 -5 -4 -6  1  2  4 -5  0 -1 -6 -5 -4 -3  6  2 1 0 0 0 0.02
 3 -1 -1 -1  1  1 -1 -2  1 -3 -1 -3 -2 -4 -4  3  0 -2  0 -1 0 0 1 0 0.02
 1  2  1 -1 -4  1 -1  1 -3 -4 -3  3 -3 -5 -3  2  0  0 -4 -3 0 0 1 1 0.02
-1 -4 -2 -5  6 -2 -4 -4  0  1  1 -4 -1 -2 -3  3 -1  1 -3  2 0 0 1 0 0.03
-1 -2 -1  1 -3  2 -1 -2 -4 -6 -4  2 -5 -6  6  0 -2 -6 -5 -5 0 0 1 1 0.03
-2  0 -1 -2 -1 -2 -2  0  4 -2 -2 -3 -2  1 -3  3 -2 -3  5 -1 0 0 1 1 0.04
-2 -5 -6 -6  5 -5 -6 -6 -6  2  4 -5  1 -3 -6 -5 -2 -5 -4  4 0 1 0 0 0.05
 2  2  2  2 -4  0  1 -2  4 -4 -3  0 -3 -4 -4  1 -2 -5 -2 -2 0 1 0 0 0.08
 0  1 -3 -1 -3  3  3 -3  0 -6 -5  4 -2 -6 -4  1 -2 -6 -5 -5 0 1 0 0 0.07
-1 -7 -7 -7 -5 -6 -7 -7 -7  7 -2 -6  0 -1 -7 -6 -4 -7 -5  4 0 1 0 0 0.10
-4  0 -5 -5 -4 -1 -5 -6  2  4  3 -4  0  0 -5 -2 -2  1 -1  4 0 1 0 0 0.17
-1 -7 -7 -7 -5 -6 -7 -7 -7  5  0 -6 -3 -4 -6 -6 -4 -7 -5  6 0 1 0 0 0.19
-2 -5 -5 -3 -4 -3 -5 -6 -1  2  2 -2  0 -3 -5 -3 -3 -5 -1  6 0 1 0 0 0.20
-7 -7 -7 -7 -7 -6 -7 -7 -7 -7 -6 -7 -6 -4 -7 -7 -7 13 -3 -7 0 1 0 0 0.15
-1 -2  7 -2  1 -1 -2  0  0 -5 -4 -3 -5 -5 -3  2 -2 -6 -5 -3 0 0 1 0 0.17
-2 -2  5  2  5 -3  2 -2  1 -5 -5  0 -5 -4 -2  1 -2 -6 -4 -4 0 0 1 0 0.18
-1 -1  0  2 -4  2  1  0  0 -1 -1  0  0 -2  4 -1  0 -4 -2  0 0 0 1 1 0.19
-1  2  2  1 -4  1  1  1  1 -2 -3  2  0 -4 -2  1 -1 -4 -1 -3 0 0 1 1 0.16
-1 -1  1 -1 -4 -1  1 -2  0 -1 -2  1 -1 -1  5 -1  0 -4 -2 -1 0 0 1 1 0.25
 0 -2 -2  1 -5 -1 -1 -2 -2 -2 -1  1 -3 -5  6  0 -2 -5 -2 -2 0 0 1 1 0.28
 0 -1 -1 -1 -1 -4 -2 -2 -3  0 -1 -2 -1 -3  6 -1  0 -5 -5  0 0 0 1 1 0.25
-1  0 -1 -1 -5  0  0 -3 -1 -3 -2 -2 -4 -5  6  0  0 -5 -2 -2 0 0 1 0 0.30
 1  1  1  2 -3  0  2  0  1 -2 -2  1 -1 -2  1  1  0 -4 -3 -1 1 0 0 1 0.32
-1 -1  0  0 -3  0  1 -1  1 -1  1  0  0  0  0  1  0  1 -2 -1 1 0 0 1 0.31
-2  2  0 -1  0  1  1 -3  0 -1  1  0  1  1 -2  0 -1 -3  0 -1 1 0 0 1 0.28
-1 -3 -2 -2 -1 -2 -1 -2  0 -1  0  0 -4  1 -3 -2 -4 10  0 -1 1 0 0 0 0.20
-1 -1  1  0 -4 -1 -1 -2 -1 -3 -1 -1 -2 -1  5  1  0  1 -1 -4 1 0 0 1 0.14
-1  0  1  0 -3  0  1 -1  1 -3 -1  1 -2  0  1  2  0 -3  0 -2 1 0 0 1 0.10
-1 -1 -1  0 -1 -1 -1 -2 -1  2  2 -1  0  2 -3 -1  1  0  1  0 0 0 1 1 0.09
 0 -1  1  0  1 -1  0  2  2 -2 -2  1 -2 -1  0  1  0 -3 -1 -2 0 0 1 1 0.08
 0  1  1  1 -1  0  0 -1  2 -2 -1  1 -2 -1  2  1  0 -3  0 -2 0 0 1 1 0.07
-1  1  0 -1  0 -1 -1  0  5  0 -2  0  0  0 -1  1  1 -2  1 -2 0 0 1 0 0.05
 1  0  0  0 -2 -1  0  1  0 -1 -2  0 -1 -2  4  1 -1 -3 -1 -1 0 0 1 1 0.04
 0 -2 -4 -3 -1 -3 -2 -3 -4  2  0  1 -2 -3  1 -2 -2  0 -4  5 0 0 1 0 0.03
-3 -1 -1 -2 -6 -3  1 -3  2 -5 -3  1 -1 -6  7 -1 -1 -6 -2 -2 0 0 1 1 0.02
-2 -6 -6 -6 -1 -5 -4 -6 -2  4  2 -5 -1 -1 -6 -5 -2 -1 -4  5 0 1 0 0 0.02
-2  4 -2 -3 -4 -1  0 -5  2  2 -2  2 -1 -1 -4 -1  1 -1  0  1 0 1 0 1 0.02
-3 -3 -2 -1 -1 -2 -4 -5 -1  3  0 -4 -1  3 -2 -2 -1 -3  2  4 0 1 0 0 0.02
-1  1 -2  1 -3  0  0 -2  0  3  0  1  0 -1 -1 -1 -1 -4 -2  1 0 1 0 0 0.03
-1  3 -1  2 -4  2  1 -3  1  0 -2  0  0 -2  2 -1 -1  0 -2  0 0 1 0 1 0.03
 0 -2  2 -1 -1  2  2  1  2 -4 -3 -1  1 -2 -1  0  1 -4 -1 -2 0 0 1 0 0.04
 0  0  1  1 -4  1  2 -1 -3 -3 -3  1 -3 -1  2  0  1 -4 -3 -1 0 0 1 1 0.05
-1  3  1  0 -3  0  1 -2  2 -2 -2  1 -1 -2 -1  1  0 -4 -2  0 0 0 1 1 0.06
-1  1  3  1 -3  1  0  0  1 -1 -2  1  0 -2  0  0 -1 -3  1 -3 0 0 1 1 0.06
 0  0  1  0 -3  1  0  0  2 -1 -1  0  1  1 -2  0  0 -2  1  0 0 0 1 1 0.06
-2 -3 -4 -4 -3 -3 -4 -2  0  2  4 -2  4  1 -1 -3 -3 -3 -2  1 1 0 0 0 0.06
-1  1  5 -2 -3  0 -1  0  0 -2 -1 -2 -1 -4 -3  4  0 -4 -3 -2 1 0 0 0 0.05
-1 -1  6  1 -4  1  1 -1  0 -4 -3 -2  0 -4 -3  1 -2 -4 -2 -2 1 0 0 0 0.05
-1  7 -3 -4 -5 -2 -3 -4 -3 -4 -4  1  0 -5 -4 -3 -3 -5 -4  0 1 0 0 0 0.04
-4 -5 -5 -5 -4 -4 -5 -5  0 -2  1 -5  1  7 -5 -2 -4  3  3 -1 1 0 0 0 0.04
-2  2  1 -2 -3  2 -1 -3  2  0  2  1  0  1 -3 -2 -2  2  1 -1 0 0 1 1 0.03
 0 -4 -2 -4 -5 -2 -3 -4 -1 -1  0 -3 -1  1  7 -3 -2 -5 -1  0 0 0 1 1 0.02
-2 -1 -1  2  2 -2 -3 -2  3  0 -1 -2  1  4  0 -1 -2  2  4 -2 0 0 1 0 0.02
-1  0  0  1 -4  0  1  0  1 -3 -2 -1 -1 -3  4  2 -1 -1 -3 -1 0 0 1 1 0.01
 1 -1  0  2 -3  2  3  0 -1 -2 -1  0 -1 -2 -2  0  0 -4 -3 -2 0 0 1 0 0.01
-2 -5 -5 -5 -1 -2 -5 -5 -5  6  2 -4  1  0 -1 -2 -2 -4  1  1 0 0 1 0 0.01
-1  2 -2 -1 -4  1  3 -1 -2 -3 -3  3 -2 -4  1  1  0 -4 -3 -2 0 0 1 1 0.01
-2 -4  0 -1 -4 -4 -4 -5  0 -4 -5 -4 -2 -5 -2  0  7 -6 -3 -4 0 0 1 0 0.01
-2  1 -1  5 -5  3  3 -3 -2 -3 -1  0 -4 -5  0 -1 -2 -5 -4 -4 0 0 1 1 0.01
 5 -1 -4 -4  2 -3 -3  2 -1 -4 -4 -3 -3 -2 -4 -1  0  1 -1 -2 0 1 0 0 0.01
-3 -5 -5 -6  1 -3 -5 -6 -5  5 -1 -5  1 -3 -5 -4 -3 -5 -1  5 0 1 0 0 0.01
-2 -4 -5 -5  0 -4 -5 -5 -4  0  4 -4  3  4 -5 -1 -1  2  0  0 0 1 0 0 0.01
 1 -3  1 -3  1 -1 -1 -3  0  0  0 -2  1  1 -3  4  0 -3  0  0 0 1 0 0 0.01
-1 -3 -3 -4  1  0 -3 -4 -3  2  3 -3  3  1 -4  1 -1 -3  0  1 0 1 0 0 0.01
-4 -4 -1  8 -5 -3  0 -2 -4 -5 -6 -3 -5 -6 -4 -1 -1 -1 -5 -5 0 0 1 1 0.01
-1 -3  0  7 -5 -1  2 -3 -3 -1 -2 -3 -4 -5 -2 -2 -3 -5 -4 -4 0 0 1 0 0.01
-4 -1  0  8 -6 -1 -2 -4  2 -5 -6 -2 -5 -6 -4 -2 -4 -6 -5 -2 0 0 1 0 0.02
-1 -2 -3 -4  0 -2 -3 -2 -4  3  1 -3  1 -1 -2  0  2  1 -3  3 0 1 0 0 0.02
-1  0  0  0  0 -1 -1 -3  1  1  1 -1  3  1  0  0  0 -2  1  1 0 1 0 0 0.02
-2 -2 -4 -5 -3 -3 -4 -5 -1  2  3 -4  3  1 -1 -4 -2 -3  3  3 0 1 0 0 0.02
-1  1  1  1 -3 -2 -1 -2  1 -1 -2 -1 -1 -4  3  3  1  1 -2 -3 0 0 1 0 0.03
 0 -1 -3 -3  5  0 -2 -2  2 -2 -2 -2 -2 -2  3  1  2 -4 -2  0 1 0 0 0 0.03
 0  0  0  4 -4  1  2 -1  0 -3 -3  0  1 -4  0  1  0 -4 -1 -2 1 0 0 1 0.03
 1 -3 -1  3 -4  1  4 -1  0 -4 -4 -2  1 -4 -3  0  0 -5 -4 -2 1 0 0 0 0.03
-2 -4 -5 -5 -3 -4 -4 -5 -4  4  4 -4  2  0 -4 -4 -3 -4 -3  3 1 0 0 0 0.04
-2  1  0  3 -4  0  4 -2 -2 -1 -1  0 -1 -2 -3 -1 -1 -4 -2  0 1 0 0 1 0.04
 0  0 -1 -3  2 -1 -2 -2  2 -2 -1 -2  1  5 -4  0 -1  3  2 -2 1 0 0 0 0.05
 3 -3  0 -3 -3 -3 -3  2 -3  0  0 -1  1  1 -3 -1 -1 -3 -3  0 1 0 0 0 0.08
-1 -4 -4 -4 -4 -4 -4 -4  1  0  0 -4  0  7 -4 -1 -3  2  3  0 1 0 0 0 0.06
 0  1  1  0 -3  2  2 -1  2 -1 -1  0  0 -3 -3  0  0  3 -2 -1 1 0 0 0 0.11
 0  0 -3 -3 -3  0  0 -3 -3  1  0 -2  2  0 -3 -1  1 -3  1  4 1 0 0 0 0.12
-2 -3 -5 -6 -5 -4 -5 -5  0 -5 -4 -5 -4  2 -5 -5 -3 12  1 -2 1 0 0 0 0.07
 0  4  1 -2 -1  4  0 -2  0 -3 -1  2 -1 -4 -3 -1 -2 -4 -3 -3 0 0 1 1 0.06
 1  2  0  0 -3  2  2 -2  1 -3 -1  1 -1 -2 -2  1 -1 -3 -2 -2 0 0 1 1 0.09
 0 -2  2  0 -3  0 -1 -3  4 -2 -1 -1 -2  5 -3  0 -2 -2  1 -2 0 0 1 0 0.10
-2  2 -1 -3 -4  0 -2 -1 -3 -4 -3 -1 -4 -1  7  0 -1  0 -3 -4 0 0 1 1 0.09
-1  0  2  4 -4  0  2 -1  3 -4 -4  0 -3 -1 -3  0 -1  1  2 -3 0 0 1 0 0.09
-1  6 -1 -2 -4  2  0 -3  1 -3 -1  1 -2 -4 -3 -1 -1 -4 -3 -2 0 0 1 0 0.10
-2 -3 -4 -4  1  0 -3 -4 -4  4  3 -3  5 -2 -4 -3 -2 -3 -3  1 0 1 0 0 0.08
-1 -3 -3 -4 -2 -3 -3 -4  0  2 -1 -3  0 -1 -3 -2  1 -4 -1  5 0 1 0 0 0.08
 2 -2 -1 -2 -2 -2 -2  5 -2 -3 -3 -2 -2 -3 -2 -1 -2 -2 -3 -2 0 1 0 0 0.09
 0 -1 -1 -2 -2 -1 -1  0  1 -1  0  0 -1  3  1 -1  2 -1  3  0 0 0 1 0 0.06
-2 -1  1 -2  0 -1 -2 -3 -2  0  0 -3  0  3  4 -2 -2 -2  3  0 0 0 1 0 0.05
 2 -4 -1 -3 -4 -3 -1  1 -4 -3 -4 -3 -1 -4  5  0  1 -5 -4  1 0 1 0 0 0.04
-2  7 -4 -4  0 -1 -2 -2 -3 -5 -3  0 -4 -5 -5 -1 -4  2 -4 -5 0 1 0 1 0.04
 1  0  1  0  3  0 -1 -1 -1 -1  0  0  1 -1 -3  3  0 -3  0 -1 0 1 0 0 0.03
-1 -3 -1 -1  1 -1 -1 -4  8  0 -2 -3 -3 -1 -4 -2 -2 -4  1  1 0 1 0 0 0.03
 0 -1 -2  0 -3 -1 -1 -3 -1  0  0  0  0  3  0  0  0  4  1  1 0 1 0 0 0.04
-2  0  1  2  0 -2 -1 -2 -3 -2 -1 -2 -2 -3  0  0 -2  9  0 -1 0 1 0 1 0.04
-1 -1  2  4  2  0  0  0 -1 -3 -2  0 -3 -2  0  0  1 -4 -2 -3 0 1 0 1 0.04
 0 -1  1  1 -3  0  2  1 -1 -2 -2  1 -2 -3  2  1  0  0 -1 -2 0 1 0 1 0.04
 0  1  1  1 -3  0  0  0  0 -3 -3  1 -2 -2  2  1  2 -4 -3 -1 0 0 1 1 0.04
 0 -1  2 -1 -1  0 -1  3 -1 -3 -2  1 -2 -2 -1  0  1  0 -3 -3 0 0 1 1 0.04
-1  1  0  1 -1  1  0  0  0  0  0  0  1 -2  1  0  0 -2 -1  0 0 1 0 1 0.04
-2 -3  0 -2 -4 -3 -1 -1  2 -4 -2 -1  0  0 -1 -2 -3  9  6 -4 0 1 0 0 0.04
 0  2  0 -1 -3  0  0  1  0 -1 -2  2  0 -2 -2  2 -1 -3 -1 -1 0 1 0 1 0.04
-3 -2  2 -2 -4 -2 -3 -2  1 -3 -2 -1 -1  1 -2 -1 -2  1  8 -3 0 1 0 0 0.04
-1  0  2  1  0 -1  1  2  0 -1 -1 -1 -1 -3 -2  0  1  0 -1 -1 0 1 0 0 0.04
-1  0 -1  0 -2 -1  1  1  1 -1 -1  1 -2  2 -1  2 -1 -2  1 -2 0 0 1 0 0.04
-1 -1 -1  0  2 -1  0 -1  1 -1  0 -1  0  3 -2  0 -1  5  3 -1 0 0 1 1 0.03
 0  0 -1  0  0  1  3 -1 -1 -3 -2  0 -1 -1 -2  2 -1  3  1 -1 0 0 1 1 0.05
-1  2 -2 -2  1 -1 -2 -1  0 -1  1  0 -1  1  1  0 -1  3  2  0 0 0 1 1 0.04
-2  1  0 -2  1  3 -1 -1 -2 -1 -1  0 -2  0 -1  1 -1  6 -2 -1 0 0 1 1 0.04
 0  0  0  0 -2  0  0  0  1 -1  0  0  0  0  0 -1  0  4  1  0 0 0 1 0 0.04
-1  0  0 -2  1  0 -1  0  1 -1 -2  0 -2  1  3 -1  0  2  3 -1 0 0 1 1 0.04
-1  0  2  0 -3  2  1  2  0 -2 -2 -1 -1 -2  0  0  0  1  0 -1 0 0 1 0 0.04
 1  0  1  0 -2 -1 -1 -1 -2 -1 -1  0 -1 -1  1  2  1 -3 -2  0 0 0 1 1 0.05
 0 -1  1  0  1  0  2  2 -2 -1 -1  0 -1  1  0 -1  0  2 -1 -1 0 0 1 1 0.05
-2  0  0  0 -1 -1 -2  0  2 -1  0 -1 -1 -2  0  0  0  7  1  0 0 0 1 1 0.05
 0 -1  1 -2 -3  0  0  2  1 -3 -1  0  0 -3  0  1  2 -3 -3 -2 0 0 1 0 0.05
-1 -1  4  3  4 -1 -1  0  1 -3 -3 -1 -2  1 -2  0 -1 -3  0 -3 0 0 1 0 0.05
-1  1  1  0  2  2  2 -2  2 -3 -2  0  0 -1 -3 -1  1 -3  0 -1 0 0 1 0 0.05
-2 -5 -3 -5  1 -4 -5 -5  3 -2  0 -5  0  4 -5 -2 -1 -2  8 -2 0 1 0 0 0.04
 0 -4  3 -2 -4 -4 -4 -4 -4 -5 -5 -4 -4  2  1  6 -1 -5 -4 -2 0 0 1 0 0.04
 0  0 -2 -3 -2  0 -2 -3 -2  1  1 -1  4  0  0  0  0  3 -1  1 0 1 0 0 0.07
 1 -2 -3 -3 -2 -2 -2 -3 -3  2  1  0  2 -2 -3 -1  1  4 -2  2 0 1 0 0 0.07
-2  0 -3 -3 -2 -2 -3 -1 -3  1  4 -2  1  1 -3  0  0 -2 -2  0 0 0 1 0 0.06
 0 -2 -1 -2 -2 -2 -2  1  2 -1  0 -2  0  0  0  1  4 -3 -2  0 0 0 1 0 0.04
-1  0  1  0 -3  0 -1  3  4 -2 -3  1 -1 -3 -2  1  0 -3 -2 -3 0 0 1 0 0.03
 3 -2 -2 -2  0 -2 -2  1 -2 -1 -1 -2 -1  1  0  1  0 -3 -1 -1 0 1 0 0 0.03
 3 -2 -2 -2  1 -2 -1  0 -2 -1  0 -2  2 -1 -2  2  0 -3  0  0 0 1 0 0 0.02
-3 -3 -3 -3 -3 -3  0 -4 -3  1  1 -3  1  7 -3 -3 -3  2  1  0 0 1 0 0 0.02
-1 -1 -2 -3 -2 -1 -2 -3  0  1  2 -2  1  3 -3 -1  0 -1  4  1 0 1 0 0 0.02
-1  0  1  1 -3 -1 -1 -1  8 -3 -3  0 -3 -3 -3  1 -2 -3 -1 -2 0 1 0 0 0.01
-1  5 -1 -3 -2  0 -2 -2 -1 -1 -3  4  0 -4 -2  0  0 -4 -3 -1 0 0 1 0 0.01
 1  1 -1  1 -4 -1  0 -2  0 -3 -3  1 -2 -1 -4  0 -3 -2  6 -2 1 0 0 1 0.01
-5 -5 -3 -6 -5 -5 -5 -6  0 -1  0 -5  1  4 -6 -5 -1  4  8 -2 1 0 0 0 0.01
-1 -3  1 -3  0 -2 -1 -2  3  0  3 -1  1  0 -1  0 -1 -3  1 -1 1 0 0 0 0.01
-2  2 -1  1 -4  0  2 -4  2 -2  0  0 -1  0 -2 -1  0  1  4 -2 1 0 0 1 0.01
-1 -1 -3 -1 -4 -1 -2 -4  1  0  3 -2  2  0 -4 -1 -1  3  5 -1 1 0 0 1 0.01
-5 -5 -5 -6 -5 -5 -5 -3  0 -1 -3 -5 -4  5 -6 -3 -1  6  8 -3 1 0 0 0 0.01
-1 -2 -1 -1 -4  1 -1 -3  3 -3 -2 -3  0  0 -3  3  4  2  1 -1 1 0 0 1 0.01
 0  0  0  0  2  1  0 -1  2 -2 -1  0  1 -2  0  0  0  4  1 -1 0 0 1 1 0.01
 0 -1 -1 -1  1  1  0 -4  1 -2  1 -1  5  0 -1 -1 -1  4  2 -1 0 0 1 0 0.01
-1 -5 -1  0 -6 -3 -4 -3 -5 -5 -2 -3  2 -1  7 -2 -3  0  0 -1 0 0 1 1 0.02
 2  0 -1 -2 -3  2  1  1  0 -3 -3  1 -2 -3  1  1  0 -4 -2  0 1 0 0 1 0.02
 2 -1 -1  0  1  0  1 -2 -1 -2 -1  1 -3 -3  1  2 -1 -4 -3 -1 1 0 0 1 0.02
 0 -5 -5 -5 -1 -4 -3 -1 -5  4  3 -4  3 -1 -1 -3 -2 -4 -2  2 1 0 0 0 0.03
-4  6 -1 -5 -6  1 -3 -6  4 -2 -1  2  0 -5 -5 -2 -3 -1 -1 -3 1 0 0 0 0.03
 2  0  1  3 -4  0  2 -2 -1 -3 -2  1 -2 -4 -3  0  1 -5 -4 -2 1 0 0 1 0.04
-1 -1 -3 -4  1 -2 -1 -2  1  0  2 -1  1  2 -1 -3 -1  3  4  0 1 0 0 0 0.05
 1 -4 -4 -4 -3 -3 -4 -4 -4  3  1 -3 -1 -3 -4  0  1 -4 -3  5 1 0 0 0 0.07
-1 -2  1  6 -4 -1  0 -2 -1 -4 -2 -2 -3 -4 -3  0 -1 -5 -4 -2 1 0 0 1 0.12
-1  2  0  1 -4  2  4 -2 -1 -3 -3  1 -1 -4 -2  0  0 -4 -3 -2 1 0 0 1 0.13
 0 -1  1 -2 -2 -1 -1 -1  4  0  0  0  0  0 -2  0  1 -2  1 -1 1 0 0 0 0.14
-1  1  0  0 -2  1 -1 -1 -1 -1 -1  1  3  2  3  0 -1 -2 -1 -2 0 0 1 0 0.15
-2 -2  7  0 -4 -1 -1 -2  1 -2 -2 -2 -3 -4 -1 -1  2 -4 -3 -3 0 0 1 0 0.17
-3 -5 -4 -5 11 -4 -5 -1 -5 -4 -4 -5 -4 -4 -1 -3 -3 -4 -4 -3 0 0 1 0 0.17
-2 -2 -1  2 -4 -1  6 -1 -2 -3 -2 -1 -3 -1 -3 -2 -2  0 -1 -1 1 0 0 0 0.18
-3 -3 -1  7 -5 -2  0 -1 -1 -4 -5 -3 -4 -5 -3 -1 -1 -5 -4 -4 1 0 0 0 0.18
-3 -4 -4 -4 -3 -4 -4 -5 -4  6  2 -4  2  0 -4 -4 -2 -4 -3  2 1 0 0 0 0.18
 3 -3 -3 -3 -2 -2 -3 -1 -3  0  3 -2  0  0 -3  0  0 -3 -2  0 1 0 0 0 0.11
-3 -3 -4 -4 -3 -3 -4 -4 -3  0  3 -3  8  2 -4 -3 -3 -3 -2  0 1 0 0 0 0.09
-2 -3  7 -1 -4 -1 -2 -3  1 -5 -5 -2 -4 -4 -4  1 -1 -5 -1 -4 1 0 0 0 0.08
-2 -4 -4 -5  0 -4 -4 -4 -1 -1  0 -4  0  7 -4 -3 -1  2  4 -2 1 0 0 0 0.07
-1 -3 -4 -4 -2 -2 -3 -4 -3  1  4 -3  3  2 -4 -3 -1  0 -1  2 1 0 0 0 0.06
 1 -3 -2 -4 -2 -3 -3 -3 -1  3  0 -3  0 -1 -3 -1  0 -3  0  5 1 0 0 0 0.05
 4 -3 -1 -3 -2 -2 -2  0 -3 -2 -3 -2 -3 -3 -2  4  1 -4  0 -2 1 0 0 0 0.04
 0 -1  4  1 -3  0  0 -2  5 -3 -2  0  0 -1 -3  1 -1 -3 -1 -3 1 0 0 1 0.03
 1 -1 -2 -3 -2 -1 -1 -2  1  1  1 -2  1  1 -3 -1  0 -1  0  2 1 0 0 1 0.03
 0 -3  0 -2 -3 -2 -3 -3 -2  0 -2 -2 -2  0 -3  2  5 -4 -1 -2 1 0 0 0 0.03
-1  2  1  0 -1  0  0  4  1 -3 -3  2 -3 -4 -1  0 -2 -4 -3 -3 0 0 1 1 0.03
 0  1  0 -2 -3  1  0  1  1 -1 -1  2  0 -3  0  0  0 -3 -2 -1 0 0 1 1 0.04
 0  1 -2  0  2  0  0  1 -3 -4 -4  0 -3 -4  5  0  0 -4 -4 -3 0 0 1 0 0.04
 0  1 -1 -3 -3 -2 -2 -3  0 -2 -2 -2 -3 -4  6  1  1 -4  0 -1 0 0 1 0 0.03
-1 -1 -2 -3  1 -2 -2  1 -3  2  1 -2  1 -1  0 -2  0  2 -2  3 0 1 0 0 0.03
-1 -2 -3 -3  0 -1  0 -3 -1  2  2  1  0  0 -3 -2  0  4  0  2 0 1 0 0 0.03
-1 -1 -3 -3 -3 -2 -1 -2 -2  1  0  1  0  3 -1 -1 -1  2  3  2 0 1 0 0 0.04
 0  0  0  0 -2  1  0  0 -2  0  0  0  1  0  1  0  0 -3 -2  0 0 1 0 0 0.04
 0  0 -1  0  0  1 -1  2  0 -3 -1  2 -2 -1  1  1  0 -3 -1 -2 0 0 1 1 0.06
-1  2 -1 -1 -4  0 -1 -1  2 -2 -3  1 -3 -4  5  0 -1  0 -1 -2 0 0 1 0 0.06
 0  1 -2 -1 -3  0  0  0  0  1 -1  1  1 -1 -3  0  1 -3  0  1 0 0 1 1 0.06
-1  0  0  1  0  2 -1 -1  1 -2 -2  2  0  0 -1  1 -1  5  0 -1 0 0 1 1 0.08
 0  1 -2  0 -3 -1  0 -2  2  0  0  0  1  1 -2 -2 -1  2  3  1 0 1 0 1 0.09
-2  1 -2 -1 -3  0 -1 -1  1  2 -1  1  0  2 -1 -2  0  4  1  1 0 1 0 1 0.13
-1 -2  3  2 -1  2  1  0  2 -1 -2  1 -2 -4 -2 -1  0  2  0 -2 0 1 0 1 0.16
-1 -1 -2 -1  3  0 -1 -2  0  0  1  0  0  1  0  0  1  3  1 -1 0 0 1 0 0.27
 0  0  0  1 -3 -1  2 -1 -2 -2 -2  1  1 -2  2  1  0  1 -2 -2 0 0 1 0 0.27
 1  1 -1 -1  0  1  2 -1  0 -1 -2  2  1 -4  2  0  0 -1 -3 -1 0 0 1 1 0.26
 0  0 -1 -1  5  0  0  0  0 -1  0  0 -2  1  1  0 -1  0  0 -1 0 0 1 1 0.31
-1 -2  0 -1  1  1 -1 -2  2 -1 -1  0  0 -1  3  1  2 -4 -2  0 0 0 1 0 0.32
-1 -1  2 -1 -1  0  0  2  0 -2 -1 -1 -1 -2  0  1  1 -3  0 -2 0 0 1 1 0.38
 1  0  0  0  4  0 -1  3 -2 -2 -2  0  0 -4 -2  0 -1 -4 -2  0 0 0 1 1 0.33
 0  0 -2 -1 -3 -1 -1 -1  1  0 -1  0  0 -1  2  1  0 -3  1  1 0 0 1 1 0.47
 1 -1 -2  0 -1  0  1  0  0 -1 -2 -1  1 -2  0  3  0 -2 -3  1 0 0 1 1 0.47
 0 -3  0 -2 -5 -2 -4  5 -1 -1 -4 -3  0 -2 -2  3 -2 -5 -5 -2 0 0 1 0 0.39
-3  1 -3 -3 -4 -2 -4 -5 -4  4  3 -1  3 -2  2  0 -2 -5 -4 -1 1 0 0 1 0.33
-2  0 -4 -3 -5 -4 -3 -1  0 -5 -5 -2 -5 -2 -5  5 -2  9  0 -3 1 0 0 1 0.38
 1  2  2  0 -3 -1  0 -1  3 -3 -1  0 -1 -1  0  1 -1  1 -2 -1 1 0 0 1 0.48
-2  3  0  4 -5  0 -1  1  1 -3 -1  1 -2 -4 -2 -2  1 -5 -4 -2 0 0 1 0 0.37
 1 -2  0  0 -4  1 -1  0 -1 -3 -2  0 -4 -5  5  1  0 -5 -4 -1 0 0 1 1 0.47
 0 -1  0  2 -4  1  2  2 -1 -2 -3  0 -3 -4 -1  0  1  1 -4 -3 0 0 1 1 0.46
-5 -1 -2 -3 -1  1 -3 -4 10 -6 -3 -4 -5 -5  0 -3 -5 -6  0 -6 1 0 0 0 0.38
-1  1 -2 -3 -4  2 -4 -2 -1 -1  0 -2  4  5 -2 -1 -3  1  3 -2 1 0 0 1 0.35
 1 -1 -1  1 -1  0  2 -2  0 -1  0  1 -2 -3  2  0 -1  0 -3  0 1 0 0 1 0.20
 1  0 -1 -1 -5  5  2 -4  0 -1 -2  2 -3 -5  2 -2 -1 -5 -4 -1 1 0 0 0 0.14
 0  8 -5 -1  0 -2 -5 -6 -2 -7 -7 -2 -6 -7 -6 -3 -4 -7 -6 -5 1 0 0 0 0.09
-2  0  0  0 -5  4 -2  0  4 -5 -4 -2 -4 -6 -1  4  1 -1 -4 -2 1 0 0 0 0.09
-1  1  1  4 -5  0  2 -2  1 -3 -2  2 -2 -3 -4  0  0 -1  0 -4 1 0 0 1 0.09
-6 -8 -8 -8 12 -8 -9 -4 -8 -7 -7 -8 -7 -7 -8 -6 -6 -7 -1 -6 1 0 0 0 0.08
-3 -6 -6 -6  0 -5 -6 -6 -6  5  4 -6  3 -1 -6 -5 -4 -5 -4  2 1 0 0 0 0.09
 0  0  6  1 -4  0  0 -1  1 -4 -2  0  0 -4 -3  0  0 -4 -3 -3 1 0 0 1 0.16
-1  3  0  1 -3  2  1 -2  1 -2 -1  2  0  0 -2 -1 -1  1  0 -2 1 0 0 1 0.17
-4 -4 -4 -5 -4 -4 -4 -5 -3  1  2 -4  3  7 -5 -4 -3 -2  2  0 1 0 0 0 0.17
 2 -1 -1 -1 -2  0 -1 -2  2 -1 -2 -1 -2 -1 -1  2  2 -3  0  1 1 0 0 0 0.17
 1  2  0  1 -3  2  1 -1  0 -1 -3  2 -1 -4 -2  1  0 -4 -3 -3 1 0 0 1 0.18
-1 -3 -2 -2 -3 -2  0 -1  2  3  0 -3  3  0 -4 -1 -1  5  0  2 1 0 0 1 0.18
-3 -5 -5 -6 -1 -5 -5 -6 -3 -2  0 -5  1  7 -3 -5 -5  3  6 -2 0 0 1 0 0.18
-2 -2 -1  0 -5  0 -2  6 -4 -6 -6  0 -5 -6 -4 -1 -4 -5 -5 -5 0 0 1 1 0.19
-2  2 -1 -3  2 -2 -3  2  5 -3 -3 -1 -2  0 -3 -1  0 -3  5 -3 0 0 1 1 0.18
-2 -4  2 -3 -2 -4 -5 -5  2 -1  1 -3  8 -1 -5 -2  0 -5  0 -1 0 0 1 0 0.18
-1 -6 -5 -5 -6 -5 -2 -6 -6 -6 -7 -5 -6 -7  8 -1  0 -7 -7 -6 0 0 1 0 0.18
-4 -5 -6 -6 -4 -2 -5 -2 -5 -2  6 -5 -1  0 -5 -2 -4 -4 -1 -1 0 0 1 0 0.22
-1  3 -3 -4 -2 -1 -1 -4 -1  2  1  2  0 -3 -4 -2 -2 -5 -3  3 0 0 1 1 0.24
-2  1  1 -2 -4 -1  0 -3  2 -4 -3  1 -2  2 -2  2  0  2  4 -3 0 0 1 1 0.28
-2 -1 -3 -3 -4 -3 -1 -4  0 -2 -3 -3 -4 -4 -4  5  3  5 -4  0 0 1 0 0 0.33
-2  1  2  0 -2  4  2 -1  1 -4 -4 -1 -3 -4 -3  1  1  0  1 -3 0 0 1 0 0.37
-1 -1 -4 -4  0 -3 -3 -2  0  0  2 -3  2  4 -4 -1 -1 -2  3  1 0 1 0 0 0.38
-3  6  0 -1 -5 -1 -1 -3 -3 -4 -1  2  4 -3 -4 -1 -3 -5 -4 -4 0 1 0 0 0.42
 2 -2 -3 -4 -2 -3 -3 -2 -2  2  2 -3  1 -1 -3  0  0  1 -1  2 0 1 0 0 0.44
-1  2  0  6 -3 -2  1 -2 -3 -5 -5 -2 -4 -5 -4  1 -1 -5 -2 -2 0 1 0 0 0.46
-3  0  0 -3 -5  4 -2 -4  3 -5 -5  1 -4 -5  6  1 -3 -5 -4 -5 0 1 0 0 0.50
-2 -4 -3  2 -3 -3 -3 -4 -3  1  1 -4  1  3 -4 -2 -2 -3  1  4 0 0 1 0 0.46
-2 -4 -3 -4 -3  0 -4  4 -4 -2  4 -3 -1 -2 -4  0 -3 -4 -3 -2 0 0 1 0 0.51
-4 -5 -2 -5 -5 -5 -5 -5 -3 -3 -2 -5 -3  7  0 -4 -4  7  5 -3 0 0 1 0 0.50
-2  0 -2  1 -5 -1 -1 -3 -3 -5 -4  5 -4 -5  6 -2 -2 -5 -4 -4 0 0 1 1 0.56
-2 -3 -3 -3 -3 -2 -1 -4  3  1 -1 -3  1  3 -3 -2  0 -1  4  3 0 0 1 1 0.58
 3 -2 -1 -2 -2  0  0 -1 -2 -3 -3 -1 -2 -2  4  4  0 -4 -3 -2 0 0 1 0 0.59
-1  0  5  0 -3 -1  0 -2 -1  0 -2 -1 -1 -3 -3  0  1 -4 -3  1 0 0 1 0 0.74
-2 -1 -1 -2 -3  2  0 -3  6 -1  2  0  1 -1 -3 -2 -2 -3  0 -2 0 0 1 0 0.59
-2  5 -1 -2 -4  2 -1 -3 -1 -3 -1  3  0 -3 -3 -2 -2 -4 -3 -2 0 0 1 1 0.66
-2  0 -1 -2 -4 -1  0 -2 -3 -5 -4  6 -3 -5 -3  2 -1 -5 -4 -4 0 0 1 1 0.69
-3  4 -2 -3 -5  0  0 -4 -2 -5 -4  6 -3 -5 -3 -2 -3 -5 -4 -4 0 0 1 1 0.77
-1 -2 -3 -3 -1 -2 -3 -3 -2  3  2 -2  5  0 -3 -2 -1 -2 -1  2 0 0 1 1 0.80
