 1 -1  1  0 -1  0  0  0 -1 -2 -2  0 -1 -2 -1  4  1 -3 -2 -2 0 0 1 1 0.67
-2  0  6  1 -3  0  0  0  1 -3 -4  0 -2 -3 -2  1  0 -4 -2 -3 0 0 1 1 0.56
 0 -1  0 -1 -1 -1 -1 -2 -2 -1 -1 -1 -1 -2 -1  1  5 -3 -2  0 0 0 1 1 0.47
 0 -1  0 -1 -1 -1 -1 -2 -2 -1 -1 -1 -1 -2 -1  1  5 -3 -2  0 0 1 0 1 0.36
-1 -1  1  5 -4  1  4 -2 -1 -3 -3  0 -3 -4 -1  0 -1 -4 -3 -3 0 1 0 1 0.27
-1 -3 -3 -3 -1 -3 -3 -4 -3  4  2 -3  1  0 -3 -3 -1 -3 -1  3 0 1 0 0 0.20
-2 -2 -4 -4 -1 -2 -3 -4 -3  2  4 -3  2  0 -3 -3 -1 -2 -1  1 0 1 0 0 0.21
 1 -1  0 -1 -1  0 -1 -1 -1 -2 -2  0 -1 -2 -1  3  4 -3 -2 -1 0 1 0 1 0.31
 1 -1  1  0 -1  0  0  0 -1 -3 -3  0 -2 -3 -1  4  1 -3 -2 -2 0 1 0 1 0.39
 0 -3 -3 -3 -1 -2 -3 -3 -3  3  1 -2  1 -1 -3 -2  0 -3 -1  4 0 1 0 0 0.41
-2 -2  1  6 -4  0  2 -1 -1 -3 -4 -1 -3 -4 -2  0 -1 -4 -3 -3 0 1 0 1 0.37
 0 -3 -3 -3 -1 -2 -3 -3 -3  3  1 -2  1 -1 -3 -2  0 -3 -1  4 0 1 0 0 0.35
-2 -2 -4 -4 -1 -2 -3 -4 -3  2  4 -3  2  0 -3 -3 -1 -2 -1  1 0 0 1 0 0.32
-1  4  0 -2 -3  0 -1  4 -1 -4 -3  1 -2 -3 -2 -1 -1 -3 -2 -3 0 0 1 0 0.31
 0 -1  0 -1 -1 -1 -1 -2 -2 -1 -1 -1 -1 -2 -1  1  5 -3 -2  0 0 0 1 1 0.31
-1  0  0 -1 -3  4  1 -2  6 -3 -3  0 -1 -2 -2 -1 -1 -2  1 -3 0 0 1 1 0.35
 1 -1  1  0 -1  0  0  0 -1 -3 -3  0 -2 -3 -1  4  1 -3 -2 -2 0 0 1 1 0.33
-1  0 -1 -1 -2  4  0 -3 -1  1  0  0  0 -2 -2 -1  0 -3 -1  2 0 0 1 1 0.29
-1 -2 -1 -2 -1 -2 -2 -3 -3  3  0 -2  0 -1 -2  0  3 -3 -2  2 0 0 1 1 0.31
 1 -2  0 -1 -2 -1 -1  4 -1 -3 -3 -1 -2 -3 -1  3  0 -3 -2 -2 0 0 1 1 0.34
 1 -1  0 -1 -1  0 -1 -1 -1 -2 -2  0 -1 -2 -1  3  4 -3 -2 -1 0 0 1 1 0.33
-1  1  0  0 -3  6  2 -2  0 -3 -2  1  0 -3 -1  0 -1 -2 -2 -2 0 0 1 1 0.32
-1  0 -1 -1 -3  4  1 -2 -1 -3 -3  0 -1 -4  6  0 -1 -3 -2 -2 0 0 1 1 0.37
 1 -1  0 -1 -1  0 -1 -1 -1 -2 -2  0 -1 -2 -1  3  4 -3 -2 -1 0 0 1 1 0.33
-2  0  6  1 -3  0  0  0  1 -3 -4  0 -2 -3 -2  1  0 -4 -2 -3 0 0 1 1 0.26
-1 -1 -2 -3 -2  0 -2 -3 -2  1  2 -1  6  0 -3 -2 -1 -2 -1  1 0 0 1 0 0.28
-2 -2 -2 -3 -3 -2 -2 -3  2 -1 -1 -2 -1  3 -3 -2 -2  2  7 -1 0 1 0 0 0.28
 0 -1  0 -1 -1 -1 -1 -2 -2 -1 -1 -1 -1 -2 -1  1  5 -3 -2  0 0 0 1 1 0.26
 1 -1  1  0 -1  0  0  0 -1 -3 -3  0 -2 -3 -1  4  1 -3 -2 -2 0 0 1 1 0.30
 0 -1  0 -1 -1 -1 -1 -2 -2 -1 -1 -1 -1 -2 -1  1  5 -3 -2  0 0 0 1 1 0.26
-1  1  0  0 -3  6  2 -2  0 -3 -2  1  0 -3 -1  0 -1 -2 -2 -2 0 0 1 1 0.22
-1  2  0 -1 -3  1  1 -2 -1 -3 -3  5 -1 -3 -1  0 -1 -3 -2 -2 0 0 1 1 0.17
 0 -1  0  0 -1  0  0 -1 -1 -1 -1  0  0 -1  0  1  3 -1 -1  0 0 1 0 1 0.14
-1  0  0  2 -4  2  5 -2  0 -3 -3  1 -2 -3 -1  0 -1 -3 -2 -3 0 1 0 1 0.14
-2 -2 -3 -4 -2 -2 -3 -4  0  0  2 -2  1  2 -3 -2 -1  1  5  0 0 1 0 0 0.15
-1  4  0  0 -4  2  4 -2  0 -3 -3  2 -2 -3 -2  0 -1 -3 -2 -3 0 1 0 1 0.17
-1 -3 -3 -3 -1 -3 -3 -4 -3  4  2 -3  1  0 -3 -3 -1 -3 -1  3 0 1 0 0 0.14
-1  1  1  4 -3  1  1 -2 -1 -3 -3  3 -2 -3 -1  0 -1 -4 -3 -3 0 0 1 1 0.13
-2  0  6  1 -3  0  0  0  1 -3 -4  0 -2 -3 -2  1  0 -4 -2 -3 0 0 1 1 0.13
-1  2  0 -1 -3  4  1 -2  0 -3 -2  4 -1 -3 -1  0 -1 -3 -2 -2 0 0 1 1 0.15
-2 -2  1  6 -4  0  2 -1 -1 -3 -4 -1 -3 -4 -2  0 -1 -4 -3 -3 0 0 1 1 0.14
 0 -1  4  1 -2  0  0  0  0 -3 -3  0 -2 -3 -1  3  1 -3 -2 -2 0 0 1 1 0.13
-1 -2  0  4 -2 -1  0 -2 -2  1 -1 -1 -1 -2 -2 -1 -1 -4 -2  2 0 0 1 0 0.14
-1 -2 -1 -2 -2 -2 -2 -2 -2  0  0 -2  0  4 -2  0  3  0  2  0 0 0 1 1 0.11
-1  0  0  2 -4  2  5 -2  0 -3 -3  1 -2 -3 -1  0 -1 -3 -2 -3 0 0 1 1 0.10
-1  1 -1 -2  7  0 -1 -2 -2 -2 -2  3 -1 -3 -2 -1 -1 -3 -2 -2 0 0 1 0 0.10
 0 -1  0 -1 -1 -1 -1  3 -2 -2 -2 -1 -2 -3 -1  2  3 -3 -2 -1 0 0 1 0 0.08
-1  1  0  1 -4  2  4 -2  0 -3 -3  3 -2 -3 -1  0 -1 -3 -2 -3 1 0 0 1 0.09
-2 -2  1  6 -4  0  2 -1 -1 -3 -4 -1 -3 -4 -2  0 -1 -5 -3 -3 1 0 0 1 0.09
-1 -2 -3 -3 -1 -1 -3 -3 -2  3  2 -2  5  0 -3 -2 -1 -2 -1  2 1 0 0 0 0.08
 0  0  0 -1 -3  0 -1  5 -2 -4 -3  2 -2 -3 -2  0 -1 -3 -3 -3 1 0 0 1 0.07
-1  0  3  1 -4  1  4 -2  0 -3 -3  1 -2 -3 -1  0 -1 -3 -2 -3 1 0 0 1 0.06
-2 -2  1  6 -4  0  2 -1 -1 -3 -4 -1 -3 -4 -2  0 -1 -5 -3 -3 0 0 1 1 0.06
 0 -1  0  3 -2 -1  0  3 -1 -2 -2 -1 -2 -2 -1  0 -1 -2 -2 -2 0 0 1 1 0.05
-1 -1 -2 -2 -1 -1 -1 -2 -2  1  3 -1  1  0 -1 -1 -1 -1 -1  0 0 0 1 1 0.04
 2  0  0 -1 -1  3  0 -1 -1 -2 -2  0 -1 -3 -1  3  0 -3 -2 -1 0 0 1 1 0.03
-2 -3 -3 -4 -3 -3 -3 -3  0 -1  0 -3  0  6 -4 -2 -2  1  5 -1 1 0 0 1 0.03
 0 -3 -3 -3 -1 -2 -3 -3 -3  3  1 -3  1 -1 -3 -2  0 -3 -1  4 1 0 0 1 0.03
-2  3  0  4 -4  3  1 -2  0 -3 -3  1 -2 -3 -2  0 -1 -3 -2 -3 1 0 0 1 0.03
-1 -1  0  2 -2  0  2 -2 -1  1 -1 -1 -1 -2 -2  0  2 -3 -2  0 1 0 0 1 0.03
-1 -3 -3 -4 -1 -3 -3 -4 -3  3  3 -3  2  0 -3 -2 -1 -2 -1  2 1 0 0 1 0.03
-2 -3 -4 -4 -1 -3 -3 -4 -3  3  4 -3  2  0 -3 -3 -1 -2 -1  1 1 0 0 1 0.05
 0  0  0  0 -2  3  3 -1  0 -3 -3  1 -1 -3 -1  2  0 -3 -2 -2 1 0 0 1 0.05
-1  3  0  3 -3  3  1 -2  0 -3 -3  2 -2 -3 -2  0 -1 -3 -2 -3 1 0 0 1 0.07
 4 -2 -2 -2  0 -1 -1  0 -2 -1 -2 -1 -1 -2 -1  1  0 -3 -2  0 1 0 0 1 0.09
 2 -1  0 -1 -1 -1 -1 -1 -1 -2 -2 -1 -1 -2 -1  3  3 -3 -2 -1 1 0 0 1 0.09
 0 -1  3  0 -2 -1 -1  3 -1 -3 -3 -1 -2 -3 -2  2  0 -3 -2 -3 1 0 0 1 0.11
 4 -2 -2 -2  0 -1 -1  0 -2 -1 -2 -1 -1 -2 -1  1  0 -3 -2  0 1 0 0 1 0.13
-2 -2 -4 -4 -1 -2 -3 -4 -3  2  4 -3  2  0 -3 -3 -1 -2 -1  1 1 0 0 1 0.13
-2 -1  1  5 -4  1  3 -2 -1 -3 -4  0 -3 -4 -1  0 -1 -4 -3 -3 1 0 0 1 0.13
-1  1  0  1 -4  2  4 -2  0 -3 -3  3 -2 -3 -1  0 -1 -3 -2 -3 1 0 0 1 0.14
-1  4  0 -1 -3  1  0 -2 -1 -3 -3  4 -1 -3 -1  0 -1 -3 -2 -3 1 0 0 0 0.15
-2 -1  1  5 -4  1  3 -2 -1 -3 -4  0 -3 -4 -1  0 -1 -4 -3 -3 1 0 0 1 0.14
 2  1 -1 -1 -2  1  0 -1 -1 -2 -2  4 -1 -3 -1  0 -1 -3 -2 -2 1 0 0 1 0.13
-1  1  0  0 -3  6  2 -2  0 -3 -2  1 -1 -3 -1  0 -1 -2 -2 -2 1 0 0 1 0.12
-2 -3 -4 -4 -1 -3 -3 -4 -3  3  4 -3  2  0 -3 -3 -1 -2 -1  2 1 0 0 0 0.12
 2  1 -1  0 -2  1  3 -1 -1 -2 -2  3 -2 -3 -1  0 -1 -3 -2 -2 1 0 0 1 0.11
 3 -2 -2 -2 -1 -1 -1 -1 -2  1 -1 -1  0 -2 -1  0  0 -3 -2  2 1 0 0 1 0.10
 4 -2 -2 -2  0 -1 -1  0 -2 -1 -2 -1 -1 -2 -1  1  0 -3 -2  0 1 0 0 0 0.08
-2  3  4  0 -3  0  0 -2  5 -3 -3  1 -2 -2 -2  0 -1 -3  0 -3 1 0 0 1 0.07
 0  1  0  0 -2  1  3 -1 -1 -3 -3  3 -2 -3 -1  2  0 -3 -2 -2 1 0 0 1 0.05
-1 -3 -4 -4 -1 -3 -3 -4 -3  4  3 -3  1  0 -3 -3 -1 -2 -1  2 1 0 0 1 0.04
-1 -3 -3 -3 -1 -3 -3 -4 -4  5  2 -3  1  0 -3 -3 -1 -3 -1  3 1 0 0 0 0.03
-2  3 -2 -3 -2 -1 -2 -3 -2  1  3  0  1  0 -3 -2 -1 -2 -1  0 1 0 0 1 0.02
 4 -1 -1 -1 -1 -1 -1  0 -1 -2 -2 -1 -1 -2 -1  3  1 -3 -2 -1 1 0 0 1 0.02
-2 -2 -4 -4 -1 -2 -3 -4 -3  2  4 -3  2  0 -3 -3 -1 -2 -1  1 1 0 0 0 0.02
 1 -1  1  0 -1  0  0  0 -1 -3 -3  0 -2 -3 -1  4  1 -3 -2 -2 1 0 0 1 0.02
-2  5  0  3 -4  1  1 -2 -1 -3 -3  1 -2 -3 -2 -1 -1 -3 -2 -3 1 0 0 1 0.02
-1 -1  0  4 -4  1  4 -2  0 -3 -3  0 -3 -4 -1  0 -1 -3 -3 -3 1 0 0 1 0.02
 0 -3 -3 -3 -1 -2 -3 -3 -3  3  1 -2  1 -1 -3 -2  0 -3 -1  4 1 0 0 0 0.02
-1 -2 -2 -3 -2 -1 -2 -3 -2  1  2 -2  6  0 -3 -2 -1 -2 -1  1 1 0 0 1 0.02
-1  3  0 -1 -3  3  1 -2  5 -3 -3  1 -1 -2 -2 -1 -1 -3  0 -3 1 0 0 1 0.02
-1  1  3  0 -3  3  1 -1  0 -3 -3  3 -1 -3 -2  0 -1 -3 -2 -3 1 0 0 0 0.02
-1  0  0  2 -4  2  5 -2  0 -3 -3  1 -2 -3 -1  0 -1 -3 -2 -3 1 0 0 1 0.02
-1 -3 -3 -4 -1 -3 -3 -4 -3  3  3 -3  1  0 -3 -2 -1 -2 -1  3 1 0 0 1 0.02
 0  3  0 -1 -2  3  1 -1  0 -3 -2  1 -1 -3 -1  2  0 -3 -2 -2 1 0 0 1 0.02
-1 -3 -3 -3 -1 -3 -3 -4 -4  5  2 -3  1  0 -3 -3 -1 -3 -1  3 1 0 0 0 0.02
 0 -1  0 -1 -1 -1 -1 -2 -2 -1 -1 -1 -1 -2 -1  1  5 -3 -2  0 1 0 0 1 0.02
 1 -1  1  0 -1  0  0  0 -1 -3 -3  0 -2 -3 -1  4  1 -3 -2 -2 1 0 0 1 0.02
-2 -2 -4 -4 -1 -2 -3 -4 -3  2  4 -3  2  0 -3 -3 -1 -2 -1  1 1 0 0 0 0.02
 0  0  0 -1 -2  3  1 -1 -1 -2 -2  0 -1 -3 -1  2  3 -3 -2 -1 1 0 0 1 0.03
 0 -3 -1 -1 -3 -2 -2  6 -2 -4 -4 -2 -3 -3 -2  0 -2 -3 -3 -3 1 0 0 1 0.03
-1  3  0  3 -3  3  1 -2  0 -3 -3  1 -2 -3 -2  0 -1 -3 -2 -3 1 0 0 1 0.03
-2 -2 -4 -4 -1 -2 -3 -4 -3  2  4 -3  2  0 -3 -3 -1 -2 -1  1 1 0 0 0 0.03
 0  1  0 -1 -2  0  0 -2 -1 -2 -2  3 -1 -3 -1  1  3 -3 -2 -1 1 0 0 1 0.04
-2 -2 -3 -3 -3 -2 -3 -3  1 -1  0 -3  0  5 -3 -2 -2  2  6 -1 1 0 0 1 0.04
 1 -1  0 -1 -1  0 -1 -1 -1 -2 -2  0 -1 -2 -1  3  4 -3 -2 -1 1 0 0 0 0.05
-1  2  0 -1 -3  1  1 -2 -1 -3 -3  5 -1 -3 -1  0 -1 -3 -2 -2 1 0 0 1 0.05
-1  2  0 -1 -3  1  1 -2 -1 -3 -3  5 -1 -3 -1  0 -1 -3 -2 -2 1 0 0 1 0.05
-1 -1 -1  0  7  0  3 -2 -1 -2 -2 -1 -2 -3 -2 -1 -1 -3 -2 -2 1 0 0 1 0.06
-2 -2 -4 -4 -1 -2 -3 -4 -3  2  4 -3  2  0 -3 -3 -1 -2 -1  1 1 0 0 0 0.05
-1 -1  1  5 -4  1  4 -2 -1 -3 -3  0 -3 -4 -1  0 -1 -4 -3 -3 1 0 0 1 0.05
-1  0  6  1 -3  0  0  0  1 -3 -3  0 -2 -3 -2  1  0 -4 -2 -3 1 0 0 1 0.06
 4 -1 -1 -2  0 -1 -1  0 -2 -1 -1 -1 -1 -2 -1  1  0 -2 -2  0 1 0 0 0 0.06
-1  5  0 -2 -3  1  0 -2  0 -3 -2  2 -1 -3 -2 -1 -1 -3 -2 -2 1 0 0 1 0.06
 1 -1  1  0 -1  0  0  0 -1 -2 -2  0 -1 -2 -1  4  1 -3 -2 -2 1 0 0 1 0.05
-1  1  0  0 -3  5  2 -2  0 -3 -2  1  0 -3 -1  0 -1 -2 -1 -2 1 0 0 0 0.05
-1 -3 -3 -3 -1 -3 -3 -4 -3  4  1 -3  1  0 -3 -2 -1 -3 -1  2 1 0 0 0 0.05
 1 -1  1  0 -1  0  0  0 -1 -2 -2  0 -1 -2 -1  4  1 -3 -2 -2 1 0 0 1 0.05
-1  0  0  1 -4  2  5 -2  0 -3 -3  1 -2 -3 -1  0 -1 -3 -2 -2 1 0 0 1 0.05
-1  2  0 -1 -3  1  1 -1 -1 -3 -2  4 -1 -3 -1  0 -1 -3 -2 -2 1 0 0 0 0.05
-2 -2  1  6 -3  0  1 -1 -1 -3 -4 -1 -3 -3 -1  0 -1 -4 -3 -3 1 0 0 1 0.05
 4 -1 -1 -2  0 -1 -1  0 -2 -1 -1 -1 -1 -2 -1  1  0 -2 -2  0 1 0 0 1 0.04
-1  2  0 -1 -3  1  1 -1 -1 -3 -2  4 -1 -3 -1  0 -1 -3 -2 -2 1 0 0 0 0.04
-1 -3 -3 -3 -1 -3 -3 -4 -3  4  1 -3  1  0 -3 -2 -1 -3 -1  2 1 0 0 0 0.04
-1  0  6  1 -3  0  0  0  1 -3 -3  0 -2 -3 -2  1  0 -4 -2 -3 1 0 0 1 0.05
-1  2  0 -1 -3  1  1 -1 -1 -3 -2  4 -1 -3 -1  0 -1 -3 -2 -2 1 0 0 1 0.05
-1 -2 -3 -4 -1 -2 -3 -4 -3  1  4 -2  2  0 -3 -2 -1 -2 -1  1 0 0 1 1 0.06
-1 -1 -2 -3 -1  0 -2 -3 -2  1  2 -1  5  0 -2 -1 -1 -1 -1  1 0 0 1 1 0.06
-1  0  0  1 -4  2  5 -2  0 -3 -3  1 -2 -3 -1  0 -1 -3 -2 -2 0 0 1 1 0.07
-1  2  0 -1 -3  1  1 -1 -1 -3 -2  4 -1 -3 -1  0 -1 -3 -2 -2 0 0 1 1 0.10
-2 -2  1  6 -3  0  1 -1 -1 -3 -4 -1 -3 -3 -1  0 -1 -4 -3 -3 1 0 0 1 0.12
-2 -3 -3 -3 -2 -3 -3 -3 -1  0  0 -3  0  6 -4 -2 -2  1  3 -1 0 0 1 0 0.13
-1  1  0  0 -3  5  2 -2  0 -3 -2  1  0 -3 -1  0 -1 -2 -1 -2 0 0 1 1 0.17
 0 -2 -3 -3 -1 -2 -2 -3 -3  2  1 -2  1 -1 -2 -2  0 -3 -1  4 1 0 0 0 0.20
-1  0  6  1 -3  0  0  0  1 -3 -3  0 -2 -3 -2  1  0 -4 -2 -3 0 0 1 1 0.20
-1  2  0 -1 -3  1  1 -1 -1 -3 -2  4 -1 -3 -1  0 -1 -3 -2 -2 1 0 0 1 0.22
-1  0  0  1 -4  2  5 -2  0 -3 -3  1 -2 -3 -1  0 -1 -3 -2 -2 0 0 1 1 0.24
-1 -3 -3 -3 -1 -3 -3 -4 -3  4  1 -3  1  0 -3 -2 -1 -3 -1  2 0 0 1 0 0.27
-1  2  0 -1 -3  1  1 -1 -1 -3 -2  4 -1 -3 -1  0 -1 -3 -2 -2 0 0 1 1 0.25
-1 -2 -2 -1 -3 -1 -1 -2 -2 -3 -3 -1 -2 -4  7 -1 -1 -4 -3 -2 0 0 1 1 0.38
-2 -2 -2 -3 -2 -1 -2 -3  2 -1 -1 -2 -1  3 -3 -2 -2  2  6 -1 0 0 1 1 0.44
