-1  0  0  2 -4  2  5 -2  0 -3 -3  1 -2 -3 -1  0 -1 -3 -2 -3 0 0 1 1 0.83
 3 -1 -1 -1 -1 -1 -1  0 -2 -2 -2 -1 -1 -2 -1  2  2 -3 -2 -1 0 0 1 1 0.76
 0 -1  1  3 -2  1  3 -1 -1 -3 -3  0 -2 -3 -1  2  0 -3 -2 -2 0 0 1 1 0.64
 0 -2 -2 -2 -1 -2 -2 -2 -3  2  0 -2  0 -1 -2  1  0 -3 -1  4 0 0 1 1 0.52
-1  0  4  3 -3  2  2 -1  0 -3 -3  0 -2 -3 -2  0 -1 -4 -2 -3 0 0 1 1 0.41
-1  0  0  2 -3  0  0 -2 -2 -3 -3  2 -2 -4  6  1 -1 -4 -3 -3 0 0 1 1 0.21
-1 -1 -2 -2 -2 -1 -1 -3 -1  1 -1  1  0  1 -2 -1  1  0  4  2 0 1 0 0 0.12
-1 -2 -2 -3 -1 -2 -2 -3 -3  2  2 -2  1 -1 -2 -1  2 -3 -1  3 0 1 0 1 0.11
-2 -2  1 -2 -3 -2 -2 -3  1 -1  0 -2 -1  4 -3 -2 -2  1  6 -1 0 1 0 0 0.10
-1 -2  1  5 -3 -1  1 -2 -2 -3 -3 -1 -2 -3 -2  0  3 -4 -3 -2 0 0 1 1 0.10
-3 -4 -4 -4 -3 -4 -4 -4 -2 -1  0 -4 -1  7 -4 -3 -3  0  2 -2 0 0 1 0 0.09
-1 -1  0  3 -3  1  5 -2 -1 -4 -4  0 -3 -4 -2  1 -1 -4 -3 -3 0 0 1 1 0.11
-2 -2  4  6 -4 -1  1 -2 -1 -4 -4 -1 -3 -4 -2  0 -1 -5 -3 -4 0 0 1 1 0.07
-1  1  1  1 -3 -1 -1  4 -1 -4 -4  2 -3 -3 -2  0 -1 -3 -3 -3 0 0 1 1 0.08
-1 -1  1  2 -2 -1  1 -2 -2 -2 -2 -1 -2 -3 -2  1  5 -3 -2 -1 0 0 1 1 0.08
-1  2 -1 -2 -2 -1 -2 -3 -2  0  1 -1  0 -2 -2  0  3 -3 -2  1 0 0 1 1 0.09
-1 -1 -1  1 -3  4  0 -3 -1 -1  0 -1  5 -2  2 -1 -1 -3 -2  0 0 0 1 0 0.10
 0 -2 -1 -2 -2 -2 -2  5 -2  0 -2 -2 -2 -3 -2  0  0 -3 -3 -2 0 0 1 1 0.09
-3 -3 -3 -4 -3 -2 -3 -3 -2 -2 -2 -3 -2  4 -3 -3 -3 10  3 -2 0 0 1 0 0.11
-1 -1  0  4 -3 -1  1  2 -2 -4 -4  0 -3 -4 -2  2 -1 -4 -3 -3 0 1 0 1 0.10
-1 -1  1  0 -3  0  3  3 -1 -3 -3 -1 -2 -2 -2  0  0  5 -2 -3 0 1 0 1 0.10
 2 -2 -1  1 -1 -1 -1 -1  2  0 -1 -1 -1 -2  1  0  2 -3 -1  1 0 0 1 0 0.09
-3 -3  1  1 -3 -2 -2 -3 -2 -3 -2 -3 -2  4 -4 -2  0  9  1 -3 0 0 1 1 0.11
-1 -1  0  3 -3  3  2  2 -1 -1 -3  0 -2 -3 -2  0 -1 -3 -3 -2 0 0 1 1 0.14
 2 -1  0  2 -2 -1  0  2 -1 -3 -3  1 -2 -2 -2  1  0 -2  1 -2 0 0 1 1 0.12
 1 -1  1 -1 -2  0  2  2 -1 -3 -3 -1 -2 -3  2  2  0 -3 -3 -2 0 0 1 0 0.13
 0 -2 -2 -3 -2 -2 -2 -3 -2  0  1 -2  0  2 -3  1 -1  6  2  2 0 0 1 0 0.11
-1  1  1  1 -3  0  0  1 -1 -3 -3  4 -2 -4 -2  2 -1 -4 -3 -3 0 0 1 1 0.13
 2 -2 -1 -2  4 -1 -1  1 -2 -1  0 -1 -1 -2 -1  1  1 -2 -2  0 0 0 1 0 0.14
 1 -1 -1 -1 -1 -1 -1  1 -2  1  0  0  0 -1  2  0  1 -2 -2  0 0 1 0 0 0.16
-1  0 -1 -1 -2  0  1  0 -2 -1  0  2 -1 -2  4 -1 -1 -3 -2  0 0 1 0 1 0.19
 1  0 -1  1 -2  0  0 -2 -2 -3 -3  3 -2 -3  4  1  1 -4 -3 -2 0 1 0 1 0.17
-1 -2 -3 -3 -2 -3 -3 -4 -4  4  1  0  0 -1 -3 -2 -1 -3 -2  3 0 1 0 0 0.17
 0 -1  0  0 -3  0  4  0 -1 -3 -3  0 -2 -3 -2  3  2 -3 -2 -2 0 1 0 0 0.17
 0 -2 -2 -2 -2 -1  0 -3  2  2 -1 -2 -1  0  1 -2 -1  6  3  1 0 1 0 1 0.18
 2 -1  2 -1 -2 -1  1  1 -1 -3 -3 -1 -2 -3 -2  3  1 -3 -2 -2 0 1 0 0 0.20
-1  0  2  1 -2  2  2  0 -1 -2 -2  1 -2 -3  1  1  1 -3 -2 -2 0 0 1 1 0.23
-1 -1  0  4 -2  0  2  1 -1 -2 -1  0 -1 -2 -1  1 -1 -3 -2 -2 0 0 1 1 0.21
-1 -2 -2 -2 -1 -2 -2 -2 -2  2  3 -2  1  0 -2  0 -1 -2 -1  2 0 0 1 0 0.16
 0  0  1  0 -2  2  1  2 -1 -2 -2  2 -1 -2 -1  0 -1 -2 -2 -2 0 0 1 1 0.14
 1  1 -1 -1 -2  1 -1  1 -1 -1  0  1  1 -1 -1  0  0  3 -1 -1 0 1 0 1 0.13
-1 -2  2  2 -2 -1 -1  1 -1  0  0 -1 -1 -2  4 -1 -1 -3 -2 -1 0 0 1 1 0.14
 0 -1  1  0 -2 -1  1  4 -1 -2 -2 -1 -2 -2 -1  1 -1 -2 -2 -2 0 0 1 1 0.14
-1 -1  3  0 -2  0  0  3 -1 -3 -3  0 -2 -2 -2  1 -1  4 -1 -2 0 1 0 0 0.13
-1  0  3  1 -3  0  2 -1  0 -3 -3  2 -2 -3 -1  1  0 -3 -2 -2 0 0 1 1 0.11
-1 -2  1 -1 -2 -1 -1  4  0 -2 -2 -1 -2  0 -2  0  0 -1  3 -2 0 0 1 0 0.08
 5 -2 -2 -2 -1 -1 -2 -1 -2 -2 -1 -1  3 -3 -2  1 -1 -3 -2 -1 0 1 0 0 0.05
-2 -3 -4 -4 -2 -3 -3 -4 -3  1  5 -3  3  0 -4 -3 -2 -2  2  0 0 1 0 0 0.03
-1  3 -1 -1 -3  3  0  0 -1 -3 -3  3 -2 -4  2  0 -1 -3 -2 -3 0 1 0 1 0.02
-1 -2 -3 -3 -2 -2 -3 -3 -3  2  3 -3  2  3 -3 -2 -1 -1  0  2 0 1 0 0 0.02
-2 -1  5  4 -3  0  1 -1 -1 -3 -4 -1 -3 -3 -2  0 -1 -4 -3 -3 0 1 0 0 0.02
 1 -2 -2 -3 -1 -2 -2 -2 -2  1  1 -2  0 -1 -2  0  0 -2  1  3 0 1 0 0 0.01
-1 -1  2  3 -3  0  3 -2 -1 -2 -3  1 -2 -3 -2  1  1 -4 -2  0 0 1 0 1 0.01
-2 -3 -4 -4 -3 -3 -4 -4 -1  0  1 -3  0  5 -4 -3 -2  6  4  0 0 0 1 0 0.01
-1 -1  2  3 -3  0  0 -2 -1 -3 -3  2 -2 -3  3  2  1 -4 -3 -2 0 0 1 1 0.01
-1 -1 -1 -1 -3  1  0  4 -2 -3 -3  1 -2 -3  5 -1 -1 -3 -3 -3 0 0 1 1 0.01
-1  0  5  0 -3  1  0  0 -1 -3 -3  2 -2 -3 -2  2  1 -4 -3 -3 0 0 1 1 0.01
 0  0  3  2 -3  0  0  0  2 -3 -3  2 -2 -3 -2  1  1 -4 -2 -3 0 0 1 1 0.01
-1 -3  0  5 -3 -2  0  4 -2 -4 -4 -2 -3 -4 -2 -1  1 -4 -4 -3 0 0 1 1 0.01
-4 -4 -5 -6 -4 -3 -4 -4 -4 -4 -3 -4 -3  0 -5 -4 -4 12  1 -4 0 0 1 1 0.01
 1 -1  0  4 -3  0  3 -2  2 -3 -3 -1 -3 -4 -2  1 -1 -4 -2 -3 0 1 0 0 0.01
-1 -1  0  3 -3  3  4 -2 -1 -3 -3  0 -2 -4 -2  1  2 -3 -3 -2 0 1 0 1 0.01
 2 -1  1 -2 -1 -1 -2  1 -2  0  0  0 -1 -2 -2  0  0 -3 -2  1 0 1 0 0 0.01
 0  3  1  2 -3  0  0 -2 -1 -3 -3  3 -2 -3 -2  1 -1 -4 -3 -3 0 1 0 0 0.01
-1  0 -3 -3 -2 -2 -3 -4  2  3  2 -2  1 -1 -3 -2 -1 -3 -1  3 0 1 0 0 0.02
-1 -1 -1  1 -2  1  1  2 -1  0  1 -1  1 -1 -1 -1 -1 -2 -1  0 0 1 0 0 0.02
 0  0 -2 -2 -1 -1 -2 -2 -1  1  0 -1  1  3 -2 -1  0 -1  2  1 0 1 0 0 0.02
-1 -1  3 -1 -2 -1 -1 -1 -1 -2  0 -1 -1 -1 -2  1  1  7  0 -2 0 1 0 0 0.04
-1 -1 -2 -2 -2 -1 -1 -2 -1  1  2  1  0  3 -2 -1 -1  0  2  0 0 1 0 0 0.05
 0 -1  0  2 -2 -1  0  4 -1 -2 -2 -1 -2 -2 -1  0 -1 -2 -2 -2 0 0 1 1 0.06
 1 -1 -1 -1 -1  0  1  1 -1  0 -1  0 -1 -1 -1  1  1 -1 -1  0 0 0 1 1 0.08
 0  1  1 -1 -2  0  0 -1 -1  0  0  1  0 -1 -1  0  0 -1  1  0 0 0 1 1 0.08
 1 -1  0 -1 -2  0  1  1 -2  1 -1  0 -1 -2 -2 -1 -1 -2 -2  2 0 0 1 1 0.09
-1  2  0  0 -3  3  3  0  2 -3 -3  1 -2 -3 -1  0 -1 -3 -1 -2 0 0 1 1 0.08
 0  2 -1 -1 -2  0  0  2 -1 -2 -2  1 -1 -1  1  1 -1 -1  1 -2 0 0 1 0 0.08
 0 -1 -1  1 -1  1  0  0 -1  0 -1  0 -1  0 -1  0  1 -2 -1  1 0 1 0 1 0.08
-1 -1  1  1 -2  0  1 -1  0 -2 -1 -1 -1  2 -1  2  0 -1  1 -1 0 1 0 0 0.07
-2  0  2  5 -3  0  2 -2 -1 -3 -3  0 -2 -3  2  0 -1 -3 -2 -3 0 1 0 1 0.06
-2 -2 -3 -3 -2  0 -2 -3 -1  2  2 -2  0  5 -3 -2 -2  0  3  0 0 0 1 0 0.04
 1 -1  1 -1 -1 -1 -1 -1 -1 -2 -1 -1 -1 -2  2  3  2 -2 -2 -1 0 0 1 1 0.03
 1 -1  0  0 -2  2  1  2 -1 -2 -2  0 -2 -3  2  1  0 -2 -2 -2 0 0 1 1 0.02
-1 -2 -1 -2  2 -1 -2  2  3 -1 -2 -2 -1  1 -2 -1  0  0  5 -1 0 0 1 0 0.02
 0  0  1  2 -2  0  1 -1 -1 -2 -2  2 -2 -3 -1  1  1 -3 -2 -2 0 0 1 1 0.02
 0  1  1 -1 -2  0 -1 -2 -1  0 -1  2  1 -1 -2  1  1 -2  1 -1 0 1 0 0 0.01
-2 -3 -4 -4 -2 -3 -3 -4 -3  3  3 -3  3  2 -3 -3 -1 -2 -1  2 0 1 0 0 0.01
 0  2  0  2 -3  2  3 -2 -1 -3 -3  1 -2 -3 -2  2  0 -3 -2 -2 0 1 0 0 0.01
-3 -3 -4 -4 -3 -3 -4 -4 -1 -1 -1 -3 -1  6 -4 -3 -3  1  6  0 0 1 0 0 0.01
-2 -2  0  6 -4 -1  3 -2 -2 -4 -4 -1 -3 -4 -2 -1  1 -5 -4 -3 0 1 0 0 0.01
-2 -3 -4 -4 -2 -3 -3 -4 -3  3  3 -3  3  3 -3 -3 -1 -2  0  2 0 1 0 0 0.01
-3 -3 -3 -4 -3 -3 -3 -4  0  1  1 -3 -1  4 -4 -3 -2  1  6 -1 0 1 0 0 0.01
-2 -3  0 -3 -2 -3 -3 -4 -3  3  2 -3  1 -1 -3 -2 -1 -3 -2  3 0 1 0 0 0.01
-1 -2 -2 -2 -3  1 -1 -3 -2 -3 -3  1 -3 -4  7 -1 -2 -4 -3 -3 0 1 0 0 0.01
-1  1  1 -1 -2  1  0 -2 -1 -1 -2  2 -1 -1  2  0  1 -1  2 -1 1 0 0 0 0.02
 0 -1  4  5 -2  0  0 -1 -1 -2 -2 -1 -2 -2 -1  0 -1 -3 -2 -2 1 0 0 1 0.02
 0  1  0  1 -2  0  2 -2 -1 -1  0  0  1  2 -2 -1 -1 -1  2 -1 1 0 0 1 0.03
 0 -2  2  1 -2 -1 -1 -2 -1  0 -1 -1 -1  2 -2  0  1 -2  0  1 1 0 0 0 0.04
 0  1  0  1 -2  0  3  0 -1 -2 -3  1 -2 -3 -2  3  0 -3 -2 -1 1 0 0 1 0.05
 0  1 -1  1 -3  0  1  1 -1 -3 -3  4 -2 -3 -1  0  1 -3 -2 -2 1 0 0 1 0.06
 0 -2 -1  0 -1 -1 -1 -2 -1  1  2 -1  0  0 -2  1  0 -1  1  1 0 0 1 0 0.05
-1  0  2  0 -2  2  1 -1 -1 -1 -2  2 -1 -2 -1  1  1 -2 -2 -1 0 0 1 1 0.05
-1 -3 -1 -2 -2 -2 -3  5 -3  1  0 -2 -1 -2 -2 -1 -2 -3 -3  0 0 0 1 1 0.05
 2  1 -1 -2 -2  1 -1  3 -1 -2 -2 -1 -1  0 -2  1  0 -2 -1 -2 0 1 0 0 0.04
 0 -2 -2 -3 -1 -2 -2 -3 -2  2  3 -2  1  2 -2 -1  1 -2 -1  1 0 1 0 0 0.04
 3  3 -1 -2 -2  0 -1 -1 -1 -2 -2  1 -2 -3  0  1 -1 -3 -2 -1 0 1 0 0 0.03
-1 -2 -2 -2 -2 -2 -2  0 -1  0 -1 -2 -1  2  4 -1  0 -1  3  0 0 1 0 0 0.03
-1  0  1 -1 -2  1 -1  0  0 -2 -2  2 -1  0 -2  1 -1  0  4 -2 0 1 0 0 0.02
 2 -2 -2 -2 -1 -1 -2  1 -2  1  0 -1  1 -1  1  0 -1 -2 -2  1 0 1 0 0 0.02
 2 -2 -1  0 -1 -1 -1  2 -2  0 -1 -1 -1 -2  1  0 -1 -3 -2  2 0 1 0 0 0.01
 0 -2 -2 -3 -1 -2 -2 -2 -2  2  3 -2  2  1 -2  0 -1 -2 -1  0 0 1 0 0 0.01
-1 -1  5  1 -3 -1 -1  2 -1 -3 -1 -1 -2 -3 -2  1 -1 -3 -2 -3 0 0 1 0 0.01
-1 -3 -1  4 -3 -2 -1  3 -2 -4 -4 -2 -3 -3  3  0 -2  6 -2 -4 0 0 1 1 0.01
 1 -2 -1 -2 -2 -1 -2  4 -1 -3 -3  0 -2 -1 -2  1 -1 -2  3 -2 0 0 1 1 0.01
-4 -4 -5 -6 -4 -3 -4 -4 -4 -4 -3 -4 -3  2 -5 -4 -4 12  1 -4 0 0 1 1 0.01
 1  0  1 -2 -2  1 -1 -2 -2  0 -1  3 -1 -2 -2  0  1 -3 -2  2 0 1 0 1 0.01
 0  0 -1  2 -3  2  2 -2 -1 -3 -3  3 -2 -3 -2 -1 -1  6 -1 -3 0 1 0 1 0.01
 0 -1 -2 -3 -2  0 -2 -3 -2  2  2  1  0 -1 -2 -2 -1 -3 -2  2 0 1 0 0 0.01
 0 -2 -1  2 -3  1 -1  4 -2 -3 -1 -1 -2 -3  2 -1  0 -3 -3 -2 0 1 0 0 0.01
 0 -2  1  4 -3  0  2 -2 -1 -3 -3 -1 -3 -4 -2  2  1 -4 -3 -3 0 1 0 1 0.01
 0 -1 -1 -1 -2  1  2  0 -1 -1  0  1  1 -1 -2  0  1 -2  1  0 0 1 0 1 0.01
-2 -2  1 -2 -3  1 -2  1  3 -2 -2 -2 -1  5 -3 -2 -2  0  3 -2 0 1 0 1 0.01
-1  1  3  0 -3 -1  1  3  2 -1 -3 -1 -2 -3 -2  1 -1 -3 -2 -2 0 1 0 1 0.02
 0 -2 -3 -3 -2 -2 -3 -3 -3  5  1 -1  0 -1 -2 -2  0 -3 -2  2 0 1 0 0 0.02
-2 -1  2  5 -3  3  1 -2 -1 -3 -4 -1 -3 -4 -2  0  1 -4 -3 -3 0 0 1 1 0.02
 1 -2 -3 -3 -1 -2 -2 -3 -3  2  2 -1  1 -1 -3 -2 -1 -3 -2  3 0 0 1 0 0.02
-1 -1  5  1 -3  0  1 -1 -1 -3 -3  1 -2 -3 -2  1  2 -3 -2 -2 0 0 1 1 0.03
 1 -1  0  2 -2  0  1 -1 -1 -2 -2  0 -2 -3 -1  3  2 -3 -2 -2 0 0 1 0 0.03
 1 -2 -1  1 -2  0 -1  3 -2 -1  1 -1  0 -1 -2 -1 -1 -2 -2 -1 0 0 1 1 0.02
-1  0  0  2 -3  0  3 -2 -1 -1 -2  3 -2 -3 -2  1  0 -4 -2 -2 0 1 0 1 0.03
-1  0 -1  1 -3  1  0 -2 -1 -1 -1  4 -1 -3 -2  1  1 -3 -2 -2 0 1 0 1 0.02
 0 -3 -3 -3 -2 -3 -3 -3 -3  3  1 -3  0  2 -3 -2  0 -2  0  3 0 1 0 1 0.02
-1 -1 -1 -1 -2  0  2 -2 -2 -2 -2  2 -2 -3 -2  1  3 -3 -2  0 0 1 0 1 0.03
-1 -2 -2  2 -2 -2 -2 -3 -2  3  1 -2  1  2 -2 -2 -1 -2 -1  2 0 1 0 0 0.03
-1  1  3  1 -3  1  0  2  2 -2 -3  1 -2 -3 -2  0  1 -3 -2 -1 0 0 1 1 0.03
 1 -3  1 -2 -2 -2 -2  5 -2 -1 -3 -2 -2 -3 -2  1 -1 -3 -3 -2 0 0 1 1 0.03
-1  0  3  1 -3  3  1 -2  0 -3 -3  3 -2 -2 -2  0 -1 -2  1 -3 0 1 0 1 0.02
 0 -1  0  4 -3  1  2  0 -1 -3 -3  1 -2 -3 -2  0  0 -3  0 -3 0 1 0 0 0.02
-3 -3 -3 -4 -3 -3 -3 -4  0 -2  0 -3 -1  4 -4 -3 -3  1  8 -2 0 1 0 0 0.02
-1  1  2 -1 -3 -1 -1  0  0 -1  0  1  0  0 -2 -1  0 -1  3 -1 0 1 0 0 0.02
-1  1  1 -2 -3  0 -1 -3  2  0  0  4 -1 -2 -2 -1 -1 -3 -2  2 0 1 0 0 0.02
-1 -1 -2 -2 -2  2 -1  0 -1  2  1 -1  0  2 -2 -1 -1 -1  2  0 0 1 0 0 0.02
-1 -1 -1 -1 -2  0  1 -2  6 -1  1 -1 -1 -1 -2 -1  0 -2  0  1 0 1 0 1 0.02
-1 -1 -2 -2 -2 -1 -1 -2 -2  1 -1  2  0 -2 -2  1  0 -3 -2  3 0 1 0 1 0.02
 0  2  2  0 -3  2  2 -1 -1 -3 -2  3 -2 -3 -1  0  1 -3 -2 -2 0 1 0 1 0.02
-2 -3 -3 -4 -2 -3 -3 -4 -3  3  0 -3  0  4 -3 -2  1 -1  0  2 0 1 0 0 0.03
 1 -1  2  1 -2  0  2 -1 -1 -2 -2  0 -2  0 -2  1  2 -3 -1 -2 0 1 0 1 0.03
 1 -3 -2  0 -2 -2 -2 -3 -2  2  1 -2  0  3 -3 -1  0 -2  0  1 0 0 1 0 0.04
-1  1  1  0 -3  0  1  2 -1 -2  0  1 -1  0  2 -1 -1 -2 -2 -2 0 0 1 1 0.04
 0 -2  0  5 -3  1  1 -2 -1  0 -2 -1 -2 -3 -2  0  0 -3 -3 -2 1 0 0 1 0.04
 1  0  0  2 -2  0  2 -1 -1 -2 -2  1  1 -2 -1  2  0 -2 -2 -1 1 0 0 1 0.05
-1 -2 -2  0 -2 -2 -2 -2 -2  2  2 -2  0  3  1 -2 -1 -1  0  0 1 0 0 0 0.05
 1  2  1 -1 -2  1 -1 -1 -1 -1 -1  0 -1 -2 -2  1  2 -3 -2  0 0 0 1 1 0.05
-1 -2  1  4 -2 -1  0 -2 -2 -2 -3 -1 -2 -3 -2  3  2 -4 -3 -1 0 0 1 1 0.06
-1  0  3  2 -3  2  0 -2 -1 -3 -3  3 -2 -4 -2  0  1 -4 -3 -3 0 1 0 1 0.05
-1  0 -1 -1 -3  0 -1  2 -2 -3 -3  4 -2 -3 -2  0  3 -3 -2 -2 0 1 0 0 0.04
-1  2  1 -2 -2 -1  0 -3 -1  0  2 -1  0  2  0 -1 -1 -2 -1  1 0 1 0 0 0.02
 1 -1  1 -1 -2 -1 -1  1 -1 -1  1  0  1 -1  2  1  1 -2  1 -1 0 0 1 0 0.02
 0  2  1  2 -3  3  2 -2 -1 -3 -3  1 -2 -3 -2  1 -1 -3 -2 -3 0 1 0 0 0.01
-2 -3 -4 -4 -2 -3 -3 -4 -3  3  3 -3  3  3 -3 -3 -2 -2  0  1 0 1 0 0 0.01
-2 -3 -3 -4 -2 -3 -3 -4  2  4  1 -3  0  3 -3 -3 -1 -2  0  2 0 1 0 0 0.01
-2 -3 -4 -4 -2 -3 -3 -4 -3  3  3 -3  1  2 -3 -3 -1 -2 -1  2 0 1 0 0 0.01
-1 -1  1 -1  4  4  0  2 -1  0 -2  1 -1 -3 -2 -1 -1 -3 -2  0 0 1 0 0 0.01
-2 -3 -4 -4 -2 -3 -4 -4 -3  4  1 -3  0  3 -4 -3 -1 -2  0  3 0 1 0 0 0.01
 3 -2 -2 -3 -1 -2 -2 -2 -3  1 -1 -2 -1 -2 -2  1  0 -3 -2  3 0 1 0 0 0.01
 0 -3 -1  2 -3 -2 -2  5 -3 -4 -4 -2 -3 -4 -3 -1  0 -3 -4 -3 0 1 0 0 0.01
-1 -1  2  3 -3  2  1  0 -1 -2 -3 -1 -2 -2 -2  1  0 -2  1 -1 0 1 0 0 0.01
 0  0  4  1 -3  0  1 -2  3 -3 -3  2 -2 -2 -2  1 -1 -3  1 -3 0 0 1 1 0.01
-1 -2 -1 -2  5 -2 -2 -2 -2 -1  1 -2 -1  1 -2  2  2 -2  1 -1 0 0 1 0 0.01
 0  0  3  3 -3 -1  1 -2 -1 -3 -3 -1 -2 -3  2  0  2 -4 -3 -2 0 0 1 1 0.01
-3 -3 -3 -4 -3 -3 -3 -4  0 -1  1 -3 -1  4 -4 -3 -3  1  7 -2 0 0 1 0 0.01
 1  0  2  2  4  0  1 -2 -1 -2 -2  2 -2 -3 -2  0 -1 -4 -3  0 0 1 0 1 0.01
-1 -3 -1 -2 -3 -3 -3  6 -3 -5 -5 -2 -4 -4 -3 -1 -3 -3 -4 -4 0 1 0 0 0.01
-1  1 -1  1 -3  1 -1 -2 -2 -3 -3  2 -3 -4  6  1 -1 -4 -3 -3 0 1 0 0 0.01
-2 -3 -4 -4 -2 -3 -3 -4 -3  4  1 -3  4 -1 -3 -3 -1 -3 -2  3 0 1 0 0 0.01
-3 -3 -3 -4 -3 -3 -3 -4  0 -2  0 -3 -1  4 -4 -3 -3  1  7 -2 0 1 0 0 0.01
-2 -3 -4 -4 -2 -3 -4 -4 -4  5  2 -3  1 -1 -3 -3 -1 -3 -2  2 0 1 0 0 0.01
-3 -2  0  7 -5 -1  2 -2 -2 -4 -5 -2 -4 -5 -2 -1 -2 -5 -4 -4 0 1 0 0 0.01
-3 -1  7  2 -4 -1 -1 -1  0 -4 -5 -1 -3 -4 -3  0 -1 -5 -3 -4 0 1 0 0 0.02
-1 -3 -4 -4 -2 -3 -4 -4 -4  4  1 -3  0  1 -3 -3 -1 -3 -1  4 0 1 0 0 0.04
 1  4 -1 -1 -3  0  1 -2 -1 -3 -3  3 -2 -3 -2  0  1 -3 -2 -2 0 1 0 1 0.03
-2 -3 -4 -4 -2 -3 -4 -4 -3  2  4 -3  1  4 -4 -3 -2 -1  0  0 0 1 0 0 0.05
 0  2  0  0 -3  1  3 -2 -1 -3 -3  2 -2 -3 -1  2  0 -3 -2 -2 0 1 0 0 0.08
-1 -2 -2 -2 -3 -1 -1 -2 -2 -3 -3 -1 -3 -4  8 -1 -1 -4 -3 -3 0 0 1 1 0.21
-1  0  0  2 -4  2  5 -2  0 -3 -3  1 -2 -3 -1  0 -1 -3 -2 -3 0 0 1 1 0.34
-2 -2  1  6 -4  0  2 -1 -1 -3 -4 -1 -3 -4 -2  0 -1 -4 -3 -3 0 0 1 1 0.47
 4 -1 -2 -2  0 -1 -1  0 -2 -1 -2 -1 -1 -2 -1  1  0 -3 -2  0 0 0 1 1 0.55
