-2 -2 -3 -4 -2 -1 -3 -4 -2  0  1 -2  8  0 -3 -2 -1 -2 -2  0 0 0 1 1 0.83
-1  3  0 -1 -4  1  0 -2 -1 -3 -3  5 -2 -4 -2 -1 -1 -4 -2 -3 0 0 1 1 0.73
-1  2 -1 -1 -4  1  1  0 -1 -3 -3  5 -2 -4 -2 -1 -1 -4 -3 -3 0 0 1 1 0.64
 1 -2 -1 -2 -1 -1 -1 -2 -2 -1 -2 -1 -1 -2 -2  2  4 -3 -2  1 1 0 0 0 0.58
-1  1  2 -1 -4  4  1 -2  0 -3 -3  4 -1 -2 -2  0 -1 -3 -2 -3 1 0 0 1 0.44
-1 -2 -1 -2 -2 -2 -2 -3 -3  3  0 -2  0 -2 -2  1  4 -3 -2  1 1 0 0 0 0.23
-3  0 -4 -4 -3 -2 -3  1 -3 -4 -3 -3 -2  0 -4 -3 -3 11  1 -4 1 0 0 0 0.13
-2 -3 -3 -3 -2 -2  0 -4 -3  5  1 -3  0 -1 -3 -3 -1 -3 -2  2 1 0 0 0 0.13
-1  1 -2 -3  4 -2 -2 -3  1  3  0 -1  0 -1 -3  0 -1 -3 -1  1 1 0 0 0 0.12
-1 -2 -1 -2 -1 -2 -2 -3 -3  3  0 -2  0 -2 -2  1  4 -3 -2  2 1 0 0 0 0.08
-1 -4 -4 -5 10 -4 -5 -3 -4 -2 -2 -4 -2 -3 -4 -2 -2 -3 -3 -2 1 0 0 0 0.08
-1 -3 -4 -4 -2 -3 -3 -4 -4  4  1 -3  1  1 -3 -3 -1 -3 -1  4 1 0 0 0 0.08
-2 -1  0 -2  2 -1 -1 -3  6 -2 -2 -2 -2  1 -2 -1 -2  0  6 -2 1 0 0 0 0.08
-1 -2 -3 -3 -1 -2 -2 -3 -2  1  4 -2  1  1 -2 -2 -1 -1 -1  0 1 0 0 0 0.11
-1  0 -1 -1 -2  5  1 -2  0 -1  1  0  0 -2 -1 -1 -1 -2 -1 -1 1 0 0 0 0.11
-2 -3 -4 -4 -2 -3 -3 -4 -3  1  5 -3  2  0 -3 -3 -2 -2 -2  1 1 0 0 0 0.14
-2 -3 -4 -4 -2 -3 -3 -4 -2  1  4 -3  1  2 -4 -3 -2 -1  2  0 1 0 0 0 0.10
-2 -3 -4 -4 -2 -3 -4 -4 -3  2  4 -3  1  3 -4 -3 -2 -1  0  0 1 0 0 0 0.11
-2 -2 -2 -3 -2 -2 -3 -3  2  2  1 -3  0  5 -3 -2  0  0  2  0 1 0 0 0 0.10
-1 -1  4  0  3 -1 -1 -1  0 -1 -2 -1  1 -2 -2  1  2 -3 -2  0 1 0 0 0 0.12
 0 -2 -2 -2 -2 -1 -1  1 -1 -1  1 -1 -1 -2  5 -1  0 -2 -2 -1 1 0 0 0 0.13
 0 -2 -2 -3  1 -2 -2  2 -3  0  3 -2  1 -1 -2 -1 -1 -2 -2  0 0 0 1 0 0.12
 0 -2 -3 -3 -1 -2 -2 -3 -2  2  0 -2  0 -1 -2 -2 -1 -2  1  4 0 1 0 0 0.12
 0  1  0 -1 -2  0  0 -2  5 -2 -2  3 -1 -2 -1  1  1 -3 -1 -2 0 1 0 1 0.08
 0 -2 -1 -2  3 -1 -2 -2 -2  0 -1 -2 -1  2 -2  2  3 -2  1  0 0 1 0 0 0.08
 0  0  0  1 -3  2  2  1 -1 -3 -3  2 -2 -3 -1  2  1 -3 -2 -2 0 0 1 1 0.07
 0  1  1 -1 -3  0  0  4 -1 -3 -3  2 -2 -3 -2  1 -1 -3 -3 -3 0 0 1 1 0.06
-1 -3 -2 -2 -2 -2 -1 -3 -3  3  1 -2  0  2  2 -1 -1 -2 -1  2 0 0 1 1 0.06
-1 -4  0  1  9 -3 -3 -3 -3  0 -2 -3 -2  1 -3 -1 -2 -3 -2 -1 0 0 1 0 0.04
-1  3 -1 -2 -3 -1 -2  4 -2 -1 -2  0 -2 -3 -2  0 -1 -3 -3  0 0 0 1 1 0.05
-1 -1  6  1 -3  0 -1 -1  0 -4 -4  0 -3 -4 -2  1  0 -4 -3 -3 0 0 1 1 0.04
-2  4 -2 -2 -4 -1 -1 -3 -2 -3 -2  0 -2 -4  7 -1 -2 -4 -3 -3 0 0 1 0 0.05
-1 -3 -4 -4 -1 -3 -3 -4 -4  3  2 -3  1 -1 -3 -2 -1 -3 -2  4 0 0 1 0 0.05
-1 -2 -1 -2 -2 -1 -1 -2 -2 -1 -2 -1 -1 -3  3  1  5 -3 -2 -1 0 0 1 0 0.04
-2 -2  2  6 -4 -1  1 -2 -2 -4 -4 -1 -3 -3 -2 -1 -2  6 -2 -4 0 0 1 0 0.05
 0  2  3  5 -3  0  1 -1 -1 -3 -4  0 -3 -4 -2  0 -1 -4 -3 -3 0 0 1 0 0.04
-1 -2 -3 -3 -2  1 -2 -3 -3  3  0 -2  0 -1 -3 -2 -1 -3 -2  4 1 0 0 0 0.03
 1  1  3 -1 -3  0  0 -1 -1 -3 -3  4 -2 -3 -2  1  0 -4 -2 -2 1 0 0 1 0.03
-1  1  0  4 -3  0  1  1 -1 -3 -3  1 -3 -4 -2  0  0 -4 -3 -3 1 0 0 1 0.02
-1 -3 -2 -3 -1 -2 -3 -3 -3  3  2 -2  1 -1 -3  0  0 -3 -2  2 1 0 0 0 0.02
 1 -1  0  1 -1  0  0 -1 -1 -2 -2 -1 -2 -3  0  3  3 -3 -2 -1 1 0 0 1 0.02
-1  0 -1 -2 -2  0 -1 -2 -2  0  1  3  0 -1 -2 -1  1 -3 -2  0 1 0 0 1 0.02
-2 -3 -4 -4 -2 -3 -3 -4 -3  1  5 -3  2  0 -3 -3 -2 -2 -2  0 1 0 0 0 0.02
-1  0 -2 -3 -2 -1 -2 -3 -2  1  0  1  0 -2 -2  0  0 -3 -2  4 1 0 0 0 0.02
 2 -1  1 -1 -2  2  1  2 -1 -3 -3  0 -2 -3 -1  2  0 -3 -2 -2 1 0 0 0 0.02
-1 -1  6  1 -3 -1 -1  3  0 -4 -4 -1 -3 -4 -3  0 -1 -4 -3 -4 0 0 1 0 0.02
-2 -3 -4 -4 -2 -3 -3 -4 -3  3  3 -3  1  3 -3 -3 -2 -1  0  1 0 0 1 0 0.02
-1 -2 -2 -2 -3 -1 -1 -2 -2 -3 -3 -1 -3 -4  7  2 -1 -4 -3 -3 0 0 1 0 0.01
-1  0  3 -1 -3  0 -1 -2 -1 -2 -2  3 -1  3 -2  1 -1 -2  0 -2 0 0 1 1 0.01
-2 -2  4  6 -4 -1  1 -2 -1 -4 -4 -1 -3 -4 -2  0 -1 -5 -3 -4 0 0 1 1 0.01
-2 -3 -3 -4 -3 -2 -3 -4  1 -2 -1 -3 -1  5 -4 -2 -2  2  7 -2 0 0 1 0 0.01
-1  2 -1 -2 -2  0  0 -3 -2  0  2  1  3 -1 -2 -1 -1 -2 -2  0 0 0 1 1 0.01
-1 -3 -2 -3 -2 -2 -2 -3 -3  4  1 -2  2 -1 -3  1  0 -3 -2  2 0 1 0 0 0.01
 0  0  0 -1 -2  0 -1 -1 -2 -2 -3  2 -2 -3  4  1  2 -3 -2 -2 0 1 0 1 0.01
-2 -3 -3 -4 -2 -2 -3 -4 -1  2  3 -3  1  1 -3 -2 -1 -1  4  2 0 1 0 0 0.01
-1  2  2  1 -3  1  1 -2 -1 -3 -3  4 -2 -4 -2  0 -1 -4 -2 -3 0 1 0 1 0.01
-2 -2 -2 -3 -3 -2 -2 -3  1 -2 -1 -2 -1  3 -3 -1  2  1  7 -1 0 0 1 0 0.01
-1 -3 -3 -3 -1 -3 -3 -4 -3  4  1 -3  1 -1 -3 -2  0 -3 -1  3 0 0 1 0 0.01
 0 -1 -3 -2 -3 -2 -2 -3 -3 -4 -4 -2 -3 -4  8  0  0 -5 -4 -3 0 0 1 1 0.02
-1  1 -1  1 -4  0  1  2 -2 -4 -4  5 -2 -4 -2 -1 -2 -4 -3 -3 0 0 1 1 0.02
-1 -1 -2 -2 -2  0  2 -3 -2  0  1  1  6 -1 -2 -2 -1 -2 -2 -1 0 0 1 0 0.02
-1 -1  0  5 -3  0  3 -1 -1 -2 -3 -1 -2 -3  1  0 -1 -3 -2 -2 0 0 1 1 0.02
 1 -1 -1  0 -1 -1 -1  1 -2  0  0 -1 -1 -2 -1  2  1 -2 -2  1 0 0 1 1 0.02
-1 -2 -3 -3 -2 -2 -3 -3 -3  1  4 -3  1  0 -3 -2  0 -2 -2  2 0 0 1 0 0.02
 1 -2 -1 -1 -2 -1 -1  2 -2 -2 -2 -1 -2 -3  6  1 -1 -3 -2 -2 0 0 1 0 0.02
 0 -1  2 -1 -2 -1 -1  4 -1 -3 -3  1 -2 -3 -2  2 -1 -3 -2 -2 1 0 0 0 0.01
 0 -1 -1 -2 -2  1 -1 -1  7 -1 -1 -1  4 -1 -2 -1  0 -2  0 -1 1 0 0 1 0.01
-1 -3 -3 -3 10 -3 -3 -3 -3 -2 -2 -3 -2 -3 -3 -2 -2 -3 -3 -2 1 0 0 0 0.01
-3 -3 -4 -4 -3 -2 -3 -3 -3 -3 -2 -3 -2  0 -3 -3 -3 12  1 -3 0 0 1 0 0.01
-1 -2 -3 -3 -1 -2 -2 -3 -3  2  3 -2  2  0 -2 -2 -1 -2 -1  3 1 0 0 0 0.01
 0  1 -1 -1 -2  0  0 -2  4 -2 -2  2 -1 -1 -2  1 -1 -1  3 -1 1 0 0 1 0.01
-1 -2 -2  0 -2 -1  0 -3 -2  1  3 -1  3 -1 -2 -2 -1 -2 -1  0 1 0 0 1 0.01
-2 -1  4 -1 -2 -1 -2 -2 -1 -1  0 -1  6 -1 -2 -1 -1 -2 -2 -1 1 0 0 0 0.01
-1 -2 -3 -3 -1 -2 -2 -3 -3  3  1 -2  0 -1 -2 -2 -1 -3 -2  4 1 0 0 0 0.01
-1 -1 -2 -2 -2 -1  0 -2  1  0 -1 -1 -1  3  3 -1 -1 -1  3  1 1 0 0 0 0.01
-1  0 -1  0  2  3  3 -2  3 -3 -2  1 -2 -2  3 -1 -1 -2  1 -2 1 0 0 0 0.01
-1 -2 -3 -3 -2 -2 -2 -3 -2  1  4 -2  3  1 -2 -2 -1 -2 -1  1 1 0 0 0 0.02
 1 -1  0  0 -2  0  3 -1 -1 -2 -2  0 -2 -3 -1  3  1 -3 -2 -2 1 0 0 0 0.02
-1  2  1  0 -2  1  1 -2 -1  0 -1  1 -1 -1 -2  0  0 -2 -1  1 1 0 0 1 0.02
 0 -1  0 -1 -2 -1 -1 -1  3 -3 -3 -1 -2 -2 -1  5  0 -3 -2 -2 1 0 0 0 0.03
-2 -2 -3 -3 -2 -2 -3 -3 -3  1  5 -2  1  0 -3 -2 -1 -2 -1  0 1 0 0 0 0.03
-1  1  2  1 -2  0  1 -1  3 -2 -2  2 -2 -2 -1  0  2 -3 -1 -2 1 0 0 0 0.03
-1  1  3  2 -2  0  1  1 -1 -3 -3  1 -2 -3 -1  0  0 -3 -2 -2 1 0 0 1 0.03
-2 -2 -3 -3 -2 -2 -3 -3 -3  1  5 -2  1  0 -3 -2 -2 -2 -1  0 1 0 0 0 0.04
 2 -2 -2 -2 -1 -1 -2 -1 -2  1  2 -1  0 -1 -2  1  0 -2 -1  0 1 0 0 0 0.04
-1 -1  1  3 -2  2  1 -2  3 -1 -2 -1 -1 -2 -1  0  1 -2  0 -2 1 0 0 1 0.05
-1  2 -1 -1 -3  0  0 -2 -1 -2 -2  5  1 -3 -1 -1  0 -3 -2 -2 0 0 1 0 0.06
-2 -3 -3 -3 -3 -3 -3 -3 -2 -1  0 -3 -1  7 -3 -3 -2  0  2 -1 0 0 1 0 0.06
 1 -1  0 -1 -2 -1  1  4 -1 -3 -3 -1 -2 -3 -1  2  0 -2 -2 -2 0 0 1 1 0.06
 0 -1  6  1 -2  0  0 -1  0 -3 -3  1 -2 -3 -2  0 -1 -3 -2 -2 0 0 1 1 0.07
-1 -2 -2 -2 -1  0 -2 -3 -2  4  0 -2  1  0 -2 -1  1 -2 -1  2 0 0 1 0 0.07
 0 -1  0 -1 -1 -1 -1 -1 -1 -3 -3 -1 -2 -3 -1  5  1 -3 -2 -2 0 0 1 1 0.07
 0 -1  0  1 -2  2  3 -1 -1 -2 -2  0 -2 -3 -1  3  1 -3 -2 -2 0 0 1 1 0.07
-1 -1  4  0 -2 -1 -1  2 -1 -2 -2 -1  0 -2 -1  1  0 -2 -2 -1 0 0 1 1 0.06
-1  2 -1 -1 -2  0 -1 -2 -1  0  2  2  0 -1 -1 -1 -1 -2 -1 -1 0 0 1 1 0.05
 1  0  0  2 -1  0  1 -1 -1 -2 -2  1 -1 -2 -1  3  0 -2 -2 -2 0 0 1 0 0.04
-2 -1  6  2 -3 -1 -1 -1  2 -3 -3 -1 -2 -3 -2  0  0 -3 -2 -3 1 0 0 0 0.03
-2 -2 -2 -3 -2 -2 -2 -3  2  3  0 -2  0  2 -2 -2 -1  0  5  0 1 0 0 0 0.02
 0 -1  0 -1  0 -1 -1  0 -1 -2  0 -1 -1 -2 -1  4  2 -2 -2 -1 1 0 0 0 0.02
-1 -2 -2 -3 -1 -2 -2 -3 -3  5  1 -2  0 -1 -2 -2  0 -2 -2  2 1 0 0 0 0.02
-2 -3 -3 -3 -2 -2 -3 -3 -2  4  1 -3  2  4 -3 -2 -1 -1  0  1 1 0 0 0 0.01
-1 -1  1  3 -2 -1  0 -1 -1  1 -1  0 -1 -1 -1  0 -1 -2  0  1 1 0 0 0 0.01
 0  0  3  0 -2  2  0 -1 -1 -2 -2  3 -1 -2 -1  1  1 -2 -2 -2 1 0 0 0 0.01
-1 -2 -2 -3 -2 -2 -2 -3 -2  1  3 -2  4  1 -2 -2 -1 -2 -1  0 1 0 0 0 0.01
 0 -1 -1 -2 -1 -1 -1  0 -2  1  1 -1  0  1 -2  0  1 -1 -1  1 1 0 0 0 0.01
 0  2  0 -1 -2  3  0 -2 -1 -2 -1  3 -1 -2 -1  0 -1 -2 -2 -2 1 0 0 0 0.01
-1 -2 -2 -1 -1 -1  0 -2 -2  4  0 -1  0 -1 -2  0 -1 -2 -1  1 1 0 0 0 0.02
-1 -2 -2 -3 -1 -2 -2 -3 -2  2  3 -2  2  0 -2 -2 -1 -2 -1  2 1 0 0 0 0.01
-1  1  2  3 -2  3  1 -1  2 -2 -2  0 -1 -2 -1  0 -1 -2 -1 -2 1 0 0 0 0.01
-1  0  0  4 -2  0  1  2 -1 -2 -2 -1 -2 -2 -1  0 -1 -2  1 -2 1 0 0 0 0.02
-1 -1 -2 -2 -1  0 -1 -2  1  2  3 -1  1  1 -2 -1 -1 -1  0  0 1 0 0 0 0.02
-1  3  0 -1 -2  0 -1 -2 -1  1  0  0  3 -1 -1 -1 -1 -2 -1  2 1 0 0 0 0.02
 0 -1  0  2 -2  0  2  1 -1  0 -1 -1  0  0 -2 -1 -1 -2  0 -1 1 0 0 1 0.02
-1 -3 -2 -3  8 -2 -3 -1  2 -2 -1 -3 -2  3 -3 -1  0 -1  1 -1 1 0 0 0 0.03
-1 -2 -2 -3 -2 -2 -2 -1 -2  3  2 -2  3  1 -2 -2 -1 -2 -1  1 0 0 1 0 0.03
 0  1  0  0 -2  1  2 -2 -1 -2  0  2 -1 -2  1  0 -1 -2 -2 -1 0 0 1 1 0.04
-1 -1 -1  2 -3  1  4 -1 -1 -2 -1  0 -2  0 -1  1 -1 -2 -2 -2 0 0 1 1 0.04
-1 -1  4  3 -3  0  0 -1  3 -2 -2  0 -2 -2 -2  0  0 -2  1 -2 0 0 1 1 0.04
 0 -1  2  2 -2  0  1  2 -1 -2 -2  1 -2 -3 -1  2  0 -3 -2 -2 0 0 1 1 0.05
-1 -1  1  1 -2  0  1 -1 -1 -1  0  0  2  0  1  0  0 -1  0 -1 0 0 1 1 0.05
-1  0  1  0 -2  0  1 -1 -1  0  0  1  1  0  1  0  0 -2 -1 -1 0 0 1 1 0.06
-2  2  3  4 -3  0  1 -2  1 -1 -2 -1  1  0 -2 -1 -1 -3 -2 -2 0 0 1 1 0.06
-1  1 -3 -3 -2 -2 -3 -3 -2  0  2 -2  0  5 -3 -2  0 -1  0  1 0 0 1 1 0.07
-2  3 -1  3 -3  1  1 -2 -1 -2 -2  3  1 -3 -2 -1  1 -3 -3 -2 0 0 1 1 0.06
-1  1 -2 -2  4  3  1 -3 -1 -2 -2  2 -1  4 -2  0 -1 -2  0 -2 0 0 1 1 0.07
 1 -1  3  1 -2 -1  1 -1  4 -2 -2 -1 -2 -3  1  1  0 -3 -2 -1 0 0 1 1 0.07
-1 -2  0 -2  2 -2 -2  0  3  0  0 -2 -1  3  0  2 -1 -1  3 -1 0 0 1 1 0.06
-1  1  0 -1 -3  0  2  0  5 -4 -3  3 -2 -2 -2  0 -1 -3  1 -3 0 0 1 1 0.05
-1  0  1  0 -2 -1  1 -1  2  0  1 -1  0 -1  1  0 -1 -2 -1 -1 0 0 1 1 0.05
-2 -2 -2 -3 -3 -2 -2  0 -1 -1  0  0 -1  1  3 -2 -2  0  6  0 0 0 1 0 0.05
-2  3 -1  0 -4  2  5 -3 -1 -3 -3  1 -2 -4 -2 -1 -2 -3 -3 -1 0 0 1 1 0.04
 0  2 -1 -1 -3  0  3 -3 -2 -2 -2  0 -2 -3  4 -1  0 -3 -3  0 0 1 0 1 0.03
 0  2 -1  1 -3  0  2  0 -1  1 -1  0  1 -2 -2 -1 -1 -3 -2  0 0 1 0 1 0.03
-1  2 -1 -2 -3  0  0 -1 -1 -1  0  1  3 -2 -1  0 -1  5 -1 -1 0 1 0 1 0.02
-3 -3 -3 -4 -3  2 -3 -4 -2  0  1 -3 -1  6 -4 -3 -3  5  3 -2 0 1 0 0 0.02
-1 -2  0  0 -2 -1  0 -3 -2  2  0  0 -1 -2  2 -1  3 -3 -2  1 0 0 1 0 0.01
-1 -2 -2 -2 -3 -2 -2 -3 -2 -2 -1 -2 -2  3  6 -1  2 -2 -1 -2 1 0 0 0 0.01
-2  3  1  1 -3  2  4 -2 -1 -3 -3  1 -2 -3 -2 -1 -1 -3 -2 -3 1 0 0 1 0.01
-1  1  1  2  5  2  2 -2 -1 -3 -3  2 -2 -3 -2 -1 -1 -3 -2 -2 1 0 0 1 0.01
-2 -2 -2 -3 -3 -2 -2 -3  4 -2 -1  0 -1  6 -3 -2 -2  0  4 -2 1 0 0 0 0.01
-3 -3 -3 -4 -3 -3 -3 -3 -1 -1  0 -3 -1  7 -4 -3 -3  0  4 -2 1 0 0 0 0.01
-1  4  0  1 -3  1  0  2 -1 -3 -3  1 -2 -3 -2  1 -1 -3 -2 -3 1 0 0 1 0.01
-2 -2 -2 -2 -2  0  0 -3  1  2  0 -2  0  3 -3 -2 -2  0  5  1 1 0 0 0 0.01
-1 -3 -2 -3 -2 -2 -3 -3 -2  1  0 -2  0  5 -3  0  0 -1  1  2 1 0 0 0 0.01
 1 -1  5  0 -3 -1  0  0 -1 -3 -3  1 -2 -3 -2  1  2 -4 -3 -2 1 0 0 1 0.01
-1  3  0 -1 -3  1  0 -2 -1 -2  0  3 -1 -3 -2  2 -1 -3 -2 -2 1 0 0 1 0.01
-1 -2 -1 -2 -2 -1 -2 -2 -1 -1 -2 -2 -2  0 -2  3  3 -1  5  0 1 0 0 0 0.01
-2 -3 -4 -4 -2 -3 -3 -4 -3  4  2 -3  0  4 -3 -3 -2 -2  0  1 1 0 0 0 0.01
-2 -2  1  5 -4  0  3 -3 -2 -1 -2 -1 -2 -4 -2 -1  1 -4 -3 -2 1 0 0 1 0.01
 2 -2 -2 -2 -1 -2 -2 -2  1  0  1 -2  0  2 -2  0  0 -2  1  1 0 0 1 0 0.01
-2 -3 -3 -3 -2 -3 -3 -3 -2  2  1 -3  0  5 -3 -3 -2  0  3  1 0 0 1 0 0.01
-2  3 -1 -1 -4  0  1 -2 -1 -3 -3  5 -2 -4 -2 -1 -2 -3 -2 -3 0 0 1 1 0.01
 0 -2  0  5 -3  0  3 -2 -1 -1 -3 -1 -3 -3 -2 -1 -1 -4 -3 -2 0 0 1 1 0.01
-2 -3 -3 -3 -2 -3 -3 -3 -2  2  2 -3  0  5 -3 -3 -2 -1  2  2 0 0 1 0 0.02
 1 -1  1 -1 -2 -1  2 -2  2 -1  1 -1  1  2 -2 -1 -1 -2 -1  0 0 0 1 1 0.03
-1  0  3  1 -2 -1  1 -2  1  1 -1  1 -1 -2 -2 -1 -1 -3 -2  2 0 0 1 1 0.04
 2 -1 -1 -2 -2  0 -1  1 -2  0 -1  0  1 -2 -2  1  2 -3 -2  0 0 0 1 1 0.06
 2 -1  1  1 -2 -1  2 -1 -1 -2 -1 -1 -2 -3  2  2 -1 -3 -2 -2 0 0 1 1 0.10
 0 -1  1  3 -3  1  2 -2  2 -2 -3  1 -2 -2 -2 -1  0 -2  2 -1 0 0 1 1 0.13
 1  0  1  1 -2  1  0 -1  2 -2 -1  1  1 -2 -2  1  2 -3 -2 -1 0 0 1 1 0.18
 0  1  2 -1 -2 -1 -1  2  2 -3 -3  0 -2 -3 -2  4  0 -3 -2 -3 0 0 1 1 0.19
-2 -1  2  4 -3  0  2 -2 -1 -3 -3  1 -2 -3  0  0  1 -3 -3 -3 0 0 1 1 0.23
 0 -3 -2  1  9 -3 -3  0 -3 -2 -3 -3 -2 -3 -3  0 -2 -3 -3 -2 0 0 1 1 0.23
-1 -2 -2  0 -2 -2  0  0 -2  2  1 -2  0 -2 -2  1 -1 -3 -2  3 0 0 1 1 0.20
 0 -2 -2  0 -2 -2 -2  0 -2  1  2 -2  2  2 -1 -1 -1 -2 -1  1 0 0 1 1 0.25
-1 -2 -2 -2 -3 -2 -2  2 -2 -3 -1 -2 -2 -2  5  2 -1 -2  1 -2 0 0 1 1 0.24
 0 -2 -1 -1  4 -1  1 -1 -2 -2 -2 -1 -2 -3  1  4  2 -3 -2 -2 0 0 1 0 0.27
-1 -1 -1  1  4 -1  1 -2 -2 -2 -2  1 -2 -3 -2  0  4 -3 -2 -1 0 0 1 1 0.25
-1 -2 -2 -2 -2 -1  0 -3 -1  1  1  0  1  1  3 -1 -1 -1  3  0 0 0 1 0 0.28
-1  0 -1  2 -2 -1 -1  1 -2 -2 -2 -1  0 -3  4  1  2 -3 -2 -2 0 0 1 1 0.24
 0 -2 -2  0 -3  2 -1 -3 -2 -3 -3 -2 -3  2  6  0 -2 -3 -2 -3 0 0 1 1 0.21
-2 -2 -2  0  2  0  5 -2 -2  0 -1 -1 -2 -3  4 -1 -2 -4 -3 -2 0 0 1 1 0.19
-1  0  1 -2  2 -1 -1 -2 -1 -2 -1  2 -1 -1  3  0 -1 -1  4 -2 0 0 1 1 0.14
-1 -2  2  4 -3 -1  1  1 -1 -3 -3 -1 -3 -3  3  0  1 -3 -3 -3 0 0 1 1 0.17
-1 -1 -1 -1  3 -1  0 -2 -1 -1 -1  0 -1  2 -2  2  2 -2  0 -1 0 0 1 0 0.15
-1  3 -1  0  1  0  2 -2 -1 -2 -2  1 -2 -3  2  0  1 -3 -2 -2 0 0 1 1 0.14
-1 -2 -2  0 -2 -2 -2 -3 -1  0  0 -2 -1  0  1 -2  0 -1  5  2 0 0 1 0 0.12
 1 -1  2  2 -2  0  1  0 -1 -3 -3  1 -2 -3  2  2  0 -3 -2 -2 0 0 1 1 0.11
-1 -2 -2 -2 -2 -1  0 -2 -2  1  0 -2  0 -2  2  0  2 -3 -2  3 0 0 1 0 0.10
-1 -1 -1 -1  3 -1  1 -2  4 -2 -1 -1 -1 -2 -2  0  4 -2 -1 -1 0 0 1 0 0.08
-1  0 -1  1 -2  2  1 -2 -1 -2 -2  3 -2 -3  1  1  0 -3 -2 -1 0 0 1 1 0.08
 1 -2 -1  1 -2 -1 -1 -2 -2 -2 -2  0 -2 -3  5  0  3 -3 -3 -2 0 0 1 1 0.08
-1 -2  1  0 -2 -2 -2 -2 -1  0  0 -2  0  4  1  0  0 -1  1  0 0 0 1 0 0.10
 1 -1 -1 -2 -2  0 -1  0  2  0  1 -1  2 -1 -2  0  0 -1  1 -1 0 0 1 0 0.11
 0 -1 -1  0 -2 -1 -1  0 -2  1  1  0  0  0 -2  0  2 -2 -1  1 0 0 1 0 0.17
-2 -2 -2 -2 -3 -2 -2 -3 -2 -1  1 -2 -1  0  6 -2  0 -2  0 -2 0 0 1 0 0.17
-1 -2 -2 -2 -3 -2 -2  0 -2 -3 -3 -2 -3 -3  7  1  0 -3 -3 -3 0 0 1 0 0.18
-1 -2 -2 -2 -2 -2 -2 -2 -1  0  0  0  0  3 -2  1 -1 -1  4  2 0 0 1 0 0.20
 2 -2  1 -2  2 -1 -1 -1 -2  0 -1 -1  1 -2 -2  1  2 -3 -2  1 0 0 1 0 0.22
 3 -2 -2 -2 -2 -2 -2 -1 -2 -2  0 -1 -1 -3  6  0 -1 -3 -2 -1 0 0 1 0 0.28
 0 -1  0  1 -2 -1 -1  1 -1 -3 -3 -1 -2 -3  2  4  0 -3 -2 -2 0 0 1 1 0.39
 1 -1 -1 -1  4  1 -1 -1  1 -1  0 -1 -1 -2 -1  2  2 -2 -2 -1 0 0 1 1 0.58
-1  3 -1 -2  3  1 -1 -2 -1 -1  2  1  0 -1 -2  0 -1 -2 -2 -1 0 0 1 0 0.70
-1  4 -1 -1 -3  0  0 -2  3 -3 -3  3 -2 -3  3 -1 -1 -3 -2 -3 0 0 1 1 0.72
-1  0  5  0 -2  0  0 -1  0 -3 -3  2 -2 -3 -2  1  0 -3 -2 -2 0 0 1 1 0.76
-1  0  0  4 -2  0  0 -1 -1 -2 -2 -1 -2 -2  2  2  2 -3 -2 -2 0 0 1 1 0.77
 0 -1  2  1  3  0  2 -1 -1 -2 -2 -1 -2 -2 -1  3  0 -2 -2 -2 0 0 1 1 0.86
 0  2  0 -1 -2  0  1  0 -1 -2 -2  1 -1 -2 -1  2  1 -2 -2 -2 0 0 1 1 0.90
 0 -1  0 -1 -1 -1 -1  0 -1  1  0  0  0  1 -1  1  1 -1  0  0 0 0 1 1 0.93
 0 -1  1  3 -2  0  0 -1  3 -2 -2 -1 -2 -2  1  3  0 -2 -1 -2 0 0 1 1 0.94
-1 -1  5  0 -2  2  0 -1  2 -3 -3  0 -2 -3 -2  2  0 -3 -2 -2 0 0 1 1 0.93
 0  3  1 -1 -2  2  1 -1 -1 -2 -2  1 -1 -2 -1  2  0 -2 -2 -2 0 0 1 1 0.90
 1  1  2 -1 -2  2  1 -2 -1 -2 -1  3 -1 -3 -2  0 -1 -3 -2 -2 0 0 1 1 0.86
 3  3 -1 -2 -2 -1 -1  1 -2 -2 -2  0 -2 -3  3  0 -1 -3 -2 -2 0 0 1 1 0.81
 1 -1 -1  2 -2 -1  0 -1 -2 -1  1 -1  1 -1 -2  2  0 -2 -2 -1 0 0 1 1 0.75
-1 -2  3  2 -3 -1 -1  4 -1 -4 -4 -1 -3 -4 -2  1 -1 -4 -3 -4 0 0 1 1 0.62
 0 -2 -1 -2 -2 -2 -2 -2 -2 -1 -1 -2 -1  4  4  2  1 -2  1  0 0 0 1 1 0.51
 0 -1  1  0 -2 -1 -1 -2 -2  2  1  0  0 -1  0  1  0 -3 -2  0 0 0 1 1 0.49
 0  0 -1 -1 -2  0  2  2 -1 -2 -2  2 -2 -3 -2  1  1 -3 -2  0 0 0 1 1 0.38
-1 -1  1  3 -3  1  0  3  2 -3 -3 -1 -2 -3 -2  1 -1 -3 -2 -3 0 0 1 1 0.27
 2 -2 -1 -1 -2 -1 -1  1 -2 -2 -1 -1 -2 -3  2  3  1 -3 -2 -2 1 0 0 1 0.21
 1 -2  0 -2 -2 -1 -1  1 -2 -1  1 -1 -1  1 -2  3  0 -2 -1 -1 1 0 0 0 0.16
-2 -3 -4 -4 -2 -3 -3 -4 -3  3  4 -3  2  0 -3 -3 -1 -2 -2  2 1 0 0 0 0.13
 0  0 -1 -1 -3  5  2 -2  2 -3 -2  0 -1 -3 -2  1 -1 -2 -2 -2 1 0 0 0 0.09
-2 -2 -2 -3 -2 -2 -3  1 -2 -1  1 -2 -1  0 -3 -2  0  9  3 -2 1 0 0 0 0.08
 1 -2 -2 -2 -1 -2 -2 -2 -2  1  1 -2  0 -1  3  1  0 -3 -2  1 1 0 0 0 0.05
 2 -1 -1 -2 -1 -1 -1 -1 -1  0 -1  0 -1  2 -2  1  1 -2  1  0 1 0 0 0 0.05
-1 -3 -3 -4 -2 -2 -3 -4 -3  4  1 -3  3 -1 -3 -2 -1 -3 -2  3 1 0 0 0 0.06
 3 -2 -2 -2 -1 -1 -1 -1 -2  0 -1 -1 -1 -2  4  0  0 -3 -2  1 1 0 0 0 0.05
-1 -2 -3 -3 -2  1 -2 -3 -2  1  4 -2  1  0 -3  0 -1 -2 -2  0 1 0 0 0 0.06
-1 -2  1 -2 -2 -2 -2 -3 -2  1 -1 -2 -1 -2  5 -1  1 -4 -2  2 1 0 0 0 0.05
 4 -2 -1 -1 -1 -1 -1  0 -2 -2 -2 -1 -2 -3 -1  3  0 -3 -2 -1 1 0 0 0 0.05
-2 -3 -4 -4  1 -3 -3 -4 -3  2  3 -3  1  3 -3 -3 -2 -1  0  1 1 0 0 0 0.04
 0 -3 -3 -3 -2 -2 -3 -3 -2  2  2 -3  2  4 -3 -1 -1 -1  1  1 1 0 0 0 0.04
 0 -2  0 -1  3 -1 -1 -1 -2 -1 -2 -1 -1  1 -2  4  1 -2 -1  0 1 0 0 0 0.05
-2 -3 -4 -4 -2 -3 -3 -4 -3  1  5 -3  2  0 -3 -3 -2 -2 -2  0 1 0 0 0 0.04
-1 -3 -3 -3 -1 -2 -3 -4 -3  2  2 -3  1  1 -3 -2  1 -2 -1  3 1 0 0 0 0.06
-2 -3 -4 -4 -2 -3 -4 -4 -4  5  2 -3  1 -1 -3 -3 -1 -3 -2  3 1 0 0 0 0.04
 0 -2 -1 -1 -3  1 -1  5 -2 -3 -3 -1 -2 -3  2 -1 -1 -2 -3 -3 1 0 0 0 0.03
-2 -3 -3 -3 -2 -3 -3 -3 -2  0  0 -3  2  6 -3 -2 -2  0  2 -1 1 0 0 0 0.02
 2 -2 -2 -2 -1 -2 -2  0 -2  2  1 -2  0 -1 -2  0 -1 -2 -2  1 1 0 0 0 0.02
 0 -2 -3 -3 -2 -2 -2 -2 -2  1  3 -2  1  4 -2 -2 -1 -1  1  0 1 0 0 0 0.02
 0 -2 -1 -2 -2 -2 -2  6 -2 -2 -3 -2 -2 -3 -2 -1 -1 -2 -3 -1 1 0 0 0 0.02
 3 -2 -2 -2 -1 -1 -1 -1 -2  1 -1 -1  0 -2 -1  0  0 -2 -1  2 1 0 0 0 0.02
-1 -2 -3 -3 -1 -2 -2 -3 -2  2  3 -2  1  1 -2 -2 -1 -1  0  2 1 0 0 0 0.02
-1 -2 -2 -3  5 -2 -2 -2  0 -1 -1 -2 -1  3 -2 -1 -1  1  6 -1 1 0 0 0 0.03
-3 -3 -5 -5 -3 -3 -4 -3 -3 -3 -1 -4 -2  0 -4 -4 -3 12  2 -3 0 1 0 0 0.05
-2  1 -1 -2 -4  0  0 -2 -2 -3 -3  6 -2 -3 -2 -1 -2  6 -1 -3 0 1 0 0 0.07
-1  1 -1 -2 -3  0  0 -3 -2  1 -1  5  1 -3 -2 -1 -1 -3 -2  1 0 0 1 1 0.11
-1  3 -1 -2 -3  0  0 -2 -1 -3 -2  4 -2  2 -2 -1  0 -2 -1 -2 0 0 1 1 0.17
-1  0  0 -1 -3  4  1 -2  5 -3 -2  2 -1 -2 -1  1 -1 -2  0 -2 0 0 1 0 0.19
-1  2 -1 -2 -2 -1 -1 -2  3 -1 -1  0  1 -2  5 -1 -1 -3 -1 -1 0 0 1 1 0.23
-1  3  3  0 -2  0  1 -1  0 -2 -1  1 -1 -2 -1  1  0 -3 -2 -2 0 0 1 1 0.30
-1  1  1 -1 -2  2  0 -2  1 -1  2  0  0 -1 -2  1 -1 -3 -2 -1 0 0 1 1 0.35
 1 -1  0 -1  4 -1 -1  0 -2 -2 -2  0 -2 -3  2  1  3 -3 -2 -1 0 0 1 1 0.45
-1  4  1 -1 -3  2  1 -2 -1 -2 -2  1  1 -3  2  0 -1 -3 -2 -1 0 0 1 1 0.44
 1 -1  2  0 -2  1  1  0 -1 -2 -2  0 -2 -3  1  1  2 -3 -2 -2 0 0 1 1 0.55
 0 -1  1 -1  2  2  1  0 -1  0 -1 -1 -1 -2 -2  0  1 -3 -2  2 0 0 1 1 0.54
-1 -1  1  3 -4  1  5 -2 -1 -4 -3  0 -3 -4 -2  0  0 -4 -3 -3 0 0 1 1 0.50
-2 -1  6  0 -3  1 -1 -1  0 -3 -4 -1 -2 -4  2  1  1 -4 -3 -3 0 0 1 1 0.60
 0  0 -3 -3 -2 -2 -3 -3 -3  3  2 -2  1 -1 -3 -1  1 -3 -2  1 0 0 1 1 0.62
 0  0  1  0 -2  5  2 -1  0 -2 -2  1 -1 -3 -1  0 -1 -2 -2 -2 0 0 1 1 0.73
-1 -2 -2 -2  3 -2 -2 -1 -2  3  0 -2  0 -1 -2 -1  0 -2 -1  2 0 0 1 0 0.63
-1  2  4  0  2  0  0 -1  3 -2 -2  0 -2 -2 -1  1  0 -2 -1 -2 0 0 1 1 0.70
-1  0  0  1 -3  3  4 -2  0 -2 -2  2 -1 -2 -1  0 -1 -2 -2 -2 0 0 1 1 0.63
-1  0  0  1 -3  1  5 -2  0 -2 -2  0 -2 -2 -1  0 -1 -2 -2 -2 1 0 0 1 0.60
 0 -1  0  5 -2  0  2 -1 -1 -2 -2  0 -2 -2 -1  0 -1 -3 -2 -2 1 0 0 1 0.55
-1 -1  5  1 -3  0  1 -1  0 -4 -4  0 -2 -3 -2  2  0 -4 -2 -3 1 0 0 1 0.51
 1  0 -1  1 -3  3  5 -2 -1 -3 -3  0 -2 -4 -2  0 -1 -3 -2 -2 1 0 0 1 0.61
 0 -3 -3 -3 -1 -3 -3 -3 -3  4  1 -3  1 -1 -3 -2 -1 -3 -2  3 1 0 0 1 0.60
 2 -1  0 -1 -1 -1 -1 -1 -1 -3 -3 -1 -2 -3 -1  4  1 -3 -2 -2 1 0 0 1 0.64
-1 -2 -3 -4 -2 -1 -3 -3 -2  1  1 -2  7 -1 -3 -2 -1 -2 -2  2 1 0 0 0 0.58
-2 -2 -3 -2 -2 -1  2 -4 -2  1  4 -2  1  0 -3 -2 -1 -2 -2  0 1 0 0 0 0.63
-1  0  2 -1 -3  5  1 -2  0 -3 -3  0 -1 -4  4 -1 -1 -3 -2 -3 1 0 0 1 0.62
-1  2  0  0 -4  4  4 -2  0 -3 -3  1 -2 -4 -2  0 -1 -3 -2 -3 1 0 0 1 0.58
 2  2  1 -1 -2  0  0 -1 -1 -2 -2  4 -2 -3 -1  0  1 -3 -2 -2 1 0 0 1 0.63
-1 -1  0  3 -4  1  5  1 -1 -4 -4  0 -3 -4 -2 -1 -1 -4 -3 -3 1 0 0 1 0.47
-1  4  3 -1 -3  1  0  0 -1 -3 -3  3 -2 -3 -2  0 -1 -3 -2 -3 1 0 0 1 0.55
 1 -1 -1  1 -3  1  5 -2 -1 -3 -3  0 -2 -4 -2  1 -1 -3 -2 -3 1 0 0 1 0.60
-1 -2 -2 -2 -2 -2 -2 -2  3  0  1 -2  0  4 -3  1 -1 -1  1  0 1 0 0 0 0.74
-1  1 -1 -1 -3  5  1 -3  3 -2  1  0  0 -2 -2 -1 -1 -2 -1 -2 0 0 1 1 0.77
-1  0 -1  0 -3  3  4 -3  2 -2  0  0 -1 -2 -2 -1 -1 -2  1 -2 0 0 1 1 0.82
-1 -3 -3 -4 -1 -3 -3 -4 -4  3  1 -3  1 -1 -3 -2 -1 -3 -2  4 0 0 1 1 0.84
