-1  0  0  2 -4  2  5 -2  0 -3 -3  1 -2 -3 -1  0 -1 -3 -2 -3 0 0 1 1 0.86
 1 -1  1  0 -1  0  0  0 -1 -2 -3  0 -2 -2 -1  4  1 -3 -2 -2 0 0 1 1 0.83
-2  0  6  1 -3  0  0  0  1 -3 -3  0 -2 -3 -2  1  0 -4 -2 -3 0 0 1 1 0.77
-1 -2 -2 -2 -3 -1 -1 -2 -2 -3 -3 -1 -3 -4  8 -1 -1 -4 -3 -2 0 0 1 1 0.72
-2 -2  1  6 -4  0  2 -1 -1 -3 -4 -1 -3 -4 -2  0 -1 -4 -3 -3 0 0 1 1 0.65
-1 -2 -2 -2 -3 -1 -1 -2 -2 -3 -3 -1 -3 -4  8 -1 -1 -4 -3 -2 0 0 1 1 0.38
 0 -1  0 -1 -1 -1 -1 -2 -2 -1 -1 -1 -1 -2 -1  1  5 -3 -2  0 0 0 1 0 0.23
 0 -1  0 -1 -1 -1 -1 -2 -2 -1 -1 -1 -1 -2 -1  1  5 -3 -2  0 0 0 1 1 0.24
-2 -2 -2 -3 -2 -1 -2 -3  2 -1 -1 -2 -1  3 -3 -2 -2  2  7 -1 0 0 1 0 0.19
-1 -2 -2 -2 -3 -1 -1 -2 -2 -3 -3 -1 -3 -4  8 -1 -1 -4 -3 -2 0 0 1 1 0.15
-2 -2  1  6 -4  0  2 -1 -1 -3 -4 -1 -3 -4 -2  0 -1 -4 -3 -3 0 0 1 1 0.22
 0 -3 -3 -3 -1 -2 -3 -3 -3  3  1 -2  1 -1 -2 -2  0 -3 -1  4 0 0 1 0 0.20
-1 -1 -1  0 -2  1  4 -3 -1  1 -1  0 -1 -2 -2 -1 -1 -3 -2  2 0 0 1 1 0.14
-1 -1 -1  1 -3  1  4 -3 -1 -1  1  0  0 -2 -2 -1 -1 -3 -2 -1 0 0 1 1 0.13
 0 -2 -1 -1 -2 -1 -1 -2 -2  1 -1 -1 -1 -2  5  2  0 -3 -2  0 0 0 1 0 0.10
 0  2 -1 -1 -3  0  0 -2 -1 -3 -3  2 -2 -3  5  1  0 -3 -2 -2 0 0 1 1 0.09
-1 -2 -2 -2 -3 -1 -1 -2 -2 -3 -3 -1 -3 -4  8 -1 -1 -4 -3 -3 0 0 1 0 0.06
-1 -2 -2 -2 -2 -2 -2 -3 -3  0 -1 -2 -1 -2  6 -1 -1 -3 -2  2 0 0 1 0 0.06
-1  3 -2 -3 -2 -1 -2 -3 -2  1  2  0  1 -1 -3 -2 -1 -2 -1  2 0 1 0 1 0.04
-1 -3 -3 -3 -1 -3 -3 -4 -3  4  1 -3  1  0 -3 -2 -1 -3 -1  3 0 1 0 0 0.04
 0 -1  3  0 -1  0  0 -1 -1 -2 -2  0 -2 -3 -1  3  3 -3 -2 -2 0 1 0 0 0.04
-2 -3 -3 -4 -2 -3 -3 -4 -3  2  3 -3  1  3 -3 -3 -1 -1  0  1 0 1 0 0 0.03
-2  6 -1 -2 -4  1  0 -3  0 -3 -2  2 -2 -3 -2 -1 -1 -3 -2 -3 0 1 0 0 0.03
 0 -1  5  1 -2  0  0 -1  0 -3 -3  0 -2 -3 -2  3  1 -3 -2 -2 0 1 0 0 0.03
-1 -3 -3 -4 -1 -2 -3 -4 -3  2  3 -3  2  0 -3 -2 -1 -2 -1  2 0 0 1 0 0.03
-1 -1  2 -1 -2  2  0 -2 -1  0  2 -1  1 -1 -2 -1 -1 -2 -2 -1 0 0 1 0 0.03
 0 -1  0 -1 -1 -1 -1 -1 -2 -1 -2 -1 -1 -2 -1  2  4 -3 -2 -1 0 0 1 0 0.04
 2 -2 -1 -2 -2 -2 -2  5 -2 -3 -3 -2 -2 -3 -2  0 -1 -3 -3 -2 0 0 1 0 0.05
-1  0 -1  0 -3  3  2  2 -1 -2 -1  0 -1 -3 -2  0 -1 -2 -2 -2 0 0 1 1 0.05
-1 -2 -3 -2 -2 -2 -2 -3 -2  2  0 -2  3 -1  6 -2 -1 -3 -2  0 0 1 0 0 0.06
-1 -3 -3 -3 -1 -2 -3 -4 -3  3  3 -3  1  0 -3 -2 -1 -2 -1  3 0 0 1 0 0.07
-1  3  0 -1 -3  1  0 -2  4 -3 -3  2 -2 -2 -2  1  0 -3 -1 -3 0 0 1 1 0.08
-2 -1  6  1 -3  0 -1 -1  0 -4 -4  0 -2 -3 -2  0  0 -4 -2 -3 0 0 1 0 0.09
-1  4  0  2 -3  0  0 -2 -1 -3 -2  1 -2 -3  3 -1 -1 -3 -2 -2 0 0 1 1 0.10
 0 -1  0  2 -2  0  0 -1  4 -1 -2 -1 -1 -2 -1  2  0 -2  0  0 0 0 1 1 0.11
-2 -2 -2 -3 -2 -2 -2 -3  0  0  1 -2  0  3 -2 -2 -1  1  5 -1 0 0 1 1 0.12
-2 -1  2  5 -3  0  1 -1 -1 -3 -3 -1 -2 -3 -1  0 -1 -3 -2 -3 0 0 1 1 0.12
 0  2 -1 -2 -2 -1 -1  1 -2  0  1  0  0 -1 -2  1  0 -3 -2  0 0 0 1 1 0.11
-1 -1  4  0 -3  0  0 -1  6 -3 -3 -1 -2 -2 -2  1 -1 -3  0 -3 0 0 1 1 0.10
-1 -1  4  4 -3 -1  0  3 -1 -4 -4 -1 -3 -3 -2  0 -1 -4 -3 -3 0 0 1 1 0.09
-1  1 -1 -2 -2 -1 -1 -2  0 -2 -1  1 -1  2  4 -1 -1  0  3 -2 1 0 0 1 0.08
-1  2  2  0 -2  1  2 -2 -1 -1  1  0  0 -1 -2 -1 -1 -2 -1 -1 1 0 0 1 0.06
 0 -1  0  0 -1  0  2 -1 -1  1 -1  0 -1 -2 -1  1  1 -2 -1  1 1 0 0 0 0.04
 0 -1  2 -1 -1 -1 -1 -1 -1  0 -1 -1  0 -2 -1  1  3 -2 -1  1 1 0 0 0 0.02
-1  0  2  0 -2  2  0  2  4 -3 -2  0 -1 -2 -2  0 -1 -2 -1 -2 0 0 1 0 0.02
-3 -3 -4 -5 -3 -2 -3 -3 -3 -3 -2 -3 -2  1 -4 -3 -3 11  2 -3 0 1 0 0 0.01
-1  3 -1  0 -3  1  3 -2 -1  0 -1  2 -1 -2 -2 -1 -1 -3 -2  1 0 1 0 0 0.01
-1 -3 -3 -4 -1 -2 -3 -4 -3  3  3 -3  1  0 -3 -2 -1 -2 -1  2 0 1 0 0 0.01
 0 -2 -2 -2 -1 -2 -2 -2 -2  2  0 -2  0 -1 -2  1  0 -3 -2  3 0 1 0 0 0.01
-1 -1  0  4 -4  0  3 -2 -1 -3 -3  0 -3 -4  4  0 -1 -4 -3 -3 0 1 0 0 0.01
 0 -2 -3 -3 -1 -2 -2 -3 -1  1  1 -2  0  1 -2 -1 -1 -1  3  3 0 0 1 0 0.01
-1  1 -1 -1 -3  1  0 -2 -1  1 -1  4 -1 -2 -2 -1 -1 -3 -2  0 0 0 1 1 0.01
 0 -2 -1 -2 -1 -1 -2  2 -2  0 -1 -1 -1 -2 -2  0  3 -3 -2  1 0 0 1 0 0.02
-1  1  3  0 -3  0  0 -1 -1 -3 -3  3 -2 -3  4  0 -1 -4 -2 -3 0 0 1 1 0.02
 1 -1  3  3 -2  0  2 -1 -1 -3 -3  0 -2 -3 -1  0 -1 -3 -2 -2 0 0 1 1 0.03
-1  2 -1 -1 -3  0  2 -3  0 -1  1  0  0  0 -2 -1 -1 -1  3 -1 0 0 1 0 0.03
 1  2  0  3 -3  0  2 -1 -1 -3 -3  0 -2 -3 -1  0 -1 -3 -2 -2 0 0 1 1 0.03
-1  0 -1 -2 -1  0 -1 -2 -2  0  3  1  1  0 -1 -1 -1 -1 -1  0 0 0 1 1 0.03
-1 -2 -2 -2 -1 -2 -2 -2 -2  3  2 -2  1  0 -2 -1  0 -2 -1  2 0 0 1 1 0.03
 0  2  0 -1 -1  0  0 -1 -1 -1 -1  0 -1 -2 -1  2  2 -2 -1 -1 0 0 1 0 0.02
 2 -1  0  4 -2  0  1 -1 -1 -2 -2 -1 -2 -2 -1  0 -1 -2 -2 -1 0 0 1 0 0.02
 0 -1 -1 -1 -2  2  0  2 -1 -2 -2  0 -1 -2  4  0 -1 -2 -2 -2 0 0 1 1 0.02
 0 -1  0 -1 -2 -1 -1  4 -1 -2 -2 -1 -2 -2 -1  2  0 -2 -2 -2 0 0 1 0 0.01
 0 -1  0 -1 -2 -1 -1  4 -1 -2 -2 -1 -1 -2 -1  0  2 -2 -2 -1 0 1 0 0 0.01
-2 -2 -2 -3 -2 -1 -2 -3  4 -1  1 -2  0  3 -3 -2 -2  7  2 -1 0 1 0 0 0.01
-1 -3 -3 -3 -1 -3 -3 -4 -3  3  1 -3  1 -1 -3 -2  0 -3 -1  4 0 1 0 0 0.01
-1  0 -1 -1 -3  5  1 -2  0 -1 -1  1  3 -2 -2 -1 -1 -2 -2 -1 0 1 0 0 0.01
-2 -3 -3 -4 -2 -3 -3 -4 -2  3  1 -3  1  5 -3 -3 -1 -1  1  1 0 1 0 0 0.01
-1  4  0 -1 -3  1  0 -2 -1 -3 -3  5 -2 -3 -1 -1 -1 -3 -2 -3 0 1 0 0 0.01
-1 -2  3 -1 -1 -1 -1 -2 -1  1 -1 -1  0 -2 -2  0  2 -3 -2  2 0 0 1 0 0.01
-1 -3 -3 -2 -2 -2 -2 -3 -3  0 -1 -2 -1  1  6 -1 -1 -3 -1  2 0 0 1 0 0.01
-1 -2  3  5 -3 -1  0  2 -1 -4 -4 -1 -3 -3 -2  0 -1 -4 -3 -3 0 0 1 1 0.01
 2  0 -1 -1 -2  0 -1  3 -2 -2 -2  2 -1 -3 -1  1  2 -3 -2 -1 0 0 1 0 0.01
 1 -1  3  3 -2  0  2 -1 -1 -3 -3  0 -2 -3 -1  0 -1 -3 -2 -2 0 0 1 1 0.01
-1  1  0  2 -3  3  4 -2  0 -3 -3  2 -2 -3 -1  0 -1 -3 -2 -3 0 1 0 1 0.01
-1  2 -2 -3  8 -2 -3 -3 -2 -2 -2 -1 -2 -3 -3 -1 -1 -3 -3 -1 0 1 0 0 0.01
-2 -3 -3 -4  5 -3 -3 -3 -2  0  2 -3  1  4 -3 -2 -2 -1  1  0 0 1 0 0 0.01
 3 -2 -2 -2 -1 -1 -2  3 -2 -1  1 -1  0 -2 -2  0 -1 -2 -2  0 0 0 1 0 0.01
-1 -2 -2 -3 -1 -2 -2 -3 -2  2  1 -2  0  3 -2 -1  2 -1  0  2 0 0 1 0 0.01
-1 -2 -2 -2 -2 -2 -2  2 -3 -1  2 -2  0 -1  5 -1 -1 -3 -2 -1 0 0 1 1 0.02
-1 -2  3  4 -3 -1  0  2 -1 -4 -4 -1 -3 -3 -2  0 -1 -4 -3 -3 0 0 1 1 0.02
 0 -1 -1 -1 -3 -1  1  5 -2 -4 -4  1 -3 -3 -2  0 -2 -3 -3 -3 0 0 1 1 0.02
 0  2  0 -1 -3  3  0  4 -1 -3 -3  1 -2 -3 -2  0 -1 -3 -2 -3 0 0 1 0 0.02
 1 -1  3 -1 -1 -1 -1 -1 -1 -1  0 -1 -1 -2 -2  1  3 -3 -2 -1 0 1 0 0 0.02
 1 -1 -2 -2 -1 -1 -1 -2 -2  0  2  1  1 -1 -2  0  2 -2 -1  0 0 1 0 1 0.02
-1 -1  0  2 -2  1  0 -2 -2 -1 -2 -1 -1 -3  4  0  2 -3 -2  0 0 1 0 1 0.02
 1 -3 -3 -4  9 -3 -3 -2 -3 -2 -2 -3 -2 -3 -3 -1 -1 -3 -3 -1 0 0 1 0 0.02
 0  0  3  0 -3  0  0  2 -1 -3 -3  3 -2 -3 -2  1  0 -3 -2 -3 0 0 1 1 0.02
-1  0  0  3 -3  3  2 -2 -1 -3 -3  0 -2 -4  4  0 -1 -3 -2 -3 0 0 1 1 0.02
 0 -2 -1 -2  4 -1 -1 -2 -2  0 -1 -1 -1 -2 -2  2  4 -3 -2  0 1 0 0 0 0.02
-2 -2  1  6 -3 -1  1 -2 -1 -3 -3 -1 -3 -4 -2  0  1 -4 -3 -3 1 0 0 1 0.01
-1  1  2  0 -2  1  2 -1  4 -2 -2  2 -1 -2 -1  0 -1 -2  0 -2 1 0 0 1 0.01
 1 -1  0 -1 -1 -1 -1 -1 -2 -1 -2 -1 -1 -2 -1  2  4 -3 -2  0 1 0 0 0 0.01
-1 -2 -3 -4 -1 -2 -3 -4 -3  2  4 -3  2  0 -3 -2 -1 -2 -1  2 0 0 1 0 0.01
-3 -3 -3 -4 -3 -3 -4 -3 -2  0  0 -3  0  7 -4 -3 -2  1  3 -1 0 1 0 0 0.01
 0  2  3  0 -2  0  0 -1 -1 -2 -2  0 -1 -3 -2  2  2 -3 -2 -2 0 1 0 0 0.01
-2 -3 -3 -4 -2 -3 -3 -4 -2  1  3 -3  1  4 -3 -3 -2  0  1  0 0 1 0 0 0.01
-1 -3 -3 -3 -1 -3 -3 -4 -3  4  1 -3  1  0 -3 -2 -1 -3 -1  3 0 1 0 0 0.01
-1 -2 -2 -2 -2 -1 -1 -2 -2 -2 -3 -1 -2 -3  7  0  2 -4 -3 -2 0 1 0 0 0.01
 0 -1  0 -1 -1 -1 -1 -1 -1 -2 -2 -1 -1 -2 -1  3  4 -3 -2 -1 0 1 0 0 0.01
-1 -1  3  4 -3  0  2 -1 -1 -3 -3  0 -2 -3 -2  0  2 -4 -2 -2 0 0 1 0 0.01
 0 -1  0 -1 -1 -1 -1 -2 -2 -1 -1 -1 -1 -2 -1  1  5 -3 -2  0 0 0 1 0 0.01
 0 -3 -1 -2 -3 -2 -2  6 -2 -4 -4 -2 -3 -3 -2  0 -2 -3 -3 -3 0 0 1 0 0.01
 4 -2 -2 -2 -1 -1 -1  0 -2 -2 -2 -1 -1 -2 -1  1  0 -3 -2  0 0 0 1 0 0.01
-1 -3 -3 -4 -2 -3 -3 -3 -2  1  0 -3  0  5 -3 -2 -1 -1  1  3 0 1 0 0 0.01
-1  0 -1 -2 -2  4  0 -3 -1  2  1  0  1 -1 -2 -1 -1 -2 -1  0 0 1 0 0 0.01
-2 -3 -3 -3 -1 -3 -3 -4 -3  4  2 -3  1  0 -3 -3 -1 -3 -1  2 0 1 0 0 0.01
-1  1  0 -1 -3  1  0 -2 -1 -2 -2  4 -1 -3 -1  0  2 -3 -2 -2 0 1 0 0 0.01
 0 -1  1  4 -2  0  2 -1 -1 -3 -3  0 -2 -3 -1  3  0 -3 -2 -2 0 1 0 0 0.01
 1 -2 -3 -2 -1 -2 -2 -2 -3  2  0 -2  0 -1  4 -1 -1 -3 -2  2 0 0 1 0 0.01
-1 -2  2 -1 -2 -2 -2  2 -2  0  2 -2  0 -1 -3 -1 -1 -2 -2 -1 0 0 1 1 0.01
 0 -1  2 -1 -1 -1 -1 -1 -1 -1  1 -1  0 -2 -2  2  2 -3 -2 -1 0 0 1 1 0.01
 0 -2 -1 -1 -3 -1  0  6 -2 -4 -4 -1 -3 -3 -2  0 -2 -3 -3 -3 0 0 1 0 0.01
-1  2 -1 -2 -3  3  0 -2 -1 -1  0  2  0  3 -2 -1 -1 -1  0 -1 0 0 1 1 0.01
-1 -4 -3 -4  9 -3 -4 -3 -3 -2 -2 -3 -2 -3 -3 -1 -1 -3 -3 -1 0 1 0 0 0.02
-2 -2 -3 -4 -2 -2 -3 -4 -2  2  3 -3  2  3 -3 -2 -1 -1  0  1 0 1 0 0 0.02
-1 -1  3 -1 -2 -1 -1 -2 -1  0  1 -1  0 -2 -2  0  3 -3 -2  0 0 1 0 0 0.01
 0 -1  0  3 -2 -1  0  3 -1 -3 -3 -1 -2 -3 -1  3  0 -3 -3 -3 0 0 1 0 0.01
-1  0  0  1 -3  1  4 -2  4 -3 -3  0 -2 -3 -1  2  0 -3 -1 -3 0 0 1 1 0.01
-1  0  3  3 -2  0  0 -1 -1 -3 -3  2 -2 -3 -1  2  0 -4 -2 -3 0 0 1 1 0.01
-2 -2  2 -1 -2 -2 -2 -2  0  1  0 -2  0  3 -3 -1 -1  0  4  1 0 0 1 1 0.01
 0 -2  0  3 -2 -1  0  2 -2 -2 -3 -1 -2 -3 -1  2  2 -3 -2 -2 0 0 1 1 0.01
 0 -2  1  4 -3 -1  0  2 -1 -3 -4 -1 -3 -3 -2  2  0 -4 -3 -3 0 0 1 0 0.01
-2 -2 -3 -4 -2 -2 -3 -4 -1  1  3 -3  1  4 -3 -2 -2  0  4  0 0 0 1 1 0.01
 0  3  0 -1 -2  0  0  2 -1 -3 -3  2 -2 -3 -2  2  0 -3 -2 -2 0 1 0 1 0.01
-2 -3 -3 -4 -2 -3 -3 -4 -2  1  3 -3  1  5 -3 -3 -2  0  1  0 0 1 0 1 0.01
-1  0  0  1 -3  3  4 -2  0 -3 -3  2 -1 -3 -1  0  1 -3 -2 -2 0 1 0 0 0.02
-1  0  3  0 -2  0  0 -2 -1 -2 -3  2 -2 -3  4  0  2 -3 -2 -2 0 0 1 1 0.02
-1 -4 -3 -4  9 -3 -4 -3 -3 -2 -2 -3 -2 -3 -3 -1 -1 -3 -3 -1 0 0 1 0 0.02
-1 -3 -2 -3 -1 -2 -3  2 -3  2  2 -2  1 -1 -3 -2 -1 -3 -2  2 0 0 1 1 0.03
 1  2  2  1 -2  0  0  1 -1  0 -2  0 -1 -2 -2  0 -1 -3 -2 -1 0 0 1 1 0.03
-1 -1  1  4 -2  0  1 -1 -1 -2 -3 -1 -2 -3 -1  2  2 -4 -3 -2 0 0 1 1 0.04
 0 -2 -2 -2 -1 -2 -2 -2 -2  2  2 -2  1  2 -2  1  0 -2  0  2 0 0 1 0 0.05
 1  0  0 -1 -2  0  0  2 -1 -3 -3  2 -2 -3 -1  3  1 -3 -2 -2 0 0 1 1 0.05
 1  3 -1 -1 -2  0  0  2 -1 -3 -2  2 -2 -3 -2  0 -1 -3 -2 -2 0 0 1 1 0.05
-1  2  0  3 -4  1  4 -2 -1 -3 -3  1 -2 -3 -2  0 -1 -3 -2 -3 0 0 1 1 0.04
-1 -1  3 -1 -1 -1 -1 -2 -1  0 -1 -1 -1 -2 -2  1  3 -3 -2  1 0 1 0 1 0.03
-1 -3 -3 -3 -1 -3 -3 -3 -3  3  1 -3  1  3 -3 -2 -1 -2  0  3 0 1 0 0 0.03
 0 -2 -1 -1 -2 -1 -1 -2 -2 -3 -3 -1 -2 -3  6  2  0 -4 -3 -2 0 0 1 1 0.02
-1 -1 -2 -2 -2  2 -1 -3 -2  0  2 -1  1 -1  4 -1 -1 -2 -2 -1 1 0 0 0 0.02
 2  0  0 -1 -2  0 -1  3 -1 -3 -3  2 -2 -3 -1  2  0 -3 -2 -2 1 0 0 0 0.02
-2 -1 -1 -2 -3 -1 -1 -3  6 -1  1 -2  0  1 -3 -2 -2 -1  4 -1 1 0 0 0 0.01
-1 -1 -2 -3 -2  2 -1 -3 -2  1  4 -1  1  0 -3 -2 -1 -2 -1  0 0 0 1 0 0.01
-3 -3 -4 -5 -3 -2 -3 -3 -3 -3 -2 -3 -2  1 -4 -3 -3 11  2 -3 0 1 0 0 0.01
-1 -2 -2 -3 -2 -1 -2  2 -2  2  1 -2  5 -1 -3 -2 -1 -2 -2  1 0 1 0 0 0.01
-2 -3 -4 -4 -1 -3 -3 -4 -3  3  3 -3  2  0 -3 -3 -1 -2 -1  2 0 1 0 0 0.01
 1 -1  4  0 -2 -1 -1 -1 -1 -1  1 -1  0 -2 -2  0  0 -3 -2 -1 0 1 0 0 0.01
-1 -2 -2 -2 -3 -2 -1 -2 -2 -3 -3 -1 -3 -4  8 -1 -1 -4 -3 -3 0 0 1 0 0.01
-1 -2 -2 -2 -3 -1 -1 -2 -2 -3 -3 -1 -3 -4  8 -1 -1 -4 -3 -3 0 0 1 0 0.01
-2 -3 -3 -4 -2 -3 -3 -3 -2  1  2 -3  1  5 -3 -3 -2  0  2  0 0 0 1 1 0.02
 1 -2  0 -1 -2 -1 -1  5 -2 -3 -3 -1 -2 -3 -2  2  0 -3 -3 -3 0 0 1 0 0.02
-1 -2 -2 -2 -3 -1 -1 -2 -2 -3 -3 -1 -3 -4  8 -1 -1 -4 -3 -3 0 0 1 1 0.05
 3 -1  0 -1 -1  0  0  0 -1 -2 -2  0 -1 -2 -1  3  1 -3 -2 -1 0 0 1 0 0.09
-1  4  0 -1 -3  1  0 -2 -1 -3 -2  4 -1 -3 -2 -1 -1 -3 -2 -2 0 0 1 1 0.13
-1 -3 -3 -3 -1 -3 -3 -4 -3  3  3 -3  2  0 -3 -2 -1 -2 -1  2 0 1 0 0 0.16
-2 -2 -3 -4 -1 -2 -3 -4 -3  2  4 -3  2  0 -3 -3 -1 -2 -1  1 0 0 1 0 0.17
-1  4 -2 -2 -2  0 -1 -3 -1  2  0  1  0 -1 -2 -1 -1 -3 -2  1 0 0 1 1 0.21
-1 -2 -2 -2 -3 -1 -1 -2 -2 -3 -3 -1 -3 -4  8 -1 -1 -4 -3 -2 0 0 1 1 0.26
-1 -2 -2 -2 -3 -1 -1 -2 -2 -3 -3 -1 -3 -4  8 -1 -1 -4 -3 -2 0 0 1 1 0.40
 0 -3 -3 -3 -1 -2 -3 -3 -3  3  1 -2  1 -1 -2 -2  0 -3 -1  4 0 0 1 0 0.54
-1  4  0 -2 -3  0 -1  4 -1 -3 -3  1 -2 -3 -2 -1 -1 -3 -2 -3 0 0 1 1 0.67
-1  6  0 -2 -3  1  0 -2  0 -3 -2  2 -1 -3 -2 -1 -1 -3 -2 -3 0 0 1 1 0.73
-2  0  6  1 -3  0  0  0  1 -3 -3  0 -2 -3 -2  1  0 -4 -2 -3 0 0 1 1 0.73
-1  1  0  0 -3  5  2 -2  0 -3 -2  1  0 -3 -1  0 -1 -2 -1 -2 0 0 1 1 0.79
 0 -2  0 -1 -3 -2 -2  6 -2 -4 -4 -2 -3 -3 -2  0 -2 -3 -3 -3 0 0 1 1 0.83
 1 -1  1  0 -1  0  0  0 -1 -2 -3  0 -2 -2 -1  4  1 -3 -2 -2 0 0 1 1 0.88
