-1 -1 -2 -3 -1  0 -2 -2 -1  1  2 -1  5  0 -2 -1 -1 -1 -1  1 0 0 1 1 0.96
 4 -1 -1 -2  0 -1 -1  0 -2 -1 -1 -1 -1 -2 -1  1  0 -2 -2  0 0 0 1 1 0.97
-1 -2 -2 -1 -3 -1 -1 -2 -2 -3 -3 -1 -2 -3  7 -1 -1 -3 -3 -2 0 0 1 1 0.97
-1  2  0 -1 -3  1  1 -1 -1 -2 -2  4 -1 -3 -1  0 -1 -3 -2 -2 0 0 1 1 0.97
-1  5  0 -1 -3  1  0 -2  0 -3 -2  2 -1 -3 -2 -1 -1 -2 -2 -2 0 0 1 1 0.97
 1 -1  1  0 -1  0  0  0 -1 -2 -2  0 -1 -2 -1  4  1 -3 -2 -2 0 0 1 1 0.97
-1  5  0 -1 -3  1  0 -2  0 -3 -2  2 -1 -3 -2 -1 -1 -2 -2 -2 0 0 1 1 0.98
-1  5  0 -1 -3  1  0 -2  0 -3 -2  2 -1 -3 -2 -1 -1 -2 -2 -2 0 0 1 1 0.98
 1 -1  1  0 -1  0  0  0 -1 -2 -2  0 -1 -2 -1  4  1 -3 -2 -2 0 0 1 1 0.98
-1  0  5  1 -2  0  0  0  1 -3 -3  0 -2 -3 -2  1  0 -3 -2 -3 0 0 1 1 0.98
-1  5  0 -1 -3  1  0 -2  0 -3 -2  2 -1 -3 -2 -1 -1 -2 -2 -2 0 0 1 1 0.98
-1  5  0 -1 -3  1  0 -2  0 -3 -2  2 -1 -3 -2 -1 -1 -2 -2 -2 0 0 1 1 0.97
 4 -1 -1 -2  0 -1 -1  0 -2 -1 -1 -1 -1 -2 -1  1  0 -2 -2  0 0 0 1 1 0.96
 0 -2  0 -1 -2 -2 -2  5 -2 -3 -3 -1 -2 -3 -2  0 -1 -2 -3 -3 0 0 1 1 0.92
 1 -1  1  0 -1  0  0  0 -1 -2 -2  0 -1 -2 -1  4  1 -3 -2 -2 0 0 1 0 0.90
-1  5  0 -1 -3  1  0 -2  0 -3 -2  2 -1 -3 -2 -1 -1 -2 -2 -2 1 0 0 1 0.85
 4 -1 -1 -2  0 -1 -1  0 -2 -1 -1 -1 -1 -2 -1  1  0 -2 -2  0 0 0 1 1 0.72
 4 -1 -1 -2  0 -1 -1  0 -2 -1 -1 -1 -1 -2 -1  1  0 -2 -2  0 0 0 1 1 0.53
 4 -1 -1 -2  0 -1 -1  0 -2 -1 -1 -1 -1 -2 -1  1  0 -2 -2  0 0 0 1 1 0.43
 0 -1  0 -1 -1 -1 -1 -1 -2 -1 -1 -1 -1 -2 -1  1  4 -2 -1  0 0 0 1 1 0.31
 1 -1  1  0 -1  0  0  0 -1 -2 -3  0 -2 -2 -1  4  1 -3 -2 -2 0 1 0 1 0.16
-1  0 -1 -2 -2  4  0 -3 -1  0  2  0  1 -1 -2 -1 -1 -2 -1  0 0 1 0 1 0.11
-1 -2 -3 -3 -1 -1 -2 -3 -2  2  1 -2  4  0 -2 -2  0 -2 -1  3 0 1 0 0 0.07
-1 -1 -1 -2 -2 -1 -1 -2  0 -1 -1 -1 -1  1 -2  0  3  1  5 -1 0 1 0 1 0.05
-2 -2  1  6 -4  0  2 -1 -1 -3 -4 -1 -3 -4 -2  0 -1 -4 -3 -3 0 1 0 0 0.04
-1 -2 -1 -2 -1 -1 -2 -2 -2  2  0 -1  0 -1 -2  0  3 -3 -2  1 0 1 0 1 0.03
-1 -2 -2 -3  6 -1 -3 -3 -2  0  1 -2  4 -1 -3 -1 -1 -2 -1  0 0 1 0 0 0.02
-2 -2 -2 -3 -2 -1 -2 -3  2 -1 -1 -2 -1  3 -3 -2 -2  2  7 -1 0 1 0 1 0.02
 0 -2 -1 -2 -2 -2 -2  4 -2  0 -1 -2 -1 -2 -2 -1 -1 -3 -2  1 0 1 0 0 0.02
 1 -1  0 -1 -1  0  0 -1 -1 -2 -2  0 -1 -2 -1  3  3 -3 -2 -1 0 0 1 0 0.02
-2 -2 -3 -4 -1 -2 -3 -4 -3  2  4 -3  2  0 -3 -2 -1 -2 -1  1 0 0 1 0 0.02
 0 -1  0 -1 -1 -1 -1 -2 -2 -1 -1 -1 -1 -2 -1  1  5 -2 -2  0 0 0 1 1 0.02
-1 -1 -2 -1 -2  0  2 -3 -2  0  3 -1  1  0 -2 -1 -1 -2 -1  0 0 0 1 0 0.03
 0  3  0 -1 -3  0 -1  4 -1 -3 -3  0 -2 -3 -2  0 -1 -3 -3 -3 0 0 1 1 0.03
 3 -1  0 -1 -1  0  0  0 -1 -2 -2  0 -1 -2 -1  3  1 -3 -2 -1 0 0 1 1 0.03
 0 -1  0 -1 -1 -1 -1 -2 -2 -1 -1 -1 -1 -2 -1  1  5 -2 -2  0 0 1 0 1 0.04
 0 -1  0 -1 -1 -1 -1 -2 -2 -1 -1 -1 -1 -2 -1  1  5 -2 -2  0 0 1 0 0 0.04
 0 -1  0 -1 -1  0 -1 -1 -1 -1 -2 -1 -1 -2 -1  3  4 -3 -2 -1 0 1 0 1 0.03
-2 -3 -4 -4 -2 -2 -3 -3 -2 -1 -1 -3 -1  4 -4 -3 -2  9  2 -2 0 1 0 0 0.03
 0  0  0 -1 -2  3  0 -2 -1 -1 -2  0 -1 -3 -1  1  4 -2 -2 -1 0 1 0 0 0.04
-1  6  0 -2 -3  1  0 -2  0 -3 -2  2 -1 -3 -2 -1 -1 -3 -2 -3 1 0 0 0 0.03
-1  2  0 -1 -3  4  1 -2  0 -3 -2  4 -1 -3 -1  0 -1 -3 -2 -2 1 0 0 1 0.03
 0 -1  5  1 -2  0  0  0  0 -3 -3  0 -2 -3 -2  2  1 -3 -2 -2 1 0 0 0 0.03
-2 -3 -3 -4 -2 -3 -3 -3 -1  0  0 -3  0  6 -4 -2 -2  1  3 -1 0 0 1 0 0.03
-1 -2 -2 -2 -3 -1 -1 -2 -2 -3 -3 -1 -3 -4  8 -1 -1 -4 -3 -2 1 0 0 1 0.02
 0 -2  0 -1 -2 -1 -2  4 -2 -2 -3 -1 -2 -3 -2  0  2 -3 -2 -2 1 0 0 1 0.02
-2 -2 -3 -4 -1 -2 -3 -4 -3  2  4 -3  2  0 -3 -2 -1 -2 -1  1 1 0 0 0 0.03
 3  0 -1 -1 -1  0  0  0 -1 -2 -2  2 -1 -3 -1  1  0 -3 -2 -1 1 0 0 1 0.02
-1 -1  5  1 -3 -1 -1  3  0 -3 -4 -1 -2 -3 -2  0 -1 -3 -2 -3 1 0 0 1 0.03
-1 -1 -2 -3 -1  0 -2 -3 -2  1  2 -1  6  0 -3 -2 -1 -1 -1  1 0 0 1 0 0.02
 0 -2  0 -1 -3 -2 -2  6 -2 -4 -4 -2 -3 -3 -2  0 -2 -3 -3 -3 0 0 1 1 0.02
-2 -2  1  6 -4  0  2 -1 -1 -3 -4 -1 -3 -4 -2  0 -1 -4 -3 -3 0 0 1 0 0.01
-1  6  0 -2 -3  1  0 -2  0 -3 -2  2 -1 -3 -2 -1 -1 -3 -2 -3 0 0 1 0 0.01
 2 -2 -2 -2 -2 -1 -1 -1 -2 -2 -2 -1 -2 -3  6  0 -1 -3 -2 -1 0 0 1 0 0.01
-2 -3 -3 -4 -2 -3 -3 -3 -1  0  0 -3  0  6 -4 -2 -2  1  3 -1 0 1 0 0 0.01
-1  1  0  0 -3  5  2 -2  0 -3 -2  1  0 -3 -1  0 -1 -2 -1 -2 0 1 0 0 0.01
 0 -3 -3 -3 -1 -2 -3 -3 -3  3  1 -2  1 -1 -2 -2  0 -3 -1  4 0 1 0 0 0.01
-1 -3 -3 -3 -1 -3 -3 -4 -3  4  1 -3  1  0 -3 -2  0 -3 -1  3 0 1 0 1 0.01
 3 -1  0 -1 -1  0  0  0 -1 -2 -2  0 -1 -2 -1  3  1 -3 -2 -1 0 1 0 0 0.01
 2 -2 -2 -3 -1 -2 -2 -1 -2  0  0 -2  0  4 -2  0 -1 -1  1  1 0 1 0 0 0.01
 0  1  0 -1 -2  1  0 -2 -1 -2 -2  4 -1 -3 -1  0  2 -3 -2 -1 0 1 0 0 0.01
-1 -3 -3 -3 -1 -3 -3 -4 -3  4  2 -3  1  0 -3 -2 -1 -3 -1  3 0 1 0 0 0.01
 0 -1 -1 -2 -1  3  0 -3 -1  1  0  0  0 -2 -2 -1  0 -3 -1  3 0 1 0 0 0.02
 0 -2 -2 -2 -1 -2 -2  3 -3  1  0 -2  0 -2 -2 -1 -1 -3 -2  3 0 1 0 0 0.02
 1 -1  0 -1 -1 -1 -1 -1 -2  0 -1 -1 -1 -2 -1  3  1 -3 -2  2 0 1 0 0 0.02
 1 -1  1  0 -1  0  0  0 -1 -2 -3  0 -2 -2 -1  4  1 -3 -2 -2 0 1 0 0 0.02
 4 -1 -2 -2  0 -1 -1  0 -2 -1 -2 -1 -1 -2 -1  1  0 -3 -2  0 0 0 1 1 0.01
 2 -1 -1 -1 -1 -1 -1 -1 -1 -1 -1 -1 -1  2 -1  2  0 -1  0 -1 0 0 1 0 0.01
-1 -2 -2 -2 -3 -1 -1 -2 -2 -3 -3 -1 -3 -4  8 -1 -1 -4 -3 -2 0 0 1 0 0.01
-1 -2 -3 -3 -1 -1 -2 -3 -2  1  3 -2  5  0 -3 -2 -1 -2 -1  1 0 1 0 0 0.01
-1 -2 -3 -3 -1 -1 -3 -3 -2  1  3 -2  4  0 -3 -2 -1 -2 -1  1 0 1 0 0 0.01
-2 -2 -2 -3 -2 -1 -2 -3  2 -1 -1 -2 -1  3 -3 -2 -2  2  7 -1 0 1 0 0 0.01
-1  1  3  0 -3  4  1 -1  0 -3 -3  1 -1 -3 -2  0  0 -3 -2 -2 0 1 0 0 0.01
 4 -1 -2 -2  0 -1 -1  0 -2 -1 -2 -1 -1 -2 -1  1  0 -3 -2  0 0 1 0 0 0.01
-1  6  0 -2 -3  1  0 -2  0 -3 -2  2 -1 -3 -2 -1 -1 -3 -2 -3 0 1 0 0 0.01
-2 -2 -3 -4 -1 -2 -3 -4 -3  2  4 -3  2  0 -3 -2 -1 -2 -1  1 0 1 0 0 0.01
-2 -2 -2 -3 -2 -1 -2 -3  2 -1 -1 -2 -1  3 -3 -2 -2  2  7 -1 0 0 1 0 0.01
 0 -1  4  0 -1  0  0  0  0 -3 -3  0 -2 -3 -1  3  1 -3 -2 -2 0 0 1 0 0.02
-1 -2 -2 -2 -3 -1 -1 -2 -2 -3 -3 -1 -3 -4  8 -1 -1 -4 -3 -2 0 0 1 1 0.02
-1 -1  0 -1 -3  0 -1  3  6 -3 -3 -1 -2 -2 -2 -1 -2 -2  1 -3 0 0 1 1 0.03
-2 -2  1  6 -4  0  2 -1 -1 -3 -4 -1 -3 -4 -2  0 -1 -4 -3 -3 0 0 1 1 0.03
-1 -1  1  5 -2  0  1 -1 -1 -2 -3 -1 -2 -3 -1  0  2 -3 -2 -2 0 0 1 1 0.04
-2 -2  1  6 -4  0  2 -1 -1 -3 -4 -1 -3 -4 -2  0 -1 -4 -3 -3 0 0 1 1 0.04
 0 -1  5  1 -2  0  0  0  0 -3 -3  0 -2 -3 -2  2  1 -3 -2 -2 0 0 1 0 0.05
 0 -3 -3 -3 -1 -2 -3 -3 -3  3  1 -2  1 -1 -2 -2  0 -3 -1  4 0 0 1 1 0.04
 0 -1  0 -1 -3 -1 -1  4  5 -4 -3 -1 -2 -2 -2 -1 -2 -2  0 -3 0 1 0 1 0.04
 3 -1  0 -1 -1  0  0  0 -1 -2 -2  0 -1 -2 -1  3  1 -3 -2 -1 0 1 0 1 0.04
 0 -1  0 -1 -1 -1 -1 -2 -2 -1 -1 -1 -1 -2 -1  1  5 -2 -2  0 0 0 1 0 0.04
 0 -2  0 -1 -3 -2 -2  6 -2 -4 -4 -2 -3 -3 -2  0 -2 -3 -3 -3 0 0 1 1 0.04
-1 -2 -3 -3 -1 -2 -3 -4 -3  2  3 -2  2  0 -3 -2 -1 -2 -1  2 0 0 1 0 0.03
-1  1  0  0 -3  5  2 -2  0 -3 -2  1  0 -3 -1  0 -1 -2 -1 -2 0 1 0 0 0.03
-1 -2 -3 -3 -1 -1 -2 -3 -2  1  3 -2  5  0 -3 -2 -1 -2 -1  1 0 1 0 0 0.03
 0 -1  0 -1 -1  0 -1 -1 -1  0  0 -1  3 -1 -1  3  1 -2 -1  0 0 1 0 0 0.03
 0 -2  0 -1 -3 -2 -2  6 -2 -4 -4 -2 -3 -3 -2  0 -2 -3 -3 -3 0 0 1 0 0.04
 0 -1  0 -1 -1 -1 -1 -2 -2 -1 -1 -1 -1 -2 -1  1  5 -2 -2  0 0 0 1 0 0.03
 0 -2 -1 -2 -1 -1 -1 -2 -2  1  0 -1  0 -2 -2  0  3 -3 -1  2 0 0 1 1 0.03
-1 -2 -2 -2 -3 -1 -1 -2 -2 -3 -3 -1 -3 -4  8 -1 -1 -4 -3 -2 0 0 1 0 0.03
-1  6  0 -2 -3  1  0 -2  0 -3 -2  2 -1 -3 -2 -1 -1 -3 -2 -3 0 1 0 1 0.03
 0 -1  0 -1 -1 -1 -1 -2 -2 -1 -1 -1 -1 -2 -1  1  5 -2 -2  0 0 1 0 1 0.03
-1 -1  0 -2 -2  0 -1 -3  6  0 -1 -1  0 -1 -2 -1 -1 -3  1  2 0 1 0 0 0.03
-2  5  0 -1 -3  1  0 -2  5 -3 -2  2 -1 -2 -2 -1 -1 -3  0 -3 0 1 0 1 0.03
-1 -2 -3 -3 -1 -1 -2 -3 -2  1  3 -2  5  0 -3 -2 -1 -2 -1  1 0 1 0 0 0.03
-1  4  0 -1 -2  0  0 -2 -1 -2 -2  1 -1 -3 -2  0  3 -3 -2 -1 0 0 1 1 0.03
 3 -2 -2 -2 -1 -1 -1 -1 -2 -2 -2 -1 -2 -3  5  0  0 -3 -2 -1 0 0 1 0 0.02
-1  3 -2 -3 -2  0 -1 -3 -1  0  3  0  1 -1 -3 -2 -1 -2 -1  0 0 0 1 1 0.02
-1 -2 -2 -2 -2 -2 -2 -3 -3  1 -1 -2 -1 -2  6 -1 -1 -3 -2  2 0 0 1 1 0.02
 0 -2  0 -1 -3 -2 -2  6 -2 -4 -4 -2 -3 -3 -2  0 -2 -3 -3 -3 0 0 1 1 0.02
-1  1  0  0 -3  5  2 -2  0 -3 -2  1  0 -3 -1  0 -1 -2 -1 -2 0 0 1 0 0.02
-2  0  6  1 -3  0  0  0  1 -3 -3  0 -2 -3 -2  1  0 -4 -2 -3 0 0 1 1 0.02
-1 -1  4  0 -2  0 -1 -1 -1 -2 -2  0 -1 -2 -1  1  3 -3 -2 -1 0 0 1 1 0.02
-3 -3 -4 -4 -2 -2 -3 -3 -2 -3 -2 -3 -1  1 -4 -3 -3 11  2 -3 0 0 1 1 0.02
-2 -3 -3 -4 -2 -3 -3 -3 -1  0  0 -3  0  6 -4 -2 -2  1  3 -1 0 1 0 0 0.02
 0 -1  0 -1 -1 -1 -1 -1 -1 -1 -1 -1 -1  4 -2  3  0 -1  1 -1 0 0 1 1 0.02
 0 -2  0 -1 -3 -2 -2  6 -2 -4 -4 -2 -3 -3 -2  0 -2 -3 -3 -3 0 0 1 0 0.02
-2  0  6  1 -3  0  0  0  1 -3 -3  0 -2 -3 -2  1  0 -4 -2 -3 0 0 1 1 0.02
 0 -1  0 -1 -1 -1 -1 -2 -2 -1 -1 -1 -1 -2 -1  1  5 -2 -2  0 0 0 1 0 0.02
 0 -1  0  1 -2  1  3 -1 -1 -3 -3  0 -2 -3 -1  3  1 -3 -2 -2 0 0 1 1 0.01
 0 -1  0  1 -2  1  3 -1 -1 -3 -3  0 -2 -3 -1  3  1 -3 -2 -2 0 0 1 1 0.01
 2 -1 -1 -1 -1 -1 -1 -1 -2 -1 -1 -1 -1 -2 -1  1  3 -3 -2  0 0 0 1 1 0.01
-1  1  0  1 -3  4  4 -2  0 -3 -2  1 -1 -3 -1  0 -1 -2 -2 -2 0 0 1 0 0.01
 0 -2 -1 -2 -1 -2 -2 -2 -2  2  0 -2  0 -1 -2  0  3 -3 -1  3 0 1 0 1 0.01
-1 -3 -3 -3 -1 -3 -3 -4 -3  4  2 -3  1  0 -3 -2 -1 -3 -1  3 0 1 0 0 0.01
-1 -2 -3 -3 -1 -2 -3 -3 -3  2  2 -2  1  0 -3 -2  0 -2 -1  3 0 1 0 0 0.01
 4 -1 -2 -2  0 -1 -1  0 -2 -1 -2 -1 -1 -2 -1  1  0 -3 -2  0 0 1 0 0 0.01
-1 -3 -3 -3 -1 -3 -3 -4 -3  4  2 -3  1  0 -3 -2 -1 -3 -1  3 0 1 0 0 0.02
-2 -2  1  6 -4  0  2 -1 -1 -3 -4 -1 -3 -4 -2  0 -1 -4 -3 -3 0 1 0 0 0.02
 0 -2  0 -1 -3 -2 -2  6 -2 -4 -4 -2 -3 -3 -2  0 -2 -3 -3 -3 0 1 0 0 0.04
-2 -2 -3 -4 -1 -2 -3 -4 -3  2  4 -3  2  0 -3 -3 -1 -2 -1  1 0 1 0 0 0.05
-1  1 -1 -2 -2  0  0 -2 -2  1 -1  3  0 -2 -2 -1  0 -3 -2  2 0 0 1 0 0.08
 0 -1  0 -1 -1  0 -1 -1 -1 -1 -2  0 -1 -2 -1  3  4 -3 -2 -1 0 0 1 0 0.12
 0  1  0 -1 -2  1  0 -2 -1 -2 -2  3 -1 -3 -1  1  3 -3 -2 -1 0 0 1 1 0.19
 0  1  0 -1 -2  0  0 -2 -1 -1 -2  3 -1 -3 -1  1  3 -3 -2 -1 0 0 1 1 0.20
 0 -2  0 -1 -1 -1 -1  3 -2 -2 -2 -1 -1 -3 -2  1  3 -3 -2 -1 0 0 1 1 0.23
 2 -2  0  4 -2 -1  1 -1 -1 -2 -3 -1 -2 -3 -1  0 -1 -3 -3 -2 0 0 1 1 0.21
 2 -1  3  0 -1 -1 -1 -1 -1  0 -1 -1 -1 -2 -2  0  0 -3 -2  1 0 0 1 1 0.20
 2 -1 -1 -1 -1 -1 -1 -1 -2 -1 -1 -1 -1 -2 -1  1  3 -3 -2  0 0 0 1 0 0.21
-1 -2 -2 -2 -3 -1 -1 -2 -2 -3 -3 -1 -3 -4  8 -1 -1 -4 -3 -2 0 0 1 0 0.19
 0  0  0  0 -2  4  1 -1  0 -3 -2  1 -1 -3 -1  2  0 -2 -2 -2 0 0 1 1 0.23
-2  0  6  1 -3  0  0  0  1 -3 -3  0 -2 -3 -2  1  0 -4 -2 -3 0 1 0 0 0.17
 3 -1 -1 -1 -1 -1 -1  0 -2 -1 -1 -1 -1 -2 -1  1  3 -3 -2  0 0 1 0 0 0.13
 0 -3 -3 -3 -1 -2 -3 -3 -3  3  1 -2  1 -1 -2 -2  0 -3 -1  4 0 1 0 0 0.09
 3 -2 -2 -2 -1 -1 -2 -1 -2  2  0 -1  0 -1 -1  0  0 -3 -2  1 0 1 0 0 0.07
 0 -3 -3 -3 -1 -2 -3 -3 -3  3  1 -2  1 -1 -2 -2  0 -3 -1  4 0 1 0 0 0.05
 0  0  0 -1 -2  4  1 -2  0 -2 -2  1 -1 -3 -1  1  3 -2 -2 -1 0 1 0 0 0.03
 0 -3 -2 -2 -2 -2 -3  3 -3  2  0 -2  0 -1 -2 -1 -1 -3 -2  2 0 1 0 0 0.03
 0 -2 -1 -2  6 -2 -2 -2 -2 -1 -1 -2 -1  3 -2  1  0 -1  0 -1 0 1 0 0 0.02
-2 -2 -2 -3 -2 -2 -3 -3  1 -1  0 -2 -1  5 -3 -2 -2  2  6 -1 0 1 0 0 0.04
-1  6  0 -2 -3  1  0 -2  0 -3 -2  2 -1 -3 -2 -1 -1 -3 -2 -3 0 1 0 1 0.05
-1 -2 -3 -3 -1 -2 -3 -3 -3  2  2 -2  1  0 -3 -2  0 -2 -1  3 0 1 0 0 0.09
 4 -1 -2 -2  0 -1 -1  0 -2 -1 -2 -1 -1 -2 -1  1  0 -3 -2  0 0 0 1 0 0.09
-1 -2 -2 -2 -3 -1 -1 -2 -2 -3 -3 -1 -3 -4  8 -1 -1 -4 -3 -2 0 0 1 1 0.07
 1 -1  1  0 -1  0  0  0 -1 -2 -3  0 -2 -2 -1  4  1 -3 -2 -2 0 0 1 1 0.11
-1  0  0  2 -4  2  5 -2  0 -3 -3  1 -2 -3 -1  0 -1 -3 -2 -3 0 0 1 1 0.19
-2 -2 -3 -4 -1 -2 -3 -4 -3  2  4 -3  2  0 -3 -3 -1 -2 -1  1 0 0 1 1 0.36
-1  1  0  0 -3  5  2 -2  0 -3 -2  1  0 -3 -1  0 -1 -2 -1 -2 0 0 1 1 0.43
 1 -1  1  0 -1  0  0  0 -1 -2 -3  0 -2 -2 -1  4  1 -3 -2 -2 0 0 1 1 0.59
 3 -1  0 -1 -1 -1 -1  0 -1 -2 -2 -1 -1 -2 -1  3  1 -3 -2 -1 0 0 1 1 0.69
