-2  0  6  1 -3  0  0  0  1 -3 -3  0 -2 -3 -2  1  0 -4 -2 -3 0 0 1 1 0.54
-1 -2 -3 -4 -1 -2 -3 -4 -3  1  4 -2  2  0 -3 -2 -1 -2 -1  1 0 0 1 1 0.38
-2 -2 -2 -3 -2 -1 -2 -3  2 -1 -1 -2 -1  3 -3 -2 -2  2  7 -1 0 0 1 1 0.47
-2 -3 -3 -3 -2 -3 -3 -3 -1  0  0 -3  0  6 -4 -2 -2  1  3 -1 0 0 1 1 0.40
-1  1  0  0 -3  5  2 -2  0 -3 -2  1  0 -3 -1  0 -1 -2 -1 -2 0 0 1 1 0.40
 0 -2  0 -1 -2 -2 -2  5 -2 -4 -4 -2 -3 -3 -2  0 -2 -2 -3 -3 0 0 1 1 0.30
-2  0  1 -1 -3  0  0 -2  7 -3 -3 -1 -2 -1 -2 -1 -2 -2  2 -3 0 0 1 1 0.20
-1 -2 -2 -3 -2 -1 -2 -3 -2  1  2 -2  7  0 -3 -2 -1 -2 -1  1 0 0 1 0 0.19
-1  4  0 -1 -3  3  1 -2  0 -3 -3  2 -1 -3 -2  1 -1 -3 -2 -3 0 0 1 0 0.11
-1  3 -1 -2 -3  0  0 -3 -1 -1  1  3  2 -2 -2 -1 -1 -3 -2 -1 0 1 0 0 0.06
-2 -3 -3 -4 -2 -3 -3 -4 -2  4  1 -3  1  1 -3 -3 -1 -1  3  2 0 1 0 0 0.04
-2 -3 -3 -4 -3 -3 -3 -4  0 -1  0 -3 -1  6 -4 -3 -2  1  5 -1 0 1 0 0 0.03
-2 -3 -4 -4 -2 -3 -3 -4 -3  3  4 -3  2  0 -3 -3 -1 -2 -1  1 0 1 0 0 0.03
 5 -2 -2 -2 -1 -1 -1  0 -2 -2 -2 -1 -1 -3 -1  1  0 -3 -2  0 0 1 0 0 0.02
 0 -3 -1 -2  8 -2 -2 -2 -3 -2 -2 -2 -2 -3 -2  2  0 -3 -3 -1 0 0 1 0 0.02
-1 -3 -3 -2 -3 -2 -2 -3 -3 -3 -3 -1 -3 -4  8 -1 -2 -4 -4 -3 0 0 1 0 0.01
-2 -2 -3 -4 -3 -2 -3 -4  1 -2 -2 -2 -1  3 -4 -2 -2  2  8 -2 0 0 1 0 0.02
 1 -1  0 -1 -1  0  0 -1 -1 -3 -3 -1 -2 -3 -1  5  1 -3 -2 -2 0 0 1 1 0.02
-1 -1  1  3 -3  0  0 -2  7 -4 -3 -1 -2 -2 -2  1 -1 -3  0 -3 0 0 1 1 0.02
 2 -2 -1  2 -2 -1  0 -1 -2 -3 -3 -1 -2 -3  5  1 -1 -4 -3 -2 0 0 1 1 0.03
-2 -1  1  6 -4  0  3 -2 -1 -4 -4  0 -3 -4 -2  0 -1 -4 -3 -3 0 0 1 1 0.03
 1 -1 -1  0 -2  2  2 -1 -1 -3 -3  0 -2 -3  4  2  0 -3 -2 -2 1 0 0 1 0.02
 2 -1  3  0 -2  0  1 -1 -1 -2 -2  0 -2 -3 -1  2  2 -3 -2 -1 1 0 0 1 0.02
 0 -3 -3 -4 -1 -3 -3 -4 -4  2  1 -3  0 -1 -3 -2  0 -3 -2  5 1 0 0 0 0.02
-1  3 -2 -3 -2 -1 -2 -3 -2  2  0  0  0 -2 -3 -2 -1 -3 -2  3 1 0 0 0 0.01
-1  0  2  1 -4  2  5 -2  3 -4 -3  0 -2 -3 -2  0 -1 -3 -2 -3 1 0 0 1 0.01
-1  0 -1  0 -3  3  3 -3  0 -1 -1  0  3  0 -2 -1 -1 -1  3 -1 1 0 0 1 0.01
-2  6 -1 -2 -4  1  0 -3 -1 -4 -3  2 -2 -3 -3 -1 -2 -3 -2 -3 1 0 0 0 0.01
-2 -3 -3 -4 -3 -3 -3 -4  0 -1  0 -3 -1  6 -4 -3 -2  1  5 -1 1 0 0 0 0.01
 0  4 -1 -2 -2  2 -1 -2 -1 -1  2  1  0 -2 -2 -1 -1 -3 -2 -1 1 0 0 1 0.01
 3 -1 -2 -1 -1  1  1 -1 -2  1 -1 -1 -1 -2 -1  0  0 -3 -2  0 1 0 0 1 0.01
 3 -3 -3 -3  8 -2 -3 -1 -3 -2 -2 -2 -2 -3 -2  0 -1 -3 -3 -1 1 0 0 0 0.01
-1 -2  4  2  4 -1 -1 -2 -1 -1  0 -1 -1 -2 -2  0  2 -3 -2 -1 1 0 0 1 0.01
-1  4  0 -1 -4  3  2 -2 -1 -3 -3  4 -2 -3 -2 -1 -1 -3 -2 -3 1 0 0 1 0.01
 0 -2 -2 -3 -2 -2 -2 -3  3  1  0 -2  0  3 -3 -1 -1 -1  3  2 1 0 0 0 0.01
 4 -2 -2 -2 -1 -1 -1  0 -2 -2 -2 -1 -1 -3 -1  1  2 -3 -2 -1 1 0 0 0 0.01
 4 -2 -2 -2 -1 -1 -1  0 -2 -1 -2 -1 -1 -2 -1  2  0 -3 -2  1 1 0 0 1 0.01
 2  0  1  0 -2  2  2 -1  4 -2 -2  1 -2 -3 -1  0  1 -3 -1 -2 1 0 0 1 0.01
-2 -2 -3 -3 -2 -2 -3 -4  3  3  3 -3  1  0 -3 -2 -1 -2 -1  1 1 0 0 0 0.01
 2 -2 -3 -3 -1 -2 -3 -2 -3  2  3 -2  1 -1 -2 -1 -1 -3 -2  2 1 0 0 1 0.01
-1  1 -1 -1  3  0  2 -3 -1 -1  0  2 -1 -2 -2  0  1 -3 -2 -1 1 0 0 1 0.01
 2  0 -1 -2 -2  0 -1 -1  4 -2 -1  2  2 -2 -2  1 -1 -3 -1 -1 0 0 1 1 0.01
 0 -3 -1 -2 -3 -2 -3  6 -3 -4 -4 -2 -3 -4 -3 -1 -2 -3 -4 -4 0 0 1 1 0.01
-2  2  1 -2 -3  2 -1 -3  5  1 -1  0 -1  2 -3 -1 -1 -2  1 -1 0 0 1 0 0.01
 4 -2 -2 -3 -1 -2 -2 -1 -3  2  0 -2  0 -2 -2  0  0 -3 -2  2 0 1 0 1 0.01
-1 -3 -2 -3 -1 -2 -2 -3 -3  2  0 -2  0 -2  3 -1  2 -3 -2  3 0 1 0 0 0.01
-3 -3 -3 -4 -3 -3 -4 -4 -1 -1  0 -3 -1  7 -4 -3 -3  1  5 -1 0 1 0 0 0.01
 1 -1  0 -1 -1 -1 -1 -1 -1 -3 -3 -1 -2 -3 -1  5  1 -3 -2 -2 0 1 0 0 0.01
-1  0 -1 -1 -3  5  1 -2 -1 -3 -3  0 -2 -4  6 -1 -1 -3 -3 -3 1 0 0 0 0.01
-1 -3 -4 -4 -1 -3 -3 -4 -4  5  1 -3  1 -1 -3 -3 -1 -3 -2  4 1 0 0 0 0.01
 0 -1  0 -1 -1 -1 -1 -1 -1 -1 -2 -1 -1 -2 -1  3  4 -2 -2 -1 1 0 0 0 0.01
-1 -1 -1 -2 -2  0 -1 -2  5  0  1 -1  6 -1 -2 -1 -1 -2  0  0 1 0 0 1 0.01
 1 -1  0 -1 -1  0  0 -1 -1 -2 -2  0 -1 -2 -1  4  2 -2 -2 -1 1 0 0 0 0.01
-2 -1  0 -1 -3  0  0 -2  8 -3 -3 -1 -2 -1 -2 -1 -2 -2  1 -3 1 0 0 0 0.01
-1 -2 -2 -2 -3 -1 -1 -2 -2 -3 -3 -1 -2 -3  8 -1 -1 -3 -3 -2 1 0 0 1 0.02
-1 -3 -3 -3 -1 -2 -3 -3 -3  4  1 -2  1 -1 -2 -2 -1 -2 -1  3 1 0 0 1 0.02
 1 -1  6  1 -2  0 -1 -1  0 -3 -3 -1 -2 -3 -2  0  0 -3 -2 -2 1 0 0 0 0.02
-1  2 -1 -2 -2  2 -1  1 -1  0  2  0  0 -1 -2 -1 -1 -2 -2 -1 1 0 0 1 0.03
-1 -2 -2 -3  5  0 -2 -3 -1  1  0 -2  0  0 -2 -1 -1 -1  3  3 1 0 0 1 0.03
-1 -2 -2 -2 -1 -1 -2 -2 -2  1  3 -2  1  0 -2  1 -1 -2 -1  0 1 0 0 0 0.04
 3 -1 -2 -1 -1 -1  0 -1 -2 -1  1 -1  0 -2 -1  0  0 -2 -2  0 0 0 1 1 0.04
 0  0  0 -1 -2  2  1  3 -1 -3 -3  2 -2 -3 -2  2  0 -3 -2 -3 0 0 1 1 0.05
-1 -1  0 -1 -3  2  0  3  3 -2 -1  1 -1 -2 -2  0  1 -3 -1 -2 0 0 1 1 0.05
-1 -2  0  3 -3 -1  1  3 -2  0 -2 -1 -2 -3 -2  0  1 -3 -3 -1 0 0 1 1 0.04
-1  3  1  2 -3  2  0 -2 -1 -2  0  2 -1 -3 -2 -1 -1 -3 -2 -2 1 0 0 1 0.04
 2 -1 -1  2 -2 -1  0 -1 -2 -3 -3  2 -2 -3  5  0 -1 -4 -3 -2 1 0 0 1 0.03
 1  2  1 -1 -2  0  0  1  3 -1 -2  0 -1 -2 -2  0 -1 -3 -1  1 1 0 0 1 0.03
 1 -2 -2 -2 -1 -2 -2 -2 -2  2  1 -2  0 -1 -2  2  0 -3 -2  1 1 0 0 0 0.02
-1 -2 -1 -2 -2 -1 -2  3  4 -3 -2 -2 -2 -1 -2 -1 -2  8  0 -3 1 0 0 1 0.02
-1  2  0  0 -3  2  2  2 -1 -3 -2  2 -1 -3 -1  0 -1 -2 -2 -2 1 0 0 1 0.01
-1 -2 -2 -3 -2 -2 -2 -3 -2  2  2 -2  3  4 -2 -2 -1 -1  1  1 1 0 0 1 0.01
-3 -4 -5 -5 -3 -3 -4 -3 -3 -3 -2 -4 -2  0 -5 -4 -3 12  2 -4 1 0 0 0 0.01
 2  0 -1 -1 -2  0  1 -1 -1 -1 -1  1  2 -2 -1  2  0 -3 -2 -1 1 0 0 1 0.01
 1 -1 -1  2 -3  2  1 -2 -1 -3 -3  0 -2 -4  5  1 -1 -4 -3 -2 1 0 0 1 0.01
-1 -2 -2 -3 -2  1 -1 -3 -1  2  0 -2  0  1 -3 -2 -1 -1  4  2 1 0 0 1 0.01
-2 -2  3  6 -4 -1  1 -2 -1 -4 -4 -1 -3 -4 -2  0 -1 -5 -3 -4 1 0 0 0 0.01
 2  1 -1  2 -2 -1 -1 -2 -2  0  1 -1  3 -2 -2  0  0 -3 -2  0 1 0 0 1 0.01
 1 -1 -1 -1 -2  0  1 -2 -1  0  1  1  1  1 -2  1  0 -2 -1  0 1 0 0 1 0.01
-3 -3 -3 -4 -3 -3 -4 -4 -1 -1  0 -3 -1  7 -4 -3 -3  1  5 -1 1 0 0 1 0.01
-2 -2 -3 -4 -2 -2 -3 -4 -3  1  4 -2  5  0 -3 -2 -1 -2 -1  0 1 0 0 0 0.01
 0  0  0  4 -3  2  3 -2 -1 -3 -3  2 -2 -4 -1  0 -1 -3 -3 -3 1 0 0 1 0.01
 2  3 -1 -2 -2  0 -1 -2  4 -2  0  0  1 -2 -2  0 -1 -3 -1 -1 1 0 0 1 0.01
 1 -3 -3 -4  7 -2 -3 -3 -3  0  1 -2  4 -1 -3 -1 -1 -2 -2  0 0 0 1 0 0.01
-1 -1  0  4 -3  1  4 -2 -1 -3 -3  0 -2 -3 -1  1  1 -4 -3 -2 0 0 1 1 0.01
 1 -1 -1  1 -3  1  5  2 -1 -3 -3  0 -2 -4 -2  0 -1 -3 -3 -2 0 1 0 0 0.01
-2 -2 -4 -4 -2 -2 -3 -4 -3  1  4 -3  3  0 -3 -3 -1 -2 -1  1 0 1 0 0 0.01
-1 -3 -4 -4 -2 -3 -3 -4 -4  4  1 -3  1 -1 -3 -3 -1  5 -1  3 0 1 0 0 0.01
 1 -3 -3 -3 -1 -2 -3 -3 -3  3  1 -2  0 -1 -3 -1  0 -3 -2  4 0 1 0 0 0.00
-2 -3 -4 -4 -2 -3 -3 -4 -3  2  4 -3  2  0 -3 -3 -1 -2 -1  2 0 0 1 0 0.00
-1 -2  0  4  4 -1  0 -2  3 -2 -2 -1  1 -3 -2  0  1 -3 -1 -2 0 0 1 0 0.01
-2 -3 -4 -4 -2 -3 -3 -4 -3  2  4 -3  2  0 -3 -3 -1 -2 -1  1 0 0 1 0 0.01
 1 -2 -1  1 -3 -1  0  1 -2 -3 -3 -1 -3 -4  6  0 -1 -4 -3 -2 0 0 1 1 0.01
 0 -3 -1 -2 -3 -2 -3  6 -3 -4 -4 -2 -3 -4 -3 -1 -2 -3 -4 -4 0 0 1 1 0.01
-3 -4 -5 -5 -3 -3 -4 -3 -3 -3 -2 -4 -2  0 -5 -4 -3 12  2 -4 1 0 0 0 0.01
-2  1  0  4 -4  1  4 -2 -1 -4 -3  1 -3 -4 -2 -1 -1 -4 -3 -3 1 0 0 1 0.01
-1  0  2  4 -4  2  3 -2 -1 -3 -3  2 -2 -4 -2  0 -1 -4 -3 -3 1 0 0 1 0.01
 1 -1  0 -1 -1 -1 -1 -1 -1 -3 -3 -1 -2 -3 -1  5  1 -3 -2 -2 0 0 1 0 0.02
 2 -2 -1 -1 -2 -1  1  3 -2  1 -1 -1 -1 -2 -2  0 -1 -3 -2  1 1 0 0 1 0.02
 0 -3 -1 -2 -3 -2 -3  6 -3 -4 -4 -2 -3 -4 -3 -1 -2 -3 -4 -4 1 0 0 0 0.02
-1 -3 -3 -4 -1 -2 -3 -4 -3  4  1 -3  3 -1 -3 -2 -1 -3 -2  3 1 0 0 0 0.02
 1  3 -1 -1 -2  3  0 -2 -1 -2  0  3 -1 -2 -2  0 -1 -3 -2 -2 1 0 0 1 0.03
 2  4 -1 -2 -2  0 -1 -2 -1 -1 -1  1  2 -2 -2  0  1 -3 -2 -1 1 0 0 1 0.04
-1 -1 -1  1 -4  2  6 -3 -1 -4 -4  0 -3 -4 -2 -1 -1 -4 -3 -3 1 0 0 0 0.04
-2  1 -3 -3 -2 -2 -3 -4 -3  5  1 -1  2 -1 -3 -2 -1 -3 -2  2 1 0 0 0 0.03
-1  2 -1  1 -4  3  4 -2  0 -4 -3  2 -2 -4 -2 -1 -1 -3 -2 -3 1 0 0 1 0.03
 1 -2 -3 -2 -2 -2  0 -3 -2  1  0 -2  0  5 -3 -1 -1 -1  1  1 1 0 0 1 0.04
 1 -3 -3 -3 -2 -3 -3 -2 -1 -1  0 -3 -1  6 -3 -1 -2  0  4 -1 1 0 0 0 0.04
 1  2 -1  0 -3  3  3 -2 -1 -3 -3  3 -1 -3 -1  0 -1 -3 -2 -2 1 0 0 1 0.04
 1  2  0  1 -2  0  2  0 -1 -2 -2  0 -2 -3 -1  1  1 -3 -2 -2 1 0 0 1 0.04
-1  3 -1 -2 -2  0 -1  0 -1  0  1  1  2 -1 -2  0 -1 -2 -2 -1 0 0 1 1 0.04
-1 -2  2  2 -3 -2 -1  5 -2 -4 -4 -1 -3 -4 -2  0 -2 -3 -3 -4 0 0 1 1 0.03
-1  3 -1 -1 -3  4  1 -2 -1 -2  0  3  0 -2 -2 -1 -1 -2 -2 -2 0 0 1 1 0.03
-1  4 -1 -2 -3  0 -1  0  3 -3 -3  1 -2 -3  4 -1 -1 -3 -1 -3 0 1 0 1 0.03
-1 -3 -4 -4 -1 -3 -3 -4 -4  2  2 -3  1 -1 -3 -2 -1 -3 -2  4 0 1 0 0 0.03
 0 -2 -1 -1 -2 -1 -1 -1 -1 -2 -2 -1 -2 -1  4  3  1 -1  3 -2 0 1 0 0 0.03
-1 -3 -4 -4 -2 -3 -3 -4 -3  2  3 -3  1  3 -3 -2 -1 -1  0  2 0 1 0 0 0.04
-3 -3 -4 -5 -3 -2 -3 -3 -3 -2  1 -3 -1  1 -4 -3 -3 11  2 -2 1 0 0 0 0.06
 0 -1  0  0 -1  0  2 -1 -1 -2 -2  0 -2 -3 -1  3  3 -3 -2 -2 1 0 0 1 0.06
-1 -1  0  2 -4  2  4  1 -1 -4 -3  0 -2 -4 -2  0 -1 -3 -3 -3 1 0 0 1 0.06
 2 -1 -1  1 -1 -1 -1 -2 -2  1 -1  1  0 -2 -2  0  0 -3 -2  2 1 0 0 0 0.10
-1  0  0  3 -3  1  4 -2 -1 -3 -3  1 -2 -3 -1  2  0 -3 -2 -3 1 0 0 1 0.13
 0 -1 -1 -2 -3  0 -1 -2  6 -2 -1  0 -1  4 -2 -1 -2 -1  2 -2 1 0 0 1 0.22
 1  0 -1  1 -3  1  4 -2 -1 -3 -3  2 -2 -3 -1  0 -1 -3 -2 -2 1 0 0 1 0.28
-2 -2 -3 -2 -2 -2  1 -3 -1  0  0 -2  0  6 -3 -2 -2  0  2  1 1 0 0 0 0.43
-1  3  0 -1 -3  5  1 -2  0 -3 -2  3 -1 -3 -2  0 -1 -2 -2 -3 0 0 1 1 0.58
