-1 -2 -2 -3 -2 -1 -2 -3 -2  1  2 -2  6  0 -3 -2 -1 -2 -1  1 0 0 1 1 0.95
-1  0  0  3 -4  2  5 -2  0 -3 -3  0 -2 -3 -1  0 -1 -3 -2 -3 0 0 1 1 0.93
-2  6 -1 -2 -4  1  0 -3  0 -3 -2  2 -2 -3 -2 -1 -1 -3 -2 -3 0 0 1 1 0.87
-1  3  0 -1 -3  1  1 -2 -1 -3 -3  5 -2 -3 -1  0 -1 -3 -2 -3 0 0 1 1 0.85
 1 -2 -1 -2 -1 -1 -1 -2 -2  0  0 -1  1 -2  2  0  3 -3 -2  1 0 0 1 1 0.82
-1  5  0 -1 -3  1  0 -2  0 -3 -2  2 -2 -3 -2  1 -1 -3 -2 -3 0 0 1 1 0.76
-1 -1 -1  2 -2  2  2 -2 -1  0  2  0  0 -1 -2  0  1 -2 -2 -1 0 0 1 1 0.70
 0  2  0 -1 -2  0  0 -1  3 -3 -3  1 -2 -3  3  2  0 -3 -1 -2 0 0 1 1 0.65
-1  0 -1  1 -4  2  6 -2  0 -4 -3  1 -2 -4 -1  0 -1 -3 -2 -3 0 0 1 1 0.48
-1 -2 -2 -2 -3 -2 -1 -3 -3 -3 -3 -1 -3 -4  8 -1 -1 -4 -3 -3 0 0 1 1 0.28
-1 -3 -2 -2 -3 -2 -2 -3 -3 -2 -2 -1 -2 -4  8 -1 -1 -4 -3  0 0 0 1 1 0.19
 0 -1  0 -1 -1 -1 -1 -2 -2 -1 -2 -1 -1 -2 -1  1  5 -3 -2  0 0 0 1 1 0.13
-2 -2 -4 -4 -2 -2 -3 -4 -3  1  4 -3  3  0 -3 -3 -1 -2 -1  1 1 0 0 0 0.09
 5 -2 -2 -2 -1 -1 -1  0 -2 -2 -2 -1 -1 -3 -1  1  0 -3 -2  0 1 0 0 0 0.06
-2 -3 -4 -4 -2 -3 -3 -4 -2  1  3 -3  1  5 -3 -3 -2  0  1  0 1 0 0 0 0.06
-2  5  0 -2 -4  1  0 -3  5 -3 -3  1 -2 -3 -2 -1 -2 -3 -1 -3 1 0 0 1 0.07
-2 -2 -3 -4 -2 -2 -3 -4 -3  1  4 -2  4  0 -3 -2 -1 -2 -1  1 0 0 1 0 0.04
-1  3  0 -1 -3  1  1 -2 -1 -3 -3  5 -2 -3 -1  0 -1 -3 -2 -3 0 0 1 1 0.05
 1 -2 -1 -1 -2 -1 -1 -2 -2 -2 -3 -1 -2 -3  6  2  1 -3 -3 -2 1 0 0 1 0.04
-2 -2 -3 -4 -3 -2 -3 -3  1 -2 -2 -2 -1  2 -4 -2 -2  8  7 -2 1 0 0 0 0.05
-1  2  0 -1 -3  1  1 -2 -1 -3 -3  5 -2 -3 -1  0 -1 -3 -2 -3 1 0 0 1 0.04
 2 -1  0 -1 -1 -1 -1 -1 -2 -1 -2 -1 -1 -2 -1  2  4 -3 -2  0 1 0 0 1 0.03
 4 -2 -2 -2 -1 -1 -2 -1 -2  2  0 -1  0 -2 -1  0  0 -3 -2  1 1 0 0 0 0.04
-1 -2  3 -1 -2 -2 -2 -2 -2  3  0 -2  0 -1 -3 -1  1 -3 -2  1 1 0 0 0 0.03
-1  1  0 -1 -3  5  1 -2  0 -3 -3  3 -1 -4 -1  0 -1 -3 -2 -3 1 0 0 1 0.03
-1  0  0 -1 -3  5  1 -2  0 -3 -3  1 -1 -3  3  1 -1 -3 -2 -2 1 0 0 1 0.02
-2 -2 -4 -4 -2 -2 -3 -4 -3  1  4 -3  2  0 -3 -3 -1 -2 -1  1 1 0 0 0 0.02
-2  6 -1 -2 -4  1  0 -3 -1 -3 -3  3 -2 -3 -2 -1 -1 -3 -2 -3 1 0 0 1 0.02
 2 -1  0 -1  4 -1 -1 -1 -2 -2 -2 -1 -2 -3 -1  3  1 -3 -2 -1 1 0 0 1 0.02
-1 -3 -3 -4 -1 -3 -3 -4 -3  3  1 -3  1  3 -3 -2 -1 -1  1  3 1 0 0 0 0.02
 2 -3 -3 -3 -1 -2 -2 -2 -3  3  1 -2  0 -1 -2 -1  0 -3 -2  3 1 0 0 0 0.02
-1  5 -1 -2 -4  1  0 -2 -1 -3 -3  3 -2 -3 -2 -1 -1 -3 -2 -3 1 0 0 1 0.02
 1 -2 -1 -2 -1 -1 -2  1 -2  0  1 -1  0 -1 -2  1  2 -2 -2  0 1 0 0 0 0.02
-2 -2 -4 -4 -2 -2 -3 -4 -3  1  4 -3  2  0 -3 -3 -1 -2 -1  1 1 0 0 0 0.02
-1  3  0 -1 -3  1  1 -2 -1 -3 -3  5 -2 -3 -1  0 -1 -3 -2 -3 1 0 0 1 0.02
-1 -1  0  3 -4  1  5 -2  0 -4 -3  0 -2 -4 -1  0 -1 -3 -2 -3 0 0 1 1 0.02
-2 -1  6  1 -3  0 -1 -1  0 -4 -4  0 -3 -3 -2  0  0 -4 -2 -3 0 0 1 1 0.02
 1 -1  0 -1 -1 -1 -1 -2 -2 -1 -2 -1 -1 -2 -1  1  5 -3 -2  0 0 0 1 1 0.02
 0 -1  0 -1 -1 -1 -1 -2 -2 -1 -2 -1 -1 -2 -1  1  5 -3 -2  0 0 1 0 1 0.02
 0 -3 -3 -3 -1 -3 -3 -4 -3  3  1 -3  1 -1 -3 -2  0 -3 -1  4 0 1 0 0 0.02
 0 -1  0 -1 -1 -1 -1 -1 -2 -1 -2 -1 -1 -2 -1  2  5 -3 -2 -1 0 1 0 1 0.02
-3 -3 -3 -4 -3 -4 -4 -4 -2  0  0 -4  0  7 -4 -3 -2  1  3 -1 0 1 0 0 0.02
-1 -2 -2 -3 -1 -2 -2 -3 -3  1  4 -2  1  0 -3 -1  2 -2 -1  0 0 0 1 1 0.02
-1 -2 -2 -1 -3 -1  1 -2 -2 -3 -3 -1 -3 -4  8 -1 -1 -4 -3 -3 0 0 1 1 0.02
 0 -1  0 -1 -1  3  0 -2 -1 -1 -2  0 -1 -3 -1  1  4 -3 -2 -1 0 0 1 1 0.02
-1 -2 -2 -2 -3 -2 -1 -3 -3 -3 -3 -1 -3 -4  8 -1 -1 -4 -3 -3 0 0 1 0 0.02
 4 -1 -1 -2 -1 -1 -1  0 -2 -2 -2 -1 -1 -3 -1  2  0 -3 -2 -1 1 0 0 0 0.02
-1 -2 -3 -4 -1 -2 -3 -4 -3  3  3 -2  3  0 -3 -2 -1 -2 -1  1 1 0 0 0 0.01
-1 -3 -3 -3 -1 -3 -3 -4 -4  4  1 -3  1 -1 -3 -2 -1 -3 -1  4 1 0 0 0 0.01
-1 -3 -3 -4 -1 -3 -3 -4 -3  3  3 -3  1  0 -3 -2 -1 -2 -1  3 1 0 0 0 0.01
-1  1  0 -1 -3  6  2 -2  0 -3 -3  1 -1 -4 -2  0 -1 -2 -2 -3 1 0 0 0 0.01
 0 -1  0 -1 -1 -1 -1 -1 -2 -1 -2 -1 -1 -2 -1  3  5 -3 -2 -1 1 0 0 0 0.01
 2 -2 -3 -3 -1 -2 -2 -2 -3  2  0 -2  0 -2 -2  0  0 -3 -2  3 1 0 0 0 0.01
-1  5 -1 -1 -4  1  0 -2 -1 -3 -3  4 -2 -3 -2 -1 -1 -3 -2 -3 1 0 0 1 0.01
 1 -1  4  0 -2  0 -1 -1  0 -3 -3  0 -2 -3  2  2  0 -4 -2 -2 1 0 0 1 0.01
-2  0  2 -1 -3  3  0 -2  7 -3 -3  0 -1 -1 -2 -1 -1 -2  3 -3 1 0 0 1 0.01
-1 -3 -3 -3  6 -2 -3 -3  2  0  2 -3  0  3 -3 -2 -2 -1  0 -1 1 0 0 0 0.01
 0 -3 -3 -4 -1 -3 -3 -4 -3  3  1 -3  1 -1 -3 -2  0 -3 -1  4 0 0 1 0 0.01
 2 -1  0 -1 -1  1  0  1 -1 -1  0  0 -1 -2 -1  3  0 -3 -2 -1 0 0 1 1 0.01
-1  2  0 -1 -3  1  1 -2 -1 -3 -3  5 -2 -3 -1  0 -1 -3 -2 -3 0 1 0 1 0.01
-2 -3 -4 -4 -1 -3 -3 -4 -3  4  3 -3  1  0 -3 -3 -1 -3 -1  2 0 1 0 0 0.01
 0 -2 -1 -2 -1 -1 -2 -2 -2  1  0 -1  0 -2 -2  1  4 -3 -2  2 0 1 0 1 0.01
-2 -3 -3 -4 -2 -3 -4 -4 -2  2  1 -3  0  6 -4 -3 -2  0  2  0 0 1 0 0 0.01
-2  0  6  1 -3  2  0 -1  3 -4 -3  0 -2 -3 -2  0 -1 -4 -1 -3 0 0 1 1 0.01
 2 -1  0 -1 -1  0 -1  0 -1 -2 -2 -1 -2 -3 -1  4  1 -3 -2 -1 0 0 1 0 0.01
 0 -1  0  0 -2  0  3 -1 -1 -3 -3  0 -2 -3 -1  3  2 -3 -2 -2 0 0 1 1 0.01
-1 -4 -3 -4 10 -3 -4 -3 -3 -2 -2 -4 -2 -3 -3 -1 -1 -3 -3 -1 0 1 0 0 0.01
-2 -2 -4 -4 -2 -2 -3 -4 -3  1  4 -3  2  0 -3 -3 -1 -2 -1  1 0 1 0 0 0.01
-2 -2 -3 -4 -3 -2 -3 -3  1 -1 -1 -2 -1  4 -3 -2 -2  2  7 -1 0 1 0 0 0.01
-1 -3 -4 -4 -1 -3 -3 -4 -3  4  2 -3  1  0 -3 -3 -1 -3 -2  3 0 1 0 0 0.01
 0 -1  0 -1 -1 -1 -1 -1 -2 -1 -2 -1 -1 -2 -1  2  5 -3 -2 -1 0 1 0 0 0.01
-2 -2  1  6 -4 -1  1 -2 -1 -4 -4 -1 -3 -4 -2 -1 -1 -5 -3 -4 0 0 1 1 0.01
-1  3  0  2 -3  1  0 -2 -1 -3 -3  3 -2 -3 -2  0  1 -3 -2 -2 0 0 1 1 0.01
 0 -1  2  2 -2  0  0 -1  3 -3 -3 -1 -2 -3 -1  3  2 -3 -1 -2 0 0 1 1 0.01
-3 -3 -3 -4 -3 -4 -4 -4 -2  0  0 -4  0  7 -4 -3 -2  1  3 -1 0 0 1 0 0.01
 0  0  0 -1 -2  4  1 -2  0 -2  0  0  0 -2 -2  2  1 -2 -2 -1 0 0 1 1 0.01
 1  1 -1 -2 -2 -1 -1 -2 -2 -2 -2  0 -2 -3  5  0  2 -3 -2 -1 0 0 1 1 0.01
-1  2  0 -1 -3  1  1 -2 -1 -3 -3  5 -2 -3 -1  0 -1 -3 -2 -3 0 0 1 1 0.01
 0 -1  0 -1 -1 -1 -1 -2 -2 -1 -2 -1 -1 -2 -1  1  5 -3 -2  0 0 0 1 1 0.01
-2 -3 -4 -4 -2 -3 -4 -4 -4  5  1 -3  1  0 -3 -3 -1 -3 -2  2 0 0 1 0 0.01
-2 -1  6  1 -3  0 -1 -1  0 -4 -4  0 -3 -3 -2  0  0 -4 -2 -3 0 0 1 1 0.01
-2 -1  6  1 -3  0 -1 -1  0 -4 -4  0 -3 -3 -2  0  0 -4 -2 -3 0 0 1 1 0.01
 1 -1  0 -1 -2  1  0 -1  4 -1 -1 -1 -1  2 -2  2  0 -2  0  0 0 0 1 1 0.01
 0 -2 -2 -2 -1 -2 -2 -3 -3  2  0 -2  0 -1 -2  0  3 -3 -2  3 0 0 1 0 0.01
-1 -2 -2 -2 -3 -2 -1 -3 -3 -3 -3 -1 -3 -4  8 -1 -1 -4 -3 -3 0 0 1 1 0.01
-2 -2 -4 -4 -2 -2 -3 -4 -3  1  4 -3  3  0 -3 -3 -1 -2 -1  1 0 0 1 0 0.01
-2 -3 -3 -4 -2 -3 -3 -4 -3  1  3 -3  1  3 -3 -2 -1 -1  1  2 0 0 1 0 0.01
 0 -2  0  2 -3 -1  1  5 -2 -4 -4 -1 -3 -3 -2  0 -2 -3 -3 -3 0 0 1 1 0.01
 0 -1  5  1 -2  0  0 -1  0 -3 -3  0 -2 -3 -2  3  0 -4 -2 -3 1 0 0 1 0.01
-2 -3 -3 -4 -2 -3 -4 -4 -2  0  1 -3  0  6 -4 -3 -2  0  2 -1 1 0 0 0 0.01
-1 -2 -3 -4 -2 -1 -2 -3 -2  1  2 -2  7  0 -3 -2 -1 -2 -1  0 0 1 0 0 0.01
-2 -2  1 -2 -3 -1 -2  1  3 -2 -2 -2 -2  2 -3 -1 -2  1  6 -2 0 1 0 0 0.01
-2 -2 -3 -4 -1 -2 -3 -4 -3  3  3 -3  3  0 -3 -2 -1 -2 -1  1 0 1 0 0 0.01
 0 -2 -1 -1 -1 -1 -1 -2 -2  2  0 -1  0 -2 -2  2  4 -3 -2  1 0 1 0 0 0.01
 1 -1  0 -1 -1  0  0 -1 -1 -3 -3  0 -2 -3 -1  5  1 -3 -2 -2 0 0 1 0 0.01
 0 -1  5  1 -2  0  0 -1  0 -3 -3  0 -2 -3 -2  3  1 -4 -2 -3 0 0 1 1 0.01
-1  3 -1 -1 -3  1  0 -2 -1 -3 -3  4 -2 -3  4 -1 -1 -3 -2 -3 0 0 1 1 0.01
-2 -1  1  6 -4  0  3 -2 -1 -4 -4  0 -3 -4 -2  0 -1 -4 -3 -3 0 0 1 1 0.01
-1 -3 -4 -4 -1 -2 -3 -4 -3  2  4 -3  2  0 -3 -2 -1 -2 -1  2 0 0 1 0 0.01
 0 -1  0 -1 -1 -1 -1 -2 -2 -1 -2 -1 -1 -2 -1  1  5 -3 -2  0 0 0 1 0 0.01
-1  2  0 -1 -3  1  1 -2 -1 -3 -3  5 -2 -3 -1  0 -1 -3 -2 -3 0 1 0 1 0.01
-2 -3 -3 -4 -2 -3 -3 -4 -2  0  2 -3  2  5 -4 -3 -2  0  2  0 0 1 0 0 0.01
-2 -2 -2 -3 -2 -2 -2 -3  1  0 -1 -2 -1  2 -3 -2  0  2  7 -1 0 1 0 0 0.01
-1 -3 -3 -3 -1 -3 -3 -4 -3  4  1 -3  1 -1 -3 -2 -1 -3 -1  4 0 1 0 0 0.01
-1  1  0 -1 -3  6  2 -2  0 -3 -3  1 -1 -4 -2  0 -1 -2 -2 -3 0 1 0 0 0.01
-2 -1  1  5 -4  0  1 -2  5 -4 -4 -1 -3 -3 -2 -1 -1 -4 -1 -4 0 0 1 0 0.01
-1 -2  0  3 -2 -1 -1 -2 -2  2  1 -1  2 -1 -2  0  1 -3 -2  0 0 0 1 0 0.01
 1 -1  0 -1  3  0 -1 -1 -1 -3 -3 -1 -2 -3 -1  4  1 -3 -2 -2 0 0 1 0 0.01
-2 -2  1  6 -4 -1  1 -2 -1 -3 -4 -1 -3 -4  2 -1 -1 -5 -3 -3 0 0 1 1 0.01
-2 -2 -4 -4 -2 -2 -3 -4 -3  1  4 -3  3  0 -3 -3 -1 -2 -1  1 0 0 1 0 0.01
 0 -1  0 -1 -2 -1 -1 -1  0 -2 -2 -1 -2  1 -2  3  0  0  5 -2 0 1 0 0 0.01
 4 -2 -1 -2 -1 -1 -1  0 -2 -1 -2 -1 -1 -2 -1  1  2 -3 -2  0 0 1 0 0 0.01
-1  4  0 -1 -3  1  0 -2  3 -3 -2  3 -2 -3 -2  0  0 -3 -1 -2 0 1 0 0 0.01
-1 -3 -3 -3 -1 -3 -3 -4 -3  4  1 -3  1  2 -3 -2 -1 -2  0  3 0 1 0 0 0.01
 0 -2 -1 -2  6 -2 -2 -2  1 -1  1 -2  0 -1 -2  1  0 -2 -2 -1 0 1 0 0 0.01
-1 -2 -3 -3 -2 -1 -2 -3 -2  1  2 -2  6  0 -3 -2 -1 -2 -1  2 0 1 0 0 0.01
 1 -2 -1 -2  6 -2 -2 -2 -2 -1 -1 -2 -1 -2 -2  1  2 -3 -2  0 0 1 0 0 0.01
 5 -2 -2 -2 -1 -1 -1  0 -2 -2 -2 -1 -1 -3 -1  1  0 -3 -2  0 0 0 1 0 0.01
 1 -2 -1 -1 -2 -1 -1 -1 -2 -2 -3 -1 -2 -3  6  2  1 -3 -3 -2 0 0 1 1 0.01
-2 -2  1  6 -4 -1  1 -2 -1 -4 -4 -1 -3 -4 -2 -1 -1 -5 -3 -4 0 0 1 0 0.01
-2 -3 -3 -3 -2 -3 -3 -3 -1  1  0 -3  0  6 -3 -2  1  0  3  0 0 0 1 0 0.01
-1 -1  5  0  6 -1 -1 -1  0 -3 -3 -1 -2 -3 -2  0  1 -3 -2 -2 0 0 1 0 0.01
 1 -2 -2 -3 -1 -1 -2 -2 -2  0  1 -1  6 -1 -2 -1  1 -2 -1  0 0 0 1 0 0.01
-1  0  0  2 -4  4  5 -2  0 -3 -3  1 -2 -4 -1  0 -1 -3 -2 -3 0 1 0 1 0.01
 1 -3 -3 -3 -2 -3 -3 -2 -2 -1  0 -3  0  6 -3 -1 -2  0  2 -1 0 1 0 0 0.01
 1 -1  0 -1 -1  0  0 -1 -1 -3 -3  0 -2 -3 -1  5  1 -3 -2 -2 0 0 1 0 0.01
 1 -1  0 -1 -1 -1 -1 -1 -2  1 -1 -1 -1 -2 -1  4  1 -3 -2  1 0 0 1 0 0.01
 3 -2 -2 -2 -1 -1 -1 -1 -2 -2 -2 -1 -2 -3  5  0 -1 -3 -2 -1 0 0 1 0 0.01
-1 -4 -3 -4 10 -3 -4 -3 -3 -2 -2 -4 -2 -3 -3 -1 -1 -3 -3 -1 0 0 1 0 0.01
 0 -3 -3 -4 -1 -3 -3 -4 -4  2  1 -3  1 -1 -3 -2  0 -3 -1  5 0 0 1 0 0.01
-2 -1  2 -1 -3  0  0 -2  8 -4 -3 -1 -2 -2 -3 -1 -2 -3  1 -4 0 0 1 0 0.02
 0 -2  2 -1 -3 -1 -2  5 -1 -4 -4 -1 -3 -3 -2  1 -1 -3 -3 -3 0 0 1 1 0.02
-1  1  0 -1 -3  6  2 -2  0 -3 -3  1 -1 -4 -2  0 -1 -2 -2 -3 0 0 1 0 0.03
-2 -1  1  5 -4  1  4 -2 -1 -3 -4  0 -3 -4 -2  0 -1 -4 -3 -3 0 0 1 1 0.03
-1 -3 -3 -4 -1 -3 -3 -4 -3  4  2 -3  1  0 -3 -2 -1 -3 -1  3 0 1 0 0 0.04
-1 -3 -3 -3 -1 -2 -3 -4 -3  3  1 -3  2 -1 -3 -2  0 -3 -1  4 0 1 0 0 0.04
-2  6 -1 -2 -4  1  0 -3  0 -3 -3  2 -2 -3 -2 -1 -1 -3 -2 -3 0 1 0 1 0.05
-1  0  0  3 -4  2  5 -2  0 -4 -3  0 -2 -4 -1  0 -1 -3 -2 -3 0 0 1 1 0.06
 0 -1  3  0 -1  0 -1 -1 -1 -2 -2  0 -2 -3 -1  3  3 -3 -2 -1 0 0 1 1 0.06
 0 -2  0  1 -3  0  2  5 -1 -4 -4 -1 -3 -3 -2  0 -2 -3 -3 -3 0 0 1 1 0.06
-1  2  4  2 -3  1  2 -1  0 -3 -3  2 -2 -3 -2  0 -1 -4 -2 -3 0 0 1 1 0.05
 1 -1  0 -1 -1  0  0 -1 -1 -3 -3  0 -2 -3 -1  5  1 -3 -2 -2 0 0 1 0 0.04
 3 -2 -2 -2 -1 -1 -1 -1 -2 -1 -1 -1 -1  1  3  1  0 -2 -1  0 0 1 0 0 0.03
 1 -2 -3 -3 -1 -2 -2 -3 -3  2  2 -2  1 -1 -2 -1  0 -3 -1  3 0 1 0 0 0.02
-2  5  0 -2 -4  1  0 -3  5 -3 -3  1 -2 -2 -2 -1 -2 -3  0 -3 0 1 0 0 0.02
 1 -3 -3 -3 -1 -2 -3 -3 -3  3  1 -2  1 -1 -2 -2  0 -3 -1  4 0 1 0 0 0.01
-2 -2  1  6 -4 -1  1 -2 -1 -4 -4 -1 -3 -4 -2 -1 -1 -5 -3 -4 0 1 0 0 0.01
-2 -3 -4 -4 -2 -3 -3 -4 -3  1  4 -3  2  3 -3 -3 -2 -1  0  0 0 0 1 0 0.01
-2 -2  1  6 -3 -1  1 -1 -1 -3 -4 -1 -3 -4 -2  1 -1 -4 -3 -3 0 0 1 1 0.01
-2 -1 -1 -2 -3 -1 -1 -3  6 -2 -1 -2 -1  4 -3  0 -2  0  3 -2 1 0 0 1 0.01
 1 -1  2  0 -1 -1 -1  2 -1 -3 -3 -1 -2 -3 -1  3  1 -3 -2 -2 1 0 0 0 0.01
 0 -2 -2 -3 -1 -2 -2 -3 -3  2  0 -2  0 -1 -2 -1  2 -3 -2  4 1 0 0 0 0.01
 0 -3 -3 -4 -1 -3 -3 -4 -4  2  1 -3  1 -1 -3 -2  0 -3 -1  5 1 0 0 0 0.01
 2 -1  0 -1 -1 -1 -1  1 -2 -1 -1 -1 -1 -2 -1  2  3 -3 -2 -1 1 0 0 0 0.01
-1 -1  0  4 -4  1  5 -2 -1 -4 -3  0 -3 -4 -1  0 -1 -4 -3 -3 1 0 0 1 0.01
-1 -3 -4 -4 -1 -2 -3 -4 -3  2  4 -3  2  0 -3 -3 -1 -2 -1  2 1 0 0 0 0.01
-1 -3 -4 -4 -1 -3 -3 -4 -3  3  3 -3  2  0 -3 -3 -1 -2 -1  2 1 0 0 0 0.01
-1  3  0 -1 -3  1  0 -2 -1 -3 -3  5 -2 -3 -1 -1 -1 -3 -2 -3 1 0 0 1 0.01
-3 -3 -4 -5 -3 -2 -3 -3 -3 -3 -2 -4 -2  1 -4 -3 -3 11  2 -3 1 0 0 0 0.01
-1 -3 -4 -4 -1 -3 -3 -4 -3  3  3 -3  1  0 -3 -3 -1 -2 -1  2 1 0 0 0 0.02
 3 -2 -1 -1 -1 -1 -1  3 -2 -2 -2 -1 -2 -3 -1  2  0 -3 -2 -1 0 0 1 0 0.03
-1 -2 -2 -2 -3 -2 -1 -3 -3 -3 -3 -1 -3 -4  8 -1 -1 -4 -3 -3 0 0 1 1 0.04
-1 -1  1 -2 -2  0 -1 -3  7  0 -1 -1 -1 -1 -3 -1 -1 -2  3  1 0 0 1 1 0.08
 0 -2 -1 -2 -1 -1 -2 -2 -2  1 -1 -1  0 -2 -2  1  4 -3 -2  1 0 0 1 1 0.12
-1  5 -1 -2 -4  1  0 -2 -1 -3 -3  3 -2 -3 -2 -1 -1 -3 -2 -3 0 0 1 1 0.21
 2 -2  1 -1 -1 -1 -1 -1 -2  0 -1 -1 -1 -2  3  0  1 -3 -2  2 0 0 1 1 0.35
-1  2  0 -1 -3  1  1 -2 -1 -3 -3  5 -2 -3 -1  0 -1 -3 -2 -3 0 0 1 1 0.57
-2  6 -1 -2 -4  1  0 -3  0 -3 -3  2 -2 -3 -2 -1 -1 -3 -2 -3 0 0 1 1 0.53
-1 -1  5  0 -2  0  0 -1  2 -3 -3  0 -2 -3 -2  2  1 -3 -2 -2 0 0 1 1 0.58
 0 -2  3 -1 -2 -1 -1  1 -1  0  0 -1 -1 -2  1  1  0 -3 -2  1 0 0 1 1 0.60
-1  2  0 -1 -3  1  1 -2 -1 -3 -3  5 -2 -3 -1  0 -1 -3 -2 -3 0 0 1 1 0.57
-1  2  2  0 -3  1  0 -1 -1 -3 -3  4 -2 -3 -1  1  0 -3 -2 -3 0 0 1 1 0.54
 1  0  0  2 -2  3  2  0 -1 -3 -3  0 -2 -3  1  1  0 -3 -2 -2 0 0 1 1 0.54
 2 -1 -1 -1 -1 -1 -1 -1 -2  0 -1 -1 -1 -2  5  1  0 -3 -2 -1 0 0 1 1 0.48
 1 -2 -1 -2  4 -1 -1  0 -2  0  1 -1  1 -1 -1  1  1 -2 -2  0 0 0 1 0 0.35
 1 -1 -1 -1 -2 -1 -1 -1 -1 -2 -2 -1 -2 -2  6  1  0 -2 -2 -1 0 0 1 1 0.20
 2 -1 -1 -1 -1 -1 -1 -1 -1  0  0 -1  2 -1 -1  1  2 -2 -1  1 0 0 1 1 0.12
 0 -1  2 -1 -2 -1 -1  4 -1 -2 -2 -1 -2 -2 -1  1  2 -2 -2 -2 0 0 1 1 0.07
 0 -2 -1 -2 -1 -1 -1 -2 -2  0  1 -1  2 -1 -2  1  4 -2 -2  0 0 1 0 0 0.04
 2 -2 -3 -3 -1 -2 -2 -2 -3  2  0 -2  0 -1 -2  0  0 -3 -2  3 0 1 0 0 0.03
-1  1  0 -1 -3  6  2 -2  3 -3 -3  1 -1 -3 -2  0 -1 -2 -1 -3 0 1 0 0 0.02
-1 -3 -3 -3 -1 -3 -3 -4 -3  4  1 -3  2  0 -3 -2 -1 -3 -2  3 0 1 0 0 0.01
-1 -2 -3 -3 -1 -2 -3 -3 -3  2  3 -2  1  0 -3 -1  1 -2 -1  2 0 1 0 0 0.01
-1 -3 -3 -4 -1 -2 -3 -4 -3  2  2 -3  1 -1 -3 -2  0 -3 -1  4 0 1 0 0 0.01
-2  0  0 -1 -3  3  0 -2  7 -3 -2  0  1 -2 -2 -1 -2 -2  1 -3 0 1 0 0 0.01
 3 -2 -2 -2 -1 -1 -1 -1 -2  0 -1 -1 -1 -2  2  1  0 -3 -2  2 0 0 1 0 0.01
 0 -1  5  1 -2  0 -1  2  0 -3 -3 -1 -2 -3 -2  1  0 -4 -2 -3 0 0 1 1 0.01
-1 -2 -2 -2 -3 -2 -1 -3 -3 -3 -3 -1 -3 -4  8 -1 -1 -4 -3 -3 0 0 1 0 0.01
-1 -2 -2 -2 -3 -2 -1 -3 -3 -3 -3 -1 -3 -4  8 -1 -1 -4 -3 -3 0 0 1 1 0.01
 2 -1 -1 -1 -1 -1 -1 -1 -2 -1 -1 -1 -1 -2 -1  2  4 -3 -2  0 0 0 1 0 0.01
-1 -3 -3 -4 -1 -3 -3 -4 -3  4  2 -3  1  0 -3 -2 -1 -3 -1  3 0 1 0 0 0.01
-1  2  0 -1 -3  1  1 -2 -1 -3 -3  5 -2 -3 -1  0 -1 -3 -2 -3 0 1 0 0 0.01
-2 -3 -3 -4 -3 -3 -3 -4 -1  0  1 -3  0  6 -4 -3 -2  1  3 -1 0 1 0 0 0.01
 0 -2 -2 -2 -1 -2 -2 -2 -2  3  1 -2  0 -1 -2  1  0 -2 -1  3 0 1 0 0 0.01
-1 -2 -3 -3 -1 -2 -2 -3 -2  2  4 -2  2  0 -2 -2 -1 -2 -1  1 0 1 0 0 0.01
 1 -2  1 -1  3 -1 -1  2 -2 -1 -1 -1 -1 -2 -2  1  3 -3 -2 -1 0 1 0 0 0.01
 0 -1  2  2  2  0  1  2 -1 -3 -3 -1 -2 -3  2  1  0 -3 -3 -3 0 0 1 1 0.01
 0 -2  2 -1 -2 -1 -1  3 -1 -1  0 -1  1 -2 -2  1  0 -3 -2 -1 0 0 1 1 0.01
 0 -1  5  0 -2  0  0 -1  0 -3 -3  0 -2 -3 -2  3  1 -3 -2 -2 0 0 1 1 0.01
-1  0 -1  1 -4  2  6 -2  0 -4 -3  1 -2 -4 -1  0 -1 -3 -2 -3 0 1 0 1 0.01
-2 -3 -4 -4 -1 -2 -3 -4 -3  2  4 -3  2  0 -3 -3 -1 -2 -1  2 0 1 0 0 0.01
-1  0 -1  1 -4  2  6 -2  0 -4 -3  1 -2 -4 -1  0 -1 -3 -2 -3 0 1 0 1 0.01
-3 -3 -3 -4 -3 -4 -4 -4 -2  0  0 -4  0  7 -4 -3 -2  1  3 -1 0 1 0 0 0.01
 1 -1  0 -1 -1 -1 -1 -1 -2  0 -1 -1 -1 -2 -1  2  4 -3 -2  1 0 1 0 1 0.01
 3 -1  2 -1 -1 -1 -1  0  3 -2 -2 -1 -1 -2 -1  1  0 -3 -1 -1 0 0 1 1 0.01
 0 -1  4  0 -2  0 -1  1  0 -3 -3  0 -2 -3 -2  3  1 -3 -2 -2 0 0 1 1 0.01
-1 -1  5  1 -3  0  1  2  0 -3 -3  0 -2 -3 -2  1  1 -4 -2 -3 0 0 1 1 0.01
-1  5  0 -2 -4  1  0 -2  3 -3 -3  3 -2 -3 -2 -1 -1 -3 -1 -3 0 1 0 1 0.01
 0 -3 -3 -4 -1 -3 -3 -4 -3  3  1 -3  1 -1 -3 -2  0 -3 -1  4 0 1 0 0 0.01
 2 -2 -1 -2  4 -1 -1 -1 -2  1 -1 -1 -1 -2 -2  2  0 -3 -2  1 0 1 0 0 0.01
-3 -3 -3 -4 -3 -4 -4 -4 -2  0  0 -4  0  7 -4 -3 -2  1  3 -1 0 1 0 0 0.01
-2 -1  0 -2 -3  0 -1 -3  8 -3 -3 -1 -2  0 -3 -1 -2 -1  3 -3 0 1 0 0 0.01
-1 -2  0  4 -3  0  3  3 -1 -4 -4 -1 -3 -4 -2  0 -1 -3 -3 -3 0 0 1 1 0.01
 1 -3 -3 -3 -1 -2 -2 -3 -3  2  0 -2  0 -1 -2 -1  0 -3 -2  4 0 0 1 0 0.01
-1  2  0 -1 -3  1  1 -2 -1 -3 -3  5 -2 -3 -1  0 -1 -3 -2 -3 0 0 1 1 0.01
-2 -1  6  1  4 -1 -1 -1  0 -3 -3 -1 -2 -3  2  0  0 -4 -3 -3 0 0 1 1 0.01
-1 -2 -3 -4 -1 -1 -3 -3 -2  2  2 -2  5  0 -3 -2 -1 -2 -1  2 0 1 0 0 0.01
-2  6 -1 -2 -4  1  0 -3  3 -3 -3  2 -2 -3 -2 -1 -1 -3 -1 -3 0 1 0 1 0.01
 0 -2 -3 -3 -1 -2 -3 -3 -3  2  3 -2  2  2 -3 -2 -1 -2  0  1 0 1 0 0 0.01
-1 -1  3  0 -2 -1 -1  0  2 -1 -1 -1  1 -2 -2  1  2 -3 -1  0 0 1 0 0 0.01
-1 -3 -3 -4 -1 -2 -3 -4 -3  2  3 -3  1  0 -3 -2 -1 -3 -1  3 0 1 0 0 0.01
 0  0  2  0 -2  5  1 -1  0 -3 -3  1 -1 -3 -1  2  0 -3 -2 -2 0 1 0 1 0.01
 2 -2 -2 -2 -1 -1 -2 -1 -2  1  2 -1  1 -1 -2  1  1 -2 -2  0 1 0 0 0 0.01
-1  3  0 -1 -3  1  1 -2 -1 -3 -3  5 -2 -3 -1  0 -1 -3 -2 -3 1 0 0 1 0.01
-2 -1  6  1 -3  0 -1 -1  0 -4 -4  0 -3 -3 -2  0  0 -4 -2 -3 1 0 0 1 0.01
-2 -3 -4 -4 -2 -3 -3 -4 -2  1  3 -3  1  4 -3 -3 -2 -1  1  0 1 0 0 0 0.01
-2 -1 -1 -2 -3  3  0 -3  5 -2 -2 -1 -1  1 -2 -1 -2  0  5 -2 1 0 0 0 0.01
-1  0  2  0 -3  6  1 -2  0 -2 -1  1  0 -3 -2  0 -1 -2 -2 -2 1 0 0 1 0.01
 4 -2 -1 -2 -1 -1 -1  0 -2 -1 -2 -1 -1 -2 -1  1  2 -3 -2  0 1 0 0 0 0.01
-2 -3 -4 -4 -2 -3 -3 -4 -3  1  4 -3  2  3 -3 -3 -2 -1  0  0 1 0 0 0 0.01
 0 -1  1 -1  2 -1 -1 -2 -2  0  1 -1  2 -1 -2  2  2 -2 -2  0 1 0 0 0 0.01
-1 -1  5  0 -2  1  0 -1  2 -2 -2  0  1 -2 -2  0  1 -3 -1 -2 1 0 0 1 0.01
-1 -4 -3 -4 10 -3 -4 -3 -3 -2 -2 -4 -2 -3 -3 -1 -1 -3 -3 -1 1 0 0 0 0.01
 4 -2 -2 -2 -1 -1 -1  0 -2 -1 -1 -1 -1 -2 -1  1  0 -3 -2  0 1 0 0 0 0.01
 0 -3 -3 -4 -1 -3 -3 -4 -4  2  1 -3  1 -1 -3 -2  0 -3 -1  5 1 0 0 0 0.01
-1 -2 -1 -2 -1 -1 -2 -2 -2  1  1 -1  0 -2 -2  1  4 -3 -2  0 0 1 0 1 0.01
-1  2  0 -1 -3  1  1 -2 -1 -3 -3  5 -2 -3 -1  0 -1 -3 -2 -3 0 0 1 1 0.01
-1 -2 -2 -3 -1 -2 -2 -3 -3  1  3 -2  1  0 -2  0  1 -2 -1  0 0 0 1 0 0.01
 1 -2 -1 -1 -2 -1 -1 -1 -2 -2 -3 -1 -2 -3  5  3  1 -3 -2 -2 0 0 1 1 0.01
-1 -4 -3 -4 10 -3 -4 -3 -3 -2 -2 -4 -2 -3 -3 -1 -1 -3 -3 -1 0 0 1 0 0.01
 1 -1  0 -1 -1 -1 -1 -1 -2 -1 -1 -1 -1 -2 -1  2  4 -3 -2  0 0 1 0 0 0.01
-1 -3 -4 -4 -1 -2 -3 -4 -3  2  4 -3  2  0 -3 -2 -1 -2 -1  2 0 1 0 0 0.01
-2  6 -1 -2 -4  1  0 -3  0 -3 -3  2 -2 -3 -2 -1 -1 -3 -2 -3 0 1 0 0 0.01
 1 -2 -2 -3 -1 -2 -2 -3 -3  3  1 -2  1 -1 -2 -1  1 -3 -2  3 0 1 0 0 0.01
-1 -2 -3 -3 -1 -2 -3 -3 -3  3  2 -2  4  0 -3 -2 -1 -2 -1  3 0 1 0 0 0.01
 2 -1  0 -1 -1 -1 -1 -1 -2 -1 -2 -1 -1 -2 -1  2  4 -3 -2  0 0 1 0 0 0.01
 0 -1  0  4 -3  0  3  1 -1 -3 -3  0 -2 -3 -2  0 -1 -3 -3 -3 0 0 1 1 0.01
-2  0  0 -1 -3  1  0 -2  7 -3 -3  2 -2 -2 -2 -1 -2 -3  1 -3 0 0 1 1 0.01
-2 -1  1  5 -4  1  4 -2 -1 -4 -4  0 -3 -4 -2  0 -1 -4 -3 -3 0 0 1 1 0.01
 1 -2  1 -1  4 -1 -1 -2 -1 -1 -1 -1 -1 -1 -2  1  3 -1  2  0 0 0 1 0 0.01
-1  0 -2 -3 -2 -1 -1 -3 -2  2  2  2  2 -1 -2 -2 -1 -2 -1  1 0 1 0 0 0.01
-1 -2 -4 -4 -1 -2 -3 -4 -3  2  4 -3  2  0 -3 -2 -1 -2 -1  2 0 1 0 0 0.01
-2 -2 -2 -3  2 -2 -2 -3  4  0 -1 -2 -1  3 -3 -2 -2  1  5 -1 0 1 0 0 0.01
-1 -3 -3 -4 -1 -2 -3 -4 -3  2  3 -3  1  0 -3 -2 -1 -3 -1  3 0 1 0 0 0.01
 2 -1 -1 -1 -1  1 -1  1 -2  0 -1 -1 -1 -2 -1  1  1 -3 -2  0 0 1 0 0 0.01
 2 -1  0 -1 -1  0  0  0 -1 -2 -3  0 -2 -3 -1  4  1 -3 -2 -2 0 0 1 0 0.01
-1  3  0 -1 -3  1  0 -2  2 -3 -3  5 -2 -3 -1 -1 -1 -3 -2 -3 0 0 1 1 0.01
-1 -1  6  1 -3  0  0 -1  0 -3 -4  0 -2 -3 -2  1  0 -4 -2 -3 0 0 1 1 0.01
 1 -2  2 -1 -2 -1 -1  3 -1 -1 -2 -1 -1 -3 -2  1  1 -3 -2  0 0 0 1 0 0.01
-1 -2  0 -2 -2 -2 -2 -3 -2  1  3 -2  2  2 -3  0 -1 -2  0  1 0 0 1 1 0.01
-2 -3 -3 -4 -2 -3 -3 -4 -2  0  2 -3  1  6 -4 -3 -2  0  2  0 0 1 0 0 0.01
 2 -2 -1 -2  4 -1 -1 -1 -2 -1 -2 -1 -1 -2 -1  2  4 -3 -2  0 0 1 0 0 0.01
-1 -3 -3 -3 -1 -3 -3 -4 -3  3  1 -3  1 -1 -3 -2  0 -3 -1  4 1 0 0 0 0.01
-1  0 -1  1 -4  2  6 -2  0 -4 -3  1 -2 -4 -1  0 -1 -3 -2 -3 1 0 0 0 0.02
 2 -1  5  0 -2  0 -1  0  0 -3 -3  0 -2 -3 -2  1  0 -4 -2 -2 1 0 0 1 0.02
-2 -3 -3 -4 -3 -3 -3 -3 -1 -1  0 -3  0  6 -4 -3 -2  1  4 -1 1 0 0 0 0.03
-2 -2 -4 -4 -1 -2 -3 -4 -3  2  4 -3  2  0 -3 -3 -1 -2 -1  1 1 0 0 0 0.04
 0 -1  0 -1 -1 -1 -1 -1 -2 -1 -2 -1 -1 -2 -1  3  4 -3 -2 -1 0 0 1 1 0.06
-1  0  0  1 -4  4  5 -2  0 -3 -3  1 -2 -4 -1  0 -1 -3 -2 -3 0 0 1 1 0.09
-1  0 -1  1 -4  2  6 -2  0 -4 -3  1 -2 -4 -1  0 -1 -3 -2 -3 0 0 1 1 0.11
-1 -1 -2 -1 -3  3  0 -2 -1 -3 -3  0 -2 -4  7 -1 -1 -3 -3 -3 0 0 1 1 0.13
-2 -3 -3 -4 -2 -3 -3 -3 -1  0  1 -3  0  5 -4 -2 -2  0  3  1 0 0 1 0 0.18
 0  1  0 -1 -2  3  1 -2 -1 -2 -2  2 -1 -3 -1  1  1 -3 -2 -1 0 0 1 1 0.24
-2  5  0  2 -4  1  2 -2 -1 -3 -3  2 -2 -3 -2 -1 -1 -3 -2 -3 0 0 1 1 0.32
 0 -1  3  2 -3  0  1  3 -1 -3 -3 -1 -2 -3 -2  1 -1 -3 -3 -3 0 0 1 1 0.43
-1 -1  0  5 -3  0  2 -2 -1 -3 -3  0 -3 -4  3  1 -1 -4 -3 -3 0 0 1 1 0.43
-1  2  1 -1 -2  0 -1  0 -1 -2 -2  1 -2 -3  4  0  0 -3 -2 -1 0 0 1 1 0.51
-2 -3 -3 -4 -2 -3 -3 -3 -2  0  1 -3  0  6 -4 -3 -2  1  3 -1 0 0 1 0 0.65
-1 -1  2  4 -4  1  4 -2  0 -3 -3  0 -3 -4 -2  0 -1 -4 -3 -3 0 0 1 1 0.69
-1  4  0 -1 -3  1  0 -2 -1 -3 -3  4 -2 -3 -2  1 -1 -3 -2 -3 0 0 1 1 0.76
-2 -1  5  1 -2  0 -1 -1  0 -1 -1 -1  3 -2 -2  0  0 -3 -2 -2 0 0 1 1 0.83
-1 -2 -2 -3 -3 -2 -2  2  1 -2 -1 -2 -1  3 -3 -1 -2  1  6 -2 0 0 1 1 0.87
-1  1 -1 -1 -2  3  0 -2 -1  1 -1  2  0 -2 -2 -1  0 -3 -2  2 0 0 1 1 0.89
 2 -1 -1 -1 -2  3  0  4 -1 -3 -3  0 -1 -3 -2  0 -1 -2 -2 -2 0 0 1 1 0.88
-2 -1  5  4 -3  0  0 -1  0 -3 -4  0 -3 -3 -2  0  0 -4 -3 -3 0 0 1 1 0.88
 0 -1  1  3 -2  0  1 -1 -1 -3 -3  0 -2 -3 -1  3  1 -3 -2 -2 0 0 1 1 0.89
 0 -2  0 -1 -3 -2 -2  6 -2 -4 -4 -2 -3 -3 -2  0 -2 -3 -3 -3 0 0 1 1 0.88
 0  2  0 -1 -2  1  1 -1 -1 -3 -3  4 -2 -3 -1  2  0 -3 -2 -2 0 0 1 1 0.91
 1 -1  1  0 -1  0  0  0 -1 -2 -3  0 -2 -3 -1  4  1 -3 -2 -2 0 0 1 1 0.93
-1  6  0 -2 -4  1  0 -2  0 -3 -2  2 -1 -3 -2 -1 -1 -3 -2 -3 0 0 1 1 0.95
