-1 -2 -2 -3 -2 -1 -2 -3 -2  1  2 -2  7  0 -3 -2 -1 -2 -1  1 0 0 1 1 0.82
 2 -1 -1 -1 -1 -1 -1 -1 -2 -1 -1 -1 -1 -2 -1  1  4 -3 -2  0 0 0 1 1 0.70
-2 -2 -2 -3 -2 -2 -3 -3 -2  0  1 -3  0  5 -3 -1  1  0  2  0 0 0 1 1 0.61
 1  3 -1 -1 -2  0  0 -1 -1 -2 -2  3 -1 -3 -1  0  2 -3 -2 -1 0 0 1 1 0.45
-1  2  0 -1 -3  1  1 -2 -1 -3 -3  5 -2 -3 -1  0 -1 -3 -2 -3 0 0 1 1 0.40
 0  0  2  0 -2  0  0 -1 -1 -2 -3  1 -2 -3 -1  3  2 -3 -2 -2 0 0 1 1 0.22
-1 -3 -3 -4 -2 -3 -3 -4 -2  2  1 -3  0  4 -3 -2 -1 -1  1  3 0 0 1 0 0.08
-1 -2  1  5 -2 -1  1 -2 -2 -2 -3 -1 -2 -3 -2  0  3 -4 -3 -2 0 0 1 0 0.09
-1 -3 -3 -4  6 -3 -3 -3 -3  3  0 -3  0 -1 -3 -2 -1 -3 -2  3 1 0 0 0 0.07
-2 -2 -3 -4 -3 -2 -3 -4  1 -1 -1 -3 -1  5 -4 -2 -2  2  7 -2 1 0 0 1 0.08
-2  1  2  5 -4  0  2 -2 -1 -4 -4  1 -3 -4 -2  0 -1 -4 -3 -3 1 0 0 0 0.11
 0 -3 -3 -4 -2 -3 -3 -3  0  1  0 -3  0  5 -3 -2 -2  1  5  0 1 0 0 0 0.12
-2 -2 -3 -4 -2 -2 -3 -4  0  0  2 -3  0  3 -4 -3 -2  6  6 -1 1 0 0 1 0.11
-1  3  2  4 -3  0  1 -2 -1 -3 -3  1 -2 -3 -2  1 -1 -4 -3 -3 1 0 0 1 0.08
 0  6  1 -1 -3  0 -1 -2 -1 -3 -3  1 -2 -3 -2  1 -1 -3 -2 -3 1 0 0 1 0.11
 4 -2 -1 -2 -1 -1 -1  0 -2 -2 -2 -1 -1 -3 -1  2  0 -3 -2 -1 1 0 0 0 0.10
-1  2 -1 -2 -3  1 -1 -3 -1 -1  0  3  0  2 -2 -1  0 -2  0  0 1 0 0 1 0.13
 0  0  0  1 -2  0  1 -2 -1 -1 -2  1 -1 -3 -1  2  3 -3 -2  0 1 0 0 1 0.17
 0 -3 -1 -2 -3 -2 -3  6 -3 -4 -4 -2 -3 -4 -3 -1 -2 -3 -4 -4 0 0 1 0 0.17
-1 -1 -1  0 -4  1  5 -3 -1 -4 -3  0 -3 -4  5 -1 -1 -4 -3 -3 0 1 0 1 0.16
-1  1 -1 -1 -3  2  1 -2 -1  0 -2  4 -1 -1 -2 -1 -1 -2  2 -1 0 1 0 1 0.15
-1 -1 -2 -2  6 -1  0 -3 -2  1  0  1  2 -2 -2 -1  0 -3 -2  1 0 0 1 0 0.14
-1 -1  0  2 -2  0  2 -2 -1 -2 -2  1 -1  1 -2  1  3 -2 -1 -1 0 0 1 1 0.13
-1  1 -1  0 -4  4  4 -2  0 -3 -3  2 -2 -4 -2  0 -1 -3 -2 -3 1 0 0 1 0.14
-1  0  0  4 -3  0  1 -2  2 -3 -3  3 -2 -3 -2  1 -1 -4 -2 -3 1 0 0 1 0.15
-2  2  0  5 -4  0  2 -2 -1 -4 -4  2 -3 -4 -2 -1 -1 -4 -3 -3 1 0 0 1 0.12
-3 -2 -3 -3 -3 -2  0 -3  2 -2 -1 -2  1  4 -4 -3 -2  9  2 -2 0 0 1 0 0.09
-2 -2  1  7 -4 -1  1 -2 -2 -4 -4 -1 -4 -4 -2 -1 -2 -5 -4 -4 0 0 1 0 0.08
-1 -1 -2 -3 -2 -1 -2 -3 -1  1  2  0  1  2 -2 -2 -1 -1  3  1 0 0 1 1 0.07
-1  2 -2 -1 -3  0  2 -3 -1  0  1  1  4  1 -2 -1 -1 -2 -1 -1 0 0 1 1 0.05
-1  3 -1 -1 -2  0  1 -3 -1  0  0  2  0 -2 -2 -1  1 -3 -2  1 0 0 1 1 0.05
-1 -3 -3 -3 -1 -2 -3 -3 -2  4  1 -2  1  0 -3 -2 -1 -2  2  3 1 0 0 0 0.05
-1 -2 -2 -2 -2 -1 -1 -2 -2 -2 -2 -1 -2  1  6  1 -1  5  0 -2 1 0 0 0 0.04
-1  2 -1 -1 -2  3  1 -2 -1 -1  0  0  3 -2  2 -1 -1 -2 -1 -1 1 0 0 1 0.04
-1  3  2 -1 -3  1  0 -2 -1 -3 -2  4 -2 -3 -1  0  0 -3 -2 -2 1 0 0 0 0.05
 3 -2 -2 -2  3 -1 -2 -1 -2  0  0 -1 -1 -2 -2  2  0 -3 -2  1 1 0 0 0 0.05
 1  1  1 -1 -2  0  2  0 -1 -2 -1  2  2 -2 -2  0 -1 -3 -2 -1 1 0 0 1 0.05
 0  0 -1  1 -4  1  5 -2 -1 -3 -3  3 -2 -4 -2  0 -1 -3 -2 -3 1 0 0 1 0.05
-2 -3 -4 -4 -2 -2 -3 -4 -3  2  4 -3  3  0 -3 -3 -1 -2 -1  1 1 0 0 0 0.04
 2  1 -1 -1 -2  1  2 -1 -1 -2 -2  4 -2 -3 -1  0  1 -3 -2 -2 1 0 0 1 0.04
 0  0  0  1 -3  3  3 -2 -1 -3 -3  2 -2 -3 -1  1 -1 -3 -2 -2 1 0 0 1 0.04
-1  1  0  3 -4  1  3 -2 -1 -3 -3  4 -2 -4 -2 -1 -1 -4 -3 -3 1 0 0 1 0.03
-3 -2 -3 -4 -3 -2 -3 -4  1 -2 -2 -3 -2  2 -4 -2 -2  6  8 -2 0 0 1 0 0.03
-1 -2  2  3 -3 -1 -1  5 -2 -4 -4  0 -3 -4 -2  0 -2 -4 -3 -4 0 0 1 1 0.03
-2 -3 -4 -4 -2 -3 -3 -4 -4  4  2 -3  1  0 -3 -3 -1 -3 -2  3 0 0 1 0 0.02
-1  0  0  3 -3  0  2 -2 -1 -1 -2  3 -2 -3 -2  1 -1 -4 -2 -2 0 0 1 1 0.02
-2 -2 -3 -3 -3 -2 -2 -3  0 -1  0  0  2  5 -3 -2 -2  1  5 -1 0 0 1 0 0.03
-1  0  0  4 -4  0  2  1 -1 -4 -4  2 -3 -4 -2 -1 -1 -4 -3 -3 0 0 1 1 0.03
 0 -1  2  0 -3 -1 -1  3 -1 -3 -3  1 -2 -4  4  0 -1 -3 -3 -3 0 0 1 1 0.03
-1 -1  0  2 -3  2  4 -2 -1 -3 -3  0 -2 -3 -1  2  1 -3 -2 -2 0 0 1 1 0.03
-2 -3 -3 -3 -2 -3 -3 -3 -2  1  0 -3  2  6 -3  0 -1  0  2  0 0 0 1 0 0.03
-1 -3 -3 -3 -2 -3 -3 -4 -4  3  1 -3  0 -1  2 -2 -1 -3 -2  4 0 0 1 0 0.03
 1 -3 -3 -2 -3 -2 -2 -2 -3 -3 -3 -2 -3 -4  8 -1 -1 -4 -3 -3 0 0 1 0 0.03
-1 -2 -1  1  3 -1  0 -2 -1 -2 -2 -1 -2 -1  2  0  3 -1  3 -1 0 0 1 1 0.04
-2 -2  1  6 -4  0  2 -2 -1 -4 -4 -1 -3 -4 -2  1 -1 -4 -3 -3 0 0 1 1 0.05
-1  1  0  3 -3  1  2 -2 -1 -2  0  3  2 -2 -2 -1 -1 -3 -2 -2 1 0 0 1 0.04
-2 -1  2  5 -4  0  4 -2 -1 -4 -4  0 -3 -4 -2  0 -1 -4 -3 -3 1 0 0 1 0.04
-2 -2 -3 -4 -2  0 -2 -4 -2  1  3 -2  6  0 -3 -2 -1 -2 -2  0 1 0 0 0 0.03
 2 -2 -3 -3 -1 -2 -2 -2 -3  2  1 -2  3 -1 -2 -1 -1 -3 -2  2 1 0 0 0 0.03
-2 -1  2  5 -4  0  2  0 -1 -4 -4  1 -3 -4 -2  0 -1 -4 -3 -3 1 0 0 1 0.03
 0  3  2 -1 -3  0  0 -1 -1 -3 -3  2 -2 -3  2  1  0 -3 -2 -2 1 0 0 1 0.02
-1 -3 -4 -4 -1 -3 -3 -4 -3  2  3 -3  1  0 -3 -3 -1 -3 -1  3 1 0 0 0 0.02
-3 -3 -4 -4 -3 -4 -4 -4 -2 -1  0 -4 -1  7 -4 -3 -3  6  3 -2 1 0 0 0 0.02
-1  0  2  0 -3  3  3 -2  0 -3 -3  2 -2 -3 -1  2  0 -3 -2 -3 1 0 0 1 0.02
 5 -2 -2 -2 -1 -1 -1  0 -2 -2 -2 -1 -1 -3 -1  1 -1 -3 -2 -1 1 0 0 0 0.01
 2 -2 -1 -2 -2 -2 -2  5 -2 -3 -3 -2 -2 -3 -2  0 -1 -3 -3 -2 1 0 0 0 0.01
-2 -3 -4 -4 -2 -3 -4 -4 -3  3  2 -3  1  4 -4 -3 -2 -1  1  1 1 0 0 0 0.01
-1 -1  0  3 -4  1  5 -2 -1 -3 -3  0 -2 -4 -2  0  1 -4 -3 -3 1 0 0 0 0.01
-2 -2 -3 -4 -2 -2 -3 -4 -3  1  4 -2  6  0 -3 -2 -1 -2 -1  0 1 0 0 0 0.01
 0 -3 -3 -4 -1 -2 -3 -3 -3  1  4 -3  1  0 -3 -2 -1 -2 -2  1 1 0 0 0 0.01
 1 -2 -2 -3 -1 -2 -2 -2 -3  1  2 -2  0 -1 -2  0  2 -3 -2  2 1 0 0 1 0.01
-1 -1  2  3 -4  1  5 -2 -1 -4 -4  0 -3 -4 -2  1 -1 -4 -3 -3 1 0 0 1 0.01
-1 -3 -2 -3  7 -2 -3 -3 -3  0 -1 -2 -1 -2 -3 -1  3 -3 -2  2 1 0 0 0 0.01
 0 -3 -1 -2 -3 -2 -3  6 -3 -4 -4 -2 -3 -4 -3 -1 -2 -3 -4 -4 0 0 1 0 0.01
 0 -3 -3 -4 -1 -3 -3 -3 -3  4  2 -3  1 -1 -3 -2 -1 -3 -2  3 0 1 0 0 0.01
-2 -2 -3 -4 -3 -2 -3 -4  1 -1  0 -3 -1  3 -4 -2 -2  4  7 -1 0 1 0 0 0.01
-1 -4 -3 -4 10 -4 -4 -3 -4 -1 -2 -4 -2 -3 -4 -2 -1 -3 -3  1 0 1 0 0 0.01
-1 -1 -1 -2 -1 -1 -2 -3 -2  2  0  0  1 -2 -2  0  4 -3 -2  1 0 0 1 0 0.01
-2 -2  1  7 -4 -1  2 -2 -2 -4 -4 -1 -4 -4 -2 -1 -2 -5 -4 -4 0 0 1 1 0.01
-1 -1 -1 -1 -2 -1  1 -2 -2 -1 -2 -1 -1 -3 -2  1  5 -3 -2 -1 0 0 1 0 0.01
-1  1  1 -1 -3  0  1  3  4 -4 -3  0 -2 -3 -2  1 -1 -3 -1 -3 0 0 1 1 0.01
-2  7 -1 -2 -4  1 -1 -3 -1 -4 -3  2 -2 -4 -3 -1 -2 -3 -2 -3 0 1 0 1 0.01
-1 -3 -2 -3 -1 -2 -3 -3 -3  4  1 -2  0 -1 -3  0  1 -3 -2  3 0 1 0 0 0.01
 1 -3 -3 -3 -1 -3 -3 -3 -3  4  1 -3  1 -1 -3 -2 -1 -3 -2  3 0 1 0 0 0.01
-1  3 -1  0 -4  2  2 -2 -1 -3 -3  4 -2 -4  2 -1 -1 -3 -2 -3 0 0 1 1 0.01
-2 -3 -3 -4 -2 -3 -3 -4  0  2  0 -3  0  4 -4 -2 -2  1  6  1 0 0 1 0 0.01
-1 -1  2  2 -2 -1  0 -2 -2 -2 -2 -1 -2 -3 -2  2  4 -3 -2 -1 0 0 1 1 0.01
-1  2  1  1 -4  1  5 -2  0 -4 -3  2 -2 -4 -2  0 -1 -3 -2 -3 1 0 0 1 0.01
-2 -1  0  5 -4  1  4 -2 -1 -4 -4  1 -3 -4 -2 -1 -1 -4 -3 -3 1 0 0 1 0.01
-2 -1  0  3 -4  1  5 -3 -1 -4 -4  0 -3 -4 -2 -1 -1 -4 -3 -3 1 0 0 0 0.01
-1 -3 -4 -4 -1 -3 -3 -4 -4  5  1 -3  1 -1 -3 -3 -1 -3 -2  4 1 0 0 0 0.01
-2  1 -3 -4 -2 -2 -3 -4 -3  0  3 -2  1  0 -3 -3 -2  7  0  0 1 0 0 1 0.02
 0  0  0  4 -3  1  3 -2  2 -3 -3  3 -2 -3 -2  0 -1 -4 -2 -3 1 0 0 0 0.02
 4 -2 -1 -2 -1 -1 -1  0 -2 -2 -2 -1 -2 -3 -1  3  0 -3 -2 -1 1 0 0 0 0.02
 0 -3 -3 -4 -1 -3 -3 -3 -3  4  3 -3  1  0 -3 -2 -1 -3 -2  2 1 0 0 0 0.02
 1  2  3 -1 -2  0 -1  2  0 -3 -3  1 -2 -2 -2  0 -1 -2  1 -2 0 0 1 1 0.02
 0 -1  5  0 -2  0  0 -1  0 -2 -2  0 -2 -2 -1  2  1 -3 -2 -2 0 0 1 1 0.02
 2 -2 -2 -2 -1 -1 -2 -1 -2  0  0 -1  0 -2  1  0  3 -3 -2  1 0 0 1 0 0.02
 1 -1 -1  0 -3  2  0 -2  1 -3 -3 -1 -2 -3  6 -1 -1 -3 -2 -2 0 0 1 1 0.02
-1  3  2  2 -3  1  0 -2 -1 -3 -3  4 -2 -3 -2  0  0 -4 -2 -3 0 0 1 1 0.02
 0  2  1  0 -3  1  4 -2  2 -3 -3  1 -2 -3 -2  1 -1 -3 -2 -2 0 1 0 1 0.02
-2 -3 -3 -4 -2 -2 -3 -4 -2  1  2 -3  2  4 -3 -2 -2  0  3  1 0 1 0 0 0.02
-1  1  0  1 -2  1  2 -2 -1 -1 -2  0  1 -3 -2  1  3 -3 -2 -1 0 1 0 1 0.02
-1 -3 -3 -4 -2 -3 -3 -4 -2  3  3 -3  1  0 -3 -2 -1 -1  2  2 0 1 0 0 0.02
 0 -3 -1 -2 -3 -2 -3  6 -3 -4 -4 -2 -3 -4 -3 -1 -2 -3 -4 -4 0 0 1 0 0.02
-1  3 -1 -1 -2  0  2 -2 -1 -1 -2  1 -1 -3 -2  1  2 -3 -2  0 0 0 1 1 0.03
-1 -3 -1 -2 -3 -2 -3  5 -2 -3 -3 -2 -2  3 -3 -1 -2 -1  2 -3 1 0 0 1 0.03
-1  5 -1 -1 -4  1  0 -2 -1 -3 -3  5 -2 -4 -2 -1 -1 -3 -2 -3 1 0 0 1 0.03
-2 -1  0  6 -4  0  4 -2 -1 -4 -4 -1 -3 -4 -2 -1 -1 -4 -3 -3 1 0 0 0 0.03
 3  1 -1 -1 -2  0  1 -1 -1 -2 -2  2 -2 -3 -1  1  0 -3 -2 -2 0 0 1 1 0.04
-1  1 -3 -3 -2 -2 -2 -3 -3  3  0 -1  0  2 -3 -2  0 -2  0  3 0 1 0 0 0.04
-1 -1  3  1 -2  0  1 -2 -1 -1 -2 -1 -2 -2  2  0  2 -3  0  0 0 1 0 1 0.05
 1 -3 -3 -4 -1 -2 -3 -3 -3  2  2 -2  1 -1 -3 -2 -1 -3 -2  4 0 1 0 0 0.05
-1  4 -2 -2 -2 -1 -1 -3 -2  1 -1  0  0 -2  1  0 -1 -3 -2  2 0 1 0 1 0.06
 1  0  1 -1  2  0  1  1  3 -3 -3  2 -2 -3  1  1 -1 -3 -1 -2 0 0 1 1 0.07
-2  7 -1 -2 -4  1 -1 -3 -1 -4 -3  2 -2 -4 -3 -1 -2 -3 -2 -3 0 0 1 0 0.08
 0 -2  0 -1  3 -1  1  3 -2 -3 -3 -1 -2 -3 -2  3  2 -3 -2 -2 0 0 1 1 0.09
-1 -2 -2 -2 -3 -1  0 -3  2  0 -1 -2 -1  2  5 -2 -1 -1  3  1 0 0 1 1 0.08
-1 -1  1 -1 -2 -1  1  3 -2 -1 -1  0  2 -2 -2 -1  0 -3 -2  0 0 0 1 1 0.08
-2 -2  1  7 -4 -1  1 -2 -2 -4 -4 -1 -4 -4 -2  0 -1 -5 -4 -4 0 0 1 0 0.08
-1  2 -1 -2  3  0 -1 -2 -1 -2 -2  2 -2 -1  3  1  1 -2  2 -2 0 0 1 1 0.08
 0  3 -1 -1 -3  3  1 -2 -1 -1 -2  2 -1 -3 -2  0  1 -3 -2  0 0 0 1 1 0.07
 0  0  2 -1 -2  0  0 -1 -1 -3 -3  2 -2 -3  6  0 -1 -3 -2 -2 0 0 1 1 0.06
-1 -2 -2 -2 -3 -2 -1 -2 -2 -3 -3 -1 -3 -3  8 -1 -1 -3 -3 -2 0 0 1 0 0.07
-1 -3 -3 -3 -2 -3 -3 -4  1  3  1 -3  1  2 -3 -2 -1 -2  0  3 0 1 0 0 0.05
-1 -3 -3 -3 -1 -3 -3 -3 -3  4  1 -3  1 -1 -3  0  0 -3 -2  3 0 1 0 0 0.05
-1 -1 -2 -2 -2  4  0 -3 -1  2  0 -1  0  2 -2 -1 -1 -2 -1  1 0 1 0 0 0.05
 0 -3 -1 -2 -3 -2 -3  6 -3 -3 -1 -2 -2 -3 -3 -1 -2 -3 -3 -3 0 1 0 0 0.05
 0 -3 -1 -2 -3 -2 -3  6 -3 -4 -4 -2 -3 -4 -3 -1 -2 -3 -4 -4 0 0 1 0 0.05
-1  1 -2 -2 -3 -1 -2 -3 -2 -2  0 -1 -2 -3  7 -1 -2 -4 -3 -2 0 0 1 0 0.05
 1 -2 -1 -2 -1 -1 -2 -2 -2  1  0 -1  4 -1 -2  0  4 -3 -2  0 0 0 1 0 0.06
 0 -3 -1 -2 -3 -2 -3  6 -3 -3 -1 -2 -2 -3 -3 -1 -2 -3 -3 -3 0 0 1 1 0.05
 2 -2 -1 -1 -2 -1 -1  4 -2 -3 -3 -1 -2 -3 -2  2  1 -3 -3 -2 0 0 1 0 0.04
-1 -2 -2 -2 -3 -1 -1 -3 -2 -3 -3  0 -3 -4  7 -1  2 -4 -3 -2 0 1 0 0 0.04
-1 -3 -3 -4  4 -3 -3 -4 -4  3  0 -3  0 -1 -3 -2 -1 -3 -2  4 0 1 0 0 0.04
 1 -1  0 -1 -2 -1 -1 -1 -2 -3 -3 -1 -2 -3  3  5  1 -4 -2 -2 0 0 1 0 0.03
-1 -1 -1  1 -4  3  5 -3 -1 -2  0  0 -1 -3 -2 -1 -1 -3 -2 -2 1 0 0 1 0.03
-2  0  0  5 -4  1  4 -2 -1 -4 -4  2 -3 -4 -2 -1 -1 -4 -3 -3 1 0 0 1 0.03
-2 -2  3 -2 -2 -2 -2 -3 -2  2  2 -2  1  2 -3 -1 -1 -2 -1  2 1 0 0 0 0.02
-3 -3 -4 -4 -3 -4 -4 -4 -1 -1  0 -4 -1  7 -4 -3 -3  1  4 -1 1 0 0 0 0.02
-1 -2 -2 -2 -2 -1  1 -3  3  1  3 -2  3 -1 -3 -2 -1 -2 -1  1 1 0 0 0 0.02
 1 -1  3  0 -2  2  1 -1 -1 -3 -3  0 -2 -3  4  1 -1 -3 -2 -2 1 0 0 0 0.03
-1 -3 -3 -3 -1 -2 -3 -3 -3  3  1 -2  2 -1 -3  0  0 -3 -2  3 1 0 0 0 0.03
 2 -1  0 -2 -3  0 -1 -2  8 -3 -3 -1 -2 -2 -2 -1 -2 -3  1 -3 1 0 0 0 0.03
 0 -1 -2 -2 -2  2  0 -3 -2  2  1 -1  4 -1 -2 -1 -1 -2 -2  0 1 0 0 0 0.03
 1 -1  0 -1 -1 -1 -1 -1 -1 -3 -3 -1 -2 -3 -1  5  1 -3 -2 -2 1 0 0 0 0.03
-1 -2 -2 -3 -2 -2 -2 -3  1 -2 -2 -2 -2  3 -3  2 -1  1  7 -2 1 0 0 0 0.03
 5 -2 -2 -2 -1 -1 -1  0 -2 -2 -2 -1 -1 -3 -1  1 -1 -3 -2 -1 1 0 0 0 0.03
 0  1 -1 -2 -2  3  0 -2 -1  1  1  0  2 -2 -2 -1 -1 -2 -2  0 0 0 1 1 0.02
-1 -1 -1  0 -3  1  5 -3 -1 -1 -2  0 -1 -3 -2 -1 -1 -3 -2  2 0 0 1 0 0.02
-1  2 -2 -2 -4 -1 -1 -3 -2 -3 -3  2 -3 -4  7 -1 -2 -4 -3 -3 0 0 1 1 0.02
-1  1 -2 -1 -2  2  2 -3 -1  2  2  0  0 -1 -2 -1 -1 -3 -2  0 0 0 1 0 0.02
-1 -3 -3 -4  3 -3 -3 -4 -4  3  1 -3  0 -1 -3 -2 -1 -3 -2  4 0 0 1 0 0.01
-2 -1  1  6 -4  3  1 -2 -1 -4 -4  0 -3 -4 -2 -1 -1 -4 -3 -3 0 0 1 0 0.01
 2 -2 -1 -2 -2 -1 -2  3 -2 -1  0 -1  2 -2 -2  0  3 -3 -2 -1 0 1 0 0 0.01
-2 -3 -4 -4  4 -3 -4 -4 -3  4  2 -3  2 -1 -3 -2 -1 -3 -2  2 0 1 0 0 0.01
-1 -3 -2  1 -2 -2 -2 -3 -1  1  0 -2  0  3 -3 -2 -1  0  4  3 0 1 0 0 0.01
 1 -1  3  3 -3  2  0 -1  3 -3 -3  0 -2 -3  2  0 -1 -3 -2 -2 0 0 1 0 0.01
 0 -3 -1 -2 -3 -2 -3  6 -3 -4 -4 -2 -3 -4 -3 -1 -2 -3 -4 -4 0 0 1 0 0.01
 1 -2  1 -2 -1 -1 -2 -2 -2  1 -1 -2  0 -2 -2  1  0 -3 -2  3 0 1 0 0 0.01
-2 -3 -3 -4 -2 -2 -3 -4 -3  3  3 -3  4  2 -3 -3 -1 -2 -1  1 0 1 0 0 0.01
-1  0  0  1 -3  4  2 -2 -1 -2 -2  1 -1 -3 -2  0  3 -3 -2 -2 0 0 1 1 0.02
 1 -1  0 -1 -2  0  1 -1 -1 -2 -2  1 -1 -3 -1  3  3 -3 -2 -1 0 0 1 0 0.02
-1 -3 -4 -4 -1 -3 -3 -4 -4  4  2 -3  1 -1 -3 -2 -1 -3 -2  4 0 1 0 0 0.02
 0  2  4  0 -3  0  1 -2  0 -2 -2  0  2 -1 -2  0 -1 -2  2 -2 0 0 1 1 0.03
 0 -3 -1  1 -3 -2 -2  6 -2 -4 -4 -2 -3 -2 -3 -1 -2 -2  1 -3 0 0 1 1 0.03
-1  0  1 -1 -3  0  1  2  2 -2 -2  3  2 -3 -2 -1 -1 -3 -2 -2 0 1 0 1 0.04
 1 -2 -1  2 -2  1  0  1 -2 -3 -3 -1 -2 -3  5  1 -1 -4 -3 -2 0 0 1 1 0.04
 0 -3 -3 -3 -2 -2 -2 -3 -3  3  0 -2  0 -2  5 -2 -1 -4 -2  2 0 0 1 0 0.04
 0  3 -1 -2 -2  0 -1 -2 -2  1 -1  2 -1 -2 -2  0  1 -3 -2  1 0 0 1 1 0.04
 0 -2 -2 -2 -3 -2 -2  1 -3 -3 -3 -1 -3 -4  7 -1  0 -4 -3 -2 0 0 1 1 0.04
-1  0  1  2 -3  0  0  3 -1 -3 -3  3 -2 -2 -2 -1 -1 -2  2 -3 0 0 1 1 0.04
 2 -1  0 -1 -1 -1 -1 -1 -1 -3 -3 -1 -2 -3 -1  4  2 -3 -2 -2 0 0 1 0 0.04
-1 -3 -3 -2 -4 -2 -2 -3 -3 -4 -4 -2 -3 -4  8 -1 -2 -4 -4 -3 1 0 0 1 0.04
-2 -2 -2 -2 -3 -1  1 -3 -1 -3 -2 -2 -2  2 -3  0 -2  9  4 -2 1 0 0 1 0.04
-1 -1 -1  1 -4  1  6 -3 -1 -4 -4  0 -3 -4 -2 -1 -1 -4 -3 -3 1 0 0 0 0.05
 1 -2 -3 -3 -1 -2 -3 -3 -3  3  1 -2  5 -1 -3 -2 -1 -3 -2  2 1 0 0 1 0.05
-1 -2 -3 -3 -2 -2 -3 -3 -2  0  3 -1  1  4 -3 -2 -2  0  2  0 1 0 0 1 0.05
 4 -2 -2 -2 -1 -1 -1  0 -2 -1 -2 -1 -1 -3 -1  2  0 -3 -2  1 1 0 0 0 0.06
 3 -2 -1 -1 -1 -1  1  1 -2 -1 -2 -1 -1 -3 -1  1  1 -3 -2  1 1 0 0 0 0.06
-1  1 -2 -2 -2  0 -1 -3 -2  1  2  3  1 -1 -2 -2 -1 -3 -2  0 1 0 0 1 0.06
 0 -1  0  0 -2  0  3 -2 -1 -3 -3  1 -2 -2 -2  2  2  5 -1 -2 1 0 0 0 0.08
-1 -1 -1  1 -4  1  6 -2 -1 -4 -3  0 -3 -4 -2  1 -1 -3 -3 -3 1 0 0 0 0.08
 4 -2 -2 -2 -1 -1 -1  1 -2 -1 -2 -1 -1 -2 -1  1  1 -3 -2  1 1 0 0 0 0.08
 0  5 -1 -1 -3  0  1 -2 -1  0 -2  2 -1 -3 -2 -1 -1 -3 -2 -1 1 0 0 1 0.07
-1 -1 -2 -3 -2  2 -1  1 -2  0  3 -1  2 -1 -3 -2 -1 -2 -2  0 1 0 0 1 0.09
-1 -2 -2 -1 -2 -1  2 -3 -2  3  0 -2  0 -1 -2 -2 -1 -3 -2  3 1 0 0 0 0.09
-2  5 -1 -2 -4  1  0 -2 -1 -3 -3  4 -2 -4 -2 -1 -1 -3 -2 -3 1 0 0 0 0.08
 0  1  0  2 -3  2  1 -2  2 -1  1  0  1 -2 -2 -1 -1 -3 -1 -1 1 0 0 1 0.09
 4 -2 -2 -2 -1 -1 -1 -1 -2 -1 -2 -1 -1 -2 -1  1  0 -3 -2  1 1 0 0 0 0.09
-1 -2 -2 -3  7  1 -2 -3 -2 -1  0 -2 -1 -2 -3  0  2 -3 -2 -1 1 0 0 0 0.08
 1  4 -1 -2 -2  0  0 -2 -1 -2 -1  3 -1 -3 -2  0 -1 -3 -2 -2 1 0 0 1 0.07
 0  2 -2 -2 -2  2 -1 -3 -2  2  1  0  3 -1 -2 -1 -1 -3 -2  0 1 0 0 1 0.08
 4 -2 -2 -2  2 -1 -2 -1 -2  0 -1 -1 -1 -2 -2  1  0 -3 -2  2 0 0 1 0 0.08
 0 -3 -1 -2  4 -2 -3  6 -3 -4 -4 -2 -3 -4 -3 -1 -2 -3 -4 -3 0 0 1 1 0.06
-2  6 -1 -2 -4  0 -1 -3 -1 -3 -3  2 -2 -2 -3 -1 -2 -2  1 -3 0 0 1 0 0.06
-1 -1 -2 -1 -4  0  3 -3 -2 -3 -3  0 -3 -4  7 -1 -1 -4 -3 -3 0 0 1 1 0.07
 0 -3 -1 -2 -3 -2 -3  6 -3 -4 -4 -2 -3 -4 -3 -1 -2 -3 -4 -4 0 0 1 0 0.06
-2 -2 -3 -4 -2 -1 -3 -3 -3  1  3 -2  6  0 -3 -2  0 -2 -2  0 0 0 1 0 0.06
 2 -2 -1 -2 -2 -1 -2  4  3 -3 -3 -1 -2 -3 -2  0  0 -3 -2 -2 0 0 1 0 0.06
-1 -3 -2  1 -2 -2 -2 -4 -3  2  3 -2  1  0 -3 -2 -1 -3 -2  2 0 1 0 0 0.08
-2 -3 -3 -4 -3 -3 -4  1 -4 -1  0 -2  1  0 -4 -3 -3 -3 -2  0 0 1 0 0 0.08
 0 -3 -1 -2 -3 -2 -3  6 -3 -4 -4 -2 -3 -4 -3 -1 -2 -3 -4 -4 0 1 0 0 0.10
 1 -2  0 -2  2 -2 -2 -2 -2  1 -2 -2 -2 -3  6 -1 -1 -4 -3 -1 0 0 1 0 0.12
 0  2 -1  0 -3  1  4  2 -1 -3 -3  0 -2 -3 -2  0 -1 -3 -2 -3 0 0 1 0 0.12
 1 -2  0 -1 -1 -1 -1 -1 -2 -1 -2 -1 -1 -3 -1  2  5 -3 -2 -1 0 0 1 0 0.12
 1 -2 -1 -1 -2 -1 -1 -1 -2  1 -2 -1 -1 -2  4  3  0 -3 -2 -1 0 0 1 0 0.13
 1 -1 -2 -3 -1 -1 -2 -2 -2  1  2  0  1 -1 -2 -1  1 -2 -2  1 0 0 1 1 0.11
 0 -2 -1 -1 -1 -1 -1 -2 -2  1  0 -1  2 -2 -2  3  2 -3 -2  0 0 0 1 0 0.12
 2 -1  0 -1 -1 -1 -1 -1 -2 -3 -3 -1 -2 -3  3  4  1 -3 -2 -2 1 0 0 0 0.14
 2  0 -1 -1 -2  4  0 -1 -1 -1 -2  0 -1 -3  1  0 -1 -3 -2  1 1 0 0 1 0.14
 2 -2 -1 -2 -2 -2 -2  5 -2 -2 -2 -2  2 -2 -2  0 -1 -3 -3 -2 1 0 0 0 0.14
-1 -1  3 -1  2  2  0 -2  3 -2 -2 -1 -1 -1 -2  1  0 -1  3 -1 1 0 0 0 0.14
 1 -2 -3 -3 -1 -2 -3 -3 -3  3  2 -2  4 -1 -3 -2 -1 -2 -2  1 1 0 0 1 0.15
 3 -2 -1 -2 -1 -1 -1 -1 -2  0  1 -1  0 -2 -2  2  0 -3 -2  1 0 0 1 0 0.14
 3 -2 -2 -3 -1 -2 -2 -1 -2  0 -1 -2  0  2 -2  0  0 -2  0  2 0 0 1 0 0.14
-1 -2  0  5 -3 -1  0 -2 -2 -2  0 -1 -2 -3 -2  2  0 -4 -3 -2 0 1 0 0 0.19
 2 -2 -1 -2  3 -1 -1 -1  2 -2 -2 -1 -2  0  3  2  0 -3 -1 -2 0 0 1 0 0.14
-1 -2  2  2 -2 -1 -1  2 -2 -1  0 -1 -1 -2  3 -1  0 -3 -2  0 0 0 1 1 0.12
-1 -2 -1 -1 -3 -1  2  4 -2 -4 -3 -1 -3 -2 -2 -1 -2  6 -1 -3 0 0 1 1 0.12
-1 -3 -2 -2 -2 -2 -3  5 -3 -1  2 -2  0 -1 -3 -1 -2 -2 -2 -1 0 0 1 0 0.12
 1 -2 -2 -3 -2  1 -2 -2 -1  0  2 -1  4  1 -3 -1 -1  0  4  0 0 1 0 0 0.12
 0  1  3  0 -2  0 -1  2 -1 -1 -2  0 -2 -3 -2  2  0 -3 -2 -2 0 0 1 1 0.11
-1  2 -1  0  1  1  3 -2 -1 -3 -3  2 -2 -3  3  1 -1 -3 -2 -3 0 0 1 1 0.13
 1 -1  3  0 -2 -1 -1  3 -1 -3 -3 -1 -2 -3 -2  2  1 -3 -3 -2 0 0 1 0 0.10
-2 -2  1  7 -4 -1  1 -2 -2 -4 -4 -1 -4 -4 -2 -1 -2 -5 -4 -4 0 0 1 0 0.08
 1 -2 -1 -2 -1 -1 -1 -1 -2  0 -1 -1 -1  2  2  3  0 -2  0  0 0 1 0 0 0.07
-2  3  0 -1 -4  4  0 -3  7 -4 -3  0 -2 -2 -2 -1 -2 -3  0 -3 0 1 0 0 0.06
-1 -1 -1  0  5  1  5 -3 -1 -2  0  0 -1 -3 -2 -1 -1 -3 -2 -2 0 1 0 0 0.06
-1 -3 -3 -4  5 -3 -3 -4 -4  2  1 -3  0 -1 -3 -2 -1 -3 -2  4 0 1 0 0 0.04
 0 -2 -1 -2 -2 -1 -1 -2 -1 -1  0 -1 -1  0  3  3  0 -1  3 -1 0 1 0 1 0.04
-1  0 -1 -1 -3  5  1 -2 -1 -1 -2  0 -1 -3 -2  0  2 -3 -2  1 0 0 1 0 0.03
 0 -3 -4 -4 -2 -2 -3 -3 -3  1  4 -3  2  0 -3 -2 -1 -2 -1  0 0 1 0 1 0.02
-2 -1  5  3 -3 -1  0 -1  0 -4 -4 -1 -3 -4  3  0 -1 -4 -3 -3 0 0 1 1 0.02
-1 -1  0  2 -4  1  5 -2  4 -4 -3  0 -2 -3 -2 -1 -1 -3 -1 -3 0 0 1 0 0.01
-2 -2 -3 -3 -2  2 -2 -4 -2  1  4 -2  2  0 -3 -2 -1 -2 -1  0 0 0 1 0 0.01
-1  2 -1 -1 -4  1  0 -2 -1 -3 -3  6 -2 -4 -2 -1 -1 -4 -2 -3 0 1 0 0 0.01
-1 -2 -2 -2 -1 -2 -2 -3 -3  3  0 -2  0 -1 -2  0  3 -3 -2  2 0 1 0 0 0.01
-2 -2  1  6 -4  0  3 -2 -1 -4 -4 -1 -3 -4 -2 -1 -1 -5 -3 -4 0 0 1 0 0.01
-2 -2 -3 -4 -2 -2 -3 -4  0  0  2 -3  0  3 -3 -2 -2  1  5  1 1 0 0 0 0.01
-1 -1  0  3 -3  0  3  3 -1 -4 -4  2 -3 -4 -2  0 -1 -3 -3 -3 1 0 0 1 0.01
 3 -1 -1 -2 -1  2  0 -1  4 -2 -2 -1 -1 -2 -1  1  2 -3 -1 -1 1 0 0 0 0.01
-2 -3 -4 -4 -2 -3 -3 -4 -3  2  3 -3  1  4 -3 -3 -2 -1  0  1 1 0 0 0 0.01
 1 -1 -1 -2 -1 -1 -1 -1  2 -1 -2 -1 -1 -1 -2  2  2 -1  3  0 1 0 0 1 0.01
-1  2 -1 -2 -2  0 -1 -2 -1  0 -1  2  0  1 -2 -1 -1 -2  0  2 1 0 0 0 0.01
 1 -1 -1 -1 -1 -1 -1  0 -2  1 -1 -1  0 -2 -1  2  1 -2 -2  1 1 0 0 0 0.01
 2 -1 -2 -2 -1 -1 -1 -2 -2  2  1  1  0 -1 -2  0 -1 -3 -2  1 1 0 0 0 0.01
 0 -1 -1 -2 -3  2  0 -2  6 -2 -2 -1 -1  2 -2 -1 -2 -1  3 -2 1 0 0 0 0.01
-2 -2 -2 -3 -3 -1 -2 -3  5 -2 -2 -2 -2  2 -3 -2 -2  7  6 -2 1 0 0 0 0.01
 0  0  0 -1 -2  3  0 -2  4  0 -1  1 -1 -2 -2 -1 -1 -3 -1  1 1 0 0 1 0.01
 1 -1 -1 -1 -2  0  2  3 -2 -2  0 -1 -1 -2 -2  0  2 -3 -2 -1 1 0 0 1 0.01
-1 -1  3 -1 -3 -1 -1 -2  5 -2  0 -1 -1  0 -3 -1  0 -1  3 -2 0 0 1 1 0.01
 1 -2 -1 -1 -2 -1 -2  5 -2 -3 -3 -1 -2 -3 -2  2 -1 -3 -3 -2 0 0 1 1 0.01
-2  2  4  3 -3 -1  0 -2 -1  1 -2  0 -1 -3 -2 -1 -1 -4 -2  0 0 0 1 0 0.01
-1 -2  4 -1 -2 -1 -2  1  2  2 -1 -2 -1 -2 -3 -1 -1 -3 -2  1 0 1 0 0 0.01
-2 -3 -3 -4 -2 -3 -3 -4 -2  3  2 -3  1  4 -3 -3 -2  0  2  1 0 1 0 0 0.01
-2 -2 -3 -4 -2 -2 -3 -4 -1  2  2 -2  5  1 -3 -2 -1 -1  3  1 0 1 0 0 0.01
 0 -2  0  3  3 -1  0  2 -2 -2 -3 -1 -2 -3 -2  3  0 -3 -3 -1 0 1 0 0 0.01
 1 -1 -1  0  3  0  3  1 -1 -1 -2 -1 -1 -3 -2  0 -1 -3 -2  1 0 1 0 0 0.01
 1  0 -1 -1 -3  5  1 -2  0 -2 -1  0  3 -3 -2  0 -1 -2 -2 -2 0 0 1 0 0.01
-1 -2 -2 -3  6 -2 -3 -3 -3  0  2 -2  5 -1 -3 -1  2 -2 -2  0 0 0 1 0 0.01
-1 -2 -2 -2 -3 -2 -1 -2 -2 -3 -3 -1 -3 -4  7  1 -1 -4 -3 -3 0 0 1 0 0.01
-1 -3 -3 -4 -2 -3 -3 -4 -2  4  1 -3  0  0 -3 -2 -1 -1  3  3 0 1 0 1 0.01
-2 -3 -3 -3 -2 -3 -3 -3 -2  0  1 -3  0  5  3 -2 -2  0  2  1 0 1 0 0 0.02
 0 -3 -1 -2 -3 -2 -3  6 -3 -4 -4 -2 -3 -4 -3 -1 -2 -3 -4 -4 0 0 1 1 0.02
 0 -2 -1 -2 -3 -2 -2  6 -2 -4 -4  0 -3 -4 -2 -1 -2 -3 -3 -4 0 0 1 1 0.02
-2 -2 -2  0 -2 -2 -2 -3  0 -1  1 -2 -1  2 -3 -1  1  1  6 -1 0 0 1 1 0.03
 4 -2 -1 -2  3 -1 -1  0 -2 -2 -2 -1 -1 -3 -1  2  0 -3 -2 -1 0 0 1 0 0.03
 1  1 -1 -2 -3 -1 -2  5 -2 -1 -3 -1 -2 -3 -2 -1 -2 -3 -3 -2 0 0 1 1 0.03
 0 -2  0  1 -3 -2 -2  5 -2 -4 -4 -2 -3 -3 -2  1 -1 -3 -3 -3 0 0 1 1 0.02
 1 -2 -2 -2 -2 -2 -2 -2 -3  1  1 -2  0 -2  5 -1  0 -3 -2  1 1 0 0 0 0.02
 2 -1 -1  0 -2  1  4 -1 -1 -3 -3  0 -2 -3  3  0 -1 -3 -2 -2 1 0 0 0 0.02
-1 -1 -1  0 -3  0  4  3 -1 -3 -3  0 -2 -3 -2  0  1 -3 -3 -2 1 0 0 0 0.02
 1 -1  0 -1 -1 -1 -1 -1 -2 -1  0 -1  0 -2 -1  3  3 -3 -2 -1 1 0 0 0 0.01
 4 -2 -1 -2 -1 -1 -1 -1 -2 -2 -2 -1 -1 -3 -1  1  3 -3 -2  0 1 0 0 0 0.01
-1 -3 -4 -4 -2 -3 -4 -4 -4  5  1 -3  1 -1 -3 -3 -1 -3 -2  3 1 0 0 0 0.01
-1 -3 -3 -3 -1 -2 -3 -3 -3  2  0 -2  0 -1 -3 -1  2 -3 -2  4 1 0 0 0 0.01
-1 -2  1  5 -3 -1  1  2 -2 -4 -4 -1 -3 -4 -2  1 -1 -4 -3 -3 1 0 0 0 0.01
-1 -3 -3 -3 -1 -2 -3 -3 -3  2  0 -2  0 -1 -3 -1  2 -3 -2  4 1 0 0 0 0.01
 5 -2 -2 -2 -1 -1 -1  0 -2 -2 -2 -1 -1 -3 -1  1  0 -3 -2 -1 1 0 0 0 0.01
-1 -1 -1  0 -3  1  4 -2 -1 -2 -3  0 -2 -3 -2  0  3 -3 -2 -2 1 0 0 0 0.01
-1 -2 -1 -2 -2 -1 -1 -2  5 -2 -2 -1 -1 -2 -2  0  4  6  0 -1 1 0 0 0 0.01
-2 -3 -4 -4 -2 -3 -4 -4 -4  5  3 -3  1  0 -3 -3 -1 -3 -2  2 1 0 0 0 0.01
-2 -1  4  0 -3  3  0 -2 -1  1  1  0  0 -2 -2 -1 -1 -3 -2 -1 1 0 0 0 0.01
 3 -1 -1 -1 -1  2  0 -1 -1 -2 -2  0 -1 -3 -1  3  0 -3 -2 -1 1 0 0 0 0.01
-2  2 -2 -3 -3 -1 -1 -3 -1 -1  1  2  0  4 -3 -2 -2 -1  1 -1 1 0 0 0 0.01
-1 -3 -4 -4 -1 -3 -3 -4 -3  2  3 -3  1  0 -3 -2 -1 -3 -1  3 1 0 0 0 0.01
 1 -2 -3 -3 -1 -1 -2 -3 -3  1  2 -2  5 -1 -3 -1 -1 -2 -2  2 1 0 0 0 0.01
-1 -2  0 -2 -2 -1 -1 -2 -1 -1  0 -1 -1  3 -2  2  3 -1  3 -1 0 0 1 0 0.01
 0 -1  3  1 -3  2  2  2  0 -3 -3  0 -2 -3 -2  2  0 -3 -2 -3 0 0 1 1 0.01
 4 -2 -2 -2 -1 -1 -1  2 -2 -2 -2 -1 -2 -3 -1  1 -1 -3 -2 -1 0 0 1 0 0.01
 0 -1  0  1 -2 -1 -1  2 -2 -3 -3 -1 -2 -3 -1  4  2 -3 -2 -2 0 0 1 0 0.01
-3 -3 -4 -4 -3 -3 -3 -3 -1  0  0 -3 -1  2 -4 -3 -2 10  4 -1 0 1 0 0 0.01
-1 -1  0 -2 -3  0 -1 -2  8 -3 -2 -1 -2  2 -3  1 -1 -2  1 -3 0 1 0 0 0.01
 1 -2 -3 -3 -1 -2 -3 -3 -3  1  3 -2  1  0 -3 -2 -1 -2 -1  2 0 1 0 0 0.01
-1 -2  0  5  3 -1  0 -2 -2 -1 -2 -1 -2 -3 -2  1 -1 -4 -3  0 0 1 0 0 0.01
 1 -2 -1 -2 -2 -1 -2  5  3 -4 -3 -2 -3 -3 -2  0 -2 -3 -2 -3 0 0 1 0 0.01
 2 -2 -2 -1 -2 -1 -1 -1 -2 -2 -2 -1 -2 -3  6  0 -1 -3 -2 -1 0 0 1 0 0.01
-1 -2 -2 -3 -1 -2 -2 -3 -3  3  1 -2  0 -1 -2 -2  0 -2 -1  4 0 1 0 0 0.01
-2 -1  0  1 -3  0  0 -2  8 -3 -3 -1 -2 -2 -2 -1 -2 -2  1 -3 0 1 0 0 0.01
-1 -2 -2 -2 -1 -2 -2 -2 -2  3  1 -2  2 -1 -2  0  0 -2 -1  3 0 0 1 1 0.01
 0  4  2 -2 -2  0 -1 -2 -1 -1  1  0  3 -2 -2 -1 -1 -3 -2 -1 0 0 1 1 0.01
-2  1 -2 -3 -2 -1 -2 -3 -1 -2 -2 -1 -2  0 -3 -1  2  9  4 -2 0 0 1 0 0.01
-1 -1  3 -1 -3 -1 -1  4 -1 -3 -3  1 -2  2 -2 -1 -1 -2 -1 -3 0 0 1 1 0.02
 2 -2  0 -1 -1 -1 -1 -1 -2  1 -2 -1 -1 -2 -1  4  1 -3 -2  0 0 0 1 0 0.02
 0 -1  3 -1 -1 -1 -1 -1 -1 -2 -2 -1 -1 -3 -2  2  4 -3 -2 -1 0 0 1 0 0.01
 0 -1  3  0 -2 -1 -1 -1 -1 -2 -3 -1 -2 -3 -1  3  3 -3 -2 -2 0 0 1 0 0.01
 2 -1  0 -1 -1 -1 -1 -1 -2 -1 -2 -1 -1 -3 -1  2  4 -3 -2 -1 0 0 1 0 0.01
-1  4 -1 -2 -3  1  0 -2 -1 -2  0  4 -1 -3 -2 -1 -1 -3 -2 -2 1 0 0 0 0.01
-1 -1 -1  1 -4  1  5 -3  0 -3 -3  0 -2 -1 -2 -1 -1 -2  3 -3 1 0 0 1 0.01
 1 -2 -1 -2  4 -1 -2 -2 -2  1 -1 -1 -1 -2 -2  2  3 -3 -2  1 1 0 0 0 0.01
-2 -2 -4 -4 -2 -2 -3 -4 -3  2  4 -3  3  0 -3 -3 -1 -2 -1  1 1 0 0 0 0.01
 1 -2 -3 -3 -2  0 -2 -2 -2 -2 -2 -1  0  0 -3 -1  0 10  1 -2 1 0 0 0 0.01
 2 -3 -3 -3  5 -2 -3 -2 -3  3  0 -2  0 -1 -2 -1 -1 -3 -2  2 1 0 0 0 0.01
 3 -1 -1 -1 -1  0  1 -1 -1 -2 -2  0 -2 -3 -1  3  0 -3 -2 -1 1 0 0 0 0.01
 0 -1  4  0 -2 -1 -1  4 -1 -4 -4 -1 -3 -3 -2  2  0 -3 -3 -3 1 0 0 0 0.01
-2 -1 -1 -2 -2 -1 -1 -2  6  1  0 -2  0  0 -2 -2 -2  7  1 -1 1 0 0 0 0.01
 2 -1 -1 -1  3  2  0 -1 -1 -1 -1 -1 -1 -2 -2  2  1 -3 -2  1 1 0 0 0 0.01
 2 -2  2 -1  4 -1 -1 -1 -1 -1 -2 -1 -1 -2 -2  2  0 -3 -2  1 1 0 0 0 0.01
 2  1 -2 -2 -1 -1 -2  2 -2  0  1 -1  1 -2 -2  0 -1 -3 -2  0 1 0 0 0 0.02
 4 -2 -2 -2 -1 -1 -1 -1 -2 -1  0 -1  0 -2 -1  1  2 -3 -2  0 1 0 0 0 0.02
 1 -3 -3 -3 -1 -2 -3 -3 -3  4  1 -2  1 -1 -3 -2 -1 -3 -2  3 1 0 0 0 0.02
 1 -1  2  0 -2  0  1 -1 -1 -2 -3  0 -2 -3 -1  3  2 -3 -2 -2 1 0 0 0 0.02
 0  4 -1 -1 -3  2  3 -2 -1 -3 -3  3 -2 -3 -2  0 -1 -3 -2 -2 1 0 0 1 0.02
-2 -1  5  0 -3 -1 -1 -1  2 -3 -3 -1 -2  2 -3  0 -1 -1  3 -3 1 0 0 1 0.02
-1 -2 -1 -2 -2 -1 -2 -2 -2  0  0 -1  5 -1 -2  1  4 -2 -2  0 0 0 1 0 0.02
-1 -1  2  4 -3  1  2  1  1 -4 -3  0 -2 -3 -2  1 -1 -3 -2 -3 0 0 1 1 0.02
-2 -2 -2 -3 -2 -1 -2 -3  3  1  2 -2  3  0  3 -2 -1 -2  2  0 0 0 1 0 0.01
-1 -2 -3 -3 -2 -2 -2 -3 -2  2  2 -2  1  0  4  0 -1 -2  1  0 0 0 1 0 0.01
 0 -1 -1 -2 -1 -1 -1 -2 -2  0  1  1  0 -2 -2  1  3 -3 -2  1 0 1 0 0 0.01
 2 -2 -1 -2 -2 -2 -2  4 -2 -1 -2 -2 -2 -3 -2  0 -1 -3 -3  0 0 1 0 0 0.01
 1  2  4  0 -3  0 -1  2 -1 -3 -3  1 -2 -3 -2  0 -1 -3 -2 -3 0 1 0 0 0.01
-1 -1  0  2 -3  4  0  2  0 -3 -3  0 -2  0 -2 -1 -1 -1  4 -3 0 1 0 0 0.01
-2 -3 -3 -4 -3 -2 -3 -4  0  1 -1 -3 -1  2 -4 -2 -2  7  7 -1 0 0 1 0 0.01
-2  1 -2 -3 -3  2 -1 -3  0 -3 -2 -1 -1  1 -3 -2 -2  8  5 -2 0 0 1 0 0.01
-1 -2  3 -1 -2 -1 -1 -2 -1 -2 -1 -1  2 -3  5  0  1 -3 -2 -2 0 0 1 0 0.01
 1 -2 -2 -3  5  0 -2 -2 -2  0  1 -2  0 -2 -2  0  1 -3 -2  1 0 0 1 0 0.01
 4 -1  2 -1 -1 -1 -1 -1  4 -2 -2 -1 -2 -3 -2  1 -1 -3 -1 -1 0 0 1 0 0.01
 0 -3 -1 -2 -3 -2 -3  6 -3 -4 -4 -2 -3 -4 -3 -1 -2 -3 -4 -4 0 0 1 0 0.00
-1 -3 -2 -3  6 -2 -2  1 -3  1 -2 -2 -2 -3  5 -1 -1 -3 -3 -1 0 0 1 0 0.00
 0 -3 -2 -3  8 -3 -3  3 -3 -2 -2 -3 -2 -3 -3 -1 -1 -3 -3 -2 0 0 1 0 0.00
-1 -1  0 -2 -2 -1 -1 -2  4 -2 -2 -1 -1 -2 -2  1  5 -3 -1 -1 0 0 1 0 0.00
-1  2  0  3 -4  1  4 -2 -1 -2 -3  0 -2 -3 -2 -1 -1 -4 -2 -1 1 0 0 1 0.01
-1 -1  2 -1 -2  0  1 -3 -1  0  1 -1  6 -1 -3 -1 -1 -2 -2  0 1 0 0 0 0.01
-1 -3 -3 -4  7 -2 -3 -3 -1 -1  0 -3  4  3 -3 -2 -2 -1  3 -1 1 0 0 0 0.01
-2 -3 -4 -4 -2 -3 -3 -4 -2  1  3 -3  1  5 -4 -3 -2 -1  1  0 1 0 0 0 0.01
-2 -2 -3 -4 -2 -2 -3 -4  0  0  2 -3  0  2 -4 -3 -2  7  5 -1 1 0 0 0 0.01
-1 -1 -1  1 -4  2  6 -3 -1 -4 -3  0 -3 -4 -2 -1 -1 -3 -3 -3 1 0 0 0 0.01
 3 -1 -1 -1 -1 -1 -1 -1 -2 -2 -2 -1 -1 -3 -1  2  3 -3 -2 -1 1 0 0 0 0.01
 5 -2 -2 -2 -1 -1 -1  0 -2 -2 -2 -1 -1 -3 -1  2  0 -3 -2 -1 1 0 0 0 0.01
 5 -2 -2 -2 -1 -1 -1  0 -2 -2 -2 -1 -1 -3 -1  1  0 -3 -2 -1 1 0 0 0 0.01
-1  0  2  0 -3  5  1 -2  0 -3 -3  1 -1 -4 -2  2  0 -3 -2 -3 1 0 0 0 0.02
 3 -1 -1 -1 -1 -1 -1  0 -2 -2 -2 -1 -1 -3 -1  3  2 -3 -2 -1 1 0 0 0 0.02
-2 -3 -4 -4 -2 -3 -4 -4 -3  5  1 -3  2  2 -3 -3 -1 -2  0  2 1 0 0 0 0.03
 1 -2 -1 -1 -1 -1 -1  2 -2 -1 -2 -1 -1 -2 -2  2  3 -3 -2  1 1 0 0 0 0.03
 2 -2  0  5 -3 -1  1 -1 -2 -3 -3 -1 -3 -4 -2  0 -1 -4 -3 -2 1 0 0 0 0.04
 0 -2 -1 -2 -1 -2 -2 -2 -3  1 -1 -2  0 -2 -2  0  5 -3 -2  2 1 0 0 0 0.04
 3 -2 -3 -3 -1 -2 -2 -1 -3  1  0 -2  0 -2 -2  0  0 -3 -2  3 1 0 0 0 0.05
 0 -2 -1 -1  5 -1 -1 -1 -2 -1  0 -1 -1 -2 -2  4  1 -3 -2 -1 1 0 0 0 0.06
 0 -3 -1 -2 -3 -2 -3  6 -3 -4 -4 -2 -3 -4 -3 -1 -2 -3 -4 -4 0 0 1 0 0.07
-2  5  2 -1 -3  0 -1 -2 -1 -2  0  1 -1 -2 -3 -1 -1 -3 -2 -2 0 0 1 0 0.08
-1 -1  2  2 -4  1  4  2 -1 -4 -4  0 -3 -4 -2  0 -1 -3 -3 -3 0 0 1 0 0.11
-1 -3 -3 -4 -1 -2 -3 -4 -3  4  2 -3  3 -1 -3 -2 -1 -3 -2  3 0 1 0 0 0.13
-1 -2 -3 -3 -2 -2 -3 -3 -3  1  4 -2  1  0 -3  0 -1 -2 -2  0 0 1 0 0 0.16
 0 -2  0 -1 -1 -1 -1  2 -2  1 -1 -1 -1 -2 -1  3  0 -2 -2  0 0 1 0 0 0.20
 0 -3 -1 -2 -3 -2 -3  6 -3 -4 -4 -2 -3 -4 -3 -1 -2 -3 -4 -4 0 1 0 0 0.23
-1 -2 -2 -2 -2 -2 -2 -3 -3  1 -1 -2 -1 -2  5 -1  2 -4 -2  3 0 0 1 0 0.20
 3 -2 -2 -2 -1 -2 -2  2 -2  0  0 -2  0 -2 -2  0 -1 -3 -2  1 0 0 1 0 0.24
 2 -2 -1 -1 -2 -1 -1  3 -2 -3 -3 -1 -2 -3  3  2  0 -3 -3 -2 0 0 1 0 0.29
 3 -1 -1 -2 -1  2 -1  3 -1 -2 -2 -1 -1 -3 -1  1 -1 -3 -2 -1 1 0 0 0 0.28
-1  3  2 -1 -3  1  0 -2 -1 -3 -3  4 -2 -3 -2  1  0 -3 -2 -3 1 0 0 1 0.26
 0 -3 -1 -2 -3 -2 -3  6 -3 -4 -4 -2 -3 -4 -3 -1 -2 -3 -4 -4 1 0 0 0 0.23
 1 -2 -1 -1 -1 -1  0  0 -2  1  0 -1  0 -1 -1  0  1 -2 -1  2 0 0 1 1 0.23
 0  1 -1 -2 -2  2  0  0 -1  0  1  1  0 -2 -2  0  0 -3 -2  1 0 0 1 1 0.22
 1  0 -1 -1 -2  1  0 -2 -2 -1 -2  1 -1 -3  3  0  2 -3 -2  0 0 0 1 1 0.26
-2 -2  4  6 -4 -1  1 -1 -1 -4 -4 -1 -3 -4 -2  0 -1 -5 -3 -4 0 0 1 0 0.26
-1  0  0 -1 -3  1  0 -2  6 -2 -1  2 -1 -1 -2 -1 -1 -1  2 -2 0 0 1 0 0.23
 0 -1  0 -1 -2  2  0  2 -1 -2 -2 -1 -1  0 -2  2  3 -2 -1 -1 0 0 1 0 0.20
 0 -2  0 -1 -1 -1 -1  2 -2 -2 -2 -1 -1 -3 -2  2  5 -3 -2 -1 0 0 1 0 0.15
 0 -3 -1 -2 -3 -2 -3  6 -3 -4 -4 -2 -3 -4 -3 -1 -2 -3 -4 -3 1 0 0 0 0.13
-2 -2 -3 -4 -2 -2 -3 -4 -2  1  3 -3  5  3 -3 -2 -1 -1  0  0 1 0 0 0 0.11
-1 -1 -1  1 -4  1  5  2 -1 -4 -4  0 -3 -4 -2 -1 -1 -3 -3 -3 1 0 0 0 0.10
 3 -2 -1 -2 -1 -1 -1 -1 -2 -1  0 -1 -1 -2 -1  3  0 -3 -2 -1 1 0 0 0 0.08
-2  5 -1 -2 -4  3  0 -3 -1 -3 -3  1 -2 -2 -3 -1 -2  6 -1 -3 1 0 0 0 0.06
-2 -3 -3 -4 -3 -3 -3 -4 -2  0  1 -3  4  6 -4 -3 -2  0  2 -1 1 0 0 0 0.05
-1 -2 -2 -3 -2 -1 -2 -3 -2  1  1 -2  6 -1 -3  1  0 -2 -2  1 1 0 0 0 0.04
 3 -2 -1 -2 -2 -2 -2  5 -2 -3 -3 -1 -2 -3 -2  0 -1 -3 -3 -2 1 0 0 0 0.04
-1  0  0  1 -4  2  5 -2 -1 -4 -3  0 -2 -4 -1  1 -1 -3 -2 -3 1 0 0 0 0.05
 1 -3 -3 -3 -1 -2 -2 -3 -3  2  1 -2  1 -1 -2 -1  1 -3 -2  3 1 0 0 0 0.05
 4 -2 -1 -2 -1 -1 -1  2 -2 -2 -2 -1 -2 -3 -1  2  0 -3 -2 -1 1 0 0 0 0.05
-2  4  0  2 -4  1  2 -2  3 -3 -3  2 -2 -2 -2 -1 -1 -3  1 -3 1 0 0 1 0.05
 3 -2 -2 -3 -1 -1 -2 -1 -2  1  1 -1  3 -1 -2  1  0 -3 -2  0 1 0 0 0 0.05
 2 -2 -2 -2 -1 -2 -2  0 -3  1 -1 -2  0 -2 -2  0  2 -3 -2  3 1 0 0 0 0.05
 4 -2 -2 -2 -1 -1 -1 -1 -2 -1  1 -1  0 -2 -1  1  1 -3 -2  0 0 0 1 0 0.04
-1  0  2  1 -3  0  1  4 -1 -4 -4  1 -3 -4 -2  0 -1 -3 -3 -3 0 0 1 1 0.04
 1 -1 -2 -3 -2 -1 -2 -2 -2  1  2  1  5 -1 -2 -1 -1 -2 -2  1 0 0 1 0 0.04
-2  2  2  4 -4  1  3 -2 -1 -3 -3  2 -2 -4 -2  0 -1 -4 -3 -3 0 0 1 1 0.03
-1 -3 -3 -4 -1 -3 -3 -4 -3  3  3 -3  1  0 -3 -2  0 -2 -1  2 1 0 0 0 0.03
 2 -1  2 -1 -1 -1 -1 -1  1 -2 -2 -1 -2 -3 -1  3  2 -3 -2 -1 1 0 0 1 0.02
-1  0  0  1 -3  1  4 -2  4 -3 -3  1 -2 -2 -1  0 -1 -2 -1 -2 1 0 0 1 0.02
 3 -2 -3 -3 -1 -2 -2 -2 -3  2  0 -2  0 -2 -2  0  0 -3 -2  3 1 0 0 0 0.02
-2 -1  6  2 -3 -1 -1  2  0 -4 -4 -1 -3 -4 -2  0 -1 -4 -3 -3 1 0 0 0 0.02
 1  0  0  3 -3  0  2 -2 -1 -1 -2  2 -2 -3 -2  0 -1 -3 -2 -1 1 0 0 1 0.01
 1 -3 -3 -3 -1 -3 -3 -3 -3  4  2 -3  1  0 -3 -2 -1 -3 -2  2 1 0 0 0 0.01
-1 -3 -4 -4 -2 -3 -3 -4 -3  2  3 -3  1  0 -3 -3 -1  6 -1  2 1 0 0 0 0.01
-1  0  1  4 -3  0  2  0 -1 -3 -3  2 -2 -3 -2  2  0 -4 -3 -3 1 0 0 1 0.01
 1  3  0 -1 -2  0  1 -2 -1 -2 -1  3  2 -2 -2  0 -1 -3 -2 -1 1 0 0 1 0.01
 0 -3 -3 -3 -1 -2 -3 -3 -3  3  3 -3  1  0 -3 -2 -1 -2 -2  1 1 0 0 0 0.01
-1 -2 -3 -4 -2 -2 -3 -4 -1  1  2 -2  3  1 -3 -2 -1 -1  4  3 1 0 0 0 0.01
 2 -1 -1 -1 -1  0  1  1 -1 -3 -3 -1 -2 -3  1  3  0 -3 -2 -2 1 0 0 1 0.01
-1  0 -2 -2 -2  0 -1 -3 -2  1  2  3  1 -1 -2 -1  0 -3 -2  0 0 0 1 1 0.02
-2 -2 -3 -4 -3 -2 -3 -4  1 -2 -2 -2 -2  3 -4 -2 -2  2  8 -2 0 0 1 0 0.02
-1  0 -1  1 -4  3  5 -3 -1 -2 -3  1 -2 -3 -2 -1 -1 -3 -2 -1 0 0 1 1 0.02
-1  1  2  2 -3  0  1 -2 -1 -3 -3  3 -2 -4  3  0 -1 -4 -3 -3 0 0 1 1 0.03
-1  3  3  2 -3  0  0 -2 -1 -3 -3  2 -2 -3 -2  0  1 -4 -2 -2 0 0 1 1 0.03
-2 -3 -3 -4 -2 -2 -3 -4  0  2  2 -3  1  3 -3 -2 -2  0  5  0 0 0 1 0 0.04
 1 -1  1  3 -2  0  0  0 -1 -3 -3  1 -2 -3 -1  2  1 -3 -2 -2 0 0 1 1 0.04
 0 -1  3  2 -2  0  0 -1 -1 -3 -3  0 -2 -3 -2  3  2 -4 -2 -2 0 0 1 1 0.04
 3 -2 -2 -2 -2 -1 -1 -1  4 -2 -1 -1 -1 -2  4  0 -1 -3 -1 -1 0 0 1 0 0.04
-1 -2  2 -1 -3 -1 -1 -2 -2 -2 -1 -1 -2 -3  6  0  2 -4 -3 -2 0 0 1 1 0.04
 2  0 -1 -1 -2  1  2 -1 -1 -2 -2  1 -2 -3  3  0  1 -3 -2 -1 0 0 1 1 0.03
 0 -3 -1  0 -3 -2 -2  6 -2 -4 -4 -2 -3 -4 -3 -1 -2 -3 -4 -4 0 0 1 0 0.02
-1  1 -1 -1 -3  1  0  2 -1 -3 -3  5 -2 -4 -2 -1 -1 -3 -2 -3 0 0 1 1 0.02
-1 -2  0  3 -3 -1  0 -2 -2 -2 -3  0 -2 -3  5  0  2 -4 -3 -2 0 0 1 0 0.02
-3 -3 -4 -4 -3 -4 -4 -4 -2 -1  0 -4  0  7 -4 -3 -3  1  3 -1 1 0 0 0 0.01
-2  2  0  2 -4  3  2 -2 -1 -3 -3  1 -2 -2 -2 -1 -1  6 -1 -3 1 0 0 1 0.01
-1 -1  0  1 -3  1  5 -2 -1 -4 -3  0 -2 -4 -2  1 -1 -3 -2 -3 1 0 0 1 0.01
-1 -4 -3 -4  9 -3 -4 -3 -4 -1  1 -4 -1 -2 -3 -2 -1 -3 -3 -1 1 0 0 0 0.01
-2 -2 -3 -4 -3 -2 -3 -4  1 -2 -2 -2 -2  3 -4 -2 -2  2  8 -2 0 1 0 0 0.01
-2 -2  3  5 -3 -1  1 -2 -1  0 -3 -1 -2 -3 -2 -1 -1 -4 -3 -1 0 1 0 1 0.01
-1 -3 -3 -4 -1 -2 -3 -4 -3  2  3 -3  2 -1 -3 -2 -1 -3 -1  3 0 0 1 1 0.01
-1  1  3 -1 -2  0  0 -2 -1  0 -1  3 -1 -3 -2  0  0 -3 -2  1 0 0 1 1 0.01
 0 -1  0 -1 -1  0 -1 -1 -2 -2 -2  1 -1 -3 -1  3  4 -3 -2 -1 0 0 1 1 0.01
-1 -2 -3 -4 -1 -2 -3 -4 -3  2  3 -2  4  0 -3 -2 -1 -2 -1  2 0 0 1 0 0.01
-1  1  0  0 -2  2  1 -2 -1 -1 -2  2 -1 -3 -2  0  2 -3 -2  0 0 1 0 1 0.01
-1 -3 -3 -2 -3 -2 -2 -3 -3 -3 -4 -2 -3 -4  8 -1 -2 -4 -4 -3 0 1 0 0 0.02
 0 -1  1 -1 -2  2  0 -2 -1 -1 -2  0 -1 -3 -2  2  4 -3 -2 -1 0 0 1 1 0.02
 1  0  0  4 -3  1  3 -2 -1 -3 -3  2 -2 -4 -1  0 -1 -4 -3 -3 1 0 0 1 0.02
-2 -1 -1  1 -4  1  5 -3 -1 -4 -3  0 -2 -2 -2 -1 -2  6 -1 -3 1 0 0 1 0.02
-2 -2 -3 -4 -3 -2 -3 -4  1 -2 -2 -3 -2  2 -4 -2 -2  6  7 -2 1 0 0 0 0.02
-1 -2 -3 -4 -2 -1 -3 -3 -2  2  2 -2  5  0 -3 -2 -1 -2 -1  2 1 0 0 1 0.02
-2  0  3  3 -3  2  2 -1  2 -3 -3  1 -2 -3 -2  0 -1 -4 -2 -3 1 0 0 1 0.03
-1 -2 -3 -4 -1 -2 -3 -3 -3  2  2 -2  4  0 -3 -2 -1 -2 -1  3 1 0 0 0 0.03
-2 -2 -3 -4 -3 -2 -3 -4  1 -2 -2 -2 -1  3 -4 -2 -2  2  8 -2 1 0 0 0 0.04
-1 -1  1  5 -3  0  2 -2 -1 -3 -4  1 -3 -4 -2  1 -1 -4 -3 -3 1 0 0 1 0.05
 0  0  0  0 -3  1  2  3 -1 -3 -3  2 -2 -3 -2  1 -1 -3 -2 -3 1 0 0 1 0.06
 3 -2 -2 -3 -1 -2 -2 -1 -3  2  0 -2  0 -1 -2  0  0 -3 -2  2 1 0 0 0 0.07
 0  3 -1 -2 -2  0 -1 -2 -2  1  0  2  0 -2 -2 -1 -1 -3 -2  1 1 0 0 0 0.08
-1  2  0 -1 -3  1  0 -2 -1 -3 -3  5 -2 -3 -1  1  1 -3 -2 -2 1 0 0 1 0.11
-1  0 -1  0 -3  1  4 -2 -1  0 -2  3 -1 -3 -2  0  0 -3 -2 -1 1 0 0 1 0.13
-2 -3 -4 -4 -2 -2 -3 -4 -3  3  4 -3  2  0 -3 -3 -1 -2 -1  1 1 0 0 0 0.16
-1  0  0  1 -3  1  4 -2 -1 -2 -2  1 -2 -3 -1  0  3 -3 -2 -2 1 0 0 1 0.18
-1 -1  0  4 -4  3  3  0 -1 -3 -3  0 -2 -4 -2  0 -1 -3 -3 -3 1 0 0 1 0.20
-1 -2 -3 -4 -1 -2 -3 -4 -3  2  4 -2  4  0 -3 -2 -1 -2 -1  1 0 0 1 0 0.17
 0 -3 -1 -2 -3 -2 -2  6 -2 -4 -4 -2 -3 -3 -2  0 -2 -3 -3 -3 0 0 1 1 0.20
-2 -2 -4 -4 -1 -2 -3 -4 -3  2  4 -3  2  0 -3 -3 -1 -2 -1  1 0 0 1 0 0.22
 0 -2 -2 -2 -1 -2 -2 -3 -3  2  0 -2  0 -1 -2  0  3 -3 -1  3 0 0 1 1 0.25
-2 -3 -3 -4 -3 -3 -3 -3  0 -1  0 -3  0  6 -4 -2 -2  1  5 -1 0 0 1 1 0.32
