-3 -3 -4 -4 -3 -2 -3 -3  0 -3 -2 -3 -2  2 -4 -3 -3 10  6 -3 0 0 1 1 0.51
 0 -1  0  0 -2  1  3  1 -1 -3 -3 -1 -2 -3  2  4  0 -3 -3 -3 0 0 1 0 0.49
-1 -3 -4 -4  1 -3 -3 -4 -4  3  3 -3  1  0 -3 -3 -1 -3 -1  3 1 0 0 0 0.37
 0 -1  1 -1 -2 -1  0  0 -2  0  2 -1  0 -2 -2  1  0 -3 -2 -1 1 0 0 0 0.41
-2 -1 -1  0 -4  2  4 -3  5 -3 -2 -1 -2 -1  1  0 -2 -3 -1 -2 1 0 0 1 0.25
-1  2  1  1 -3  3  0  0  1 -2 -1  2  0 -1  1  0  0 -3 -2 -2 1 0 0 1 0.20
-2  0 -3 -3 -2 -2 -1 -4 -1  1  3 -2  1  1 -1 -2 -1 -1  4  0 0 0 1 1 0.21
 0  1  0 -2 -3 -2 -2  5 -2 -4 -4 -2 -3 -1 -3  0 -1 -3 -3 -4 0 0 1 1 0.40
-2 -1  0 -3  0 -2 -3 -4 -3  1  4 -2  2  0 -1 -2 -2 -2 -2  1 0 0 1 0 0.35
 0 -1  0  2 -3  3  1  1 -1 -3 -2  1 -2 -3  1  0 -1 -3 -3 -3 0 0 1 1 0.25
-1 -2  1 -1 -3  0  1  5 -1 -3 -3  0 -3 -3 -1 -1  0  1 -3 -2 0 0 1 1 0.32
 0 -2 -2 -2  6 -1  1  1  0 -1 -1 -2 -2 -2 -1  1 -1  1 -2  0 0 0 1 1 0.22
-2 -2  3  6 -2 -2  0 -3 -2 -5 -5 -2 -4 -5 -1 -1 -2 -5 -4 -4 0 0 1 1 0.20
-2 -3 -3 -2 -3 -2 -3  0 -3  1  1 -2 -1  1  5 -1 -1 -3 -1  1 0 0 1 0 0.26
 0  0 -2 -2 -1  0  0 -2 -2 -1  2 -1  1  0  0  1  1 -3 -1  0 0 0 1 1 0.31
 2 -2  0  4 -3 -1  2 -1 -2 -2 -2 -1 -1 -3  0  0  0 -4 -3 -1 0 0 1 1 0.33
 2 -1 -1  0 -2  3  0 -1 -1 -2 -2 -1 -2 -3  4  1  0 -3 -3 -2 1 0 0 1 0.29
 1 -1 -1 -1 -1  0  0  1 -2 -2 -1 -1  1 -3 -2  1  3 -3 -2 -1 1 0 0 1 0.34
 0 -2 -2 -2  2  1  0  1 -2  1  1 -1  1  1 -2 -1  0 -2 -1  1 1 0 0 0 0.27
-2  4 -1 -1 -4  5  1 -3  1 -3 -3  0 -2 -4  2 -1 -1 -3 -3 -3 1 0 0 1 0.23
 0  1  0 -1 -1  4  0  1  2 -3 -3  0 -2 -3 -1  2 -1  1 -2 -3 1 0 0 1 0.25
 0  4  0 -1 -3  2  0 -1 -1 -3 -2  4 -2 -3  1 -1 -1  0 -2 -3 1 0 0 1 0.27
-1 -3 -4 -4 -2 -3 -3 -4 -3  0  5 -3  2  0  0 -2 -2 -3 -2  1 1 0 0 0 0.22
-2 -1  0  2 -4  5  4 -3 -1 -4 -4  0 -2 -4 -2  0 -2 -4 -3 -3 1 0 0 1 0.23
 0 -1  2  2 -3  1  2 -1  2 -3 -2  0 -2 -2 -2  1  1 -3  1 -2 1 0 0 1 0.22
 0  3 -1 -1 -3  2  1 -3  0  0  1  1  0 -2 -2 -1  0 -3 -2  0 1 0 0 0 0.15
-2  6 -1 -2 -4  2  0 -3 -1 -2 -2  4 -2 -4 -3 -2 -2 -4 -3 -3 1 0 0 0 0.14
 2 -1 -1  2  0  1  3 -2 -1 -3 -3  0 -2 -3 -2  1  0 -3 -3 -2 1 0 0 0 0.18
 0  2 -1  0 -2  1  0 -1  0  0  0  2  0 -1 -2  0  0  0 -2  0 1 0 0 1 0.14
-2 -3 -4 -4 -2 -3 -4 -5 -4  4  4 -3  1 -1 -4 -3 -2 -3 -2  2 1 0 0 0 0.10
-2  4  4 -1 -2  0 -1 -2  2 -4 -3  2 -2 -3 -3 -1 -1 -4 -1 -3 1 0 0 0 0.09
-1  4  0  0 -4  4  1 -1  1 -3 -2  2 -2 -4 -2  0 -1 -3 -2 -3 1 0 0 1 0.07
 0  1 -1  1 -3  4  4 -2 -1 -3 -2  1 -2 -3 -2 -1 -1 -3 -2 -2 1 0 0 0 0.06
-2 -3 -4 -4 -2 -3 -4 -4 -2  6  1 -3  0 -1 -3 -3 -2 -3 -1  2 1 0 0 0 0.06
 0  3  2  0 -2  2  0 -2  1 -1 -1  1 -1 -2 -2  0  0 -3 -2 -2 1 0 0 1 0.06
-2  3 -1 -2 -4  0  0 -2 -1 -3 -3  5 -2 -3 -2 -1 -1 -3 -2 -3 1 0 0 1 0.05
 0 -1 -1  0 -4  3  6 -3 -1 -4 -3  0 -2 -4 -2 -1 -2 -3 -3 -3 1 0 0 0 0.04
-2 -3 -3 -4 -2 -2 -3 -4 -3  1  4 -3  4  0 -3 -2 -1 -2  0  1 1 0 0 0 0.05
-2  4 -1 -2 -4  1  0 -3 -1 -3 -2  5 -1 -4 -2 -1 -2 -4 -3 -3 1 0 0 1 0.04
-2 -3 -4 -4 -2 -3 -4 -4 -3  5  2 -3  4  0 -4 -3 -2 -3 -2  1 1 0 0 1 0.05
-2  5 -1 -2 -4  0  0 -3 -1 -4 -3  5 -2 -4 -2 -1 -2 -4 -3 -3 1 0 0 0 0.04
 1 -1  1  1 -3  0  4 -2 -1 -3 -3  0 -2 -3 -2  1  2 -4 -3 -1 1 0 0 0 0.05
 0 -3 -1 -2 -3 -3 -3  6 -3 -5 -5 -3 -4 -4 -3 -1 -2 -4 -4 -4 1 0 0 1 0.05
 4 -2 -2 -2 -1 -1 -2 -1 -2 -1 -2 -1  0 -2 -2  1  1 -3 -1  0 1 0 0 0 0.06
-2 -1 -1  0 -5  1  7 -3 -1 -4 -4  0 -3 -4 -2 -1 -2 -4 -3 -4 1 0 0 0 0.06
-3  1  7  0 -4 -1 -1 -2 -1 -4 -4  1 -3 -4 -3 -1 -1 -5 -3 -4 1 0 0 1 0.06
-2 -3 -4 -4 -2 -2 -3 -4 -3  1  4 -3  5 -1 -4 -3 -2 -2 -2  1 1 0 0 1 0.06
-2  4 -2 -3 -3 -1 -2 -4 -1  0  2  1  0  2 -3 -2 -2 -1  3 -1 1 0 0 0 0.08
-2  4  0  0 -4  1  2 -2 -1 -4 -3  4 -2 -4 -2 -1 -2 -4 -3 -3 1 0 0 1 0.07
 4 -3 -3 -3 -1 -2 -2 -1 -3  0 -1 -2 -1 -3 -2  0 -1 -3 -2  3 1 0 0 1 0.08
 2 -2 -1 -2 -1 -1 -1 -2 -2 -1 -1 -1 -1 -2 -2  1  4 -3 -2  1 1 0 0 0 0.09
 0  0  0 -2 -2 -1 -1 -2 -2 -2 -2  2 -2 -3 -2  2  5 -3 -2 -1 1 0 0 1 0.08
-2 -1  5  4 -3  2  1 -1 -1 -4 -4 -1 -3 -4 -2  0 -1 -4 -3 -3 1 0 0 1 0.08
 0  3  1  0 -2  0  0 -1  1 -1  0  1  0 -2 -1  0  1 -2 -1 -1 1 0 0 1 0.07
-1  2  1 -1  0  1  0  0  0 -2 -2  4 -1 -2  0  0 -1  1 -1 -2 0 0 1 1 0.06
-1  4 -1 -1 -4  1  1 -3 -1 -3 -2  4 -2 -4 -2 -1 -2 -4 -3  0 0 0 1 1 0.05
 0  0  2 -1 -2  2 -1 -1  2 -1  0  1 -1 -2 -2  2  1 -3 -2  1 0 0 1 1 0.05
 0  3 -2 -2 -2  0 -1 -2 -2  0  2  2  0 -2 -2 -1 -1 -2 -2  0 0 0 1 1 0.06
 2  0  0  1 -3  2  3  1  0 -3 -2  0 -2 -3 -2  1 -1 -3 -3 -2 1 0 0 1 0.04
 0  1  1  1 -3  3  0 -2  4 -3 -3  0  0 -2 -1  0  2 -3  1 -2 1 0 0 1 0.04
-1 -4 -4 -5  0 -4 -4 -4 -4  2  0 -4  1 -2 -4 -3 -1 -4 -3  6 1 0 0 0 0.04
 2  0  1  2 -3  1  3 -1 -1 -3 -2  0 -2 -3  0  0 -1 -4 -3 -2 1 0 0 1 0.03
 0 -1  2 -1 -2  1 -1  1 -1 -1  2 -1  1 -2 -2  1  0 -3 -2 -1 1 0 0 1 0.03
-2 -2 -1 -1 -4  2  5 -4 -2  1  0 -1  2 -3 -3 -2 -2 -4 -3  0 1 0 0 1 0.03
-3 -4 -5 -5 -3 -3 -4 -5 -4  1  5 -4  1 -1 -4 -4 -2 -3 -2  2 1 0 0 0 0.03
-1  3  0 -2 -1  0 -1 -2 -2 -4 -3  3 -2 -4 -2  3  0 -1 -3 -3 1 0 0 1 0.03
 1 -1  0 -1 -2  0  0 -1 -1 -1 -2  1 -2  3 -2  2  0 -1  2 -1 1 0 0 1 0.03
 1 -3 -2 -2  3 -2 -2 -2 -3  0 -1 -2 -2 -3 -2  4  0 -4 -3  3 1 0 0 0 0.03
-1 -2  7  0 -4 -1 -1 -1  0 -4 -4 -1 -3 -4 -3  1  1 -5 -3 -4 1 0 0 0 0.03
-1  4  1  0 -3  1  0 -2 -1 -2 -1  1  0 -1 -2  3  0  0 -2 -2 1 0 0 1 0.03
-2  4  3  0 -4  1 -1 -3 -1 -2 -3  4 -2 -4 -3 -1 -1 -4 -3 -3 1 0 0 1 0.04
-3 -4 -5 -5 -2 -3 -4 -5 -4  3  5 -4  2 -1 -4 -4 -2 -3 -2  1 1 0 0 0 0.03
 0  0  0  1 -2  4  4 -3  0 -3 -3  1 -2 -1 -2 -1 -2 -3 -2 -2 1 0 0 1 0.02
-1  0 -1  2 -3  3  3 -3  0 -1  1  0  0 -2 -2  0 -1 -3 -2 -2 1 0 0 1 0.03
-3 -4 -5 -5 -3 -4 -4 -5 -4  1  5 -4  1 -1 -4 -4 -3 -3 -3  0 1 0 0 0 0.03
-2  3 -1 -2 -4  3 -1 -3  7 -4 -3  3  1 -3 -3 -2 -2 -4 -1 -4 1 0 0 0 0.04
 0  1  0  0 -3  3  3  0  2 -4 -3  0 -2 -3 -2  1 -1  4 -2 -3 1 0 0 1 0.07
-2  0 -1  2 -5  4  5 -3 -1 -4 -4  2 -3 -5 -2 -1 -2 -4 -3 -4 1 0 0 0 0.11
-3 -4 -5 -5 -3 -4 -4 -5 -4  2  5 -4  1 -1 -4 -4 -3 -3 -2  0 1 0 0 0 0.11
 1  1  0  0 -3  4  3 -2  0 -4 -3  0 -2 -4 -2  1  0 -4 -3 -3 1 0 0 1 0.07
 0 -1 -1  1 -4  0  5  2 -2 -4 -4 -1 -1 -4 -3  0 -2 -4 -3 -3 1 0 0 0 0.13
 0 -3 -4 -5 -2 -3 -4 -4 -4  1  5 -4  1 -1 -4 -3 -2 -3 -2  0 1 0 0 0 0.14
-2 -1  5  2 -4  1  2 -1  3 -4 -3 -1 -3 -4 -3  0 -1 -4 -2 -4 1 0 0 1 0.25
 4 -2 -1 -2 -2 -2 -2  0 -2  0 -2 -2 -2 -3 -2  3  1 -4 -3 -1 0 0 1 1 0.36
-1  3 -1  0 -3  3  0 -2  5 -3 -3  0 -1 -3 -2  2  0 -3 -1 -3 0 0 1 1 0.48
-1 -4 -4 -4 -2 -3 -4 -4 -4  4  0 -3  1 -1 -3 -3 -1 -4 -2  4 0 0 1 1 0.54
