-2  0  1 -1 -3  0  0 -2  8 -3 -3 -1 -2 -1 -2 -1 -2 -2  2 -3 0 0 1 0 0.83
-1 -2 -2 -2 -3 -1 -1 -2 -2 -3 -3 -1 -3 -4  7 -1 -1 -4 -3 -2 1 0 0 1 0.76
 0 -1 -2  0 -2  0  2 -3 -2  1  0 -1  0 -2 -2 -1  0 -3 -2  3 1 0 0 1 0.72
-1  0  0  1 -4  2  5 -2  0 -3 -3  1 -2 -3 -1  0 -1 -3 -2 -2 1 0 0 1 0.64
 2 -2 -1 -2 -1 -1 -2  3 -2 -1 -1 -1 -1 -2 -1  0 -1 -3 -2  0 1 0 0 0 0.66
 3 -2 -2 -2 -1 -1 -1 -1 -2  0  2 -1  1 -1 -1  0  0 -2 -1  0 1 0 0 0 0.61
-1  1  0  1 -3  2  4 -2  0 -3 -3  3 -2 -3 -1  0 -1 -3 -2 -2 1 0 0 1 0.43
-1  6  0 -2 -3  1  0 -2  0 -3 -2  2 -1 -3 -2 -1 -1 -3 -2 -3 1 0 0 1 0.63
-1  0  5  1 -3  1  3 -1  0 -3 -3  0 -2 -3 -2  0  0 -3 -2 -3 1 0 0 1 0.53
-2 -2 -2 -3 -2 -1 -2 -3  2 -1 -1 -2 -1  3 -3 -2 -2  2  7 -1 1 0 0 0 0.49
-1 -1  0  4 -4  1  4 -2  0 -3 -3  0 -2 -3 -1  0 -1 -3 -2 -3 1 0 0 1 0.39
-1  4  0 -1 -3  2  1 -2  0 -3 -2  3 -1 -3 -2  0 -1 -3 -2 -2 1 0 0 1 0.45
 4 -1 -2 -2  0 -1 -1  0 -2 -1 -1 -1 -1 -2 -1  1  0 -3 -2  0 1 0 0 0 0.46
-1  5  0 -1 -3  1  0 -2  0 -3 -2  3 -1 -3 -2 -1 -1 -3 -2 -2 1 0 0 1 0.32
 4 -1 -2 -2  0 -1 -1  0 -2 -1 -1 -1 -1 -2 -1  1  0 -3 -2  0 1 0 0 1 0.40
-1  0  0  1 -4  2  5 -2  0 -3 -3  1 -2 -3 -1  0 -1 -3 -2 -2 1 0 0 0 0.34
-1 -2 -3 -4 -1 -2 -3 -4 -3  1  4 -2  2  0 -3 -2 -1 -2 -1  1 1 0 0 0 0.37
-2 -1  5  4 -3  0  1 -1  0 -3 -3  0 -2 -3 -2  0  0 -4 -2 -3 1 0 0 1 0.30
 2  0 -1 -1 -2  4  1 -1  0 -2 -2  1 -1 -3 -1  0  0 -2 -2 -1 1 0 0 0 0.26
 3 -1 -1  0 -1  0  3 -1 -1 -2 -2  0 -1 -3 -1  1  0 -3 -2 -1 1 0 0 0 0.28
-2 -1  5  4 -3  0  1 -1  0 -3 -3  0 -2 -3 -2  0  0 -4 -2 -3 1 0 0 1 0.22
-1  1  0  1 -3  2  3 -2  0 -3 -3  3 -2 -3 -1  0 -1 -3 -2 -2 1 0 0 1 0.21
-2 -1  4  5 -3  0  1 -1  0 -3 -4 -1 -3 -3 -2  0 -1 -4 -3 -3 1 0 0 1 0.21
-1 -3 -3 -3 -1 -2 -3 -3 -3  3  1 -2  1 -1 -3 -2  0 -3 -1  3 1 0 0 0 0.18
 4 -1 -2 -2  0 -1 -1  0 -2 -1 -1 -1 -1 -2 -1  1  0 -3 -2  0 1 0 0 1 0.16
-1  4  0 -1 -2  0  0 -2 -1 -2 -2  1 -1 -3 -2  0  2 -3 -2 -1 1 0 0 1 0.22
-2 -1  4  0 -2 -1 -1 -1  0 -1  1 -1  0 -1 -2  0  0 -3 -2 -1 1 0 0 0 0.21
-1  0  3  0 -3  4  1 -1  0 -3 -3  1 -1 -3 -2  0  0 -3 -2 -2 1 0 0 1 0.17
 0  0  0  1 -2  1  4 -1  0 -3 -3  0 -2 -3 -1  2  0 -3 -2 -2 1 0 0 1 0.19
-1  6  0 -2 -3  1  0 -2  0 -3 -2  2 -1 -3 -2 -1 -1 -3 -2 -3 1 0 0 0 0.17
-1  0 -1 -1 -2  4  1 -2  0  2  0  0  0 -2 -2 -1 -1 -2 -1  0 1 0 0 1 0.13
 4 -1 -2 -2  0 -1 -1  0 -2 -1 -1 -1 -1 -2 -1  1  0 -3 -2  0 1 0 0 1 0.12
 0  1  0 -1 -2  1  0 -1 -1 -3 -2  3 -1 -3 -1  2  0 -3 -2 -2 1 0 0 1 0.15
 3 -1 -1 -1 -1 -1 -1  0 -2 -1 -1 -1 -1 -2 -1  1  3 -2 -2  0 1 0 0 0 0.18
 0 -1 -2 -1 -2  0  2 -3 -2  1  0 -1  0 -2 -2 -1  0 -3 -1  3 1 0 0 1 0.15
-1  1  0  0 -3  4  1 -2  0 -3 -2  3 -1 -3 -1  0 -1 -2 -2 -2 1 0 0 1 0.16
 2 -2 -2 -3 -1 -2 -2 -1 -2  2  0 -2  0 -1 -2  0  0 -3 -1  3 1 0 0 0 0.17
-2 -2 -2 -3 -2 -2 -2 -3  1  2  0 -2  0  2 -3 -2 -1  1  5  1 1 0 0 0 0.15
-1 -1  4  0 -3  0 -1 -1  0 -3 -3  0 -2 -3  5  0  0 -4 -2 -3 1 0 0 1 0.15
 1 -1  0 -1 -1 -1 -1  3 -1 -3 -3 -1 -2 -3 -1  3  1 -3 -2 -2 1 0 0 1 0.19
 2  4 -1 -2 -2  0  0 -1 -1 -2 -2  1 -1 -3 -2  0 -1 -3 -2 -1 1 0 0 1 0.21
-1  4  0 -1 -3  1  0 -2 -1 -3 -2  4 -1 -3 -1  0 -1 -3 -2 -2 1 0 0 1 0.16
 3 -1  0 -1 -1  0  0  0 -1 -2 -2  0 -1 -2 -1  3  1 -3 -2 -1 1 0 0 1 0.15
 2 -1 -1  1 -2  1  4 -1 -1 -2 -2  0 -2 -3 -1  0 -1 -3 -2 -1 1 0 0 1 0.15
-1 -2 -3 -3 -1 -2 -3 -3 -3  2  3 -2  2  0 -3 -2 -1 -2 -1  2 1 0 0 0 0.13
-1  0  1  5 -3  3  2 -1  0 -3 -3  0 -2 -3 -1  0 -1 -3 -2 -3 1 0 0 1 0.13
 3 -1 -1  0 -1  0  3 -1 -1 -2 -2  0 -1 -3 -1  1  0 -3 -2 -1 1 0 0 1 0.19
 4 -1 -2 -2  0 -1 -1  0 -2 -1 -1 -1 -1 -2 -1  1  0 -3 -2  0 1 0 0 0 0.19
-2 -1  5  4 -3  0  1 -1  0 -3 -3  0 -2 -3 -2  0  0 -4 -2 -3 1 0 0 1 0.13
-1  2  0 -1 -3  1  1 -2 -1 -3 -2  5 -1 -3 -1  0 -1 -3 -2 -2 1 0 0 1 0.12
 0  1  0 -1 -2  0  0 -2 -1 -1 -2  2 -1 -2 -1  1  3 -3 -2 -1 1 0 0 1 0.11
-1 -2 -3 -3 -1 -2 -3 -3 -3  2  3 -2  2  0 -3 -2 -1 -2 -1  2 1 0 0 0 0.08
 3  0 -1 -1 -1  0  0  0 -1 -2 -2  2 -1 -3 -1  1  0 -3 -2 -1 1 0 0 1 0.07
-1 -1  1  5 -4  1  3 -2 -1 -3 -3  0 -3 -3 -1  0 -1 -4 -3 -3 1 0 0 1 0.07
 4 -1 -2 -2  0 -1 -1  0 -2 -1 -1 -1 -1 -2 -1  1  0 -3 -2  0 1 0 0 0 0.06
-1 -1 -1  0 -2  0  3 -3 -1  2  0  1  0 -1 -2 -1 -1 -3 -2  1 1 0 0 1 0.04
 4 -1 -2 -2  0 -1 -1  0 -2 -1 -1 -1 -1 -2 -1  1  0 -3 -2  0 1 0 0 1 0.03
-1  0  3  1 -3  1  4 -1  0 -3 -3  0 -2 -3 -1  0 -1 -3 -2 -3 1 0 0 1 0.03
-1  0 -2 -2 -2 -1 -1 -3 -2  3  1  2  0 -1 -2 -1 -1 -3 -2  1 1 0 0 1 0.02
-1  1  0  3 -3  1  1 -1 -1 -3 -3  3 -2 -3 -1  0 -1 -3 -2 -3 1 0 0 1 0.02
-1  0  1  3 -3  4  2 -2  0 -3 -3  1 -1 -3 -1  0 -1 -3 -2 -3 1 0 0 1 0.02
-2 -3 -3 -4 -2 -3 -3 -3 -1  0  0 -3  0  6 -4 -2 -2  1  3 -1 1 0 0 0 0.02
-1 -1  3  2 -2  0  2 -2 -1  0 -1 -1 -1 -2 -2  0  0 -3 -2  1 1 0 0 1 0.02
-1  4  0 -1 -2  1  0 -2 -1 -2 -2  1 -1 -3 -2  0  2 -3 -2 -1 1 0 0 1 0.01
-2 -2 -3 -3 -2 -2 -3 -3  0 -1  0 -3  0  5 -3 -2 -2  1  5 -1 1 0 0 0 0.02
 3 -2 -2 -2 -1 -1 -1  0 -2 -2 -2 -1 -1 -3  5  1  0 -3 -2 -1 0 0 1 0 0.02
-2  2  0 -1 -3  1  0 -2  7 -3 -3  0 -2 -1 -2 -1 -2 -2  1 -3 0 0 1 1 0.02
-1 -1  1  4 -4  1  4 -2 -1 -3 -3  0 -2 -3 -1  0 -1 -3 -2 -3 0 0 1 1 0.02
-1 -2 -2 -2 -3 -1 -1 -2  0 -2 -2 -1 -2  0  6 -1 -1  0  4 -2 0 0 1 0 0.02
-1 -2 -1 -2 -2 -1 -2  3 -2  0  1 -1  4 -1 -2 -1 -1 -2 -2  0 0 0 1 1 0.03
 3 -1 -1 -1 -1 -1 -1  0 -1 -2 -2 -1 -1 -2 -1  2  0 -3 -2 -1 0 0 1 0 0.03
 1 -2 -1 -1 -2 -2 -2  5 -2 -3 -3 -1 -2 -3 -2  0 -1 -3 -3 -2 0 0 1 1 0.04
-1 -2 -1 -2 -2 -2 -2  4 -2 -3 -3 -2 -2 -1 -3 -1 -2  7  0 -3 1 0 0 0 0.04
-1  0  0 -1 -3  3  1 -2  7 -3 -3  0 -1 -2 -2 -1 -1 -2  1 -3 1 0 0 0 0.05
-2  4  0  3 -3  1  1 -2 -1 -3 -3  1 -2 -3 -2 -1 -1 -3 -2 -3 1 0 0 1 0.06
-1  0 -1 -2 -2  3  0 -2 -1  0  1  0  5 -1 -2 -1 -1 -2 -1  0 1 0 0 1 0.07
-2 -3 -3 -4 -2 -2 -3 -3 -3  0 -1 -3 -1  0 -3 -2 -1  9  1  1 1 0 0 1 0.06
-1  3  0 -1 -3  4  1 -2  0 -3 -2  2 -1 -3 -2  0 -1 -2 -2 -2 1 0 0 0 0.06
-1 -2 -2 -3 -2 -1 -2 -3  0  0  1 -2  5  1 -3 -2 -1  0  4  0 1 0 0 1 0.11
 3 -2 -2 -2 -1 -1 -1 -1 -2  0  1 -1  0 -1 -1  0  0 -2 -2  0 1 0 0 0 0.11
 0 -2  0  3 -3 -1  0  5 -2 -4 -4 -1 -3 -3 -2  0 -1 -3 -3 -3 1 0 0 1 0.17
-1  0 -2 -2 -2 -1 -1 -3 -2  1  3  2  1  0 -2 -2 -1 -2 -1  0 1 0 0 0 0.20
-1  1  0  3 -3  1  1 -1 -1 -3 -3  4 -2 -3 -1  0 -1 -3 -2 -3 1 0 0 1 0.23
 3 -2 -2 -2 -1 -1 -1 -1 -2  2  0 -1  0 -1 -1  0  0 -3 -2  1 1 0 0 0 0.23
-1  1  0  0 -3  5  2 -2  0 -3 -2  1  0 -3 -1  0 -1 -2 -1 -2 1 0 0 1 0.24
-1  5  3  0 -3  1  0 -2  0 -3 -3  2 -2 -3 -2  0 -1 -3 -2 -3 1 0 0 1 0.20
 3  0 -1 -1 -1  3  0  0 -1 -2 -2  0 -1 -3 -1  1  0 -2 -2 -1 1 0 0 0 0.21
-1  1  3  0 -3  4  1 -1  0 -3 -3  1 -1 -3 -2  0  0 -2 -2 -2 1 0 0 1 0.20
 0 -1  0  0 -2  0  2 -2 -1 -1 -2  0 -1 -2 -1  1  4 -3 -2 -1 1 0 0 0 0.18
-1  0  1  5 -3  0  1 -1 -1 -3 -3  2 -2 -3 -1  0 -1 -4 -3 -3 1 0 0 1 0.17
-1 -2 -3 -3 -1 -2 -3 -3 -3  2  2 -2  1  0 -3 -2  0 -2 -1  3 1 0 0 0 0.14
-1  1  5  1 -3  0  0 -1  0 -3 -3  2 -2 -3 -2  0  0 -3 -2 -3 1 0 0 1 0.14
 2 -1  5  1 -2  0  0  0  0 -2 -3  0 -2 -3 -2  1  0 -3 -2 -2 1 0 0 1 0.17
 2  1 -1 -1 -2  1  0 -1 -1 -2 -2  4 -1 -3 -1  0  0 -3 -2 -1 1 0 0 1 0.20
-1  1  0  0 -3  5  2 -2  0 -3 -2  2 -1 -3 -1  0 -1 -2 -2 -2 1 0 0 1 0.23
 3 -1 -1 -2 -1 -1 -1  0 -2 -1 -1 -1 -1 -2 -1  1  2 -3 -2  0 1 0 0 0 0.26
 3 -1 -1 -1 -1 -1 -1  0 -1 -2 -2 -1 -1 -2 -1  2  0 -3 -2 -1 1 0 0 0 0.28
-2 -3 -3 -4 -2 -3 -3 -3 -2  0  2 -3  1  5 -3 -2 -2  0  2  0 1 0 0 0 0.25
-2 -1  4  5 -3  0  1 -1  0 -3 -4 -1 -3 -3 -2  0 -1 -4 -3 -3 1 0 0 1 0.23
 3 -1 -1  0 -1  0  2  0 -1 -2 -2  0 -1 -3 -1  1  0 -3 -2 -1 1 0 0 0 0.25
 3 -1 -2 -2 -1 -1 -1 -1 -2  0  0 -1  3 -1 -1  0  0 -2 -2  0 1 0 0 0 0.25
 3 -1  3  0 -1 -1 -1  0 -1 -2 -2 -1 -1 -2 -1  1  0 -3 -2 -1 1 0 0 1 0.21
-1  2  0  0 -3  1  3 -2 -1 -3 -3  4 -2 -3 -1  0 -1 -3 -2 -2 1 0 0 1 0.20
 0  0  0  1 -2  1  4 -1  0 -3 -3  0 -2 -3 -1  2  0 -3 -2 -2 1 0 0 0 0.22
-1  1 -1 -1 -2  0  0 -2 -1 -1  1  3  0 -1 -2 -1 -1 -2 -2 -1 1 0 0 1 0.24
 2 -1  0  0 -1  0  0  0 -1 -2 -2  0 -1 -2 -1  4  1 -3 -2 -1 1 0 0 1 0.28
-2  3  1  5 -3  0  1 -2 -1 -3 -3  1 -2 -3 -2  0 -1 -4 -3 -3 1 0 0 1 0.34
 3 -1  0  3 -1 -1  0  0 -1 -2 -2 -1 -1 -3 -1  1  0 -3 -2 -1 1 0 0 0 0.37
-1  0  1  5 -3  0  1 -1 -1 -3 -3  2 -2 -3 -1  0 -1 -4 -3 -3 1 0 0 1 0.44
 4 -2 -2 -2  0 -1 -1  0 -2 -1 -1 -1 -1 -2 -1  1  0 -3 -2  1 1 0 0 1 0.59
 4 -1 -2 -2  0 -1 -1  0 -2 -1 -1 -1 -1 -2 -1  1  0 -3 -2  0 1 0 0 1 0.62
-1 -2 -3 -4 -1 -2 -3 -4 -3  1  4 -2  2  0 -3 -2 -1 -2 -1  1 1 0 0 0 0.59
 1 -1  1  0 -1  0  0  0 -1 -2 -2  0 -2 -2 -1  4  1 -3 -2 -2 1 0 0 1 0.58
 2 -1  0 -1 -1 -1 -1  3 -2 -2 -2 -1 -2 -3 -1  2  1 -3 -2 -1 1 0 0 1 0.65
 4 -1 -2 -2  0 -1 -1  0 -2 -1 -1 -1 -1 -2 -1  1  0 -3 -2  0 1 0 0 0 0.60
-1 -1 -2 -2 -2  2 -1 -3 -1  1  2 -1  5  0 -2 -1 -1 -2 -1  0 1 0 0 1 0.55
-1  0  0  1 -4  2  5 -2  0 -3 -3  1 -2 -3 -1  0 -1 -3 -2 -2 1 0 0 1 0.60
 0  3  0 -1 -2  0  0 -1 -1 -3 -2  1 -1 -3 -1  3  1 -3 -2 -2 1 0 0 1 0.69
-1  6  0 -2 -3  1  0 -2  0 -3 -2  2 -1 -3 -2 -1 -1 -3 -2 -3 1 0 0 0 0.73
-1  2  0 -1 -3  1  1 -2 -1 -3 -2  5 -1 -3 -1  0 -1 -3 -2 -2 1 0 0 1 0.83
-1  1  0  0 -3  4  2 -2  0 -3 -2  3 -1 -3 -1  0 -1 -2 -2 -2 1 0 0 1 0.86
-1  2  0 -1 -3  1  1 -2 -1 -3 -2  5 -1 -3 -1  0 -1 -3 -2 -2 1 0 0 0 0.89
-1  0  0  1 -4  2  5 -2  0 -3 -3  1 -2 -3 -1  0 -1 -3 -2 -2 1 0 0 1 0.89
-1  0  3  3 -3  0  1 -1  0 -3 -3  2 -2 -3 -1  0 -1 -4 -2 -3 1 0 0 1 0.93
-1  2  2  0 -3  1  1 -1  0 -3 -3  4 -1 -3 -1  0 -1 -3 -2 -2 1 0 0 1 0.94
 2  1 -1  0 -2  1  3 -1 -1 -2 -2  2 -1 -3 -1  0 -1 -3 -2 -1 1 0 0 0 0.95
-1  4  0 -1 -3  1  0 -2 -1 -3 -2  4 -1 -3 -1  0 -1 -3 -2 -2 1 0 0 1 0.97
-1 -1  1  5 -3  0  1 -1 -1 -3 -3 -1 -3 -3 -1  1  0 -4 -3 -3 1 0 0 1 0.98
 4 -1 -2 -2  0 -1 -1  0 -2 -1 -1 -1 -1 -2 -1  1  0 -3 -2  0 1 0 0 0 0.97
-1  1  0  1 -3  2  4 -2  0 -3 -3  3 -2 -3 -1  0 -1 -3 -2 -2 1 0 0 1 0.96
 0 -1  4  3 -2  0  0  2  0 -3 -3 -1 -2 -3 -2  0  0 -3 -2 -3 1 0 0 1 0.95
-1  2  1  0 -3  1  1 -1 -1 -3 -3  4 -1 -3 -1  0 -1 -3 -2 -2 1 0 0 1 0.94
-1 -2 -3 -4 -1 -2 -3 -4 -3  1  4 -2  2  0 -3 -2 -1 -2 -1  1 1 0 0 0 0.94
-2 -1  5  4 -3  0  0 -1  0 -3 -3  0 -2 -3 -2  0  0 -4 -2 -3 1 0 0 1 0.93
-1 -1  1  4 -4  1  4 -2 -1 -3 -3  0 -2 -3 -1  0 -1 -3 -2 -3 1 0 0 1 0.94
