-1  5  0 -2 -3  1  0 -2  0 -3 -2  2 -1 -3 -2 -1 -1 -3 -2 -2 0 0 1 1 0.59
 5 -3 -3 -3 -3 -3 -3 -2 -4 -3 -3 -3 -3 -4 -3  2  5 -5 -4 -2 1 0 0 0 0.31
-1 -5 -3 -4 -5 -4 -5  7 -5 -6 -6 -4 -5 -6 -5 -3 -4 -5 -6 -6 1 0 0 1 0.20
-4  6 -3 -4 -6 -1 -2 -4 -3 -5 -5  6 -4 -6 -4 -2 -3 -5 -4 -5 1 0 0 1 0.11
-5 -5 -5 -6 -5 -2 -5 -6 -2 -3 -2 -5 -3  7 -6 -5 -5  1  7 -4 1 0 0 0 0.06
-2  1 -3 -4 -5 -4 -3  7 -5 -7 -6 -4 -5 -6 -5 -2 -4 -5 -6 -6 0 0 1 1 0.04
 3 -2 -3 -4  0 -3 -3 -3 -4 -1 -3 -3 -3 -4  4 -1  5 -5 -4  0 0 0 1 1 0.02
-4  8 -3 -5  0 -1 -3 -5  3 -6 -5  1 -4 -6 -2 -2 -4 -6 -3 -6 0 0 1 1 0.03
-5 -5 -5 -4 -1 -5 -5 -7  2 -5 -5 -5 -5  0 -7 -3 -5 -1 10 -5 0 0 1 1 0.03
-3 -6 -4 -2 -6 -5 -5  7 -5 -7 -7 -5 -6 -7 -6 -4 -5 -6 -7 -7 0 0 1 1 0.02
 3  3 -1 -3 -3 -2 -3 -2 -3  0 -1 -2  1 -4 -3  2 -1 -4 -3  0 1 0 0 1 0.01
-1  1 -2 -3 -4 -2 -2  0 -3 -3 -4  3 -3  1 -1  4  2 -4 -3  0 1 0 0 1 0.01
 0 -3 -4 -2 -1 -4 -4 -5 -3  3  4 -4  0 -1 -2 -1 -2 -4 -3  2 1 0 0 1 0.01
-5  8 -4 -5 -7  1 -3 -6 -4 -6 -6  0 -5 -6 -6 -4 -5  4 -5 -6 1 0 0 1 0.01
-3  4 -2 -4 -6 -2 -3 -5 -4 -3 -5  7 -4 -6 -4 -3 -4 -6 -2 -2 1 0 0 1 0.01
-1  4  1 -2 -4  3 -1 -2 -3 -1 -1  2  4 -4 -3 -1  0 -4 -3 -1 1 0 0 1 0.01
-2 -5 -5 -6 -1 -5 -5 -4 -1  3 -1 -5  0 -2 -5 -4 -3  6  3  5 1 0 0 0 0.02
 1  2  0  0 -4 -1 -1 -2 -3 -2 -2  5 -1 -4 -3  1  0 -5 -4 -3 1 0 0 0 0.02
 0  0 -1  2 -3  0  3 -4 -2 -3 -3  5 -2 -3 -3 -2 -2 -5 -4 -4 1 0 0 1 0.02
-1 -5 -5 -5 -4 -3 -5 -5 -5  6  0 -4  4  0 -5 -3 -1 -4 -1  3 1 0 0 0 0.01
-3 -3 -3  0 -6 -2  7 -5  2 -5 -2  0  2 -5 -4 -3 -4 -5  0 -3 1 0 0 0 0.02
 0 -1 -3 -1 -3  0  2 -3 -1  3 -1  1  0 -1 -3  0 -1 -4 -3  2 1 0 0 1 0.02
-1  0  0  0 -3  2  1 -2 -1 -1 -2  2 -2 -4 -3  3  2 -4 -3 -1 1 0 0 1 0.02
-2  2 -3 -3 -1  6 -2 -4 -2 -4 -1  1  5 -4 -4  0  0 -4 -4 -4 1 0 0 0 0.02
-3  3  0 -3 -6  0  0 -4  8 -2 -5  3 -4 -4 -2 -3 -3 -4  2 -5 1 0 0 1 0.02
 3 -1  0  0 -3  1  1 -1 -2 -2 -3  2 -1 -4 -2  1 -1 -4 -1 -2 0 0 1 1 0.02
-1  2  0  1 -4 -1  1 -3 -1 -3 -2  5 -2 -3  0 -1  0 -4 -2 -3 0 0 1 1 0.01
-4  0 -3  0 -2 -2 -4 -5  7 -4 -4 -4 -2  0 -5 -3 -4 -2  8 -4 0 1 0 0 0.02
-1  1  0 -1 -3  1 -1 -2 -1 -1 -1  1 -2  0  0 -1  3 -3 -1  1 0 0 1 1 0.02
-3 -5 -2 -5 11 -5 -5 -3 -5 -4 -4 -5 -4 -2 -5 -3 -4 -5 -2 -4 0 0 1 0 0.01
 0 -3 -2 -2 -4 -1 -1 -4 -3 -3 -3 -2 -3 -4  7  2  0 -5 -3 -2 0 0 1 1 0.01
-2  1 -1 -2 -4 -1  1 -4 -2 -2 -2  0 -1  6 -4  0 -1 -2  1  0 0 0 1 1 0.01
-2 -4 -4 -4  9 -4 -4 -1 -3  0 -2 -4 -2 -3 -4 -2  0  3  1  0 0 0 1 1 0.01
 0  0  0  2  0  0  0  4  2 -4 -4  0 -3 -4 -2  0 -2 -3 -3 -3 0 0 1 1 0.01
 0  1  1 -1 -3  1  1  0  2 -2 -2  1  1  1 -2  1  1 -2 -1 -2 0 0 1 1 0.02
-2 -1 -1  2  0  0  0 -1 -1  0 -1  0  0 -1  1 -1  3 -3  0  0 0 0 1 1 0.02
 2  2  0  0 -2  1  0 -2 -1 -3 -4  4 -3 -4 -3  1  1 -4 -2 -2 0 0 1 1 0.01
-3 -3 -5 -5 -4 -4 -5 -5 -5  1  1 -4  7  0 -5 -4 -1 -4 -3  5 0 1 0 0 0.01
-2  3 -2 -2 -5 -1  1 -2 -3 -2 -5  6 -4 -5 -4 -2 -1  0 -2 -3 0 1 0 1 0.01
-4  8 -4 -5 -6 -2 -3 -3 -3 -6 -5  1 -2 -6 -5 -1 -4  1 -5 -5 0 1 0 1 0.01
-1  1 -1 -1 -2  1  1 -2 -1  1 -1  1 -1  0 -2  0  0  2 -2  1 0 1 0 1 0.01
 5 -2 -1 -3  1 -1 -2  2 -2 -3 -4 -3 -3 -4 -3  2 -1 -4 -4 -1 0 1 0 1 0.01
 0 -2 -2 -3 -1 -3 -3 -3 -4  0 -1 -3  0 -1 -3  0  4 -4 -1  4 0 0 1 1 0.01
-1 -2 -3 -3 -4 -4 -4  7 -4 -5 -5 -1 -4 -5 -4 -1 -4 -4 -5 -5 0 0 1 0 0.01
-4 -5 -5 -5 -4 -5 -5 -5 -5  7  0 -5  0 -3 -5 -3 -1 -5 -4  1 0 1 0 0 0.01
-6 -2 -7 -7 -6 -6 -6 -3 -6 -6 -5 -6 -5 -1 -7 -6 -6 13  0 -6 0 1 0 0 0.01
-1  1  0 -1 -2  2  1 -1  4 -3 -3  3 -1 -3 -3  1  0 -4 -1 -1 0 1 0 0 0.01
-3  1  2 -5  9  1 -4 -5  3 -4 -4 -4 -4 -5 -5 -3 -3 -5 -4  0 0 1 0 0 0.01
-1  2  0  0 -4  0  1  1  1 -2 -3  2 -3 -3  2  0 -1 -4  0 -3 0 0 1 1 0.01
-1  1  0 -1  0  0  2  0  1 -2 -4  3 -3 -3  2  1 -1 -3  2 -3 0 0 1 1 0.01
-3 -2 -4 -5 10  0 -5 -5  2 -4 -3 -5 -4 -2 -5 -2  2 -5 -1 -4 0 0 1 1 0.01
-2  1  1 -2 -1 -1 -2  4  0 -2 -2  1  4 -4 -4 -1 -3 -4 -4 -1 0 0 1 1 0.01
-1  2  0 -3 -1  0  2 -4  1 -1 -2  5 -3 -1 -3 -2 -1 -4  2 -2 0 0 1 0 0.01
-1 -1 -3 -3 -1 -1 -2 -4 -4  0 -2  3  1 -4 -3 -1  5 -5 -4  2 0 1 0 0 0.01
-2 -4 -5 -5 -3 -3 -3 -5 -4  3 -1 -2  1  4 -5 -3 -2  4  1  4 0 1 0 0 0.01
 6 -4 -4 -2  0 -3 -3 -3 -4 -3 -4 -3 -3 -5 -4 -1  2 -5 -4  0 0 1 0 0 0.01
-2 -3 -3  0  2 -4 -4  7 -5 -5 -6 -4 -5 -6 -5 -1 -4 -5 -6 -2 0 0 1 0 0.01
-1 -3 -1 -1 -5 -2 -4  6 -4 -5 -3 -4 -5 -5 -1 -2 -2 -5 -3 -5 0 0 1 0 0.01
 6 -4 -4 -4  0 -3 -3 -2 -4 -1 -4 -3 -3 -4 -1  0  1 -5 -4 -2 0 0 1 0 0.01
-5 -2 -5 -6 -5 -4 -5 -5 -2 -4 -4 -5 -4  1 -6 -2 -4 10  8 -4 0 0 1 0 0.01
-1  0  0 -2 -1 -1 -1 -3 -3  1 -1 -1 -1 -3 -1  1  4 -4 -2  2 0 0 1 1 0.01
-3 -4 -4 -4 -2 -3 -4 -5  0 -2  2 -3  0  1  5 -3 -3  2  5  0 0 0 1 0 0.01
-1 -1  4  1 -4  1  1 -2  0 -4 -4 -1 -3 -3 -3  3  1 -1 -2 -2 0 0 1 1 0.01
-3 -4 -3 -4 -4 -3 -4 -4 -4  0 -3 -3  1 -4 -4  0  7 -5 -2 -2 0 0 1 0 0.01
 1 -3 -2 -3 -3 -1 -1  0 -3 -2 -3 -2 -2 -4  5  1  3 -4 -4 -2 1 0 0 1 0.02
 3 -3 -1 -3 -2 -2 -2  1 -3 -2 -1 -2  0 -3  0  3  1 -4 -3  0 1 0 0 1 0.03
 5 -3 -1 -3 -3 -1 -3  3 -2 -3 -3 -3 -2 -3 -1 -1 -1 -4 -4 -1 1 0 0 0 0.03
 1  1 -2 -3 -3  0 -1 -3 -3  1 -1  2 -1 -2 -3 -1 -1 -4 -3  3 1 0 0 1 0.03
 0 -3 -2 -3 -3 -1 -3 -4 -1  0 -2 -2  1 -3 -3  1  6 -4 -1  0 1 0 0 1 0.04
 2 -3 -4 -5 -3 -4 -4 -3 -4  1  0 -4  0  1 -4 -2 -1 -4 -2  5 1 0 0 0 0.04
-2  4 -2 -1 -5  1  0 -3 -2 -4 -2  5 -1 -4  0 -1 -1 -5 -4 -3 1 0 0 1 0.05
-1  4  0 -1 -1 -1 -2 -2 -3 -4 -3  1 -1 -3 -3  5 -1 -4 -2 -4 1 0 0 1 0.06
 4 -3 -1 -3 -3 -3 -3 -1 -3 -1 -2 -3 -1 -4 -3  2  4 -4 -1 -1 0 0 1 1 0.08
-3 -5 -5 -5 -3 -4 -5 -3 -5  6  1 -5  2 -2 -5 -2 -3 -4 -2  2 1 0 0 0 0.10
-2  7 -1 -2 -5  0  0 -3 -1  1 -3  2 -3 -5 -4 -2 -3 -5 -4 -3 1 0 0 1 0.10
 0  7 -1 -4 -5  0 -2 -4 -3 -3 -4  2 -4 -5 -4 -3 -2 -5 -4 -4 1 0 0 1 0.12
 1 -1 -4 -4 -3 -3 -4 -4 -4  1  5 -2  0 -1 -4 -1 -1 -3 -3  0 1 0 0 0 0.07
-1  5 -1 -3 -4 -1 -1 -3 -2 -1  1  4 -2 -3 -3 -2 -1 -4 -1  0 1 0 0 0 0.13
-1 -1 -2  1 -5  1  5  0 -2 -3 -3  2 -1 -4 -3 -1 -2 -4 -4 -3 1 0 0 1 0.22
 0 -1 -1 -1 -3  1  1 -1 -2  0  2  0  2 -2 -1 -1 -1 -3 -2 -1 1 0 0 1 0.42
-1  1 -1  2 -4  2  2 -3 -1 -2 -3  4 -2 -4 -3 -1  0 -4 -3 -1 0 0 1 1 0.56
-1 -2 -1  4 -5  1  5 -1 -2 -4 -4  0 -4 -5 -3 -1 -1 -5 -4 -2 0 0 1 1 0.66
-2 -1 -1  3 -5  5  4 -3 -1 -4 -4  2 -3 -5 -3 -1 -2 -4 -3 -4 0 0 1 1 0.74
