-1  5  0 -2 -3  1  0 -2  0 -3 -2  2 -1 -3 -2 -1 -1 -3 -2 -2 1 1 1 80
 5 -3 -3 -3 -3 -3 -3 -2 -4 -3 -4 -3 -3 -4 -3  2  5 -5 -4 -2 0 0 0 5
-1 -3 -3 -4 -5 -4 -5  7 -5 -6 -6 -4 -5 -6 -5 -3 -4 -5 -6 -6 0 0 0 65
-4  6 -3 -4 -6 -1 -2 -4 -3 -5 -5  6 -4 -6 -4 -2 -3 -5 -4 -5 0 0 0 55
-5 -5 -5 -6 -5 -2 -5 -6 -2 -3 -2 -5 -3  7 -6 -5 -5  1  7 -4 0 0 0 0
-2  1 -3 -4 -5 -4 -3  7 -5 -7 -6 -4 -5 -6 -5 -2 -4 -5 -6 -6 0 1 1 40
 3 -2 -3 -4  0 -3 -3 -3 -4 -1 -3 -3 -3 -5  4 -1  5 -5 -4  0 0 1 1 85
-4  8 -3 -5  0 -1 -3 -5  3 -6 -5  1 -4 -6 -2 -3 -4 -6 -3 -6 1 1 1 50
-5 -5 -6 -4 -1 -5 -6 -7  1 -5 -5 -5 -5  0 -7 -3 -5 -1 10 -5 1 1 0 35
-3 -6 -4 -2 -6 -5 -5  7 -5 -7 -7 -5 -6 -7 -6 -4 -5 -6 -7 -7 1 1 1 35
 3  4 -1 -3 -3 -2 -3 -2 -3  0 -1 -2  1 -4 -3  2 -1 -4 -4  0 0 0 1 80
-1  1 -2 -3 -4 -2 -2  0 -3 -3 -4  3 -3  1 -1  4  2 -4 -3  1 0 0 1 75
 1 -3 -4 -2 -1 -4 -4 -4 -3  3  4 -4  0 -1 -2 -1 -2 -4 -3  2 0 0 1 30
-5  8 -4 -5 -7  1 -3 -6 -4 -6 -6  0 -5 -6 -6 -4 -5  4 -5 -6 0 0 1 20
-3  4 -2 -4 -6 -2 -3 -5 -4 -3 -5  7 -4 -6 -4 -3 -4 -6 -2 -2 0 0 1 45
-1  4  0 -2 -4  3 -1 -2 -3 -1 -1  2  4 -4 -3 -1  0 -4 -3 -2 0 0 1 50
-2 -5 -6 -6 -1 -5 -5 -4 -2  3 -1 -5  0 -3 -5 -4 -3  6  3  6 0 0 1 0
 1  2  0  0 -4 -1 -1 -2 -3 -2 -2  5 -1 -4 -3  1  0 -5 -4 -3 0 0 1 5
-1  0 -1  2 -3  0  4 -4 -2 -3 -4  5 -2 -3 -3 -2 -2 -5 -4 -4 0 0 1 55
-2 -5 -5 -5 -4 -3 -5 -5 -5  6  0 -5  3  0 -5 -3 -1 -4 -1  3 0 0 1 15
-3 -3 -3 -2 -6 -1  7 -5  2 -5 -1  0  2 -5 -4 -3 -4 -5  0 -2 0 0 1 5
 0 -1 -2  0 -3 -1  2 -3 -1  3 -1  1  0 -1 -3  0 -1 -4 -3  2 0 0 1 60
-1  0  0  1 -3  2  1 -2 -1 -1 -2  2 -2 -4 -3  3  1 -4 -3 -1 0 0 1 35
-2  2 -3 -4 -1  6  0 -4 -1 -4 -1  1  5 -5 -4  0 -2 -5 -4 -4 0 0 1 10
-3  3  0 -3 -5  0 -1 -3  8 -2 -5  3 -4 -4 -2 -2 -1 -4  2 -4 0 0 1 60
 3 -1 -1  1 -3  1  1  0 -2 -2 -3  2 -1 -4 -2  1  0 -4 -3 -2 1 1 0 50
-1  2  0  0 -4 -1  1 -3 -1 -3 -2  5 -2 -3  0 -1  1 -4 -2 -3 1 1 1 80
-4  0 -3 -2 -2 -2 -1 -5  7 -4 -4 -4 -2  0 -5 -3 -4 -2  8 -4 1 0 1 10
-1  1  1 -1 -3  1 -1 -2 -1 -1 -1  1 -2  0  0  0  3 -3 -1  1 1 1 1 60
 0 -6 -2 -6 11 -5 -6 -3 -5 -4 -4 -5 -4 -2 -5 -3 -4 -5 -3 -4 1 1 1 0
-2 -3 -2 -2 -4 -1 -1 -4 -2 -3 -3 -1 -3 -4  6  2  1 -5 -3 -2 1 1 0 55
-2  1 -1 -2 -4 -1  0 -4 -2 -1 -2  1 -1  6 -4  0 -2 -2  1  1 1 1 0 60
-4 -6 -5  1 11 -5 -5 -3 -5 -4 -4 -5 -5 -5 -5 -4 -2  0 -1 -2 1 1 0 25
-1 -1 -1  2 -3 -2 -2  6  0 -6 -6  1 -5 -5 -4 -1 -4 -5 -5 -5 1 1 1 70
 0  1  1 -1 -3  1  1  0  2 -2 -2  1  1  1 -2  0  0 -2  2 -2 1 1 1 60
-2 -1 -1  2  0  0  0 -2 -1  0 -1  0  0 -1  1 -1  3 -4  0  0 1 1 0 50
 2  1  0 -1 -2  1  0 -2 -1 -4 -4  4 -3 -4 -3  1  1 -4 -2 -2 1 1 1 40
-3 -3 -5 -6 -4 -4 -5 -6 -5  1  1 -4  7  0 -5 -4 -1 -5 -3  5 1 0 0 0
-2  3 -2 -3 -6 -1  0 -2 -4 -1 -5  6 -4 -5 -4 -2 -1  0 -2 -3 1 0 0 75
-4  8 -4 -5 -6 -2 -3 -2 -4 -6 -5  1 -1 -6 -5 -1 -4  2 -5 -5 1 0 0 30
-1  2 -1 -1 -2  1  1 -2 -1  0 -1  1 -1  0 -2  0  0  2 -2  1 1 0 0 55
 5 -2 -1 -3  1 -1 -2  2 -2 -3 -4 -3 -3 -4 -3  2 -1 -4 -4 -1 1 0 0 25
 0 -3 -2 -4 -1 -3 -3 -3 -4  0 -1 -3  1 -1 -3  0  4 -4 -1  4 0 1 1 25
-1 -2 -3 -4 -4 -4 -4  7 -4 -5 -5 -1 -4 -5 -4 -1 -4 -4 -5 -5 0 1 1 -5
-4 -5 -5 -5 -4 -5 -5 -5 -5  7  0 -5  0 -3 -5 -3 -1 -5 -4  1 1 0 0 5
-6 -2 -7 -7 -6 -6 -6 -3 -6 -6 -6 -6 -5 -1 -7 -6 -6 13  0 -6 1 0 0 -5
-1  1  0 -1 -2  2  1 -1  5 -3 -3  3 -1 -4 -3  1  0 -4 -1 -1 1 0 0 35
-5 -2 -1 -7 11 -1 -7 -7  1 -5 -6 -7 -6 -7 -7 -5 -5 -7 -6 -2 1 0 0 0
-2  3  0 -2 -5 -1  0  3 -2 -4 -5  4 -4 -5  0  0 -1 -5 -2 -4 0 1 1 75
-1  0 -1 -1 -2 -1  1  0  1 -4 -5  4 -4 -4 -1  3 -2 -5  0 -4 0 1 1 55
-4 -4 -6 -6 11 -1 -6 -6  0 -5 -4 -6 -5 -3 -6 -3  1 -6 -2 -5 0 1 1 50
-3  0  1 -3  0 -2 -3  4  1 -3 -3  1  6 -4 -5 -1 -3 -5 -4 -2 1 1 1 45
 0  1 -1 -3 -2 -1  1 -4  0 -2 -3  5 -3  0 -4 -2 -2 -4  2 -2 1 1 1 10
-2 -1 -3 -4 -2  0 -2 -4 -4 -1 -2  3  1 -4 -4 -1  5 -5 -4  2 1 0 0 20
-3 -5 -5 -5 -4 -3 -4 -5 -4  3 -1 -2  2  4 -5 -4 -3  4  1  5 1 0 0 0
 6 -5 -4 -3 -1 -4 -4 -3 -5 -4 -4 -4 -4 -5 -4 -1  2 -6 -5 -1 1 0 0 0
-3 -3 -3 -1  1 -5 -5  7 -5 -6 -6 -4 -6 -6 -5  0 -4 -6 -6 -3 1 1 1 0
-1 -3 -2 -1 -5 -3 -4  7 -5 -6 -3 -4 -5 -6 -2 -2 -2 -5 -3 -5 1 1 1 -5
 6 -4 -4 -5  0 -4 -4 -3 -5 -2 -4 -4 -4 -5 -2  0  1 -5 -5 -2 1 1 0 0
-5 -3 -6 -7 -6 -5 -6 -6 -3 -5 -5 -5 -5  1 -6 -3 -5 10  8 -5 1 1 0 10
 0  0  0 -1 -1 -1 -1 -3 -3  0 -1 -1 -1 -3 -2  1  4 -4 -1  2 1 1 0 25
-3 -4 -5 -5  0 -4 -4 -5  0 -2  1 -3  0  1  6 -4 -3  0  5  0 1 1 0 15
-1 -1  4  1 -4  2  1 -2  0 -4 -4 -1 -3 -3 -3  3  1 -1 -3 -1 1 1 0 45
-3 -4 -3 -4 -4 -4 -4 -5 -5 -1 -4 -4  0 -5 -4  0  7 -5 -2 -3 1 1 1 5
 1 -3 -3 -3 -3 -1 -1  0 -3  0 -3 -3 -2 -4  5  1  4 -5 -4 -1 0 0 1 90
 3 -3 -1 -3 -3 -2 -3  1 -3 -2 -1 -2  1 -4  0  3  1 -4 -3  0 0 0 1 30
 5 -3 -1 -4 -3 -1 -3  3 -2 -4 -3 -3 -2 -5 -1 -1 -2 -5 -4 -1 0 0 1 10
 2  1 -2 -3 -3 -1 -1 -3 -3  1 -1  2 -1 -1 -3 -1 -1 -4 -3  3 0 0 1 45
 1 -3 -3 -4 -3 -1 -3 -4 -4  0 -3 -2  2 -4 -3  1  6 -5 -2  0 0 0 1 35
 2 -3 -5 -5 -3 -4 -4 -3 -5  1  1 -4  0 -1 -4 -2 -1 -5 -3  6 0 0 1 5
-2  5 -2 -1 -5  1 -1 -4 -3 -4 -1  5  0 -4 -3 -1  0 -5 -4 -3 0 0 1 65
-1  4 -2 -3 -4 -1 -2 -3 -3 -5 -3  1 -3 -3 -3  5 -1 -5 -4 -4 0 0 1 80
 4 -3 -2 -3 -3 -3 -3 -2 -4 -3 -4 -3 -3 -4 -3  2  5 -5 -4 -2 1 1 1 70
