 0 -2  0 -2 -2 -2 -2 -2 -3 -3 -3 -2 -2 -4 -2  4  5 -4 -3 -2 1 1 1 85
 0 -3 -2  0 -4  0  1 -2 -1 -4 -4 -2 -3 -4  7  1 -1 -5 -4 -3 1 1 1 70
 0 -1 -1  2 -4  4  5 -3 -1 -4 -4 -1 -3 -4 -2  0 -2 -4 -3 -3 1 1 1 90
-3 -2 -1  4 -5  1  6 -4 -2 -5 -5 -1 -4 -5 -3 -2 -3 -5 -4 -4 1 1 1 10
 0  3  1 -1 -3  3  1 -2 -1 -2 -2  2  1 -1 -2  0 -1 -3 -1 -2 0 0 1 60
 2 -1  0  2 -3  1  4 -2 -2 -4 -4  1 -3 -4 -2  0 -1 -4 -3 -3 0 0 1 60
 5 -3  0  0 -2 -2 -2 -1 -3 -3 -2 -1 -2 -4 -2  1  0 -4 -3 -1 0 0 1 5
-3 -4 -5 -5 -3 -4 -5 -5 -5  6  1 -4  0 -2 -1 -4 -2 -4 -3  3 0 0 1 10
-1 -1  1  2 -4  2  5 -1  0 -4 -3  1 -3 -4 -2 -1  0 -4 -3 -3 0 0 1 65
-3  7 -1  0 -5  1  0 -4 -2 -5 -4  1 -3 -5 -4 -2 -1 -5 -3 -4 0 0 1 65
-3 -3 -4 -4 -2 -3 -4 -5 -4  2  5 -4  1 -1 -4 -3 -2 -3 -2  0 0 0 1 5
-1 -1 -2  0  5  1  3 -2 -2  0 -2  2  2 -3 -2 -1 -1 -3 -3  0 0 0 1 40
 3  0 -1 -1 -2  1  2  1 -1 -3 -3  0 -1 -3 -2  1  0 -3 -3 -2 0 0 1 55
-2 -3 -1 -4 -2 -2 -3 -4 -3  1  4 -3  5  0 -4 -2 -1 -3 -2  0 0 1 1 50
-1 -4  0 -3 -4 -3 -3  7 -3 -5 -5 -3 -4 -5 -4 -2 -2 -4 -4 -3 0 1 1 70
 0 -4 -4 -5 -3 -4 -4 -4 -3  0 -1 -4  0  8 -5 -3 -3 -1  2 -2 1 1 1 20
-2 -2  0  4 -4  0  2 -2 -1 -4 -4 -1 -3 -4  5  1  0 -4 -3 -3 1 1 1 45
-2  5 -1 -1 -4  1  3 -3  0 -3 -3  2 -2 -1 -1 -2 -2 -4 -2 -3 0 0 1 55
 2 -1  1  2 -2  1  1  1  3 -3 -3 -1 -2 -3 -1  1  0 -3 -2 -2 0 0 1 60
-1 -1 -1  0 -2  1  0 -3 -2  1  2  0  1 -1 -1 -1  0 -3 -2  1 0 0 1 45
 2 -3 -3 -4  2 -3 -3 -3 -4  1 -1 -3 -1 -2 -3 -1  0 -4 -3  5 0 0 1 0
 0 -3 -4 -4 -2 -3 -4 -4 -4  5  2 -3  1 -1 -3 -2  0 -3 -2  3 0 0 1 30
-2 -1 -1  0 -5  5  5 -3  1 -4 -4  0 -2 -5 -1 -1 -2 -4 -3 -3 0 0 1 60
 4 -3 -3 -3  0 -2 -2 -1 -3  0 -1 -2  0 -3 -2  0 -1 -3 -3  2 0 0 1 10
-3 -3 -3 -4 -4 -3 -3 -4  0 -2 -2 -3 -2  5 -4 -2 -3  1  8 -2 0 0 1 5
-2 -3 -4 -4 -3 -3 -2 -4 -2  2  2 -3  1  5 -4 -3 -2 -1  2  0 0 0 1 55
 5 -3 -3 -3 -2 -2 -2 -1 -3 -1 -2 -2  1 -3 -2  0 -1 -4 -3  0 0 1 1 50
-2 -5 -4 -5 11 -5 -5 -4 -5 -3 -3 -5 -3 -4 -5 -1 -3 -4 -4 -3 0 1 1 25
-2 -2  3  6 -4 -1  3  1 -2 -4 -5 -1 -4 -5 -3 -1 -2 -5 -4 -4 0 1 1 70
-2  3 -2 -2 -5  0 -1 -3 -2 -4 -4  6 -3 -1 -3 -2 -2 -4 -3 -4 1 1 0 50
-3 -2  7  3 -4  0 -1 -2 -1 -5 -5 -2 -4 -5 -3 -1 -2 -5 -4 -4 1 1 1 45
-2 -1 -2  0 -4  1  6 -3 -2 -3 -3  1 -3 -4 -2 -1 -2 -4 -3  0 1 1 0 50
-1 -1  2  1 -4  3  5 -3  0 -3 -3  0 -3 -4 -2 -1 -1 -4  0 -3 0 0 1 75
-1 -3 -2 -2 -2 -1 -3 -4 -3  1  4 -2  3 -1 -3 -2 -2 -1 -2  1 0 0 1 45
 6 -3 -3 -3 -2 -2 -2 -1 -3 -3 -3 -2 -2 -4 -2  0  1 -4 -3 -1 0 0 1 0
 5 -1 -3 -3 -2 -2 -2 -1 -3  1 -1 -1 -1 -3 -2  0 -1 -4 -3  0 0 0 1 20
-2 -2  7  2 -4  0  0 -2 -1 -4 -4 -1 -1 -4 -3  1 -1 -5 -3 -4 0 0 1 60
-3 -3 -4 -4  2 -3 -4 -4  1  1  0 -3  1  5 -4 -3 -3  1  6 -1 0 0 1 35
-3 -3 -5 -5 -3 -3 -4 -5 -4  1  5 -4  1 -1 -3 -4 -2 -3  1  0 0 0 1 5
-2 -4 -4 -5 -1 -4 -4 -4 -3  0  3 -4  1  6 -4 -3 -2 -1  1  0 0 0 1 50
-1  1  1  3 -3  2  4 -1 -1 -4 -4  0 -3 -4 -2  1  0 -4 -3 -3 0 0 1 55
-2  1  3  1 -3  4  1 -1  4 -3 -3  0 -1 -3 -2  0 -1 -3  0 -3 1 1 0 55
 1 -1  1 -1 -2  0  0  2  0 -2 -2  0  1 -1  2  1  1 -3  0 -2 1 1 1 80
 0 -2  0  1 -3  0  0  0  2 -1  0 -1 -1  3 -1 -1 -1  1  1 -2 1 1 1 85
-3 -2  1  6 -5  0  4 -2 -2 -5 -5 -1 -4 -5 -3 -2 -2 -5 -4 -4 1 1 1 75
-2 -2  0  5 -4 -1  3 -1 -2 -3 -3 -1 -3  3  0 -1 -2 -3  0 -3 1 1 1 90
-2 -2  0  5 -5  2  5 -3 -1 -4 -4  0 -3 -5 -2 -1 -2 -5 -4 -4 1 1 1 95
