-7 -7 -8 -9 -7 -6 -8 -9 -8 -5 -1 -7 11 -6 -9 -8 -7 -7 -7 -5 1 1 1 55
-1 -5 -3 -3 -5 -4 -5 -5 -7  5  3 -3 -1 -2 -2 -1 -1 -6 -5  2 1 1 1 5
-1  1  1 -2 -3  2 -1 -2 -1  0 -1  2 -2 -4 -2  0  2 -5 -4  1 1 1 1 60
-1  2 -2 -2 -3  1  0  6 -3 -7 -7 -3 -7 -6 -6  1  0 -7 -7 -5 1 0 0 5
-6 -7 -9 -9 -5 -8 -8 -9 -8  5  5 -8  1  3 -7 -8 -5 -2 -6  2 1 0 0 25
-3 -2  6  4 -4 -4 -3  0  6 -7 -3 -5 -5 -4 -7  0 -5 -4  1 -6 1 0 0 15
-7 -8 -7 -8 -11 -2  1 -10 11 -11 -7 -8 -3 -5 -10 -7 -9 -2 -2 -8 1 0 0 0
-1 -7 -7 -6 -3 -7 -7 -8 -4  4  1 -7 -1 -1 -7 -5  4 -8 -4  4 1 0 0 0
 3 -5 -4 -6  1 -4 -4 -1  3  3 -3 -5  1 -6 -6  0  3 -7 -6  2 1 0 0 0
-6 -5 -6 -9 -7 -8 -8 -9 -8  3  5 -8  0  3 -9 -8 -7 -1 -1  3 1 0 0 0
 0  3  0 -3 -3 -1 -1 -3  2  2 -1 -1 -1  0  0  0  0  2  3  0 1 0 0 -5
 1 -8 -8 -9  5 -8 -8 -4 -9 -2 -6 -8 -2 -7 -6 -1 -1 -9 -8  7 1 0 0 -5
 1  4 -2 -1 -3 -1  0 -2  0 -5 -5  2 -5 -6 -3  3  1 -7 -5 -4 1 1 0 30
-9 -9  3  8 -5 -4 -4 -7 -4 -10 -11 -5 -10 -7 -9 -3 -8 -11 -5 -10 1 1 1 50
-3  1 -2 -7 -6 -4 -6 -7 -5  0  5  0  4 -2 -2 -5 -4 -2  2  1 0 0 1 0
 1  0 -1  4 -8  2  5 -3 -1 -5 -7 -1 -7 -5 -2 -2 -3 -8 -7 -3 0 0 1 50
 2  6 -4 -3 -4 -2  2 -5 -3 -5 -4  2 -4 -8 -4 -3 -1 -8 -7 -2 0 0 1 30
 3 -8 -4 -7  0 -5 -5 -7 -8 -6 -5 -7  2 -9 -8  6  2 -9 -8 -6 0 0 1 -5
 2  1 -5 -5 -1 -3  0 -5 -3  3  2  0 -1 -3 -5 -2  0 -4 -4  2 0 0 1 0
 3  3 -3  3 -4  0  2 -3  2 -6 -5 -1 -6 -6 -4 -2 -1 -3 -4 -4 0 1 0 30
-10 -11 -11 -12 -10 -11 -11 -11 -9 -5 -5 -11 -4 10 -12 -10 -10  5 -3 -6 0 1 0 10
-10 -10 -10 -11 -10 -9 -10 -11 -6 -6  0 -10 -4  0 -11 -7 -9  2 10 -5 0 1 0 -5
 0  3 -4 -4  4  3  2  0  0 -4 -5 -1 -4 -7 -6 -1  3 -7 -5 -1 0 1 0 35
-3  1  1  5 -8  2  3  1  0 -7 -8  0 -5 -7 -5 -2  0 -8 -5 -7 0 1 0 60
-2 -5 -7 -7 -3 -4 -7 -4  0  4  2 -3 -1 -2 -5 -6 -2 -7 -4  6 0 1 0 15
-8 -9 -10 -10 -8 -9 -10 -10 -3 -2  7 -9  1  4 -6 -9 -8 -8 -7 -2 1 1 0 0
-6 -6 -3  0 -5 -3 -1  7 -4 -11 -6 -5 -5 -10 -7 -6 -6 -10 -10 -10 1 1 1 55
 0 -4 -9 -9  3 -8 -6 -5 -5 -3  4 -8  6  6 -9 -8 -7  2  0 -5 1 1 1 0
-1  3 -3  0 -5  0  4 -5 -1 -5 -6  3 -4 -5  3 -1  1 -8 -5 -2 1 0 0 55
-1 -1 -5 -4 -2 -2  2 -5 -4  0  3 -2 -2 -2  3 -4 -2 -4 -3  3 1 0 0 15
 0 -1 -2  0 -2 -1  1 -2  2  2  1 -1  2 -1  0 -2 -1 -2 -2  2 1 0 0 5
 2  1 -3  0 -5  0  0 -1  3 -3 -3  1 -2 -1  1 -1 -1  2  1  1 1 0 0 0
-1  5 -4  0 -7  1  2 -4 -1 -4 -4  2 -4 -2  0  1 -2 -4 -5 -2 1 0 0 35
-1 -2 -2  0 -6  0 -1  2 -1 -1 -1 -3 -2  2  3 -1 -2  7  1 -2 1 0 0 15
-1  1 -1  3 -7 -1  3  3 -2 -7 -6 -1 -4 -1  2 -1 -3 -7 -2 -7 0 1 1 50
-1  3  1  1 -6  1  0  0  2 -5 -3  1 -3 -3  2  0  0 -6 -2 -3 0 1 1 45
 0  1  0  1 -3 -2  0  2  1 -2 -1 -3  1  3 -2 -2  0  2 -2 -1 1 0 0 -5
 5 -2 -1 -1 -1 -3 -4 -1 -2 -1 -1 -2 -2 -1 -3 -1  0 -2 -4  2 1 0 0 -5
 0 -3 -2 -5 -4 -4 -3 -5 -1 -2 -2 -5  0  6 -3 -4 -3  6  6  0 1 0 0 0
-4 -2 -6 -3 -7 -7 -6 -6 -4  1  4 -5 -1  5 -5 -5 -2 -3  2  1 1 0 0 -5
-1  1  1  4 -3  2  0 -1 -1 -3 -3 -1 -1 -2 -2  1  1  3 -3 -2 1 0 0 25
 2 -2 -2 -4  3 -4 -4 -3 -2  2  3 -5  0  1 -1 -1 -2  0  0  2 1 0 0 5
 0  0  2  0 -2 -4 -2  6 -1 -8 -6 -4 -3 -4 -1 -3 -4 -8 -2 -5 0 1 1 60
-1 -3  2  4 -2 -2  0  4  0 -5 -5 -2 -7 -3  0  0 -1 -3 -7 -5 0 1 1 85
 0 -2  0  1 -2  1 -1  1  0  0  0 -2 -1  0 -2  0  1 -2  0  0 1 0 0 0
-3  0  0  0 -2  1 -2  0  4 -2 -2 -1  3  0 -4 -3  1  8 -2 -1 1 0 0 0
-3 -4 -4 -5 -6 -3 -5 -3  2  4  5 -6 -1  1 -5 -3 -3 -6 -2  2 1 0 0 0
 3 -3 -1  1  3 -3  0 -1  4  0  0 -4 -1 -3 -3 -1 -1  2 -3  0 1 0 0 5
-2 -4 -4 -2 -7 -1 -2 -5 -3  2  5 -7 -1  1 -6 -5 -2 -7 -4  0 1 0 0 0
 0 -2  2  1 -4  0 -1  0  1  0 -1 -3  2  2 -1  0 -1  1 -2  0 1 0 0 15
 0  0 -3  0 -2  1  2 -1 -1 -3  2 -1 -1  2  1 -1 -2  0  0 -2 1 0 0 40
 1 -2 -1  3 -2 -1  3  1 -2 -4 -3 -2 -2 -2  1 -2  0  1 -1 -1 1 1 1 20
 0 -1 -2  1 -7  0  2  0 -2 -4 -3  0 -2 -2  5 -1 -1 -1 -1 -3 0 1 1 50
 0  0  0  1 -4  0  1  0  0 -1 -2  0  0 -1  2  0  1  1 -1 -1 0 1 1 90
 0  1  0  0  0  0  0  0  0  0 -1  0  0  0  2  0  0 -3  0  0 1 1 1 10
-1  0  0  0 -3  0  0 -1  2  0 -1  0  1  0  0  0  0  3  1  0 1 1 1 90
 1  2 -2  0 -1  1  2  1  1 -2 -3  0 -2 -3  2 -1  0 -2 -2 -2 1 1 1 15
-1 -1 -2  0 -3 -1  2 -1 -1  1 -5 -1 -2 -6  6 -1 -1 -7 -4 -3 1 1 1 30
 1  1  0 -1 -2  0  1  1  1 -2 -1  0 -1 -2  1  0  1  0 -2 -1 1 1 1 50
 1  1 -1  0 -2  1 -2  0  4  0 -2 -1 -2 -2  3  0 -1  0 -2 -1 1 1 0 90
-1  1  1  2 -2 -1  0  4 -2 -3 -3  0  0 -4  0  1 -1 -5 -4 -2 0 1 1 10
-1 -1 -2 -2 -2 -2 -2  1  1 -1  1 -2  1  1  0 -1 -1  1  3  1 1 1 0 30
-1  3  2  1 -2  1 -1 -1  3 -3 -2 -1 -2 -3 -1  0  2 -1  0 -2 1 1 1 5
-6 -6 -2  2 -2 -2 -3  1 10 -8 -7 -6 -7 -3 -3 -6 -4 -7 -4 -5 1 0 0 0
-3  0 -3 -4 -2 -3 -5 -4 -2  3  2 -3  0  4 -3 -3  0 -3  3  2 1 0 0 0
 6 -3 -5 -5  5 -5 -2  1  5 -6 -6 -5 -5 -6 -5  0 -2 -6 -2 -5 1 0 0 -5
-4 -7 -7 -7 -6 -4 -7 -7 -2 -1  2 -7 -1  8 -7 -6 -3  2  0 -1 1 0 0 0
 2  2  1 -1  1  0  0  0  0 -2  0 -1 -1 -2 -3  1  0 -4  0 -1 1 0 0 0
-2 -6 -6 -6  0 -4 -6 -6 -3  4  2 -4  2  1 -2 -3 -2 -1 -1  5 1 1 1 5
 1  0 -1  4 -5 -1  2 -2 -3 -5 -4 -3 -3 -5  1  2  1 -1 -5 -2 1 1 1 45
 0  1 -2  2 -1 -1  2 -2 -2 -1 -1 -1 -2 -3  3  0  0 -3 -2  1 0 0 1 65
 2 -1 -2  3 -4  0  4 -1 -2 -3 -3  0 -3 -1  0  0 -1  0 -4 -4 0 0 1 90
 0 -3  0  6 -4  0  4 -3 -1 -5 -3 -3 -4 -4 -3 -1 -3 -7 -6 -5 0 0 1 30
-2 -3 -7 -6 -6 -5 -2 -6 -4  2  3 -4  2  5 -4 -6 -4  1  1  3 0 0 1 10
 1  0 -1  5 -4  0  3 -2  0 -5 -2 -2 -2 -6 -1 -1 -2 -3 -3 -3 0 0 1 65
 3  2 -1  1 -4  1  2 -2  0 -4 -4  0 -3 -5 -1 -1 -1 -6 -4 -3 0 0 1 70
 3 -4 -4 -5 -2 -4 -5 -4 -3  2  1 -5  1  1 -6 -2 -1  6  0  2 0 0 1 0
 0  2 -4 -3  0  0  0 -4  1  1  1  1  0  0 -3 -2 -2 -1  3  1 0 0 1 0
 3  1 -1  2 -6  2  3 -1 -1 -5 -4  0 -4 -5 -4 -1 -1 -6 -4 -4 0 0 1 50
-2  5 -4 -3 -3  2  0 -5  5 -2 -3  1 -3 -1 -6 -4 -3  4  1 -1 0 0 1 35
-2 -5 -5 -8 -4 -6 -8 -8 -3  2  6 -7 -1 -1 -8 -6 -6 -7 -3 -1 0 0 1 -5
 0  3 -1  1 -3  2  2 -3 -1 -1 -1  2  0 -5 -3 -1 -1 -5 -3 -1 0 0 1 50
 4  1  0  2 -3  1  3 -1 -1 -5 -5  1 -4 -5 -4  1 -2 -7 -6 -5 0 0 1 80
 3  2  0 -2 -1  1 -1 -2  5 -3  0  1 -1 -3 -4 -1 -2 -2 -2 -3 0 1 1 65
-3 -5  2 -1 -5 -1 -3  7 -1 -5 -7 -3 -8 -4 -6 -3 -5 -8 -6 -8 0 1 1 70
 0 -1 -6 -6 -6 -6 -2 -2  1  3 -1 -1  1  0 -1 -2 -1  3  0  5 1 1 1 15
-1  0  0  1  1  1  1 -3  2 -2  0 -1  0 -1  2 -2  0  2  1 -2 1 1 1 70
-1 -2 -3 -1 -1 -1  1 -3  2  3  0 -3 -1  0  1 -2 -1 -4  2  2 1 0 0 35
-3  0 -2 -2 -5 -2  1  2 -1  0  0 -2  0  0 -1 -2 -1  6  1  1 1 0 0 20
 1  1 -2 -1 -1  1  1  0  0 -3 -4  2 -4 -3  3 -1  1  1 -2 -1 1 0 0 25
 0  2 -1  2 -2  0  1  0 -1 -2 -2 -1 -1  0  1  0  0 -1 -1  0 1 1 1 70
 0 -1  2  4 -2 -2  0 -1  2 -3 -4 -3 -2 -3  3  1 -1 -2 -5 -3 1 1 1 30
-2  5 -2 -1 -4  0  1 -2  6 -2 -4  0 -2 -2 -2 -2 -3  2 -1 -1 1 1 1 75
-2  0 -1  2 -4 -1 -1  4  2 -5 -3  0 -3 -3  1  2  0 -2 -2 -4 1 1 0 25
-2 -3 -2  2 -2 -3  3  4 -1 -2 -5 -3 -2 -1  1 -2  0 -2 -2  0 1 1 0 25
-1  1 -2 -5 -2 -3 -5  6  0 -4 -6  1  0  0 -4  0  0 -7 -4 -2 1 1 0 30
 0  5 -2  2 -4  0  1 -3  2 -4 -3  2 -3 -5  1 -4 -2  2  1 -4 1 1 1 50
 2 -2 -3 -5 -3  2 -7  1 -4 -4 -5 -5 -2  0 -7  6 -2 -8 -2 -6 1 0 0 5
-1 -8 -5 -8 -3 -5 -8 -4 -3  5  3 -8  1  3 -8 -7 -1 -2 -1  3 1 0 0 0
-5 -2 -4 -4 -5 -4 -5 -9 -1 -6 -6 -5 -4  5 -9 -6 -6  0  9 -5 1 0 0 0
-3 -9 -9 -10  3 -9 -9 -3 -8  0  0 -9 -3  8 -9 -8 -2 -2 -1  1 1 0 0 -5
 0  4  0 -2 -3  1  0 -6  3 -3  0  2 -1  0 -4 -1  0 -6  2 -4 1 0 0 20
-9 -9 -6  9 -11 -8 -6 -4 -9 -11 -5 -8 -11 -11 -9 -8 -4 -12 -11 -11 1 1 1 0
-5 -6 -10 -6 -2 -9 -7 -10 -3 -6 -5 -7 -10 -6  9 -6 -6 -4 -4 -10 0 1 1 45
-1 -8  0  8 -5 -5 -1 -6 -8 -10 -6 -7 -4 -4 -8 -2 -4  1 -9 -7 0 1 1 10
-5 -5  1 -3 -4 -4 -6  7 -3 -11 -8 -6 -5 -6 -9 -6 -8 -10 -10 -10 1 1 1 20
-4 -5  6 -6 -8 -5 -3 -7  8  1  0 -7 -3 -1 -8 -5 -3 -8  0 -4 1 1 1 0
 0  2 -1 -3  0  0  0  0 -2 -1  1  1  2 -2  1 -1 -1  2 -1  0 1 0 0 10
-5 -8 -8 -9 -2 -8 -8 -9 -8  5  4 -8  1  3 -8 -7 -6  1 -3  3 1 0 0 -5
-8 -3 -7 -4 -10  0  8 -6 -7 -9 -7 -6 -4 -9 -8 -7 -7 -9 -8 -9 1 0 0 0
-3 -7 -7 -7 -3 -7 -7 -7 -7  4  5 -7  1  4 -7 -6 -4 -6 -2  2 1 0 0 -5
 1 -3 -3 -5  2 -2 -3 -4  7 -2 -5 -4 -2  0 -5 -3  1 -4  6 -1 1 0 0 0
 1 -3 -1 -3  3 -1 -1 -3 -4 -3 -2 -3  0 -3  0  1  4  2 -3  2 1 1 1 15
-1 -3 -2  1 -4 -2 -1  5 -4 -3 -3 -3  1  0 -1  0 -3  1 -1 -4 1 1 1 30
-2 -1  2  2 -3  0  1  0  0 -3 -3  0 -3 -4 -1  1  4 -4 -3  0 1 1 1 45
 0 -2 -3 -3 -3 -2 -1 -2 -3  1  4  0  0 -1  1 -1 -2 -1  0  0 0 0 1 0
 2  0  0  1 -3  3  3  1  0 -3 -3  0 -2 -3 -1  0 -1  0 -2 -3 0 0 1 60
-1  1  0  4 -4  2  3 -3 -2 -4 -4  0 -1 -2 -3  2 -1  0 -3 -4 0 0 1 25
-4  8 -3 -1 -5 -2 -1  0 -3 -5 -5 -1 -2 -5 -4 -3 -2 -5 -4 -5 0 0 1 0
-2 -4 -4 -6  0 -4 -5 -6 -5  0  6 -5  3 -2  0 -4 -3 -4 -4 -1 0 0 1 5
 3  1  0  2 -3  0  2 -2 -1 -3 -3  1 -3 -4 -2  1  0 -4 -3 -2 0 0 1 45
 2  1 -2 -1 -1 -1 -2  0  0 -3 -2  0 -1 -1 -3  2  0  2  3 -2 0 0 1 30
-2 -1 -4 -5  5 -1 -4 -5 -1 -2  0 -1 -2  0 -4 -3  0  2  7 -1 0 0 1 0
-3  6  0 -1 -5  0 -1 -4  0 -4 -3  4 -2 -4 -4 -2 -2  3  0 -4 0 0 1 60
 0  1  1  1 -2  2  2 -2  2 -2 -2  2 -1  1 -2  0 -1 -3 -2 -2 0 0 1 85
 1  2  1  0 -3  1  3 -2 -2 -3 -3  1 -3 -4 -2  0  1 -4 -3 -2 1 1 0 60
-1 -2 -3  0 -5 -2 -2 -4 -4 -5 -4  3 -1 -5  7 -2 -2 -6 -5 -4 1 1 1 55
 1  1 -2 -2 -2 -1 -2 -1  1 -2 -2  1 -2  0  2 -1  0  1  5 -2 1 1 1 30
 2 -1 -1  1 -2  1  2 -1  1 -2 -3  1 -2 -3  3  1  0 -3 -2 -1 0 1 1 60
-2 -3  0 -1 -4 -2 -1  5  6 -5 -4 -3 -4 -4 -4 -2 -2 -4 -2 -4 0 1 1 50
 0 -3 -4 -5  2 -1 -4 -4 -3  0  2 -3  7  0 -4 -3 -2  4 -2  0 1 1 1 5
-1  2 -1 -2 -3  1  2 -2  0 -1 -2  2 -2 -3 -2  0  3 -4 -2  1 1 0 0 75
-4 -4 -4 -5 -4 -4 -4 -5  3  0  0 -4 -1  6 -5 -4 -3  8  1  0 1 0 0 25
 1 -3 -3 -4 -3  0 -2 -3  1 -2 -2 -3 -2  5 -4 -1 -2  0  6 -2 1 1 1 70
-2 -2  2  6 -5  0  4 -2 -2 -4 -5 -1 -4 -5 -2 -1 -2 -5 -4 -4 1 1 1 75
