-2 -3 -4 -4 -3 -2 -3 -4 -3  0  2 -3  8  1 -4 -3 -2 -2 -2  0 1 1 1 70
 5 -2 -2 -2 -2 -1  1  0 -2 -3 -3 -1 -2 -4 -2  1 -1 -4 -3 -2 1 1 1 55
 2  1 -1 -2 -2 -1 -2 -1 -2 -3 -3 -1 -3 -4 -2  5  2 -4 -3 -2 1 1 1 50
-2 -2 -2 -1 -5  8  1 -4 -2 -5 -5 -1 -3 -2 -4 -2 -3 -4 -4 -5 1 1 1 45
-2 -1  7  0 -4 -1  0 -3 -2 -3 -3 -1 -4 -5 -4  0  0 -6 -4 -3 1 1 1 60
 0  4 -1 -2 -3  0 -1 -1 -1  0 -1  0  0 -1 -1  1  1 -4 -2 -1 1 1 1 55
 1 -2  3  5 -4 -1  1 -2 -2 -4 -4  0 -3 -4 -2  2 -1 -5 -4 -3 1 1 1 45
-1 -3 -4  0 -5 -1 -1 -4 -4 -3 -5 -2 -5 -6  8  0 -3 -6 -5 -5 1 1 1 55
 3  0 -1 -1  2 -1  0  1  1 -2 -1 -2 -2 -1 -2  1 -1 -3 -1 -1 1 1 1 30
 4  2 -1 -2 -2 -1 -2  0  0 -1 -2 -1 -1 -2 -2  2  0 -4 -1  0 1 1 1 35
 1  0  0 -2 -1  0  1 -1 -2 -1 -1 -1 -1 -3  1  2  3 -4 -3 -1 1 1 1 35
 2 -3  0 -2  3  0 -2 -1 -3 -2 -3 -1 -3 -4  2  4  1 -4 -3 -1 1 1 1 20
 0 -1 -1 -2 -2  0 -1  0 -2  1  0  0  0 -1 -1  1  1 -3 -2  2 0 0 1 25
 2 -1  0 -2  0  0 -1  0 -1 -1 -2  0 -2 -2  1  1  2 -3 -1  0 0 0 1 40
 3 -2 -1 -2 -2  1 -1  0 -1 -2 -2  0 -2 -3  1  2  1 -4 -3  0 0 0 1 25
 3 -1 -2 -2 -3  0  0  1  0 -2 -3  0 -2 -4  2  2  1 -4 -3 -1 0 0 1 40
-1  3 -1  0 -3  1  0 -1  1 -3 -2  2 -2 -2  1  1  0 -3  0 -2 0 0 1 50
-1  1 -2 -1 -4  2  0 -1 -2 -2 -1  4 -1 -4  0  0  0 -4 -3 -3 0 1 1 55
 0  0  0  1 -3 -1 -1  4 -2 -2 -2 -1 -2 -2  0  1  0 -4 -3 -1 0 1 1 60
 3  0 -1 -1  0  0 -1  0  0 -2 -1  0  0 -3 -1  1  0  1 -3 -1 1 1 1 40
 0  0  0  0 -3  1  2  0 -1 -1 -1  0  1 -3  1  1  1 -3 -3 -1 1 1 1 55
 0 -2 -3 -2 -2 -1 -1 -1  1 -2 -4 -1 -2 -4  6  2  1 -2 -2 -2 1 1 1 55
 0  0  1 -1  1  0  0 -1  0 -3 -3  0  0 -3  1  3  1 -4 -2 -1 1 1 1 55
 0  1  1 -1 -1  1 -1  2 -2 -2 -2  1  1 -2 -1  2  0  0 -2 -2 0 1 1 55
 1 -1  0 -2 -3 -1 -2  3 -1 -3 -3  0 -1 -4  0  2  2 -2 -3 -2 1 1 1 55
 2 -1  0 -2 -3 -1 -1 -1  0 -2 -2  1  0 -3  0  2  1 -1 -3 -1 1 1 1 45
 2 -2  1  2 -1  0  0 -1 -1 -2 -2  0  0 -4  2  2  0 -4 -3 -1 1 1 1 40
 0  2  2 -2 -3  0 -1 -1 -1 -2 -1  1 -1 -2  0  2  0  3 -2 -1 1 1 1 35
 1 -3  1 -1 -3  1 -1  3  2 -4 -3 -2 -2 -4 -2  3  2 -4 -3 -3 1 1 1 95
 2 -2  0 -3 -2 -1 -2  0 -2 -2 -3 -2 -1 -3  3  3  2  1 -1 -2 0 0 1 75
 4 -2 -4 -4 -1 -3 -4 -3 -4 -1  1 -3 -1 -4 -4  1 -1 -5 -4  3 0 0 1 20
 0  1 -1 -3 -3  2 -2  1 -1 -1  1 -1 -1 -2  2  1  1 -4 -3 -1 0 0 1 20
-4  5 -3 -4  0  0 -3 -4 -1 -6 -4  6 -3 -6 -5 -3 -3 -6 -5 -5 0 0 1 55
-2  9 -5 -6 -8 -4 -5 -5 -5 -6 -6 -2 -6 -7 -7 -4 -6 -7 -6 -6 0 0 1 20
-5 -6 -7 -7 -5 -6 -7 -7 -7  6  5 -6 -1 -3 -6 -6 -4 -3 -5 -1 0 0 1 -5
-1  1  1 -3 -4  5 -2 -3  0  2  0  1  3 -2 -3 -2 -1 -5 -3 -1 0 0 1 35
-3  4 -1 -4 -6  3 -2 -5  0 -4 -3  6 -2 -4 -4 -1 -2 -3 -4 -5 0 0 1 45
-5 -4 -4  3 -4  1  7 -6 -4 -8 -7 -3 -6 -8 -6 -4 -5 -7 -4 -7 0 0 1 0
-4 -5 -5 -6 -5 -5 -5 -6 -4  0  5 -5  1  2 -5 -3  2 -3  3 -2 0 0 1 10
 0  1 -1 -3 -5  4  1 -3 -2 -3 -2  3  5 -5 -4  0 -1 -5 -3 -3 0 0 1 45
-1  2  1  4  0  1  2 -2  0 -4 -3  1 -1 -5 -4  0  2 -4 -3 -3 0 0 1 40
-4 -6 -7 -7 -2 -6 -6 -6 -6  3  6 -6  3  1 -6 -6 -4 -3 -3 -1 0 0 1 5
 0  0  0 -3 -3  3 -1 -1 -2 -2  1  0  5 -3 -3  0  1 -3 -4 -1 0 0 1 40
 1  3  0 -2 -4  1  0 -3 -2 -1 -1  3  4 -3 -3  0  1 -4 -4 -2 0 0 1 75
-3 -3  3  5 -3 -1  3 -3  0 -6 -6 -2 -4 -5 -2  2 -2 -6 -5 -5 1 1 0 35
-2 -3 -2 -2 -4 -2 -3  1 -3 -4 -4 -1 -3 -6  7 -1 -2 -6 -6 -5 1 1 1 75
-1 -4 -1  2 -3 -2 -1 -4 -4  0 -2 -3 -3 -5  6 -1 -1 -6 -3  2 1 1 1 20
 1 -2 -2  1 -2 -1  2 -2 -1 -4 -4  2 -3 -5  5  0  0 -5 -3 -3 0 1 1 65
-3 -4  3 -1 -5  1 -3  6 -2 -6 -5 -4 -5 -5 -4 -1 -2  0 -3 -5 0 1 1 25
-4 -6 -6 -6  7 -6 -6 -6 -6  6 -1 -6 -1  3 -5 -5 -3 -3 -1  2 1 0 0 5
-2 -1 -1 -3 -1 -2 -1 -3 -2 -2 -3  1 -2 -4 -3  5  2 -2 -3 -1 1 0 0 30
 6 -5 -5 -5  2 -4 -4 -1 -5 -1 -3 -4 -3 -5 -4 -2 -3 -6 -4  1 1 0 0 0
 0 -2 -2 -2 -2 -1  1  4 -1 -2 -2 -2 -2  4 -4  0  0  3  0 -2 1 0 0 35
-4 -5 -6 -5 -6 -1 -5 -6 -6 -3  0 -5 -1 -6  8 -4 -3 -7 -6 -1 1 0 0 10
-2 -2  0  3 -1 -1  2 -3  2  0 -2  1 -1 -2 -3  0 -1 -4 -1  2 1 0 0 35
-1 -3 -1  3 -5 -1  4  3 -2 -5 -5 -1 -3 -5  0  2 -3 -4 -5 -4 1 1 0 75
-3 -4  2  7 -5 -1  2  0 -2 -6 -6 -3 -5 -6 -4  1 -2 -6 -2 -5 1 1 0 65
-4 -3  8  4 -2 -2 -3 -4 -2 -7 -7 -2 -3 -7 -5 -2 -3 -7 -6 -6 1 1 1 35
-1 -4 -4 -5 -2 -4 -4 -5 -4  4  4 -4  4  0 -3 -4 -2 -2 -2  0 1 0 0 25
-3  2 -3 -2 -1 -2 -4 -5 -1 -3  0 -3  3  7 -6 -3 -2 -2  4 -3 1 0 0 45
-3  0  0 -1 -1  0  2 -4  6 -3 -2  2 -2 -2 -4 -1 -1 -3  4 -1 1 0 0 25
-7 -7 -5 -8 -1 -6 -7 -6 -6 -5 -2 -7 -2  4 -8 -6 -6 12 -2 -6 1 0 0 0
-2  1  1  1 -3  3  1 -3  3  0 -2  1 -1 -3 -3 -1  0 -4 -2  1 1 0 0 25
 4 -4 -4 -4  2 -3 -4  3 -5 -1 -3 -4 -2 -4 -4  0 -3 -5 -4  3 1 0 0 0
-1 -3 -3 -4 -2 -1 -3 -4 -4  1  0 -2  1 -2 -4 -1  5 -3 -3  3 1 0 0 10
-4 -6 -7 -7 -5 -6 -6 -7 -7  8  0 -6  0 -3 -6 -6 -3 -6 -5  1 1 0 0 -5
 0 -1 -1 -1 -2  0  0 -3  3  1  1 -1  4  2 -1 -1  0 -3 -1  0 1 0 0 40
-3 -5 -4 -4 -3 -5 -6  7 -3 -7 -7 -5 -6 -7 -4 -4 -5 -6 -7 -6 1 1 1 10
 0 -6 -5 -5 -2 -3 -3 -2 -6 -6 -6 -5 -6 -7  8 -2 -4 -7 -6 -4 1 1 1 35
 1 -1  0  1 -3  2  2 -2 -1 -3 -3  0 -2 -4  4  1 -1 -5 -4 -2 0 1 1 75
-2 -4  1  5 -6  0  1  4 -4 -6 -4 -3 -4 -6 -4 -2 -3 -4 -5 -5 0 1 1 85
-3 -4 -3 -4 -3 -4 -4 -4 -5 -3 -4 -4 -4 -4 -4  5  6 -6 -5 -4 1 1 0 25
 0 -5 -5 -4  0 -4 -3 -5 -2 -1 -1 -2 -3 -4  7 -3 -3 -6 -3  2 0 1 1 15
-5 -6 -6 -7 -4 -4 -6 -7 -1 -4 -3 -6 -4  5 -7 -3 -5  6  8  0 0 1 1 -5
 0 -3 -2  0 -6  2  7 -2 -1 -6 -6 -1 -4 -6 -4 -1 -3 -6 -4 -5 0 1 1 30
-3 -3  0  2 -3 -3 -3  6 -2 -6 -6 -1 -5 -5 -5  0 -4 -5 -3 -6 0 1 1 85
-1 -3 -4 -4 -3 -3 -4  6 -4 -1  1 -4 -3 -3 -5 -3 -3 -5 -4 -4 1 1 1 5
-2  2 -2 -3  1 -2 -2 -3  1  2 -1  0  0  0 -3 -1  2 -4  0  3 1 0 0 50
-6 -3 -6 -7 -6 -6 -6 -7 -4 -3 -2 -6 -3  9 -7 -6 -1 -1  4 -4 1 0 0 0
-2  2  0 -2 -2  0  0 -4  1 -3 -2  5 -2  3 -1  0 -2 -4 -1 -3 1 0 0 40
 1 -4 -5 -5 -2 -4 -5 -4 -5  1  5 -4  1 -1 -4 -1 -3 -4 -3  0 1 0 0 -5
-1  0  0  2 -3  0  3 -3  1 -2 -2  0 -2 -2 -1  2  2 -3 -1 -2 1 0 0 5
-3 -5 -5 -6 -4 -4 -5 -6 -5  5  4 -5  3  0 -2 -3 -3 -2 -2  1 1 0 0 -5
-1  0 -1  0  1  1  2 -3  3 -1 -2  1 -2  2 -3  0  2 -3  0 -1 1 0 0 40
-5 -6 -6 -7 -5 -6 -6 -6 -3  0  2 -6 -2  8 -7 -6 -4 -3  0 -2 1 1 1 5
-3 -2 -4 -3 -6 -4 -4 -4 -1 -5 -2 -4 -5 -6  8  0  0 -7 -6 -5 1 1 1 30
 0 -1  1  1 -4  1  3 -2 -1 -3 -3  0 -2 -3  2  2  1 -4 -2 -2 0 1 1 90
-2 -1  2  6 -1 -1  3  1 -2 -5 -5 -1 -5 -5 -4 -1  0 -6 -5 -5 0 1 1 25
-6 -6 -6 -5 -4 -6 -6 -7 -1 -2 -5 -6 -5  0 -1 -6 -6 -2 10 -5 0 1 1 0
-4  0 -6 -6 -7 -5 -5 -6 -1 -7 -4 -5 -6 -7  9 -4 -4 -8 -7 -6 0 1 1 10
-2 -3  1 -3 -3 -2 -1 -5  0 -2  0 -4  5  6 -4 -1 -2 -2  4 -2 0 1 1 65
 1  1  2 -2 -2  0  0 -3  0 -4 -4  4 -2 -4 -3  1  1 -5 -3 -2 1 1 0 50
 3 -4 -5 -5 -1  0 -3 -5 -1 -6 -4 -4 -5 -6  8 -3 -3 -7 -6 -4 1 1 1 20
-4 -6 -6 -1 -6 -5 -5 -5 -6 -6 -5 -5 -4 -5  9 -5 -5 -7 -7 -6 1 1 1 0
-2  1 -1 -3 -4  1 -1 -3 -1 -2 -3  5 -1 -2 -3  0  3 -5 -2 -1 1 0 0 45
-2 -5 -5 -5  0 -4 -4 -5 -5  2  1 -4  3  0 -5 -1 -2 -5 -3  5 1 0 0 5
 0  4 -2 -3 -1  0 -1 -4  0 -3 -2  4 -2 -3 -3 -1  1 -1 -3 -1 1 0 0 30
-6 -6 -6 -7 -3 -6 -6 -6 -5 -3 -3 -6 -3  9 -1 -6 -6 -3  0 -4 1 0 0 0
-1  1 -2 -2 -2 -1 -1 -4 -3  2  3  0  3 -2 -3 -2  2 -4 -3  1 1 1 0 55
-3 -4 -2 -2  0 -4 -4 -3 -4 -3 -4 -3 -4 -5 -1  2  7 -5 -4 -2 1 1 0 20
-3  4 -2 -1 -4 -1  1 -3 -2 -3 -3  5 -3 -4  4 -2 -2 -3 -4 -4 1 1 1 50
-3 -3 -4 -5  5 -4 -5 -4 -5  6 -1 -4  4 -2 -3 -4 -2 -4 -2  2 1 1 1 10
-5 -5 -5 -6 -3 -5 -5 -5 -2 -3 -2 -5 -4  5 -5 -4 -4  6  8 -4 1 1 1 5
-5 -4 -3 -5 -6 -3 -4 -5 11 -6 -5 -4 -5 -4 -5 -4 -3 -5  0 -6 1 1 1 -5
-3 -5 -5 -4  5 -4 -4 -5 -5 -4 -5 -4 -3 -5  8 -3 -3 -5 -5 -4 0 1 1 -5
-4 -4  9  0 -5 -3 -3 -3 -3 -6 -6 -2 -5 -6 -5 -2 -3 -6 -5 -6 0 1 1 0
-3 -5 -5 -5 -4 -5 -5 -5 -5  6 -1 -5 -1 -1 -5 -4 -3 -5 -4  5 1 0 1 0
-1 -3  4  5 -4 -3 -1 -2  1 -4 -4 -2 -4 -1 -4  0 -2 -3  5 -4 1 1 1 20
 0  1  0 -1 -2  1  0 -2 -1 -3 -2  2 -1 -1  1  3  1 -3 -2 -2 0 1 1 75
-1 -1  4  3 -3  3  0 -2  1 -3  0 -1 -2 -2 -3  1 -1 -1 -2 -3 0 1 1 55
-3 -3 -3 -4 -5 -3 -3  7 -4 -6 -6 -4 -5 -5 -4 -3 -4 -5 -5 -5 1 1 1 5
 0  4  3  1 -3  0  0 -2  0 -3 -3  0 -2 -2 -3  2 -1 -4 -2 -1 1 0 1 25
-4 -5 -4 -5 -4 -5 -5 -5 -1  7  0 -5 -1 -3 -5 -4 -3 -5 -4  3 1 0 1 5
-4 -5 -5 -6 11 -5 -6 -4 -2 -5 -5 -6 -5 -4 -5 -3 -4 -2 -3 -4 1 1 1 30
-3 -4 -5 -5 -3 -4 -4 -5 -2  3  5 -4  1 -1 -4 -3 -3 -4 -3  0 1 1 1 10
-3 -4 -1  7 -5 -3  0 -2 -4 -5 -5 -3 -5 -5 -3  2 -3 -6 -5 -5 0 0 0 35
-3 -5 -5 -5 -4 -5 -5 -5 -5  7 -1 -4 -1 -3 -5 -3 -1 -5 -4  1 0 0 0 5
-4 -3 -5 -5 -4 -4 -5 -5 -5  0  6 -4 -1 -1 -4 -4 -4 -4 -4 -2 0 0 0 10
-3  2 -2 -2 -5  3 -1 -3  5 -4 -4  6 -3 -5 -3 -1 -2 -5 -3 -4 0 1 1 50
-2 -1  2  5 -5  0  3 -1 -1 -5 -4 -1 -3 -5 -3  1 -2 -5 -3 -4 0 1 1 70
 0  3  2 -2 -3  4  0 -2 -1 -5 -4  4 -2 -5 -3 -1 -2 -5 -4 -4 0 1 1 55
-7 -5 -9 -9 -2 -7 -8 -5 -7 -7 -6 -8 -6 -2 -9 -8 -7 13 -2 -8 1 1 1 10
-2 -2  0 -3 -1 -3 -3 -1 -4 -4 -2 -1 -3 -2 -4  6  0 -6 -4 -4 1 1 1 20
 1 -5 -3 -5 -3 -5 -5 -5 -5 -5 -2 -4 -5 -6  8 -2 -3 -7 -6 -4 0 1 1 20
 4 -4 -4 -4 -1 -1 -3 -1 -4  0  0 -3 -2 -4 -3  0  1 -5 -4  2 0 1 1 75
-4 -4 -4 -5 -2  1 -4 -6  2 -1  4 -4  1  0 -5 -4 -3  3  5 -2 1 1 1 30
-3 -2  3  4 -4  3 -1 -1 -3 -4 -4 -1 -3 -5 -3  1  4 -5 -4 -4 1 1 1 15
-3 -6 -6 -6 -2 -5 -6 -6 -6  6  0 -5  2 -3 -5 -5 -2 -6 -4  5 0 0 1 -5
 0  5 -2 -2  0  0  2 -3 -1 -4 -3 -1 -3 -2 -3  3 -1 -3 -3 -3 0 0 1 25
 0 -2 -2 -2 -4 -2 -3 -3 -2 -4 -2  4 -2 -5 -4  1  5 -5 -4 -3 0 0 1 25
-2 -5 -6 -6 -4 -5 -6 -6 -6  5  1 -5 -1 -3 -5 -4 -3 -5 -4  5 0 0 1 0
-4 -4 -6 -7 -2 -5 -6 -7 -6 -1  6 -6  1 -2 -5 -5 -4 -5 -4 -2 0 0 1 -5
-3 -3 -2 -4 -4 -2 -1 -5 -4  1  5 -4  0 -2 -4 -3  1 -4 -3  0 0 0 1 25
-1 -4 -3 -3 -2 -2 -4 -4 -4 -3 -2 -4 -2 -5 -4  7  0  0 -5 -4 0 0 1 25
-4 -6 -5 -6 -4 -5 -6 -6 -6  7  0 -5 -1 -2 -5 -4 -1 -5 -4  3 0 0 1 0
-3  0 -3 -4  6  6 -2 -5 -2  1  0 -2  1 -4 -3 -1 -3 -1 -2 -1 0 0 1 15
 2 -4 -1 -3 -2  0 -2 -3  0 -4 -1 -3 -3 -5 -4  6 -2 -5 -4 -2 0 0 1 55
-4 -5 -6 -6 -4 -5 -6 -6 -6  0  6 -4  4 -2 -6 -4 -4 -3 -3 -2 0 0 1 10
-4 -5 -6 -6 -4 -3 -5 -6 -5  0  6 -5  4 -1 -6 -4 -4 -4 -4 -2 0 0 1 0
 1 -2  1  0  3 -1 -1  2 -2 -3 -3 -2 -2 -4  0  2  3 -4 -3 -2 0 0 1 30
 1 -3  0  5 -4 -2  4 -4 -2 -5 -5 -2 -5 -6 -4  0 -1 -6 -5 -3 1 1 0 80
-4 -6 -6 -6  2 -5 -5 -6 -3 -5 -4 -5 -6 -7  9 -5 -4 -7 -4 -6 1 1 1 15
-4 -4  9  0 -6 -3 -2 -4 -3 -5 -7 -3 -6 -5 -6 -1 -4 -7 -4 -6 1 1 1 50
-2 -4  0  0 -1 -4 -4 -4 -4  2 -3 -4 -4 -4  7 -3  0 -3 -5 -2 0 1 1 40
-1 -3  2  6 -1 -1  2 -3  0 -5 -4 -1 -3 -2 -4  0 -3 -5  0 -4 0 1 1 75
-3 -4  1  6 -4 -3 -1 -3 -1 -6 -6 -3 -5 -6 -4  5 -2 -6 -5 -3 1 1 0 35
-1 -4 -3 -5 -1 -5 -5 -2 -6 -6 -5 -5 -6 -7  8 -3 -5 -7 -6 -6 1 1 1 25
 3 -5 -5 -6 -4 -2 -5 -5 -5 -1  5 -4  1 -2 -4 -4 -3 -4 -1 -2 1 1 0 30
 1 -2  6  1 -4 -2 -1 -4 -2 -3 -3 -3  1 -4 -4 -2 -3 -6 -4  3 1 1 1 15
 1 -2  2 -2 -1 -2 -2  0 -3  0 -2 -1 -1 -4  4  0  1 -5 -3  1 0 0 1 40
-2 -2  0  5 -2  1  4 -3  3 -4 -4 -2 -1 -5 -3  0 -1 -5 -1 -2 0 0 1 45
 4 -4 -5 -5 -3 -4 -4 -4 -5  5 -2 -3 -2 -4 -4 -3 -2 -5 -4  3 0 0 1 -5
 6 -5 -3 -5  2 -4 -3 -1 -5 -4 -5 -4 -4 -5 -4  1 -2 -6 -5 -2 0 0 1 10
-1  1  0  0 -5  3  4 -2  2 -3 -3  3 -2 -4 -3  0  0 -2 -3 -2 0 0 1 65
-3 -2 -4 -3 -4  3  1 -4  1  1  4 -2  4 -2 -3 -3 -2 -4 -3  0 0 0 1 20
-6 -2 -6 -7 -5 -5 -6 -7 -2 -4 -2 -6 -2  3 -7 -6 -6 10  7 -5 0 0 1 25
-3  3  0 -2 -4  0  0 -4  0 -5 -3  6 -1 -5 -3 -1  0 -6 -4 -4 0 0 1 75
-4 -2  6  5 -6 -2  0 -4  0 -5 -5 -2 -5 -6 -3 -1  2 -6 -4 -5 1 1 1 50
-3  5  2  2 -5  1 -1 -4 -1 -4 -4  2  0 -4  2  0 -2 -3 -2 -4 0 0 1 50
 0  3  0  0 -4  1  3 -3  0 -3 -3  1 -2 -4  1  0  1 -5 -3 -2 0 0 1 80
 3 -1 -2 -1 -4  1  4 -1 -3 -3 -2  2 -2 -4 -3 -1 -1 -5 -4 -2 0 0 1 35
-1 -4 -4 -3 -4 -4 -3 -5  4 -4 -4 -1 -4  6 -6 -4 -3 -2  7 -4 0 0 1 0
-1  0  3  3 -3 -1  2 -3  0 -1 -2  3 -2 -2 -3 -1 -2 -5 -1 -2 0 0 1 25
-1  4 -1  0 -4  1  1 -3  0 -3 -3  5 -3 -3 -3 -1 -2 -5 -4 -4 0 0 1 65
-2  2  0 -2 -4  0  0 -4  1  0 -1  2  1 -2 -3 -2  2 -3  2 -1 0 0 1 45
 4 -4 -5 -5  0 -3 -4 -4 -5  0  1 -3  0 -3 -4 -2 -2 -1 -1  4 0 0 1 0
 1  5 -3 -2 -4  3 -1 -4  0 -4 -2  3 -1 -5 -3 -1 -2 -3 -3 -3 0 0 1 40
 0  3 -1  1 -5  2  5 -3 -2 -4 -3  1 -2 -4 -4 -1 -3 -5 -4 -4 0 0 1 55
-2 -3 -3 -4  5 -1 -1 -5  1  0 -1 -2 -2 -1 -5 -2  2 10  1 -2 0 0 1 20
-2 -5 -3 -5 -3 -3 -4 -5 -2  0 -3 -4 -2 -1 -5 -3  5  5  4  3 0 0 1 20
-1  4 -1 -1 -4  2  2 -4 -1 -3 -2  3 -1 -4 -3  0  1 -5 -3 -3 0 0 1 55
-3  4 -2 -1 -4  2  1 -5 -3 -5 -4  6 -2 -6 -4 -2 -2 -6 -5 -5 0 0 1 60
-3 -2 -2 -3 -4  3  0 -4  3 -4 -4 -1 -2  0 -4  3 -2 -2  7 -3 0 1 1 45
 5 -4 -4 -4 -3 -3 -4 -3 -4 -2  0 -2 -2 -2 -3 -1 -2  6  0  2 0 0 1 70
 0  0  1 -2 -2  1  0 -3 -1 -2 -2  1  1 -3 -2  2  3 -4 -2 -1 1 1 1 95
 1 -2 -1  1 -2  3  1 -1 -3 -3 -3  0 -3 -5  0  4 -1 -5 -4 -3 0 1 1 65
-1  0 -2  0 -5  6  2 -3  0 -4 -4  3 -3 -4 -2 -2 -2 -5 -3 -3 1 1 1 65
-3 -2 -2  2 -6  1  6 -4  3 -4 -4  1 -4 -5 -2 -2 -3 -5 -4 -4 1 1 1 65
-2 -4 -3 -3 -4 -3 -2 -4 -4 -4 -4 -2 -4 -5  8 -2 -2 -5 -4 -4 1 1 1 90
