-2 -2 -3 -4 -3 -2 -3 -4  1 -2 -1 -2 -1  4 -3 -2 -2  2  7 -1 1 1 1 75
-1 -3 -3 -4 -1 -3 -3 -4 -4  3  2 -3  1 -1 -3 -2 -1 -3 -1  4 1 1 1 95
 4 -2 -1 -2 -1 -1 -1 -1 -2 -2 -2 -1 -2 -3  4  2  0 -3 -2 -1 1 1 1 30
-1 -2  1 -1 -2 -1 -1 -2 -2 -2 -2 -1 -2 -3  4  1  4 -3 -2 -1 1 1 1 60
-1  4  0 -1 -3  1  0 -2 -1 -3 -2  2 -1 -3 -2  1  2 -3 -2 -2 1 1 1 50
-2 -1  1  5 -4  0  3 -2  4 -4 -4 -1 -3 -3 -2 -1 -1 -4 -2 -3 0 1 1 70
-2 -1  6  3 -3  0  0 -1  0 -4 -4 -1 -3 -4 -2  0 -1 -4 -3 -3 0 1 1 50
-1 -4 -3 -4  9 -3 -4 -3 -4 -1  1 -4 -1 -2 -3 -2 -1 -3 -3 -1 1 1 0 10
-2 -5 -4 -5 10 -4 -5 -4 -4 -2 -3 -4 -3 -4 -4 -2 -2 -4 -4 -2 1 0 0 25
-1 -3  0 -3 -2 -2 -3 -3 -3  4  0 -2  0 -1 -3  0  2 -3 -2  2 1 1 0 30
-1  0  0 -2 -2 -2 -2 -3 -2  0  3 -1  2 -1  3 -1  0 -3 -2  0 1 1 1 20
-2 -2  4  6 -4 -1  1 -2 -1 -4 -4 -1 -3 -4 -2  0 -1 -5 -3 -4 1 1 1 20
-2 -1  0  4 -4  2  4 -1 -1 -4 -4  0 -3 -4  1 -1 -2 -4 -3 -3 0 1 1 75
 0  6 -1 -2 -4  1  0  2 -1 -4 -3  1 -2 -4 -3 -1 -2 -4 -3 -3 0 1 1 55
-4 -4 -4 -5 -4 -5 -5 -4 -2 -1 -1 -4 -1  8 -5 -4 -3  0  2 -2 0 1 1 0
-1 -4 -2 -2 -4 -3 -3  7 -3 -5 -5 -3 -4 -4 -3 -1 -3 -4 -4 -4 1 1 1 35
 0  1  0 -1 -2  0  1 -2 -2 -3 -3  1  1 -3 -2  4  1 -4 -3 -2 1 1 1 40
-3 -3 -4 -5 -4 -3 -4 -4  0 -2 -2 -3 -2  4 -4 -3 -3  1  8 -2 1 0 0 15
-2 -5 -4 -5 11 -5 -5 -4 -5 -3 -3 -5 -3 -4 -4 -2 -2 -4 -4 -2 1 0 0 5
-2 -4 -3 -3 -4 -3 -2 -4 -4 -4 -4 -2 -4 -5  8 -2 -2 -5 -4 -4 1 0 0 0
-1 -2 -1 -2 -2 -2 -2 -3 -3 -2 -2 -2 -2 -3 -2  0  7 -4 -3 -1 1 1 1 10
-1 -2 -1 -2 -2 -2 -2 -3 -3 -2 -2 -2  2 -3 -2  0  6 -4 -3 -1 0 0 1 15
-2 -5 -4 -5 11 -5 -5 -4 -5 -3 -3 -5 -3 -4 -4 -2 -2 -4 -4 -2 0 0 1 0
-1 -4 -2 -2 -4 -3 -3  7 -3 -5 -5 -3 -4 -4 -3 -1 -3 -4 -4 -4 0 0 1 5
-2 -4 -4 -4 -2 -4 -4 -5 -4  5  1 -3  0 -1 -4 -3 -1 -4 -2  4 0 0 1 -5
 5 -2 -2 -2 -1 -1  0 -1 -2 -2 -3 -1 -2 -3 -2  1  1 -4 -3 -1 0 0 1 5
-2 -3  2  7 -4 -1  1  0 -2 -4 -5 -2 -4 -5 -3  0 -2 -5 -4 -4 0 0 1 40
-3 -4 -4 -5 -3 -4 -4 -4 -1 -1 -1 -4 -1  7 -5 -3 -3  0  5  0 0 0 1 5
-2 -3 -4 -5 -2 -3 -4 -4 -3  1  5 -3  4  2 -4 -3 -2 -2 -1  0 0 0 1 5
 0 -1  2 -1 -2  1 -1 -2  2 -2  0 -1 -1  0 -2  4  0 -3  1 -2 0 0 1 45
-1  2  3  0 -3  0 -1 -2 -1 -3 -3  3 -2 -3 -2  1  3 -4 -3 -2 0 0 1 55
-3 -3 -4 -4 -4 -3 -3 -4  0 -3 -2 -3 -2  2 -4 -3 -3  1  9 -3 0 0 1 5
-1  1  0 -2 -3  6  0 -3  1 -3 -1  1  0  0 -2 -1 -1 -3 -2 -2 0 0 1 25
-1 -1  1  0 -2 -1  0 -1 -2 -2 -2  0 -2 -3  3  2  4 -4 -3 -2 0 0 1 50
 0 -1  0  2 -2  0  1  2 -2 -1 -2  0  0 -3 -2  2  2 -3 -2 -1 0 0 1 40
-1 -3 -3 -4 -2 -3 -3 -4 -4  2  0 -3  1 -2 -3 -2  1 -4 -2  5 0 0 1 5
-2 -2  2  6 -4  0  2 -2  2 -3 -4 -1 -3 -4 -2  0 -2 -5 -3 -2 0 0 1 25
-1  2  1  1 -4  2  2 -1  1 -3 -3  4 -2 -4 -2 -1  0 -4 -2 -3 0 0 1 65
-3 -2  0  7 -4  1  2 -3 -2 -2 -4  0 -3 -4 -2 -1 -2 -5 -4 -3 0 0 1 30
-2 -3 -4 -4 -2 -3 -4 -4 -4  1  5 -3  1 -1 -4 -1 -2 -3 -2  1 0 0 1 5
-1  1  1  1 -3  5  2 -2 -1 -3 -2  0 -2 -3 -2  0 -1 -3  0 -3 0 0 1 45
 0  0  2  1 -2  1  1 -2  2 -1 -2  0 -1  0 -2  0  2 -2  1 -1 0 0 1 50
-2 -3 -4 -4 -2 -2 -4 -4 -3  2  4 -3  5  0 -4 -3 -2 -2 -2  1 0 0 1 10
-2 -1 -1  3 -5  2  6 -3 -1 -4 -4  0 -3 -4 -2 -1 -2 -4 -3 -4 0 0 1 30
-1  1  1  4 -3  2  1  1  1 -3 -3  1 -2 -4 -2  1 -1 -4 -3 -2 0 0 1 55
-1 -3 -2  2 -2 -1 -2 -3 -3  3  2 -2  2 -1 -3 -2  0 -3 -2  1 0 0 1 45
-2 -3 -4 -5 -2 -3 -4 -5 -4  1  5 -3  1  1 -4 -3 -2 -2 -1  1 0 0 1 25
-2 -1  0 -2 -3  0 -1 -3  7 -3 -2 -1 -2  1 -3 -1 -2 -1  4 -3 0 0 1 60
