-3 -3 -4 -5 -3 -2 -3 -3 -3 -3 -2 -3 -2  1 -4 -3 -3 12  2 -3 1 1 1 25
 1 -1  1  0 -1  0  0  0 -1 -3 -3  0 -2 -3 -1  4  2 -3 -2 -2 1 0 0 40
-2 -2 -4 -4 -1 -2 -3 -4 -3  2  4 -3  2  0 -3 -3 -1 -2 -1  1 1 0 0 5
-2  6  0 -2 -4  1  0 -3  0 -3 -2  2 -2 -3 -2 -1 -1 -3 -2 -3 1 0 0 50
-3 -3 -4 -5 -3 -2 -3 -3 -3 -3 -2 -3 -2  1 -4 -3 -3 12  2 -3 1 0 0 20
-2  6  0 -2 -4  1  0 -3  0 -3 -2  2 -2 -3 -2 -1 -1 -3 -2 -3 1 0 0 40
-1 -2 -2 -3 -2  0 -2 -3 -2  1  2 -2  6  0 -3 -2 -1 -2 -1  1 1 0 0 20
-1  1  0  0 -3  6  2 -2  0 -3 -2  1  0 -4 -1  0 -1 -2 -2 -2 1 0 0 55
-1  2  0 -1 -3  1  1 -2 -1 -3 -3  5 -2 -3 -1  0 -1 -3 -2 -3 1 0 0 45
 1 -1  1  0 -1  0  0  0 -1 -3 -3  0 -2 -3 -1  4  2 -3 -2 -2 1 0 0 60
 0 -1  0 -1 -1 -1 -1 -2 -2 -1 -1 -1 -1 -2 -1  2  5 -3 -2  0 1 1 1 20
 0 -1  0 -1 -1 -1 -1 -2 -2 -1 -1 -1 -1 -2 -1  2  5 -3 -2  0 1 1 1 90
-1 -3 -4 -3 -1 -3 -4 -4 -4  4  2 -3  1  0 -3 -3 -1 -3 -1  3 1 1 1 45
 4 -2 -2 -2  0 -1 -1  0 -2 -1 -2 -1 -1 -2 -1  1  0 -3 -2  0 1 1 1 55
 4 -2 -2 -2  0 -1 -1  0 -2 -1 -2 -1 -1 -2 -1  1  0 -3 -2  0 1 1 1 35
-1 -3 -4 -3 -1 -3 -4 -4 -4  4  2 -3  1  0 -3 -3 -1 -3 -1  3 1 0 1 5
 4 -2 -2 -2  0 -1 -1  0 -2 -1 -2 -1 -1 -2 -1  1  0 -3 -2  0 1 1 1 15
 0 -3  0 -1 -3 -2 -2  6 -2 -4 -4 -2 -3 -3 -2  0 -2 -3 -3 -3 1 1 1 65
 0 -4 -3 -4 10 -3 -4 -3 -3 -1 -1 -3 -2 -3 -3 -1 -1 -3 -3 -1 1 1 1 35
 1 -1  1  0 -1  0  0  0 -1 -3 -3  0 -2 -3 -1  4  2 -3 -2 -2 1 1 0 25
 0 -3  0 -1 -3 -2 -2  6 -2 -4 -4 -2 -3 -3 -2  0 -2 -3 -3 -3 1 1 0 40
 4 -2 -2 -2  0 -1 -1  0 -2 -1 -2 -1 -1 -2 -1  1  0 -3 -2  0 1 1 1 20
 4 -2 -2 -2  0 -1 -1  0 -2 -1 -2 -1 -1 -2 -1  1  0 -3 -2  0 1 1 1 5
 0 -1  0 -1 -1 -1 -1 -2 -2 -1 -1 -1 -1 -2 -1  2  5 -3 -2  0 1 1 1 75
-2 -3 -3 -4 -3 -4 -4 -3 -1  0  0 -3  0  7 -4 -3 -2  1  3 -1 1 1 1 15
 0 -3  0 -1 -3 -2 -2  6 -2 -4 -4 -2 -3 -3 -2  0 -2 -3 -3 -3 0 1 1 55
 0 -3  0 -1 -3 -2 -2  6 -2 -4 -4 -2 -3 -3 -2  0 -2 -3 -3 -3 0 1 1 90
-2 -2 -4 -4 -1 -2 -3 -4 -3  2  4 -3  2  0 -3 -3 -1 -2 -1  1 1 1 1 5
 4 -2 -2 -2  0 -1 -1  0 -2 -1 -2 -1 -1 -2 -1  1  0 -3 -2  0 1 1 1 90
 0 -3  0 -1 -3 -2 -2  6 -2 -4 -4 -2 -3 -3 -2  0 -2 -3 -3 -3 1 1 0 15
 0 -3  0 -1 -3 -2 -2  6 -2 -4 -4 -2 -3 -3 -2  0 -2 -3 -3 -3 0 0 1 55
-1 -3 -4 -3 -1 -3 -4 -4 -4  4  2 -3  1  0 -3 -3 -1 -3 -1  3 0 0 1 30
 0 -3 -3 -3 -1 -2 -3 -3 -3  3  1 -3  1 -1 -3 -2  0 -3 -1  4 0 0 1 25
 0 -3  0 -1 -3 -2 -2  6 -2 -4 -4 -2 -3 -3 -2  0 -2 -3 -3 -3 0 0 1 -5
 0 -4 -3 -4 10 -3 -4 -3 -3 -1 -1 -3 -2 -3 -3 -1 -1 -3 -3 -1 0 0 1 0
-1 -3 -4 -3 -1 -3 -4 -4 -4  4  2 -3  1  0 -3 -3 -1 -3 -1  3 0 0 1 -5
 4 -2 -2 -2  0 -1 -1  0 -2 -1 -2 -1 -1 -2 -1  1  0 -3 -2  0 0 0 1 -5
 4 -2 -2 -2  0 -1 -1  0 -2 -1 -2 -1 -1 -2 -1  1  0 -3 -2  0 0 0 1 20
 0 -3  0 -1 -3 -2 -2  6 -2 -4 -4 -2 -3 -3 -2  0 -2 -3 -3 -3 0 0 1 -5
-1 -3 -4 -3 -1 -3 -4 -4 -4  4  2 -3  1  0 -3 -3 -1 -3 -1  3 0 0 1 -5
-2 -2 -4 -4 -1 -2 -3 -4 -3  2  4 -3  2  0 -3 -3 -1 -2 -1  1 0 0 1 10
 4 -2 -2 -2  0 -1 -1  0 -2 -1 -2 -1 -1 -2 -1  1  0 -3 -2  0 0 0 1 30
-1 -3 -4 -3 -1 -3 -4 -4 -4  4  2 -3  1  0 -3 -3 -1 -3 -1  3 0 0 1 0
-2 -2 -4 -4 -1 -2 -3 -4 -3  2  4 -3  2  0 -3 -3 -1 -2 -1  1 0 0 1 -5
-1  1  0  0 -3  6  2 -2  0 -3 -2  1  0 -4 -1  0 -1 -2 -2 -2 0 0 1 40
 0 -3  0 -1 -3 -2 -2  6 -2 -4 -4 -2 -3 -3 -2  0 -2 -3 -3 -3 0 0 1 25
-2 -3 -3 -4 -3 -4 -4 -3 -1  0  0 -3  0  7 -4 -3 -2  1  3 -1 0 0 1 -5
-1  0  0  2 -4  2  5 -2  0 -4 -3  1 -2 -4 -1  0 -1 -3 -2 -3 0 0 1 20
 0 -3 -3 -3 -1 -2 -3 -3 -3  3  1 -3  1 -1 -3 -2  0 -3 -1  4 0 0 1 25
-2  0  6  1 -3  0  0  0  1 -4 -4  0 -2 -3 -2  1  0 -4 -2 -3 0 0 1 0
-3 -3 -4 -5 -3 -2 -3 -3 -3 -3 -2 -3 -2  1 -4 -3 -3 12  2 -3 0 0 1 0
-2  0  1 -1 -3  0  0 -2  8 -4 -3 -1 -2 -1 -2 -1 -2 -3  2 -3 0 0 1 20
-2  0  6  1 -3  0  0  0  1 -4 -4  0 -2 -3 -2  1  0 -4 -2 -3 0 0 1 55
 0 -3  0 -1 -3 -2 -2  6 -2 -4 -4 -2 -3 -3 -2  0 -2 -3 -3 -3 1 1 1 10
 0 -3  0 -1 -3 -2 -2  6 -2 -4 -4 -2 -3 -3 -2  0 -2 -3 -3 -3 1 1 1 45
 0 -3  0 -1 -3 -2 -2  6 -2 -4 -4 -2 -3 -3 -2  0 -2 -3 -3 -3 1 1 1 45
 0 -3  0 -1 -3 -2 -2  6 -2 -4 -4 -2 -3 -3 -2  0 -2 -3 -3 -3 1 0 0 25
-2 -2  1  6 -4  0  2 -1 -1 -3 -4 -1 -3 -4 -2  0 -1 -5 -3 -3 1 0 0 20
-2  6  0 -2 -4  1  0 -3  0 -3 -2  2 -2 -3 -2 -1 -1 -3 -2 -3 1 0 0 5
 1 -1  1  0 -1  0  0  0 -1 -3 -3  0 -2 -3 -1  4  2 -3 -2 -2 1 0 0 5
-2  0  6  1 -3  0  0  0  1 -4 -4  0 -2 -3 -2  1  0 -4 -2 -3 1 0 0 10
-1 -2 -2 -2 -3 -1 -1 -2 -2 -3 -3 -1 -3 -4  8 -1 -1 -4 -3 -3 1 0 0 15
 0 -3 -3 -3 -1 -2 -3 -3 -3  3  1 -3  1 -1 -3 -2  0 -3 -1  4 1 1 1 0
