 3 -1 -1 -2 -1 -1 -1  0 -2 -1 -1 -1 -1 -2 -1  1  2 -3 -2  0 1 1 1 95
-1  0  1  3 -3  2  3 -2  0 -3 -3  2 -2 -3 -1  0 -1 -3 -2 -3 1 1 1 80
-3 -3 -4 -5 -3 -2 -3 -3 -3 -3 -2 -3 -2  1 -4 -3 -3 11  2 -3 1 1 1 5
-1 -1  5  3 -2  0  0 -1  0 -3 -3  0 -2 -3 -2  2  0 -4 -2 -3 1 1 1 45
 0 -2  2 -1 -3 -1 -1  5 -2 -4 -4 -1 -3 -3 -2  0 -1 -3 -3 -3 1 1 0 -5
-1  1  1  3 -3  2  3 -2  0 -3 -3  2 -2 -3 -1  0 -1 -3 -2 -3 1 1 1 55
-2 -2 -3 -3 -3 -2 -2 -3  1 -1 -1 -2 -1  4 -3 -2 -2  2  7 -1 1 1 1 0
-1 -3 -3 -3 -1 -3 -3 -4 -3  4  2 -3  1  0 -3 -3 -1 -3 -2  3 1 1 1 25
 0  0  2  0 -2  0  0 -1  3 -3 -3  1 -2 -1 -1  3  0 -2  1 -2 1 1 1 5
-1 -2 -2 -2 -3 -2 -1 -2 -2 -3 -3 -1 -3 -4  8 -1 -1 -4 -3 -3 1 1 0 0
-2 -2 -2 -3 -3 -2 -2 -3  2 -2 -1 -2 -1  3 -3 -2 -2  2  7 -1 1 1 0 5
 4 -2 -2 -2 -1 -1 -1  0 -2  0 -1 -1 -1 -2 -1  1  0 -3 -2  2 1 1 1 15
-1  0  0  1 -4  2  5 -2  0 -3 -3  1 -2 -3 -1  0 -1 -3 -2 -3 1 1 1 45
-2  0  2 -1 -3  1  0 -2  8 -4 -3 -1 -2 -2 -2 -1 -2 -3  1 -3 0 1 1 65
 0 -2 -1 -1 -3 -2 -2  6 -2 -4 -4 -2 -3 -3 -2  0  0 -3 -3 -3 0 1 1 75
-1  2  0  0 -3  1  3 -2 -1 -3 -3  4 -2 -3 -1  0 -1 -3 -2 -3 1 1 0 60
-1  2  0 -1 -3  1  1 -2 -1 -3 -3  5 -2 -3 -1  0 -1 -3 -2 -3 0 0 1 50
 1  0  2  0 -1  0  0  0 -1 -2 -3  1 -2 -3 -1  3  1 -3 -2 -2 0 0 1 75
-1  0  0  2 -3  2  4  1 -1 -3 -3  1 -2 -3 -1  0 -1 -3 -2 -3 0 0 1 55
 1  1  0 -1 -3  5  1 -2  0 -3 -2  2 -1 -3 -1  0 -1 -2 -2 -2 0 0 1 30
 0 -3 -3 -3 -1 -2 -3 -3 -3  2  1 -3  1 -1 -3 -2  0 -3 -1  4 1 0 0 20
-1  3  0 -1 -3  1  1 -2 -1 -3 -3  5 -2 -3 -1  0 -1 -3 -2 -3 1 0 0 45
-1  2  0 -1 -3  1  1 -2 -1 -3 -3  5 -2 -3 -1  0 -1 -3 -2 -3 1 0 0 70
-1 -3 -3 -3 -1 -3 -3 -4 -3  4  2 -3  1  0 -3 -2 -1 -3 -1  3 1 0 0 15
 0 -1  0 -1 -1 -1 -1 -2 -2 -1 -1 -1 -1 -2 -1  1  5 -3 -2  0 1 0 0 60
 0 -3 -3 -3 -1 -2 -3 -3 -3  3  1 -2  1 -1 -2 -2  0 -3 -1  4 1 0 0 0
 1 -1  0  0  1  0  0  0 -1 -2 -3  0 -2 -3 -1  4  1 -3 -2 -2 1 0 0 30
-1 -3 -3 -3 -1 -3 -3 -4 -3  4  1 -3  1  0 -3 -2 -1 -3 -1  3 1 0 0 0
-1 -2 -2 -2 -3 -1 -1 -2 -2 -3 -3 -1 -3 -4  8 -1 -1 -4 -3 -3 1 0 0 5
-1 -2 -3 -3 -1 -2 -3 -3 -3  2  3 -2  1  1 -3 -1  1 -2 -1  1 0 0 1 40
-1  2  2  0 -3  1  0 -1  2 -3 -3  4 -2 -3 -1  0 -1 -3 -1 -3 0 0 1 60
 0 -3 -3 -3 -1 -2 -3 -3 -3  3  1 -2  1 -1 -2 -2  0 -3 -1  4 0 0 1 0
-2 -2 -4 -4 -1 -2 -3 -4 -3  2  4 -3  2  0 -3 -3 -1 -2 -1  1 0 0 1 10
-1  2  0  0 -3  2  2 -2 -1 -3 -3  4 -1 -3 -1  0 -1 -3 -2 -2 0 0 1 55
-1 -3 -3 -3 -1 -3 -3 -3 -3  3  2 -3  1  0 -3 -2 -1 -3 -1  3 0 0 1 15
-2 -2 -4 -4 -1 -2 -3 -4 -3  2  4 -3  2  0 -3 -3 -1 -2 -1  1 0 0 1 0
 0 -1  0 -1 -1 -1 -1 -2 -2 -1 -1 -1 -1 -2 -1  2  5 -3 -2  0 0 0 1 15
-2 -1  3  6 -3  0  1 -1 -1 -3 -4 -1 -3 -4 -2  0 -1 -4 -3 -3 0 0 1 40
-1  0  0  1 -4  2  5 -2  0 -3 -3  1 -2 -3 -1  0 -1 -3 -2 -3 0 0 1 15
-2  6 -1 -2 -4  1  0 -2  0 -3 -2  2 -1 -3 -2 -1 -1 -3 -2 -3 0 0 1 25
 0 -1  0 -1 -1 -1 -1 -2 -2 -1 -1 -1 -1 -2 -1  1  5 -3 -2  0 0 0 1 30
-2  6  0 -2 -4  1  0 -2  2 -3 -2  2 -1 -3 -2 -1 -1 -3 -1 -3 0 0 1 30
-2  6 -1 -2 -4  1  0 -2  0 -3 -2  2 -1 -3 -2 -1 -1 -3 -2 -3 0 0 1 0
-1  1  0  0 -3  6  2 -2  0 -3 -2  1 -1 -3 -1  0 -1 -2 -2 -2 0 0 1 50
-1 -3 -3 -3 -1 -3 -3 -4 -3  3  1 -3  1 -1 -3 -2  0 -3 -1  3 0 0 1 55
-1  1  5  1 -3  0  0  0  0 -3 -3  1 -2 -3 -2  1  0 -4 -2 -3 0 1 1 50
-1 -1  6  1 -3  0  0 -1  0 -3 -4  0 -2 -3 -2  1  0 -4 -2 -3 0 1 1 65
-2 -2 -3 -4 -1 -1 -3 -4 -3  1  4 -2  2  0 -3 -2 -1 -2 -1  1 1 1 1 5
-2  6 -1 -2 -4  1  0 -2  0 -3 -2  2 -1 -3 -2 -1 -1 -3 -2 -3 1 1 0 30
-2  0  0 -1 -3  0  0 -2  8 -3 -3 -1 -2 -1 -2 -1 -2 -3  2 -3 1 1 1 10
 4 -2 -2 -2  0 -1 -1  0 -2 -1 -2 -1 -1 -2 -1  1  0 -3 -2  0 1 1 1 15
 0 -1  0 -1 -1 -1 -1 -2 -2 -1 -1 -1 -1 -2 -1  1  5 -3 -2  0 1 1 0 35
-2  0  6  1 -3  0  0  0  1 -3 -3  0 -2 -3 -2  1  0 -4 -2 -3 0 0 1 10
 1 -1  1  0 -1  0  0  0 -1 -2 -3  0 -2 -2 -1  4  1 -3 -2 -2 0 0 1 15
-1  0  0  2 -4  2  5 -2  0 -3 -3  1 -2 -3 -1  0 -1 -3 -2 -3 0 0 1 15
-2 -2 -3 -4 -1 -2 -3 -4 -3  2  4 -3  2  0 -3 -3 -1 -2 -1  1 0 0 1 0
-2 -2 -3 -4 -1 -2 -3 -4 -3  2  4 -3  2  0 -3 -3 -1 -2 -1  1 0 0 1 0
 0 -3 -3 -4  9 -3 -4 -3 -3 -1 -1 -3 -1 -2 -3 -1 -1 -2 -2  0 0 0 1 0
-1  0  0  2 -4  2  5 -2  0 -3 -3  1 -2 -3 -1  0 -1 -3 -2 -3 0 0 1 0
 4 -1 -2 -2  0 -1 -1  0 -2 -1 -2 -1 -1 -2 -1  1  0 -3 -2  0 0 0 1 0
-2 -3 -3 -4 -2 -3 -3 -3 -1  0  0 -3  0  6 -4 -2 -2  1  3 -1 0 0 1 0
-2 -2 -3 -4 -1 -2 -3 -4 -3  2  4 -3  2  0 -3 -3 -1 -2 -1  1 0 0 1 0
-2  0  1 -1 -3  0  0 -2  8 -3 -3 -1 -2 -1 -2 -1 -2 -2  2 -3 0 0 1 20
 4 -1 -2 -2  0 -1 -1  0 -2 -1 -2 -1 -1 -2 -1  1  0 -3 -2  0 0 0 1 15
-2 -2 -3 -3 -2 -2 -3 -3  0 -1  0 -3  0  5 -3 -2 -2  1  5 -1 0 0 1 40
 0 -1  0 -1 -1 -1 -1 -2 -2 -1 -1 -1 -1 -2 -1  1  5 -3 -2  0 0 0 1 25
 0 -2  0 -1 -3 -2 -2  6 -2 -4 -4 -2 -3 -3 -2  0 -2 -3 -3 -3 1 1 1 30
-1  1  0  0 -3  5  2 -2  0 -3 -2  1  0 -3 -1  0 -1 -2 -1 -2 1 1 1 0
-1 -2 -2 -2 -3 -1 -1 -2 -2 -3 -3 -1 -3 -4  8 -1 -1 -4 -3 -2 1 1 1 15
-2 -2 -3 -4 -1 -2 -3 -4 -3  2  4 -3  2  0 -3 -3 -1 -2 -1  1 1 1 1 30
-1 -2 -2 -2 -3 -1 -1 -2 -2 -3 -3 -1 -3 -4  8 -1 -1 -4 -3 -2 1 1 1 15
 0 -1  3  3  0  1  1 -1 -1 -2 -2  0 -2 -3 -1  1  2 -3 -2 -1 1 1 1 50
-2 -2  1  6 -4  0  1 -1 -1 -3 -4 -1 -3 -4 -2  0 -1 -4 -3 -3 0 1 1 30
 0 -1  1  4 -3  1  3  0 -1 -3 -3  0 -2 -3 -1  1  0 -3 -2 -2 0 1 1 50
-2 -2  1  6 -4  0  2 -2 -1 -3 -4 -1 -3 -4 -2  0 -1 -4 -3 -3 0 0 0 5
-2 -2 -4 -4 -1 -2 -3 -4 -3  2  4 -3  2  0 -3 -3 -1 -2 -1  1 0 0 0 0
-1  4  0  0 -3  1  0 -1 -1 -2 -1  2  0 -2 -2  0  0 -3 -2 -2 0 0 0 50
-1  3  0 -1 -3  1  1 -2 -1 -3 -3  5 -2 -3 -1  0 -1 -3 -2 -2 1 1 0 25
-2 -2  1  5 -4  0  3 -1 -1 -4 -4 -1 -3 -4 -2  0  0 -4 -3 -3 1 1 1 65
-2  4  4 -1  0  1  0 -2  1 -3 -3  2 -2 -3 -2 -1 -1 -3  0 -2 1 1 0 20
 0 -2  1  0 -3 -1 -1 -2  0 -2 -3  0 -2 -3  6  1 -1 -3 -1 -2 1 1 1 70
-2 -2  3  5 -4  0  2 -2  2 -4 -4 -1 -3 -4 -2  0  0 -4 -3 -3 1 1 0 25
-1  2  0  2 -3  2  3  1  1 -3 -3  2 -2 -3 -2  1 -1 -3 -2 -3 1 1 1 15
-2 -3 -4 -4 -2 -3 -4 -4 -4  5  1 -3  2 -1 -3 -3 -1 -3 -2  3 1 1 0 0
-2 -3 -3 -2 -4 -2 -2 -3 -3 -4 -4 -2 -3 -4  8 -2 -2 -5 -4 -3 1 1 1 0
 2 -1 -1  0 -2  1  3 -1 -1 -2 -1  1 -1 -3 -1  1  0 -3 -2 -1 0 0 1 40
 2 -1 -1  1 -2  0  4 -1  1 -3 -3  0 -2 -3 -1  1 -1 -3 -1 -2 0 0 1 45
 4 -2 -3 -3 -1 -2 -2 -1 -3  0 -1 -2 -1 -2 -2  0 -1 -3 -2  3 0 0 1 -5
-2  4 -1 -2 -4  1  0 -2 -1 -3 -2  4 -2 -3 -2 -1 -1 -3 -2 -3 0 0 1 5
 1  2  0  1 -3  2  2 -2 -1 -1 -2  1 -1 -3 -2  0 -1 -3 -2 -1 0 0 1 50
-2 -1 -3 -3 -2 -1 -1 -4 -2  3  2 -1  2  0 -3 -2 -1 -2  0  1 0 0 1 30
-2 -2 -3 -4 -2 -1 -3 -4 -3  0  2 -2  8 -1 -3 -2 -2 -2 -2  0 0 0 1 -5
-1  3  0  2 -3  2  2 -2 -1 -2 -1  1 -1 -3 -2  0  1 -3 -2 -2 0 0 1 40
 2  0 -1  1 -2  1  3 -1 -1 -3 -3  1 -2 -3 -1  0  0 -3 -2 -2 0 0 1 70
-2  1 -2 -3 -2 -1 -2 -3  1  0  3  0  5 -1 -3 -1 -1 -2 -1  0 0 1 1 45
 0 -3  0 -2 -3 -2 -3  6 -2 -4 -4 -2 -3 -4 -3 -1 -2 -3 -4 -4 0 1 1 85
-2 -3 -4 -4 -2 -3 -3 -4 -4  4  2 -3  1  0 -3 -3 -1 -3 -2  2 1 1 1 15
-1 -1  3  5 -3  0  3 -2 -1 -3 -4  0 -3 -4 -2  0 -1 -4 -3 -3 1 1 1 50
 0 -2 -2 -2 -2 -2 -2 -2 -2  1 -1 -2 -1  2  6 -1 -1  3  1  0 0 1 1 5
-1 -1  1  4 -3  1  4 -2 -1 -3 -3  0 -2 -3 -1  0 -1 -3 -2 -3 0 1 1 60
 1 -1  2  2 -2  0  2 -1 -1 -2 -2  0 -2 -3 -1  1  2 -3 -2 -1 0 1 1 65
-2 -2 -3 -3 -3 -1  0 -3 -2 -1 -1 -2  1  3 -3 -2 -2  9  2 -1 1 1 1 30
-1  0  0  2 -4  2  5 -2  0 -3 -3  1 -2 -4 -1  0 -1 -3 -2 -3 1 1 1 85
-2 -2 -2 -3 -3 -2 -2 -3  2 -2 -1 -2 -1  3 -3 -2 -2  2  7 -1 1 1 1 35
