 0 -2  0 -1 -3 -2 -2  6 -2 -4 -4 -2 -3 -3 -2  0 -2 -3 -3 -3 1 1 1 95
 2 -1  0 -1 -1 -1 -1 -1 -2 -3 -3  0 -2 -3 -1  4  2 -3 -2 -2 1 1 1 65
 2 -2  4  2 -2 -1 -1  1 -1 -3 -3 -1 -2 -3 -1  1  2 -4 -3 -2 1 1 1 50
-1  0  3 -1 -3  3  1  1  2 -2 -3  1 -2 -3  1 -1 -1 -3 -2  0 1 0 0 50
 1 -2  0 -3 -1 -2 -2 -2 -3  2  1 -2  0 -1 -2  0 -1 -3 -2  3 1 0 0 10
-1 -3 -2 -3  2 -2 -3 -3 -3  3  2 -2  1 -1 -3  1  1 -3 -2  2 1 0 0 5
-2  3 -1  0 -4  0  0 -3 -1 -4 -3  6 -2 -3 -2 -1 -2 -3  1 -3 1 0 0 40
 1  3 -1 -2 -3  0 -1 -2 -2 -3 -3  4  0 -3 -1  2  0 -4 -3 -2 1 1 1 95
-1 -3 -3 -4  2 -3 -3 -4 -4  4  1 -3  0 -1 -3 -2  1 -3 -2  4 1 1 1 40
 0  0  2  0 -3 -2 -1 -2 -2 -2 -2 -2 -2  5 -3  0  0 -1  0 -2 1 1 1 55
-2 -4 -4 -4 -2 -3 -4 -4 -4  3  0 -3  2 -2 -4 -3 -1 -4 -2  5 1 0 0 25
 0 -2 -3 -1 -4  0  0 -3 -3 -4 -4  1 -4 -5  7 -2 -2 -5 -4 -4 1 0 0 45
-1 -2  4  2 -4 -2  0  5 -2 -5 -5 -2 -4 -4 -3  0 -2 -4 -4 -4 1 0 0 5
 0 -4 -4 -4 -2 -3 -4 -4 -3  4  1 -3  0 -1 -3 -3 -1 -3  1  4 1 0 0 20
-1 -4 -2 -3  1 -3 -4  7 -4 -5 -5 -3 -4 -5 -4 -2 -3 -4 -5 -5 1 0 0 0
-3  1 -3 -4  0 -3 -3 -4 -3  0  0 -3 -2  1 -4 -2  3  9  0  0 1 0 0 30
 5 -3 -3 -3 -2 -2 -2  1 -3 -2 -3 -2 -2 -3 -2  0 -1 -4 -3  1 1 0 0 30
-1 -2 -2 -2 -2 -2 -2 -3 -3  0 -1 -2 -1  2 -3  3  4 -3 -2  2 1 0 0 35
-2  0  0 -1 -4  6  2 -3  1 -4 -1  1 -2 -4 -3 -2 -2 -4 -3 -3 1 1 1 55
-2 -3 -4 -4 -3 -3 -3 -4  1  0  4 -1  2  2 -4 -3 -2 -2 -1  1 1 1 0 30
-1  0  1 -2  1 -1 -2 -2 -2 -3 -3 -1 -3 -4  2  4  3 -4 -3 -3 1 1 0 35
-1 -2  2  2 -3  1 -1 -2  4 -3 -4 -1 -3 -4 -2  4  2 -4 -2 -3 1 0 0 40
-1  0 -2  0 -4 -3 -3  6 -3 -5 -5 -1 -4 -5 -4 -2 -3 -4 -4 -5 1 0 0 10
 1  0  0  3 -3  1  2  0 -2  0 -2 -1 -2 -3 -2  0 -1 -4 -3  0 1 0 0 25
-2 -4 -4 -5 -2 -4 -4 -5 -4  4  1 -4  0 -2 -4 -3 -2 -4 -2  5 1 0 0 30
-2  2 -2  0 -4  4  1 -1  2 -4 -3 -1  2 -2 -3 -2 -2  8 -1 -3 1 0 0 20
-2 -4 -4 -5 -2 -4 -4 -5 -5  3  1 -4  0 -2 -4 -3 -2 -4 -3  5 1 0 0 0
-2  0  0  2 -4  6  1 -3  0 -3  1 -1  1 -3 -3 -2 -2 -3 -3 -3 1 0 0 25
-4 -4 -4 -5 -4 -4 -4 -5 -1 -2  0 -4 -2  7 -5 -4 -3  0  6 -2 1 0 0 0
-2  0  5  0 -3  2 -1 -1 -1 -3 -1  1 -2 -2 -3 -1  0 -3  2 -1 0 1 1 35
-3 -3  2  7 -5 -2  0 -3 -3 -5 -5 -2 -5 -5 -3 -2 -3 -6 -5 -5 0 1 1 35
-1 -1 -2 -3 -4 -3 -3  7 -3 -5 -5 -3 -4 -5 -4  0 -3 -4 -4 -5 1 1 0 40
 2 -2 -1 -2 -2 -2 -2 -2 -2 -3 -4 -2 -3 -4 -2  5  2 -4 -3 -3 1 1 1 -5
 0  2 -1 -2 -3  4  0 -3 -1 -2 -2  2  2 -3 -2  0  1 -3 -2  0 1 0 0 30
-2 -3 -4 -5 -2 -3 -4 -5 -4  3  4 -4  3 -1 -4 -3 -2 -3 -2  1 1 0 0 -5
-1 -2 -2 -2 -2 -2 -2 -1 -3  1  1 -2  0 -2 -2  3  2 -3 -2  2 1 0 0 40
-1 -3 -4 -4 -2 -3 -3 -4 -3  2  2 -3  3  2 -4 -3 -2 -2  1  3 1 0 0 5
 0  1  2  0 -3  4  1 -2  2  1 -2  0  0 -3 -2  1  0 -3 -2 -1 1 0 0 50
 2 -2  1 -2 -2 -1 -2  0  2 -3 -3 -1 -2 -3  4  2  0 -4 -2 -1 1 0 0 25
 0 -1  2  2 -3  2  0  2  1 -2 -1  0 -2 -2 -2  0  0 -3  0 -2 1 0 0 25
 1  0  1 -2 -2 -1 -2  2 -2  0 -1  0  0 -2 -2  1  0 -3 -2  2 1 0 0 15
 0 -1  0 -2 -3  2 -1  2  2 -3 -3  0 -2 -3 -1  2  1 -3  0 -1 1 0 0 35
 0  0 -1  1  1  0  1  3 -2 -3 -3 -1 -2 -3 -2  2  2 -3 -3 -2 1 0 0 20
-2 -4 -4 -4 -2 -4 -4 -5 -4  5  1 -4  1  0 -4 -3 -2 -4 -2  4 1 0 0 0
 0  1 -1 -2 -2 -1  1 -3  1  1  0  1 -1 -2 -2  1  3 -3 -2 -1 1 0 0 20
-4 -4 -4 -5 -4 -4 -4 -5  0 -3 -2 -4 -2  5 -5 -4 -4  0  8 -3 1 0 0 0
 0 -2 -1 -1 -2  0  2 -2 -2 -1 -2  0  0 -3 -2  2  4 -4 -3  0 1 0 0 15
 0 -1  1  2 -3  3  0 -1  1 -3 -3 -1 -2 -3  2  3  1 -3  0 -3 1 1 1 20
 1 -3  1 -2  2 -2 -2 -2  1 -4 -4 -2 -3 -4  6  3 -1 -4 -3 -3 0 1 1 50
-1 -1  4  4 -3  1  1 -2 -1 -3 -4  0 -3 -2  1  1  0 -4 -3 -2 0 1 1 80
 0 -3  0  0 -4 -2  0  6 -3 -5 -5 -2 -4 -4 -3 -1 -1 -4 -4 -4 1 1 0 50
-1  1  1  2 -3  2  1 -2  0  0 -1  0  0 -3 -2  0  1 -3 -2  0 1 1 1 65
 1 -1  0 -1 -2 -2 -2 -1 -2  2  0 -2  0 -2 -2  1  2 -3 -2  2 1 0 0 45
-1  0 -2 -2 -2  2  1 -3  0  0 -1 -1 -1  0 -3  0  5 -3 -2  1 1 0 0 40
-2  5  0 -2 -4  0  0 -3  4 -1 -3  2 -2 -3 -3 -1 -1 -4  0 -1 1 0 0 60
-3 -4 -4 -5  3 -3 -4 -5  1 -3 -2 -4 -2  5 -5 -3 -3  0  8 -3 1 0 0 10
-1 -2  5 -1 -3 -2 -2  4 -2 -4 -4  0 -3 -4  1  2 -1 -4 -3 -4 1 0 0 20
-2  1  1  1 -3  3  2 -1 -1 -3 -1  2 -2 -3 -2 -1  1 -3  0 -2 0 1 1 75
-1 -1  4  1 -3  0  0  1  4 -4 -4  1 -3 -3 -2  2 -1 -4  0 -3 0 1 1 95
 0  1  0  5 -4  1  3 -3 -2 -3 -4 -1 -3 -4 -2 -1 -2 -4 -3 -1 1 1 0 50
-1  1  3  2 -3  0  1 -2 -1 -3 -3  2 -2 -4  3  0  0 -4 -3 -1 1 1 1 85
-2 -4 -5 -5 -2 -3 -4 -5 -4  2  5 -4  1 -1 -4 -4 -2 -3 -2  2 1 1 1 10
-3 -4 -4 -3 -5 -3  0 -4 -4 -5 -5 -3 -4 -6  8 -3 -3 -6 -5 -4 1 1 1 25
 0  0 -1  1 -3  0  3 -1  2 -1 -1 -1 -2  0  1  0  0 -3  0 -1 0 0 1 55
 0  0 -1 -1 -3 -1 -2 -3  4  0 -1 -2 -1  0  1  0  0  3  4 -1 0 0 1 50
-2 -4 -4 -4 -2 -4 -4 -5 -4  4  2 -4  0 -1 -4 -3 -2 -4 -2  4 0 0 1 -5
-2  5 -1 -2 -4  4  0 -3  1 -4 -3  4 -2 -3 -3 -2 -2 -3  0 -4 0 0 1 25
-1  1  0  2 -4  3  4 -3 -1 -3 -2  1 -2 -3 -2 -1 -2 -3  0 -3 0 0 1 60
-2  4 -1  1 -5  0 -1 -3 -2 -4 -4  6 -3 -5 -3 -2 -2 -5 -3 -4 0 0 1 5
-3 -4 -5 -5 -3 -4 -4 -5 -4  1  5 -4  1 -1 -4 -4 -2 -3 -2  1 0 0 1 0
 0  1  0 -1  2  2  2  0  2 -2  0  0 -1 -3 -2  2 -1 -3 -2 -1 0 0 1 50
-2 -2  0  1  5  4 -1 -3  5 -2  1 -2 -1 -3 -3 -2  0 -3 -1 -1 0 1 1 45
-2 -3 -4 -5 -3 -3 -4 -5 -4  2  5 -3  5 -1 -4 -3 -2 -3 -2  1 0 1 1 25
-2 -2 -3 -3 -4 -3 -3 -3 -3 -3 -1 -2 -3  1  7  2  0 -4 -3 -3 1 1 1 30
 0  1  1 -1 -2  2  0 -1  3 -2 -1  1  1 -3 -2  1  2 -3 -2 -1 1 1 1 35
-1 -4 -4 -4 -2 -4 -4 -4 -4  4  0 -4  0  3 -4 -3 -2 -3 -1  4 1 0 0 75
-2 -2 -3 -4 -2  1 -2 -4 -3  4  2 -1  0 -1 -3 -3 -1 -3 -2  3 1 0 0 30
-1  1 -1 -1 -3  3  2 -1  1 -2  0  2  2 -2  0 -1 -1 -3 -2 -1 1 0 0 65
-2  0 -2 -2 -3  2  1 -3 -1 -1  1  1  3  0 -3 -2 -1 -1  4 -1 1 0 0 55
-3 -3 -4 -5 -3 -3 -4 -5 -3  0  5 -4  1  4 -4 -4 -2 -2 -1 -1 1 0 0 60
 3 -2 -2 -3 -1 -2 -2 -2 -3  2  0 -2  2 -2 -2  1  0 -3 -2  2 1 1 1 55
 0 -1  4  2 -3  3  1 -1  1 -3 -3  0 -2 -3 -2  0  0 -3 -2 -2 1 1 1 95
-2 -3 -3 -2 -4 -2 -2 -3 -3 -4 -4 -2 -3 -5  8 -1  0 -5 -4 -3 1 1 1 65
 1 -2  1 -1 -1 -1 -1 -1 -2 -1 -2 -1 -1 -3  2  2  2 -3 -2  1 1 1 1 30
-1 -2 -2 -2 -3 -1 -1 -3 -3 -3 -3  1 -3 -4  8 -1 -2 -4 -3 -3 1 1 1 55
 0 -1  1 -1 -1 -1 -1 -1 -2  0 -1 -1 -1 -2 -2  2  2 -3 -2  1 1 1 1 40
-2 -3 -3 -4 -3 -3 -3 -3 -1  0  0 -3  0  6 -4 -3 -2  1  3 -1 1 1 1 45
-1  1  0  0 -3  6  2 -2  0 -3 -2  1  0 -3 -1  0 -1 -2 -2 -2 1 1 1 85
