-2 -3 -4 -3 -1 -3 -4 -4 -4  5  2 -3  1  0 -3 -3 -1 -3 -2  3 1 1 1 80
-1  0 -2 -2 -3 -1 -1 -2 -2 -3 -3 -1 -3 -4  8  0 -1 -4 -3 -3 1 1 1 60
-1 -2 -3 -3 -2 -1 -2 -3 -2  1  2 -2  6  0 -3 -2  1 -2 -1  2 0 0 1 35
 0  1  4  0 -2  0  0 -1  2 -3 -3  1 -2 -3 -2  3  1 -3 -2 -2 0 0 1 55
 1  4 -1 -1 -2  0  0 -1 -1 -2 -2  1  0 -3 -2  0  2 -3 -2 -1 0 0 1 50
-1 -3 -4 -4 -1 -3 -3 -4 -3  2  4 -3  2  0 -3 -3 -1 -2 -1  2 0 0 1 10
 0 -3 -3 -4 -1 -3 -3 -4 -4  3  1 -3  1 -1 -3 -2  0 -3 -2  5 0 0 1 0
 2  1 -1 -1 -2  0  0 -1 -1 -2 -2  3 -1 -3  1  1  1 -3 -2 -1 0 0 1 55
-1  0 -1  1 -4  2  6 -3  0 -4 -3  1 -2 -4 -2  0 -1 -3 -3 -3 0 0 1 35
 0 -2  0 -1 -1 -1 -1 -2 -2 -1 -2 -1 -1 -3 -1  1  6 -3 -2  0 0 0 1 -5
-2 -3 -4 -4 -2 -3 -3 -4 -3  1  5 -3  2  0 -3 -3 -2 -2 -1  1 0 0 1 20
 2 -1 -1 -1 -1 -1 -1 -1 -2  0 -1  0 -1 -2 -1  2  3 -3 -2  0 0 0 1 55
-2 -2 -3 -3 -2  1 -2 -4 -2  1  4 -2  2  0 -3 -2 -1 -2 -1  0 0 0 1 10
-2 -3 -4 -4 -2 -3 -3 -4 -3  2  4 -3  2  0 -3 -3 -1 -2 -1  1 0 0 1 0
 1 -1  0 -1 -1  0 -1 -1 -1 -2 -3 -1 -2 -3 -1  4  2 -3 -2 -2 0 0 1 55
 2 -2 -1 -2 -1 -1 -1 -1 -2  1 -1 -1 -1 -2 -1  1  4 -3 -2  0 0 0 1 65
-2 -1  0 -2 -4  0 -1 -3  9 -4 -3 -1 -2 -1 -3 -1 -2 -2  3 -3 0 1 1 10
-2  6 -1 -2 -4  2  0 -1  0 -4 -3  2 -2 -3 -2 -1 -1 -3 -2 -3 0 0 1 25
 1 -2  0 -1 -1 -1 -1 -1 -2 -1 -2 -1 -1 -3  1  2  5 -3 -2  0 0 0 1 75
-2 -3 -4 -4 -2 -3 -3 -4 -3  1  4 -3  2  0 -3 -3 -2  4 -1  0 0 0 1 45
-2 -3 -4 -4 -2 -3 -3 -4 -3  1  5 -3  2  0 -3 -3 -2 -2 -1  1 0 0 1 0
-1 -2 -3 -3 -2 -2 -3 -4 -3  4  1 -1  1 -1 -3 -2  1 -3 -2  2 0 0 1 30
 0 -2  1 -1 -2 -1 -2  5  1 -3 -3 -1 -2 -3 -2  1 -1 -3 -2 -2 0 1 1 60
-2 -1  6  4 -3  0  1 -1  0 -4 -4 -1 -3 -4 -2  0 -1 -4 -3 -3 1 1 1 30
-1 -1 -1  0 -4  0  4  4 -1 -4 -4  0 -3 -4 -2 -1 -2 -3 -3 -3 0 1 1 65
-1 -1  4  0 -2 -1 -1 -1 -1 -2 -2 -1 -2 -3 -2  1  4 -3 -2 -1 1 1 0 80
-2 -3 -4 -4 -2 -2 -3 -4 -3  1  4 -3  2  0  0 -3 -1 -2 -1  1 1 1 1 10
-2  6 -1 -3 -3  0 -1 -3 -1 -1 -1  1  4 -2 -3 -1 -1 -3 -2 -2 1 0 0 35
-2 -3 -4 -4 -2 -3 -4 -4 -4  5  2 -3  1  0 -3 -3 -1 -3 -2  2 1 0 0 0
-1 -2 -1 -1 -3 -1  1 -2  0 -3 -2 -1 -2 -3  7  1 -1 -4 -3 -2 1 0 0 20
-1 -2 -2 -2 -1 -2 -2 -3 -3  2  0 -2  0 -2 -2  0  4 -3 -2  3 1 1 1 5
-1 -3 -3 -2 -4 -2 -2 -3 -3 -3 -4 -2 -3 -4  8 -1 -2 -4 -4 -3 1 1 1 5
 0 -1  2  2 -2  0  2  0 -1  0 -2 -1 -1 -3 -2  0  1 -3 -2  1 1 1 0 45
-2 -1  3 -1 -4  0 -1 -2  8 -4 -4 -1 -2 -2  2 -1 -2 -3  1 -4 1 1 0 10
-1  1  0 -1 -3  1  1 -2 -1  0 -2  4 -1 -3 -2  0  1 -3 -2 -1 1 1 0 55
-2 -1  6  3 -3  0  0 -1  0 -4 -4 -1 -3 -4 -2  0 -1 -5 -3 -4 1 1 1 10
-2 -1  0  2 -4  0  0 -3  8 -4 -3 -1 -2 -2 -3 -1 -2 -3  2 -4 0 0 0 5
-1  0 -1 -1 -3  5  1 -3  2 -2 -2  0 -1 -3  2 -1 -1 -3 -2  0 0 0 0 5
-2 -2  1 -3 -2 -2 -3 -3 -2  1  4 -2  2  0 -3 -2 -1 -2 -2  0 0 0 0 5
-1 -4 -3 -4 10 -4 -5 -3 -4 -2 -2 -4 -2 -3 -4 -2 -1 -3 -3 -1 0 0 1 -5
-1 -3 -3 -3 -2 -3 -3 -4 -3  5  1 -3  1 -1 -3 -2  2 -3 -2  2 0 0 1 5
-1  1  0  1 -3  1  4  1 -1 -4 -3  1 -2 -4 -2  1 -1 -3 -2 -3 0 0 1 45
-1 -1 -1  1 -4  1  5 -3 -1 -3 -3  0 -2 -4 -2  0  1 -3 -2 -2 0 0 1 20
-1 -3 -3 -3 -1 -3 -3 -4 -4  5  1 -3  1 -1 -3 -2  0 -3 -2  3 0 0 1 0
-3 -3 -4 -4 -3 -4 -4 -4 -2 -1  0 -4  0  7 -4 -3 -3  1  3 -1 0 0 1 10
-1  2  0 -1 -4  6  1 -2  1 -3 -3  2 -1 -4 -2 -1 -1 -3 -2 -3 0 0 1 55
 0 -3 -1 -2 -3 -2 -3  6 -3 -4 -4 -2 -3 -4 -3 -1 -2 -3 -4 -4 0 0 1 0
-1 -3 -3 -3 -1 -3 -3 -4 -3  4  2 -3  1 -1 -3 -2  1 -3 -2  2 0 0 1 5
-2 -2  1  5 -4  0  3  1 -1 -4 -4 -1 -3 -4 -2  0 -1 -4 -3 -3 0 0 1 35
-1 -1 -1 -2 -2  2 -1 -2 -2  1 -1 -1 -1 -2 -2  1  5 -3 -2  0 0 0 1 35
-2 -3 -4 -4 -2 -3 -3 -4 -3  1  5 -3  2  0 -3 -3 -2 -2 -1  1 0 0 1 0
-1  3 -1 -1 -4  1  2 -2 -1 -3 -3  5 -2 -4 -2 -1 -1 -4 -2 -3 0 0 1 35
-1 -1  6  1 -3  0 -1 -1  0 -4 -4 -1 -3 -4 -2  1  0 -4 -3 -3 0 1 1 70
-1  1  2  0 -4  6  1 -2  0 -4 -3  1 -1 -4 -2  0 -1 -3 -2 -3 0 1 1 45
 0 -2 -1 -2 -2 -1 -1 -2 -2  0 -2 -1 -1 -3  3  1  5 -3 -2  0 1 1 0 10
 3 -2 -2 -3 -1 -2 -2 -1 -3  1 -1 -2  0 -2 -2  0  1 -3 -2  3 1 1 1 80
-1  2 -1 -1 -3  4  2 -3  3 -2 -1  1  2 -3  0 -1 -1 -3 -1 -2 1 1 1 45
-1 -1 -1  1 -3  0  2  5 -2 -4 -4  2 -3 -4 -2 -1 -2 -3 -3 -3 1 1 1 50
-1  0  3  3 -3  0  2  2 -1 -4 -4  2 -3 -4 -2  0 -1 -4 -3 -3 1 1 0 70
 3 -1 -1  0 -1 -1 -1  0 -2  0 -1 -1 -1 -2 -1  1  1 -2 -2  1 0 1 1 60
 0 -3 -3 -4 -2 -3 -3 -3 -3  2  1 -3  2  3 -3 -2 -1 -2  0  4 0 0 1 0
 0 -1  0  2 -3  1  4  1 -1 -3 -3  0 -2 -4 -2  2 -1 -4 -3 -3 0 0 1 40
-1  2  0 -1 -3  1  0 -2 -1  0 -1  4  0 -3 -2 -1  0 -3 -2  1 0 0 1 50
-2 -3 -4 -4 -2 -3 -3 -4 -3  2  4 -3  2  3 -3 -3 -2 -1  0  1 0 0 1 0
-3 -4 -4 -4 -3 -4 -4 -4 -2 -1  0 -4  0  7 -4 -3 -3  1  3 -1 0 0 1 0
-1  2 -1 -1 -4  6  1 -2  0 -4 -3  2 -1 -4 -2 -1 -1 -3 -2 -3 0 0 1 55
-2 -1  7  1 -3  0 -1 -1  0 -4 -4 -1 -3 -4 -3  0 -1 -5 -3 -4 0 0 1 0
-2 -3 -4 -4 -2 -3 -4 -4 -3  1  4 -3  1  4 -4 -3 -2 -1  0  0 0 0 1 0
 1 -1  0  0 -2  0  2 -1 -1 -3 -3  0 -2 -2 -1  4  1 -3  0 -2 0 0 1 40
-1 -1 -2 -3 -2 -1 -2 -3 -2  0  3  1  1  0 -2  1 -1 -2 -1  0 0 0 1 40
-2 -3 -4 -4 -2 -3 -4 -4 -4  4  3 -3  1  0 -3 -3 -1 -3 -2  2 0 0 1 0
-1  2 -1 -1 -4  1  0 -2 -1 -3 -3  6 -2 -4 -2 -1 -1 -4 -2 -3 0 0 1 30
-1  1  0  1 -4  3  4  0 -1 -3 -3  3 -2 -4 -2  0 -1 -3 -2 -3 0 0 1 65
-2 -1 -2 -3 -3 -1 -2 -3  6 -3 -2 -2 -2  2 -3 -2 -2  7  6 -3 0 0 1 20
-2 -3 -4 -4 -2 -3 -4 -4 -4  5  2 -3  1  0 -3 -3 -1 -3 -2  2 0 0 1 0
-2 -2  0  5 -3  0  2 -2 -2 -2 -2 -1  2 -3 -2  0  1 -4 -3 -2 0 0 1 35
 2  3 -1 -2 -2  0 -1  0  0 -1  1  0  0 -2 -2  0  0 -3 -2 -1 0 0 1 30
-1  1  0 -1 -4  6  2 -2  0 -3 -3  3 -1 -4 -2 -1 -1 -3 -2 -3 0 0 1 5
-1  1 -1  0 -4  1  3 -2 -1 -3 -3  5 -2 -4 -1 -1 -1 -4 -2 -3 0 0 1 30
-1  2 -1 -1 -4  2  2  2 -1 -3 -3  4 -2 -4 -2 -1 -1 -3 -2 -3 0 0 1 65
-1  3  0 -1 -4  3  1 -2 -1 -3 -3  5 -2 -4 -2 -1 -1 -3 -2 -3 0 1 1 35
-1 -4 -4 -4 10 -4 -5 -3 -4 -2 -2 -4 -2 -3 -4 -2 -2 -3 -3 -1 0 1 1 -5
 1 -2  0  2 -3 -1  0  5 -2 -4 -4 -1 -3 -4 -2  0 -2 -3 -3 -3 1 1 0 30
 0 -1 -1  0 -3  1  2  4 -2 -3 -3 -1 -2 -3 -2  0  1 -3 -3 -3 1 1 0 40
-1  0 -1  1 -4  2  6 -3 -1 -4 -4  1 -3 -4 -2 -1 -1 -4 -3 -3 1 0 0 25
-2  6 -1 -2 -4  1  0 -3 -1 -4 -3  2 -2 -4 -3 -1 -2 -3 -2 -3 1 0 0 50
-2  6 -2 -3 -4  0 -1 -3 -1 -3 -2  1 -2 -2 -3 -2 -2  8 -1 -3 1 0 0 25
-1  5  0 -1 -3  1  0 -1 -1 -3 -3  3 -2 -3 -2  1 -1 -3 -2 -3 1 0 0 35
 0 -3 -2 -3 -1 -2 -2 -3 -3  2  0 -2  0 -2 -2 -1  2 -3 -2  4 0 0 1 0
-1  2  0  0 -3  1  2 -2 -1 -3 -3  3 -2 -3 -2  0  2 -3 -2 -2 0 0 1 30
-1  0  1 -1 -3  5  1 -2  1  1 -2  2 -1 -3 -2 -1 -1 -3 -2 -1 0 0 1 25
-3 -4 -4 -4 -3 -4 -4 -4 -2 -1  0 -4  0  7 -4 -3 -3  1  3 -1 0 0 1 0
-2 -3 -4 -4 -2 -3 -3 -4 -3  3  4 -3  2  0 -3 -3 -1 -2 -2  1 0 0 1 0
-2 -1  2  6 -4  0  1 -2 -1 -4 -4  2 -3 -4 -2 -1 -1 -5 -3 -4 0 0 1 40
-2 -1 -2 -3 -3 -1 -2 -3  1 -2 -2  1 -2  2 -3 -2 -2  1  7 -2 0 0 1 5
-2 -3 -4 -4 -2 -3 -3 -4 -3  1  5 -3  2  0 -3 -3 -2 -2 -2  1 0 0 1 0
-1  0 -1 -1 -3  5  3 -3  1 -2 -1  1  3 -3 -2 -1 -1 -3 -2 -2 0 0 1 30
-1 -1 -1  1 -3  1  4 -3 -1 -1 -1  0 -1 -3 -2  0  1 -3 -2  1 0 0 1 35
-3 -4 -4 -4 -3 -4 -4 -4 -2 -1  0 -4  0  7 -4 -3 -3  1  3 -1 0 0 1 0
-2 -3 -4 -4 -2 -3 -3 -4 -3  2  4 -3  2  0 -3 -3 -2 -2 -1  1 0 0 1 0
 0  3 -1 -2 -3  0 -1  5 -2 -3 -3  0 -2 -3 -2 -1 -1 -3 -3 -2 0 0 1 20
-1 -1 -2 -3 -1 -1 -2 -3 -3  2  0  1  0 -2 -2 -1  1 -3 -2  4 0 0 1 20
-1 -3 -3 -4 -2 -2 -3 -4 -3  4  1 -3  4 -1 -3 -2 -1 -3 -2  3 0 0 1 5
-1 -1  6  1 -3  0 -1  1  0 -4 -4 -1 -3 -3 -2  1  0 -4 -3 -3 0 0 1 25
 0 -2  0 -2 -1 -1 -1 -2 -2  0 -1 -1 -1 -2 -2  1  5 -3 -2  0 0 0 1 50
-1 -1  0  2 -4  2  6 -2  0 -4 -3  0 -3 -4 -2  0 -1 -3 -3 -3 0 1 1 45
-3 -3 -5 -5 -3 -3 -4 -3 -3 -3 -2 -4 -2  1 -4 -4 -3 12  2 -4 1 1 1 20
-1 -3 -3 -3 -1 -2 -3 -4 -3  4  2 -2  4  0 -3 -2 -1 -2 -1  2 1 1 1 50
