 0 -3 -1 -1 -3 -2 -2  6 -2 -4 -4 -2 -3 -3 -2  0 -2 -3 -3 -3 1 1 1 90
-1 -3 -3 -3 -1 -3 -3 -4 -3  4  1 -3  1  0 -3 -2  1 -3 -2  2 1 1 1 15
 0  3  2  0 -3  0  1  3 -1 -3 -3  0 -2 -3 -2  1 -1 -3 -2 -3 1 1 1 40
-1 -1  5  3 -3  0  0 -1  0 -3 -3  0 -2 -3 -2  1  1 -4 -2 -3 1 1 0 20
 0 -2 -1 -1 -2 -1 -1 -2 -2 -3 -3 -1 -2 -4  7  2  0 -4 -3 -2 0 0 1 20
-1 -3 -3 -3 -1 -3 -3 -4 -3  3  1 -3  1  2 -3 -2  0 -2  0  4 0 0 1 30
 0 -1  0 -1 -1 -1 -1 -1 -2 -1 -2 -1 -1 -2 -1  3  4 -3 -2 -1 0 0 1 25
-1 -4 -3 -4  9 -3 -4 -3 -3 -2 -2 -3 -2 -3 -3 -1 -1 -3 -3 -1 0 0 1 0
 1 -2 -2 -2 -1 -1 -2 -2 -2  2  2 -2  1 -1 -2  1  0 -2 -2  1 0 0 1 30
-1  5  0 -1 -4  3  1 -2  0 -3 -2  3 -1 -3 -2 -1 -1 -3 -2 -3 0 0 1 60
 0 -1  4  0 -2  0  0  0  0 -3 -3  0 -2 -3 -1  3  1 -3 -2 -2 0 1 1 30
 0  1 -1 -2 -3 -1 -2  6 -2 -4 -4 -1 -3 -3 -2  0 -2 -3 -3 -3 0 1 1 50
 3 -2 -1 -2 -1 -1 -1  4 -2 -2 -2 -1 -2 -3 -1  1 -1 -3 -2 -1 1 1 1 5
-2 -3 -3 -4 -2 -3 -3 -4 -3  4  1 -3  1  3 -3 -2 -1 -1  1  2 1 0 0 15
-1 -4 -3 -4  9 -3 -4 -3 -3 -2 -2 -3 -2 -3 -3 -1 -1 -3 -3 -1 1 0 0 10
-2 -2 -1 -2 -2 -1 -2 -3  6  2  0 -2  0  0 -3 -2 -1 -1  3  1 1 0 0 15
 0 -2 -1 -1 -2 -1 -1 -2 -2 -3 -3 -1 -2 -4  7  2  0 -4 -3 -2 1 1 0 40
-1  1 -2 -2 -2 -1 -2  1 -2  1 -1 -1 -1 -2  4 -1 -1 -3 -2  2 1 1 0 65
-1  0 -1 -2 -3 -1 -1  1 -1 -2 -1  2 -1  4 -2  0 -1 -1  1 -2 1 1 1 60
-1 -4 -3 -4  9 -3 -4 -3 -3 -2 -2 -3 -2 -3 -3 -1 -1 -3 -3 -1 1 1 1 15
-1 -2 -3 -2 -3 -2 -2 -3 -3 -1  1 -2  0 -2  7 -1 -1 -3 -3 -1 1 1 1 25
-1  3 -1 -2 -3  0 -1  1 -1 -3 -3  1 -2 -3  5 -1 -1 -3 -3 -3 0 1 1 80
 0  3  0 -1 -3  0 -1  4 -1 -3 -3  1 -2 -3 -2  1 -1 -3 -2 -3 0 1 1 70
-1 -2 -2 -3 -2 -1 -2 -3  0 -1  0 -2  3  3 -3  0 -1  1  5 -1 1 1 1 20
-1  2  0 -1 -3  1  1 -2 -1 -3 -3  5 -2 -3 -1  0 -1 -3 -2 -3 1 0 0 55
-1  1  0 -1 -3  6  2 -2  3 -3 -3  1 -1 -3 -2  0 -1 -2 -1 -3 1 0 0 45
-1 -3 -4 -3 -1 -3 -3 -4 -4  4  1 -3  1  0 -3 -3 -1 -3 -2  3 1 0 0 25
 0 -3 -1 -2 -3 -2 -2  6 -2 -4 -4 -2 -3 -3 -2  0 -2 -3 -3 -3 1 0 0 10
 0 -2 -1 -2 -1 -1 -1 -2 -2  1  0 -1  0 -2 -2  1  4 -3 -2  1 1 1 1 35
-1 -4 -3 -4  9 -3 -4 -3 -3 -2 -2 -3 -2 -3 -3 -1 -1 -3 -3 -1 1 1 1 5
 0 -3 -1 -2 -3 -2 -3  6 -2  0 -2 -2 -2 -3 -2 -1 -2 -3 -3 -1 1 1 0 45
-1 -2 -4 -4 -1 -2 -3 -4 -3  2  4 -3  2  0 -3 -2 -1 -2 -1  2 1 1 0 45
 0 -2 -1 -1 -2 -1 -1 -2 -2 -3 -3 -1 -2 -4  7  2  0 -4 -3 -2 0 1 1 75
 1 -2 -1 -2 -2 -2 -2  5 -2 -2 -2 -2 -2 -3 -2  0 -1 -3 -3  0 0 1 1 55
 0 -2  0 -1 -1 -1 -1 -2 -2  2  0 -1  0 -2 -2  2  3 -3 -2  1 1 1 1 10
-1  2  0 -1 -3  1  1 -2 -1 -3 -3  5 -2 -3 -1  0 -1 -3 -2 -3 1 0 0 20
-1 -4 -3 -4  9 -3 -4 -3 -3 -2 -2 -3 -2 -3 -3 -1 -1 -3 -3 -1 1 0 0 0
-1 -4 -3 -4  9 -3 -4 -3 -3 -2 -2 -3 -2 -3 -3 -1 -1 -3 -3 -1 1 0 0 0
-1  4  0 -1 -4  1  0 -2 -1 -3 -3  4 -2 -3 -2 -1 -1 -3 -2 -3 1 0 0 30
-1  2  0 -1 -3  1  1 -2 -1 -3 -3  5 -2 -3 -1  0 -1 -3 -2 -3 1 1 1 55
-1 -2 -2 -2 -3 -1 -1 -2 -2 -3 -3 -1 -3 -4  8 -1 -1 -4 -3 -3 1 1 1 90
