 0 -2  0 -1 -2 -2 -2  6 -2 -4 -4 -2 -3 -3 -2  0 -2 -2 -3 -3 1 1 1 95
 4 -1 -2 -2  0 -1 -1  0 -2 -1 -1 -1 -1 -2 -1  1  0 -2 -2  0 1 1 1 75
-1 -1 -2 -3 -1  0 -2 -3 -2  1  2 -1  5  0 -2 -1 -1 -1 -1  1 1 1 1 45
-1 -2 -2 -1 -3 -1 -1 -2 -2 -3 -3 -1 -2 -4  7 -1 -1 -4 -3 -2 1 1 1 40
-1 -2 -2 -1 -3 -1 -1 -2 -2 -3 -3 -1 -2 -4  7 -1 -1 -4 -3 -2 1 1 1 50
-1  5  0 -2 -3  1  0 -2  0 -3 -2  2 -1 -3 -2 -1 -1 -3 -2 -2 1 1 1 50
-1  5  0 -2 -3  1  0 -2  0 -3 -2  2 -1 -3 -2 -1 -1 -3 -2 -2 1 0 0 35
 0 -1  0 -1 -1 -1 -1 -2 -2 -1 -1 -1 -1 -2 -1  1  4 -2 -2  0 1 1 1 95
-1 -3 -3 -3 -1 -3 -3 -4 -3  4  2 -3  1  0 -3 -2 -1 -3 -1  3 1 0 0 30
-1  5  0 -2 -3  1  0 -2  0 -3 -2  2 -1 -3 -2 -1 -1 -3 -2 -2 1 0 0 65
-2 -3 -3 -4 -3 -3 -3 -3 -1  0  0 -3  0  7 -4 -3 -2  1  3 -1 1 0 0 -5
 1 -1  0 -1 -1  0 -1 -1 -1 -2 -2  0 -1 -2 -1  3  4 -3 -2 -1 1 0 0 25
 0 -3 -3 -3 -1 -2 -3 -3 -3  3  1 -2  1 -1 -3 -2  0 -3 -1  4 1 1 1 -5
-2 -2  1  6 -4  0  2 -1 -1 -3 -4 -1 -3 -4 -2  0 -1 -5 -3 -3 1 1 1 30
-2  6  0 -2 -4  1  0 -2  0 -3 -2  2 -1 -3 -2 -1 -1 -3 -2 -3 1 1 0 20
-1 -2 -2 -2 -3 -1 -1 -2 -2 -3 -3 -1 -3 -4  8 -1 -1 -4 -3 -3 1 1 1 15
-2 -3 -3 -4 -3 -3 -3 -3 -1  0  0 -3  0  7 -4 -3 -2  1  3 -1 1 0 0 0
-1 -1 -1 -2 -2 -1 -1 -3  6  1 -1 -2  0 -1 -2 -1 -1 -3  1  2 1 0 0 5
-2 -3 -3 -4 -2 -3 -3 -4 -2  3  1 -3  1  5 -3 -3 -1  0  2  1 1 0 0 0
 0 -3 -3 -3 -1 -2 -3 -3 -3  3  1 -2  1 -1 -3 -2  0 -3 -1  4 1 0 0 0
-1 -3 -3 -4 -1 -2 -3 -4 -3  2  3 -3  2  0 -3 -2 -1 -2 -1  3 1 0 0 0
-2  6  0 -2 -4  1  0 -2  0 -3 -2  2 -1 -3 -2 -1 -1 -3 -2 -3 1 0 0 10
-2  6  0 -2 -4  1  0 -2  0 -3 -2  2 -1 -3 -2 -1 -1 -3 -2 -3 1 0 0 0
-1  4  0 -2 -3  0 -1  4 -1 -4 -3  1 -2 -3 -2 -1 -1 -3 -2 -3 0 1 1 25
 0 -2  0 -1 -3 -2 -2  6 -2 -4 -4 -2 -3 -3 -2  0 -2 -3 -3 -3 0 1 1 20
 4 -2 -2 -2  0 -1 -1  0 -2 -1 -2 -1 -1 -2 -1  1  0 -3 -2  0 1 0 0 0
-1 -3 -3 -3 -1 -3 -3 -4 -3  4  1 -3  1 -1 -3 -2  0 -3 -1  3 1 0 0 0
-2 -2 -4 -4 -1 -2 -3 -4 -3  2  4 -3  2  0 -3 -3 -1 -2 -1  1 1 0 0 -5
-2 -3 -3 -4 -3 -3 -3 -3 -1  0  0 -3  0  7 -4 -3 -2  1  3 -1 1 0 0 0
-2 -2 -4 -4 -1 -2 -3 -4 -3  2  4 -3  2  0 -3 -3 -1 -2 -1  1 1 0 0 0
 0 -2  0 -1 -3 -2 -2  6 -2 -4 -4 -2 -3 -3 -2  0 -2 -3 -3 -3 1 0 0 -5
 0  4  0 -1 -2  1  0 -1 -1 -3 -2  1 -2 -3 -1  3  0 -3 -2 -2 1 0 0 0
-1 -3 -3 -3 -1 -3 -3 -4 -3  4  1 -3  1 -1 -3 -2  0 -3 -1  3 1 0 0 0
 3 -1 -1 -1 -1 -1 -1 -1 -2 -1 -1 -1 -1 -2 -1  1  3 -3 -2  0 1 1 0 0
-2 -2  1  6 -4  0  2 -1 -1 -3 -4 -1 -3 -4 -2  0 -1 -5 -3 -3 1 1 0 15
-1 -2 -2 -2 -3 -1 -1 -2 -2 -3 -3 -1 -3 -4  8 -1 -1 -4 -3 -3 1 1 1 5
-1 -1 -1 -2 -2 -1 -1 -3  6  1 -1 -2  0 -1 -2 -1 -1 -3  1  2 1 1 1 70
-2 -2  1  6 -4  0  2 -1 -1 -3 -4 -1 -3 -4 -2  0 -1 -5 -3 -3 1 1 1 35
-1 -2 -2 -2 -3 -1 -1 -2 -2 -3 -3 -1 -3 -4  8 -1 -1 -4 -3 -3 1 1 1 30
 0 -2  0 -1 -3 -2 -2  6 -2 -4 -4 -2 -3 -3 -2  0 -2 -3 -3 -3 1 1 1 20
-1 -2 -2 -2 -3 -1 -1 -2 -2 -3 -3 -1 -3 -4  8 -1 -1 -4 -3 -3 1 1 1 65
 4 -2 -2 -2  0 -1 -1  0 -2 -1 -2 -1 -1 -2 -1  1  0 -3 -2  0 1 1 1 40
 0  0  0  0 -2  4  1 -1  0 -3 -2  1 -1 -3 -1  3  1 -3 -2 -2 1 1 1 95
