-1 -2  6  2 -3 -1 -1  0 -1 -4 -4 -1 -3 -4 -2  3  0 -4 -3 -3 1 1 1 95
-2 -2  6  3 -3  0  0 -1  0 -3 -3 -1 -3 -4 -3  1  0  2 -3 -3 1 1 1 70
 0 -3 -1 -1 -4 -2 -1 -2  0 -3 -3 -1 -3 -4  7  0  0 -5 -4 -3 0 1 1 15
 1 -1 -1 -2  0 -1 -1  0 -2  0  0 -1  0  0 -1  2  1  2 -1  1 0 1 1 5
 1 -2  0 -1  0 -1 -2  0  1 -2 -2 -1 -1  1 -1  1 -1 -1  5 -1 0 1 1 40
-1 -1  4  0 -3 -1  0  0  0 -3 -4 -1 -3 -4  5  1  0 -4 -3 -2 0 1 1 75
-2 -3 -1 -3 -4 -2 -4 -1 -2 -3 -3 -4 -3  0 -4  0 -3 11  1 -3 1 1 0 0
-1 -2 -2 -2 -2 -1 -2 -2 -2  1  2 -2  6  0 -1 -1  1  0  0  0 1 1 1 70
 0  1  1 -1 -2  0 -1  1  3 -3 -3  1 -2 -1  1  1  1 -2  0 -2 1 1 1 50
 2 -1  0 -1 -1 -1 -1  3 -2 -2 -2 -1 -2 -2  2  2  0 -3 -2 -1 1 1 1 60
 0  1  1 -1 -2  1  0  0 -1 -2 -2  1 -1 -2  2  1  1 -3 -2 -1 1 1 1 75
 0  0  0  3 -3  0  2  1  0 -3 -3  0 -2 -3  0  2  0 -3 -2 -2 1 1 1 95
 0  2  1 -1 -2  0 -1  2 -1 -2 -3  0 -2 -3  2  1  1 -3 -2 -1 1 1 1 60
-2  5 -1 -2 -4  1  0 -3 -1 -4 -3  4 -2 -4 -2 -1 -2 -4 -3 -3 1 1 1 75
-2  6 -1 -2 -4  0 -1 -2 -1 -3 -3  4 -2 -4 -3 -1 -2 -4 -3 -3 1 1 1 65
 0  0 -1 -1 -2  1 -1  3 -2 -3 -2  3 -2 -3 -2  1  1 -3 -3 -2 1 1 1 60
-2  7 -1 -3 -4  0 -1 -3 -1 -4 -3  1 -2 -4 -3 -1 -2 -4 -3 -4 1 1 1 75
-1  0 -1 -2  6  4  0 -3 -1 -2 -2  1 -1 -3 -2  0  3 -3 -2 -1 1 1 1 50
 2 -2 -1 -2 -1 -1 -1 -2 -2 -2 -2 -1 -2 -3  5  1  3 -4 -3 -1 1 1 1 70
-3 -3 -3 -4 -4 -3 -3 -4  1 -2 -2 -3 -2  2 -4 -3 -3  1  9 -2 1 1 1 25
 0 -2 -1 -2 -2 -1 -1 -2 -2 -2 -2 -1 -2 -3 -1  3  5 -3 -2 -1 1 1 1 50
-2  6 -1 -2 -4  0  0 -3 -1 -4 -3  4 -2 -4 -2 -1 -2 -4 -3 -3 0 0 1 80
-1 -2 -1 -3 -3  1 -2 -3  5 -2 -2 -2 -2  3 -3 -1 -2  0  6 -2 0 0 1 60
-2  0 -1 -1 -4  7  1 -3  0 -4 -3  0 -1 -4 -2 -1 -2 -3 -2 -3 0 0 1 10
-1 -2 -1 -2 -2 -2 -2 -3 -3  2  0 -2  0 -2 -2  0  5 -3 -2  1 0 0 1 35
-2  0 -4 -4 -2 -2 -3 -4 -3  1  5 -2  1  0 -4 -3 -2 -2 -2  0 0 0 1 55
-2 -1 -1  1 -5  1  6 -3 -1 -4 -4  0 -3 -4 -2 -1 -2 -4 -3 -3 0 0 1 20
-2 -3 -4 -4 -2 -3 -4 -4 -4  1  5 -3  2  0 -4 -3 -2 -2 -2  0 0 0 1 -5
-2 -1 -1  1 -5  1  6 -3 -1 -4 -4  0 -3 -4 -2 -1 -2 -4 -3 -3 0 0 1 25
-2  3 -1 -2 -4  1  0 -2 -1 -4 -3  6 -2 -4 -2 -1 -1 -4 -3 -3 0 0 1 55
-2 -1 -1  1 -5  1  6 -3 -1 -4 -4  0 -3 -4 -2 -1 -2 -4 -3 -3 0 0 1 10
-3 -4 -4 -5 -3 -4 -4 -4 -2 -1  0 -4 -1  8 -5 -3 -3  0  2 -2 0 0 1 0
-2 -1 -1 -3 -3 -1 -2 -3  7 -1  2 -1  0  1 -3 -2 -2 -2  1 -2 0 0 1 70
-3 -3 -4 -4 -3 -4 -4 -4 -1 -1 -1 -4 -1  7 -4 -2 -2  0  4 -2 0 0 1 70
-2 -1  7  0 -4 -1 -1 -1  0 -4 -4 -1 -3 -4 -3  1  0 -5 -3 -4 1 1 1 35
-1  4 -1 -2 -3  1 -1 -3  1 -1 -1  2  3 -2  0 -1 -1 -3 -2  0 1 1 0 40
-3 -3 -3 -4 -3 -2 -3 -4  1 -2 -2 -3 -2  2 -4 -3 -3  1  8 -2 1 1 0 65
-2 -3 -4 -4 -2 -3 -4 -4 -4  2  4 -3  1  0 -3 -3 -2 -2 -2  1 1 1 1 15
 0 -2  2 -1  0 -1 -1 -2 -2 -2 -2 -1 -2 -3 -1  2  5 -3 -2 -1 1 1 1 60
-2  7 -1 -2 -4  0 -1 -2 -1 -4 -3  3 -2 -4 -3 -1 -2 -4 -3 -3 0 0 1 65
-2  5 -1  1 -4  1  2 -3 -1 -4 -3  2 -2 -4  0 -1 -1 -3 -2 -3 0 0 1 70
-2  6 -1 -2 -4  1 -1 -3 -1 -4 -3  3 -2 -4 -3 -1 -2  1 -2 -3 0 0 1 30
-2  7 -1 -2 -4  1 -1 -3 -1 -4 -3  2 -2 -4 -3 -2 -2 -4 -3 -3 0 0 1 20
-2 -3 -3 -3 -2 -1 -3 -3 -1  4  2 -3  1  0 -3 -2 -1  3  1  2 0 0 1 25
-2 -1 -1  1 -4  2  6 -3  0 -4 -4  0 -3 -4 -2 -1 -2 -4 -3 -3 0 0 1 45
-2 -3 -4 -4 -2 -3 -4 -4 -4  4  2 -3  2 -1 -3 -3 -1 -3 -2  3 0 0 1 0
 4 -2 -1 -2 -1 -1 -1 -1 -2 -2 -2 -1 -2 -3 -1  3  0 -3 -2 -1 0 0 1 5
-1  4  2 -1 -4  1  0 -2  7 -4 -3  1 -2 -3 -3 -1 -2 -3  0 -3 0 0 1 70
 2 -1  0 -2 -1 -1 -1 -1 -1 -1  0 -1  2 -2 -2  1  1 -3 -2  0 0 0 1 60
-2 -3 -4 -4 -2 -3 -3 -4 -3  1  5 -3  2  0 -3 -3 -2 -2 -2  1 0 0 1 5
 0 -2  4 -1  7 -1 -2  1  0 -2 -3 -1 -2 -3 -3  0 -1 -3 -2 -2 0 1 1 80
-2 -3 -4 -4 -2 -3 -4 -5 -4  1  5 -3  2  0 -4 -3 -2 -2 -2  0 1 1 1 10
 0 -2  1 -1 -2 -1 -1 -2 -2 -2 -2 -1 -2 -3 -2  3  5 -3 -2 -1 1 1 1 55
-2 -1 -1  3 -4  1  6 -2 -1 -4 -4  0 -3 -4 -2 -1 -2 -4 -3 -3 0 0 1 30
-2  7 -1 -3 -4  0 -1 -3 -1 -4 -3  1 -2 -4 -3 -2 -2 -4 -3 -3 0 0 1 65
-2  0 -1 -1 -4  7  1 -3  1 -4 -3  0 -1 -4 -2 -1 -2 -3 -2 -3 0 0 1 15
-1 -3 -4 -4 -2 -3 -4 -4 -4  5  1 -3  0 -1 -3 -3 -1 -3 -2  4 0 0 1 0
-2  1 -1 -2 -4  1  0 -1 -2 -4 -3  6 -2 -4 -2 -1 -1 -4 -3 -3 0 0 1 45
-2 -4 -4 -4 -2 -4 -4 -5 -4  6  1 -4  0 -1 -4 -3 -1 -3 -2  2 0 0 1 30
-4 -4 -5 -6 -4 -3 -4 -4 -4 -4 -3 -4 -3  0 -5 -4 -4 12  1 -4 0 0 1 10
-3 -4 -4 -5 -3 -4 -4 -4 -2 -1  0 -4 -1  8 -5 -3 -3  0  2 -2 0 0 1 0
-2  0 -1 -1 -4  7  1 -3  0 -4 -3  0 -1 -4 -2 -1 -2 -3 -2 -3 0 0 1 45
-2 -1  7  1 -4 -1 -1 -1  0 -4 -4 -1 -3 -4 -3  0 -1 -5 -3 -4 0 0 1 55
-2  7 -1 -2 -4  0 -1 -3 -1 -4 -3  1 -2 -4 -3 -2 -2 -4 -3 -3 0 0 1 10
-2  7 -1 -2 -4  0 -1 -3 -1 -4 -3  1 -2 -4 -3 -2 -2 -4 -3 -3 0 0 1 20
-2 -2 -3 -4 -2 -1 -3 -4 -3  0  1 -2  9 -1 -4 -2 -2 -2 -2  0 0 0 1 45
-1  2 -1 -1 -4  1  0 -2 -1 -4 -3  6 -2 -4 -2 -1 -1 -4 -3 -3 0 0 1 50
-2 -3 -1 -3 -3 -2  0 -3 -1 -2  1 -3  2  0 -4 -2 -2 10  1 -2 0 0 1 30
-2  2 -1 -1 -4  1  0 -2 -1 -4 -3  6 -2 -4 -2 -1 -1 -4 -3 -3 0 0 1 55
-2  2 -1 -1 -4  1  0 -2 -1 -4 -3  6 -2 -4 -2 -1 -1 -4 -3 -3 0 0 1 60
-1 -1  0  3 -3  1  4 -2 -1 -1  0 -1  2 -2 -2 -1 -1 -3 -2 -2 0 0 1 50
-1  0  5  0 -2  1  0 -1  4 -3 -3  0 -2 -3 -2  1  0 -4 -1 -3 0 0 1 75
-1  4  1 -1 -4  2  0 -2 -1 -3 -3  5 -2 -4 -2  0 -1 -3 -2 -3 0 0 1 35
-1  1  0  3 -3  1  2 -2 -1 -2 -1  1 -1 -2 -2  0  0 -3 -2 -2 1 1 1 70
-1  3  0  0 -3  2  2 -2  2 -2 -3  3 -2 -3 -2  0 -1 -3 -2 -2 1 1 1 80
 1  1  0 -1 -2  1  0  2 -1 -2 -2  0 -1 -3  1  2  0 -3 -2 -1 1 1 1 45
-1  2 -1  0 -4  3  4 -2 -1 -3 -3  4 -2 -4 -2 -1 -1 -3 -2 -3 1 1 0 60
