-2 -3 -4 -5 -3  0 -3 -4 -3  0  1 -3  9 -1 -4 -3 -2 -3 -2 -1 1 1 1 80
-2 -1  3  3 -4  2  4 -1 -1 -4 -3  0 -1 -4 -2  0 -1 -4 -3 -3 0 0 1 65
 2 -1  3 -1 -2  0  1  0  1 -3 -3  0 -2 -2  2  1  1 -3 -2 -2 0 0 1 55
-1 -3 -4 -4 -2 -1 -3 -4 -3  3  3 -3  3  0 -3 -3 -1 -3 -2  1 0 0 1 60
 0 -2  3  1 -2 -2 -1 -2 -2  2  0 -1  0 -1 -3  0  0 -3 -2  2 0 0 1 45
 0 -2 -2 -3  0  1  0 -3 -2  1  1 -2  4  1 -3  0 -1  2  0  1 0 0 1 35
 3 -2  0  1 -2 -1  0  3 -2 -2 -2 -1 -1 -3 -2  1 -1 -3 -3 -1 0 0 1 35
 1 -3 -1 -3  1 -2 -3 -1 -2  1  2 -2  3  1 -3 -1  0 -2  1  0 0 0 1 50
 0 -1  0 -2 -2 -1 -1  0 -2  1  1 -1  0 -1 -2  1  2 -3 -2  1 0 0 1 30
 3 -3 -3 -3 -1 -2 -3 -1 -1  0  0 -2  0  2 -1 -1 -1 -1  4  1 0 0 1 30
-2 -4 -4 -4 -2 -3 -4 -3 -4  5  3 -4  2  1 -4 -3 -2 -3 -2  2 0 0 1 50
 4 -3 -2 -3 -2 -2 -2  4 -3 -2 -2 -2 -2 -4 -2  1 -1 -4 -3 -2 0 0 1 25
 5 -3 -3 -3  2 -2 -2  0 -3  0 -1 -2 -1 -3 -2  1 -1 -4 -3  2 0 0 1 15
 4 -3 -2 -3 -2 -2 -3  5 -3 -3 -4 -2 -3 -4 -2  1  0 -4 -2 -2 0 0 1 30
-2 -4 -5 -5 -2 -4 -4 -5 -2  5  3 -4  1  1 -4 -4 -2 -3 -2  2 0 0 1 50
 2 -3 -2 -3  1 -2 -3  3 -3  2  0 -3  3 -2 -3 -1  0 -3 -3  0 0 0 1 35
 0 -3 -4 -4  0 -3 -3 -2 -2  4  1 -3  3  0 -3 -2 -1 -2  3  2 0 0 1 25
 1 -4 -2 -3  0 -3 -4  6 -4 -4 -3 -3 -4 -3 -4 -1 -3 -4 -4 -2 0 0 1 25
-1 -4 -4 -5 -1 -3 -4 -1 -4  1  4 -4  2  2 -4 -3 -2 -3 -2  1 0 0 1 50
 5 -3 -2 -3 -1 -3 -3  4 -3 -4 -4 -2 -3 -4 -2  1 -1 -4 -4 -2 0 0 1 15
 5 -3 -3 -3  0 -2 -2  0 -3 -2 -3 -2 -2 -4 -3  1  1 -4 -3 -1 0 0 1 30
-2 -4 -3 -5 -3 -4 -4 -5 -4  5  3 -4  1  1 -4 -4 -2 -3 -2  1 0 0 1 50
 1 -4 -2 -3 -4 -4 -4  7 -4 -5 -5 -3 -4 -5 -4 -1 -2 -4 -5 -3 0 0 1 35
 4 -3 -3 -3 -1 -2 -2 -1 -3 -3 -3 -2 -3 -4  5  1  2 -4 -4 -1 0 0 1 10
 3 -4 -2 -3  3 -3 -3  5 -4 -4 -4 -3 -3 -4 -3  0 -1 -4 -4 -3 0 0 1 30
-2 -2 -5 -5 -3 -4 -5 -5 -4  6  2 -3  0  2 -4 -4 -2  0 -1  2 0 0 1 50
-1 -5 -2 -3 -5 -4 -4  7 -4 -6 -6 -4 -5 -5 -4 -2 -4 -5 -5 -5 0 0 1 25
-2 -2  3  1 -3  1  0 -3 -2  2  0 -2  1  2 -3 -2 -2  2 -1  1 0 0 1 20
 1 -4 -2 -3 -4 -2 -4  7 -4 -5 -5 -3 -4 -5 -4  0 -3 -5 -5 -5 0 0 1 40
-1 -1  1 -3 -2 -1 -3 -3  2  3  2 -1  2  0 -3 -1  0 -1 -1  1 0 0 1 50
 1 -3 -4 -4  0 -3 -4 -2 -4  3  3 -3  3 -1 -4 -2 -1 -3 -2  3 0 0 1 35
 1 -3 -3 -3  2 -3 -3  4 -3  1 -1 -3 -1  2 -3 -1 -1  0 -2  2 0 0 1 10
 1  0 -1 -1 -3 -2 -2  5 -3 -4 -4 -2 -3 -4 -3  3 -1 -4 -3 -3 0 0 1 40
-1  2 -1  0  0  0 -1  1  0 -4 -4  5 -3 -4 -3  0 -2 -4 -2 -4 0 0 1 50
 2 -3 -2 -3 -1 -3 -3 -2 -2 -2  0 -3  0  4 -3 -1  3 -2  3 -1 0 0 1 25
-2 -3 -4 -4  0 -1 -4 -5 -4  3  3 -3  3 -1 -4 -3 -1 -3 -2  3 0 0 1 45
-3 -2  0  2 -5  1  7 -4 -2 -3 -4 -1 -4 -5 -3  0 -2 -5 -4 -4 0 0 1 60
 3 -3 -1 -3  0 -3 -3  5 -3 -4 -4 -3 -3 -4 -3  2 -2 -4 -4 -3 0 0 1 25
 1 -3 -3 -3  1 -1 -3 -3 -3  4  0 -3  4 -2 -3  0  2 -4 -3  2 0 0 1 5
 6 -3 -3 -3 -2 -2 -3 -1 -3 -3 -3 -2 -3 -4 -3  2  1 -4 -4 -1 0 0 1 45
-4  8 -3 -4 -6 -1 -2 -5 -2 -5 -5  1 -4 -5 -4 -3 -3 -5 -4 -5 0 1 1 75
-3 -1  1 -3 -6  8  0 -4 -2 -5 -5 -1 -3 -6 -4 -2 -3 -5 -4 -5 1 1 0 45
-3 -5 -5 -4 -5 -4 -4 -5 -5 -5 -2 -3 -5 -6  9 -3 -3 -6 -5 -5 1 1 1 70
-2 -2 -1  1 -6  0  7 -4 -2 -5 -5 -1 -4 -5 -3 -1 -2 -5 -4 -5 1 1 0 70
 2 -3 -3 -4 -2 -1 -2 -1 -3  0  3 -3  4 -2 -3 -1 -1 -3 -2  1 1 1 0 50
 2  2 -1 -1 -2  0  1  0 -2  0 -1  1  1 -2 -2  1  0 -3 -2  0 0 0 1 50
-1 -3  2  1 -4 -2 -1  5 -3 -5 -5 -1 -4 -5  4  0 -2 -4 -4 -4 0 0 1 30
 0  1 -1  0 -3  2  0 -2 -2 -1  0  2  2 -3  0  0  1 -3 -2 -1 0 0 1 35
-3 -4 -5 -5 -3 -4 -5 -5 -5  3  5 -4  1  0 -5 -4 -2 -3 -2  0 0 0 1 40
-3  4 -1 -3 -4  5 -1 -4 -2 -3 -1  0  2  1 -3 -2  1 -3 -1 -3 0 0 1 40
-1 -2  0 -3 -3 -1 -2  1 -3 -1 -2 -2 -1 -3 -3  1  5 -4 -3  0 0 0 1 30
-1  2  2 -2 -3  1 -1 -2 -1 -1 -1  2  0 -2 -1  0  3 -3  0 -1 0 0 1 35
-1 -3 -4 -5 -3 -2 -4 -2 -4 -1  1 -3  8  2 -4 -3  0 -3 -2  0 0 0 1 45
-3 -4 -5 -5 -4 -4 -5 -5 -3  2  2 -4  0  7 -5 -3 -3  1  2 -1 0 0 1 30
-3 -4 -5 -5 -3 -4 -4 -5 -4  5  3 -4  1 -1 -1 -2 -2 -4 -3  2 0 0 1 35
 0 -3 -2 -3 -1 -2 -3  4 -3 -1  0 -2  1 -2 -3  2  0 -3 -3  0 0 0 1 35
 2 -3 -3 -3 -1 -1 -3 -2 -3  2  1 -3  2  2 -3 -2 -1 -3 -1  2 0 0 1 35
 4 -3 -2 -3 -3 -3 -3  5 -3 -4 -4 -3 -3 -4 -2  0 -2  0 -4 -2 0 0 1 15
-3 -4 -5 -5 -3 -4 -4 -5 -4  1  5 -4  1  3 -5 -4 -3 -3 -1  2 0 0 1 60
-1 -3 -3 -4  2 -3 -3 -4 -4  4  1 -3  2 -1 -3 -1  1  1 -2  3 0 0 1 40
-3 -2 -1  4 -6  0  6 -2 -2 -5 -5 -1 -4 -5 -3 -2 -3  1 -4 -5 0 0 1 35
 5 -3 -2 -3 -2 -2 -2  0 -3 -2 -2 -2  0 -3 -2  2  1 -4 -3  0 0 0 1 20
 0 -3 -2 -4 -2 -3 -3 -4 -3  2  3 -3  2  1 -3 -2  1 -3 -2  2 0 0 1 60
 2 -3 -3 -3 -1 -2 -2  1 -3 -3 -3 -2 -3  1  6  0  1 -3  0 -2 0 0 1 25
-2 -4 -4 -5 -3 -3 -4 -5 -4  4  3 -4  4  2 -4 -3 -2 -3 -2  1 0 0 1 35
-2 -4 -5 -5 -3 -4 -4 -5 -3  6  1 -4  0  2 -4 -4 -2 -2  4  1 0 0 1 50
 3 -3  0 -2  0 -2 -3  5 -3 -2 -3 -2 -3 -4 -3  1 -1 -4 -4 -2 0 0 1 45
-1 -3 -4 -4 -2 -3 -3 -4 -4  3  3 -3  1  1 -4 -2 -1  0 -1  4 0 0 1 40
 1 -4 -3 -4 -2 -3 -3  3 -4  1  0 -3  0 -2 -3 -2 -2 -4 -3  4 0 0 1 5
 0 -4 -4 -4 -2 -3 -4 -4 -4  5  2 -3  2  1 -2 -3 -1 -3 -2  3 0 0 1 55
 4 -3 -2 -3  1 -2 -2  3 -3 -3 -3 -2  0 -2  0  1 -1 -3 -1 -2 0 0 1 30
-2 -4 -4 -5 -3 -3 -4 -5 -3  2  3 -4  4  5 -4 -3 -2 -2  0  0 0 0 1 25
-1 -3 -4 -4 -2 -3 -4 -4 -2  3  3 -3  2  1 -4 -3 -2  4  3  2 0 0 1 50
-2 -3 -4 -5 -3 -3 -4 -4 -3  2  3 -3  2  4 -4 -3 -2 -2  0  1 0 0 1 45
 1 -3 -3 -4 -2 -3 -3 -3 -3  2  3 -2  3  1 -3 -2  0 -3 -2  2 0 0 1 40
-4 -5 -5 -5 -4 -5 -5 -4 -3 -1 -1 -5 -2  8 -5 -4 -2 -1  3 -2 0 0 1 40
 5 -2 -2 -3 -2 -2 -2  0 -3 -1 -2 -1 -2 -3 -2  1  0 -4 -3  2 0 0 1 60
-1 -3 -3 -4 -2 -3 -3 -4 -3  3  2 -3  1  1 -3 -2  1 -3 -1  4 0 0 1 75
 5 -2 -2 -2 -1 -1 -1  0 -2 -2 -2 -1 -2 -3 -1  2  0 -3 -2 -1 1 1 1 80
