-2 -3 -4 -5 -3 -2 -4 -4 -3  1  1 -3  9 -1 -4 -3 -2 -3 -3 -1 1 1 1 5
 0  1 -1 -2 -4  2  0 -3 -2 -3 -1  5 -2 -1 -2 -1 -2 -3 -2 -3 1 1 1 45
-3 -4 -5 -5 -3 -4 -4 -5 -4  3  4 -4  1  3 -4 -4 -2 -2 -1  0 1 1 1 10
-1 -2  3 -1 -2 -2 -2 -2 -2 -4 -4 -2 -3 -4 -2  5  2 -4 -3 -3 1 1 1 25
-2  1  0  0 -4  1  1 -3 -2 -4 -4  6 -3 -4 -2  0 -1 -4 -3 -4 0 0 1 70
-1  2  1  2 -4  2  3 -1 -1 -4 -4  2 -3 -4  1  1 -1 -4 -3 -3 0 0 1 65
-2 -3 -2 -3 -3 -2 -3 -3 -3 -2 -2 -2 -2  0 -3  0  7 -4 -3 -2 0 0 1 0
-2  0 -4 -4 -2 -1 -3 -4 -1  5  3 -3  0 -1 -4 -3 -1 -3 -2  2 0 0 1 20
 2 -1  1  3 -3  2  2 -2 -1 -3 -3  0 -2 -4 -2  1 -1 -4 -3 -2 0 0 1 45
-1 -3 -3 -3 -2 -3 -1 -4 -4  4  2 -3  0 -1 -3 -2  0 -3 -2  3 0 0 1 5
-3 -4 -5 -5 -3 -3 -4 -5 -4  0  5 -4  2 -1 -4 -4 -2 -3 -2  1 0 0 1 0
 1  1  1 -2 -4  1 -1 -2 -2 -4 -4  6 -3 -4 -2  1 -1 -4 -3 -3 0 0 1 50
-3 -2  7  0 -4 -1 -2 -2 -1 -4 -2  0 -3 -4 -3  1  1 -5 -3 -4 0 0 1 10
-1 -4 -4 -5 -4 -4 -5 -4 -3 -1  0 -4  2  8 -5 -4 -3 -1  2 -2 0 0 1 -5
 3 -2 -1 -2  3  1  0 -1 -2 -3 -3 -1 -2 -4 -2  3  0 -4 -3 -2 0 0 1 5
 1 -2 -1 -2 -2  0 -1  0 -2 -2  0  0 -1 -2 -2  3  3 -3 -1 -1 0 0 1 50
-3 -5 -5 -5 -3 -4 -5 -5 -5  7  0 -4  0 -2 -4 -4 -2 -4 -3  2 0 0 1 5
-3 -2  8  0  1 -2 -2 -2 -1 -5 -5 -2 -4 -4 -4 -1  0 -5 -1 -4 1 1 1 5
-1 -1  2  1 -4  1  1 -1 -2 -4 -4  1 -3 -4  5  2 -1 -4 -3 -3 1 1 0 55
 0 -2  0 -2 -3 -2 -2  3 -2 -4 -4  0 -3 -4 -2  5  0 -4 -3 -3 1 1 1 0
-2 -4 -5 -5 -2 -4 -4 -5 -5  6  1 -4  2 -1 -4 -4 -2 -4 -3  3 1 0 0 0
-2  1 -3 -4 -2 -2 -3 -4  0  2  2 -1  3 -1 -3 -2 -1 -3  0  3 1 0 0 15
-3 -4 -4 -5 -2 -4 -4 -5 -4  4  4 -4  1  3 -4 -4 -2 -2 -1  1 1 0 0 5
-1  2 -1 -2 -3  1 -1 -1  1 -3 -3  5 -2 -4 -2  1  2 -4 -3 -2 1 1 1 40
 0  0 -2 -2 -4  0  1 -3 -3 -4 -4  1 -3 -5  7  0 -2 -5 -4 -3 1 1 0 55
-1 -3 -2 -3 -4 -3 -3  7 -3 -1 -4 -3 -3 -4 -3 -2 -3 -4 -4 -3 1 0 0 30
-2 -1  5  1 -3  1 -1 -2 -1 -4 -4  3 -3 -4 -2  2  1 -4 -3 -3 1 0 0 50
-2  1 -2 -2 -3  2  0 -3 -2 -1  0  0  0  4 -3 -1  1 -2  0  0 1 0 0 30
-2 -4 -4 -4 -2 -3 -4 -5 -4  5  3 -4  0 -1 -4 -3  0 -3 -2  2 1 0 0 0
-1  3  3 -2 -3 -1 -1  0 -1 -1  0  0  4 -2 -3  0 -1 -3 -2 -2 1 0 0 15
-1 -3 -2 -3 -2 -2 -2 -3 -3  0 -3 -2 -2 -4 -3  2  6 -4 -3 -1 1 0 0 0
-1  3 -2 -2  0  0  0 -3 -2  1  1  3  1 -2 -3 -2 -1 -3 -2  0 1 0 0 30
 1 -2  3  2 -2 -1 -1 -2 -2 -3 -4 -1 -3 -4 -2  4  2 -4 -3 -3 1 1 1 5
 0 -1  0  0 -2 -1 -2 -3 -3  3  0 -2  1 -2  0  0 -1 -3 -2  3 0 1 1 65
 1 -2  5  2 -3  0 -1  0 -1 -3 -2 -1  1 -3 -2  1  2 -4 -3 -2 0 1 1 65
-1  1  2 -1 -3  1  0  3 -2 -3 -3  2  0 -4 -2  1  0 -4 -3 -3 1 1 0 35
 0 -2  5  0 -2 -1 -1 -2 -2 -1 -2  0 -2 -3 -3  2  2 -4 -3  1 1 1 0 20
 0 -3 -1 -3 -2 -1 -3 -3 -3  4  1 -3  0 -2 -3 -1  1 -3 -2  3 1 0 0 0
-3 -3 -3 -1 -3 -3 -3 -4  1  3  2 -3  0  1 -4 -3 -2 -1  6  0 1 0 0 5
 5 -3 -3 -3 -2 -2 -2  1 -3 -3 -1 -2 -2 -4 -2  0 -1 -4 -3 -2 1 0 0 -5
-2  0 -1 -1 -3  1  4 -3  1  1 -2  0 -2  0 -2  1 -1 -3  0 -1 1 0 0 15
 5 -2 -3 -3 -2 -2 -2 -1 -3  0 -2  0 -2 -1 -2  1 -1 -3  0  0 1 0 0 0
-2 -2  1  3 -3  1  2 -3 -2 -2 -1  0 -2 -3 -2  0  3 -4 -3 -1 1 0 0 75
-2 -4 -4 -4  2 -4 -4 -1 -4  5  2 -4  0 -1 -4 -3 -2 -4 -2  3 1 0 0 5
 0 -1  1  1  2  1  4 -2 -1 -3 -2  1 -2 -4  1  0  0 -4 -3 -2 1 0 0 65
-2 -2 -1  5 -5  2  4 -3 -2 -4 -4  1 -4 -5 -3 -1 -2 -5 -4 -4 1 0 0 15
-1 -1  0  1 -3  2  3 -2 -1 -2 -3  0 -2 -3  1  1  2 -4 -3  0 1 0 0 55
-3 -4 -5 -5 -3 -4 -5 -5 -3  4  0 -4 -1  7 -5 -4 -3 -1  1  1 1 0 0 0
-2 -3 -1  5 -5 -2  2 -3 -3 -4 -5 -2 -4 -5  6 -2 -2 -5 -4 -4 1 1 1 45
-1  1  0 -1 -2  1  1 -2  1  0 -1  1 -1  2 -2  1  0 -2 -1 -1 1 1 0 10
-1 -1 -1  4 -4  3  5 -3 -2 -4 -4  0 -3 -5 -2 -1  0 -4 -3 -4 1 1 1 45
 0 -3 -4 -4  1 -3 -4 -4 -3  3  1 -3  0  5 -4 -2  0 -2  0  2 1 0 0 5
 2  0  0 -2  1 -2 -2  4 -2 -3 -3 -1 -3 -4  2  2 -1 -4 -3 -3 1 0 0 0
-3 -4 -5 -5 -3 -4 -5 -5 -5  7  1 -4  0 -2 -4 -4 -2 -4 -3  2 1 0 0 0
-3 -3 -4 -5 -4 -3 -4 -5  2 -2  1 -4 -2  2 -5 -4 -3  0  8 -3 1 1 0 65
-1 -2  0  7 -5 -1  2 -3 -2 -4 -5  0 -4 -5 -3  0 -2 -5 -4 -4 1 1 1 40
-3 -4 -5 -5 -3 -3 -4 -5 -4  2  5 -4  2 -1 -4 -4 -2 -3 -2  0 0 0 1 0
-1 -2  5  1 -3 -1 -1  2 -1 -4 -4  0 -3 -4  2  1  0 -4 -3 -3 0 0 1 40
 0  1  0 -1 -3  3  2  1 -1 -2 -3  1 -2 -3 -2  1 -1 -3 -3  0 0 0 1 25
-4 -4 -5 -5 -4 -5 -5 -5 -3 -1  1 -5  1  8 -5 -4 -4 -1  1 -2 0 0 1 0
-3 -3 -5 -5 -3 -3 -4 -5 -4  2  5 -4  3 -1 -4 -4 -2 -3 -2  1 0 0 1 5
 1 -2  2  1 -3  1 -1  3  2 -4 -4 -1 -3 -4 -2  3  0 -4 -3 -3 0 0 1 40
-1 -3 -3 -3  0 -3 -3  2 -3  3  1 -3  3 -2 -3 -2 -1 -3 -2  2 0 0 1 0
-1 -3 -4 -4 -2  0 -3 -4 -3  1  5 -3  1  2 -4 -3 -2 -3 -2  1 0 0 1 10
 1  1  3  0 -3  0 -1  1 -1 -4 -3  1 -1 -4 -2  3  0 -4 -3 -3 0 1 1 65
-2 -3 -1 -4 -3  1 -3 -4 -3  2  5 -3  2 -1 -4 -3 -2 -3 -2  0 0 1 1 25
 0 -3 -3 -4 -2 -3 -3 -3 -3  2  1 -3  1  5  0 -2 -2 -2  0  2 1 1 0 10
 0 -1  1  2 -2 -1 -1  3  1 -2 -2  0 -2 -2  1  1  0 -2 -2 -2 1 1 1 35
 0 -1  0  4 -3  1  3  0 -2 -3 -1  0 -2 -3 -2 -1 -1 -4 -3 -3 0 1 1 70
-1 -2  3  4 -3  1  1  2 -1 -4 -4 -1 -3 -4  1  1 -1 -4 -3 -3 0 1 1 65
 4 -3 -3 -3 -2 -2 -2  0 -3 -3 -3 -2 -2 -4  5  0 -1 -4 -3 -1 1 1 1 5
-2 -1  2  3 -4  2  4 -3 -1 -4 -4  2 -3 -4 -2 -1  0 -4 -3 -2 1 0 0 40
-1 -4 -4 -4 -2 -3 -4 -4 -4  4  2 -3  2  0 -4 -3 -2 -3 -2  3 1 0 0 0
-1 -2  1  3 -3  0  2  0 -2 -3 -3 -1 -2 -4 -2  2  3 -4 -3 -2 1 0 0 30
-2  0 -2 -3 -2 -1 -1 -4  1  0  2 -2  3  4 -1 -2  1 -2  0  1 1 0 0 45
 0 -2  2  4 -2  0  0 -1  1 -2 -2 -1 -2 -3 -2  1  2 -4 -2 -1 1 1 1 15
-1  1  3  2 -3  2  2  0  0 -4 -3  0 -2 -4 -2  2  0 -4 -3 -3 0 1 1 85
-2  0  2  4 -3  1  2 -2 -1 -4 -4  1 -3 -4 -1  1  1 -4 -3 -3 0 1 1 60
 0 -2  3  1 -3 -1 -1  3  1 -3 -3 -1 -2  0 -2  1 -1 -2  1 -3 1 1 0 40
-2 -2  2  1 -3 -1  0 -3  2  1 -1 -2 -1  2 -3  0 -1  2  4  0 1 1 0 30
-2 -4 -4 -4 -2 -4 -4 -5 -4  5  2 -4  0  0 -4 -3 -2 -3 -2  4 1 0 0 0
 0  0  0 -1 -2  0  0 -2 -1  1  0  1  1 -1 -2  0  1 -2  1  2 1 0 0 30
-2 -3 -4 -4 -2 -3 -3 -4 -4  5  1  0  0  1 -4 -3  0 -3 -2  3 1 0 0 0
 0  3 -1 -1 -3  1  1  1  2 -3 -3  2 -2 -3 -2  2  1 -3 -2 -3 1 0 0 25
-1 -2  1  4 -4 -1  2  3 -2 -4 -4  0 -3 -4 -2  0  0 -4 -3 -4 1 1 1 15
 0  0  1  2 -3  1  1  3 -2 -4 -4  0 -3 -4  2  0 -1 -4 -3 -3 1 1 0 75
-2  5 -1 -2 -4  1 -1  3 -2 -4 -4  3 -3 -4 -3  0 -2 -4 -3 -4 1 1 0 45
 1  1  0 -2  0  1 -1 -2 -2 -2 -1 -1  3 -3 -2  3  2 -3 -2 -2 1 0 0 0
-1  1 -1 -2 -3  1  0 -2 -2 -2 -1  4  1 -3 -2  2  1 -4 -2  0 1 0 0 20
 1 -3 -2 -3  2  0 -2 -3 -3  3  0 -2  0 -2 -3  1  1 -3 -2  2 1 0 0 0
-2  2  2 -2 -3 -1 -1 -3  0 -1 -2  3 -2  1 -3 -1  1 -2  2  0 1 0 0 20
-3 -4 -4 -3 -4 -3 -1 -4 -1  0  0 -4 -2  3 -5 -3 -3  8  6 -2 1 0 0 5
-2  2 -3 -3 -3  0 -2 -3 -2 -1 -1  0  1  3  5 -2  0 -2  2 -2 1 1 1 55
 1 -2 -2 -1 -2 -2 -2 -1 -1  0 -1 -2  2  3 -3  1  1 -1  4 -1 1 1 1 25
 5 -3 -2 -3  2 -2 -2 -1 -3 -1 -3 -2 -2 -3 -2  2  1 -4 -3 -1 1 0 1 20
-3 -2  3  6 -5 -1  2 -3 -2 -4 -5  0 -4 -5  0  0 -2 -5 -4 -4 1 1 1 60
 1 -3 -3 -2 -3 -2  1 -1 -3 -2 -1 -1 -2 -4  6  0 -2 -4 -3  0 0 0 0 55
 0 -2  1  2 -3  0  3  0 -2 -3 -2 -1 -2 -3 -2  3  1 -4 -3 -3 0 0 0 75
 1 -2 -2 -3 -2 -2 -2 -2 -3  2 -1  0 -1  1 -3  0  3 -3 -2  2 0 0 0 50
-2 -4 -4 -4 -2 -4 -4 -5 -4  6  1 -4  2 -1 -4 -3  0 -4 -3  3 1 1 0 10
 0 -3 -2 -3 -2 -2 -1 -3 -3  1  0 -2 -1 -2 -1  1  3 -4 -2  4 1 1 1 40
 1 -1  0 -2 -3 -1  0 -2  3 -2 -2  1 -2  2  4  0  0 -2  1 -1 1 1 1 25
-1 -4 -4 -3 -5 -3 -3 -4 -4 -4 -5 -3 -4  0  8 -3 -3 -5 -4 -4 1 1 1 10
 1  0  1  2 -3  0  3  0 -2 -3 -3  3 -3 -4  0  0  0 -4 -3 -3 1 1 0 85
-2  2  2  1 -4  2  0 -1 -2 -1 -3  5 -2 -4 -2 -1 -2 -4 -3 -3 1 1 0 65
 0  2  0  0 -3  2  2 -2 -1 -3 -1  1 -2 -3  2  1  1 -3 -2 -2 1 1 1 40
 0 -3 -4 -4 -2 -3 -1 -4 -4  5  2 -3  0 -1 -3 -3 -2 -4 -2  3 1 1 1 35
 0  1  3  1 -3  1  1 -2 -1 -2 -3  0 -2 -3  1  1  2 -4 -3  0 1 1 1 80
-3 -4 -4 -5 -3 -3 -4 -4 -3  1  3 -4  3  5 -1 -3 -2 -1  0  0 1 1 1 15
-3 -4  0 -3 -5 -3 -3 -4 -4 -5 -5 -3 -4 -6  8 -3 -3 -6 -5 -4 1 1 1 50
 1 -2  1 -2 -2 -1  0  0 -2 -1 -2 -1 -2 -3  2  2  2 -4 -3  1 1 1 1 80
 3 -2 -2 -2 -2 -1  2 -1  0 -1 -2  0 -2 -3  2  0 -1 -4 -3  2 1 1 1 30
-2 -2  1  5 -4  1  2 -1 -2 -4 -4  0 -3 -4 -2  1  0 -4 -3 -3 1 1 0 25
 0 -4 -4 -4  0 -3 -4 -4 -4  2  2 -3  0  1 -3 -2 -1 -3 -2  5 1 0 0 5
-2  1 -2  1  2  0  4 -3 -1  1 -2  0 -1 -3 -3 -1 -1 -4 -3  1 1 0 0 55
-1 -4 -4 -5  2 -4 -4 -4 -3 -1 -1 -4 -2  8 -5 -3 -1 -1  2  0 1 0 0 5
-1  1  2  3 -4  2  3 -2 -1 -2 -3  0 -1 -4 -2  0  0 -4 -3 -1 1 0 0 50
-3 -4 -5 -5 -2 -4 -4 -5 -4  3  5 -4  1  0 -4 -4 -2 -3 -2  1 1 0 0 0
-1  0  0  1 -3  0  1 -2 -2 -3 -3  3 -2 -4  0  2  3 -4 -3 -2 1 1 1 40
 2 -2  0 -2 -2  1  0  1 -2 -1 -2 -1  1 -3  1  2  0  1 -2  0 0 0 1 30
-2 -1  2  4 -4  0  5 -1 -1 -4 -4 -1 -3 -4 -1  0  0 -4 -3 -4 0 0 1 65
-2 -2 -1  5 -4  1  0 -3 -2 -1 -3  0 -2 -4 -3 -1  0 -5 -3  1 0 0 1 5
-2 -3 -4 -4 -3 -3 -4 -4 -3  1  4 -3  3  2 -4 -1 -2  4  2  0 0 0 1 0
 0  0  2  2 -3  3  1 -2 -1 -1 -2  2 -2 -3 -2  1  0 -4 -3 -2 0 0 1 40
-1  2  0 -1 -4  6  2 -1 -1 -4 -4  3 -2 -4 -3 -1 -1 -4 -3 -4 0 0 1 5
-2 -4 -4 -5 -2 -4 -4 -5 -4  4  4 -4  1  1 -4 -3 -2 -3 -2  2 0 0 1 0
-2  0 -2 -1 -3  3 -1 -2 -2  1  1  2  4 -2 -3 -1  2 -3 -2 -1 0 0 1 20
-1  5 -2 -2 -5  1 -1 -3 -2 -4 -4  5 -3 -4 -3 -2 -2 -4 -3 -4 0 0 1 40
 4 -3 -3 -3 -2 -2 -2 -2 -3  1  0 -2  2 -2 -2  0 -1 -4 -3  2 0 0 1 0
 4 -3 -2 -2  2 -2 -2 -1 -3 -3 -3 -2 -3 -4 -2  4 -1  1 -3 -2 0 0 1 0
 2  4  1 -2 -3 -1 -1 -1 -2 -3 -2  0  0 -3 -2  3  1 -4 -3 -2 0 0 1 70
 1 -2 -2 -3 -2 -1 -2  1 -3  2  0 -2  1 -2 -3  0  2 -3 -2  2 0 0 1 45
-3 -3 -4 -5  0 -3 -4 -5 -2  0  4 -3  3  2 -4 -3 -2 -1  5  0 0 1 1 0
 0 -1  1 -2 -3  3 -1  4  0 -4 -4  2 -3 -4 -2  2 -1 -4 -3 -3 0 1 1 60
 0 -3 -3 -4 -2 -3 -3 -4  3  2  3 -3  0  1 -3 -2 -2 -3 -1  2 1 1 1 5
-1 -2  2  4 -4 -1  0 -2 -2 -3 -4  0 -3 -4  4  0  0 -5 -3 -1 1 1 1 25
-2  1  1  5 -4 -1  0 -3 -2 -2 -2  0  0 -4 -3 -1  2 -4 -3  0 1 0 0 0
-2 -3 -4 -5 -2 -3 -4 -5 -4  3  4 -3  3  1 -4 -3 -2 -3 -2  1 1 0 0 0
 3  0 -2 -2  5 -1 -1 -2  2 -2 -2  0 -2 -3 -2  2  0 -4 -2  0 1 0 0 0
-2 -4 -4 -4 -2 -4 -4 -4 -3  3  2 -4  0  4 -4 -3 -2 -2  0  2 1 0 0 0
-1  0  1 -1  0  1  1 -1  0  0 -1  0 -1  1 -2  0  1 -2  1  1 1 0 0 15
 1 -2  3 -1 -3 -1 -2  3 -2 -1 -3  0 -2 -3  2  1  0 -4 -3 -1 1 0 0 20
-1  1  0  3 -3  1  2 -2  0  0 -2  2 -2 -2 -2  0 -1 -3 -1 -1 1 0 0 55
 0 -2  3  4 -4 -1  1  3 -2 -4 -4 -2 -3 -4 -3  1 -2 -4 -4 -4 0 1 1 85
-1  0  1  2 -3 -2  0  5 -2 -4 -4 -2 -3 -4 -3  0 -1 -4 -3 -4 0 1 1 45
 0  2 -1  0 -3  0  1 -1  1 -2 -3  4 -2 -3 -2  0  1 -3 -2 -1 1 0 0 35
-2 -3 -3 -3 -2 -3 -3 -3 -3  4  2 -3  2 -1 -3 -2  1 -3 -2  2 1 0 0 0
 0  1  0 -2 -2  0 -1 -3  1  0  0  0  1 -1 -2  0 -1 -2  1  3 1 0 0 0
 0 -3 -3 -4 -2 -3 -3 -3 -3  3  3 -3  2  0 -3 -2 -1 -3 -2  2 1 0 0 0
-1  1  2  1  3 -1 -1 -3  2  0 -2  0 -1 -2 -3 -1  1 -3  0  1 1 0 0 10
 1 -3 -3 -3 -2 -2 -3  2 -3  1  2 -2  1 -2 -3 -1 -1 -3 -2  2 1 0 0 -5
-2  1 -2 -2 -2 -1 -2 -3 -1  0 -1  0 -1  3 -2  0  3  3  3 -1 1 0 0 5
-1 -2  3  4 -3 -1  0  0 -1 -3 -3 -1 -3 -3 -2  1  1 -4  0 -1 1 1 1 5
 1  1 -1 -2 -3  1  0 -1 -2 -3 -3  4 -2 -3 -2  0  1 -3 -3 -1 0 1 1 30
-1 -1 -1  0 -3  0  2 -3  1  1 -1  2 -1 -3 -2 -1  2 -3 -2  1 0 1 1 80
 0 -1  4  1 -3 -1  1 -1 -1 -2 -2  0 -2 -3  0  2  1 -4 -3 -2 0 1 1 60
-1  0  1  6 -4  1  2 -2 -2 -4 -4 -1 -4 -4 -3  0 -2 -5 -4 -4 1 1 1 0
 0  0  1 -1 -2  1  0  2 -1 -2 -1  1 -1  0 -1  1  0 -2 -1 -1 0 1 1 70
 0 -1  2  2 -2  0  1  2 -1 -2 -2  0 -1 -2 -1  0 -1 -1 -1 -1 0 1 1 70
 0 -1  2 -1 -1 -1 -1 -1 -1  1  1 -1  0  1 -1  0  0 -1 -1  0 1 1 1 10
 1 -1  1 -1 -2 -1  0 -1 -2 -1 -2 -1 -1 -2  1  2  3 -3 -2  0 1 1 1 65
 0  3  2 -1 -3 -1 -1  0 -1 -3 -3  1 -2 -3 -2  4  0 -4 -3 -3 1 1 0 55
-2 -2  6 -1 -3 -1  0 -2  1 -3 -4 -1 -3 -4  3  0  0 -4 -3 -2 1 1 1 30
-1  0  1  2 -2  0  0 -1 -2 -2  1  0  0 -2 -2  2  2 -3 -2 -2 1 1 0 20
-3 -4 -1 -4  1 -3 -4 -4 -1 -2 -1 -4 -2  6 -5 -3 -3  0  7 -1 1 0 0 -5
 0 -2 -1  1  1  1  1 -2 -2 -4 -4  0 -3 -4 -2  5  1 -4 -3 -3 1 0 0 10
-2 -3 -4 -4 -2 -1 -3 -4 -3  3  3 -1  0  1 -3 -3 -1 -3 -1  3 1 0 0 0
 0 -1  2  2 -3  1  3 -2 -1 -2 -1  0 -2 -3 -1 -1  1 -4 -3  0 1 0 0 30
-1 -4 -4 -4  1 -3 -4 -4 -4  3  2 -3  2  1 -4 -3 -1 -3 -2  4 1 0 0 10
 1 -3 -2 -2  2 -2 -1  5 -3 -3 -2 -2 -2 -3 -1  0  1 -4 -3 -1 1 0 0 25
-1 -2  1  4 -4  0  4  1 -2 -4 -4 -1 -3 -4  2 -1 -1 -4 -4 -3 1 0 0 60
 1 -2  0 -3  4 -2 -2 -3  2 -2 -2 -2 -2  0 -3 -1  3 -1  5 -2 1 1 1 15
-1 -2  1  4 -3  0  3 -1 -1 -2 -2 -1 -2 -3  0 -1  0 -3 -2 -1 1 1 1 90
 1 -2 -1 -1 -2 -1 -1  4 -2  0 -2 -2 -1 -2 -2  1  0 -2  0  1 1 1 1 45
 0 -2  2  3 -2 -1  0 -2 -2 -2 -1 -1 -2 -3 -1  0  3 -3 -2 -2 1 1 0 85
 1 -1  3  0 -2  0  0  1  0 -2 -2  0  0 -1  0  1  1 -3 -2 -2 1 1 1 30
-1 -1  2  4 -4  0  3 -2 -1 -3 -3  1 -3 -4  0 -1  0 -4 -3 -1 1 1 1 55
-1 -4 -4 -5 -4 -5 -5 -1 -3 -2 -1 -4 -2  8 -5 -4 -4 -1  3 -3 1 0 0 0
-1 -1  4  2  4 -1  1 -1  1 -3 -3  2 -2 -1 -3  1 -1 -4 -2 -2 1 0 0 25
-3 -4 -4 -5 -3 -4 -4 -5  0  1  1 -4  3  7 -5 -4 -3 -1  4 -1 1 0 0 0
-2  0 -1  0  4 -2 -2 -3 -1  2 -1 -1 -1  2  0 -2  0 -3 -1  1 1 0 0 0
-2 -4 -4 -4 -2 -3 -4 -4 -3  4  2 -4  2  4 -4 -3 -2 -2  0  2 1 0 0 -5
-1  1  4  2 -4  1  0 -2  1 -4 -4  4 -3 -4 -2  1 -1 -4 -3 -3 1 0 0 30
-2 -3 -3 -4 -2 -2 -3 -4 -3  4  2  0  5 -1 -3 -1 -1 -3 -2  3 0 0 0 10
 1  0 -1  2 -4  2  4  0 -1 -3 -3  1 -2 -4 -2 -1 -1 -4 -3 -2 0 0 0 55
-3  0  7 -1 -4 -2 -2 -2  3 -5 -5 -2 -4 -4 -4 -1 -2 -5 -1 -5 0 0 0 5
-2 -3 -4 -5 -3 -3 -4 -5 -4  2  4 -3  6 -1 -4 -3 -2 -3 -2  1 1 1 1 5
-2  2  1 -2 -4  1 -1 -3 -2 -3 -3  6 -2 -4 -2  0  0 -4 -3 -1 1 1 1 35
-2  0 -4 -4 -2 -2 -3 -4 -3  3  3 -3  5  2 -4 -3 -2 -2 -1  1 1 1 1 0
-2 -3 -3 -3 -2  0 -3 -4 -1  3  2 -2  2 -1  2 -2 -1 -3 -1  2 1 1 1 15
 0 -2  1  1 -3  0  1 -2 -2 -1 -3 -1 -2 -4  5  0 -1 -4 -3  1 1 1 0 80
 1 -2 -1  1 -3  0  0  5 -2 -4 -4 -2 -3 -4 -2  1  1 -4 -3 -3 1 1 0 20
-2 -2  3  6 -4 -1  0 -1 -2 -4 -5  0 -4 -5 -3  0  0 -5 -4 -4 1 1 1 65
-4 -4 -4 -5 -4 -3 -4 -5  0 -3 -3 -4 -3  2 -5 -3 -1  0  9 -3 1 0 0 0
-2  0  2  2 -3  0  0 -2  1 -1 -3  4 -2 -3 -2  0  1 -4 -3 -1 1 0 0 45
-2 -4 -4 -5 -2 -4 -4 -5 -4  3  2 -4  0 -2 -4 -3 -2 -4 -2  5 1 0 0 0
 0  1  0 -1 -2  0  0 -2 -2 -1  0  3  3 -2 -2  1  1 -3 -2  0 1 0 0 10
-1 -4 -4 -4  1 -3 -4 -4 -4  5  2 -4  0  1 -4 -3 -2 -3 -2  2 1 0 0 0
 0 -1 -1 -2  2 -1 -2 -2  3 -1 -3  0 -2  1 -2  4 -1  6 -1 -2 1 0 0 20
 3  0 -1 -2 -2  0 -1 -1 -1 -2 -2  3 -2 -2  0  1  0 -2  0 -2 1 0 0 0
 1  0  1 -1 -2  2  2 -1  4 -3 -2  2 -2 -3 -1  0  0 -3 -1 -2 1 0 0 40
-1 -1  2  1 -3 -1  0  4 -2 -2 -1 -1  1 -3 -2  0  0 -3 -3 -2 0 1 1 65
 0  1  0  0  0  1  1 -1 -1  0 -1  1 -1 -1 -1  1  0 -2 -1 -1 0 1 1 95
-1  2  0 -1 -2  1  0 -1 -1 -1 -1  2  2 -2 -1  1  0 -2 -1 -1 1 0 0 60
-1  0  0 -1 -1  1  0  0 -1  0  0  0  0  1 -1  0  0 -1  0  0 1 0 0 15
 4 -2  0 -3 -2 -2 -2 -2 -2  0  0 -2 -1  1 -2 -1 -1  1 -2  1 1 0 0 10
 3 -2 -2 -2 -2 -2 -2 -2 -2  0 -2  0 -1  2 -2  2  1  3 -1  0 1 0 0 -5
-2  3 -1 -2  4  3  0 -3 -1 -3 -1  3 -2 -3 -2  0 -2  3 -2 -3 1 0 0 15
-3 -4 -4 -4 -3 -4 -4 -4  2 -1  0 -4 -1  7 -4 -1 -3 -1  1  0 1 0 0 0
 0  0  0  1 -3  3  4 -2 -1 -3 -2  1 -2 -4 -2  1  1 -4 -3 -2 1 0 0 30
 0 -3  1  1  1 -2 -2  5 -2 -4 -4 -2 -3 -4 -3  3  0 -4 -4 -3 1 1 1 15
 1 -1 -1  1  0  0  2 -1 -1 -1 -1  1 -1 -3  0  1  0 -3 -2 -1 1 1 0 90
-1 -2  4  1 -3  1 -1  1  1 -3 -3 -1 -2  0 -2  1  3 -3 -2 -2 1 1 0 40
 2 -3 -3 -3 -2 -2 -3 -3 -3  3  2 -2  0 -1 -3  1  0 -3 -2  2 1 0 0 0
 0  0  2 -1  0  0  1 -2 -1 -3 -2  2 -2 -3 -2  2  2 -3 -2 -2 1 0 0 10
-3 -3 -4 -5 -4 -3 -4 -5  3  0 -1 -4 -2  1 -5 -3 -3  0  9 -2 1 0 0 0
-2 -3 -4 -4 -2 -3 -4 -4 -2  2  1 -3  1  4 -4 -3 -2  2  4  3 1 0 0 15
-2 -4 -4 -4 -2 -4 -4 -3 -4  6  1 -4  0  1 -4 -3 -2 -4 -2  3 1 0 0 0
 4 -3 -2 -3 -2 -2 -2  1 -3 -2 -2 -2 -2 -3 -2  2 -1 -4 -3  1 1 0 0 35
-2 -3 -4 -4  2 -3 -4 -4 -4  2  4 -3  4 -1 -4 -3  0 -3 -2  2 1 1 1 5
-2 -1  1  3 -5  2  6 -3 -1 -5 -4 -1 -3 -5 -3 -1 -2 -4 -4 -4 1 1 1 30
 2 -1 -2 -1 -3  0 -1 -2 -2 -2 -1  2 -2 -3  5  0  0 -4 -3 -2 0 1 1 90
 0 -1  3  4 -3 -1  0  0 -2 -3 -4  0 -3 -4 -2  2  1 -4 -3 -3 0 1 1 50
 0 -2  2 -1 -2 -1 -1 -1 -2 -3 -2 -1 -2 -3 -2  5  1 -4 -3 -2 1 1 1 10
 0 -1 -1 -1 -2 -1 -1 -2 -2 -2 -2  2 -2 -3 -2  3  4 -4 -2 -1 1 0 0 55
-3 -2 -1 -3 -4 -1 -2 -3  7 -3 -2 -2 -2  4 -4 -2 -3  4  5 -3 1 0 0 20
-1 -1  3  4 -3  0  2  2 -1 -4 -4 -1 -3 -4 -2  1 -1 -4 -3 -3 1 1 1 45
-3 -3 -4 -4 -3 -4 -4 -4 -2 -1  0 -4  0  7 -4 -3 -3  1  3 -1 1 1 1 45
