-3 -3 -3 -4 -4 -3 -3 -4  4 -3 -2 -3 -2  3 -4 -3 -3  1  8 -3 1 1 1 90
 5 -3 -2 -3 -2  0 -2  0 -3 -3 -3 -2 -2 -4  3  1 -1 -4 -3 -2 1 1 1 45
-1 -3 -3 -2 -4 -2  2 -2 -3 -4 -5 -1 -4 -5  8 -2 -3 -5 -4 -4 1 1 1 30
 0 -3 -1  1 -3 -2 -1 -2 -3 -4 -4 -2 -3 -4 -3  6  2 -5 -4 -3 1 1 1 5
 4  2 -2 -2 -2  0 -1  0  0 -2 -3 -1  0 -3 -2  1  1 -4 -3 -1 1 0 0 40
-3 -4 -5 -2 -3 -4 -4 -5 -4  1  5 -4  3  0 -5 -4 -3 -3 -3  0 1 0 0 5
-2  0 -1 -3 -2 -1 -3 -4 -3  0  1 -1  1  1 -3 -2  2 -3  1  4 1 0 0 45
-3 -4 -5 -5 -3 -4 -5 -5 -5  1  5 -4  0  2 -5 -4 -3 -3 -2  2 1 0 0 0
-1 -3 -1 -3 -3 -3 -2 -2 -4 -3 -4 -3 -3 -4 -3  3  6 -5 -4 -2 1 0 0 20
-2 -4 -4 -5 -3 -4 -4 -3 -4  3  1 -3  0 -2 -2 -3  0 -4  0  5 1 0 0 0
 1  0 -1  1 -2  0  0  2  0 -1 -3 -1 -2 -3 -2  1  2 -3 -2 -2 1 0 0 0
-1  2  0  1 -3  2  1  0  3 -2 -2  1 -2 -3 -1 -1 -1 -1 -1  0 1 0 0 35
 0 -1 -1 -2 -3 -2 -2  5 -1 -3 -3 -2 -3 -3 -1  1  0 -3 -3 -3 1 1 0 20
 0  0 -1  2 -3  1  3  1  1 -3 -2 -1 -2 -3 -2  0  0 -3 -2 -2 1 1 0 60
 1 -1  1  3 -2  0  0  1 -2 -3 -3  0 -2 -3 -2  3  1 -3 -3 -2 1 1 0 30
 3  2 -2 -2 -3 -1 -1  2 -2 -2 -3 -1 -2 -3  2  0  0 -4 -3 -1 0 1 1 40
 2  0  0  2 -2 -1  0  1 -2 -2 -1 -1 -1 -3  2  1  1 -3 -2 -1 0 1 1 80
 1 -1  0  2 -2  0  0  0 -2 -2 -2 -1 -2 -3  0  1  3 -3 -1 -1 1 1 0 75
 2  0  0  2 -2  0 -1  1 -2 -2 -2 -1 -2 -3 -1  1  1 -3 -3  0 1 1 0 5
 2 -2 -1 -1 -2 -1 -1  3 -1 -2 -1 -2 -2 -3 -1  0  3  0 -1 -1 1 1 1 65
-1 -1 -2 -1 -2  0  2  0 -2  0 -2 -1 -1 -1  3 -1  0  4 -1  1 1 1 1 60
 0  0 -1 -1 -2  1  2 -1  0  0  0 -1  0  0  0  0  1 -2  1 -1 1 1 1 55
-1  6 -2 -2 -4 -1  0  1 -2 -4 -3  0 -3 -4 -3  0 -2 -4 -1 -3 1 0 0 30
 4  0 -1 -2 -2 -1  0  1 -1 -1 -2 -1 -2 -3 -2  1  0 -3 -2  0 1 0 0 60
 1 -3 -3 -1 -2 -3 -3 -3 -3  1 -1 -3 -1 -1 -3 -2  1  1  1  5 1 0 0 10
-2  0 -2 -3 -3 -1 -1 -3  0 -2  1 -2 -2 -2 -3  0  5 -3 -3  1 1 0 0 40
-3 -4 -5 -5 -3 -4 -5 -5 -5  0  6 -4  0 -2 -5 -4 -3 -4 -3 -1 1 0 0 0
-1  1  0  0 -2 -1  0 -2 -1 -1 -1 -1 -1 -3 -2  2  4 -3 -1  0 1 0 0 25
-3 -6 -5 -6 11 -6 -6 -5 -6 -2 -4 -6 -4 -5 -5 -4 -4 -5 -5 -4 1 1 1 15
 2  0 -1  3 -3  0  1  0  3 -3 -3 -1 -1 -3  1  0  0 -4 -1 -3 1 1 0 15
-1 -4 -4 -3 -5 -4 -3 -4 -4 -5 -5 -3 -5 -5  8 -3 -3 -5 -2 -4 1 1 0 95
 0  1 -1  1 -2  0 -1  0 -1 -1 -2  0 -1 -2  1  1  2 -2 -2  1 1 1 0 35
 3  0 -2 -2 -2 -1  0 -1  0 -2 -2 -1 -2 -2  4  0 -1 -3 -2 -2 1 1 1 50
 1  0 -2 -2 -3  0  0  5 -2 -4 -4 -2 -2 -4 -3  2  0 -4 -2 -3 1 0 0 45
-2 -4 -2 -3 -4 -3 -4  7  1 -5 -5 -3 -4 -5 -4  0 -3 -4 -4 -5 1 0 0 45
-2  0  1  1 -3 -2 -1 -3 -3 -3 -2 -2 -2 -2 -2  2  5 -4 -3 -2 1 1 0 60
-4 -3 -2 -4 -6 -3 -3 -5 11 -6 -5 -4 -4 -4 -5 -4 -4 -5  0 -6 1 1 1 5
 0 -2 -4 -4 -5 -2 -3 -3 -4 -5 -5 -3 -5 -6  8 -1 -3 -6 -5 -4 0 1 1 75
 2  2  1  4 -4  0  0 -2  3 -4 -4  1 -1 -2 -3  1 -1 -4 -1 -3 0 1 1 20
 4 -1 -4 -4 -4 -3 -1 -1 -4 -4 -4 -3 -4 -5  6 -1 -1 -5 -4 -3 0 0 1 15
 3  0 -1  2 -3  1  2  0 -1 -2 -3  0 -2 -2 -1  0 -1 -1 -1 -1 0 0 1 50
 3  0 -2  0  1  2  1  2 -2 -3 -3  0 -2 -4 -3  1  0 -4 -3 -2 0 0 1 45
 7 -4 -4 -4 -3 -3 -3 -2 -4 -4 -4 -3 -3 -5 -3 -1 -3 -5 -4 -2 0 0 1 -5
-3 -6 -5 -6 11 -5 -6 -5 -5 -4 -4 -5 -4 -5 -5 -4 -4 -5 -5 -4 0 0 1 5
 5  1 -2  0  1 -1  0 -1 -3 -3 -3 -1 -3 -4 -3  0 -1 -4 -3 -1 0 0 1 50
 2  0 -1  1 -3  2  4 -2 -2 -3 -1 -1 -2 -4 -3 -1 -1 -4 -3 -1 0 0 1 15
-2 -4 -5 -5 -3 -4 -2 -5 -5  0  6 -4  1 -2 -5 -4 -3 -4 -3  0 0 0 1 0
 1  3  0  3 -3 -1  2 -1  0 -1 -2  0 -2 -4 -3  0  1 -4 -3 -2 0 0 1 50
 4  2 -1  0 -3  0  1  0 -2 -3 -3  0 -3 -4 -1  0 -1 -4 -3 -2 0 0 1 75
 3 -2 -1 -2 -3 -1 -1 -2 -2  0 -2 -3 -1 -3 -3  0  0 -4 -3  4 0 0 1 30
 0 -1  1  3 -4  1  0  4  1 -4 -4 -2 -3 -4 -2 -1  0  1 -2 -4 0 1 1 50
-1 -4 -3  0 -5 -2 -4  7 -4 -6 -6 -2 -5 -3 -5 -2 -4 -5 -5 -5 0 1 1 10
-2  2  1  5 -5 -1  0  0  1 -4 -3  1 -2 -4 -1 -1 -1 -5 -2 -4 1 1 1 50
-3 -2 -2  1 -3 -3 -2 -3 -3  1  2 -3  0  5  3 -3 -3 -3 -1  1 0 1 1 5
 1 -1  0  3 -3 -1  0  0 -2 -1 -2 -1 -2  0  1  1  1 -3 -2 -2 0 1 1 75
 3  3 -1 -1 -3 -1  0 -2 -2 -3 -1  1 -2  2  0  0 -2 -3 -2 -2 1 1 1 40
 1 -3 -4 -4 -2 -3 -3 -3 -3  2  4 -3  2 -1 -3 -2 -2 -3 -2  1 1 1 1 10
 1  1 -2  0 -3  0 -2 -1 -2 -1 -1  0 -2 -3  5  0  1 -3 -3 -1 1 1 1 80
 1  1 -2 -1 -3 -2  1 -2 -2 -2 -3 -1 -2 -3  4 -1  0 -4 -2  2 1 1 1 15
 1  1  0  2 -3 -1 -1  2  1 -2 -2  0 -2 -3  3  0  0 -4 -3 -1 1 1 1 30
 0  1 -2  1 -4  2  2 -2 -1 -3 -4  1 -3 -4  5  1  0 -4 -3 -3 1 1 0 65
-1 -1  1  5 -4  1  1  2  0 -4 -3 -2 -3 -3  1 -1 -2  0 -3 -4 1 1 0 55
 2  3 -2 -3 -3  2 -1  0 -1 -2 -2  0  0 -3 -2  0  0  2 -2  1 1 0 0 20
 1 -3  0 -2 -2 -1 -2 -2  1  1  1 -2  4  0  2 -2  0 -1  0  1 1 0 0 15
-3 -7 -6 -7 11 -6 -7 -6 -6 -5 -5 -6 -5 -6 -6 -4 -2 -6 -6 -4 1 1 1 0
 0 -2 -1 -3 -4 -3 -3 -4 -4 -3 -4 -3 -3 -3  4  1  6 -5 -4 -1 1 1 1 15
-2  2 -3 -1 -4  2 -1 -2 -3 -2  0  2  7  0 -1 -1 -2 -3  0 -2 1 1 1 25
-2  0 -2 -1 -4  4  3 -3  1  2  0 -1  0 -3 -3 -2 -2 -4 -2  1 1 1 1 25
-4 -4 -3 -5 -5 -2 -4 -1  2 -4 -2 -4 -3  2 -5 -3 -4  7  8 -1 1 1 1 40
 2  1  1  4 -4  0 -1  3 -2 -4 -3 -1 -2 -4 -3  0 -2 -4 -4 -3 1 1 1 50
-3 -2 -3 -3 -6  0 -3 -4 -5 -6 -6 -4 -5 -7  8 -1 -4 -7 -6 -5 1 1 1 10
 2 -3 -4 -4 -3 -1 -2 -4 -1  1  0 -4 -1 -3 -4 -2 -1 -5 -3  5 1 0 0 0
-1  1 -3 -2 -3 -3 -3 -3 -4 -1 -2 -1 -2 -4 -4 -1  6 -5 -4  3 1 0 0 0
 5 -4 -4 -5 -3 -4 -4 -3 -5  0 -1 -4 -2 -4 -4 -2 -2 -5 -4  4 1 0 0 -5
-1  3 -2 -2 -3  0 -1 -3  4 -2 -3 -1 -3 -4 -3  1  5  0 -2 -1 1 0 0 10
 4 -4 -4 -4 -1 -3 -4 -3 -4  1  0 -3  0 -3 -4 -1 -2 -5 -3  4 1 0 0 0
-2  1 -1  2 -3  0  2 -3  2 -2 -2  0 -2 -3 -3  1  3 -4  0 -1 1 0 0 40
-3 -5 -3 -4 -5 -5 -5  7 -5 -7 -7 -4 -6 -6 -5 -3 -4 -5 -6 -6 1 0 0 30
-1  0 -2 -2 -3  0 -1 -4  1  1  0 -2  0 -3 -3  0  4 -4 -1  3 1 0 0 20
-5 -6 -6 -7 -5 -5 -6 -6 -1 -3 -4 -6 -4 -1 -6 -6 -5 12  2 -2 1 0 0 20
 0  3  2  2 -4  3  1  1  1 -4 -3  0 -3 -4 -3 -1 -2 -4 -2 -3 0 1 1 60
-2 -5 -1 -2 -5 -4 -4  7 -4 -6 -6 -4 -5 -5 -2 -3 -4 -5 -5 -5 0 1 1 55
-1  5 -2 -3 -4  2  0 -3  1 -4 -4  3 -3 -4 -3 -1  1 -4 -3 -1 1 0 0 70
-1  4 -2 -1 -4  1  0 -3  0 -4 -4  1 -3 -2  5  0 -1 -4  1 -2 1 0 0 85
-3 -2 -5 -5 -3 -4 -2 -5 -5  2 -1 -4 -1 -2 -5 -2  0 -5 -3  6 1 0 0 15
 1 -1  1  4 -3  0  0 -2  0 -4 -4 -1 -3 -4 -3  3  1  2 -3 -3 1 0 0 75
 1 -4 -4 -5 -4 -2 -3 -4  0 -3 -2 -4 -3  4 -5 -3 -1  8  6 -3 1 0 0 10
 0  3  1  0 -4  1  4 -3  0 -4 -3  0 -3 -4 -3  1  2 -4 -3 -3 1 0 0 50
-2  4 -2 -2 -4  1  1 -3  5 -3 -2  1 -2  2 -3 -2  1 -3  2 -2 1 0 0 35
-1 -2  0  0 -3 -1  1 -4 -3 -3 -3 -2 -3 -4 -3  1  6 -5 -4 -2 1 0 0 45
-4  3 -4 -5 -5 -4 -4 -5 -2 -3 -2 -2 -3  7 -5 -4 -4 -1  5 -2 1 0 0 0
 3  2 -1 -1 -3 -2 -2  2 -3 -3 -2 -1 -3 -4  2  2  0 -4 -3 -2 1 1 0 10
-4 -3  8  2 -6 -3 -3 -3 -2 -6 -6 -3 -5 -6 -5 -2 -3 -7 -5 -6 1 1 0 5
 1  1 -1 -1 -3  1  2  3 -2 -4 -4 -1 -3 -4  2  1 -1 -4 -3 -3 0 0 1 30
-2 -7 -6 -7 11 -6 -7 -6 -6 -5 -5 -6 -5 -6 -6 -2 -4 -6 -6 -4 0 0 1 10
-2 -2 -3 -2 -4  1  4 -2 -3 -1 -1 -2  0 -1 -3 -2  0  1 -3  4 0 0 1 5
 1 -2 -4 -4 -3 -3 -4 -4 -4  3  3  1  6 -2 -4 -3 -2 -4 -3 -1 0 0 1 -5
 1  1  2  2 -3  0  0  1  0 -3 -2  1 -2 -2 -2  1  0 -3 -2 -1 0 0 1 30
 3  4 -1 -2 -3 -1 -1 -1 -2 -3 -3  1 -1 -4 -3  1  0 -4 -3 -1 0 0 1 10
 1  2 -1 -1 -3  1  1  0  1 -3 -2 -1 -2 -2 -3 -1  1  5  1 -1 0 0 1 10
-1 -2  0  1 -3 -2 -1  1 -3 -3 -2  0 -3 -4 -1  1  5 -4 -4 -1 0 1 1 10
 0  2  2 -1 -4 -2 -3  5 -3 -5 -5 -1 -3 -5 -3  0  0 -4 -4 -4 0 1 1 65
 2 -2 -2  1 -2 -1 -1  1 -2 -1  0 -1  1 -3  1  2  0 -3 -2  0 0 1 1 5
-2 -5 -5 -6 -3 -4 -5 -5 -5  1  2 -5 -1 -3 -5 -4 -2 -5 -3  6 1 0 0 0
-5 -5 -6 -6 -5 -6 -6 -6 -4 -3 -2 -6 -3  9 -6 -5 -5 -2  3 -4 1 1 0 0
 4  1 -1  2 -3 -1  0  0  1 -3 -3 -1 -3 -4 -2  1  0 -4 -3 -2 1 1 1 30
-4 -5 -5 -6 -5 -5 -6 -6 -4  1  1 -5 -2  8 -6 -5 -4 -2  0 -3 1 1 1 10
