-1 -1 -1 -1 -1 -1 -1 -1 -1 -1 -1 -1 -1 -1 -1 -1 -1 -1 -1 -1 1 1 1 90
-1  1  0  0 -3  6  2 -2  0 -3 -2  1  0 -4 -1  0 -1 -2 -2 -2 1 1 1 85
 1 -1  0 -1 -1  0  0 -1 -1 -2 -2  0 -1 -3 -1  4  3 -3 -2 -1 0 0 1 15
-2 -2 -4 -4 -1 -2 -3 -4 -3  2  4 -3  2  0 -3 -3 -1 -2 -1  1 0 0 1 70
 4 -2 -2 -2  0 -1 -1  0 -2 -1 -2 -1 -1 -2 -1  1  0 -3 -2  0 0 0 1 55
-2 -1  6  1 -3  0  0  0  1 -4 -4  0 -2 -3 -2  1  0 -4 -2 -3 0 0 1 45
 4 -2 -2 -2  0 -1 -1  0 -2 -1 -2 -1 -1 -2 -1  1  0 -3 -2  0 0 0 1 0
 0 -1  0 -1 -1 -1 -1 -2 -2 -1 -1 -1 -1 -2 -1  2  5 -3 -2  0 0 0 1 55
 4 -2 -2 -2  0 -1 -1  0 -2 -1 -2 -1 -1 -2 -1  1  0 -3 -2  0 0 0 1 50
 4 -2 -2 -2 -1 -1 -1  0 -2  0 -1 -1 -1 -2 -1  1  0 -3 -2  1 0 0 1 0
-1  1  0  0 -3  6  2 -2  0 -3 -2  1  0 -4 -1  0 -1 -2 -2 -2 0 0 1 45
-1  1  0  0 -3  6  2 -2  0 -3 -2  1  0 -4 -1  0 -1 -2 -2 -2 0 0 1 45
-1  0  2  4 -4  3  3 -2  0 -3 -3  0 -2 -4 -2  0 -1 -3 -2 -3 0 0 1 55
 0 -3 -3 -4 -1 -2 -3 -4 -3  3  1 -3  1 -1 -3 -2  0 -3 -1  4 0 0 1 10
-2 -2 -4 -4 -1 -2 -3 -4 -3  2  4 -3  2  0 -3 -3 -1 -2 -1  1 0 0 1 65
-1  0  0  2 -4  2  6 -2  0 -4 -3  1 -2 -4 -1  0 -1 -3 -2 -3 0 0 1 60
 4 -2 -2 -2  0 -1 -1  0 -2 -1 -2 -1 -1 -2 -1  1  0 -3 -2  0 0 0 1 15
 2 -1  0 -1 -1  0 -1 -1 -1 -2 -2 -1 -1 -3 -1  3  3 -3 -2 -1 0 0 1 35
-2 -2 -2 -3 -3 -2 -2 -3  2 -2 -1 -2 -1  3 -3 -2 -2  2  7 -1 0 0 1 65
 4 -2 -2 -2  0 -1 -1  0 -2 -1 -2 -1 -1 -2 -1  1  0 -3 -2  0 0 0 1 30
-1 -2 -2 -3 -2  0 -2 -3 -2  1  2 -2  6  0 -3 -2 -1 -2 -1  1 0 0 1 10
 0 -3 -3 -4 -1 -3 -3 -4 -4  3  1 -3  1 -1 -3 -2  0 -3 -1  4 0 0 1 55
-1  1  0  0 -3  6  2 -2  0 -3 -2  1  0 -4 -1  0 -1 -2 -2 -2 0 0 1 45
-2  0  1 -1 -3  0  0 -2  8 -4 -3 -1 -2 -1 -2 -1 -2 -3  2 -4 0 0 1 5
-1 -3 -3 -4 -1 -3 -3 -4 -4  3  1 -3  1 -1 -3 -2  0 -3 -1  4 0 0 1 35
 4 -2 -2 -2  0 -1 -1  0 -2 -1 -2 -1 -1 -2 -1  1  0 -3 -2  0 0 0 1 30
-1  2  0 -1 -3  1  1 -2 -1 -3 -3  5 -2 -3 -1  0 -1 -3 -2 -3 0 0 1 45
 0 -3  0 -1 -3 -2 -2  6 -2 -4 -4 -2 -3 -3 -2  0 -2 -3 -3 -4 0 0 1 0
-1 -3 -3 -4 -1 -3 -3 -4 -4  4  1 -3  1  0 -3 -2 -1 -3 -1  3 0 0 1 65
-2  6  0 -2 -4  1  0 -3  0 -3 -2  2 -2 -3 -2 -1 -1 -3 -2 -3 0 0 1 60
-1 -3 -4 -3 -1 -3 -4 -4 -4  4  2 -3  1  0 -3 -3 -1 -3 -1  3 0 0 1 35
-2 -2 -4 -4 -1 -2 -3 -4 -3  2  4 -3  2  0 -3 -3 -1 -2 -1  1 0 0 1 45
-1  0  0  2 -4  2  6 -2  0 -4 -3  1 -2 -4 -1  0 -1 -3 -2 -3 0 0 1 55
 4 -2 -2 -2  0 -1 -1  0 -2 -1 -2 -1 -1 -2 -1  1  0 -3 -2  0 0 0 1 45
-2  6  0 -2 -4  1  0 -3  0 -3 -2  2 -2 -3 -2 -1 -1 -3 -2 -3 0 0 1 50
 0 -3 -3 -4 -1 -2 -3 -4 -3  3  1 -3  1 -1 -3 -2  0 -3 -1  4 0 0 1 45
 4 -2 -2 -2  0 -1 -1  0 -2 -1 -2 -1 -1 -2 -1  1  0 -3 -2  0 0 0 1 35
-2  6  0 -2 -4  1  0 -3  0 -3 -2  2 -2 -3 -2 -1 -1 -3 -2 -3 0 0 1 75
 0 -3 -3 -4 -1 -2 -3 -3 -3  3  1 -2  3 -1 -3 -2  0 -3 -1  4 0 0 1 85
-1  0  0  2 -4  2  6 -2  0 -4 -3  1 -2 -4 -1  0 -1 -3 -2 -3 0 0 1 70
 4 -2 -2 -2  0 -1 -1  0 -2 -1 -2 -1 -1 -2 -1  1  0 -3 -2  0 1 1 1 95
-1 -1 -1 -1 -1 -1 -1 -1 -1 -1 -1 -1 -1 -1 -1 -1 -1 -1 -1 -1 1 1 1 90
