-3 -4 -4 -5 -3 -3 -4 -5 -4  2  2 -4  9 -2 -5 -4 -3 -4 -3 -1 1 1 1 60
 3  1 -2  1 -3 -1  2 -1 -2 -3 -3 -1 -3 -4  2  1  0 -4 -3 -2 1 1 1 95
-1 -4 -5 -5 -3 -4 -4 -4 -4  2  3 -4  3  2 -4 -3 -2 -3  1  4 1 1 1 55
-2 -2  4  2  0  0  1 -1 -2 -3 -3 -2 -3 -3 -1  2  2 -4  1 -2 1 1 1 50
-1  0 -2 -1  2  2  5 -2 -3 -4 -1  1 -3 -4 -2  2 -2 -5 -4 -2 0 0 1 50
 0 -1  3  1 -4  1  2 -1  3 -4 -2  1 -3 -4 -1  2 -1  0 -3 -3 0 0 1 60
 0  0 -1  1 -5  3 -1 -2 -3 -3 -3  0 -4 -3 -3 -1  1  9  0 -4 0 0 1 50
-3 -3 -6 -6 -4 -5 -6 -6 -6  3  5 -5 -1 -3 -6 -4 -4 -5 -4  1 0 0 1 0
-1  3  0 -1 -4  2 -2 -2  2 -1 -2  2 -2  2 -3 -1 -1 -3  3 -2 0 0 1 45
-1  3  2 -1 -4  3  0 -3  0 -3 -4  3 -1 -4 -3  1 -1 -5 -2 -4 0 0 1 75
-1  0 -1 -4  2 -1 -2 -3  1  1  1 -2  3  0 -3 -2 -1  0  1  3 0 0 1 20
-2 -2 -5 -5 -4 -2 -5 -4 -5  3  5 -4  1  2 -5 -3 -2 -4 -3  0 0 1 1 0
 0  1 -2 -2 -1  3 -1  1 -1 -4 -3  0 -3 -5  2  3  0 -5 -3 -3 0 1 1 50
-2  1  2 -3 -2  2  0 -2  0 -3 -4  4 -1 -5  4 -1 -3 -5 -2 -2 0 1 1 85
-2 -6 -6 -7 -7 -3 -6 -3  1 -4 -5 -6 -5  0 -7 -6 -2 -2 10 -5 1 1 1 0
-1  3  0 -1 -2  2  0 -4  3 -1 -2  3 -3 -2  0 -1  0 -4  0 -3 1 1 0 65
-2 -4  3  4 -5  1 -1 -4  3 -5 -2 -2 -4  3 -5 -3 -4  2  5 -5 1 1 0 40
-1  3 -1 -3  0 -2 -2 -3  3 -3 -3  3 -2 -1  5 -2 -3 -5 -1  0 0 0 1 45
-1  0  2  5 -5  1  1 -3  0 -5 -3  0 -2 -3 -2  0 -1  4 -1 -3 0 0 1 65
-2  4 -2 -3 -4  0 -1 -4 -2  0  2  0  2 -2 -3 -1  0 -4 -2  0 0 0 1 40
 1 -5 -4 -5  1 -4 -5 -5 -5  3 -2 -3  0 -4 -5 -2  5 -6 -5  4 0 0 1 0
 0  2 -3 -2 -2  0 -1 -4  0  1 -1  2 -1  2 -3 -2 -2 -3  4  1 0 0 1 5
-1  3  3  0 -1  2  1 -3  2 -3 -4  2 -3 -5 -4 -1  1 -5 -2 -3 0 0 1 50
-5 -5 -1  6 -7  1  4 -4  5 -7 -7 -4 -6 -7 -5 -4 -5 -7 -5 -7 0 0 1 10
 0 -5 -5 -6 -2 -5 -5 -5 -2  4  3 -5  0 -2 -5 -2  0 -5 -4  4 0 0 1 0
 1  0 -2 -1 -3  1  0 -3 -3  0  1  0  2 -1 -3 -1  1 -3  0  1 0 0 1 20
 1  1  3  1 -1  2  0 -1  1 -3 -2  0 -3 -3 -2  1  0 -4 -2 -2 0 0 1 30
 1 -4 -5 -5  1 -4 -3 -5 -5  2  3 -4  0  2 -4 -2 -1 -4 -3  4 0 0 1 0
-1 -3 -1 -4  0 -1 -3 -5  0  1  4 -4  0  1 -4 -1 -1 -1 -1  1 0 0 1 15
 0  2  2  0 -4  2  0 -2 -1 -2 -2  1 -1 -2 -3  2  1 -4  0 -2 0 0 1 55
 0  1  2 -1 -1  2 -1 -2  3  0 -1  0 -1 -1 -3  1  0 -4 -1  0 0 0 1 50
-6 -4 -2 -7 -1 -4 -6 -5  3 -2 -2 -6 -4  5 -3 -3 -4 -3  8 -3 1 1 1 10
-3  2 -2 -3 -6  0 -2 -4  3 -5 -4  3 -5 -3  6 -2 -1 -6 -2 -4 0 1 1 80
-1 -2  2  3 -2 -1  0  1  2 -4 -3  0 -3 -4 -3  2  1 -4 -2 -3 0 1 1 40
-5 -5 -6 -6 -5 -5 -6 -6 -5  0  6 -5  2  3  0 -5 -4 -4 -4 -1 1 0 0 0
-1  2  0 -2 -4  2  0 -2  1 -1 -2  2 -2  0  0  2  1 -4 -3 -1 1 0 0 60
-1 -5  0 -5  2 -4 -2 -5 -1  0 -1 -4 -4  1  6 -3 -2  0  2  1 1 0 0 10
 0  3  0 -1  2 -1 -1 -1  0  0 -2  2  0 -1  0  1  0 -4 -1  0 1 0 0 30
-1 -1 -1 -2  0 -1 -1 -4 -1  0  1 -1  4 -1 -1  0  3 -4 -1  1 1 0 0 35
 1  0  0  4  1  1  2  1 -3 -2 -2 -1 -3 -4 -3  1 -2 -4 -4 -3 1 0 0 45
-1  2  0 -1 -3  0  1 -1  2  0 -1  0 -2 -1  1  0  2 -3  0  0 1 0 0 40
 0 -2  1 -2 -2  1 -2  0  2  0  0  0  2  1 -3 -1 -2  4  2  0 1 0 0 30
-1 -2 -1 -3  0 -2 -2 -4 -2  0 -1 -2  0  0 -2 -1  5 -4  1  3 1 0 0 45
-2  0 -1  0  1 -2 -1 -3  5 -2 -1 -3 -1  5 -4  1 -2 -2  3 -2 1 1 1 35
-2 -1  4  1 -4  0  1 -1 -1 -2 -4  1 -2 -1  3  1 -1 -4  0 -3 0 1 1 80
-2 -3  3  6 -5 -1 -2 -2 -2 -1 -4 -1 -4 -5 -3  0  0 -5 -3 -3 0 1 1 80
-2 -3  1 -1 -1 -4  0  6 -2 -4 -5 -3 -5 -5 -3  0 -3 -5 -2 -5 1 1 0 60
 0  3  0 -2 -3  0 -1 -1  1  1 -3  0 -2 -2 -3  2  2 -1 -2 -1 1 1 1 55
 0  2 -1 -2 -2  1  0 -1  0 -2 -2  0 -2 -2  1  3  2 -4 -1 -2 1 0 0 65
 1  1  0 -1 -1  2  1 -2 -1 -1 -1  2 -1 -1 -2  0  0 -3 -2  1 1 0 0 40
-3 -2  2  2 -1  1  1 -3 -1 -1  2 -1 -1 -3 -2 -2  0  2  0 -1 1 0 0 55
-2 -3 -5 -5 -4 -4 -4 -5 -2  0  5 -2  1 -1 -3 -3 -3 -4  0  0 1 0 0 0
-2 -4 -5 -5 -3 -4 -5 -5 -5  3  5 -4  2  1 -5 -4 -2 -4 -3  2 1 0 0 0
-1  0  4 -2  6  2  0 -3  2 -4 -3  0 -2 -4 -4  1 -1 -4  0 -2 1 0 0 0
 1 -4 -5 -5 -3 -4 -4 -5 -5  4  4 -4  2  0 -4 -3 -3 -4 -3  1 1 0 0 0
-1 -1 -1  1 -1  0  0 -2  1 -2 -3  0 -2  1 -3  1  3 -2  4 -1 1 0 0 30
-3 -2 -4 -5 -6 -5 -5  7 -5 -6 -6 -5 -6 -6 -5 -2 -5 -6 -6 -6 1 0 0 15
-2 -2  1 -2 -4 -3 -3 -1 -2 -3 -1  0  0 -1  1  1  5 -4  0 -1 1 0 0 15
-3 -4 -5 -3 -3 -4 -1 -5 -5  5  3 -2  0  1 -2 -4 -3 -4 -3  2 1 0 0 0
-2 -3 -4  1 -5  0 -1  0  1 -3 -3 -3 -4 -5  7 -1 -1 -5 -5 -3 1 0 0 35
-2 -4 -2 -2  1 -4 -4 -5 -4  5 -1 -4  3 -1 -4 -1  1 -4 -1  4 1 0 0 0
-1  0  1 -1  0  0 -1 -1  0 -1 -1  0  1 -1  3  0  2 -3  1  0 1 0 0 45
-3 -3 -2 -4 -4 -3  0 -1  2  1 -2 -2 -3  4 -4 -2 -3 -2  7 -1 1 0 0 25
 0  3  1 -1 -3  2  1 -1  1 -2 -2  2 -1 -3 -2  1 -2 -3 -1 -3 0 1 1 80
-1 -1  3 -1 -1 -1 -2  5  0 -3 -4  0 -4 -4 -2 -1 -3 -4 -2 -4 0 1 1 85
 1  0  1  0 -3  1  0  0  2 -1 -1  1  1 -1 -3  0  0 -3  0  0 1 0 0 60
 0  0  1 -1  1  0 -1 -1  0  0 -1  0  1 -1  0  0  3 -3  0  0 1 0 0 55
-5 -5 -5 -6  0 -5 -5 -3  2 -1 -1 -5  1  4  0 -2 -2 -3  8 -2 1 0 0 25
-3  2  5  0 -1  0 -1 -1  2 -3 -4 -1 -2 -1  1  1 -1 -1  2 -2 1 0 0 35
-1 -5 -5 -5  0 -2 -5 -5  0  5  1 -5  0  4 -5 -4 -2 -4 -1  3 1 0 0 0
-2 -5 -1 -1 -6 -5 -5 -5  3 -2 -1 -5 -5 -2  8 -4 -1 -6 -5 -5 1 0 0 5
-2 -5 -5 -5 -4 -4 -5 -5 -5  5  3 -5  2 -1 -5 -4  0 -4 -3  3 1 0 0 0
 0  2 -1  1  4  0  1 -2  0  0  0  1 -1 -3 -3  0  0 -2 -2  0 1 0 0 5
-2 -4 -5 -5  0 -4 -5 -5 -5  5  2 -4  3  1 -5 -4  0 -4 -1  2 1 0 0 0
-3  0 -5 -5 -5  0 -4 -3  0 -4 -3 -4  2  1 -5 -3 -1 11  3 -2 1 0 0 10
-2 -5 -5 -5  0 -4 -5 -5 -5  4  4 -5 -1  2 -5 -4 -3 -4  1  2 1 0 0 0
-3 -3 -5 -5  0 -1 -3 -3  0 -3  1 -4  1 -2  7 -3  0  4 -4 -2 1 1 1 20
-2  1  0  3 -4  0  2 -2  2 -2 -1  1 -2  0  0  0  0 -3  1 -2 0 1 1 25
 0  0  2  3 -3  0  0 -1 -2 -1 -2 -1 -1 -2 -1  2  2 -4 -3 -2 0 1 1 25
-5 -5 -5 -7  2 -5 -6 -7  6 -5  0 -6 -4  3 -7 -5 -5 -2  8 -5 0 1 1 15
-4 -1 -5 -5 -7 -4  1 -2 -6 -7 -7 -4 -6 -7  8  1 -5 -7 -7 -6 0 1 1 15
-2  2 -1 -1 -1  1 -1 -4  2  1  0 -1  0  3 -4  0 -1 -2  3 -1 0 1 1 50
 1  0  2  0 -1  0  2 -2  0 -1 -2  0  0 -3 -3  2  1 -4  0 -1 1 1 0 40
 2 -5 -3 -3  0 -2 -3 -5  2 -6 -6 -3 -5 -3  7  0 -3 -6 -3 -3 1 1 1 20
-2 -6 -6 -6 -7 -5 -5 -6 -6 -7 -3 -5 -6 -8  8 -5  0 -8 -7 -6 1 1 1 10
-2  0 -1 -3  0  0  0 -4  0  2  1  1  2  1 -3 -1  0 -3  1  0 1 0 0 25
 0 -4 -5 -5  5 -4 -4 -5 -4  2  0  0  3  2 -1 -3 -3 -4  0  4 1 0 0 0
-1 -1 -2 -4  0 -1 -4 -1  1  0 -1 -1  0  5 -5 -1 -1  2  5 -1 1 0 0 15
-2 -5 -3 -2  3 -4 -5 -5 -4  3  2 -4  0  0 -5 -4 -1 -4  1  4 1 0 0 0
-1  2  1  2 -1  1 -1 -3  0  0  0  1  1 -1 -1  0  1 -4 -2  0 1 1 1 45
-2 -4 -1 -4  0 -3 -4 -2  0  0 -1 -1 -1 -5  6  1  1 -5 -4 -3 1 1 1 30
 0 -2  1  0 -3 -1 -2 -1  1 -2 -1 -3 -3 -4 -1  2  5 -5 -4 -2 1 1 1 40
 0  0  1  0 -2  1  2  0  0 -1 -2  1 -2 -4  3  0 -1 -4 -3 -2 0 1 1 90
-1 -2  2  3 -4  0  2  1  0 -2 -3 -1 -3 -3  0  2  1 -4 -1 -3 0 1 1 60
-2  0 -2 -5 -4  0 -3 -2 -1 -1  0 -1  9 -3 -1  0 -3  0  0 -2 1 0 0 10
 0  0 -1 -1 -2  1  1 -1 -1  1  0  0  1  0 -1  0  0 -3  0  2 1 0 0 40
-2 -3 -5 -5 -4 -5 -5 -3 -5  6  2 -5 -2 -3 -2 -1 -2 -5 -4  3 1 0 0 20
-1  4  1 -3 -1  0 -2 -3  0  0 -2  4 -1 -4 -1 -1 -2 -5 -4 -1 1 1 1 45
 0 -2  2 -2 -4  0 -1 -3  0 -1 -1 -1 -1  0  5 -1  0 -5 -1  1 1 1 1 55
-3 -4  3 -1  1  1 -3  3  6 -6 -6 -2 -5 -6 -2  2  0 -6 -4 -6 1 0 1 50
-1  0  2 -2 -5  3  0 -2  3 -4 -2  2  1 -5  4  0 -2 -5 -1 -3 0 1 1 80
-3 -2  3 -2  3 -2 -1 -3  7 -3 -3 -4  0  3 -5 -2 -3 -4  4 -3 0 1 1 15
-1 -6 -3 -6 -4 -5 -6 -6 -6  3  1 -6  0 -1 -6 -5 -2 -6 -1  6 1 0 1 0
-2 -4  2  6 -5 -3  0 -3 -1 -5 -5 -2  0 -5 -2 -1  0 -5  2 -5 1 1 1 20
 2 -2 -1 -1 -3  0  0 -1  2 -2 -2  0 -2 -2  3  2 -1 -4 -3  0 0 1 1 60
-1 -1  5  3 -4  2  0 -2 -2 -5 -4 -2 -4 -5 -4  3  0 -5 -4 -5 0 1 1 75
-3 -1  0 -4 -1 -4 -3  7 -5 -3 -6 -4 -5 -6 -5 -2 -3 -5 -5 -3 1 1 1 0
-1  3 -1 -2  0  0 -1 -2 -1 -2  1  2  2  0 -3 -2 -1  0  0  0 1 0 1 35
-3 -5 -5 -5  4 -5 -5 -5 -5  5 -1 -5  0  0 -5 -4 -1 -4  0  5 1 0 1 0
-1  0  1 -2  3  0 -1 -2  4  1 -2 -1 -1  0 -3  0 -1 -2  5 -1 1 1 1 50
-1 -1  0 -2 -1 -2 -2 -1  4  1  3 -3  1 -1 -1  0 -1 -3 -2  1 1 1 1 5
-2 -1 -2  1 -4 -1  0 -3  1 -3 -4  0  1 -5  7  0 -1 -5 -4 -4 0 0 1 55
-2 -2 -4 -5  0 -4 -1 -2 -1  2 -1 -4 -1  0 -5 -1 -3  1  8  0 0 0 1 25
-2 -4 -5 -5 -4 -1 -4 -3 -4  2  5 -4  1  1 -5 -2 -2 -4 -3  0 0 0 1 15
 0  1  1  2 -4  3  1 -1  4 -2 -3 -1  0 -2 -3  1 -1 -4 -2 -2 0 0 1 85
-1  2  2  2 -1  2  2 -1  1 -2 -3  0 -3 -4 -3  1  0 -4 -1 -2 0 1 1 70
-5 -5 -6 -6 -5 -5 -5 -5 -5 -5 -5 -5 -5 -3 -6 -1 -5 13 -2 -6 1 1 1 15
-1  0  3  1 -3  0  0 -2  0 -1 -2  2 -2 -2 -2  1  0  1 -1 -1 1 1 1 60
-1  0 -1 -2 -3  0 -1 -1  3 -1 -1 -1 -2  1  3  0 -2  4  2 -2 0 1 1 30
 0 -1  1  2 -4  0  1  0  1 -4 -3  0 -2 -4  5 -1 -2 -4 -3 -2 0 1 1 55
 0  3  1 -1 -4  2 -1  0  0 -4 -3  2 -3 -4 -2  2  1  1  0 -2 0 1 1 60
-2 -3  0 -4  5 -2 -2 -2 -1 -1 -4 -1 -1 -2 -2  5  0 -5  0 -4 1 1 1 10
-3 -2  5  3 -4 -3 -2 -3 -1 -2 -4 -2 -3 -3 -2  2  4 -5 -4 -1 1 1 1 30
-4 -5 -6 -6 -4 -2 -4 -6 -6  3  6 -5  1 -3 -6 -2 -3 -5 -4  0 0 0 1 0
-1 -1 -1 -2  0 -2 -3 -3  0  1  2 -2  1 -1 -2  1  0 -4 -2  3 0 0 1 20
-1 -2  0  4 -4  2  2  2 -1 -1 -2 -1  1 -4 -2  0 -1 -4 -4 -3 0 0 1 15
-1 -5 -6 -3  1 -5 -5 -6 -5 -1  5 -5  0  3 -5 -4 -4 -4  0  2 0 0 1 0
-1 -5 -5 -5 -1 -5 -5 -4 -5  4  3 -5  1  1 -5 -3 -2 -4 -3  4 0 0 1 0
 0  1  0  0 -4  3  1 -2  2 -2 -1  1  1 -2 -3  0 -1 -4  0 -2 0 0 1 50
-1 -1  0  1  0  0  2 -2  1  2 -1 -2 -1 -2 -3  1 -1 -2 -2  2 0 0 1 25
-4 -5 -6 -6  1 -2 -5 -6 -5  0  5 -5  7  1 -6 -4 -4 -5 -4 -1 0 0 1 0
 0  2 -2 -1  2  2 -1 -2 -1  2  0  0  0 -3 -3  1 -1 -3  0  0 0 0 1 15
 1  0  0  2 -2  1  1 -1  0 -1 -1  0  0 -3 -2  1 -1 -3 -1  0 0 0 1 60
 0 -2 -3 -1  1 -1 -1 -4  0  2  1  0  0 -1 -3 -1  0 -2 -1  3 0 0 1 20
-6 -6 -4 -7 -6 -6 -7 -7 -5 -1  1 -6  0  9 -7 -5 -6  0  0 -2 0 0 1 0
 2 -1  0 -2 -4  1 -1  3  0 -4 -2 -3 -1 -5 -4  3 -1 -5 -4 -2 0 0 1 20
 0  2  1  1 -1  0  3 -3  1 -2 -2  3 -2 -3 -3  0  0 -4 -2 -3 0 0 1 70
-2 -1  1  2  1  1  5 -4  0 -2 -3  0  1 -3 -2 -2 -2 -5  1 -3 1 1 0 45
-4 -6 -4 -4  3 -5 -4 -6  1 -3 -2 -4 -1  1  8 -1 -3 -6 -2 -4 1 1 1 10
-6 -7 -7 -2 -8 -6 -6 -7 -7 -8 -8 -6 -7 -9  9 -6 -6 -9 -8 -7 1 1 0 0
-4 -5 -6 -6 -2 -3 -6 -6 -6  3  4 -5 -1  1 -6 -5 -4 -5 -2  5 1 0 0 0
-3  0 -3 -3  1 -4 -3 -4 -2  1 -2 -2 -2  5 -4 -3 -2 -2  6  1 1 0 0 25
 3 -2  1 -3 -4  0 -1 -1 -3 -4 -3 -1  1 -4 -4  4  1 -5 -1 -4 1 1 1 35
-2  5 -3 -1 -6  0 -1 -5 -4 -4 -1  6 -4 -4 -4 -3 -4 -6 -5 -4 1 1 1 60
-4 -6 -5 -5 -6 -5 -4 -6 -6 -6 -6 -4 -6 -7  9 -4 -4 -7 -6 -6 1 1 1 95
