 0 -2 -3 -3 -1 -2 -3 -3 -3  2  1 -2  3 -1 -3 -2  0 -3 -1  4 1 1 1 95
 2 -3 -1 -2  2 -2 -2  5 -2 -3 -3 -2 -2 -3 -2  0 -1 -3 -3 -2 1 1 1 40
-2 -2  4  4 -3 -1  0 -2 -1 -2  0 -1 -2 -3 -2  1  0 -4 -3 -1 1 1 0 25
 0 -3 -3 -3  8 -3 -3 -3 -3 -1 -2 -3 -2 -3  4 -1  1 -4 -3 -1 1 1 0 15
 4 -2  1  1 -1 -1  0 -1 -2 -2 -2 -1 -2 -3 -2  2  1 -3 -2 -1 1 1 0 70
 0 -2  2  2 -3  0  1  4 -2 -3 -3 -1 -2 -3 -2  0  0 -3 -3 -2 1 1 0 95
-1 -3 -3 -4 -2 -3 -3 -4 -2  3  1 -3  0  2 -3 -2 -1 -1  2  3 1 1 0 40
-2 -1  6  0 -3 -1 -1 -2  1 -2 -3  0 -2 -2  3  0 -1 -4 -2  0 1 1 1 45
 2 -2 -2 -1 -1 -1  0 -2 -1  1 -1 -2 -1 -2 -2  0  1 -3 -2  3 1 0 1 15
-3 -3 -3 -4 -4 -3 -3 -4  1 -3 -2 -3 -2  2 -4 -3 -3  1  9 -2 0 1 1 30
-2 -3 -3 -3 -4 -2 -2 -3 -3 -4 -4 -2 -4 -5  8 -2 -2 -5 -4 -4 0 1 1 60
-1 -1  6  3 -3 -1  1 -1 -1 -4 -4 -1 -3 -4 -2  0  1 -4 -3 -3 1 1 1 60
-4 -4 -5 -5 -4 -3 -4 -4 -3 -3 -1 -4 -2  4 -5 -4 -4 11  1 -3 1 1 1 10
-1 -3 -2 -2 -3 -2 -2 -3 -3 -1 -2 -2 -2 -3  6 -1  3 -4 -3  1 1 1 0 35
 1  3  0 -1 -3  5  0 -2  1 -3 -3  1 -1 -4 -2  1 -1 -3 -2 -2 1 0 1 5
 0  1  0 -1 -3  0 -1  3 -2 -2 -3  3 -2 -3 -2  0  2 -3 -3 -2 1 1 0 30
-3 -2  0  7 -4 -1  1 -2 -2 -4 -4 -2 -4 -4 -2 -1 -2 -5 -4 -4 1 1 0 50
-2 -2 -2 -3 -2 -2 -2 -2  2 -2 -2 -2 -2  0 -2 -2 -2 11  3 -2 1 1 0 70
 3 -1 -1 -1 -1  1  0  0 -1 -2 -2  0 -1 -2  1  2  0 -2 -2 -1 1 1 0 90
 0 -2 -1 -1 -2 -2 -2  6 -2 -3 -3 -2 -2 -3 -2 -1 -1 -2 -2 -2 1 1 0 50
 0 -1  0 -1 -1 -1 -1  4 -1 -1 -1 -1 -1 -1  0  0 -1 -1 -1 -1 1 1 0 10
 0 -1  4  1 -2  1  1 -1  0 -2 -2  0 -1 -2  2  0  0 -2 -2 -1 1 1 1 75
-1 -2 -1 -1 -2 -1 -1 -2 -1 -2 -2 -1 -2  1  6 -1 -1 -1  3 -2 1 1 1 45
 0 -1  4  0 -2  0  0 -1 -1 -2 -2 -1 -1 -2 -1  3  2 -2 -2 -2 1 1 1 45
-3 -1  0 -2 -4 -1 -1 -3 10 -4 -4 -2 -3 -2 -3 -2 -3 -3  1 -4 1 0 1 0
 5 -2  2 -2 -1 -1 -1 -1 -2 -2 -2 -1 -2 -3 -2  0 -1 -3 -2 -1 1 0 0 -5
 1 -1  4  1 -2 -1  1  0 -1 -1 -2  0 -2 -3 -2  1  1 -3 -2 -1 1 0 0 30
 2 -2  0 -2 -2  1 -1  4 -2 -3 -3 -1 -2 -3 -2  1  1 -3 -3 -2 1 0 1 55
-1 -3  0 -1 -3 -3 -3  6 -3 -4 -3 -2 -3 -4 -3 -1 -2 -4 -4 -4 0 1 1 65
-2 -2  1  7 -4  0  1 -2 -2 -4 -5 -1 -4 -5 -2 -1 -2 -5 -4 -4 1 1 1 35
-1  2 -1 -2 -3  3  0 -3 -1  1  0  2  0 -2 -2  0 -1 -2  0  0 1 0 0 35
-2 -3 -3 -4 -2 -2 -3 -4 -3  2  2 -3  7 -1 -4 -3 -2 -3 -2  2 1 0 0 0
-1 -1 -2 -2 -2  0 -1 -3 -2  2  0  0  0 -2 -2  0  1 -3 -2  3 1 0 0 0
-2 -2  0  1 -4 -1 -1 -3  7 -3 -3 -2 -2  0 -3 -2 -2 -1  6 -3 1 0 0 25
-2  0  5  1 -4  3  2 -2  0 -4 -4  1 -2 -4 -2  0 -1 -4 -3 -3 0 1 1 60
 0 -1  4 -1 -3 -1 -2  4 -1 -4 -4  0 -3 -4 -2  0  0 -4 -3 -3 0 1 1 5
 2 -1  1 -2 -1 -1 -1 -1 -2  1 -1  1 -1 -2 -2  0  1 -3 -1  1 1 0 0 30
 1 -3 -3 -4 -1 -2 -3 -3 -3  2  2 -3  1 -1 -3 -2 -1 -3 -2  3 1 0 0 30
-3 -3 -4 -4 -4 -3 -3 -4  0 -2 -2 -3 -2  3 -4 -3 -3  7  7 -2 1 0 0 5
-1  2 -1 -1 -3  3  2 -2 -1 -2 -2  2 -1 -3 -2  1  0 -3 -2  0 1 0 0 10
 5 -2 -3 -3 -1 -2 -2 -1 -3 -2 -2 -2 -2 -3 -2  0 -1 -4 -3  0 1 0 0 0
-1 -1  5  0 -3  0 -1 -1 -1 -2 -1  2 -2 -3 -3  0 -1 -4 -3 -1 1 1 0 45
-4 -4 -4 -5 -4 -3 -4 -4  1 -4 -3 -4 -3  0 -5 -4 -4 12  4 -4 1 1 0 70
-4 -4 -4 -5 -4 -3 -4 -4  0 -4 -3 -4 -3  1 -5 -4 -3 11  5 -4 1 0 0 50
-1 -2 -1 -2 -2 -2 -2 -3 -3  0 -2 -2 -1 -3 -2  0  6 -4 -3 -1 1 0 0 5
 1  0  4  0 -2  2  0 -1 -1 -3 -3  0 -2 -3 -2  2  1 -3 -2 -2 1 1 1 45
 2 -2  0 -1 -2 -1 -1 -1 -2 -3 -3 -1 -2 -3 -2  4  3 -4 -2 -2 1 1 0 25
 0 -2 -2 -2 -2 -1  2 -3 -2  2  0  0  0 -2 -2 -1  1 -3 -2  3 1 1 1 30
-2 -3 -3 -3 -4 -2 -2 -3 -3 -4 -4 -2 -4 -5  8 -2 -2 -5 -4 -4 0 1 1 0
 2 -3 -1 -2 -3 -2 -3  6 -3 -4 -4 -2 -3 -4 -3  0 -2 -3 -4 -3 0 1 1 40
 1 -2  0 -1 -2 -1 -1  0 -2 -3 -3 -1 -2 -3 -2  5  2 -4 -3 -2 1 1 0 55
-2 -2  0  7 -4 -1  1 -2 -2 -4 -4 -1 -3 -4 -2  1 -1 -4 -4 -3 1 1 0 85
 2 -2  0  1 -2 -1  0  4 -2 -3 -3 -1 -2 -3  0  2 -1 -3 -3 -2 0 1 1 45
 1 -2  0  3 -2 -1 -1 -1 -2 -3 -4 -1 -3 -3 -2  5  0 -4 -3 -3 0 1 1 0
-4 -4 -5 -6 -4 -4 -4 -4 -4 -4 -3 -5 -3  0 -5 -4 -4 12  1 -4 1 0 0 5
 0 -1  0  2 -2  0  1 -1 -2 -1 -1  1 -1 -3 -2  1  3 -3 -2 -1 1 0 0 45
-1 -1 -1 -3 -2  0 -2 -3  1  0  3  0  1  2 -3  0  0 -2  0  0 1 0 0 50
 0 -3 -2 -3 -2 -2 -2 -3  3  2  1 -2  0 -1 -3 -1 -1 -3 -1  4 1 0 0 55
-1 -2 -3 -4  8 -3 -4  2 -1 -2  0 -3 -2 -1 -4 -1 -2 -3 -1 -2 1 0 0 30
 1 -2  4  2 -2 -1 -1 -1 -1 -3 -3 -1 -2 -3 -2  3  1 -4 -3 -2 1 0 0 55
-1 -4 -4 -4  9 -4 -4 -4 -4  2  0 -4 -1 -2 -4 -2 -2 -3 -3  0 1 1 1 40
-2 -2  5  5 -4 -1  1 -1 -1 -4 -4 -1 -3 -4 -2  0 -1 -5 -3 -4 1 1 1 75
