 1 -1  0 -1 -1 -1 -1 -1 -2 -2 -2 -1 -2 -3 -1  4  3 -3 -2 -1 1 1 1 95
-1 -2  2  5 -4 -1  0  3 -2 -4 -4 -1 -3 -4 -2 -1 -2 -4 -3 -4 1 1 1 30
-1 -3 -3 -4 -1 -2 -3 -4 -3  3  3 -3  3  0 -3 -2 -1 -2 -1  3 1 1 0 20
 4 -2 -2 -2 -1 -1 -1 -1 -2  0 -1 -1 -1 -2 -1  1  1 -3 -2  1 0 1 1 0
 0 -2  0 -1  5 -1 -1 -1 -2 -3 -3 -1 -2 -3 -2  4  2 -3 -2 -2 0 1 1 10
-2  5 -1 -2  1  2  0 -3 -1 -3 -2  1 -2 -3 -2 -1  1 -3 -2 -2 0 1 1 35
-2 -3 -3 -4 -2 -3 -3 -4 -3  1  4 -3  1  0 -3 -2  1 -2 -2  0 0 1 1 80
-1 -3 -3 -3 -2 -2 -3 -4 -3  1  4 -3  1  0 -3  0 -1 -2 -2  0 0 1 1 10
 0 -1 -1 -2 -3 -2 -2  6 -2 -4 -4 -2 -3 -4 -2  1 -1 -3 -3 -3 0 0 1 55
 0  2 -1 -1  1  1 -1 -2  1 -2 -3  0 -2 -3  4  2  1 -3 -2 -2 0 0 1 65
 0  1  0  1 -2 -1 -1 -1 -2 -3 -3  0 -2 -3 -2  4  3 -3 -2 -2 1 1 1 50
 0 -2 -2 -2 -2 -2 -2 -2 -2  0  0 -2  3  4 -3  2 -1 -1  1  0 1 1 1 55
-2 -1 -1  3 -4  1  5 -1 -1 -3 -3  1  1 -3 -2 -1 -1 -4 -3 -3 1 1 1 85
 0 -2  0  0 -2 -1  0  2 -2  0 -2 -1 -2 -3  4  1  0 -3 -3 -1 0 1 1 55
 1 -1 -1 -2  1 -1 -1  1 -1 -1  0 -1 -1  0 -2  2  2 -1  3 -1 0 1 1 70
 0 -2 -1 -2  2 -2 -2  3 -2 -2  0 -2 -1 -2  3  1 -1 -2  0 -1 1 1 0 45
-2 -2 -4 -4 -2 -2 -3 -4 -3  1  4 -3  2  0 -3 -3 -1 -2 -1  1 1 1 0 20
-1 -2 -3 -2 -3 -2 -2 -3 -3 -2 -1 -1 -2 -3  8 -1 -1 -4 -3 -2 1 1 1 30
-1  0  0  2 -3  4  2 -2  1 -1  0  0  0 -2 -2 -1  0 -3 -2  0 1 1 1 65
-1 -3 -4 -4 -1 -2 -3 -4 -3  2  4 -3  2  0 -3 -3 -1 -2 -1  2 1 1 1 5
 0 -1  0 -1 -1 -1 -1 -2 -2 -1 -2 -1 -1 -2 -1  2  5 -3 -2  0 1 1 1 50
-1  5  2 -1 -3  0 -1  2  2 -3 -3  1 -2 -3 -2  0 -1 -3 -2 -3 0 0 1 20
-2 -2 -2  0 -3 -2 -2 -3  2 -2  0 -2 -1  2 -3 -2 -2  6  6 -2 0 0 1 55
-2 -2  1  6 -4  0  2 -2 -1 -4 -4 -1 -3 -4 -2  0 -1 -4 -3 -3 0 0 1 25
 1 -3 -3 -3  9 -3 -3 -2 -3 -2 -2 -3 -2 -3 -3 -1 -1 -3 -3 -1 0 0 1 0
-1  0 -1  1 -4  2  6 -2  0 -4 -3  1 -2 -4 -1  0 -1 -3 -2 -3 0 0 1 25
 0 -3 -3 -4 -1 -3 -3 -4 -4  2  1 -3  0 -1 -3 -2  0 -3 -2  5 0 0 1 35
-2 -1  7  1 -3  0 -1 -1  0 -4 -4  0 -3 -3 -2  0  0 -4 -2 -3 0 0 1 5
 4 -2 -2 -3 -1 -2 -2 -1 -2  0 -1 -2  0 -2 -2  0  0 -3 -2  2 1 1 0 10
-2 -3 -3 -2 -4 -2 -2 -3 -3 -4 -4 -2 -3 -4  8 -2 -2 -5 -4 -3 1 1 1 45
-1 -3 -4 -4 -1 -3 -3 -4 -3  2  3 -3  2  0 -3 -2 -1 -2 -1  3 1 1 1 5
-1  0 -1 -1 -3  5  2 -2  0 -1 -1  1 -1 -3  2 -1 -1 -3 -2 -1 1 1 1 50
 0 -2  1  0 -3 -1 -2  5  3 -4 -4 -2 -3 -3 -2  0 -1 -3 -2 -3 1 1 0 70
-1  3  3 -1 -2  0 -1 -2 -1 -3 -3  1 -2 -3 -2  2  2 -3 -2 -2 1 1 0 70
-1  2  1 -1 -2  4  0 -2  1 -2  0  0 -1 -2 -2  1  0 -3 -2 -1 1 1 1 70
-1  0  2 -1  1 -1 -1  0  4 -2 -2 -1  0  1 -2  0  1 -1  3 -2 1 1 1 40
-2 -3 -4 -4 -2 -3 -3 -4 -3  1  5 -3  2  0 -3 -3 -2 -2 -2  0 0 0 1 45
-2 -3 -4 -4 -2 -3 -3 -4 -3  1  5 -3  2  0 -3 -3 -2 -2 -2  1 1 1 1 10
-2  0 -1 -1 -4  7  1 -3  0 -4 -3  1 -1 -4 -2 -1 -1 -3 -2 -3 0 0 1 30
 0 -3 -1 -2 -3 -2 -3  6 -3 -4 -4 -2 -3 -4 -3 -1 -2 -3 -4 -4 0 0 1 15
 0  0  0  0  3  1  4  0 -1 -3 -3  0 -2 -3 -2  1  1 -3 -2 -2 0 0 1 60
-2 -1  0  5 -4  1  4 -2 -1 -4 -4  1 -3 -4 -2 -1 -1 -4 -3 -3 0 0 1 45
-2 -2 -3 -4 -2  0 -3 -4 -3  2  4 -2  1  0 -3 -3 -2 -2 -2  1 0 0 1 -5
-2 -2 -4 -4 -2 -1 -3 -4 -3  1  4 -3  3  0 -3 -3 -2 -2 -2  0 0 0 1 35
 0  5 -1 -2  3  1 -1 -2 -1 -2 -1  2 -1 -3 -2 -1 -1 -3 -2 -2 0 0 1 55
 5 -2 -2 -2 -1 -1 -2 -1 -2 -1 -2 -1 -1 -3 -1  0 -1 -3 -2  1 0 0 1 5
-2 -3 -4 -4 -2 -3 -3 -4 -3  1  5 -3  2  0 -3 -3 -2 -2 -2  0 0 0 1 5
-2 -2  1  7 -4 -1  1 -2 -2 -4 -4 -1 -4 -4 -2 -1 -2 -5 -4 -4 0 0 1 35
-1  0  0 -1 -3  6  1 -2  3 -3 -1  0 -1 -3 -2 -1 -1 -3 -1 -2 0 0 1 50
 2 -2 -2 -3 -1 -2 -2 -2 -3  2  0 -2  0 -2 -2  0  2 -3 -2  3 1 1 1 40
-1 -1  5  0 -2  0 -1 -1  0 -2 -3 -1 -2 -3 -2  1  3 -4 -2 -2 1 1 1 95
