-1  0 -1  1 -4  4  5 -2  0 -4 -3  1 -2 -4 -2 -1 -1 -3 -2 -3 1 1 1 95
 0 -2  2 -1  5 -1 -1 -1 -2 -3 -3 -1 -2 -3  4  3  0 -3 -3 -2 1 1 1 95
 1  0 -1  0 -3  0  3  3 -1 -3 -3  0 -2 -3 -2  0 -1 -3 -3 -2 1 1 0 85
 0  0  4  0 -3  0  0 -1 -1 -3 -3  2 -2 -3 -2  2  1 -4 -2 -2 1 1 1 85
 2  0  1 -1 -1 -1 -1 -1  1 -1 -1  0 -1 -2 -2  2  2 -3 -2  0 1 1 1 95
 1 -1  2  0 -2  1  2  0 -1 -2 -3  0 -2 -3  2  1  1 -3 -2 -1 1 1 1 55
 1  1  0  1 -2  0  1 -1 -1 -2 -2  1 -2 -2  1  3  1 -3 -2 -2 1 1 1 35
-1 -2 -2 -3 -2 -2 -3  2 -1  2  0 -2  0  3 -3 -2 -2  0  4  0 0 0 1 45
 1 -1 -1  0 -3  2  4  1 -1 -3 -3  0 -2 -3 -2  0 -1 -3 -2 -2 0 0 1 30
-1 -1  0  4 -4  1  4 -2 -1 -4 -4  1 -3 -4 -2  0 -1 -4 -3 -3 0 0 1 70
-1 -1 -3 -2 -2 -1  1 -3 -2  1  3 -2  4 -1 -3 -2  0 -2 -2  1 0 0 1 45
-1 -5 -4 -5 10 -4 -5 -4 -4 -2 -2 -4 -3 -3 -4 -2 -2 -3 -4 -2 0 0 0 -5
 0  2  1  0 -2  0 -1  1  3 -3 -1  1 -2 -3 -2  3  0 -3 -2 -2 0 0 0 45
-1 -1  1  1 -4  1  6 -3 -1 -4 -4  0 -3 -4  0 -1 -1 -4 -3 -3 0 0 0 65
-3 -3 -3 -4 -3 -3 -4 -4 -1 -1 -1 -3 -1  6 -4 -3 -3  1  5 -2 0 0 0 10
-2  6 -1 -2 -4  3  0 -3 -1 -3 -1  1 -1 -3 -3 -1 -2 -3 -2 -3 0 1 1 35
 1  0  2  2 -2  0  1 -1 -1 -2 -2  2 -2 -3  2  1  0 -3 -2 -2 0 1 1 85
-1 -1 -2 -2 -2 -2 -2 -2 -1  0  2 -2  0  3 -2  0 -1  0  4  0 0 1 1 25
-1  1 -2 -2 -2 -1 -2 -2 -2  1  1 -1  2  1 -2 -1 -1  1  0  2 1 1 1 15
-1  4 -1 -1 -3  1  1 -2 -1 -3 -2  4 -2 -3 -1 -1 -1 -3 -2 -2 1 1 0 80
-2 -1  6  3 -4 -1  0 -1  0 -4 -4  0 -3 -4 -3  0 -1 -5 -3 -4 1 1 0 80
-1  0 -1 -2 -3 -2 -2  6 -2 -4 -4  0 -3 -4  1 -1 -2 -3 -4 -4 1 1 0 15
-1  3  1 -1 -3  3  1 -2 -1 -3 -3  4 -2 -3 -1  0  0 -3 -2 -3 1 1 1 65
-2 -3 -4 -4 -2 -3 -3 -4 -3  1  4 -3  2  0 -3 -3 -2 -2 -2  2 1 1 1 0
 0 -2 -2 -3 -2 -2 -2 -1 -1 -1  1 -2  1  5  1  0 -1  0  3 -1 1 1 1 50
-1 -5 -4 -5 10 -4 -5 -4 -4 -2 -2 -4 -3 -3 -4 -2 -2 -3 -4 -2 1 1 1 30
-1 -2  1 -2 -2 -1 -2 -2 -2 -2 -2 -1 -2 -3  2  1  6 -3 -3 -1 1 1 1 65
-2  6 -1 -2 -4  3  0 -3 -1 -4 -3  2 -2 -4 -3 -1 -2 -3 -2 -3 1 1 1 80
-2 -1 -1  3 -4  1  6 -3 -1 -4 -4  0 -3 -4 -2 -1 -2 -4 -3 -3 1 1 1 45
-1 -1  6  0 -3 -1 -1 -1 -1 -1 -3  1 -2 -3 -2  2  0 -4 -3 -2 1 1 0 90
-2 -2  2  6 -4 -1  1 -2 -2 -4 -4  1 -3 -4 -2 -1 -2 -5 -4 -4 1 1 1 55
-2 -3 -3 -3 -4 -2 -2 -3 -3 -3 -3 -2 -3  1  8 -2 -2 -4 -2 -3 1 1 1 65
-1 -3 -3 -3 -2 -3 -3 -4  2  3  1 -3  0  2 -3 -2 -1 -2  0  3 1 1 1 20
-1  3 -1 -2  4  3  0 -3 -1  0  1  1  0 -2 -2 -1 -1 -3 -2 -1 1 0 1 70
 0 -3 -1  1 -3 -2 -2  6 -2 -4 -4 -2 -3 -4 -3  1 -2 -3 -4 -4 1 1 1 10
 0 -2 -2 -2 -2 -2 -2 -2 -3 -2  0 -2 -1 -3  6  1  0 -4 -3 -2 0 1 1 45
-2 -2  1  7 -4 -1  1 -2 -2 -4 -4 -1 -4 -4 -2  1 -1 -5 -4 -4 0 1 1 50
-1 -3 -1 -2 -3 -3 -3  6 -3 -5 -5 -2 -4 -4 -3 -1 -2 -3 -4 -4 1 1 0 80
-1  2 -1 -2 -3  2  0 -2 -1  0 -2  5 -1 -3 -2 -1 -1 -3 -2  0 1 1 1 65
-1  0 -2 -3 -2  1 -2 -3 -2  1  1 -1  5 -1 -2 -1  3 -3 -2  1 1 0 1 60
-3 -2 -1 -2 -4 -1 -1 -3  8 -3 -3 -2 -2  2 -3 -2 -3 -1  4 -3 1 1 1 10
 0 -3 -1 -2 -3 -2 -3  5 -3  0 -1 -2  1 -3 -3  0 -2 -3 -3 -2 1 1 0 55
-2 -1  7  0 -4 -1 -1 -1  0 -4 -4 -1 -3 -4 -3  0 -1 -5 -3 -4 1 1 0 10
-1  1 -1 -2 -3  0  0 -2 -2 -1 -2  4 -1 -3 -2  0  3 -3 -2 -1 0 0 1 25
-1 -5 -4 -5 10 -4 -5 -4 -4 -2 -2 -4 -3 -3 -4 -2 -2 -3 -4 -2 0 0 1 -5
 3 -2 -1 -2 -1 -1 -1 -1 -2  0 -2 -1 -1 -2 -2  3  0 -3 -1  0 0 0 1 15
-2 -2 -3 -4 -2 -2 -3 -4 -2  0  1 -2  7  3 -3 -2  1 -2 -1  0 0 0 1 5
-1 -5 -4 -5 10 -4 -5 -4 -4 -2 -2 -4 -3 -3 -4 -2 -2 -3 -4 -2 0 0 1 -5
 1  2 -1  0 -3  2  3 -2 -1 -3 -3  3 -2 -3 -2  0 -1 -3 -2 -2 0 0 1 30
 3 -2 -1 -1 -2  0  2 -1 -2 -1 -1 -1  2 -2 -2  1  0 -3 -2  0 0 0 1 30
-2 -2 -3 -4 -2 -3 -3 -4 -2  2  1  0  0  5 -3 -2 -2 -1  1  2 0 0 1 20
-1 -3 -4 -4 -3 -3 -2 -4 -2  0  2 -3  0  6 -4 -3 -2  0  2 -1 0 0 1 0
-1  3 -1 -1 -3  4  2 -3 -1 -1 -1  3 -1  0 -2 -1 -1 -3 -2 -2 0 0 1 55
 1  1  1 -1 -2  4  1 -1 -1 -3 -3  2 -1 -3 -2  2  0 -3 -2 -2 0 0 1 55
-1  1 -1  0 -4  1  5  1 -1 -4 -3  0 -3 -4 -2  1 -1 -3 -3 -3 0 0 1 30
 2 -1  1  1 -2  0  2  2 -1 -3 -3 -1 -2 -1 -2  0  0 -3 -2 -2 0 0 1 35
-1  2 -1 -1 -4  1  3 -2 -1 -3 -1  4 -2  0 -2 -1 -1 -3 -2 -2 0 0 1 55
 1 -1 -1  1 -2  1  3 -2 -1  1 -1 -1  0 -2 -2  1  0 -3 -2  0 0 0 1 65
-1  4  3 -1 -3  2  0 -2 -1 -3 -3  3 -2 -1 -2 -1 -1 -3 -2 -3 0 1 1 75
 2  0 -1 -1 -2  0  0  0 -2 -1  0  2  0 -2 -2  0  0 -3 -2 -1 0 1 1 55
 0  3 -1 -1 -3  0  0 -2 -1 -2 -2  4 -2 -3 -2 -1  0 -3 -2  0 1 1 0 75
 1  1  0 -1 -2  0  1  0  2 -2 -2  2  1 -2 -1  0 -1 -3 -1 -1 1 1 1 70
-1  2 -1  1 -4  2  4 -2 -1 -3 -3  3 -2 -4 -2  0  0 -3 -2 -3 1 1 0 95
-1  3  1  0 -3  0  0  2  3 -3 -2  1 -2 -3 -2  0  0 -3 -2 -3 1 1 0 55
-1  0 -1  0 -3  2  4 -3 -1 -2 -1  2 -1 -3 -2  0  0 -3 -2 -2 1 1 1 60
 2  0 -1  0 -1  1 -1 -1 -2 -1 -1 -1 -1 -3  2  1  2 -3 -2 -1 0 1 1 75
-2  6 -1 -2 -4  3  0 -3 -1 -4 -3  3 -2 -4 -2 -1 -2 -3 -2 -3 0 1 1 80
-1 -1  6  3 -3 -1  0 -1  0 -4 -4 -1 -3 -4 -2  2  0 -4 -3 -3 1 1 1 95
