-6 -7 -7 -6 -8 -6 -6 -7 -7 -8 -8 -6 -7 -9  9 -6 -6 -9 -8 -7 1 1 1 10
-2 -3 -3 -5  5 -3 -4 -5 -1  1  1 -3  3  4 -5 -1  0 -3  3  1 1 0 0 5
-1 -6 -6 -6  2 -5 -6 -6 -6  5  3 -5  0  3 -3 -5 -4 -5 -3  2 1 0 0 0
-2  0  3  0 -4  1  2 -3  1  0 -2  1 -1 -2 -4  0  1 -4 -1  1 1 0 0 15
-3 -4 -6 -6 -1 -5 -6 -6 -6  4  3 -5  2 -1 -4 -1 -1 -5 -4  4 1 0 0 -5
-2  1  2  0 -3  2  0 -4  3 -2 -4  3 -3  0 -4  1  1 -4  0 -2 1 0 0 20
-3 -6 -5 -6 -3 -5 -6 -6 -3 -2 -3 -5 -2 -7 -6  1  8 -7 -6  0 1 0 0 -5
-5 -5  8 -4 -7 -3 -5 -4 -1 -8 -8 -1 -7 -8 -4  2 -1 -8 -7 -5 1 1 0 15
-2 -4 -5 -5 -3 -1 -3 -6 -3  2  2 -3 -1 -1 -5 -2 -2 -5 -3  6 1 1 0 5
 1  0  0 -1 -2 -1 -2 -3 -3 -1 -2  2 -3 -3  5  2  0 -5 -4 -3 1 1 1 45
 1  1 -1 -1 -1  0  0 -2  0  1  1  1  0 -1 -1  0  0 -2 -2  0 0 0 0 45
 1 -3  1  4 -2 -1  0 -1 -3 -1 -3 -1 -3 -4 -1  3  1 -5 -3 -1 0 0 0 90
 0  2  0  3 -2  1  1 -1 -1 -4 -4  3 -3 -3 -2  1 -1 -5 -3 -1 0 0 0 40
-1 -3 -2  2 -2 -1  2 -3 -2  2  0 -2 -1  0 -4 -2 -1 -4 -3  4 1 1 0 10
 0 -1 -1 -1 -3  1  0 -2 -3 -2 -4  2 -2 -3  5  0  2 -3 -4 -2 1 1 1 30
 1 -1  1  2 -4  1  3 -3  0 -3 -4  2 -3 -2 -1  1 -1 -4 -2 -2 0 1 1 95
 2 -1  0  3 -4 -1  3  1 -1 -3 -4  0 -3 -4 -1  0  0 -5 -4 -3 0 1 1 50
-2 -2 -3 -5 -2 -4 -4 -5 -2  2  3 -3 -1  6 -5 -3 -1 -3 -2  0 0 0 1 0
 0 -2 -2 -2  0 -1  0 -3  0  1  4  0  2  0 -2 -2 -2 -4 -2  0 0 0 1 15
 0  0 -1 -1 -3  1  0 -2 -1 -2 -1  4 -3 -3 -2  3  2 -5 -4 -1 0 0 1 45
 0  1  0  3 -4  1  4 -2 -3 -3 -3  2 -3 -4 -3  0  0  0 -3 -2 0 0 1 20
 1 -4 -4 -5 -1 -4 -4 -3 -4  2  4 -4  0  3 -4 -1  0 -4 -1  0 0 0 1 0
 0 -3 -3 -3  4 -3 -1  1  0 -1 -3 -2 -2 -4 -4  4  3 -5 -1 -1 0 0 1 0
 0  1  1  0 -2  3  1 -2  1 -2 -2  3 -3 -1 -2  1 -1 -1  0 -2 0 0 1 50
 2 -1 -1 -2  0  1  0 -2  1  0  1  0  1  0 -3  0  0 -3 -1  0 0 0 1 25
 0 -3 -5 -5 -1 -4 -4 -4 -5  3  3 -4  3  0 -4 -3  0 -1 -3  3 0 0 1 0
 5  0 -2 -4  1 -2 -1 -1 -4 -3 -3 -2 -2 -4 -3  3 -1 -5 -1 -1 0 0 1 10
 0  0  1  1 -2  2  3 -2 -1 -1 -2  3 -2 -3 -1  0  1 -4 -3 -1 0 0 1 65
 0  1 -1 -2  0 -1 -1 -1  0  2  1 -1  1 -1 -3  0  0 -1 -2  1 0 0 1 35
-2 -4 -4 -4  0 -3 -4 -4  0  1  3 -4  3  0  2 -1  1 -3  3  0 0 0 1 0
 0 -1  1  1  0  1  0  5  0 -5 -5  1 -4 -5 -3  0 -1 -5 -4 -3 0 1 1 70
-2  3 -1 -4  0 -2 -1 -5 -4 -2 -3  6  2 -2 -4 -2 -1 -5 -4 -2 1 1 1 20
-2 -2  0  0 -6 -1 -1 -3  0 -6 -2 -1 -5 -6  7  0 -1 -6 -1 -5 1 1 1 40
 1  0 -1  1 -5  1  5 -2 -3 -1 -1 -1 -1 -5  1 -1 -2 -5 -4 -2 0 0 0 35
 0  0  1  1 -3  2  1 -1  0 -2 -2  1  0 -2 -1  2  0  1 -3 -2 0 0 0 60
-2  2 -1 -2  1 -1 -2 -3  1 -1 -2  0 -1  2 -4  0 -3  5  5  0 0 0 0 45
-1 -3 -4 -4  2 -3 -4 -4 -4  4  1 -3  2  1 -4 -1  0 -3 -2  3 1 1 1 0
 0 -3  0 -4  2  0 -1 -1 -3  1  0 -3  6  0 -4 -1  0  2 -2  1 1 0 0 0
 0 -4 -4 -4  3 -3 -4 -1 -4  2  1 -4  2 -3 -4  0  1 -4 -3  4 1 0 0 0
-1  1  1 -2  0  1 -1  0  4 -1 -1 -1  1 -3 -2  1  2 -4 -2  0 1 0 0 5
-2 -5 -6 -6 -3 -5 -4 -5 -5  3  3 -5  0  3 -6 -3 -3  0  0  4 1 0 0 0
-1  1  1  2 -4  2  3 -4  1 -1 -2  1 -1 -4 -4 -1  1 -5 -2  0 1 0 0 10
-1 -1 -3  3 -2 -1 -1  1  3 -4 -3 -2 -2 -3  4  0  1 -5  1 -2 1 1 1 10
-1 -2  4  4 -2 -1  1  3  0 -4 -5 -3 -5 -6 -4  1 -3 -6 -5 -3 1 1 0 55
 1 -1 -3 -2  3  3  0 -2 -1 -1  0  0  0 -3 -1 -1  0 -4  0  1 1 1 1 15
 0  1 -1  0  3  1 -1 -1  0 -1 -1  0  1 -2  3  0  0 -1 -1 -2 1 0 0 35
-5 -2 -6 -7 -5 -5 -3 -7 -6  3  3 -5  9  0 -6 -3 -3 -5 -5 -1 1 0 0 0
 0  0 -2 -2  1 -1 -2 -2  0  0  1 -2  1  1 -4  1  1  3  3  0 1 0 0 5
-3  1 -6 -6 -6 -5 -6 -6  3 -2  1 -4  2  7 -6 -3 -5  3  0 -1 1 0 0 5
 2  0  0 -1  0 -1 -2  5 -2 -5 -4 -1 -1 -4 -2  0 -1 -5 -1 -4 0 1 1 30
-1  0 -1 -2  0 -3 -3  7 -5 -5 -4 -3 -6 -6 -4 -2 -2 -6 -6 -6 0 1 1 40
-1 -2  1  0 -4 -1 -1 -4 -2 -4 -2  0 -1 -5 -2  4  3 -6 -5 -3 1 0 1 25
-1 -2  0  2  1  0  2 -1  1 -2 -2  0 -2  1  0  1  2 -1 -1 -2 1 1 1 65
 0 -3 -1  5  0  1  4 -2 -2 -3 -2  0 -4 -5 -3 -1 -1 -6 -5 -2 1 1 0 55
-3 -4 -1 -1 -7 -1 -2 -3 -6 -6 -4 -1 -6 -7  8 -3 -2 -7 -2 -3 1 1 0 40
 3 -3 -3 -5  8 -4 -5  0 -2 -2 -1 -3  1 -2 -5  1 -1  0  0  0 1 1 1 0
 5 -5 -5 -5  5 -4 -5  0 -4  0 -2 -4  0  0 -5 -2  0 -5  3  1 1 0 0 -5
-3 -2 -3 -5  0  1 -4 -5  0  1  2 -4  2  4 -5 -2 -2  1  4  0 1 0 0 5
 0 -5 -5 -5  4 -4 -5  0 -5  2  2 -5  3 -1 -5 -2 -2 -5 -2  3 1 0 0 0
-2  0  0  1 -1  0  4 -4  1 -3 -2  0 -1 -1 -4  2  1 -5 -2 -1 1 0 0 15
-1 -5 -5 -6  2 -5 -5 -1 -5  2  3 -5  2  1  0 -4  0 -4  1  3 1 0 0 0
-1  3  1 -1  0  1 -1 -2  3 -1 -2  2  1 -1 -3  0  0 -4  1 -1 1 0 0 10
 2 -2 -1 -2  1 -3 -3 -2 -4  0 -1 -3 -3 -2 -4  5  0 -5  0  0 1 0 0 0
-3 -3 -5 -5 -1 -4 -3 -5 -2  5  2 -4  0  2 -3 -3  0  0  1  1 1 1 0 30
-1 -1 -1 -1  0 -2 -4  6 -4 -5 -2 -2 -5 -5 -1  0 -2 -1 -3 -4 1 1 0 30
 0  0  2 -1 -1  0  0  1  0 -2 -2  1 -1 -2  1  0  0 -3 -2  0 1 1 1 45
-1 -3 -2 -4 -1 -2 -2 -2 -1  3  3 -3  2  1  0 -1  0 -3  0  1 1 1 1 10
 0  0  2  2  0  0  0  3 -1 -4 -4  0 -3 -4  1  2  0 -5 -4 -4 1 1 0 20
 0  1 -2  0 -4 -1  0  1  0 -2 -2  0 -2 -2  5 -1 -1 -4  0 -2 0 0 1 35
 2 -1 -1  1 -4  0  3 -1 -3 -1 -3  0 -3 -5 -1  2  1 -5 -4 -2 0 0 1 60
 0  0  0  0 -2  2  2 -2  0 -2 -1  1 -1 -2 -2 -1  1 -4  0  0 0 0 1 35
-2 -1  6 -1  2 -1 -2 -4  0 -2 -3  0 -4 -1 -1 -1  1  1  0 -2 0 0 1 0
-1  2  0  0  0  1  1 -1  0  0 -2  3 -1 -4  0 -1 -1 -4 -3 -1 0 0 1 40
 1  2  0  0  0  1  1 -1  1 -2 -2  3  0 -4 -3  0  0 -4 -3 -2 0 0 1 55
-1 -3  0 -5 -2 -1 -4 -5  4  0  2 -4  3  2 -5 -3 -2  1  4 -1 0 0 1 0
 2 -4 -1 -2  1 -2 -4 -1 -2 -1 -5 -2 -4 -5 -4  5  3 -6 -2 -3 0 0 1 0
 2  0 -1  0  1  1  1 -1 -2 -2 -3  3 -3 -3 -1  0  0 -5 -4 -1 0 0 1 65
 2  0 -2 -1  1  0  1 -2  0 -1  1  1  0 -2 -1 -1  0 -4 -1 -1 0 0 1 25
-2 -6 -6 -7 -5 -6 -6 -7 -6  5  3 -6  2  4 -6 -5 -4 -5 -1  1 0 0 1 0
 0 -3 -4 -5  7  1 -3 -2  0 -3 -1 -3  1  2 -3  1  2 -4  0 -3 0 0 1 0
 1  0  0  2 -1  1  3  0 -1 -5 -4  1 -2 -5 -1  1  0 -5 -4 -4 0 0 1 30
 0 -3 -4 -3 -2 -2 -2 -4  2  2  2 -3  0  4 -3 -2 -1  0  1  0 0 0 1 5
-2 -5 -6 -4  1 -5 -6 -6 -5  3  5 -5  3  2 -6 -5 -3  0  0  1 0 0 1 0
 0  0  1 -1 -1  3  3 -2  2 -3 -3  1 -1 -3 -3  2  1 -4  0 -2 0 0 1 25
 0 -1  0  2 -5  2  3 -1  2 -3 -4  3 -4 -5 -4  0  0 -5 -4 -4 0 0 1 55
-1  0  0 -2 -4  1  3 -3  4  0 -2  2 -2 -3  0 -1  0 -4 -2 -1 0 0 1 35
-3 -6 -6 -7  0 -6 -6 -7 -6  0  6 -6  0  1 -6 -5  0 -5 -3 -2 0 0 1 0
-1 -2  0  0 -1 -1 -3  5  3 -6 -5  1 -5 -4 -3  1 -3 -5 -3 -5 1 1 1 70
-3 -6 -4 -6 -4 -5 -6 -6 -6  6  1 -5 -1 -2 -6 -1 -3 -5 -2  4 1 1 1 0
 0 -3 -1  1 -3  1  0 -1 -2 -5 -3  0 -4 -5  5  2 -1 -6 -5 -4 1 1 1 40
 1 -1 -2 -3 -2  2 -1  0 -3 -2 -3  2 -3 -4  5  1 -2 -5 -3 -3 0 0 0 20
-1  0  3  5 -2 -1  2 -1 -1 -5 -5 -1 -3 -4 -4  1 -1 -6 -3 -4 0 0 0 45
-2  8 -1 -2 -3  0 -4 -6  0 -7 -6  0 -5 -6 -5 -2 -5 -2 -4 -4 0 0 0 10
-3 -5 -3 -4  2 -3 -5  1 -5  5 -1 -5  3  2 -5 -3 -1 -5 -3  3 1 0 0 0
-5 -3 -3 -4  0 -4 -4 -6 -2  0 -1 -3 -1  3 -6 -4 -3 -2  8  1 1 0 0 5
-3 -6 -7 -7 -2 -6 -7 -5 -7  7  1 -6  2 -1 -6 -6 -2 -6 -5  3 1 0 0 0
-1  2  3 -1 -2  0  1 -3  1 -1 -1  2 -1 -3 -4  0  0 -5 -2 -1 1 0 0 5
-6 -6 -6 -7  0 -6 -7 -7 -1  0 -1 -6  0  8 -7 -6 -6 -3  6 -2 1 0 0 0
 0 -1  0  1 -1  1  1 -3  3 -1 -2 -2 -2  2 -4  0  0 -1  4  0 1 0 0 15
-1 -2  2  6 -5 -2  2 -3 -1 -3 -5 -3 -5 -3  3  0 -2 -6 -5 -4 1 0 0 55
 0 -2 -3 -4  1 -2 -3 -4 -3  2  2 -2  4 -2  0 -1  0 -4 -2  2 1 1 1 10
 0 -2  3  2 -2  1  2 -1 -3 -4 -4  1 -4 -5  4  1  0 -5 -4 -4 1 1 1 65
 3  1 -2 -2 -3 -1  0  1 -3 -3 -3 -2 -2 -3  4  1  0 -4 -2 -2 0 0 0 25
 2 -2 -1 -1 -3  1  2 -2  3 -3 -2  0 -2 -2 -1  1  0  4 -1 -2 0 0 0 20
-3 -3  6  2  0  2 -1 -4  3 -4 -1 -3  2  1 -5 -1 -2 -3 -1 -4 0 0 0 25
-4 -6 -7 -7  1 -5 -6 -6 -6  3  0 -6  1  3 -6 -4 -2  9 -1  3 1 0 0 5
 2 -6 -5 -2 -6 -3 -6  7 -6 -7 -7 -5 -6 -7 -6 -2 -5 -7 -7 -5 1 0 0 0
-4 -3 -3 -7  1 -2 -6 -6 -2 -2 -4  1  1  3 -7 -4  0 10  4 -2 1 0 0 25
-3 -2  7  1 -6  0 -3  0 -3 -2 -5  1 -3 -6 -5  0 -4 -7 -6 -6 0 1 1 40
-2 -4  1 -3 -6 -5 -4  7 -1 -7 -7 -3 -6 -7 -6  0 -5 -6 -4 -7 0 1 1 35
-1  2  0 -2 -4 -2 -3  0 -2 -3 -4  1 -1 -3 -4  3  4 -3 -2 -2 1 0 0 30
-3 -5  2 -5 -5 -5 -5 -5 -5 -3 -2 -5 -2 -6 -3 -2  7 -6 -5  1 1 0 0 10
-4 -6 -7 -7 -6 -6 -7 -4 -5  0 -2 -6  5  8 -7 -6 -3 -3 -1  1 1 1 1 25
 5 -4 -3 -4 -3 -3 -2  4 -4 -4 -4 -1 -2 -5 -4  0  2 -5 -5 -2 1 1 1 75
-2 -3 -3 -3 -3 -3 -2  1 -3  0  0 -3 -1  5 -4  0 -1 -1  1  2 1 1 1 75
 0 -2 -2  0 -3  0  5 -3 -2  0  0 -1 -1 -3 -2 -1 -2 -4 -3  0 1 1 1 75
-1  3  1 -2 -3  0 -1 -2  3  0 -1  0  3  1 -3  1 -1 -3 -1 -1 1 1 1 85
 0  0 -1 -1 -3  1  2  0  2 -2  0  2 -1 -2 -2  0 -1 -3 -1 -2 1 1 1 95
-2  4 -1 -1 -4  1  2 -3  3 -4 -3  3 -2 -3  2 -1 -1 -3 -2 -3 1 1 1 30
-1  2 -1 -2 -3  1  0 -2  3 -2  0  5 -1 -3 -2 -1 -1 -3 -1 -2 1 1 1 50
-1  0  0  0 -4  5  3 -2  6 -4 -3  0 -1 -3 -2 -1 -1 -3  0 -3 1 1 1 45
-2  0  0 -1 -3  0  0 -2  9 -4 -3 -1 -2 -2 -3 -1 -2 -3  2 -4 1 1 1 75
