 4 -2 -1 -2 -1 -1 -1  1 -2 -2 -2 -1 -2 -3 -1  2  0 -3 -2 -1 1 1 1 95
-1  0  2  3 -4  2  4 -2 -1 -4 -4  1 -3 -4 -2 -1 -1 -4 -3 -3 1 1 0 65
-1  2  0 -1 -3  2  0  0 -1 -1  0  3  0 -2 -2  0  0 -3 -2 -1 1 1 1 85
 0 -2  0 -1 -2  0 -1 -1 -2 -3 -3 -1 -2 -4 -1  6  1 -4 -3 -3 1 1 1 25
-2 -3 -3 -4 -2 -2 -3 -4 -3  2  3 -3  3  2  0 -1 -1 -2 -1  1 0 0 1 25
 0  0  0 -1 -2 -1 -1 -2 -2 -3 -3 -1 -2 -3 -2  4  4 -4 -3 -2 0 1 1 10
-1 -3  0 -2 -4 -3 -3  7 -3 -5 -5 -3 -4 -4 -3 -1 -3 -4 -4 -4 0 1 1 40
-2 -3 -4 -5 -2 -3 -4 -5 -4  1  5 -3  2  0 -4 -3 -2 -3 -2  1 1 1 1 10
-1 -2 -1 -2 -2 -2 -2 -3 -3 -2 -3 -2 -2 -3 -2  2  6 -4 -3 -1 1 1 1 25
-2 -2 -1  4 -4  0  5 -3 -1 -3 -4 -1 -3 -4  1  0 -2 -4 -3 -2 0 0 1 45
 1  0  0  1 -3  3  4  0 -1 -4 -3  0 -2 -4 -1  0 -1 -3 -3 -3 0 0 1 70
-1 -1 -1  0 -4  5  6 -3 -1 -4 -4  0 -2 -4 -2 -1 -2 -4 -3 -3 0 0 1 45
 6 -3 -3 -3 -2 -2 -2 -1 -3 -3 -3 -2 -2 -3 -2  1 -1 -4 -3 -1 0 0 1 -5
-1  2 -1 -2 -4  4  0 -3 -1 -2 -2  5 -2 -4 -2 -1 -1 -4 -3 -1 0 0 1 45
-1 -1 -1  0 -5  1  7 -3 -1 -5 -4  0 -3 -5 -2 -1 -2 -4 -3 -4 0 0 1 55
-3 -4 -4 -5 -3 -4 -4 -4 -3  1  1 -4 -1  7 -5 -3 -3  0  2  0 0 0 1 30
-3 -2  1 -2 -5  0 -1 -3 10 -5 -4 -2 -3 -3 -4 -2 -3 -4  0 -5 0 0 1 10
 2 -1  0  0 -2  0  2  3 -2 -3 -3  1 -2 -3 -2  2 -1 -3 -3 -2 0 0 1 50
-1 -2 -2 -3 -2  4 -1 -2 -2  3  1 -1  1  0 -3 -2 -1 -3 -1  2 0 0 1 55
-3 -4 -4 -5 -4 -4 -4 -4 -2 -1 -1 -4 -1  8 -5 -4 -3  2  5 -2 0 0 1 25
-1 -1 -2 -3 -2  0 -1 -3 -2  0  1  2  5 -2 -3 -1  1 -3 -2  2 0 0 1 45
 0 -1 -1 -2 -2  3  0  0 -2  0 -2  1  0 -3 -2  1  3 -3 -2  1 0 0 1 50
 0 -2 -1 -2 -2 -1 -2  2 -2 -3 -3 -1 -2 -3 -2  4  4 -4 -3 -2 0 0 1 55
-2 -3 -3 -4 -3 -3 -3 -4 -1  0  1 -3  4  6 -4 -2  0  2  4 -1 0 0 1 50
 0 -2 -2 -2 -2 -2 -2 -2 -2  1  0 -2  1 -1 -2  1  3  3 -1  1 0 0 1 45
 2 -2 -2 -3 -2 -2 -2  2 -3  1  1 -2  0 -2 -2  0  0 -3 -2  1 0 0 1 45
-3 -4 -4 -5 -4 -4 -4 -4 -2 -2 -1 -4 -1  8 -5 -4 -3  4  4 -2 0 0 1 60
-1 -3 -2 -3 -2 -2 -3 -3 -3  2  1 -2  1  2 -3  0  2 -2 -1  3 0 0 1 45
 2 -3 -2 -2 -2 -2 -2  4 -3  0 -1 -2 -1 -3 -2  0 -1 -3 -3  1 0 0 1 55
-2 -3 -4 -4 -2 -3 -4 -4 -4  4  2 -3  1  0 -3 -3 -1  1 -1  3 0 0 1 65
 5 -3 -3 -3  1 -2 -2 -1 -3 -1 -2 -2 -2 -3 -2  0 -1 -4 -3  1 0 0 1 25
 3 -3 -3 -3 -1 -2 -3 -2 -3  2  0 -2  0 -1 -3 -1 -1 -3 -2  4 0 0 1 45
 0 -3 -3 -2 -2 -3 -3 -3 -3  2  2 -3  1  1 -3 -2  0 -3 -1  3 0 0 1 50
 5 -3 -3 -3 -1 -2 -2 -1 -3 -1 -2 -2 -2 -3 -2  0 -1 -4 -3  1 0 0 1 45
-3 -2 -1 -3 -5 -1 -2 -4 10 -5 -4 -2 -3 -3 -4 -2 -3 -4  0 -5 0 0 1 60
-1 -3 -4 -4 -2 -3 -3 -4 -3  3  3 -3  2  2 -3 -3 -1 -2  0  2 0 0 1 60
 0 -3 -4 -4 -2 -3 -4 -4 -3  1  5 -3  2  2 -4 -3 -2 -2 -1  0 0 0 1 65
 2 -3 -3 -3 -1 -2 -3 -2 -3  2  0 -2  1 -2 -3  0  0 -3 -2  4 0 0 1 40
-4 -4 -5 -5 -4 -3 -4 -4 -3  1 -1 -4 -1  2 -5 -4 -3 11  4 -2 0 0 1 45
 1 -2 -2 -3 -2 -1 -2 -2 -2  1  1 -2  3  2 -3  0  0 -2 -1  1 0 0 1 80
 1 -3 -1 -2 -3 -3 -3 -3 -3 -4 -3 -2 -3  0 -4 -2 -2 11  3 -3 1 0 0 55
-2  6  2 -2 -4  0 -1 -3 -1 -4 -2  3 -2 -4 -3 -1 -2 -4 -3 -3 1 1 0 20
-2 -4 -3 -3 -4 -3 -3 -4 -4 -4 -4 -2 -4 -5  8 -2 -2 -5 -4 -4 1 1 1 15
-4 -5 -6 -6 -4 -4 -5 -4 -4 -4 -3 -5 -3  2 -6 -5 -4 12  1 -4 1 1 1 25
-3 -3 -4 -4 -3 -3 -4 -4 -3  2  3 -4  0  5 -4 -3 -2  4  2  0 1 1 1 65
