-4 -4 -5 -6 -4 -4 -5 -6 -5 -1  4 -4  9 -2 -5 -5 -3 -4 -4  0 1 1 1 70
 0 -1  2 -1 -4  3  0 -1  1 -2 -4  3 -3 -4 -3  3  0 -5 -3 -1 1 1 1 60
-4 -2  5  4 -6  0  2 -3  0 -6 -6  4 -5 -6 -3 -2 -3 -6 -5 -5 1 1 1 55
-1  2  3  1 -1  0  1 -1 -2 -2  1  1 -1 -2 -1 -1 -1 -3  2 -2 0 0 1 40
-3  0  0 -3 -4  0 -3 -5 -3  2  3  2  0 -2 -4 -2  0  3 -2  0 1 0 0 25
-2 -7 -7 -7 -5 -6 -7 -7 -7  5 -2 -6 -3 -4 -6 -6 -4 -7 -5  7 1 0 0 5
-1  1 -2 -4 -3 -2 -4 -5 -2  1 -2  0 -2  0 -4  0  2 -1  1  4 1 0 0 25
-4 -2 -4 -4 -6  5  1 -6  2 -3 -3  5  4 -3 -5 -4 -2 -6 -3 -4 1 1 1 95
 1  0 -1  2 -5  0 -3  0  5 -6 -6 -2 -5 -6 -5  5 -1 -6 -4 -5 0 0 1 10
-7 -4  9 -3 -8 -5 -4 -6 -2 -8 -9 -5 -7 -8 -5 -4 -3 -9 -3 -8 0 0 1 60
 2  1  0  3 -4  0  2 -3 -2 -2 -3  1 -3 -3 -3  1 -1 -5 -2 -2 0 0 1 55
-5 -6 -7 -8 -5 -6 -7 -8 -7  2  6 -7  1  1 -7 -6 -5 -6 -5  0 0 0 1 5
 0 -5  1 -5 -4 -3 -5 -4 -5  5  0 -5 -1 -4 -4 -2  3 -6 -5  3 0 0 1 5
-3  2  2  1 -1  1  4 -3  0 -4 -4  1 -1 -5 -4  0  2 -5 -1 -2 0 0 1 50
 6 -5 -5 -5 -1 -4 -5  0 -5 -4 -5 -3 -3 -6 -2  2  0 -6 -3 -4 0 0 1 10
 1  2 -1 -3 -2 -1 -3 -1 -1  1 -2  1 -2  1 -1  2 -1 -4 -3 -1 0 0 1 0
 0 -4 -5 -6 -3  0 -4  0  3 -3 -4 -3 -2  1 -6  0 -3  0  8 -3 0 0 1 65
-2  1  4  2 -2  0  0  0  2 -3 -5  3 -3 -5 -4  1  0 -5 -1 -3 0 1 1 65
-5 -6 -7 -7 -5 -6 -7 -7 -6 -1  6 -5  5  0 -7 -4 -2 -2  0 -2 1 1 0 0
-3 -3  1  2 -5 -2 -1 -2 -5 -3 -5 -2 -5 -6  0  4  5 -7 -6 -5 1 1 1 35
 1 -1 -4 -4 -4 -3 -1 -4 -5  0  4  1 -1 -2 -2 -2  1 -5 -4  1 0 0 1 60
 0  0  2  1  0  1 -1 -3 -1 -1 -1  0  1  0 -2  1  1  0 -1  0 0 0 1 25
 1 -5 -5 -4 -8  3  7 -5 -5 -8 -7 -4 -3 -8  1 -3 -5 -8 -7 -7 0 0 1 -5
-3  1 -2 -5 -6  5 -3 -4  3 -1  1  4  2 -2 -4 -4 -1 -5 -1 -4 0 0 1 25
-6  7 -2 -1 -8 -2 -3 -7 -2 -8 -7  5 -6 -8 -6 -4 -6 -8 -6 -7 0 0 1 20
-3 -6 -7 -7 -5 -6 -7 -7 -6  5  4 -6  4  1 -6 -6 -3 -6 -4  3 0 0 1 -5
-4 -6 -7 -7 -5 -6 -7 -7 -6  4  4 -6  3  4 -7 -6 -5  0 -2  2 0 0 1 0
-1 -3 -1  1  0 -2  0 -3 -4 -1  3 -4  2  2 -5 -2 -2  2  3 -3 0 0 1 25
 0 -5 -5 -6  3 -4 -5 -4 -1  1  4 -5  3  2 -5 -2 -1  0  4 -1 0 0 1 10
 5 -5 -5 -6  6 -5 -5 -2 -5  0  1 -5  0 -2 -5 -2  0 -6 -3  1 0 0 1 -5
-1 -5 -6 -6 -2 -5 -6 -4 -6  5  2 -5  3  1 -6 -2 -2 -5 -4  3 0 0 1 0
 3 -2 -1 -2 -1 -1 -1  0 -4 -3 -3 -3 -2 -2 -1  5  0 -5 -2 -1 0 0 1 45
-1  1  0 -3  3  4 -1 -3 -1 -1  0  3  0  0 -3 -1 -1 -4  0 -2 0 0 1 55
-1  1 -3 -3 -2 -5 -5 -6 -5  6  2 -5  1 -1 -6 -4 -4 -5 -1  3 1 1 1 10
-2  1  3  4 -4  2  2 -3  0 -4 -4  1 -4 -1 -2 -1 -2 -4 -1 -4 1 1 1 35
-1 -1  0 -2 -4 -1 -1 -2 -1 -3 -3  1  0 -3  4  3  2 -4 -2 -2 0 1 1 80
-2  3  2  2 -4  0  2  0 -2 -3 -2  2  1 -2 -3  0  0 -4 -2 -2 0 1 1 90
-1  0  2  3 -5  2  1 -3  0 -2 -3  3 -2 -2 -1 -2 -1 -5 -1 -2 1 1 0 70
-1 -2  0  2 -4 -1  3  1  0 -2 -3  1 -2 -4  3 -1  1 -4 -4 -1 1 1 1 80
-1 -1  0  2 -1  1  0 -1 -1  1  1 -1  0 -1  0  0  0 -3 -2  0 1 1 1 55
-2  1  0  1 -4  0  0 -3 -1 -3 -2  1 -3  2  3  0  2 -1 -3 -3 1 1 1 20
 0  0  2  2 -4  0  1  0 -1 -3 -3  3 -3 -2  1  1 -1 -4 -3 -2 0 1 1 85
-3 -1  3  4 -2  1  1  1  0 -3 -2  0 -3  2 -4 -1 -1 -4 -3 -3 0 1 1 60
-1  0  1  1 -3  0  0  0  1 -1 -1  1 -1 -1 -1  0  1 -3  0 -1 1 1 1 0
-1 -1 -2 -2  0 -2  1 -3 -1  2 -1  0  0  0  2 -1  2 -4  0  2 1 0 0 20
-3 -5 -6 -3  1 -2 -5 -6  0  2  1 -4  0  4 -2 -5 -1  0  6  2 1 0 0 5
-2  1 -1  0 -1  0  2 -4  0 -2 -2  1 -2 -3 -1  0  3 -1  2  0 1 0 0 45
-3 -6 -6 -6 -1 -6 -6 -6 -6  5  2 -6  1  3 -6 -2 -1 -5 -4  4 1 0 0 0
-2  1  1 -1 -2 -2 -2 -4  4 -2 -4  1 -2 -1  0  3  3  0  1 -3 1 0 0 55
 4 -2 -2 -5 -2 -4 -3 -3 -3  1 -2  2  1 -3 -1 -2 -1 -5  0  3 0 0 1 5
 1  0  0  1 -3  1  2 -1  1 -1 -1  1  0 -3 -1  1  0 -3 -1 -1 0 0 1 40
-1 -1  0  3 -5  2  4 -2  1 -4 -2 -1  0 -1 -3 -1 -1 -5 -3 -2 0 0 1 40
-1 -5 -5 -6  2 -5 -5 -6 -3  1  2 -5  2  5 -6 -4 -4 -2  6  0 0 0 1 0
 3  0 -2 -3  0 -1 -1 -1  0  1 -1  0  2  2 -3  0 -1 -3 -1  0 0 0 1 5
 0  0  2  3 -2  1  3 -3  0 -2 -4  3 -2 -3 -4 -1 -1 -5 -4 -4 0 0 1 75
-1 -1 -1  0  0  0 -1 -4  1  1  2 -1  2  2 -3 -1  0  1  0  0 0 0 1 55
-1 -2 -3 -5  1 -2 -3 -3 -4  0  1 -3  1  6 -2 -2  0  1  2 -1 0 0 1 20
-2 -2  3  2  0  1  0  4  0 -3 -5  0 -4 -5 -1 -1 -2 -5 -2 -3 0 1 1 85
-1 -1 -1 -1  1  1 -1 -2  1  1  1 -2  2  0 -3 -1  0 -3  1  2 1 1 1 25
-1  1  2  2 -4  1  1  0  1 -4 -3  2  1 -4  0  1  0 -4 -3 -3 1 1 1 55
-1  2 -1  2 -2 -1  0  1 -1 -1 -2  2  0 -3  1  1 -1 -4 -2 -2 0 0 1 65
-1  0  4  1 -5  0  0 -1  2 -4 -5  3 -2 -5 -4  2 -1 -5 -1 -5 0 0 1 75
 0  0  4  1 -4  1 -1  0  2 -3 -3 -2 -3 -4 -2  2  2  1 -1 -2 0 0 1 60
 4 -1  1 -3 -2 -2 -3 -2 -1  0 -1  2 -1 -1 -3  1  0 -4  0  0 0 0 1 0
-4 -3 -4 -6 -6 -5 -2 -5  4  0 -4 -4 -1 -1 -4 -2 -3  1  9 -3 0 0 1 10
-1  2  1  0 -2  2  2 -2  1 -4 -3  3 -2 -5 -3  1  1 -5 -4 -3 0 0 1 55
 1  3 -1  2 -2  4  2 -3 -1 -4 -4  0 -4 -2 -4 -1 -2 -4  1 -3 0 0 1 20
-2 -5 -6 -6 -4 -5 -5 -4 -5  3  4 -2  2  2 -6 -5 -4 -4 -1  2 0 0 1 -5
 0  2 -1 -1 -5  2  1 -3 -1 -2 -3  5 -2 -3 -2 -1 -2 -5 -2 -3 0 0 1 30
-1  0  2  3 -5  2  4 -2 -3 -5 -4  3 -2 -5 -2  0 -2 -6 -5 -2 0 0 1 40
 5 -4 -2 -5 -4 -2 -3  1 -5  2 -1 -4  0 -2 -2 -1 -1 -5 -4  0 0 0 1 -5
 1 -4 -3 -4  4 -1 -3 -2 -4  2  0 -3  0  1 -3  1  2 -4 -2  2 0 0 1 -5
-2  1  1  3 -5  1  3 -3  0 -3 -2  3 -2 -3 -4  0 -1 -5 -2 -3 0 0 1 15
 0  1  2  1 -4  0  2 -1  1 -1 -2  2 -1 -2 -3  1  0 -4 -1 -2 0 0 1 35
-5 -5 -2 -7  0 -5 -6 -3 -6  1  5 -6  4  1 -6 -5 -1 -5  0 -1 0 0 1 -5
 0  0  0 -1 -1  2 -2 -1  0 -1  0  0  4  3 -4 -1 -2  2  2  0 0 0 1 -5
-1  1  1  1 -1  0  1  0 -1 -2 -2  2 -1  1 -1  1 -1 -4 -3 -2 0 0 1 55
-1  5 -1 -2 -1  2 -1 -2  1 -2 -4  4 -4 -5 -2  0 -1 -5 -4 -4 1 1 1 25
 0 -1 -2  0 -3  2  0 -2 -1  0 -2  0  0 -1  1  1  1  2  2  1 1 1 1 15
-2 -4 -3 -4 -5 -4 -6 -6 -6  4  0  0  0  5 -6 -4 -4  0 -1  4 1 0 0 15
-2  1 -1 -2 -2  0  2 -3 -1  0  0  2 -1  0 -2  1  1 -1  0  0 1 0 0 45
-3 -1 -1 -3 -5 -2  1 -5 -4  5  0  0 -1  3 -5 -3  1 -1  3  0 1 0 0 50
-2  0  0  0 -3  2  1 -2  2  0 -2  3 -3  0 -1 -1 -1  2  4 -2 1 0 0 50
-2  0  2  3 -5 -1  2 -2 -2 -1 -2  2 -2 -4  1  0  0 -2 -2 -2 1 0 0 50
-3 -1  2  3 -5  0  3 -1  0 -3 -4  3 -3 -4  1 -1  0 -1 -2 -2 0 1 1 95
-3  0  2  3 -5 -1  2  3 -1 -3 -5  1 -3 -5 -3 -1  0 -5 -2 -1 0 1 1 80
-3  1 -1  1 -6  0  3  1 -1 -3 -4  4 -4  1  1 -2 -3 -5  0 -4 1 0 0 70
 0  1  1  0 -4  0  2  0 -1  1 -2  2 -2 -3 -2  1  0 -2 -1 -1 1 0 0 20
-2  0 -1 -2 -3 -2 -1 -2 -2  2  1  0  0  3 -4 -1  0  3  1  1 1 0 0 25
-2  2 -1  0 -2  0  3 -1 -1  1  0  2 -1 -2 -2 -1  0 -1 -2  1 1 0 0 15
-1  2  0 -2 -2  2  1 -2 -2  1 -1  2  2 -2 -4  1 -1 -4 -1  0 1 0 0 15
-1 -3 -4 -5 -1 -3 -3 -3 -4  2  1 -3  3  3 -3  0  2  1  2  1 1 0 0 5
-1  4  3 -2 -5  2 -2 -1  0 -2 -3 -1 -4 -2  1  1  0 -1  0 -1 1 1 1 0
-4 -7 -8 -9 -1 -7 -8 -8 -1 -1  1 -8 -1  2  1 -7 -7 11 -1 -3 1 1 0 0
-4 -5 -6 -6 -4 -5 -1 -6 -5  4  2 -5  2  5 -6 -5  0 -4  0  3 1 0 0 0
 0 -2  0  0 -1  3  1 -1 -1  0 -4 -1 -3 -2  0  3  1  1 -1 -1 1 0 0 -5
-1  1 -1  0 -4  0  2 -1  0 -3 -3  3 -1  0 -4  1 -1  0  3 -2 1 0 0 0
 3  0 -4 -3  3 -2 -4 -2 -4  3 -1 -2 -1 -1 -2 -1 -1 -5 -2  3 1 0 0 -5
 0  0 -1  2 -4  1  2  1  0 -1 -2  2 -1 -2 -3  0  1 -4 -3 -1 1 0 0 25
-4 -6 -3 -6 -6 -3 -6 -4  0 -1 -3 -2 -1  3 -6 -3 -3  5  8 -2 1 0 0 5
-1  1  2  1 -1  0 -1 -2  1  0 -1  1  0  1 -3  0  0  1  0  0 1 0 0 25
-2  1 -1  4 -5 -1  2 -3  0 -4 -4  3 -1 -3  2  0 -2 -6 -5 -3 0 1 1 60
-1  0  3  3 -4 -1  0  3  0 -4 -4  1 -4 -2 -4  0 -2 -1  2 -3 0 1 1 95
-1  1  2  0 -2  1  3 -2  0 -4 -2  2 -3 -4 -3  0  0  0 -2 -3 0 1 1 65
 1 -3 -1  1 -6 -1 -3  6 -2 -4 -6 -1 -5 -6 -5 -1 -4 -1 -4 -4 0 1 1 25
 0  1 -1 -1  1  0  0 -2 -1  0  0  1  0  0 -3  0  1  1  1  0 1 0 0 0
-1 -6 -6 -7 -5 -6 -6 -6 -6  4  1 -6 -1  2 -6 -5 -3  4  1  5 1 0 0 -5
-2  0 -2  0 -1  1  4 -1 -1  0 -2  1  0 -2 -4  0  1 -1 -1  0 1 0 0 10
-3 -6 -7 -7 -1 -6 -7 -7 -6  6  3 -6  1  3 -7 -6 -3 -5  0  2 1 0 0 -5
-1  3 -2 -2 -2  1  2 -3  1  0 -3  2 -1 -2 -4  0  1  0  0  0 1 0 0 -5
-4 -7 -7 -7 -6 -7 -7 -7 -6  1  1 -7 -1  8 -7 -6 -6  2  0 -3 1 0 0 0
 1 -4  4  0 -3 -3 -3 -2  3 -3 -5 -4 -3 -4 -3  4  3  0 -5 -5 1 1 1 -5
-1  0  0  2 -6  1  2 -4  1 -4 -4  2 -3 -5  5 -1 -2  0 -1 -4 0 1 1 20
 0 -1 -1  4 -1  0  3 -3  1 -2 -3  2 -2 -2 -2  0  0 -5  1 -2 0 1 1 25
 0 -2 -6 -6 -4 -5 -6 -6 -6  4  3 -5  2 -1 -6 -3 -2 -5 -2  4 0 1 1 0
 0 -1 -4 -4 -4 -1 -1 -4 -3  2  2  3  5 -2 -5 -2 -2 -5 -2  1 0 0 1 5
-4 -1 -2 -2 -7 -1 -2 -6 -6 -7 -4 -1 -6 -7  8 -3 -2 -8 -3 -5 0 0 1 45
-3 -6 -6 -7 -6 -3 -4 -5  4 -3  1 -6  2  5 -7 -6 -4 -1  8 -5 0 0 1 25
-4 -6 -7 -7 -5 -6 -6 -7 -6  4  5 -6  1  2 -6 -6 -3 -5 -2  1 0 0 1 0
-2 -4 -4 -5  1 -3 -4 -4 -3  2  2 -3 -1  3 -5  1  3 -4  2  0 0 0 1 45
-2  1  2  2 -5  3  3  1 -1 -3 -4  2  0 -4 -3 -2 -3 -5 -3 -2 0 0 1 35
-5 -6 -7 -8 -5 -4 -7 -8 -7  1  6 -7  0  1 -7 -5 -3 -6 -5 -1 0 0 1 0
-2  1  0  1 -6  2  2 -2  0 -5 -5  5 -4 -6 -4  0  0 -6 -1 -3 0 0 1 35
-1  1  2  1 -5  1  3  1 -2 -5 -5  4 -4 -4 -2  1  0 -5 -4 -5 0 0 1 60
-2  2  5  0 -4  3  1 -1  2 -5 -5  2 -3 -2 -3 -1 -2 -2  0 -5 0 0 1 30
-6 -4 -7 -8 -7 -7 -7 -7 -5 -5 -3 -7 -5  9 -8 -6 -6 -3  6 -4 0 0 1 20
-3 -3 -5 -6 -1 -5 -5 -6 -6 -1 -4 -5 -3 -2 -4 -1  8 -6  1 -3 0 0 1 50
-2  2 -3 -4 -5  4 -1 -4 -3 -3 -3  4 -2 -5 -3  3  2 -5 -1 -4 1 0 0 60
-4 -6 -6 -7 -7 -3 -6 -7  2 -1 -3 -6  1  3 -7 -6 -4 -2  9 -3 0 1 1 65
 0  0  1  0 -4  3  2 -3  2 -3 -2  2 -3 -2 -1  1 -2 -4 -1 -2 1 1 1 65
-3 -6 -7 -7 -5 -6 -6 -7 -6  2  6 -6 -1 -2 -6 -6 -5 -5 -5 -1 1 1 1 95
-4  3 -3 -3 -6  4  4 -5 -3 -6 -5  5 -4 -6 -4 -3 -3 -5 -4 -5 1 1 1 95
