 0 -2  0 -1 -2 -2 -2  5 -2 -4 -3 -1 -3 -3 -2  0 -1 -2 -3 -3 1 1 1 90
-1  0  0  1 -3  2  5 -2  0 -3 -3  1 -2 -3 -1  0 -1 -3 -2 -2 1 1 1 55
 3 -2 -2 -2 -1 -1 -2 -1 -2  1  0 -1  0 -2 -2  0  0 -3 -2  3 1 0 1 -5
 0 -1  0 -1 -1 -1 -1 -2 -2 -1 -1 -1 -1 -2 -1  1  5 -3 -2  0 1 1 1 35
 0 -1  0 -1 -1 -1 -1 -2 -2 -1 -1 -1 -1 -2 -1  1  5 -3 -2  0 1 0 0 5
-1 -3 -3 -3 -1 -3 -3 -4 -3  3  1 -3  1 -1 -3 -2  0 -3 -1  3 1 0 0 -5
-3 -3 -4 -4 -2 -2 -3 -3 -2 -3 -2 -3 -2  1 -4 -3 -3 11  2 -3 1 0 0 0
 0 -2  0 -1 -3 -2 -2  6 -2 -4 -4 -2 -3 -3 -2  0 -2 -3 -3 -3 1 0 0 -5
-1 -3 -3 -3 -1 -3 -3 -4 -3  3  1 -3  1 -1 -3 -2  0 -3 -1  3 1 0 0 0
 0 -2  0 -1 -3 -2 -2  6 -2 -4 -4 -2 -3 -3 -2  0 -2 -3 -3 -3 1 0 0 0
 4 -1 -2 -2  0 -1 -1  0 -2 -1 -2 -1 -1 -2 -1  1  0 -3 -2  0 1 0 0 30
-2 -2  1  6 -4  0  2 -1 -1 -3 -4 -1 -3 -4 -2  0 -1 -4 -3 -3 1 0 0 25
-1 -1  1  5 -4  1  4 -2 -1 -3 -3  0 -3 -3 -1  0 -1 -4 -3 -3 1 1 0 30
 2  4 -1 -2 -2  0  0 -1 -1 -2 -2  1 -1 -3 -1  0 -1 -3 -2 -1 1 1 0 30
-1 -3 -3 -3 -1 -3 -3 -4 -3  4  2 -3  1  0 -3 -2 -1 -3 -1  3 1 1 1 50
-2 -2  1  6 -4  0  2 -1 -1 -3 -4 -1 -3 -4 -2  0 -1 -4 -3 -3 1 1 1 5
-1  2  0 -1 -3  1  1 -2 -1 -3 -3  5 -1 -3 -1  0 -1 -3 -2 -2 1 1 1 70
 1 -1  0 -1 -2 -1 -1  4 -1 -3 -3 -1 -2 -3 -1  3  0 -3 -2 -2 1 1 1 30
 0 -2  0 -1 -2 -1 -1  4 -2 -2 -2 -1 -2 -3 -2  1  3 -3 -2 -1 1 1 1 45
 3 -2 -2 -2 -1 -1 -1 -1 -2 -2 -2 -1 -2 -3  6  0 -1 -3 -2 -1 1 1 1 0
 1 -1  0 -1 -1  0 -1 -1 -1 -1 -2  0 -1 -2 -1  3  3 -3 -2 -1 1 1 1 45
-1  2  0 -1 -3  1  1 -2 -1 -3 -3  5 -1 -3 -1  0 -1 -3 -2 -2 0 0 1 60
-1  1  4  0 -3  1  0 -1  0 -3 -3  3 -2 -3 -2  0  0 -3 -2 -3 0 0 1 75
-1 -1  1  4 -2 -1  1 -1 -1 -2 -2 -1 -2 -3 -1  1  3 -3 -2 -1 0 0 1 30
-2 -2 -3 -4 -1 -2 -3 -4 -3  2  4 -3  2  0 -3 -3 -1 -2 -1  1 0 0 1 0
 0  0  0  0 -2  4  1 -1  0 -3 -2  1 -1 -3 -1  3  1 -2 -2 -2 0 0 1 20
-1  0  4  1 -3  1  3 -1  0 -3 -3  0 -2 -3 -2  0  0 -3 -2 -3 0 0 1 70
-2 -2 -3 -4 -2 -1 -2 -3 -2  0  1 -2  4  0 -3 -2 -1  9  1 -1 0 0 1 0
 3 -1  0 -1 -1  0 -1  0 -1 -2 -2  0 -1 -2 -1  3  1 -3 -2 -1 0 0 1 -5
 2 -2 -2 -2 -1 -1 -1 -1  0 -1 -1 -1 -1  1 -2  0 -1  1  5 -1 0 0 1 0
-1  1  1  4 -3  1  1 -1 -1 -3 -3  3 -2 -3 -1  0 -1 -4 -2 -3 0 0 1 30
-1 -3 -3 -3 -1 -3 -3 -4 -3  3  3 -3  2  0 -3 -2 -1 -2 -1  2 0 1 0 -5
 4 -1 -2 -2  0 -1 -1  0 -2 -1 -2 -1 -1 -2 -1  1  0 -3 -2  0 0 1 0 -5
-1  2  0 -1 -3  4  1 -2  0 -3 -2  3 -1 -3 -1  0 -1 -2 -2 -2 0 1 0 35
-1 -1  4  0 -3 -1 -1  4  0 -4 -4 -1 -2 -3 -2  0 -1 -3 -3 -3 0 1 0 50
 0 -2  0 -1 -3 -2 -2  6 -2 -4 -4 -2 -3 -3 -2  0 -2 -3 -3 -3 0 1 0 5
-1  1 -1 -2 -3  0 -1 -2 -1 -1 -1  3 -1  4 -2 -1 -1  0  1 -2 0 1 0 0
-1  2  0 -1 -3  4  1 -2  0 -3 -2  3 -1 -3 -1  0 -1 -2 -2 -2 0 1 1 60
 0 -2  0 -1 -3 -2 -2  6 -2 -4 -4 -2 -3 -3 -2  0 -2 -3 -3 -3 0 1 1 10
-2  0  1 -1 -3  0  0 -2  8 -3 -3 -1 -2 -1 -2 -1 -2 -2  2 -3 1 1 0 25
-1  1  0  0 -3  6  2 -2  0 -3 -2  1  0 -3 -1  0 -1 -2 -1 -2 1 1 1 0
 0 -3 -1 -2  7 -2 -3  4 -3 -2 -2 -2 -2 -3 -3 -1 -1 -2 -3 -2 1 0 0 -5
 0 -3 -3 -3 -1 -2 -3 -3 -3  3  1 -2  1 -1 -2 -2  0 -3 -1  4 1 0 0 5
 3 -1  0 -1 -1  0 -1  0 -1 -2 -2  0 -1 -2 -1  3  1 -3 -2 -1 1 0 0 -5
-1 -3 -3 -3  7 -3 -4 -3 -3  3  0 -3  0 -1 -3 -2 -1 -3 -2  1 1 0 0 -5
 0 -2 -1 -1 -2 -1 -1 -1 -1 -1 -1 -1 -1  4 -2  2  0  0  2 -1 1 0 0 -5
 1 -1  0 -1 -1  0 -1 -1 -1 -1 -2  0 -1 -2 -1  3  3 -3 -2 -1 1 0 0 -5
 1 -2 -1 -1 -1 -1 -1 -1 -2  1  0 -1  0 -2 -2  2  1 -3 -1  2 1 0 0 -5
-1  1  1  4 -3  1  1 -1 -1 -3 -3  3 -2 -3 -1  0 -1 -4 -2 -3 1 0 0 10
-2 -1  4  4 -3  0  1 -1  0 -3 -4  0 -3 -3 -2  0 -1 -4 -3 -3 1 0 0 25
 0  1  0 -1 -3  0  0  4 -1 -3 -3  3 -2 -3 -2  0 -1 -3 -2 -3 0 1 1 55
-1  0  4  1 -3  4  1 -1  1 -3 -3  1 -1 -3 -2  0  0 -3 -2 -3 0 1 1 95
-1  4  0 -1 -3  1  0 -2 -1 -3 -2  4 -1 -3 -2  0 -1 -3 -2 -2 1 0 0 50
-2 -2  1  6 -4  0  2 -1 -1 -3 -4 -1 -3 -4 -2  0 -1 -4 -3 -3 1 0 0 30
 0 -1 -1 -1 -1 -1 -1 -1 -1  2  0 -1  0 -1 -1 -1  0 -1 -1  2 1 0 0 -5
-2 -2 -3 -3 -2 -2 -3 -3  1 -1  0 -2  0  5 -3 -2 -2  2  5 -1 1 0 0 -5
-1 -2  0  4 -2  0  0 -2 -1  0  0 -1  4 -1 -2 -1 -1 -3 -2 -1 1 0 0 20
-1 -3 -3 -3 -1 -3 -3 -4 -3  4  2 -3  1  0 -3 -2 -1 -3 -1  3 1 0 0 -5
-1  1  0  1 -3  2  4 -2  0 -3 -3  3 -2 -3 -1  0 -1 -3 -2 -2 1 0 0 10
-2 -3 -3 -4 -2 -3 -3 -3 -1  0  0 -3  0  6 -4 -2 -2  1  3 -1 1 0 0 -5
 3 -1  0 -1 -1  0 -1  0 -1 -2 -2  0 -1 -2 -1  3  1 -3 -2 -1 1 0 0 5
-2 -3 -3 -4 -2 -3 -3 -3 -2  1  3 -3  1  5 -3 -2 -2  0  2  0 1 0 0 -5
 2 -2 -2 -2 -1 -1 -1 -1  0 -1 -1 -1 -1  1 -2  0 -1  1  5 -1 1 1 1 25
-1 -2  1  4 -3 -1  0  4 -2 -4 -4 -1 -3 -3 -2  0 -1 -3 -3 -3 1 1 0 25
-1 -1  4  0 -3 -1 -1  4  0 -4 -4 -1 -2 -3 -2  0 -1 -3 -3 -3 1 1 1 50
 1 -1  1  0 -1  0  0  0 -1 -2 -3  0 -2 -2 -1  4  1 -3 -2 -2 1 1 1 30
-2 -1  4  0 -3 -1 -1 -2  1 -2 -2 -1 -2  1 -3  0 -1  1  5 -2 1 1 0 45
 0 -1  1  4 -2  0  1 -1 -1 -3 -3  0 -2 -3 -1  3  0 -4 -2 -2 1 1 1 15
-1 -2 -2 -2 -3 -1 -1 -2 -2 -3 -3 -1 -3 -4  8 -1 -1 -4 -3 -2 1 1 1 40
 0  0  0 -1 -3  4  1  4 -1 -3 -3  0 -1 -3 -2  0 -1 -2 -2 -3 1 1 1 25
 0 -2  0 -1 -3 -2 -2  6 -2 -4 -4 -2 -3 -3 -2  0 -2 -3 -3 -3 1 1 0 75
 1 -1  1  0 -1  0  0  0 -1 -2 -3  0 -2 -2 -1  4  1 -3 -2 -2 1 1 1 65
 0 -1  0 -1 -2 -1 -1 -1 -2 -3 -3 -1 -2 -3  6  3  0 -3 -2 -2 1 1 1 25
 0 -4 -3 -4  9 -3 -4 -3 -3 -1 -1 -3 -1 -2 -3 -1 -1 -2 -3 -1 1 1 1 10
 1 -1  1  0 -1  0  0  0 -1 -2 -2  0 -1 -2 -1  4  1 -3 -2 -2 1 1 1 25
-2 -2  1  5 -3  0  1 -1 -1 -3 -3 -1 -3 -3 -1  0 -1 -4 -3 -3 1 1 1 15
-2 -2  1  5 -3  0  1 -1 -1 -3 -3 -1 -3 -3 -1  0 -1 -4 -3 -3 1 1 1 50
