 4 -2 -2 -2  0 -1 -1  0 -2 -1 -2 -1 -1 -2 -1  1  0 -3 -2  0 1 1 1 95
-1  0  0  2 -4  2  5 -2  0 -4 -3  1 -2 -4 -1  0 -1 -3 -2 -3 1 1 1 80
-1 -3 -3 -4 -1 -2 -3 -3 -1  2  1 -3  0  3 -3 -2 -1 -1  3  3 1 1 1 40
-2 -3 -4 -4 -2 -3 -3 -4 -3  1  5 -3  2  0 -3 -3 -2 -2 -1  1 1 1 1 25
 0 -1  1 -1 -1 -1 -1 -2 -2 -1 -2 -1 -1 -3 -1  2  5 -3 -2 -1 1 1 1 50
 0 -2 -3 -3 -1 -2 -1 -3 -3  2  2 -2  1 -1  1 -1  0 -3 -2  2 0 0 1 40
 3  0 -1  0 -2  0  1  1 -2 -2 -2  1 -1 -3  1  0 -1 -3 -2 -1 0 0 1 75
-1  0 -1  1 -4  3  5 -3  0 -4 -3  1 -2 -4 -2  0 -1 -3 -2 -3 0 0 1 45
 4 -2 -1 -2 -1 -1 -1  0 -2 -2 -2 -1 -1 -3 -1  3  0 -3 -2 -1 0 0 1 -5
-1 -1 -1  1 -4  2  6 -3 -1 -4 -3  0 -3 -4 -2 -1 -1 -3 -3 -3 0 0 1 30
-1 -1 -1  1 -4  2  6 -3 -1 -4 -3  0 -3 -4 -2 -1 -1 -3 -3 -3 0 0 1 50
-1 -3 -4 -4 -1 -3 -3 -4 -3  2  4 -3  2  0 -3 -3 -1 -2 -1  2 0 0 1 25
-2 -1  0 -2 -4  1  0 -3  9 -4 -3 -1 -2 -2 -3 -1 -2 -3  1 -4 0 0 1 5
 0  2  0 -1 -3  1  0  1 -1 -3 -3  4 -2 -3 -1  2  1 -3 -2 -2 0 0 1 60
-2 -1 -1 -2 -3  1 -1 -1  6 -3 -2 -1 -2  1 -3 -2 -2  1  6 -2 0 0 1 75
-1 -3 -3 -4 -1 -3 -3 -4 -3  3  2 -3  1 -1  0 -2 -1 -3 -2  4 0 0 1 10
-2 -3 -3 -4 -2 -3 -3 -4 -4  5  2 -3  1 -1 -3 -2  0 -3 -2  3 0 0 1 15
-2 -2  3  6 -4 -1  1 -2 -1 -3 -3 -1 -3 -4 -2  0 -1 -5 -3 -3 0 0 1 50
 0 -3 -1 -2 -3 -2 -3  6 -3 -4 -4 -2 -3 -4 -3 -1 -2 -3 -4 -4 0 0 1 45
 2 -2 -1 -2 -1 -1 -1 -1 -2 -1 -2 -1 -1  0 -1  1  5 -3 -1  0 0 0 1 55
-2  7 -1 -2 -4  1 -1 -3 -1 -4 -3  2 -2 -3 -3 -1 -2 -3 -2 -3 0 0 1 45
 0 -3 -3 -3 -1 -2 -3 -3 -3  3  1 -3  0 -1 -3 -2  0 -3 -2  4 0 0 1 60
-3 -3 -4 -4 -3 -4 -4 -4 -2 -1  0 -4  0  7 -4 -3 -3  1  3 -1 0 0 1 60
-1 -3 -2 -2 -2 -2 -3  5 -2 -1  0 -2 -1  2 -3 -1 -2 -2 -1  0 0 0 1 60
 3 -2 -2 -2 -1 -2 -2  3 -2  0 -1 -2 -1 -1 -2  0 -1 -3 -2  2 0 0 1 45
-1 -3 -4 -4 -2 -3 -3 -4 -3  5  2 -3  2  0 -3 -2 -1 -3 -2  3 0 0 1 65
 5 -2 -2 -2 -1 -1 -1  0 -2 -2 -2 -1 -1 -3 -1  1  0 -3 -2 -1 0 0 1 20
 0 -3 -3 -4  1 -2 -3 -3 -3  2  3 -3  1  0 -3 -2 -1 -2 -1  2 0 0 1 55
-1 -3 -3 -4 -2 -3 -3 -4 -3  3  2 -3  1  3 -3 -2 -1 -2  0  3 0 0 1 60
 5 -2 -2 -2 -1 -1 -1  0 -2 -2 -2 -1 -1 -3 -1  1  0 -3 -2 -1 0 0 1 45
-2 -1  0 -2 -4  0 -1 -3  9 -4 -4 -1 -2 -2 -3 -1 -2 -3  1 -4 0 0 1 60
-1 -3 -3 -4 -2 -3 -3 -3 -2  2  1 -3  1  5 -3 -2 -1 -1  1  2 0 0 1 60
-2 -3 -4 -4 -2 -3 -3 -4 -3  1  5 -3  2  0 -3 -3 -2 -2 -1  1 0 0 1 55
 4 -2 -2 -2 -1 -1 -1 -1 -2  0 -1 -1 -1 -2 -1  1  0 -3 -2  1 0 0 1 35
 1 -2 -3 -3 -2 -2 -2 -2  0 -1 -1 -2 -1  5 -3 -1 -2  1  6 -1 0 0 1 55
 2 -2 -2 -2 -1 -1 -2 -1 -2  2  0 -1  0 -2 -2  1  1 -3 -2  2 0 0 1 50
 2 -2 -2 -3 -2 -2 -2 -2  0 -1  1 -2  0  2 -2  0 -1  0  5 -1 0 0 1 80
 0 -1  0 -1 -1 -1 -1 -2  1 -1 -2 -1 -1 -3 -1  2  5 -3 -2 -1 1 1 0 20
-1 -3 -3 -2 -3 -2 -2 -3 -3 -3 -4 -2 -3 -4  8 -1 -2 -4 -4 -3 0 0 1 45
-3 -4 -5 -5 -3 -3 -4 -3 -3 -3 -2 -4 -2  0 -5 -4 -3 12  2 -4 0 1 1 35
-2 -3 -4 -4 -2 -3 -3 -4 -3  1  4 -3  2  1 -3 -3 -2 -2 -1  1 0 1 1 45
-2 -1  0 -1 -4  0  0 -2  9 -4 -3 -1 -2 -2 -3 -1 -2 -3  2 -4 1 1 1 45
