-3 -4 -4 -5 -4 -3 -4 -5 -4 -1  0 -4 10 -2 -5 -4  0 -4 -3 -2 1 1 1 95
-1 -2 -2 -3 -3 -2 -2  2 -3 -2 -3 -2  1 -4 -3  2  5 -4 -3  0 1 1 1 45
-1  1  0 -1 -5 -1 -1 -4 -3 -5 -5  7 -4 -5 -3 -1 -3 -5 -4 -4 1 1 0 85
-2 -2 -3 -4 -5 -4 -3  7 -4 -6 -6 -4 -5 -6 -4 -3 -4 -5 -5 -4 1 1 0 45
-1 -4 -3 -4 -3 -3 -3 -4 -4 -3 -3 -2  1 -5 -4 -1  7 -5 -4 -2 0 0 0 85
 1 -2 -2 -2 -3  1 -2  0 -3 -4 -3 -2 -3 -3  4  4  1 -4 -3 -3 0 0 0 55
 0 -2 -2 -3 -1 -2 -3 -3 -3 -4 -4 -3 -4 -5 -1  7  0 -1 -4 -3 0 0 0 30
-4 -1 -5 -5 -4  0 -4 -5 -2 -2  0 -3  4  8 -5 -3 -4 -2  0 -3 0 1 1 45
-2 -2 -3 -4 -5 -4 -5  7 -5 -6 -6 -4 -5 -6 -5 -3 -4 -5 -6 -6 0 1 1 80
-3  2 -2 -3 -4 -1 -1 -2 -3 -4 -3  7 -2 -4 -2 -2 -2 -4 -4 -4 0 1 1 80
-2  6 -2 -3  1 -1 -2 -4  3 -4 -3  2  1 -4 -1 -2 -2 -2 -1 -4 1 1 1 70
-3  3  4 -1  2  1 -2 -2  7 -4 -3 -1 -3 -4 -3 -2 -2 -4 -2 -4 1 1 1 90
-2  0  5 -1 -2  0 -2  0 -1 -2 -4  3 -3 -4 -3  0  2 -4 -3 -3 1 1 1 60
-2  2 -2 -2 -4  0 -1 -2 -2 -3 -4  6 -2 -4 -1 -2  0 -1 -2 -3 1 1 1 55
-2 -2  0 -3 -3 -2 -3 -3 -3 -1 -2 -2  2 -4 -3  2  6 -4 -3 -1 1 1 1 30
-4  0 -2 -4 -5 -2 -3 -4 10 -5 -5 -3 -4 -4 -4 -3 -2 -4  1 -5 1 0 0 30
-1 -3 -2 -3 -3 -3 -2 -2 -3  3 -1 -2  0 -1 -3 -1  5 -4 -3  1 1 0 0 15
-2  2 -3 -3 -3 -2 -2 -4 -3  1  4  0  1 -1 -3 -2 -1 -3 -2  0 1 0 0 35
-3 -5 -5 -5 11 -5 -5 -5 -5 -4 -4 -5 -4 -5 -5 -1 -3 -5 -2 -3 1 1 1 0
-1  6 -1 -3  3 -1 -2 -4  1 -2 -2  0 -3 -3  0 -1 -2 -4  0 -1 0 1 1 80
-3  7 -2 -1  0 -1 -2 -4  3 -4 -4  0 -3 -5 -4 -2 -3 -5 -3 -1 0 1 1 25
-3 -1 -4 -5 11 -4 -5 -4 -4 -3 -3 -4 -3 -4 -4 -3  0 -4 -4 -3 0 1 1 25
-1 -4  0 -1 -5 -4 -4  7  0 -6 -6 -4 -5 -5 -4 -2 -4 -5 -5 -5 1 1 1 30
-2  5  1 -2 -1  0  0 -2  1 -4 -3  3 -3 -3 -3  2 -1 -4 -3 -3 1 1 0 55
-2  5  1 -3 -4  1 -1 -3  3 -2 -2  3 -1 -4 -3  0 -1 -4 -3 -1 1 0 0 30
 3 -3 -1 -3  1 -2 -3 -1 -3 -4 -4 -2 -3 -4 -3  5  1 -5 -4 -2 1 0 0 15
-4 -5 -5 -6  1 -4 -5 -6  1 -3  0 -5  0  6 -6 -4 -4  3  8 -3 1 0 0 15
-4 -3  4 -3 -6 -3 -3 -5 10 -6 -5 -4  1 -4 -5 -1 -4 -6 -2 -6 1 0 0 10
 0 -1 -2 -2 -1 -2 -3 -4 -3  3  2  1  0  0  0 -2 -1 -3 -1  2 0 1 1 30
-1  2  0 -3 -5  7 -1 -3  2 -5 -5  1 -3 -5 -4 -1 -1 -5 -4 -3 0 1 1 70
-3  1 -1 -2 -5  0 -1 -3  2 -5 -5  7 -4 -5 -4 -2  0  0 -4 -5 0 1 1 65
-2  1 -1 -2 -4  0 -1  1  4 -4 -2  5 -3 -4 -1  1 -1  1 -3 -4 0 1 1 50
-2  3 -2 -3 -3  0  0 -3  0 -1 -2  0 -1 -2 -1 -1  4 -3  2  1 1 0 0 30
-3 -2 -5 -6 11 -5 -6 -5 -5 -4 -4 -5 -4 -2 -5 -4 -4 -5 -1 -4 1 0 0 0
 4 -3 -2 -2 -3 -2 -2  3 -3 -3 -4 -1 -3 -4 -3  2 -1 -4 -4 -1 0 1 1 45
 2  0 -1 -2 -1  1 -1 -1  0 -4 -4  3 -3 -4 -2  4 -1 -4 -1 -3 0 1 1 30
-3 -1 -2 -5 11 -5 -5 -5 -5 -4 -4 -5 -4 -2 -5 -2 -3 -5 -4 -3 0 1 1 0
 0 -2 -2 -3 -4 -3 -4  7 -4 -5 -5 -3 -4 -5 -4 -1 -3 -4 -5 -5 1 1 1 0
-3 -3 -4 -4 -4 -3 -4 -4  2 -3 -2 -4 -2  5 -4 -3 -3  2  8 -3 0 1 1 20
 0 -1 -1 -1  2  0 -1  3 -1 -1 -1 -1 -1 -1  2  0  0 -1 -1 -1 0 1 1 60
 0  3 -2 -1 -4 -2 -2 -4 -3 -4 -4  1 -2 -5  7 -1 -3 -5 -4 -4 0 1 1 75
 3 -2  0  0 -2 -1 -1 -1 -2 -3 -4  0 -3 -4 -2  4  1 -4 -2 -2 1 1 1 30
 3  2 -2 -3  0 -1 -1 -2 -1 -4 -4  4 -3 -4  1  1  0 -4 -3 -3 1 1 0 90
-3  5 -2 -3 -1  0 -2 -4  0 -4 -3  5 -1 -5 -3 -2 -2 -1 -3 -4 1 1 0 80
-2  2 -2 -3 -3 -1 -2 -4 -3  3  1  3  4 -2 -3 -2  0  1 -1  0 1 1 1 55
-3  7 -2 -3 -5 -1 -2  0 -2 -5 -3  1 -3 -5 -4 -3 -3 -5 -4 -5 1 1 1 30
-2  3 -1 -1 -4  2 -1 -1  2 -4 -4  4 -3 -3 -3  2  0 -4  0 -3 1 1 1 65
-4 -2 -4 -1 -2 -4 -4 -5  1 -4 -3 -4 -3  4 -5 -3 -4  1  8 -4 1 1 1 40
-1  0  7  0 -4  0  0  0 -1 -5 -5  0 -4 -5 -4  1 -1 -5 -4 -4 0 0 0 75
-6 -6 -7 -7 -6 -5 -6 -6 -6 -6 -5 -6 -5 -2 -7 -3 -6 13 -1 -6 0 0 0 75
 1 -2 -1 -2  0  3 -1  2 -2 -3 -3 -1  0 -4 -3  4 -1 -4 -3 -2 0 0 0 50
 2  1  1 -1 -3  1  2 -1 -1 -1 -2  1 -1 -2 -2  0  0  2 -1  0 1 1 0 35
-3  0 -3 -3 -6 -1  0 -4 -3 -5 -5  8 -4 -6 -4 -3 -3 -6 -4 -5 1 1 1 40
 6 -3 -2 -3 -2 -2 -2 -2 -3 -3 -3 -1 -3 -4 -3  1  0 -4 -3 -1 0 1 1 95
 0  1  0 -2 -1  0  0  1  0 -4 -4  5 -3 -4 -2 -1 -2 -4 -3 -3 0 1 1 70
-3  7 -2  2 -5 -1  0 -4 -2 -5 -4  1 -3 -5 -4 -2 -3 -5 -4 -4 1 1 1 50
