-2  3 -1 -1 -4  2  2 -3 -1 -4 -4  5 -2 -4 -2 -1 -2 -4 -3 -3 1 1 1 85
-2  0 -3 -3 -5  1 -2 -4 -4 -3 -2  4  7 -4  4 -3 -3 -5 -4 -3 1 1 1 45
-2  6 -2 -4 -4  1 -2 -4 -2 -4 -3  5  1 -5 -3 -2 -3 -5 -4 -4 1 1 1 45
-4 -5 -6 -6 -4 -5 -5 -6 -5  3  1 -3 -1  6 -6 -5 -3 -3 -1  4 1 0 0 10
-2  0 -1  0 -4  2  3 -3  0 -3 -4  4 -3 -4 -3  0  2 -5 -4  0 1 1 1 40
-2 -5 -6 -6 -4 -3 -5 -6 -6  6  1 -5  1 -2 -3 -4 -3 -5 -4  5 1 0 0 15
-4  2  1 -4 -3  0 -2 -4 -2  0 -2  7 -2 -5 -4 -3 -1 -6 -3 -3 1 0 0 50
-3  1  1 -1  0  1  3 -2  2 -5 -5  5 -4 -6 -4  1 -2 -6 -4 -5 1 0 0 40
-4 -6 -6 -1 -5 -4 -4 -6 -5  1 -3 -6 -1  2 -6 -6 -5 11  2  2 1 0 0 5
-3 -1  5 -2 -5  0 -3 -3  6 -4 -4  0  1 -1 -4  0  1  0  1 -3 1 0 0 35
 5 -3 -2 -4  0  0 -2  1 -2 -2 -2 -1 -1  1  0  0 -1 -4 -3 -1 1 0 0 5
-1 -3 -2 -5  4 -5 -5 -4  0  1 -1 -3  0  0 -5 -3 -2 -5 -2  6 1 0 0 10
 5 -4 -3 -4  0 -3 -2  1 -4 -2 -3 -2 -3  0 -2  1  0 -4  0  0 1 0 0 10
 0 -1 -1 -2 -2  0  0 -3 -2  0  1 -1  2  0  0  1  2 -3  0  1 1 0 0 10
-3 -6 -7 -7 -2 -1 -2 -1 -6 -1 -5 -6 -5  1 -7 -3 -4 12 -2 -6 1 0 0 15
 1  2  0 -3 -3 -1 -2 -2  2 -2 -2  1 -2 -1  1  3  0 -4 -2 -1 1 0 0 20
-5  0  0 -2 -6 -5 -3 -5  0 -5 -3 -5 -5  1 -6 -3 -3 12  2 -5 1 0 0 45
-2 -3  2  5 -3 -1  2 -1 -1 -3 -3 -1 -2 -5 -1  1 -2 -5 -3 -2 1 1 1 45
 1 -2 -3 -2  1  0 -3 -1  1  4  0 -3  2 -2 -4 -1  1 -4 -2  2 1 1 1 40
-1 -1  0  0  1  0  1  2 -1 -1  0  0  0 -3  1  0  0 -4 -2  0 1 1 1 50
-2 -2  0  4  0 -1  2 -3 -2  1  0 -1 -1 -2 -3 -2 -1 -5 -3  2 1 0 0 50
-1  1 -1  6 -6  0  2 -2 -1 -5 -4  0 -5 -6 -1 -2 -2 -6 -3 -4 1 1 0 50
-1  0  3  1 -1  0  1 -3 -1 -1 -2  0 -1 -3 -2  1  2 -4 -3  1 1 0 0 20
-1 -6 -6 -6 11 -6 -2 -6 -6 -2 -5 -6 -5 -1 -6 -1 -2 -6 -2 -2 1 1 1 0
 4 -4 -3 -4  4 -3 -3  2 -4  0 -1 -2  0 -2 -1  1  0 -4 -4 -1 0 1 1 35
-5 -6 -7 -7 -5 -6 -7 -7 -6  7  0 -6  1 -1 -6 -2 -4 -6 -1  2 0 1 1 25
-2 -6 -6 -2 11 -6 -6 -6 -6 -2 -5 -2 -5 -2 -6 -2 -2 -6 -1 -2 0 1 1 5
-3  5 -1 -4  1  2 -1 -4  0 -2 -1  2  1 -1 -2 -1 -1  0 -1 -4 1 1 1 60
-1 -1  3  1  1  0  2 -1 -2 -1 -1 -1  1 -3  0  0 -1 -3  1  0 1 1 0 20
 0  0  0  0 -3  1  1 -1  2  0 -1  0  0  0  2  1  0 -3  0 -1 1 1 1 40
 0  0 -2 -2  2  1  0  0 -2  0  0  0  1  1  1  0  0 -2  1  0 0 1 1 15
 0  0  0  1 -3  0  1 -1  1  0 -1  0  2  0  0  0  0 -3  0  0 0 1 1 50
 0  0  0  0 -2  1  0  0  1  0 -1  0  1  0  1  0  0 -2  1  0 1 1 0 50
 0  0  0  0  3  0  0 -1  1 -1 -1 -1  0  0  1  0  1  3  0 -1 1 1 1 35
 0  0  0  0  2  0  0 -1  2  0 -1  0 -2  0  0  0  0  3  1 -1 1 1 1 0
 0  0  0  0  2  0  0  0 -1  0 -1  0  1  0  1  0  0 -2  1  0 0 0 1 35
-1  0  0  0  2  0  0 -1  2  0 -1  0  2  1  0 -1  0  4  1 -1 0 0 1 30
 0  0  0  0  2 -1  0  0 -2  0  0  0  1  0  1  0  0 -2  1  0 0 0 1 5
-1  2  0  0  0  2  1  0  1 -1 -1  1  0 -2  0  0  0 -3  0  0 0 0 1 40
-1  0  0  0  2  0  0 -1  2  0 -1  0  2  1  0 -1  0  4  1 -1 0 0 1 45
-2 -1  3  0  3  0  0  0  1 -2 -2  1  0 -1  2  0 -1  2  0 -2 1 1 0 60
-1  0  0  0  2  0 -1 -1  2  0 -1  0  2  0  0 -1  0  3  1 -1 1 1 1 65
 1  0  1  0  0  0  0  1  0  0  0  0  0 -2  0  1  0  0 -1  0 1 1 0 65
 0  0  0  2  0  0  1 -1  0  0 -1  0  0 -1  0  1  0 -3 -3 -1 1 1 0 40
 0  0  0  0  0  1  0  0  1  0 -1  0  0  1  0  0  0 -2  0  0 1 1 0 70
 0  0  0  0 -2  1  0  0  1  0 -1  0  1  0  1  0  0 -2  1  0 1 1 1 35
 0  0  0  0 -3  0  0  2  0 -1 -1  0  0 -1  0  0  0 -3  0  0 0 1 1 30
-1  0  0  2  1  1  2 -1  1 -1 -2  0 -2 -3  1  0  0 -3  0 -1 1 1 1 75
 0  0  1  0  2  1  0  0 -2 -2 -1  0  1 -3  1  0  0 -3 -2  0 1 1 1 30
-2 -1 -2 -2  9 -2 -2 -2  0 -1 -1  0  0 -1 -5 -1 -1  1 -1 -1 1 1 1 15
 0  0  0 -1  1 -2 -1 -1  0  0  0  0  0  0  3  0  1 -3  0  1 1 1 1 35
 0  0  0 -1 -2  1  0  0 -2  0  0  0  1  0  1  0  0 -3 -1  0 1 0 0 20
 2 -1 -1 -3  1  1 -1 -1  0  0  0 -1  1 -1 -1 -1  0 -3 -2  2 1 0 0 0
-1  1 -3 -3  0  0 -1 -3 -3  0  1  0  1  0  0  0  0  7  0  0 1 0 0 20
 0  1  1 -1 -2  1  0  0 -2  0  0 -1  1 -2  1  0  0 -3 -2  0 1 1 1 0
 0  0  0  0  2  0  0 -1  1  0 -1  0  1  0  0  0  0 -2  1  0 0 1 1 35
-7 -7 -7  2 10 -7 -7 -7 -7  1 -7 -7 -7 -7 -7  0  0  5 -7  0 0 1 1 15
-1  0  0  0  2  0  0 -1  2  0 -1  0  2  1  0 -1  0  4  1 -1 1 1 1 35
-4 -3 -3 -1 -4 -3 -3 -4  9 -1 -4 -4 -3 -3  1 -3 -4 -4  3  2 1 1 1 15
 1  2 -1  0  2  2  0 -2  0  0 -1  0 -1 -2 -1  0 -1  0 -1  1 1 0 0 10
-3  1 -4 -4 -4 -3 -4  0 -3 -3 -1 -3 -2  7  1 -3 -3 -2  3 -3 1 0 0 0
-1 -3  2 -1  0 -2 -3 -2  8 -1 -1 -3 -3 -3 -4 -1 -3 -4  2 -1 1 0 0 0
-1 -1 -1  0 -1 -1  0  0 -1  1  1 -1  1  4 -2 -1 -1  1  0  0 0 0 1 15
-1 -2 -1  1  1  0  0 -1  8 -3 -4 -2 -2 -5  1  0 -3 -5  0 -3 0 0 1 10
 1 -5 -5 -5 11 -5 -5 -5 -5 -4 -4 -5 -4  1 -5  0 -4 -5 -5 -4 0 0 1 0
-2 -5 -5 -5 -4 -5 -5 -6 -5  7  2 -5  2 -1 -5 -5 -4 -5 -4  2 0 0 1 0
-1  0 -1  3 -2 -1 -1 -1 -1 -1  1  0 -1 -2 -3  2  1 -2 -2  0 0 0 1 20
-2  4 -1 -2 -5  1  3 -3 -1 -2  0  2 -2 -4  0  0  0 -5 -4 -3 0 0 1 35
-4 -7 -2 -7 -1 -6 -7 -7 -2  1 -4 -7 -6 -4 -7 -7 -6 12 -3 -6 0 0 1 20
-1 -4 -6 -7 -1 -5 -6 -5 -3  2  5 -3  3  0 -6 -5 -3 -5 -3  0 0 0 1 25
-2  2  0 -2 -6  3  2 -3  0 -4 -4  4  0 -3  0  0 -2 -6 -5 -3 0 0 1 55
-2  2  1 -2 -2  2 -1  0 -2 -2 -3  0 -1 -2 -3  3  3 -2 -3 -2 0 0 1 70
-3  4  4 -3  0  3 -2 -3  3 -6 -6  3 -5 -6 -3  0  0 -6 -5 -6 1 1 1 50
-1  0  3  0 -3  4 -2  2  0 -4 -2  1 -3 -4  0  1 -1 -3 -4 -4 1 1 1 55
-2  0  0 -2 -2  3 -1 -4  1 -2 -1 -1 -2 -4  0  1  4 -5 -3  2 1 0 1 25
-6 -9 -9 -9 12 -9 -9 -8 -9 -7  0 -9 -7 -8 -9 -7 -7 -8 -8 -6 1 1 1 0
-1 -3 -6 -6 -7 -6 -6 -6 -6 -7 -7 -5 -7 -7  9 -5 -6 -7 -7 -6 0 1 1 25
-3 -5 -4 -6 -1 -3  0 -6 -3  1  4 -4  6 -2 -6 -4  0  0 -3  1 0 1 1 45
-6 -5  0  2 11 -7 -7 -1 -8 -7 -7 -8 -7 -8 -8 -6 -6 -8 -1 -6 1 1 0 20
-5  7  2  0 -7  0 -4 -1 -3 -7 -6  0 -3 -5 -6 -3 -4 -2 -5 -6 1 1 1 60
 1  4 -2 -4  1  5 -2 -3 -2 -4 -4  2 -4 -2 -4 -1  0 -4  4 -4 1 1 0 65
-2 -3 -2  2 -5  2  5 -3 -3 -2 -4  1 -4 -6  4  0 -1 -6 -5 -3 1 0 1 45
-6 -5 -5 -7 -6 -3 -6 -6 -6 -3 -3  2 -2  4 -7 -6 -4 11  0 -4 1 1 1 10
-2 -1 -1 -1 -4  3  3 -4 -2  2 -2  2 -1 -2 -3  0 -1 -4 -2  1 1 1 1 45
-3 -5 -3 -4 -4 -3 -3 -5 -3  1  1 -4 -1  7 -1 -4 -4  1  3  1 1 1 1 35
 1  3 -2 -2 -5  5  1 -4 -2 -5 -3  4 -3 -3 -3 -1 -1 -5 -3 -4 1 1 1 25
-1  3  0 -1 -5  3  2 -2 -2 -5 -4  4 -3 -5 -1 -2 -1 -5 -4 -4 1 0 0 35
-3 -2 -2  0  2 -3 -3 -3  2  3  0 -3  1  2 -1 -3 -1 -1  5 -1 1 1 1 30
-1 -4 -2 -3 -4 -3 -2  6 -3 -2 -5 -3 -4 -4 -1 -2 -2 -4  0 -3 1 1 1 30
-3  5  1 -2 -5  2 -1 -3  7 -5 -4  0 -3 -4 -4 -2 -3 -4 -1 -4 1 1 1 60
