-1  1  0  1 -4  2  4 -2  0 -3 -3  4 -2 -3 -1  0 -1 -3 -2 -3 1 1 1 90
-1  1  1  4 -4  1  1 -2 -1 -3 -3  3 -2 -4 -1  0 -1 -4 -3 -3 1 1 1 85
-1  1  4  0 -3  1  0 -1  0 -3 -3  3 -2 -3 -2  0  0 -4 -2 -3 1 1 0 85
 0 -4 -3 -4 10 -3 -4 -3 -3 -1 -1 -3 -2 -3 -3 -1 -1 -3 -3 -1 1 1 1 30
-1 -3 -4 -3 -1 -3 -4 -4 -4  4  2 -3  1  0 -3 -3 -1 -3 -1  3 1 0 1 10
 4 -2 -2 -2  0 -1 -1  0 -2 -1 -2 -1 -1 -2 -1  1  0 -3 -2  0 1 1 1 65
-1  1  0  1 -4  2  4 -2  0 -3 -3  4 -2 -3 -1  0 -1 -3 -2 -3 1 1 0 65
-2 -2  1  6 -4  0  2 -1 -1 -3 -4 -1 -3 -4 -2  0 -1 -5 -3 -3 0 1 1 60
-2 -2 -2 -3 -3 -2 -2 -3  2 -1 -1 -2 -1  3 -3 -2 -2  2  7 -1 0 1 1 55
 0 -3  0 -1 -3 -2 -2  6 -2 -4 -4 -2 -3 -3 -2  0 -2 -3 -3 -3 1 1 1 5
-1  5  0 -1 -4  1  0 -2 -1 -3 -3  4 -2 -3 -2 -1 -1 -3 -2 -3 1 1 1 70
 0 -4 -3 -4 10 -3 -4 -3 -3 -1 -1 -3 -2 -3 -3 -1 -1 -3 -3 -1 1 1 1 5
 0  1  0 -1 -2  1  0 -2 -1 -2 -2  3 -1 -3 -1  1  3 -3 -2 -1 1 1 1 55
-3 -3 -4 -5 -3 -2 -3 -3 -3 -3 -2 -3 -2  1 -4 -3 -3 12  2 -3 0 1 1 80
 0 -3  0 -1 -3 -2 -2  6 -2 -4 -4 -2 -3 -3 -2  0 -2 -3 -3 -3 0 1 1 90
 0 -3  0 -1 -3 -2 -2  6 -2 -4 -4 -2 -3 -3 -2  0 -2 -3 -3 -3 1 1 0 50
 0 -1  0 -1 -1 -1 -1 -2 -2 -1 -1 -1 -1 -2 -1  2  5 -3 -2  0 1 1 1 40
-1  1 -1 -1 -3  0  0 -2 -1 -3 -3  3 -2 -4  6 -1 -1 -4 -3 -3 1 1 1 55
 0 -4 -3 -4 10 -3 -4 -3 -3 -1 -1 -3 -2 -3 -3 -1 -1 -3 -3 -1 1 0 1 5
 0 -4 -3 -4 10 -3 -4 -3 -3 -1 -1 -3 -2 -3 -3 -1 -1 -3 -3 -1 1 1 1 35
-2  6  0 -2 -4  1  0 -3  0 -3 -2  2 -2 -3 -2 -1 -1 -3 -2 -3 0 1 1 75
 0 -3  0 -1 -3 -2 -2  6 -2 -4 -4 -2 -3 -3 -2  0 -2 -3 -3 -3 1 1 0 40
-2  6  0 -2 -4  1  0 -3  0 -3 -2  2 -2 -3 -2 -1 -1 -3 -2 -3 1 1 1 25
 0 -2 -1 -2 -3 -2 -2  4 -2 -4 -4 -1 -3 -4  6 -1 -1 -3 -3 -3 1 1 1 40
 0 -4 -3 -4 10 -3 -4 -3 -3 -1 -1 -3 -2 -3 -3 -1 -1 -3 -3 -1 1 0 0 10
-2  4 -2 -3 -2  0 -1 -3 -2  2  0  1  0 -1 -3 -2 -1 -3 -2  1 1 0 0 55
 0 -4 -3 -4 10 -3 -4 -3 -3 -1 -1 -3 -2 -3 -3 -1 -1 -3 -3 -1 1 1 1 20
 1 -1  1  0 -1  0  0  0 -1 -3 -3  0 -2 -3 -1  4  2 -3 -2 -2 1 1 1 45
-1 -2 -3 -3 -1 -2 -3 -3 -3  3  2 -2  4  0 -3 -2 -1 -2 -1  2 1 1 0 95
-1 -2 -3 -3 -1 -2 -3 -3 -3  3  2 -2  4  0 -3 -2 -1 -2 -1  2 1 1 0 70
 0 -3  0 -1 -3 -2 -2  6 -2 -4 -4 -2 -3 -3 -2  0 -2 -3 -3 -3 1 1 0 55
 0 -1  0 -1 -1 -1 -1 -2 -2 -1 -1 -1 -1 -2 -1  2  5 -3 -2  0 1 1 1 55
-2  0  6  1 -3  0  0  0  1 -4 -4  0 -2 -3 -2  1  0 -4 -2 -3 1 1 0 65
 0 -4 -3 -4 10 -3 -4 -3 -3 -1 -1 -3 -2 -3 -3 -1 -1 -3 -3 -1 1 1 1 5
-1  0  0  2 -4  2  5 -2  0 -4 -3  1 -2 -4 -1  0 -1 -3 -2 -3 1 0 0 30
 0 -4 -3 -4 10 -3 -4 -3 -3 -1 -1 -3 -2 -3 -3 -1 -1 -3 -3 -1 1 0 0 0
 0  1  0 -1 -2  1  0 -2 -1 -2 -2  3 -1 -3 -1  1  3 -3 -2 -1 1 1 1 25
-1 -2 -2 -2 -3 -1 -1 -2 -2 -3 -3 -1 -3 -4  8 -1 -1 -4 -3 -3 1 1 0 30
-2  6  0 -2 -4  1  0 -3  0 -3 -2  2 -2 -3 -2 -1 -1 -3 -2 -3 1 1 1 70
-2 -2 -4 -4 -1 -2 -3 -4 -3  2  4 -3  2  0 -3 -3 -1 -2 -1  1 1 1 1 60
-1 -3 -4 -3 -1 -3 -4 -4 -4  4  2 -3  1  0 -3 -3 -1 -3 -1  3 0 0 1 70
-1 -2 -2 -3 -2  0 -2 -3 -2  1  2 -2  6  0 -3 -2 -1 -2 -1  1 1 1 1 80
-1  0  0  2 -4  2  5 -2  0 -4 -3  1 -2 -4 -1  0 -1 -3 -2 -3 0 0 1 65
 0 -3  0 -1 -3 -2 -2  6 -2 -4 -4 -2 -3 -3 -2  0 -2 -3 -3 -3 0 1 1 50
-2 -2 -4 -4 -1 -2 -3 -4 -3  2  4 -3  2  0 -3 -3 -1 -2 -1  1 1 1 1 80
 1 -2  0 -1 -2 -1 -1  4 -2 -3 -3 -1 -2 -3 -2  3  0 -3 -3 -3 1 1 0 55
-2 -3 -4 -4 -2 -3 -3 -4 -2  1  3 -3  1  5 -4 -3 -2  0  2  0 1 1 1 80
 4 -2 -2 -2  0 -1 -1  0 -2 -1 -2 -1 -1 -2 -1  1  0 -3 -2  0 1 1 1 95
