 1 -1  0 -1  2  0 -1 -1 -1 -2 -3 -1 -2 -3 -1  4  1 -3 -2 -2 1 1 1 95
 0 -1  0 -1 -1 -1 -1 -2 -2 -1 -1 -1 -1 -2 -1  1  5 -3 -2  0 1 1 1 90
-1 -1  3 -1 -2  0 -1 -2 -1  0  2 -1  1  0 -2  0 -1 -2 -1 -1 1 1 1 90
-1 -2 -2 -2 -3 -2 -1 -2 -2 -3 -3 -1 -3 -4  8  0 -1 -4 -3 -3 1 1 1 70
-1  2  0 -1 -3  1  1 -2 -1 -3 -3  5 -2 -3 -1  0 -1 -3 -2 -3 1 1 1 75
-1 -2 -2 -2 -3 -2 -1 -2 -3 -3 -3 -1 -3 -4  8 -1 -1 -4 -3 -3 1 1 1 75
-1  2  0 -1 -3  5  1 -2  1 -3 -2  2 -1 -3 -2  0 -1 -2 -2 -2 1 1 1 90
-1  5 -1 -2 -4  1  0 -2 -1 -3 -2  3 -2 -3 -2 -1 -1 -3 -2 -3 1 1 1 45
-1  3 -1 -1 -3  2  0 -2  1 -2 -1  3 -1 -3  0 -1 -1 -3 -2 -2 1 1 1 65
 0  0  1 -1 -1 -1 -1 -2 -2 -1 -2 -1 -1 -3  0  1  5 -3 -2 -1 1 1 1 70
-1  2  0 -1 -3  2  1 -2 -1 -3 -3  4 -1 -3 -1  0 -1 -3 -2 -3 1 1 0 55
-1  5 -1 -2  0  1 -1 -3 -1 -2 -1  2 -1 -3 -2 -1  0 -3 -2 -2 1 1 0 55
-1  0  6  1 -3  0  0 -1  0 -3 -3  1 -2 -3 -2  0  1 -4 -2 -3 1 1 1 30
 0 -1  0 -1 -1 -1 -1 -2 -2 -1 -2 -1 -1 -2 -1  1  5 -3 -2  0 1 1 1 40
-1 -1  4  0 -2 -1 -1 -1  1  1  0 -1 -1  0 -1  0  0 -2  0 -1 1 1 1 40
-1  6 -1 -2 -3  1  0  0  0 -3 -2  2 -2 -3 -2 -1 -1 -3 -2 -3 1 1 1 55
-1  5  0 -2 -3  1  0  1  1 -3 -2  2 -2 -3 -2 -1 -1 -3 -2 -3 1 1 0 70
-1 -2 -2 -2 -3 -1 -1 -2 -2 -3 -3 -1 -3 -4  8 -1 -1 -4 -3 -3 1 1 0 45
-1  1 -1 -1 -3  5  1 -2  0 -1  0  2  2 -2 -2 -1 -1 -2 -2 -1 1 1 1 80
-2 -1  3  5 -3  0  2 -1 -1 -3 -4  0 -3 -3 -2  0 -1 -4 -3 -3 1 1 1 70
-1 -3 -2  0 -1 -2 -2 -3 -3  2  1 -2  0  1 -3 -2  0 -2 -1  4 1 1 1 80
-1  2  1 -1 -3  2  1 -2 -1 -3 -3  5 -1 -3 -1  0 -1 -3 -2 -2 1 0 0 55
-2 -3 -3 -4 -3 -3 -3 -3 -1  0  0 -3  0  6 -4 -3 -2  1  3 -1 1 1 1 60
-1  0 -2 -2 -3 -1 -1 -2 -2 -3 -3 -1 -3 -4  7 -1 -1 -4 -3 -3 1 1 1 55
 1 -1 -1 -1 -2 -2 -2  5 -2 -4 -3 -1 -3 -3 -2  0 -2 -3 -3 -3 1 1 1 45
 0 -2 -1 -2 -2 -2 -2  6 -2 -3 -3 -2 -2 -3 -2  0 -2 -3 -3 -2 1 1 0 35
 0 -2 -1 -1 -3 -2 -2  6 -2 -4 -4 -2 -3 -3 -2  0 -2 -3 -3 -3 1 1 1 30
-1  1  0 -1 -3  5  2 -2  2 -2 -2  1 -1 -3 -2  0 -1 -2 -1 -1 1 0 0 10
-1 -3 -3 -3 -1 -3 -3 -4 -3  4  1 -3  2  0 -3 -2 -1 -3 -1  2 1 1 1 30
-1 -2 -2 -1 -1 -2 -1 -3 -2  2  1 -2  0  0 -2 -2  0 -2  0  3 1 0 0 10
 0 -3 -1 -2  2 -2 -2  5 -2 -3 -3 -2 -2 -3 -2  0 -2 -3 -3 -2 1 1 1 -5
 0 -2 -1 -1 -3 -2 -1  6 -2 -4 -4 -1 -3 -3 -2  0 -2 -3 -3 -3 1 0 0 -5
 0 -3 -3 -3 -1 -2 -3 -3 -3  2  1 -3  1  2 -3 -2  0 -2  0  4 1 0 0 45
-2 -2 -2 -3 -3 -2 -2 -3  2 -2 -1 -2 -1  3 -3 -2 -2  2  7 -1 1 0 0 75
-1 -2 -3 -3 -1 -2 -3 -3 -3  2  3 -2  1  0 -3 -2 -1 -2 -1  2 1 1 1 15
-1 -2 -3 -4 -1 -2 -3 -4 -3  1  4 -2  2  0  1 -2 -1 -2 -1  1 1 1 1 70
-1 -2 -2 -2 -3 -1 -1 -2 -2 -3 -3  0 -3 -4  7 -1 -1 -4 -3 -3 1 1 1 65
-2  6 -1 -2 -3  1  0 -3 -1 -3 -1  2 -1 -3 -1 -1 -1 -3 -2 -2 1 1 1 65
-1  5 -1 -2 -3  1  0 -2 -1 -3 -2  2 -1 -3 -2 -1  0 -3 -2 -2 0 1 1 75
 0 -2 -1 -1 -3 -2 -2  6 -2 -4 -4 -2 -3 -3 -2  0 -2 -3 -3 -3 1 1 1 55
-1 -2 -2 -2 -3 -1 -1 -2 -2 -3 -3 -1 -3 -4  8 -1 -1 -4 -3 -3 1 1 1 80
-1  5 -1 -2 -3  1  0 -2  0 -3 -2  2 -1 -3 -2 -1 -1  2 -2 -3 1 1 1 75
-1 -2 -3 -4 -1 -2 -3 -4 -3  1  4 -3  2  0 -3 -2 -1 -2 -1  1 1 1 1 55
 0 -2 -1 -1 -3 -2 -2  6 -2 -4 -4 -2 -3 -3 -2  0 -2 -3 -3 -3 1 1 1 85
