 2 -2  0 -1 -1 -1 -1 -1 -2 -3 -3 -1 -2 -3 -1  5  1 -4 -2 -2 1 1 1 90
 4 -1 -2 -2 -1 -2 -2 -1 -2  0 -2 -1 -2 -3 -2  1  1 -4 -3  0 1 1 1 65
 1 -1  2  2 -3  1  3 -2 -1 -4 -4  1 -3 -4 -2  3 -1 -4 -3 -3 0 0 1 65
-1 -2 -1  5 -4 -1  4 -3 -2  0 -3  0 -3 -4 -3 -1 -2 -5 -4  0 0 0 1 50
-2 -2 -1 -3 -3 -2 -2 -4 -3  1  1  0  3  3 -4 -2 -2 -3 -1  4 0 0 1 5
-1 -2 -2  1 -3  2  3 -3 -2 -1 -2  1 -2 -3 -1 -1 -1 -4 -3  3 0 0 1 50
-1 -2 -2  0 -4  0  6 -3 -3 -4 -4 -2 -4 -5 -3  0  4 -5 -4 -4 1 1 1 80
-3  7 -3 -3 -6  2 -2 -3 -2 -2 -5  0 -1 -5 -5 -3 -4 -6 -4 -1 1 0 0 50
-3 -3 -3  1 -5 -2  5 -4 -3  3 -1 -2 -2 -3 -4 -3 -2 -5 -4  3 1 0 0 50
-5 -5 -5 -6 -2 -5 -4 -6  0 -1 -2 -5  3  1 -6 -4 -5 -2  9  0 1 0 0 15
-3 -3 -1 -4 -4 -4 -4 -5 -5  0 -4 -4 -2 -5 -5 -1  7 -6 -5  2 1 0 0 50
-4 -6 -4 -6 -4 -6 -6 -7 -6  7 -1 -6 -2 -3 -6 -5 -4 -6 -4  4 1 0 0 0
-4 -1  6 -2 -6 -3 -3 -4  5 -4 -6 -3 -5 -6  5  0 -3 -6 -3 -6 1 0 0 35
-4 -5 -6 -6 -4 -5 -6 -6 -3  4  5 -5  2 -1 -6 -5 -3 -5 -4 -1 1 1 1 0
-3  5 -2 -3 -6 -1 -3  0  8 -6 -5  1 -4 -5 -5 -1 -3 -5 -2 -6 0 0 0 50
-2  3 -2  2 -6 -2  0 -3 -2 -4 -5  6 -4 -6 -4 -3 -3 -6 -5 -5 0 0 0 65
 1  1 -4 -5  1 -3 -4 -3 -2  4  1 -3  2 -2 -4 -2 -2 -4 -2  3 0 0 0 0
-2  0 -1 -3 -3  0 -2 -4  7  0  0  2 -2  0 -4 -2  0  1  3 -1 0 0 0 65
 0  1  0 -1 -2 -1 -1  3  4 -3 -1  2  0 -2 -3 -1 -1  1 -1 -3 0 0 1 85
 0 -2 -2 -3 -3 -2 -2  2 -3  1 -1  0  0 -3 -4  0 -1 -4  0  4 1 1 0 30
-1  0 -3 -2  1 -1 -2  3 -4 -2 -4  0 -3 -5  5  1 -1 -5 -4  0 1 1 1 40
-2  4 -1 -2 -1 -1 -3  0 -1 -3 -3  0 -3  5 -3  0  0  1 -1 -2 0 0 0 65
-3  0 -1 -4 -5  0 -2 -3  2 -4 -3  4 -1  4 -2 -2  1  6  2 -3 0 0 0 65
-4  3  0 -2 -6  0  0 -4 -1 -3 -4  7 -4 -4 -4 -3 -3 -6 -4 -5 0 0 0 30
-3  8 -3 -5 -2 -1 -3 -5  0 -6 -4  3 -4 -6 -5 -3 -4 -6 -5 -5 0 0 1 15
 6 -2 -4 -2 -3 -3 -4 -1 -2 -4 -4 -3 -4 -2 -3  1 -1 -5 -4 -3 0 0 1 -5
-1 -2  0  0 -5 -3 -2  0 -2 -4 -5  1 -3 -6  7 -1 -3 -6 -5 -3 0 0 1 30
-2  6 -2 -4 -5  1 -2 -4 -1 -2 -3  3 -3 -4 -2 -2 -1  2  0 -4 0 0 1 30
 7 -4 -5 -5 -1 -4 -3 -2 -5 -4 -5 -2 -4 -5 -3 -1 -2 -6 -5 -2 0 0 1 -5
-1 -5 -5 -5 -1 -4 -5 -5 -5  4  2 -4  4 -2 -5 -4 -2 -4 -3  4 0 0 1 15
-1  3  0 -1 -5 -1 -2 -2 -2 -4 -5  6 -4 -4 -4  0 -2 -5 -3 -5 0 0 1 40
 0 -1 -3 -1 -2  0  4 -3 -2  0  1  0  2  0 -3 -2 -3 -4  1 -1 0 0 1 10
-4 -6 -4 -6 -4 -5 -6 -7 -6  7  1 -5 -1 -1 -6 -5 -3 -5 -4  3 0 0 1 0
-4  7 -3 -4 -6  2 -3 -5 -3 -3 -3  4 -4 -5 -4 -3 -2  2 -4 -2 0 0 1 30
 0  1  0  0 -5  1  3 -2 -3 -5 -3  5 -3 -3 -3  0 -2 -5 -4 -4 0 0 1 40
-2 -4 -5 -6 -5 -4 -3 -6  3 -1 -1 -3 -3  8 -6 -3 -3  0  3 -2 0 0 1 15
 4 -4 -4 -4 -3 -4 -4 -3 -4  1  2 -4 -1 -2 -4 -1 -1 -5 -4  2 0 0 1 0
 2  0 -2 -3 -3  3  0 -2 -1 -1 -2  1  5 -3 -3  0  0 -4 -2 -1 0 0 1 5
-3  5 -3 -3 -5  1 -1 -4  1 -4 -3  6 -3 -5 -4 -2 -2 -5 -4 -4 0 0 1 75
 0 -2 -1 -2 -4  1  2 -3  8 -3 -2 -1  2 -3 -4 -2 -1 -4  0 -3 0 0 1 45
-1 -4 -3 -6 -4 -4 -5 -4 -4 -1  1 -4  9  4 -5 -4  0 -4 -3 -2 0 1 1 0
-1  0 -1 -3 -3 -2 -1  5 -1 -4 -4  5 -2 -5 -4 -1 -3  0 -4 -4 0 1 1 70
 1 -3 -3 -3 -1 -3 -2 -3 -4 -1 -2 -3 -1 -3 -3  0  6 -4 -3  2 1 1 1 10
-2 -1  0  3 -4  0  3 -1 -2 -4 -3  2 -3 -4  4 -1  0 -4 -3 -3 1 1 1 65
-1 -2  0  5 -3 -1  2 -1 -2 -2 -2 -1 -3 -3  2 -1  0 -3 -3 -2 0 0 0 45
 0 -1  0  2 -1  0  1  0  0 -1 -1  0 -1 -1  1  1  0 -1 -1 -1 0 0 0 80
 0  1  1  2 -2  1  1  0  0 -1 -1  1 -1 -2 -1  0  0 -1 -1 -1 0 0 0 10
-3 -5 -6 -6 -4 -5 -5 -6 -6  3 -1 -5  0 -3 -5 -4 -3 -5 -4  7 1 0 0 0
-3  6 -3 -4  2 -1 -3 -3  1  0 -2  3 -2 -4 -4 -3 -2  2 -2 -1 1 0 0 50
-4 -5 -5 -6 -4 -5 -5 -6 -6  6  3 -5  0 -1 -5 -4 -1 -5 -4  2 1 0 0 15
-3 -3 -1  7 -6 -2  0 -2 -2 -6 -5 -3 -6 -6 -4  0 -1 -7 -6 -6 1 1 1 25
-1 -1  1 -2 -4  0 -1 -4 -3 -2 -4  0 -2 -5  5  0  4 -5 -4 -1 0 0 1 45
-1  4 -1  2 -4  1  1 -1 -2 -4 -2  2 -2 -2 -2  2  0 -4 -2 -3 0 0 1 25
-4 -5 -6 -6 -1 -5 -5 -6 -5  3  5 -5 -1 -1 -4 -5 -2 -4 -3  2 0 0 1 0
-2 -4  8 -2 -6 -3 -4 -4 -1 -7 -5 -4 -5 -6 -5 -1 -3 -7 -5 -6 0 0 1 45
-2  0  0 -1 -5  1  4 -4  1 -5 -4  5 -2 -5 -3 -1 -1 -5 -4 -3 0 0 1 65
 3 -1 -3 -3 -1  0  0 -3  2 -2 -1  2 -1  2 -3 -1 -1 -3  2 -1 0 0 1 30
-3 -5 -6 -6 -4 -5 -5 -6 -6  6  2 -5  0 -2 -5 -5 -3 -5 -4  5 0 0 1 0
-6 -7 -7 -8 -6 -6 -7 -5 -2 -7 -6 -7 -5  1 -5 -2 -4 12  0 -7 0 1 1 40
 3 -2 -1 -1 -1  0  2 -2 -1 -3 -4  0 -2 -4 -3  4 -1 -5 -2 -3 0 1 1 65
-3  6  1 -3 -1  1 -2 -4  2 -5 -5  5 -4 -4 -4 -2 -3 -5 -3 -5 0 1 1 55
-2 -3 -3 -4 -5 -5 -4  7 -5 -7 -7 -3 -6 -6 -5  0 -4 -6 -3 -6 1 1 1 40
-2  2 -2 -3 -1 -3 -4 -4 -4  6 -1 -1  1 -3 -5 -1 -2 -5 -2  2 1 1 0 40
-2  5  0  0 -5  2  2 -4  0 -5 -5  3 -2 -5 -4  0 -2 -2 -4 -5 1 1 0 30
-2 -1  6 -1  0 -1 -2  0  2 -4 -4  4 -2 -5 -4  0 -2 -5 -3 -5 1 1 1 60
-2 -5 -5 -3 -4 -4 -4 -4 -5  2 -1 -3 -2 -3  5 -3 -1 -5 -4  5 1 1 1 5
-3 -3 -5 -4 -6 -4 -4 -6 -6 -3 -4 -4 -6 -7  8 -4 -3 -1 -6 -3 1 1 1 20
-1  4  1 -2 -1 -2 -3 -2  1 -3 -3 -1 -3  1 -2  1 -1 -2  5 -3 1 1 0 60
-3  6 -3 -4  2 -1 -2 -4 -1 -5 -5  4 -4 -5 -3 -1 -3 -5 -1 -5 1 0 0 65
-3 -5 -6 -6 -4 -5 -5 -6 -6  6  1 -5  1 -1 -5 -4 -2 -5 -3  4 1 0 0 10
-4  7 -2 -3 -1  0 -2 -4  2 -5 -5  1 -4 -6 -5 -2 -1 -6 -4 -3 1 0 0 65
-2 -5 -6 -6 -4 -5 -5 -6 -6  2 -1 -5  0 -4 -5 -4 -3 -6 -3  7 1 0 0 0
-2  6 -3 -2 -3  1 -1 -4  0 -3 -2  3 -2 -4 -3 -2 -3  2 -2  0 1 0 0 30
 2 -4 -5 -5  0 -4 -4 -4 -4  2  3 -4  2  0 -3 -3 -2  0 -3  3 1 0 0 0
 1 -1 -1 -2 -2  0  1 -2 -1 -1 -3 -1  0 -3 -2  4  1 -4 -3  1 1 0 0 15
-4  7 -3 -4 -6 -2 -1 -4 -3 -1 -4  4 -2 -2 -5 -3 -4 -5 -4 -2 1 0 0 45
-3  0 -1  1 -4 -1  1 -4 -3  0 -1  5 -2  3 -3 -2 -2 -4 -1 -3 1 0 0 45
-1  5 -2  2  1 -1  2 -1  2 -4 -4  1 -3 -4 -1 -1 -1 -5 -3 -3 0 1 1 55
-3 -2  6  4 -5 -1  4 -3 -1 -3 -5 -1 -4 -5 -4 -1 -3 -6 -3 -4 0 1 1 80
-1 -3 -1  4 -5 -1  5  2 -3 -5 -5  0 -4 -5 -3 -2 -2 -5 -4 -5 0 1 1 70
-1 -2 -1  5 -4 -2  1  3 -3 -4 -4  0 -3 -4 -3  0  1 -4 -4 -2 0 1 1 10
-2 -1 -1  0 -4  0  6 -3 -2 -2 -3  0 -3 -3 -3 -1  0 -3  0  0 1 0 0 15
 1  0  1  2 -2  0  1  1 -1 -1 -1  0 -1 -2 -1  0  0 -3 -2  0 1 0 0 0
 2 -1 -2 -2 -2  0 -1 -2 -2  2  0  0  0 -2 -2  0  0 -3 -2  3 1 0 0 35
 1 -1 -3 -4 -3 -2 -2 -4 -4  2 -1  3 -1 -3 -3 -2  0 -4 -3  4 1 0 0 0
-2  1 -2  1 -5  2  6 -4 -2 -3 -2  1 -3 -4 -3 -1 -2 -4 -2 -4 1 0 0 45
 4 -2 -3 -3 -2 -2 -2 -2 -3  0 -1  0 -1 -2 -2 -1 -1 -3  0  3 1 1 1 25
-2 -1  0  1 -4  1  5 -3  1 -3 -1 -1 -2 -2 -2  0  1 -3  1 -3 1 1 1 45
-2 -3 -4 -3 -3 -3 -1 -4 -3  1  4 -3  0  3  2 -3 -1 -2  1  0 1 0 0 30
 5 -2 -2 -2 -2 -1  0  0 -3 -1 -2  0 -2 -3 -2  0 -1 -4 -3  0 1 1 1 65
-2 -1 -1  2 -5  2  6 -3 -1 -4 -4  0 -3 -4 -2 -1 -2 -4 -3 -3 1 1 1 85
