 2 -1  3  0 -1  0  0  0 -1 -2 -2  0 -1 -2 -1  2  0 -3 -2 -1 1 1 1 95
-1  5  0 -1 -3  2  0 -2  0 -3 -2  3 -1 -3 -2 -1 -1 -3 -2 -2 1 1 1 85
 0  1  0 -1 -2  3  0 -1  2 -3 -2  0 -1 -3 -1  3  1 -3 -1 -2 1 1 1 60
-1 -2 -2 -2 -3 -2 -1 -2 -2 -3 -3 -1 -3 -4  8 -1 -1 -4 -3 -3 1 1 1 15
-2 -1  6  1 -3  0 -1 -1  0 -3 -4  0 -2 -3 -2  0  0 -4 -2 -3 1 1 1 40
-1 -2 -2 -2 -3 -2 -1 -2 -2 -3 -3 -1 -3 -4  8 -1 -1 -4 -3 -3 0 1 1 20
-2 -1  6  1 -3  0 -1 -1  0 -3 -4  0 -2 -3 -2  0  0 -4 -2 -3 0 1 1 60
-2 -1  6  1 -3  0 -1 -1  0 -1 -2 -1 -2 -3 -2  0  0 -4 -2 -1 1 1 1 40
-1 -2 -2 -2 -3 -2 -1 -2 -2 -3 -3 -1 -3 -4  8 -1 -1 -4 -3 -3 0 0 0 10
 0 -2 -2 -3 -1 -1 -2 -2 -2  0  1 -1  5 -1 -2  0  0 -2 -1  0 0 0 0 85
-1  0 -1  1 -4  2  5 -2  0 -3 -3  1 -2 -3 -1  0 -1 -3 -2 -3 0 0 0 45
-2 -2 -2 -3 -3 -2 -2 -3  1 -2 -1 -2 -1  3 -3 -2 -2  2  7 -1 0 1 1 5
-1 -4 -3 -4  9 -3 -4 -3 -3 -2 -2 -3 -2 -3 -3 -1 -1 -3 -3 -1 1 1 1 15
 1 -1  0  0 -1  0  0 -1 -1 -3 -3  0 -2 -3 -1  4  1 -3 -2 -2 1 0 1 20
 0 -1  0 -1 -1 -1 -1 -2 -2 -1 -1 -1 -1 -2 -1  1  5 -3 -2  0 1 1 1 70
-1 -3 -3 -3 -1 -3 -3 -4 -3  4  2 -3  1  0 -3 -2 -1 -3 -1  3 1 1 0 45
-1 -2 -2 -2 -3 -2 -1 -2 -2 -3 -3 -1 -3 -4  8 -1 -1 -4 -3 -3 1 1 1 40
-1 -2 -2 -2 -3 -2 -1 -2 -2 -3 -3 -1 -3 -4  8 -1 -1 -4 -3 -3 0 0 1 0
-2 -2 -1 -2 -2 -1 -2 -3  5  0  2 -2  2  2  1 -2 -1 -2  1 -1 0 0 1 55
-1  2 -1 -1  1  4  1 -2  0 -1 -1  1  0 -2 -2 -1 -1 -2 -2 -1 0 0 1 50
-1  1  0 -1 -3  6  2 -2  0 -3 -2  1 -1 -3 -2  0 -1 -2 -2 -2 0 0 1 20
 3 -2 -2 -3 -1 -2 -2 -1 -2  1  0 -2  0 -1 -2  0  0 -3 -2  2 0 0 1 0
 2  1  2 -1 -1  2  0 -1 -1 -2 -2  0 -1 -2 -1  1  1 -2 -2 -1 0 1 1 55
 2 -1  1  1 -1  0  0  1 -1 -2 -2 -1 -1 -2 -1  1  0 -3 -2 -1 0 1 1 95
 2 -1  2  0 -1  1  0  0 -1 -2 -2  0 -1 -2 -1  3  1 -2 -2 -1 0 1 1 50
 0 -1  1  1 -2  0  0  3 -1 -1 -2 -1 -1 -2 -1  0 -1 -2 -2 -1 0 1 1 30
 2 -1 -1 -1 -1  1  0  0 -1 -1 -1  0 -1 -2  1  1  2 -2 -1 -1 0 1 1 5
 0 -1 -1 -1 -1  0 -1 -1 -1  0  2 -1  0 -1  3 -1 -1 -1 -1  0 0 1 1 55
 1 -1  2  0 -2  1  0  2 -1 -2 -2  0 -1 -2  1  2  0 -2 -2 -2 1 1 0 85
 1  1  0 -1 -1  2  0  1 -1 -2 -2  0 -1 -2 -1  2  0 -2 -1 -1 1 1 0 40
-1 -1 -1 -1 -2  0 -1 -1 -1 -2 -2 -1 -2 -2  6  0 -1 -2 -2 -2 1 1 1 75
-1 -2 -2 -2 -3 -2 -1 -2 -2 -3 -3 -1 -3 -4  7 -1  0 -4 -3 -2 1 1 1 45
-1 -3 -2 -2 -3 -2 -2 -3 -3  1 -1 -2 -1 -3  7 -1 -1 -4 -3 -1 1 1 1 20
 1 -1  0 -1 -1  0 -1 -1 -1 -2 -2 -1 -1 -2 -1  4  3 -3 -2 -1 1 0 0 45
 0 -3 -3 -3 -1 -2 -3 -3 -3  2  1 -2  0 -1 -3 -2  0 -3 -1  4 1 0 0 5
-1 -2 -3 -3 -2 -1 -3 -3 -2  3  2 -2  5  0 -3 -2 -1 -2 -1  1 1 0 0 55
 0 -3 -3 -3 -1 -2 -3 -3 -3  2  1 -2  0 -1 -3 -2  0 -3 -1  4 1 0 0 0
-1 -2 -2 -2 -3 -2 -1 -2 -2 -3 -3 -1 -3 -4  8 -1 -1 -4 -3 -3 1 0 0 30
 0 -3 -3 -3 -1 -2 -3  0 -3  2  0 -2  0 -1 -3 -2  0 -3 -2  4 1 1 1 55
 0 -2  0 -1 -2 -2 -2  5 -2 -4 -4 -1 -3 -3 -2  1 -1 -3 -3 -3 1 1 1 75
 0 -3 -3 -3 -1 -2 -3 -3 -3  2  1 -2  1 -1 -3 -2  0 -3 -1  4 1 1 1 95
