-1 -3 -1 -2 -3 -3 -3  7 -3 -5 -5 -2 -4 -4 -3 -1 -2 -3 -4 -4 1 1 1 95
-2  7 -1 -3 -4  0 -1 -3  1 -4 -3  1 -2 -4 -3 -2 -2 -4 -2 -4 1 1 1 95
-2  6 -1 -2 -4  0 -1 -3 -1 -4 -3  2 -2 -4  4 -1 -2 -4 -3 -3 1 1 1 75
-2  3 -2 -2  1  1 -1 -3 -2 -3 -3  0 -2 -4  7 -2 -2 -4 -3 -1 1 1 1 70
 0  1 -1 -2 -3  0  0 -2 -2 -1 -1  5 -1 -3 -2  1 -1 -4 -2  0 1 1 0 45
-2 -3 -4 -4 -2 -3 -3 -4 -3  1  4 -3  4  3 -4 -3 -2 -1  1  0 1 1 0 0
-1 -2  1 -2 -2  0 -1 -2 -2 -1 -2 -1 -2 -3 -2  2  5 -3 -2 -1 1 1 1 55
-1  1 -1  2 -3  1  1 -1 -1 -3 -3  1 -2 -1  4  0  1 -3 -2 -2 0 0 1 45
 0 -1 -1  2 -4  1  5 -1  2 -3 -3  0 -3 -4 -2  0 -2 -4 -2 -2 0 0 1 50
-1  0 -1  0 -3  5  2 -3  2 -2 -2  1 -1 -3 -2 -1  0 -3 -2  0 0 0 1 20
-2  0 -3 -4 -3  1 -2 -3  2 -1 -2 -1 -2 -1 -4 -3 -2 10  1  1 0 0 1 25
 2 -1 -1  2 -3  2  4 -2 -1 -3 -3  1 -2 -4 -2  0 -1 -3 -2 -2 0 0 1 35
 0  2 -1 -1 -4  6  2 -2 -1 -4 -3  1 -1 -4 -2 -1 -1 -3 -2 -3 0 0 1 40
 3 -3 -3 -3  4 -2 -2 -2 -3  2  0 -2  1  1 -2  0 -1 -3 -1  1 0 0 1 0
 1  2 -1 -1 -3  0  1  4 -2 -3 -3  0 -2 -3 -2  0 -1 -3 -3 -3 0 0 1 30
-1  6 -1 -2 -1  1  0 -3  0 -3 -2  2 -2 -3 -3 -1 -2 -3 -2 -3 0 0 1 45
-2 -2 -3 -3 -2 -2  0 -4 -3  1  4 -2  4  0 -3 -3 -2 -2 -2  0 0 0 1 25
-2 -3 -4 -4 -2 -3 -4 -4 -4  4  4 -3  1  0 -4 -3 -2 -3 -2  1 0 0 1 10
 3  1 -1 -1 -2  0  2 -1  0 -2 -2  2 -2 -3 -2  0 -1 -3 -2 -1 0 0 1 50
 2 -1  4  0 -2  1 -1  0 -1 -3 -3  1 -2 -3 -2  2  0 -3 -2 -2 0 1 1 45
-1 -3 -1 -2 -3 -3 -3  6 -3 -5 -5 -2 -4 -4 -3 -1 -2 -3 -4 -4 0 1 1 70
 1 -1  0 -1  3  0  1 -2  4  0 -1  0 -1 -2 -2 -1 -1 -3  1  1 1 1 1 40
 0 -2  0  2 -2 -1 -1 -2 -2 -3 -3 -1 -2 -3  4  3  2 -4 -3 -2 1 1 1 50
-2  6 -1 -3 -4  0 -1 -3  3 -3 -1  1 -2 -3 -3 -2 -2 -3 -2 -3 0 0 1 15
-2  3 -1 -1 -4  5  1 -3  2 -3 -1  3 -1 -3 -2 -1 -1 -3 -2 -3 0 0 1 55
-2  2  0  1 -4  6  1 -3  0 -1 -3  1 -1 -3 -2 -1 -1 -3  0 -2 0 0 1 25
-1 -3 -4 -4 -2 -3 -3 -4 -4  3  2 -3  1 -1 -3 -3 -1 -3 -2  4 0 0 1 0
 4 -2 -2 -2 -1 -1 -1  0 -2 -2 -2 -1 -2 -3 -1  2  0 -3 -2 -1 0 0 1 0
-1 -1 -3  0 -2 -2 -2 -3 -3  3  3 -2  1 -1 -3 -1 -1 -3 -2  1 0 0 1 75
-2  0 -3 -3 -2 -2 -3 -4 -3  4  1  0  1 -1 -3 -2 -1 -3 -2  3 0 0 1 70
-2 -3 -3 -4 -3 -3 -3 -4  0  0  0 -3 -1  4 -4 -2 -1  1  7 -1 0 1 1 25
-2 -2  2  5 -4 -1  0  3 -2 -4 -4 -1 -4 -4 -2 -1 -2 -4 -4 -4 0 1 1 75
 0 -3 -4 -4 -2 -3 -3 -4 -4  3  0 -3  0 -1 -3 -2 -1 -4 -2  5 1 1 1 10
 1 -2 -1  1 -2 -2 -2  5 -2 -3 -3 -2 -3 -3 -2  2 -1 -3 -3 -2 1 1 1 40
-1 -3 -4 -4 -2 -3 -3 -4 -3  2  3 -3  2 -1 -1 -2 -1 -3 -2  3 0 0 1 30
 1 -1  0  0  2  0 -1 -1 -2 -3 -3  2 -2 -3  0  4  0 -4 -2 -2 0 0 1 65
-1 -2 -1 -2 -2 -1 -2 -2 -2 -1 -1 -1 -1 -3 -2  1  6 -3 -2 -1 0 0 1 15
-2 -3 -4 -4 -2 -3 -4 -4 -3  3  4 -3  1  1 -3 -3 -2 -2 -1  1 0 0 1 0
-3 -3 -3 -4 -3 -2 -3 -4  1 -2 -2 -3 -2  2 -4 -2  0  1  8 -2 0 0 1 50
-2  5 -1 -2 -4  1  0 -3 -1 -4 -3  5 -2 -4 -2 -1 -2 -4 -2 -3 0 0 1 65
-2  2 -2 -2 -3  0 -1 -3  0 -3 -2  3 -1  1 -3 -2 -2  0  6 -2 0 0 1 15
-2 -3 -3 -4  3 -3 -3 -4  3  0  1 -3  0  5 -4 -2 -2  0  3 -1 1 1 0 10
-2 -3 -3 -2 -4 -2 -2 -3 -3 -4 -4 -2 -3 -5  8 -2 -2 -5 -4 -3 1 1 1 40
 3 -2 -2 -3 -1 -2 -2 -1 -3  1 -1 -2 -1 -2 -2  0  0 -3 -2  3 0 1 1 65
 0 -1  2 -1 -2  0  0  3 -1 -3 -3  0 -2 -3  1  2  1 -3 -3 -2 0 1 1 85
 0  2  0  2 -3  1  2  0 -1 -2 -2  2 -2 -2 -2  0  0 -3  0 -1 1 1 1 60
 0 -1  0 -2 -1  0 -1 -2 -2  2  1 -1  0  0 -2  1  0 -2 -1  1 1 1 1 60
-1  2  2  1 -3  4  2 -2  0 -3 -3  3 -1 -4 -2  0 -1 -3 -2 -3 1 1 1 80
-1  2  1 -1  3  0  0 -2 -1 -2 -2  3 -1 -3 -2  0  2 -3 -2 -2 1 1 1 50
-1  4  0 -1 -3  3  1 -2 -1 -3 -3  4 -1 -3 -2 -1 -1 -3 -2 -3 1 1 1 70
 0 -1  0 -1 -1 -1 -1 -1 -1 -1  1 -1  3 -1 -2  3  1 -3 -2 -1 1 1 1 85
 0 -1  5  1 -2  0  0  0  0 -3 -3  0 -2 -3 -2  2  0 -4 -2 -3 1 1 1 95
