-3 -4 -5 -6 -4 -3 -4 -5 -4  0  0 -4 10 -2 -5 -4 -3 -4 -3 -1 1 1 1 45
-1 -1  3  1 -3  1  2  2  3 -4 -3  0 -3 -4 -2  1  1 -4 -2 -3 1 1 1 35
 0  0  1 -1 -3  2  1 -2 -1 -1 -2 -1 -1 -2 -2  1  4 -4 -3  0 1 1 1 70
-1 -1  3  3 -3 -1  1  0 -2 -3 -3  0 -2 -3  1  2  2 -4 -3 -2 0 1 1 55
-2 -1  1  4 -5  3  4 -2  0 -4 -4 -1 -3 -5 -3  1 -2 -5 -3 -3 0 0 1 40
-2 -2 -3 -2 -2 -2 -3 -4 -1  2  3 -3  3  2 -3 -2  0 -2 -1  1 0 0 1 5
-2 -3 -2 -4 -3  0 -3 -4 -2  1  4 -3  2  2 -1 -2 -1 -3 -2  0 0 0 1 25
 1  2  0  2 -3  2  2 -1 -1 -3 -3  2 -2 -4 -2  0 -1 -4 -3 -3 0 0 1 40
 0 -1  1  3 -4  1  5 -2  4 -4 -4 -1 -3 -4 -3  0 -2 -4 -3 -4 0 0 1 30
-3 -5 -5 -5 -3 -5 -5 -6 -5  7  0 -5  1  1 -5 -4 -1 -4 -3  1 0 0 1 0
 0  4 -1 -3 -4  1 -1 -1  4 -4 -3  1 -3 -1 -3 -1 -1  0  4 -3 0 0 1 15
 0 -2  0  5 -5  1  5 -2 -2 -5 -5 -1 -4 -5 -3 -1 -2 -5 -4 -4 0 0 1 25
 1 -3 -4 -4 -2 -3 -3 -3 -3  3  2 -3  1  3 -3 -2  0 -3 -1  2 0 0 1 5
-4 -3  9 -1 -5 -3 -3 -3 -2 -6 -6 -3 -5 -6 -5 -2 -3 -6 -5 -6 0 0 1 0
-3  0 -5 -5 -3  0 -4 -5 -4  1  5 -3  2 -1 -1 -4 -3 -3 -3 -1 0 0 1 5
 2  0  0 -1 -3 -2 -2 -1 -3 -3 -3 -2  2 -4 -3  4  1 -4 -3 -3 0 0 1 25
-4 -4 -5 -6  1 -4 -5 -6 -1 -4 -4 -5 -4  0 -6 -4 -4  0  9 -4 0 0 1 0
-3 -4 -6 -6 -3 -4 -5 -6 -5  0  6 -5  2 -2 -5 -5 -3 -4 -3 -1 0 0 1 0
-2  0 -2 -4 -3  0 -3 -3  0  1  4 -2  5 -1 -4 -2 -1 -1 -2  0 0 0 1 20
-2 -4 -5 -5 -3 -4 -5 -5 -5  0  6 -4  2 -2 -1 -4 -3 -4 -3 -1 0 0 1 0
 6 -3 -4 -4  0 -3 -3  0 -4 -2 -1 -3 -1 -4 -3 -1 -2 -4 -4  1 0 0 1 0
-1  2 -2 -3 -5  8 -1 -4  2 -5 -4  0 -3 -5 -4 -2 -3 -4 -3 -5 0 0 1 5
-1  6 -1 -3 -5  3  0 -4 -1 -5 -4  1 -3 -4 -3  0 -1 -1 -3 -4 0 0 1 30
-3 -4 -5 -5 -3 -3 -4 -5 -4  0  5 -4  6 -1 -5 -4 -1  1 -3  0 0 0 1 0
 0 -4 -4 -5 -3 -4 -4 -2 -4  5  3 -4  1 -2 -4 -3 -2 -4 -3  1 0 0 1 0
 0  5  2 -2  1  1 -1 -3  1 -3 -2  1 -3 -4 -3  0 -2 -4 -3 -2 0 0 1 50
 0  0 -1  2 -3  3  3 -2  0 -1 -3  0 -2 -4 -2  1  1 -4 -3 -2 0 0 1 45
-3 -3  3  7 -5 -2  2  0 -1 -5 -6 -2 -5 -5 -3 -2 -3 -6 -5 -5 1 1 1 30
-1  4  0  0 -4  0  0 -2  0 -4 -2  4 -3 -4  1 -2 -2 -4 -1 -3 0 0 1 30
 3 -2 -2  0 -3  0  2 -1 -2 -2 -1  0  0 -2  1  0 -1 -4 -3 -1 0 0 1 40
 2  0 -2 -1 -2  1  2 -2 -2 -1 -1 -1  1  1  0  2  1 -3 -2  0 0 0 1 20
 6 -4 -3 -4  3 -3 -3  2 -4 -4 -4 -3 -3 -4 -3  1 -2 -5 -4 -3 0 0 1 -5
-2  0 -3 -4 -3  0 -3 -1 -3  2  1  1  7 -2 -4 -2  0 -4 -3  1 0 0 1 15
 0 -1 -4 -5 -4 -2 -4 -4 -3 -1  0 -2 -2  7 -4 -2  0 -2  2  1 0 0 1 45
-2  6 -2 -3 -5  1 -1  0  0 -2 -3  0  0  1 -4 -2 -3 -4 -3 -3 0 0 1 10
-3 -4 -5 -5 -3 -4 -5 -5 -5  0  5 -4  3  0 -5 -2 -3 -4 -3  1 0 0 1 0
-2 -4 -3 -3 -5 -1 -4  7 -4 -6 -6  0 -5 -5  0 -2 -4 -5 -5 -5 0 1 1 35
-2 -4 -4 -5 -3 -4 -4 -1 -4  5  2 -4  3  0 -4 -4 -2 -4 -2  2 1 1 1 10
-1 -3  1  2  0 -2 -1  0 -3  0 -4 -2 -3 -4 -2  5  1 -5 -4 -3 1 1 1 45
 0  1  1  2 -4  3  4 -2 -2 -4 -4  1 -3 -4 -1  0 -1 -4 -3 -3 0 0 1 55
-1  1 -1  3 -4  0  4  0 -2 -4 -4  0 -3 -5 -1  0 -2 -5 -4 -3 0 0 1 60
 1 -2 -3 -4 -2 -2 -3 -3 -3  1  2  0  5 -1 -3 -1  2 -3 -2  2 0 0 1 0
 5 -4 -3 -4  4 -3 -3  2 -4 -1 -2 -3 -3 -4 -3 -1 -2 -4 -4  0 0 0 1 -5
-1 -1  1  5 -4  2  2  0 -1 -2 -4 -2 -3 -4 -3  0  0 -5 -4 -3 0 0 1 50
 1 -1 -1 -3 -2 -2 -3 -3 -3  2  2 -1  0 -2 -3 -1  0  5 -2  1 0 0 1 20
-3 -4 -5 -5 -3 -4 -5 -1 -5  3  5 -4  0 -2 -5 -4 -3 -4 -3  0 0 0 1 0
 3 -1 -1  0 -2 -1  1  0 -2  0 -1  0  0 -3 -1  1 -1 -4 -3  0 0 0 1 25
 1  0  1 -1 -3  1  1  2 -2 -3 -3  1 -1 -4 -2  1  2 -4 -3 -2 0 0 1 60
-2 -4 -5 -5 -3 -4 -5  0 -4  0  5 -4  4 -1 -5 -4 -3 -4 -3 -1 1 1 1 5
-1 -1  0 -1 -3  0 -2 -1 -3 -3 -1 -2 -2 -4  0  4  4 -4 -3 -2 1 1 1 30
 0 -1  0 -3 -3 -2 -1 -3  1 -1  3 -2  0 -2  5 -1 -1 -4 -3  0 0 0 1 30
 3 -1 -2  1 -3 -1  1 -2 -3 -3 -3 -1 -1 -4  4  0 -1 -1 -3 -2 0 0 1 40
 0 -2 -2  1 -5  8  1 -4 -2 -5 -5  0 -3 -5 -4 -2 -3  0 -4 -5 0 0 1 30
-3 -4 -4 -5  1 -3 -4 -5 -4  3  4 -2  5 -2 -4 -3  0 -4 -3  1 0 0 1 0
 0 -2 -2  0 -2  0  0 -3 -3  1  1 -1  2 -2 -3 -1  0 -4 -2  3 0 0 1 10
-1  4 -2 -2 -5  1  1 -3 -2 -4 -4  5  0 -4 -3 -1 -2  1 -3 -3 0 0 1 40
-3 -4 -5 -5 -3 -4 -5 -5 -1  2  5 -4  3 -1 -5 -4 -3 -4 -3  0 0 0 1 0
 6 -3 -3 -4 -3 -3 -3 -1 -4 -4 -4 -3 -1 -4 -3  1 -2 -5 -4 -2 0 0 1 0
 1  3  0  1 -3  1  2 -1 -2 -3 -3  0 -1 -4 -2  2  1 -4 -3 -3 1 1 0 40
 0  0  0 -2  0 -1 -2  0 -3 -1 -3 -2 -2 -3 -3  4  3 -4 -3 -1 1 1 0 20
-2 -1  6  2 -4 -1 -1  1 -2 -5 -5 -2 -4 -5  0  2 -1 -5 -4 -4 1 1 0 30
-2 -2 -2 -2 -4  5  2 -4 -1 -1  0 -1  4  0 -3 -1  0 -3 -2  1 1 1 0 15
-2 -3 -4 -5 -3 -3 -4 -5 -4  0  4 -3  3  2  1 -3 -2 -2 -1  1 1 1 1 0
-2 -3 -4 -4  1 -3 -4 -4 -4  3  4 -3  2  0 -4 -1 -2 -3 -2  2 1 1 0 0
 0 -4 -4 -5  9 -4 -4 -4 -4 -3 -1 -4 -2  1  0 -1 -1 -3 -1 -2 1 0 0 0
 0  5  0  0  0  2  1 -3  1 -3 -2  1 -2 -2 -3  0 -1 -4 -2 -2 1 0 0 30
-3 -4 -4 -4 -3 -4 -4 -4 -3  2  1 -4  1  6  3 -3 -3 -1  0 -1 1 0 0 0
-3  7  0 -3  3 -1 -2 -2  2 -4 -4  0 -3 -4 -4 -1 -2 -4 -3 -2 1 1 0 15
 0 -3 -3 -2  0 -1 -3 -2 -2  0  1 -3  1  6 -2 -3 -2 -1  1  1 1 1 1 5
-1 -2  2  5 -4  0  3 -3 -2 -4 -4 -1 -1 -4 -3  0  0 -5 -4 -3 1 1 1 65
-1  0  3  5 -4  1  1 -2 -2 -4 -4 -1 -4 -5  0  1 -1 -5 -4 -4 1 1 1 30
 1  0  0  1 -1  0  1  0  4 -3 -3 -1 -2 -3  1  2  0 -3  0 -2 0 0 1 15
 1 -1  0  0 -2  3  1 -1  0  0  1  0  1 -2 -2  0 -1 -3 -2  0 0 0 1 65
-1  0 -3 -3 -2  1 -2 -4 -3  2  2 -2  2 -2 -3 -1  2 -3 -2  3 0 0 1 25
-1 -4 -5 -5 -3 -4 -4 -5 -4  4  4 -4  1  0 -4 -4 -2  6 -2  0 0 0 1 0
 1  2  2 -1 -3  0  1  1 -1 -3 -3  0 -2 -2 -2  2  1 -4 -3 -3 0 0 1 50
 1  1  0 -2  0  1 -1 -1  1  0  2  1  3 -2 -3  0 -1 -3 -2 -1 0 0 1 45
-3 -4 -5 -5 -3 -1 -4 -5 -4  2  5 -4  2 -1 -5 -4 -3 -4 -3  1 0 0 1 30
 1 -3 -1 -3  1 -2 -3 -2 -3 -2  0 -2  0 -3 -3  1  5 -4 -3 -1 1 1 0 40
-1  1  2  2 -3  3  0  1  2 -3 -2  1 -2 -3 -2  0 -1 -3 -2 -2 1 1 1 45
 0  0  2  2 -4 -1  2 -1  4 -3 -4  1 -3 -3 -1  0 -1 -3  2 -3 1 1 1 70
 0 -2  0 -1 -3 -1 -1  2 -1 -3 -4  0 -3 -4  2  4  1 -4 -3 -2 1 1 1 50
-2  6 -1 -2 -5  0 -2 -3 -2 -4 -2  4 -3 -5  1 -1 -2 -5 -4 -4 1 1 0 80
-2 -2  1  4 -3  0  2  0 -1  0 -1 -2 -2 -3  0  0 -2 -4 -3  2 1 1 1 40
 0  2 -1  3 -3  1  1 -1  2 -3 -2  0 -2 -4  0 -1  0 -4 -3 -2 0 0 1 35
 3 -3 -1  3 -3 -2  0  2 -1 -3 -1 -2  0 -4 -3  1 -1 -4 -3 -2 0 0 1 35
-1 -3 -4 -4 -3 -1 -3 -4 -4  2  4 -3  3 -1 -4 -1  0 -3 -3  1 0 0 1 20
 2 -1  0 -2  0  5  0 -1 -2 -3 -3 -1 -2 -4  0  2  1 -4 -3 -1 0 0 1 15
 0  2  1 -2 -4  5  0  1  3 -4 -4  0 -3 -4 -2  1 -1 -4 -3 -4 0 0 1 20
 0 -3 -3 -3 -2 -3 -3 -3 -3  3  2 -3  3 -1 -3  0  1 -3 -2  1 0 0 1 10
-1 -3 -2 -4 -5 -1 -3 -4 10 -5 -3 -3 -4 -4 -4 -3 -4 -5 -1 -5 0 0 1 20
 4 -3  0 -3 -2 -2 -2 -2 -3 -2 -1 -2  1 -3 -2  1  3 -4 -3 -1 0 0 1 20
 4 -3  0  1 -1 -2 -1  3 -3 -3 -4 -2 -3 -4 -3  2  0 -4 -4 -2 0 0 1 5
-2 -5 -5 -5 -3 -4 -5 -5 -4  6  1 -4  2 -2 -5 -4 -2 -4  0  2 0 0 1 20
-1 -4 -5 -5 -3 -4 -4 -5 -4  1  5 -4  2 -1 -4 -4 -3 -3 -3  1 0 0 1 25
 0 -2 -4 -5 -3 -3 -4 -4 -4  0  4 -3  7 -2 -4 -1 -2 -3 -3 -1 0 0 1 25
 5 -3 -2 -3  0 -2 -2 -2 -3 -3 -3 -2 -3 -4 -3  4  0 -4 -4 -1 0 0 1 25
 2 -1 -1 -2  2 -1 -2  4  1 -3 -4 -1 -3 -4 -3  3  2 -4 -3 -3 0 0 1 35
-1  4  0 -1 -4  5  1 -3  3 -4 -2  1 -2 -4 -3 -1 -2 -4 -3 -3 0 0 1 15
 1 -3 -2 -3 -2 -2 -2 -2 -1 -1  2 -2 -1  1  4  0 -1 -3 -2  0 0 0 1 10
 2 -3 -2 -3 -2 -1 -2 -3 -3  1  3 -2  1  1 -2  0 -1 -3 -1  2 0 0 1 0
-2  1  2  1 -4  3  5 -3  0 -4 -3  0 -3 -4  0 -1 -2 -4 -3 -3 0 0 1 35
 1 -1 -1  1 -3  3  2 -1  1 -2 -2  0 -2 -3 -1  1  1 -3 -2  0 0 0 1 50
 0 -3 -3 -4 -2 -3 -3 -4  0  3  3 -3  2 -1 -3 -2 -1 -3 -2  2 0 0 1 40
 2 -1  2  0 -2 -1 -1  2 -2 -3 -3  0 -2 -3 -1  3  1 -4 -3 -2 1 1 1 60
 0  0  0  0 -3  4  2  0 -1 -3 -2  0 -1 -3  1  1  0 -3 -2 -2 1 1 1 85
-1  2  1  0 -3  2  1 -1  1 -3 -3  3 -2 -3  3  0  0 -3 -2 -2 1 1 1 60
 2  0  0  4 -2  0  2 -1 -1 -3 -3 -1 -2 -3  0  1 -1 -4 -3 -2 0 0 1 50
 0  0  2  3 -3  0  2  1 -1 -2 -3  0 -2 -3 -2  0  1 -3 -2 -2 0 0 1 55
 1  0  2  1  0  0  1  0  1 -2 -2  0 -1 -3 -2  2  1 -3 -2 -1 0 0 1 25
 2 -2 -2 -2 -1 -1 -1 -2 -2  0  2 -1  0 -1  2  1  1 -3 -2  0 0 0 1 20
 1  2 -2 -2 -2  0 -1 -2 -2 -1  0  0  1 -2  4  0  0 -3 -2 -1 0 0 1 40
-1  2 -1 -1 -4  1  0  0  0 -3 -3  5  0 -3 -2 -1 -1 -3 -2 -3 0 0 1 50
-1  3 -1 -1 -4  1  2 -2 -1 -3 -3  5 -2 -4 -2 -1 -1 -4 -2 -3 0 0 1 55
-2  6 -1 -2 -4  1  0  0 -1 -4 -3  3 -2 -3 -2 -1 -2 -3 -2 -3 1 1 1 55
 4 -2 -2 -2 -1 -1 -1  0 -2 -1 -2 -1 -1 -3 -1  1  0 -3 -2  0 1 1 1 95
