-2 -3 -4 -4 -2 -3 -3 -4 -3  1  2 -3  2  4 -4 -3 -2  6  1  2 1 1 1 85
-1  2 -1  2 -4  2  3 -2 -1 -3 -2  4 -2 -3 -2  0 -1 -4 -3 -3 1 1 1 60
-3 -1  7  1 -4 -1  0 -2 -1 -5 -5  1 -3 -4 -3 -1 -1 -5 -3 -4 1 1 1 35
-2  3 -1 -2 -4  2  0 -3 -2 -4 -3  6 -1 -4 -2 -1 -1 -4 -3 -3 1 1 1 50
-2 -4 -4 -4 -2 -3 -4 -4 -4  3  2 -3  2  0 -4 -3 -1 -3 -2  5 0 0 1 0
 0  1 -2 -2 -3 -1 -1 -3 -2 -3 -1  2 -2 -3  6  0 -2 -4 -1 -2 0 0 1 60
-1  0  0  2 -4  2  5 -2  1 -4 -2  2 -2 -4 -2 -1 -2 -4 -2 -3 0 0 1 55
-1  1 -1 -2 -3 -1 -1 -3  0  0  2  3  1  0 -3 -1  0 -3 -1  0 0 0 1 35
-3  1 -2 -2 -5  8  0 -4 -1 -4 -4  0  0 -5 -3 -2 -2 -4 -3 -4 0 0 1 10
 0  3 -1 -2 -4  1  1 -3 -2 -3 -2  5 -1 -4 -2 -1 -2 -4 -3 -3 0 0 1 75
-2 -1 -2 -3 -2  1 -1 -4  1  1  3  0  1  3 -3 -2 -2 -2  0  1 0 0 1 35
-3 -4 -4 -5 -3 -4 -4 -4  0 -1  0 -4  3  7 -5 -3 -3  0  2 -2 0 0 1 0
-2  0 -1 -2  0  7  1 -1 -1 -4 -3  0 -2 -4 -3 -1 -1 -3 -3 -3 0 0 1 40
 1  2 -1  0 -2  1  3 -1 -1 -1 -2  2 -2 -3 -2  0  0 -3 -2 -1 1 1 1 50
 0 -1  2  4 -3 -1  1 -1 -1 -3 -3  0 -1 -3  3  0  0 -3 -3 -2 1 1 0 95
-2 -1  4  5 -3 -1  0  2 -1 -4 -4  0 -3 -4 -2  0 -1 -4 -3 -3 1 1 0 35
-1 -2  2  1  2 -1  1  5 -2 -4 -4 -1 -3 -3 -2  0 -2 -3 -3 -3 1 1 1 80
-1 -2  1 -1 -2 -2 -2 -3 -2  3  2 -1  1 -1 -3 -2 -1 -3 -2  2 1 1 1 40
-2 -3 -3 -2 -3 -2 -2 -3 -3 -3 -3 -2  0  1  7  0 -2 -3 -2 -3 1 1 1 25
-1 -3 -4 -4 -2 -3 -3 -4 -4  3  1 -3  0  1 -3 -2  0 -3 -1  4 1 0 0 0
-3 -2 -1 -3 -4  0 -2 -4  8 -3 -3 -2 -2  3 -4 -2 -3  2  4 -3 1 0 0 5
-2 -3 -4 -5 -2 -3 -4 -5 -4  2  5 -3  1  0 -4 -3 -2 -3 -2  1 1 0 0 15
-2  2  0 -2 -4  0  0 -3 -2 -4 -4  6 -2 -4 -2 -1 -2 -4 -3 -3 0 1 1 10
-1  3 -1 -1 -4  1 -2  5 -2 -4 -3  0 -3 -4 -3 -1 -2 -3 -3 -4 0 1 1 30
-1 -2 -2 -3 -4 -1 -3  6 -3 -5 -5 -3 -4 -5 -3  0 -3 -4 -4 -5 1 1 1 35
 1 -2 -1 -2 -2 -2 -2  0 -2  1  2 -2  0 -1  1  0  0 -2  0  2 0 0 1 70
 1 -1 -2 -2 -2 -1 -2  0 -2 -1  0  0  2  1  4  0  0 -3 -2  0 0 0 1 65
-3 -3  1  8 -5 -2  0 -3  0 -5 -5 -2 -5 -5 -3 -2 -3 -6 -5 -5 0 0 1 5
 2  1  1 -2 -2  3 -1 -1 -1  0 -2  1 -1 -2 -2  0  0 -3  0  1 0 0 1 35
-1 -3 -4 -4 -2 -3 -3 -4 -3  3  3 -3  4  0 -2 -3 -1 -3 -2  2 0 0 1 55
-3 -3 -4 -5 -3 -3 -4 -5 -4  0  5 -4  1 -1 -4 -2 -1 -3  0  0 0 0 1 25
-4 -4 -3 -5 -4 -3 -4 -5  2 -3 -3 -4 -3  3 -5 -4 -4  0  9 -3 0 0 1 20
-3  7 -1 -3 -4  1 -2 -3 -2 -3 -1  0  0 -3 -4 -1 -2 -4 -1 -2 0 0 1 60
 2 -2 -2 -3 -2 -2 -2  0 -3  1  1 -2  1  0 -2  0  3 -3 -2  1 0 0 1 45
 0 -3 -2 -3 -2 -2 -2 -3 -3 -2 -3 -2 -2 -4  0  0  7 -4 -3 -2 0 0 1 -5
-2 -3 -4 -5 -3 -2 -4 -4 -4 -1  1 -3  9 -2 -4 -2  0  1 -3  0 0 0 1 10
 2 -3 -2 -3 -2 -2 -2  3 -3  2 -1 -2  0 -2 -2  0  1 -3 -2  2 0 0 1 65
-2 -3 -3 -5 -1 -3 -4 -3 -1  1  5 -4  2  0 -4 -3 -2 -3 -2  0 0 0 1 35
 0 -1 -2 -3  5 -2 -2 -2 -3 -1 -2 -1 -2 -3 -3  2  5 -4 -3  1 0 0 1 -5
 0 -3 -4 -4 -2 -3 -3 -2 -4  3  2 -3  0  0 -3 -2  0 -3 -2  4 0 0 1 50
 0 -3 -2 -3 -3 -3 -3  4 -3  0  0 -3 -1  2 -3 -2 -2 -3 -2  2 0 0 1 40
-1 -2 -2 -3 -4 -3 -3  7 -3 -5 -5 -3 -4 -5 -4 -1 -3 -4 -5 -5 0 0 1 0
 0 -2 -2 -3 -2 -2 -2 -3 -3  1  1 -2  0 -2 -3  0  5 -4 -3  1 0 0 1 15
 2 -3 -2 -3  1 -2 -3  3 -3  2  0 -2  0  0 -3 -1 -1 -3 -2  0 0 0 1 70
-2 -3  0 -4  0 -3 -3  1  0 -2 -2 -3  1  2 -4 -2 -3  5  7 -1 0 0 1 35
 2 -3 -2 -2  6 -2 -2 -1 -3  0 -2 -2  1 -3 -2  3  0 -4 -3  0 0 0 1 0
-2 -3 -4 -4  3 -3 -4 -1 -4  3  3 -3  1  2 -4 -3 -1 -2 -1  2 0 0 1 45
-2 -1 -1 -2 -3 -2 -3 -4  0  0 -1  0  0  4 -4 -1 -2  3  6  0 0 0 1 65
 2 -2 -1 -1  2  2  1 -1 -1 -2  0 -1 -1  0 -2  0  0  4 -1 -1 0 0 1 5
-3 -3 -4 -5 -3 -2 -4 -5 -2  2  5 -4  2  1 -4 -3 -2 -3 -1  0 0 0 1 20
 1 -3 -3 -4 -3 -3 -3  1 -1 -1  0 -3 -2  3 -3 -1 -2  1  6 -1 0 0 1 40
-1 -1 -2 -2  1  2  0 -3  0  0  0  1  5  0 -3 -1 -1  5  0  1 0 0 1 50
 5 -3 -3 -4 -2 -2 -3 -2 -1 -1  1 -2  3 -1 -3 -1 -2  0  0 -1 0 0 1 10
 3 -3 -2 -2  2 -2 -2 -1 -3 -1 -3 -2  1 -3 -2  4 -1 -4 -3 -1 0 1 1 0
-2 -2 -3 -4 -4  3 -2 -4 -2 -1  0 -2  3  6 -4 -3 -3 -1  3  0 1 1 0 60
-2 -2 -4 -3 -4 -3 -3 -4 -4 -4 -3 -3  0 -5  8 -2 -1 -5 -5 -4 1 1 1 65
-2  2  0 -2 -4  3  0 -3  1 -4 -4  5 -2 -4  1 -1  0 -4 -3 -3 1 1 1 70
-2  1  3 -2 -4  0  0 -2 -2 -4 -4  6 -3 -5 -3 -1 -2 -5 -3 -4 1 1 1 90
-2  2 -1 -1 -4  4  1 -3 -1 -4 -4  5 -2 -4 -2 -1 -2 -4 -3 -3 1 1 1 90
