-1 -2 -3 -4 -2 -1 -3 -3 -2  1  2 -2  7  0 -3 -2 -1 -2 -1  0 1 1 1 90
 5 -2 -2 -2 -1 -1 -1  0 -2 -2 -2 -1 -1 -3 -1  2  0 -3 -2 -1 1 1 1 60
-1 -1  0  4 -3  1  4 -2 -1 -3 -3  0 -3 -4 -1  2  0 -4 -3 -3 1 1 1 55
-2 -1  0 -2 -3  0 -1 -3  8 -3 -3 -1 -2  0 -3 -1 -2 -2  4 -3 1 1 1 40
 0  1  0 -1 -2  1  0 -1 -1 -2 -2  4 -1 -2 -1  1  1 -2 -2 -2 1 1 1 45
-2 -1  0 -2 -4  0 -1 -3  9 -4 -3 -1 -2 -2 -3 -1 -2 -3  1 -4 1 1 0 30
 0  0  0  0 -1  0  2 -1  0 -1 -1  0 -1 -1  4  0  0 -1 -1 -1 1 1 1 45
 2 -1 -1 -1 -1 -1 -1  0 -1  1  0 -1  1 -1  0  0  0 -1 -1  0 1 1 1 45
 0  0  0  0 -1  0  1 -1  4 -1 -1  1 -1 -1  0  1  1 -1  0 -1 0 1 1 40
-1  0  0  3 -2  1  2  1 -1 -2 -2  1 -1 -2 -1  0 -1 -2 -1 -2 1 1 1 70
-1  0  0 -1 -2  0  0 -1  8 -2 -2 -1 -1 -1 -1 -1 -1 -1  1 -2 1 1 1 65
 0  1  0  0 -2  1  1 -1 -1 -1 -1  3 -1 -2 -1  0  0 -2 -1  0 1 1 1 35
 0  0  0 -1 -2  0  0 -1  7 -2 -2 -1 -1 -1  1 -1 -1 -2  1 -2 0 1 1 65
 0 -3 -1 -2 -3 -2 -3  6 -3 -5 -4 -2 -3 -4 -3 -1 -2 -3 -4 -4 0 1 1 20
 0 -1  0  1 -3  1  5 -2 -1 -3 -3  0 -2 -4 -1  2  1 -3 -2 -3 1 1 1 40
-2 -2 -3 -4 -2 -1 -3 -4 -2  0  1 -2  9 -1 -4 -2 -2 -2 -2  0 1 1 0 15
-2 -2  3  7 -4 -1  1 -2 -1 -4 -4 -1 -4 -4 -2 -1 -2 -5 -4 -4 1 1 1 55
-1 -3 -3 -3 -2 -3 -3 -4 -4  5  1 -3  1 -1 -3 -2  2 -3 -2  3 1 1 1 5
 0  2  0  1 -2  0  1 -2 -1 -2 -3  1 -2 -3 -2  3  3 -3 -2 -2 0 0 1 45
 1 -2 -1  0 -2  0  1 -2  2  1 -1 -1 -1 -2 -2  0  0 -3 -1  3 0 0 1 40
-2  0 -1 -1 -4  7  1 -3  2 -4 -3  1 -1 -4 -2 -1 -1 -3 -2 -3 0 0 1 5
-1  0 -1  1 -4  3  5 -3 -1 -3 -3  0 -2 -4 -2  0  1 -3 -3 -3 0 0 1 60
 1  1 -1 -1 -3  1  0 -2  3 -3 -3  5 -2 -3 -2 -1 -1 -3 -2 -3 0 0 1 70
 1 -2 -1 -2 -1 -1 -2 -2 -2 -1 -2 -1 -1 -3 -2  1  6 -3 -2 -1 0 0 1 20
-3 -4 -4 -4 -3 -4 -4 -4 -2 -1  0 -4 -1  8 -5 -3 -3  0  3 -2 0 0 1 10
 1 -2  2  5 -3  0  2 -1  2 -3 -3 -1 -3 -3 -2  0 -1 -4 -2 -3 0 0 1 30
 1 -2  0 -2 -3  0 -2  6 -2 -4 -4 -2 -3 -4 -2  0 -2 -3 -3 -3 0 0 1 20
-3 -4 -4 -4 -3 -4 -4 -4 -2 -1  0 -4 -1  8 -5 -3 -3  0  3 -2 0 0 1 5
-1 -3 -4 -4 -2 -3 -3 -4 -3  4  2 -3  3 -1 -3 -3 -1 -3 -2  3 0 0 1 45
 0  3  1 -1 -3  1  0 -2 -1 -3 -3  5 -2 -4 -2  0 -1 -4 -2 -3 0 0 1 65
-1 -3 -3 -4 -2 -2 -3 -1 -2  0  0 -3  3  4 -4 -2 -2  8  2 -1 0 0 1 70
 1 -2 -1 -2 -1 -1 -2 -2 -2  1 -1 -2  0 -2 -2  2  3 -3 -2  3 0 0 1 30
-1 -1 -1 -2 -2 -1 -1 -2 -2  1 -1  1  0 -2 -2  1  4 -3 -2  0 0 0 1 60
-3  3 -3 -4 -3 -1 -2 -3 -2 -3 -3  0 -2  0 -4 -3 -3 11  3 -3 0 0 1 75
 0 -2 -1 -2 -1 -2 -2  1 -2  1 -1 -2  0  0 -2  2  2 -3 -1  2 0 0 1 35
 2 -2 -1 -2  3 -1 -2  1 -2  0 -1 -1 -1 -2 -2  1  2 -3 -2  1 0 0 1 45
 0 -3 -3 -4  2 -3 -3 -3 -4  4  1 -3  1 -1 -3 -2 -1 -3 -2  4 0 0 1 65
 1 -3 -3 -3 -1 -2 -2 -2 -3  3  1 -2  1  0 -2  0 -1 -3 -1  2 0 0 1 45
 0 -3 -2 -3  5 -2 -2 -2 -3  3  0 -2  0 -2 -2  2  0 -3 -2  1 0 0 1 55
-2 -4 -4 -4 -2 -3 -4 -4 -4  5  1 -3  1  1 -3 -3 -1 -3 -1  3 0 0 1 55
 2 -3 -2 -3  1 -2 -2  2 -3  1 -1 -2 -1  1 -2  0 -1 -2 -1  2 0 0 1 55
 0 -3 -3 -3 -1 -2 -3 -3 -3  3  2 -3  1  1 -3  0 -1 -3 -1  3 0 0 1 45
-2 -3 -4 -4  2 -3 -4 -4 -4  1  5 -3  2  0 -4 -3 -2 -2 -2  0 0 0 1 60
-1 -3 -4 -4 -2 -3 -4 -4 -4  4  2 -3  1 -1 -3 -3 -1 -3 -2  3 0 0 1 55
-3 -3 -4 -4 -3 -4 -4 -4 -2  0  2 -4  0  7 -4 -3 -3  0  2 -1 0 0 1 70
-1 -3 -4 -4 -2 -2 -3 -4 -3  2  4 -3  4  0 -3 -2 -1 -2 -2  1 0 0 1 60
 5 -2 -2 -3 -1 -1 -2  0 -2 -2 -2 -1 -2 -2 -2  1 -1 -2  1 -1 0 0 1 45
 0 -3 -3 -4 -2 -2 -3 -4 -3  3  3 -3  3  0 -3 -2 -1 -3 -2  2 0 0 1 85
 0 -3 -3 -3 -2 -3 -3 -3 -2  2  0 -3  0  4 -3 -1  0 -1  1  2 0 0 1 55
 0 -1  6  0 -3 -1 -1  2  0 -4 -4 -1 -3 -4 -2  0 -1 -4 -3 -3 0 1 1 65
 2 -2 -1 -2 -2 -1 -2  4 -2 -3 -3 -1 -2 -3 -2  2 -1 -3 -3 -2 1 1 1 75
