-2  2 -1  3 -5  4  4 -3  1 -4 -4  3 -3 -5 -3 -1 -2 -4 -3 -4 1 1 1 85
-2 -4 -4 -5 -3 -4 -4 -5 -5  4  1 -4 -1 -2 -4 -1 -1 -4 -3  5 1 0 0 55
-1  3 -3 -3 -3 -1  0 -3 -1  1  1 -1  2  3 -3 -1 -1 -2  1  0 1 0 0 70
-2  3 -1 -3 -3  0 -2 -4 -2  3 -1  0 -1 -1 -2 -1 -2  2  2  2 1 0 0 50
-2 -1 -2  2 -5  1  5  1 -2 -1 -3 -1 -2 -4 -3 -2 -2 -5 -4  0 1 0 0 75
-1 -4 -2 -3 -4 -4 -4  7 -4 -5 -5 -2 -5 -5  0  0  0 -5 -5 -5 0 1 1 85
-1  1  4 -1 -4  0 -1 -1 -2 -5 -5  5 -3 -5 -3  0 -2 -5 -4 -4 0 1 1 60
-1  4 -1 -3 -4  0 -1 -3 -1 -4 -4  5 -2 -1 -3 -1  1 -5 -3 -2 1 0 0 60
-3 -4 -3 -4 -1 -3 -4 -4 -5 -2 -4 -3 -3 -5 -4  0  7 -5 -4  0 1 0 0 0
-1 -1 -4 -4 -1 -3 -4 -4 -2  4  1 -3  1  0 -4  0 -1 -3  0  3 1 0 0 25
-4 -5 -5 -5 -4 -5 -5 -5 -4  4  1 -5  0  5 -5 -4 -3  6  2  0 1 0 0 10
 1  2 -2  0 -2  1  2 -2  0 -1 -1  1 -2 -3 -2 -1  0 -4 -3  1 1 1 0 65
-5 -3  9 -2 -6 -3 -3 -3 -2 -6 -7 -3 -5 -6 -5 -2 -1 -7 -5 -6 1 1 1 15
-5 -5 -6 -6 -5 -6 -6 -6 -4  1  0 -6 -2  8 -6 -5 -4 -2  1 -1 0 0 1 50
 1  1 -1 -1 -3  2  0  1 -2 -1 -2  2  2 -3 -2  1  1 -4 -3 -1 0 0 1 85
-1 -2 -1  5 -5  3  4 -3 -2 -5 -5 -1 -4 -5 -2 -1 -1 -5 -3 -4 0 0 1 60
-3 -5 -5 -5 -3 -5 -5 -6 -2  6  0 -5 -1  1 -5 -3  1 -4  1  2 0 0 1 -5
 4 -2 -4 -5  8 -4 -4 -3 -4 -2 -3 -4 -3 -4 -2  0  0 -5 -2  0 0 0 1 35
-2  1  2  4 -5  1  2 -2 -2 -4 -4  4 -3 -5 -3  0 -1 -5 -4 -4 0 0 1 75
 1  3 -2 -2 -3 -1 -1 -3 -2  1  0  2  2 -1 -2 -1  1 -3 -1  1 0 0 1 15
-2 -4 -5 -6 -3 -4 -5 -6 -5  2  5 -4  6 -1 -5 -4 -3 -4 -3  0 0 0 1 30
-2  3  6 -1 -5  1 -1 -1  5 -5 -5  1 -2 -5 -4  0 -2 -5 -3 -5 0 1 1 90
-4  8 -3 -5 -7 -2 -3 -5  1 -6 -5 -1 -4 -6 -5 -4 -4 -6 -5 -6 1 1 1 85
-2 -2  1  5 -5  3  3 -3 -1 -5 -4 -1 -4 -4 -1  1  0 -5 -4 -4 1 1 1 60
-1 -3 -3  1 -5  1  2 -4 -2 -4 -4 -1 -3 -5  7 -2 -1 -5 -3 -1 0 0 1 20
-2 -1  1  4 -5  2  4 -3 -1 -5 -4  2 -2 -5 -2  0 -2 -5 -2 -4 0 0 1 35
-4 -2 -2 -2 -5 -1 -2 -5 10  0 -2 -2 -1 -1 -5 -4 -2 -5 -1 -3 0 0 1 55
-3 -4 -5 -5  1 -4 -5 -5 -5  2  3 -4  1  2 -5 -4 -2 -4 -2  4 0 0 1 25
 1 -3 -3 -4 -2 -1 -3 -3  0  2  2 -2  4  0 -3 -1  1 -3  0  0 0 0 1 -5
 0  3  0  0 -4  4 -1 -3 -1 -4 -3  5 -2 -5 -3  0 -1 -5 -4 -4 0 0 1 30
-4 -5 -5 -6 -5 -5 -5 -6 -1 -2 -3 -4 -3  7 -6 -5 -5  1  7 -4 0 0 1 50
-3 -4 -5 -5 -3 -4 -5 -6 -5  3  5 -4  1  3 -5 -4 -2 -3 -2  1 0 0 1 15
-2 -3 -3 -4 -1  2 -3 -4 -3  0  3 -3  3  3 -4  0  0 -3 -1  0 0 0 1 15
 3  2  1 -1 -3  0 -1 -1 -2 -4 -3  4 -3 -4 -3  1 -1 -4 -3 -3 0 0 1 70
-4 -3 -3  0 -7 -1  8 -5 -3 -6 -6 -2 -5 -6 -4 -1 -4 -6 -5 -5 0 0 1 85
-4 -4 -5 -6 -3 -4 -5 -6 -5  1  6 -5  3  1 -5 -4 -2 -4 -3  0 1 1 0 35
 2 -3 -1 -4 -4 -4 -4  7 -4 -6 -6 -4 -5 -3 -4 -1 -4 -5 -5 -4 1 1 1 55
-1 -2 -3 -4 -3 -3 -4 -4 -4 -1 -2 -3 -3 -4 -4  0  7 -5 -4  1 1 1 1 35
 3 -2  1 -1 -3  0  0 -1 -2 -3 -3 -2 -3 -4  3  3  1 -4 -2 -2 1 1 1 35
 1 -4 -3 -4 -4 -4 -4  6 -4 -3 -5 -4 -4 -5 -4 -2 -1 -5 -3 -2 1 0 0 20
-1 -1  2  0 -3  1 -1 -2  1 -2 -3  1 -2 -1 -3  4  1 -4 -2 -1 1 0 0 60
-3 -1 -5 -5 -3 -2 -4 -5 -4  5  2 -4  1  0 -4 -4 -2 -3  1  3 1 0 0 20
-1 -3  0  6 -5  0  5 -4 -3 -3 -5 -2 -4 -5 -3 -1 -2 -6 -5 -3 1 0 0 45
 0 -3  0  1 -4 -3 -1  6 -4 -6 -6 -2 -5 -5 -4  0 -3 -5 -5 -5 0 1 1 50
-2  0  4  2 -4  2 -1  4 -1 -5 -5 -1 -3 -5 -3  1 -1 -5 -4 -3 0 1 1 10
-3  6 -1 -3 -5  3  0 -2 -1 -5 -4  1 -2 -5 -4 -1 -2 -5 -2 -3 1 0 0 25
 2 -4 -5 -5 -3 -4 -4 -2 -4  0  5 -4  2  0 -4 -3 -3 -4 -3  0 1 0 0 0
-2  1 -4 -4 -3 -3 -2 -5 -4  4  0 -3  1 -2 -4 -3  0 -4 -2  4 1 0 0 0
-3 -4 -5 -5 -3 -4 -5 -6 -4  5  4 -4  1  3 -5 -4 -3 -3  0  1 1 0 0 0
-2  2  3 -2 -4  4 -1 -3  2 -2 -4  4 -3 -4 -3  0  1 -4 -3 -3 1 0 0 30
-2  0 -3 -4 -5 -4 -4  7 -4 -4 -6 -1 -5 -6 -5 -3 -4 -5 -5 -5 1 1 0 55
-3  6 -2 -3 -5 -1 -1 -4 -2 -5 -4  5 -3 -5 -4 -2 -3 -5 -4 -4 1 1 1 90
