 3 -2  4 -1 -2 -1 -2 -1 -2 -3 -3 -2 -3 -4 -2  3  2 -4 -3 -2 1 1 1 65
-2 -4 -4 -5 -3 -3 -4 -5 -4  0  5 -4  2  3 -4 -3 -2 -2 -1  0 1 1 1 60
 1 -3 -4 -4 -2 -3 -3 -4 -4  2  2 -3  0 -1 -3 -2  0 -4 -2  4 1 1 1 40
 2 -2 -2 -1 -2 -1 -2 -2 -3 -1 -1 -1  3 -3 -2  1  4 -4 -3  0 1 1 1 75
-1 -3 -1  0 -4 -3 -3  6 -4 -5 -5 -3 -4 -3 -2 -2 -3 -4 -5 -2 0 0 1 60
 1 -1  0  1 -3  2  2 -1 -2 -2 -3 -1 -3 -4  4  3  0 -4 -3 -3 0 0 1 50
 1 -1  3  1 -3  2  3 -2 -1 -4 -4  0 -3 -4  1  1  0 -4 -3 -2 0 0 1 55
-2  2 -3 -4 -3  0 -2 -3 -1 -1  2 -2  1  2 -1 -1 -2 -1  5 -1 0 0 1 25
-1 -2  1  2 -5  1  6 -3 -2 -5 -5  0 -4 -5 -3  0 -2 -5 -4 -4 0 0 1 50
 1  0  3  1 -3  2  3 -1 -1 -3 -3  0 -2 -4 -1  0  0 -4 -3 -3 0 0 1 45
 2 -1 -1 -2 -1 -1 -2 -2 -1  0  0 -1  4 -2 -3  1  3  0 -2  0 0 0 1 0
-1 -4 -5 -5 -3 -4 -4 -5 -5  5  0 -4  0 -2 -4 -3 -2 -4 -3  5 0 0 1 0
 1  0  1  1 -2  4  1 -2 -1 -3 -2  0 -1 -3 -2  1  2 -4 -3 -2 0 0 1 55
-1  1  3  1 -4  3  3 -2  0 -3 -3  0  0 -4 -3  0  0 -4 -3 -3 0 0 1 55
-3 -4 -4 -5 -3 -3 -4 -5 -4  5  3 -4  4  0 -4 -2 -2 -3 -2  1 0 0 1 0
-2 -3 -3 -3  2 -2  0 -4 -3  1  1 -3  6 -2 -3 -2  2 -3 -3  2 0 0 1 20
 1 -2  0  3 -3  0  3 -1 -2 -3 -2 -1 -1 -4 -1  2 -1 -4 -3 -3 0 0 1 80
-2 -4 -5 -5 -4 -3 -4 -5 -4  1  0 -4 10 -2 -5 -4 -3 -4 -3 -1 0 1 1 50
-2 -4 -2 -3 -5 -4 -4  7 -4 -6 -6 -4 -5 -5 -4 -2 -4 -5 -5 -5 0 1 1 75
-2 -2 -4 -5 -4 -4 -4 -5 -2 -3 -2 -4 -2  6 -5 -4 -4  7  6 -3 1 1 1 25
 0 -1  0  4 -4  0  4 -2 -2 -4 -4  0 -2 -4  2  1  0 -4 -3 -3 1 1 1 40
-3  7 -2 -3 -5  1  1 -4 -2 -4 -3  2 -3 -3 -4 -2 -2 -4 -3 -4 0 0 1 55
 1 -2  1  4 -4  0  4 -2 -2 -3 -4  0 -2 -4  0  1 -1 -4 -3 -3 0 0 1 65
-2  0 -1  2 -4  5  1 -3  0 -2 -2  0  0 -3 -1  0  1 -3 -1 -3 0 0 1 50
 1 -4 -1 -4  0 -3 -3 -4 -4  2 -1 -3 -1 -2 -3 -1 -1 -4 -3  5 0 0 1 -5
-1  0 -1  1  1  0  1 -3 -2  2  0 -1  0 -2 -3 -1  0 -3 -2  2 0 0 1 20
 2  4  0 -2 -2  1 -1 -2  2 -2 -2  1 -2 -3 -3  0 -1 -4 -2 -1 0 0 1 35
 6 -3 -3 -3  2 -2 -3 -2 -3 -2 -3 -2 -2 -4 -2  0 -2 -4 -3 -1 0 0 1 -5
-3 -3 -5 -5 -3 -3 -4 -5 -4  0  5 -4  5 -1  1 -4 -3 -3 -3  0 0 0 1 0
-2  7 -1 -3 -5  1  0 -3 -1 -4 -3  2 -1 -4 -3  0 -2 -4 -3 -4 0 0 1 80
 6 -1 -3 -3 -2 -2 -2 -2 -3 -2 -2 -1  0 -4 -3  0 -1 -4 -3 -1 0 0 1 40
 4 -3  0 -2  2 -2 -2 -1 -3 -2 -3 -2 -2 -4 -2  3  1 -4 -3 -2 0 0 1 5
-3 -2  0  0 -4 -3 -3 -4  0 -2 -2 -3 -1  7 -5 -2 -3 -1  5 -2 0 0 1 60
-3 -2  7 -1 -2 -1 -2 -1 -1 -4 -4 -1 -1  1 -4 -1 -2  3  3 -4 1 1 0 30
-3 -2  8  1 -5 -2 -2 -2  2 -5 -6 -2 -4 -5 -4  0 -2 -6 -4 -5 1 1 1 20
-1  0 -4 -4 -4 -2 -3 -3 -4 -2 -1 -3 -3 -5  8 -2 -3 -5 -4 -1 0 0 1 30
-2 -2  1  5 -5 -1  4 -3  1 -4 -4 -1 -4 -4 -3 -1 -1 -5 -2 -4 0 0 1 75
-3  7 -2 -3 -5  0 -2 -4  0 -3 -3  0 -3 -4 -4 -2 -1 -4 -3 -2 0 0 1 45
 6 -3 -3 -3 -2 -3 -3 -2 -3 -3 -3 -2 -3 -4 -3 -1 -1 -4 -3 -1 0 0 1 -5
 1 -4 -4 -4 -2 -3 -3 -4 -4  3  0 -3  1 -1 -3 -2 -1 -4 -2  5 0 0 1 20
-3 -2  0  4 -5  1  6 -2 -2 -5 -5 -1 -4 -5 -3 -1 -1 -5 -4 -4 0 0 1 55
-4 -4 -4 -5  0 -4 -4 -5 -1 -2 -2 -4 -3  3 -5 -4 -4  5  8 -3 0 0 1 25
-3 -4 -5 -5 -3 -4 -5 -5 -4  2  6 -4  0  1 -5 -4 -3 -3 -2 -1 0 0 1 10
-2 -3 -3 -4  1 -2 -3 -4  0  1  3 -3  3  2 -4 -2  0 -1  3  0 0 0 1 45
-1 -2  4 -1 -3 -1 -1 -2 -2 -2 -3 -1  3 -3 -3  3  3 -4 -3 -2 0 1 1 70
-2 -3 -1 -1 -4 -1 -2  7  1 -5 -5 -3 -4 -5 -4 -2 -3 -4 -4 -5 0 1 1 45
-3 -5 -5 -5 -3 -4 -5 -5 -5  7  1 -4  1  0 -5 -4 -2 -4 -3  2 1 1 1 25
-3 -4 -4 -4 -5 -3 -3 -4 -4 -5 -5 -3 -5 -6  9 -3 -3 -6 -5 -4 1 1 1 80
 3 -2 -1 -2 -2 -1 -2  3 -2 -3 -3 -1 -2 -3 -2  2 -1 -3 -3 -2 1 1 1 65
