 0 -3 -1 -2 -3 -3 -3  6 -3 -5 -4 -2 -3 -4 -3 -1 -2 -3 -4 -4 1 1 1 95
 1 -2  2  0 -2 -1 -1 -2 -2 -2 -3 -1 -2 -3  0  5  2 -4 -3 -1 1 1 1 80
 1 -1 -2 -2 -2  0 -2 -1  0 -2 -1  0  3 -3  1  1  4 -3 -3 -1 1 1 0 80
 1  0  0  1 -2  1  1  0 -2  0 -2  0 -1 -1  0  1  0 -3 -2 -1 1 1 0 65
-1  4 -1  2 -4  1  0 -3 -2 -3 -3  2 -3 -4  4  0  0 -4 -3 -2 1 1 1 60
 0  2  0 -2 -3  2 -1 -2  1 -4 -4  3 -2 -4  0  2  1 -4 -3 -3 0 0 1 55
-3  7 -3 -4 -5 -1 -2 -4  1 -2 -4  2 -3 -5  1  0 -3 -5 -4 -2 1 1 0 65
-3  7 -3 -4 -5  0 -2 -4 -3 -5 -5  3 -4 -5 -2  1  0 -5 -4 -5 1 1 1 70
-4  7 -3 -4 -6  1 -2 -5 -3 -5 -3  4 -4 -5 -4 -3  0 -5 -4 -3 1 1 1 55
-1 -2 -1 -3 -4  6 -1 -2 -3 -1 -3  0  0 -4 -4  1  0 -4 -2  2 1 1 0 65
-1 -2  3 -1 -3  1 -2 -2  2 -3 -2 -1 -1  2 -1  3  1 -3  2 -3 1 1 1 20
-3  6 -2 -4 -5  1 -2 -4  4 -3 -5  1 -4 -4 -1  1 -3 -5  0 -5 1 1 1 30
 5 -4 -1 -4  0 -3 -3 -3 -4 -4 -4 -3 -4 -5 -1  4 -2 -5 -4 -3 1 1 0 5
-4 -7 -7 -7 12 -7 -8 -6 -7 -5 -5 -7 -5 -6 -7 -5 -5 -6 -6 -5 1 1 1 -5
-5 -5 -2  8 -7 -3 -2 -5  0 -6 -4 -4 -6 -7 -5 -3 -4 -7 -6 -6 0 0 1 15
 2  1  0 -2 -1  4  2 -2  1 -3 -2 -1 -3 -4  2 -1 -2 -4 -2 -3 0 0 1 10
-4 -7 -7 -7 12 -7 -8 -6 -7 -5 -5 -7 -5 -6 -7 -5 -5 -6 -6 -5 0 0 1 0
-5  8 -4 -5  0  0 -3 -6 -3 -6 -5  0 -5 -6 -5 -4 -4 -6 -5 -6 0 0 1 30
-1  5 -2 -3 -5  0 -1 -4 -3 -4 -2  5 -3 -4 -4  0  0 -5 -1 -3 0 0 1 65
 1  4 -2 -3 -4 -1 -2  1 -3 -4 -3  4 -1 -5 -3  2 -2 -5 -4 -4 0 1 1 40
-4  2 -3 -4 -6 -2 -2 -5 -4 -6 -6  7 -4 -6 -4 -3 -4 -6 -5 -5 0 1 1 90
-3  5 -4 -5  0 -3 -4 -5 -4  4 -1 -1 -2 -3 -4 -3 -1 -5 -4  3 1 1 1 35
 3  4 -3 -3 -4 -2 -2  1 -3 -5 -4  5 -4 -5 -4 -2 -3 -5 -4 -4 1 1 1 80
-4 -7 -7 -7 12 -7 -8 -6 -7 -5 -5 -7 -5 -6 -7 -5 -5 -6 -6 -5 1 1 1 10
-2 -4  2  7 -5 -3 -1 -4 -4 -3 -6 -3 -5 -6 -4  0 -2 -6 -5 -5 1 1 0 55
 4 -1 -2 -3 -2 -2 -2  1 -3  0  1 -2 -1  1 -2  0 -2 -3 -1 -1 1 1 1 0
-1 -2 -2 -1 -3  2  2 -2 -2 -1 -1  0 -1 -3  5  0  0 -3 -2 -1 1 1 1 25
 1  0 -1  1 -1  0  0 -1 -1 -2  0  0 -1 -1  1  2  0 -2  2 -1 0 1 1 65
 0  1  1  1 -2  0  1  1 -1 -2 -1 -1 -1 -2  0  1  0 -2 -2  0 0 1 1 50
 0  0  0 -1 -2  0  0  1  0 -1 -1  0 -1  0 -1  1  0  0  0 -1 0 0 1 10
 0 -1  1  2 -2 -1  1  1  0 -1 -1  0 -1 -2  1  1  0 -2 -1 -1 0 0 1 65
 0  0 -1  1 -2  1  1  0 -1  1  0 -1 -1 -1  1  0  0 -2 -1  0 0 0 1 45
 1  0  1  1  0  1  1  0 -1 -1 -1  0 -1 -2 -1  1  1 -2 -2  0 0 0 1 5
 1  0  1  1 -2 -1  0  1 -1 -1 -1  0 -1 -2  0  1  1 -2  0 -1 0 0 1 40
 0  0  1  1 -2  1  1  0  0  0  0  0  0 -1  0  0 -1 -2 -1  0 0 0 1 70
 0  0  1  0 -2  1 -1  0 -1 -2 -2  0 -1 -1  3  1  1 -2 -2 -1 0 0 1 75
 0  0  0 -1 -2 -1 -1  2 -1 -1 -2  0 -2 -2  3  0  0 -2 -1 -1 0 1 1 65
 0  1 -1  0 -1  0  0 -1 -1  0  0  1 -1 -1  0  1  1  2 -1 -1 1 1 1 25
 0  0  0 -1 -2  1 -1  0  0  0  0  0  0 -1  0  1  1 -2 -1  1 1 1 1 45
 2 -1 -3 -3 -3 -1 -2 -3 -3 -2 -3  0 -1 -4  6  1 -1 -4 -4 -1 1 1 0 15
-4 -7 -7 -7 12 -7 -8 -6 -7 -5 -5 -7 -5 -6 -7 -5 -5 -6 -6 -5 1 1 1 0
 0 -2  0 -2 -3 -1 -2 -2 -3 -2 -3 -1 -3 -4 -3  5  3 -5 -2 -1 0 0 1 40
-2  1  6 -2 -4 -2 -2 -2  4 -4 -2 -2  0 -3 -4  0 -1 -4  3 -2 0 0 1 5
-4 -7 -7 -7 12 -7 -8 -6 -7 -5 -5 -7 -5 -6 -7 -5 -5 -6 -6 -5 0 0 1 0
 1  3  0 -1 -3  2  0 -3 -2 -1 -1  1 -2 -3 -3  1  1 -4 -2  0 0 0 1 60
-1  4  1 -2 -5  1  1 -4 -2 -3 -2  5 -3 -4 -3 -2 -1 -5 -2 -2 0 0 1 70
-1  2  2 -2 -3 -2 -1 -3 -2 -2 -1  1 -1 -1 -3  1  3  3  3 -3 0 0 1 60
 0  0  4  0 -4  0 -1  3  0 -5 -5  1 -4 -3 -3  2 -2 -5 -4 -4 0 1 1 85
 0  1 -2 -1 -1  0  1 -3 -2  1  1  3  0 -1 -3 -1  0 -3  1  0 1 1 1 35
-1  2 -1  1 -4  2  4 -3  0 -3 -4  1 -3 -4  2  0  1 -4 -3 -1 1 1 1 65
-4 -7 -7 -7 12 -7 -8 -6 -7 -5 -5 -7 -5 -6 -7 -5 -5 -6 -6 -5 1 1 1 10
-2 -4 -3 -2 -4 -2 -1 -4 -4 -2 -2 -1 -2 -5 -4  2  7 -5 -4 -2 1 1 1 15
-3 -5 -5 -2 -4 -5 -5 -5 -3 -2  0 -5  2  7 -5 -4 -1  1  4  0 1 1 1 5
-1 -2  4  3 -4  1  2 -2  2 -2 -4  0 -3 -2 -3  2  0 -4 -2 -3 0 0 1 40
-3  3 -4 -3 -5  0 -4 -3  0 -4 -3 -1 -3  1 -2 -4 -4 10  4 -3 0 0 1 10
 2 -1 -3 -3 -2 -1 -2 -1 -1  2  1 -2  0 -2  0 -1 -1 -3 -2  3 0 0 1 10
 1  2 -1 -1 -3  1  0 -1 -2 -3 -1  1 -2 -3  4  1 -1  3 -3 -2 0 0 1 25
 0  1  0 -2 -3  1  0 -3 -2 -2  0  0  1 -3  0  3  2 -4 -3 -2 0 1 1 55
-3  4  0 -3 -5  3  0 -4  0 -4 -2  5 -3 -5 -3 -2 -1 -5 -4 -2 0 0 1 35
-2  6  0 -3 -5  1 -2 -2 -2 -2 -4  2 -3 -5 -2 -1 -2 -5 -4 -2 0 1 1 70
 0  1  0 -1 -3  0  1 -1 -1 -2 -2  1 -2  0  2  2  1 -3  0 -1 1 1 0 60
-1  3 -1 -2 -3  3  1 -3 -2 -3 -3  3 -2 -4  0  2 -1 -4 -3  0 1 1 1 70
-2  3  2 -1 -4  1 -1  0 -2 -4 -4  4 -3 -4  2  1 -1 -4 -3 -4 1 1 0 60
 2  1  0 -2 -2  3  0  0 -1 -3 -3  2 -2 -3  1  1  0 -3 -3 -1 1 1 1 75
 2 -2  1 -1 -2 -1 -1 -1 -2 -3 -3 -1 -2 -3 -2  4  3 -4 -3 -2 1 1 1 95
