 2 -2 -1 -1 -2 -1 -1 -1 -2 -2 -3 -1 -2 -3  0  4  3 -4 -3 -2 1 1 1 95
 2 -2 -1 -1 -2 -1  1  0  0 -3 -3 -1 -1 -3 -1  4  1 -3 -1 -2 1 1 1 85
 2 -1 -1 -1 -2  0  0 -2 -2 -1  0  1 -1 -3 -2  2  1 -3 -2  1 1 1 1 75
-1 -3 -4 -4 -2 -3 -4 -4 -3  2  4 -3  1 -1 -4  0 -2  0  0  0 1 1 1 50
 3 -3 -2 -3 -2 -1 -2 -2 -3 -2 -3 -1  0 -4  5  0  3 -4 -3 -1 1 1 1 80
-1  2 -2 -2 -5  0 -1 -1 -2 -4 -4  6 -3 -5 -3 -2 -2 -5 -4 -4 1 1 1 50
-3 -4 -4 -4 -5 -3 -3 -4 -4 -5 -5 -3 -5 -6  8 -2 -3 -6 -5 -4 1 1 1 15
-2  0 -2 -2 -4  7  0 -4 -2 -3 -3  1  0 -4 -1 -2 -2 -4 -3  0 1 1 1 50
-3 -4 -5 -5 -3 -3 -4 -5 -4  0  3 -4  8  1 -5 -4 -3 -3 -3  0 1 1 1 0
-3  6 -2 -1  1  2 -1 -4  6 -5 -4  2 -3 -4 -2 -2 -3 -4 -2 -4 1 0 1 15
-1 -2  0  2 -4 -3 -3  6 -3 -5 -5 -3 -4 -5 -4 -1 -3  0 -4 -5 1 1 0 25
-3 -4 -5 -5 -3 -4 -5 -5 -4  1  6 -4  1  0 -1 -4 -3 -3 -3 -1 0 0 1 0
-3 -3 -3 -4 -3 -3 -3 -5  5 -1  4 -3  0  1 -2 -3 -3  3  1 -1 0 0 1 0
 3 -2  1 -1 -2 -1 -2  0  1  0  0  0  0 -1 -2  0  0 -3  0  0 0 0 1 40
 1  3 -1 -1 -3  0  0 -2 -2 -4 -4  4 -3 -4 -2  3 -1 -4 -3 -3 0 0 1 55
-2  4 -1 -2  2  3 -1 -3  4 -4 -3  1 -2 -1 -3  0  0 -3  1 -3 0 0 1 15
-2 -3 -4 -4 -2 -3 -4 -5 -4  3  4 -3  2 -1 -2 -2  0 -3 -2  1 0 0 1 30
-2  4 -2 -2 -4  2 -1 -3 -2 -4 -2  4 -2  0  0 -2 -1  3 -2 -3 0 0 1 70
-3  4 -2 -4 -4 -2 -3 -2 -2  0 -1  1 -2  6 -4 -3 -3 -2  0 -1 0 0 1 70
-3 -2  5  0 -5  3 -2 -3  8 -5 -4 -2 -3 -4 -4 -1 -1 -5 -1 -5 0 0 1 30
-2 -4 -4 -4 -3 -4 -4 -3 -4  4  4 -4  1  1 -4 -3  0 -3 -2  2 0 0 1 35
 1 -2 -3 -2 -2 -3 -3 -1 -4  3  0  0  0 -1  2 -2 -1 -4 -3  3 0 0 1 50
 0 -1 -3 -3 -3 -2 -1  3 -3  2  0 -2  0 -1 -3 -2 -1 -3 -1  2 0 0 1 30
 4 -3 -2 -3  2 -2 -1  1  2 -2 -2 -2  0 -3 -2  1  0 -4 -3  1 0 0 1 5
-1 -3 -3 -4  3 -3 -4  0 -3  0  2 -3 -1  5 -4  0  0 -2  0  0 0 0 1 55
 1 -3 -3 -3  2 -2 -3  0 -3  2  1 -3  1 -1 -3  0  2 -3 -2  2 0 0 1 60
-1 -3 -4 -4 -2 -3 -2 -4 -4  2  3 -3  1  1 -4 -2  0 -3 -2  3 0 0 1 65
 2 -3 -2 -1  5 -2 -2  0 -3 -3 -3 -2 -3  1  1  4  1 -4 -1 -3 0 0 1 10
 0 -3 -3 -4  1 -3 -3 -1 -4  1  3 -3  1  1 -3 -2  1  1 -2  2 0 0 1 50
 0 -2 -2 -3 -1 -1 -1  3 -3  2  0 -2 -1 -1 -3  0  0  2 -2  1 0 0 1 45
 3 -3 -2 -3  2 -2 -2  0 -3  1 -1 -2 -1 -2 -2  0  0 -3 -2  3 0 0 1 35
 4 -3 -2 -3  2 -2 -2  2 -3 -3 -3 -2 -1 -4  1  1  1 -4 -3  0 0 0 1 10
 3 -3 -2 -3 -2 -2 -2  0 -3  1  1 -2  1  0 -3  1  0 -3 -2  1 0 0 1 60
 3 -3 -3 -4  0 -3 -3 -1 -3  0  1 -3  0  4 -3  0 -1 -2  1  0 0 0 1 60
-3 -4 -3 -5  1 -2 -4 -5  1  0  1 -4  2  4 -5 -3 -3  6  6 -1 0 0 1 5
-3  1 -1 -3 -4  0 -1 -3  0 -3 -1  6 -2 -2 -3 -1 -2 -3  3 -3 0 1 0 45
-3 -4 -4 -4 -3 -2 -4 -4 -2  1  0 -3  0  6 -4 -1  0  3  3  1 0 1 0 75
 1 -2 -2 -2 -2 -2 -3  2 -3  0  2 -2  1  2 -3 -1  0 -2  0  0 0 1 0 30
 0 -3 -3 -4 -2 -2 -3 -2  2  1  0 -3  0  1 -4 -1 -2  2  1  4 0 1 0 25
 3 -3  2 -2  2 -2 -2  1 -2 -2 -2 -2 -1  0 -3  0  0  3  2 -1 0 1 0 10
-3  1  2  4 -5  0  4 -3 -2 -2 -1  0 -3 -1 -3 -2 -2 -4 -3 -3 0 0 1 45
-1  0  0 -3 -4 -1 -2 -2 -1 -4 -4  0 -3 -1  7 -1 -2 -4  0 -2 0 0 1 60
-3  7 -2 -3 -5  1 -2 -3  2 -5 -4  2 -3 -4 -4 -3 -3 -4  1 -4 0 0 1 20
-3  2 -2 -3 -5 -1  1 -4 -3 -5 -4  7 -3 -5 -3 -2 -3 -5 -4 -2 0 0 1 40
-1  4  2 -2 -4  3  0 -3 -2 -4 -4  5  0 -4 -3 -1 -1 -4 -3 -4 0 0 1 60
 4  2 -2 -1 -2 -1 -2 -2 -1 -1 -2  2 -1 -3 -2 -1 -1 -4 -3  0 0 0 1 20
-2 -4 -4 -5 -1 -4 -4 -5  3 -3 -3 -4  0  1 -5 -4 -4  0  9 -2 0 0 1 0
 5  1 -2 -2 -2  0  2 -2 -3 -3 -3  0 -2 -4 -2 -1  1 -4 -3 -1 0 0 1 40
-3 -3  2  6 -5 -1  4 -3 -2 -5 -5 -2 -5 -5 -3 -2 -3 -6 -5 -5 0 0 1 40
-5 -5 -5 -6 -5 -6 -6 -6 -3 -2 -2 -5 -2  9 -6 -5 -5 -1  3 -3 0 0 1 25
-4 -4 -5 -6  1 -4 -5 -6 -1 -4 -4 -4 -4  1 -6 -4 -4  0  9 -4 0 0 1 20
-2  5 -2 -3 -4  0 -1 -2 -2 -4 -2  5 -3 -4 -3  1 -1 -4 -3 -4 0 0 1 60
-2  0  6  1 -4  1 -1 -2 -1 -4 -4  1 -3 -4 -3  0  3 -4 -1 -3 0 1 1 95
-4 -4 -4 -2 -1 -3 -4 -5  3 -3 -2 -4 -3  1 -5 -3 -4  0  9 -3 1 1 1 20
-4 -4  2  8 -6 -2  0 -3 -3 -5 -6 -3 -5 -6 -4 -2 -3 -6 -5 -5 1 1 1 50
 3 -3 -2 -2 -1 -2 -2 -2 -3  0 -3 -2 -2 -4  4  3 -1 -4 -3 -1 0 0 1 10
-1 -2  2  1 -3  0  1 -3 -2  0  0  0  7 -2 -3 -2  0 -4 -3  0 0 0 1 40
 0  0 -2  1 -4  0  1 -3 -2 -3 -4  6 -3 -5 -3 -2 -2 -5 -3 -1 0 0 1 55
 0 -2 -1  6 -4  0  3 -2 -1 -4 -4 -2 -3 -4 -3  1 -2 -5 -2 -2 0 0 1 5
-2 -4 -2 -5 -4 -5 -5 -5 -3 -2  0 -5 -2  8 -5 -4 -4 -1  4 -2 0 0 1 -5
-1 -1  2  3 -5  2  5 -3  1 -4 -3  0 -3 -4 -3 -1 -2 -4 -3 -4 0 0 1 25
 0  4 -1  0 -4  1  3 -3 -1 -1 -3  1 -2 -3 -2  0 -2 -4 -3 -1 0 0 1 40
-3 -4 -5 -5 -2 -3 -4 -5 -4  1  0 -2 10 -2 -5 -4 -3 -4 -3 -1 0 0 1 0
-3  5  1 -3 -4  0 -1 -2 -2 -3 -3  4  2 -4 -3 -2 -1 -4 -1 -2 0 0 1 20
 0  2  0  0 -4  1  3 -2 -2 -4 -4  4 -3 -4 -2  0 -2 -4 -3 -3 0 0 1 70
 5 -2 -3 -3 -2 -2 -2  1 -3 -2  0  0 -2 -3 -2  0  0 -4 -3 -1 0 1 1 15
-1 -4 -2 -3 -4 -3 -4  7 -4 -5 -5 -3 -4 -5 -4  0 -3 -4 -5 -3 0 1 1 15
-2 -1 -2 -4 -2 -3 -4 -4 -3  4  2 -3  0 -1 -4 -3 -1 -3  2  3 1 1 1 0
-4 -4 -5 -5 -4 -4 -5 -4 -3 -1  2 -4  2  8 -5 -4 -3 -1  1 -2 1 1 1 0
-1  1 -1  1 -4  6  2 -3  0 -4 -4  1 -2 -4 -3  0 -1 -1 -3 -3 1 1 0 35
 0 -1  1 -2 -3 -2 -2 -1 -2 -4 -4 -1 -3 -4 -1  6  0 -4 -3 -3 1 1 0 15
 3 -3 -3 -4  6 -3 -3 -3 -4  1 -1 -3 -1 -3 -3 -1  1 -4 -3  3 1 1 1 0
-2  4 -1 -1 -4  1  2 -3 -1 -4 -3  5 -2 -4 -2 -1 -2 -4 -3 -3 1 1 1 80
