-1  3 -1 -1 -4  1  0 -2 -1 -3 -3  5 -2 -4 -2 -1 -1 -3 -2 -3 1 1 1 85
 0  3 -1 -2 -3  2  1 -2 -1 -3 -3  3 -2 -2 -2 -1 -1  7 -1 -3 1 1 1 95
-1 -3 -3 -3 -2 -2 -3 -3 -2  1  1 -2  2  0 -3  0 -1 -1  4  4 1 1 1 85
 0  2  0 -3 -4 -2  0 -3 -3 -4 -3 -2 -3 -5  7 -2 -2 -5 -4 -4 1 1 1 75
-1  1  1  2 -4  0  0 -3 -2 -4 -4  2 -3 -5  6 -1 -1 -5 -4 -4 0 1 1 85
 1  1 -1 -2 -2  1 -1 -1 -1 -1 -1  2  0 -2  2  1  2 -3 -1 -1 0 1 1 60
-1 -1  2  2 -4 -1 -1  4 -2 -4 -3  2 -3 -4  0 -1 -2 -4 -4 -4 1 1 1 40
-1 -2  3  2 -3 -1  0 -1  1 -4 -4 -2 -3 -4 -3  5 -1 -5 -3 -4 0 1 1 50
-5 -6 -7 -7 -5 -5 -6 -5 -5 -5 -4 -6 -4 -2 -7 -6 -5 13  0 -6 0 1 1 20
-3 -2 -2  4 -6  0  7 -4 -2 -5 -5 -1 -4 -5 -3 -2 -3 -5 -4 -5 0 1 1 10
-2  0  3  5 -4 -1  2 -1  2 -4 -4  1 -4 -4  1 -1 -1 -5 -3 -4 0 1 1 80
-2 -2  0  3 -4  1  3 -3  3 -1  1 -1  0 -2 -3 -2 -2 -3  0 -1 0 1 1 50
-2 -4 -5 -5 -3 -4 -4 -5 -5  4  0 -4 -1 -2 -1 -3 -2 -4 -3  5 1 0 0 -5
 0  1  0  2 -3  1  2 -2 -1 -1 -2  2 -1 -1 -2  1  0 -3 -2  0 1 0 0 45
 0  1  1 -1  2  0  0 -1  4 -3 -3  1  0 -2 -2  2  2 -3  1 -2 1 0 0 30
-2 -4 -5 -5 -3 -4 -5 -5 -5  6  0 -4  0 -2 -4 -4 -2 -4 -3  4 1 0 0 5
-3 -2 -1  6 -5  0  4 -3 -2 -1 -4  0 -3 -4 -3  0 -2 -5 -4 -2 1 0 0 40
 2 -3 -2 -1 -2 -2 -2  0 -3 -2 -2 -2 -2 -3 -2  1  5 -4 -3 -1 1 0 0 45
-2 -4 -4 -4  6 -4 -3 -5 -4  4  0 -4  3 -2 -4 -3 -2 -4 -3  3 1 0 0 15
-2 -2 -2  0 -4  1  6 -4 -1  0 -1 -1  0 -4 -3 -1 -1 -4 -1  0 1 0 0 50
-2  5  0  2 -4  1  1  0 -2 -4 -3  1 -1 -4 -3 -2 -2 -4 -3 -2 1 0 0 50
-1 -1  1  4 -3  0  2 -1  0 -2 -1  1  0 -3 -2 -1 -1 -3 -2 -1 1 1 1 45
 0 -1  2  2 -3  0  1  3 -2 -4 -4 -1 -3 -4  3  1 -1 -4 -3 -3 0 1 1 95
-1  0  2  4 -3  0  0 -1 -2 -2 -3  0 -2 -3 -1  1  2 -4 -3 -2 0 1 1 70
 1 -2  1 -1 -3 -1 -1  5  2 -4 -4 -2 -3 -3 -2  0 -2 -3 -3 -3 1 1 0 45
-1  0  2  2 -3  1  2  1 -1 -3 -3  2 -3 -4 -2  1  1 -4 -2 -3 1 1 1 40
-3 -4 -5 -5 -3 -4 -4 -5  0  1  5 -4  0 -1 -5 -4 -3 -3 -3  0 1 0 0 0
-2  0 -4 -4 -2 -2 -2 -4 -3  4  1 -2  3  1 -4 -3 -2 -2  2  3 1 0 0 5
 2 -4 -4 -4  2 -3 -4 -4 -4  2 -1 -3 -1 -3 -3 -2 -2 -4 -3  5 1 0 0 -5
-4 -2 -4 -5  0 -3 -4 -5 -1 -3 -1 -2 -3  3 -5 -4 -4  5  8 -3 1 0 0 30
-1 -4 -5 -5 -3 -4 -4 -5 -4  3  5 -4  0  1 -4 -4 -2 -3 -2  1 1 0 0 0
-1  0  2 -1 -3  2  1 -2  3 -1 -2  0 -2 -3 -2  0  3 -3 -1  0 1 0 0 20
-5 -5 -6 -6 -5 -4 -5 -5 -5 -4  0 -5  1  3 -6 -5 -5 12  0 -4 1 0 0 15
-2  0  2 -2 -1 -1  0 -3 -2 -3 -2  5 -2 -4 -3  0  1 -4 -3 -2 0 1 1 60
-2 -2  7  2 -4 -2 -2  2 -2 -5 -5 -2 -4 -5 -3  1  0 -5 -4 -4 0 1 1 85
-2 -4  0  1 -4 -1 -2  6 -1 -5 -5 -3 -4 -5 -4 -2 -3 -4 -5 -5 1 1 0 65
-1  3 -1  0 -4  3  2 -3  4 -4 -4  4 -2 -3 -3 -1 -2 -4  0 -3 1 1 1 40
-2  3 -2 -2 -4  0 -1 -3  1 -2 -3  6 -3 -4 -3 -1  1 -4 -3 -2 1 0 0 70
 1 -2 -1 -2 -2 -2 -2  0 -3  0 -1 -2 -2 -3 -2  3  4 -4 -3  1 1 0 0 25
-1  3 -1 -2 -4  4  0 -3  1 -3 -2  4 -2 -4 -3 -1  0  2 -2 -1 1 0 0 50
-1 -3 -2 -3 -4 -2  1 -4  8  0 -2 -3 -2  2 -4 -3 -3 -4  0  2 1 0 0 20
-1 -2 -1  2 -3 -1  1 -1 -2 -3 -4  0 -3 -4  5  3  1 -4 -3 -2 1 0 0 40
 0 -2  1 -2 -2 -2 -2 -1 -3  2  1 -1  0 -2 -3  1  2 -3 -2  1 0 0 1 5
-1  0  0  1 -3  3  2 -1  2 -1 -3  2 -2 -3 -2  2  0 -4 -2 -1 0 0 1 70
 0 -2 -2 -3 -2  3 -2 -4  1  2  0 -2  0 -2 -3 -2  2 -4 -2  3 0 0 1 35
 2 -4 -4 -4  7 -3 -4 -3 -4  3  0 -3 -1 -2 -3 -2  0 -4 -3  2 0 0 1 -5
-3  1  1 -4  1 -2 -3 -3  4 -4 -3 -1 -3  0 -4 -3 -3  0  8 -3 0 0 1 5
-1  2 -1  0 -4  2  3 -1  1 -1 -3  3  0 -4 -2 -1  0 -4 -3 -2 0 0 1 45
-3  5 -2 -3 -5  0 -1 -4 -2 -5 -4  6 -3 -5 -3 -2 -3 -5 -4 -4 0 0 1 10
-2 -5 -5 -6 10 -5 -6 -5 -5 -1 -3 -5 -3  2 -5 -3 -3 -4 -3 -1 1 1 1 -5
-3 -4 -4 -4 -5 -4 -3 -4 -4 -5 -5 -3 -5 -6  9 -3 -3 -6 -5 -5 0 0 1 5
-3  1 -2 -3 -4  7 -1 -4 -2 -3  2  0  2 -3 -3 -2 -2 -4 -3 -3 0 0 1 25
-2  1 -2 -3 -4  0 -1 -3  2 -3 -3  6  2 -4 -3 -2 -1 -5 -3 -1 0 0 1 20
-1 -3 -4 -5  1 -3 -4 -4 -4  2  2 -3  8 -2 -4 -3 -2 -3 -3  1 0 0 1 -5
-3 -4 -4 -5 -3 -3 -4 -5 -4  2  5 -4  1 -1 -4 -2 -2 -3 -2  0 0 0 1 0
-1  3 -1  1 -4  3  2 -3 -1 -3 -2  3 -2 -3 -2  0 -2 -3  1 -3 0 0 1 55
-4 -4 -5 -5 -4 -4 -5 -5 -2 -2 -1 -5 -2  8 -5 -4 -4  0  5 -2 0 0 1 10
-4 -4 -4 -5 -4 -3 -4 -5  0 -3 -2 -4 -3  1 -5 -4 -4  0  9 -3 0 0 1 0
-3 -2 -2  0 -5  1  7 -4 -2 -5 -5 -1 -4 -5  0 -2 -3 -5 -4 -4 0 0 1 20
 1  2  2  0 -3  2  0 -1 -1 -3 -3  1  0 -3 -2  2 -1 -4 -3 -3 0 0 1 65
-3 -2  3 -2 -5 -1 -2 -4  9 -5 -5 -1 -3 -3 -4 -2 -3 -4  0 -5 1 0 0 65
-2 -3 -4 -4 -2 -3 -4 -5 -4  3  4 -4  1 -1 -4 -2 -2 -3 -2  2 1 1 1 45
-1  3  0 -2 -3  0 -1 -3 -2  0 -2  2 -1 -3 -3  0  0 -4 -2  3 1 1 1 95
-3 -4 -4 -5 -4 -4 -4 -4 -3  2 -1 -4 -1  7 -5 -2 -3  6  1 -1 1 1 1 70
-1  3 -1 -1  2  0 -1 -3 -2  0 -2  4 -2 -3 -2 -1  2 -4 -3 -1 1 0 0 35
-1  2  0  2 -3  1  3 -1  0 -3 -3  2  0 -3 -2  1  0 -3 -2 -2 1 1 1 60
 1  0  1  2 -2  1  0  1  1 -3 -3  0 -2 -3  1  1  1 -3 -2 -2 1 1 1 70
-2 -1 -1  4 -5  1  6 -3 -1 -4 -4  0 -3 -4 -2 -1 -2 -4 -3 -4 1 1 1 85
