-1  3  0  0 -4  3  3 -2  4 -3 -3  1 -1 -3 -2 -1 -1 -3 -1 -3 1 1 1 95
 0 -3 -2 -3 -1 -2 -3  2 -3  3  0 -2  0 -1 -3  0 -1 -3 -2  3 1 1 1 75
-2  0  0 -1 -4  4  1 -3  8 -4 -3 -1 -2 -3 -3 -1 -2 -3  0 -4 1 1 0 90
 0  2 -1 -2 -3 -2 -2  5 -2 -1 -3 -1 -2 -3 -3 -1 -2 -3 -3 -2 1 1 0 75
-2  4 -1 -2  1  1 -1 -3  8 -4 -3  0 -2 -3 -3 -2 -2 -3  0 -4 1 1 1 80
-1  2  3 -1 -3  0 -1  3 -1 -1 -3  3 -2 -3 -2 -1  0 -4 -3 -3 0 1 1 65
-2 -1 -3 -4  9 -3 -4 -1 -3 -2 -2 -3 -2  3 -4 -2 -2 -2  2 -2 0 1 1 45
-2  0  4  5 -4  2  0  1 -1 -3 -4 -1 -3 -4 -2  0 -1 -4 -3 -3 1 1 1 45
-1 -2  1 -1 -2 -1 -1 -1  1  3  0  0  0 -2 -2  2  0 -3 -2  1 0 1 1 60
 1 -1  0 -2 -2 -1 -2 -2 -2  0 -2 -1 -1 -3  2  1  4 -3 -2  0 0 0 1 20
-2 -3 -4 -4 -2 -3 -4 -4 -4  2  4 -3  1  0 -4 -3 -2 -3 -2  2 0 0 1 0
-1  4 -1 -1 -4  3  1 -3 -1 -4 -3  3 -2 -4  0 -1 -1 -3 -2 -3 0 0 1 35
-2 -1 -1  1 -5  1  7 -3 -1 -4 -4  0 -3 -4 -2 -1 -2 -4 -3 -4 0 0 1 30
-2 -4 -4 -4  1 -4 -4 -5 -4  6  1 -4  0 -1 -4 -3 -1 -4 -2  2 0 0 1 0
-2 -4 -4 -4 -2 -4 -4 -5 -4  6  1 -4  0 -1 -4 -3 -2 -4 -2  2 0 0 1 5
-2  1  2  1 -4  1  0 -1  4 -3 -2  4 -2 -3 -2 -1 -1 -3 -1 -3 0 0 1 45
 0 -2  1 -1 -2 -1 -2 -2  1  1 -1 -2  2 -2 -2  1  4 -3  1  0 0 0 1 0
 0 -3 -4 -4 -2 -3 -3 -4 -4  1  5 -3  1  0 -3 -3 -2 -3 -2  1 0 0 1 0
-2 -2  7  1 -4 -1 -1 -1  0 -4 -5 -1 -3 -4 -3  1 -1 -5 -3 -4 0 0 1 30
-1 -1  0 -2 -2  2  0 -3 -2  3  0 -1  0  1 -2  1  1 -2 -1  1 0 0 1 25
-2 -3 -4 -4 -2 -3 -3 -4 -4  1  4 -3  1 -1 -3 -3  0 -3 -2  3 0 0 1 0
-1 -2 -1  0 -2 -1 -1 -2 -2  0 -1 -1 -1 -2 -2  1  5 -3 -2 -1 0 0 1 20
 2  0 -1  0 -2  0  3  1 -1 -2 -2  0 -1 -3  1  1  1 -3 -2 -1 0 1 1 75
-1  4  1  0 -3  2  1 -2 -1 -3 -3  4 -2 -3 -2 -1 -1 -3 -2 -3 1 1 1 20
-1  1  2 -1 -3  0  1  1 -1 -3 -3  5 -2 -3 -2 -1 -1 -3 -2 -3 1 1 1 50
-1 -2  2  1 -2 -1 -1 -2  0 -1 -2 -1 -1  2  0  0  3 -2 -1  0 1 1 1 20
 0 -1 -1 -1 -2 -1  0 -2 -2 -2  0 -1 -1 -2  5  2  0 -3 -2 -2 1 1 0 50
-1 -3 -3 -4 10 -3 -4 -3 -3 -2 -2 -1 -2 -3 -3 -2 -2 -3  0 -2 1 1 0 0
 0 -2 -1 -1 -2 -1 -1 -2 -2 -1  0 -1  4  0 -2  1  3 -2 -1 -1 0 1 1 0
 0 -1 -1  0 -3  1  5 -2 -1 -3 -3  1 -2 -3 -2  0 -1 -3  0 -3 0 1 1 50
-2 -2 -3 -3 -2 -2 -3 -1 -3  1  4 -2  5  0 -3 -2 -1 -2 -2  0 1 1 0 20
 0 -2 -1  0 -2 -1  1 -2 -2  0  0 -1  1  0  1  0  3 -2 -1  0 1 0 0 45
 0 -3 -3 -3 -1 -3 -3 -3 -3  3  0 -3  0 -1 -3 -2 -1 -3 -2  5 1 0 0 5
 2 -2 -2 -2 -2 -1 -1 -1 -2 -2 -1 -1  0 -3  5  1  1 -3 -2 -1 1 0 0 15
-2 -2  1  7 -4 -1  1 -2 -2 -4 -4 -1 -3 -4  1 -1 -2 -4 -3 -4 1 1 1 10
 1 -3 -3 -3 -1 -2 -2 -3  0  3  0 -2  0 -1 -2 -1  0 -3 -2  4 0 0 0 0
-3 -3 -3 -4 -3 -3 -3 -4 -2  0  2 -3  0  6 -4 -3 -2  0  2 -1 0 0 0 15
 3 -1 -1 -1 -1 -1  1  1 -2 -1 -2 -1 -1 -2 -1  1  1 -3 -2 -1 0 0 0 45
 3 -2 -1  3 -1 -1  0  0 -2 -1 -2 -1 -1 -2 -1  0  0 -3 -2  0 1 1 0 30
 0  0 -1 -2 -2 -1 -1 -2 -2 -2 -3 -1 -2 -3  6  1  2 -3 -3 -2 1 1 1 70
-1  1 -1 -1 -3  2  0 -2 -1 -2 -2  5 -2 -1 -2 -1 -1 -3 -2 -1 1 1 0 70
-2 -2  7  1 -4 -1 -1  2 -1 -4 -4 -1 -3 -4 -3  0 -1 -5 -3 -4 1 1 1 80
 0 -2 -1 -2 -2 -1 -2 -2 -2  0 -2 -1 -1 -3  0  2  5 -3 -2 -1 1 1 1 25
 1 -2  1  0 -2 -1 -1 -2 -2 -2 -2 -1 -2 -3 -2  2  5 -3 -2 -1 1 1 1 55
-1 -1 -1  2 -4  1  5 -1 -1 -3 -2  0 -2 -4 -2  0  1 -4 -3 -3 0 0 1 40
-1  2  1 -1 -3  1  1 -1 -1 -3 -3  4 -2 -4  2  0  1 -4 -3 -3 0 0 1 45
-2  0 -1  3 -4  1  5 -1 -1 -4 -3  2 -3 -4 -2 -1 -2 -4 -3 -3 0 0 1 30
 0 -1 -1 -2 -1 -1 -2 -2 -2  1  2  0  1  0 -2  0  2 -2 -1  0 0 0 1 15
-2 -3 -1 -3 -2 -3 -3 -4 -2  2  2 -3  1  4 -3 -1 -2 -1  1  1 0 0 1 0
-2 -4 -3 -1  9 -4 -4 -4 -4  0 -2 -4 -2 -4  3 -2 -2 -4 -4 -2 0 0 1 0
-2  5 -1 -2 -3  1  1 -3 -1 -3 -3  2 -2 -3 -2 -1  1 -3 -2 -1 0 0 1 5
 5 -2  0 -2 -1 -1  0 -1 -2 -1 -1 -1  1 -3 -2  0 -1 -3 -2  0 0 0 1 0
 3 -1 -1 -1 -1 -1 -1  0 -2 -2 -2  0 -2 -3 -2  3  2 -3 -2 -1 0 0 1 0
 0  2 -1 -2 -2  1 -1 -2 -2 -1 -2  1 -1 -3 -2  2  4 -3 -2 -1 0 0 1 20
 1 -3 -3 -3  4 -2  0 -2 -3  1 -1 -2 -1 -2 -3 -1 -1 -3 -2  4 0 0 1 0
-1 -3 -3 -4 -2 -2 -3 -4 -3  1  4 -3  2  0 -3  0 -1 -2 -2  1 0 0 1 0
-2  6 -1 -2 -4  4  0 -3 -1 -3 -3  1 -2 -3 -2 -1 -2  2 -2 -3 0 0 1 45
-1  1 -1 -1 -3  4  1 -2  1 -1  0  2 -1 -2 -2 -1 -1  3 -1 -2 0 0 1 45
-1 -2 -2 -3 -2 -2 -2 -3 -2  2  1 -1  0  4 -2 -2  0 -1  1  2 0 0 1 0
-2 -2 -2 -3 -3 -2 -2 -3  0 -2 -1 -2  3  2 -3  0 -2  1  7 -2 0 0 1 10
-1  1 -1 -2 -2  0 -1 -2 -1 -1  0  1 -1  3 -2  1  3 -2  0 -1 0 0 1 45
-2  2  0 -1 -3  1 -1 -2  6 -2 -2  1  0 -2  3 -1 -1 -3 -1 -1 0 0 1 70
-2  3  3 -1 -4  0 -1 -2  8 -4 -4 -1 -2 -3 -1 -1 -2 -3  0 -4 0 0 1 10
-1  0  1  4  1  1  2 -1 -1 -3 -3  0 -2 -3  0  0  0 -3 -2 -2 0 1 1 35
 0  0 -1 -2  2 -1 -1 -2 -1  0 -1  1 -1  2 -2  0  0 -2  0  1 0 1 1 80
 0  0  1  1 -1  0  2 -1  0 -1 -1  0 -1 -1  0  1  0 -1  1  0 1 1 1 15
 0 -1  0 -1 -1  0 -1 -1 -1 -1  0 -1  0 -1  1  1  3 -1  1  0 0 1 1 80
-1  1 -1 -1  1  0 -1 -1  0  0  1  0  0  0  1 -1 -1  3  0  0 0 1 1 60
 0  0 -1 -1  7 -1 -1  0 -1 -1 -1 -1 -1 -1 -1  0  0 -1 -1 -1 0 1 1 5
-1  2 -1 -1 -1  0 -1  0 -1  0  1  0  0  0 -1 -1 -1 -1  0  0 1 1 0 20
 1  0  0 -1 -1  0  0  3 -1 -1 -1  1 -1 -1  0  0  0 -1 -1 -1 1 1 1 40
 1  0 -1 -1 -1  0  0 -1 -1  0  0  1  0 -1  2  0  0 -1 -1  1 1 1 0 85
 0  0  1  0 -1  1  0 -1 -1 -1 -1  0 -1 -1  0  1  2 -1 -1  0 1 1 0 50
 0  0 -1 -1  2 -1 -1  0 -1  0 -1 -1 -1 -1  2  1  1 -2 -1  1 0 0 1 75
-1  0 -1 -1  2  1 -1 -1 -1  0  2 -1  0 -1  3  0 -1 -1 -1  0 0 0 1 60
-1 -1  1 -1  5  3  0 -1 -1 -1 -1  0 -1 -2  1  0 -1 -2 -1  0 0 0 1 30
-1  0  0 -1 -2  1  1 -2 -1  0  2  0  0  1 -1 -1 -1 -1 -1 -1 0 0 1 45
 0  1  0 -1 -2  0  0 -1  4 -1 -1  2  1 -1 -1  0 -1 -1  1  0 0 0 1 55
 0  2  3  0 -2  0  1  0  0 -2 -2  0 -1 -2 -1  2  0 -2 -1 -2 0 0 1 35
-1  0  2  0 -2  0  1  0  3 -2 -1  1 -1 -2 -1  1  0 -2 -1 -2 0 0 1 0
 0  0  1  1 -2  1  0 -1 -1 -2 -1  1  0 -2 -1  3  0 -3 -2 -2 0 0 1 45
-1  1 -2 -1  6  1 -1  2 -2 -2 -1 -1 -1 -3  1 -1 -1 -3 -2 -1 0 0 1 30
-1 -2 -2 -1 -2 -2 -2 -3 -2  2  2 -2  1  2  0 -1  1 -2 -1  2 0 0 1 0
-1  0  0 -2 -2 -1 -2 -3 -1  2  2  0  1  1 -2 -1  0 -2  1  0 0 0 1 0
-1  4 -1 -2 -3  1  0  1 -1 -3 -3  3 -2 -4  2  0 -1 -3 -3 -1 0 0 1 50
 0 -1 -2  0  2  0  1 -3  1  0  1  0  0  2 -1 -1 -1 -1  1  0 0 0 1 15
-2 -3 -4 -5 -2 -3 -4 -5 -4  1  5 -3  1  1 -4 -3 -2 -2 -1  0 0 0 1 0
-1  5  1 -2 -4  0 -1  0  1 -4 -3  3 -2 -4 -2  1 -1 -4 -2 -3 0 0 1 35
-1  2  1 -2  1  1 -1  4 -2 -2 -3  3 -2 -3 -2 -1 -2 -3 -3 -3 0 0 1 35
-2 -3 -4 -4 -2 -3 -4 -4 -4  2  4 -3  3  0 -4 -3 -2 -3 -2  2 0 0 1 0
-2 -2 -1  4  5  0  0 -3  2 -2 -1 -2 -2  1 -3 -1 -2 -2  3 -2 0 0 1 0
-2  7 -1 -3 -4  0 -1 -3 -1 -4 -3  1 -3 -4 -3  0 -2 -4 -3 -4 0 0 1 55
-2 -2  6  0 -3 -1 -1  2 -1 -4 -4 -1 -3 -4 -3  1 -1 -4 -3 -4 0 0 1 15
-2 -3 -4 -4 -2 -3 -4 -5 -4  3  5 -3  1  0 -4 -3 -2 -3 -2  1 0 0 1 0
-1  2  0 -2  4 -1 -1 -2 -2 -2 -2  1  2 -3 -2  3  0  3 -2 -2 0 0 1 25
 0 -2  1 -1 -2 -1 -1  3  1 -3 -3 -1 -2  0 -2  3  1 -2  1 -2 0 0 1 55
-2 -3 -3 -4 -2 -2 -3 -4 -3  1  4 -3  6 -1 -3 -3 -2 -2 -2  0 0 0 1 15
 4 -2  1 -2 -1 -1 -2 -1  0 -1 -1 -1 -1  0 -2  0  0 -3 -1  2 0 0 1 0
-1 -1  4  0 -2  1 -1  1 -1 -3 -3  0 -2 -3  2  1  0 -3 -2 -3 1 1 1 65
-1 -1 -1 -1 -2  3  0 -1 -1 -1  2  0  2 -1  1  0  0 -2 -1 -1 1 1 1 35
-1  2  1  0 -2  0  0 -2  0 -1 -2  2 -1 -2 -1  1  2 -2 -2 -1 1 1 0 80
-1 -1  3  0  1 -1 -1 -1 -1 -3 -3  1 -2 -2 -2  3  2 -3  1 -2 1 1 1 65
-2 -5 -4 -5 11 -5 -5 -4 -5 -3 -3 -5 -3 -4 -4 -2 -2 -4 -4 -2 1 1 1 15
 0 -2  0 -2 -2 -1 -1 -2  0 -3 -3 -1 -2 -4  6  2  3 -4 -3 -2 1 1 1 65
-1 -3 -4 -4 -2 -3 -3 -1 -4  2  0 -3  2 -2 -3 -3 -1 -4 -2  6 1 1 1 30
-2 -1  6  0 -3 -1 -1 -1  0 -4 -4  1 -3 -1 -3  2 -1 -4 -2 -3 1 1 1 75
-2 -1 -1  1 -5  1  6 -2 -1 -4 -2  0 -3 -4 -2 -1 -1 -4 -3 -3 1 1 1 30
 3 -2 -1 -1 -1 -1 -1 -1 -2 -1  0 -1 -1 -2  0  2  2 -3 -2  0 1 1 1 70
-1  3  0  0 -3  0  0 -2 -2 -3 -3  4  0 -4 -2  0  2 -4 -3 -2 1 1 1 55
-1  1 -1 -2 -3  3  0 -3  1  1  0  2 -1 -2 -2  0  0 -2  0 -1 1 0 0 45
-1  0  1 -2  1 -1 -1 -2 -2  0 -2 -1 -1 -3  0  3  4 -3 -2 -1 1 0 0 10
-1 -1 -1 -2 -2 -1 -1 -2 -2 -2 -1  1  0 -3 -2  1  5 -3 -2 -1 1 0 0 25
-2 -3 -4 -5 -2 -3 -4 -5 -4  1  5 -3  1  1 -4 -3 -2 -2 -2  0 0 0 1 0
-2  2  0 -1 -4  3  1 -2 -1 -4 -3  5 -2 -4 -2 -1 -1 -4 -3 -3 0 0 1 30
-3 -3  2  7 -4 -1  0 -2 -2 -4 -5 -2 -4 -4 -3 -1 -1 -5 -4 -4 0 0 1 50
-3 -4 -4 -5 -3 -4 -4 -4 -2 -1  1 -4 -1  7 -4 -3 -3  0  2  0 0 0 1 0
-2 -3 -4 -4 -2 -3 -4 -5 -4  1  5 -3  1  0 -4 -3 -2 -3 -2  0 0 0 1 0
-1 -1 -1  1 -4  1  5  0 -1 -4 -4  0 -3 -4 -2  1 -1 -4 -3 -3 0 0 1 40
-1  5  2 -1 -3  0 -1 -2 -1 -3 -3  2 -2 -3 -2  2  0 -4 -2 -3 0 0 1 45
-2 -3 -4 -5 -2 -3 -4 -5 -4  1  5 -3  1  0 -4 -3 -2 -3 -2  0 0 0 1 0
-2  2 -1 -2 -4  0  0 -3 -2 -2 -3  6 -2 -4 -2 -1 -2 -4 -3 -3 0 0 1 15
 0  2 -1 -2 -2 -1 -1 -1 -2 -2 -2  0  1 -3 -2  1  4 -3 -2  0 0 0 1 40
-1 -4 -4 -4 -2 -4 -4 -4 -4  6  1 -3  0 -1 -4 -3  0 -4 -2  2 0 0 1 20
-2 -2  1 -3 -3 -1 -3 -4  1  0  2 -2  7 -1 -4 -2 -2 -2  0  0 0 0 1 0
-2  3 -1 -1 -4  5  1 -3 -1 -4 -3  3 -2 -3 -2 -1 -2 -3  0 -3 0 0 1 45
-1  1 -1  0 -4  1  4  0 -1 -3 -2  4  1 -3 -2 -1 -1 -3 -3 -3 0 0 1 50
-2  2 -1  0 -4  0  0 -3 -2  1 -2  5 -2 -3 -2 -1 -2 -4 -3 -1 0 0 1 25
-3 -3 -1 -4 -4 -3 -3 -4  0 -2 -2 -3 -2  4 -4 -3 -3  1  8 -2 0 0 1 30
 0 -2 -1 -2 -2 -1  0 -2 -2 -3 -2 -1 -2 -2 -2  5  0  6  1 -3 0 0 1 50
-2  3 -1 -1 -4  3  2 -2 -1 -4 -3  5 -2 -4 -2 -1 -1 -4 -2 -3 0 0 1 70
-1 -1  0 -3  9 -2 -3 -1 -3 -2 -2 -2 -2 -3 -3  1 -1 -3 -3 -2 0 0 1 30
 0 -1  0 -1 -2  1  0  3 -1 -3 -3  0 -2 -3 -1  3  2 -3 -2 -2 1 1 1 50
 1 -1  0  0 -1  0  0  0 -1 -3 -3  0 -2 -3 -1  5  1 -3 -2 -2 1 1 1 95
