 1 -3 -1 -2 -3 -2 -2  6 -2 -4 -4 -2 -3 -3 -2  0 -2 -3 -3 -3 1 1 1 95
 3 -2 -1 -1 -1 -1  1  1 -2 -2 -3 -1 -2 -3 -1  3  0 -3 -2 -1 0 1 1 80
-1 -2  1  0 -2 -2 -2 -3 -2  0  3 -2  4 -1  1  0 -1 -3 -2  0 0 1 1 45
-1  1  2  3 -3  2  2  1 -1 -3 -3  1  0 -3  0  1 -1 -3 -3 -3 1 1 1 65
-2 -4 -3 -3 -4 -3 -3 -4  1 -2 -4 -3 -4 -5  8  0 -1 -5 -4 -4 1 1 1 70
-3  7 -3 -3 -5  1 -2 -5  1 -5 -4  0 -4 -5 -1 -2 -2 -5 -1 -3 1 0 0 25
-1 -2 -1  1 -1 -1  0 -3 -1 -1 -1 -1 -2 -3 -3  0  5 -4  0  1 1 0 0 45
-3 -5 -5 -5  3 -4 -5 -5 -5  4  1 -4 -1 -2 -5 -4 -2 -5 -3  5 1 0 0 0
-2 -1 -1 -2  1 -2 -1 -3 -1  2 -1 -2 -1 -4 -4 -1  6 -4 -2  1 1 0 0 40
-3  0 -3 -4 -3 -1 -4 -5 -2  2  4 -2  5 -2 -4 -2 -2 -4 -3  1 1 0 0 0
-3  4  0 -3 -2  2 -1 -4  7 -3 -4  0 -3 -2 -4 -2 -2 -4  1 -2 1 0 0 50
-3  4 -3 -3 -5 -1 -1 -4 -3 -3 -4  6 -4 -5  3 -3 -3 -5 -4 -4 1 1 1 15
-2 -1  0  6 -5  2  0 -1  1 -5 -5  1 -4 -5  0  1  0 -5 -4 -4 1 1 1 45
 0 -1  0  0 -3 -1  2 -2 -2 -2 -1  0 -1 -3  2  3  1 -4 -3 -1 0 1 1 95
 0  0  2 -1 -3  0  0 -1 -1 -1 -1  1 -1 -2 -2  1  3 -4 -2  0 0 1 1 60
-2 -3 -1 -1 -4 -1  1  6  0 -5 -5 -1 -4 -1 -3 -1 -2 -4  2 -3 1 1 0 40
-1 -2  0  0 -2  3 -1  3  5 -3 -2 -1 -2 -2 -2  0 -1 -2  1 -2 1 1 1 35
-3 -4 -4 -5 -1 -4 -4 -4 -3  1  3 -4  1  5 -4 -3 -2  0  2  2 1 1 1 0
-2 -5 -3 -4 -5 -4 -5  7 -5 -7 -6 -4 -5 -6 -5 -3 -4 -5 -6 -6 1 1 0 0
-5 -5 -6 -6 -5 -6 -6 -6 -4 -1  1 -6 -2  8 -6 -5 -5 -2  0 -1 1 0 0 0
 0 -1  2 -2  2  1 -2 -3  1  0 -2 -1 -1 -2 -3  3  1 -3  0  1 1 0 0 20
-2 -4 -4 -5 -3 -4 -4 -5 -2  4  2 -4  1  4 -4 -3 -2 -3  1  3 1 0 0 5
-2  4 -1 -2 -4  2  1 -3  1 -1 -2  4 -2 -4 -3 -1 -1 -4 -3 -1 1 0 0 40
-1  1  4  3 -4  0  0  2 -1 -4 -4  1 -3 -4 -2  0  0 -4 -3 -4 0 1 1 80
 0 -3  0 -1 -2 -1 -1  6 -1 -5 -5 -2 -4 -4 -3  0 -2 -4 -4 -4 0 1 1 15
 0  1 -1 -1  0  1  2 -2 -1 -1 -1  3 -1 -3 -2 -1 -1 -3 -1  0 1 0 0 30
-1 -4 -4 -5 -3 -4 -4 -5 -4  6 -1 -4 -1 -2 -4 -3 -1 -4  0  4 1 0 0 0
-1 -1 -1 -2  4 -2 -2  0 -3  1 -2 -1 -1 -3 -3  3  3 -4 -3  1 1 0 0 30
 2  1 -1  0 -3  0  0 -2 -1 -3 -3  2 -3 -1 -2  4 -1 -4 -3 -2 1 0 0 35
-2 -4 -4 -4 -3 -4 -2 -5 -4  4  3 -4  1 -2 -4 -3 -1 -4 -3  4 1 0 0 15
 0 -1 -2  0 -2 -2 -1 -3 -3  2  1 -1  2  2 -3 -1 -1  0 -1  2 1 1 1 30
 0  3 -1 -1 -4  1  2 -2 -1 -3 -3  4 -2 -4  1  0 -1 -4 -3 -1 0 1 1 75
-2 -1  1  3 -4 -1  1  4  2 -4 -3 -1 -4 -3 -3 -1 -2 -4  1 -4 0 1 1 70
-1  0 -1 -2 -3  1 -2  4  3 -4 -3 -1 -3 -4 -3  3  1 -4 -3 -3 1 1 0 5
 2 -1 -1 -2  1 -2 -2 -2 -3  1 -1 -1 -2 -3  4  3  1 -4 -3  0 0 0 1 5
 6 -4 -4 -4 -3 -3 -3 -2 -3 -3 -4 -3 -3 -4 -1  0 -1 -4  1 -1 0 0 1 -5
 2 -2 -1  3 -3  1  3 -2 -1 -1 -3 -1 -3 -3 -3  1 -1  3 -1 -2 0 0 1 10
-2  6  1 -1 -1  2  0 -4 -2 -3 -1  2 -1 -4 -3 -2 -2 -4 -3 -2 0 0 1 50
 3 -3  5 -2  3  0 -2  2 -2 -4 -4 -2 -3 -4 -3  1  1 -4 -4 -3 0 1 1 30
-1 -5 -3 -4 -5 -4 -3  7 -4 -6 -6 -2 -5 -6 -5 -3 -4 -5 -5 -5 0 1 1 15
-3 -4 -5 -5 -3 -3 -4 -5 -5  3  5 -3  3 -1 -5 -4 -3 -4 -3  2 1 1 1 0
-3  4 -3 -4 -4  0 -1 -4 -3 -1  3  2  0 -1 -4 -2 -3 -4 -1 -1 1 1 1 10
-1  0 -2 -1 -3 -1 -2 -4 -3  2 -1  1  0 -3  0 -1  2 -4 -3  3 1 1 0 10
-1 -3  2  2 -4 -1  0  5 -1 -5 -5 -1 -4 -5 -4 -1 -3 -4 -2 -5 1 1 0 40
-3 -2 -1  6 -5  0 -1 -4  8 -5 -3 -3 -4 -2 -4 -1 -3 -5 -2 -5 1 0 0 5
 0  5  0 -3 -1  3 -1 -3  3 -3 -3  0 -1  0 -4 -2 -2 -3  2 -3 1 0 0 20
-3 -5 -5 -5 -3 -4 -5 -6 -5  6  3 -5  0 -1 -5 -4 -3 -4 -3  2 1 0 0 0
-3 -4 -5 -5  5 -4 -4 -5 -5  4  4 -4  1 -2 -4 -2 -2 -4 -3  1 1 0 0 0
 1 -2 -2  0 -5  3  6 -4 -2 -5 -5 -1 -4 -5 -3  0 -3 -5 -4 -4 1 0 0 20
-3 -5 -5 -5 -3 -5 -5 -6 -5  5 -1 -5 -1 -3 -5 -4 -2 -5 -3  6 1 0 0 0
-4 -3  8  1  2 -3 -2 -2 -2 -6 -6 -3 -5 -6 -5 -1 -3 -6 -5 -5 0 1 1 45
-2 -1  0 -2 -5 -2 -2  7 -2 -6 -6 -1 -5 -5 -4 -2 -3 -5 -5 -5 0 1 1 75
-2  0 -1 -2 -4  6  2 -4  1  1 -3  0 -1 -4 -3 -2 -1 -4 -3  1 1 0 0 50
 0 -3  6  2  1 -2 -2 -2  0 -4 -4 -2 -4 -1 -2  3 -2 -5 -3 -2 1 0 0 55
-2 -5 -5 -5 -3 -4 -5 -5 -5  2  0 -4 -1 -3 -4 -4  0 -5 -3  6 1 1 1 0
-1 -1 -3 -1 -3  0  2 -4 -3  3  0 -2  1 -2 -3 -1 -1 -4 -3  3 0 1 1 30
 2 -3  1  0 -3 -2 -1  5  0 -4 -4 -1 -3 -4 -2  0  0 -4 -4 -4 0 1 1 85
 1 -3 -3 -4  1 -2 -3 -3 -1  0  3 -1  4  0 -3 -1  1  0  0  0 1 1 1 30
 0  0  0  0 -2  0  0 -2 -2 -3 -4  3 -2 -4  2  2  3 -4 -3 -3 1 1 1 65
-4 -1  0  4 -6  0 -2 -4  9 -6 -5 -3 -4 -4 -4 -2 -4 -5  0 -4 0 0 1 15
 1  0 -1  1 -3  1  4 -2 -1 -4 -4  3 -3 -4 -1  0  0 -4 -3 -2 0 0 1 45
-1  1  0  2 -4  4  3 -3  1 -4 -4  2 -2 -3 -3 -1 -1 -4 -2 -4 0 0 1 40
 0 -4 -5 -5 -3 -4 -4 -5 -5  5  0 -4  2 -2 -4 -3 -1 -4 -3  4 0 0 1 0
 1 -2 -3 -4 -2 -1 -3 -2 -1  2 -1 -1  0 -3 -3 -1  0 -4 -3  5 0 0 1 20
 0  0  0  3 -4  3  2 -3  3 -2 -4  1 -3 -4 -3  0 -1 -4 -3 -2 0 0 1 60
 0 -4 -4 -4  1 -3 -2 -4 -3  4  4 -3  3 -1 -4 -3 -1 -3 -3  1 0 0 1 10
-3 -4 -5 -5  1 -4 -5 -5 -5  5  4 -4  2  1 -5 -4 -3 -4 -2  1 0 0 1 5
 1  3 -1  0 -3  1  0  0  0 -3 -3  3  1 -4 -2  1  1 -4 -3 -2 0 0 1 60
 0 -2  3  2 -1  1  1  0 -2 -3 -3  0 -2 -4 -2  2  2 -4 -2 -2 0 0 1 75
 4 -3 -1 -1  1 -1 -2  2 -3 -4 -4 -2 -3 -4 -3  3  0 -4 -4 -3 1 1 0 15
-2 -2 -2 -2 -4 -3 -2  6 -1 -2 -4 -1 -3 -4  1 -1 -1 -4 -3  0 1 1 1 55
-1  0  2  4 -3  0  1  2 -1 -3 -3 -1 -2 -4  0  0  0 -4 -3 -2 1 1 0 60
-1 -1 -2 -1 -1 -1  3 -3 -3  0 -1  0 -1 -3  0  0  2 -4 -3  2 1 0 0 45
-2 -4 -5 -4 -3 -4 -4 -5 -5  3  1 -4  1 -2 -4 -3 -1 -4 -3  5 1 0 0 0
-2  0 -1 -3 -3  0 -3 -4  4 -3 -2 -1 -1 -4 -3  0  6 -5 -3 -2 1 0 0 25
-2 -4 -5 -5 -3 -4 -4 -5 -5  4  4 -3  4 -2 -4 -4 -2 -4 -3  2 1 0 0 0
-2  0 -2 -3  1  0 -2 -4 -1 -3 -1  2 -2 -4 -3 -1  6 -4 -3 -1 1 0 0 10
-2 -4 -4 -5 -3 -4 -4 -5 -5  4  0 -4  0 -2 -4 -3  2 -5 -3  5 1 0 0 0
-3 -4 -5 -5 -3 -3 -4 -5 -4  5  1 -4  7 -2 -4 -4 -2 -4 -3  3 1 0 0 15
