-1 -2 -2 -2 -3 -2 -1 -2 -2 -3 -3 -1 -3 -4  7 -1 -1 -4 -3 -3 1 1 1 85
-1 -1  2 -1 -3  3  0  1  1 -3 -3  0 -2 -3  5 -1 -1 -3 -2 -3 1 1 1 95
 0  0  1 -1 -3  3  0  3 -1 -2 -2  0 -1 -3  3  0  0 -3 -2 -2 1 1 0 60
 0 -1  4  0 -2  1  0  0 -1 -3 -3  0 -2 -3  1  2  1 -3 -2 -2 1 1 1 50
-1 -2 -3 -3 -2  0 -2 -3  0  3  2 -2  2  0 -2 -2 -1 -2 -1  2 1 1 1 30
 1 -1  2 -1 -2  1 -1  0  2 -3 -3 -1 -2 -3  5  1  0 -3 -2 -2 1 1 1 35
-1  0  1 -1 -3  3  0 -2 -1 -3 -3  2 -2 -3  4  0  1 -3 -2 -2 0 1 1 55
 1  0  0 -1 -2  3  0  2  3 -3 -3  0 -1 -3 -2  1 -1 -3 -1 -2 0 0 1 65
 4 -1 -1 -2 -1  0 -1  0 -2 -2 -2 -1 -1 -3 -1  1  1 -3 -2  0 0 0 1 20
-2 -3 -4 -4 -2 -2 -3 -4 -3  2  4 -3  2  0 -3 -3 -1 -2 -1  1 0 0 1 20
 2  0 -1 -1 -2  5  1 -2  2 -3 -2  0 -1 -3 -2  0 -1 -2 -2 -2 0 0 1 50
-1  0  1  3 -3  5  2 -2  0 -3 -3  0 -2 -4 -2  0 -1 -3 -2 -3 0 0 1 35
-2 -3 -4 -4 -2 -3 -3 -4 -3  2  4 -3  2  0 -3 -3 -1 -2 -1  1 0 0 1 5
-2 -2 -3 -4 -2 -2 -3 -4 -3  1  4 -2  5  0 -3 -2 -1 -2 -1  1 0 0 1 20
 0  4  1  0 -3  3  1 -2  0 -3 -2  1 -1 -3 -2  0 -1  2 -2 -2 0 0 1 60
 0 -1 -1 -1 -1 -1 -1 -2 -2 -1 -2  1  0 -1 -1  1  5 -3 -2 -1 0 0 1 10
-2 -3 -4 -4 -2 -3 -3 -4 -3  2  4 -3  2  0 -3 -3 -1 -2 -1  1 0 0 1 15
-1  5 -1 -1 -3  1  0 -2 -1 -3 -3  4 -2 -3 -2 -1 -1 -3 -2 -3 0 0 1 75
 0 -1  3  0 -2  0  0  0 -1 -2 -2 -1 -2 -3 -1  3  1 -3 -2 -2 1 1 0 40
-1 -2  1  1 -3 -1 -1 -2 -2 -3 -3 -1 -3 -4  7 -1 -1 -4 -3 -3 1 1 1 70
 1 -1  1 -1 -2  0  0 -1  2 -3 -3 -1 -2 -3  2  3  1 -3 -2 -2 1 1 0 40
 1 -1  0 -1 -1 -1 -1  0 -2 -2 -2 -1 -2 -3  2  3  3 -3 -2 -1 1 1 1 30
-1 -2  1 -1 -3 -1 -1 -2  1 -3 -3 -1 -2 -3  7 -1 -1 -3 -2 -2 0 0 1 45
-1  0  0  1 -3  3  3 -2  1 -2  0  0  1 -2 -1  0 -1 -2 -1 -2 0 0 1 35
-1  0  0 -1 -3  6  1 -2  0 -3 -2  1 -1 -3 -2  1 -1 -2 -2 -2 0 0 1 15
-1  0  2 -1 -3  6  1 -2  0 -3 -3  1 -1 -4 -2  0 -1 -3 -2 -3 0 0 1 40
-1  0  1 -1 -3  6  1 -2  1 -3 -3  1 -1 -3 -2  0 -1 -3 -2 -3 0 0 1 50
-1  1  0 -1 -3  5  2 -2  4 -3 -3  1 -1 -3 -2 -1 -1 -2 -1 -3 0 0 1 20
-1 -3 -3 -3 -1 -3 -3 -4 -3  3  2 -3  1 -1 -3 -2 -1 -3 -1  4 0 0 1 0
-2  0 -3 -4 -2 -2 -3 -4 -3  1  4 -2  2  0 -3 -2 -1 -2 -1  1 0 0 1 30
 0 -1  4  0 -2  2  1 -1  0 -3 -3  0 -2 -3 -2  2  2 -3 -2 -2 0 0 1 45
-2 -3 -4 -3 -2 -3 -4 -4 -4  5  1 -3  1 -1 -3 -3 -1 -3 -2  2 0 0 1 5
-2 -2 -4 -4 -2 -2 -3 -4 -3  1  4 -3  2  0  0 -3 -1 -2 -1  0 0 0 1 5
-1  4  0 -1 -3  1  0 -2  2 -3 -3  4 -2 -3 -2 -1 -1 -3 -2 -3 0 0 1 70
 2 -1  0 -1 -1  1  0  0 -1 -3 -3  0 -2 -3 -1  4  1 -3 -2 -2 0 1 1 55
-2 -1  6  1 -3  0 -1 -1  0 -4 -4 -1 -3 -3 -2  0  0 -4 -3 -3 1 1 1 5
-1 -3 -2 -2 -3 -2 -2 -3 -3 -3 -3 -1 -3 -4  8 -1 -2 -4 -3 -3 0 0 1 55
-1  1 -1 -1 -3  5  1 -2  2 -2 -1  0 -1 -3  2 -1 -1 -2 -1 -2 0 0 1 40
-2 -3 -4 -4 -2 -2 -3 -4 -3  2  4 -3  2  0 -3 -3 -1 -2 -1  1 0 0 1 5
-1 -2 -3 -4 -2 -1 -3 -3 -2  1  2 -2  7  0 -3 -2 -1 -2 -1  0 0 0 1 15
 5 -2 -2 -2 -1 -1 -1  0 -2 -2 -2 -1 -1 -3 -1  1  0 -3 -2 -1 0 0 1 40
 4 -1 -1  0 -1  1 -1  0 -2 -2 -2 -1 -1 -3 -1  1  0 -3 -2 -1 0 0 1 15
-2 -3 -3 -4 -2 -3 -3 -4 -2  1  1 -3  0  6 -4 -3 -2  0  2  0 0 0 1 5
-2 -3 -3 -3 -2 -3 -3 -4 -3  5  1 -3  1 -1 -3 -2  0 -3 -2  2 0 0 1 35
-1  3  0 -1 -3  1  0 -2 -1 -3 -3  5 -2 -3 -2 -1 -1 -3 -2 -3 0 0 1 50
-1  0  2 -1 -3  6  1 -2  0 -3 -3  1 -1 -2 -2  0 -1 -2  1 -3 0 0 1 25
-2  6 -1 -2 -4  2  0 -3  0 -3 -2  2 -2 -3 -2 -1 -1 -3 -2 -3 0 0 1 35
 2 -1 -1 -1 -1  0 -1 -1 -2 -1 -2 -1 -1 -2  3  1  2 -3 -2  0 0 0 1 45
 3 -1 -1 -1 -1  0 -1  1  0 -2 -1 -1 -1 -2  1  1  0 -3 -2 -1 0 1 1 40
 0  2 -1 -1 -2  1  0 -2 -1 -1 -1  4 -1 -2 -1  0 -1 -2 -2 -1 1 1 1 55
-1 -1 -2 -2 -2  0 -1 -2  2 -2 -1 -1 -1  2 -2 -1 -1  4  6 -1 1 1 1 50
 1 -1 -2 -2 -1  0 -1 -2  0  1  2 -1  1 -1  1 -1 -1 -2 -1  1 1 1 1 65
 2  0  0 -1 -2  3  0  2 -1 -2 -2  0 -1 -3  1  0  0 -2 -2 -2 1 1 1 65
-1  0  3  0 -2  3  0  0  0 -1  0  0 -1 -2 -2  1  0 -3 -2 -1 1 1 1 80
 0  0  1  0 -3  5  1 -2  0 -3 -2  1 -1 -1 -2  0 -1 -2 -1 -2 1 1 1 65
-1 -2 -1 -1 -2 -1 -1  0 -2 -3 -3 -1 -2 -3  6  0  1 -3 -3 -2 1 1 1 75
 0 -2  0 -1 -2 -1 -2  5 -2 -3 -3 -1 -2 -3 -2  2 -1 -3 -3 -3 0 1 1 90
-1 -2 -3 -3 -2 -1 -2 -3 -1  1  3 -2  3  1 -3 -2 -1  0  2  0 1 1 1 75
-1  1  0  0 -3  5  2 -2  0 -3 -2  1  0 -3 -1  0 -1 -2 -1 -2 1 1 1 80
