-1 -1 -2 -3 -1  0 -2 -3 -2  1  2 -1  5  0 -3 -2 -1 -1 -1  1 1 1 1 45
-2  0  6  1 -3  0  0  0  1 -3 -3  0 -2 -3 -2  1  0 -4 -2 -3 1 0 0 45
-1 -3 -3 -3 -1 -3 -3 -4 -3  4  2 -3  1  0 -3 -2 -1 -3 -1  3 1 0 0 0
-1  1  0  0 -3  5  2 -2  0 -3 -2  1  0 -3 -1  0 -1 -2 -1 -2 1 0 0 35
-1 -3 -3 -3 -1 -3 -3 -4 -3  4  2 -3  1  0 -3 -2 -1 -3 -1  3 1 0 0 -5
 0 -1  0 -1 -1 -1 -1 -2 -2 -1 -1 -1 -1 -2 -1  1  5 -2 -2  0 1 0 0 25
-2 -3 -3 -4 -2 -3 -3 -3 -1  0  0 -3  0  6 -4 -2 -2  1  3 -1 1 0 0 0
 0 -1  0 -1 -1 -1 -1 -2 -2 -1 -1 -1 -1 -2 -1  1  5 -2 -2  0 1 0 0 15
-2 -2  1  6 -4  0  2 -1 -1 -3 -4 -1 -3 -4 -2  0 -1 -4 -3 -3 1 0 0 85
 1 -1  1  0 -1  0  0  0 -1 -2 -2  0 -2 -2 -1  4  1 -3 -2 -2 1 0 0 35
 0 -3 -3 -3 -1 -2 -2 -3 -3  3  1 -2  1 -1 -2 -2  0 -3 -1  4 1 0 0 25
-1  6  0 -2 -3  1  0 -2  0 -3 -2  2 -1 -3 -2 -1 -1 -3 -2 -3 1 0 0 50
-1  1  0  0 -3  5  2 -2  0 -3 -2  1  0 -3 -1  0 -1 -2 -1 -2 1 0 0 65
 0 -2  0 -1 -3 -2 -2  6 -2 -4 -4 -2 -3 -3 -2  0 -2 -3 -3 -3 1 0 0 30
 0 -1  0 -1 -1 -1 -1 -2 -2 -1 -1 -1 -1 -2 -1  1  5 -2 -2  0 1 0 0 70
 1 -1  1  0 -1  0  0  0 -1 -2 -2  0 -2 -2 -1  4  1 -3 -2 -2 1 1 1 35
 4 -1 -2 -2  0 -1 -1  0 -2 -1 -1 -1 -1 -2 -1  1  0 -3 -2  0 0 1 1 95
-1  2  0 -1 -3  1  1 -2 -1 -3 -2  5 -1 -3 -1  0 -1 -3 -2 -2 0 1 1 85
 0 -2  0 -1 -3 -2 -2  6 -2 -4 -4 -2 -3 -3 -2  0 -2 -3 -3 -3 1 1 0 60
-2  0  6  1 -3  0  0  0  1 -3 -3  0 -2 -3 -2  1  0 -4 -2 -3 1 1 1 60
-1 -2 -2 -2 -3 -1 -1 -2 -2 -3 -3 -1 -3 -4  8 -1 -1 -4 -3 -2 1 0 0 75
-2 -2 -2 -3 -2 -1 -2 -3  2 -1 -1 -2 -1  3 -3 -2 -2  2  7 -1 1 0 0 25
 0 -1  0 -1 -1 -1 -1 -2 -2 -1 -1 -1 -1 -2 -1  1  5 -2 -2  0 1 0 0 25
-2 -3 -3 -4 -2 -3 -3 -3 -1  0  0 -3  0  6 -4 -2 -2  1  3 -1 1 0 0 30
-1  1  0  0 -3  5  2 -2  0 -3 -2  1  0 -3 -1  0 -1 -2 -1 -2 1 0 0 -5
-1  0  0  2 -4  2  5 -2  0 -3 -3  1 -2 -3 -1  0 -1 -3 -2 -2 1 0 0 10
 0 -2  0 -1 -3 -2 -2  6 -2 -4 -4 -2 -3 -3 -2  0 -2 -3 -3 -3 1 0 0 -5
-2 -3 -3 -4 -2 -3 -3 -3 -1  0  0 -3  0  6 -4 -2 -2  1  3 -1 1 0 0 30
-1 -2 -3 -4 -1 -2 -3 -4 -3  2  4 -2  2  0 -3 -2 -1 -2 -1  1 1 0 0 0
-2  0  1 -1 -3  0  0 -2  8 -3 -3 -1 -2 -1 -2 -1 -2 -2  2 -3 1 1 1 30
-1 -2 -3 -4 -1 -2 -3 -4 -3  2  4 -2  2  0 -3 -2 -1 -2 -1  1 1 1 1 5
-1  0  0  2 -4  2  5 -2  0 -3 -3  1 -2 -3 -1  0 -1 -3 -2 -2 0 1 1 75
-2 -2  1  6 -4  0  2 -1 -1 -3 -4 -1 -3 -4 -2  0 -1 -4 -3 -3 0 1 1 35
-1  2  0 -1 -3  1  1 -2 -1 -3 -2  5 -1 -3 -1  0 -1 -3 -2 -2 1 1 1 35
-1 -2 -2 -2 -3 -1 -1 -2 -2 -3 -3 -1 -3 -4  8 -1 -1 -4 -3 -2 1 1 0 90
-2 -1 -1 -2 -3 -1 -1 -3  6 -1 -1 -2 -1  4 -3 -2 -2  0  2 -2 1 1 0 75
-1 -2 -2 -2 -3 -1 -1 -2 -2 -3 -3 -1 -3 -4  8 -1 -1 -4 -3 -2 1 1 1 35
-1 -2 -3 -4 -1 -2 -3 -4 -3  2  4 -2  2  0 -3 -2 -1 -2 -1  1 1 0 0 35
-1  1  0  0 -3  5  2 -2  0 -3 -2  1  0 -3 -1  0 -1 -2 -1 -2 1 0 0 50
 0 -3 -3 -4  9 -3 -4 -3 -3 -1 -1 -3 -1 -2 -3 -1 -1 -2 -2 -1 1 0 0 0
-1  1  0  0 -3  5  2 -2  0 -3 -2  1  0 -3 -1  0 -1 -2 -1 -2 1 0 0 25
-2 -3 -3 -4 -2 -3 -3 -3 -1  0  0 -3  0  6 -4 -2 -2  1  3 -1 1 0 0 0
-2 -3 -3 -4 -2 -3 -3 -3 -1  0  0 -3  0  6 -4 -2 -2  1  3 -1 1 0 0 65
 0 -3 -3 -3 -1 -2 -2 -3 -3  3  1 -2  1 -1 -2 -2  0 -3 -1  4 1 1 1 0
-1  0  0  2 -4  2  5 -2  0 -3 -3  1 -2 -3 -1  0 -1 -3 -2 -2 1 1 0 80
 1 -1  1  0 -1  0  0  0 -1 -2 -2  0 -2 -2 -1  4  1 -3 -2 -2 1 1 0 60
 0 -3 -3 -3 -1 -2 -2 -3 -3  3  1 -2  1 -1 -2 -2  0 -3 -1  4 1 1 1 60
-1 -3 -3 -3 -1 -3 -3 -4 -3  4  2 -3  1  0 -3 -2 -1 -3 -1  3 1 1 1 5
-1 -2 -2 -2 -3 -1 -1 -2 -2 -3 -3 -1 -3 -4  8 -1 -1 -4 -3 -2 1 1 1 60
 4 -1 -2 -2  0 -1 -1  0 -2 -1 -1 -1 -1 -2 -1  1  0 -3 -2  0 1 1 0 50
 0 -2  0 -1 -3 -2 -2  6 -2 -4 -4 -2 -3 -3 -2  0 -2 -3 -3 -3 1 0 0 10
 1 -1  1  0 -1  0  0  0 -1 -2 -2  0 -2 -2 -1  4  1 -3 -2 -2 1 0 0 25
-2 -2 -2 -3 -2 -1 -2 -3  2 -1 -1 -2 -1  3 -3 -2 -2  2  7 -1 1 0 0 10
-1  1  0  0 -3  5  2 -2  0 -3 -2  1  0 -3 -1  0 -1 -2 -1 -2 1 0 0 40
 0 -3 -3 -3 -1 -2 -2 -3 -3  3  1 -2  1 -1 -2 -2  0 -3 -1  4 1 0 0 -5
-1 -2 -2 -2 -3 -1 -1 -2 -2 -3 -3 -1 -3 -4  8 -1 -1 -4 -3 -2 1 0 0 20
-2 -2 -2 -3 -2 -1 -2 -3  2 -1 -1 -2 -1  3 -3 -2 -2  2  7 -1 1 0 0 0
-1  6  0 -2 -3  1  0 -2  0 -3 -2  2 -1 -3 -2 -1 -1 -3 -2 -3 1 0 0 40
-1 -3 -3 -3 -1 -3 -3 -4 -3  4  2 -3  1  0 -3 -2 -1 -3 -1  3 1 0 0 -5
-2  0  6  1 -3  0  0  0  1 -3 -3  0 -2 -3 -2  1  0 -4 -2 -3 1 0 0 40
 0 -3 -3 -3 -1 -2 -2 -3 -3  3  1 -2  1 -1 -2 -2  0 -3 -1  4 1 0 0 20
-2  0  6  1 -3  0  0  0  1 -3 -3  0 -2 -3 -2  1  0 -4 -2 -3 1 0 0 65
-2  0  6  1 -3  0  0  0  1 -3 -3  0 -2 -3 -2  1  0 -4 -2 -3 0 1 1 80
 0 -2  0 -1 -3 -2 -2  6 -2 -4 -4 -2 -3 -3 -2  0 -2 -3 -3 -3 0 1 1 20
-1  6  0 -2 -3  1  0 -2  0 -3 -2  2 -1 -3 -2 -1 -1 -3 -2 -3 1 0 0 40
-1 -2 -2 -2 -3 -1 -1 -2 -2 -3 -3 -1 -3 -4  8 -1 -1 -4 -3 -2 1 0 0 15
-1  0  0  2 -4  2  5 -2  0 -3 -3  1 -2 -3 -1  0 -1 -3 -2 -2 1 0 0 30
-1 -2 -3 -4 -1 -2 -3 -4 -3  2  4 -2  2  0 -3 -2 -1 -2 -1  1 1 0 0 10
 4 -1 -2 -2  0 -1 -1  0 -2 -1 -1 -1 -1 -2 -1  1  0 -3 -2  0 1 0 0 30
-2 -3 -3 -4 -2 -3 -3 -3 -1  0  0 -3  0  6 -4 -2 -2  1  3 -1 1 0 0 15
-2 -2  1  6 -4  0  2 -1 -1 -3 -4 -1 -3 -4 -2  0 -1 -4 -3 -3 1 1 1 20
-2 -3 -3 -4 -2 -3 -3 -3 -1  0  0 -3  0  6 -4 -2 -2  1  3 -1 0 1 1 25
-1  2  0 -1 -3  1  1 -2 -1 -3 -2  5 -1 -3 -1  0 -1 -3 -2 -2 0 1 1 80
 4 -1 -2 -2  0 -1 -1  0 -2 -1 -1 -1 -1 -2 -1  1  0 -3 -2  0 1 1 0 45
-1 -1 -2 -3 -1  0 -2 -3 -2  1  2 -1  5  0 -3 -2 -1 -1 -1  1 1 1 1 20
-1  2  0 -1 -3  1  1 -2 -1 -3 -2  5 -1 -3 -1  0 -1 -3 -2 -2 1 0 0 70
-1  6  0 -2 -3  1  0 -2  0 -3 -2  2 -1 -3 -2 -1 -1 -3 -2 -3 1 0 0 65
 4 -1 -2 -2  0 -1 -1  0 -2 -1 -1 -1 -1 -2 -1  1  0 -3 -2  0 1 1 1 65
