-3 -5 -6 -6 -3 -4 -5 -6 -5  2  5 -5  2  0 -5 -4 -3 -4 -3  3 1 1 1 70
 0  1 -2  2 -4  2  1 -3 -2 -2 -4  3 -1 -4  4  0 -2 -5 -4 -2 1 1 1 70
 1 -2  5 -2 -4 -1 -1 -3 -1 -3 -4 -3 -4 -5  5 -1  1 -5 -4 -1 1 1 0 60
-6 -6 -6 -7 -6 -6 -6 -6 -4 -4 -3 -6  1  8 -7 -6 -5  8  4 -3 1 1 1 60
-1  0 -1  1 -4  2  2 -3 -1  1 -2  2 -2 -4 -1 -1  1 -4 -3  1 1 1 1 50
-3 -3 -4 -2 -7  0  7 -6 -4 -6 -3 -1 -5 -7  0 -4 -3 -6 -5 -6 1 0 0 45
-3 -4 -4 -3  0 -4 -3 -5 -5  3  1 -2  0 -1 -4 -1 -2 -4 -1  5 1 0 0 10
-1 -1  2  0 -5 -1  1 -4 -3 -5 -4  0 -4 -5  6  1  0 -6 -5 -4 1 0 0 25
 0  1  0 -2 -1 -3 -2 -3 -1 -1  1 -3 -2  1  0 -1  0  7  0  1 0 0 1 30
 0  0  0  2 -3  1  3 -2  0 -2 -2  1 -2 -4 -2  2  1 -4 -3 -1 0 0 1 80
 0  1  0  2 -4  2  4 -1  1 -2 -3  0 -1 -4 -2  1 -1 -4 -2 -2 0 0 1 65
 1 -1  0 -2 -2  0 -1 -1  2  0  0  0 -1  0  0  0  0 -2  2  0 0 0 1 15
-1  0  2  0 -3  1  1  0  2 -3 -2  1 -2  0  2  0  0 -3  1 -2 1 1 1 95
 0  1 -1  1 -1  1  0  2 -1 -2 -3  2 -2 -4  2  0  1 -4 -3 -2 1 1 0 35
 0 -2  1  0 -3  1  2  0  0 -1 -3  0 -1 -3 -1  3  0 -4 -1 -3 1 1 1 60
-1  3 -1 -1 -3  0  1 -1 -2  0 -1  0  0 -3 -2  1  2 -1 -1 -1 1 1 1 65
 0 -2  1 -1 -1 -1 -1 -2  2  0 -1 -1 -1  2 -1  0  1  1  3  0 1 0 0 45
-4 -8 -7 -8 12 -7 -8 -7 -7 -5 -5 -7 -6 -7 -7 -5 -5 -7 -7 -5 1 0 0 0
-1 -2 -2 -4 -4  2 -2 -5 -1 -2 -3 -3 -3  6 -5 -1 -2  1  5 -1 0 1 1 30
 3 -4 -3 -4 -4 -4 -4  6 -4 -5 -5 -4 -4 -2 -4  2 -3 -5 -5 -4 0 1 1 25
-4 -8 -7 -8 12 -7 -8 -7 -7 -5 -5 -7 -6 -7 -7 -5 -5 -7 -7 -5 0 1 1 50
-1 -1  2 -1  2  5 -1  0  0 -2  1 -2 -1 -2 -4 -1 -2 -4 -2 -3 0 1 1 85
 0  1 -1 -2 -3  2  0  2 -2 -1  0  3 -1 -3 -3  1  1 -4 -3 -1 1 0 0 20
-1  0  0  0 -3  1  1  0 -1 -1 -2  0 -2 -4  4  1  0 -4 -3  0 1 0 0 50
-3 -4 -5 -5 -1 -2 -2 -4 -4  3  3 -4  1  4 -3 -2 -1 -3 -1  0 1 1 1 0
 0  0 -1  0 -3 -1  1 -2 -2 -2 -1  3 -2 -2  3  2  1 -4 -1 -3 0 1 1 55
-1 -3 -1  4 -2  0  2  0 -3 -3 -3 -1 -1 -4  1  0  2 -5 -4  0 0 1 1 75
 0  2  0  0 -3  1  1 -1 -2 -2 -3  3 -3 -4  0  3  0 -4 -3 -3 1 1 0 50
-1 -2  1 -2 -3  0 -2  1  2 -1 -2  0 -1 -3  1  3  1 -3  0 -1 1 0 0 25
 0  4 -3 -3  1 -1 -2  0 -2  0 -1 -1 -1  1 -2 -1 -2 -3 -2  2 1 0 0 0
-2 -4 -4 -5 -2 -4 -4 -5 -2 -2 -1 -4 -3  4 -5  0 -3 -1  8  0 1 0 0 15
 0  2 -2 -1 -2  2  2 -2 -1 -1 -2  1  0 -2 -3  0  0 -4 -3  1 1 1 1 0
-4 -7 -7 -7 12 -7 -8 -6 -7 -5 -5 -7 -5 -6 -7 -5 -5 -6 -6 -5 1 1 1 0
-1 -2 -1  1 -4  1  2  0 -3 -4 -4  0 -2 -5  6 -1  1 -5 -4 -4 0 1 1 35
 0  2  1  1 -3  1  0 -2  0 -1 -3  3 -2 -2 -3  1  0 -4 -2  0 0 1 1 70
-4 -7 -7 -7 12 -7 -8 -6 -7 -5 -5 -7 -5 -1 -7 -5 -5 -6 -6 -5 0 1 1 5
-1  1  1 -1 -2  2  0  1  3 -3 -1  3 -1 -4 -3  0 -1 -4 -3 -3 0 1 1 40
-1 -1  4 -2 -1  4  0 -1  3 -2 -3  2 -2 -1 -3  1 -1 -4 -3 -3 1 1 1 25
-1 -1 -1  1 -3 -1 -2 -3  5  2 -1 -2  0  0 -2  0 -1 -3  1  2 1 1 1 0
-5 -6 -6 -7 -5 -6 -6 -6 -4 -3 -1 -6 -3  9 -7 -5 -5 -2  3 -1 1 0 1 5
-4 -7 -7 -7 12 -7 -8 -6 -7 -5 -5 -7 -5 -6 -7 -5 -5 -6 -6 -5 1 1 1 0
-2 -3 -3 -2 -1 -1 -2 -1  1  4  2 -3  1  1 -3 -2 -2 -3  0  1 0 0 1 30
-2 -4  0  7 -6 -1  3 -3 -1 -5 -6 -3 -5 -5 -4 -1 -1 -6 -2 -3 0 0 1 45
-4 -7 -7 -7 12 -7 -8 -6 -7 -5 -5 -7 -5 -6 -7 -5 -5 -6 -6 -5 0 0 1 0
-5 -5  0  8 -7 -3  0 -5 -1 -6 -7 -4 -6 -7 -5 -3 -4 -7 -6 -6 0 0 1 65
 1 -3 -3 -4  0 -2 -2 -2 -4  3  2 -2  2 -2 -4 -2 -1 -4 -3  3 0 0 1 60
-3 -5 -6 -6 -5 -5 -6 -6 -1 -2  0 -5 -3  8 -6 -5 -5 -2  5 -2 0 1 1 40
 1 -4 -3 -5  0 -4 -4 -4 -5  6  0 -4 -1 -2 -4 -2 -2 -4 -3  3 0 1 1 0
-5 -2 -3 -1 -7 -1 -4 -6 11 -7 -7 -4 -5 -5 -6 -4 -5 -6 -2 -7 0 1 1 70
-2 -2  0  4 -6  1  6 -4 -3 -6 -5 -1 -1 -6 -4 -1 -3 -6 -5 -5 0 1 1 95
-1 -2 -1  0 -3  2 -1 -3  1  0 -3  0 -2 -4 -3  3  3 -4 -3  1 0 1 1 70
-4 -4 -5 -6 -4 -4 -5 -6 -5  2  5 -3  1  0 -5 -3 -3 -4 -3  1 1 1 0 45
-5  0 -1 -4 -6 -1 -3 -2 10 -6 -4 -2 -5 -2 -5 -4 -5 -5  0 -6 1 1 1 40
-1 -2  5 -2  4  1 -1 -3  1 -2 -2 -2 -3 -4 -3  1  1 -5 -3  0 1 1 0 80
-4 -7 -6 -7 11 -6 -7 -6 -7 -5 -5 -7 -5 -6 -6 -4 -4 -6 -6 -4 1 1 0 15
-2 -5 -5 -5 -5 -4 -4 -5 -5 -3 -3 -4 -5 -3  8 -4 -4 -6 -3 -1 1 1 0 5
-1 -4 -3 -4  1 -4 -4  7 -1 -3 -5 -1 -5  0 -5 -2 -4 -5 -4 -5 0 1 1 20
-4 -7 -6 -7 11 -6 -7 -6 -7 -5 -5 -7 -5 -6 -6 -4 -4 -6 -6 -4 0 1 1 35
-2 -3 -4 -4 -2 -3 -4 -5 -4  4  4 -3  2 -1 -4 -3 -2 -3 -2  2 1 1 1 95
