-1 -2 -1 -2 -2 -2 -2 -2 -3 -1 -2 -2 -2 -3 -2  3  5 -4 -3  1 1 1 1 80
-1 -1 -1  4 -5  3  5 -3  0 -5 -4  1 -3 -5 -3 -1 -2 -5 -4 -4 0 0 1 85
-1  0  0 -2 -3  5  2 -3  1 -1  0  0  0 -3 -3 -1  0 -3 -1  0 0 0 1 75
-3 -4 -5 -5 -3 -4 -5 -6 -5  3  5 -4  3 -1 -5 -4 -3 -4 -3  0 0 0 1 70
 1  3  1  0 -3  1  0 -2  1 -2 -2  4 -2 -4 -2  0  0 -4 -3 -2 0 0 1 75
-1 -1  0  2 -5  2  5 -2 -2 -3 -3  2 -3 -5 -3 -1 -2 -5 -4 -4 0 0 1 65
 6 -4 -3 -4 -3 -3 -3  0 -4 -2 -4 -3 -3 -4 -3  1 -1 -5 -4 -2 0 0 1 40
-3  4 -2 -3 -5 -1 -2 -4  0 -5 -5  7 -4 -5 -4 -3 -3 -5 -4 -5 0 0 1 65
 1  0 -1  0 -3  2  2 -2  0  0 -1  1  0 -3 -2  0  1 -3 -2  0 0 0 1 45
-2  0  0  0 -5  6  3 -3 -2 -5 -4  3 -3 -5 -3 -1 -1 -4 -4 -4 0 0 1 50
 6 -4 -3 -4 -3 -3 -3 -2 -4 -3 -3 -3 -3 -4 -3  1 -2 -5 -4  0 0 0 1 40
 4 -1  2 -2 -3  3  0 -1 -2 -3 -3 -1 -3 -4 -3  2  1 -4 -3 -2 0 0 1 45
 0 -1 -1  2 -4  2  5 -2  0 -3 -4  0 -3 -4 -3 -1 -1 -4 -3 -1 0 0 1 50
-3 -5 -5 -5 -3 -5 -5 -6 -5  7  2 -5  1 -1 -5 -5 -3 -5 -3  1 0 0 1 70
-3  1 -5 -5 -3 -4 -4 -5 -5  6  0 -3  0 -2 -5 -4 -2 -5 -3  3 0 0 1 65
 1 -2  0  3 -4  0  5 -2 -1 -3 -3  1 -2 -4 -3  0 -2 -5 -4 -3 0 0 1 60
-1  0  1 -1 -4  6  2 -3  0 -4 -2  0 -1 -4 -3  0 -2 -4 -1 -4 0 0 1 50
 6 -4 -4 -4 -3 -3 -3  1 -4 -4 -4 -3 -3 -5 -3 -1 -2 -5 -4 -3 0 0 1 30
-3  2  6 -1 -5  2  2 -2  2 -5 -4  1 -3 -4 -3 -1 -1 -4  0 -4 0 0 1 65
 0  2 -1 -2 -5  1  1 -3 -3 -5 -4  6 -3 -5 -3 -1 -2 -5 -4 -4 0 0 1 50
-3  7 -1 -3  2  3  0 -4  0 -5 -4  0 -3 -5 -4 -2 -2 -5 -4 -5 0 0 1 65
 4  2 -2 -3 -3  0 -1  2 -2 -4 -4  2 -3 -4 -3 -1 -2 -4 -2 -3 0 0 1 65
 2 -2  4 -1 -3  1 -1 -1 -1 -2 -2  0  0 -4 -3  2  1 -4 -3 -1 0 0 1 55
-1 -1 -1 -1 -5  7  3 -4 -1 -5 -2  0 -3 -5 -3 -2 -3 -4 -4 -4 0 0 1 45
-3 -5 -5 -5 -3 -4 -5 -6 -5  7  2 -5  4 -2 -5 -4 -3 -4 -3  1 0 0 1 55
-2 -3 -4 -4 -3 -4 -2 -5 -4  5  2 -3  0 -2 -4 -2 -2 -4 -3  4 0 0 1 60
 1 -2  0  4 -5 -1  5 -3  1 -3 -4 -1 -4 -5 -3 -1 -1 -5 -4 -3 0 0 1 65
 0 -2 -1  3 -5  1  6 -3 -2 -5 -4 -1 -4 -5 -3 -1 -1 -5 -4 -4 0 0 1 45
 6 -3 -3 -3 -2 -2 -1 -2 -3 -3 -2 -3  2 -4 -3  1 -2 -4 -4  0 0 0 1 45
-2  3 -2 -3 -5  1 -1 -4 -1 -4 -4  6 -3 -5 -3 -2  0 -5 -4 -2 0 0 1 65
 2 -1  1  1 -3  2  3 -1  0 -2 -2  0 -2 -3 -2  0  1 -4 -3  0 0 0 1 35
 0  0  1  1 -4  4  4 -3 -1 -4 -3  1 -3 -4 -3 -1  0 -4 -3 -2 0 0 1 50
 6 -4 -4 -4 -3 -3 -3  0 -4 -2 -4 -3 -3 -4 -3 -1 -2 -5 -4 -2 0 0 1 45
-1  3  0  0 -3  2  3 -3  2  0 -1  1 -1 -3 -3  0  0 -3 -1 -1 0 0 1 55
 2 -1 -1 -1 -3  3  2 -2  0  0 -1  1 -1 -3 -2  0  1 -4 -2  0 0 0 1 65
-3 -2 -3  0 -6  0  7 -4 -2 -5 -3 -2 -4 -5 -3 -1 -2 -5 -4 -4 0 0 1 60
 2  3 -1 -2 -3 -1 -2  3 -2 -3 -3  1 -3 -2 -3  1 -1 -4 -3 -3 0 0 1 75
 2 -1  2  3 -4  1  4 -1 -2 -4 -4  1 -3 -4 -2  0 -1 -4 -3 -3 0 0 1 55
-2  6 -1 -3 -5  0 -2 -4  0 -3 -4  4 -3 -5 -4 -2 -2 -5 -4 -4 0 0 1 65
-3 -3 -5 -5 -3  0 -3 -5 -5  6  2 -4  0 -2 -5 -4 -3 -4 -3  2 0 0 1 50
-2  0 -3 -4 -3 -2 -3 -4 -3  3  2  1  1 -2 -3 -2  0 -4 -2  3 0 0 1 50
 4 -2 -1 -1  0  1  2 -2 -1 -3 -2 -1 -1 -4 -2  0  0 -4 -3 -1 0 0 1 45
 2 -1  0 -1 -3  5  0  0 -2 -2 -1 -1 -2 -4 -3  1 -2 -4 -3 -2 0 0 1 50
 5 -3 -3 -3 -3 -3 -3  4 -4 -4 -4 -2 -3 -4 -3 -1 -1 -5 -4 -3 0 0 1 45
-2  2  0 -1 -5  5  2 -3  4 -4 -3  3 -1 -4 -3 -2 -1 -4  0 -4 0 0 1 50
 4 -1 -1 -2 -2 -2  0 -2 -3 -1 -3  1 -2 -4 -2  1  0 -4 -3 -1 0 0 1 50
-2 -2 -1  2 -5  4  6 -4 -2 -5 -5 -1 -4 -5 -3 -2 -2 -5 -4 -4 0 0 1 65
-2 -5 -5 -5 -3 -4 -5 -5 -5  6  2 -4  0 -2 -5 -4 -2 -4 -3  3 0 0 1 55
-1 -2 -2  4 -5  1  6 -3 -2 -3 -4 -1  0 -5 -3 -2 -3 -5 -4 -3 0 0 1 60
 3  0 -1 -3 -3  5 -1 -2  0 -3 -3 -1 -2 -4 -3  0  0 -4 -1 -1 0 0 1 25
-2 -2 -1  1 -5  3  6 -4 -2 -5 -5  0 -2 -5 -3 -1 -3 -5 -4 -4 0 0 1 70
 0  5 -2 -3 -2 -1 -2 -4  0  1 -1  1  0 -2 -3 -2  0  1 -2  1 0 0 1 60
-1  0  5 -1 -4  2  1 -2  0 -2 -2  2  0 -1 -3  0 -1 -4 -3 -2 0 0 1 50
-1  6 -1 -3 -5  3 -1 -3  0 -3 -3  1 -3 -5 -4 -1 -2 -5 -3 -4 0 0 1 65
 5 -3 -4 -4 -2 -3 -3 -2 -4  0 -1 -3 -2 -3 -3 -1 -1 -4 -3  3 0 0 1 45
-2  5 -1 -3 -4  2 -1 -4 -2 -2 -2  3 -2 -3 -3 -2 -1 -4  0  0 0 0 1 45
-1 -1  0  3 -5  2  6 -2 -2 -4 -4 -1 -4 -5 -3  0 -1 -5 -4 -3 0 0 1 40
 0 -2 -1  2 -4  2  5 -1 -1 -4 -4  0 -2 -5 -3 -1 -2 -5 -4 -2 0 0 1 65
-4 -4 -6 -6 -4 -4 -5 -6 -5 -1  6 -5  0 -2 -5 -5 -3 -4 -3 -1 0 0 1 90
-4  8 -3 -4 -6  0 -2 -5 -3 -5 -3  1 -4 -5 -4 -3 -3 -5 -2 -5 0 1 1 65
-2  2 -2 -2 -5  3 -1 -3 -2 -4 -4  6 -3 -5 -3 -2 -2 -4 -3 -4 1 1 1 95
