-3 -5 -5 -4 -6 -4 -4 -5 -5 -6 -6 -4 -5 -6  9 -3 -4 -7 -6 -5 1 1 1 35
-2 -1 -3 -4  5  3 -2 -4 -1 -4 -3  0 -1 -1 -4  0  4  5  4 -3 1 1 1 40
 4 -5 -5 -6  6 -5 -5 -4 -5 -2 -4 -5 -3 -4 -5 -3 -3  0  2  4 1 0 0 -5
-3  5 -3 -4 -2 -1 -1 -5 -4  3 -2  2 -1 -4 -4 -2  2 -5 -4  2 1 0 0 15
 7 -5 -5 -6 -2 -5 -5 -2 -6 -4 -5 -5 -5 -6 -5 -2 -3 -7 -6 -2 1 0 0 0
-4 -4 -5 -6 -5 -2 -1 -7 -6  1  6 -5  4 -3 -6 -5 -4 -5 -4 -1 1 0 0 40
-7 -6 -7 -8 -7 -6 -7 -8  0 -6 -6 -7 -6  2 -8 -6 -6  1 10 -6 1 1 0 50
-3 -2 -2  8 -7 -3 -2 -4 -5 -7 -7 -3 -7 -7 -2 -1 -3 -8 -7 -7 1 1 1 45
-6 -6 -5 -8 -7 -6 -7 -8 -3 -5 -3 -7 -5  6 -8 -6 -6 -2  9 -5 1 0 1 5
-1 -2  1  3 -2  3  4 -3 -1 -3 -4 -1 -2 -5 -3 -1  2 -5 -3 -1 1 1 1 70
 6 -5 -5 -5 -4 -3 -4  1 -5 -5 -5 -1 -5 -6  2 -2 -4 -6 -6 -4 1 1 1 25
 3 -1  0  0 -3  4  3 -1 -2 -4 -3 -1 -2 -5 -3  0  0 -5 -3 -1 1 1 0 70
-1  0  3  4 -3  1  4 -1 -3 -5 -5 -1 -5 -6 -4 -1 -1 -6 -5 -5 1 1 0 55
 0 -2 -1  5 -4 -1  3 -2 -1 -5 -4 -2 -4 -6  1  1 -1 -6 -4 -4 0 1 1 90
-4 -1  4  6 -6 -3 -1  2 -4 -6 -6 -4 -2 -4 -5 -2  0 -7 -6 -5 0 1 1 60
-4 -4 -4  3 -8 -2  7 -6 -4 -7 -7 -3 -6 -8 -5 -3 -5 -7 -6 -7 1 0 1 10
-4 -6 -7 -7  0 -6 -6 -7 -6  3  6 -6  0 -2 -6 -6 -4 -5 -4  2 1 1 1 0
-1 -4  0 -2 -4 -3 -2  1 -3 -5 -6 -3 -5 -6 -2  5  3 -6 -5 -5 1 1 1 45
-6 -7 -7 -8 -6 -7 -8 -8 -6 -1  0 -7 -2  9 -8 -7 -6 -3 -1 -3 1 0 1 0
-2  2  0  2 -1  2  1 -3  1 -3 -2  4 -1 -3  0  0 -1 -5 -3 -2 1 1 1 45
 2  0 -2  0 -4 -1  5 -4 -2 -4 -5  3 -4 -5  3 -1 -1 -6 -4 -2 0 1 1 50
-3 -6  2  2 -6 -3 -3  7 -5 -7 -7 -4 -6 -7 -6 -3 -5 -7 -7 -7 0 1 1 70
-1 -5 -1  8 -7  0  2 -5 -5 -7 -7 -4 -7 -7 -5 -3 -4 -8 -7 -7 1 1 1 10
-3  1 -4 -5 -2 -2 -2 -5 -1  5  1  0  0 -2 -5 -3  0 -5 -2  3 1 0 0 30
-5 -7 -7 -7 -5 -7 -7 -8 -7  8  0 -7  0 -3 -7 -6 -5 -7 -5  1 1 0 0 -5
 0 -1  1 -2 -2 -1  1 -4 -1  2 -2 -1 -1 -1 -4  0  4 -4  1  1 1 0 0 25
-3 -4  3  1 -4 -2  0 -2  0  3  1 -4 -2 -4 -5 -3 -3 -5 -4  4 1 0 0 45
-2 -4 -5 -5  0 -4 -5 -5 -1  5  3 -5  1 -2 -4 -3  1 -3 -1  3 1 0 0 0
-3 -1  2  3 -6  2  5 -4 -1 -6 -5  1 -3 -5 -4  0 -1 -6 -3 -4 1 0 0 50
-2  1 -2  0 -4  3  0 -4  0 -2 -3  3  1  1  0  0 -1 -4  1 -2 1 1 1 60
-2 -3 -1  1 -3 -2 -1 -3 -2  4 -1 -3  1 -3  1  2  0 -5 -4  2 1 1 1 50
-4 -4  3  7 -7 -4  1 -4 -4 -7 -6 -4 -6 -6 -2 -1 -3 -7 -1 -6 1 1 0 35
 0 -2 -1  4 -4  0  4  1 -3 -5 -5 -1 -5 -6  2 -1 -3 -6 -5 -3 1 1 0 85
-3 -5  3  5 -4 -4  0  5 -3 -7 -7 -4 -6 -6 -5 -2 -3 -6 -6 -6 1 1 0 45
-8 -8 -9 -10 -8 -7 -8 -8 -8 -8 -7 -9 -7 -4 -9 -8 -8 13 -3 -8 1 0 0 20
-6 -7 -8 -9 -7 -7 -8 -7 -7 -6 -3 -7  4  0 -8 -7 -4 12  2 -5 1 0 0 15
-3  3 -1 -1 -3  2  2 -4 -1 -2 -1  2  2  0 -3  0  1 -4  1 -2 1 0 0 30
-2 -7 -5 -6 -2 -6 -6  8 -6 -8 -8 -6 -7 -7 -6 -4 -6 -7 -7 -7 1 0 0 0
-2  4 -2 -1 -3  0  4 -4  0 -3 -3  1  0 -3 -3  0  2 -3 -1 -1 1 0 0 25
-2 -3  2 -4  3 -3 -4 -4  0  1  3 -3  1  0 -4 -3 -2 -2  1  2 1 0 0 0
 0  2 -1  0 -2  2  1  0  2 -2 -1  1  0 -2 -1  0 -1 -2 -1 -1 0 1 1 60
-1  3  0 -1 -2  0  0 -1 -1 -2 -1  1 -1 -2  2  1  0 -2 -1 -1 0 1 1 50
-2 -2  5  2 -3 -1 -1 -2  0 -3 -3 -2 -2 -3 -1  1  3 -3 -2 -2 0 1 1 65
-3 -4 -1 -4 -5 -4 -2  7 -3 -6 -5 -4 -5 -6 -3 -3 -4 -5 -5 -6 0 1 1 35
-2  3 -1 -2 -1  5  1 -1  2 -3 -3  3 -1 -5 -3 -2 -1 -5 -3  0 1 0 0 35
-2  1 -2 -2 -3  1  2 -3 -1 -1 -2  1 -2  1 -3  2  3 -1  0  0 1 0 0 65
-3 -7 -2 -5 -7 -6 -6  8 -6 -8 -8 -6 -7 -7 -6 -4 -6 -7 -7 -7 1 0 0 5
-3 -4 -5 -6 -4 -3 -5 -6 -2  2  4 -3  5  1 -5 -4 -3  2  1  1 1 0 0 20
-5 -7 -7 -8 -6 -7 -7 -7 -6 -1  1 -7 -4  9 -8 -6 -6 -3 -1 -1 1 0 0 -5
-6 -7 -7 -6 -8 -6 -6 -7 -7 -8 -8 -6 -7 -9  9 -6 -6 -9 -8 -7 1 0 0 5
 4 -1 -2 -2 -2 -2 -3  0 -3 -2 -2 -1 -3 -5 -4  4  0 -5 -4 -1 0 0 0 10
-4 -3  9 -3 -7 -3 -4 -5 -4 -7 -4 -4 -6 -7 -6  0 -2 -8 -6 -6 0 0 0 65
-6 -6 -7 -8 -7 -6 -7 -8 -1 -4 -5 -6 -5  3 -8 -6 -6 -2 10 -4 0 0 0 20
-4 -6 -7 -7 -1 -6 -6 -7 -7  1 -2 -6 -3 -3 -6 -5 -3 -7 -5  7 1 0 0 5
-1  0 -2 -1 -1  4  5 -4 -1 -5 -5  2 -4 -6 -4 -1  1 -5 -5 -3 1 0 0 35
-3 -4 -5 -6 -3 -4 -5 -6 -5  2  4 -4  3 -2 -2 -4 -3 -4 -2  3 1 0 0 40
-1 -3  2 -2 -1 -2 -2 -2 -4  4  0 -2 -1 -2 -4 -1 -2 -4 -3  3 1 1 1 30
-2 -2  5  5 -4 -1 -1 -2  2 -5 -5 -2 -4 -5 -3  2 -1 -5 -3 -4 1 1 1 90
