-1 -2  2 -1 -2 -1 -1 -2 -2 -2 -3 -1 -2 -3 -2  3  5 -4 -3 -2 1 1 1 95
 3 -2  1 -2 -2 -2 -2  3 -2 -3 -2 -2 -3 -4 -2  3  0 -4 -3 -2 1 1 1 55
 1 -3  0 -2 -3 -1 -2  0 -3 -2 -3 -2 -3 -4  4  4  1 -4 -3 -1 1 1 1 50
 0 -2 -2 -1 -2  2 -1 -2 -2  1  2 -1  0  0 -3 -1  0 -2  2  1 1 1 1 25
-1 -1 -3 -2 -4 -1 -3 -2 -1 -5 -5  0 -2 -5  7  2 -1 -5 -4 -4 0 1 1 45
 0 -1 -1  2 -4 -1  2  3  0 -4 -4 -2 -3 -4  4  0  0 -4 -4 -4 0 1 1 60
 2  0 -1 -2 -2 -1 -2  0 -1  0  0 -1  0 -2 -2  1  1 -3  0  0 1 1 1 30
-2 -1  0 -2 -4  3  2 -2 -1 -4 -4 -1  1 -4  5  0  0 -4  0 -3 1 1 1 65
-1  2 -1 -1  0  1  1  1  2  0  0  0 -2 -3  1 -1 -1 -3 -2 -1 1 1 1 50
-1 -2 -2  0  0  0  0 -1 -1  0  2 -2  0  2  2 -1 -1 -2  1  0 1 1 1 35
-1 -3  0  4 -4  1  3 -3 -1 -3 -3 -2 -3 -4  3  1 -1 -5 -1 -2 1 1 1 55
 0  1  1  4 -4 -1  3 -2 -1 -1 -2  0  0 -4  0  1 -1 -4 -3 -2 1 1 1 65
 0 -1  1 -2 -2  0 -1 -1 -1 -2  0  1  1 -2  4  2  0 -4 -1 -1 1 1 1 15
-1  1  2 -2  2  1  1 -1  5 -1 -4  0 -2 -4  3  1 -2 -4 -2 -3 1 1 0 80
-3 -3 -3 -5 -1 -4 -2 -3 -4  1  5 -3  2  1 -5 -2 -2 -4 -3 -1 1 1 1 0
-2 -2  3  1 -2 -2 -1 -2 -2 -2  1  0 -2 -3 -1  2  3 -4 -3 -2 1 1 1 50
 0  0 -2 -1  0  0  0 -2 -3  1 -1  2 -1 -3 -3  0  1 -4 -2  2 1 1 0 10
-2  1  4  1 -2  0  0 -2  3 -2 -2  1  1 -3 -1  1  0 -3  1 -3 1 1 0 85
-1 -1 -1  0  0 -2 -2 -3 -1  2 -1 -1  1 -2 -3  3  2 -3 -1  0 1 1 0 25
-3 -1  2  5 -4  0  2 -3 -1 -4 -4  1 -4 -5  0  0 -1 -5 -4 -4 1 1 1 75
-4 -4 -5 -6 -4 -4 -5 -6 -5  2  4 -1  8 -2  0 -5 -3 -1 -4 -1 0 0 1 15
 2 -1 -1  0 -3  0  3 -1 -1 -1 -2  1  0 -3  0  1 -1 -2 -2 -1 0 0 1 20
 2  1 -1  1 -2  0  1  0 -2 -2 -2  2 -2 -2 -2  1  2  1 -1 -2 0 0 1 30
-2 -5 -5 -6 -3 -3 -5 -6 -5  5  3 -5  1 -1 -5 -4 -3 -4 -3  3 0 0 1 0
 3 -4 -4 -4 -2 -4 -4 -4 -3  2  0 -3 -1 -2 -3 -2 -2  0 -2  5 0 0 1 0
-1  3 -1  0 -4  2  3 -3  1 -2 -3  3 -2 -4 -3  0 -1 -4 -1 -1 0 0 1 55
 2  0 -1  0 -3  0  2 -1 -1  0 -1  1  0 -2 -2  0  0 -4 -2  0 0 0 1 10
-4 -4 -6 -7 -5 -3 -6 -6 -5  2  2 -5  9 -3 -6 -4 -4 -5 -2 -1 0 0 1 0
 1  2 -2 -3  1  5 -1 -3 -1 -1  0  1  1 -4 -3 -1 -2 -4 -2 -2 0 0 1 20
 0  1  0  3 -2  3  1 -1  3 -3 -1  0  0 -2 -3  1 -1 -4 -2 -2 1 1 0 50
-1  0 -2 -2 -4  0  1  2 -1 -4 -4  0 -2 -5  6  1 -1 -5 -4 -2 0 1 1 55
-2  0  2  4 -4  1  3  0  0 -4 -4  0 -3 -4 -1  0 -1 -4 -3 -3 0 1 1 90
-1 -1  2  0 -3  1 -1  0  0 -2 -3  1  0 -3  0  3  1 -3 -2 -3 1 1 0 0
-2 -3 -2 -3 -3 -3 -3  7 -4 -5 -5 -3 -4 -5 -1 -1 -4 -5 -5 -2 1 1 0 55
-3 -4 -3 -4 -2 -4 -5 -6 -1  3  4 -2  2 -1 -2 -3 -3 -4 -3  3 1 1 0 0
-2  1  0  0  0  2  3 -3 -2 -2 -2  1 -1 -4  3  0  0 -4 -3 -1 1 1 1 40
-4 -3 -6 -6 -4 -5 -6 -6 -6  6  2 -5  3  1 -3 -4 -2 -5 -4  3 1 1 0 0
-3  5 -2 -2  0  2 -2 -4 -2 -3 -1  4  0 -4 -4 -2 -2 -5 -4 -1 1 1 0 55
-4 -4  3  7 -5 -2  0 -2 -2 -5 -5 -3 -5 -6 -3  1  1 -6 -5 -4 1 1 1 65
-4  7 -1 -4 -6  2 -1 -5  1 -3 -4 -1 -2 -5 -5 -4 -3 -5 -3 -1 1 0 0 40
-3  5 -2 -2 -5  1 -2 -4 -2 -2 -2  3  4 -1 -1 -2  1  0  0 -2 1 0 0 55
-2 -1 -5 -5  1 -3 -4 -5  1 -4  0 -2 -2  0 -5 -1 -2 10  4 -2 1 0 0 60
-3  1 -3 -2 -4 -1 -2 -1  6 -2  3  0  2  2 -4 -3 -3 -4 -1 -3 0 1 1 65
-2  1 -2 -4 -4  0 -3 -2 -1  0  3  3  3  1 -4 -2 -2  3  0 -1 0 1 1 95
-2  3 -1 -3 -4 -1 -2 -1  0  2 -2  3  0  0 -3  0  2 -4 -2 -1 1 0 0 55
-1  0 -2 -1 -3  0 -2 -3 -2 -1  1  1 -2 -2 -1  1  4 -4 -1  0 1 0 0 70
-4 -3 -4 -3 -4 -4 -4 -5  5  4 -1 -4 -1  2 -5 -2 -3 -3  6  2 1 0 0 25
 0  2 -1 -4 -5 -2 -2 -3 -1 -5 -4  1 -4 -5  7  0 -2 -5  0 -3 1 1 0 60
-2 -1  5  1 -2  1 -1 -2  3 -4 -4  1  1 -4 -2  2 -2 -5 -1 -4 1 1 0 50
 3 -5 -4 -5  9 -4 -5 -4 -5 -2 -4 -4 -4 -5 -4  1  0 -5 -5  1 1 1 1 0
-4 -6 -6 -6  2 -6 -6 -6 -5 -2 -2 -6  0  8 -6 -4 -5 -3 -1  0 1 1 1 5
-1 -2 -2 -4 -1 -3 -3 -4 -3  4  1 -3  1 -1 -1  0  1 -2 -2  3 0 0 1 0
 0 -5 -4 -4 -5 -5 -5  7 -5 -6 -6 -5 -5 -6 -5 -1 -4 -5 -6 -6 0 0 1 -5
 1  0  0 -2  1  0 -2 -2 -1 -2 -2  1 -2  0 -3  4  1 -3  1 -2 0 0 1 30
-3 -4 -2  6 -2 -1  5 -5 -4 -3 -6 -2 -5 -6 -4 -3 -4 -6 -5 -5 0 0 1 10
 1 -4 -5 -5 -1 -4 -4 -4 -4  1  4 -4  4  2 -4 -3 -3 -4 -3  3 0 0 1 0
-3 -3 -5 -6 -4 -5 -5 -6 -6  3 -2 -5  0 -4 -5 -4  0 -5 -4  7 0 0 1 0
-2 -2  2  5 -5  0  3 -3  0 -4 -5 -2 -3 -5 -3  1  0 -1 -4 -3 0 0 1 55
-7 -7 -8 -9 -7 -7 -8 -3 -7 -4 -2 -8 -6 -1 -8 -7 -7 13 -1 -3 0 0 1 0
-5 -5 -6 -7 -1 -3 -6 -7 -6  1  6 -5  3  1 -6 -5 -4 -4 -1 -1 0 0 1 0
-1 -4 -4 -5  2 -2 -4 -5 -1  3  2 -3  5  0 -4 -2 -2 -3  2  2 0 0 1 70
-1  1  1  2 -2  3  3 -2  2 -3 -3  1 -2 -4  0  0  0 -4 -3 -3 0 0 1 70
-2  2  5 -2 -1  1 -1 -3  6 -4 -3  1 -3 -2 -3 -1 -1 -4 -1 -4 0 0 1 30
-2  0 -2 -3  0 -2 -2 -2 -1  1  1  0  1  3 -2  0 -1  0  1  2 1 1 1 0
-1  0  1  2 -2  1  3  2 -1 -3 -3 -1 -2 -4 -1  1  0 -4 -2 -3 1 1 1 55
 0 -2 -1  3  2  0  1  2  1  0 -1 -2 -2 -1 -1 -1 -2 -3 -1 -2 1 1 1 50
 0 -2 -3 -1  2 -2 -2 -3 -3  3  1 -2  1  2 -2 -1 -1 -2  0  2 1 1 1 10
 0  0  0  1  0  1  1 -2  2  0 -1  0  0 -2  0  1  0 -1 -1 -1 1 1 0 75
-2 -1  2  4 -4 -2  1 -1 -1 -2 -4  0 -1 -4 -3  2  2 -4 -4 -2 1 1 0 75
-2  6 -2 -2 -5  1  0 -4  0 -2 -2  1 -3 -4  0 -2 -2 -4 -4 -2 0 0 1 55
 0  2  1  2 -3  1  3 -1  0 -3 -2  2 -1 -3 -1  0  0 -3 -3 -1 0 0 1 70
-2 -1 -1  2 -5  2  5 -3  1 -4 -3  0  0 -4 -3  0 -1 -4 -4 -4 0 0 1 30
 6 -4 -4 -4  1 -3 -4  2 -4 -4 -4 -3 -4 -5 -4  0 -3  2 -4 -1 0 0 1 0
 0  1 -1 -2  2  1  0  0 -2  0  0  0  1 -2 -2  0  0 -3 -2  0 0 0 1 45
 0  1  1  0 -1  1  2 -1  4 -2 -2  3 -1 -3 -2  0 -1 -4 -2 -2 0 0 1 65
-2 -4 -4 -4  0 -3 -4 -4 -3  2  3 -4  2  3 -4 -3 -2  4  4  0 0 0 1 5
 3 -4 -3 -4  1 -3 -3  5 -4 -2 -2 -3  3 -4 -3 -1 -3  3 -4 -2 0 0 1 -5
-1  0  2  0  1  5  0 -1  1 -2 -2  0 -2 -4 -3  1  0 -4 -3 -1 0 0 1 20
 0  1  0 -1 -3  1  1 -2  1  0  1  2  0 -1 -2  0 -1 -3 -1  0 0 0 1 50
-3 -4 -5 -5 -3 -4 -4 -5 -4  0  5 -4  5  0 -4 -4 -1 -4 -3 -1 0 0 1 -5
 0 -1 -2 -4  2  0 -2 -4 -3  0  3 -3  5 -1 -3 -2 -1  1 -2  1 0 1 0 -5
-1  0  1  3 -4  2  3 -2 -1 -3 -3  3 -1 -4 -2  0 -1 -4 -1 -3 0 1 0 45
 0  1  2  0 -2  1  1  0  4 -3 -1  1  0 -1 -1  0 -1 -3  1 -1 0 1 0 65
-2 -1  0 -1 -4 -1 -2  6  0 -5 -4  0 -4 -4 -4 -1 -3 -4  0 -3 0 1 0 25
-3 -4 -4 -4  1 -4 -4 -4  0  3  2 -4  0  4 -4 -4 -3  1  5  1 0 1 0 15
-4 -4 -5 -5 -4 -4 -5 -5 -4  6  1 -4  0  5 -5 -4 -3 -3 -1  0 1 0 0 0
-2  3  0 -2  1  1  1 -3  5 -2 -2  1 -2  0 -3 -1 -1 -3 -2  1 1 0 0 45
-3 -4 -1 -2 -6 -1 -4 -5 11 -7 -6 -4 -5 -5  0 -2 -5 -6 -2 -6 1 1 1 5
 1 -4 -4 -5  1 -4 -4 -4 -5  1 -1 -4 -2 -4 -2 -2  3 -5 -2  5 1 1 0 70
-1  0  0 -1  2  0  0 -3  0  0  1 -1 -1  0 -3  0  0  0 -1  3 1 1 0 40
-3  2  5  3 -2  1 -1  2  0 -5 -4  1 -4 -5 -2  0 -3 -5 -3 -5 1 1 0 95
-2  3 -2  1  0  0  3 -4 -2 -4 -3  5 -3 -5 -3  0 -1 -5 -1 -3 1 1 0 80
-3  0  1 -2 -5  0 -2 -4  8  0  0  0 -2  0 -3 -1 -2 -4  1  0 1 1 1 15
-1 -1  1  0 -3  1  0  2  1 -2 -2  0 -2 -4  1  1  3 -4 -2 -1 1 1 1 45
-6 -7 -7 -7 -6 -7 -7 -7 -5 -4  0 -7 -4  9 -4 -6 -6 -3  1 -3 1 1 1 10
-2  2 -2 -2 -3  1  0 -3  0 -1  1  2 -1 -3 -1  3  1 -4 -3 -1 1 1 1 40
-4 -4  0  6 -6 -2  4 -4  0 -6 -6 -2 -5 -2  0 -3 -4 -6 -1 -6 1 1 0 10
-1 -1  2 -1 -5  4  2  4 -1 -5 -5  1 -4 -5 -4 -1 -2 -5 -4 -2 1 1 0 80
-1 -1  2 -3  7  0 -3  0  5 -3 -2 -2 -2  0 -3 -2 -1 -3  3 -2 1 1 0 35
-4 -4 -2 -3 -2  0 -4 -2  0 -3  0 -4  0  3 -5  0 -4 -1  8 -3 1 1 1 55
-5 -6 -6 -7 -6 -5 -6 -7 -2 -1 -4 -6 -4  6 -7 -5 -5 -2  9 -4 1 1 1 0
-2  4 -3 -3 -1 -1  1 -4 -3  2  1  0 -1 -3 -4 -3 -1 -1 -3  3 1 0 0 30
-4 -5 -6 -6 -1 -5 -6 -6 -4 -2  1 -5  2  8 -6 -5 -4 -2  2 -1 1 0 0 35
-1  0  0 -1 -1  0  1  4 -2 -3  0  0 -2 -3 -3 -1 -2 -4 -3 -2 1 1 1 15
-4 -3  0  7 -6 -1  4 -3 -3 -5 -6 -2 -5 -6 -3 -2 -3 -6 -5 -5 1 1 1 95
