-1 -2 -3 -4 -1 -2 -3 -4 -3  2  3 -2  4  0 -3 -2 -1 -2 -1  2 1 1 1 85
-2 -1  3  0 -4  2  3 -2  6 -4 -3 -1 -2 -2 -2 -1 -2 -2  2 -3 1 1 1 55
-2 -1  2 -1 -4  1  2  0  7 -3 -3  0 -2 -2 -3 -1 -2 -3  2 -1 1 1 1 40
-1 -1  1 -1 -4  1  2 -3  7 -4 -4  0 -3  0  0  0 -2 -3  2 -4 1 1 1 25
-1  1  2  0 -4  0  0 -3  8 -2 -3 -1  2 -3 -4 -1 -1 -4 -1 -3 1 1 1 30
-1  0  0  4 -4  2  1 -2  4 -2 -2  1 -3 -2 -1 -1 -1 -4 -1 -2 1 1 1 40
 1 -1  0 -1 -3 -2  0 -3  4 -1 -2  0 -2 -3 -3  2  2 -4  1  0 1 1 1 35
 1 -1 -3 -3 -3 -1 -2 -1 -3  2  2 -2  3 -1 -2 -2 -1 -3 -1  3 1 1 1 95
-2 -2 -1  0 -6  2  6 -5 -1 -4 -5  1 -4 -6 -2  0 -2 -6 -3 -2 1 1 1 70
 0 -1 -1  2 -4  0  2 -2 -3 -1 -2 -1 -2 -4  5 -1 -1 -5 -2 -1 1 1 1 60
 1 -1  0  3 -2  1  2 -1 -1 -2 -3  0 -2 -2 -1  0  1 -4 -3 -1 0 1 1 85
 3  0 -1  1 -3  1  1 -1  0 -2 -2  1 -2 -3  2  0  0 -4 -1  0 0 1 1 80
 0 -1  0  3 -3  1  1 -1 -1 -1 -1  0 -2 -3 -2  0  0 -4  0  0 1 1 0 75
-1 -2 -2 -3 -5 -1 -1 -3  0 -2 -3 -1 -3  2  4 -2 -1 -1  6  0 1 1 0 65
 1  0  0  1 -2  2  2 -1  0 -1 -1  1  0 -2 -2 -1  0 -2 -1  0 1 1 1 75
 0 -1  1  3 -3  0  1  0  0 -2 -2  0 -2 -2  0  2  0 -2 -1 -1 1 1 1 60
-2 -2 -4 -5 -4 -3 -3 -5 -2  0  4 -1  7  0 -4 -3 -2 -1 -3 -1 1 1 0 75
-1 -3  0  0 -4 -2 -2 -2 -3 -2 -3 -2 -1 -5  2  5  3 -5 -4 -1 1 1 1 45
 0  2 -3  0 -5 -1  2 -2 -2 -3 -3  2 -3 -5  5 -2 -2 -5 -4 -3 0 0 1 30
 2  0 -1  0 -4  1  3 -2  0 -4 -4  4 -3 -5 -1  0 -1 -5 -3 -2 0 0 1 40
 0 -2  0  4 -5  4  5 -4 -2 -5 -3 -1 -3 -5 -3 -2 -2 -5 -4 -3 0 0 1 50
-1  1 -5 -5 -2 -2 -4 -5 -3  3  4 -2  1 -1 -5 -4 -2 -4 -2  1 0 0 1 15
 2  0 -1  0 -3  1  3 -2 -1 -2 -2  1 -1 -3  1  0 -1 -2 -2 -2 0 0 1 45
 0  2 -1  0 -5  2  2 -3  0 -5 -4  5 -2 -5 -3 -1 -2 -5 -4 -4 0 0 1 30
-1  1 -2 -1 -3  1  2 -4  1  0  2  1  1 -1 -3 -1  0 -2  0  0 0 0 1 40
-3 -6 -6 -6 -4 -5 -6 -7 -6  7  1 -6  2 -3 -6 -4 -3 -5 -4  1 0 0 1 5
 1  3  0  0 -4  2  1 -2 -1 -2 -3  4 -2 -4 -3  0 -1 -5 -3 -2 0 0 1 65
 0  3  0  1 -4  3  3 -3 -1 -3 -3  3 -2 -4 -3 -1 -1 -4 -2 -3 0 0 1 45
-4 -3 -6 -6 -4 -5 -5 -6 -5  0  6 -2  2 -2 -5 -4 -1 -4 -2  0 0 0 1 10
-3  1 -2  1 -6  0  7 -5 -3 -5 -5 -1 -3 -6 -4 -2  1 -6 -3 -5 0 0 1 25
 1  1 -1  0 -5  1  1 -2 -2 -4 -3  5 -2 -5 -3 -1 -1 -5 -3 -3 0 0 1 45
-1  1 -1  0 -5  5  4 -4 -2 -5 -2  2 -1 -5 -4 -1 -2 -5 -4 -4 0 0 1 35
-5 -6 -6 -7 -6 -5 -6 -7 -6 -1 -2 -6 11 -4 -7 -6 -5 -6 -5 -3 0 0 1 5
-2  3 -1 -3 -4  1  0 -3  3 -2  0  3  2  0 -4 -2 -2  1  3 -2 0 0 1 45
 1  0 -2  0 -5  3  4 -3 -1 -3 -3  3 -2 -5 -3 -1 -1 -5 -3 -3 0 0 1 40
 6 -3 -4 -5  0 -3 -3 -3  5 -4 -1 -3 -2 -1 -4 -1 -3 -5  1 -3 0 0 1 20
 7 -5 -5 -5 -4 -4 -4 -3 -5 -5 -5 -4 -4 -6 -4  0 -3 -6 -5 -2 0 0 1 5
 1  3 -1  0 -5  2  2 -3 -3 -4 -4  5 -3 -5 -3 -1 -2 -5 -4 -3 0 0 1 55
-2 -1  5  4 -3  0  3 -3 -1 -4 -4  0 -1 -5 -4 -1 -2 -6 -4 -5 0 1 1 60
-5 -5 -6 -7 -4 -3 -6 -7 -6 -1  6 -5  2 -1 -6 -6 -4  1 -2 -2 0 1 1 35
-2 -1  2  3 -6  2  6 -4 -2 -6 -5  0 -2 -6 -4 -2 -3 -6 -5 -5 1 1 1 40
-6 -7 -7 -7 -6 -7 -7 -7 -5 -4 -3 -7 -4  9 -8 -6 -6 -3  2 -5 0 1 1 0
-4 -4 -4 -2 -7 -2  8 -6 -4 -3 -3 -3 -1 -7 -5 -4 -4 -6 -6 -6 0 1 1 50
-2  2 -2 -1 -5  3  3 -4 -1 -3 -1  4 -1 -4 -3 -2 -1 -5 -3 -3 0 0 1 35
 7 -5 -5 -5 -4 -4 -4 -3 -5 -5 -5 -4 -4 -6 -4 -2 -3 -6 -5 -4 0 0 1 0
 7 -5 -5 -5 -4 -4 -4 -1 -5 -1 -4 -4 -2 -5 -4 -2 -2 -6 -5 -3 0 0 1 10
 0  3 -1  0 -4  3  2 -3  0 -2 -2  2 -1 -3 -3 -1 -1 -4 -2 -1 0 0 1 60
-2 -4 -5 -5 -1 -4 -5 -5 -2  3  5 -3  1  0 -5 -4 -1 -1  1  1 0 0 1 5
-5  8 -4 -5 -7 -2 -4 -6 -4 -7 -6 -1 -5 -7 -6 -4 -5 -6 -5 -6 0 0 1 15
-5 -5  0  8 -7 -4 -1 -5 -4 -7 -7 -4 -7 -7 -5 -4 -4 -8 -7 -7 0 0 1 45
-2  3 -2  0 -5  4  4 -4 -2 -2 -3  2 -1 -5 -4 -2 -1 -5 -4 -3 0 0 1 40
-3 -4 -6 -6 -4 -5 -5 -6 -5  6  3 -5  3 -2 -5 -5 -3 -5 -3  2 0 0 1 0
 1  2  0 -1 -3  1  0 -1  1  0 -1  2  0  0 -3 -1 -1 -3 -2 -1 0 0 1 55
 1  2 -1  0 -4  2  4 -3  0 -3 -2  2 -2 -3 -3  0 -1 -4 -3 -2 0 0 1 50
-4 -4 -6 -7 -4 -5 -6 -7 -6  1  6 -5  1 -1 -6 -5 -3 -4 -1  0 0 0 1 15
-4  6 -2 -3 -6  2  1 -5 -1 -6 -5  5 -4 -6 -4 -2 -3 -5 -4 -5 0 0 1 50
 1  0 -1  1 -4  3  4 -2 -1 -4 -3  3 -3 -5 -3 -1 -2 -5 -4 -3 0 0 1 65
-1  2 -1 -2 -4  4  2 -3  1 -2  1  2  0 -3 -3 -2 -1 -4 -2 -1 0 0 1 45
 0 -3 -4 -3 -3 -1  0 -2 -3  1  4 -3  1  3 -4 -2 -2 -3  0  0 0 0 1 35
-2  0 -2 -3 -3 -3 -3 -4 -3  3  3 -2  1  3 -4 -3 -2 -3  0  1 0 0 1 75
 2 -3 -2 -2 -4 -3 -2  5 -4 -2 -2  0 -1 -4 -3  1 -1 -4 -4 -2 0 0 1 80
 3 -2  2 -3 -2 -2 -2 -1 -3  0  0 -2  4 -1 -3  1 -1 -4 -3  0 1 1 1 55
 2 -3  1 -2 -3 -2 -2 -2 -3 -4 -4 -2 -3 -4 -3  5  2 -5 -3 -3 1 1 1 45
