-1 -3 -3 -4 -1 -2 -3 -4 -3  3  1 -2  3 -1 -3 -2  0 -3 -1  3 1 1 1 90
 2 -2 -1 -2  5 -1 -1 -1 -2 -1 -2 -1 -1 -3 -1  2  2 -3 -2 -1 1 1 1 70
-2 -1  1  6 -4  0  3 -2 -1 -4 -4  0 -3 -4 -2  0 -1 -4 -3 -3 1 1 1 55
 0 -3 -2 -3  9 -3 -3 -2 -3 -2 -2 -3 -2 -3 -3  1 -1 -3 -3 -1 1 1 1 15
 4 -2 -2 -2  5 -1 -2  0 -2 -2 -2 -1 -1 -3 -1  1  0 -3 -2  0 0 0 1 35
 1 -1  3  0 -1  0  0  0  0 -2 -2  0 -1 -2 -1  3  1 -2 -2 -2 1 1 1 95
-1 -1 -1 -1 -2  0  1 -2 -1 -1 -2 -1 -1 -1 -2  1  4 -1  3 -1 1 1 1 15
 0 -1 -2 -2 -2 -1 -1 -2 -2  2  1  1  3 -1 -2  1  0 -3 -2  2 1 1 1 40
 0 -2 -1 -2 -2 -2 -2  2 -2 -1 -2 -1 -1 -3  5  0  2 -3 -2  1 0 0 1 55
-1  0  3  3 -3  0  0 -1 -1 -1 -2  1 -2 -3  3  0 -1 -3 -2 -1 1 1 1 80
-1  2  0  1 -3  2  4 -2  0 -3 -3  2 -2 -3 -1  0 -1 -3 -2 -2 1 0 0 50
-3 -3 -4 -4 -3 -4 -4 -4 -2  1  0 -4  0  7 -4 -3 -2  0  3  0 1 0 0 0
-1  2  4 -1  6 -1 -1 -2 -1 -2 -2  0 -2 -3 -3  1  0 -3 -2 -1 1 0 0 20
 4 -2 -2 -2 -1 -1 -2 -1 -2  1 -1 -1 -1 -2 -1  1  0 -3 -2  1 1 1 1 -5
-2 -1  4  6 -4  0  1 -1 -1 -4 -4 -1 -3 -4 -2  0 -1 -5 -3 -4 1 1 1 20
-2 -1  0 -2 -4  0  0 -3  9 -4 -3 -1 -2 -2 -3 -1 -2 -3  2 -4 1 1 0 5
-1 -3 -3 -2 -3 -2 -2 -3 -3 -3 -3 -1 -3 -4  8 -1 -1 -4 -4 -3 1 1 1 10
-3 -3 -4 -4 -3 -4 -4 -4 -2  0  0 -4  0  7 -4 -3 -3  1  3 -1 1 0 0 -5
-2 -3 -4 -4 -2 -3 -3 -4 -3  4  3 -3  3  0 -3 -3 -1 -3 -2  2 1 0 0 0
-2 -2 -3 -4 -3 -2 -3 -4  1 -1 -1 -3 -1  5 -4 -2 -2  2  7 -1 1 0 0 0
-1 -3 -4 -4 -1 -3 -3 -4 -3  3  2 -3  1  3 -3 -2 -1 -2  0  3 1 0 0 0
-2 -4 -4 -4 -2 -3 -4 -4 -4  5  1 -3  1  0 -3 -3 -1 -3 -2  3 1 0 0 0
-2  6 -1 -2 -4  1  0 -3 -1 -3 -3  3 -2 -3 -2 -1 -1 -3 -2 -3 1 0 0 10
-2  0  0 -1 -4  2  0 -3  8 -4 -3 -1 -2 -2 -3 -1 -2 -3  1 -4 1 0 0 25
 1  0  2 -1 -2 -1 -1 -2 -1  0  0  1  0 -2 -2  0  1 -3 -2  1 0 1 1 45
 0  0  3  3 -3  0  0 -1 -1 -3 -3  2 -2 -3  2  0  1 -4 -3 -2 0 1 1 75
 0 -2 -1 -2 -2 -2 -2  5 -2 -3 -3 -2 -2 -3 -2  0  2 -3 -3 -2 1 1 0 35
-1  1  5  1 -3  0  0 -1  0 -3 -3  3 -2 -3 -2  1  0 -4 -2 -3 1 1 1 45
-2 -4 -4 -4 -2 -3 -4 -4 -4  5  1 -3  1  0 -3 -3 -1 -3 -2  3 1 0 0 10
-1 -2 -4 -4 -2 -2 -3 -4 -3  2  4 -3  3  0 -3 -3 -1 -2 -1  2 1 0 0 0
-3 -3 -4 -4 -3 -4 -4 -4 -2  0  0 -4  0  7 -4 -3 -3  1  3 -1 1 0 0 -5
-1 -3 -3 -4  4 -2 -3 -4 -2  2  1 -3  3  2 -3 -2 -1 -1  2  2 1 0 0 -5
 0 -3 -1 -2 -3 -2 -3  6 -2 -4 -4 -2 -3 -4 -3 -1 -2 -3 -4 -4 1 0 0 -5
-2  6 -1 -2 -4  1  0 -3 -1 -3 -3  3 -2 -3 -2 -1 -1 -3 -2 -3 1 0 0 0
-3 -3 -3 -4 -3 -3 -3 -4  0 -1  0 -3 -1  6 -4 -3 -2  1  5 -1 1 0 0 0
 0 -3 -2 -3  9 -2 -3 -2 -3 -1 -1 -3 -1 -3 -3  1  0 -3 -3  0 1 1 1 5
 1 -1  0 -1 -1  0  0 -1 -1 -3 -3  0 -2 -3 -1  5  1 -3 -2 -2 1 1 0 20
-1 -3 -3 -2 -3 -2 -2 -3 -3 -3 -3 -1 -3 -4  8 -1 -1 -4 -4 -3 1 1 1 20
 0 -1  0 -1 -1 -1 -1 -2 -2 -1 -1 -1 -1 -2 -1  2  5 -3 -2  0 1 1 1 60
 0 -1  0 -1 -1 -1 -1 -2 -2 -1 -1 -1 -1 -2 -1  2  5 -3 -2  0 1 1 1 85
-2  0  6  1 -3  0  0  0  1 -4 -4  0 -2 -3 -2  1  0 -4 -2 -3 1 1 1 75
