-1 -2 -2 -3 -2 -1 -2 -3 -2  1  2 -2  6  0 -3 -2 -1 -2 -1  1 1 1 1 80
 4 -2 -2 -2  0 -1 -1  0 -2 -1 -2 -1 -1 -2 -1  1  0 -3 -2  0 1 1 1 45
 0  0  0 -1 -2  4  1 -2  0 -2 -2  1 -1 -3 -1  1  3 -2 -2 -1 1 1 1 60
-1  2  0 -1 -3  4  1 -2  0 -3 -3  4 -1 -4 -1  0 -1 -3 -2 -3 1 1 1 10
-1 -2 -1 -2 -3 -1 -2  5  6 -4 -4 -2 -3 -2 -3 -1 -2 -2  2 -4 1 1 0 -5
-1 -3  0 -2  7 -2  0 -3 -2  0 -1 -2 -1 -3  2 -1  0 -3 -2  2 1 0 0 15
-3 -3 -4 -4 -3 -4 -4 -4 -2  0  1 -4  0  7 -4 -3 -3  0  2 -1 1 0 0 0
-1  2  2 -1 -2  4  0 -2 -1 -3 -3  1 -1 -3 -2  2  2 -3 -2 -2 1 0 0 55
-2 -3 -4 -4 -2 -2 -3 -4 -3  2  4 -3  3  0 -3 -3 -2 -2 -2  1 1 1 1 0
-2 -3 -3 -2 -4 -2 -2 -3 -3 -4 -4 -2 -3 -5  8 -2 -2 -5 -4 -3 1 1 1 45
 2 -1 -1 -2 -2  3  0 -2  2 -3 -3 -1 -2 -3  5  0 -1 -3 -2 -2 0 1 1 45
-1  0  5  0 -3  0 -1  1  2 -4 -4 -1 -2 -3 -2  2  0 -4 -2 -3 0 1 1 70
-1 -3 -2 -3 -2 -2 -2 -3 -3  4  0 -2  0 -1 -2  0  4 -3 -2  1 1 1 1 20
 1  4  1  1 -3  1  0 -2 -1 -3 -3  2 -2 -3 -2  0  0 -3 -2 -2 1 0 0 35
-3 -4 -4 -4 -3 -4 -4 -4 -2 -1  1 -4  0  7 -4 -3 -3  0  2 -1 1 0 0 -5
 1  1 -1 -2 -3 -1 -2  5 -2 -4 -4  0 -3 -3 -2  0 -1 -3 -3 -3 1 0 0 -5
 1 -3 -3 -3 -1 -2 -3 -3 -3  2  3 -2  2 -1 -3 -1 -1 -3 -2  3 1 0 0 -5
-1 -2 -1 -2 -1 -2 -2 -3 -3  3 -1 -2  0 -2 -2  1  5 -3 -2  1 1 0 0 -5
 4 -2 -2 -3 -1 -2 -2 -1 -2 -1 -1 -2 -1  2  1  0 -1 -2 -1  1 1 0 0 -5
-2 -3 -3 -4 -2 -3 -3 -4  0  0  2 -3  0  4 -4 -3 -2  1  6 -1 1 0 0 0
 3 -2 -1 -2 -1 -2 -2  0 -2  0 -1 -1 -1  1 -2  1  1 -2 -1  1 1 0 0 0
-2 -1  7  1 -4 -1 -1 -1  2 -4 -4 -1 -3 -4 -3  0 -1 -5 -2 -4 1 0 0 0
 3 -2 -1 -1 -1 -1 -1 -1 -2 -2 -2 -1 -2 -3 -1  3  3 -3 -2 -1 1 0 0 0
 4 -2  0  2 -1 -1 -1 -1 -2 -2 -2 -1 -2 -3 -1  2  0 -3 -2 -1 1 0 0 80
 1 -1  1  1 -2  0  1  1  4 -1 -2  0 -2 -2 -2  0 -1 -3  0  0 1 0 0 25
-1  2  0  1 -3  4  2 -2 -1 -3 -3  1 -1 -3  1  0  2 -3 -2 -2 1 0 0 45
-2  0 -1 -1 -4  7  1 -3  0 -4 -3  1 -1 -4 -2 -1 -1 -3 -2 -3 1 0 0 -5
-1 -2  0  1 -2 -1 -1 -2  4 -2 -2 -1 -2 -3 -2  1  5 -3 -1 -1 1 0 0 25
-1 -3 -4 -4 -1 -3 -3 -4 -4  4  1 -3  1 -1 -3 -3 -1 -3 -2  4 1 0 0 -5
-1  1  3  1 -4  2  3 -2 -1 -3 -3  4 -2 -4 -2  0  0 -4 -2 -3 1 0 0 20
-1 -3 -4 -4 -1 -3 -3 -4 -4  3  2 -3  1 -1 -3 -2 -1 -3 -2  4 1 0 0 -5
-2 -2 -3 -4 -3 -1 -3 -4  0 -1  0 -3 -1  5 -4 -2 -2  1  6 -1 1 0 0 10
-1 -3 -4 -4 -2 -3 -4 -4 -4  5  2 -3  1 -1 -3 -3 -1 -3 -2  3 1 0 0 10
-2 -2  2  6 -4 -1  1  1 -2 -4 -4 -1 -4 -4 -2 -1 -2 -5 -4 -4 0 1 1 45
-2 -2  3  6 -4  1  1 -2 -1 -4 -4 -1 -3 -4 -2 -1 -1 -5 -3 -4 0 1 1 60
-1  0  2  3 -3  1  2 -2 -1 -1  0  0 -1 -2 -2  1 -1 -3 -2 -1 1 0 0 65
-1 -2 -2 -2 -2  1 -1 -3 -2  0  2 -1  1 -2  4 -1  1 -3 -2  0 1 0 0 55
 2  0 -2 -2 -2  1  1 -2 -2  0 -1  0 -1 -2 -2 -1 -1 -3 -2  3 1 0 0 35
 3 -2 -1  4 -2 -1  0 -1 -2 -3 -3 -1 -2 -4  4  0 -1 -4 -3 -2 1 0 0 5
 2 -2 -1 -2 -1 -1 -1 -2 -2 -2 -2 -1 -1 -3 -2  2  5 -3 -2 -1 1 0 0 50
 0 -3 -3 -4 -2 -3 -3 -3 -1  0  2 -3  0  5 -3 -2 -2  0  3 -1 1 0 0 5
 0 -1  0 -2 -2  1 -1 -2 -1  0 -1  0 -1 -1 -2  1  3 -2  2  0 1 0 0 50
 0 -2 -1 -2 -3 -2 -2  6  3 -4 -4 -2 -3 -3 -3  1 -2 -3 -2 -4 1 0 0 20
 1  0  2  1 -2  2  0 -1 -1 -2 -3  3 -2 -3 -2  1  0 -3 -2 -1 1 0 0 45
 0 -2 -1 -2 -2  0 -2  5 -2 -2  0 -1 -1 -3 -2  1 -1 -3 -3 -2 1 0 0 10
 1 -1 -1 -1 -2 -1  0 -2 -2  0 -1  0 -1 -2 -2  1  4 -3 -2  0 1 0 0 40
-1 -1  2  2 -2  2  0  1  1 -3 -3  0 -2 -3  2  1  1 -3 -2 -2 1 0 0 50
-2  1  4  4 -3  0  0  0  2 -3 -3  0 -2 -3 -2  0 -1 -3 -2 -3 1 0 0 0
 1 -1  1  3 -2  0  0 -1 -1 -1 -2  1 -1 -2 -1  1  1 -2 -2  0 1 0 0 40
-1  0  3 -1 -2 -1 -1  1 -1  1  0 -1  0 -2  1 -1 -1 -3 -2  1 1 0 0 30
-1  0 -2 -3 -2 -1 -2 -3 -2  1  3 -1  4 -1  2 -2  0 -2 -2  0 1 0 0 15
 0  1  1  0 -3  0 -1  4 -1 -3 -3 -1 -2  0 -2  0 -1 -2  0 -2 1 0 0 15
-1 -2 -1 -1 -2 -1  1 -2 -2 -1 -2 -1 -1  0 -2  1  5 -3 -2  0 1 0 0 40
 0  2  0 -1 -2  3  0 -2 -1 -2 -2  4 -1 -3 -1  1  2 -3 -2 -2 1 0 0 40
 1 -2  0 -2 -1  0 -1 -2 -2  2  0 -1  0 -2 -2  0  2 -3 -2  2 1 0 0 30
-2 -2 -3 -4 -2  0 -2 -4 -1  1  3 -2  1  1 -3 -2 -2  0  5  1 1 0 0 10
 0 -1  5  1 -2 -1 -1 -1  1 -3 -3  0 -2 -3 -2  1  3 -4 -2 -2 1 0 0 45
 1 -2  0 -1 -2 -1 -1 -1 -2 -3 -3 -1 -2 -3 -2  5  1 -4 -2 -2 1 0 0 0
 0 -2 -1 -2 -3 -2 -2  6 -2 -3 -3  0 -3 -3 -2 -1 -2 -3 -3 -3 1 1 1 20
 0  0  3 -1 -2  0 -1  0 -1 -2 -3  2 -2 -3 -2  2  3 -3 -2 -2 0 1 1 70
 0  0  0  0 -1  0  0  2 -1 -1 -1  0 -1 -1  0  0  1 -1 -1 -1 0 1 1 40
-1 -3 -1 -2 -3 -3 -3  6 -3 -5 -5 -2 -4 -4 -3 -1 -2 -3 -4 -4 1 1 0 0
-1  2  3 -1 -3  0  0 -2 -1 -1 -3  5 -2 -3 -2 -1 -1 -4 -2 -2 1 0 0 35
-1 -3 -4 -4 -2 -3 -3 -4 -4  4  1 -3  0 -1 -3 -2 -1 -3 -2  5 1 0 0 0
-2  5 -2 -3  7  1 -1 -3 -2 -3 -3  1 -2 -3 -3 -1 -2 -3 -3 -2 1 0 0 20
-1 -3 -4 -4 -2 -3 -4 -4 -4  4  1 -3  0  2 -3 -3 -1 -2 -1  3 1 0 0 0
-1  0 -1  0 -3  3  4 -3 -1 -1 -1  1 -1 -3 -2 -1  0 -3 -2  0 1 0 0 40
 0 -3 -3 -4 -1 -3 -3 -3 -3  3  1 -3  2 -1 -3 -2 -1 -3 -2  4 1 0 0 0
 0 -2 -1 -1 -2 -1  0 -2 -2  2 -1 -1  1 -2 -2  2  3 -3 -2  0 1 0 0 15
 2 -2 -2 -2 -2 -2 -2  3 -3  0 -2 -2 -1 -2 -2  1 -1 -3 -2  2 1 0 0 10
-2 -1  6  4 -4 -1  1 -1 -1 -4 -4 -1 -3 -4 -2  0 -1 -5 -3 -4 0 1 1 85
-1 -3 -1 -2 -3 -3 -3  6 -3 -5 -5 -2 -4 -4 -3 -1 -2 -3 -4 -4 0 1 1 80
-2  4 -1 -2 -4  1  0 -2 -1 -4 -3  5 -2 -4 -2 -1 -1 -4 -3 -3 1 0 0 65
-1 -1 -2 -2 -3  2  1 -3 -2 -3 -1  0 -2 -4  7  0 -1 -4 -3 -3 1 0 0 80
 0 -2 -1 -2  6 -1 -2  0 -2 -2 -1 -2 -2 -3 -2  4  1 -3 -2 -2 1 1 1 5
 0  1  0  4 -4  0  0 -2 -2 -3 -3  4 -2 -4  3 -1 -1 -4 -3 -3 1 0 0 45
 0 -3 -3 -4 -2 -2 -3 -1 -3  2  4 -3  1  0 -3 -2  0 -2 -2  1 1 0 0 10
-1  4 -1  0 -3  1 -1  1  1  0 -2  1 -1 -3 -2 -1 -1 -3 -2  1 1 0 0 5
 0 -2 -1 -2 -2 -1 -1 -2  0 -2 -1 -1 -1  0  1  3  0 -1  5 -2 1 0 0 5
 2  3  0 -2 -2 -1 -1 -1 -1 -2 -2  0 -1  2 -2  1  1 -2 -1 -2 1 0 0 5
-2 -1 -1  1 -3  5  0 -3  0 -2 -1  0 -1 -1  1 -1  0 -1  4 -2 1 0 0 5
 0 -2  4 -1 -2 -1 -2 -2 -1  0  0 -2  0 -2 -2  0  0 -3 -2  2 1 0 0 0
-1 -2  0  3 -2 -1 -1 -2 -2  1 -1 -1 -1 -2  1  1  3 -3 -2  0 1 0 0 10
 0 -3 -3 -3 -2 -2 -3 -3 -3  3  3 -3  1  1 -3 -2 -1 -2 -1  1 1 0 0 5
 0 -2  1  4 -3 -1  1  0 -1 -2 -2 -1 -2  2  1  0  0 -2 -1 -2 0 1 1 15
 0 -1  2  1 -3  0  0  3  2 -3 -3  1 -2 -3 -2  1 -1 -3 -2 -3 0 1 1 30
-1  1  2 -1 -3  1  1 -2 -1 -3 -3  4 -2 -3 -1  0  2 -3 -2 -2 0 1 1 40
 0 -2 -2 -2 -2 -2 -2 -2 -2  0  1 -2  0 -2  5  0  1 -3 -2  1 1 0 0 0
-1 -2  4 -1 -3 -1 -2  3  0 -3 -3 -2 -3 -1 -3 -1 -2  4  4 -3 1 0 0 10
-2 -3 -2 -3 -2 -2 -3 -3 -2  0  1 -3  0  5 -3 -1  2  4  1  0 1 0 0 0
 3 -2 -2 -2 -2 -2 -2  4 -2 -2 -2 -2 -2 -3 -2  0 -1 -3 -3  0 1 0 0 -5
-1 -3 -3 -3 -2 -2 -3 -4 -3  3  2 -3  1 -1 -3 -2  1  4 -1  2 1 0 0 0
-1 -3 -4 -4 -2 -3 -3 -4 -4  4  2 -3  1 -1 -3 -3 -1 -3 -2  4 1 0 0 0
 1 -3 -1 -2 -2 -2 -2  5 -3 -2 -3 -2 -2 -3 -2  0 -1 -3 -3  0 1 0 0 0
 4 -2 -1 -2 -1 -1 -1 -1 -2 -2 -2 -1 -2 -3 -1  3  0 -3 -2  0 1 0 0 -5
-1 -1  1  1 -4  1  5 -3 -1 -4 -3  0 -3 -3  1  0 -1 -3  1 -3 1 0 0 0
-2 -2  5  6 -4 -1  0 -2 -1 -4 -4 -1 -3 -4 -2  0 -1 -5 -3 -4 1 1 1 25
 0 -2 -1  1 -3 -2 -2  6 -2 -4 -4 -2 -3 -3 -2  0 -2 -3 -3 -3 1 1 0 45
 2 -1  0 -1 -1 -1 -1  0  3 -2 -2 -1 -2 -3 -2  2  3 -3 -1 -1 1 1 0 95
-2 -2  5  6 -4 -1  0 -2 -1 -4 -4 -1 -3 -4 -2 -1 -1 -5 -3 -4 1 1 0 60
 0 -1  4  2 -3 -1  0  2 -1 -3 -3  1 -1 -3 -2  1 -1 -4 -3 -3 1 1 0 50
-2 -2  4  6 -4 -1  0 -2  3 -4 -4 -1 -3 -4 -2 -1 -1 -5 -2 -4 1 1 1 15
-3 -3 -3 -4 -3 -2 -3 -4  1 -2 -2 -3 -2  2 -4 -3 -3  1  8 -2 1 1 1 5
-2 -1  7  2 -4 -1 -1 -1  0 -4 -4 -1 -3 -4 -3  0 -1 -5 -3 -4 1 0 1 0
-3 -2  1  7 -4 -1  1 -2 -2 -4 -5 -2 -4 -4 -2 -1 -2 -5 -4 -4 1 1 0 0
 2 -2 -1 -2  3 -1 -2  4 -2 -3 -3 -1 -2 -3 -2  3  0 -3 -3 -2 1 0 0 -5
-1 -3 -4 -4 -2 -3 -3 -4 -3  4  1 -3  0  0 -3 -3 -1 -2  1  4 1 0 0 0
 1 -3 -3 -4 -1 -3 -3 -3 -4  2  0 -3  0 -2 -3 -2 -1 -4 -2  5 1 0 0 -5
-1 -3 -4 -4 -2 -3 -3 -4 -3  3  1 -3  0  3 -3 -2 -1 -2  0  4 1 0 0 0
-2 -3 -4 -4  3 -3 -4 -4 -4  2  4 -3  1  0 -4 -3 -2 -2 -2  0 1 0 0 0
-2 -1  6  0 -3  3  0 -1  0 -1 -3 -1 -2 -4 -3  0 -1 -4 -3 -3 1 0 0 0
-4 -4 -5 -6 -4 -3 -4 -4 -4 -4 -3 -4 -3  0 -5 -4 -4 12  1 -4 1 0 0 0
-2 -3 -3 -2 -4 -2 -2 -3 -3 -4 -4 -2 -3 -5  8 -2 -2 -5 -4 -3 1 1 1 25
-2 -3 -4 -4 -2 -3 -4 -4 -3  3  4 -3  2  0 -3 -3 -1 -2 -2  1 1 1 1 15
 0 -3 -1 -2 -3 -2 -2  6 -2 -4 -4 -2 -3 -4 -2 -1 -2 -3 -3 -4 1 1 1 55
