 2 -3 -1 -2 -3 -2 -2  6 -3 -4 -4 -2 -3 -4 -2  0 -2 -3 -3 -3 1 1 1 85
 0 -2 -2  1 -3 -1 -1  1 -2 -1  0 -1  5 -2  4 -1 -1 -3 -3 -1 1 1 1 55
 0 -3 -3 -3 -4 -2 -2 -2 -3 -4 -4  0 -3 -5  8 -1 -2 -5 -4 -3 1 1 1 60
-1  0 -1 -1 -3  0  0  3  3 -3 -3  3 -2 -3 -2  0  1 -3 -2 -2 1 1 1 70
 1 -1  2  0 -3 -1 -2  3  1 -3 -3 -1 -3 -4  5 -1  0 -4 -3 -3 1 1 1 45
-1  0  1 -1 -3  0 -1  3  1 -2 -2  4 -2 -3 -2  0 -1 -4 -3 -3 1 1 1 85
 0 -1  0 -2 -2  0 -1 -2  4 -1 -2  0 -1 -1 -2  0  1  5  1  1 1 1 1 35
-3 -3 -3 -4 -4  0 -3 -4  3 -2 -2 -3 -2  3 -4 -3 -3  5  8 -2 1 1 0 30
-1 -2  0 -3 -2  0 -3 -3 -3  2  3 -2  5 -1 -3 -1 -1 -3 -2  0 1 1 1 5
-1 -3 -2 -3 -4 -3 -3  6 -3 -3 -2 -3 -3 -4  0  0 -2 -4 -4 -3 1 1 1 15
-3 -2  1  1 -4 -3 -1  0 -3 -4 -3 -3 -3 -1 -3 -2 -2 10  2 -2 1 0 1 15
-4 -5 -5 -3 -4 -4 -5 -2 -4 -4 -3 -5 -3  4 -1 -4 -4 11  0 -4 0 1 1 5
-1 -4 -2 -3 -4 -3 -3  7 -3 -5 -5 -3 -4 -4 -3 -2 -3 -4 -4 -4 0 1 1 15
 0 -1  3  3 -3 -1  0 -1  5 -3 -3 -1 -3 -2 -2  1  0 -4 -1 -3 1 0 1 55
-2 -3 -3 -3 -2 -2 -3 -3 -3  2  2 -2  3  3  2 -2 -1 -2  0  0 1 1 1 0
 2 -3 -2 -3 -3 -3 -3  6 -3 -3 -3 -2  0 -4 -3 -1 -2 -3 -4 -2 1 1 0 60
 0  0  1 -1  2  0 -1  3 -2 -1 -2  0 -2 -3 -2  2  0 -3 -2 -1 1 1 1 35
 0  0 -2 -2 -2  0  0 -2 -2 -2 -1  0  2 -2  6 -1  0 -3 -2 -1 1 1 1 20
-1  3 -1 -2 -4  0 -1 -3 -2 -3 -3  5 -2 -4  2 -1  1 -4 -3 -2 1 1 1 60
-2 -1 -1 -2 -3  6  0 -2 -2  0  0 -1  2 -2  1 -2 -1 -3 -2  1 1 1 1 5
-2  5 -1 -2 -4  2 -1 -3  0 -3 -3  5 -2 -4 -3 -1 -2 -4 -3 -2 1 1 1 25
-2  0  0 -3 -4 -1 -3  5  5 -5 -4 -2 -3 -2 -4 -2 -3 -3  2 -4 1 1 0 20
-2 -4 -4 -5 -2 -4 -4 -5 -4  5  0 -4  0  0 -4 -3 -1 -4 -2  4 1 0 0 5
 0 -3 -2 -3 -2 -3 -3 -2 -3  4  0 -1 -1 -2 -3 -1  3 -3  0  2 1 0 0 0
 0 -2 -1 -1 -2  2  0 -2 -1 -2 -3 -1 -2 -1 -2  2  4 -3  0 -1 1 0 0 10
-4 -4 -4 -5 -4 -3 -4 -5  1 -3 -3 -4 -3  3 -5 -4 -3  0  9 -3 1 0 0 0
 1  1 -1 -2 -2 -1 -1  2 -2 -3 -3  1 -2 -3 -2  3  3 -4 -3 -1 1 0 0 0
-2 -2 -4 -5 -2 -3 -4 -5 -4  3  4 -3  1 -1 -4 -3 -2 -3 -2  3 1 0 0 0
 0 -3 -1 -2 -3 -2 -2 -2 -3 -4 -4 -2 -3 -4 -3  6  0 -5 -3 -3 1 1 1 -5
 0 -4 -4 -3 -4 -2 -3 -4 -4 -4 -4 -3 -4 -5  8 -2 -3 -5 -3 -4 0 0 0 0
-3 -3  4 -3 -4 -3 -3 -4  1 -3 -2 -3 -1  6 -4 -3 -3  1  6 -3 0 0 0 10
 1  4 -2 -1 -4  2  4 -3  1 -4 -3  0 -3 -4 -3 -1 -2 -4 -3 -2 0 0 0 5
-1 -1 -2 -2 -4  7  0 -2 -2 -4 -1 -1 -2 -5 -3 -1  0 -4 -3 -3 1 0 1 5
-1  5  2 -2 -4  0 -1 -3  0 -4 -4  4 -3 -4 -3  0 -2 -4 -3 -4 1 1 1 35
 4 -3 -3 -3 -3 -3 -3 -2 -3 -3 -3 -2 -3 -4  7 -1 -1 -5 -4 -2 1 1 1 15
-1 -3 -3 -4 -3 -3 -4 -4 -3  0  3 -4  4  6 -4 -3 -1  1  1 -1 1 1 0 30
 4  0 -1 -3 -3 -1 -2 -2 -3 -3 -3  3 -3 -4  4  0 -2 -4 -3 -2 1 1 1 55
-2 -3  3 -2 -4 -2 -3  6  4 -5 -5 -2 -4 -4 -4 -1 -2 -4 -2 -4 1 1 1 35
 3 -3 -2 -3  0 -2 -2 -2 -2  1  0 -2  2  1 -2  0 -1  3  2  1 0 1 1 40
 0 -3 -4 -4 -2 -3 -4 -2 -3  2  2 -3  0  5 -4 -2 -2  2  0  1 0 1 1 75
-1  2  1 -2 -3 -1 -1 -2  5 -3 -3  1 -2 -2 -3  3  1 -3  2 -3 0 1 1 85
 1  0  3  1 -3  0  0  0  4 -3 -3  3 -2 -3  0  0  0 -4 -2 -3 0 1 1 65
 3 -3 -2 -3 -3 -2 -3  4 -2 -3 -3 -2 -3 -2 -3  0 -2  0  3 -2 1 1 0 35
-1 -4 -4 -4 -2 -3 -4 -4 -4  4  2 -3  1  2 -4 -2 -1 -3 -1  3 1 1 0 45
-3 -2 -4 -4 -4 -2 -3 -4 -1 -2 -2 -2 -2  6  5 -2 -1  1  1 -2 1 1 0 75
-3 -1  8 -1 -4 -1 -2 -2  0 -5 -3 -2 -4 -4 -4  0 -2 -5 -1 -4 1 1 0 20
 0 -3 -2 -3 -2 -2 -3  2 -3  1  0 -2  1  1 -3  0  3 -3 -2  2 0 1 1 45
-1 -4 -4 -5 -3 -3 -4 -4 -2  2  1 -4  0  5 -4 -3 -2  6  3  1 0 1 1 80
-3  7 -2 -3 -5 -1 -2 -2 -2 -5 -4  2 -3 -5 -4 -2 -3 -5 -3 -4 0 0 1 40
-3  8 -2 -4 -5 -1 -2 -4  0 -5 -4  0 -3 -5 -4 -3 -2 -5 -4 -4 0 1 1 40
-1 -3 -3 -3  2 -3 -3 -3 -3  2  0 -3  0  4 -3 -1  3 -2  0  1 0 1 1 60
 0  4 -1 -2 -3  1 -1  0 -2 -3 -3  3  1 -3 -2  1 -1 -1 -3 -2 0 1 1 70
 1  0  2  0 -2  1  1  1  2 -3 -3  0 -2 -3 -2  2  0 -3 -2 -2 0 1 1 45
-2 -1  2 -1 -2  6  2 -3  0 -4 -4  0 -2 -4 -3  2 -1 -3  0 -4 0 1 1 20
 2 -3 -3 -4 -2 -3 -3 -2 -3  2  1 -3  1  3 -3 -2 -1 -2 -1  3 0 0 1 40
-3 -4 -4 -5 -3 -4 -4 -5 -3  0  4 -4  0  5  2 -3 -3 -2  0  0 0 0 1 55
-3  2 -3 -4 -4 -2 -3 -4  1 -1 -2  0 -2  4 -4 -3 -2  3  7 -2 0 0 1 10
-2 -4 -4 -4 -2 -4 -4 -4 -4  3  0 -4  0  2 -4 -2 -2  5 -1  4 0 0 1 25
 3 -3 -3 -3 -2 -2 -3  0 -3  1  1 -2  1 -2 -3 -1  0 -3 -2  2 0 0 1 55
-2 -4 -4 -4 -4 -3 -3 -4 -4  3 -1 -3 -1 -2  7 -3 -2 -5 -4  1 0 0 1 45
-3 -4 -4 -3 -5 -2 -3 -4 -4 -3 -5 -3 -4 -3  8 -1 -2 -6 -5 -4 0 0 1 -5
 0 -4 -4 -5 -3 -4 -4 -3 -3 -1  1 -4  3  7 -4 -3 -3 -1  1  0 0 0 1 20
 1 -3 -3 -3 -2 -3 -3  1 -3  3  1 -3  1 -1 -3 -1 -1 -3 -2  3 0 0 1 30
 1 -3 -3 -3  1 -3 -3 -1 -3  3  1 -3  1  1 -3 -1 -1 -3 -1  3 0 0 1 45
 2 -3 -2 -3 -1 -2 -3  3 -2 -1 -1 -2  0  2 -3  0  0 -2  1  1 0 0 1 5
-3 -4 -4 -5 -4 -4 -4 -4 -1 -3 -3 -4 -3  2 -5 -4 -4  6  9 -2 0 0 1 60
 0 -2 -1 -3 -1 -2 -2  1 -1  0  2 -2  1  1 -3  0 -1 -1  3  0 0 0 1 70
 0 -3 -4 -4 -2 -3 -3 -4 -4  4  2 -3  0 -1 -3 -2  1  4 -2  3 0 0 1 30
-2 -3 -4 -5 -1 -3 -4 -4 -1  1  0 -3  5  1 -4 -3 -3  7  6 -1 0 0 1 15
 1 -1  2  2  0  0  1 -2  0 -2 -2  0 -2 -3 -2  1  2 -4 -2 -1 0 0 1 35
-4 -2  1 -4 -4  1 -3 -4 -3 -5 -4 -2 -2 -1 -5 -4 -4 11  1 -5 0 0 1 65
 4 -3 -2 -3  1 -2 -2  3 -3 -2 -3 -2 -2 -4 -2  1 -1 -4 -3 -1 0 0 1 5
-1  2  3  1 -3  0  1 -2 -1  0 -2  1 -2 -2 -2  0  2 -4 -2  0 0 0 1 30
-1  1  1  2 -4  2  4 -2  3 -4 -4  2 -3 -4 -2  0 -1 -4 -2 -3 0 0 1 50
-1  3 -1  0 -3  0  1 -3  0 -2 -2  2 -2 -1 -2 -1 -1 -1  3 -1 0 0 1 30
-2 -2  6  1 -3  0 -1 -2  4 -3 -3 -1 -3 -1 -3 -1 -1 -3  2 -3 0 0 1 10
 1 -1 -1  0 -4  1  5 -3  5 -3 -4  0 -3 -4 -2 -1  0 -4 -2 -2 0 0 1 70
-1  1 -3 -3 -4  0 -2 -4  1 -3 -2 -1 -2  4 -4 -2 -2  3  7 -2 0 0 1 40
-2  0  0 -3 -3  0  0 -4 -2  0  4 -2  1  0 -3 -2 -2 -3  0  0 0 0 1 0
-2  0  5  0  1  0 -2 -2  1 -3 -2  1  1 -1 -3  0 -2 -2  4 -3 0 1 1 20
-1  4 -1 -2 -3 -1 -2 -1 -2 -3 -3  0 -3 -4 -3  4  3 -4 -3 -3 1 1 0 20
-3  1 -2 -3 -5  0 -1 -3 -2 -5 -4  7 -3 -5 -3 -2 -2 -5 -1 -4 0 0 0 20
 4 -1 -2 -2 -2  0  0 -1  1 -3 -3  1 -2 -3  2  0  0 -4 -3 -2 0 0 0 70
 0 -3  1 -2 -4 -3 -3  6 -3 -5 -5 -3 -4 -4 -3 -1 -3 -4 -4 -4 0 0 0 0
-2  5 -1 -2 -4  1 -1 -3  5 -3 -3  1 -2 -3  1 -2 -2 -4 -1 -2 0 0 1 35
 3 -1 -2 -1 -2  0  2 -2  1  0  1 -1 -1 -2 -2  0 -1 -3 -2  0 0 0 1 65
 2 -1 -1  2 -3  1  5 -2 -1 -3 -2  0 -2 -3 -2 -1 -1 -4 -3 -2 0 0 1 25
-2 -3 -4 -4 -2 -3 -4 -4 -2  0  3 -3  1  5 -4 -3 -1 -1  2  0 0 0 1 15
 3 -1 -1  1 -2  0  4 -1  3 -3 -3  0 -2 -3 -2  0 -1 -3 -2 -2 0 0 1 55
-2  6 -1 -2 -4  1  0 -3  3 -4 -3  2 -2 -3 -2 -1 -2 -3 -2 -3 0 0 1 60
 2 -3 -3 -3 -1 -2 -2 -2 -3  2  0 -2  0 -2 -2 -1  0 -3 -2  4 0 0 1 35
-2 -1  6  2 -3  0  0 -1  3 -4 -4 -1 -3 -3 -2  0 -1 -4 -2 -3 1 1 1 30
 2 -3 -3 -3 -1 -2 -2 -2 -3  2  0 -2  0 -1 -2 -1  0 -3 -2  4 1 1 1 95
