-5 -6 -7 -8 -6 -5 -6 -7 -6 -3 -2 -6 11 -4 -7 -6 -5 -6 -5 -4 1 1 1 45
 0 -1 -1 -6 -6 -2 -1 -4 -1 -3 -1  0  9 -5 -3  0  1 -6 -5 -3 1 1 1 80
-4 -6 -3  8 -8 -5 -3 -4 -3 -8 -8 -6 -8 -8 -5  1  0 -8 -1 -6 1 1 1 25
-2  4 -4 -4  1  0 -2 -5 -1  2 -3  4 -3 -1 -5 -1  2 -3  1 -1 1 0 0 30
-6 -8 -8 -8 -6 -7 -8 -9 -8  8  1 -7  1 -5 -8 -7 -4 -7 -6  3 1 0 0 5
-2  2 -2 -3 -2 -2  0 -4  2  1  0  0 -1  5 -5 -2  0 -3  3 -1 1 0 0 40
-5 -7 -8 -8 -6 -5 -7 -8 -7  6  5 -7  1 -3 -7 -7 -5 -6 -5  2 1 0 0 5
-3  4  2  0 -3  0  3 -4  2 -5 -5  3 -1 -6 -3  0  1 -5 -4 -3 1 0 0 55
-3 -2  4  3 -7  0  0  5 -3 -8 -8 -3 -7 -7 -6 -3 -5 -7 -7 -7 1 0 0 15
-4 -6 -7 -8  1 -5 -7 -8 -7  3  5 -7  6 -1 -7 -6 -5 -6 -4  1 1 0 0 0
-1  5 -2 -3 -3  1  3 -4  1 -3 -3  3 -2 -5 -4 -1  0 -6 -5 -1 1 0 0 40
 0 -6 -7 -7  3 -6 -6 -4 -6  2  1 -6 -2  6 -7 -4 -3 -4 -1  4 1 0 0 0
-5  1 -2  1 -5 -1  0 -6  5 -1 -4 -2 -3  4 -4 -4 -3  4  6 -3 1 0 0 35
 5 -6 -5 -6  0 -5 -6  4 -6 -6 -6 -5 -6 -7 -5 -1  3 -7 -5 -5 1 0 0 0
-4  1  1 -5 -1 -2 -3 -6  5  0 -1 -2 -4  3 -6 -4  0 -1  6  0 1 1 1 45
-7 -6 -2 -7 -5 -3 -6 -8 10  5 -4 -7 -6 -6 -8 -6 -3 -8 -4  0 1 1 1 0
-5 -8 -6 -7 -8 -8 -8  8 -8 -10 -10 -7 -9 -9 -8 -6 -7 -8 -9 -9 1 0 0 0
 0 -7 -5 -6  4 -6 -7 -7 -5  2 -1 -6 -2 -2 -6 -5 -3 -6  1  6 1 1 0 65
-4 -4 -2 -3 -2 -5 -5 -4  2 -3  3 -3  1  5 -4 -3 -3 -3  6 -4 1 1 0 45
 1 -2 -2  4 -7 -1  4 -4 -3 -6 -6 -1 -5 -7  5 -2 -4 -7 -6 -5 0 0 1 65
-1 -2 -4 -3 -7  2  5 -4  5 -5 -4 -3 -5  0 -5 -1 -4  8 -1 -3 0 0 1 25
-7 -6 -6 -3 -9 -2  8 -8 -6 -9 -9 -5 -8 -9 -7 -6 -7 -9 -8 -8 0 0 1 5
-2  6  2 -5 -5  3 -2 -4  1 -6 -4  4 -4 -6 -6 -3 -1 -7 -4 -5 0 0 1 35
 0  3 -2 -1 -3  1  3 -2  0 -1 -2  2 -2 -2 -4 -2  1 -5 -4  1 0 0 1 70
-1 -1 -1 -1 -4  0 -1 -5 -1  3  4 -2  0 -2 -5 -3  0 -5 -3  2 0 0 1 45
-2  0 -4 -5 -7 -2 -4  7 -2 -5 -6  0 -4 -7  1 -4 -1 -7 -6 -6 1 1 1 5
-2 -3  2 -6 -5  9 -4 -4 -5 -5 -8 -4 -6 -9 -7 -1 -4 -8 -7 -8 1 0 0 5
-3  4 -1  2 -2 -1  1 -4 -1 -2 -3  3 -2 -4  2 -2  1  4  0 -2 1 0 0 30
-6 -7 -8 -8 -7 -7 -8 -8 -6  0  3 -7 -4  8 -8 -7 -6 -4  4  0 1 0 0 0
-2  1 -2 -4 -2 -1  2 -5 -1  3  1 -2  0  0 -5 -1 -1 -3  1  3 1 0 0 20
-3 -7 -7 -8 -3 -7 -7 -8 -7  4  2 -7 -1  1 -7 -6 -3 -6 -5  6 1 0 0 -5
-7 -7  2  8 -3 -5 -2 -6 -4 -8 -9 -6 -8 -9 -7  1 -4 -9 -4 -8 1 0 0 10
 1 -6 -7 -7 -1 -6 -6 -7 -7  3  4 -6  0 -1 -6 -5 -4 -6 -4  4 1 0 0 0
-2  0 -2  2 -1 -2  5 -5 -2 -1 -5  0 -3 -3 -5  1  2  0 -3  0 1 0 0 20
-1 -6 -7 -7  1 -6 -7 -7 -7  3  4 -6  6 -1 -7 -5 -4 -1 -4  2 1 0 0 0
 1 -1 -3  0 -2 -1  1  2  3 -3 -2  0 -3  0 -4  0  0  6  1 -2 1 0 0 25
 0 -4 -4 -5  0 -4 -5 -4  0  1  3 -4  1  1 -5 -3  2  4  3  2 1 1 1 0
-4 -2  1  7 -2 -4 -1 -4 -2 -7 -7 -4 -7 -8  2 -1 -4 -8 -7 -5 1 1 1 40
-2 -4  1 -1 -1 -3 -3 -4 -2  2  3 -4  2  3 -2 -2  1 -4 -2  0 1 1 1 20
 1  3 -2  1 -3  1  1 -1 -1 -4 -4  2 -3 -4 -3  2  1 -3 -3 -2 0 0 1 55
 1  2 -1  0 -4  1  1 -2 -1 -2 -2  3 -2 -4  3 -1  0 -5 -3 -1 0 0 1 35
 6 -5 -4 -3  0 -4 -4 -2 -4 -4 -4 -3 -1 -6  0  1 -3 -7 -4 -3 0 0 1 10
 4 -3 -4 -3  2 -4 -4  4 -3 -1 -3 -3  1 -3 -2  1 -1 -4 -4 -1 0 0 1 50
 2  1 -1  0 -3  2  2 -3  0 -1  0  2  0 -3 -3 -1 -1 -2 -3 -1 0 0 1 70
-1 -1  0  1 -3 -2 -1 -2  0 -3 -4 -2 -5 -6 -4  5  4 -7 -5 -4 0 0 1 30
-6 -5 -3  8 -9 -4 -2 -3 -3 -9 -6 -4 -8 -9 -7 -3 -6 -9 -8 -8 1 1 1 60
-2  1  3  6 -2  0  2 -5  1 -6 -6 -1 -4 -6 -6 -1 -3 -8 -6 -6 1 1 1 55
-4 -5 -7 -8 -5 -6 -7 -8 -7  4  5 -3  0 -2 -5 -6 -3 -3 -1  2 0 0 0 55
 2 -1  1  1 -3  1  3 -1  0 -4 -4  0 -1 -5 -3  1  1 -5 -4 -1 0 0 0 70
-1 -1  0  6 -3  0  0 -3  2 -6 -2  1 -3 -4 -1 -1 -3  0  0 -6 0 0 0 15
 1 -6 -5 -6  1 -3 -3 -5 -7 -6 -6 -6 -6 -7 -2  2  7 -8 -7 -2 1 1 0 15
-3 -7 -7 -8 -3 -7 -7 -8 -5  4  3 -7 -2 -3 -7 -5 -4 -7 -3  6 1 1 1 0
-4 -4  5  6  0 -5 -4 -5  4 -8 -5 -5 -3 -7 -6  3 -5 -8 -6 -7 1 1 1 45
-5 -8 -8 -2 -4 -8 -8 -9 -4 -8 -7 -8 -7 -2 -9 -8 -8 -4 10 -8 0 0 1 45
 4 -1 -4 -2 -3 -1  0  3 -3 -4 -4 -1 -4 -4 -5  1 -1 -6 -5  0 0 0 1 25
 2 -1 -2  3 -3  1  3 -3  0 -2 -1  0 -1 -4 -3  0  1 -5 -4 -1 0 0 1 45
 1 -7 -7 -7 -3 -6 -7 -7 -7  3  3 -6 -2 -2 -7 -6 -3 -7 -5  6 0 0 1 -5
 2 -2  0 -6  4 -4 -5 -4  0  0 -4 -4 -4  3 -6  1 -2 -2  6  0 0 0 1 25
 0  1  1  2 -4  3  4 -2  0 -5 -4  2 -3 -4 -2 -1 -1 -6 -3 -4 0 0 1 40
 1  3 -3 -1  0  0  0 -3 -2  3  1 -1 -1 -1 -4 -2  1 -3 -2  1 0 0 1 15
 1 -7 -7 -7  0 -6 -7 -7 -7  5  1 -6 -2 -4 -7 -5 -2 -1 -5  5 0 0 1 -5
 0  2 -2 -2 -3  2  1 -4  0  0 -1  4 -2 -5 -4 -1  1 -5 -3  1 0 0 1 30
 1  1  0  2 -4  2  3 -2  0 -4 -4  2 -3 -6 -4  0  0 -6 -3 -4 0 0 1 40
-2 -3 -4 -4 -2  0  2 -5  1  4  1 -4 -2  2 -5 -3 -1  1  1  3 0 0 1 0
 1 -6 -5 -7  1 -5 -6 -4 -6  3  1 -6  6  1 -6 -2 -3 -6 -5  5 0 0 1 0
 1  0 -2 -1 -3  2  4 -2 -1 -4 -3  1  1 -4 -4  0  2 -6 -4 -3 0 1 1 50
 0 -1  1  0 -5  1  2  3 -1 -1 -4  0 -3 -5 -3  1  1 -5 -3 -2 1 1 0 40
-1  1  1 -1 -2  1  2 -1  2 -2 -3  1 -3 -4  2  1  1 -5 -3 -3 1 1 0 70
-2  3 -1 -2 -2  1 -1 -4  3 -5 -6  2 -5 -6  4  2  0 -6 -4 -4 1 1 1 40
-1  1 -4 -4  3 -3 -3 -5  2 -1 -2 -3 -3  6 -2 -3 -3 -1  4  2 1 1 1 5
-1  1  4  2 -4  2  0 -2 -1 -3 -1  3 -2 -1 -4 -2 -2 -5  0 -4 1 1 0 55
-3 -7 -8 -9 -6 -7 -8 -9 -8 -2  7 -7 -1 -5 -8 -6  0 -7 -6 -4 1 1 1 40
-5 -7 -8 -8 -6 -7 -8 -8 -8  6  4 -7  1 -4 -7 -7 -4 -7 -3  2 0 0 1 5
-7 -6 -6 -4 -10 -2  8 -8 -6 -9 -9 -5 -2 -9 -7 -6 -7 -9 -8 -8 0 0 1 30
 2  3 -2 -4 -3 -3 -4 -2  5 -6 -6  0 -5 -6 -5  1  5 -7 -2 -4 0 0 1 35
 0 -6 -7 -7 -1 -6 -7 -6 -7  0  5 -6  0  1 -7 -5 -4 -3 -2  4 0 0 1 0
 7 -7 -5 -7 -1 -6 -6 -1 -7 -4 -6 -6 -6 -7 -6 -1 -2 -8 -7 -2 0 0 1 -5
-1 -2  0  1 -4  2  5  1  2 -6 -2 -2 -3 -3 -5 -2 -2 -3  2 -4 0 0 1 25
 0  5  1  0 -4  1  2 -3  2 -4 -3  1 -2 -4 -5 -2 -1 -6 -3 -3 0 0 1 30
-4 -7 -8 -8  0 -7 -7 -7 -8  7  1 -7  0 -4 -7 -6 -2 -7 -6  3 0 0 1 0
 6 -6 -4 -6  1 -5 -5 -2 -6  1  0 -5 -1 -4 -6 -1 -3 -7 -4  0 0 0 1 0
 0  1  0  4 -3  2  3 -2 -1 -4 -4  1 -3 -5 -4  0  0 -6 -4 -3 0 0 1 60
 1  3 -2  0  0  0  1 -2 -1 -1  0  0  0 -1 -4 -1  0 -3 -2 -1 0 0 1 30
-3 -7 -7 -7  1 -6 -7 -7 -7  5  4 -6  0 -3 -7 -5 -2 -6 -5  3 0 0 1 0
-3 -2 -4 -5  0 -1 -2 -6 -2  0  5 -1  4  3 -6 -5 -4 -3 -1 -3 0 0 1 5
 2  1  1  1 -3  1  2 -2  0 -3 -1  1 -2 -4 -4  1  1 -5 -3 -2 0 0 1 60
-1  2  1  3 -4  2  3 -3  1 -3 -2  1 -1 -4 -4 -1  1 -5 -3 -2 0 0 1 55
-4 -5 -3 -1 -3 -4 -4 -4  2 -2 -2 -5 -3  8 -5 -3 -2 -1  6 -5 1 1 1 10
 0 -2  1  1 -3 -1  1  1 -1 -3 -4 -1 -5 -5  6  0 -2 -6 -4 -4 0 1 1 90
 0  3 -1 -1 -2  2  0 -1 -2 -1  0  1  1 -1  0  0  0 -3 -2 -1 0 1 1 35
 0 -6 -6 -7 -1 -6 -5 -6 -6  5  1 -5 -1 -4 -6 -5 -3 -4 -5  5 1 1 1 0
-1  1  0  0 -4  3  3 -3  2 -3 -2  1 -1 -4  2  1  0 -5 -2 -2 1 1 0 40
 2  1 -2 -3 -4  0  2 -1  0 -4 -3  2 -3 -3 -4  1 -1  7 -2 -2 1 0 0 25
 0 -5 -7 -7  0 -6 -5 -5 -5  4  1 -5  1 -4 -6 -5 -2 -7 -5  6 1 0 0 0
-2  4 -2  0 -3  1  2 -4 -1 -3 -4  3 -1 -5 -5 -1  3  1 -4 -2 1 0 0 30
-4 -4 -8 -8 -2 -7 -7 -8 -8  4  3 -7 -2 -4 -7 -5 -3 -7 -6  6 1 0 0 -5
-1  4 -2 -3 -2 -1  1 -3 -3 -3 -3  3 -3 -4 -5  0  3 -3 -5  0 1 0 0 35
-4 -7 -8 -8 -4 -7 -6 -8 -8  4  3 -7 -3 -3 -7 -6 -5 -7 -6  6 1 0 0 -5
 0  3 -1 -2 -2 -1 -1 -2  6 -1 -5  2 -2 -5 -5  2  2 -3 -2 -2 1 0 0 5
-7 -1 -6 -7 -9 -5 -5 -7 -7 -6 -8  8 -7 -9 -7 -6 -7 -9 -8 -5 1 0 0 5
-5 -1 -6 -5  2 -2 -2 -6 -1 -1  0 -2  0 -3  7 -4 -4 -7 -2 -3 1 1 0 35
 1 -2  4  1 -4  2 -1  2  4 -5 -5  0 -3 -4 -4  0 -2  5 -3 -5 1 1 0 50
 5 -6 -6 -6 -5 -5 -5 -5 -4 -4 -2 -4 -4 -6  5 -4 -4 -6 -6  1 1 1 1 5
-2 -3 -4 -4 -3 -4 -4 -1 -4 -4 -2 -3 -4  0  8 -3 -4 -4 -4 -3 1 1 0 40
-3 -4 -5 -5 -3 -4 -5 -4 -5  6  0 -4  4 -1 -4 -4 -3 -4 -4  3 1 1 1 30
 0 -1  0 -1 -5 -1 -1  2  0 -1 -1 -2 -2 -2  5 -2 -1 -5 -4  1 1 1 0 75
 1 -1 -2  0 -3 -3 -3  5  0 -3 -1 -2 -2 -5  0 -1 -3 -6 -3  0 1 1 0 35
-1 -2  0  3 -3  1  0 -2  3  1 -3 -2 -2  2  3 -1  0 -4 -2  0 1 1 1 75
 2 -4 -4 -3  3 -5 -5 -3 -4  1  1 -5 -1  5 -4 -1 -2 -4  2  2 1 1 1 25
 1  2  0  5 -6  2  2  2 -2 -6 -5  1 -5 -6 -5 -1 -2 -6 -4 -5 1 1 0 75
 0 -1  1  3 -1 -1  0  1  1 -4 -4 -1 -1 -2 -4  2  0  0  3 -4 1 1 1 20
 2 -7 -7 -8  0 -7 -7 -7 -8  0 -1 -7  0 -3 -7 -2 -2 -7 -6  7 1 0 0 25
 2 -4 -4 -3 -3 -2  1  5 -5 -5 -5 -4 -4 -3 -5  2  0 -6 -2 -3 1 0 0 35
-3 -8 -8 -9 -2 -8 -8 -9 -8  4 -2 -8 -3 -5 -8 -7 -5 -8 -6  7 1 0 0 15
-3  0 -4 -2 -1  1  5 -6 -3  1 -4 -1 -3 -5 -5 -1  2 -7 -4  1 1 0 0 35
-3 -1 -7 -8 -4 -6 -7 -7 -5  7  2 -6  3 -3 -7 -6 -3 -4 -4  2 1 0 0 5
-3  2 -2 -3 -1  0  4 -5  3 -2 -3 -1 -4 -1 -5 -1  3  0 -1 -1 1 0 0 35
-5  8 -6 -7 -3 -2 -4 -7 -6 -6 -3  0 -6 -8 -7 -5 -5 -8 -7 -2 1 0 0 30
-2  2  0  1 -3  0  2  2  0 -4 -4  2 -3 -4 -3  2  0 -1 -2 -4 1 0 0 55
-3  8  1 -5 -8  1 -3 -6 -1 -6 -7  2 -5 -6 -6 -2 -3 -7 -6 -6 1 1 1 25
-4  5 -3 -3 -7  2  4 -5 -3 -6 -6  5 -5 -6 -5 -3 -4 -6 -5 -6 1 1 1 95
