-2  1 -1 -2 -4  0  0 -3 -2 -4 -4  6 -2 -4 -2 -1 -2 -4 -3 -3 1 1 1 55
 0 -2  0 -1 -2 -1 -1 -1 -2 -2 -3 -1 -2 -3 -2  6  2 -4 -3 -2 1 0 0 10
-2 -5 -4 -5 11 -5 -5 -4 -5 -3 -3 -5 -3 -4 -4 -2 -2 -4 -4 -2 1 0 0 0
-2 -5 -4 -5 11 -5 -5 -4 -5 -3 -3 -5 -3  0 -4 -2 -2 -4 -3 -2 1 1 1 0
-2  2 -2 -2 -4  0 -1 -3 -2 -4 -4  3 -3 -4  7 -2 -2 -4 -3 -3 1 1 0 40
 0 -1  3  1 -2 -1 -1 -1 -1 -3 -3 -1 -2 -3 -2  4  3 -4 -3 -2 1 1 0 45
-1  0 -1 -1 -2 -2 -2 -3 -3  0 -2 -1  0 -3  0  0  6 -4 -3 -1 0 0 1 55
 1 -2 -2 -2 -2 -2 -2 -2 -3  2  1 -2  0 -2 -2  1  3  0 -2  1 0 0 1 60
 5 -2 -2 -1 -2 -2 -2  2 -3 -2 -3 -2 -2 -3 -2  1 -1 -4 -3 -1 0 0 1 0
-3  7 -2 -3 -5  0 -1 -4 -1 -3 -3  2 -3 -4 -3 -2 -2 -4 -3 -4 0 0 1 20
-2 -1  7  0 -4 -1 -1 -2 -1 -2 -3  0 -3 -1 -3  0 -1 -4  0 -3 0 0 1 60
-1 -3  0 -3  8 -1 -3 -3 -3  2 -1 -3  1 -2 -3 -2  1 -3 -3  1 0 0 1 30
-3 -3 -4 -5 -4 -3 -4 -5  0 -3 -2 -3 -2  3 -4 -3 -3  1  8 -3 0 0 1 5
-3 -2  7  1 -4 -1 -1 -2 -1 -4 -4 -1 -3 -4 -3 -1 -1 -5 -3 -2 0 0 1 45
 2 -2 -2 -3 -1 -2 -2 -2 -3  1  1 -2  0 -2 -2  1  2 -3 -2  3 0 0 1 55
-2 -5 -4 -5 11 -5 -5 -4 -5 -3 -3 -5 -3 -4 -4 -2 -2 -4 -4 -2 0 0 1 5
-3  7 -2 -3 -5  0 -1 -4  1 -4 -4  1 -3 -4 -3 -2 -2 -4 -3 -4 0 0 1 40
 0 -3 -3 -4 -2 -3 -3 -3 -3  1  3 -1  1  4 -3 -2 -1 -1  0  0 0 1 1 90
 2  2 -2 -2 -2 -1 -2  0 -2 -2 -1 -1 -2 -3  4  0  2 -3 -3 -1 0 1 1 65
-1 -3 -1 -2 -3 -3 -3  6 -3 -4 -3 -3 -3 -4 -3 -1 -3 -3 -4 -4 0 1 1 75
 2 -2 -1 -2  1 -2 -2  3 -3 -2 -2 -2 -2 -3 -2  1  3 -3 -3 -2 1 1 1 15
 1 -2 -1 -2 -2  1 -1 -2 -2 -3 -3 -1 -2 -4  5  3  1 -4 -3 -2 1 1 1 45
-1  5 -1 -2 -4  2  1 -3 -1 -1 -2  2  1 -3 -3 -1 -1 -3 -2 -2 0 0 1 45
 0 -2 -1  1 -3  0  2  0 -2 -2 -2 -1 -2 -1  5  0  1 -3 -2 -2 0 0 1 65
 0  0 -1 -2 -2 -1 -1 -3 -2  2  1 -1  0 -1 -2  0  1 -3 -2  2 0 0 1 40
-2 -5 -4 -5 11 -4 -5 -4 -4 -3 -3 -5 -3 -2 -4 -1 -2 -4 -4 -2 0 0 1 -5
 5 -3 -3 -3  0 -2 -2  0 -3 -1 -2 -2 -2 -3 -2  0 -1 -4 -3 -1 0 0 1 5
 1  2  2  0 -2  0 -1  1 -1 -2 -3  2 -2 -3 -2  1  1 -3 -2 -2 0 0 1 70
-1  0 -2 -2 -2 -2 -2 -3 -2  1  2 -1  1  1 -1 -1  1 -2  1  1 0 0 1 50
 0 -3 -2 -3  8 -2 -2 -2 -3 -3 -3 -2 -2 -3 -3  4  1 -4 -3 -2 0 0 1 10
-1  2 -1  1 -4 -1 -1  5 -2 -4 -4 -1 -3 -4 -3 -1 -1 -4 -4 -4 0 1 1 40
-2 -5 -4 -5 11 -5 -5 -4 -5 -3 -3 -5 -3 -4 -4 -2 -2 -4 -4 -2 1 1 1 0
-2  1 -2 -2 -3  0  0 -3 -2  2 -2  5 -1 -3 -2 -1 -1 -4 -3 -1 1 0 0 40
-2 -3 -3 -4 -2 -3 -3 -4  4  5  1 -3  0 -1 -4 -3  0 -3 -1  2 1 0 0 35
-2 -3 -3 -3 -2 -2 -3 -4 -3  4  1 -3  0  0 -3 -2  1 -3 -2  3 1 1 1 25
 0  0  0  3 -2  0  0 -2 -2 -3 -3  0 -3 -4  1  4  1 -4 -3 -3 1 1 0 95
 0 -1 -1 -1 -3 -2 -2  5 -3 -3 -3 -2 -3 -4 -3  1  0 -3 -3 -1 1 1 0 50
 0 -1  2 -1 -2 -1 -1  1 -2 -2 -1  1 -2 -3  0  2  3 -3 -2 -2 1 1 0 70
-1  1  1 -1  5  1  0 -2 -2 -2 -3  2 -2 -3 -2  1  3 -3 -3 -2 1 1 0 70
-2 -3 -4 -4 10 -1 -4 -4 -4 -3 -3  1 -3 -4 -4 -2 -2 -4 -4 -2 1 1 1 20
-2 -3 -3  0 -4 -2 -2 -3 -3 -4 -4 -1 -4 -5  8 -1 -2 -5 -4 -4 1 1 1 30
 0  0  2 -1 -3 -1 -1  0 -2 -3 -3  0 -3 -4  5  2  0 -4 -3 -3 0 1 1 75
-1 -2  2  4 -3 -1  0  3  1 -4 -4 -1 -3 -4  0  1 -1 -4 -3 -4 0 1 1 55
-3 -3 -3 -4 -3 -3 -3 -4  2 -2  0 -3 -1  4 -4 -3 -3  6  7 -2 1 1 0 30
 0  1 -1 -2 -3 -1  0 -3 -2 -3 -4 -1 -3 -4  7 -1 -1 -4 -3 -3 1 1 1 50
-2  1  2 -1 -4  0  0 -2  5 -4 -3  5 -2 -3 -2 -1 -1 -4 -1 -3 1 1 1 55
