-1 -1 -2 -3 -1  0 -2 -3 -1  1  2 -1  5  0 -2 -1 -1 -1 -1  1 1 1 1 95
 4 -2 -2 -2 -1 -1 -1  0 -2 -1 -2 -1 -1 -2 -1  1  0 -3 -2  0 1 1 1 85
 2  1 -1 -2  6  3  0 -1 -1 -2 -2  0 -1 -3 -2  0 -1 -2 -2 -1 1 1 1 70
 0 -2 -2 -2 -1 -2 -2 -2 -2  2  2 -2  1 -1 -2  1  0 -2 -1  2 1 1 1 95
-1 -1  1  2 -3  1  3  3 -1 -4 -3  0 -3 -3 -2  0 -1 -3 -3 -3 1 1 1 55
-1 -3 -2  0 -3 -1  0 -3 -3 -3 -4 -1 -3 -4  8 -1 -2 -4 -3 -3 1 1 1 70
 1 -2  0 -1 -1 -1 -1  1 -2 -1  0 -1 -1  0 -2  1  2 -2 -1 -1 1 1 1 95
-1  3  2 -1 -4  0  0 -2 -1 -3 -3  4 -2 -4  3 -1 -1 -4 -2 -3 1 1 0 80
 0  3 -1 -1 -3  2  0 -2 -1 -2  0  3 -1 -3 -2  0 -1 -3 -2 -2 1 1 1 50
 0  2 -1 -2 -2  1 -1  2 -1 -2 -1  1  2 -2 -2  1 -1 -3 -2 -2 1 1 0 35
-2  7 -1 -2 -4  0 -1 -3 -1 -4 -3  2 -2 -4 -3 -1 -2 -4 -3 -3 1 1 0 75
-1  5 -1 -2 -4  0 -1  3 -1 -4 -3  1 -2 -4 -3 -1 -2 -3 -3 -3 1 1 1 75
 0 -1  4  0 -2  0  1 -1  2 -3 -3 -1 -2  1 -2  3  0 -3 -1 -3 1 1 1 65
-2  6 -1 -2 -4  2 -1 -3 -1 -4 -3  2 -2 -4 -3 -2 -2 -4 -3 -3 1 1 1 80
-3 -4 -4 -5 -3 -4 -4 -4 -2 -1  1 -4 -1  7 -5 -3 -3  0  2 -2 1 1 1 10
-1  2  1 -1 -3  2  0 -2  2 -3 -3  4 -2 -3 -2  0  2 -3 -2 -2 1 1 1 60
-3 -3 -4 -5 -3  0 -3 -4 -3 -3 -2 -3 -2  3 -4 -3  1 11  1 -3 1 1 1 15
 0  2 -1 -2 -3 -1 -2  4 -2 -4 -4  0 -3 -4  4 -1  0 -4 -3 -3 1 1 1 10
-1 -1 -2 -2 -4 -1  1 -3 -2 -4 -4  3 -3 -4  6  1 -2 -4 -3 -3 0 0 1 70
 4 -2 -2 -2 -2 -1  2 -1 -2 -3 -3 -1 -2 -3  3  1 -1 -4 -3 -2 0 0 1 20
 2 -2 -1 -2  6  0 -2 -2  1 -3 -3 -2 -2 -3 -2  4  0 -4 -3 -2 0 0 1 0
-2 -1 -2 -2 -3  5  0 -3 -2  0  2  0  0 -2 -3 -2  0 -3 -2  0 0 0 1 35
 1  2  0  1 -3  4  0 -2  2 -3 -2  0  1 -2 -2  1  0 -3  1 -2 0 0 1 60
-2 -4 -4 -4 -2 -3 -4 -4 -4  5  1 -3  0  1 -4 -1 -1 -3 -2  3 0 0 1 15
-2 -2 -3 -3 -2 -2 -3 -3 -3  2  4 -2  4 -1 -3 -2  0 -2 -2  1 0 0 1 0
-2  0 -1 -1  1  0  3 -3  1  0 -1 -1  0  1 -2 -1  0 -1  4 -1 0 0 1 50
-1  2  1  1 -3  3  1 -2  1 -3 -3  1 -2 -3 -2  2 -1 -3 -2 -2 0 0 1 50
 2 -2  0 -2 -2 -1 -2 -2 -1 -1  0  0 -1  2  0  0 -1 -1  4 -1 0 0 1 10
-2 -3 -3 -3 -3 -2 -3  1  0 -2 -2 -3 -2  5 -3 -2 -2  0  6 -2 0 0 1 15
 0 -1  2  1 -2  1  2 -1 -1 -1 -1  0  0 -2 -1  0  1  1 -2 -1 0 1 1 65
-1  4  2  1 -4  1  1 -2  1 -1 -3  1 -2 -3 -3  0 -1 -4 -2 -3 0 1 1 70
-2 -1  5  1 -4  4  1 -2  2 -4 -4 -1 -3 -4 -3  1 -1 -4 -3 -4 1 1 1 35
 1  2 -1 -2 -3  3  0 -2 -2 -3 -3  3 -2 -4  3  0  0 -4 -3 -3 1 1 0 45
-2 -1  3 -1 -3  1  1 -3  0 -2  0  0 -1  2 -3 -1 -2 -1  4 -2 1 1 0 65
-2 -3 -3 -2 -4 -2  0  0 -3 -2 -3 -2 -3 -4  7 -2 -2 -5 -4  1 1 1 1 15
-1 -2  0  3 -2 -1  0  1 -2 -2  0 -1 -1 -3  1  2  1 -3 -3 -2 1 1 1 45
 0  2 -1  0 -3  2  2 -2 -1 -3 -2  4 -2 -4 -2  1 -1 -4 -3 -3 0 0 1 55
 1 -1  1  0  0  4  4 -1 -1 -3 -3  0 -2 -4  2 -1 -1 -3 -3 -3 0 0 1 70
 1  0 -1 -1 -3  2  4 -2 -1 -2  0  2  2 -3 -2 -1  0 -3 -2 -2 0 0 1 30
-2  6  1 -1 -4  0  2 -3 -1 -4 -3  2 -2 -4 -3 -1 -2  1 -3 -3 0 0 1 10
 0 -1  1  3 -4  0  5 -2 -1 -3 -1 -1 -2 -4 -2 -1 -2 -4 -3 -3 0 0 1 40
 1 -1  0 -1 -2  1  3 -1 -2 -1  0 -1  0 -2 -2  1  1 -3 -2 -1 0 0 1 45
-2  1 -3 -4 -2 -2 -3 -4 -3  4  3 -2  1 -1 -3 -3 -2 -3 -2  2 0 0 1 5
 2 -3 -2 -3 -1 -2 -2 -2 -3  2  0 -2  0 -2 -2  0  1 -3 -2  4 0 0 1 10
 0  1  2  1 -3  0  3 -2  1 -2 -3  1 -2 -3 -2  2  0 -4 -2 -2 0 0 1 50
 2 -1 -1 -1 -2  0  3 -2 -2  0 -2  0 -2 -3  2  1  0 -3 -3 -1 0 0 1 30
-2 -4 -3 -4  9 -4 -4 -4 -4  1 -2 -4 -2 -3 -4  1 -2 -4 -4 -2 0 0 1 -5
-2 -2  6  0  3 -1 -1 -2  4 -4 -4 -1 -3 -4 -3  1 -1 -4 -2 -4 0 0 1 5
 1  5 -1 -1 -1  0  1 -2  1 -1 -2  1 -2 -3 -2  0 -1 -3 -2 -2 0 0 1 50
 4 -1 -1 -1 -1  1 -1 -1 -1 -1 -1 -1 -1 -2  1  0  0 -2 -2  0 0 0 1 10
-1 -1  2  0 -2  0  3  1 -1 -2 -2  0 -2 -2 -1  1  0 -2 -2 -2 0 0 1 0
-1 -3 -3 -3  7 -2 -3 -3 -3  1  0 -3 -1 -2 -3  0 -1 -3 -2  3 0 0 1 0
 0  0 -2 -3  2 -2 -1 -3 -3  3  2 -2  1 -1 -2 -2 -1 -3 -2  2 0 0 1 55
-1  0 -1 -1 -3  6  1  0 -1 -3 -2  1  1 -3 -2  0 -1  5 -2 -3 0 0 1 45
 0  4  1 -1 -3  0  1 -2 -1 -2 -2  3 -2 -3 -2  0 -1 -3 -2 -1 0 1 1 55
 1 -2  1 -1 -3  1 -1  4 -2 -3 -3 -1 -2 -3  3 -1 -1 -3 -3 -3 0 1 1 85
 0 -2 -2 -2  4 -1 -1  2 -2  0  0  0 -1  0 -2 -1  0 -2 -1  2 1 1 1 35
 0  2 -1 -1 -2  0  1  0 -1 -2 -2  2 -2 -3  3  2  0 -3 -2 -2 1 1 1 45
 1 -2 -2 -2 -3 -2 -2  0 -3 -3 -2  1 -3 -3  6 -1 -2 -4  0 -3 0 1 1 50
 0 -2  1 -1 -2 -1  0  1 -2  0  1 -1 -1 -2  1  3  0 -3 -2 -1 0 1 1 75
-1  0  2 -1 -3  2  1 -1  2 -2 -1  2  2 -2 -2  1  0 -3 -2 -2 1 1 1 50
 2 -1 -1 -1 -1 -1  1  1 -2  0  0  0  0 -2 -1  0 -1 -2 -2  1 0 0 0 15
 0  1  0 -1 -2  2  1  1  4 -2 -2  2 -1 -2 -1  0  0 -2 -1 -2 0 0 0 60
 0 -2 -1  1 -2 -1  0  4 -2 -1 -1 -1 -1 -2 -1 -1 -1 -2 -2  1 0 0 0 45
 0 -2 -2 -2 -1 -1 -2 -2 -2  0  3 -2  1  1 -2  0  1 -1 -1  0 0 0 0 5
 0 -2  0  1 -2 -1 -1  4 -2 -2  0 -1 -1 -2 -1  0 -1 -2 -2 -2 0 0 0 45
 0 -1  0  1 -2  1  0 -1  2 -1  0 -1 -1  1 -1  2  0 -2  1 -1 0 0 0 45
-1 -1  3  1 -3  0  3 -2 -1 -3 -3  0 -2 -3 -2  1  2 -3 -2 -2 0 0 0 25
-1  2  0 -2  2  0  0  0 -2 -1  2  1  2 -2 -3 -1 -1 -3 -2 -1 1 1 1 30
-1  1 -3 -4 -2 -3 -3 -4 -3  2  0 -2  0  1 -3 -2 -1 -3 -1  5 1 1 1 0
-1  1  0 -2 -2 -1 -1 -2 -2 -2 -2 -1 -2 -3  1  2  5 -3 -3 -1 1 1 1 25
 0  1 -1  0 -3  0  4 -2 -1 -3 -2  0 -2 -3  0  2  0 -3 -3 -2 0 0 1 35
 0 -2 -2 -3  2  0 -2 -3 -3  1  1 -2  0 -2  0  0  2 -3 -2  3 0 0 1 40
-2  4 -1 -2 -3  2  0 -3 -1 -2 -1  3  1 -3 -2 -1 -1 -3 -2 -1 0 0 1 20
-1 -3 -2 -3 -2 -2 -3 -3 -3  2  0 -2  0 -2 -3  0  2 -4 -2  4 0 0 1 -5
-3 -2  2 -3 -3  0 -2 -3  3  0 -2 -2 -2  1 -4 -2 -2  5  7 -2 0 0 1 55
-2 -1  5  0 -3 -1 -1 -2  3 -3 -3 -1 -2 -2 -3  0  3 -3  2 -3 0 0 1 40
-4 -4 -5 -5 -4 -3 -4 -4 -3 -3 -3 -4 -3  0 -5 -4 -3 11  3 -1 0 0 1 5
-3 -4 -4 -4 -3 -4 -4 -3 -2  2  0 -4 -1  7 -4 -3 -3  0  2 -1 0 0 1 0
 4 -1  0 -2 -1 -1 -1 -1  0 -1 -2  1 -1 -3 -2  1  1 -3 -2 -1 0 0 1 35
-2 -2  6  0 -3 -1 -1  2 -1 -4 -4 -1 -3 -4 -3  1 -1 -4 -3 -4 0 0 1 35
-2  6 -1 -3 -4  0 -1 -3 -1  1 -2  1 -2 -3 -3 -2 -2 -3 -2 -2 0 0 1 25
-2  7 -1 -2 -4  0 -1 -3 -1 -4 -3  1 -2 -4 -3 -2 -2 -4 -3 -3 0 0 1 50
-1  2 -1 -1 -4  1  0 -2 -1 -3 -3  6 -2 -4 -2 -1 -1 -4 -3 -3 0 0 1 55
-2 -1  0  3 -4  3  5 -2 -1 -4 -3  0 -2 -4 -2 -1 -1 -3 -3 -3 0 0 1 35
 1 -1  2  1 -2  0  2 -1 -1  1 -1 -1  1 -2 -2  0 -1 -3 -2  0 0 0 1 45
 2  0 -1 -1 -2  0  0 -2 -2 -2 -2  3 -1 -3 -1  0  3 -3 -2 -1 0 0 1 50
-2  4  2 -2 -3 -1 -1 -2 -1 -1 -1  1 -1  4 -3 -1 -1 -2  0 -2 0 0 1 55
-2  5 -1 -2 -3  2  0 -2 -1 -3 -2  4  1 -3 -2 -1 -1 -3 -2 -2 0 0 1 60
 1 -1  0 -2 -2  3  0 -2  4 -1  1  0  1 -2 -2  0 -1 -2 -1 -1 0 0 1 80
-1  2  2 -1 -3  2  0 -2 -1 -3 -3  4 -2 -3 -2  0 -1 -3 -2 -3 0 0 1 70
 0 -2 -3 -3 -2  1 -2 -3 -2  2  2 -2  3  0 -3 -2 -1 -2  0  1 0 0 1 55
 3  0 -1 -1 -1  1  0 -1 -1 -1 -2  0 -1 -3 -1  2  0 -3 -2  0 0 0 1 45
 0 -1  0 -2 -2  0 -1 -2  4  1  1 -1  3 -1 -2  0  0 -2  0  0 0 0 1 70
-1 -1  2  4 -3  0  3 -1 -1 -3 -3  0 -2 -3 -2  1  1 -4 -3 -3 0 0 1 25
 2 -1 -1 -2 -1 -1 -1 -1 -2  0 -1  0  1 -2 -1  1  3 -3 -2  0 1 1 0 45
 0 -2 -3 -3 -2 -2 -2 -3  0  0  1 -2  0  2  1 -1 -1  1  5 -1 0 0 1 90
 1 -1  0  0 -2  0  2 -1 -1 -2 -2  0 -2 -2 -1  3  1 -2  1 -2 1 1 1 60
 1 -1 -1 -1 -1 -1 -1 -1 -2  0  0 -1  0 -2 -1  2  2 -3 -2  1 1 1 1 70
-2  0  5  1 -3  0  0 -1  4 -3 -3  0 -2 -3 -2  0  0 -4 -1 -3 1 1 1 30
