-2 -3 -4 -4 -2 -2 -3 -4 -3  2  1 -3  8 -1 -4 -3 -2 -3 -2  2 1 1 1 95
 1 -2  0  3 -2  0  2 -2 -2  0 -2 -1 -1 -3  0  1  1 -4 -3  0 1 1 1 85
-1 -1  0  3 -4  2  4 -3 -1 -4 -4  0 -3 -3 -2  0  1 -3  1 -3 1 1 1 75
-1 -1  2  3 -4  3  3 -2  0 -4 -4  1 -3 -4  2  1 -1 -2 -3 -3 1 1 1 70
-1 -1  0  2 -3  2  2  0 -2 -2 -2  1 -2 -2  3  0  0 -4 -3 -1 0 1 1 95
 2 -2 -2 -2 -2 -2  0  2 -3  1 -1 -2 -1 -3  2  0  1 -4 -3  2 1 1 0 30
-1 -1 -2 -2 -3  1 -1 -3 -1  0 -1  2  0  2 -3  0  2  0  2  1 1 1 1 30
 0 -2 -2 -3 -3 -1 -1 -3  0 -1  2  0 -1  0  5 -1 -1 -3  0  0 1 0 0 25
 6 -3 -3 -3 -2 -3 -3  1 -3 -3 -3 -2 -3 -4 -3  0 -2 -4 -4 -1 1 0 0 0
-2  4  0 -1 -3  0  3 -3 -2 -2 -2  3  0 -4 -3 -2 -1 -4 -3 -1 1 0 0 30
-2 -5 -5 -5 -3 -4 -4 -5 -5  2 -1 -4 -1 -3 -4 -4 -2 -5 -3  7 1 0 0 0
-1 -2 -1 -2 -2 -2 -1 -4 -3  4  0 -2  0 -2 -3 -1  4 -4 -3  3 1 0 0 40
-2  1 -1  0 -5  3  3 -3  1 -4 -4  5 -1 -4 -3 -1 -2 -4 -3 -4 1 0 0 65
-2 -4 -3 -5 -2 -4 -3 -5 -5  4  1 -4 -1 -2 -4 -3 -1 -4 -3  5 1 0 0 35
-2 -4 -3 -5 -3 -3 -4 -5 -4  3  4 -4  2  0 -4 -3 -1 -3 -2  2 1 0 0 50
-2 -4  0 -2 -1 -3 -3  7 -1 -5 -5 -1 -4 -5 -4  0 -3 -4 -5 -3 1 1 1 35
-3  7 -1  0 -5  0 -1 -3 -2 -4 -3  2  0 -4 -4 -2 -3 -1 -3 -3 1 1 1 70
-1 -3 -2 -3 -3  0 -3 -4 -2  0 -3 -3 -2 -4  1  0  6 -4 -3  0 0 1 1 45
-2 -4 -2 -3 -4 -4 -4  7 -4 -5 -5 -4 -4 -5 -4  0 -3 -5 -5 -1 1 1 1 15
 0 -2  0 -2 -3 -2 -2 -1  2 -1 -1 -1  4 -3 -2  4  0 -4 -3  0 1 1 0 95
-1  4 -2 -3 -4  4 -1 -2  4 -4 -4  0 -2 -2 -3  0  1 -4  0 -3 1 1 0 75
-2 -4 -2 -1 -4 -3 -3  7 -4 -5 -5 -3 -4 -5 -4 -2 -3 -4 -5 -3 1 1 0 25
-1  1  0 -1 -4  5  3  1 -2 -2 -2  0 -2 -4 -3 -1 -1 -4 -3 -3 1 1 0 60
 1 -2 -4 -4  7 -3 -4 -2 -4  2  0 -3 -1 -1 -4 -2 -2  0 -2  3 1 0 0 0
-2 -1 -1 -3 -3 -2 -2 -3 -3  1 -1 -1  3 -2 -3  0  6 -4 -1 -1 1 0 0 10
-2 -1 -2 -2 -5  7  1 -2  0 -2 -2  0 -2 -5 -2 -1 -2 -4 -3 -4 1 0 0 20
-2 -4 -5 -5  2 -4 -4 -5 -5  2  0 -4  2 -3 -4 -3 -1 -5 -3  6 1 0 0 5
-3  6 -2 -1  1  1 -1 -4  1 -2 -1  3 -3 -4 -3 -2 -1 -4 -3 -3 1 0 0 30
-1 -4 -4 -5  6 -4 -4 -2 -5  1  0 -4  3 -3 -4 -3 -2 -4 -3  5 1 0 0 5
-2  4 -2  1 -5  2  5 -3 -2 -4 -4  2 -3 -5 -3 -1 -1 -4 -3 -3 1 0 0 45
-3 -4 -5 -5 -1 -4 -5 -5 -4  3  2 -4 -1  6 -5 -2 -3 -2  0  1 1 0 0 5
-2 -1 -2 -4 -3 -1 -3 -4 -3  2  3 -3  6 -1 -4 -2 -1 -3 -3  1 1 1 0 40
-1 -2  0  5 -4 -1  3  1  1 -4 -4  0 -3 -4  0  0 -1 -4 -3 -3 1 1 0 65
 0 -1  1  0 -2  0  0  3  1 -2 -2 -1 -2  0  0  0 -1 -2  0 -2 1 1 0 10
-1  2  0  0 -2  0  1  0 -1 -1 -2  1 -1 -2  3  0  0 -2 -1 -1 1 1 0 95
-2  0  3  6 -4  0  1 -2 -1 -4 -3  0 -3 -4 -2 -1 -2 -2 -3 -4 1 1 0 60
-1  1 -1 -1 -3  2  1 -2  1 -2 -2  3  2 -3  0  0  2 -3 -2 -1 1 1 1 65
-1 -1  2 -1 -3  0 -1  4  1 -3 -3  0 -2 -2 -1  3  0 -3 -2 -3 1 1 0 55
-3  7 -2 -3  3 -1 -2 -2  2 -4 -2  1 -3 -4 -3 -2 -3 -4 -3 -3 1 1 1 60
 0 -1 -2 -2 -1  1 -2 -3  0  3 -1 -1  0 -1 -3  3  1 -3  1  0 1 0 0 55
-3 -4 -5 -5 -3 -4 -5 -5 -5  6  2 -4  1  1 -4 -3 -2 -4 -2  1 1 0 0 25
-2 -1 -2 -4  0  0 -3 -4 -4  5  1 -3  2 -2 -3 -2  2 -4 -3  2 1 0 0 65
-3  7 -3 -4  2  0 -2 -4  3 -5 -3  0 -3 -5 -1 -3 -3 -5 -3 -4 1 0 0 15
 0 -2  7  0 -4 -2 -2 -2 -2 -5 -5  2 -4 -5 -4  0  0 -6 -4 -4 1 0 0 30
-1 -4 -4 -5  1 -4 -4 -5 -5  2 -1 -4  2 -3 -4 -2 -1 -5 -3  6 1 0 0 55
-3  1 -2 -3 -5 -1 -1 -4 -3 -1 -1  6  2 -2 -3 -1 -2 -5 -3 -2 1 0 0 70
-2 -1 -2 -1 -5 -3 -1  7 -4 -6 -6 -3 -5 -5 -4 -1 -3 -5 -5 -5 1 1 0 35
 2 -2 -1 -1 -2 -1 -1  3 -2 -3 -3 -1 -2 -3  4  2  0 -3 -3 -2 1 1 1 85
-1 -4 -4 -4  1 -3 -4 -2 -4  3  1 -3  2 -1 -4 -3 -1 -4 -2  5 1 1 1 20
-2  6 -2 -3  3  0 -1 -2  1 -3 -2  2 -2 -4 -3 -1 -2 -4 -3 -2 1 1 1 80
-1 -1 -2  0 -3  1  4 -3 -2  0  0  1  0 -3 -2 -1 -1 -3 -2  1 0 1 1 70
-1 -3  1  0 -4 -2 -1  6 -3 -5 -5 -2 -4 -4 -3  0 -2 -4 -4 -4 0 1 1 35
-3 -3  1  7 -5  0  1 -1  1 -5 -5 -2 -4 -5 -3 -1 -2 -5 -4 -4 1 1 1 40
-2 -3 -4 -4 -2 -3 -4 -4 -3  4  1 -3  3  0 -4 -3 -1 -3  0  4 1 0 0 50
-2 -3 -4 -5 -2 -3 -4 -5 -4  3  5 -4  1  1 -4 -3 -2 -3 -2  2 1 0 0 70
 0 -1 -1 -1  2  0  1 -3  0  1 -1 -1  3 -2 -2  0  3 -3 -2  0 1 0 0 50
-3 -4 -5 -5 -3 -4 -4 -5 -4  2  5 -4  2  1 -4 -4 -3 -3 -2  0 0 0 1 10
-2  2 -3 -1 -3  0 -1 -4 -3  0  4  0  3  0 -2 -3 -2  0 -2 -1 0 0 1 85
-3 -2  0  2 -5  1  7 -4 -2 -5 -5 -1 -4 -5 -3 -2 -2 -5 -4 -4 1 1 1 70
 1 -2 -1 -2  4 -2 -2 -2 -3 -2 -1 -2 -2 -3 -2  4  4  1 -3 -2 1 1 1 25
 0 -1 -2  0 -4  1  6 -2 -2 -2 -3  0 -3 -4 -2 -1 -2 -4 -3 -3 1 1 1 55
-2  7 -2 -3 -4  1  0 -3  0 -3 -3  1  1 -4  0 -2 -2  0 -3 -3 1 1 1 85
-2 -1 -1  2 -5  2  6 -3 -2 -4 -4 -1 -3 -5 -3 -1 -2 -4 -3 -3 1 1 1 60
 5 -3 -3 -3 -2 -2 -2 -1  2 -2 -2 -2 -2 -3 -2  0 -1 -4 -3  1 1 1 1 65
-2  6 -1  0 -4  1 -1 -1  2 -4 -3  2 -1 -3 -3 -2 -2  4 -2 -4 1 1 1 85
-1  6 -1 -2 -4  1  0 -3 -1 -4 -3  3 -3 -4  0 -1 -2 -4 -3 -3 1 1 1 80
-2 -3 -4 -4 -2 -3 -4 -3 -4  3  4 -3  2 -1 -4 -3  0 -3 -2  0 1 1 1 75
-1  5 -1 -2 -3  0 -1  0 -1 -3 -2  2 -2 -3 -3  0  0 -3 -3 -2 0 0 1 90
 0  1  0 -1 -2 -1 -1  1 -1  0 -1  0 -1 -2  0  1  1 -2  0  1 1 1 1 55
-1  5 -1 -2 -3  2  0 -2 -1 -3 -2  3  1 -3 -2  0 -1 -3 -2 -2 1 1 1 85
-1  5  0 -1 -3  1  0 -2 -1 -3 -2  3 -1 -3 -2 -1 -1 -3 -2 -2 1 1 1 95
 4 -2 -2 -2  0 -1 -1  0 -2 -1 -2 -1 -1 -2 -1  1  0 -3 -2  0 0 0 1 0
 4 -2 -2 -2  0 -1 -1  0 -2 -1 -2 -1 -1 -2 -1  1  0 -3 -2  0 0 0 1 10
 4 -2 -2 -2  0 -1 -1  0 -2 -1 -2 -1 -1 -2 -1  1  0 -3 -2  0 0 0 1 50
-2 -2 -4 -4 -1 -2 -3 -4 -3  2  4 -3  2  0 -3 -3 -1 -2 -1  1 0 0 1 25
 0  0  0  1 -2  1  4 -1 -1 -3 -3  0 -2 -3 -1  3  1 -3 -2 -2 0 0 1 45
-2  0  1 -1 -3  0  0 -2  8 -3 -3 -1 -2 -1 -2 -1 -2 -2  2 -3 0 0 1 45
-2  0  1 -1 -3  0  0 -2  8 -3 -3 -1 -2 -1 -2 -1 -2 -2  2 -3 0 1 1 40
-2  0  1 -1 -3  0  0 -2  8 -3 -3 -1 -2 -1 -2 -1 -2 -2  2 -3 1 1 1 40
-2  0  1 -1 -3  0  0 -2  8 -3 -3 -1 -2 -1 -2 -1 -2 -2  2 -3 1 1 1 50
-2  0  1 -1 -3  0  0 -2  8 -3 -3 -1 -2 -1 -2 -1 -2 -2  2 -3 1 1 1 60
-2  0  1 -1 -3  0  0 -2  8 -3 -3 -1 -2 -1 -2 -1 -2 -2  2 -3 1 1 1 85
