-1 -1 -1 -1 -1 -1 -1 -1 -1 -1 -1 -1 -1 -1 -1 -1 -1 -1 -1 -1 1 1 1 95
-1 -4 -2 -3 -4 -3 -4  7 -4 -6 -5 -3 -4 -5 -4 -2 -3 -4 -5 -5 1 1 1 95
-1 -4  0 -3 -4 -3 -3  7 -3 -5 -5 -3 -4 -5 -4  0 -3 -4 -4 -5 1 1 1 55
-2  1 -1 -2 -5  0 -1 -3 -2 -4 -4  7 -3 -5 -3 -2 -2 -5 -4 -4 1 1 1 80
-5 -5 -6 -7 -5 -4 -5 -3 -5 -5 -3 -5 -4 -1 -6 -5 -5 12  0 -5 1 1 1 85
-1 -3 -1 -2 -3 -2 -2 -2 -3 -4 -4 -2 -3 -4 -2  6  0 -5 -2 -4 1 1 1 95
-3  1 -2 -2 -5  0 -1 -3 -2 -5 -4  7 -3 -5 -3 -2 -2 -5 -4 -4 1 1 1 75
-1  3  1 -2  3 -1 -2 -2 -1 -4 -3 -1 -3 -4 -2  5  0 -4 -3 -3 1 1 1 95
-1 -1 -1 -2  0 -2 -2 -1 -2 -3 -4  0 -3 -4 -2  6  0 -4 -3 -3 1 1 1 90
-1 -2 -3 -3 -2 -2 -3 -1 -3  4  1 -1  3 -1 -2 -2 -1 -2 -2  3 1 1 1 90
-1 -3 -3 -2 -1 -3 -3  1 -4  2 -1 -3 -1  0  0 -1 -1 -3 -2  4 1 1 1 80
-1 -2 -2 -2 -4 -3 -2  7 -4 -5 -5 -2 -4 -5 -4 -2 -3 -4 -5 -5 1 1 1 75
-5 -5 -6 -7 -5 -5 -5 -5 -5 -5 -4 -6 -4 -1 -6 -5 -5 13  0 -5 1 1 1 85
-1 -4 -3 -2 -4 -2 -3 -4 -4 -4 -4 -3 -4 -4  8  0 -2 -5 -4 -4 0 0 1 80
 4 -1 -1 -1 -2  0 -1 -1 -2 -3 -3  0 -2 -3 -2  0  2 -4 -3 -1 0 0 1 65
-2 -4 -4 -5 -2 -4 -4 -5 -5  4  0 -4 -1 -2 -4 -3 -1 -4 -3  6 0 0 1 70
-3  8 -2 -3 -5 -1 -2 -4 -2 -4 -4  1 -2 -5 -4 -2 -2 -5 -4 -4 0 0 1 70
-2 -1 -2  1 -5  1  7 -4 -2 -5 -5 -1 -4 -5 -3 -2 -3 -5 -4 -4 0 0 1 55
-3  7 -2 -3 -5 -1 -2 -4 -2 -5 -4  1 -3 -5 -4 -2 -2 -5 -4 -4 0 0 1 60
-3 -3 -4 -5 -3 -2 -2 -5 -4  2  0 -3  9 -2 -4 -3 -2 -4 -3 -1 0 0 1 55
-3  7 -2 -3 -5  1  0 -3 -1 -3 -4  2 -3 -4 -3 -2 -1 -4 -3 -4 0 0 1 65
-3  7 -2 -3 -5  2 -1 -4 -2 -5 -4  1 -3 -5 -4 -2 -2 -4 -3 -4 0 0 1 75
 4 -3 -2 -3 -2 -2 -2 -2 -3 -2 -3 -2 -2 -4 -2  0  4 -4 -3 -1 1 1 1 70
-2  0 -1  1 -5  1  6 -3 -2 -5 -4  0 -3 -5  1 -1 -2 -4 -4 -4 1 1 1 65
-1 -3 -4 -3 -5 -3 -3 -4 -4 -5 -5 -3 -4 -6  8 -2 -2 -6 -5 -4 1 1 1 90
 6 -2 -3 -3 -2 -2 -1 -1 -3 -3 -3 -2 -3 -4 -2  0  0 -4 -3 -2 1 1 1 80
 6 -3 -3 -3 -2 -2 -1 -1 -3 -3 -3 -2 -3 -4 -1  0 -1 -4 -3 -2 1 1 1 90
 0 -2  0  5 -4  0  5 -2 -2 -4 -4 -1 -3 -4 -2 -1 -2 -5 -4 -3 0 1 1 95
 0 -2 -2 -3 -4 -3 -3  7 -4 -5 -5 -3 -4 -5 -2 -2 -2 -4 -5 -4 0 1 1 70
 0 -2 -4 -3 -2 -3 -3 -4 -4  1 -1 -3 -1 -3 -4 -3 -2 -4 -3  6 1 1 1 95
 0 -2 -2 -3 -4 -3 -3  7 -4 -5 -5 -3 -4 -5 -4 -2 -3 -4 -5 -3 1 1 1 85
 6 -3 -3 -3 -2 -1 -2 -1 -3 -3 -3 -2 -2 -4  0  0 -1 -4 -3 -1 1 1 1 55
 4 -3 -3 -4 -2 -3 -3 -1 -4  0 -2 -3 -1 -3 -1 -1 -1 -4 -3  4 0 0 1 70
-1 -3 -1 -2 -3 -2 -1 -2 -3 -4 -4 -2 -3 -4 -2  6  0 -5 -4 -4 1 1 1 55
-3  7 -2 -3 -5  3 -1 -3 -2 -5 -3  1 -3 -5 -4 -2 -3 -4 -3 -4 0 0 1 60
-4 -3  0  8 -5 -2  0 -3 -3 -5 -6 -3 -5 -6 -3 -2 -3 -6 -5 -5 1 1 1 65
-3 -4 -5 -5 -3 -4 -5 -5 -4  0  6 -4  1 -1 -2 -4 -3 -3 -3 -1 0 0 1 70
-1 -2 -1  4 -5  0  6 -2 -2 -5 -4  0 -4 -5 -3 -1 -2 -5 -4 -4 0 0 1 45
-2  4 -1 -2 -5  1  0 -3 -2 -4 -4  6 -3 -5 -3 -2 -2 -4 -3 -4 0 0 1 40
-4 -1 -2 -3 -2 -2 -2 -4 10 -5 -5 -3 -4 -2 -4 -3 -4 -4  3 -5 0 0 1 60
-1 -3 -2 -3 -4 -3 -3  7 -4 -6 -5 -3 -4 -5 -4 -2 -3 -4 -5 -5 0 0 1 55
 6 -3 -3 -3 -2 -2 -3 -1 -3 -3 -3 -2 -3 -4 -2  0 -1 -4 -3 -2 1 1 1 65
-3 -4 -5 -5 -3 -4 -5 -5 -5  6  3 -4  0 -1 -4 -4 -2 -4 -3  1 1 0 0 65
-1 -3 -2 -3 -3 -2 -3 -3 -3 -2 -3 -2 -2 -4 -3  0  7 -4 -3 -2 1 1 1 70
 0 -2  0 -2 -2 -2 -2 -2 -2 -3 -4 -2 -3 -4 -2  6  1 -4 -3 -2 1 0 0 65
 0 -2  0 -2 -3 -2 -2 -2 -2 -4 -4 -2 -3 -4 -2  6  0 -4 -3 -3 1 1 1 80
-3 -2  8  0 -5 -2 -2 -2 -1 -3 -5 -2 -4 -5 -4 -1 -2 -6 -4 -5 1 1 1 65
-1 -3 -2 -3 -2 -2 -2 -3 -3 -2 -3 -2 -2 -4 -3  0  7 -4 -3 -2 1 1 1 90
 5 -3 -3 -2 -2 -2 -2 -1 -3 -2 -3 -2 -2 -4  3  0 -1 -4 -3  0 1 1 1 75
 4 -2 -1 -2 -2  0 -1  0  1 -2 -2 -1 -2 -3 -2  1  2 -4 -2 -1 1 1 1 70
-2 -2  6 -1 -3 -2 -2 -2 -1 -3 -3 -2 -3 -4 -3  0  5 -4 -3 -2 1 1 0 90
-3 -2  8  0 -5 -2 -2 -2 -1 -5 -5 -2 -4 -5 -4 -1 -2 -6 -4 -5 1 1 1 85
 6 -3 -3 -2 -2 -2 -2 -1 -3 -3 -3 -2 -2 -4  1  0 -1 -4 -3 -1 0 0 1 80
 2 -3  0  6 -4 -2  0 -2 -3 -4 -4 -2 -4 -5 -3 -1 -1 -5 -4 -3 1 1 0 75
-2 -5 -5 -5 11 -5 -6 -5 -5 -2 -2 -5 -2 -4 -5 -2 -3 -4 -4 -1 0 0 1 90
 6 -3 -3 -3 -1 -2 -2 -1 -3 -3 -3 -2 -2 -4 -2  0 -1 -4 -3 -1 1 1 1 55
-5 -5 -6 -7 -5 -4 -5 -5 -5 -5 -4 -5 -4 -1 -6 -5 -5 12  0 -5 1 1 1 95
-1 -1 -1 -1 -1 -1 -1 -1 -1 -1 -1 -1 -1 -1 -1 -1 -1 -1 -1 -1 1 1 1 85
