 2 -2 -1 -2 -2 -1 -2  5 -2 -3 -3 -1 -2 -3 -2  2 -1 -3 -3 -2 1 1 1 55
 2 -2 -1 -2 -2 -1 -1  1 -2 -3 -3 -1 -2 -3  5  1  1 -4 -3 -2 1 1 1 75
-2  3 -1  0 -4  4  3  1 -1 -4 -2  0 -2 -1 -2 -1 -1 -3  0 -3 1 1 1 45
-1  1 -1 -2 -3  0 -1 -3  6 -3 -2  3 -2 -2 -3 -1  2 -3  2 -3 1 1 1 50
-2 -2 -3 -4 -2 -3 -3  0 -3  0  4 -3  1  1 -4 -1 -2 -3 -2  0 1 1 1 30
-3 -6 -5 -6 11 -5 -6 -5 -5 -3 -3 -5 -4 -5 -5 -3 -3 -5 -5 -3 1 1 1 25
-1 -2 -2 -3 -4 -3 -3  6 -3 -5 -5 -3 -4 -5 -3  1 -2 -4 -4 -4 0 0 1 45
 1  2 -1 -1 -3  0  1  1 -2 -3 -3  2 -2 -4 -1  3 -1 -4 -3 -3 0 0 1 55
-2  1  1  2 -4  2  3  0  5 -4 -4  0 -3 -3 -2  0 -1 -3  1 -3 0 0 1 50
-3 -4 -4 -5 -3 -3 -4 -5 -4  0  5 -4  1 -1 -4 -1 -2 -3 -3 -1 0 0 1 5
 1  0 -3 -3 -2 -2 -3 -1  1  1  1 -2  0 -2 -3  0 -1 -4 -2  4 0 0 1 35
-3 -3  1  6 -5 -1  3  0 -2 -5 -5 -2 -4 -5 -3  0 -2 -5 -4 -4 0 0 1 50
 3  1 -2  0 -2 -1 -2 -2 -2  0 -2 -1  1 -3 -2  1  2 -4 -3  0 0 0 1 5
-3 -4 -5 -5 -3 -3 -4 -5 -4  1  5 -4  5 -1 -4 -4 -2 -3 -2  0 0 0 1 0
 0  1  1 -2 -3  3  0 -3  1 -3 -2 -1  0  0 -3  1  0 -1  5 -2 0 0 1 35
-2 -2 -3  0 -3 -2  0 -4 -2  0  2 -1  1  5 -3  0 -2 -1  2  0 0 0 1 60
 0 -3 -4 -4 -2 -3 -3 -4  0  3  1 -3  1 -2 -3 -2  0 -4 -2  4 0 0 1 20
-2 -4 -4 -4 10 -4 -4 -4 -4 -3 -3  0 -3 -4 -4 -2 -2 -4 -4 -3 0 0 1 5
-1  2  0 -1 -3  0  0  5 -2 -4 -3  0 -3 -3 -2  0 -2 -3 -3 -3 0 0 0 30
 0  0  1  4 -3  0  3  0  0 -2 -3 -1 -2 -3  0  0 -1 -3 -2 -1 0 0 0 80
-2  6  0  0 -3  1  1 -2 -1 -3 -3  1 -2 -3 -2  0 -1 -3 -2 -3 0 0 0 45
-1 -3  1 -2 -4 -3 -3  6  4 -5 -5 -3 -4 -4 -4 -2 -3 -4 -3 -5 1 1 1 20
-2 -3 -3 -4  3 -3 -3 -1 -2  1 -1 -3 -1  6 -3 -3 -2 -1  3  0 1 1 1 20
-1 -2  3 -3 -3 -2 -2 -3  2 -1 -2 -1 -2  3 -3 -2 -2  5  6 -2 1 1 1 40
 0 -1  2 -2 -2 -1  0 -1 -1 -1 -1 -2 -1  3 -3  1  1 -1  3 -1 1 1 1 35
-1  0  3  0 -3  1  0  0  0 -2 -3 -1  0 -3  3  2  0 -4 -2 -2 1 1 1 40
-2  0 -1 -2 -4 -2 -1  0  1 -3 -2  3 -3  0  5  0  0 -4 -1 -1 1 1 1 35
-1  1  1  0 -4  0  0 -3  1 -4 -3  3  1  1  3  0  0  3 -2 -3 1 1 1 45
 0  1  1  0 -3  0  0 -1  2 -3 -3  1  0  0  1  1  1 -3  2 -1 1 1 1 45
 0  4 -1  0 -3  0 -1  2 -2 -4 -4  0 -3 -4  1  2 -1 -4 -1 -2 1 1 1 45
-1  4 -1 -1 -3 -2 -1 -2  2 -1 -2  0 -2  2  0  0 -2 -2  3 -1 1 1 1 70
-1  0  0  0 -3  1  1  3  1 -2 -1  1 -2 -3  0 -1 -1 -3 -3 -1 0 0 1 70
 1  0  1  1 -2  0  1  0 -2 -1 -1 -1 -2 -3  2  2  0 -3 -1  0 1 1 0 80
 0  1  1  0 -3  2  2 -1  2 -1 -1 -1  1 -3  0  1 -1 -3 -2 -1 0 1 1 55
 0  2  0  0 -3  0  0  1 -2 -1 -1 -1  1 -1  2  1  0 -3 -2 -1 1 1 1 60
-2  3  0  0  2  1  1 -1  2 -3 -1 -1 -2  0  1  0 -1 -3  0 -1 1 1 0 75
-2  2  0 -2 -3  3  0 -1  1  0  0  0  2 -2  0  0 -2  4 -2  0 1 1 1 65
-1  3  0  0 -3  1  0 -3 -2  0  0  2  1 -3  0  0  1 -3 -3 -1 1 1 1 35
-1  1  1 -2 -3  3 -2 -3  1 -2 -2  0  0 -3  5 -1 -1 -4 -3  0 0 1 1 60
-1  3  2 -2 -4  1  0  0  1 -3 -2  4 -1 -4 -2  0  0 -4 -3 -3 0 1 1 45
-1  6 -2 -1 -4 -1 -2 -1 -3 -3 -2  1 -1 -4  1 -2  0 -4 -4 -1 1 1 1 25
-2 -4 -1  0 -4 -3 -4  7 -4 -5 -5 -1 -4 -5 -4 -2 -3 -4 -5 -2 0 0 1 10
-4 -5 -5 -5 -4 -5 -5 -6 -5  7  1 -5  1 -3 -5 -5 -3 -5 -4  1 0 0 1 0
-1 -5 -5 -5 -3 -4 -5 -3  1  0 -1 -4  2 -3 -5 -4  0 -5 -3  6 0 0 1 40
-3 -3 -1  5 -6  0  6 -2 -3 -5 -5 -2 -4 -6 -4 -2 -3 -6 -5 -1 0 0 1 50
-1  0 -2 -2 -5  5  5 -4  0 -4 -1  0 -3 -5 -3 -2 -3 -5 -4 -2 0 0 1 10
-4 -7 -6 -7 12 -6 -7 -6 -7 -5 -5 -7 -5 -6 -6 -4 -4 -6 -6 -4 0 0 1 0
-4 -7 -6 -7 11 -6 -7 -6 -6 -5 -5 -6 -5 -6 -6 -4 -1 -6 -6 -4 0 1 1 25
-2 -1 -1 -2 -4 -2  0 -4  6 -1 -1 -1 -2  5 -4 -1  1 -2  3 -2 0 1 1 70
-2  4  3 -2 -1  3 -1  1  2 -5 -4  2 -3 -4 -3  1 -1 -4 -1 -4 1 1 0 50
-1 -2 -2 -2 -3 -1 -1  0 -3  2 -2 -2 -2 -2  3  3  1 -4 -3  0 1 1 1 35
-4 -7 -6 -7 12 -6 -7 -6 -7 -5 -5 -7 -5 -6 -6 -4 -4 -6 -6 -4 1 1 1 5
-2 -3  2  4 -4  0  1 -3 -3 -4 -4 -2 -4 -5 -3  3  3 -5 -4 -3 1 1 1 35
-3 -2 -4 -3 -3 -3 -2 -5 -3  2  4 -4  2  1 -2 -3 -2  2  2  0 0 0 1 35
 0  2  2 -3 -4 -1  0 -2  2 -3 -2  0 -2  3 -3 -1  0  0  5 -2 0 0 1 65
-3  1 -1  2 -4  5  1 -4  3 -2  1 -1 -1 -3 -3 -2 -1  2 -3 -2 0 0 1 35
-3 -4 -5 -5 -3 -2 -5 -5 -5  0  6 -4  4 -2 -2 -4 -3 -4 -3 -1 0 0 1 0
-3 -1 -1  0 -6  3  6 -5 -3 -3 -4 -1 -1 -6 -4 -2 -3 -5 -4 -5 0 0 1 25
-1  2  4 -1 -4  2 -2 -1  0 -3 -2 -1  4 -4 -3  1  1 -4 -3 -3 0 0 1 45
-5 -5 -6 -7 -6 -5 -5 -6 -1 -5 -4 -5 -4  2 -6 -5 -5 -1 10 -5 0 1 1 5
-4 -7 -6 -7 12 -7 -7 -6 -7 -5 -5 -7 -5 -6 -6 -4 -4 -6 -6 -4 1 0 1 10
 4 -3  6 -2 -4 -2 -3 -2 -2 -5 -5  0 -4 -5 -2  0 -2 -6 -4 -4 1 1 1 5
 0 -1 -2 -2 -2 -1 -1 -2 -2 -1 -2  1 -2 -3  6 -1 -1 -3 -2 -2 1 1 1 60
 0  0 -1 -1 -1 -1 -1 -1  0  0  1  0  0  1  2  0  0 -1  1  0 1 1 1 45
 0  0  0 -1 -3  0  1 -2 -2 -3 -3  4 -2 -4  3  0  1 -4 -3 -1 1 1 0 75
 0 -1 -2 -2 -3  0  0 -1 -2 -3 -3  2 -3 -4  6  0  1 -4 -3 -3 1 1 1 45
 3 -2 -1 -2 -2 -1  1  0 -2 -2 -2 -1 -2 -3  0  2  1 -3 -3  0 1 1 1 80
-2  2 -1 -1 -4  1  2 -3 -1 -4 -3  5 -2 -4  2 -1 -2 -4 -3 -3 1 1 1 60
 2  3  0 -1 -2 -1 -1 -1 -1 -3 -3  0 -2 -3 -1  4  0 -4 -2 -2 1 1 1 75
 4 -2 -1 -2 -1 -1 -1 -1 -2 -2 -2 -1 -1 -3 -1  1  3 -3 -2 -1 1 1 1 75
