-2 -3 -4 -5 -2 -3 -4 -5 -4  1  5 -3  2 -1 -4 -3 -2 -3 -2  2 1 1 1 60
 3 -3 -3 -2 -3 -3 -3 -3 -4 -3 -2 -3 -3 -4  6 -1  0 -5 -4 -2 1 1 1 55
 0 -3 -1 -2 -2 -2 -1 -2 -3  1  0 -2  0 -1  0  1  4 -4 -2  2 1 1 1 40
 3  0 -2 -2 -2 -2  0  1 -3 -3 -3 -2 -3 -4  2  3  2 -4 -3 -2 1 1 1 40
 1 -1  2  1 -2  2  0 -2  0 -1  0 -1  0 -3 -2  2  1 -4 -2  0 1 1 1 30
-2 -4  1  1 -5 -3  0 -4 -4 -4 -3 -1 -4 -5  7 -1 -1 -6 -5 -3 1 1 1 55
 3 -2 -1  0 -2 -1 -1 -1 -3 -1  0 -2  0 -2  2  1  1  0 -2  1 0 0 1 25
 2 -1  1 -2 -1  0 -1  1  1 -1 -2 -1 -1 -3  1  1  2 -3 -2 -1 0 0 1 40
 0  0 -1  2 -3  1  2 -2  1  0 -1 -1 -1 -2  0  1  1 -3 -2 -1 0 0 1 40
-3 -4 -5 -5 -3 -2 -2 -5 -2  3  5 -4  1  0 -1 -3 -3 -4 -3  2 0 0 1 5
 0 -2 -2  1  0  1  4 -2  1 -2 -3  0 -1 -2 -2  0  2 -4 -2 -1 0 0 1 35
 3  1 -2  0 -3 -1  0 -1  0 -2 -2  0 -2 -3  1  1  1 -4 -3 -1 0 0 1 25
 1  7 -3 -4 -5  1 -2 -1 -3 -4 -2  0 -3 -2 -4 -1 -3 -5 -4 -4 0 0 1 25
-1 -2 -2  0 -5  7  0 -1 -2 -2 -2 -1 -3 -3  1 -3 -2 -4 -4 -3 0 0 1 30
 0 -1 -1 -1 -2 -2 -2 -2 -2  1  2 -1  1  1 -1  0  1  0  1  0 1 1 1 90
 1 -2 -1 -1 -2 -1 -2  3 -2 -1 -2 -2 -2 -1  0  0  1 -2 -2  0 1 1 1 90
 0 -1  0 -1 -2  0  0  2 -2 -1 -2 -1 -2  1  0  3  0  0 -2 -2 1 1 1 85
 1 -1  0  0 -2 -1  0 -1  0  1 -1 -1 -1 -2 -1  2  2 -3 -2  0 1 1 1 25
-1 -1 -1 -2 -3 -1 -2  0 -3 -2 -2 -2 -1 -3  0  1  6 -4 -3  0 1 1 1 45
 2  3 -1 -1 -1  0  0  1 -2 -2 -2  0 -2 -1 -2  1  0 -1  0 -2 1 1 1 15
-2 -1  6  1 -4  0 -1  0 -2 -4 -4  0 -3 -4  0  1  2 -4 -4 -3 1 0 1 25
 0 -2 -1  4 -4  2  2  2 -2 -3 -3 -2 -3 -4  1  0  0 -4 -4 -2 0 0 1 20
-1  0 -2 -3 -3 -3 -2 -4 -3  1  3 -2  1  0 -2 -1  1 -3 -1  1 0 0 1 0
-1  0 -2 -1 -1  0  2 -1 -2  0  0 -1  0 -3  3  0  2 -3 -2  1 0 0 1 40
 0  0  3  1 -3  1  1 -2  0 -2 -2 -1 -2 -3  2  1  0 -4 -3 -1 0 0 1 75
 4 -1 -2 -1  0 -3 -1  3 -3 -4 -2 -2 -3  0 -2 -1  0 -4 -2 -2 1 1 1 15
 1  1  1  1 -3  3  0 -1  0 -2 -2  0 -2 -2  0  1  1 -3 -1 -1 1 1 1 65
 3  0  0  0 -3  1 -2  0 -2 -3 -3 -1 -2 -4  3  1  1 -4 -3 -2 0 0 0 55
 3 -1 -1  1 -3  1 -1  1 -3 -1 -3 -2 -1 -3  0  1  0 -4 -3 -2 0 0 0 90
 1 -2  0  2 -2  1  0  2 -1 -4 -4 -1 -4 -5  3  2 -1  0 -4 -4 0 0 0 55
-6 -9 -8 -9 12 -8 -9 -8 -9 -7 -7 -9 -7 -8 -8 -3 -6 -8 -8 -6 1 1 1 30
 1 -1 -2 -3 -5  0 -3 -2  1 -6 -6  1 -5 -6  6  0  1 -6 -5 -3 1 1 1 0
 0  0  0  5 -5 -1  0 -2 -4 -6 -5  1 -5 -6  2  1  0 -6 -5 -5 1 1 0 50
-1 -3 -5 -6 -4 -5 -6 -5 -3  3  1 -5  0 -1 -4 -4 -2 -2  3  5 1 0 0 0
-2 -1 -2 -1 -5  2  3 -5  7  0 -2 -2  1 -2 -5 -3  1 -5  2  0 1 0 0 0
-3 -6 -5 -6 -4 -4 -6 -5 -2  4  1 -6  2  3 -6 -4 -2  2 -1  5 1 0 0 0
-2 -6 -7 -7 -5 -6 -6 -7 -6  5  1 -6  0  4 -6 -4 -3 -5 -2  4 1 0 0 0
 1 -4 -2 -2 -3 -2 -3  2 -1 -1  0 -4 -1  5 -5  1 -2  0  1  1 1 0 0 0
 6 -5 -5 -6 -2 -5 -5 -3 -5  0 -3 -5 -1 -5 -4 -2 -1 -6 -5  2 1 0 0 -5
-2  8 -5 -6 -7 -1 -5 -3 -1 -7 -6 -1 -6 -7  3 -3 -5 -7 -6 -6 1 1 1 5
-1 -6 -5 -5 -6 -5  1  7 -6 -7 -7 -5 -7 -7 -6 -4 -6 -7 -7 -7 1 1 1 0
-3 -1 -1 -5 -6 -5 -5 -5 -2 -6 -6 -5 -6 -7 -4  3  7  0 -6 -5 0 1 1 15
-2 -4  2  0 -2 -3 -3  3  0 -4 -2 -4 -3 -1 -5  0  4  7 -3 -3 0 1 1 75
 0 -5 -5  1 -7  1  7 -4 -5 -7 -7 -4 -6 -7 -5 -3 -5 -7 -3 -2 1 1 1 15
 0 -1 -1 -1 -5 -1 -1 -2 -4 -2 -3 -1  0 -3  6  2  1 -6 -5 -3 1 1 0 65
 1 -2 -2 -2 -5  3 -3  4 -4 -3 -4 -2 -4 -4  5 -1 -3 -5 -1 -4 0 1 1 35
-2  0  4 -3 -5 -2 -3  5  0 -5 -3 -2 -2 -5  2 -2  0 -5 -2 -5 0 1 1 0
-1 -2 -1 -2 -3  0 -1 -3 -1  0  2 -2  3  1  2 -1  0 -1  1  2 0 1 1 0
-2 -2 -1 -1 -1 -2 -3  6 -2 -2 -4 -3 -3 -5 -2  0 -3 -5 -2 -5 0 1 1 0
 0  1  0  0 -3  0 -1 -1 -2  0 -1 -1 -1 -2  1  1  2  0  0  0 0 1 1 65
 0 -2 -2 -3  0 -2 -1 -2 -4  2  1 -2  1 -1 -1  0  2 -1 -3  3 0 1 1 5
 0 -4 -1 -3 -1 -2 -3  5 -1 -2 -2 -4  1 -1 -3 -2 -1 -4  1 -1 0 0 1 -5
-1  0  1  0 -4  2 -1 -1 -3 -3 -1 -1 -2 -2  5  1  1  0  0 -2 0 0 1 15
 2 -1  0 -2 -3  0 -1  0 -3  0 -2 -1  0 -2  4  0 -1 -1 -2  0 0 0 1 25
-1 -2 -4 -2 -3 -4 -4 -3 -4  2  2 -4  3  4 -2 -2  0  1  0  3 0 0 1 -5
 2 -1  0 -2  2 -2 -1 -1 -3  0 -1 -2 -1  1 -1  0  0 -3  0  2 0 0 1 0
-1  0  2  3 -4  1  1 -1  0 -2 -2  1  0 -4 -2  0  0  0 -3 -2 0 0 1 45
 3 -1  0  0 -3  0 -1  0 -1  0 -2 -1  0 -2  0  0 -1 -4 -1  0 0 0 1 35
-1  0 -1 -4 -3 -3 -4 -4 -4  2  3 -1  2  0  0 -3  0 -3  1  2 0 0 1 -5
 0  0  0  0  2  0  0  0  1  0 -1  0  1  0  1  0  0 -3 -1  0 0 0 1 15
 2  0  0  0 -4  2  0 -1  0 -4 -2  0  0 -4  0  2  0  1 -1 -2 0 0 1 75
 1  1  0  0  1  3  0 -2  1 -1 -1  2  1 -1  0 -1 -1 -4  0 -2 0 0 1 30
 0 -1 -1 -1 -3 -1 -1 -2  0  1  2 -1  1  1  1 -1  0  1  2  1 0 0 1 20
 0 -1  1 -2 -1 -2 -2  4 -3 -4 -5 -2 -5 -3  4  0 -2 -5 -3 -3 1 1 1 35
 2 -1  0  0 -1 -2  0  4 -3 -4 -3 -1 -2 -4  1  1  0  1 -3 -3 0 0 0 60
 0  2  0  3 -4  0  0  0 -1 -3 -2  2 -2 -4 -1  1  2 -5 -4 -2 0 0 0 90
 0  1  1  0 -2  0 -1  1  0 -2 -3  0 -2 -2 -2  3  2 -1 -1 -2 0 0 0 15
-1 -1 -2 -2  1 -2  0 -3 -2  1  1 -1  1 -1 -2 -1  0 -4 -2  4 1 0 0 0
 1  0  0  1 -3 -1  1  1 -2 -2 -3 -1 -2 -3 -1  1  1  3 -1 -2 1 0 0 10
-1 -3 -4 -3  3 -2 -3 -2 -4  2 -1 -3  0  0 -2 -1  1 -3  1  4 1 0 0 -5
-1 -1 -1  1 -4  4  1 -1  0 -1 -2 -1 -3 -1 -1 -1 -1  2  5 -1 1 0 0 0
 2 -1  0 -1 -2 -2 -2  3 -1 -2 -2 -2 -3 -1  0 -1  1 -3  3 -1 1 0 0 0
-2 -3 -3 -4 -4 -4 -1 -4 -1  1 -2 -4 -1 -2  0 -3 -2 -4  4  6 1 1 1 -5
 0 -2  4  3 -4  0  0  2 -2 -4 -4 -2 -4 -4  3 -1 -1 -1 -1 -3 1 1 1 15
 0 -2 -1 -2  2 -2 -2  1 -1  1  0 -2  0 -1  0 -1 -1 -2  4  2 0 1 1 60
 1 -1 -1  1  1  1  0 -1 -2 -2 -2  0 -2 -2  4 -1  0 -4 -2  1 0 1 1 35
 2 -7 -3 -7 -7 -7 -4 -1 -1 -4 -4 -7  0  0 -7 -3 -4  1  9 -7 1 1 1 0
 0 -1 -3 -1 -7  0 -1 -2 -2 -3 -3 -1 -1 -2  6  1  1 -1 -3 -4 1 1 1 60
 6 -4 -3 -1 -6 -2 -3 -2 -1 -3 -3 -6 -6 -3 -2 -1 -2 -7 -7 -3 1 1 1 0
-1 -2  1  2  0  1  0  0 -2 -2 -3 -3  0 -2 -2  3  3  1 -3 -2 1 1 1 45
 0 -3 -1 -2  1 -2 -2 -1 -2  1  2 -3  0  3  0 -1 -1  0  2  0 0 0 0 55
 0 -1  1  3  3 -1  0  2 -1 -2 -1 -1 -2  2 -1  0 -1  2 -1 -2 0 0 0 55
-1 -1  1  1 -5  2 -1  2 -1 -3 -4 -3 -2  1  1  0  1  2  1 -2 0 0 0 20
-1  0  0  0 -3  0  0 -1  2  0 -1  0  1  0  0  0  0  3  1  0 0 0 0 10
 2  0  0  0 -1  1 -1  1 -1 -1 -1 -1  0  1 -1  1  0 -3 -1  0 0 0 0 70
 1 -2 -1  0  2 -1 -1  0 -1  0  0 -1  0  1 -1  1  0  1  0  0 1 1 0 40
 0 -2  1 -1  0  0 -1  0 -1 -2 -1 -3 -1  2  4  0 -1  1  3 -2 0 1 1 85
 1  0  0  1  0  2  0  1 -1 -2 -1  0 -1 -2  0  0 -1  1  1 -1 0 1 1 30
-1  0  2  1 -4  0 -1  4  0 -2 -1 -1  0 -2 -1  0 -1 -4 -2 -1 1 1 0 0
 2 -1 -1 -1  0 -1 -2  1 -3 -2 -2 -1 -1 -4 -2  3  2 -4 -4 -2 1 1 0 0
 1  0  0  2 -1 -1 -1  0 -1  0 -2 -1 -1 -1 -1  0  0  2  1  1 1 1 1 15
 1  0  0  1 -2  0  0  1  0 -1 -2 -1  0 -1  1  1  1 -3 -1 -1 0 0 1 70
 2 -1  1  1 -3  1  1  0 -2 -1 -1  0  0 -3 -1  0  1 -3 -1 -1 0 0 1 40
 1 -1 -3 -4 -4 -3 -1  5 -4 -4 -2 -1 -4 -5 -1  0 -1 -5 -5 -2 0 0 1 0
 2 -1 -2 -3 -3 -2 -1 -1 -3  2 -1 -2 -1 -1 -1  1  1 -4 -1  2 0 0 1 5
 1  2  2  1 -3  1  0 -2 -1 -2 -1  1 -1 -3 -1  0  1  0 -2 -2 0 0 1 70
 1  0  1  3 -3  0  1 -1 -2 -2 -2  0 -1 -2 -3  0  1  0 -2 -2 0 0 1 25
 2 -3 -4 -4 -3 -3 -1  0 -4  0  1 -1  6  0 -1 -1  0 -4  0  0 0 0 1 0
 1  0  0 -1  0  1  0 -1  0  0 -1  0  0 -1 -2  1  1  1 -1  1 0 0 1 15
 1  2  2  1 -3  1  0  0  0 -2 -2  1 -3 -2 -1  1  0 -4 -1 -2 0 0 1 25
 0  1 -2 -2  0  1  0 -4  4  0  2  0  2 -1 -3 -2 -1 -3  1  0 0 0 1 0
-1 -3 -5 -5 -3 -4 -4 -5 -2  4  2 -4  3  1 -3 -2 -2 -4 -1  4 0 0 1 0
 0  1  3 -1 -4  3  1 -2 -1 -1 -2  1 -2 -3 -3  0  2 -4 -3 -1 0 0 1 45
 1  1  0  1 -3  2  1 -1 -1 -3 -2  1 -1 -1 -3  2  1  2  0 -2 0 0 1 35
 1 -1 -2 -3 -3  0 -2 -2 -2  0 -1 -2  4  1 -1 -1  1  0  3  1 0 0 1 0
 3 -2  2 -2 -1 -1 -3 -2  3 -1  0 -1  0 -2 -3  0  0 -4 -2  1 0 0 1 25
 2  0  1  0 -3  2  1  0 -1 -3 -3  1 -1 -4 -1  2  1 -4 -2 -2 0 0 1 75
 0  3  0  1 -3  2  0 -1 -1 -3 -2  2 -1 -4  0  1  0 -4 -3 -2 0 0 1 20
-4 -5  0 -2 11 -5 -5 -5 -5 -4 -4 -5 -4 -5 -5 -4 -4  2  0 -2 1 1 1 0
-3 -2 -4 -3 -5 -3 -2 -3 -1 -3 -5 -1 -5 -6  8 -3 -3 -1 -5 -5 0 1 1 50
-1  0  4  3 -1  1  0  0 -1 -3 -2  1 -3 -4 -1  1 -1 -4 -2 -3 0 1 1 85
 1 -3 -1 -3 -3  1 -1 -2 -1 -2 -3 -2 -1 -4 -1  2  5 -4 -3 -2 1 1 1 5
-1  3 -1 -1  2  1 -1 -2  2  0 -2  4 -1 -3 -1 -1  0  0 -3 -1 1 0 0 10
-2 -2 -2 -4 -3 -1 -2 -4 -3  3  2 -3  1  3 -4 -3 -1 -2  2  2 1 0 0 0
 1 -3 -3 -3 -2 -1 -3 -1 -3  2  0 -1  1  0 -3 -1  0 -3 -2  4 1 0 0 -5
 0 -2 -3 -3 -2 -1 -3 -2 -3  2  3 -1  2  0 -1 -1  0 -2  0  1 1 0 0 0
 1 -2 -1 -2  0 -1 -1  3  0  0  0 -2  1 -1 -2  0  0 -3 -2  0 1 0 0 -5
 0 -3 -2  1 -4 -3 -3  6 -3 -4 -4 -3 -4 -4 -3 -1 -3 -4 -4 -4 1 0 0 -5
-2 -3 -2 -4 -3 -3 -3 -4  0  1 -2 -3 -1  3  0 -3 -3  3  7 -1 1 0 0 5
 1  2 -1 -1 -2 -1 -1  1 -2 -3 -3 -1 -2 -3  1  4  2 -3 -2 -2 0 1 1 5
-2  1 -2 -2 -3  3  0 -3 -1  1  0  1  1  1 -2 -1 -1 -1  2  0 0 0 1 0
-1 -3 -1  2 -3 -2 -2  6 -2 -4 -4 -2 -3 -3 -2 -1 -2 -3 -3 -3 0 0 1 -5
 1 -2 -1 -2  3 -1 -1  1  3  0 -1 -1 -1 -2 -2  1  1 -2 -1 -1 0 0 1 -5
 2 -1 -1  1 -2  2  0 -1  1 -1 -1  1  2 -1 -2  0  0  1 -1  0 0 0 1 0
 0 -1 -3 -3  1 -3 -3 -2 -3  3  1 -3  1 -2 -1 -1  1 -4 -3  4 0 0 1 -5
 2 -5 -4 -4 -1 -2 -5 -4 -5  3 -1 -4  4 -3 -5 -2  2 -5 -3  4 0 0 1 0
 0 -2 -1  3 -3 -1 -2  3  6 -3 -3 -3 -1 -3 -4  0  1 -5 -2 -2 0 0 1 0
-1  1  4  3 -5  0 -2 -1 -1 -1 -1 -2 -1 -2 -3  0 -1 -5 -1 -2 0 0 1 0
 4 -3 -1 -4 -4 -4 -4 -1 -1  1  0 -4 -1 -1 -3  0  1  0 -2  3 0 0 1 0
 3 -4 -3 -3 -2 -2 -1 -2 -4  1  2 -2  1 -1 -1 -1  2 -1 -2  0 0 0 1 0
 1  1  1 -1  0  1  1  0  0 -2 -2  1  0 -4  1  2  0 -1 -2 -1 0 0 1 30
 0  0  0  2 -4  1  1  1 -1 -3 -3  0 -1 -4  3  0  0 -5 -2 -3 0 0 1 45
-2 -2 -3 -5 -4 -1 -3 -2 -4  3  4 -3  2 -1 -3 -3 -2  0 -2  0 1 1 0 0
-1 -2  0  1 -4 -1 -2  1 -4 -3 -3 -1 -2 -5  5  2  0 -5 -4 -2 1 1 1 55
 2 -1 -1  0 -2  0 -1  0 -1 -1 -2 -1 -3 -3  4  1  0 -1 -4 -2 0 0 1 45
 2  0  1  2 -3  0  1  1 -1 -1 -2 -1 -1 -2 -2  1  0 -4 -3 -1 0 0 1 55
 1 -1 -1 -1 -3 -1 -2 -1 -2  1  0 -2  0 -2  2 -1  1 -1  0  2 0 0 1 5
 3  1 -1  0 -1  0  0  0  0 -2 -2  0  0 -1  0  0  0 -4 -2 -1 0 0 1 10
 0 -1  2  4 -4  0  1 -1 -1 -3 -4 -1 -4 -5  1  2 -1 -5 -4 -3 0 1 1 60
-1  3  2 -2 -4  3 -1 -3  4 -3 -2  3 -1  0 -4 -1 -2  0 -1 -3 0 1 1 25
-4 -2 -6 -6 -4 -5 -5 -5 -2  5  0 -5  0 -1 -5 -4 -4 -5 -4  5 1 0 0 -5
 4  0 -1 -2 -1 -2 -2 -2 -4  0 -1  2 -3 -3 -3  1 -1 -5 -4  1 1 0 0 0
 5 -3 -1 -4 -4 -4 -4  4 -2 -5 -4 -3 -2 -3 -4  0 -2 -5 -5 -2 1 0 0 -5
 2 -5 -3 -5 -2 -4 -5 -2 -5  3 -1 -4  0 -4 -1 -2 -1 -5 -4  5 1 0 0 -5
 2 -5 -5 -5 -4 -4 -4 -2 -5  3  0 -4 -1 -2 -5 -3  0 -5 -2  5 1 0 0 -5
-1 -3 -2 -3  0 -1 -2 -2 -3  2  3 -2  2  1 -3 -2  0  1  0  0 1 0 0 -5
-1 -3 -3 -4 -3 -3 -3 -3 -2  2  1 -3  3  5 -3 -1 -2  3  2  0 1 0 0 -5
 2 -3 -2 -3  3 -3 -3  6 -3 -4 -4 -3 -3 -4 -3  1 -2 -4 -4 -3 1 1 0 -5
-2 -2  3  6 -5 -1  1 -2 -2 -2 -3 -2 -2 -1 -1  0 -2  0  0 -3 1 1 1 -5
-1 -4 -4 -4 -4 -4 -4  0 -4 -2 -4 -3 -4 -2  7 -1  1 -5 -4 -1 0 1 1 0
-1  4  0  0 -1  0 -1 -2  0 -2 -1  2  1 -1 -2  1  0 -4  0 -1 0 1 1 20
-1  4  3  1 -5 -1 -2 -1  4 -3 -3  0 -2  1 -3 -1  0 -5  0 -3 0 1 1 20
 0  1 -1  0 -3  0  0  1 -1 -1  0  0  1 -1  1  1  0 -1 -1  0 0 1 1 50
 0  0 -1 -2 -2  5 -1 -3  1 -2 -1 -2  0  2  1 -1 -1  2  1 -2 0 1 1 40
 0  0  3  1 -4 -2  0  3 -1 -3 -3 -1 -2  0  1  0 -1  2 -2 -3 0 1 1 30
 0  1  0  0 -3  0  0  1 -1  0  0  0 -1 -1  1 -1 -1 -3 -1  1 0 1 1 75
 1 -2 -1 -2 -5 -1 -2  5 -5 -3 -4 -2 -5 -5  2 -1 -2 -1 -5 -2 0 1 1 25
 2  3 -2 -2 -4  1 -1 -1 -2  0 -1 -1 -1 -3  3  0  0 -2 -2 -1 1 1 0 45
-1 -2 -2 -3 -3 -2 -4 -4 -5  4  1 -3  0  2  3 -2  0 -2 -2  2 1 1 1 0
 0 -2 -2 -3  0  0 -3  0 -5 -2 -4 -3 -3 -3  6  1  0 -3 -2 -3 0 1 1 20
-1 -2  4  0 -3 -2 -2  3 -2 -1 -3 -2 -1 -5  2  0  0 -5 -2 -2 0 1 1 65
 0  0 -2 -2 -2  0 -2 -2 -2  0  1 -2 -1  3  1 -1  1  1  2  1 1 1 0 0
-1 -4 -1  1 -3 -3 -4 -1 -4 -3 -1 -4 -2  2  4  1 -3  0  5 -3 1 1 1 30
 4 -1 -3 -3 -3  1  0  2 -3 -3 -3 -1 -4 -5  2  1  1 -2 -5 -1 0 0 0 45
 1 -3  1  4 -5 -2 -1  1 -2 -5 -5 -3 -5 -5  1  4 -2 -6 -2 -5 0 0 0 65
-4  5 -1 -3 -7 -2 -4 -5 -3 -3 -4  6 -3 -4 -3 -4 -3 -7 -3 -1 0 0 0 20
 0 -2 -5 -6 -3 -5 -6 -5 -6  2  0 -5  0 -2 -6 -1  5  0 -4  3 1 0 0 10
-1  2 -1 -3 -3  1 -2 -4 -2  3  1  3  1  0 -5 -2 -2 -1  0  0 1 0 0 35
-2 -2 -1  4 -3  0  2 -4 -5  1 -3 -1 -3 -4 -5  3  0 -7 -6  0 1 0 0 25
-4 -7 -7 -5  2 -3 -5 -7 -5  4  1 -7 -2  4 -7 -6 -3  4  6  1 1 0 0 5
-7 -10 -10 -10 12 -10 -11 -9 -10 -5 -5 -10 -8 -9 -10 -8 -4 -1 -9 -8 1 1 1 30
 3 -2  4  4 -5 -2 -1 -2  4 -1 -1 -3 -5 -4 -5 -2 -3 -7 -5 -1 1 1 1 30
 1 -2 -2  2 -3 -1  0 -2 -1 -2 -2 -1 -1 -1  4  1  2 -2 -2 -1 0 1 1 95
-1 -2  1  1 -7 -3 -1  6 -4 -7 -4 -3 -6 -7 -4 -1 -1 -1 -7 -6 0 1 1 45
-8 -8 -5  9 -10 -7 -5 -8 -1 -10 -10 -7 -10 -10 -8 -7 -7 -11 -9 -10 1 1 1 0
-1 -2  1 -4 -6 -3 -4 -1 -2  0  1 -4  1 -1  6 -1 -1 -6 -2 -2 0 0 0 35
-4 -7 -8 -8 -6 -5 -7 -8 -7  6 -2 -7 -4  2 -5 -7 -5 -2  4  5 0 0 0 0
-3 -10 -9 -10 12 -10 -10 -9 -10 -8 -8 -10 -8 -9 -10 -4 -8 -9 -9 -8 0 0 0 5
 1 -2  2  4  3  1  0  0 -1 -5 -3 -3 -3 -4 -4  2 -1 -2 -2 -3 0 0 0 65
 0 -1  3  0 -3 -2 -2  4 -1 -5 -4 -2 -5 -4  2  1 -2 -3 -5 -2 0 1 1 40
 0 -2 -3 -1 -6 -1 -2  5 -5 -4 -4 -4 -4 -6 -1  0  3 -2 -5 -4 1 1 1 25
-1 -1  0  1 -2 -2 -2  3 -2 -1  1 -2  0  1  0 -1 -1 -2 -2 -1 1 1 1 45
-2 -1  5  2 -3 -1 -3  1 -1  1 -1 -2  0 -1 -1  1  0 -2 -4 -1 1 1 1 50
-1 -3  0  2 -4 -3 -1 -2 -4  3 -1 -3  0  0  1 -1 -1  2 -3  3 1 1 1 50
 0  0  1 -1 -3 -1 -2 -2 -2  0  2 -2  2  0 -1 -1  3  1 -3 -1 1 1 1 25
 4 -3  0 -1 -4 -2 -1  0 -3 -1 -3 -3 -1 -4  3  0 -2 -5 -2  1 0 0 0 70
 4 -2 -1 -1 -3  0 -1  0  1 -2 -2 -2 -2 -3  2  1  0 -4 -2  0 0 0 0 25
-5 -7 -3 -8 -10 -6 -7 -9 11 -10 -9 -7 -8 -8 -9 -7 -6 -9 -3 -10 0 0 0 0
-1  0 -1 -2 -4  1 -2  0 -1 -1  4 -2  2  1 -5 -1  1 -2 -1 -1 0 0 0 70
 1 -2  1  0 -4  1  0  0 -3 -4 -1 -1  0 -3 -4  3  3 -5 -2 -3 1 1 1 45
-5 -8 -8 -9 -9 -8 -5 -9 -5 -8 -5 -8 -7 -3 -9 -6 -6 -4 10 -5 1 1 1 0
 1 -3 -2 -3 -4  1 -2  3 -2 -1 -2 -2 -3  2  1  0  0 -4 -3  1 0 0 1 20
 0  0  1  1 -3  1  0  0 -3 -1 -1  0  0 -3  1  1  1 -1 -2  0 0 0 1 55
-2  0  3  4 -5  0  0 -1 -3 -2 -3  2 -4 -4 -2  0  0 -6 -4 -1 0 0 1 20
 3 -5 -3 -3 -5 -4 -3  2  0 -4 -2 -3  0  0 -3  0 -3  1  5 -1 0 0 1 0
 1 -2  0  0 -3  1  0  2 -2 -2 -2 -2  0 -2  1  0  2 -2 -3  0 0 0 1 55
 1 -1  2  2 -3  1  0  1 -2 -3 -4  0 -2 -4 -2  0  3 -4 -4 -2 0 1 1 25
 1 -2 -1  2 -5  5  3 -4  0 -4 -3 -1  0 -5  0 -1 -1 -5 -3 -2 0 0 1 35
 7 -6 -6 -7 -1 -6 -6  1 -4 -3 -6 -6 -2 -7 -6 -3 -3 -3 -7 -1 0 0 1 -5
 6 -5 -4 -5 -5 -3 -4 -3 -6 -2  0 -3 -1 -3  0 -1 -2 -6 -4  2 0 0 1 0
 2  0  1  3 -5  3  1 -2 -3 -5 -4  0  0 -5 -4  0  1 -1 -2 -3 0 0 1 60
-8 -6 -8 -9 -8 -6 -5 -8 -3 -6 -4 -7 -5  9 -9 -8 -5  7  2 -5 0 0 1 10
 2 -6 -6 -7 -5 -4 -6 -6 -6  3  2 -6 -1 -4 -6 -3 -2 -6 -4  5 0 0 1 -5
 4 -2 -2 -5 -4 -2 -2 -4 -4  2 -1  1  1 -3 -5 -2 -1 -6 -4  3 0 0 1 10
 1 -1 -1  1 -5  3  1  2 -2 -6 -6  1 -5 -4 -4  3 -2 -6 -5 -5 0 0 1 55
-1  5 -2 -5 -6  2 -3 -4 -1 -4 -2  5  1 -6 -5 -2 -4 -3 -5 -4 0 0 1 20
-1 -6 -6 -7 -2 -5 -5 -6 -6  3  4 -6  0 -2 -6 -4 -3  0  1  3 0 0 1 0
 0  3  2  1 -2  2  0  2 -1 -4 -3  2 -2 -5 -3 -1 -1 -5 -4 -2 0 0 1 45
 4 -3 -2 -2 -3  0 -1  3 -4 -4 -2  0 -3 -5 -3  2 -1 -5 -4 -3 0 0 1 70
 3 -2 -2 -1 -3 -2 -2  0 -2 -1  0  1 -1 -3 -2  2  1 -4 -3  1 0 0 1 55
 1  1 -1 -1 -3  2 -1  1 -2 -1  1  1  0 -2 -1  1  0 -3 -2 -2 0 0 1 40
 0 -4 -3 -2 -5 -1 -2  5 -4 -5 -5 -2 -4 -5  5  0 -2 -5 -5 -5 1 1 1 55
 2 -1  0 -1 -2 -1  0  1  2 -3 -3  0 -3 -4 -1  3  0 -4 -3 -2 1 1 1 90
 4 -2 -1 -2 -2 -2 -2 -2 -3 -3 -3 -2 -2 -4 -2  4  3 -4 -3 -2 1 1 1 95
