-1 -1 -1 -1 -1 -1 -1 -1 -1 -1 -1 -1 -1 -1 -1 -1 -1 -1 -1 -1 1 1 1 90
-1 -4 -2 -3 -4 -3 -4  7 -4 -6 -5 -3 -4 -5 -4 -2 -3 -4 -5 -5 1 1 1 95
 6 -3 -3 -1 -2 -2 -2 -1 -3 -3 -2 -2  0 -4  0  0 -1 -4 -3 -2 1 1 1 35
 0 -1 -2 -2 -4  7  2 -3  1 -4 -4  0 -2 -5 -3 -2 -2 -4 -3 -4 1 0 0 40
 0 -3 -4 -4 -2 -3 -3 -3 -4  1  1 -2  1  1 -4 -3 -1 -3 -2  5 1 0 0 45
-1 -3 -1 -2 -3 -2 -2 -2 -3 -4 -4 -2 -3 -1 -3  6  1 -4 -3 -3 1 0 0 10
-1  4  1 -2 -3 -1 -1 -3 -2 -3 -3  2 -2 -4 -3  0  3 -4 -3 -1 1 0 0 35
-3  0  1 -2 -5  7  0 -4  0 -5 -4  1 -2 -5 -1 -2  0 -4 -3 -4 1 1 1 45
-2  1  3 -1 -3  1  0 -2  0 -3 -3  4 -2 -4 -2  1  1 -4 -3 -2 1 1 1 60
 1 -2  0 -2 -2 -2 -1  0 -3 -1 -2 -2 -2 -3 -2  2  4 -4 -3  2 1 1 1 25
-2 -1 -1 -3 -4 -3  0  7 -3 -5 -5 -3 -4 -5 -4 -2 -3 -4 -5 -5 1 1 1 65
 3 -2  1 -2  0 -2 -2 -2 -2 -3 -3 -2 -3 -4 -2  4  3 -4 -3 -2 1 1 1 90
-4  0  0 -3 -5  2 -2 -4 10 -5 -5 -3 -4 -4 -4 -3 -4 -5 -1 -5 1 1 1 65
 0 -2 -1  1 -4  0  5 -2 -2 -2 -4  1 -3 -4 -3  1  0 -4 -3 -1 1 1 1 55
-2 -2  5 -2 -3 -2 -2 -3 -2 -3 -4  0 -3 -4 -3  0  5 -5 -4 -3 1 0 1 70
 2 -1 -1 -2 -3  3 -1  3  0 -2 -2 -1  0 -3 -1  1  0 -3 -3 -2 1 1 1 35
-2 -2  4  0 -3 -2 -2 -3 -2  2  1  0  1 -1 -3  0  1 -4 -2  1 1 1 1 70
 1  0  2 -1 -2  0 -1 -2  1  0 -2 -1 -1  0 -1  2  1 -2  2  0 1 1 1 65
 5 -2  0  0  2 -2 -2 -2 -3 -2 -1 -2 -2 -2 -3 -1 -1 -4 -3  2 0 1 1 25
 1 -1  0 -2 -2  0 -1  0 -2 -3 -3  0 -1 -2 -2  3  3 -3 -1 -2 0 1 1 50
-2 -2  4  0 -4 -1  0  4  0 -4 -4  0 -1 -4 -3  0 -1 -4 -1 -3 0 1 1 25
 0 -2  2 -1 -4 -3 -3  6 -3 -5 -5 -3 -4 -5 -4 -1 -3 -4 -5 -5 0 1 1 55
 1  1 -1 -2  0 -2 -2 -1 -2 -3 -2 -2 -3 -4 -2  5  0 -4 -3 -2 1 1 1 65
-1 -2  1 -2 -2 -2 -2 -2  1  1  0 -2 -1 -2 -2  2  3 -3 -2  2 1 1 0 65
-2 -1 -4 -4 -2 -1 -3 -4 -3  5  2 -3  0 -1 -4 -3 -2 -3  0  2 1 1 0 10
-3  1  5 -1 -4 -1 -1 -3  6 -4 -4  3 -3 -4 -1 -1  0 -4 -1 -4 1 1 1 40
-4 -4 -4 -5 -5 -4 -4 -5 -1  0 -3 -4 -3  4 -5 -4 -4  4  8 -3 1 1 1 30
-3 -3  0 -3 -3 -3 -3 -4 -1 -2 -2 -3 -2  6 -4 -1  5 -2  0 -2 1 0 0 60
-3 -2  7 -1 -4  2 -2 -3  0 -4 -5 -1 -3 -5 -4 -1  1 -5 -4 -2 1 1 1 25
-3 -5 -5 -5 -3 -4 -5 -5 -5  7  0 -4  0 -2 -4 -4 -2 -4 -3  2 1 1 1 40
-3 -2  8  0 -4 -2 -2 -2 -1 -1 -4 -2 -3 -4 -4 -1 -2 -5 -4 -4 1 1 1 50
-4 -4 -4 -5 -4 -3 -4 -5  0 -3 -3 -4 -3  3 -5 -3 -3  1  9 -3 1 1 1 70
-4 -4 -4 -5 -4 -3 -4 -5  0 -3 -2 -4 -2  4 -5 -3 -3  1  9 -3 1 1 0 35
-2  2 -1 -2 -4  0  0  0 -2 -4 -4  6 -3 -4 -2  0 -2 -4 -3 -4 1 1 0 80
-3 -3  1  7 -4 -1  1 -1  1 -4 -5 -2 -4 -4 -3  0 -2 -5 -2 -3 1 1 0 15
 4 -2 -1  0 -2 -2 -1 -1 -2 -3 -2 -2 -2 -3 -2  4  0 -4 -3 -2 0 0 0 60
 5 -3 -3 -3 -2 -2 -2 -1 -1 -3 -3 -2 -2 -1 -1  1 -1 -2  4 -2 0 0 0 0
 3 -2 -1 -2 -2 -2 -2 -1 -2 -3 -3 -2 -2 -1 -2  5  0 -4 -3 -2 0 0 0 -5
 2 -1  4 -1 -2 -1 -1 -1  0 -3 -3 -1 -2 -1 -1  4  0 -4 -2 -3 1 1 0 15
 2 -2 -1 -2 -2 -2 -2  4 -2 -3 -4 -2 -3 -2 -2  4  0 -4 -3 -3 1 1 1 20
 4 -2 -2 -3 -2  0 -2 -1  1 -2  1 -2 -1 -2 -2  1 -1 -3 -2 -1 1 1 1 10
 1 -2  4 -1 -2 -1 -1  1 -1 -3 -3 -1 -2 -4 -2  3  2 -4 -3 -2 1 1 1 45
-2  5 -2 -2 -4  0 -1 -1 -2 -3 -1  5 -2 -4 -3 -2 -2 -1 -3 -3 1 1 1 35
-1 -1 -2 -2 -4  6  0 -3  0 -2  1 -1  0 -3 -1 -2 -2 -3 -3 -2 1 1 1 45
-1 -2  1  6 -4 -1  2 -2 -2 -4 -5 -2 -4 -5 -3  1 -1 -5 -4 -4 1 1 1 25
-3 -4 -4 -5 -3 -4 -4 -4 -3  0  1 -4  1  7 -5 -3 -1 -1  2 -1 1 1 1 45
 0 -1 -1 -1 -2  1 -1 -2 -2 -3 -3 -1 -2 -3 -2  4  4 -4 -3 -2 1 1 1 35
-2 -1 -2 -2 -4  7  0 -3  1 -3 -2  0  3 -4 -3 -2 -2 -3 -3 -3 1 1 1 25
-3 -3  1  7 -5 -2  0 -3 -3 -1 -4 -2 -4 -5 -3 -2 -2 -6 -4 -4 1 1 1 55
-2 -4 -4 -3 -4 -3 -3 -4 -4 -4 -2 -3 -4 -5  8 -2 -3 -5 -4 -4 0 1 1 10
 1 -1  0  0 -2 -1  0  2 -2 -3 -3  0 -2 -3 -2  4  1 -4 -3 -3 0 0 1 25
-2  1  0 -2 -4  1  0 -3 -2 -4 -4  6 -3 -4 -2 -1 -2 -4 -3 -4 0 0 1 20
-4 -4 -5 -5 -4 -5 -5 -5 -3  0 -1 -5 -1  8 -5 -4 -4  0  2 -2 0 0 1 5
 0 -3 -1 -2 -2 -2 -2 -1 -3 -2 -3 -2 -2 -3 -1  0  6 -4 -1 -1 0 0 1 5
-1  1  0  3 -4  4  4 -2 -1 -4 -3  1 -2 -4 -2  0 -1 -4 -3 -3 1 1 1 25
-1 -1 -3 -3 -4 -3 -3 -4 -4 -4 -4 -2 -4 -5  8 -2 -3 -5 -4 -4 1 1 1 5
-1 -3 -3 -4 -2 -3 -2 -2 -3  2  2 -3  2 -1 -3 -1 -1 -3  0  4 1 0 1 10
 1  0 -2 -2 -3  0  0 -2 -2 -1  0  4  0 -3 -2 -1 -1 -3 -2  1 1 1 0 50
-3 -1  0  7 -5 -1  2 -3 -2 -5 -5 -2 -4 -5 -3 -1 -2 -5 -4 -4 1 1 0 35
 1 -1 -3 -3 -2 -2 -3 -1 -3  3  1 -2  0 -1 -3 -1  0 -3 -2  4 1 1 1 85
-2 -3 -4 -1 -2 -2 -3 -3 -3  2  4 -3  6  0 -2 -3 -2 -3 -2  0 1 1 1 15
-1  1 -1  0 -2  0  1 -2 -1  2  0  1  0 -1 -2 -1  1 -2 -2  1 1 1 1 65
 0  1  0 -1 -3  1  3 -2  0 -3 -3  4 -2 -3 -1 -1 -1 -3 -2 -2 0 1 1 30
 0 -2  0 -2 -2 -1 -2  3 -2 -2 -1 -2  1 -3 -1  3  3 -3 -3 -1 0 1 1 25
 2 -2  2 -2 -2 -2 -2 -2 -2  2  2 -2  1 -1 -3  0 -1 -3 -2  0 1 1 0 25
 0 -3 -3 -3 -4 -3 -3 -3 -4 -3 -4 -2 -3 -5  8 -2 -1 -5 -4  0 1 1 1 45
 4 -3 -2 -3 -2 -2 -2 -2 -3 -2 -2 -2 -2 -1  4  0  2 -4 -3 -1 1 1 0 5
-3 -3 -5 -5 -2 -3 -4 -5 -4  1  6 -4  1 -1 -4 -4 -2 -3 -2  0 1 1 1 0
-2 -1  7  1 -4 -1 -1 -1  0 -4 -4 -1 -3 -4 -3  0 -1 -5 -3 -4 1 1 1 70
