 0 -2  0 -1 -2 -2 -2  6 -2 -4 -4 -2 -3 -3 -2  0 -2 -2 -3 -3 1 1 1 95
 1 -1  1  0 -1  0  0  0 -1 -2 -2  0 -1 -2 -1  4  1 -3 -2 -2 1 1 1 70
-2  0  1 -1 -3  0  0 -2  7 -3 -3 -1 -2 -1 -2 -1 -2 -2  2 -3 1 1 1 80
 0 -3 -3 -3 -1 -2 -3 -3 -3  3  1 -2  2 -1 -3 -2  0 -3 -1  4 1 1 0 90
-1  0  0  2 -3  2  4 -2 -1 -2 -2  2 -2 -3 -2 -1 -1 -3 -2  0 1 1 0 95
-1  0 -1  1 -4  1  5 -2 -1 -4 -3  3 -2 -4 -2  0 -1 -3 -2 -3 1 1 0 75
-2 -2  1  7 -4 -1  1 -2 -1 -4 -4  0 -4 -4 -2 -1 -1 -5 -4 -4 1 1 1 45
-2 -3 -3 -2 -4 -2 -2 -3 -3 -3 -2 -2 -3 -4  8 -2 -2 -4 -4 -3 1 1 0 80
-1 -4 -4 -4 10 -4 -5 -3 -4 -2 -2 -4 -2 -3 -4 -2 -2 -3 -3 -2 1 1 0 25
 3  0 -1  0 -2  1  4 -1 -1 -3 -3  2 -2 -3 -1  0 -1 -3 -2 -2 1 1 1 30
-1 -4 -4 -4 10 -4 -5 -3 -4 -2 -2 -4 -2 -3 -4 -2 -2 -3 -3 -2 0 1 1 20
-1  0  1  3 -4  1  5 -2 -1 -4 -4  2 -3 -4 -2 -1 -1 -4 -3 -3 0 1 1 80
 2 -1  2 -1 -1 -1 -1 -1 -1 -3 -3 -1 -2 -3 -1  4  1 -3 -2 -2 0 0 1 35
-2  0 -3 -4 -2 -2 -3 -4 -3  4  3 -2  1  0 -3 -3 -1 -3 -2  2 0 0 1 5
-1 -3 -3 -4 -1 -3 -3 -4 -4  2  1 -3  0 -1 -3 -2  0 -3 -2  5 0 0 1 20
 0  2 -1 -1 -3  2  2 -2 -1 -3 -3  4 -2 -3 -1  0  1 -3 -2 -2 0 0 1 60
-3 -4 -4 -4 -3 -4 -4 -4 -2 -1  0 -4 -1  7 -4 -3 -3  0  3 -2 0 0 1 15
-2  1 -1 -1 -4  7  2 -3  0 -4 -3  1 -1 -4 -2 -1 -1 -3 -2 -3 0 0 1 0
 0  0  2 -1 -2  2  0  0 -1 -2 -2  2 -1 -3 -1  1  3 -3 -2 -1 0 0 1 40
 0  2  0 -1 -3  2  0 -2 -1 -2 -2  4 -1  1 -2 -1 -1 -3 -1 -1 0 0 1 55
 1 -2 -2 -3 -1 -2 -2 -3 -3  1  0 -2  0 -2 -2  0  3 -3 -2  4 0 0 1 0
-1 -1  1  1 -3  2  4 -2 -1 -2 -1  0  2 -3 -2 -1 -1 -3 -2 -1 0 0 1 45
 2 -1  1  2 -2  0  2  2 -1 -3 -3 -1 -2 -3 -2  1 -1 -3 -3 -2 0 0 1 60
 2 -2 -2 -2 -1 -1  0 -2 -2  1  2 -1  1 -1 -2  0  0 -3 -2  0 0 0 1 40
-2 -3 -4 -4 -2 -3 -3 -4 -3  3  4 -3  1  0 -3 -3 -1 -2 -2  2 0 0 1 0
-1  0  1  0 -4  6  3 -2  0 -4 -3  1 -1 -4 -2 -1 -1 -3 -2 -3 0 0 1 50
 3  0 -1  0 -2  3  0 -1 -1 -2 -2  1 -1 -3 -1  1  1 -3 -2 -1 0 0 1 35
-2 -3 -4 -4 -2 -3 -4 -4 -3  1  5 -3  2  0 -4 -3 -2 -2 -2  0 0 0 1 0
-1 -1  1 -1 -2  1 -1 -2 -2 -2 -2 -1 -1 -3 -2  1  5 -3 -2 -1 0 0 1 30
 0  3 -1 -1 -3  4  1 -2  2 -3 -3  3 -1 -3 -2 -1 -1 -3 -2 -3 0 0 1 60
-1  2  1 -1 -4  2  0 -2 -1 -3 -3  5 -2 -4  1  0 -1 -4 -2 -3 0 0 1 50
-2 -2 -3 -4 -2 -2 -3 -4  2  1  4 -3  2  0 -3 -3 -2 -2  0  0 0 0 1 0
 2 -1  0  1 -2  1  3  1 -1 -3 -3  0 -2 -3 -1  1 -1 -3 -2 -2 0 0 1 60
 3  0  0  1 -2  1  1  1 -1 -2 -2  0 -2 -3 -1  1  0 -3 -2 -1 0 0 1 25
-1 -2 -3 -4 -2 -2 -3 -4 -3  2  2 -2  5 -1 -3 -2 -1 -3 -2  4 0 0 1 0
 1 -1  0 -1 -1 -1 -1 -1 -2 -2 -2 -1 -1 -3 -1  3  4 -3 -2 -1 0 0 1 40
 1  1 -1 -1 -3  1  1  0 -1 -3 -3  5 -2 -4 -1  0 -1 -3 -2 -2 0 0 1 55
-2  6 -1 -2 -4  1 -1 -3 -1 -4 -3  2 -2 -4 -3 -1 -2 -3 -2 -3 0 0 1 50
-2 -3 -4 -4 -2 -3 -3 -4 -3  3  4 -3  3  0 -3 -3 -1 -2 -2  1 0 0 1 0
 3 -1 -1  0 -2  1  4 -1 -1 -3 -3  0 -2 -3 -1  0 -1 -3 -2 -2 0 0 1 50
 2  0 -2 -2 -1  1  0 -2 -2  1  1 -1  0 -2 -2  0 -1 -3 -2  1 0 0 1 30
-2 -3 -4 -4 -2 -3 -4 -4 -3  1  5 -3  2  0 -4 -3 -2 -2 -2  0 0 0 1 0
-1 -1 -1  1 -4  1  6 -3 -1 -4 -4  0 -3 -4 -2 -1 -1 -4 -3 -3 0 0 1 40
-2  0  7  1 -3  0 -1 -1  0 -4 -4  1 -3 -4 -3  0 -1 -4 -3 -4 0 0 1 60
-1  4  0 -1 -3  4  1 -2 -1 -3 -3  3 -1 -3 -2  0  1 -3 -2 -2 0 0 1 60
-1 -3 -4 -4 -1 -3 -3 -4 -4  4  3 -3  1  0 -3 -3 -1 -3 -2  3 0 0 1 10
-1 -3 -3 -4 -1 -3 -3 -4 -3  3  2 -3  1  0 -3 -2 -1 -3 -1  3 1 1 1 95
