 3 -2 -1 -2 -1 -1 -1  4 -2 -2 -2 -1 -2 -3 -1  0 -1 -3 -2 -1 1 1 1 95
 1 -1  0 -1 -1  0  0 -1 -1 -1 -2  0 -1 -2 -1  3  3 -3 -2 -1 1 1 1 55
 0 -1  0 -1 -1 -1 -1 -2 -2 -1 -1 -1 -1 -2 -1  1  5 -2 -2  0 1 0 0 45
-1 -1 -2 -3 -1  0 -2 -3 -2  1  2 -1  5  0 -2 -1 -1 -1 -1  1 1 1 1 95
-1  0  0  1 -4  2  5 -2  0 -3 -3  1 -2 -3 -1  0 -1 -3 -2 -2 1 1 1 90
 0 -3 -3 -3 -1 -2 -2 -3 -3  3  1 -2  1 -1 -2 -2  0 -3 -1  4 1 1 1 70
 4 -1 -2 -2  0 -1 -1  0 -2 -1 -1 -1 -1 -2 -1  1  0 -3 -2  0 1 1 1 85
-1 -1 -2 -3 -1  0 -2 -3 -2  1  2 -1  5  0 -2 -1 -1 -1 -1  1 1 1 1 90
 0 -3 -3 -3 -1 -2 -2 -3 -3  3  1 -2  1 -1 -2 -2  0 -3 -1  4 1 1 1 95
 1 -1  1  0 -1  0  0  0 -1 -2 -2  0 -1 -2 -1  4  1 -3 -2 -2 1 1 1 80
 4 -1 -2 -2  0 -1 -1  0 -2 -1 -1 -1 -1 -2 -1  1  0 -3 -2  0 1 1 1 90
-1  0  0  3 -4  1  4 -2  0 -3 -3  0 -2 -3 -1  0 -1 -3 -2 -3 1 1 1 75
 1 -1  1  0 -1  0  0  0 -1 -2 -2  0 -1 -2 -1  4  1 -3 -2 -2 1 1 1 50
 1 -1  1  0 -1  0  0  0 -1 -2 -2  0 -1 -2 -1  4  1 -3 -2 -2 0 1 1 85
 0 -2  0 -1 -2 -2 -2  6 -2 -4 -4 -2 -3 -3 -2  0 -2 -2 -3 -3 1 1 0 90
 0 -3 -3 -3  9 -3 -4 -3 -3 -1 -1 -3 -1 -2 -3 -1 -1 -2 -2 -1 1 1 1 65
-1 -1  5  1 -2  0  0  0  0 -3 -3  0 -2 -3 -2  2  0 -4 -2 -3 1 1 1 65
 1 -1  2  0 -1  0  0  0 -1 -2 -2  0 -1 -2 -1  4  2 -3 -2 -2 0 1 1 60
-2  0  1 -1 -3  0  0 -2  8 -3 -3 -1 -2 -1 -2 -1 -2 -2  2 -3 1 1 1 65
-1 -2 -3 -3 -1 -1 -2 -3 -2  1  3 -2  4  0 -3 -2 -1 -2 -1  1 1 1 1 65
-1 -2 -2 -2 -3 -1 -1 -2 -2 -3 -3 -1 -3 -4  7 -1 -1 -4 -3 -2 1 1 1 80
-2 -2 -2 -3 -2 -1 -2 -3  2 -1 -1 -2 -1  3 -3 -2 -2  2  7 -1 0 0 1 85
 0 -2  0 -1 -3 -2 -2  6 -2 -4 -4 -2 -3 -3 -2  0 -2 -3 -3 -3 0 0 1 50
-1 -1 -1 -2 -2 -1 -1 -2  1 -1 -1 -1 -1  2 -1 -1 -1  2  6 -1 0 0 0 75
 3 -1 -1 -1  0  0  0  0 -1 -1 -1  0 -1 -1  0  1  0 -1 -1  0 0 0 0 50
 3 -1 -1 -1  0  0  0  0 -1 -1 -1  0 -1 -1  0  1  0 -1 -1  0 0 0 0 60
-1  1  0  0 -2  4  1 -1  0 -2 -1  1  0 -2 -1  0  0 -1 -1 -1 0 0 1 50
 3 -1 -1 -1  0  0 -1  0 -1 -1 -1  0 -1 -1  0  1  0 -2 -1  0 0 0 1 55
-1  5  0 -1 -2  1  0 -1  0 -2 -1  2 -1 -2 -1  0 -1 -2 -1 -2 0 0 1 75
 3 -1 -1 -1  0  0 -1  0 -1 -1 -1  0 -1 -1  0  1  0 -2 -1  0 0 0 1 35
-1  5  0 -1 -3  3  1 -2  0 -3 -2  2 -1 -3 -2 -1 -1 -2 -2 -2 0 0 1 75
-1  0  0  1 -4  2  5 -2  0 -3 -3  1 -2 -3 -1  0 -1 -3 -2 -2 0 0 1 60
-1  5 -1 -2 -3  0 -1 -3 -1  1 -1  1  0 -2 -2 -1 -1 -3 -2  0 0 0 1 60
-1 -1  0  4 -4  1  4 -2  0 -3 -3  0 -2 -3 -1  0 -1 -3 -2 -3 0 0 1 50
-1  6  0 -2 -3  1  0 -2  0 -3 -2  2 -1 -3 -2 -1 -1 -3 -2 -3 0 0 1 80
-1 -1 -2 -3 -1  1 -2 -3 -2  1  3 -1  3  0 -3 -2 -1 -2 -1  1 0 0 1 65
 3  0 -1 -1 -1  3  0  0 -1 -2 -2  0 -1 -2 -1  1  0 -2 -2 -1 0 0 1 45
-1  1  0 -1 -3  2  1 -2  6 -3 -3  2 -1 -2 -2 -1 -1 -2  0 -3 0 0 1 80
 1 -1  0 -1 -1 -1 -1 -1 -1  0 -1 -1 -1 -2 -1  3  1 -3 -2  1 0 0 1 80
-1  4 -1 -2 -2  0 -1 -2 -1  1 -1  1  0 -2 -2  0 -1 -3 -2  0 1 1 0 80
 3 -1  0 -1 -1 -1 -1  0 -1 -2 -2 -1 -1 -2 -1  3  1 -3 -2 -1 0 1 1 75
 3 -2 -2 -2 -1 -1 -2  2 -2  1  0 -1  0 -2 -1  0  0 -3 -2  1 0 1 1 95
 3 -2 -2 -2 -1 -1 -1  2 -2  0  1 -1  0 -1 -1  0 -1 -2 -2  0 1 1 1 45
 3  2 -1 -2 -1  0 -1  2 -1 -2 -2  0 -1 -3 -1  0 -1 -3 -2 -1 1 1 1 75
 2 -2 -2 -2 -1 -1 -2  1 -2  1  0 -1  0 -1 -1  0 -1 -2 -2  1 1 1 1 55
 3 -1 -1 -1 -1 -1 -1  2 -1 -2 -2 -1 -1 -2 -1  2  0 -2 -2 -1 0 0 1 90
 0 -2 -2 -2 -1 -1 -2 -2 -2  1  2 -1  1  0 -1 -1  0 -2 -1  2 0 0 1 60
 3 -1  0 -1 -1  0  0  0 -1 -1 -1  0 -1 -2 -1  2  0 -2 -1 -1 0 0 1 60
 2 -1  0  3 -1 -1  0  1 -1 -2 -2 -1 -1 -2 -1  0 -1 -2 -2 -1 0 0 1 90
 2  1 -1 -2 -1 -1 -1 -1 -1  0  1  0  0 -1 -1  0 -1 -2 -1  0 1 1 0 50
 1  0  0 -1 -1  0  0 -1 -1 -1 -1  2 -1 -2 -1  1  2 -2 -1 -1 1 1 0 75
 2 -1 -2 -2 -1 -1 -1 -1 -2  0  1 -1  0 -1  2  0 -1 -2 -1  0 1 1 1 70
 3 -1 -1 -1  0 -1 -1  0 -1 -1 -1 -1 -1 -2 -1  1  0 -2 -1  0 1 1 0 75
 0 -2 -1 -2 -1 -1 -1 -2 -2  2  1 -1  0 -1 -1 -1  1 -2 -1  2 1 1 0 95
-1  0  0  1 -2  2  4 -1  0 -2 -2  1 -1 -2 -1  0 -1 -2 -1 -2 1 1 1 80
 0 -1  0 -1 -2 -1 -1  5 -1 -2 -2 -1 -2 -2 -1  0 -1 -2 -2 -2 1 1 1 85
 0 -1  2  0 -1  0 -1  1 -1 -1 -1  0 -1 -2 -1  1  2 -2 -1 -1 1 1 1 85
 1 -1  0 -1 -1  0  0  3 -1 -2 -2  0 -1 -2 -1  2  0 -1 -1 -1 1 1 1 95
 1 -1  0 -1 -1 -1 -1  4 -1 -2 -2 -1 -1 -2 -1  0 -1 -1 -2 -1 1 1 1 90
 1 -1  0 -1 -1  0  0  2 -1 -1 -1  0 -1 -2  0  2  0 -1 -1 -1 1 1 1 95
 0 -1  0 -1 -2 -1 -1  4 -1 -2 -2 -1 -1 -2 -1  0 -1 -1 -2 -2 1 1 1 95
 0 -1  0 -1 -1 -1 -1  4 -1 -2 -2 -1 -1 -2 -1  1  0 -1 -2 -2 1 1 1 95
 0 -2  0 -1 -2 -1 -1  5 -1 -3 -2 -1 -2 -2 -1  0 -1 -2 -2 -2 1 1 1 70
 0 -1 -1 -1 -2 -1 -1 -1 -2 -2 -2 -1 -2 -3  5  2  2 -3 -2 -2 1 1 1 95
-2  0  0 -1 -3  0  0 -2  7 -3 -2 -1 -1  0 -2 -1 -2 -1  3 -3 1 1 1 80
-2  0  1 -1 -3  0  0 -2  8 -3 -3 -1 -2 -1 -2 -1 -2 -2  2 -3 1 1 1 95
-2  0  1 -1 -3  0  0 -2  8 -3 -3 -1 -2 -1 -2 -1 -2 -2  2 -3 1 1 1 70
-2 -1  0 -2 -3  0 -1 -2  6 -2 -2 -1 -1  1 -2 -1 -2  0  5 -2 1 1 0 85
-1  1  0  0 -3  5  2 -2  3 -3 -2  1 -1 -3 -1  0 -1 -2 -1 -2 1 1 1 85
 0 -1  2  0 -2  2  0  2 -1 -2 -3  0 -1 -3 -1  2  1 -3 -2 -2 1 1 1 85
-1  5  0 -1 -3  1  2 -2  0 -3 -2  2 -1 -3 -2 -1 -1 -3 -2 -2 1 1 1 85
 0 -1  0 -1 -3  1 -1  5 -1 -4 -3 -1 -2 -3 -2  0 -1 -2 -3 -3 1 1 1 85
 4 -1 -2 -2  0 -1 -1  0 -2 -1 -1 -1 -1 -2 -1  1  0 -3 -2  0 1 1 1 70
 0 -2 -1 -2  7 -2 -2 -2 -1 -1 -1 -2 -1 -1 -2  1  0 -1  2 -1 1 1 1 90
 1 -1  0 -1 -1  0  0 -1 -1 -1 -2  0 -1 -2 -1  3  3 -3 -2 -1 1 1 1 90
 1 -1  1  0 -1  0  0  0 -1 -2 -2  0 -1 -2 -1  4  1 -3 -2 -2 1 1 1 70
-2  0  1 -1 -3  0  0 -2  7 -3 -3 -1 -2 -1 -2 -1 -2 -2  2 -3 1 1 1 95
-2 -2  1  6 -3  0  1 -1 -1 -3 -4 -1 -3 -3 -1  0 -1 -4 -3 -3 1 1 1 95
