-2  2 -1 -1 -4  5  2 -3 -1 -4 -3  4 -2 -4 -2 -1 -1 -3 -2 -3 1 1 1 55
-2  3 -1 -1  0  3  2 -3  1 -3 -3  3 -2 -3 -2 -1 -1  1  0 -3 1 1 1 60
-1  1 -1  2 -4  2  5 -3 -1 -4 -4  1 -3 -4 -2 -1 -2 -4 -3 -3 0 0 1 75
-2 -1  2  1 -4  1  5 -2 -1 -2  0  0  0 -3 -2 -1 -2 -3 -3 -2 0 0 1 65
-1  1  0  1 -3  2  3 -2  3 -2 -2  1 -2 -3 -2  0  1 -3 -2 -2 0 0 1 5
-1  1 -3 -4 -2 -1 -3 -4 -3  1  3 -2  4 -1 -3 -3 -2 -3 -2  2 0 0 1 0
-2  2  1  1 -4  4  3 -2  2 -3 -3  2 -2 -4 -2 -1  0 -3 -2 -3 0 0 1 60
-1  1 -2 -3 -2  1 -1 -3 -2  1  1  0  2 -2 -3 -2 -1 -3 -2  3 0 0 1 50
 0 -3 -3 -4  1 -3 -3 -3 -1  0  0 -3 -1  4 -4 -1 -1  0  6  0 0 0 1 -5
-4 -3 -4 -4 -4  0  0 -4 -3 -3  1 -3 -2  1 -5 -4 -3 11  2 -3 0 0 1 15
-1  0 -1  0 -3  3 -1 -2 -2 -3 -3  0 -1 -2  5  2  0 -4 -3 -2 0 0 1 15
-3 -4 -4 -5 -4 -4 -4 -5 -1  0 -2 -4 -2  6 -5 -3 -3  0  7 -2 0 0 1 10
-2 -4 -5 -5 -2 -4 -4 -5 -5  6  2 -4  0 -1 -4 -4 -2 -4 -3  3 0 0 1 -5
-1 -1 -1 -2 -2  2  0 -3  0  1  0  1  2 -1 -3 -1  0 -3 -2  3 0 0 1 15
 1 -1  0  0 -3 -2 -2  5 -3 -4 -4 -2 -1 -4 -3  0  0 -4 -4 -3 0 0 1 0
-3 -3 -4 -5 -3 -2 -4 -5 -4  2  0 -3 10 -2 -5 -3 -3 -3 -3 -1 0 0 1 0
-3 -4 -5 -5 -3 -4 -4 -5 -4  1  5 -4  1  0 -4 -4 -2 -3 -2  1 0 0 1 0
-1 -2 -1 -2 -2  1  0 -3 -3  0 -1 -1  0 -3 -2  1  5 -4 -3 -1 0 0 1 20
-3 -2  8  0 -4 -2 -2 -2 -1 -5 -5 -2 -4 -5 -4  1 -1 -5 -4 -5 0 0 1 25
-1 -2 -3 -3 -2 -1 -3 -2 -2  1  3 -2  0  4 -3  0 -2 -1  1  0 0 0 1 0
 0 -2 -1  2 -3 -1  0  4 -2 -4 -4 -1 -3 -4  0  1  1 -4 -3 -3 1 1 1 30
 2 -2  0 -2 -2  0 -1  0 -2 -3 -3 -1 -2 -3  1  4  1 -3 -1 -2 1 1 0 20
-2 -3 -4 -5 -3 -3 -4 -5 -4  1  4 -3  6 -1 -4 -2 -1 -3 -2  0 1 0 0 5
 0 -2  1 -2 -3 -1 -1 -1 -3 -4 -4  1 -3 -4  7  1  0 -5 -4 -3 1 0 0 45
-1 -3 -4 -4 -2 -3 -4 -4 -3  2  4 -3  1  2 -2 -3 -2 -2  0  1 0 0 1 15
 0 -1  1  5 -4  1  3  0 -1 -3 -4  0 -3 -4 -1  0 -1 -4 -3 -3 0 0 1 50
-2  6 -1 -2 -5  3  0 -2 -1 -4 -4  3 -2 -4 -3 -2 -1 -4 -3 -4 0 0 1 15
-2 -4 -4 -5 -2 -4 -4 -5 -4  6  1 -4  4 -1 -4 -3 -2 -4 -3  2 0 0 1 -5
 1 -1  1 -2  0  0 -1 -3  8 -2 -2  1 -2 -3 -3 -1 -2 -4  0 -2 0 0 1 10
 0 -1  3 -1 -2  2 -1 -2  1 -2 -2 -1  4 -3 -2  2  2 -3 -2 -1 0 0 1 25
-2 -3 -1 -4 -3 -2 -3 -4 -3  1  2 -3  7  3 -4 -2 -1 -2 -1 -1 0 0 1 10
-3 -3 -5 -5 -3 -3 -4 -5 -4  0  5 -4  4 -1 -4 -4 -2 -3 -2  0 0 0 1 -5
-2  3  1 -2 -4  0 -1 -1 -2 -4 -4  6 -3 -5 -3  0  0 -5 -4 -4 0 0 1 45
-1 -4 -4 -5 -3 -3 -4 -5 -4  1  2 -3  8  0 -4 -1 -1 -4 -3  0 0 0 1 35
 0 -4 -4 -4 -3 -4 -4 -4 -3 -1  1 -4  2  7 -4 -2  1 -1  1 -1 0 0 1 25
 2 -3 -1 -3  1 -3 -3 -3 -3  2  0 -3  2 -2 -3 -1  0 -4 -2  4 1 1 0 0
 1 -1 -2 -3 -3 -2 -2 -3 -3  0  0 -2  1 -2  6  1  0 -3 -3  0 1 1 1 0
 0  0  0  2 -3  2  1  2  0 -3 -3  2 -2 -3 -1  1  0 -3 -2 -3 0 0 0 50
 0 -3  0  3 -3 -1  1  4 -1 -4 -4 -2 -1 -4 -1  0 -1 -4 -3 -3 0 0 0 70
-1 -3 -1 -1  1 -1 -1 -3 -2 -1  0 -2 -1  3  4  0  1  0  0 -1 0 0 0 5
-1  0  1  2 -3  0  0  2  2 -3 -3 -1 -2 -3  4  1 -1 -4 -2 -2 1 1 1 20
-1 -3 -2 -3 -3 -2 -3 -1 -1 -1 -1 -2  0  3  0  0 -1  6  5  0 1 1 1 0
 0 -2  1  3 -2 -1 -1  0 -1 -1 -1 -1 -1 -1 -2  2  1 -2  1 -1 0 1 1 55
-1  1  3  1 -3  1  2 -1  2 -3 -3  2 -1 -3 -2  0  2 -3 -2 -2 0 1 1 60
 0 -1 -1 -2  4 -1 -1 -2 -2  2  0  0  0  1 -1  0 -1 -1 -1  1 1 1 1 0
 0 -2  1  2 -2 -1  0 -1 -2 -2 -2 -1 -2 -3 -1  3  4 -3 -2 -2 1 1 1 40
-1 -1 -1  1 -2  1  0 -2 -2  2  2 -1  0 -1  1 -1 -1 -2 -2  1 0 0 1 50
 0  0  0  2 -3  3  3 -2  0 -4 -4  0 -3 -4  1  1  1 -4 -3 -3 0 0 1 70
-3 -1 -2  2 -5  5  5 -2 -2 -4 -1  0 -3 -5 -3 -1 -2 -4 -4 -4 0 0 1 30
-3 -4 -5 -6 -3 -4 -5 -6 -5  1  6 -4  0  0 -5 -4 -3 -4 -3  0 0 0 1 -5
-1  3 -1 -1 -4  4  3  0  1 -4 -3  3 -2 -4 -3  0 -2 -4 -3 -4 0 0 1 45
 1  0  0  1 -3  2  2  0  0 -2 -1 -1 -1 -3 -2  1  0 -3 -2  0 0 0 1 40
-4 -5 -5 -5 -1 -5 -5 -5 -2  0 -1 -5 -2  7 -5 -4 -4  2  5  0 0 0 1 15
-3 -4 -5 -6 -3 -4 -5 -6 -5  0  6 -4  2 -1 -5 -4 -3 -4 -3 -1 0 0 1 -5
 0 -2  1  4 -1  3  1  1  0 -4 -3 -1 -3 -4 -3  1 -1  0 -3 -3 0 0 1 35
 0  2  0 -1 -1  1  2  1  0 -2 -3  2 -2 -3 -2  1  1  0 -2 -2 0 0 1 45
-1 -1 -3 -4 -1 -2 -2 -4 -3 -1  4  4  3 -2 -3 -3 -2 -4 -3 -2 0 0 1 0
-2 -2 -4 -5  2 -1 -4 -5 -4  3 -1 -2  0 -3 -4 -3 -2 -4 -3  6 0 0 1 20
 2  3  1  1 -3  1  2 -2  0 -3 -3  2 -1 -4 -2  1 -1 -4 -3 -3 0 0 1 85
-2  0  0  4 -5  2  5 -2 -2 -5 -4  0 -4 -5 -3 -1 -1 -5 -4 -4 0 1 1 50
-2 -2  0  0 -4  2  3  4  4 -5 -5 -2 -3 -4 -3  0 -2 -4 -3 -4 0 1 1 65
-2  2 -2 -2 -4  3  2 -3 -2 -1 -1  4 -2 -3 -2 -2 -2 -4 -3  0 1 1 0 35
-3 -4 -5 -5 -3 -4 -5 -6 -5  2  6 -4  2 -1 -5 -4 -3 -4 -3  0 1 0 0 0
 0 -2 -1  0 -3  0  4 -2 -1  1 -1 -1 -1 -1 -2  0 -1 -3 -2  1 1 0 0 55
-2 -2 -1 -3  4 -2 -2 -3  0  0  1 -1  1  3 -3 -1  0 -1  3  1 1 1 1 45
 0 -1  0 -1 -1 -1  0 -1  0  1  1 -1  0  0 -1  0  1 -2 -1  2 1 1 1 30
 1  0  1  1 -2  0  0  0 -1 -3 -3  0 -2 -3  1  3  2 -3 -2 -2 0 1 1 60
-1 -3  3  2 -4 -1 -1  5 -1 -5 -5 -2 -4 -4 -3  0 -2 -4 -4 -4 0 1 1 95
-1 -4 -1  1 -5 -1 -2  7 -4 -6 -6 -3 -5 -5 -4 -2 -3 -5 -5 -5 0 1 1 15
-1  0  1 -1 -3  0  1 -2 -2 -1  0  2  2 -1 -2  1  0 -3 -1  1 1 0 0 15
-4 -4 -5 -6 -5 -4 -5 -6 -1 -4 -3 -4 -3  3 -6 -3 -4  4  9 -4 1 0 0 0
-2  5 -2 -3 -5  2 -1 -3 -2 -3 -3  5 -3 -4 -3  0 -2 -4 -3 -4 1 0 0 35
-3 -4 -5 -5 -3 -4 -5 -6 -5  3  5 -4  0 -1 -5 -4 -3 -4 -3  0 1 0 0 20
 2 -3 -3 -4 -1 -3 -3 -3 -3  2  1 -3  0 -2 -3 -1 -1 -3 -2  4 1 1 1 95
