-2 -2 -3 -4 -2 -1 -3 -4 -3  0  1 -2  9 -1 -4 -2 -2 -2 -2  0 1 1 1 60
-2 -3 -3 -2 -4 -2 -2 -3 -3 -4 -4 -2 -3 -5  8 -2 -2 -5 -4 -3 1 1 1 25
-3 -3 -3 -4 -4 -2 -3 -4  3 -2 -2 -3 -2  2 -4 -3 -3  1  8 -2 1 0 0 0
-1 -3 -4 -4 -2 -2 -3 -4 -3  2  3 -3  3  0  1 -2 -1 -3 -2  2 1 0 0 5
-2 -3 -4 -4 -2 -3 -4 -4 -3  1  5 -3  2  2 -4 -3 -2 -2 -1  0 1 0 0 5
-1 -3 -3 -3 -2 -3 -3 -4 -4  5  1 -3  0 -1 -3 -1 -1 -3 -2  3 1 0 0 -5
 0 -2 -1 -2 -2 -1 -1 -1 -2 -3 -3 -1 -2 -2 -2  5  1  7 -1 -3 1 0 0 0
 0 -2 -1 -2 -2 -1 -1 -2 -2 -2 -2 -1 -2 -3 -2  3  5 -3 -2 -1 1 0 0 0
-2  1 -1 -1 -4  7  1 -3  0 -3 -2  1 -1 -4 -2 -1 -2 -3 -2 -3 1 0 0 45
-2 -4 -4 -4 -2 -4 -4 -5 -4  5  1 -3  0 -1 -4 -3 -1 -4 -2  3 1 1 0 30
-2  6 -1 -3 -4  0 -1 -3  2 -4 -2  1 -2 -4  2 -2 -2 -4 -2 -3 1 1 1 20
-1 -2 -2 -3 -2  0 -2  0 -2  0  3 -2  4 -1 -2 -2  0 -2 -2  0 0 1 1 5
-2 -1 -1  0 -5  2  6  1 -1 -4 -4  0 -3 -4 -2 -1 -2 -4 -3 -4 0 1 1 5
 1 -2  2 -2  3 -2 -2 -2 -2  1  1 -2  0 -2 -2 -1  1 -3 -2  2 1 1 0 30
 1 -3 -1 -2 -3 -2 -2  6 -2 -4 -3 -2 -3 -3 -2 -1 -2 -3 -3 -3 1 1 1 25
-2 -3 -3 -3 -4 -3 -2 -4 -4 -4 -4 -2 -4 -5  8 -2 -2 -5 -4 -4 1 1 1 35
-1 -2 -1 -2 -2 -2 -2 -3 -3 -2 -2 -2 -2 -3 -2  0  7 -4 -3 -1 1 0 0 -5
-2 -2  1 -3 -3  0 -2 -3 -1  2  0 -2  5  1  0 -2 -2 -1  4  0 1 0 0 5
-1 -3 -4 -4  4 -3 -4 -4 -4  2  2 -3  0 -1 -3 -3 -1 -3 -2  5 1 0 0 0
 0 -2 -1 -2 -3 -2 -2  6 -2 -3 -3 -2 -3 -3 -2 -1 -2 -2 -3 -3 1 0 0 5
-3 -3  0  7 -5 -1  0 -3 -2 -5 -5 -2 -4 -5 -3 -1 -2 -6 -4 -5 1 1 1 5
-1  0 -1  0 -4  0  5  4 -2 -4 -4 -1 -3 -4 -2 -1 -2 -4 -3 -2 0 1 1 40
-1 -1  1 -1 -3  1  2 -2  5 -3 -1 -1 -2  1 -2  2 -1  3  2 -3 0 1 1 60
 0 -1  0 -1 -2  3 -1 -2 -2 -4 -4 -1 -2 -4 -2  5  0 -4 -3 -3 1 1 0 0
-1 -3  0  7 -5 -1  0 -2 -2 -4 -5 -2 -4 -5 -3 -1 -2 -6 -4 -4 1 1 1 40
 0 -2 -3 -3 -4 -2 -2 -3 -3 -3 -2  0 -3 -4  8 -2 -1 -5 -4 -1 0 0 1 65
 2 -1  0  1 -2  1  3 -2  0 -2 -2  0 -2 -2 -2  0  0 -3 -2  0 0 0 1 60
-2 -3 -4 -5 -2 -3 -4 -5 -4  2  5 -3  1  0 -4 -3 -2 -3 -2  1 0 0 1 5
-2 -3 -4 -5 -3 -2 -4 -4 -3  0  3 -3  8 -1 -4 -3 -2 -3 -2  0 0 0 1 0
 1  0  2 -1 -3  2  2 -1 -1 -3 -2  3 -2 -3 -2  0 -1  3 -2 -2 0 0 1 75
-2  1 -1 -1  0  2  2 -3  3 -2 -1  1 -1  0 -3 -1 -1 -1  4 -2 0 0 1 35
-3 -3 -5 -5 -2 -3 -4 -5 -4  1  5 -4  1  0 -4 -4 -2 -3 -2  0 0 0 1 0
-1 -1 -1  1  1 -2  1  6 -2 -4 -4 -2 -3 -4 -3 -1 -2 -4 -4 -4 0 1 1 60
 5 -3 -2 -3 -2 -2 -2  2 -3 -3 -3 -2 -2 -3 -2  0 -1 -4 -3 -1 1 1 1 15
-1  3  1  0 -3  1  1 -2 -1 -2 -3  3 -2 -3 -2  1  2 -3 -2 -2 1 0 0 45
-1  1 -2 -2 -3 -1 -1 -3 -2  0  2  4  0 -2  0 -2 -1 -3 -2  2 1 0 0 50
-1  3  2 -2 -2  0 -1 -2  1  0 -1  0  1 -2 -2  0  2 -3 -2  0 1 0 0 30
-1  3  1 -1 -3  1  0 -2  3 -3 -3  3 -2 -3 -2  1  3 -3 -2 -2 1 1 1 45
 0  0 -2  0 -3  3 -1 -3 -2  0 -1 -1  3 -3  4 -1  0 -3 -2  2 1 1 1 30
 0 -3 -4 -4 -2 -3 -3 -4 -3  1  4 -3  1  1  0 -2 -2 -2 -1  1 0 1 1 75
-1 -3 -2 -3 -3 -3 -3  6 -3 -3 -3 -3  2  2 -3 -1 -3 -3 -2 -3 0 1 1 55
-2 -2  7  0 -3 -1 -1 -2 -1 -3 -4 -1 -3 -4 -3  1 -1 -5 -3  0 1 1 1 15
-2  0  5  1 -4  0  2 -2  4 -4 -4  2 -3 -4  2 -1 -1 -4 -2 -4 1 1 0 75
-3  3 -3 -4 -4 -3 -3 -4 -2 -1  0 -2 -1  7 -4 -3 -3 -1  2 -2 1 1 0 5
 1 -1 -1 -2  3  2 -1 -2 -1 -2 -2  1 -1 -1  0  1  1  5  1 -1 1 1 1 40
-2 -1 -1  0 -4  1  5 -3 -1 -2 -1  0 -2 -3 -2 -1  0 -4 -3 -1 1 0 0 0
-2 -3 -3 -4 -3 -3 -3 -4  0 -1 -2 -3 -1  2 -4 -3 -2  5  8  1 1 0 0 10
-1  1 -1 -2  0 -1 -1 -3  4  0  0  0 -1  2 -3  0 -1 -1  4  0 1 0 0 20
-1 -2 -2 -3 -1 -2 -2 -3 -3  2  0 -2  0 -2 -2  1  3 -3 -2  4 1 0 0 0
-1 -1  3  4 -3  0  2 -2 -1 -3 -4  1 -3 -4  2  1 -1 -4 -3 -3 1 1 0 75
-2 -2  0  6 -4 -1  2 -2  3 -3 -2  0 -3 -3 -2 -1 -2  5 -2 -3 1 1 0 30
 1 -2 -2 -2 -2 -2 -1 -2 -2 -3 -3 -1 -3 -4  6  2  1 -4 -3 -2 1 1 1 5
-2 -3 -3 -3 -4 -2 -2 -3 -3 -4 -4 -2 -4 -5  8 -2 -2 -5 -4 -4 0 0 1 -5
-2  6 -1 -3  5  0 -1  0 -1 -4 -3  1 -2 -4 -3 -2 -2 -4 -3 -3 0 0 1 5
-1 -1 -2 -2 -2  0 -2 -3 -2  2  1  0  2 -1 -2  1  0 -3 -2  2 0 0 1 15
-1 -3 -4 -4 -2 -3 -3 -4 -4  2  0 -3  0 -2 -3 -2  0 -4 -2  5 0 0 1 0
-2 -3 -4 -5 -2 -3 -4 -5 -4  1  5 -3  1  0 -4 -3 -2 -2 -2  0 0 0 1 -5
-2 -2  5  5 -4 -1  0 -2 -1 -4 -4 -1 -3 -4 -3  0 -1 -5 -3 -4 0 0 1 20
-2  1 -1 -2 -4  2  0 -3 -1 -3 -1  6 -2 -3 -2 -1 -1 -4 -3 -3 0 0 1 30
-2 -3 -4 -5 -2 -3 -4 -5 -4  1  5 -3  1  0 -4 -3 -2 -2 -2  0 0 0 1 -5
 0 -1 -1  1 -4  1  6 -1 -1 -4 -4  0 -3 -4 -2 -1 -2 -4 -3 -3 0 0 1 25
 0  2  0 -2  4  0 -1  1 -2 -1 -1  3 -1 -3 -2  0 -1 -3 -2  0 0 0 1 75
-1  1 -2 -2  1  0  2 -3 -2  2  1  1  4 -1 -3 -2 -1 -3 -2  0 0 1 1 35
-1 -3 -1 -2 -3 -3 -3  7 -3 -5 -5 -2 -4 -4 -3 -1 -2 -3 -4 -4 0 1 1 45
-3 -3 -4 -4 -3 -3 -3 -4  0 -2 -1 -3 -1  5 -4 -3 -3  7  6 -2 1 1 1 5
-2  5 -1 -2 -4  1  0 -3  2 -4 -3  4 -2 -4 -2 -1 -1 -4 -2 -3 1 0 0 45
-1 -3 -4 -4 -2 -3 -3 -4 -4  2  1 -3  0 -1 -3 -3 -1 -4 -2  5 1 0 0 0
-1 -3 -4 -4 -2 -3 -3 -4 -4  2  3 -3  1 -1 -3 -3 -1 -3 -2  4 1 0 0 20
 3 -2 -1 -1 -1 -1 -1  2 -2 -3 -3 -1 -2 -3 -2  4  1 -3 -3 -2 1 0 0 5
-1 -2 -3 -3 -2 -1 -2 -3 -3  1  1  0  7 -1 -3 -1  0 -3 -2  2 1 0 0 0
 2  0 -1 -2 -1 -1 -1 -1 -2 -2 -2 -1 -2 -3 -2  2  4 -3 -2 -1 1 0 0 0
-1 -3 -1 -2 -3 -2 -1  6 -3 -5 -5 -2 -4 -4 -3 -1 -2 -3 -4 -4 1 0 0 5
-1 -3  0  1 -2 -2 -2 -3 -3  4  0 -3  0 -1 -3 -2 -1 -4 -2  4 1 0 0 5
-1 -3 -1 -2 -3 -2 -3  6 -3 -4 -4 -2 -3 -4  1 -1  0 -3 -4 -3 0 1 1 40
-2  0 -1 -2 -3  6  1 -3 -1 -2  1  0 -1 -3 -3 -1 -2  4 -2 -2 0 1 1 40
-1 -2 -1 -2 -2 -2 -2  2 -3 -2 -2 -2 -2 -3 -2  1  6 -3 -3 -1 1 0 0 15
-1 -3 -3 -4  6 -3 -3 -3 -3  1  3 -3  0 -1 -3 -1  2 -3 -2  0 1 0 0 0
 1 -3 -3 -4 -1 -3 -3 -3 -4  3  0 -3  0 -2 -3 -2 -1 -4 -2  5 1 0 0 0
-4 -4 -5 -6 -4 -3 -4 -4 -4 -4 -3 -4 -3  0 -5 -4 -4 12  1 -4 1 0 0 -5
-1 -3 -2 -3  8 -2 -3 -3 -3 -2 -2 -2 -2 -3 -3  0  5 -3 -3 -1 1 0 0 -5
-2 -3 -4 -4 -2 -3 -4 -4 -4  1  4 -3  2  0 -4 -3 -2 -3 -2  2 1 0 0 -5
-3 -1 -1 -2 -4 -1 -1 -3  9 -4 -3 -2 -2  1 -3 -2 -3 -2  4 -4 1 0 0 5
-2  2 -1 -2 -4  1  0 -3 -2 -3 -2  6 -2 -4 -2 -1 -2 -4 -3 -3 1 1 1 40
-1 -1  0  2 -3  2  5 -2 -1 -4 -3  0 -2 -4 -2  2 -1 -4 -3 -3 1 1 1 90
