-1 -2 -3 -4 -2 -1 -3 -3 -2  1  2 -2  7  0 -3 -2 -1 -2 -1  0 1 1 1 85
-2  0 -1 -2 -3  0  1 -3  0 -2  0  3 -1  2 -2 -1 -1 -1  4 -2 1 0 0 45
-2 -3 -4 -4 -2 -3 -3 -4 -3  3  3 -3  2  0 -3 -3 -1 -3 -2  3 1 0 0 5
-1  1 -1 -2 -2 -1 -1 -2 -2 -2 -2  1 -2 -3 -2  1  5 -3 -2 -1 1 0 0 20
-2 -3 -4 -4 -2 -3 -4 -4 -4  2  5 -3  1  0 -4 -3 -2 -3 -2  0 0 0 1 5
 0  0  0  2 -3  1  2 -1 -1 -3 -2  2 -2 -3  3  0  0 -3 -3 -2 0 0 1 55
 1 -1 -1  0 -3  2  5 -2 -1 -3 -3  1 -2 -4 -2  0  0 -3 -3 -3 0 0 1 40
-4 -4 -5 -6 -4 -3 -4 -4 -4 -4 -3 -4 -3  2 -5 -4 -4 12  1 -4 0 0 1 0
 2 -2  4 -1  1 -1 -2  2 -1  0 -2 -1 -2 -3 -2  0 -1 -3 -3  0 0 0 1 5
 2  2  2  1 -2  1  2 -1  1 -3 -3  1 -2 -3 -2  0 -1 -3 -2 -2 0 0 1 55
-2  4  1  1 -3  3  2 -2 -1 -3 -1  1 -1 -3 -2 -1  0 -3 -2 -2 0 1 1 60
-2  0  1 -1 -3  4  0 -3  4 -2  1  0 -1  1 -2 -1  0 -2  1 -2 1 1 0 25
-2  2 -1  3 -4 -1  1 -3 -1 -3 -2 -1 -2 -2  5 -1 -2 -2  2 -3 1 1 0 75
-1  4  1 -2 -3  0 -1 -2  1 -2 -2  1 -2 -3  2  0  1 -3 -2  0 1 1 0 55
-2  1 -2 -2 -4  0 -1 -3 -2 -2 -3  1 -3 -4  7 -1 -2 -4 -3 -3 1 1 1 45
-2  4 -2 -2 -4 -1 -1 -3 -2 -4 -3  1 -3 -4  7 -2 -2 -4 -3 -3 1 1 1 40
 1 -2 -1 -2  5 -1 -1 -2  1 -2 -2 -1 -2 -3  0  3  1 -3 -2 -1 1 1 1 45
-1 -2 -2 -2 -2 -1  1 -3  0  2  2 -2  1  0  1 -1 -1 -2  2  1 0 0 1 35
-1  1  2  1 -3  2  3  1 -1 -3 -3  1 -2 -3 -2  1  0 -3 -2 -3 0 0 1 55
-1 -2 -1 -2 -2  0 -2 -3 -2 -2 -2 -2 -2 -2 -2  0  6 -2  2 -1 0 0 1 20
 0 -3 -4 -4 -2 -3 -3 -4 -3  3  3 -3  1 -1 -3 -2 -1 -3 -2  3 0 0 1 0
-2  6 -1 -3  2  2 -1 -3 -1 -3  0  1 -2 -3 -3 -2 -2 -3 -2 -3 0 0 1 40
-1  6 -1 -2 -4  0 -1 -3 -1 -1 -1  2 -2 -3 -3 -1 -2 -3 -2 -2 0 0 1 45
 0 -4 -5 -5 -3 -3 -4 -3 -4 -4 -3 -4 -3 -1 -5 -3 -3 11  1 -4 0 0 1 10
 3 -3 -3 -3 -1 -2 -2 -2 -3  3  0 -2  0 -2 -2 -1  0 -3 -2  3 0 0 1 15
-2  6  2 -2 -4  0 -1 -3 -1 -4 -3  2 -2 -4 -3 -1 -2 -4 -3 -3 0 0 1 60
 1  2  1  1 -3  2  3  0 -1 -3 -3  0 -2 -3 -2  1 -1 -3 -2 -2 0 1 1 50
-1 -3 -1 -2  5 -3 -3  6 -3 -4 -4 -3 -3 -4 -3  0 -2 -3 -4 -3 0 1 1 60
-2  3  2  1  1  0  0 -2 -1 -2 -2  3 -2 -2 -2 -1 -1 -3  1 -1 1 1 1 30
-2 -4 -4 -4 -2 -4 -4 -5 -4  6  1 -4  0 -1 -4 -3 -2 -4 -2  2 1 0 0 0
-1 -2 -2 -3 -3  0  0 -3  0  0 -1 -2 -1  4 -3 -1 -1  0  5  0 1 0 0 60
-2 -3 -3 -3 -4 -2 -2 -3 -3 -4 -4 -2 -4 -5  8 -2 -2 -5 -4 -4 1 1 0 35
 3 -2 -2 -2 -2  2 -1 -2 -2 -3 -3 -1 -2 -3  5  0  1 -3 -3 -2 1 1 1 60
-2 -3 -3 -3 -4 -2 -2 -3 -3 -4 -4 -2 -4 -5  8 -2 -2 -5 -4 -4 1 1 1 10
-1  0 -2 -1 -2  0  2 -3 -2  2  0  0  1 -1 -2 -2 -1 -2  1  2 1 0 0 50
-2  2 -2 -2 -3  0 -1 -3 -2 -1  2  5 -1 -2 -2 -1 -2 -3 -2 -2 1 0 0 60
-2 -2 -1  3 -3 -1 -1 -3  7  1 -2 -2 -2  3 -3 -2 -2 -2  0 -1 1 0 0 45
-1 -3 -1 -2 -3 -3 -3  6 -3 -5 -5 -2 -4 -4 -3 -1 -3 -3 -4 -4 0 1 1 70
-2  6 -1 -2 -4  0 -1 -3 -1 -4 -3  3 -2 -4 -3 -2 -2 -4 -3 -3 0 1 1 90
 1 -1 -1  0 -3  0  4 -2 -1 -3 -3  0 -2 -3 -2  2  1 -3 -3 -2 1 0 0 40
-3 -3 -3 -4 -4 -3 -3 -4  0 -3 -2 -3 -2  2 -4 -3 -3  6  8 -2 1 0 0 25
-2  3 -2 -3  3 -1 -2 -3 -1 -1  2  0  0  0 -3 -2 -2 -1  4 -1 1 0 0 15
-1 -3 -4 -4 -2 -3 -3 -4 -3  3  0 -3  0  4 -3 -3 -1 -2  0  4 1 0 0 0
-1  1  0  2 -3  2  2 -2  3 -1 -1  1 -1 -2 -2  0 -1 -3 -1 -1 1 0 0 35
 1 -1 -1  2 -3  1  4 -2 -1 -3 -3  0 -3 -4  4  0 -1 -4 -3 -3 0 1 1 55
-1  0  2  4 -3  0  2  1 -1 -3 -3  1 -3 -4 -2  1  1 -4 -3 -3 0 1 1 60
 5 -2 -2 -3 -1 -2 -2 -1 -3 -2 -2 -2 -2 -3 -2  0 -1 -4 -3 -1 1 1 1 0
-1  0 -2 -2  3  1 -1 -3 -2  2  0  0  0  1 -3 -1  1 -3 -1  3 1 0 0 50
-2 -1 -2 -3 -3 -1 -2 -3  3 -2  0  2 -1  3 -3 -2 -2  0  6 -2 1 0 0 30
-1  2 -2 -3 -2 -2 -2 -3 -3  3  1 -1  0 -1 -3 -1 -1 -3 -2  3 1 1 1 40
-1 -1  3  4 -3  1  1 -2  1 -3 -2  1  1 -3  1  1 -1 -4 -2 -2 1 1 1 75
-2 -2 -3 -3 -3  0 -2 -3 -3 -1  2 -2  0 -2  6 -2 -2 -3 -3  0 1 1 1 65
-1  0  3  0 -3  1  2 -2 -1 -3 -3  2 -2 -3 -2  0  2 -3 -2 -2 1 1 1 80
-1  4  0 -1 -3  1  0 -2 -1 -3 -2  4 -1 -3 -2  0  1 -3 -2 -2 1 1 1 80
-1 -2 -2 -2 -3 -1 -1 -2 -2 -3 -3 -1 -3 -4  8 -1 -1 -4 -3 -3 1 1 1 95
