-1 -3 -4 -4 -1 -3 -3 -4 -3  4  3 -3  1  0 -3 -3 -1 -3 -1  3 0 0 1 10
-2  4  0 -1 -4  2  0 -2  5 -3 -3  1 -1 -2 -2 -1 -1 -3  0 -3 0 1 1 55
-2 -2 -4 -4 -1 -2 -3 -4 -3  2  4 -3  2  0 -3 -3 -1 -2 -1  1 1 1 1 40
-1  0  0  2 -4  2  6 -2  0 -4 -3  1 -2 -4 -1  0 -1 -3 -2 -3 0 0 1 70
 1 -2  0 -1 -2 -1 -1  4 -2 -3 -3 -1 -2 -3 -2  3  0 -3 -3 -3 0 0 1 40
-1  0  0  2 -4  2  6 -2  0 -4 -3  1 -2 -4 -1  0 -1 -3 -2 -3 0 0 1 15
 0 -3 -3 -4 -1 -3 -3 -4 -4  3  1 -3  1 -1 -3 -2  0 -3 -1  4 0 0 1 5
 1  0  5  0 -2  0  0 -1  0 -3 -3  1 -2 -3 -2  1  1 -4 -2 -2 0 0 1 50
 3  0 -1 -2 -1  0  0 -1 -2 -1  0  2  0 -2 -1  0  0 -3 -2 -1 0 0 1 35
-2 -3 -4 -4 -1 -3 -4 -4 -4  5  2 -3  1  0 -3 -3 -1 -3 -2  3 0 0 1 5
-1  3  0 -1 -3  1  1 -2 -1 -3 -3  5 -2 -3 -1  0 -1 -3 -2 -3 0 0 1 25
 0 -1  4  2 -3 -1  0  3 -1 -4 -4 -1 -3 -3 -2  1  0 -3 -3 -3 0 0 1 45
 4 -2 -2 -2 -1 -1 -1  0 -2 -2 -2 -1 -1 -3 -1  1  0 -3 -2  0 0 0 1 10
-2 -3 -4 -4 -1 -2 -3 -4 -3  2  4 -3  2  2 -3 -3 -1 -2  0  1 0 0 1 0
-1  3 -1 -2 -3  1  0 -3 -1 -1  2  2  0 -1 -2 -1 -1 -2 -2 -1 0 0 1 40
 0  0  3  0 -2  2  0 -1  0 -3 -3  1 -1 -3 -1  3  2 -3 -2 -2 0 0 1 35
 0 -1  0 -1 -1 -1 -1 -2 -2  0 -1 -1 -1 -2 -1  1  5 -3 -2  0 0 0 1 15
-2 -1  6  1 -3  0  0 -1  1 -4 -4  0 -2 -3 -2  1  0 -4 -2 -3 0 0 1 20
-1  1  0  1 -4  2  4 -2  0 -3 -3  3 -2 -4 -1  0 -1 -3 -2 -3 0 0 1 50
 4 -2 -2 -2 -1 -1 -1  0 -2 -2 -2 -1 -1 -3 -1  1  0 -3 -2  0 0 0 1 5
 0 -3 -3 -4 -1 -2 -3 -4 -4  3  1 -3  1 -1 -3 -2  0 -3 -1  4 0 0 1 25
 1 -2 -1 -1 -1 -1 -1 -2 -2  1 -1 -1  0 -2 -2  3  1 -3 -2  2 0 0 1 25
 1 -1  0 -1 -1  0 -1 -1 -1 -2 -2 -1 -1 -3 -1  3  4 -3 -2 -1 0 0 1 20
-2 -2 -4 -4 -1 -2 -3 -4 -3  2  4 -3  2  0 -3 -3 -1 -2 -1  1 0 0 1 0
 1 -2  0 -1 -2 -1 -1  4 -2 -3 -3 -1 -2 -3 -2  2  1 -3 -3 -2 0 0 1 20
-2 -1  6  1 -3  0 -1 -1  0 -1 -3  0 -2 -3 -2  0  0 -4 -2 -2 0 0 1 35
 0 -3 -1 -2  3 -2 -3  6 -2 -4 -4 -2 -3 -3 -2  0 -2 -3 -3 -3 0 0 1 20
 0 -3 -3 -4 -1 -2 -3 -3 -3  3  1 -2  2 -1 -3 -2  0 -3 -1  4 0 0 1 15
 0  4  0 -1 -2  0  0 -1 -1 -3 -3  1 -2 -3 -2  3  0 -3 -2 -2 0 0 1 35
 0 -3 -3 -4 -1 -2 -3 -4 -4  3  1 -3  1 -1 -3 -2  0 -3 -1  4 0 0 1 10
-2 -2 -4 -4 -1 -2 -3 -4 -3  2  4 -3  2  0 -3 -3 -1 -2 -1  1 0 0 1 0
 3 -1 -1 -2 -1 -1 -1  0 -2 -1 -2 -1 -1 -2 -1  1  3 -3 -2  0 0 0 1 0
 0 -1  0 -1 -1  0  0 -1 -1 -2 -2  1 -1 -3 -1  3  4 -3 -2 -1 0 0 1 20
 3  0 -1 -2 -1  0  0 -1 -2 -1 -2  3 -1 -3 -1  0  0 -3 -2  0 0 0 1 5
 0 -3 -3 -4 -1 -2 -3 -4 -4  3  1 -3  1 -1 -3 -2  0 -3 -1  4 0 0 1 5
-2  3  2  1 -3  0 -1 -2 -1 -1  2  0  0 -1 -3 -1 -1 -3 -2 -1 0 0 1 20
-2 -1  1  5 -4  1  3 -2 -1 -3 -3  0 -3 -3 -1  0 -1 -4 -3 -3 0 0 1 30
-2 -2 -4 -4 -1 -2 -3 -4 -3  2  4 -3  2  0 -3 -3 -1 -2 -1  1 0 0 1 0
-1  2  0 -1 -3  1  1 -2 -1 -3 -3  5 -2 -3 -1  0 -1 -3 -2 -3 0 0 1 10
-1 -1  4  3 -3  1  3 -1  0 -4 -4  0 -2 -3 -2  0 -1 -4 -2 -3 0 0 1 35
-2 -3 -3 -4 -3 -3 -3 -3  0 -1  0 -3  0  6 -4 -2 -2  1  5 -1 0 0 1 5
-1 -3 -3 -3 -1 -3 -3 -4 -4  4  1 -3  1  0 -3 -2 -1 -3 -1  3 0 1 0 0
 0 -1  2  3 -2  0  0 -1 -1 -3 -3  0 -2 -3 -1  3  1 -4 -2 -2 0 1 0 25
-1  2  1 -1 -3  1  1 -2 -1 -3 -3  5 -2 -3 -1  0 -1 -3 -2 -3 0 1 0 55
-1  2  3  1 -3  2  3 -2  0 -3 -3  3 -2 -3 -2  0 -1 -3 -2 -3 0 1 0 40
-2 -2 -4 -4 -1 -2 -3 -4 -3  2  4 -3  2  0 -3 -3 -1 -2 -1  1 0 1 0 5
-1 -2 -1 -2 -1 -1 -2 -3 -2  1  3 -2  1 -1 -2  0  3 -2 -2  0 0 0 1 20
 0  0 -1 -1 -2 -1 -1 -2 -2 -3 -3 -1 -2 -4  7  2  0 -4 -3 -2 0 0 1 55
 3  0 -2 -2 -1 -1 -1 -1 -2  1 -1  2  0 -2 -1  0  0 -3 -2  0 0 0 1 40
-1 -3 -3 -3 -1 -3 -3 -4 -4  4  1 -3  1  0 -3 -2 -1 -3 -1  3 1 1 1 20
-2 -1  6  1 -3  0  0 -1  1 -4 -4  0 -2 -3 -2  1  0 -4 -2 -3 1 1 1 60
-1  4  0 -1 -3  3  1 -2  0 -3 -3  4 -1 -3 -2  0 -1 -3 -2 -3 1 1 0 70
