-1 -4 -2 -3 -4 -4 -4  7 -4 -6 -6 -3 -4 -5 -4 -2 -3 -4 -5 -5 0 1 1 30
-1  0  4  4 -5  3  1 -3 -1 -4 -4  3 -3 -5 -3 -1 -2 -5 -4 -2 1 0 0 10
 2 -3 -3 -3 -4  1  0  5 -3 -4 -4 -3 -3 -5  3 -2 -3 -5 -4  0 1 0 0 5
-1 -5 -6 -6 -4 -5 -5 -6 -6  1 -2 -5 -2 -4 -5 -4 -3 -6 -4  7 1 0 0 15
-5 -5 -6 -7 -5 -4 -6 -7 -5 -3 -2 -5 11 -4 -6 -5 -4 -5 -5 -3 1 0 0 5
-1 -4 -4 -4 -5  2  2 -5 -4 -3 -1 -3  9 -4  0 -1 -3 -5 -4 -3 1 0 0 5
 2  4  0  2 -4  0  0  1 -2 -4 -3 -1 -2 -4 -2  1 -1 -5 -4 -3 1 1 1 45
-7 -7 -7 -2 -7 -6 -7 -7 -7 -7 -6 -7 -6 -3 -8 -7 -1 13 -2 -7 0 1 1 20
-4 -4 -4 -2 -7  0  7 -2 -4 -1 -6 -3 -5 -6 -5 -4 -4 -6 -5 -5 0 1 1 5
-1  3 -1  0 -3 -1  0 -3 -1  0 -3  1 -2 -2 -3  0  4 -4 -3 -1 0 0 1 25
-1 -3  0  3 -5 -1  2 -1 -1 -5 -5 -1 -4 -6  6 -2 -1 -6 -5 -3 0 0 1 40
-4 -5 -5 -6 -4 -5 -5 -6 -4  5  3 -5  1  0 -5 -5 -1 -3  5  0 0 0 1 -5
-1 -2 -6 -7 -5 -4 -6 -6 -5 -3  0 -5 10 -1 -6 -2 -1 -5 -5 -2 0 0 1 0
-2  3 -2 -1 -5  2  3 -3  4 -5 -3  3 -3 -5 -1 -1 -3  0 -3 -2 0 0 1 35
 2  2 -2 -1 -3  2  0 -3 -1 -1  0  1  0 -1 -3  1 -1  0 -3 -1 0 0 1 15
 1 -2 -3 -2  1 -3 -3 -1  5 -1  2 -3  1  1 -4  1  1 -4 -2 -1 0 0 1 -5
 5 -2 -4 -3  1 -2 -2 -1 -4 -1 -2  0 -3  0 -1  1 -2 -5 -4  1 0 0 1 -5
 2  1  1  3  1  1  2 -2  0 -3 -4  3 -4 -5 -3  0  0 -5 -4 -2 0 0 1 35
 2 -1 -1 -1 -2  0 -1 -1 -3  0  1 -1  0 -2  0  0  2  1 -1  1 0 0 1 5
 3 -2 -4 -4 -3 -1 -2 -1 -4  2  3 -3  2  0 -4 -1 -2 -4 -1  1 0 0 1 0
 1 -2 -1  0  6 -3 -1  0  1  0 -1 -2  0  0  1  0  0 -4 -3  0 0 1 1 5
 0  1  0 -1  1  0  0 -1  0 -2 -1  0 -2  0  2  2  2 -4 -3 -2 0 1 1 50
-1  0  2  1 -4  1  1  2  0 -4 -4  2 -3 -2  2  0  0 -4 -3 -2 0 1 1 40
 0 -2 -1 -1 -4 -2 -1  6 -2 -4 -4 -2 -4 -3 -2  0 -2 -4 -4 -4 1 1 1 10
 0 -1 -1  0 -1  0 -1  2  0 -2  0  1 -1 -2 -1  2  0 -3 -2 -2 1 0 0 15
-1  5  0  1 -2  0 -1 -3  1 -2 -3  2 -2 -3 -3  2  0 -4 -2 -2 1 0 0 15
-1 -3 -4 -4  0 -3 -3 -4 -4  2  2 -3  0  0 -3 -1 -1 -3 -2  5 1 0 0 -5
-2 -3 -3 -4 -1 -3 -3 -4 -3  0  5 -3  2 -1 -3  1 -2 -3 -1  1 1 0 0 -5
-3 -2  4  2 -4 -1  4 -3  3 -3  1 -1 -2 -3 -3 -2 -2 -4 -3 -3 1 0 0 0
-2 -3 -3 -3 -1 -3 -3 -4 -4  4  1 -3 -1 -2 -3  1  0 -4 -2  4 1 0 0 0
-2 -5 -3 -4  3 -4 -4  6 -4 -6 -5 -4 -5 -5  4 -3 -4 -5 -5 -5 1 1 1 15
-3 -3 -3 -4  2  1 -3 -1  3 -1  0 -3 -2  6 -4 -2  1 -2  1 -2 1 1 1 0
-2 -4 -3 -4 -4 -4 -4  6 -4  0 -5 -4 -4 -5  1 -2  0 -5 -5 -4 0 1 1 15
-2 -3 -2 -4 -1 -3 -4  1 -1  0  3 -3  6 -2 -4 -2  0 -4 -3  1 0 1 1 20
 1 -4 -2 -3  2 -3 -4  6 -4 -4 -1 -3 -4 -5 -4  1 -3 -4 -5 -4 1 1 0 5
 0  0 -3 -2 -2 -2 -2 -2 -2  4  1 -2 -1  0 -3 -1  1 -2  2  1 0 0 1 15
 1  0  2 -2 -2 -2 -2 -1 -2  2 -1 -1 -1 -1  1  1  1 -4 -2  1 0 0 1 5
 3 -3 -1  4 -3 -2 -1  1 -3 -3 -2 -2 -1 -4  0  0  0 -4 -4 -1 0 0 1 -5
 1  2 -1 -1 -3 -1 -1  0 -1 -1 -2  1 -2 -3 -2  1  3 -4 -3 -1 0 0 1 35
 0  1 -2 -2 -1 -1 -1  1  1  0 -1  0  2  2 -3  0  1 -2  2 -1 0 0 1 25
 0 -2 -3 -3 -2 -2 -3  1 -3  3  0  0  1  3 -3  0 -1 -2  0  1 0 0 1 -5
 2  1 -1 -1 -3  5  0 -3 -1 -1 -2  1  1  1 -3 -1 -2 -3 -2 -2 0 1 1 0
 0  2  0  1 -3  1  2  1 -1 -3 -1  0 -2 -3  0  2  0 -4 -3 -3 0 1 1 70
 0  1  0 -1 -3  1 -1  1  2 -2  0  0  0  0 -1  1  0 -2  2 -1 1 1 0 10
-1  1  1  1 -3  1  0  2  0 -3 -3  1 -3 -3  2  0 -2  4  0 -3 1 1 0 85
 0 -3 -2 -2 -3 -3 -2  1 -3  0 -3 -2 -3 -3  6 -2 -1 -4 -3  1 1 0 0 0
 1  1  0  2 -2  1  2 -2 -1 -2 -2  0 -2 -1 -1  1  1 -3 -1 -1 1 0 0 55
 0  2  0  0 -1  0  2 -1  0 -2 -1  2 -1 -3 -1  1  1 -3 -2 -1 1 0 0 20
-3 -2  1  0 -4 -1 -2 -4  9 -1 -4 -3 -3 -3 -4 -1  0 -4  1 -1 1 0 0 -5
-1 -3 -2 -2 -1 -2 -1 -3  3 -1  0 -2 -1  1 -3  0  3  3  4  2 1 0 0 15
-1 -3 -3 -1 -2 -3 -3 -1 -4  5  1 -3 -1 -2 -3 -1 -1 -3 -3  2 1 0 0 -5
-1 -3 -3 -4  5 -3 -3 -4 -4  4  1 -3  1  0 -3 -2  0 -3 -2  3 1 0 0 0
-3 -2 -2  2 -5 -1  7 -4 -2 -5 -4 -1 -4 -5 -3  0 -3 -4 -4 -4 1 0 0 5
 3 -3 -3 -3  3 -2 -2 -2 -3  1  0 -1 -1  1  3 -1 -2 -3  0  1 1 1 1 25
-3 -4  4  2 -5 -3 -1 -4  9 -5 -3 -4 -4 -2 -1 -1 -4 -5 -2 -3 1 1 1 25
-1  1 -4  2 -5  0  0 -3 -4 -5 -3 -2 -5 -6  7 -2 -1 -6 -5 -5 0 0 1 50
 0  0 -1  4 -4  1  2  2 -1 -4 -4 -1 -4 -4  0 -1 -1 -4 -2 -2 0 0 1 40
-2 -5 -5 -6 -4 -1 -5 -3 -5  2  0 -5  1 -4 -5 -4 -1 -5 -4  6 0 0 1 0
 0 -1 -4 -4 -3 -3 -2  0 -1  1  3 -2  0  3 -4 -3 -2 -3  2  0 0 0 1 5
 3  2  1  0 -4  3  2 -2 -2 -4 -4  1 -3 -1 -3  0 -2  1 -3 -3 0 0 1 50
-1  4 -2  0 -4 -1 -1 -1  3  0  0  2 -1  1 -4 -2 -2 -3  0 -2 0 0 1 35
 2 -4 -4 -5  0 -3 -4 -3 -4  2  3 -4  6  1 -4 -3 -1 -4 -3  1 0 0 1 -5
-1  3  0 -1 -3  2  1 -2  2 -2 -1  3 -1  0 -3 -1 -1  3  1 -2 0 0 1 45
 1  3  0  0 -4  1  2 -1  1 -3 -1  2 -2 -4 -3  0  0 -4 -3 -2 0 0 1 55
 1 -1  1  1 -4  2  1 -1  0 -1 -1  0 -3  1 -3 -1 -1  7 -2 -3 0 0 1 10
 3 -1  0 -2 -4 -2 -1  4 -1 -4 -3 -2 -4 -2  1  0 -2 -5 -4 -3 0 0 1 15
 1  1 -4 -1 -5  0 -1  1 -1 -4 -1 -1 -4 -2  0 -3 -3  9 -2 -4 0 1 1 80
 0  0 -2  1 -4  1 -1  0  3 -3 -2 -1  0  1  2  1 -2 -3  2 -3 0 1 1 65
 1  1  1  2 -4  2  2 -1  1 -4 -3  0 -3 -2  1  0  0  2 -1 -2 1 1 1 15
 0  1 -1 -3 -5 -2 -2  0 -4 -2 -1  3 -2 -5  5 -1 -2 -5 -4 -4 1 1 0 70
 0  0  0  0 -4 -1  1  1  5 -4 -2 -1 -3 -4  4  0 -2 -4 -3 -4 1 1 0 25
-1  3  4 -1 -4 -1 -1  3 -1 -5 -4  1 -4 -5 -1  0 -1 -5 -4 -4 1 0 0 65
-1 -5 -4 -1 -3 -4 -4 -2  0  2  0 -4  0  0 -5 -2 -1 -4  1  5 1 0 0 10
-3  4 -2 -1 -2  1  2 -4  1 -1 -2  2 -2 -3 -1 -1  0 -5 -3  1 1 0 0 20
-2 -1 -5 -5 -1 -2 -5 -6 -5  5  0 -4 -1  0  3 -4 -1 -5 -4  3 1 0 0 30
-1 -2 -3 -4 -1 -2 -2 -3  3  2  3 -3  0  1 -4 -2 -2  2  2  2 1 0 0 20
 0  0 -2 -1  0  2  3 -3  3 -3 -2  2 -3  0  1 -1  0 -4 -1 -2 1 0 0 45
 0 -5 -3 -3 -5 -4 -4  7  3 -2 -3 -4 -3 -5 -5 -3 -2 -5 -5 -5 1 1 0 15
-2  5 -1  2 -4 -2 -1 -4 -3 -2  1  2  0  0 -2 -2  1 -4 -3 -3 1 1 1 30
 2 -6 -2 -6 -5 -5 -6 -2 -5 -6 -5 -6 -5  0 -6 -3 -5 12  1 -5 0 0 1 5
-2  1 -3 -1 -5  6  3 -2 -1 -4 -1 -1 -3 -1 -4 -2 -2 -4 -4 -1 0 0 1 40
-2 -3  1  6 -5  1  3 -4 -3 -3 -5 -3 -5 -5 -1 -1 -3 -6 -5 -5 0 0 1 65
 1 -2 -1 -4 -2 -1 -3 -4 -1  2 -1 -2  0  1 -1 -2 -1 -1 -2  5 0 0 1 10
 1 -1 -2 -4  1 -3 -3 -4 -4  1  4 -3  1 -2 -4 -1 -2 -4 -3  3 0 0 0 0
-1 -2  2  1 -4 -1  2 -1 -1 -4 -3 -1 -4 -5  6 -1 -3 -5 -4 -1 0 0 0 50
-1  2 -1  1 -1  1  0  0 -2 -1 -1  1  2 -3  1  0  1 -4 -3 -1 0 0 0 70
-3 -1 -6 -6  1 -5 -5 -6 -5  0  6 -5 -1  2 -2 -5 -3 -4 -3 -1 1 1 0 5
 1  1 -2 -1 -3  1  0 -1 -3  0  1 -1 -2 -3  5 -1 -1 -4 -3  0 1 1 1 40
 0 -2  0  5 -4 -1  2  0 -2 -4 -3  0 -2 -3 -1  1 -1 -4 -3 -3 0 1 1 65
-1 -2  0  0 -3  0  3  4  1 -5 -5 -1 -2 -5 -1  1 -2 -5 -3 -3 0 1 1 35
 0  1  0 -1 -3  1 -1  1  3 -2 -2 -1  0  1 -1  2  1 -3  0 -2 1 1 1 20
-4 -5 -5 -6 -5 -5 -5 -6  1 -2 -1 -5 -2  7 -1 -5 -5  0  6 -1 1 0 0 -5
-5 -1  1  8 -6 -4 -1 -5 -4 -6 -6 -4 -6 -6 -5 -3 -2  0 -6 -6 1 0 0 15
 2  0 -3 -4  2 -3 -3  5 -4 -3 -1 -2 -2 -1 -4 -1 -3 -4 -2 -1 1 0 0 -5
-3 -5 -5 -5  0 -5 -5 -3 -5  7 -1 -5  1 -3 -5 -4 -3 -5 -4  3 1 0 0 -5
-2 -4 -4 -5 -4 -4 -4 -3 -2  0  2 -4 -1  5 -5 -4 -3 -1  6  0 1 0 0 0
-4 -3 -4 -5  2 -4 -4 -2  3 -3 -2 -4 -3  6 -4 -2 -2  5  5 -1 1 0 0 0
-3 -4 -2  8 -5 -1  0 -4 -1 -5 -5 -3 -5 -5 -4 -3 -4 -6 -5 -5 1 1 1 15
 0 -3 -3  0 -3 -3 -3 -3 -4 -1 -3 -3 -3 -4  4  0  6 -4 -4 -1 1 1 1 20
-3 -4 -1 -4 -4 -4 -2 -4 -2 -1 -3 -4 -3  6  1 -4 -4  5  6 -3 1 1 1 20
 1  1 -1 -2 -3 -2 -1  1  1 -1 -1 -1 -2 -3  4  1 -1 -3 -2 -2 1 1 1 0
-1 -1 -1  0 -3  0  3 -2 -1  0  2  0 -1  0 -1 -1 -1  1 -2  0 1 1 0 30
 1 -1  1  3  0 -1  0  1 -2 -2 -2  0 -1 -1  1  2 -1 -3 -2 -2 1 1 0 15
-1  1 -1  1 -1 -1  3  0 -1 -2 -2  0 -1 -1 -2  0 -1  2  4 -2 0 1 1 35
 1  1 -1  1 -2  0  2 -1  2 -2 -1 -1 -1 -2 -1  1  0 -2 -2 -1 0 1 1 75
 0 -1  1  3 -2 -1  1  0  0 -1 -2 -1 -2 -1 -2  1  1  1 -1 -2 0 0 1 20
-1 -1 -1  0 -2  0  2  0 -1 -2  1  0 -1  2  1 -1 -1  5  1 -1 0 1 1 5
-1  1 -2  2 -4 -2  1  0  5 -3 -1  0 -3  1 -3  0 -3 -3  3 -1 0 1 1 30
 0  1  0 -1 -2  0  0 -1 -1  0 -1  0  1  0  1  0  0 -2  2  0 0 1 1 40
 0  3 -1 -1 -3  2  1 -3  5 -3  0 -1  0 -3 -1  0 -1 -3 -1 -3 0 0 1 0
-1 -1 -1  2  0  3  1 -1 -1  0  0 -1 -1  0 -2 -1 -1  1 -1 -1 0 0 1 -5
-1  2 -2 -3  0  1 -2 -2  0  0  1  0  3  3  1 -1 -1  1 -2 -1 0 0 1 5
 0  0  0  0 -3  0  2 -1  2 -2  0  0  1 -3  1  0  1 -3 -1 -1 0 0 1 40
-1  0 -1  0 -4  1  1 -2  0 -1 -1 -1 -2  5  0  1 -2 -2  1 -3 0 0 1 -5
-1 -1 -4 -5  3 -4 -4 -4  1  2  1 -4  1  5 -4 -3 -1  2  1  1 0 1 0 0
 0 -1 -1 -1 -3 -2 -1 -1  1  0  1  0  0  3 -1 -1 -1 -2  1  0 0 1 0 35
 1 -1  1  3 -4  1  3  0 -2 -3 -2 -1 -2 -4  2  0 -1 -4 -4 -2 0 1 0 55
-1 -1 -1 -3  0  2 -1 -2  6  0 -1  0  0  1 -2 -2 -1  3  2  0 0 1 0 5
 2 -2 -3 -3  2 -3 -1 -2 -4  1  2 -3  0 -3  1 -1  0 -4 -3  3 0 1 0 -5
 1 -1 -2  0 -1 -1 -2 -3 -1  2  0 -2 -1  1  4 -2  0 -3 -1  1 0 0 1 30
 0  4 -1  0 -4  1 -1  2  2 -2 -2  2 -3 -4 -1 -1 -2 -4 -3 -3 0 0 1 20
-2 -1 -4 -5  0 -4 -2 -5  3  0  5 -3  1 -3 -5 -1  0 -4 -3  0 0 0 1 -5
-2 -4 -2 -5 -1 -1 -5 -3 -5  1  5 -4  2 -3 -1 -1 -1 -4 -4 -1 1 0 0 0
 1  2  0  1  1 -1  0  0 -2 -1 -2  3 -3 -4 -1  0  0 -5 -4 -3 1 0 0 25
-2 -2 -4  1 -5  1 -1  0 -4 -4 -3  0 -2 -4  7 -1  0 -6 -5 -3 1 0 0 70
-1 -3  2  1 -2 -1  3  5  0 -5 -3 -2 -4 -5 -4 -1 -3 -5 -3 -5 1 0 0 30
 1 -1 -3 -4 -5 -4 -4  6 -4 -5 -3 -1 -5 -5 -4  0 -4 -5 -5 -5 1 0 0 0
-1  4 -1 -4  2 -2 -3 -2 -3  1 -1  1 -2 -2 -4 -2  0 -4 -3  3 1 0 0 0
-3 -2 -2 -5 -4 -1 -4 -3 -3 -1  2 -4 -2  6 -5 -4 -1  4  3 -2 1 0 0 -5
 0  0 -2 -3  1 -2 -3  1 -3 -2 -3 -2  1 -2 -3  4  2 -4 -1 -2 1 0 0 -5
-2 -2 -1 -5 -5 -4 -4 -5  4 -3 -2 -4 -3  6 -3 -4 -4  4  6 -2 1 0 0 -5
-2 -4 -1 -4  5 -4 -1 -4 -1 -1 -1 -4 -1  6  0 -3 -2  3  2 -1 1 1 1 0
-2 -1  6 -1 -4 -2 -2  1  6 -4 -4 -2 -3 -2 -4 -1  0 -4 -3 -1 1 1 1 0
-1 -3 -3 -1  3 -3 -3  0 -3  1  3 -3  3  0 -2 -2  0 -3 -1  1 0 0 1 0
 1 -2 -2 -2  2 -2 -3  4  0 -2  0 -2 -2  0 -1  0  0 -3 -3 -2 0 0 1 5
 4 -2 -2 -1  0 -1 -2  1 -3 -1 -1 -1 -2 -3  0  2  1 -4 -3 -2 0 0 1 0
-3 -3 -2  5 -4 -2 -1  1 -2 -3 -3  0 -3 -3 -1 -2  1  7 -2 -2 0 0 1 0
-1  3  3  0 -3  1 -2  2 -2 -3 -2  0 -3 -2 -3  1 -1  3 -3 -2 0 0 1 0
 1  3  0  0 -3  3  1 -2 -2 -2 -2  1 -1 -3  0  0 -2 -3 -3 -1 0 0 1 20
-1 -2 -3 -3  1 -2 -2  0 -2  2  2 -2  0  2  2 -1  0 -2  1  1 0 0 1 5
 0 -2 -1 -3  4 -1 -1 -2 -2  1  2 -1  1  3 -3  0 -2 -2  1  0 0 1 1 5
 0  0 -1  1 -4 -1  0 -1  4 -3 -2  2 -2  1 -3 -2 -2 -1  6 -2 0 1 1 35
-1 -1 -1  4  1 -1  1 -1  2 -2 -2 -1 -1 -3  2  0  0  1 -1 -1 0 1 1 45
 0 -2 -3 -2 -3  0 -1  1 -3  1 -1  1 -1 -3 -1 -2 -1 -4 -3  4 0 1 1 55
 1 -4 -1 -2 -2 -3 -4 -4 -2 -2  0 -4  0  1 -2 -1 -3  1  7  0 1 1 1 10
 0  1  1  0  2  0 -1 -1 -2 -2 -1  1 -2 -3  1  2  2 -4 -3 -2 1 1 0 85
 1  1  2  2 -1  1  1 -1  0 -2 -3  2 -2 -3  0  0 -1 -4 -3 -2 1 1 1 45
-2  1 -3 -3 -3 -2  0 -3 -3  3  1 -2  1 -2  1 -2 -2  0 -3  4 0 0 1 0
 1 -1 -3 -1  3 -1  0 -3  0  2  0 -1 -1 -3 -3  0  0 -4 -3  3 0 0 1 35
 0  0 -1  1 -3  0  3  0 -2 -2 -2  1 -1 -4  0  1  1 -4 -3 -2 0 0 1 35
-2  2 -2 -4 -3 -2 -3 -2  1  1  2 -1  6 -2 -4 -1  0 -4 -3  1 0 0 1 0
 0  0 -1 -1 -1 -1 -1 -1 -1  1  1 -1  0  2 -1  0  0  1  2  0 0 0 1 0
-1  1 -1 -1 -1  2  2 -2 -1 -1  0  0 -1 -2 -1  1  0 -2 -2  0 0 0 1 40
 0  3  0  2 -2  0  3 -2 -1 -2 -1  0 -1 -2 -1 -1 -1 -2 -2 -2 0 0 1 60
-1  2  0  1 -2 -1  1 -1  1 -1 -1 -1 -1 -2  0  0  4 -2 -2 -1 0 0 1 25
 0 -1 -1 -1 -2  4  1 -1  2 -1  0 -1 -1 -1 -1 -1  0 -2  0  0 0 1 1 0
 0  0 -1 -2 -1  1 -1 -1 -2  1  0 -1  3 -1 -1 -1  0 -2 -1  2 0 0 1 0
 2  2  1  0 -1  0  0 -1 -1 -2 -2  1 -1 -2  3  1  0 -2 -2 -1 0 0 1 45
 2 -1 -2  3 -3  1  1 -3  5 -2 -1 -2 -2 -2 -2 -1 -2 -3  2 -2 0 0 1 5
-2 -4 -2 -4  0 -2 -2  0 -4  1  5 -3  1 -2 -4 -3 -3 -3 -3  0 0 0 1 -5
 0  2 -2 -3 -1  1  0 -2 -1  0  2  0  1  0 -3 -2 -1 -3 -2  2 0 0 1 40
-1  2  0  2 -5  1  5 -3 -1 -5 -5  1 -4 -5 -3 -1 -3 -5 -2 -4 0 0 1 70
 4 -1 -3 -3  4 -2 -3 -1 -3  0 -1 -2 -1 -2 -3  2  0 -4 -2  0 0 1 1 10
-2 -3 -2 -2 -4 -1 -1  6 -2 -2 -5 -3 -1 -5 -4 -2 -1 -4 -4 -4 0 1 1 40
-4 -5 -3 -5  2 -5 -5 -5  0 -1  2 -5  1  7 -5 -4 -4 -2  4 -3 1 1 1 0
-1  1  0  3  1  1  1 -3  0 -3 -2  2 -1  0 -2  1  1 -4 -2 -3 1 1 1 45
-2  2 -2 -1  0 -1  0 -2 -3 -1 -1  2 -1 -2 -3 -1  2 -4 -3  3 0 0 0 35
 0  0  1  1 -4  2  5 -2  0 -2 -3  0 -1 -3 -3 -1  0 -4 -3 -1 0 0 0 65
-3 -1  4  1 -4 -1 -2 -2 -1 -3 -1 -1 -2  2 -1 -2 -1  8  1 -2 0 0 0 10
-1 -2 -2 -2 -3 -2  1 -3  0  5  0 -1  0  1 -3  0  0 -3 -2  1 1 0 0 0
-1  1 -1  2 -2 -2  1 -2 -2 -3 -3 -1 -2 -4  4  3  0 -1 -3  0 1 0 0 50
-1 -1 -1 -1 -1 -1 -1 -2 -3  1  0 -1  0 -2 -3  0  3  3 -2  2 1 0 0 30
 0  1 -1  1 -3  1  3 -3 -2 -1 -3 -1 -1 -3  1 -1  2  5 -2  0 1 0 0 55
-2 -3 -2  0 -1 -3 -3 -5 -2  1  0 -2 -2 -3 -4 -2 -2 -4 -1  6 1 0 0 40
-1 -1  0  4  0 -2 -1 -2 -3  1 -1 -1  5 -1  0 -1 -2 -2 -3  0 1 0 0 25
 0 -2 -1  4 -3 -1  1  1 -3 -1 -2 -1 -1 -3  1  1 -1 -4 -3  1 1 0 0 80
-2  1 -1 -2 -3 -1 -2 -1 -1  2  3  2  0 -2 -3 -2 -1 -3 -2  1 1 1 1 10
-1  2  0  1 -3  0  0 -2 -2  1  0  0 -1 -2 -3  0  0  4 -2  1 1 1 1 70
 0 -3 -3 -2  2 -3 -1 -1 -4 -3 -3 -1 -3 -5  7  1 -1  0 -4 -4 1 1 1 5
-3 -3 -3  0 -5 -1  2 -1 -3 -4 -4 -2 -4 -3  6 -3 -3  1  4  0 1 1 1 25
 2 -1 -2  0 -3  0  0 -1 -2 -2 -1  1 -1  1 -2  0  0  6  0  0 0 1 1 55
-2  0  3  5 -5 -1  2 -1  0 -3 -5  0 -4 -5  0  1 -1 -5 -4 -4 0 1 1 40
-3  2 -2 -5 10 -4 -5  2 -5 -4 -2 -3 -3 -5 -3 -2 -4 -5 -5 -2 1 1 1 5
-2  5  1  0 -5  0  0 -4 -1 -5 -3  3 -3 -5  1  0 -1 -5 -4 -4 1 1 0 25
-3 -3 -5 -6 -3 -4 -5 -6  0 -3 -4 -2 -4  0 -6 -5 -3  3  9 -1 1 1 0 5
-5 -5 -6 -7 -6 -5 -6 -6  0 -5 -4 -6 -4  2 -7 -5 -5 10  8 -5 1 1 1 0
 0 -2 -1  0 -4  1 -1 -3  1 -4 -4 -2 -3 -1  0  2  0  7  4 -2 1 1 1 45
 0 -2 -3 -4  0 -3 -2 -1  6  0  1 -3 -2  5 -4 -3 -2 -3  1 -1 1 1 1 15
-3 -2  1  4 -5 -3  1 -3 -4 -5 -5  1 -5 -6  6 -1 -3 -6 -5 -5 1 1 0 40
-2  2 -1 -1 -4  1  2 -2 -1 -2 -3  4 -3 -4 -3  1  3  0 -2 -3 1 0 0 35
 0 -4 -5 -6 -1 -4 -5 -5 -3  3 -1 -4  7  0 -5 -4 -3 -2  6 -2 1 0 0 0
 0  2 -3 -4 -3 -3 -3 -3 -1  3  1 -2 -1  3 -4 -2 -1  0  3  0 1 0 0 0
 1 -3 -3 -4  1 -3 -3 -3  1  1  3 -3  0 -2 -3 -2  3 -4 -3  2 1 0 0 0
-4 -5 -5 -4 -5 -4 -4 -5 -5  1 -5 -4 -5 -6  8 -4 -4 -6 -6 -1 1 0 0 -5
-2  0 -3 -4 -3 -3 -3 -4 -4  3  1  1  0 -2 -3 -2  3 -1 -3  3 1 0 0 15
 1 -5 -5 -5  8 -4 -5 -4 -5  4 -1 -4 -2 -3 -4 -3 -2 -4 -4  2 1 0 0 -5
-2 -2 -2 -3 -3 -1 -2 -4 -3  3 -1  2 -2 -3 -3 -1  4 -4  0  2 1 0 0 25
-2  2 -2 -2 -4  0  2 -3 -2 -4 -3  6 -2  2 -3 -2 -2 -3 -2 -3 1 1 1 15
-2  0  0  0 -4  5  3 -3  5 -4 -3  1 -2 -3 -2 -1 -2 -3 -1 -3 1 1 1 85
