 3 -3 -2 -2 -2 -2 -2 -2 -3 -2 -3 -2 -2 -4 -2  2  5 -4 -3 -2 1 1 1 95
-3 -7 -6 -7 11 -6 -7 -6 -6 -4 -4 -6 -4 -5 -6 -4 -4 -5 -5 -4 1 1 1 40
-2 -2  4  4 -3 -1  0 -2 -2  0 -3 -2 -3 -4 -3  2  0 -5 -3  1 1 1 1 50
 1 -3 -3 -3 -3 -2 -1 -3 -4 -1 -2 -1 -1 -1  6 -1 -2 -5 -3  2 0 1 1 30
 1 -1 -1 -3 -2 -1 -1  0 -3  1  0 -1  3 -2 -3  1  3 -4 -3  1 0 1 1 60
 0  0  0  2 -4  5  3 -2 -2 -4 -2  1 -2 -4 -1  0 -2 -4 -3 -3 0 1 1 30
-3 -4 -5 -6 -3 -4 -5 -6 -5  2  6 -4  0  0 -5 -4 -3 -4 -3  0 1 1 1 15
 1  0  0 -2 -2  2 -1 -2 -2  0 -2 -1  2 -3 -3  3  2 -4 -3  0 0 0 1 60
 1 -3 -3 -3 -3 -3 -2 -1 -4  0 -3 -3 -3 -4  6  1  0 -5 -4  2 0 0 1 45
-3 -3 -6 -7 11 -6 -7 -6 -6 -4 -4 -6 -4 -5 -6 -4 -4 -5 -5 -4 0 0 1 0
 3 -2 -2 -2 -2  0 -2 -3 -3  0  3  0  1 -1 -3 -1  0 -3 -2  1 0 0 1 25
 1 -3 -1  0 -3 -2 -2  2 -3 -4 -3 -2 -3 -4  6  2  0 -5 -4 -2 0 0 1 55
 6 -3 -3 -2 -3 -3 -2 -1 -4 -3 -3 -3 -3 -4  2  0 -1 -5 -4 -1 0 0 1 0
-1 -4 -4 -5 -3 -4 -4 -5 -4  5  2 -4  4  2 -4 -3 -1 -3 -2  2 0 0 1 5
-1 -3  0 -3 -2 -1 -1 -3 -3  2  1 -2  2  1 -3  0  4 -3 -2  1 0 1 1 65
-1 -2  0 -1 -3 -1 -2  3 -2 -2 -1  0  1  0 -3  2  2  0  0 -2 0 1 1 65
-1 -1  1 -2 -4 -1 -1  5 -3 -5 -5 -1 -4 -5  0  2  0 -4 -4 -4 1 1 1 40
 2 -2  0  0 -2 -1 -1  2 -2 -2 -2  0 -2 -3 -2  3  1 -4 -3 -1 1 1 1 45
 1 -1 -2 -2 -4  2  0 -3 -3 -3 -2  2 -1 -4  5  0 -1 -4 -3 -2 1 1 1 80
-3 -3 -4 -4 -5 -3 -3 -5 -2 -2 -5 -3 -4 -6  8 -2 -3 -6 -5 -2 1 1 1 30
 0 -3 -2 -3 -3 -2 -2 -3 -3 -4 -4 -2 -3 -5  1  5  4 -5 -4 -3 1 1 1 50
 3 -1 -1 -1 -2  0  0  0 -2 -3 -2  1 -2 -4  1  1  3 -4 -3 -1 0 0 1 70
 2 -2 -1  2 -3  1  2 -1  0 -2  0 -1 -1 -3 -2  0  1 -3 -2 -1 0 0 1 65
-3 -7 -6 -7 12 -6 -7 -6 -6 -4 -4 -6 -5 -6 -6 -4 -4 -5 -6 -4 0 0 1 5
-3 -7 -6 -7 12 -6 -7 -6 -6 -4 -4 -6 -5 -6 -6 -4 -4 -5 -6 -4 0 0 1 10
 2  0  1  0 -3  1  1  0 -2 -3 -3  0 -2 -4 -2  3  1 -4 -3 -1 0 0 1 45
-2  2  3 -2 -4  1 -1 -2 -2 -3 -4  5 -1 -1 -3  0  0 -4 -3 -2 0 0 1 20
-2 -4 -5 -5 -3 -4 -5 -5 -5  1  5 -4  3 -2 -5 -4 -1 -4 -3  0 0 0 1 0
-3  5 -2 -3 -5 -1 -2 -3 -3  0 -3  5  2 -4 -3 -2 -2 -5 -4 -1 0 0 1 50
 3 -2 -1  0 -3  0  5  0 -2 -2 -2 -1 -3 -4 -3  0 -2 -4 -3 -2 0 0 1 70
-3 -1 -2 -3 -5  8  0 -4  3 -5 -3  1 -3 -5 -4 -2 -3 -4 -3 -5 0 0 1 15
-1  2 -1 -1 -4  4  2 -1  0 -4 -3  3 -2 -4  0 -1 -1 -4 -3 -3 0 0 1 45
 0 -1 -2 -2 -4  0  0  1  1 -4 -4 -1 -3 -5  6  2  0 -5 -4 -4 0 1 1 70
-3 -6 -5 -6 11 -5 -6 -5 -6 -4 -4 -6 -4 -5 -5  0 -3 -5 -5 -4 0 0 1 10
-3 -4 -5 -5 -3 -4 -4 -5  0  0  4 -4  2  5 -5 -4 -3 -2  1  0 0 0 1 10
-3 -6 -5 -6 11 -6 -6 -5 -6 -4 -4 -6 -4  2 -6 -4 -4 -4 -4 -3 0 0 1 25
-1  0  0  2 -4  4  1  1 -1 -3 -2  0 -2 -2 -3 -1  0 -3  2 -2 0 0 1 55
-4 -4 -5 -6 -5 -4 -5 -5 -1 -3 -3 -4 -3  5 -5 -4 -4  0  8  0 0 0 1 5
 2 -2 -3 -3 -2 -1 -2 -3 -3  3  2  0  3 -1 -3 -1  0  1  0  1 0 1 1 20
-2  3  0  0 -4  1  0 -3  0 -2 -4  6 -3 -4 -3 -1 -1 -5 -3 -3 0 1 1 80
-3 -3  6  5 -4 -2 -1  0 -2 -2 -5 -2 -4 -5 -3  0 -2 -6 -4 -4 1 1 1 25
-1 -2 -4 -4 -5 -3 -3 -4 -4 -4 -5 -3 -4 -6  8 -3 -3 -6 -5 -1 1 1 0 80
 1  0  3  0 -2  0 -1 -2 -2 -1  0  0 -1 -2 -2  2  0  3 -1  0 0 1 1 70
-3 -4 -2 -5 -3 -3 -4 -5 -2  1  3 -4  1  5 -4 -3 -3 -1  5  0 0 1 1 50
 1  2  1 -1 -3  1  0  1 -1 -3 -3  2 -2 -3 -2  1  0 -3 -1 -1 0 0 1 0
-1  3 -1 -2 -4  4 -1 -1  0 -4 -3  3  0 -4  1  1 -1 -4 -3 -3 0 0 1 65
-4 -4 -5 -6 -4 -4 -5 -5 -1 -1  0 -4 -2  5 -5 -4 -4  0  8 -3 0 0 1 30
-1 -4 -4 -4 -2 -4 -4 -4 -4  4  1 -4  1  1 -4 -3 -1 -3  0  4 0 0 1 15
-2  0  5  2 -3  0  0 -1 -2 -2 -4  0 -3 -4 -3  2  2 -4 -3 -3 0 1 1 60
 0 -2  2 -2 -3 -2 -2 -1  0 -4 -4 -2 -3 -4  1  5  1 -4 -3 -3 1 1 1 10
 0  0 -1 -2 -3  0 -1 -1 -3 -2 -2 -2 -3 -4  7 -1 -1 -4 -3 -3 0 0 1 60
-1  0  5  1 -3  1 -1  0  2 -2 -3  0 -2 -3 -3 -1 -1 -3  0 -1 0 0 1 40
 5 -3 -3 -2 -2 -2 -2  1 -3 -2 -3 -1 -3 -3 -3  0  0 -4 -3 -1 0 0 1 5
-2  6 -1 -3 -5  3 -1 -3  0 -4 -4  4 -3 -5 -3 -2 -3 -5 -3 -4 0 0 1 50
-1  4  0 -1 -4  1  0 -2 -2 -2 -3  5 -1 -4 -3 -1 -1 -4 -3 -3 0 0 1 60
 0 -4 -2 -4 -2 -3 -3 -4 -4  3  1 -3  1 -1 -4 -2  2 -4 -2  5 0 0 1 0
 2 -3 -3 -4  1 -3 -3 -2 -3  1  2 -3  1  3 -3 -1  0 -2 -1  1 0 0 1 15
 3  0  1  0 -2 -1  0 -1 -1 -3 -3  1 -2 -4 -2  1  2 -4 -3 -2 0 0 1 65
 4 -3 -1 -1  1 -1 -2 -2 -3 -2 -2 -2 -2 -2 -2  2  2 -4 -3 -1 0 0 1 65
-3 -6 -6 -6 11 -6 -7 -5 -6 -4 -4 -6 -4 -5 -6 -4 -4 -5 -5 -4 0 1 1 25
-1  0  2 -1 -4 -1 -2  6  1 -5 -5  2 -4 -5 -3 -1 -3 -4 -4 -4 0 1 1 70
-2 -4 -4 -4  1 -3 -4 -4 -4  4  1 -4  2  0 -4 -1 -1 -4 -2  4 1 1 0 15
 1 -1 -3 -3 -4 -1 -3 -3  0 -4 -3 -3 -4 -5  7 -1 -1 -5 -4 -2 1 1 1 50
-1 -3 -4 -4 -3 -2 -4 -4 -2  2  0 -3  1  4 -4 -3 -2 -1  5  2 1 1 1 55
-3 -4 -4 -4 -5 -3 -3 -4 -4 -5 -5 -3  1 -6  8 -2 -2 -6 -5 -4 1 1 1 20
-1  2  3 -1 -3  1 -1 -2  1 -1 -3  2 -2 -3 -2  2  2 -4 -3 -1 1 1 1 90
-3 -6 -5 -6 11 -6 -6 -5 -6 -4 -4 -6 -4 -5 -5 -3 -3 -5 -5 -3 1 1 1 95
