 0 -2 -3 -3 -1 -2 -2 -3 -3  2  1 -2  4 -1 -3 -2  0 -2 -1  3 1 1 1 95
 4 -2 -1 -2 -1 -1 -1 -1 -2 -2 -2 -1 -1 -3 -1  2  2 -3 -2 -1 1 1 1 75
-1 -4 -3 -3 -4 -3 -2 -3 -4 -4 -4 -2 -4 -5  8 -1 -2 -5 -4 -4 1 1 1 85
-3 -2 -4 -5 -3 -3 -4 -5 -4  0  5 -3  3 -1 -1 -4 -2 -3 -2  0 1 1 1 95
 0  0  0  0 -3 -2 -2  4 -3 -4 -4 -1 -3 -4  5  0  0 -4 -4 -3 1 1 1 70
-2 -2 -2  2 -4  0  5  1 -2 -4 -4 -1 -3 -5  5  0 -1 -4 -4 -4 1 1 1 45
 2  0  0  0 -2 -1 -1 -1 -1 -1 -1 -1 -1 -2 -1  2  1  3 -2  0 1 1 1 60
 2 -1  1  0 -2 -1 -1 -1 -2 -2 -1  0 -2 -3 -2  4  0 -4 -3  0 1 0 1 40
 0 -1  1 -1 -3  0  1  1  0 -3 -3  0  0 -3  3  2  1 -4 -3 -2 1 1 0 40
-1  2 -2  2 -3 -2 -2 -3 -3 -1  3 -2  0 -2  0 -1  1  0 -2  0 1 1 0 15
 1 -1 -1 -3 -3 -2 -2 -3  1 -3 -3 -1 -3 -4  7  0 -2 -5 -3  1 1 1 1 35
-2  2  0 -1 -3  4  2 -2  0 -2 -1  1  2 -2  1  0 -1 -3 -2 -2 0 0 1 40
 0  1 -1  0 -2  1  0 -1 -2 -2 -1  0 -2 -3 -2  3  2 -3 -3 -2 0 0 1 50
-1 -3 -3 -3 -3  0 -3 -3 -2  1  2 -3  0  5 -2 -1 -1 -1  0 -1 0 0 1 20
-1  0 -3 -1 -2 -2 -2 -3 -3  0  3 -1  1  0  0 -2 -1 -3 -2  2 0 0 1 15
-1 -2  0  1 -3  1  1 -1  1  0  2 -2  0  1  1 -2 -2  3 -1 -1 0 0 1 20
-2  0 -1  0 -4  3  0 -3 -2 -1 -3  5  1 -4 -2 -1  0 -4 -3 -3 0 0 1 25
-2 -3  2  0  6 -2 -2 -2 -3  3 -1 -2  0  0 -3  1  1 -4 -2  0 0 0 1 10
-2  0 -2 -2 -3  1  2 -3 -2 -1  3  2  1  0 -1 -1 -1 -3 -2 -1 0 0 1 5
-1  2  0  1 -4  0  5  0 -2 -2 -4  1 -3 -4 -1  0 -2 -4 -3 -3 0 0 1 5
-2 -1  0  2 -3  4  0 -3  1  0  1  0 -1  2 -3 -2 -1 -3 -1 -2 0 0 1 15
 1 -3 -3 -4 -2 -3 -3 -3 -4  4  0 -3  2 -2 -3 -1  0 -4 -2  4 0 0 1 5
-1  5 -1 -2 -4  1  0 -3 -2 -4 -3  3 -3 -4  2  0 -1  1 -3 -3 0 0 1 25
-1  2 -1 -2 -3  1 -1 -3  2 -1 -1  4  0 -1 -2  0  0 -2  3  0 0 0 1 30
 0 -3 -4 -4  1 -3 -3 -4 -4  5  1 -3  2 -1 -3 -2 -1 -3 -2  3 0 0 1 10
-2  1 -1  0 -4  4  1 -3  5 -1  0  1 -1 -2 -3 -2 -1 -3  1 -1 0 0 1 20
 2  0  0  1 -2 -1  0  3 -2 -2 -1  0  0 -3 -2  1  0 -3 -3 -2 0 0 1 40
 0  1 -1  4 -3  0  2 -1 -2 -2  0  1 -2 -3 -2  0 -1 -4 -3 -2 0 0 1 25
 2 -3 -1 -3 -2 -2 -3  2 -3  3 -1 -2  0 -2 -3  0  1 -4 -3  1 0 0 1 0
 2 -2  0  0 -2  0  1 -2 -2  0 -2 -1 -1 -3 -2  3  1 -4 -2  1 0 0 1 35
 3  0  1  2 -2  0  1 -1 -2 -2 -3  2 -1 -3 -2  1  0 -4 -3 -1 0 0 1 45
-2 -3 -2 -4 -2 -3 -3 -4 -3  3  4 -3  3 -1 -3 -3  0 -3 -2  0 0 0 1 5
-2  2  0  0 -4  5  1 -3 -1 -3  0  3 -1 -3  0 -1 -1 -3 -3 -3 0 0 1 20
-1  0  1  1 -3  1  4  1 -1 -2 -1  2 -2 -3 -2  0 -1 -3 -3 -2 0 0 1 60
 0  1 -1  0 -3  1  3 -1 -1 -2  0  2 -1 -3 -2  1 -1 -3 -2 -2 0 0 1 45
-2 -1 -1 -3 -2 -2 -2 -4 -3  3  3 -2  5 -1 -3 -2  1 -3 -2  1 0 0 1 5
-2 -1 -4 -4  9 -4 -4  0 -4 -2  0 -4 -3 -4  2 -2 -1 -4 -4  0 0 0 1 20
 2 -1  0  4 -3 -1  2 -2 -2 -2 -1 -1 -2 -1 -2  1  0 -4 -3 -2 0 0 1 50
-1 -1  2  2 -3 -1  1 -2 -2 -2 -3  3 -2 -3  0  0  4 -4 -3 -2 0 0 1 40
-2 -2  0 -2 -3  0 -2 -1  6 -2  0 -2 -1  3 -1 -1 -2 -1  5 -2 0 0 1 25
 0  1  1  1 -2  1  1  0 -1 -2 -3  2 -2 -3  0  2  0 -3 -2 -2 1 1 1 65
 0 -1 -2 -2 -2  0 -1 -2 -2  0  3  1  2 -1 -1  1 -1 -3 -2  0 1 1 1 20
-1 -4 -3 -4 10 -1 -4 -1 -4 -3 -3 -4 -3 -4 -4  1 -1 -4 -4 -3 1 1 1 35
-2  0 -1  1 -3  2  3 -3  5 -1 -3  0 -2 -3 -2  0  1 -3 -1 -1 1 1 1 55
-2 -1  3  1 -3  1  1 -1 -2 -3 -3  0 -3 -4  5  0  1 -4 -3 -3 0 0 1 30
-1 -2  0  2 -3  0  3 -1 -2 -2 -3 -1 -2 -3 -2  3  1 -4 -3 -2 0 0 1 65
-2  0  2  0 -4  2  4 -3 -1 -3 -2  3  0 -4 -1  0 -1 -4 -3 -3 0 0 1 70
-2 -2 -2 -2 -3 -1  2 -4  0  0  3 -2  1  1 -3 -1  0 -2  0 -1 0 0 1 10
 1 -2 -2 -2 -2  2  0 -3  0  1  1 -1  2 -2 -2 -1  1 -3 -2  2 0 0 1 50
-2 -3 -3 -4 -2 -2 -3 -4  1  1  4 -2  3  1 -3 -2  0 -3 -2  0 0 0 1 80
 2 -3 -3 -3 -2 -2 -2 -3 -3  1  2 -2  5  0 -3 -1 -1 -3 -2  2 0 0 1 30
 0  2  1 -1 -3  2  3  2  0 -2 -3  0 -2 -3 -2  0 -1 -3 -2  0 0 0 1 10
-1 -1  4  0 -3  1  0 -2  5 -2 -2 -1 -1 -3  0  1  1 -4 -1 -3 0 0 1 60
-1 -2  4  0 -3 -1  0 -1  1 -3 -3  0 -2  0 -2  3  1 -2  2 -3 0 0 1 65
-2 -3 -4 -4 -2 -3 -3 -4 -4  2  5 -3  1 -1 -1 -3 -2 -3 -2  0 0 0 1 20
-1 -1  2  0 -3  1 -1  5  2 -3 -2 -1 -2 -3 -2 -1 -2 -3 -2 -2 0 1 1 40
-2 -4 -4 -4 -2 -4 -4 -5 -4  5  3 -4  0  0 -4 -3 -2 -3 -2  1 1 1 1 20
-1  0 -3 -3 -4 -3 -1 -4 -3 -4 -4 -2 -4 -5  8 -2 -2 -5 -4 -2 1 1 1 40
 0  1  1  0 -3  3  0 -1 -1 -3 -3  3 -2 -3  1  1 -1  2 -2 -2 1 1 1 40
 4 -3 -3 -3 -2 -2 -2 -2 -3  0 -1 -2  0 -3  2  0  1 -3 -3  1 1 1 1 15
-2 -2 -2  1 -4 -1  2 -3 -3 -4 -3 -1 -3 -4  6  1  0 -4 -4 -3 1 1 1 50
-1 -1 -2 -1 -2  0  0 -3  1  1  2  1  0 -2 -3 -2 -1 -3 -2  2 1 1 1 25
-2 -1  0  4  0 -1  0 -1 -2 -1  2  0 -1 -2 -3  1 -1 -4 -3 -2 1 1 1 60
-1  2  0 -2 -3  2 -1  3  1 -4 -4  2 -3 -4 -2  2 -1 -4 -3 -3 1 1 0 35
 1 -4 -1 -4 10 -4 -2 -4 -4 -3 -2 -4 -3 -4  1 -2 -2 -4 -4 -1 1 1 0 5
-2 -2 -2 -3 -3  1 -2 -3  1  0  2 -2 -1  4  3  1 -2 -2  1 -1 1 1 0 65
 0  0  0 -2 -2  2  0 -2  2 -2 -1  0 -2 -3 -1  4  0 -3  0 -2 1 1 0 70
 0  1 -1  2 -3  3  2 -1 -1 -3 -2  0 -2 -4  0  2  0 -3 -3 -3 0 1 1 45
 1 -1  3  2 -3  0 -1  3  1 -2 -3 -1 -2 -3 -2  1  0 -4 -3 -2 0 1 1 70
-3 -4 -4 -4  1 -4 -4 -4 -3 -1  2 -4 -1  7 -4 -2 -3 -1  2  0 1 1 0 55
-2 -1  4  1 -3  3  0 -2 -1 -3 -3  0 -2 -4 -2  2  3  0 -3 -3 1 1 1 55
 0 -1 -2 -2 -3  3  1 -3 -2 -1  3  1  1 -2 -1 -2 -1 -3 -2 -1 1 1 1 25
-1 -2  0  3 -4  0  5  0 -2 -3 -3 -1 -2 -4 -2 -1  1 -4 -3 -2 0 0 1 35
 0 -1  0 -1 -2 -1 -1  1 -3  0 -2  1  1 -3 -1  0  4 -4 -3  0 0 0 1 40
-3 -5 -5 -6 11 -5 -6 -5 -5 -4 -4 -5  1 -5 -5  0 -3 -5 -5 -3 0 0 1 5
-3 -4 -5 -5 -3 -4 -5 -5 -4  0  5 -4  0  3 -5 -4 -3 -3 -2  1 0 0 1 0
 0  3  1 -1 -3 -1 -1 -2  1  0 -2  1  0 -3 -2  2  1 -4 -2 -1 0 0 1 25
-2  4  0 -2 -5  5  0 -3  3 -4 -2  3 -2 -4 -3 -1 -2 -4 -3 -4 0 0 1 25
-3 -4 -4 -5 -3 -3 -4 -5 -4  4  4 -4  5 -1 -4 -3 -1 -3 -3  1 0 0 1 5
 0  1 -1 -2 -2  0 -2 -3  4  0  0 -1 -1 -1 -3  2  2 -3  1  0 0 0 1 5
 2  1  0 -1 -2 -1  1 -1  0 -2 -3  0 -2 -3 -2  2  1 -3  0  0 0 0 1 35
-2 -4 -2 -1 -4 -3 -4  7 -4 -5 -5 -1 -4 -5 -4 -2 -3 -4 -5 -5 0 0 1 5
-3 -4 -5 -5  2 -4 -5 -3 -4  0  5 -4  0  0 -5 -4 -3 -3 -3  0 0 0 1 0
-2  0 -2 -3 -1  5 -1 -4  2 -2  1  0  0  2 -3  0 -2 -3 -1  0 0 0 1 25
-1 -3 -3 -1 -3 -1  3 -3 -3  1  3 -2  1  0 -3 -2  0 -3 -2  0 0 0 1 15
-4 -4 -4 -5 -4 -3 -4 -5  4 -3 -1 -4 -2  5 -5 -4 -4  0  7 -3 0 0 1 0
-2  2 -2  1 -5  6  2 -2  1 -4 -2  1 -2 -4 -3 -2 -1 -4  0 -4 0 0 1 20
 0  0  0  2 -3 -2 -1  3 -2  1 -2 -1 -2 -3 -3 -1  0 -4 -3  0 0 0 1 5
-3 -1 -4 -4 -3 -1 -3 -4  1 -1  4 -3  0  1 -4 -1 -2 -1  5 -1 0 0 1 0
-3 -4 -5 -5 -3 -4 -5 -5 -5  0  6 -4  0  1 -5 -4 -3 -3 -2  1 0 0 1 0
 0  0  1  1 -3  3  1  1 -1 -2 -2  1 -2 -3 -2  0 -1 -3 -2  0 0 0 1 55
 2 -2 -2  0 -2 -2 -2 -2  4  0 -2 -2 -2  2 -2  0  0 -1  4 -1 0 0 1 10
-2 -3 -3 -4 -2 -3 -3 -4 -3  3  4 -3  3 -1 -3 -3 -2 -3 -2  2 0 1 1 5
 1 -1 -1 -1 -3  3  3 -2 -1 -2 -1  1 -1 -3  1  0 -1 -3 -2 -1 0 1 1 60
 0 -1  3 -1 -3  0  0  4 -2 -4 -4  0 -3 -4  0 -1 -1 -4 -3 -3 0 1 1 35
-2  0  1 -1 -3 -1  2 -3  2  2 -1  0 -1 -2 -2 -1  2 -3 -1  1 1 1 0 5
-2 -2 -2 -3 -3 -2 -3 -3 -2 -1  2 -1  0  4 -3  2  0 -1  4 -2 1 1 0 30
-1 -2 -2 -1 -3 -1  3 -3  0 -1 -2  1 -2 -3  5  0 -1 -3 -3 -2 0 1 1 80
-1  0  1  1 -3  0  4  2 -2 -4 -4 -1 -3 -4 -2  2 -1 -4 -3 -3 0 1 1 60
-1  2  1  1 -3  1  1 -2  1 -1  1  1 -1 -2 -2  0 -1 -3 -1  0 0 1 1 15
 2  0  0 -1 -2  0  0  0 -2 -1  0  3 -1 -3 -2  0  1 -3 -2  0 0 0 1 25
 0  0  2  1 -3  1  1  0 -2 -3 -3  0 -3 -4  3  2  0 -4 -3 -3 0 0 1 60
 0  1  2  0 -2  1  0  1 -2 -1 -1  0  0 -3 -2  0  2 -3 -2  0 0 0 1 25
 0 -3 -4 -4 -2 -3 -3 -4 -1  2  3 -3  0  0 -3 -3 -1 -3 -1  4 0 0 1 5
-2 -1 -1  3  0  2  3 -2 -1  0 -3  0  1 -3 -3  0  1 -4 -3 -1 0 0 1 45
 1 -1  0  2 -3 -1  0  0 -2 -2 -2  0  1 -3 -2  2  2 -4 -3 -2 0 0 1 40
-3 -4 -5 -5 -3 -4 -3 -5 -4  0  5 -4  1 -1 -5 -2 -1 -4 -1  1 0 0 1 5
-1  1 -1 -1  2  5  1 -3  0 -4 -3  3  0 -4 -3 -1  0 -4 -2 -2 0 0 1 15
 2 -2 -2 -3 -2 -2 -2 -2  0  1  2  0  2 -1 -3 -1 -2 -2  2  0 0 0 1 30
-2 -3  1  6 -4 -2  0 -1  1 -4 -2 -1 -3 -1 -3  2 -1 -5 -1 -2 0 0 1 10
-1 -3 -3 -4 -2 -3 -2 -4 -3  3  1 -3  0 -2 -3 -1  3 -3  0  3 0 0 1 0
 1  3  0 -2 -3  2  0 -2 -2 -2 -3  3 -2 -4 -3  1  1 -4 -3 -2 0 0 1 15
 0 -2  2  5 -4  1  0 -1  3 -2 -4 -1  0 -4 -3 -2 -1 -5 -1 -3 0 0 1 20
-4 -4 -5 -6 -4 -4 -5 -6  0 -1  5 -5  0  4 -5 -4 -2 -3 -2 -1 0 0 1 10
 3 -2 -1 -3 -2 -1 -2 -2 -3  1  1 -1  0 -2 -3  1 -1 -3 -3  2 0 0 1 5
 0 -1  0 -1 -2  2  0 -1 -2  1 -1  0 -1 -3 -2  1  3 -3 -3  0 0 0 1 35
-1 -1  3 -2 -3  1 -1 -3  4  0 -1  0 -2 -3 -3  0  2 -4 -2 -1 0 0 1 15
-3 -4 -3 -5 -3 -4 -4 -5 -4  6  2 -4  1 -2 -4 -4 -2 -4 -3  3 0 0 1 0
-1  1  1 -2 -3  2  0 -3 -2 -3  0  3  0 -2 -3 -2  0  7 -1 -3 0 0 1 20
-2  1  0 -2 -4  5  2 -4 -1 -4  0  3 -2 -4 -3 -1 -1 -4 -3 -3 0 0 1 25
-3 -1 -3 -3 -4  6  0 -4 -2 -2  0  3  5 -4 -4 -3 -3 -4 -3 -1 0 0 1 15
-2 -1 -1 -1 -3  0 -3 -3 -3  1  2  1  7 -1 -2 -2 -1 -4 -3  0 0 0 1 5
-1  0  0 -1 -4  1  5 -3 -2 -2 -3  4  0 -4 -2 -1 -2  0 -3 -3 0 0 1 50
 0 -2  2  3 -3  0  1 -1 -2  0 -1 -1  0 -3  0 -1  0 -4 -3  1 0 0 1 65
 2 -1 -2 -3 -2 -1 -2 -2 -3  1  2 -1  1 -1  1  0  1 -3 -2  1 0 1 1 30
-1  0  1  1 -3  2 -1  3 -2 -1 -2  0 -2 -3 -3  0  0 -4 -3 -1 0 1 1 45
-1  0 -2 -2 -2  0 -1 -2 -2  0  1 -1  2  1  3 -1  1 -3 -2  1 1 1 1 40
 1 -1  1  3 -3  0  1  0 -2 -1 -2 -1 -2 -3  0  0  1 -4 -3  1 1 1 1 30
 2 -3 -3 -3 -3 -2  1  1 -3 -3 -4 -2 -3 -4  6  0  1 -4 -4 -1 1 1 1 40
 1 -2 -1  0 -2  0  1 -1 -3  0 -2 -1 -2 -3 -2  1  3 -4 -3  2 1 1 0 85
 0 -3 -2  0 -2  0 -1 -2 -3  0  0 -2 -1 -3  2  1  3  0 -3  2 1 1 0 65
-1 -1  2  2 -3  3  0 -2  0 -1 -1  0  0 -3  1  1  1 -3  0 -1 1 1 1 60
-1 -4 -3  0 -4  0  0 -4 -4 -4 -3 -3 -4 -5  7  0  1 -5 -5 -2 1 1 1 35
 0 -1  2  3 -3  0 -1 -1 -2 -2 -3 -2 -3 -4 -3  2  4 -4 -3 -2 1 1 1 95
 0  0 -2 -2 -3  4  1 -3  0 -2  1  0  0 -3  1  0  0  1 -2 -1 1 1 1 60
 0 -1  2  1 -3  2  1  2  0 -3 -1  0 -2 -3 -1  1  1 -3 -3 -2 1 1 1 55
 3 -1  0 -2 -2  1  0 -2  0 -1  0 -2 -1 -3  1  1  2 -4 -3  0 1 1 1 80
 0 -1  1  1 -2  1 -1 -1 -2  1  0  1  2 -2 -2  0  1 -3 -2  1 1 1 1 35
-1 -2 -2 -2 -3  0 -2 -3 -3  0  2 -1  1 -2  5  0 -1 -3 -3 -1 1 1 1 20
 0  0  3  1 -3  2 -1 -2 -2 -2 -2  1 -2 -3 -2  2  2 -4 -3 -1 1 1 1 65
-2 -4 -4 -4 -3 -3 -3 -4 -3 -1  4 -4  0  4 -4  0 -1 -2  1  0 1 1 1 5
 0 -1 -2 -1 -3  2 -1 -3  1 -2  1  0 -1 -3  3  1  2 -4 -3 -2 1 1 1 70
 1 -2  2  1 -3  1 -1  2 -2 -4 -4  0 -1 -4 -3  4  1 -4 -3 -3 1 1 0 40
 2 -1  2  2 -3  0  3 -1  1 -4 -3  2 -3 -4 -1  1 -1 -4 -3 -3 0 0 1 35
-3 -4 -5 -5  0 -4 -4 -5 -2 -2  1 -4 -2  5 -5 -4 -4  8  5 -3 0 0 1 50
-2 -1 -2 -1 -4  5  3 -3  2 -3 -1  1  1 -3 -3 -1  0  0 -1 -1 0 0 1 25
 0  4 -2 -2 -3  1  0 -3  0 -2 -2  3 -2 -2 -3 -1 -1 -4 -3  2 0 0 1 25
-3  3  2 -2 -5  5  1 -3  2 -5 -4  3 -3 -4 -3 -2 -1 -4 -1 -4 0 0 1 30
 2 -3 -3 -4 -2 -3 -3 -3 -4  2 -1 -3  2 -3 -3 -2  2 -4 -3  4 0 0 1 0
 3 -2 -2 -3 -3 -2 -2  3 -3 -3 -3  1 -3 -4 -3  0  3 -4 -4 -2 0 0 1 0
 2 -3 -1 -3 -2 -2 -3  2 -3  2 -1 -2  2 -1 -3  0  1  0 -2  0 0 0 1 0
-3  0 -1 -4 -4 -1 -3 -4  8  1 -1 -3 -2  1 -4 -3 -3 -4  1  1 0 0 1 5
-2 -4 -5 -5 -3 -4 -5 -5 -4  1  5 -4  2  1 -5 -3 -2 -3 -2  0 0 0 1 5
-1 -4 -4 -4 -3 -4 -4 -5 -5  6 -1 -4 -1 -2 -4 -1  2 -4 -3  3 0 0 1 0
 0 -4 -5 -5 -3 -4 -4 -5 -5  1  5 -4  0  0 -4 -4 -2 -4 -3 -1 0 0 1 0
-1  4 -2 -1  2  1 -2 -3  1 -2 -1  0 -2 -3 -3  2  0  1 -3  0 0 0 1 25
-1  1  3  2 -4  4 -1 -3  4 -4 -4  0 -3 -4 -3  2 -2 -4  0 -4 0 0 1 25
-4 -4 -5 -6 -3 -4 -5 -6 -4 -1  5 -5  0  4 -5 -4 -3 -2  1 -1 0 0 1 0
-1  2 -2 -1 -4  5  3 -3  1  0 -2  1  0 -4 -3 -1  1 -4 -3 -2 0 0 1 15
-1  1  1  3 -1 -1  1  0 -2 -4 -3  0 -3 -4 -3  3 -1 -4 -1 -3 0 0 1 40
-5 -5 -5 -6  1 -6 -6 -6 -4 -2 -2 -6 -2  9 -6 -5 -2 -1  2 -3 0 0 1 5
-3 -4 -4 -5  5 -3 -2 -1 -4  2  4 -4  4 -2 -4 -3 -2 -3 -3 -1 0 0 1 5
-3 -1 -2  1 -5  6  4 -4  5 -5 -3 -1 -3 -5 -3 -2 -3 -4 -3 -4 0 0 1 55
-2 -1  0  4 -1 -1 -1 -2  0 -1  0  1  0  3 -3 -1  0 -3 -1 -1 0 0 1 40
 2 -3 -2 -3 -2 -2 -2 -1 -3  0  1 -2  0 -3 -3  3  3 -4 -3  0 0 0 1 5
 0 -1 -2 -1 -2  0 -2 -2  1  1  2 -1  1 -1 -3 -2  0 -2  3  1 0 0 1 10
-4  8 -3 -4 -2 -1 -3 -5 -1 -6 -4  0 -4 -5 -5 -3 -4 -5 -4 -5 0 0 1 60
 5 -3 -3 -3  3 -3 -3 -1  0 -1 -3 -3 -2 -2 -3  2 -1 -4 -3  1 0 0 1 15
-3 -4 -5 -5 -3 -4 -5 -5 -5  3  4 -4  0  0 -4 -4 -2 -4 -3  3 0 0 1 10
-4  7  1 -3 -6 -1 -1 -4  1 -5 -5  1 -4 -5 -4 -3 -3 -5 -4 -5 0 0 1 45
 0 -2  1 -2 -3  1 -2 -3  6 -3 -2 -2 -2  1 -3  1 -1 -1  5 -3 0 0 1 60
-3 -3 -4 -5 -3 -3 -4 -5 -4  2  5 -4  5  0 -4 -4 -2 -3 -2  0 0 0 1 25
 3 -1  0  2 -2 -1 -1 -1 -2 -3 -3  1 -2 -3  0  2  0 -4 -3 -2 0 1 1 25
-1  3 -1 -1 -4  4  3 -1 -1 -4 -3  3 -2 -4 -2 -1 -1 -3 -2 -3 1 1 1 75
-1 -2 -2 -2 -3 -2 -1 -2 -2 -3 -3 -1 -3 -4  8 -1 -1 -4 -3 -3 1 1 1 85
