 0 -2  0 -1 -4  5  2 -3 -2 -4 -4 -1 -3 -5 -3  2  3 -4 -4 -3 1 1 1 85
-5 -6 -7 -7 -5 -6 -7 -7 -7  6  3 -6 -1 -3 -6 -6 -4 -6 -5  4 1 1 1 10
-1  2  1 -2 -3  1  0 -2 -1  0 -1  1 -2 -2 -3  0  1 -3  2  1 1 1 0 35
-7 -5  9  0 -8 -5 -4 -5 -4 -8 -9 -5 -7 -8 -4 -3 -5 -9 -7 -8 1 1 0 15
-2 -1 -3 -5 -4 -4 -4  7 -2 -5 -8 -5 -7 -5 -2 -2 -4 -7 -7 -7 0 1 1 10
-2 -3  2  5 -5 -1 -2  0 -3 -5 -4 -1 -5 -6 -4  3  3 -6 -4 -3 0 1 1 45
-4 -8 -8 -4 -7 -8 -8 -4 -6 -3 -5 -8 -3  9 -5 -7 -7 -4  1 -4 1 1 1 0
 0 -3  0  4 -6 -2  5 -3 -4 -6 -6 -2 -5 -4 -3  2 -1 -6 -5 -4 1 1 0 70
-1 -2  2  2 -4  2  3 -1 -1 -4 -3  0 -2 -2 -3  2  0 -4 -1 -2 1 1 0 65
-1 -3  0 -2 -3 -2  0  4 -3  0 -1 -1 -3 -2  3  0  0  2 -2 -2 1 1 1 60
-1 -2  0  1 -2 -1  0 -1 -1  1  1 -1  1  1 -1 -1  0 -2 -1  1 1 1 1 5
 1  0  0  0 -1  0  0  1 -1 -1  0  0  0 -2 -1  0  1 -2 -1  1 1 1 1 45
-1 -1  4  1 -2  0  0  1 -1 -1 -2 -1 -2 -1 -1  1  0 -2 -2 -1 1 1 1 35
 0 -1  2  3  0 -1  0  2 -1 -2 -2 -1 -1 -1 -1  0  0  2 -1 -1 1 1 1 30
-1 -1  0  1 -2  1  0  1 -1 -1 -1  0  0  1  1  1  0 -2 -1 -1 0 1 1 35
 1 -1  0 -1 -2  0  0  0 -1  0  0  0  0  2  1  0  1  1  0 -1 0 1 1 80
 1 -1  3  0 -2 -1  0  1 -1 -2 -1  0 -2 -1 -1  1  0  3  0 -2 0 1 1 75
 0 -2  3  2 -2 -1  0  2 -1 -1 -2 -1 -1 -2 -1  0  0 -1 -2  0 1 1 1 40
 1 -1 -1 -1 -2 -1 -1 -1 -2 -1 -1 -1  0  0  4 -1  2 -3 -2 -1 0 1 1 10
-2 -1  2  4 -3  0  1  0 -2 -3 -3 -1 -2 -1 -3  2  2 -3 -1 -2 0 1 1 40
 0 -2  2  1 -4 -2 -1  3 -1 -3 -3  0 -2 -2  2  0 -1 -4  0 -3 1 1 0 25
-4 -6 -4 -7 -6 -6 -5 -4 -6 -6 -3 -4 -6 -2 -4 -4 -4 12 -1 -5 1 1 1 0
-1 -1  2 -1 -2  0 -2  0  1 -2 -3 -1 -3  1 -2  2  2  5  1  0 1 0 0 0
-1 -2 -2 -2  0  0 -2 -1 -2  1  1 -2 -1  3 -2  0  1  1  1  1 1 0 0 10
-2 -3 -2 -1  0 -1 -1 -2  1  0  0 -3 -2  0 -2 -2 -1  9  3  0 1 0 0 15
 0 -1  2  0 -1  1  0  0  1 -1 -1 -1 -1 -1 -1  0  1  2  0  0 1 0 0 10
 1 -1  1  1 -2  1 -1  1  0 -2 -1 -1 -1 -2  0  1  2 -3  0 -1 0 0 0 -5
 0 -2  1  1 -2 -1 -1  3 -2 -2 -3 -2 -3 -3  1  2  0  1 -1 -2 0 0 0 25
-1 -2  2  3 -3  0  0  1 -2 -1 -2 -1 -2  0  2  1  1  0 -2 -1 0 0 0 60
 1 -2  0 -1 -3  0  0  0  0 -1 -2 -1 -1  1  0  0 -1  5  3 -1 0 0 0 60
 0 -2  1  0 -2 -1 -1  4 -2 -3 -2  0  0 -1 -2  1  0  1  0 -1 0 1 1 90
 0 -1  1 -1 -1  0  0  1 -2  1 -1 -1  0 -1 -1  0  0  0 -1  0 1 1 0 45
 2 -2  1  1 -3  0  0  0 -1 -2 -3 -1 -2 -1  0  1  0 -2  0 -1 1 1 1 20
 0 -2  2  0 -3 -1 -1  3 -3 -1 -2 -2 -2 -1 -1  1 -1  1  0 -1 1 1 1 30
 2 -2  0  0 -1  0 -1  2 -2  0 -2 -2 -2 -3 -2  1  2  0 -2  0 1 1 1 -5
 2  0  0 -1 -2 -1 -1  2 -3 -1 -1  0 -1 -2 -1  1  1 -1 -2  0 1 0 0 45
 1 -2  0  0 -1 -1  0 -1  0  1 -1 -1 -1 -1  0  1  1 -1 -1  1 1 0 0 10
 1 -2  0  1  0  0  0  0 -1  0 -2 -1 -1 -1  0  1  2 -1 -2  1 1 0 0 55
 0 -1  1  3 -3  0  1  0  0 -2 -2  0 -2  0 -1  1  1 -2 -1 -1 1 0 0 50
 0 -1  0  0 -2 -1  0 -1  0  1  0 -1  0  2  0  0  0 -2  1  0 1 0 0 35
 0 -1  1  0 -3 -1  1  2 -1 -1 -1  0 -2 -3  1  0  1 -1  0 -1 1 0 0 10
 1 -2  1 -1 -2 -2 -1  0 -2  1 -1 -1 -1 -2 -2  0  1 -4 -1  2 1 0 0 30
 1 -1  0  1 -4  1  2  0  0 -2 -4  2 -3 -4 -3  2  0 -4  0 -1 1 0 0 45
-3 -2  5  5 -6 -1 -1  1 -2 -6 -5 -1 -5 -4 -2  1 -2 -6 -3 -3 0 1 1 90
-1  0  2 -2 -3 -1 -1  6 -1 -5 -5  0 -3 -4 -4 -2 -3 -6 -3 -5 0 1 1 25
 2  0  0 -2 -2  1  1 -1 -3 -2 -1  1  0 -1 -3  1 -1  0  1  0 1 0 0 20
 3 -3 -3 -5 -2 -1 -4 -2  0  1  3 -2  2  2 -5 -2 -2  0  0  0 1 0 0 -5
 0  2 -1 -2  5  1  0 -4  2 -1 -2  2 -2 -1 -4 -1  0  0  0  0 1 0 0 10
 1 -4 -5 -4 -1 -2 -5 -5 -5  4  2 -5  1  1 -5 -3 -1 -2 -2  4 1 0 0 -5
 0  0  2  3 -4  0  1 -2  1 -2 -3  0 -3 -5 -2  1  3 -5 -3 -1 1 0 0 20
-2 -4 -2 -4 -2 -4 -5 -6 -3  5  0 -5  2  1 -2 -1  0 -5 -4  4 1 0 0 0
 1 -1  2  1 -4  1  0 -1 -3 -2 -2  1 -3 -4  0  1  3 -5 -3 -1 1 0 0 50
 0  0  4  2 -5  0  0  2 -2 -5 -5  2 -3 -5 -4  1  0 -5 -3 -3 1 0 0 35
 1 -2 -1 -1  0  0 -1  2 -4 -1 -2 -1 -2 -4  3  0  2 -2 -4  0 1 1 1 20
 0 -3 -2 -3 -5 -2 -3  6 -5 -6 -4 -2 -5 -6 -2  0  0 -6 -4 -5 1 1 1 10
 2 -3  1  1 -4 -1 -1  0 -2 -2 -4 -1 -4 -4 -1  2  3  1 -3 -1 1 1 0 75
 0 -1  5  1 -5  3  2 -1 -3 -3 -3 -1 -4 -4 -2 -1 -1 -6 -3 -1 1 1 0 35
 0  0  1  2 -4 -1  0  0 -2 -2 -2 -2 -2 -1  3  1  1  1 -2 -2 0 0 0 15
-3 -2 -4 -3 -5 -5 -3 -1  1 -3 -4 -3 -3  0 -4 -2 -3 11  5 -4 0 0 0 40
 0 -1  3  4 -4 -2 -1  0  4 -5 -3 -1 -3 -3 -4  2 -2 -2 -2 -3 0 0 0 5
 1 -4 -2 -4  2 -2 -3 -3 -2  3  1 -4 -1 -3 -3 -1  1  0 -1  4 1 0 0 -5
-1 -2 -1  0 -4  7 -1 -1 -2 -1 -3 -4 -1 -4 -5 -2 -4 -6 -2 -2 1 0 0 10
-3 -4 -5 -6  0 -4 -5 -5 -5  1  4 -6  2  5 -5 -4 -2 -2  2  2 1 0 0 -5
 0 -1  1 -2 -2 -1 -2  1  3  0  0  0  0  1 -4  0 -1  0  3  0 1 0 0 0
-3  1  0  1 -7  7 -1 -3 -1 -4 -5 -2 -3 -3  0 -1 -1  2  1 -3 1 0 0 -5
-2 -2  3  1 -3 -2 -1  4  0 -3 -4 -2 -2 -4  1 -1  0  0 -1 -4 1 0 0 35
-2 -3 -6 -4 -4 -2 -5 -5 -5  5  2 -3  0  3 -4 -5 -1 -5 -2  3 1 0 0 0
 0 -1  2 -1 -2 -1 -1 -1  2 -3 -4  0 -2 -3  4  0  2 -2 -2 -2 1 0 0 55
-2 -4 -6 -7 -5 -6 -5 -7 -6  2  5 -6  2  0 -6 -4  0 -5 -1  3 1 1 1 0
-1  0 -2  0 -5  1  4 -3 -2  0 -2  1 -1 -3 -1 -2  1 -5  1  2 1 1 1 70
 2  0  0 -1 -5  3  1 -2 -2 -3 -5  4 -3 -6  2  0 -2 -6 -5 -2 0 1 1 50
-4 -5  2  0 -7 -4 -5  7 -6 -8 -7 -3 -7 -6 -7 -2 -6 -7 -3 -8 0 1 1 45
 1  1 -1 -1 -1  1  2  0  3 -4 -4  4 -2 -5 -4 -2  0 -3  0 -2 1 1 1 40
-2  0 -1 -2 -5 -1  0 -4 -3 -1 -4  3 -3 -4 -2  1  5 -1 -5  0 1 0 0 30
-6 -8 -8 -9 -3 -8 -8 -9 -4 -7 -5 -8 -3 -3 -9 -8 -8  0 10 -4 1 0 0 5
-2  3 -1 -2 -5  1  2 -5  1 -2 -2  3 -2 -4 -2 -1  3 -5 -1  0 1 0 0 25
-3 -6 -7 -7 -3 -6 -7 -6 -6  3  4 -6 -1  4 -7 -5 -5 -1  0  3 1 0 0 0
-1  1 -2 -3 -5 -1 -1 -4 -1 -5 -5  1 -5 -7 -5  6  3 -7 -6 -4 1 0 0 15
-3 -7 -7 -8 -3 -7 -7 -4 -6 -1 -1 -7  3  8 -8 -7 -4 -4  2  0 1 0 0 -5
-1  1 -2  5 -6 -3  0 -5 -2 -4 -4  2 -2 -1 -5  0  1  7 -1 -3 1 0 0 35
 5 -6 -6 -6 -3 -5 -5 -2 -2  2 -1 -5  2 -5 -5 -4 -3 -6  0  3 1 0 0 0
-3  4 -3 -4 -6 -2 -4 -5  1 -6 -4  5 -2 -4 -5  1  0  2  3 -3 1 0 0 20
 5 -4 -3 -5  0 -5 -5  1  2 -4 -5 -4 -5 -6 -3  4  1 -7 -6 -4 1 0 0 -5
-1 -2  0  5 -5 -2  1 -2 -4 -3 -4 -2 -5 -5 -2  3  3 -6 -2 -4 1 1 0 45
 1  0  1 -1 -3  0  1 -1 -2  0 -2  1 -1 -2  0  0  0 -4 -3  1 1 1 0 45
 2 -4  1  2 -5 -2  1  2 -1 -4 -3 -1 -3 -5  4  0 -2 -5 -3 -3 1 1 1 60
 0  5 -1 -3  2  1 -2  0  2 -1 -2  0 -1 -3 -4 -1  1 -4 -1 -1 1 0 0 5
-1 -1  2  1 -4  1  0  0 -2 -2 -3  1 -3 -3  2  2  2 -4 -2 -1 1 0 0 40
-1 -5 -4 -5 -2 -4 -3 -1 -5  5  2 -4  2  1 -5 -3 -2 -2 -2  3 1 0 0 0
-1  2  1  0 -4  1  1 -1 -1 -1 -2  1 -1 -2  1  0  1 -2  1 -2 1 0 0 10
 1 -5 -5 -6  0 -5 -5 -4 -5  1  0 -3 -1  2 -1 -2  0  1  0  5 1 0 0 -5
-1  3  0 -1  2  1 -1  0 -3 -1 -1  2 -1 -2 -3  1  0  1  0 -1 1 0 0 10
 0 -5 -5 -4 -2 -3 -4 -5 -5  4  2 -5  1  2 -3 -4 -1 -4 -2  4 1 0 0 -5
 0  2 -1 -3 -1  4  0  3  1 -1 -2 -1 -1 -5 -4  1  0 -5 -4 -1 1 0 0 5
 0  0  0  0 -2  3  1  0  0 -1  1  1  0 -3 -3 -1 -1 -1 -2 -1 1 1 1 5
 0 -2  4  2 -4  1  0  1  0 -2 -2 -1  0 -2  1  1  0 -5 -3 -2 1 1 0 15
 1 -2  1  0 -2 -1 -1  3  0 -2 -3 -2 -2 -2  0  1  0 -2  0  1 1 1 0 40
 1 -2  0  3 -4 -1  1  2 -4 -3 -4 -1 -3 -5  0  2  1 -2 -3 -2 0 1 1 70
-2 -2  0  2 -5 -3 -2  3 -2 -4 -4 -2 -5 -5  5  2  0 -2  0 -3 0 1 1 60
-2 -4 -2 -2 -6 -4 -2 -1 -1 -4 -3 -2 -1  0 -4 -1 -2  8  7 -5 1 1 1 55
 0  0  1  0 -4  2 -1  0  2  0 -2  1 -2 -3 -2  0  3 -4 -1 -1 1 1 1 45
 1  0  2  0 -3  1  0  1  0 -1 -2 -1 -1 -2 -1  0  2 -2 -1  0 1 0 0 45
-1 -4 -3 -5 -3 -2 -2 -3 -1 -1 -1 -3 -3  0 -4 -3 -4  2  8  0 1 0 0 20
 0 -2 -3 -2 -2 -2 -2  0  0 -2  1 -3  0  3 -2  2  0  4  2  0 1 0 0 5
 0 -1  2  1 -3  1  1  0  0 -1 -2  0  0 -2  1  1  0  0 -1  0 1 0 0 45
 0  0  2  2 -4  3  2  1  0 -2 -3  1 -2 -2  0 -1  0 -5 -4 -1 1 0 0 45
-1 -1  2  1 -3  1  0 -2 -1 -1 -3 -1 -2 -2  0  2  4 -5 -2 -1 1 0 0 60
-1 -4 -5 -4 -1 -1 -3 -5 -2  3  2 -3 -1  3  1 -3 -1 -4  0  3 1 0 0 5
 1 -1  3  3 -4  1  1 -2 -1 -3 -3  1 -2 -3 -1  1  1 -2 -3 -1 1 0 0 80
-1 -3 -5 -4 -4 -2 -5 -2 -5  2  5 -4  0  0 -2 -3 -1 -2 -4  2 1 0 0 0
-1 -4  0  0 -5 -4 -2  2 -5 -5 -6 -2 -3 -4 -3  2  6 -6 -6 -4 1 1 1 40
 0 -3  2  0 -5 -1 -1 -1 -3 -5 -5  0 -4 -5  3  1  5 -6 -2 -2 1 1 0 45
 0 -3  0  2 -5  2  4 -1 -4 -4 -5  0 -5 -6 -4  1  2 -6 -3 -3 1 1 0 65
-2 -3 -7 -3 -7 -3 -4 -3 -7 -6 -2 -1  2 -2  1 -3 -2 11  0 -2 1 1 1 40
-2  0 -2 -2 -7  6 -1 -4 -3 -5 -5  4 -5 -7 -5 -1  3 -7 -3 -5 1 0 0 50
-3  1  0  0 -5  0  1 -4  4 -3 -2  1 -1 -4 -1  1  4 -6 -2 -3 1 0 0 55
-4 -5 -4 -7  0 -4 -5 -7  1  1 -2 -6 -3  5 -7 -5 -5 -3  8  1 1 0 0 15
-1 -2 -1  0 -5 -2  3 -5 -2 -4 -3 -1 -3 -6 -5  3  4 -7 -5 -2 1 0 0 55
 0 -2 -4 -3 -2 -1 -3 -1  2  0  0 -1 -1  5 -4 -3  0  2  4  0 1 0 0 20
-2 -1  0  2 -5  0  3 -4 -2 -1 -2 -1 -2 -5 -2  0  5 -6 -4  0 1 0 0 65
-5 -7 -7 -7 -6 -7 -7 -4 -5  0 -1 -7 -4  9 -7 -6 -4 -4  3  0 1 0 0 5
-2 -3 -1  0 -5  0  0 -4 -1 -2 -4 -1 -5 -6 -3 -1  6 -6 -6 -1 1 0 0 55
 3 -4 -4 -5 -4 -1 -4 -3  1  0 -1 -3  6  0  1  0  0 -4  0  1 1 1 1 -5
-1 -2  2  0 -4  0  0 -1 -2 -3 -3  1 -1 -5  3  1  3 -5 -4 -3 1 1 1 30
 1 -2  1  2 -4  1  2  1 -1 -3 -3  0 -3 -3 -2  2 -1 -4 -3  0 0 1 1 80
 0 -3  2  3 -4 -1  2 -1 -2 -2 -3 -1 -1 -1  0  0  1 -2 -3 -2 0 1 1 80
 1 -3 -1  0 -2 -2 -2  2 -4 -1 -2  0 -1 -2 -1  1  4 -3 -3 -1 1 1 0 -5
-1 -2  2  6 -1 -1  1 -1  0 -3 -4  0 -4 -3 -2  0 -1 -4 -1 -2 1 1 1 25
 1 -1  1  2 -3 -1  1 -1 -2  1 -2  0 -2 -2  3  0  0 -2 -2 -1 1 1 0 55
 0  0  3  0 -1  1 -1 -1 -2 -1 -1  1  0 -2  0  0  1 -4 -1  0 1 0 0 50
 3 -3 -2 -3  2 -2 -3  1 -4  0 -1 -2  0 -2  0  0  1 -4 -1  1 1 0 0 -5
 0  5 -1 -1 -5  3  1  0 -2 -3 -3  1 -2 -3 -3 -1 -1 -5 -4 -2 1 0 0 0
-3 -6 -6 -7 -2 -4 -6 -7 -6  3  4 -6  1  4 -6 -5 -2  0 -2  2 1 0 0 -5
 1  1 -1 -2  1  1  1 -1 -1 -1  0  0  0  0 -3  0  0  0  0  0 1 0 0 -5
-5 -7 -7 -8 -6 -7 -7 -5 -6  1  1 -7  0  8 -7 -7 -6  1 -1  0 1 0 0 -5
-2 -1  5  2 -2  3  2 -1  3 -3 -2 -2 -4 -3 -3 -1 -1  2  0 -4 1 0 0 0
-1 -5 -2 -5  0 -4 -5 -3 -5  1  4 -3  4  2 -5 -1 -1 -2 -1  1 1 1 1 0
-1 -3 -3 -3 -6 -5 -3  7 -3 -3 -5 -3 -6 -1 -4 -1 -3 -2 -6 -1 1 1 1 0
 1  0  2 -1 -3  0 -1  2  0 -2  0  1 -1  0 -2  0  0 -3  0 -2 1 1 0 55
 1 -2  2  3  0  1  0  1 -2 -2 -3 -1  0 -2 -2  1 -1 -2 -2 -1 1 1 0 20
 1 -2  1  1 -3 -1  1  2 -2 -2 -3  1 -2 -2  0  1  2 -4 -3 -1 1 1 1 55
 2 -3  2  0 -4 -2  0  2 -3 -3 -3 -1 -1 -4  3  1  1 -5 -2 -1 1 1 1 45
 1 -2  1 -1 -2  0  0  3  2 -1 -2 -2 -1 -1 -3  0  2  2  1 -2 1 1 1 10
-1  0  1  1 -4 -2 -1 -2 -3 -3 -3  1 -1 -5 -1  0  5 -5 -4  0 1 0 0 10
-2 -5 -5 -7 -2 -6 -6 -5 -5  4  1 -6 -3  3 -5 -5 -2  0  3  5 1 0 0 -5
-4 -2 -3 -2  5 -2 -4 -5 -1 -4 -2 -3 -2  2 -6 -3  2  7  7 -3 1 0 0 15
-5 -6 -7 -7 -5 -6 -7 -7 -6  6  3 -5  0  4 -7 -5 -5 -5 -2  2 1 0 0 -5
-1 -3 -2  8 -7 -3 -2 -3 -1 -7 -8 -1 -7 -8 -6  0 -1 -8 -7 -7 1 0 0 15
-3 -3  6  5 -7 -1  0 -3 -3 -7 -6 -4  0 -4 -6 -1 -4 -8 -3 -3 1 0 0 35
-2 -7 -7 -8 -5 -7 -7 -8 -7  4  0 -7  1  0 -7 -6 -5 -2 -5  7 1 0 0 0
-2  2 -2 -3 -3 -1  0 -5 -2 -4 -3  3 -2 -5 -5  5  1 -6 -1  0 1 0 0 40
-5 -7 -8 -8 -5 -7 -7 -8 -7  3  6 -7 -1  2 -7 -7 -5 -6 -5  2 1 0 0 0
-3  0 -1 -2 -5  0  3 -2 -2 -3 -3  1 -4  1 -4  1  3 -5 -2 -1 1 0 0 40
-3 -4 -4 -3 -6 -2  5 -5 -4 -1 -4 -3 -4 -6  5  0 -2 -1 -5  1 1 0 0 55
-3  1 -2 -2 -5  5  3 -4 -2 -5 -5  5 -3 -5 -3 -2 -3 -5 -4 -5 1 1 1 85
