-1  5  0 -1 -4  1  0 -2  0 -3 -2  3 -2 -3 -2 -1 -1 -3 -2 -3 1 1 1 95
 2  0 -1 -2 -2  0  0 -1 -2  0 -1  3 -1 -2 -1  0  0 -3 -2  1 1 1 1 25
-1  3 -2 -2 -3 -1 -1 -2 -2 -3 -3  0 -2 -4  7 -1 -1 -4 -3 -3 1 1 1 35
 1 -1  0 -1 -1 -1 -1  2 -1 -3 -3 -1 -2 -3 -1  4  2 -3 -2 -2 0 1 1 85
-2 -1  7  1 -3 -1 -1 -1  0 -4 -4 -1 -3 -4 -3  0 -1 -5 -3 -4 0 1 1 5
 1 -2 -1 -2 -1 -1 -2 -2 -2  0 -1 -1 -1 -2 -2  1  4 -3 -2  2 1 0 0 10
-1  0 -3 -3 -2 -2 -3  2 -3  1  0 -2  0 -2 -3 -2 -1 -3 -2  4 1 0 0 0
-1  1  3 -1 -2 -1 -1  0 -1 -1  0 -1 -1  1 -2  1  0 -3 -1  0 1 0 0 50
 1 -3 -3 -4 -1 -3 -3 -3 -4  3  0 -3  0 -1 -3 -2 -1 -3 -2  4 1 0 0 0
 0 -3 -2  1  3 -2 -2 -3 -2  0 -1 -2 -1  3 -3 -1  1 -1  2  2 1 0 0 0
 0 -3 -1 -2 -3 -2 -3  6 -3 -5 -4 -2 -3 -4 -3 -1 -2 -3 -4 -4 1 1 0 5
 1 -1  0 -1 -2  2  1 -1 -1 -2 -2  0 -1 -3 -1  3  1 -3 -2  0 1 1 0 15
 1 -1  2 -1 -2  0 -1 -1 -1 -2 -3  1 -2 -3 -1  3  2 -3 -2 -2 1 1 0 20
-1 -2 -2 -3  2 -2 -2 -3 -2  0  1 -2  2 -1  2  0  1 -2  1  1 1 0 0 50
 0 -3 -1 -2 -3 -2 -3  6 -3 -5 -4 -2 -3 -4 -3 -1 -2 -3 -4 -4 1 0 0 0
 0 -1  0 -1 -1 -1 -1 -1 -2 -2 -2 -1 -2 -3 -2  4  3 -3 -2  0 1 0 0 0
 1 -3 -1 -2  3 -2 -3  6 -3 -4 -4 -2 -3 -4 -3 -1 -2 -3 -3 -3 1 0 0 -5
 0 -2 -1 -2 -2 -2 -2  5 -2 -2 -3 -2 -2 -3 -2  1 -1 -3 -3  0 1 0 0 0
-1 -3 -3 -3 -1 -3 -3  0 -3  3  2 -3  1 -1 -3 -2 -1 -3 -2  4 1 0 0 -5
-3 -4 -4 -4 -3 -4 -4 -4 -2  1  0 -4 -1  6 -4 -3 -3  7  2 -1 1 0 0 0
-1 -1  1  2 -2  1  0 -2 -1 -1 -2 -1 -1 -3 -2  2  4 -3 -2 -1 1 0 0 15
-2  4 -2  0 -3 -1 -1 -3 -1  3  0  0  0 -1 -3 -2 -1 -2  2  0 1 0 0 20
-1 -2  4  3 -3 -1  0  3  2 -4 -4 -1 -3 -4 -2  0 -1 -4 -3 -4 0 1 1 85
-1 -2  2 -1 -3 -1  0  5 -2 -3 -3 -1 -3 -3 -3 -1 -1 -3 -3 -1 0 1 1 95
-2  3  4  3 -4  0  1 -2 -1 -4 -3  2 -2 -4 -2  0 -1 -4 -3 -3 1 1 1 25
-1  1 -1 -2 -2 -1 -1 -2  2  0 -1  1 -1 -2  2  1  2 -3 -2  0 1 0 0 0
-1  1 -2 -2 -2 -1 -2 -3 -2  2  0  1  0 -2 -2 -1  2 -3 -2  2 1 0 0 -5
-1 -3 -4 -4  5 -3 -3 -4 -4  3  0 -3  0 -1 -3 -2 -1 -3 -2  4 1 0 0 -5
-1 -3 -4 -4 -1 -3 -3 -4 -4  3  3 -3  1 -1 -3 -2 -1 -3 -2  4 1 0 0 -5
-1 -2 -1 -2 -2 -1 -2 -2 -2 -1 -2 -1 -1 -3 -2  1  6 -3 -2 -1 1 0 0 -5
 5 -2 -2 -2 -1 -1 -2  0 -2 -2 -2 -1 -2 -3 -1  1 -1 -3 -2 -1 1 0 0 -5
 1 -2 -1 -2 -1 -1 -1 -1 -2 -2 -2 -1 -1  2 -2  3  4 -2 -1 -1 0 0 1 5
-3 -1  0 -2 -4  0 -1 -3  9 -4 -4 -2 -2 -2 -3 -2 -3 -3  1 -4 0 0 1 35
-1 -3 -4 -4 -1 -3 -3 -4 -4  2  1 -3  0 -1 -3 -2 -1 -3 -2  5 0 0 1 0
-1 -3 -3 -4  3 -2 -3 -4 -3  2  3 -3  1 -1 -3 -2  1 -2 -2  2 0 0 1 0
 0 -2  3 -1 -3 -1 -2  5 -2 -4 -4 -1 -3 -3 -2  1  1 -3 -3 -3 1 1 1 5
-1  1  1  2 -2 -1 -1  3 -1 -3 -3 -1 -2 -3 -2  0  2 -3 -2 -2 1 1 1 45
 0  0  2  2 -3 -1  0  2 -1 -3 -3 -1 -3 -4  4  0 -1 -4 -3 -3 0 1 1 15
 0 -1  3  3 -2  0  0 -1 -1 -2 -3  1 -2 -3 -2  1  2 -4 -2 -1 1 1 0 10
 3 -1 -2 -1 -2  0  2 -1 -2 -1 -1  0  1  1 -2  0 -1 -2 -1  0 1 0 0 5
 1  4 -1  1 -3  0 -1  2 -1 -2 -2  0 -2 -3 -2 -1 -1 -3 -2  0 1 0 0 0
-1 -3 -3 -3 -1 -2 -3 -3 -3  2  0 -2  0 -1 -3 -1  2 -2  1  4 1 0 0 5
 0 -2 -1 -2 -1 -1 -1 -2 -2  1  0 -1  0 -1 -2  2  2 -3 -2  3 1 0 0 0
 0 -1  0  2  3 -1  1  3 -2 -2 -2  0 -2 -3 -2  0  1 -3 -2 -2 1 0 0 20
-1 -3 -2  2 -2 -2 -2 -3 -2  3  1 -2  0 -1  2 -2 -1 -2  1  2 1 0 0 5
 1 -1  0 -1 -2  1  0  4 -2 -3 -3 -1 -2 -3 -2  2  1 -3 -3 -2 0 1 1 80
-1 -2 -1  2 -3 -2 -1  2 -1 -2 -2 -2 -2  3 -3 -1  0  0  4 -2 0 1 1 80
 0 -1  4  0 -2  3  0 -1  0 -1 -2  0 -1 -3 -2  1  1 -3 -2 -2 1 0 0 30
-2  5 -1 -2 -3  3  0 -3 -1 -3 -2  1  1 -3 -2 -1  1 -3 -2 -2 1 0 0 15
-1  1 -2 -3 -2 -1 -2 -3 -1  0  1 -1  4  2 -2 -1  0  0  4  0 1 0 0 10
-1  1  0 -1  3  0  2 -2  4 -2 -2  1 -1 -2 -2  0  2 -2 -1 -2 1 0 0 10
 0 -2 -2 -2 -1 -2 -2 -2 -2  2  3 -2  1  0 -2 -1 -1 -2 -1  2 1 0 0 0
-1 -1  0  3 -2  2  0 -2 -2 -1 -2 -1 -1 -3 -2  0  4 -3 -2  0 1 0 0 15
-3 -4 -4 -4 -3 -4 -4 -4 -2 -1  0 -4 -1  8 -5 -3 -3  0  2 -2 1 1 1 0
-1  1  2  1 -3  0  0 -2 -1 -2 -3  4 -2 -3 -2  0  1 -4 -2 -1 1 0 0 50
 0  0 -1 -1  2  0 -1 -2 -2 -1 -2  2 -1 -3 -2  2  3 -3 -2  0 1 0 0 35
 0  0  5  0 -3  0 -1 -1 -1 -2 -3  2 -2 -3 -2  0  1 -4 -2 -1 1 0 0 45
 0 -2 -1 -2 -3 -2 -2  6 -2 -4 -4  1 -3 -4 -3 -1 -2 -3 -4 -4 0 1 1 65
-2 -2  1  6 -4 -1  1 -2 -2 -3 -4 -1 -3 -4 -2 -1  1 -5 -4 -3 0 1 1 15
-3 -3 -3 -4 -3 -3 -3 -4  0 -1 -1 -3 -1  6 -4 -3 -3  1  7 -2 1 0 0 0
 5 -1 -2 -2 -1 -1 -1 -1 -2 -2 -2  1 -2 -3 -1  1 -1 -3 -2 -1 1 0 0 -5
-1 -2 -2 -2 -2 -1  1 -3 -1  1 -1 -2 -1  2 -2  0 -1  7  2  1 1 0 0 20
 3 -2 -1 -2 -1 -1 -1  1 -2 -1 -2 -1 -1 -2 -1  2  0 -3 -2  0 1 0 0 0
-1  1 -1  0 -1 -1 -1 -1  0  0  0  0  0  0 -1 -1  0  0  3  2 1 0 0 30
 1 -1 -1 -1  1 -1 -1  1 -1  1  0 -1  0 -1 -1  0  1 -1 -1  2 1 0 0 5
 2 -1  1  2 -1  0  0 -1  3 -2 -2 -1 -1 -2  1  0  1 -2 -1 -1 1 1 1 25
 1 -1  2  0  2  1  1  1 -1  0 -1  0 -1 -2 -1  0  0 -2 -1 -1 0 1 1 35
 0 -1  0  1 -1 -1  0 -1 -1  0 -1 -1 -1  2  2  1  1 -1  0  0 0 1 1 70
-1 -2  0  4 -3  0  2  0 -1 -3 -3 -1 -3 -3  4 -1 -1 -3 -3 -3 0 1 1 35
-2 -2 -3 -4 -2  1 -2 -3 -3  2  1 -2  0  0 -3 -3 -2  9  0  1 1 1 0 0
-1  1  1 -1 -3  3  0 -2 -1 -3 -3  2 -2 -4  5 -1 -1 -4 -3 -3 1 1 1 60
 0 -3 -1 -2 -3 -2 -3  6 -3 -4 -4 -2 -3 -4 -3 -1  1 -3 -3 -3 1 1 0 35
 2 -1  2  1 -2  1  0 -1 -1 -1 -2 -1 -1 -3 -2  0  1 -3 -2  1 1 1 1 95
 3 -2 -3 -3 -2 -2 -2 -1 -1 -2 -2 -2 -1  2 -2  0 -1  7  3 -1 1 1 1 10
-2 -3 -3 -2 -3 -2 -2 -3 -3  1 -2 -2 -2 -4  8 -2 -2 -4 -3 -2 1 1 1 40
 0  0  2  1 -2  1  1 -2 -1 -1 -2  2 -1 -3  1  0  1 -3 -2  0 1 0 1 50
 0 -2 -3 -3 -2 -2 -3 -3 -1  1  2 -2  1  2 -3 -1  0 -1  3  2 1 1 1 5
-1  2  0 -1 -3  2  2 -2  2 -3 -3  4 -2 -3 -2  1 -1 -3 -2 -3 1 1 1 50
-1 -2 -3 -2 -2 -2  0 -3 -2  2  1 -2  0  3  1 -2  0 -1  0  1 1 0 1 40
 3 -2 -2 -2  3 -1 -2  1 -1 -1 -2 -1 -1 -1 -2  1  0 -2  2  0 1 1 1 40
-1  2  0 -1 -3  3  1 -2  2 -3 -2  2 -1 -3  2  0  0 -3 -1 -2 1 1 1 75
-1  0  2  2 -2 -1  0  1 -1 -2 -2 -1 -2  1  2  1 -1 -2 -1 -2 1 1 1 25
-2  1 -2 -3 -3 -1 -2 -3  3 -2 -2 -1 -1  3 -3 -1  2  5  5 -2 1 1 1 60
-1  3 -1 -1  0  0  2 -3 -1  0 -2  0 -1 -3 -2  0  2 -3 -2  0 1 1 0 20
 0 -3 -1 -2 -3 -2 -3  6 -3 -5 -4 -2 -3 -4 -3 -1 -2 -3 -4 -4 1 0 0 5
-2  6 -1 -2 -4  0 -1 -3 -1 -4 -3  1 -2 -4  3 -1 -2 -4 -3 -3 1 0 0 45
 4 -2 -2 -2  4 -1 -1  0 -2 -2 -2 -1 -1 -2 -1  1  0 -2 -2 -1 1 0 0 0
-2 -2 -2 -3 -2 -2 -2 -3  1 -2 -1 -2 -1  3 -2  0 -1  1  7 -2 1 0 0 20
-2 -3 -3 -4  4 -2 -3 -3 -3 -3 -2 -3 -2  0 -3 -3 -2 11  1 -3 1 0 0 -5
-1 -1 -2 -2  3  2 -1 -3 -1  0  3 -1  1  0 -3  0 -1 -2  1  0 1 0 0 0
 0 -2 -1 -2  5 -2 -2 -2 -3 -2 -2 -2 -2 -3  2  0  5 -3 -2 -1 1 0 0 0
 2  1  1 -1 -2  2  0 -1 -1 -2 -1  0 -1 -3 -2  2  0 -3 -2 -1 0 1 1 25
-1 -1  4 -1 -2 -1 -1 -2 -1 -1 -2 -1 -1 -3 -2  2  4 -3 -2  0 0 1 1 70
 0 -2 -1 -1 -3 -2 -1  6 -2 -4 -4 -2 -3 -4 -2  1 -1 -3 -3 -3 1 0 0 10
-1 -3 -2  0 -2 -2 -2 -3 -3  1  0 -2  0 -1 -3  0  0  3 -1  4 1 0 0 35
-1  0 -1  1 -4  1  5 -2 -1 -4 -3  2 -2 -4 -2  1 -1 -4 -3 -3 1 0 0 15
 0 -2 -2 -1 -2 -1  0 -2 -2 -2  0 -1 -1 -3  6  1  2 -3 -3 -1 1 0 0 55
 0 -2 -1  0 -2 -2 -2  5 -2 -2 -3 -2 -2 -3 -2 -1 -2 -3 -3 -1 1 0 0 0
 0 -2 -3 -3 -1 -2 -2 -2 -2  2  2 -2  1  3 -2 -1 -1 -1  0  2 1 0 0 0
-1 -3 -4 -4 -2 -3 -3 -4 -4  4  3 -3  1  0 -3 -3 -1 -3 -2  3 1 0 0 -5
 2 -2 -1 -2 -2 -2 -2  5 -2 -2 -3 -2 -2 -3 -2  1 -1 -3 -3  0 1 1 1 0
-1 -1  1  2 -3  0  2  2 -1 -3 -3  1 -2 -3  3  0  1 -3 -3 -2 1 1 0 20
-1 -1  2  1 -3 -1  1  4 -1 -3 -3  1 -2 -3 -2  0  1 -3 -3 -3 1 1 0 35
 0 -2 -2 -3 -2 -2 -2  2 -1 -1 -1 -2 -1  4 -3  0  0  0  3  0 1 1 1 0
 4 -3 -2 -3  7 -2 -2 -1 -3 -2 -2 -2 -2 -3 -2  0 -1 -3 -3 -1 1 0 0 0
-2 -3 -4 -4 -2 -3 -3 -4 -3  1  3 -3  1  4 -3 -3 -2 -1  1  2 1 0 0 5
 1 -3 -3 -4  7 -3 -3 -3 -3  0 -1 -3 -1 -2 -3 -1 -1 -3 -2  3 1 1 1 0
-3 -3 -4 -4 -3 -3 -4 -4 -1 -1 -1 -3 -1  6 -4 -3 -3  5  5 -2 1 1 1 55
-1 -2 -1 -2 -2 -1 -1 -2 -2 -1 -2 -1 -1 -3 -2  2  6 -3 -2 -1 1 1 1 5
 0  2  3 -1 -3  0 -1  2  3 -3 -3  1 -2 -3 -2  0  0 -3 -2 -2 1 1 1 50
-1 -3 -3 -3  7 -2 -3 -3 -3 -3 -3 -2 -3 -4  6  0 -1 -4 -3 -2 0 0 0 65
 0 -3 -1 -2 -3 -2 -3  6 -3 -5 -4 -2 -3 -4 -3 -1 -2 -3 -4 -4 0 0 0 35
-2 -2  0  6 -4 -1  1 -2 -2 -3 -3 -1  2 -3 -2 -1 -2 -4 -3 -3 0 0 0 5
 1 -1  0 -1 -2 -1 -1 -1 -2 -3 -3 -1 -2 -3 -2  5  1 -4 -2 -2 0 1 1 5
 0 -3 -1 -2 -3 -2 -3  6 -3 -5 -4 -2 -3 -4 -3 -1 -2 -3 -4 -4 0 1 1 -5
 1 -2  0 -1 -2 -1 -1  2 -2 -3 -3 -1 -2 -3 -2  5  1 -3 -3 -2 1 1 1 -5
 0 -3 -3 -2 -3 -2 -2 -3 -3 -3 -4 -2 -3 -4  8 -1 -2 -4 -4 -3 1 0 0 0
-1 -3 -4 -4 -1 -3 -3 -4 -4  3  0 -3  0 -1 -3 -2 -1 -3 -2  5 1 0 0 -5
-1 -3 -4 -4 -1 -3 -3 -4 -4  4  2 -3  1 -1 -3 -3 -1 -3 -2  4 1 0 0 0
-1 -1  0  3 -2  1  1 -2 -1 -2 -2 -1 -2 -3 -2  2  4 -3 -2 -2 1 0 0 15
 1 -1  0  0 -3  2  3  0 -1 -3 -3  1 -2 -4  4  0 -1 -3 -3 -2 0 1 1 75
-1 -3  0  5 -4 -2  0  5 -2 -4 -4 -2 -3 -4 -2 -1 -2 -4 -4 -4 0 1 1 80
 1 -2  2  3 -3 -1  1  3 -1 -3 -3 -1 -3 -3 -2  0 -1 -4 -3 -2 1 0 0 5
-2 -3 -4 -4 -2 -3 -3 -4 -3  1  4 -3  1  2 -3 -3 -1 -2 -1  2 1 0 0 0
-1 -3 -4 -4 -2 -3 -4 -4 -4  5  1 -3  1 -1 -3 -3 -1 -3 -2  3 1 0 0 0
 0 -3 -1 -2 -3 -2 -3  6 -3 -5 -4 -2 -3 -4 -3 -1 -2 -3 -4 -4 1 0 0 -5
-1 -3 -4 -4 -1 -3 -3 -4 -4  4  1 -3  0 -1 -3 -2 -1 -3 -2  4 1 0 0 -5
-3 -1  0 -2 -4  0 -1 -3  9 -4 -4 -2 -2 -2 -3 -2 -3 -3  1 -4 1 0 0 0
 0 -2 -1 -2 -2 -1 -1  1 -2 -2 -2 -1 -2 -3 -2  2  5 -3 -2 -1 1 0 0 15
 1  1 -1 -2 -3 -2 -2  6 -2 -4 -4 -1 -3 -4 -3 -1 -2 -3 -3 -3 1 0 0 20
 1 -1  0 -1 -2 -1 -1 -1 -2 -3 -3 -1 -2 -3 -2  5  1 -4 -2 -2 1 0 0 45
-2 -1  6  4 -4 -1  0 -1  0 -4 -4 -1 -3 -4 -2  0 -1 -5 -3 -4 1 0 0 60
 2  1 -1 -1 -2  2  0 -1 -1 -2 -2  3 -1 -3 -1  1  2 -3 -2 -2 0 1 1 75
-1  3 -1 -2 -3  3  0 -2 -1 -1  1  2  0  1 -2  0 -1 -2 -1 -2 0 1 1 40
 0 -2 -1 -2 -3  1 -2  6 -2 -4 -4 -2 -3 -4 -3 -1 -2 -3 -3 -4 0 1 1 20
 0 -1 -1 -2  4  1 -1  1 -2 -1  0 -1 -1 -2 -2  3  0 -3 -2  0 1 0 0 10
 2 -3 -1 -2 -3 -2 -2  6 -3 -4 -4 -2 -3 -4 -2  0 -2 -3 -3 -3 1 0 0 -5
 1 -2  1 -2 -1 -1 -2 -2 -1  1  2 -2  2  0 -2 -1 -1 -2  1  1 1 0 0 25
-1 -3 -3 -4 -2 -3 -3 -4 -3  3  1 -3  0  1 -3 -2 -1 -2  2  4 1 0 0 -5
-1 -2 -1 -2 -2 -1 -2 -2 -1 -2 -2 -1 -1 -1 -2  1  5 -2  2 -1 1 0 0 0
-1  1 -1  1 -2 -1 -1 -2 -2 -1 -1  1 -1  2 -2  0  4 -2 -1 -1 1 1 1 0
-1 -1 -2 -2  3 -1 -1 -2  3 -1 -2  1 -2 -3  6  0 -1 -4 -2 -2 0 1 1 25
 0 -1  3  2 -2  0  2  0 -1 -3 -3  0 -2 -3 -2  3  0 -4 -2 -3 0 1 1 60
-1 -3 -1  2 -3 -2 -2  6 -3 -4 -4 -2 -3 -4 -3 -1 -2 -3 -4 -4 1 1 1 30
-1  0 -1  0 -3  2  3 -2  2 -1 -1  2 -1 -2 -2  0  1 -3 -1  0 1 1 1 50
-1 -2  2 -1 -2 -1  1 -2 -2 -1  0 -1 -1  1 -2  0  4 -2 -1  0 1 0 0 45
-1 -3 -4 -4  6 -3 -4 -4 -4  2  2 -3  1 -1 -3 -2 -1 -3 -2  2 1 0 0 0
 0 -2  1 -1 -2 -1 -1  4  2 -3 -3 -1 -2 -3 -2  2  0 -3 -2 -2 0 1 1 0
 0 -2 -2 -2 -1 -2 -2 -2 -2  2  1 -2  2  0 -2 -1 -1 -1  2  3 1 1 1 45
 1  0 -1  1 -2  1  0  2 -1 -3 -3  2 -2 -3  3  0 -1 -3 -3 -2 1 1 0 50
-1 -2  1 -1 -3 -1  2 -2 -2  1 -2 -1 -1 -3  5 -1  0 -4 -3  0 1 1 1 50
-1 -2 -2  1 -2 -2 -2 -3 -3  2  1 -2  0 -2 -2 -1  2 -3 -2  3 1 0 0 5
-1  1 -1 -1 -3  2  0 -2 -1 -3 -3  4 -2 -3  2  1  2 -3 -2 -2 1 0 0 25
-2 -3 -4 -4 -2 -3 -4 -4 -3  1  4 -3  1  3 -4 -3 -2 -2 -1  0 0 0 1 0
 0 -1  0 -1 -2 -1 -1 -1 -2 -3 -3  1 -2 -3 -1  5  1 -4 -2 -2 0 0 1 35
-1 -1  0  3 -3  1  3 -2 -1 -2 -2  1  2 -3 -2  0 -1 -3 -2 -1 0 0 1 30
-2 -2 -3 -4 -2 -2 -3 -4 -3  2  3 -2  6  0 -3 -3 -1 -2 -2  0 0 0 1 0
 2 -2 -1 -2  4 -1 -1  1 -2 -1 -2 -1 -1 -3 -2  3  0 -3 -2  0 0 0 1 10
 0  3 -1 -1 -3  1  1 -2 -1 -3 -3  3 -2 -4  4 -1 -1 -3 -2 -3 0 1 1 80
-2 -1 -1 -2 -3  2 -1 -3  7 -2  0 -1 -1  2 -3 -2 -2 -1  4 -2 0 1 1 50
-3 -3 -3 -4 -3 -3 -3 -4  0  1  0 -3 -1  6 -4 -3 -2  1  5 -1 1 1 1 5
 3 -2 -1  1 -2 -1  0  2 -2 -2 -3 -1 -2 -3 -1  2  1 -3 -2 -1 1 1 1 75
 0 -3 -1 -2 -3 -2 -3  6 -3 -2 -3 -2 -3 -3 -3 -1 -2 -3 -3  0 1 1 0 50
-1 -2 -2 -2 -3 -1 -1 -3 -3 -2 -3  1 -2 -4  7  0 -1 -4 -3 -1 1 1 0 50
-1 -1  0 -2 -2 -1 -2  1 -2  1  2  0  0 -1 -2  1  0 -3 -2  0 1 0 0 80
-1 -2 -1  1 -2  1 -1 -3 -2  1 -1 -2  0 -2 -2 -1  3 -3 -2  3 1 0 0 25
-1  1 -1  1 -3 -1 -1 -2 -2 -3 -3  1 -2 -4  6  2  1 -4 -3 -2 1 0 0 75
 0 -3 -3 -3 -1 -2 -3 -3 -3  3  2 -2  1 -1 -3 -1  0 -3 -2  3 1 1 1 20
-1 -2 -1 -2 -3 -2 -2  3 -2 -3 -3 -1 -3 -3  6  1 -1 -3 -3 -3 1 1 1 15
 0 -1  0  4 -2  0  0 -2 -2 -2 -3  2 -2 -3 -2  0  3 -4 -3 -2 1 1 0 95
-1  3  0  1 -3  1  0 -2  2 -2 -2  4 -2 -3 -2 -1 -1 -3 -2  0 1 1 1 65
-2 -2 -3 -4 -2 -2 -3 -4 -3  2  4 -3  4  0 -3 -3 -1 -2 -1  2 1 1 1 20
-1 -2 -1 -2 -3 -1 -1  1 -2 -3 -3 -1 -3 -4  7  2 -1 -4 -3 -3 1 1 1 5
 1  2 -1  1 -3  0  0 -2 -1 -3 -3  2 -2 -3  4  1 -1 -3 -2 -2 0 1 1 95
 1 -1  5  0 -3  0 -1 -1  5 -3 -3 -1 -2 -3 -2  0 -1 -4 -1 -3 0 1 1 35
-1 -3 -4 -4 -2 -3 -3 -4 -4  4  2 -3  1 -1 -3 -3 -1 -3 -2  3 1 0 0 0
-1 -3 -3 -3 -2 -3 -3 -4  2  4  1 -3  1 -1 -3 -2 -1 -3 -1  3 1 0 0 45
 1  1  1 -1 -2 -1  0  1 -2 -1 -2  1 -2 -3  4  0 -1 -3 -2  0 1 1 1 55
-2 -2  1  7 -4 -1  1 -2 -2 -4 -4 -1 -4 -4 -2 -1 -2 -5 -4 -4 1 1 1 45
-1 -3 -3 -3  3 -3 -3 -3 -3  3  0 -3  0 -1 -3 -1  1 -3 -2  4 1 1 0 35
-1 -1  0  2  1  0  3 -1 -1 -2 -3  1 -2 -3 -2  0  3 -3 -2 -2 1 1 0 80
 1 -1  1  0 -2  0  1 -1 -1 -2 -2 -1 -2  0 -1  3  2 -3 -1 -1 1 0 0 20
-1 -3 -4 -4 -1 -3 -3 -4 -4  3  0 -3  0 -1 -3 -2 -1 -3 -2  5 1 0 0 0
 0 -3 -2 -2 -3 -2 -2 -2 -3 -3 -3 -2 -3 -4  8  0 -1 -4 -3 -3 1 0 0 10
 0  1  0 -1 -2  1  1 -1  2 -2 -1  0 -1 -2 -2  3  0 -3 -1 -2 0 0 1 50
-1 -2  0  5 -3 -1  0 -2 -2 -3 -3 -1 -2 -3  2  2  2 -4 -3 -2 0 0 1 25
-2 -3 -4 -4 -2 -3 -3 -4 -3  1  5 -3  2  0 -3 -3 -2 -2 -2  0 0 0 1 -5
 4 -2 -2 -2  4 -1 -1 -1 -2 -1 -1 -1 -1 -3 -2  0 -1 -3 -2  1 0 0 1 0
 2  2  3 -1 -2  0 -1 -1 -1 -2 -2  0  1 -3 -2  2  0 -3 -2 -1 0 0 1 60
 0 -3 -3 -4 -1 -2 -3 -3 -3  2  3 -3  1  1 -3 -2 -1 -2 -1  2 0 0 1 10
-2 -3 -4 -4 -2 -3 -3 -4 -3  3  4 -3  2  0 -3 -3 -1 -2 -1  2 0 0 1 10
 3 -1  2  2 -2  0  3 -1 -1 -3 -3  0 -2 -3 -1  0 -1 -3 -2 -2 0 1 1 70
 1 -1  0  1 -2 -1 -1  2 -2 -3 -3  1 -2 -3 -1  3  0 -3 -2 -2 0 1 1 30
 0 -1 -1 -2 -2  1 -1 -2 -2  0  1  1  0 -1 -2  2  0 -3 -2  2 1 1 1 40
-1 -3 -2 -2 -2 -2 -2 -3 -3  1  0 -2 -1 -2  6  0 -1 -3 -2  1 1 1 1 45
 0 -1  3  0 -2  0  1  0 -1 -1 -2  1 -1 -3 -2  1  1 -3 -2  1 1 1 1 35
-1  1 -2 -3 -2 -1 -2 -3 -2  0  2 -1  2  0  3 -2  0 -1  2  0 1 1 1 20
-1 -1 -1  1 -4  1  6 -3 -1 -4 -4  0 -3 -4 -2 -1 -1 -4 -3 -3 1 1 1 95
