 3 -2 -2 -2 -2 -1 -1 -1 -2 -2 -2 -1 -2 -3  5  1  0 -3 -3 -1 1 1 1 90
 1 -1  0  1 -2  0  2 -1 -1 -3 -3 -1 -2 -3 -1  3  2 -3 -2 -2 1 1 1 50
-2 -5 -4 -5 10 -4 -5 -4 -4 -2 -3 -4 -3 -4 -4 -2 -2 -4 -4 -2 1 1 1 5
-3 -2 -4 -4 -4 -2 -3 -3 -3 -3 -2  2 -2  4 -4 -3 -3 10  1 -3 1 1 0 30
 3 -2 -1 -2 -2 -1 -1 -1 -2 -2 -2 -1 -2  2 -2  4  0 -2 -1 -2 0 0 0 -5
-1  0  0  0 -3  2  4 -3 -1 -1 -3  2 -2 -3 -2  0  2 -3 -3 -1 1 0 0 55
 3  1  0  0 -2  0  0 -1 -2 -3 -3  2 -2 -3  0  2  0 -3 -2 -2 0 0 1 80
-2 -2 -3 -3 -3  4 -1 -4 -2  0  4 -2  1  1 -3 -2 -2 -2  0 -1 0 1 1 60
-1 -3 -1 -2 -4 -3 -3  7 -3 -5 -5 -3 -4 -4 -3 -1 -3 -4 -4 -4 0 1 1 70
-3 -3 -4 -5 -4 -3 -3 -4  0 -3 -2 -3 -2  3 -4 -3 -3  3  9 -3 1 1 1 45
-1 -1  0 -1 -4  1  1 -3 -2 -4 -4  3 -3 -4  6  0 -1 -4 -3 -3 1 0 0 50
-2 -5 -4 -5 11 -5 -5 -4 -5 -3 -3 -5 -3 -4 -4 -2 -2 -4 -4 -2 1 0 0 20
-2 -5 -4 -5 11 -5 -5 -4 -5 -3 -3 -5 -3 -4 -4 -2 -2 -4 -4 -2 1 1 1 0
 0  0  1 -1 -2  0  0 -1 -1 -2 -2  1 -2 -3 -1  4  1 -3 -2 -2 1 1 0 55
 0  0  2  2 -1  1  1 -1  2 -1 -1  0 -1 -1  1  1  0 -1 -1 -1 1 1 0 55
 0 -1 -1 -1  3 -1 -1  1 -1 -1 -1 -1 -1 -1  3  0  0 -1 -1  0 0 0 0 5
 1 -1  3  1 -2 -1 -1  0 -1 -2 -2  0 -2 -2 -1  3  1 -2 -1 -1 0 0 0 50
-1 -2  4  0  4 -1 -1  1 -1 -3 -3 -1 -2 -3 -2  2  2 -3  0 -2 0 0 0 75
 1 -1  1 -2  5 -1 -2  0 -2 -1 -1 -1 -1 -2 -2  1  2 -3 -2  0 1 1 1 10
 0  1  0  2 -2  1  2 -2 -1 -2 -2  1 -2 -3  2  0  1 -3 -2 -1 1 1 1 80
-1 -3 -4 -4 -2 -3 -3 -4 -4  3  0 -3  0 -2 -3 -2 -1 -3 -2  5 1 0 0 25
 0 -2 -3 -3 -2 -2  0 -3 -1  1  0 -2  0  1 -3 -1 -1  3  5  2 1 0 0 55
-2 -3 -3 -1 -3 -3 -3 -4  0 -2 -1 -3 -2  2 -4 -2 -2  1  8  0 1 0 0 40
 0 -1  0 -2 -2  0 -1 -2  0 -1 -2 -1 -1 -3 -2  1  5 -3 -2  1 1 0 0 60
-3 -3  0  7 -5 -1  0 -3 -2 -4 -5 -2 -4 -5 -3 -1 -2 -6 -4 -5 1 0 0 55
 0 -1  3  3 -3  1  3  0 -1 -4 -4  0 -3 -4 -2  0 -1 -4 -3 -3 0 1 1 95
-1 -2  2  5 -3 -1  0 -2 -2 -4 -4 -1 -3 -3 -2  3  0 -4 -1 -3 0 1 1 25
-1 -4 -1 -2 -4 -3 -3  7 -3 -5 -5 -3 -4 -4 -3 -1 -3 -4 -4 -4 1 0 0 30
-1  0  3  4 -4  2  1 -2 -1 -4 -4  3 -2 -4 -2  0 -1 -4 -3 -3 1 0 0 40
-4 -4 -6 -6 -4 -4 -5 -4 -4 -4 -3 -5 -3 -1 -6 -5 -4 12  1 -5 1 0 0 0
-1 -3 -1 -1 -3 -3 -3  6 -3 -5 -5 -2 -4 -4 -3  1 -2 -4 -4 -4 1 0 0 -5
-1 -4 -4 -4 -2 -3 -3 -4 -4  3  0 -3  0  1 -3 -3 -1 -3 -1  5 1 0 0 40
-2 -1 -1  0 -5  2  6 -3 -1 -4 -4  1 -3 -4 -2 -1 -2 -4 -3 -2 1 0 0 25
-3 -2  7  1 -4 -1 -1 -2 -1 -4 -5 -1 -3 -4 -3  0  0 -5 -3 -4 0 1 1 85
-1 -2  4  1 -3  0 -1  5  0 -4 -4 -1 -3 -4 -3  0 -2 -4 -3 -4 0 1 1 80
-2 -1  4  4 -4  2  2 -2 -1 -4 -4  0 -3 -4 -2  0  0 -4 -3 -3 1 0 0 45
-4 -4 -5 -6 -4 -4 -5 -2 -4 -4 -3 -5 -3 -1 -5 -4 -4 12  1 -5 1 0 0 40
-2 -5 -4 -5 11 -5 -5 -4 -5 -3 -3 -5 -3 -4 -4 -2 -2 -4 -4 -2 1 0 0 0
-1 -3 -2 -2 -4 -3 -3  7 -3 -4 -3 -3 -3 -4 -3 -1 -3 -4 -4 -4 1 0 0 -5
-2 -4 -4 -4 -2 -3 -4 -5 -4  6  2 -4  2 -1 -4 -3 -2 -3 -2  2 1 0 0 5
 0  1  0  1 -3  1  0  0 -1 -3 -3  2 -2 -4  4  0  0 -4 -3 -2 1 1 1 10
-1 -1  2  2 -2 -1  1  0 -1 -2 -2  0 -2 -2 -2  2  2 -2  1 -1 1 0 0 50
 1 -1  2  0 -2 -1  0 -1 -1 -2 -3  0 -2  0 -2  4  1 -3 -2 -1 1 0 0 45
-1 -3 -1 -3  9 -1 -3 -3 -3 -3 -3 -3 -2 -3  3 -1 -2 -3  1 -2 0 1 1 15
 2 -2  1 -1 -2  1 -1  4 -2 -3 -3 -1 -2 -3 -2  0 -1 -3 -3 -2 1 1 1 50
-1  1  0  0 -3  5  3 -2  0 -3 -3  1 -1 -3 -1  0 -1 -2 -2 -2 1 1 1 55
