-1 -1 -2 -3 -1  0 -2 -2 -1  1  2 -1  5  0 -2 -1 -1 -1 -1  1 1 1 1 90
 2 -2  0 -1 -1 -1 -1  4 -2 -3 -3 -1 -2 -3 -1  2  0 -3 -2 -2 1 1 1 35
-1  4  0 -1 -3  1  0 -2 -1 -3 -2  4 -1 -3 -1  0 -1 -3 -2 -2 1 1 1 50
-2 -2 -3 -4 -1 -2 -3 -4 -3  1  4 -3  2  0 -3 -3 -1 -2 -1  1 1 1 1 85
-1 -2 -2 -2 -3 -1 -1 -2 -2 -3 -3 -1 -3 -4  7 -1 -1 -4 -3 -2 1 1 1 25
-1  0  0  3 -4  1  5 -2  0 -3 -3  0 -2 -3 -1  0 -1 -3 -2 -3 1 1 1 65
 0 -1  0 -1 -1 -1 -1 -1 -2 -1 -2 -1 -1 -3  4  2  4 -3 -2 -1 1 1 1 45
-1 -2 -2 -2 -3 -1 -1 -2 -2 -3 -3 -1 -3 -4  7 -1 -1 -4 -3 -2 1 1 1 15
-1  2  0 -1 -3  1  1 -2 -1 -3 -3  5 -1 -3 -1  0 -1 -3 -2 -2 1 1 1 50
 0  1  1 -1 -1  0 -1 -2 -1 -1 -1  0 -1 -2 -1  1  4 -3 -2  0 0 0 1 45
 4 -2 -2 -2 -1 -1 -1  0 -2 -1 -2 -1 -1 -2  1  1  0 -3 -2  0 0 0 1 5
 0  0  0  1 -3  3  4 -2  0 -3 -3  1 -1 -3 -1  0 -1 -3 -2 -2 0 0 1 40
-1  0  0  3 -4  2  5 -2  0 -3 -3  1 -2 -3 -1  0 -1 -3 -2 -3 0 0 1 20
-1 -2 -3 -3 -1 -2 -3 -3 -3  3  2 -2  4  0 -3 -2 -1 -2 -1  2 0 0 1 10
-3 -3 -4 -4 -2 -2 -3 -3 -3 -3 -2 -3 -2  1 -4 -3 -3 11  2 -3 0 0 1 15
-1  1  0  0 -3  6  2 -2  0 -3 -2  1 -1 -3 -1  0 -1 -2 -2 -2 0 0 1 20
-1  1  0 -1 -3  5  1 -2  4 -3 -2  1 -1 -3 -2  0 -1 -2  0 -2 0 0 1 55
 1 -1  0  0 -1  0  0  1 -1 -3 -3  0 -2 -3 -1  4  1 -3 -2 -2 0 0 1 60
 0 -3 -3 -3 -1 -2 -3 -3 -3  3  1 -2  1 -1 -2 -2  0 -3 -1  4 0 0 1 15
-1 -3 -3 -3 -1 -3 -3 -4 -3  4  1 -3  2  0 -3 -2 -1 -3 -1  3 0 0 1 15
 0 -2 -1 -1 -3 -2 -2  6 -2 -4 -4 -2 -3 -3 -2  0 -2 -3 -3 -3 0 0 1 55
-2 -2  1  6 -4  0  1 -1 -1 -3 -4 -1 -3 -4 -2  0 -1 -4 -3 -3 0 0 1 65
-2 -2 -2 -3 -3 -2 -2 -3  2 -1 -1 -2 -1  3 -3 -2 -2  2  7 -1 0 0 1 15
-2 -2 -3 -4 -1 -2 -3 -4 -3  1  4 -2  2  0 -3 -2 -1 -2 -1  1 0 0 1 25
 4 -2 -2 -2  0 -1 -1  0 -2 -1 -2 -1 -1 -2 -1  1  0 -3 -2  0 0 0 1 60
-1  5  0 -1 -3  1  0 -2  0 -3 -2  3 -1 -3 -2 -1 -1 -3 -2 -2 0 0 1 60
-2 -2 -3 -3 -2 -2 -3 -3  0 -1  0 -3  0  5 -3 -2 -2  1  5 -1 0 1 1 55
-1  4  0 -1 -3  1  0 -2 -1 -3 -2  4 -1 -3 -1  0 -1 -3 -2 -2 0 1 1 80
 0 -1  4  1 -2  0  0  0  0 -3 -3  0 -2 -3 -1  3  1 -3 -2 -2 1 1 0 70
-2 -2  1  6 -4  0  1 -1 -1 -3 -4 -1 -3 -4 -2  0 -1 -4 -3 -3 1 1 1 20
-2  6 -1 -2 -4  1  0 -2  0 -3 -2  2 -1 -3 -2 -1 -1 -3 -2 -3 0 0 1 55
 0  2 -1 -2 -2  0 -1  0 -1  0 -1  1 -1 -2  2  0 -1 -3 -2  1 0 0 1 80
-1  2  0 -1 -3  1  1 -2 -1 -3 -3  5 -1 -3 -1  0 -1 -3 -2 -2 0 0 1 60
 4 -1 -1 -2 -1 -1 -1  0 -2 -1 -2 -1 -1 -2 -1  1  1 -3 -2  0 0 0 1 0
-1  0 -1 -1 -2  4  1 -2  0 -1  2  0  1 -1 -2 -1 -1 -2 -1 -1 0 0 1 35
 1  1  1 -1 -2  1  0 -1 -1 -1 -2  4 -1 -3 -1  1  0 -3 -2  0 0 0 1 50
 3 -2 -1 -2  4 -1 -1  1 -2 -2 -2 -1 -1 -2 -1  1  0 -3 -2 -1 0 0 1 20
-1 -2 -2 -3 -2 -1 -2 -3 -2  1  2 -2  6  0 -3 -2 -1 -2 -1  1 0 0 1 0
-1  0  0  3 -4  2  5 -2  0 -3 -3  1 -2 -3 -1  0 -1 -3 -2 -3 0 0 1 40
 3 -1 -1 -2 -1 -1 -1 -1 -2 -1 -1 -1  1 -2 -1  1  1 -2 -2  0 0 0 1 60
 2 -1 -1 -1 -1 -1 -1 -1 -2 -1 -1 -1 -1 -2 -1  1  4 -3 -2  0 0 0 1 35
-3 -3 -4 -4 -2 -2 -3 -3 -3 -3 -2 -3 -2  1 -4 -3 -3 11  2 -3 0 0 1 10
-1  0  3  0 -2  0  0 -1  0 -2 -1  2 -1 -2 -2  1  0 -3 -2 -2 0 0 1 55
 1 -1  4  0 -1  0  0 -1  0 -2 -2  0 -2 -3 -1  2  2 -3 -2 -1 0 1 1 80
-1 -2 -2 -3 -2 -1 -2 -3 -2  1  2 -1  6  0 -3 -2 -1 -2 -1  1 0 1 1 25
-1  0  0  1 -4  2  5 -2  0 -3 -3  1 -2 -3 -1  0 -1 -3 -2 -3 0 0 0 60
-1  2  0 -1 -3  1  1 -1 -1 -2 -2  5 -1 -3 -1  0 -1 -3 -2 -2 0 0 0 70
-1  2  0 -1 -2  1  1 -1 -1 -2 -2  4 -1 -2 -1  0  0 -2 -1 -2 0 0 0 65
-1  0  0  1 -3  2  4 -2  0 -2 -2  1 -2 -2 -1  0 -1 -2 -2 -2 0 0 1 25
-1  2  0 -1 -2  1  1 -1 -1 -2 -2  4 -1 -2 -1  0  0 -2 -1 -2 0 0 1 15
-1 -2 -2 -2 -1 -2 -2 -2 -2  3  2 -2  1  0 -2 -2 -1 -2 -1  2 0 0 1 50
-1 -2 -2 -3 -2 -1 -2 -3 -2  1  1 -1  4 -1  4 -1 -1 -2 -1  1 0 0 1 55
-3 -3 -4 -4 -2 -2 -3 -3 -2 -3 -2 -3 -1  1 -4 -3 -2 11  2 -3 0 0 1 5
-1 -3 -3 -3 -1 -3 -3 -4 -3  4  2 -3  1  0 -3 -2 -1 -3 -1  3 0 0 1 35
-1  2  0 -1 -3  1  1 -2 -1 -3 -2  5 -1 -3 -1  0 -1 -3 -2 -2 0 0 1 65
-1  2  0 -1 -3  1  1 -2 -1 -3 -2  5 -1 -3 -1  0 -1 -3 -2 -2 0 0 1 55
 4 -1 -2 -2  0 -1 -1  0 -2 -1 -1 -1 -1 -2 -1  1  0 -3 -2  0 0 0 1 5
 4 -2 -2 -2 -1 -1 -1  0 -2 -2 -2 -1 -1 -2 -1  1  0 -3 -2  0 0 0 1 25
-1  0 -1  1 -4  2  5 -2  0 -4 -3  1 -2 -4 -1  0 -1 -3 -2 -3 0 0 1 60
-2 -2  1  6 -4 -1  1 -2 -1 -3 -4 -1 -3 -4 -2 -1 -1 -5 -3 -3 0 0 1 40
-1  1  0 -1 -3  6  2 -2  0 -3 -2  1 -1 -4 -2  0 -1 -2 -2 -3 0 0 1 15
-1  2  0 -1 -3  1  1 -2 -1 -3 -3  5 -2 -3 -1  0 -1 -3 -2 -3 0 0 1 55
-2  6 -1 -2 -4  1  0 -3 -1 -3 -2  2 -2 -3 -2 -1 -1 -3 -2 -3 0 0 1 60
-2 -2 -2 -3 -3 -2 -2 -3  1 -2 -1 -2 -1  3 -3 -2 -2  2  7 -2 0 0 1 20
-1  0  0  2 -4  2  5 -2  0 -3 -3  0 -2 -4 -1  0 -1 -3 -2 -3 0 0 1 40
-1  6 -1 -2 -3  1  0 -2  0 -3 -2  2 -1 -3 -2 -1 -1 -2 -2 -2 0 0 1 60
-1  0  0  2 -3  1  5 -2  0 -3 -3  0 -2 -3 -1  0 -1 -3 -2 -2 0 0 1 30
-1 -2 -3 -3 -1 -2 -2 -3 -2  1  4 -2  2  0 -2 -2 -1 -2 -1  1 0 0 1 40
 0 -2 -1 -2  4 -1 -2 -2 -2  1  2 -2  0 -1 -2  2  0 -2 -2  1 0 0 1 55
-1 -1  0  3 -4  1  5  1 -1 -3 -3  0 -2 -3 -1  0 -1 -3 -2 -3 0 0 1 55
-1 -2 -2 -3 -2 -1 -2 -3 -2  1  2 -2  7  0 -3 -2  0 -2 -1  0 0 0 1 75
-1  6 -1 -2 -4  1 -1  1 -1 -3 -3  2 -2 -3 -2 -1 -1 -3 -2 -3 1 1 0 75
 2 -1  0 -1 -1 -1 -1 -1 -2 -1  0 -1 -1 -2 -1  3  3 -3 -2 -1 1 1 1 5
 1 -2 -2 -2 -2 -2 -2  1 -2 -1 -1 -1 -1 -3  6 -1 -1 -3 -3  0 1 1 1 65
 1 -2 -2 -2 -2  0 -1 -2 -2 -1 -1 -1 -1 -3  6  0 -1 -3 -2 -1 1 1 1 45
 2 -2 -1 -2  1 -1 -1 -1 -2 -1 -2 -1 -1 -3  4  2  1 -3 -2 -1 1 1 1 35
 2 -1 -1 -1 -1 -1 -1  2  2 -1 -2 -1 -1 -2  1  1  1 -3 -1  0 1 1 1 35
 1 -1 -1 -1 -1  2  0 -1 -1  0 -1  0 -1  0  1  1  3 -2 -1  0 1 1 1 60
 1  1  2 -1 -2 -1 -1  1 -1 -1  0  0 -1 -2  1  1  2 -3 -2 -1 1 1 1 80
 2  0  0 -1 -2  2  0 -1 -1 -2 -2  2 -1 -3  1  2  0 -3 -2 -2 0 1 1 65
 1  2 -1 -1 -2 -1 -1  3 -1 -3 -3  0 -2 -3  2  1  0 -3 -2 -2 0 1 1 30
-1  3  0 -1 -3  1  0 -2 -1 -3 -3  5 -2 -3 -1 -1 -1 -3 -2 -3 1 1 0 45
-1  2  0 -1 -3  1  1 -2 -1 -3 -3  5 -1 -3 -1  0 -1 -3 -2 -2 1 1 1 65
-1 -2 -3 -3 -1 -1 -2 -3 -2  1  3 -2  5  0 -3 -2 -1 -2 -1  1 1 1 1 85
-1  2  0 -1 -3  1  1 -2 -1 -3 -3  4 -2 -3  2  0 -1 -3 -2 -2 1 0 0 50
-2 -3 -3 -3 -3 -3 -3 -3  2  0  0 -3  0  6 -4 -2 -2  1  3 -1 1 0 0 25
-1  0  0  1 -3  4  4 -2  3 -3 -3  1 -1 -3 -1  0 -1 -2 -1 -2 1 0 0 40
-2  0  1 -1 -3  0  0 -2  7 -3 -3 -1 -1 -1 -2 -1 -2 -2  2 -3 1 0 0 40
-2  0  1 -1 -3  0  0 -2  7 -3 -3 -1 -1 -1 -2 -1 -2 -2  2 -3 1 1 1 50
-2  0  1 -1 -3  0  0 -2  7 -3 -3 -1 -1 -1 -2 -1 -2 -2  2 -3 1 1 1 60
-2  0  1 -1 -3  0  0 -2  7 -3 -3 -1 -1 -1 -2 -1 -2 -2  2 -3 1 1 1 90
