-1  0  1  3 -3  4  1 -1 -1 -3 -3  1 -2 -3 -2  2  0 -3 -2 -3 1 1 1 70
 2 -2  0 -2  4 -2 -2 -2 -3  0 -1 -2 -1 -2 -2  1  3 -3 -2  2 1 1 1 95
-2 -1  1  5 -4  1  3 -3  4 -4 -4  0 -3 -4  1 -1 -2 -4 -2 -4 1 1 0 90
-1  0 -1  1  1  2  4 -3  0 -3 -2  2 -2 -4  2  0  0 -4 -3 -3 1 1 0 55
 0 -1  0 -2 -3  1 -2 -3 -1 -1 -2  0  0 -4  6 -1  1 -4 -3 -2 1 1 0 25
-1 -2 -1  5 -4 -1  0  1 -3 -2 -3 -1 -3 -4  2  2  0 -4 -2 -3 1 1 1 55
-2 -2  1  4 -4 -1  3 -3  2 -3 -3 -1 -3 -4  2  0  1 -5 -3 -1 1 1 0 70
-1  4 -2  0 -4  0  3 -2 -1  0 -3 -1  0 -4 -2 -1  2 -4 -1 -1 1 1 1 40
-3  6 -3 -3 -5  2 -1 -4 -1 -4 -3  4  0 -5 -4 -2 -2 -5 -3  0 1 0 0 60
-1  3 -2  0 -4  1  0  3 -2 -3 -3  3  3 -4 -3  1 -2 -4 -4 -3 1 0 0 30
-2  0  1  1 -4  1  4 -3 -2 -4 -1 -1 -3  1  1  2 -2 -4  0 -3 1 0 0 35
-4 -6 -6 -7 11 -2 -6 -6 -5 -3 -3 -6 -4  2 -3 -4 -4 -5  1 -4 1 0 0 0
-5 -5 -5 -6  7 -5 -6 -6 -2 -4 -4 -5 -4  4 -6 -5 -5  2  8 -4 1 0 0 -5
-1  1 -2 -3 -3 -1 -1 -2 -1 -2  2 -2  0  4 -4  0 -1 -1  5 -2 1 1 0 25
-1 -1  4  3 -4 -1  2  0  2 -2 -1  0 -3 -4 -3  0  1 -4 -3 -2 1 1 0 50
-2  0 -2 -1 -3  1 -2 -3  2  1  2 -1  0  1 -2 -1  1  0 -1  2 1 0 1 35
 0 -1  3  2 -3 -1  0 -1  1 -2 -1 -1 -2  2 -2  1  0  0  0 -2 1 1 1 -5
-1 -1  0  4 -4  1  3  3 -2 -4 -5 -2 -4 -5 -2  0 -2 -5 -4 -3 0 1 1 60
 1  1  1  0 -3  1  1  2  0 -3 -3  0 -2 -4  1  1  1 -4 -3 -2 0 1 1 40
-1  0  2  1 -3 -2 -1  2 -1 -1 -1 -2  1 -2  2  0 -1 -3  0 -1 0 1 1 60
 0 -1 -2 -2  2  2  0 -2 -1 -1  0  1 -1  2  1  1  0 -2 -1  0 0 1 1 45
-4 -7 -6 -7 11 -2 -7 -6  0 -5 -5 -6 -5 -6 -6 -4 -4 -6 -6 -4 1 1 1 20
-1 -2  0  3 -3  1  1 -2 -1 -1 -1 -2  1 -4 -3  4  2 -4 -3 -3 1 0 1 40
 0  0  4  0 -3  1 -1 -2  2 -2 -2  0 -1 -1 -3  2  0 -4 -2  0 1 1 1 30
 0 -3 -2 -1 -3 -1  2 -4 -3  1  0 -2 -2 -3  5 -1 -2 -5 -3  2 1 1 0 65
-3 -1 -2 -4 -3 -1 -3 -5 -4  3  4  0  2 -2 -4 -1  0 -4 -3  1 1 1 0 95
 3 -3 -1 -2 -3 -3 -3  4 -3 -3 -2 -2 -3 -4  1  1 -1 -4 -4 -2 1 1 1 20
-1  3 -1 -1 -3  0 -1  0 -1 -1 -1  0 -1  1  0  1  1 -1 -2  1 1 1 1 45
-2 -1  7  0 -4  0 -2  2  1 -5 -5 -1 -2 -4 -2  1 -2 -5 -1 -5 1 0 0 55
-1 -4 -3 -4 -3 -3 -3 -3 -2  2  0 -3  1 -1 -4  0  3 -4 -1  5 1 0 0 25
-1  0 -2 -3 -3 -3 -3 -4 -4 -2 -4 -3 -3 -4 -2  2  7 -4  0 -2 1 0 0 25
-3  3 -2 -3 -5  3 -1 -4  0 -4 -2  5  1 -4 -3 -2 -3  3 -1 -4 0 0 1 5
 3 -1 -2  0 -3  4  1 -1 -1 -4 -4 -1 -2 -4 -3  2  0 -4 -3 -2 0 0 1 15
-1  0 -2 -1 -4  0  5 -4 -2 -1 -2  0  1 -4 -2  1  0 -4 -1 -1 0 0 1 35
-4 -7 -6 -7 12 -6 -7 -6 -6 -4 -4 -6 -5 -6 -6 -4 -4 -6 -6 -4 0 0 1 0
-4 -7 -6 -7 12 -6 -7 -6 -6 -4 -4 -6 -5 -6 -6 -4 -4 -6 -6 -4 0 0 1 -5
-3 -7 -6 -7 11 -6 -7 -6 -6 -4 -4 -6 -5 -6 -6 -2 -4 -6 -6 -4 0 0 1 0
-1 -3  1  1 -1 -2 -2 -2 -2 -3 -3 -2 -3 -4 -3  4  5 -5 -4 -3 0 1 1 -5
-1 -1 -3 -3 -3  2  0 -1 -2  2  2 -1  1 -1 -3 -2 -2 -3 -1  3 1 1 1 25
-2 -2 -3 -4 -5 -4 -4  7 -4 -6 -6 -2 -5 -6 -5 -3 -4 -5 -6 -6 1 1 1 20
 3  2 -1 -2 -3  1  2 -2 -2 -3 -2  2 -2 -4 -3 -1  0  3 -3  0 1 1 0 10
 4 -1 -2 -2 -3 -3 -3  5 -4 -5 -5 -3 -4 -5 -3  0 -3 -4 -4 -4 1 0 0 -5
-6 -6 -7 -8 -6 -5 -6 -6 -6 -6 -5 -7 -5  0 -7 -6 -6 13 -1 -6 1 0 0 -5
-2 -4  0 -3 -5 -4 -4  7 -4 -6 -6 -4 -5 -5 -4 -1 -3 -5 -5 -5 1 0 0 -5
-1 -1  3  5 -4 -1  0 -1 -1 -3 -2  0 -1 -4  2  1 -1 -5 -3 -3 1 0 0 35
 0  0  2  0 -4  2 -1  1  3 -4 -3 -1 -1 -4  4 -1  0 -4 -2 -3 0 1 1 50
-4 -7 -6 -7 12 -6 -7 -6 -6 -4 -4 -6 -5 -6 -6 -4 -4 -6 -6 -4 0 1 1 15
-2  0  0  2 -5  1  6 -4 -2 -5 -5  0 -4 -5 -3 -2 -3 -5 -4 -4 1 0 0 50
-2 -2 -2 -3 -2 -2 -2 -3 -2  3  3 -2  0  1 -2 -2 -1 -2  1  1 1 0 0 -5
 0  0  0  0 -1  1  0 -1  2 -1  0  0  0  1  0  0  0  1  2 -1 1 0 0 45
 0  0 -1 -1 -2  1  0 -1 -1 -1 -1  0 -1 -2  5  0  0 -2 -1 -1 1 0 0 55
-4 -7 -6 -7 12 -6 -7 -6 -6 -4 -4 -6 -5 -6 -6 -4 -4 -6 -6 -4 1 1 1 0
-4 -5 -5 -4 -6 -4 -4 -5 -5 -6 -6 -4 -6 -7  9 -4 -4 -7 -6 -5 1 1 1 15
 0 -1 -2 -1 -2  1  0 -2 -2  0  1  0  1  1  1  1  0 -2  0  1 1 1 1 50
 0 -2 -1 -1 -3  1  2 -2 -1 -1 -1 -1 -2  0  4  0  0 -3  0  0 0 1 1 55
-2 -2  3  2 -4 -1  0  5  1 -5 -5 -2 -4 -4 -2  0 -2 -4 -3 -3 0 1 1 90
-2 -2 -1  0 -3 -2 -2 -3 -3 -3 -4 -2 -3 -4 -3  4  5 -5 -4 -3 1 1 0 35
 3 -1 -2  0 -2 -1  0 -1 -3 -1 -2  0 -1 -3  0  1  2 -4 -3  1 0 0 1 65
 2 -2 -1  1 -4  3  5 -2 -1 -4 -4 -1 -3 -4 -2 -1 -1 -4 -3 -3 0 0 1 25
-4 -4 -4 -5 -5 -4 -5 -5  2 -3 -2 -4 -3  7 -5 -4 -4 -1  7 -3 0 0 1 5
-1  2  2  0 -3  2  1 -2  1 -3 -2  3 -2 -3 -2  1  0 -4 -2 -2 0 0 1 45
-1  0 -1  0 -3  2  3 -3 -2 -2 -2  2 -2 -3 -2  0  2  0 -1 -2 0 0 1 55
-3 -4 -5 -5 -3 -4 -5 -5 -4  3  5 -4  4  0 -5 -4 -2 -3  0  0 0 0 1 5
-4 -7 -6 -7 11 -6 -7 -6 -6 -4 -4 -6 -5 -1 -6 -4 -4 -5 -5 -4 1 1 1 0
-3 -5 -5 -4 -6 -4 -4 -2 -5 -6 -4 -4 -5 -6  9 -4 -4 -7 -6 -5 0 1 1 80
 0  0  1  0 -3 -1 -1  3  5 -2 -2 -1 -2  0 -3  1 -2 -3  0 -2 0 1 1 80
-2 -5 -3 -4 -5 -4 -5  7 -5 -6 -3 -4 -5 -6 -5 -3 -4 -5 -6 -6 1 1 1 35
-1  2 -1 -2 -4  1  1 -3  2 -3 -2  3 -1 -4  4  0 -1 -4 -3 -2 0 1 1 55
-2 -5 -3 -4 -5 -4 -5  7 -5 -7 -6 -4 -5 -6 -5 -3 -4 -5 -6 -6 0 1 1 25
-1 -4 -5 -5 -4 -4 -5 -5 -1 -1 -1 -3 -1  6 -5 -4 -4 -1  7 -3 1 0 0 65
 0  2 -3 -3 -2 -1 -2 -3 -3  3  1 -1  0 -2 -3 -1  2 -4 -2  2 1 0 0 15
-2 -4 -1 -3 -4 -3 -3 -4 -4 -1 -4 -3 -1 -4  7 -2  3 -5 -2 -2 1 0 0 70
-1 -1  4  2 -3 -1  0  1 -2 -2 -2 -1 -2 -3 -3  1  0 -4 -3  0 1 1 0 65
-1 -3 -2 -2 -4 -1  1  6 -3 -5 -5 -2 -4 -5  1 -1 -3 -4 -4 -4 1 1 1 15
-2  4  0  5 -5  2  3 -3  0 -4 -4  0 -3 -4 -3 -1 -2 -4 -3 -4 1 1 1 85
