-3 -4 -5 -5 -3 -3 -4 -5 -4  2  2 -4  7  3 -5 -4 -3 -3 -2  2 1 1 1 70
 3 -3 -2 -3 -3 -3 -2  1 -4 -3 -4 -2 -3 -2 -3  4  1 -5 -4 -1 1 1 1 50
 3 -2 -1  1 -3  0  0 -1 -3 -4 -4 -1 -3 -4  1  3  1 -5 -4 -3 1 1 1 45
 3 -2  0 -2 -3  0 -1 -2 -3 -2 -4  1 -3 -5  3  2  2 -5 -4 -2 1 1 1 45
 0 -1  0  0 -3  2  2 -1 -2 -3 -3  3 -2 -3  1  1  1 -4 -3 -2 1 1 1 65
-1 -2  1  4 -4 -1  2  1 -1 -4 -4  0 -4 -5  2  1  1 -5 -2 -4 1 1 1 60
 0 -1  1  1 -4 -1  1 -2  0 -3 -3  1 -2 -4  1  2  3 -5 -4 -2 1 1 1 55
 0 -1  1  1 -3  0  2  0  3 -3 -2  0 -3 -3  0  2  0 -4 -3 -1 1 1 1 60
 0 -1  1  2 -4  1  4  0 -1 -4 -4  2 -4 -3 -1  1 -1 -5 -4 -3 1 1 1 60
-1 -2  2  4 -2 -1  3 -1 -1 -4 -4  1 -4 -4  1  0  1 -5 -4 -2 1 1 1 60
 1 -1  1  2 -3  1  2  0  2 -3 -3  1 -2 -2  0  1  1 -4 -3 -2 0 1 1 60
 1 -1  1  4 -4  0  3 -1 -1 -4 -4  1 -2 -4 -1  0 -1 -5 -4 -3 1 1 1 60
 0 -3  1  1 -4  0  2  2 -3 -3 -4  0 -2 -5  0  1  3 -5 -3 -2 1 1 1 60
 1 -2  1  2 -3  0  2  0 -1 -3 -3  0 -2 -3  0  2  2 -4 -3 -2 1 1 1 55
 1 -1  0  2 -1  0  2  0 -2 -2 -2  0 -3 -3  0  1  2 -4 -2 -1 1 1 1 60
-1 -2  0  2 -5 -1  5  0 -1 -2 -3  0 -4 -4  1  0 -1 -5 -3 -2 0 1 1 60
 1 -1  3  3 -3  0  1  0  0 -3 -3  0 -3 -3 -1  1  0 -4 -2 -1 1 1 1 55
 1 -2  0  1 -2  0  1  1 -2 -2 -2  0 -2 -2 -1  1  1 -4 -2  1 1 1 1 50
 0 -2  0  4 -3  0  3  0 -2 -4 -3 -1 -3 -4  1  1 -1 -5 -3 -1 1 1 1 55
-2 -1  0  3 -6 -1  5  0  0 -5 -5  0 -5 -4  0  0 -3 -6 -5 -3 0 1 1 60
 0 -2  0  2 -3  0  4 -1  0 -3 -3 -1 -2 -2  0  1  0 -4 -1 -2 1 1 1 55
-1 -1  2  3 -4 -1  3  1 -2 -4 -4 -1 -4 -3 -1  1  0 -3 -3 -2 1 1 1 40
 1 -1  0  1  0  0  1  0  2 -3 -3 -1 -3 -3  3  0  1 -2  0 -1 1 1 1 95
-1 -1  1  5 -4  0  2  1 -2 -3 -4  0 -2 -5 -2 -1  0 -5 -4 -3 1 1 0 45
 2 -2 -2 -1 -3  0  0  1 -3  1 -2 -1 -2 -3  4  0 -1 -4 -3  1 1 1 1 0
-2  0 -1  2 -4  3  2 -2  6 -4 -2 -1 -3 -3  0  0  0 -1  1 -4 1 1 1 70
-2 -2 -2 -2 -4 -2  1 -1 -3 -1 -2  1 -2  6 -1 -1 -1 -1  1  0 1 1 1 15
 1 -1 -2  0 -4  1  4 -2  2 -3 -3  3 -3 -3 -2  0  0 -4 -3 -2 1 1 1 90
 0 -3 -2 -2 -4 -1 -1 -2 -2 -4 -3 -2 -4 -3  7 -1 -1 -4 -4 -3 1 1 1 50
-1 -2 -2 -2 -2  1 -2 -3 -2  3  0  0  0 -2 -1  0  0 -3 -2  3 1 1 0 45
 0 -1 -1 -2 -1 -1  0 -3 -2  3  0 -2 -1 -2  0 -2  0 -3 -2  4 1 1 1 30
-1  0  1  1 -2  2  1 -2  0 -3 -2  3 -1 -3  1  2  0 -3 -3 -3 1 1 1 85
-1 -3 -4 -3 -3 -2 -2 -4 -4  0  5 -2  2  1 -3 -3 -2 -3 -2  0 1 1 1 20
-1 -2 -1  0 -4  1  2 -3 -1 -3 -3  0 -2 -3  5  0  1 -4 -3 -2 1 1 1 70
-1 -1 -2  1 -4  1  4 -3 -2 -3 -2  3 -3 -4  1  0 -1 -4 -4 -2 1 1 1 60
-2 -2 -2 -3 -3  3 -1 -1 -4  2 -1  0 -1 -3 -1 -2  0 -4 -3  4 1 1 1 45
 0 -2 -1  3 -5  1  5 -3  0 -3 -4  0 -4 -5  0  0 -2 -5 -4 -1 1 1 1 90
-2 -2 -2 -3 -3 -1 -3 -2 -2  3  1 -2  0 -1 -3 -1  0 -4 -2  5 1 1 1 25
-1  0 -1 -1 -3  0  0 -1 -2  0 -2  4 -2 -1 -1  0  1 -4 -3  1 1 1 1 60
 0 -2  0 -1 -4 -1 -1 -4 -2 -3 -4 -1 -1 -5  0  2  6 -5 -4 -3 1 1 1 20
-2 -4  1 -1 -2 -3 -2  6 -2 -4 -1 -3 -1 -4 -3 -2 -3 -5 -5 -2 1 1 0 45
-4 -4 -2 -1 -6 -2  7 -4 -4 -6 -6 -1 -5 -6 -5 -3 -4 -6 -5 -3 1 1 1 5
-3 -4 -4 -1 -7 -1  7 -4 -4 -6 -6 -1 -5 -6 -3 -2 -3 -6 -6 -5 0 1 1 35
-1 -3  4  5 -3 -1  2  1 -1 -5 -4 -1 -3 -6 -4 -1 -2 -6 -3 -4 1 1 1 55
-4 -4 -4  0 -7 -1  7 -5 -3 -4 -6 -2 -6 -4 -5 -4 -4 -6 -2 -4 1 1 1 35
-2 -1 -1  4 -4  0  4 -4  0 -1 -4  1 -2 -4 -4  0  0 -5 -3 -1 0 1 1 40
 1 -3  2 -1  2 -1  1 -2 -2  1 -2 -2 -2 -4 -2  0  2 -5 -3  3 1 0 0 35
-1 -4 -4 -3 -4 -4 -4 -5  1  2  3 -2  2  0 -5 -4 -1 -3 -2  4 1 0 0 25
-3 -5 -5 -4  0 -4 -5 -5  3 -1  1 -4 -1  7 -6 -3 -4  2  4 -2 1 0 0 5
-2 -1  0  0  1  3  3 -3  0 -5 -4  3 -3 -5 -4  2  1 -5 -3 -3 1 0 0 60
 1 -1 -1 -1  2  0  0 -1  1  1  0  0  3 -1 -3 -1  0 -3 -2  2 1 0 0 10
-4  7  1 -1 -6  0 -2 -4  0 -5 -4  2 -2 -5 -3 -2 -1 -5 -3 -3 1 0 0 50
 5 -5 -4 -5  7 -4 -4  1 -5 -4 -4 -4 -4 -5 -4  1 -1 -6 -5 -1 1 0 0 5
-3  2 -2 -3 -6 -2 -2 -5 -4 -2 -4  7 -2 -6 -5 -4 -4 -6 -5 -2 1 0 0 10
 0 -5 -6 -6 -1 -5 -5 -3 -5  0  5 -5  1 -3 -5 -4 -3  0 -4  0 1 0 0 0
-5 -5 -3 -6 -5 -5 -4 -6 -1 -3  0 -4  3  6 -6 -3 -4  1  7 -2 1 0 0 0
-2  4 -2 -2 -2  1  1 -2  0  0 -2  2 -2 -2 -2 -2 -1 -4  1  1 1 0 0 10
-3 -4 -4 -5 -4 -3 -4 -5  0 -1  2 -1  1  7 -5 -4 -1  4  3 -2 1 0 0 10
 1 -2  1  4  0  0 -1 -2 -1 -2 -2 -1 -1 -2 -2  0  0 -4 -1  0 1 0 0 0
 0  0  1  1  0  0  0  0 -1 -2 -1  1  0 -1  2  1  1 -2 -1 -1 1 0 0 55
 0 -1  1  2 -3  0  3  1 -1 -1 -2  0 -1 -3 -1  1  0 -3 -2 -1 1 0 0 75
-1  0  3  1 -3 -1  1  0 -1 -3 -3  2 -1 -3 -1  1  2 -3 -3 -2 0 1 1 40
-1  0  1  3 -3  0  1  0 -2 -1 -2  2  0 -3 -1  0  0 -3 -2 -1 0 1 1 80
 0  0  0  1 -1  0  1  1 -1 -1 -1  1 -1 -2  0  1  0 -3 -2 -1 0 1 1 60
 0  0  1  0 -2  1  0  0  0 -2 -1  1 -1 -1  2  1 -1 -2 -2 -2 0 1 1 50
-1 -1 -1  0 -3  3  4  1 -2 -2 -3  1 -2 -1  1  0  0 -3 -3 -2 1 0 0 45
-6 -7 -3 -7 -6 -6 -4 -2 -6 -6 -3 -7 -6  1 -3 -6 -6 12  3 -7 1 0 0 5
-1  0 -2 -1 -1  0 -1 -3  0 -1 -2  6 -3 -5 -4 -1  0 -5 -4  0 1 0 0 15
-4 -3 -1  1 -6 -1  6 -2 -4 -4 -3 -1 -5 -4 -3 -1 -1 -6 -5 -3 1 0 0 10
-4  7 -4 -5 -3  0 -2 -5 -1 -3 -2  3 -1 -2 -5 -2 -3  0 -4 -3 1 0 0 0
 0 -6 -4 -2 -6 -5 -2  7 -6 -7 -7 -5 -6 -7 -6 -4 -5 -6 -7 -3 1 0 0 5
-1  0 -1 -4  0 -2 -2 -3 -2  2  0 -2  1 -2 -3 -1  2 -4 -3  4 1 0 0 20
-4 -6 -4 -3  0 -6 -6  7 -2 -7 -7 -5 -6 -7 -6 -1 -2 -6 -7 -7 1 0 0 -5
-2 -2  1  3 -2  0  1 -3 -2  1 -1 -1  0 -2  1  0  2 -4 -3  0 1 0 0 35
-1 -3 -4 -4  1 -3 -2 -2 -4  2  3 -3  4  1 -4 -2 -2 -3 -2  3 1 0 0 0
-2  2 -1 -2 -3  0 -1 -3  4 -1 -1  4  0  0 -3 -1 -2 -3  0  0 1 0 0 10
-3 -4 -4 -4 -3 -4 -4 -1 -3  5  3 -4  2  1 -4 -3 -2 -3  2  1 1 0 0 -5
-1 -1  1 -1 -3 -2 -1 -1 -2  0  3  0  1  0 -1 -2 -1 -3 -1  1 1 0 0 0
-2  2 -2  1  1  2 -1 -4 -1 -3 -3  5  0 -1 -2 -2 -2 -1 -1 -1 1 0 0 25
-2 -2  3  1 -1 -1 -1 -2  7 -5 -4  1 -1 -4  1  0 -1 -5 -2 -2 1 0 0 20
-2  2 -1 -2  1 -1  0 -1 -2 -2 -3  5 -3 -4  1 -1  2 -5 -3 -3 0 1 1 60
 0 -1 -1  3  0  1  4  0 -2 -3 -3  1 -1 -5 -1  0  0 -5 -4 -1 0 1 1 75
-1 -1  3  1 -4 -1  0 -1  0 -2 -4  1 -2 -5 -1  2  4 -5 -4 -2 0 1 1 55
-1 -1  2 -1 -3  0  0  4 -2 -5 -3  3 -3 -3 -2  0 -1 -5 -3 -4 1 1 1 25
 0  2 -1 -3 -1  2 -1 -1  0 -3 -1  4 -1 -3 -3  1  0 -4 -1 -1 1 1 1 10
 1 -1 -2 -2  2  0 -1 -1  0  1 -1 -1 -1  0  0  1  0  0  2  2 1 0 0 0
-2  6 -2 -3 -4  1 -2 -3  1 -2 -1  1  2 -3 -3 -1 -1 -4 -3 -3 1 0 0 10
-1 -1 -3 -3  0 -3 -3 -4  1  3  2 -3  2  2 -3 -3 -2 -2 -1  2 1 0 0 0
 0 -2 -2 -3 -2  0 -2 -1 -2  1  2 -2  1  1 -2 -1  0 -2 -1  2 1 0 0 0
 0  1 -2 -2  3 -1 -2  0 -2  1  0  0  2  1 -2 -1  0 -2 -1  1 1 0 0 0
-3  5  1 -3 -4  0 -2 -4  3  0 -1  0  2  0 -4 -2 -1  3 -2 -1 1 0 0 10
 0  0  1  0  2  1 -1  0  2  0  0  0  1 -2 -2  0  0 -3 -2  0 1 1 1 10
-1 -1  0  5 -4  1  3  0  0 -4 -4  0 -3 -4 -1  0 -1 -4 -3 -3 0 1 1 30
 0  1 -1 -2 -3  2 -1  3 -1 -3 -3  3 -1 -4  2 -1  1 -3 -3 -2 0 1 1 60
 0  0  2 -2 -1 -2 -2 -1 -1  1 -1 -1  0 -3 -2  2  3 -3 -2  1 0 1 1 5
 0 -2 -2 -3 -3 -1 -1  2  1 -1  2 -1  1  1 -3 -1 -1  0  1  0 1 1 1 25
-2  4  1  0 -4  1  0  0  1 -2 -2  4 -2 -2 -1 -1 -1 -4 -3 -3 1 1 1 15
-1 -2  0 -3  0 -1 -2 -3 -3  3  2 -1  1  0 -1 -1 -1 -3 -2  2 1 0 0 0
 1 -1 -1 -3  5 -2 -3  1 -1  2  1 -2  0 -2 -3 -1 -1 -3 -1  1 1 0 0 -5
 2 -3 -3 -3  3 -2 -1 -1 -3  1  3 -2  3  0 -3 -2 -2 -3 -2  0 1 0 0 -5
-3 -2  6  1 -4  0 -2 -1  2 -3 -1 -2 -3 -3 -3  0 -1 -4  0 -2 1 0 0 0
-1  0  1 -2 -1  1 -1 -3  6 -1 -1 -1 -1  1 -1  0  1 -3  0 -1 1 0 0 -5
 0  1 -1 -2  0 -1 -2 -2  0  0  0  0  0  1  1  0 -1  1  3  0 1 0 0 20
 0 -2  1 -2  3 -2 -2 -2 -2  1  1 -2  2  1 -2  0  1 -2 -1  1 1 1 1 0
 1 -1  1  1  1 -1 -1 -2  3 -1 -2 -2  1  0 -1 -1  1  4  1 -1 1 1 1 10
 1 -2 -2 -2 -5  0 -1 -3  0 -5 -4  2 -5 -3  6  1 -2 -6 -1 -3 0 1 1 30
-1  0  0  2 -1  0  1  2 -1 -2 -1  0  0  0  0  1  0  0 -1 -2 0 1 1 75
 0  0  0 -2  2  0  0  0  2  0  0 -1  1  1  1  0  0 -2  1  0 1 1 1 0
-1  0  1  0  1  1  1 -3  2 -1 -1  2  2 -3  0  0  1 -3  0 -1 1 1 1 25
-1 -4 -4 -4  2 -2 -4 -4 -3  1  3 -2  3  1  1 -2 -1 -3  3  1 1 1 1 5
-1  1  0 -1  2  2  0 -1  0 -1 -1  3 -1 -1 -3  0  1 -3  0 -1 1 0 1 25
-1  0 -2  0  0 -1  1 -2 -3 -1 -1  1 -1 -3  5  0 -1 -4 -2  0 1 1 1 50
-1  0  3  0 -2  0  0  0  3 -1  0  0  3 -1 -2 -1 -1 -4 -2 -1 1 1 1 0
 1  0  0  0  0  0 -1  1  0 -1 -1  2  0 -1  0  0  0 -3 -2  0 0 1 1 55
 0 -1  2 -1 -4  0  0  4  0 -4 -3  2 -4 -4  0  0  0 -1 -2 -3 0 1 1 55
 0 -1  3  0  0 -1 -2  1 -1 -2 -2  0 -3 -2 -4  4  0 -4 -2 -2 1 1 1 40
-2 -1  3  4 -1  0  3 -2 -1 -3 -2  0 -3 -4  0  1 -1 -5 -4 -1 1 1 0 45
-2  4  2 -2 -5  0 -1 -3 -1 -3 -1  4 -1 -4 -1 -1  0 -2 -2 -1 1 1 0 25
 3 -2  0 -3  0 -1 -1 -1 -3 -1 -2  0  1  1 -2  3  0 -4 -1  0 1 0 0 0
-3 -2 -3 -5  1 -3 -3 -1 -4  1  3 -3  2  1 -1 -1 -2  8  2 -1 1 0 0 0
-2  0 -3 -2  0 -2 -2 -1 -3  2 -1 -1  2 -2 -3 -1  0 -5 -4  5 1 0 0 -5
-3 -2 -4 -5  2 -1 -3 -4 -4 -2 -1  2 -2  3  1 -3 -1  9  1  0 1 0 0 0
 0 -1  1 -2  2 -1 -2 -2  2  1  0 -2  1  3 -1  0  1 -1  0  1 1 0 0 15
 3 -3 -2 -4  3 -3 -3 -2 -1 -1 -1 -2 -1 -2  1 -1  3 -5 -3  2 1 0 0 0
 1  1  0 -2 -1  0 -1 -1  1  0  0 -1  1  0  1 -1  1 -2  0  0 1 0 0 25
 1 -1  1 -1  0 -1  0 -2 -2  1  0 -1  1  0  1  0  1 -1 -2  0 1 0 0 5
-1 -3  3  6 -4 -1 -1 -1  0 -2 -3 -2 -4 -3  1  0 -1 -4 -4 -3 1 0 0 0
 0 -3 -2 -2 -1 -1 -2 -1  0  0  0 -2 -1  4  0  0  0 -2  3  1 1 1 1 10
 3 -2 -2  0 -3 -1  1 -1 -3 -1 -2 -1 -1 -2  0  2 -1 -3 -3  1 0 1 1 0
-3 -3  1  6 -3 -2  3  0 -3 -3 -4 -2 -2 -3 -2 -2 -1 -5 -3 -3 0 1 1 40
-1 -2  0  2 -2  0  4  3 -1 -5 -5  0 -3 -5 -1 -1 -1 -5 -2 -4 1 1 0 45
-2 -2  2  2 -1  1  4  1 -1 -5 -3  0 -3 -5 -1  1  0 -5 -3 -3 1 1 0 50
 1 -2 -1 -1 -2 -1 -1  3 -3 -1 -1  0 -2 -4  4  0 -1 -5 -4 -1 1 1 1 50
-1  0 -2 -2 -2  0  1  0 -1 -2 -4  5 -3 -3 -2  0  1 -5 -4 -1 1 0 0 35
 0 -3 -3 -2 -3 -2 -2 -4 -2  0  2 -3  0 -2  5 -1  0 -2 -3  1 1 0 0 55
-1 -1 -4 -1 -1  1  5 -4 -2  0 -3 -1 -1 -3 -4 -1  0 -2 -4  3 1 0 0 0
-3 -2 -1 -4 -3  4 -3 -5  1 -2  1  0  2 -1  0  0  4 -5 -3 -2 1 0 0 10
-6 -6 -4 -7 -4 -6 -6 -6  0 -2  3 -6  3  6 -7 -6 -4  5  5 -2 1 0 0 -5
 4 -2 -3 -5  3 -3 -4 -3 -3 -1  3 -3  2 -3 -5 -2 -1 -5 -4  0 1 0 0 0
-1 -6 -6 -6 -1 -5 -6 -4 -6  5  3 -5  2  0 -6 -5 -2 -5 -4  3 1 0 0 0
-5  7 -3 -5 -3  1 -3 -6 -4 -6 -5  5 -2 -7 -6 -3 -3 -2 -6 -5 1 0 0 0
-3 -6 -6 -6 -3 -5 -6 -4 -5 -1  0 -6  3  7 -4 -4  0 -4 -1  3 1 1 1 0
 1  0 -1 -3 -5 -2 -2  2 -4 -4 -2  5 -4 -4 -1  0 -2 -5 -4 -4 1 1 0 80
-3 -2  4  1 -3  0 -2 -3 -2 -5 -3  0 -3 -5 -2  3  4 -6 -5 -4 1 1 0 45
 3 -2 -2 -1 -4  0  2 -2 -2 -2 -4  1 -3 -3  3  1 -1 -5 -4  0 0 0 1 25
 0 -4 -1  3 -6  0  6 -2 -4 -6 -6  1 -5 -6 -3 -1  0 -3 -6 -6 0 0 1 50
-1 -3  3  3 -4 -2  0 -3 -1  2  0 -2  1 -2 -3  0  1 -5 -3  0 0 0 1 15
 6  1 -5 -5  2 -3 -5  0 -5 -3 -3 -3 -3 -2 -5 -2  0 -6 -2 -1 0 0 1 -5
 0 -1  2  3 -2  3  2 -2 -3 -3 -4  3 -2 -5 -2  0 -1 -5 -3 -3 0 0 1 40
-1  0  0  1 -2  2  4 -3 -3 -3  0  2 -2 -4 -3  0  0 -5 -3 -3 0 0 1 50
-5 -7 -7 -8 -6 -5 -7 -6 -1 -2  4 -7 -3  7 -7 -6 -6  0 -2 -3 0 0 1 -5
 0  1 -1 -4 -1 -1 -1 -3  3 -1  0  4  0  0 -4 -2 -2  0  3 -1 0 0 1 35
 1 -1  1  2 -2  2  3 -2  0 -5 -4  2 -3 -5 -4  0  1 -5 -4 -3 0 0 1 50
 3 -2 -1 -3 -1 -1  1 -3  0  0 -1  2  0 -3 -4  0  1 -5 -3  1 0 0 1 30
-5 -6 -6 -6 -2 -6 -6 -5 -3  4  2 -6  2  6 -6 -4 -4 -2  1  2 0 0 1 -5
-3 -2  1  3 -4  1  5 -4  1 -2 -2  1 -2 -6 -4 -3 -1 -6 -5 -4 0 0 1 25
-1  0  0  2 -5  1  5 -3  0 -4 -4  3 -2 -5 -4 -1 -1 -5 -3 -4 0 0 1 40
 3 -1 -3 -4  4 -1 -3 -2  4  1  0 -1 -3 -4 -4 -1 -1 -4 -1  0 0 0 1 0
-2  2 -3 -4 -1  5 -2 -3 -2 -2 -2  5 -1 -5 -4 -3 -2 -5 -4  0 0 0 1 15
 0  0  0  1 -3  1  3 -3  0 -3 -4  4 -2 -5 -4  0 -2 -5 -3 -2 0 0 1 50
 1 -1  0  1 -3  0  3 -1  0  0 -1  1 -1 -3 -1  1  0 -4 -3 -1 0 0 1 35
 0 -3  4 -2 -2 -1 -2 -4 -1  2  3 -2  3 -2 -4 -2 -1 -4 -3  1 0 0 1 5
 2  0 -1 -1 -4  1  3 -1  0 -3 -2  3 -2 -4  0  0 -2 -4 -3 -2 0 0 1 45
 1 -1  2  0 -3  2  2 -1  0 -3 -2  3 -3 -3 -1  1  0 -2 -2 -2 0 0 1 60
 0  1  0 -2 -3  0  1 -2 -1  0  0  1  0  0  0  1  0 -3 -2  0 0 0 1 50
 0 -1  0  2 -4  1  3 -1 -1 -1 -1  1 -1  0  0  0 -1 -4 -3 -2 1 1 1 45
 0  1  1  0  1  0  1 -1 -1 -3 -2  3 -1 -3  0  0  1 -4 -2 -2 1 1 1 95
 0  1  1 -1 -3  1  1 -1 -2 -2 -2  3 -2 -3  0  1  1 -4 -3 -1 1 1 1 60
 1 -1  0  1 -3  1  2  1 -1 -1 -2  1 -1 -3  0  1  0 -3 -2  0 1 1 1 55
 1 -1  0  2 -3 -1  2  1 -1 -2 -3  0 -2 -3  0  1  1 -4 -2 -2 1 1 1 60
 1 -2  1  1 -3 -1  1  0 -2 -1 -2  0 -2 -3  0  2  2 -4 -3  0 1 1 1 55
 1 -1  1  0 -3  0  1  2 -2 -2 -1  0 -2 -3  1  1  1 -3 -2 -1 1 1 1 65
 0  1 -1  1 -1  2  2 -2 -1 -2 -3  3 -3 -4  0  1  0 -4 -3 -2 1 1 1 55
 1 -1  3  1 -3  0  1 -2 -1 -3 -3  0 -2 -4  1  3  2 -4 -3 -2 1 1 1 55
 0 -1  1  2 -4  0  3 -1 -2 -3 -3  2 -3 -3  1  1  1 -4 -2 -2 1 1 1 60
 0 -1  0  1 -3  1  2 -2  0 -2 -2  0 -2 -3  1  2  1 -4 -3 -1 1 1 1 60
 2 -2  0  1 -2 -1  0  0 -2 -1 -1 -1 -1 -2  0  1  1 -4 -2  1 1 1 1 45
 0  0  1  3 -4  0  3 -2 -1 -2 -4  1 -3 -3 -2  2  0 -5 -4 -3 1 1 1 55
 1 -1  0  1 -4  1  2 -3  1 -1 -3  3 -3 -4  0  1  1 -5 -3 -2 1 1 1 60
 2 -1 -2 -2  0 -1  1 -1 -2  0 -1  0 -1 -2  2  1  1 -4 -3  2 1 1 1 50
 4 -3 -1 -2  0 -2  1 -2 -3 -1 -2  0 -3 -4 -1  1  0 -4 -3  1 1 1 1 45
-1 -1 -1  1  0  2  4 -1 -2 -3 -4  1 -3 -4  0 -1  0 -4 -4 -1 1 1 1 55
-1  0 -2  1 -4  0  1 -1 -3 -3  0  4 -1 -4  2  0 -1 -4 -4 -2 1 1 1 60
-1 -2 -1 -2 -1 -1 -2 -4 -3  2  3  0  2 -1  0 -1  0 -3 -3  0 1 1 1 35
-1 -1  1  2 -4  1  5 -1  0 -4 -4  1 -2 -4 -1  0 -1 -4 -4 -3 1 1 1 55
 2 -2  1  1  0  0  2 -1 -2 -3 -3  2 -3 -4  2  2 -1 -4 -3 -3 1 1 1 60
-1 -1 -1 -2 -1  0  0 -3 -1  1  3 -1  1  1 -2 -1 -1 -3 -2  1 1 1 1 30
 1 -2  1  0 -3 -2 -1 -1 -3 -3 -1  0 -3 -2 -2  4  1 -4 -3 -2 1 1 1 50
 0 -4 -3 -4  0 -2  0 -2 -4  2  0 -3 -2 -1 -2  0  1 -4 -1  4 1 0 0 20
-1 -1  2  1 -3  0  2  0 -2 -2  0  2 -1 -1 -2  1  0 -4 -3 -1 1 0 0 50
-3 -3 -2  3 -5 -1  6 -3  1 -5 -4  1 -4 -2 -1  0 -1 -5  0 -5 1 0 0 55
 0 -1  1  3 -4  1  3 -2 -2 -3 -4  2 -3 -4  0  1  0 -4 -1 -2 1 1 1 50
 1 -1 -2  0  0 -1  0 -1 -1 -3 -2  3 -1 -3 -1  1  3 -4 -3 -2 1 1 1 45
-2  1 -1  1 -4  1  2 -1 -3 -4 -4  4 -3 -1 -1  1  2 -4 -3 -2 1 1 1 55
-1  1 -1  3 -4  1  3 -2 -1 -3 -3  1 -3 -4 -1  0 -1  1 -3  0 1 1 1 60
-2 -1  0  4 -5  0  4 -1  0 -3 -5  1 -4 -5 -2  0  0 -5 -4 -4 1 1 1 55
 0  0  2  1  2 -1  0  1 -2 -3 -4  2 -3 -4  0  1  0 -4 -3 -2 1 1 1 55
 1 -2  0  0 -4  1  4  0 -2 -4 -3  1 -3 -4 -2  1  2 -2 -4 -3 0 1 1 60
-2 -2 -1  2 -5 -1  6 -2 -3 -4 -3  0 -4 -5 -2  0  1 -5 -4 -2 1 1 1 55
-1  1  0  0 -4  1  2 -3 -2  0 -2  5 -2 -4 -3  0 -1 -4 -3 -1 1 1 1 60
-2  2  0 -1 -5  5  3 -3 -2 -4 -4  4 -3 -5 -3 -2 -2 -4 -3 -4 1 1 1 85
