-1 -3 -4 -4 -2 -3 -4 -4 -4  4  2 -3  1 -1 -3 -3 -1 -3 -2  4 1 1 1 50
 0 -1  0  0 -2 -1 -1 -1  6 -3 -3 -1 -2 -1 -2  2  1 -2  1 -2 1 0 0 40
 2 -2 -1 -1 -2 -1 -1  0  2 -2 -2 -1 -2 -3 -2  3  2 -3 -2 -2 1 0 0 35
-1  3 -1 -1 -4  0  1 -1  1 -3 -2  5  0 -3 -2  0 -1 -4 -2 -3 1 1 1 25
-2 -3 -3 -3 -4 -2 -2 -3 -3 -3 -2 -2 -3 -4  8 -2 -2 -5 -4 -3 1 1 1 85
 4 -3 -3 -2 -2 -2 -2  0 -3 -3 -3 -2 -2 -4  6  0 -1 -4 -3 -2 1 1 1 25
-2  5 -1 -1 -4  1  2 -3 -1 -4 -3  4 -2 -3 -2 -1 -2  3 -2 -3 1 1 0 60
-1  0  0  1 -3  1  3 -1  5 -3 -3  0 -2 -3 -2  0  2 -3 -1 -2 1 1 0 40
 0 -1 -1 -1 -3  2  1 -2  1 -2 -3  2 -2 -4  6  0 -1 -4 -2 -2 1 1 1 60
-1 -3 -2 -3 -2 -2 -3 -3 -3  2  3 -2  1 -1 -3 -1  2 -3 -2  2 1 1 1 5
 0 -2 -1 -1 -2 -2 -2  4 -2 -4 -4 -1 -3 -4 -2  4  1 -3 -3 -3 1 1 1 35
 2 -2 -2 -2 -2 -2 -2  0 -2 -1 -1 -1 -1 -3  4  1  3 -3 -2  0 0 0 1 75
 1 -2 -2 -2 -2 -2 -2  2 -2  0  1 -1  3 -1 -2 -1  0 -3 -2  1 0 0 1 70
-2 -1 -1  4 -5  2  5 -3 -1 -4 -4  0 -3 -4 -2 -1 -2 -4 -3 -4 0 0 1 25
 0 -1 -1 -2  0  4  0 -3 -1  0 -1  0 -1 -3 -2  0  1 -3 -2  2 0 0 1 15
 4 -2 -2 -3 -1 -2 -2 -1 -3  0 -1 -2 -1 -2 -2  0  1 -3 -2  1 0 0 1 50
-1 -3 -3 -4 -2 -3 -3 -4 -3  4  0 -3  0  1 -3 -2  1 -3 -1  3 0 0 1 40
 3 -3 -2 -2 -2 -2 -2  5 -3 -3 -3 -2 -2 -3 -2  0 -2 -3 -3 -1 0 0 1 -5
-2 -3 -4 -4 -2 -3 -4 -4 -3  2  4 -3  4  1 -4 -3 -2 -2 -1  0 0 0 1 15
 0 -2 -1 -2 -2 -1 -2  0 -2  0 -1 -1  1 -2 -2  2  4 -3 -2  1 0 0 1 45
 1 -2 -2 -2 -1 -2 -2 -2 -2  1  0 -2  1 -1 -2  2  1 -3 -2  3 0 0 1 35
-2 -3 -3 -4  7 -3 -4 -4 -3  1  1 -3  4  4 -4 -2  0 -2  0  0 0 0 1 0
-2 -3 -3 -4 -3 -3 -3 -4 -2  0  0 -3  0  7 -4  0 -1  0  2 -1 0 0 1 5
-1 -3 -3 -3  0 -2 -3 -3 -3  2  3 -3  1 -1 -3 -1  1 -3 -2  2 0 0 1 50
 2 -2 -1 -2  6 -2 -2  0  0 -1 -2 -2 -2 -3 -2  2  2 -3 -2 -1 0 0 1 15
-2 -4 -4 -4  1 -4 -4 -4 -3  3  1 -4  0  6 -4 -3 -2 -1  1  0 0 0 1 0
-2 -3 -4 -4 -2 -3 -4 -4 -3  1  5 -3  3  2 -4 -3 -2 -2 -1  0 0 0 1 20
 0 -3 -2 -3 -2 -2 -3  3 -3  1  2 -2  0 -1 -3 -1  0 -3 -2  2 0 0 1 65
-2 -3 -3 -3 -4 -2 -2 -3 -3 -4 -4 -2 -4 -5  8  0 -2 -5 -4 -4 0 0 1 25
 3  0 -1 -2 -1 -1 -1 -1 -2 -3 -3 -1 -2 -3  2  3  1 -3 -3 -2 0 0 1 5
 1 -3 -1 -2 -3 -3 -3  6 -3 -4 -4 -2 -3 -4 -3  0 -2 -3 -4 -4 0 0 1 15
-4 -4 -5 -6 -4 -3 -4 -4 -3 -4 -3 -4 -3  0 -5 -4 -4 12  3 -4 0 0 1 50
-1 -4 -4 -4 -2 -3 -4 -4 -4  4  0 -3  0 -1 -3 -3 -1 -4 -2  5 0 0 1 0
-2 -3 -4 -5 -2 -3 -4 -5 -4  1  5 -3  2  0 -4 -3 -2 -3 -2  0 0 0 1 10
 2 -2 -1 -1 -2 -1 -1 -1  0 -3 -3 -1 -2 -2  0  4  1 -3 -1 -2 0 0 1 50
-3  0  4 -1 -4 -1 -1 -3  9 -4 -4 -1 -3 -3 -3 -2 -2 -4  0 -4 0 1 1 20
-2 -3 -4 -4 -2 -3 -4 -4 -4  2  5 -3  3  0 -4 -3 -2 -2 -2  1 0 0 1 0
-2 -1  0  3 -4  1  5 -3 -1 -4 -4  0 -3 -3 -2 -1 -2 -3  0 -3 0 0 1 65
 0 -1  3  3 -2  1  0 -1  3 -3 -3 -1 -2 -3 -2  3  1 -4 -2 -3 0 0 1 60
-3 -3 -3 -4 -4 -3 -3 -4  1 -2 -2 -3 -2  3 -4 -3 -3  1  8 -2 0 0 1 5
-2  3 -1 -2 -4  0  0 -3 -2 -4 -3  6 -2 -4 -2 -1 -2 -4 -3 -3 1 1 1 35
-1  3  0 -2 -3  0  0 -2  2 -3 -3  5  0 -3 -2  0  0 -4 -2 -3 0 1 1 75
-1  5 -1 -2 -3  2  0 -1  1 -4 -3  2 -2 -3 -2  1 -1 -3 -2 -3 1 1 1 80
 0 -1 -1  1 -3  0  4 -2 -1 -3 -3  0 -2 -4  2  3  0 -4 -3 -3 1 1 1 50
 2  0 -1 -2 -1 -1 -1  2 -2 -1 -2 -1 -1 -2 -1  2  2 -3 -2  0 1 1 1 65
 5 -2 -2 -2 -1 -1 -1  0 -2 -2 -2 -1 -1 -3 -1  1  0 -3 -2  0 1 1 1 95
