-2 -2  1  6 -4  0  2 -2 -1 -3 -4 -1 -3 -4 -2 -1 -1 -4 -3 -3 1 1 1 95
 4 -2 -2 -2 -1 -1 -1  0 -2 -2 -2 -1 -1 -2 -1  1  0 -3 -2  0 1 1 1 50
-1 -3 -2 -2 -3 -2 -2 -3 -3 -3 -3 -1 -3 -4  8 -1 -2 -4 -3 -3 1 1 0 95
 3 -2 -2 -2 -2 -1 -2 -1 -2 -1 -1 -1  2 -2  5  0 -1 -3 -2  0 1 1 0 95
 3 -1 -1 -1 -2  3  1  0 -1 -2 -1  0 -1 -3  0  1 -1 -3 -2 -1 1 1 0 50
 1 -1  0 -1 -2 -1 -1  1  2 -2 -2 -1 -2 -2  4  1  1 -3 -1 -2 1 1 1 70
-1 -1  3  3 -2  0  1 -1 -1 -1 -2 -1 -2 -3 -2  1  1 -3 -2 -2 1 1 1 70
 1  1 -2 -2 -2  2 -1 -2 -2 -1 -1 -1  2  2  2 -1 -1 -2 -1  0 1 1 1 20
-2 -2 -3 -3 -2 -2 -2 -3 -2  0  3  1  0  5 -3  0 -2 -1  0 -1 1 1 0 20
-1  1 -1  1 -3  4  2 -2 -1 -2 -3  2 -2 -3 -2  1  0 -3 -2 -1 0 1 1 20
-2  0  2  5 -3  0  2 -2 -1 -4 -4  1 -3 -4 -2  1  0 -4 -3 -3 0 0 1 60
-2 -3 -3 -4  2 -2 -3 -1 -3  3  2 -3  4  1 -3 -2 -1  2  1  2 0 0 1 10
 0  1 -1 -1 -3  3  4 -3 -1  1  0  0  1 -3 -2 -1  0 -3 -2 -1 0 0 1 10
-1  1  0  1 -4  2  1 -2  2 -4 -3  4 -2 -4 -2  1 -1 -4 -2 -3 0 0 1 55
-1  1  0  1 -3  1  1 -2  5 -1 -1  1 -1 -2  0 -1 -1 -3 -1  0 0 0 1 5
 4  0 -2 -3 -2 -2 -2  0 -3 -1 -2  1 -2 -3 -2  0 -1 -4 -3  0 0 0 1 0
 1 -1  2  0 -3  2  1  2  1 -2 -3  1 -2 -3 -2  0 -1 -3 -2 -1 0 0 1 45
-1 -1 -1  2 -4  0  5 -3 -1 -4 -4  1 -3 -4 -2 -1  0 -4 -3 -3 0 0 1 55
 1 -2  0 -3 -2 -2 -2 -2 -2  2  1  0  2  3 -3  0 -1 -2  0  1 0 0 1 30
 0 -1 -2 -2 -3  3  1 -1  0  2  0  0 -1 -2 -2 -1 -1 -2  1  1 0 0 1 5
 1  0  1 -1 -2  0  0  1 -2 -2 -2  3 -2 -3  2  0  1 -3 -2  0 0 0 1 50
 1 -1  1 -1 -1  1  0  0 -1 -1 -1  0 -1 -2 -1  1  3 -2 -2  0 0 0 1 35
-1 -2 -3 -3 -2 -2 -3 -3 -2  2  2 -2  0  4  1 -2 -2 -1  0  0 0 0 1 -5
 1  1  3  0 -2  1  1  0 -1 -3 -3  1 -2 -3 -2  2  0 -3 -2 -2 0 0 1 10
-1  0 -1  1 -3  3  4 -2 -1 -3 -3  2 -2 -3 -2  0  1 -3 -2 -2 0 0 1 75
-1 -1  0 -1 -2  5  2 -2 -1 -2 -2  0 -1  0 -2  1  1 -2 -1 -1 0 0 1 15
-1  0 -2 -2 -2  1 -1 -2 -2  1  1  0  1  2 -2  0 -1  1  0  1 0 0 1 -5
-2 -1  5  2 -3  3  1 -2 -1 -3 -2  1 -2 -3 -2 -1 -1 -3 -3 -3 0 0 1 65
 2 -1  0 -1 -2  3  2 -1 -1 -2 -1  0 -1 -3 -1  2 -1 -3 -2 -2 0 0 1 25
 0 -2 -2 -2 -2  0  0 -2  1  1  2 -1  2  0 -2  0 -1 -2 -1  1 0 0 1 0
 1 -2 -2 -2 -2 -1  1 -2 -2  0  1 -1  2 -1 -2  0  2  3 -2  1 0 1 1 80
-1  1  3  0 -3  0  1  1 -1 -2 -3  2 -2 -3  0  0 -1 -3 -2 -1 1 1 0 75
 0 -2  1 -1 -2  0 -1 -2 -2  1  0 -1 -1  0 -2  3  0 -3 -2  0 1 1 0 25
-2  1 -1  1 -3  3  0  0 -1 -3 -3  4 -2 -4  2 -1 -2 -3 -3 -3 1 1 1 60
 0 -1  3  3 -3  1  1 -2 -1  0 -2  0 -2 -3 -2  1 -1 -3 -2 -2 1 1 1 85
 1 -1  2  0 -2  3  0  1 -1  0 -2 -1 -1 -3 -2  0  2 -3 -2 -1 1 1 0 65
 0  0 -1  2 -3  3  3 -2 -1 -1 -3  2 -2 -3 -2 -1 -1 -3 -3 -2 1 1 0 75
-1 -1 -1  3 -4  2  4 -1 -1 -4 -3  1 -3 -4 -2 -1  1 -4 -3 -3 1 1 1 65
-1  0 -2 -2 -2  1 -1 -3 -2  1  1  1  0  1 -2  0 -1 -2 -1  2 1 1 0 20
 1 -2  3  1 -2  0 -1 -2 -1  1  0 -1 -1 -2 -2  1  1 -3 -2  1 1 1 0 5
 1  2  0 -1 -3  3  1 -2 -1 -3 -3  4 -2 -4 -2 -1  0 -3 -2 -3 0 0 1 45
 3 -2 -2 -2  3 -1 -2 -2 -2 -1  0  0 -1 -3 -2  0  3 -3 -2  0 0 0 1 50
 0 -2 -2  0 -2 -2 -2 -3 -3  2  2 -1  2  0  1 -2 -1  1 -1  1 0 0 1 0
-2  1 -1  0 -3  3  0 -3  3 -2 -1  4 -1 -3 -2 -1 -1 -3 -2  0 0 0 1 0
 0 -1 -1  3 -3  2  3 -2 -1 -3 -3  1 -2 -4  1 -1  0 -4 -3 -1 0 0 1 65
 0  0  2 -1 -3  2  0  3 -1 -1 -3  1 -2 -3 -2  0 -1 -3 -1 -2 0 0 1 5
 1 -2 -1 -2 -2 -1 -1  0  2  1 -1 -1 -1 -2 -2  3  2 -3 -2  1 0 0 1 0
-1 -1  2  4 -3  3  2  0 -1 -3 -3 -1 -2 -3 -2  0  1 -3 -3 -3 0 0 1 0
-1  0  2  0 -2  2  2  1 -1 -2 -3  2 -2 -3 -1  2  0 -3 -2 -2 0 0 1 20
 0 -2 -2 -3  3 -2 -2 -2 -2  0  1  0  2  2 -2 -1 -1 -1  2  2 0 0 1 -5
 1 -2 -2 -2 -1 -2 -1 -2 -2  2  1 -2  0 -1 -2 -1  0 -3 -2  3 0 0 1 -5
 0  1  1  0 -2  3  2 -2 -1 -1 -2  0 -1 -3 -2  0  1 -3 -2 -1 0 0 1 50
-1  2  3 -1 -3  4  0 -2 -1 -2 -1  0  1 -3 -2 -1  0 -3 -2 -2 0 0 1 40
 0 -2 -3 -3 -2 -2 -2 -3 -3  3  3 -1  2 -1 -3 -2 -1 -2 -2  2 0 0 1 0
 0  1  1  1 -3  3  2  0 -1 -2 -2  1  1 -3 -2  1 -1 -3 -2 -2 0 0 1 0
 1 -1  2  1 -2  0  1  0 -1 -2 -2  0  1 -2 -2  1  1 -3 -2 -1 0 0 1 45
 1 -2  0 -2 -2 -2 -2 -2 -1  0  2 -2  1  2 -2  0 -1 -1  2  1 0 0 1 0
 0  1 -1 -1 -2  2  0 -2 -1  1 -1  1  0 -1 -2  1  1 -2 -1  0 0 0 1 -5
 0  0  2 -1 -2  2  1  1 -1 -3 -3  1 -2 -3 -1  1  1 -3 -2 -2 0 0 1 30
 1 -1  3 -1 -2 -1 -1  0 -1 -2 -3  1 -2 -3 -2  2  1 -3 -2 -1 0 0 1 10
 0 -3 -3 -4 -2 -2 -3 -3 -3  3  3 -3  2 -1 -3 -2  0 -3 -2  2 0 0 1 0
-1 -1  0  2 -3  4  1 -2  3 -2 -3  0 -2 -3 -2  1  1 -3 -2 -1 0 0 1 35
-1 -1  1  2 -3  0  3  1 -1 -4 -4  1 -3 -4 -2  2 -1 -4 -3 -3 0 0 1 30
 2 -1 -1 -1 -2  2  3 -2 -1 -1 -1  1 -1 -3 -2  0 -1 -3 -2 -1 0 0 1 -5
-1 -2 -2 -1 -2  0 -2 -3 -3  2  2 -1  1  0 -3 -2 -1 -2 -1  2 0 0 1 20
-1  0  2  1 -3  1  0  0 -1 -2 -3  4 -2 -3 -2  0  1 -4 -3  0 0 1 1 65
 0 -1  1  4 -3  0  1 -2 -1 -3 -3  2 -2 -3 -2  0  1 -4 -3 -2 0 1 1 70
 3  0  0 -2 -2 -1 -1  0  2 -2 -1  2 -1 -2 -2  0 -1 -3 -2  0 1 1 1 20
 1 -1  4  0 -2 -1  0  0 -1 -1 -2 -1 -2 -3 -2  2  1 -4 -2 -1 1 1 0 35
 0 -2 -1  2 -3 -1  1  3 -2 -4 -4  0 -3 -4  4  0 -1 -4 -3 -3 1 1 0 45
-2  0 -1  1 -4  2  3 -3 -1 -1 -3  4 -2 -3 -2 -1 -1 -4 -3 -1 0 1 1 75
 2 -2 -2 -3 -1 -2 -2 -2 -2  1  2 -2  0  2 -2 -1  0 -2 -1  1 0 0 1 5
-1  0 -1  1 -3  1  3  0 -1 -3 -3  3 -2 -3 -2  0  0 -3 -2 -3 0 0 1 35
-1  1  1  1 -3  0  3 -2 -1 -3 -3  1 -2 -3  2  1  1 -3 -2 -2 0 0 1 65
 2  1  0 -2 -1 -1 -1 -1 -2  0  0  1  1 -1 -2  0 -1 -3 -2  1 0 0 1 25
 0  0 -3 -4 -2 -2 -3 -3 -3  0  2 -2  3 -1 -3 -2 -1  6 -1  2 0 0 1 0
 0 -1  1  3 -3  0  3  0 -1 -3 -3  1 -2 -4 -2  1  1 -4 -3 -3 0 0 1 40
 0  1  1  2 -3  3  2  0 -1 -3 -1  1 -1 -3 -2  0 -1 -3 -2 -2 0 0 1 45
 2 -2 -2 -3 -1 -2 -2 -2 -3  0  2 -2  2  0 -2  0  1 -3 -2  1 0 0 1 0
-1  3  3 -1 -3  2  1 -2 -1 -3 -3  4 -2 -4 -2  0 -1 -4 -2 -3 0 0 1 20
 1 -1  0  1 -2  1  3 -2 -1 -2 -2  0 -2 -3 -2  1  3 -3 -2 -1 0 0 1 45
-2  0  2  1 -4  0  1  0 -1 -3 -3  5  0 -4 -2 -1 -1 -4 -3 -3 0 0 1 35
 1 -3 -3 -4 -2 -2 -3 -3  1  2  3 -3  1 -1 -3 -2 -1 -3 -2  1 0 0 1 0
 0 -1  2  1 -3  2  3 -2 -1 -3 -3  0 -2 -3 -2  2  1 -3 -2 -2 0 0 1 30
-1  1  1  1 -4  2  4 -2 -1 -4 -3  2 -2 -4 -2  1 -1 -4 -3 -3 0 0 1 55
 3 -2 -1 -2 -2 -2 -2 -2 -3 -1 -2 -2 -1 -3 -2  1  4 -3 -2  1 0 0 1 5
 3  1 -2 -2 -1 -1 -2 -2 -2  1 -1  0 -1 -1 -2  1  1 -3 -2  2 0 0 1 -5
 1 -1  0  3 -3  1  4 -2  2 -3 -3  0 -2 -3 -2  0 -1 -4 -2 -3 0 0 1 20
-1  0  1  2 -3  2  3 -2 -1 -3 -3  2 -2 -4  1  1  1 -3 -3 -3 0 0 0 50
-1 -3 -4 -4 -2 -3 -4 -4 -4  3  4 -3  1 -1 -3 -3 -2 -3 -2  1 0 0 0 0
 0  3  2 -1 -3  1  1 -2  1 -3 -3  3 -2 -3 -2  1  0 -3 -2 -3 0 0 0 40
 0  1  1  1 -3  1  2 -1 -1 -3 -3  3 -2 -3 -1  1 -1 -3 -2 -2 0 0 0 85
 1  0  1  1 -2  1  1  0 -1  0 -2  2 -1 -2 -2  0 -1 -3 -2  0 1 1 1 15
 1 -1  3  0 -2 -1 -1  0  5 -1 -2 -1  1 -2 -2  0 -1 -3 -1 -2 1 1 0 35
 0 -2 -2 -1 -3 -1  1 -2 -2 -2 -1 -1 -2 -3  6  0 -1 -3 -3 -2 0 0 1 45
-1  1  1  3 -3  0  4 -2 -1 -3 -3  0 -3 -3  1  0 -1 -3 -3 -3 0 0 1 35
 1 -2 -2 -3 -1 -2 -2 -2 -2  2  1 -2  0 -1 -2 -1  1 -2  1  3 0 0 1 -5
 0  1 -1  2 -3  2  3 -2 -1 -2 -1  0 -1 -3 -2  0  1 -3 -2  0 0 0 1 15
 2  1 -1 -1 -2  3  3 -2 -1 -2 -2  1 -1 -3 -2  1 -1 -3 -2 -1 0 0 1 65
 0  0  2 -1 -3  4  1 -2 -1 -3 -3  3 -2 -3 -2 -1 -1 -3 -2 -3 0 1 1 35
 4 -2 -2 -2 -1 -2 -2 -1 -2  1  0 -2 -1 -2 -2  0 -1 -3 -2  1 1 1 1 15
 0  0  2  0 -3  1  1  3  0 -3 -3  2 -2 -3 -2  0 -1 -3 -2 -2 1 1 0 90
 1  0  0  1 -3  3  3 -2 -1 -3 -3  2 -2 -4 -2  0 -1 -3 -3 -2 1 1 0 55
 0 -2 -3 -3 -2 -2 -3 -1 -2  0  3 -1  2  0 -3 -2  0 -1  2  0 1 1 0 10
 0  3  0 -1 -3  2  1 -1  1 -1 -2  2 -1 -3 -2  0 -1 -3 -2  1 0 0 1 25
 0 -1  1  3 -3  0  4 -2 -1 -3 -3  1 -3 -4 -2  1  0 -4 -3 -3 0 0 1 50
 0  2 -1  1 -3  2  1 -2 -1 -3 -3  4 -2 -4 -2  1 -1 -4 -3 -3 0 0 1 55
-1 -3 -3 -4 -2 -2 -3 -4 -3  2  3 -3  3  2 -3 -1 -1 -2 -1  2 0 0 1 0
 0  0  1 -1 -3  5  0 -2 -1 -2 -2  2 -1 -4 -2  0 -1 -3 -2  0 0 0 1 10
 2 -1 -1  1 -2  0  2  0 -1 -3 -3 -1 -2 -3 -2  2  1 -3 -2 -2 0 0 1 45
 2  1  2 -1 -2 -1 -1  2 -2 -2 -2 -1 -2 -3 -2  1  1 -3 -2 -1 0 0 1 0
 1 -3 -3 -4 -2 -3 -3 -3 -3  2  1 -3  2  0 -3 -2 -1 -2  1  4 0 0 1 5
-2  2  1  2 -4  5  2 -2 -1 -4 -3  2 -2 -4 -2 -1 -1 -3 -3 -3 0 0 1 35
 1 -1  2 -1 -2 -1  0  1 -1 -3 -3  1 -2 -3  1  1  2 -3 -2 -2 0 0 1 40
 0 -2 -2 -3 -2 -2 -2 -2 -3  1  2 -1  2  1 -2 -1  2 -2 -1  1 0 0 1 0
 1 -1 -2 -3 -2 -1 -2 -3 -3  2  1  1  0  0 -1 -1  0 -3 -2  2 0 0 1 5
 2  0 -1 -1 -2  2  1  0 -1 -2 -2  2 -2 -3 -2  1  2 -3 -2 -2 0 0 1 65
-2 -1 -1  0 -4  2  5  0  1 -4 -4  2 -3 -4 -2 -1 -2 -4 -3 -3 0 0 1 10
 2 -2 -1 -2 -1 -1 -2 -1 -2  1 -1 -2  1 -2 -2  3  1 -3 -2  1 0 0 1 10
-2  0 -1  1 -4  5  3 -3 -1 -4 -3  1 -2 -4 -2  0  0 -3 -3 -3 0 0 1 45
-1  0  2  1 -3  2  1  0 -1 -3 -3  4 -2 -4 -2 -1 -1 -4 -3 -1 0 0 1 40
 1 -2 -2 -3 -1 -2 -2 -3 -3  2  2 -2  0 -1 -2  0  1 -3 -2  2 0 0 1 10
 2 -1 -1 -1 -2  1  1  0 -2 -1 -1  1 -1 -2 -2  1 -1 -3 -2  1 0 0 1 0
 0  0 -1 -1 -3  0  3 -2 -2 -3 -3  5 -2 -4 -2 -1  0 -4 -3 -3 0 0 1 45
 1  0 -1  1 -3  2  3 -2 -1 -3 -3  3 -2 -3 -2  0  1 -3 -2 -2 0 0 1 40
 1 -3 -3 -4 -2 -3 -3 -3 -3  2  2 -3  0 -1 -3 -2 -1 -3 -2  3 0 0 1 5
 1 -1  1  2 -2  2  1  2 -1 -3 -3  1 -2 -3 -2  1 -1 -3 -2 -2 0 0 1 25
 0 -1  1  1 -3  1  4  0 -1 -3 -3  1 -2 -3 -2  1 -1 -3 -2 -1 1 1 0 45
 0 -1  4  1 -3  1  1 -1  2 -3 -3  2 -2 -3 -2  0 -1 -4 -2 -3 1 1 1 35
 0 -2 -1 -2 -1 -1 -2 -2 -2  0  1 -1  3 -1 -2  1  2 -2 -2  1 1 1 1 70
-1  2 -1  1 -3  2  3  2 -1 -3 -3  1 -2 -3 -2  0 -1 -3 -3 -1 1 1 1 20
 0  0 -1  2 -3  2  1  2 -1 -2 -1  2 -1 -3 -2  0  0 -3 -2 -1 1 1 0 75
 2 -2 -2 -2 -1 -2 -2 -2 -3  1  0 -2 -1 -2  1  0  3 -3 -2  2 1 1 0 50
-1  0  4  2 -3  3  1 -2 -1 -3 -3  2 -2 -4 -2  0  1 -4 -3 -3 1 1 1 5
 0 -1  1  2 -4  2  5 -2 -1 -4 -3  2 -3 -4 -2 -1 -1 -4 -3 -3 0 0 0 60
-1  2  0  1 -4  1  1  0 -1 -3 -3  4 -2 -4 -2  0  0 -4 -3 -3 0 0 0 30
-1 -3 -4 -4 -2 -3 -3 -4 -3  2  3 -3  3  1 -3 -2 -1 -2 -1  2 0 0 0 0
 3  1 -1  1 -2  2  2 -1 -1 -2 -2  0 -2 -3 -1  0  1 -3 -2 -1 0 0 1 20
-1  0 -1  0 -3  0  2 -2 -1 -3 -3  2 -2 -3  4  1  1 -3 -2 -2 0 0 1 45
 1  0 -1 -2 -2  0 -1  1 -2 -1  0  2  1  1 -2  0 -1 -2 -1  0 0 0 1 15
 0 -2 -2 -2 -2 -2 -1 -3 -2  3  2 -2  1  0 -3 -1  2 -2  1  1 0 0 1 5
-1  1 -1  1 -4  0  2  0 -2 -4 -3  5 -2 -4 -2  1 -1 -4 -3 -3 0 0 1 50
-1  0  1  1 -3  4  3 -2 -1 -3 -3  1 -2 -3 -2  1  0 -3  1 -3 0 0 1 40
 4 -2 -3 -3 -1 -2 -2 -1 -3  1  1 -2  1 -2 -2  0 -1 -3 -2  2 0 0 1 5
-2 -1  0 -2 -3  1 -1 -3 -1  2 -1  2 -1  1 -3 -2 -1 -1  5  1 0 0 1 40
-2 -2  1  5 -4  0  3 -2 -1 -4 -4 -1 -3 -3 -2  0  0 -3  1 -3 0 0 1 55
 0 -1  0  3 -3  2  1 -2 -1  1 -2  2 -1 -3 -2  1 -1 -3 -2 -1 0 0 1 15
 2 -2  0 -2 -2 -2 -2  0 -2  0 -1 -2 -1  3 -2  0  1 -2 -1  2 0 0 1 10
 1  0  0 -2 -2 -1 -2 -2 -2  0  1  0  0 -2 -2  0  1 -3 -2  2 0 0 1 15
-2  0  1  2 -4  2  4 -2 -1 -3 -3  3 -2 -4 -2 -1 -1 -4 -3 -1 0 0 1 50
 2  0  0 -1 -2  1 -1  1  1 -2 -2  1  1 -2 -2  1  0 -2  1 -2 0 0 1 0
 3 -2 -2 -2 -1 -1  0 -1 -2  1  0 -1 -1 -1 -2  1  1 -2  1  1 0 0 1 10
-1  0 -1  1 -4  4  4 -2 -1 -4 -3  3 -2 -4 -2 -1 -2 -3 -3 -3 0 0 1 30
-1  0  3  2 -3  3  3 -2 -1 -4 -3  1 -2 -4 -2  1 -1 -4 -3 -3 0 0 1 5
-1 -3 -3 -4 -2 -2 -3 -4 -3  1  3 -3  3  2 -3 -2  0 -2 -1  3 0 0 1 -5
-1  1  2  0 -3  4  3 -2  0 -2 -3  1 -2 -3 -2  1 -1 -3 -2 -1 0 0 1 20
 1  0  3 -1 -3  1  1 -2 -1 -3 -3  4 -2 -4 -2  0 -1 -4 -3 -3 0 0 1 65
-1  2 -1 -1 -4  4  1  0  1 -3 -2  4  1 -3 -2 -1 -1 -3 -2 -3 0 0 1 45
 0 -3 -4 -4 -2 -3 -3 -3 -3  2  4 -3  1 -1 -3 -2 -1 -3 -2  1 0 0 1 -5
-1  0  1 -1 -4  4  3 -2  5 -4 -3  2 -2 -3 -2 -1 -2 -3 -1 -3 0 0 1 50
-1 -1 -1  3 -3  2  4 -2 -1 -3 -3  1 -2 -4  2  0  0 -4 -3 -3 0 0 1 45
 5 -2 -2 -2 -1 -2 -2 -1 -2 -1 -2 -2 -1 -3 -2  0  1 -3 -2  0 0 0 1 20
 3 -1 -1 -2 -1 -1 -1  2 -2 -1  0  0 -1 -2 -2  0  2 -3 -2 -1 0 1 1 10
 0  0  1  0 -2  2  3 -2 -1 -2 -2  1 -2 -3 -1  1  2 -3 -2 -2 0 1 1 50
-1  1 -1  1 -3  2  0 -2 -1 -3 -3  4 -2 -4  2 -1 -1 -3 -2 -3 1 1 1 50
-1  1  0  0 -3  5  2 -2  0 -3 -3  2 -1 -4 -2 -1 -1 -3 -2 -3 1 1 1 95
