-2 -3 -4 -5 -3 -2 -4 -4 -3  0  0 -3  9 -2 -4 -3 -2 -3 -3  2 1 1 1 95
 2 -2  2 -2 -2 -2 -1 -2 -2 -3 -4 -2 -3 -4 -2  5  0 -4 -3 -2 1 1 1 50
-1  3 -2 -1 -3  0  0 -2 -2 -2 -2 -1 -2  3  1  1  0 -2 -1  1 1 1 0 95
-1 -1  2  0 -3  0  2 -2  1 -1  0 -1  0 -3 -2  3  0  2 -2 -2 1 1 1 45
 0 -1  3  2 -3  2  1 -2 -2 -4 -4  0 -3 -4  4  2 -1 -4 -3 -3 1 1 0 90
-2 -2  3  4 -4  1  2 -3  0 -3 -4 -1 -3 -1 -3  2  0 -4  0 -1 1 1 1 75
-1 -1  3  3 -3  1  2 -2 -2 -3 -3 -1 -2 -3 -3  3  0 -4 -2 -3 1 1 1 65
 0 -1  1  3 -2  2  3 -1 -1 -3 -1  1 -2 -2 -1  0  0 -4 -3 -3 1 1 1 70
-1  0 -1  4 -4  0  4 -1 -1 -4 -2  1 -3 -4  0  0 -1 -5 -4 -3 1 1 1 90
-2 -1  0  5 -4  0  3  0 -2 -3 -4 -1 -3 -1 -3  1  0 -4 -3 -1 1 1 1 60
-1 -2 -1  2 -3  0  2  0 -2 -1  0 -1 -1  0  4  0  0 -4 -3 -2 1 1 1 80
-1 -1  0  1 -2  1  1 -2 -2 -1  0  0  0  0  0  1  0 -3  0  1 1 1 1 60
-1 -1 -1  1  1  0  3 -3 -2  0 -1  0 -2 -1 -3  1  2 -3  0  0 1 1 1 45
-4 -7 -6 -7 11 -6 -7 -6 -6 -5 -5 -6 -5 -6 -6 -4 -4 -6 -6 -4 1 1 1 0
-2 -4 -4 -4 -5 -1 -2 -5 -4 -5 -2 -3 -4 -6  8  0 -3 -6 -5 -5 0 1 1 55
-3 -4 -5 -5 -3 -4 -5 -6 -5  5  4 -4  2 -2 -5 -4 -3 -4 -3  1 0 1 1 20
-4 -7 -6 -7 11 -6 -7 -6 -6 -5 -5 -6 -5 -6 -6 -4 -4 -6 -6 -4 0 1 1 20
 1 -1 -3 -4  4 -2 -3 -1 -3  1  2 -3  4  1 -3 -1  0 -2  1  1 1 1 1 40
-3 -3  1  3  1 -1  6  0 -3 -5 -5 -2 -4 -5 -3 -1 -1 -5 -4 -5 1 1 1 35
-2 -1  0  3 -2 -1  4 -3 -2 -2 -2  0 -3 -4  3 -1 -2 -5 -4 -1 1 0 1 65
-4 -5 -5 -6  3 -4 -5 -6 -5  1  4 -5  5  4 -5 -4 -3  3 -2 -2 1 1 1 10
-2 -3  0  6 -4 -2  1 -3 -3 -4 -4 -1  0 -4 -3  0  0 -4 -4 -3 1 1 1 60
 1 -2 -2 -1 -2 -1  0 -1 -2  2  1  0  1 -1  0 -1  0 -2  0  2 0 1 1 80
-1  0  2  3 -3  0  0 -2  0 -1 -3 -1 -1 -3 -2  2  4 -4 -3 -1 0 1 1 65
-1 -3 -1  6 -4 -2  2 -1 -3 -4 -4 -2 -4 -4 -1 -1  1 -4 -4 -4 0 1 1 5
-1  4 -2 -1 -3  1  0 -3 -2  1  0  2 -1 -3 -3  1  0 -4 -1 -1 0 1 1 40
 0 -1  4 -1 -3  0 -1 -1  1 -1 -2  1 -2 -3 -1  1  1 -4 -2  0 0 1 1 75
-1 -4 -4 -5 -4 -4 -4 -5  1 -1  2 -4 -2  7  0 -4 -1 -2  2 -2 1 1 1 15
-2  2 -1 -3  3  0 -1 -3 -2 -1  0  2  0  3 -3 -2 -1  0  2  0 1 1 1 40
 0 -3 -3 -3 -4  0 -3 -3 -3  0 -1 -3 -3  0  7 -1 -3 -4 -1  0 1 1 0 0
-3 -4 -4 -4 10 -4 -4 -4 -4 -3 -1 -4 -3  1 -4 -3 -3 -4 -3  0 1 1 0 10
 0  0  1  0  2  1  0  0  2  0 -1  0 -1 -2  1  0  0 -3 -2  0 0 1 1 80
-2 -4 -4 -4 11 -4 -4 -4 -4 -3 -3 -4 -3 -4 -4 -3 -3 -4 -4 -3 0 1 1 45
 1  1  1  1 -3  1  0  4 -2 -3 -3  1 -2 -3 -2 -1 -2 -3 -3 -3 1 1 0 70
-2 -3 -2  0  3 -2 -2 -3  5 -1  0 -3 -2  4 -3 -2 -2 -1  5  1 1 1 1 15
-1  1  1 -1  3  1  1 -2  2  0 -2  1 -2 -2  1  0  1 -2  1 -2 1 1 1 15
 0 -2 -2 -3 -2 -1 -2 -2  3  1  1 -2  2  2 -2 -1  1 -1  2  1 1 1 1 -5
-2 -4 -4 -4 10 -4 -4 -4 -4 -3  0 -4 -3 -4  2 -3 -3 -4 -4 -3 1 1 1 5
-1  1 -1 -1  0  1 -1 -1  0  1  1  0  0  1  0  0 -1 -1  0  0 0 0 1 35
-1  0 -2 -1 -3 -2 -2 -3 -2 -1 -2 -1 -2  5  2  0 -2  6  1 -2 0 0 1 80
-3 -4 -4 -4 11 -4 -4 -4 -4 -3 -3 -4 -3 -4 -4 -3 -3 -4 -4 -3 0 0 1 5
-3 -3 -3 -2 -3 -2 -1 -1  2 -1  1 -3 -2  3 -3 -1 -3  8  4 -2 0 0 1 15
-2  0  3  0 -4  0  1 -1  6 -1 -2  1 -2 -2 -3 -1 -2 -3  2 -3 0 0 1 55
-3  5  2 -1 -5  2  0 -3  4 -3 -4  3 -3 -3 -3 -1 -3 -3  2 -4 0 0 1 40
-2 -3 -4 -4 -3 -3 -1 -5 -4  6  2  0  2 -2 -4 -3 -1 -4 -3  1 0 0 1 5
-1  3 -2 -2 -2  0 -1 -2  3  0  0  4 -2 -3 -3 -1 -2 -3  0 -1 0 1 1 35
 0  0  2  1  0  1  2 -1 -1 -2 -2  0 -1 -3 -2  2  2 -3 -2 -1 0 1 1 65
-2 -1  3  3 -4  1  3 -2  3 -3 -2 -1  2 -3 -3  0  0 -4 -2 -2 0 0 1 45
 1  0 -1 -1  0  0  2  0 -2 -1  0  0  4  0 -3 -1 -1 -3 -1  0 1 1 0 30
-2 -1  5  2 -1 -1  1  0  0 -4 -4  0 -3 -4 -3  0  2 -5 -3 -2 1 1 1 75
 0  0  1 -2 -3  0 -1  4 -1 -2 -2  0 -1 -2  2  0 -2 -4 -3 -1 1 1 1 0
-1  4 -3 -3  1  0 -2 -4 -3 -2  2  2  0 -3 -1  0 -2 -4 -3 -1 1 0 1 15
-4 -7 -6 -7 11 -6 -7 -6 -6 -5 -5 -6 -5 -6  2 -4 -4 -6 -6 -4 1 1 1 0
-4 -5 -5 -5 -6 -5 -4 -5 -5 -6 -2 -4 -5 -6  9 -4 -4 -7 -6 -5 0 1 1 30
 3 -3  1 -3 -3 -1  0  1  1  0 -1 -3 -2 -3 -3 -1 -1  6 -2  0 0 1 1 60
-4 -7  0 -1 11 -6 -6 -6 -6 -5 -5 -6 -5 -6 -6 -4 -4 -6 -6 -4 0 1 1 30
-4  7 -3 -4 -6  1 -3 -5 -3 -6 -5  1 -4 -4 -5 -4 -4 -4  3 -5 1 1 1 55
 1  3  0 -2 -3  1 -1 -3  0 -2 -2  3 -1 -4 -3  1  2 -4 -3 -2 1 1 1 55
-1  0 -2  2 -4  0  1 -2 -3 -3 -2  1 -3 -5  6 -1 -1 -5 -4 -1 1 0 1 65
-2 -4 -5 -5  1  2 -4 -6 -2 -4 -2 -4 -3  3 -6 -3 -4 -1  8 -4 1 1 1 5
 0 -2  0  4  0 -2  0  0 -3 -3 -3  1 -3 -4  4  0  0 -5 -4 -3 1 1 0 60
-2  0  0  2 -1  1  5 -2 -1 -4 -4  1 -3 -5  2  0 -1 -5 -4 -3 0 1 1 40
 0  1  1  3 -2  0  3  0 -1 -3 -2  1  0 -4 -2  1 -1 -4 -3 -2 1 1 1 80
-1 -1  2  1 -2 -2  0 -2 -2 -2 -3  1 -2 -2  4  1  1 -4 -3  1 1 1 0 15
 2 -3 -3 -3 -2 -1 -3 -3 -1  4  0  0  0  2 -3  0 -2 -3 -2  2 1 1 0 70
-1  0 -1  0 -3  2  3 -2 -1  1 -1  1 -1 -3 -2 -1 -1 -4 -3  2 1 1 1 85
-2 -3 -2 -4 -4 -3 -3  2 -1 -3 -2 -1 -1  5 -4 -3 -1  4  6 -2 1 1 1 70
-2  2  2  0 -3  2  1 -3 -1 -2 -1  4  2 -3 -2 -1 -1 -4 -3 -2 1 1 1 65
 2  1 -2 -2 -3  1 -1 -2 -1 -2 -2  0 -2 -3  5 -1  0 -4 -3  0 1 1 0 80
 0 -1 -3 -3  0 -2 -1 -3 -3  2  2 -2  1 -1  0  0 -1 -3 -2  2 1 1 1 85
-1  0  0  3 -3 -1  0 -1 -2 -3 -4 -1 -3 -4 -1  3  3 -4 -3 -1 1 1 1 50
 2  1 -2 -2  3  3  1 -2  1 -3 -3  0 -2 -4  4  0 -1 -4 -3 -1 1 1 1 60
-2 -2 -1  2 -5  1  6 -4 -2 -5 -5  0 -4 -5 -3 -1 -2 -5 -4 -5 1 1 0 85
-1  3 -2  1 -5  3  5 -4 -2 -5 -4  1 -3 -5 -3 -1 -2 -4 -4 -4 1 1 0 70
-1 -3 -3 -2 -2 -2 -1 -2  1  2  3 -2  2  2 -3 -3 -2  1  1  2 1 1 1 65
 2  1 -1 -2 -3  3  0 -2  0 -1 -2  3  1 -4 -2 -1 -2 -4 -3 -1 1 1 1 75
-2  5 -1 -2 -4  3  0 -3  1 -4 -2  4 -2 -4 -3 -1 -2 -4 -2 -3 1 1 1 75
-2 -3 -4 -4 -2 -3 -4 -4 -4  3  5 -3  2  0 -4 -3 -2 -3 -2  1 1 1 1 95
