 0 -2  0 -1 -3 -2 -2  6 -2 -4 -4 -2 -3 -3 -2  0 -2 -3 -3 -3 1 1 1 95
 3 -2 -1  0 -1 -1 -1 -1 -2 -2 -3 -1 -2 -3 -2  3  2 -3 -2 -1 1 1 1 75
 0 -4 -4 -4 -2 -3 -4 -4 -4  5  1 -3  0 -1 -4 -3 -1 -4 -2  3 1 1 1 95
 1  0  3 -1 -2  1 -1 -2 -1 -2 -2  3 -2 -3 -2  0  3 -4 -2 -1 1 1 1 75
-3 -2 -1 -3 -5 -1 -2 -4 10 -5 -5 -2 -3 -3 -4 -3 -3 -4  0 -5 1 1 1 25
-3  6  3 -2 -5  0 -1 -1 -1 -4 -4  1 -3 -4 -3 -2 -2 -4 -3 -4 1 1 1 70
-4 -4 -4 -5 -4 -4 -5 -5 -2 -2 -1 -4 -1  8 -5 -4 -4  0  4 -2 1 0 0 45
 1 -2  1 -1 -2 -1  0 -2 -2 -2 -2 -1 -2 -3 -2  3  4 -4 -3  0 1 0 0 25
-1  3  1 -2 -3  0 -1 -3 -1 -3 -2  4 -1 -3  0  0  2 -3 -1 -2 1 0 0 70
 0  1 -1 -2  1  1 -1 -1 -2 -3 -3  4 -2 -3  1  0  1  3 -2 -3 1 0 0 40
-1 -2 -2 -2 -2 -2 -2 -3 -2  1  0 -2  0  4 -3  1  2 -1  2  0 1 1 1 45
-2 -2  1 -3 -3 -2 -2  2 -2 -2 -1  1 -2  4 -3 -2 -2  8  1 -3 1 1 1 60
-1 -3 -3 -4 -2 -2 -3 -3 -3  1  3 -3  4  4 -3 -2 -2 -1  0  1 1 1 0 80
 1 -1 -1 -2 -2 -1 -1 -2 -2  0  0 -1  4 -2  0  3  2 -3 -2 -1 1 1 0 90
 1 -1 -1 -2 -2  4  0 -1 -1 -2 -1  1 -1 -3  1  0  2 -3 -2 -2 1 1 1 35
 0 -1  0 -1 -2 -1 -2 -2  1  1 -1 -1  0 -1 -2  1  4 -3 -2  1 1 1 1 40
-2 -5 -5 -5 11 -5 -6 -4 -5 -3 -3 -5 -3 -4 -5 -3 -3 -4 -4 -2 1 1 1 0
-2 -1  1  5 -4  3  0 -1  1 -2 -3  0 -1 -2 -2 -1  1 -4 -2 -3 1 1 0 55
-2 -3 -3 -4 -2 -1 -3 -4  1  0  1 -3  0  3 -3 -1 -2  3  5  2 1 1 0 25
-2 -5 -5 -5 11 -5 -6 -4 -5 -3 -3 -5 -3 -4 -5 -3 -3 -4 -4 -2 1 1 0 15
-2  3  1  0 -4  4  2  1 -1 -4 -3  2 -2 -4 -2 -1 -1 -3 -3 -3 1 1 1 70
-2  4 -1 -2 -4  0  1 -3 -2 -4 -4  6 -3 -4 -2 -1 -2 -4 -3 -4 1 1 1 60
 0 -1  1 -1 -2  3 -1 -1 -1  0  0 -1 -1 -1  2  1 -1 -3  0 -1 1 1 0 95
-2 -3 -4 -4 -2 -2 -4 -4 -3  2  3 -3  7 -1 -4 -3 -2 -3 -2  2 1 1 0 35
-3 -3 -4 -5 -3 -3 -4 -4 -2  0  1 -3  5  6 -4 -3 -2  2  2  1 1 1 1 30
-2 -2 -2 -3 -3  2 -2 -3  4  0 -1 -2  1  5  0 -1 -2  2  1 -1 1 1 1 40
-1  1  0 -2 -3 -2 -2  6 -2 -4 -4 -1 -3 -4  0 -1 -2  2 -3 -4 1 0 0 10
-2 -3 -4 -4 -2 -3 -3 -4 -3  1  3 -3  2  3 -3 -3 -1 -1  1  3 1 0 0 5
-1  4 -1 -2 -4  2  0 -2 -1 -3 -3  5 -2 -4 -2 -1  0 -4 -2 -3 1 0 0 45
-1 -5 -4 -5 11 -4 -5 -4 -4 -2 -2 -4 -3 -4 -4 -2 -2 -4 -4 -2 1 0 0 -5
-1  2 -1 -1 -3  2  0 -2 -1 -2 -2  5 -2 -1 -2  0  1 -3 -2 -2 0 1 1 25
-2  0  1  4 -3  0  2 -2  3 -2 -1  0  0 -2 -2 -1  1 -3 -1 -2 0 1 1 70
-1 -4 -3 -4 10 -4 -4 -3 -4 -2  0 -4 -2 -3 -4  0 -2 -3 -3 -2 0 1 1 30
-1  2 -1 -1 -4  2  0  2 -1 -4 -3  4 -2 -4 -2  0 -1 -3 -3 -3 0 1 1 65
-2 -3 -3 -4 -3 -3 -3 -4  0  0  2 -3  0  4 -4 -3 -2  1  6  0 1 0 0 40
-1  3  0 -2 -3  0  0 -3 -1  1 -2  4 -1 -3 -2 -1  0 -4 -2  0 1 0 0 55
-2 -5 -4 -5 10 -4 -5 -4 -4 -2 -1 -4 -2  2 -4 -2 -2  2 -2 -2 1 0 0 5
-3 -2 -1 -3 -5 -1 -1 -4 10 -5 -4 -2 -3 -3 -4 -2 -3 -4  1 -5 1 1 0 5
-1  2  4 -1 -3  3  0 -2  1 -3 -3  3 -2 -1  0  0 -1 -3 -2 -3 1 1 0 45
-1  3  0  2 -4  1  2 -1  1 -4 -3  4 -2 -4 -2  1 -1 -4 -2 -3 1 1 0 65
-2 -5 -4 -5 11 -4 -5 -4 -5 -3 -3 -5 -3 -4 -4 -2 -2 -4 -4 -2 1 1 1 25
 3 -2 -1 -2 -1 -1 -1  0 -2  0 -1 -1  0 -2 -2  2  3 -3 -2 -1 0 1 1 60
-1  2  2  0 -3  2  0 -2  3 -3 -3  4 -2 -3  1  0  0 -4 -2 -3 0 1 1 95
-1  1 -1  2 -3  0  3 -3  2 -1 -2  2 -1 -2 -2 -1 -1 -3  0  2 0 1 1 65
 3 -3 -3 -3 -2 -2 -2 -2 -3  0 -1 -2 -1 -2  4 -1  0 -4 -2  2 1 1 0 10
-1 -3 -3 -3 -4 -2 -2 -3 -3 -4 -4 -2 -4 -5  8 -2 -2 -5 -4 -3 1 1 1 80
 1 -1 -1 -1 -2 -1 -1 -1 -2 -2 -1  0 -2 -3  3  4  1 -4 -2 -1 1 1 1 85
-1 -4 -4 -5 10 -4 -5 -4 -4 -2 -2 -4 -2 -3 -4 -2 -2 -3 -3 -2 1 1 1 30
-2  6 -1 -2 -4  1  0 -3  0 -3 -3  3 -2 -3 -2 -1 -1 -3 -2 -3 1 1 1 95
