-1  2  0 -1 -3  1  1 -2 -1 -3 -3  5 -2 -3 -1  0 -1 -3 -2 -3 0 0 1 60
-1  3  0 -1 -3  1  0  1 -1 -3 -3  4 -2 -3 -1  0 -1 -3 -2 -3 0 0 1 65
-1  2  0 -1 -3  1  1 -2 -1 -3 -3  5 -2 -3 -1  1 -1 -3 -2 -2 1 1 1 60
 0 -2 -2 -2 -2 -1 -1 -2 -2 -2  0 -1 -1 -3  6  0  0 -3 -2 -1 1 1 1 70
 0 -2 -2 -3 -1 -2 -2 -3 -2  1  3 -2  2  0 -2  0 -1 -2 -1  1 1 1 1 70
-2 -2  1  6 -4  0  2 -2 -1 -3 -4 -1 -3 -4 -2  0 -1 -4 -3 -3 1 1 1 55
 0  1 -1  0 -3  0  2  4 -1 -3 -3  0 -2 -3 -2  0 -1 -3 -3 -3 1 1 1 55
-1  0  0  1 -4  2  5 -2  0 -3 -3  2 -2 -3 -1  0 -1 -3 -2 -3 1 1 1 70
-2 -2 -2 -3 -2 -2 -2 -3  1  0 -1 -2 -1  3 -3 -2 -1  2  7 -1 1 0 0 50
-2 -3 -3 -3  2 -3 -3 -3 -2  0  0 -3  0  6 -4 -1 -2  1  3 -1 1 0 0 30
 0 -1  0 -1 -1 -1 -1 -2 -2  0 -1 -1 -1 -2 -1  1  5 -3 -2  0 1 0 0 60
-2 -2 -4 -4 -1 -2 -3 -4 -3  2  4 -3  2  1 -3 -3 -1 -2 -1  1 1 0 0 10
-1  1  0 -1 -3  5  1 -2  0 -3 -2  3 -1 -3 -1  0 -1 -3 -2 -2 1 0 0 55
-1 -3 -3 -3 -1 -3 -3 -4 -4  5  1 -3  1  0 -3 -3 -1 -3 -2  3 1 0 0 0
-2  5  0 -2 -4  1  0 -3  4 -3 -3  2 -2 -3 -2 -1 -1 -3 -1 -3 1 0 0 45
 0 -3 -1 -2 -3 -2 -2  6 -2 -4 -4 -2 -3 -3 -2  0 -2 -3 -3 -3 1 1 0 20
-2  5  0 -2 -4  1  0 -2  4 -3 -2  2 -1 -1 -2 -1 -1 -3 -1 -3 0 0 1 60
-1  0  0  1 -3  2  4 -2  1 -3 -3  2 -2 -3 -1  0 -1 -3 -2 -2 0 0 1 65
-1  5  0 -2  4  0 -1 -2 -1 -3 -2  1 -1 -3 -2 -1 -1 -3 -2 -2 0 0 1 20
-2 -2 -3 -3 -2 -2 -3 -3  0 -1  0 -2  0  5 -3 -2 -2  1  5 -1 0 0 1 15
-1  1  0  1 -3  2  5 -2  0 -3 -3  2 -2 -3 -1  0 -1 -3 -2 -2 0 0 1 40
-1 -2 -2 -3 -1 -1 -2 -3 -2  2  2 -2  5  0 -3 -2  0 -2 -1  2 0 0 1 35
-2 -3 -3 -4 -2 -3 -3 -3 -2  0  2 -3  1  6 -4 -3 -2  0  2 -1 0 0 1 0
-1  5 -1 -2 -3  2  0 -2 -1 -2  0  2  0 -2 -2 -1 -1 -3 -2 -2 0 0 1 40
-1  1  1  1 -4  2  4 -2  0 -3 -3  3 -2 -3 -1  0 -1 -3 -2 -3 0 0 1 35
-2 -2 -4 -4 -1 -2 -3 -4 -3  2  4 -3  2  0 -3 -3 -1 -2 -1  1 0 0 1 25
-2 -1  6  1 -3  0  0 -1  0 -4 -4  0 -2 -3 -2  0  0 -4 -2 -3 0 0 1 10
-1  0  0  3 -4  2  5 -2  0 -3 -3  1 -2 -4 -1  0 -1 -3 -2 -3 0 0 1 40
 4 -2 -2 -2 -1 -1 -1  0 -2 -1 -1 -1 -1 -2 -1  1  0 -3 -2  0 0 0 1 20
-2 -2 -4 -4 -1 -2 -3 -4 -3  1  4 -3  2  0 -3 -3 -1 -2 -1  1 0 0 1 20
-1  0  0  1 -4  2  5 -2  0 -4 -3  1 -2 -4 -1  0 -1 -3 -2 -3 0 0 1 40
-2 -2 -4 -4 -1 -2 -3 -4 -3  2  4 -3  2  1 -3 -3 -1 -2 -1  1 0 0 1 45
-1  2  0 -1 -3  2  1 -2 -1 -3 -2  5 -1 -3 -1  0 -1 -3 -2 -2 0 0 1 50
-2 -2  1  6 -4  0  2 -2 -1 -3 -4 -1 -3 -4 -2  0 -1 -4 -3 -3 0 0 1 50
 4 -2 -2 -2 -1 -1 -1  0 -2  0 -1 -1 -1 -2 -1  1  0 -3 -2  1 0 0 1 65
-1  1  0 -1 -3  4  1 -2  3 -2  0  1  0 -2 -2 -1 -1 -2 -1 -2 0 0 1 65
 4 -1 -1  0 -1 -1 -1  0 -2 -2 -2 -1 -1 -2 -1  2  1 -3 -2 -1 1 1 1 80
 1  1 -1 -1 -2  0  1  4 -1 -3 -2  1 -2 -3 -2  0 -1 -3 -2 -2 1 1 1 90
-1  3  0 -1 -3  1  1 -1 -1 -3 -3  4 -2 -3 -1  0 -1 -3 -2 -3 1 1 0 80
-1  0  0  3 -4  3  5 -2  0 -3 -3  1 -2 -4 -1  0 -1 -3 -2 -3 1 1 1 85
 0 -2 -1 -1 -3 -1 -1 -2 -2 -3 -3 -1 -3 -4  7  1 -1 -4 -3 -2 1 1 1 95
 0 -2 -1 -1 -3 -2 -2  6 -2 -4 -4 -2 -3 -3 -2  0 -2 -3 -3 -3 1 1 1 95
