-1 -3 -1 -2 -4 -3 -3  7 -3 -5 -5 -3 -4 -4 -3 -1 -3 -4 -4 -4 1 1 1 80
-1 -2 -2  0 -3  0  4  1 -2 -1 -1 -1 -2  0  0 -1  0  2 -2  1 1 1 1 65
 0 -1  1  0  1  0  1 -2  2  0 -2  0 -1 -2  2  1 -1 -3  0  0 1 0 0 30
-3 -5 -3 -6 -4 -4 -5 -6 -2  0  0 -5 10 -1 -6 -3 -2 -5 -4  0 1 0 0 10
-1 -5 -4 -6 -5 -4 -3 -6  3  0 -2 -4 10 -3 -4 -4  0 -5 -1 -1 1 0 0 65
-2  2 -1 -1 -4  2  2 -4 -1 -1 -1  2  1 -4 -2 -1  2 -4 -1 -1 1 0 0 70
 1 -2 -3 -4 -3  0 -3 -2 -4  1  1 -2 -1 -3 -3  0  5 -5 -4  1 1 1 1 40
-1  2  0 -2 -4  3  0 -3 -1 -1 -3  4 -1 -4 -2  0  3 -5 -3  0 1 0 0 25
-2 -5 -6 -6 -4 -5 -6 -6 -6  5  3 -5  0 -2 -6 -5 -3 -5 -4  4 1 0 0 10
-1  4 -2 -3 -3  4 -2 -3 -1 -2 -4  3 -3  0 -4  0 -1 -5 -2 -2 1 0 0 25
-3  3 -3 -4 -7  2 -2 -5 -2 -6 -6  7 -5 -7 -3 -3 -3 -7 -5 -6 1 0 0 55
-4 -4 -2 -6 -1 -1 -6 -6 -3  2 -3 -6  0 -3 -6 -1 -3 11 -1  0 1 0 0 35
-4 -6 -4 -2 -6 -6 -6  8 -6 -7 -7 -5 -7 -7 -6 -3 -5 -6 -7 -7 0 1 1 70
-5 -4  8 -1 -7 -2 -4  1 -1 -7 -7 -2 -6 -2 -6 -3 -4 -7 -6 -7 0 1 1 85
 0 -3 -1 -4 -5 -2 -4 -1 -2 -6 -6 -2 -5 -6 -5  7 -2 -7 -6 -3 1 0 0 30
 1  0 -1 -3 -3  3 -2 -4  0  0  3  1  0 -2 -2 -1 -2 -4 -2  0 1 0 0 15
 4 -5 -4 -4 -4 -4 -4  5 -5 -2 -4 -4  2 -5 -4 -1 -2 -5 -5  0 1 0 0 5
-2 -5 -4 -6 -4 -5 -5 -5 -5  5  3 -5  1  0 -5 -4 -2 -5 -3  4 1 0 0 10
-1  7 -3 -5 -3 -2 -3 -4 -2  0 -4 -1 -4 -5 -2 -1  1 -6 -5 -1 1 0 0 45
-4 -6 -6 -6 -4 -6 -6 -7 -6  6  4 -6  0  0 -6 -5 -4 -5 -4  2 1 1 1 10
-4 -6 -2 -4 -7 -6 -5 -4 -6 -7 -7 -4 -7 -8  8  0 -2 -8 -7 -7 1 1 1 25
 3  1 -1 -3 -5  0 -2 -2  0 -4 -4  5 -1 -5  1  0 -2 -6 -3 -2 0 0 1 35
 3 -2  2  2 -3  0  1 -1  1 -2 -3 -1 -2 -4  0  2  0 -5 -2 -1 0 0 1 45
-3 -5 -6 -6 -1 -4 -4 -6 -3  4  3 -5  2  3 -5 -4 -2  0 -1  3 0 0 1 15
 2 -3 -5 -5 -2 -4 -4 -4 -5  1  4 -3  2 -2 -4 -2 -1 -4 -4  1 0 0 1 10
 0  2  1  2 -3  2  3 -2 -1 -3 -4  2 -3 -3 -3 -1 -1 -4 -1 -4 0 0 1 50
 1  0 -1  1 -4  4  3 -3 -1 -2 -1  1  0 -3 -3  0 -1 -4 -2 -1 0 0 1 40
 2 -3 -2 -4  1 -2 -3 -3  0  1  3 -3  2  0 -1 -1 -1  0 -1  0 0 0 1 25
-2  0  3  1 -3  1  0  4  4 -5 -5  0 -4 -5 -4 -1 -3 -5 -4 -4 0 1 1 75
-2 -5 -5 -6  0 -5 -5 -5 -5  3  5 -5  2  1 -5 -5 -4  4 -3  1 1 1 1 10
 0  1  1  2 -2  1  1  0  3 -2 -3  2 -2 -3 -2  1  1 -4 -3 -2 1 1 1 60
 0 -1  0  1 -3  0  3 -2 -3  1 -1 -1 -1 -2  1 -1  0 -4 -3  1 0 1 1 30
-2 -4  2  3 -5 -2 -1  5 -1 -4 -5 -3 -5 -3 -3 -1 -2 -5 -2 -5 0 1 1 55
-1 -3  0  5  0  3  0 -2 -1 -2 -3 -2 -1 -5 -2  2  1 -5 -3 -2 1 1 1 25
-1  1  0  1 -1  1  3 -3  0 -1 -2  2 -1 -2 -1  0  2 -4 -3  0 1 0 0 35
-1 -4 -4 -4 -3 -3 -1 -4 -4  2  2 -4  3  2 -4 -3 -3  4  1  4 1 0 0 10
-1  0  0  2 -4  0  3 -1  1  0 -2  0 -2 -1 -1  0  0 -4 -3 -1 1 0 0 35
 0 -4 -4 -4  1 -3 -4 -4 -4  3  2 -3  2  0 -1 -2  0 -3  0  3 1 0 0 15
 0  1  0  0 -3  1  2 -2  2 -1 -2  1 -1 -2 -3  1  1  0 -1 -1 1 0 0 30
-1 -2 -1 -3 -3  0  0 -2 -4  2  1 -2  1 -1 -2 -2 -1 -4 -1  4 1 0 0 35
-1  1 -1  1 -4  2  4 -2  0 -1 -2  1 -1 -4 -1  0  0 -4 -2 -1 1 0 0 45
-1 -2  4  4 -5 -1  1  2  0 -5 -5  0 -4 -5 -1 -1 -2 -5 -2 -5 0 1 1 80
-2 -1  2  2 -5  0  0  5  0 -4 -4  0 -4 -5 -2 -2 -2 -5 -4 -4 0 1 1 50
 0  3  0 -1  0  1  1  2 -1 -2 -3  2 -1 -3 -3  0  1 -4 -2 -2 1 0 0 35
-2 -4 -5 -3 -4 -4 -3 -5 -5  5  3 -3  2  1 -5 -3 -2 -4 -3  2 1 0 0 10
-2 -1 -3 -4  0 -2 -2 -4 -4  4  0 -2  1  1 -4 -2  1 -4 -2  3 1 0 0 10
-1 -5 -5 -5 -4 -3 -2 -5 -5  5  3 -4  0 -1 -5 -3 -2 -4 -4  3 1 0 0 10
-2  3 -1 -2 -4  0  2 -3 -1  0 -1  3 -1 -3 -3  0  2 -4 -2  0 1 0 0 25
 0  2 -1 -3 -2 -2 -2 -3 -4 -3 -3  0 -1 -5  7 -1 -2 -5 -4 -3 1 0 0 30
 1 -1 -1 -3 -1 -1 -1 -2  1  2  0  1  0 -1 -1 -1  0 -1 -1  2 1 1 1 45
 0  3  0 -1 -4  1  0 -1 -1 -2 -3  4 -3 -3  0  0  0 -2 -3 -2 1 1 1 65
-1  2 -1 -1 -4  0  0 -2  0 -2 -3  4 -3 -4  3  0  0 -4 -2 -2 1 1 1 70
-1  3 -1  0 -4  1  0 -1  0 -1 -2  3 -2 -1  0 -1  0 -2 -1 -2 1 1 1 85
 0  1 -1 -1 -4 -1  0 -2 -2 -3 -2  3 -3 -3  5 -1 -2 -4 -4 -3 1 1 1 25
-1  4 -1  0 -2  1  1 -1  1 -2 -2  2 -2 -2 -1  0  0 -1 -1 -1 1 1 1 85
-1 -1 -2 -1 -3 -1  0 -2 -1  0  1  0 -1  2 -1 -1 -1  0  5 -1 1 1 1 20
-1  0  1  0 -1 -1 -2 -2 -1 -2 -2  0 -1 -2 -3  3  4 -1 -1 -2 1 1 1 50
-3 -2 -6 -4 -5 -5 -2 -6 -6  2  6 -5  1 -1 -6 -4 -3  2 -2 -1 0 0 1 25
 2 -3 -1  3 -6  0  5 -3  1 -5 -4  0 -3 -6 -3 -1 -3 -6 -4 -4 0 0 1 40
-2  1 -3  4 -7  2  6 -4 -2 -5 -5  0 -2 -6 -5 -2 -2 -1 -4 -5 0 0 1 40
-3  2 -4 -4 -5 -3 -4 -6 -5 -1  6 -1  2 -3 -5 -4 -3 -5 -1 -2 0 0 1 0
-3 -4 -4 -6 -1 -5 -6 -6 -5  2  5 -4  1  4 -6 -4 -3  0 -3  1 0 0 1 0
 5 -2 -1  0 -2  1  2 -2 -4 -3 -4  1 -3 -3 -4  1 -1 -5 -2 -3 0 0 1 65
 0  1  0  1 -2  3  2  2 -3 -4 -2  1  0 -5 -4 -1 -2 -5 -3 -3 0 1 1 60
-2 -4 -3 -4  5 -5 -4 -5 -2  4  0 -5  4  3 -5 -3 -2  3  3  1 1 1 1 0
-1 -1  1  4 -4  0 -1  0  0 -4 -4  0 -3 -3  0  1  4 -5 -2 -3 1 1 1 30
 1 -4 -2  2 -5  1  2  1 -4 -4 -4  0 -4 -2  5 -1 -2 -5 -2 -4 0 1 1 85
 0 -2  0  3 -5  1  4 -2  0 -4 -3  2 -4 -5 -1  0 -1 -5 -1 -3 0 1 1 75
-1 -1  5 -1 -4  0  0  1 -2 -2 -3  1 -1 -2 -1 -1  0 -4  3 -3 0 1 1 10
-1  2 -2 -1 -3  0  0 -3  2  1  1  0  0  0  1 -1 -1 -3  0  0 1 1 1 30
-1 -2 -1  1 -2 -1  1 -1  8 -3 -4 -1 -1 -3  2 -1 -1 -1 -1 -5 1 1 1 5
 1 -1 -1  1  0 -1  3  1 -1 -2 -3  1 -4 -3  2  1 -1 -2 -4 -2 1 1 1 85
-1 -3 -2  2 -3 -1  6 -4 -4 -3 -2 -1 -3 -6 -3 -1 -1 -3 -5 -3 1 1 1 25
 0 -1 -2 -1 -2 -2  0 -4 -2  4  0 -3  0 -1 -2 -3 -1  3  0  3 1 1 1 15
-2 -4  0  7 -6 -2  2 -3  0 -4 -4 -4  1 -3 -3  0 -3 -7 -4 -3 1 1 1 80
-1 -4 -4 -4 -4 -3 -4 -6 -6 -4 -1 -2 -1  4 -4 -1  1 10 -2 -2 1 1 1 10
 1 -5 -2  1 -3 -3 -3  6 -3 -4 -3 -4 -2 -1 -5  0 -1 -5 -3 -4 1 1 1 20
 0  0  0  0 -5  1  4 -1 -2 -4 -5  3 -4 -4  3  0 -1 -5 -4 -3 1 1 1 65
 2  0 -4  0 -5 -3 -3 -5 -5 -3 -5 -3 -2 -5  7  1 -3 -6 -4 -3 1 1 1 70
-1 -2 -4 -4 -4  1  1 -4 -3  1 -1 -1  0 -4 -5 -2  0 -5 -4  5 0 1 1 40
-4 -7 -5 -2 -7 -6 -4  7 -6 -8 -8 -4 -7 -8 -4 -4 -6 -7 -7 -4 0 1 1 20
 0  3  3  1 -5  0  1 -1 -1 -4 -4  3 -3 -5 -4  0 -2 -5 -4 -5 1 1 1 45
-6 -5 -5 -3 -9 -3  8 -7 -5 -8 -8 -2 -7 -8 -6 -5 -6 -8 -7 -7 1 0 0 45
 1 -2 -3 -3 -2 -2  0 -5 -3  3  3 -1  1 -1 -3 -2 -2 -4 -2  2 1 1 1 35
-7 -7 -8 -9 -7 -6 -7 -7 -7 -7 -6 -8 -6 -3 -8 -7 -7 13  1 -7 1 1 1 45
