-2  5 -1 -2 -4  1  0 -3 -1 -4 -3  4 -2 -4 -2 -1 -1 -3 -2 -3 1 1 1 95
 1  1 -1 -1 -3  0  1 -2 -2 -3 -3  3 -2 -4  4  0  1 -4 -3 -2 1 1 1 65
 0  0 -1  3 -3  2  3 -2 -1 -2 -2  1  1 -3 -2  0  2 -3 -3 -1 1 1 1 55
-1 -2  0  5 -4  0  4 -1 -2 -3 -4 -1 -3 -4 -2  0  0 -4 -3 -1 1 1 1 60
 1  1 -1  1 -3  0  1  0 -2 -1 -2  3 -2 -3  0  0 -1  3 -2 -2 1 1 0 25
-2  0  1  4 -4  0  3  0 -1 -1 -2  1 -2 -3  0 -1 -2 -4 -3 -2 0 1 1 30
-2 -2 -1  2 -3  0  2  1 -2  0  0 -2  6 -2 -3 -1 -2 -4 -3 -2 0 1 1 60
 0  0 -2 -3 -2 -1 -2 -4 -3  2  1 -2  4 -2  1 -2 -1 -3 -2  3 0 1 1 40
-2 -3  2  6 -5  0  2 -3 -2 -5 -5 -1 -4 -5 -3  1 -2 -6 -4 -3 0 1 1 45
-1 -4 -4 -5 -3 -3 -4 -5 -4  2  2 -4  1 -2  0 -3 -1 -3  1  5 0 1 1 0
 1  0  0  1 -3  0  1 -2 -1 -3 -3  3 -3 -4 -2  2  2 -4 -3 -3 0 1 1 30
 0  0  0  2  3  3  2  0 -2 -3 -2  1  0 -3 -2  1  0 -4 -3 -1 0 1 1 65
-3 -4 -5 -6 -3 -4 -5 -6 -5  0  6 -2  3  0 -5 -4 -3 -4 -3 -1 1 1 0 10
-1 -1  1 -1 -3 -2 -2 -3 -3 -3 -4 -2 -3 -5 -3  5  5 -5 -4 -3 1 1 1 45
-2 -4  4  7 -5 -3 -1 -3 -1 -5 -6 -3 -5 -6  1 -1 -3 -6 -5 -5 1 1 0 30
 0 -2  0  3  1  1  4 -1 -2 -3 -3  0 -2 -4 -3  0 -1 -4 -1  0 0 1 1 75
-1 -2 -1  3 -5  1  6 -3 -2 -5 -5  0 -2 -5 -3 -1 -2 -5 -3 -4 0 1 1 55
-4 -5 -6 -6 -3 -4 -5 -6 -5  2  6 -5  0 -2 -5 -5 -3  0 -3  0 0 1 1 -5
-1  5 -2 -3 -2  2 -2 -3  0 -1 -2  3 -2  0 -3 -1 -2 -4  0 -2 0 0 1 35
 1  0  1  1  0  1  2 -2  1 -2 -2  1 -1 -3 -2  1  0 -3 -1 -2 0 0 1 70
-2  1 -2 -1 -4  4  4 -4  0 -3 -1  1  0 -4 -3 -1 -2 -4 -3 -1 0 0 1 10
-4 -5 -6 -6 -4 -5 -5 -6 -5  1  6 -5  0 -2 -5 -5 -3 -4 -3  0 0 0 1 -5
 0  2 -1  0 -3  0  0 -3 -1  1  1  2  2 -2 -3 -1 -1 -3 -2  1 0 0 1 60
-1  2 -1 -1 -4  1  2 -3 -1 -3 -3  4 -3 -1 -3  0 -1 -4 -2 -2 0 1 1 55
 0 -1 -3 -4 -2 -3 -3 -4  6 -3  1 -3 -2  3 -4 -2 -3  0  6 -2 0 1 1 30
-2 -5  1 -1 -5 -4 -4  7 -4 -6 -6 -4 -5 -6 -5 -3 -4 -5 -6 -6 0 1 1 80
 0 -3 -3 -1  0 -2 -1 -4 -3  3  1 -2  2  3 -4 -3 -2 -2  2  2 1 1 1 10
-1  0  3  1 -3  0 -1 -2 -1 -1 -2  3 -1 -4  2  2  0 -4 -3 -2 1 1 1 85
 0 -4 -2 -4  4 -3 -3 -1  4 -1 -3 -3 -3 -4  6 -2 -2 -5 -3  2 1 1 1 10
 0 -5 -3 -4 -5 -4 -5  7 -5 -6 -4 -4 -2 -5 -5 -3 -4 -5 -5 -5 1 1 1 50
-4 -5 -5 -5 -6 -4 -4 -5 -5 -5 -6 -4 -5 -7  8 -4 -4 -7 -6 -1 1 1 1 65
-3 -5 -5 -6 -3 -5 -5 -6 -6  7  0 -5 -1 -3 -5 -4 -3 -5 -4  4 1 1 1 5
-2 -3 -1 -2 -3 -3 -3 -2 -4  0  1 -3  2 -3 -4 -2  4 -4 -3  4 1 1 1 55
 2  0  0  1 -3 -1  1  2  0 -4 -4  0 -3 -4  3  1 -1 -4 -3 -3 0 1 1 55
-2  0  1 -3 -3 -1 -2 -3 -3 -4 -4 -2 -3 -2 -3  4  5 -5 -4 -3 0 1 1 80
-3 -4 -3 -4 -4 -4 -4 -5 -5 -4 -4 -4 -4 -5 -4 -1  8 -5 -5 -3 0 1 1 15
-4  8 -3 -5 -6 -2 -3 -5 -3 -6 -5 -1 -4 -6 -5 -4 -4 -6 -5 -6 0 0 1 15
-1  1  1 -1 -4  1 -1  0 -1 -4 -3  5 -3  1  1  0 -1 -4 -2 -2 0 0 1 55
-1 -4 -4 -5 -3 -4 -4 -5 -4  2  3 -4  0 -2 -1 -3  0 -4 -3  4 0 0 1 55
-4 -5 -3 -6 -1 -4 -5 -6 -1 -4 -1 -5  0  3 -6 -4 -4 -1  9 -4 0 0 1 20
 0 -2 -3 -1 -5  0  6 -4  0 -1  0 -2 -1 -4 -3 -2 -3 -5 -4 -2 0 0 1 25
-3  2  1 -2 -5  0  0 -4 -3 -5 -5  7 -4 -5 -3 -1 -3 -5 -4 -5 0 0 1 30
-3  2 -1 -3 -5  0 -1 -4 -3 -5 -2  7 -3 -3 -3 -2 -3 -5 -4 -4 0 0 1 55
-3 -4 -6 -6 -3 -4 -5 -6 -5  2  6 -5  0 -2 -5 -4 -3 -4 -3  0 0 1 1 -5
 0  1  0 -2 -1  3  0 -2 -1 -1  0  2 -1  0 -2 -1 -1 -3 -1  0 0 0 0 0
 0  2  2 -1 -2  2  2 -3 -2 -4 -2  4 -1 -4 -3 -1 -1 -4 -3 -3 0 0 0 65
 0 -2 -5 -5 -3 -3 -4 -5 -1  0  5 -2  1  0 -4 -3 -3 -3  1 -1 0 0 0 55
-2  2 -3 -3 -3 -1 -1 -4 -3  2  3  0  3 -2 -4 -2 -2 -3 -2  0 0 1 1 5
 1 -1  0  2 -3  2  4  0 -2 -4 -4  0 -3 -4 -2  1  0 -4 -3 -3 1 1 0 35
-2  0  1  1 -4  4  3  0  0 -2 -3  1 -2 -4 -2  1 -2 -4 -3 -1 1 1 1 65
 1  2  0 -1 -3  0  0  4  0 -3 -2 -1 -2 -4  0  1 -1 -4 -3 -2 1 1 1 55
 0  0  0  0 -3  1  1 -1 -2 -2 -1  2 -2 -3  3  0  1 -4 -3 -2 1 1 1 85
 1 -1  1  0 -2  2  1  1 -2 -1 -1  0 -1 -3 -2  1 -1 -3 -2  0 1 1 0 70
 1  0  2  0 -3  2  0 -1  0 -3 -2  1 -2 -3  0  3  0 -4 -3 -3 1 1 0 95
-1  2 -1 -1 -3  2  1 -1  2 -2 -2  2 -2 -3  0  1  2 -3 -2 -2 1 1 1 80
 2  2 -1 -2 -2  0 -1 -1  0 -3 -3  0 -2 -3  0  3  0 -4 -3 -1 1 1 1 80
 1 -2  2 -1 -2 -1 -1 -1 -2 -4 -4 -1 -3 -4 -2  5  0 -4 -3 -3 1 1 1 95
