-1 -3 -3 -4 -1 -3 -3 -4 -4  3  2 -3  1 -1 -3 -2  0 -3 -1  4 1 1 1 90
-1  1  0  0 -3  6  2 -2  0 -3 -3  1 -1 -4 -2  0 -1 -2 -2 -3 1 1 1 80
-1 -2 -3 -3 -2 -2 -3 -4 -3  1  4 -2  2  0  1 -2  1 -2 -1  1 1 1 1 75
 2 -3 -3 -3 -1 -2 -2 -2 -3  2  0 -2  0 -1 -2 -1  0 -3 -2  4 1 1 0 75
-2 -1  0 -1 -4  0  0 -3  9 -4 -3 -1 -2 -2  1 -1 -2 -3  2 -4 1 0 0 80
-2  4  0  3 -4  1  2 -2  3 -4 -3  1 -2 -3  2 -1 -1 -4 -2 -3 1 0 0 90
-3 -3 -4 -4 -3 -4 -4 -4 -2  0  0 -4  0  7 -4 -3 -3  1  3 -1 1 1 1 80
 1 -1  0 -1 -1  0  0 -1 -1 -3 -3  0 -2 -3  3  4  1 -3 -2 -2 1 1 1 60
 0  0  0  1 -3  2  4  2 -1 -3 -3  0 -2 -4 -1  0 -1 -3 -2 -3 1 1 1 80
 0 -2 -3 -2 -2 -2 -2 -2 -3 -1  1 -2 -1 -2  7 -1 -1 -3 -3 -1 0 0 1 40
 1 -2 -2 -1 -2  0  2 -3 -2  2  0 -1  0 -2 -2 -1  0 -3 -2  3 0 0 1 40
-2 -3 -4 -4 -2 -3 -4 -4 -3  4  2 -3  3  0 -3 -3 -1 -3 -2  3 0 0 1 50
 1 -2 -1 -2 -1 -1 -2 -2 -2  2  0 -1  0 -2 -2  1  4 -3 -2  1 0 0 1 45
-2 -3 -4 -4 -1 -3 -3 -4 -3  2  4 -3  2  0 -3 -3 -1 -2 -1  2 0 0 1 35
-2 -4 -4 -4 -2 -3 -4 -4 -4  5  2 -3  1  0 -3 -3 -1 -3 -2  3 0 0 1 15
-2 -4 -4 -4 -1 -3 -4 -4 -4  5  2 -3  1  0 -3 -3 -1 -3 -2  3 0 0 1 45
-2 -3 -4 -4 -2 -3 -4 -4 -2  1  3 -3  1  6 -4 -3 -2  0  2  0 0 0 1 60
 0 -3 -1 -2  4 -2 -3  6 -3 -4 -4 -2 -3 -4 -3 -1 -2 -3 -3 -3 0 0 1 0
 0 -3 -3 -3 -1 -2 -3 -4 -4  3  1 -3  0 -1  2 -2  0 -3 -2  4 0 0 1 25
-1 -2 -3 -4 -2 -1 -2 -3 -2  1  2 -2  7  0 -3 -2 -1 -2 -1  1 0 0 1 60
 5 -2 -2 -2 -1 -1 -1  0 -2 -2 -2 -1 -1 -3 -1  1  0 -3 -2  0 0 0 1 45
 0 -3 -1 -2 -3 -2 -3  6 -3 -3 -4 -2 -3 -3 -3 -1 -2 -3 -3 -2 0 0 1 5
-1 -3 -4 -4 -1 -3 -3 -4 -4  4  1 -3  1 -1 -3 -2  0 -3 -2  4 0 0 1 25
-2 -4 -4 -4 -2 -3 -4 -4 -4  5  2 -3  1  0 -3 -3 -1 -3 -2  3 0 0 1 55
 0 -3 -1 -2 -3 -2 -3  7 -2 -4 -4 -2 -3 -4 -3  0 -2 -3 -4 -4 0 0 1 35
 0 -1 -1 -2 -1 -1 -1 -2 -2  1  0  0  1 -2 -2  1  5 -3 -2  0 0 0 1 10
-2 -4 -4 -4 -2 -3 -4 -4 -4  5  2 -3  1  0 -3 -3 -1 -3 -2  3 0 0 1 40
-2 -3 -4 -4 -2 -3 -3 -4 -3  2  5 -3  2  0 -3 -3 -1 -2 -1  1 0 0 1 65
-2 -3 -3 -4 -2 -3 -3 -4 -3  1  4 -3  2  4 -3 -1 -1 -1  1  0 0 0 1 75
-2 -3 -4 -4 -2 -3 -4 -4 -4  5  2 -3  1  0 -3 -3 -1 -3 -2  3 0 0 1 35
 1 -1  0 -1 -1 -1 -1 -1  0 -2 -2 -1 -2  0 -1  4  1 -1  3 -2 0 0 1 50
-2 -2 -3 -4 -3 -2 -2 -4  2 -2 -1 -2 -1  3 -4 -2 -2  2  8 -2 0 0 1 60
 0 -2 -1 -2  7 -2 -2  1 -2 -1 -2 -2 -1 -3 -2  2  0 -3 -2  0 0 0 1 40
-1 -3 -2 -3 -1 -2 -3 -3 -3  4  1 -2  1 -1 -3  0  0 -3 -2  2 0 0 1 60
-1  6  0 -2 -4  1  0 -2  0 -3 -3  2 -2 -3 -2  0 -1 -3 -2 -3 0 0 1 60
-2  6 -1 -2 -4  1  0 -3 -1 -3 -1  2 -1 -3 -3 -1 -1 -3 -2 -3 0 0 1 80
-2 -2 -4 -4 -2 -2 -3 -4 -3  2  4 -3  3  0 -3 -3 -1 -2 -1  1 0 0 1 85
-1  3 -2 -3 -2 -1 -2 -3 -2  3  0  0  0 -1 -3 -1  1 -3 -2  1 1 1 0 60
-1  2  0 -1 -4  1  1 -2 -1 -3 -3  5 -2 -4 -1  0 -1 -4 -2 -3 1 1 1 55
-1  3  0 -1 -4  2  1 -2 -1 -3 -3  5 -2 -4 -1  0 -1 -3 -2 -3 1 1 1 95
