 0 -2  0 -1 -3 -2 -2  6 -2 -4 -4 -2 -3 -3 -2  0 -2 -3 -3 -3 1 1 1 95
-2  0  6  1 -3  0  0 -1  3 -4 -4  1 -2 -3 -2  1 -1 -4 -2 -3 1 1 1 80
 1 -1  4  0  0 -1 -1 -1 -1 -3 -3  0 -2 -3 -2  4  0 -4 -3 -3 1 1 1 25
 1 -3 -3 -3 -3 -2 -2 -3 -3 -3 -3 -2  1 -4  7  0 -1 -4 -3 -2 0 0 1 70
 1 -1 -1  3 -4  1  5 -2 -1 -4 -4  0 -3 -4 -2 -1 -2 -4 -3 -3 0 0 1 55
 0 -1 -1  2 -4  2  6 -3 -1 -1 -3  0 -3 -4 -2 -1 -2 -4 -3 -3 0 0 1 5
 0 -2 -1  4 -4  0  5 -3 -1 -4 -4 -1 -3 -4 -2 -1 -2 -4 -3 -3 0 0 1 50
 2 -2 -2  1 -2  1  1 -2 -2  0 -1 -1 -1 -3  1  0  0 -3 -2  2 0 0 1 55
 1 -1  2  0  2  0  4  0 -1 -1 -3  1 -2 -3 -2  0 -1 -4 -3 -2 0 0 1 15
-2 -2 -1 -3 -2 -2 -3 -4 -2  1  4 -1  2  1 -3 -3 -2 -2  1  0 0 0 1 10
-1  2 -1 -2 -4  0  0 -3  2 -2 -3  5 -2 -3 -2  0 -1 -3  1  0 0 0 1 65
 0  1  2 -1 -3  2  1 -2 -1 -3 -3  4  1 -3 -2  0  0 -4 -3 -2 0 0 1 45
 0 -3 -4 -4 -2 -3 -4 -4 -4  2  4 -3  1 -1 -3 -3 -2 -3 -2  1 0 0 1 0
 0  3 -1 -1 -3  0  2 -3 -1 -2 -2  4  1 -3 -2 -1 -1 -4 -2  0 0 0 1 40
-2 -1  0  4 -4  2  2 -2  0 -3 -3  1  1 -4  1  0 -1 -4 -3 -3 0 0 1 60
 0 -3 -3 -3 -2 -2 -3 -3 -3  2  2 -2  0  0 -3 -1  1  4  1  2 0 0 1 5
-1  1  0  1  2  1  5 -3  2 -4 -4  1 -3 -4 -2  1 -1 -4 -2 -3 0 0 1 25
-1  1 -1  1 -3  1  2 -2 -1 -1 -3  4 -2 -3 -2  0  0 -4 -3 -1 0 0 1 55
 1 -1  0  2 -2  1  0 -1  2 -3 -3  0 -2 -3 -2  3  2 -4 -2 -2 0 0 1 25
 0 -3  0 -3  2 -1 -3 -3 -3  2  0 -3  0  1 -3 -2 -1 -3 -1  4 0 0 1 0
-2  1  0  4 -4  1  4  0 -1 -3 -2  0 -2 -4 -2  0 -2 -4 -3 -3 0 0 1 50
 0  0  1 -1 -3  1  1  0 -1 -2  0  3 -1 -3 -2  2  0 -3 -2 -2 0 0 1 60
-1 -1  0 -2 -2 -1 -2 -1  1  2  1  0  1 -1 -2 -1  1 -2  0  2 0 0 1 5
 3 -1 -2 -2 -1 -1  1 -1 -2 -1  1  0  2 -2 -2  0  1 -3 -2  0 0 0 1 10
 0  2  2  2 -3  1  0 -1  0 -3 -3  3 -2 -3 -1  1  0 -3 -2 -2 0 0 1 60
-2  2 -1 -1 -4  4  1 -3  2 -3 -2  4 -2 -4 -2 -1  0 -3 -2 -3 0 0 1 35
-2 -3 -3 -4 -2  0 -3 -4 -3  1  4 -3  2  2 -3 -2  0 -2 -1  1 0 0 1 0
-1 -1  0  4 -3  2  4 -2 -1 -3 -3  1 -2 -3 -2  1  0 -3  1 -2 0 0 1 40
-1 -1  0  3 -4  2  3  2 -1 -4 -4  1 -3 -4 -2  0  0 -4 -3 -3 0 0 1 45
-1 -3 -3 -4 -2 -2 -3 -4  1  3  3 -3  2 -1 -3 -1 -1 -3 -1  2 0 0 1 5
 0  1  4  1 -3  0  1 -1  2 -3 -3  0 -2 -3 -2  1  1 -4 -2 -3 0 0 1 25
 0  0  0  3 -3  2  2  0  2 -3 -3  3 -2 -3 -2 -1 -1 -4 -2 -1 0 0 1 65
-1 -1 -1  2 -4  2  5 -3 -1 -4 -4  1 -3 -4 -2  0  0 -4 -3 -3 0 0 1 45
-2 -3 -4 -4 -2 -3 -4 -4 -4  3  4 -3  1  2 -4 -3 -2  4 -1  2 0 0 1 10
 0 -1  0  3 -2 -1  1 -2 -2 -2 -1  0 -2 -3 -2  1  3 -4 -3 -2 0 0 1 60
-1 -1  1  1 -3  0  0  5 -2 -4 -4 -1 -3 -4 -2  1  1 -3 -3 -3 0 0 1 40
-2 -3 -4 -4 -2 -3 -4 -4 -3  5  2 -3  3  0 -4 -3 -2 -2  1  2 0 0 1 25
-1  0 -1  0 -3  4  4 -3 -1 -2  0  1  2 -3 -2  1 -1 -3 -2 -2 0 0 1 45
-1  2  1 -1 -3  3  1 -2 -1 -4 -3  4 -2 -4 -2  1 -1 -3 -2 -3 0 1 1 75
-1 -3 -1 -2 -4  1 -2  6 -3 -5 -5 -2 -3 -4 -3 -1 -2 -3 -4 -4 1 1 1 50
-3 -4 -3 -4 -3 -4 -4 -4 -2 -1 -1 -4 -1  7 -4  0 -2  0  3 -2 0 0 1 85
-1 -3 -3  1 -2 -2 -2 -1 -3  1  4 -3  1 -1 -3 -2 -2 -3 -2  1 1 1 0 45
 3 -1  0  1 -2  2  2 -1  2 -3 -3 -1 -2 -3  1  1 -1 -3 -2 -2 1 1 1 50
-1  1 -1  2 -4  0  2 -2 -1 -1 -3  4  0 -3 -2  0 -1 -4 -3 -2 0 0 1 70
-1 -1  0  4 -4  0  4 -1 -1 -4 -4  1 -3 -4  2  1 -1 -4 -3 -3 0 0 1 65
-2 -2 -3 -3 -2 -2 -3 -4  2  1  4 -1  1  0 -3 -3 -2 -2 -1  0 0 0 1 45
-1  0 -1 -1 -3  4  3 -2 -1  0 -1  1  1 -2 -2 -1 -1 -2 -2  0 0 0 1 15
 3 -2  1 -2 -1 -1 -1  0 -2 -1 -1 -1 -1  0  1  1  1 -3 -2  1 0 0 1 35
-1 -1  1  3 -3  1  4 -2 -1 -3 -3  1 -2 -3  1  0  1 -3 -3 -3 0 0 1 55
 4 -2  0 -2 -1 -1 -1 -1 -2 -2 -2 -1  1 -3 -1  2  0 -3 -2  0 0 0 1 20
-2 -2 -3 -3  2 -2 -3 -1  3  1  3 -3  1  2 -3 -2 -2 -2 -1  1 0 0 1 10
-1  1  0 -2  3 -1 -1 -1 -2  0 -2  2 -1 -2  2  1  0 -3 -1  0 0 0 1 25
-1  1 -1 -1 -4  2  0  0 -1 -4 -3  5 -2 -4  1  0 -1 -4 -3 -3 0 0 1 40
-1 -3 -3 -4 -2 -3 -3 -4 -3  2  4 -3  1 -1 -3  0 -1 -3 -2  2 0 0 1 0
 0 -1  0  4 -3  0  2  0  1 -3 -3  1 -3 -4 -2  0  1 -4 -3 -3 0 0 1 5
-2  3 -1 -2 -4  1  0 -3  2  0 -2  5 -2 -3 -2 -1 -2 -4 -2 -2 0 0 1 40
-2  5 -1  2 -4  2  0 -3 -1 -4 -3  4 -2 -4 -2 -1 -2 -4 -3 -3 0 0 1 35
-1 -3 -4 -4  2 -3 -4 -4 -4  4  2 -3  1 -1 -3 -3 -1 -3 -2  4 0 0 1 0
 0  0  0 -1 -2  0 -1 -1 -2  0  0  4 -1 -2 -2 -1  0 -3 -2  0 0 0 1 35
 2 -2 -1 -2  2 -1 -2  2 -2  0 -1 -1 -1  0 -2  1  1 -2 -1  0 0 0 1 25
 1 -2 -1 -2  4 -1 -2 -2 -2  0  1 -2  0  0 -2  1  2 -2 -1  1 0 0 1 0
 1 -2  2 -1 -2 -1 -2  0  1  1 -1 -1  2 -2  0  1  1 -3 -2  0 0 0 1 5
-2 -1 -1  0 -5  1  6 -3  3 -4 -4  0 -3 -4 -2 -1 -2 -4 -2 -4 0 0 1 15
-1 -1 -1 -1 -3  4  3 -3  2 -2  0  0  1  2 -2 -1 -2 -2 -1 -2 0 0 1 35
-1 -3 -1 -4  3 -3 -3 -3 -2  0  2 -3  0  5 -4 -2 -2 -1  2 -1 0 0 1 0
-2 -3 -3 -4 -3 -1 -1 -4 -3  0  1 -2  8 -1 -4 -3 -2 -3 -2  1 0 0 1 5
-2  4 -1 -2 -4  3  0 -3 -1 -4 -3  5 -2 -4 -2 -1 -1 -4 -3 -3 0 0 1 40
-1 -2  0 -2 -2 -1 -1 -3  1  3  1 -2  1 -1 -3  0  2 -3 -2  1 0 0 1 5
-2 -3 -4 -5 -2 -3 -4 -5 -4  1  5 -3  1  0 -4 -3 -2 -3 -2  0 0 0 1 0
-2 -1 -1  1 -4  1  6 -3 -1 -1 -1  0 -2 -4 -2 -1 -2 -4 -3 -3 0 0 1 20
-1  1 -1 -1 -3  3  3 -2 -1 -2  0  2 -1 -3 -2  0  2 -3 -2 -2 0 0 1 55
-2 -3 -4 -4 -2 -3 -4 -4 -3  3  4 -3  3  0 -4 -3 -2 -3 -2  1 0 0 1 0
-3 -3  1  7 -5 -1  1 -2 -2 -4 -5 -2 -4 -5 -3 -1 -2 -5 -4 -4 0 1 1 15
 2 -1 -1 -1 -2  1 -1  2 -2 -2 -3 -1 -2 -3 -2  3  2 -3 -2 -2 0 1 1 40
-2 -3 -3 -4 -2 -2 -3 -4 -3  3  3 -3  4  0 -3 -2  0 -3 -2  2 1 1 1 10
 0  1  1  0  0 -1 -1 -2 -2  2 -1 -1 -1 -2  1  1  0 -3 -2  1 1 1 1 50
 0 -3 -3 -4 -2 -3 -3 -3 -3  3  3 -3  1  1 -3 -2 -1 -2 -1  1 1 1 1 0
 0 -2 -2 -2 -3  2  0  0  2 -3 -3  0 -3 -4  6 -1 -2 -4 -3 -3 1 1 1 40
 0 -1 -1  0 -3  2  4 -2 -1 -3 -3  1 -2 -2  3 -1 -1 -2  2 -3 0 1 1 80
-1 -1  4  3 -3  0  1 -1 -1 -2 -3 -1 -2 -3 -2  1  1 -4 -3 -1 0 1 1 70
-2 -2 -2 -2  3  1  0 -3  1 -1  1 -2  1  5 -3 -2  0 -1  1 -1 1 1 1 5
-1  1  1 -1 -2  1  1 -2 -1 -1 -2  3 -1 -1 -1  1  1 -3 -2 -1 0 0 1 30
 0  0  3  4 -3 -1  0 -2 -1 -1 -1  0 -1 -3 -2 -1 -1 -3 -2  0 0 0 1 55
 2 -2  0 -1  4 -1  1 -1 -2  0 -1 -1 -1 -1  1  1  0 -3 -2 -1 0 0 1 0
-2  6 -1 -2 -4  2 -1 -3 -1 -3 -3  2 -2 -3 -2 -1 -2 -3 -2 -3 0 0 1 30
 1  1 -1 -2  2  1  0  0 -1 -1  1  0  1 -2 -2  0  0 -2 -2  0 0 0 1 75
-1  0  0 -1  3  0 -1 -2 -1  0 -2  4 -1 -2 -2  0  0 -2  1 -1 0 0 1 25
-2  6 -1 -2 -4  2 -1 -3 -1 -3 -3  3 -2 -3 -2 -1 -2 -3 -2 -3 0 0 1 0
-2  2 -1 -2 -4  0  0 -2 -2 -3 -3  6 -2 -4 -2 -1 -1 -3 -3 -3 0 0 1 35
 0  1  0 -2  2 -1 -1  3 -2 -2  0 -1 -1 -2 -2  1  2 -3 -2 -1 0 0 1 45
 0 -2 -3 -3 -2 -2 -2 -3  1  2  3 -2  3  0 -3 -2 -1 -2 -1  1 0 0 1 0
-1 -3 -3 -3 -2 -3 -3 -3 -3  3  0 -3  0  1 -3 -2 -1 -3 -1  4 0 0 1 0
 0  0  1  3 -3  1  0 -2 -1 -2 -2  4 -2 -3 -2  0 -1 -3 -2 -1 0 0 1 45
-1  3  0  1 -3  0  1  0 -1 -3 -3  3 -2 -3 -2  0  2 -3 -2 -2 0 0 1 40
-1 -3 -3 -3 -2 -3 -3 -4 -4  5  1 -3  0 -1 -3 -3 -1 -3 -2  4 0 0 1 -5
-2  0  1 -1 -4  6  2 -2  2 -3 -3  0 -1 -4 -2 -1 -1 -3 -2 -3 0 0 1 25
 2 -2 -1  1 -2 -1  1  1 -2 -1 -2 -1 -1 -3 -1  1  1 -3 -2  0 0 0 1 50
 0 -3 -3 -4 -2  0 -3 -3 -2  0  2 -3  0  6 -3 -2 -2  0  3 -1 0 0 1 15
-2 -3 -3 -4 -2 -2 -3 -4  1  2  4 -3  3  0 -3 -3 -2 -2 -1  0 0 0 1 0
 3 -1  1  1 -1 -1 -1 -1 -2 -1 -2  1 -1 -3 -1  1  1 -3 -2  0 0 0 1 45
-1  2 -1  0 -4  5  3 -2  1 -4 -3  2 -2 -4 -2  1 -1 -3 -2 -3 0 0 1 40
 2 -3  2 -2  8 -2 -3 -2 -3 -2 -2 -2 -2 -3 -3  0 -1 -3 -3 -2 0 0 1 0
-3 -2  1  7 -4 -1  1 -2  1 -4 -5 -2 -4 -4 -2 -1 -2 -5 -3 -4 0 0 1 20
 0  1  0  1 -2  1  1 -2 -1 -2 -2  3  0 -3 -2  1  3 -3 -2 -1 0 0 1 60
 0 -3 -3 -4 -2 -2 -3 -3  1  2  3 -3  2 -1 -3 -2 -1 -3 -1  3 0 0 1 5
-1  1 -1  0 -3  1  4 -3 -1  0  0  0 -1 -3 -2 -1 -1 -3 -2  0 0 0 1 15
 2  2 -1 -1 -2  3  1  0 -1 -3 -3  1 -1 -3 -2  0 -1 -3 -2 -2 0 0 1 55
-1  2  3  1  3  0 -1  0  0 -3 -3  1 -2 -2 -2  1 -1 -2  1 -3 0 1 1 55
-2 -3 -4 -4 -2 -3 -4 -4 -4  5  2 -3  1 -1 -3 -3 -1 -3 -2  3 1 1 0 5
 0 -1 -1 -1  7 -1  1  1 -2 -2 -2  1 -2 -3 -2  1 -1 -3 -3 -2 1 1 1 30
-1  1  0 -1 -3  6  1 -2  0 -3 -1  1 -1 -3 -2 -1 -1 -2 -2 -2 1 1 1 85
-1  0 -1  1 -3  2  5 -2  0 -2 -2  0 -2 -3 -1  0 -1 -3 -2 -1 1 0 0 50
 0 -1 -1 -2 -1 -1 -1 -2 -2  0  0 -1  2 -2 -1  1  4 -2 -2  0 0 0 1 0
-1  0  0  4 -4  2  4 -2  0 -3 -3  0 -2 -4 -1  0 -1 -3 -2 -3 0 0 1 45
