 2 -1  0 -1 -1 -1 -1 -1 -1 -3 -3 -1 -2 -3 -1  5  1 -3 -2 -2 1 1 1 95
-2  0 -2 -3 -3  0 -2 -4  1 -2 -2 -2 -2  3 -3 -1 -2  1  8 -2 1 1 1 90
-1  5 -1 -2 -4  2  0  1 -1 -4 -3  2 -2 -4 -2  0 -1 -3 -2 -3 1 1 1 75
 1 -3 -3 -3 -1 -2 -2 -1 -3  1  0 -2  0 -2 -3  0  0 -3 -2  4 1 1 1 45
 0 -2 -1 -2 -1 -2 -2 -3  0  1  2 -2  0 -1 -2  0  3 -2  1  1 1 1 1 45
-1 -5 -4 -5 10 -4 -5 -4 -4 -2 -2 -4 -3 -4 -4 -2 -2 -3 -4 -2 1 0 0 5
-1  4 -1 -2 -3  0 -1 -3 -2  0 -1  2  2 -2 -2 -1  0 -3 -2  1 1 0 0 75
-3 -2  1  7 -4 -1  2 -2 -2 -4 -5 -1 -4 -4 -2 -1 -2 -5 -4 -4 1 0 0 5
 0  0  0  0 -3  2  4 -1  2 -3 -3  0 -2 -2 -2  1  0 -2  1 -3 0 1 1 85
-1  1  0 -1 -3  1  2 -2 -1 -2 -3  4 -2 -3  0  2  1 -3 -2 -2 0 1 1 70
 0 -2 -1 -2 -2 -1 -1 -2 -2 -2 -2 -1 -2 -3 -2  2  6 -3 -2 -1 0 1 1 40
-1  0 -1 -1 -3  5  1  1 -1 -3 -3  1 -2 -4 -2  2  0 -3 -2 -3 0 1 1 75
 1  1 -2 -2 -2  1  0 -2 -2 -1  0  0  5 -2 -2  0  1 -3 -2 -1 1 0 0 50
-1 -2 -2 -3 -2 -1 -2 -3 -3  3  1 -2  2 -1 -3 -1  2 -3 -2  3 1 0 0 55
-3  2 -3 -4 -4 -2 -2 -4  2 -2 -2 -2 -2  2 -4 -2 -2  1  8 -2 1 0 0 10
-1  2 -1 -1 -3  5  0  0 -1 -1 -1  2 -1 -3 -2  1 -1 -3 -2 -2 1 1 1 55
-1  1 -1 -2 -3  5  0 -3  3 -2  0  0 -1  1  0  0 -1 -2  1 -2 0 1 1 40
-1  3  1 -1 -3  1 -1  3  5 -3 -2  1 -2 -3 -2  0 -2 -3 -1 -3 0 1 1 65
-2 -1  0  4 -4  3  4  0 -1 -4 -4  0 -3 -4 -2 -1 -1 -4 -3 -3 1 1 1 35
 0 -2  0 -1 -2 -1 -1 -1 -2 -2 -3 -1 -2 -3 -2  4  4 -3 -2 -2 1 0 0 40
-4 -4 -5 -6 -4 -3 -4 -4 -4 -4 -3 -4 -3  0 -5 -4 -4 12  1 -4 1 0 0 5
-2 -3 -4 -5 -2 -3 -4 -5 -4  1  5 -3  2  0 -4 -3 -2 -2 -2  0 1 0 0 35
-2  7 -1 -2 -4  1 -1 -3 -1 -4 -3  1 -2 -4 -3 -2 -2 -4 -3 -3 1 0 0 25
-1 -1 -1 -1 -2  1 -1 -2  1 -2 -2 -1 -2 -3  7 -1 -1 -2 -2 -2 1 1 1 55
 1 -1 -1 -1 -1 -1  0  2 -1  0  0 -1  2 -1 -1  0 -1 -2 -1  0 1 1 1 35
-2 -2  0 -3 -2 -2 -2 -3 -2  1  3 -2  1  0 -2 -2 -1  7  0  1 1 1 0 75
-1  6 -1 -2 -3  0 -1 -2 -1 -3 -3  2 -2 -3 -2  0 -1 -3 -2 -3 1 1 0 95
 0 -2 -1 -1 -2 -2 -2  5 -2 -4 -4 -2 -3 -3 -2  2 -1 -3 -3 -3 1 1 0 65
 0  1  4  0 -3  3  0 -1  0 -3 -3  2 -2 -3 -2  1  0 -3 -2 -3 1 1 0 70
-2  7 -1 -2 -4  2 -1 -2 -1 -4 -3  1 -2 -4 -3 -1 -2 -4 -3 -3 1 1 1 45
-1 -3 -3 -4 -1 -3 -3 -4 -4  3  1 -3  0 -1 -3 -2  1 -3 -2  5 1 0 0 25
-2 -1 -1  1 -5  1  6 -3 -1 -4 -4  0 -3 -4 -2 -1 -2 -4 -3 -3 1 0 0 20
-3 -2 -2 -4 -3 -2 -3 -4  4 -2 -2 -3 -2  4 -4 -3 -3  1  7 -2 1 0 0 30
-1 -5 -4 -5 10 -4 -5 -4 -4 -2 -2 -4 -3 -4 -4 -2 -2 -3 -4 -2 1 0 0 0
-2  6 -2 -3 -4  1 -1 -3  1 -4 -3  1 -2 -2 -3 -2 -2  7 -1 -3 1 0 0 30
-1 -5 -4 -5 10 -4 -5 -4 -4 -2 -2 -4 -3 -4 -4 -2 -2 -3 -4 -2 1 1 1 -5
 1 -2  3  5 -3  0  2 -1 -1 -3 -3 -1 -3 -4 -2  0 -1 -4 -3 -1 1 1 0 35
 0  2  2  0 -2  0 -1  2 -1 -3 -3  0 -2 -3 -2  3  0 -3 -3 -3 1 1 0 40
-1  0  0 -2 -3 -2 -3  6 -3 -5 -4 -2 -3 -4 -3  0 -2 -3 -4 -4 1 1 0 45
-2  4 -1 -2 -3  1 -1  0 -1 -2  1  1 -1  0 -3 -1 -2  4  0 -2 1 1 0 70
 2 -2 -1 -1 -2 -1  1 -1 -2  0 -2 -1 -1 -3  3  2  1 -3 -2  0 1 1 1 30
-2  5 -1 -2 -3  4  0 -3  1 -3 -1  1 -1 -3 -2  0 -1 -3  0 -3 1 0 0 35
-1 -5 -4 -5 10 -4 -5 -4 -4 -2 -2 -4 -3 -4 -4 -2 -2 -3 -4 -2 1 0 0 35
-3 -1  0 -2 -4 -1 -1 -3 10 -4 -4 -2 -3 -2 -3 -2 -3 -4  1 -4 1 0 0 40
 1 -2  0 -1 -1 -1 -1 -1 -2  1 -2 -1 -1 -3 -2  4  3 -3 -2 -1 1 0 0 45
-1 -3 -4 -4 -2 -3 -3 -4 -4  2  0 -3  0 -2 -3 -2 -1 -4 -2  6 1 0 0 35
-2 -3 -3 -2 -4 -2 -2 -3 -3 -4 -4 -2 -4 -5  8 -2 -2 -5 -4 -3 1 1 1 45
-1 -3 -3 -4 -2 -3 -3 -1 -4  3  0 -3  0 -1 -3 -2 -1 -4 -2  5 1 1 1 55
-1  4  0 -1 -3  2  1 -2 -1 -1 -2  3 -1 -3 -2 -1 -1 -3 -2 -2 1 1 1 80
 2 -1  1 -1 -1 -1 -1  2 -2 -3 -3 -1 -2 -3 -1  4  1 -3 -2 -2 1 1 1 85
