-1  0  0  1 -4  2  5 -2  0 -3 -3  1 -2 -3 -1  0 -1 -3 -2 -3 1 1 1 95
-1 -3 -3 -3 -1 -3 -3 -3 -3  2  1 -3  0  3 -3 -2 -1 -1  1  3 1 1 1 85
-1  0  0  4 -4  3  4 -2  0 -3 -3  0 -2 -4 -1  0 -1 -3 -2 -3 1 1 1 65
-1  0  4  1 -3  1  3 -2  3 -3 -1  0 -2 -3 -2  0 -1 -3 -1 -2 1 1 0 95
-1  0  4  1 -3  2  3 -1  0 -3 -3  0 -2 -3 -2  2  0 -3 -2 -3 1 1 0 45
-3 -3 -3 -4 -3 -4 -4 -3 -1  0  0 -3  0  7 -4 -3 -2  1  3 -1 1 1 1 55
-1 -2 -2 -2 -3 -2 -1 -2 -2 -3 -3 -1 -3 -4  8 -1 -1 -4 -3 -3 1 1 1 15
-1 -4 -3 -4  9 -3 -4 -3 -3 -2 -2 -3 -2 -3 -3 -1 -1 -3 -3 -1 0 0 1 35
 0 -1  1  3 -2  0  1 -1 -1 -3 -3  0 -2 -3 -1  3  1 -3 -2 -2 0 0 1 0
-2 -3 -4 -4 -1 -3 -3 -4 -3  4  3 -3  1  0 -3 -3 -1 -3 -1  2 0 0 1 30
-2 -2 -2 -3 -3 -2 -2 -3  2 -2 -1 -2 -1  3 -3 -2 -2  2  7 -2 0 0 1 80
-1  2  0 -1 -3  1  1 -2 -1 -3 -3  5 -2 -3 -1  0 -1 -3 -2 -3 0 0 1 55
-2  0  3  5 -3  0  1 -1 -1 -3 -4  2 -3 -4 -2  0 -1 -4 -3 -3 1 1 0 70
-1  1  0  1 -4  2  4 -2  0 -3 -3  3 -2 -3 -1  0 -1 -3 -2 -3 1 1 1 85
-2 -3 -3 -3 -1 -3 -3 -4 -3  5  2 -3  2  0 -3 -3 -1 -3 -2  2 1 1 1 20
 2 -1  1  0 -2  0  2 -1 -1 -1  0  0  3 -2 -2  0 -1 -3 -2 -1 0 1 1 30
-1  4  0  0 -4  1  3 -2  0 -3 -3  3 -2 -3 -2  0 -1 -3 -2 -3 0 1 1 10
-1  0  0  1 -4  2  5 -2  0 -4 -3  1 -2 -4 -1  0 -1 -3 -2 -3 1 1 1 55
-2 -3 -3 -3 -1 -3 -3 -4 -3  5  2 -3  2  0 -3 -3 -1 -3 -2  2 1 1 1 20
-1  2  0  0 -3  2  3 -1  0 -2 -2  3 -1 -2 -1  0 -1 -2 -2 -2 1 1 0 80
-1  3 -1 -1 -2  1  0 -2 -1  0 -1  3 -1 -2 -1 -1 -1 -2 -1  1 1 1 0 70
-1  0  0  0 -2  3  3 -1  0 -1 -1  1  1 -2 -1  0 -1 -2 -1 -1 1 1 0 40
 1 -1  2  0 -1  0  0  0 -1 -2 -2  0 -1 -2 -1  3  1 -2 -1 -1 1 1 0 20
-1  3  1 -1 -2  1  0 -1 -1 -1 -2  3 -1 -2 -1  0 -1 -2 -1  0 1 1 0 50
-1  3  4  0 -2  0  0 -1  0 -2 -2  1 -1 -2 -2  0  0 -3 -2 -1 1 1 1 40
-1  1 -2 -2 -1 -1 -2 -3 -2  2  2 -1  3  0 -2 -1  0 -2 -1  1 1 1 1 35
-1  1  4  0 -2  1  0 -1  0 -2 -2  2  1 -2 -1  1  0 -3 -2 -2 1 1 1 70
-2 -2  2 -2 -2 -2 -2 -3 -2  1  4 -2  1  0 -3 -2 -1 -2 -1  0 0 1 1 95
-2 -1  5  0 -3 -1 -1 -1  1 -2 -2 -1 -2  0 -3  0 -1 -1  4 -1 0 1 1 55
-1  0  3  3 -3  1  1  1  0 -3 -3  1 -2 -3 -2  1  0 -3 -2 -3 1 1 1 95
-1  1  5  0 -2 -1 -1 -1  0  0 -1  0 -1 -2 -2  0  0 -4 -2  1 1 1 1 75
-1 -2  2  5 -3 -1  1  0 -1 -1 -2 -1 -2 -3 -2  0  0 -4 -3 -2 1 1 1 35
 0 -1  2  3 -2  0  0  1 -1 -2 -2  0 -2 -2 -1  1  0 -2 -2 -2 1 1 1 80
-1  0  3  2 -2  1  3 -1  0 -2 -2  0 -2 -2 -1  0  0 -2 -2 -2 1 1 1 65
 0 -1  0 -1 -1 -1 -1  5 -1 -2 -2 -1 -1 -2 -1  0 -1 -1 -2 -2 1 1 0 90
-1  0  5  1 -2  0  0 -1  0 -2 -2  2 -2 -2 -1  0  0 -2 -2 -2 1 1 0 95
 1  0  2  0 -2  0  0  1 -1 -2 -2  2 -1 -2 -1  0  0 -2 -2 -1 1 1 1 85
 0  3  0 -1 -2  1  0 -2 -1 -2 -2  3 -1 -3 -1  1  2 -3 -2 -2 1 1 1 25
-2 -3 -4 -3 -1 -3 -4 -4 -4  5  1 -3  1  0 -3 -3 -1 -3 -2  3 1 1 1 25
-1  0 -2 -2 -2  1  1 -3 -2  2  0  1  0 -1 -2 -1 -1 -3 -2  2 1 1 1 40
 1 -2 -3 -3 -2 -2 -3 -2 -2  1  2 -2  1  4 -3 -1 -1 -1  1  1 1 1 1 0
-1 -2 -2 -2 -3 -2 -1 -2 -2 -3 -3 -1 -3 -4  8 -1 -1 -4 -3 -3 1 1 1 40
-2  6 -1 -2 -4  1  0 -3  0 -3 -2  2 -2 -3 -2 -1 -1 -3 -2 -3 1 1 0 55
-2 -3 -4 -3 -1 -3 -4 -4 -4  5  1 -3  1  0 -3 -3 -1 -3 -2  3 1 1 1 75
-3 -3 -3 -4 -3 -4 -4 -3 -1  0  0 -3  0  7 -4 -3 -2  1  3 -1 1 1 1 55
-2 -3 -4 -3 -1 -3 -4 -4 -4  5  1 -3  1  0 -3 -3 -1 -3 -2  3 1 0 0 55
 1 -1  0  0 -1  0  0  0 -1 -3 -3  0 -2 -3 -1  5  1 -3 -2 -2 1 0 0 10
-1 -1  3  4 -3  0  1 -1 -1 -3 -3 -1 -2 -3 -2  0  2 -4 -3 -2 1 1 0 25
-2 -2  1  6 -4 -1  1 -2 -1 -3 -4 -1 -3 -4 -2  0 -1 -5 -3 -4 1 1 0 30
-1  2  0 -1 -3  1  1 -2 -1 -3 -3  5 -2 -3 -1  0 -1 -3 -2 -3 1 1 0 15
-1 -1  3  4 -4  1  4 -2  0 -3 -4  0 -3 -4 -2  0 -1 -4 -3 -3 0 0 0 30
 1 -1  0 -1 -1  0  0 -1 -1 -1 -2 -1 -1 -2 -1  4  1 -3 -2 -1 0 0 0 50
-2 -2 -4 -4 -1 -2 -3 -4 -3  2  4 -3  3  0 -3 -3 -1 -2 -1  1 0 0 0 5
-1  2  3  0 -3  1  0 -1  0 -3 -3  4 -2 -3 -1  0 -1 -3 -2 -3 1 1 1 55
-1 -4 -3 -4  9 -3 -4 -3 -3 -2 -2 -3 -2 -3 -3 -1 -1 -3 -3 -1 1 1 1 10
-1 -2 -2 -2 -3 -2 -1 -2 -2 -3 -3 -1 -3 -4  8 -1 -1 -4 -3 -3 1 1 0 30
-1 -4 -3 -4  9 -3 -4 -3 -3 -2 -2 -3 -2 -3 -3 -1 -1 -3 -3 -1 1 1 0 10
 1 -1  0  4 -3  1  4 -2 -1 -3 -3  0 -2 -3 -1  0 -1 -3 -2 -2 1 1 1 30
-1 -2 -2 -2 -3 -2 -1 -2 -2 -3 -3 -1 -3 -4  8 -1 -1 -4 -3 -3 1 1 1 30
-1 -1  0  1 -2  1  4 -2 -1 -2 -2  0 -2 -3 -1  0  3 -3 -2 -1 1 0 0 25
-1  1  0 -1 -3  3  0 -2  4 -1  0  1  3 -2 -2 -1 -1 -2  0 -1 1 0 0 40
-1 -3 -3 -4 -1 -3 -3 -4 -3  3  3 -3  1  0 -3 -2 -1 -2 -1  3 1 0 0 35
 1 -1  0 -1 -1 -1 -1 -1 -1 -2 -2 -1 -1 -2 -1  3  4 -3 -2 -1 1 1 1 45
-1  0  5  1 -3  3  2 -1  0 -3 -3  1 -2 -3 -2  0  0 -3 -2 -3 0 1 1 65
 1 -1  0  0 -1  0  0  0 -1 -3 -3  0 -2 -3 -1  5  1 -3 -2 -2 1 1 0 80
 0 -1  0 -1 -1 -1 -1 -1 -2 -1 -2 -1 -1 -2 -1  2  5 -3 -2  0 1 1 0 85
-1 -4 -3 -4  9 -3 -4 -3 -3 -2 -2 -3 -2 -3 -3 -1 -1 -3 -3 -1 1 1 1 25
-2  3  4  0 -3  1  1 -1  2 -3 -3  1 -2 -3 -2  0 -1 -3 -2 -3 1 1 1 50
-3 -3 -3 -4 -3 -4 -4 -3 -1  0  0 -3  0  7 -4 -3 -2  1  3 -1 1 0 0 25
-2 -2 -3 -4 -3 -2 -3 -3  0 -1  0 -3 -1  5 -4 -2 -2  2  6 -1 1 0 0 15
 0 -3 -3 -3 -1 -2 -3 -3 -3  3  1 -3  1 -1 -3 -2  0 -3 -1  4 1 0 0 20
-1 -4 -3 -4  9 -3 -4 -3 -3 -2 -2 -3 -2 -3 -3 -1 -1 -3 -3 -1 1 1 1 10
-1  0  5  1 -3  0  0 -1  0 -3 -3  2 -2 -3 -2  1  0 -4 -2 -3 1 1 1 40
-1 -4 -3 -4  9 -3 -4 -3 -3 -2 -2 -3 -2 -3 -3 -1 -1 -3 -3 -1 1 1 0 25
 0 -3 -3 -3 -1 -2 -3 -3 -3  3  1 -3  1 -1 -3 -2  0 -3 -1  4 1 0 1 35
-1  0  0  1 -4  2  5 -2  0 -4 -3  1 -2 -4 -1  0 -1 -3 -2 -3 1 1 1 75
-1  4  0 -1 -3  2  1 -2 -1 -3 -3  4 -1 -3 -2  0 -1 -3 -2 -3 1 1 1 85
-2  6 -1 -2 -4  1  0 -3  0 -3 -2  2 -2 -3 -2 -1 -1 -3 -2 -3 1 1 1 75
 3  0 -1 -1 -1  3  0 -1 -1 -2 -2  0 -1 -3 -1  1  1 -3 -2 -1 1 1 1 85
-1 -1 -1  0 -3  1  4 -3  0 -2 -2  0 -1  3 -2 -1 -1  0  3 -2 1 1 1 65
-1 -3 -3 -3 -1 -3 -3 -4 -3  4  1 -3  1  0 -3 -2 -1 -3 -1  3 1 1 1 85
 1  0  0 -1 -1  0  0 -1 -1 -2 -2  2 -1 -3 -1  2  2 -3 -2 -1 1 1 1 70
 0  0  0  1 -3  1  5 -2  0 -3 -3  0 -2 -3 -1  2  0 -3 -2 -2 1 1 1 80
-2 -1  6  1 -3  0  0 -1  0 -4 -4  0 -2 -3 -2  0  0 -4 -2 -3 1 1 1 70
-2 -1  6  1 -3  0  0 -1  0 -4 -4  0 -2 -3 -2  0  0 -4 -2 -3 1 1 0 90
-1  0  0  3 -4  2  5 -2  0 -3 -3  0 -2 -4 -1  0 -1 -3 -2 -3 1 1 0 90
 0 -3 -3 -3 -1 -2 -3 -3 -3  3  1 -3  1 -1 -3 -2  0 -3 -1  4 1 1 1 70
 0 -2 -2 -1 -2  0  2 -3 -2  2  0 -1  0 -1 -2 -1  0 -3 -2  3 1 1 1 80
-1 -3 -3 -3 -1 -3 -3 -4 -3  4  1 -3  1  0 -3 -2 -1 -3 -1  3 1 1 1 95
-1  2  0 -1 -3  1  1 -2 -1 -3 -3  5 -2 -3 -1  0 -1 -3 -2 -3 1 1 1 90
-1  0  0  2 -4  2  5 -2  0 -4 -3  1 -2 -4 -1  0 -1 -3 -2 -3 1 1 1 85
-1  0  0  1 -4  2  5 -2  0 -4 -3  1 -2 -4 -1  0 -1 -3 -2 -3 1 1 1 85
-2 -3 -3 -4 -3 -3 -3 -3  0 -1  0 -3  0  6 -4 -2 -2  1  5 -1 1 1 1 85
-1  2 -1 -1 -3  1  0 -2 -1  0 -2  4 -1 -3 -1 -1 -1 -3 -2 -1 1 1 1 75
-1 -1  1  4 -3  1  2  1 -1 -3 -3  0 -2 -3 -1  1  0 -3 -3 -3 1 1 1 95
-1 -1  0  4 -4  1  4 -2  0 -3 -3  0 -2 -2 -2  0 -1 -2  1 -3 1 1 1 75
-2 -2 -2 -3 -3 -2 -2 -3  2 -2 -1 -2 -1  3 -3 -2 -2  2  7 -1 1 1 1 75
 3  0 -1 -1 -1  3  0  0 -1 -2 -2  0 -1 -3 -1  1  0 -2 -2 -1 1 1 0 95
-2 -1  4  5 -3  0  1 -1 -1 -3 -4 -1 -3 -4 -2  0 -1 -4 -3 -3 1 1 0 70
-1 -3 -3 -3 -1 -3 -3 -4 -3  4  2 -3  1  0 -3 -2 -1 -3 -1  3 1 1 1 75
-1 -2 -2 -2 -3 -1 -1 -2 -2 -3 -3 -1 -3 -4  8 -1 -1 -4 -3 -2 1 1 1 75
 1 -1  0  3 -3  1  4 -1 -1 -3 -3  0 -2 -3 -1  0 -1 -3 -2 -2 1 1 0 55
-2  0  1 -1 -3  0  0 -2  8 -3 -3 -1 -2 -1 -2 -1 -2 -2  2 -3 1 1 1 85
-1  2  0 -1 -3  1  1 -2 -1 -3 -3  5 -1 -3 -1  0 -1 -3 -2 -2 1 1 1 60
-1 -2 -2 -2 -3 -1 -1 -2 -2 -3 -3 -1 -3 -4  8 -1 -1 -4 -3 -2 1 1 1 75
 2 -1  0 -1 -1 -1 -1 -1 -2 -1 -2 -1 -1 -2 -1  2  3 -3 -2  0 1 1 0 85
-2 -2 -2 -3 -3 -1 -2 -3  2 -1 -1 -2 -1  3 -3 -2 -2  2  7 -1 1 1 0 80
-2 -2  1  6 -4  0  2 -1 -1 -3 -4 -1 -3 -4 -2  0 -1 -4 -3 -3 1 1 1 30
-1  1  4  0 -3  1  0 -1  0 -3 -3  3 -2 -3 -2  0  0 -3 -2 -3 1 1 1 60
-1 -1 -2 -3 -1  0 -2 -3 -2  1  2 -1  6  0 -3 -2 -1 -2 -1  1 1 1 1 95
