-2 -3 -4 -4 -2 -3 -4 -4 -4  3  3 -3  2 -1 -4 -3 -1 -3 -2  3 1 1 1 60
 0  6  2 -1 -4 -1  2 -3 -2 -4 -4  0 -3 -3 -2 -2  0 -4  2 -4 1 1 1 45
 0 -3  1 -2 -3 -2  0  2 -3  1 -3 -2 -3 -3 -1  4  1 -4 -1 -2 1 1 1 25
 0 -1  0 -2 -4 -3 -3  1 -3 -4 -5 -3 -4 -5  2  5  0  0 -4 -2 1 1 1 40
 0 -3 -2 -3  1  1 -1 -3  2 -4 -3 -1 -4 -3 -2  6 -1 -5  0 -2 0 1 1 55
-1  6 -3  0 -5  3  1 -2 -3 -3 -3  2 -3 -5 -4 -3 -1 -5 -4 -2 1 1 1 60
 2  1  1  0 -3 -1 -1 -2 -3 -1 -2  0 -3 -2 -1  2  2 -4 -3 -2 1 1 1 70
-1 -1  1  1 -3  0  1  0  0 -3 -3  0 -2 -3  4  2  0 -4 -1 -2 1 1 1 45
 0 -1  1 -1  1  0  1  0  0 -2 -2  0 -1  1  0  2  2 -3 -2 -2 1 1 1 50
 1  2  1  2 -3  0  1 -1  0 -1 -1  0 -2 -3  0  2  0 -1 -3 -2 1 1 1 75
-3  4  0 -3 -5  2 -1 -4 -3 -5 -3  6 -4 -1 -1 -2 -3 -5 -4 -5 1 1 0 35
 1 -5 -5 -5 -2 -4 -3 -2 -3 -3 -2 -1 -5 -6  7 -1 -4 -6 -5 -1 1 1 1 10
 5  1 -4 -4 -3 -3 -4 -3 -4 -2 -2 -3  0  1 -4  1 -1 -4 -1  2 1 0 0 0
 6 -5 -5 -5 -4 -2 -5 -3 -5  2 -3 -4 -4 -5  0 -3 -4 -6 -5 -2 1 0 0 0
-6 -2 -3 -4 -7 -1 -5 -6 11 -7 -7 -5 -2 -5 -6 -4 -6 -6  0 -7 1 0 0 0
-3 -5 -5 -5 -4 -4 -5 -4 -2  0  5 -5  1 -1 -5 -3 -1 -4 -4  3 1 0 0 0
-1 -4  0 -4 -4 -1  0 -2 -2  3 -3 -3 -3 -4 -2 -1  5 -5 -4  2 1 0 0 5
 1 -3 -3 -1 -4 -3 -3  5 -3  1 -2 -1 -3 -3 -3  0 -2 -3 -4 -1 1 0 0 0
 1  2  4  2 -4  0 -1 -1 -1 -3 -3  1 -2 -3 -1  1 -1 -5 -3 -1 1 1 1 15
-2  0  0 -1 -5  0  0 -3 -1 -1 -2  0 -4 -3  5  0 -1  4  1 -2 0 1 1 35
-1  1  1  1 -2  3  1 -1  2 -2 -2  1  0 -2 -2  2 -1  2 -2 -3 0 1 1 70
 1  0  1 -1 -2  0 -1  0  1 -1 -1  0 -1 -4 -1  3  1 -4 -3 -1 1 1 0 15
-1  1  1  1 -2  2  1  1 -1 -4 -3  2 -1 -4  2  1  0 -4 -4 -2 0 1 1 65
-1 -1  2  0 -4  1 -1  3  3 -4 -2  1 -2 -4 -1  1  1 -5 -3 -3 0 1 1 45
-1  0  1 -1 -1  2  1  0  2 -2 -3  1 -2 -3  2  1  0 -2  0  0 1 1 0 40
-3 -4 -5 -5 -4 -3 -5 -5 -5  2  5 -2  2  0 -5 -3 -2 -4 -4  1 1 1 1 5
-2  1  0 -1 -3  3  2 -1  3 -2  0 -1 -1 -2 -2  0  0  0 -1 -1 1 1 1 35
-7 -8 -8 -9 -7 -7 -8 -7 -7 -7 -7 -8 -6 -4 -8 -5 -7 13 -1 -1 1 0 0 0
 0  1  1  0 -4  1  4 -2  1 -2 -2  1 -1 -3  0 -2 -1 -2  0 -1 1 0 0 20
 0 -2  3  2 -2 -1 -1 -1  3 -3 -3  0 -2 -3  1  2  1  1 -2 -2 1 1 0 25
-1  1  1  2 -4  2  0  1  1 -3 -3  2 -1 -2 -3  0  0  4 -1 -3 1 1 0 75
-1  2  0 -1 -3  2  0 -1  1 -1  0  1 -1 -2 -1  0  0 -1  1 -1 1 1 0 35
 0 -2 -1  1 -4 -1  0  5 -3 -3 -3  0 -3 -3 -2 -1 -3 -4 -1 -1 0 1 1 70
-2  1  1 -1 -4  2  1  0  3 -2  1 -1 -1 -2 -2  0 -2  4  1 -3 0 1 1 25
 5 -3 -2 -3 -2 -2 -3 -1  2 -4 -2 -3 -1 -2  0  2  0 -4 -2 -2 1 1 1 15
-3 -3 -2 -4 -4 -2 -4 -3  4 -1  1 -3  0  6 -3  1 -1 -3  0 -1 1 0 0 15
 0 -2 -2 -4 -1 -1 -2 -4 -2  1  4 -2  2  0 -4  0  1 -3 -1  0 1 0 0 25
 0  3 -1 -2 -1  3 -1 -1  2 -3 -2  1 -2 -3 -3  2 -1  3 -1 -1 1 0 0 25
-3  1  5  2 -2  0 -1  2  2 -3 -4 -1 -4 -4 -2  0 -1 -4 -2 -4 0 1 1 40
-1 -1  1 -2 -3 -1 -2  5  0 -1 -2 -1 -3 -3 -2  0 -2 -3 -2 -2 0 1 1 45
-1 -4 -2 -4 -3 -2 -4 -3 -3  1  3 -3  5  3 -4 -1 -1 -3  0  2 1 1 1 0
-1  2  1  0 -3  2  2 -1  0 -3 -2  2 -2 -3  0  1  2 -3  0 -2 1 0 0 45
-2 -4 -3 -5 -4 -3 -3 -5 -1 -1  3 -4  0  4 -3 -3 -3 -2  6  0 1 0 0 20
 0  2  0  0 -3  2  1 -2  2 -2 -2  2 -1 -2 -3  1  2 -2 -2  0 1 0 0 50
-1 -2  5  4 -4 -1  1  2 -1 -5 -5  0 -4 -5 -2 -1 -1 -5 -4 -4 1 1 0 65
-1  0  3  0 -2 -2 -1  5  0 -4 -5  0 -4 -4 -4  0 -1 -4 -1 -3 1 1 0 30
 0  0  0 -1 -3  3  2 -1  1 -2 -2  1 -2 -1 -3  2  0  0 -1  0 1 0 0 15
-4 -5 -5 -6 -4 -4 -5 -6  2  4  5 -5  1 -2 -5 -5 -3 -4 -3  1 1 0 0 0
-1  1 -3 -4 -3  0 -2 -3 -1  2  0 -1  0 -3 -4 -3  1 -4 -3  4 1 0 0 10
-2 -5 -5 -5  0 -4 -5 -5 -5  5  0 -4 -2 -1 -4 -4 -2 -5 -3  5 1 1 1 0
-2  1  2 -2 -2  1 -1 -3  2 -3 -2  0 -2 -3  6 -2  0  2 -2 -3 1 1 1 20
-1  1  0  0 -3  5  3 -3  2 -4 -3  0 -2 -5 -3  1  0 -2 -3 -2 1 1 0 45
 1 -2 -1  2 -4 -1  1 -2 -2 -4 -4 -1 -2 -5  1  2  4 -5 -4 -3 1 1 1 50
 0 -3 -2 -2 -3 -3 -3  6 -3 -4 -4 -2 -3 -4 -3 -1 -2 -3 -3 -3 1 0 0 10
-2 -1 -3 -1 -2 -1 -2 -4  0  1  3 -1  1  2 -3 -2  0 -2  2  1 1 0 0 15
-2 -2 -2 -3 -3 -2 -2 -3  4 -2 -2 -2 -2  3 -3 -2 -2  0  7 -2 1 0 0 0
-1 -1 -1 -1 -2 -2 -2 -3  1  0  1 -1  0  4 -3 -1 -1  2  4 -1 1 0 0 10
-1  1 -2 -3 -2 -2 -2 -3 -2  3  1 -1  1 -1 -2  1 -1 -3 -2  3 1 0 0 0
-2 -2 -2 -3 -3 -2 -1 -3  3 -2 -2 -2 -2  3 -3  1 -2  0  7 -2 1 0 0 0
 0 -1 -1 -2  4 -2 -2  0 -2  0  0 -2  0 -1  0  3  0 -2  2 -1 1 0 0 -5
-3  2  1 -2 -4  5 -1 -2  4 -3 -3  1 -2 -1 -3 -1 -2 -3  3 -1 1 0 0 0
-1 -4 -4 -1 -3 -4 -4 -2 -4  2  1 -4  1 -3  0 -1  1 -5 -4  5 1 0 0 0
-2  0 -1 -3  2  0 -1 -1  1 -2  1 -1  0  0  0  0  1 -2  4 -1 1 0 0 0
-4 -4 -4 -4 -4 -4 -1 -1 -3 -1  1 -4 -3  6  1 -2 -4 -2  5 -3 1 0 0 0
-1  3  1  1  1  1  1  0  1 -2 -2  0 -2 -1 -3  0 -1 -3  1 -2 1 0 0 25
-1  0  0  1 -1 -1  1  4  1 -2 -3 -1 -1  0 -3  0 -1 -3  0 -1 1 0 0 5
 0  1  1 -1 -1  1  1 -2  1 -1 -2  1 -1 -2  1  0  0  0  0  0 1 0 0 50
-1  0 -1  1  1  0  1  3  2 -3 -3 -1  0 -2 -2  1  0 -3  0 -2 1 1 0 5
 1  0  1  0  6 -1 -1 -1 -3 -2 -2  0 -1 -3  2  0  0 -4  0 -1 1 1 1 5
 0  0 -1  1 -3  0  1  0 -1 -2 -3  0 -1 -4  3  1  1 -4 -2 -2 1 1 1 40
 0 -1  2  2 -2  0  1  1  0 -3 -3  1 -1 -4  0  2  0 -2 -3 -1 1 1 0 55
-1  1  1  1 -1 -1  1  2  0 -3 -4  1  0 -4 -1  2  1 -4 -3 -2 1 1 0 60
-1 -1  0 -1 -1  0  0  0  3 -2 -1 -1  0 -1  3  1  1 -3  0 -1 1 1 1 30
 0 -1 -1  1 -1  0 -1 -2 -1  0  1  0  0  1  0 -1  0 -1 -1  1 1 1 1 5
-1 -2 -3 -2 -4  3 -2 -2  2 -1  0 -2 -1 -1  3  1  0 -4  0  0 1 1 1 35
-3 -3 -6 -4 -5 -3 -5 -4 -5  2  4 -5  5  3 -2 -5 -3 -4 -1  1 1 0 0 0
-1 -2 -1 -3 -4 -1 -3  1  1  0 -1 -3  1 -2 -4  3  3 -5 -2  2 1 0 0 20
-2 -2 -1 -3 -2  3 -2 -4  9 -3 -2 -3  0 -5 -5  0 -2 -2 -2  0 1 0 0 0
-1  1 -1 -2  2  0 -1 -1 -1  0 -1  0 -1 -2 -2  1  1 -1  4  1 1 0 0 10
-2 -5 -5 -5 -2 -3 -5 -5 -5  4  2 -3 -1 -1 -3 -3  0 -5 -2  4 1 0 0 0
 0  0  0 -3  2  0 -2 -1  2  0 -1  0  1  1  0  0  0  3  1  0 1 0 0 0
-3  4  0 -1  1  0 -1 -4  1 -1  1  2  2 -1 -4 -1 -1  2 -3 -1 1 0 0 10
-1  2  1 -1 -3  0  0 -1  1  0 -1  1  0  1 -3  0 -1  3  1  0 1 0 0 15
 0 -1  2 -1  1  1 -1  1 -3 -2 -2  1 -1 -4 -1  3  2 -4 -3 -1 1 1 1 5
 0 -1  1  2 -2  0  0  0  0 -1 -1  0 -1 -1  1  1  0 -3 -1  0 0 1 1 55
 0  1  0  0  0  1 -1  0  0 -2 -2  1 -3 -1 -1  3  0 -4 -1 -2 0 1 1 65
-3  0 -2 -3 -4  0 -2 -2  1 -1 -2 -2  0  2 -2 -1 -1  1  7 -1 1 1 0 55
 0  0  0  0  2  1  0  0  1  0 -1  0  1 -2  1  0  0 -3 -2  0 1 1 1 60
 0  0  0  1 -1  0  2  1 -1 -1 -3  0  0 -1 -1  2  1 -4 -2 -1 1 1 0 60
 0 -1  0  1 -4  1  2 -1  1 -3 -2  1 -3 -2  3  0 -1 -1  1 -2 1 0 0 45
 0 -1 -1  0 -3  1  1 -1 -1  1  0  0  0 -2 -2 -1  1 -3  0  1 1 0 0 35
-1 -1  0 -2 -3  1  0 -2 -1  0  1 -1  0 -2  3  0  1 -4 -3  0 1 0 0 35
-2 -2 -4 -2 -4 -2 -1 -3 -4  1  5 -4  2  0 -4 -4 -1 -4  0 -1 1 0 0 5
-2 -2 -4 -4 -1  0  0 -2 -1 -1  4 -1  6 -1 -1 -3 -2 -4 -1 -1 1 0 0 0
-1  0 -1  1 -1  0  2 -2  1 -2 -2  2  0 -4 -1  2  2 -4 -1 -2 1 0 0 10
 2 -2  0 -1  0  0  0  2  0 -3 -1 -1 -2 -3 -3  2  1 -3 -1  0 1 0 0 0
 1  1 -2 -1 -2  0 -2 -1 -1  2 -1 -1  2 -1 -3  0  2 -3 -2  1 1 0 0 20
-1  3  0 -1 -4  0  0 -2 -1 -1  1  3  1 -2 -3 -1 -1 -4 -1 -1 1 0 0 5
-1 -1  1 -2 -1 -1 -1 -2 -3 -2 -2 -1  0  2  1  3  3 -3 -2 -2 1 1 1 10
 0  2 -2 -2 -3 -1 -2 -2  0 -1 -2  0 -1 -1  3  1 -1 -3  2  2 1 1 1 10
-3 -3 -1 -3  9 -3 -2 -1 -2 -2 -3 -1 -4 -1 -1  0 -1 -4 -1 -2 1 1 1 5
-1 -1 -1 -2  0  3  1 -1  2  0 -2  0 -1 -2  1  1 -1  6 -2  0 1 1 0 30
-1  2  1 -1 -2  2 -1 -3  2 -1 -2  1 -2 -3 -1  2  0 -2 -1  0 1 1 0 45
 1  0  1  0 -3  0  2 -1 -1 -2 -2  0 -1 -3  0  1  2 -3 -2  0 1 1 1 30
 0  1  1  1 -1 -2 -1 -1 -1 -1  0 -1  4 -2 -2  1  2 -1 -2 -1 1 1 1 45
-1 -1  2  0 -1  1 -1 -1 -1 -1 -1  0  1 -2  4  1 -1 -2 -1 -1 1 1 1 40
-1  0 -1  1 -1  0  3  0  1 -2 -2  0 -1 -2  2  0  0 -3  1 -1 0 1 1 75
-1 -1  1  1  3 -1  0  2 -2 -2 -2  0 -2  1  0  0  0 -1  2 -1 1 1 0 85
 1  0 -1 -1 -1  0 -1  2  1 -2 -1 -1  0 -1  1  1  1 -3  0 -2 1 1 0 55
 0 -1  0  1  0  1  2 -2  1 -1 -1  0 -2 -2  2  1  1 -3  1 -2 1 1 1 65
 1  0  1 -1 -2  0 -1  2 -1 -2 -1 -1 -2 -2  1  1  1 -3 -1 -2 1 1 1 30
-1  0  1  0 -2  2  1  0  2 -2 -2  2  1 -2  1  0 -1 -2 -2 -1 1 1 1 25
 0  0  0 -1  0 -1 -1 -1  0 -1  1 -1  3 -1  3  0 -1 -2  2  0 1 0 0 25
-2 -1 -1 -2  3 -3 -3  0  0 -3 -3 -1 -3 -2 -2 -1 -1 10 -2 -3 1 0 0 0
-1 -2 -1 -4 -3 -1 -3 -2 -1 -1  1 -2  0  3 -1 -2  1  2  6  0 1 0 0 15
-1  2  4  0 -1  2  1 -1  3 -4 -4  0 -3 -1 -4 -1  1 -4  2 -4 1 0 0 10
 0 -2  0 -2 -3 -2 -1 -1 -1 -3 -3 -1 -3 -4  2  4  3 -4 -3 -3 1 0 0 10
 0 -2 -1 -2  4 -2 -2 -1 -1  3  0 -2  0 -2 -2  2  0 -3 -2  1 1 0 0 0
-2 -1  0 -2 -2 -1 -3 -1  3 -3 -2 -3 -2  4 -3 -3 -2 -1  7 -3 1 0 0 15
-1 -1 -2 -2 -3  3 -1 -3  1  0  3 -1  0  0 -3  0  1 -3 -2  0 1 0 0 0
 2 -4 -1 -3 -4 -3 -2  6  0 -4 -4 -3 -4 -4 -3  0 -2 -4 -4 -4 1 0 0 5
 3 -1 -2 -1 -3 -3 -2  5 -3 -4 -4 -2 -3 -4 -3  0 -1 -4 -4 -3 1 0 0 0
 0 -3 -2 -3 -2 -3 -3 -2 -3  2  2 -3  1  0 -3 -2  0 -3 -2  4 1 0 0 10
-1 -2 -4 -4 -3 -2 -4 -4 -1  0  0 -4 -1  7 -4 -3 -2 -2  1  2 1 0 0 5
-1  1  1  0 -3  3  1 -3  3 -3 -1  2 -1 -1  0  0 -1 -3  0 -2 1 0 0 25
-4 -4 -5 -5 -3 -4 -5 -5 -5  0  6 -4  1  0 -5 -4 -3 -4 -3 -1 1 0 0 0
-1  3  1  1 -4  2  3 -2  1 -3 -3  1 -1 -2 -2 -1  0  0  0 -2 1 1 1 35
 2  1 -1 -1 -3  2  2 -1  0 -2 -3  2 -1 -4  0  1  0 -4 -3 -2 0 1 1 65
-1 -1  2  0 -5 -2 -1  6  2 -5 -4  0 -3 -5 -4 -2 -3 -5 -2 -4 0 1 1 30
-2 -3  1  7 -6  0  3 -3 -1 -5 -6 -3 -5 -6 -4 -1 -3 -6 -5 -4 1 1 1 0
-1  4 -1 -2 -4  2  2 -4  2 -2 -3  2  0 -4 -3  0  0  1 -2 -2 1 0 0 25
-4 -5 -6 -6 -4 -5 -5 -6 -5  4  5 -5 -1 -1 -5 -5 -3 -4 -3  3 1 0 0 0
-2 -1 -2 -3 -1 -1 -1 -2  0 -2 -2 -2  1  5 -4  2 -1  3  4 -2 1 0 0 5
-1 -5 -5 -5 -3 -4 -5 -5 -5  2  1 -4  0 -3 -5 -2  1 -5 -2  6 1 0 0 0
-2  1  4  0 -4  1  2 -3  3 -2 -2  1 -3 -4 -3  0  0  2 -1 -2 1 0 0 30
-2 -4 -3 -2 -3 -4 -3 -5 -5  3  0 -4  2 -2 -2 -2  2 -5 -4  5 1 0 0 10
-1 -2  2 -1 -4  0  0 -3 -1 -2 -4 -1 -2 -4  3  4  2 -5 -1 -3 1 1 0 35
-1  2  3  3 -2  0  0 -1  4 -4 -1  0 -1 -2 -3 -1 -1 -4  0 -3 1 1 1 25
 0 -2 -3 -2 -1 -1  0 -3 -3  1  1 -1 -1 -2  5  0 -2 -4 -2  0 0 0 0 25
 0  1  2  2 -2  0  0 -2  1 -3 -2  0  0 -3 -1  3  1  0 -3 -3 0 0 0 50
 1  0 -2 -2 -1  0 -2 -3  3 -1  3 -1  3  0 -1 -2 -2 -3  3 -2 0 0 0 10
-3 -2 -2 -4 -4 -1 -2 -4 -2  2  3 -1  1 -3 -3 -2 -2 -5 -4  4 1 0 1 5
-2  0  1  4 -2 -1  0 -2  0  1  1 -2 -1 -1 -2  0 -2 -4 -1  0 1 1 1 10
-2 -1 -2  0 -3 -2  0 -3  2 -1  0 -1  1  3  0  1 -1  2  4 -1 1 1 1 20
 0 -1  0  1 -1  0  1 -1 -1 -2  0  0  2 -2  0  1  2 -3 -2 -1 1 1 0 70
-2  0  0  4 -5  1  3 -2  2 -4 -3  1 -3 -2  0  0 -1 -5 -3 -3 1 1 0 30
 0  0  0  0 -4  1  3  1  0 -3 -3 -1 -1 -3  2  2 -1 -4 -1 -3 0 1 1 35
 1 -2  0  3 -4 -3  0  4  3 -4 -4 -3 -3 -4 -1  0  1 -4 -2 -4 0 1 1 15
 1  1  0 -1 -3  2  1 -1 -2 -3 -3  3 -2 -1 -3  2 -1  0 -2 -3 1 1 0 0
-3 -4  2 -4 -4 -4 -4 -4 -1 -2 -4 -3 -4 -5 -3  2  6 -6 -5  1 1 1 0 0
-5 -6 -4 -7 -6 -6 -6 -7 -1 -2 -4 -6 -4  7 -7 -3 -6 -3  7 -2 1 0 0 0
-7 -7 -8 -8 -7 -8 -8 -8 -6 -3  0 -8  0  9 -8 -7 -6 -4 -2 -3 1 0 0 0
-4 -7 -5 -6 -7 -6 -7  8 -7 -8 -8 -6 -7 -8 -7 -5 -6 -7 -8 -3 1 0 0 0
 4 -5 -5 -5 -2 -4 -5 -4 -5  2  3 -4  3 -1 -5 -3 -2 -5 -4  2 1 0 0 0
-5 -6 -6 -7 -5 -6 -6 -7  1  3  0 -6 -1  7 -6 -5 -5 -3  4  1 1 0 0 5
 2  2 -4 -4 -5 -1 -2 -4 -4 -3  1  5  5 -2 -4 -2 -3 -5 -4 -3 1 0 0 15
-4 -5 -6 -7 -4 -5 -6 -7 -6  4  5 -5  0 -3 -6 -5 -4 -5 -4  3 1 1 1 30
