-1 -2 -3 -4 -1 -2 -3 -4 -3  2  4 -2  2  0 -3 -2 -1 -2 -1  1 1 1 1 95
-2  3 -2 -2 -5  1 -1 -3 -2 -4 -4  6 -3 -5 -3 -2 -2 -4 -3 -4 1 1 1 45
-3 -5 -5 -5 -3 -4 -5 -5 -5  7  0 -4  0 -2 -4 -4 -2 -4 -3  1 0 0 1 60
-2 -3  1  7 -5 -2  0 -2 -2 -5 -5 -2 -5 -5 -3 -2 -3 -6 -4 -5 0 0 1 25
-3  7 -2 -3 -1  0 -2 -2 -2 -4 -4  2 -3 -4 -4 -2 -3  4 -2 -4 0 0 1 50
-3 -3 -5 -5 -2 -3 -4 -5 -4  3  5 -4  1 -1 -4 -4 -2 -3 -2  1 0 0 1 45
-3 -4 -5 -5 -3 -4 -5 -5 -5  6  2 -4  0  0 -4 -4 -2 -4 -2  1 0 0 1 10
-2 -2  1  7 -5 -1  2 -3 -2 -4 -4  0 -4 -5 -3 -1 -2 -5 -4 -4 0 0 1 5
-3  7 -2 -3 -5  0 -2 -4 -2 -5 -4  2 -3 -5 -4 -2 -2 -4 -3 -4 0 0 1 55
-3 -5 -5 -5 -3 -4 -5 -5 -5  7  0 -4  0 -2 -4 -4 -2 -4 -3  1 0 0 1 55
 0  6 -1 -3 -3  0 -1 -3 -2  1 -2  1 -2 -3 -3  1 -1 -4 -3 -2 0 0 1 0
-2 -1 -1  2 -5  1  6 -3 -2 -4 -4  1 -3 -5 -2 -1 -2 -4 -3 -4 0 0 1 45
-3  7 -2 -3 -5  0 -1 -3 -2 -5 -4  2 -3 -4 -4 -2 -3 -4 -3 -4 0 1 1 60
 6 -3 -3 -3 -2 -2  0 -1 -3 -3 -3 -2 -2 -4  0  0 -1 -4 -3 -1 0 1 1 15
-2 -2 -2  0 -5  0  7 -4 -2 -5 -5  0 -4 -5 -3 -2 -2 -5 -4 -4 0 0 1 50
-2 -3  0  8 -5 -2  0 -3 -3 -5 -5 -2 -5 -5 -3 -2 -3 -6 -5 -5 0 0 1 50
 0 -2  0 -2 -2 -2 -2 -2 -2 -4 -4 -2 -3 -4 -2  6  0 -4 -3 -3 0 1 1 45
-1 -4 -2 -3 -4 -3 -3  7 -4 -5 -5 -3 -4 -5 -4 -1 -3 -4 -5 -4 0 1 1 30
-3 -2  8  0 -4 -2 -2 -2 -1 -3 -5 -2 -4 -5 -4 -1 -2 -6 -4 -4 1 1 1 45
-2 -2 -2  1 -5  0  7 -4 -2 -5 -4  0 -4 -5 -3 -2 -2 -5 -4 -4 0 1 1 70
 0 -1  0 -2 -2 -2 -2 -2 -2 -4 -4 -2 -3 -4 -2  6  0 -5 -3 -3 0 1 1 55
-2 -2 -1  4 -5  0  6 -2 -2 -5 -4  0 -4 -5 -3 -1 -2 -5 -4 -4 0 1 1 50
-1 -3 -2 -3 -4 -3 -2  7 -3 -5 -5 -3 -4 -5 -4 -2 -3 -4 -5 -5 0 1 1 15
-3 -3  0  8 -5 -2  0 -2 -3 -4 -5 -2 -5 -5 -3 -2 -3 -6 -5 -5 1 1 1 50
-2  2 -1 -2 -4  7  2 -3  1 -4 -3  0 -2 -4 -3 -1  0 -3 -2 -3 0 0 1 35
-2 -2 -2  1 -5  1  7 -2 -2 -5 -4  0 -3 -5 -3 -2 -2 -4 -4 -4 0 0 1 10
-1 -1 -2  1 -5  1  6 -3 -2 -4 -4  0 -3 -4 -2 -1 -2 -4 -3 -3 0 0 1 65
-3 -3 -4 -5 -2 -3 -4 -5 -4  1  6 -4  1 -1 -4 -3 -2 -3 -2  0 0 0 1 60
 2 -2 -1 -2 -2 -1 -1 -1 -2 -3 -2 -1 -2 -2 -2  5  0 -4 -3 -2 0 0 1 10
 5 -1 -2 -2 -2 -1 -1 -1 -2 -2 -2  0 -1 -3 -2  0  0 -3 -3 -1 0 0 1 40
-3 -3 -4 -5 -1 -3 -4 -5 -3  1  5 -4  2  0 -4 -4 -2 -3 -2  0 0 0 1 65
-1 -3 -4 -4 -2 -3 -3 -3 -4  2  1 -3  4 -2 -3 -3 -1 -2 -2  5 0 0 1 45
-2 -1 -1  2 -5  0  6  0 -2 -4 -4  0 -3 -4 -1 -1 -2 -4 -3 -4 0 0 1 30
-2  2 -2 -4 -3 -2 -3 -3 -3  0  0 -2  9 -2 -4 -3 -2 -3 -3  0 0 0 1 40
-1 -2 -2 -3 -4 -3 -2  7 -3 -5 -5 -3 -4 -5 -4 -2 -3 -4 -5 -5 0 1 1 80
-3 -1 -1 -2 -5 -1 -2 -4 10 -5 -4 -2 -3 -3  0 -2 -3 -4  2 -5 1 1 1 40
-3 -2 -1  3 -4 -1 -1 -3  7 -2  2 -2 -1 -2 -2 -2 -3 -4  0 -2 1 1 1 35
 6 -2 -2 -1 -2 -2 -2 -1 -3 -2 -3 -2 -2 -4 -2  0 -1 -4 -3 -1 1 1 1 5
-2 -3 -4 -3 -4 -2 -3 -4  0 -3 -1 -3 -3 -5  8 -2 -3 -5 -4 -4 1 1 1 0
-4 -3 -5 -6 -4 -4 -5  0 -4 -4 -2 -3 -2 -1 -6 -4 -4 12  0 -5 1 1 1 55
-3 -3  3  6 -4 -2  0 -2 -1 -3 -4 -2 -4 -4 -2 -1 -2 -5 -3 -1 1 1 1 45
-1 -4 -3 -4 -2 -4 -4 -3 -4  4  0 -4  0 -2 -4 -3 -1 -4 -2  5 1 1 1 20
-2 -2  6  6 -4 -1  0 -2 -1 -4 -5 -2 -4 -5 -3 -1 -2 -5 -4 -3 1 1 1 60
-3 -3  2  7 -5 -2  0 -2 -2 -5 -5 -2 -5 -5 -3 -2 -2 -6 -5 -4 1 1 1 70
-3 -3 -5 -5 -3 -3 -4 -5 -4  1  5 -4  3 -1 -4 -4 -2 -3 -2  0 1 1 1 95
