-2 -3 -4 -4 -2 -2 -3 -4 -3  1  4 -3  6 -1 -4 -3 -2 -3 -2  1 0 0 1 70
-4 -4 -5 -6 -4 -4 -5 -5 -4 -1  5 -4  4  5 -5 -4 -2 -3 -1 -1 0 0 1 75
-3  2 -2 -2 -5  6  3 -4  0 -4 -1  3  0 -4 -3 -2 -2 -4 -3 -2 0 0 1 70
-1  2 -2 -2 -4  3  3 -3 -2 -3 -4  4 -3 -2 -3 -1 -1 -4 -3 -4 0 0 1 65
 1  2 -2 -2 -4  2  2 -3 -2 -1 -2  4 -1 -4 -3 -1 -2 -4 -3 -2 0 0 1 55
-2  0 -4 -4 -3 -3 -4 -4 -3  5  0 -1  6  1 -4 -2  0 -3  0  0 0 0 1 45
 0  0  2  1 -3  1  1 -2  0 -2 -1 -1  1 -2 -3  1  2 -4 -3 -1 0 0 1 55
-1  0  0  1 -4  2  3  1 -1 -4 -3  2 -3 -4 -2  1  1 -4 -3 -3 0 0 1 55
-1 -1 -2 -3 -4  2  1 -4 -3  1  2  5 -1 -3 -3 -2 -2 -4 -3 -1 0 0 1 50
 4 -1 -2 -3 -3 -2  0 -3 -3 -2  1  1  1 -1 -3 -1 -2 -4 -3  2 0 0 1 25
 2 -1  2 -1 -3  0 -1  3 -1 -4 -4 -1 -3 -4 -3  3 -1 -4 -1 -3 0 0 1 40
-2  1  0 -2 -5  5  2 -3 -1 -4 -3  5 -3 -5 -3 -1 -1 -5 -2 -2 0 1 1 65
-5 -5 -5 -6 -6 -5 -5 -6 -2 -4 -4 -2 -4  5 -6 -5 -5 -1  9 -4 1 1 1 55
-1  1 -1 -2 -4  2  0 -3 -1 -3 -3  5 -3 -4  1  0  2 -4 -1 -2 1 1 1 45
-1 -2  2  4 -4 -1  0 -1  4 -3 -3 -1 -2 -3 -3  1  1 -4 -1 -3 1 1 0 55
 0  0 -1 -1 -3  2  1  1 -1 -3 -2  2 -2 -4  3  0  0 -4 -3 -2 0 0 1 45
-1  0  0  1 -3  0  2 -2 -1  0  2  0  0 -2 -3 -1 -1 -2 -3  1 0 0 1 30
 0 -2 -3 -1 -3  1  1 -3 -2  1  3 -2  1  1  0 -2 -2 -3 -1  1 0 0 1 20
-3  6 -3 -3 -5  3 -2 -4  0 -4 -4  4 -3 -4 -4 -2 -3  0  0 -4 0 0 1 40
-2  3 -2  1 -3  1  2 -4 -1 -4 -3  5 -3 -5 -3 -1 -1 -5 -4 -4 0 0 1 65
-4 -7 -7 -7 12 -7 -8 -6 -7 -5 -5 -7 -5 -6 -7 -5 -5 -6 -1 -5 0 0 1 5
-4 -7 -7 -7 12 -7 -8 -6 -7 -5 -5 -7 -5 -6 -7 -5 -5 -6 -1 -5 0 0 1 10
-1  0 -2 -2 -4  2  3 -4 -1 -2  1 -1  1 -2 -3 -1  0 -3  3  0 0 0 1 45
 0 -3 -1  7 -5  0 -1 -2  3 -5 -5 -2 -5 -3 -4  0 -3 -6 -4 -3 0 0 1 40
-2 -5 -3 -4 -6 -5 -5  7 -5 -7 -7 -5 -6 -6 -5 -3 -5 -6 -6 -4 0 0 1 0
 2 -4 -4 -5 -3 -3 -4 -4 -4  0  2 -4  7 -1 -4 -1  0 -4 -3  1 0 0 1 15
-3  5 -1 -3 -2  0 -2 -4  2 -3 -1  4 -1 -2 -4 -1  0 -4 -1 -3 1 1 0 45
-2  0 -1  0  0 -1  3 -4 -2  2  1 -1  0 -2 -1  0 -1 -3  1 -1 1 1 1 45
-3 -3  5 -3 -5 -3 -3 -4  0 -5 -3 -2 -4 -2  6  0  0 -6 -4 -4 1 1 1 35
-2 -3 -3 -1 -4 -2 -2 -4 -2  0  0  0  6 -2  4 -2  1 -4 -1  1 1 1 0 85
-1  1 -1  1 -3 -1  0  1  1 -2  0  0  3 -2  0  1  0 -3  0 -2 1 1 0 75
-2  3 -3 -3 -5  0  3 -4  3 -3 -1  0 -3  0 -4 -2 -2 -2  5 -2 1 1 0 25
-2 -4  0 -3 -4 -3 -3 -3 -4 -4 -4 -3 -4 -5 -2  5  5 -5 -4 -2 1 1 1 40
-4 -7 -7 -8 12 -7 -8 -7 -7 -5 -5 -7 -5 -6 -7 -5 -5 -6 -6 -5 0 0 1 5
-2 -1 -2  0 -5  3  5 -3 -3 -3 -2  1 -3 -5 -3 -1  1 -5 -4 -2 0 0 1 45
-1  4 -2  1 -5  4  3 -4  0 -5 -4  2 -3 -5 -3 -2 -2 -5 -2 -2 0 0 1 45
-5  8 -4 -5 -7 -2 -3 -3 -4 -6 -5 -1 -5 -1 -6 -4 -4 -6 -5 -6 0 0 1 15
 5 -2 -3 -4 -3 -3 -3 -2 -4 -1 -1 -2 -1 -4 -3  2  2 -5 -4  1 0 0 1 10
 2  1  0 -1 -3  3  2 -2 -2 -3 -2  2 -2 -2 -2  1  0  0 -2 -3 0 1 1 60
-4  6 -3 -5 -6 -1 -3 -5  3 -5 -4  0 -4  2 -5 -2 -4  1  6 -5 0 1 1 55
-3 -5 -6 -6 -4 -5 -5 -6 -6  6  0 -5 -1  0 -5 -5 -3 -5 -3  5 1 1 1 20
-1  1 -1 -1 -3  1 -1 -1 -1 -1  0  2 -2 -3  1  2  3 -4 -3 -1 1 1 1 75
-2  0 -1  3 -3  0  2  0  2  0  0  0 -1 -1 -2  0 -1 -3 -1  0 1 1 0 65
-1 -3  0 -2 -4  1 -1  5 -1 -5 -3 -2 -4 -5  2  1 -1 -4 -4 -4 1 1 1 35
 0 -2  0  1 -4  1  2 -1 -2 -4 -3  2 -3 -4  5 -1 -2  2 -3 -2 0 0 1 60
 3  2 -1  1 -3  0  2  0  1 -3 -3  1 -3 -2  0  1  0 -2 -3 -2 0 0 1 45
-4 -3 -7 -7 12 -7 -7 -6 -7 -5 -5 -7 -5 -6 -7 -5 -5 -6 -6 -5 0 0 1 5
 0  4 -3 -4 -3  0 -3 -3 -3  2 -2  1  0 -2 -4 -2 -1 -4 -3  3 0 0 1 20
 1  1  0  2 -4  1  3 -2  1 -3 -2  3 -3 -4 -3 -1  0 -4 -1 -3 0 0 1 55
 6 -4 -4 -4 -3 -4 -4 -3 -4 -1 -4 -3 -3 -5  1 -1  0 -5 -4  1 0 0 1 0
-6 -6 -7 -7 -6 -7 -7 -7 -5 -4 -3 -7 -3  9 -7 -6 -6 -2  0 -4 0 0 1 0
-3  1 -1 -4 -4  1 -1 -5 -3  0  4  0  2 -2 -4 -2 -1 -4 -3 -1 0 0 1 15
-2  0  0  4 -4  1  3 -3  4 -4 -3  1 -2 -3 -3  1 -1 -4 -1 -3 0 0 1 30
-4 -7 -7 -8 12 -7 -8 -7 -7 -5 -5 -7 -5 -6 -7 -5 -5 -6 -6 -5 0 0 1 5
-4 -7 -7 -8 12 -7 -8 -7 -7 -5 -5 -7 -5 -6 -7 -5 -5 -6 -6 -5 0 0 1 0
-1  1  2  0 -4  2  2 -2  2 -1 -1  2 -2 -1 -3 -1  0 -4 -2  0 0 0 1 30
-2 -1 -3 -3 -4 -1  2 -4  2  0  1  0 -1  4 -4 -2 -2 -2  4 -1 0 0 1 20
 4 -2 -4 -4 -3 -3 -3  0 -4  3 -1 -3  4 -3 -4  0 -2 -4 -1  0 0 0 1 5
 0  0  1 -1 -2  2  4 -3  0 -2 -4  2 -1 -3 -3  0  1 -4 -2 -2 0 0 1 35
 0  1  1  1 -1  3  2 -1 -1 -2 -3  2 -2 -4 -3  0  1 -4 -3 -3 0 0 1 45
-3 -1 -1 -4 -3  1 -2 -5  1  2  4 -1  1  0 -4 -3 -3 -3 -1  1 0 0 1 40
-4  7 -1 -3 -3 -1 -2 -4 -1 -5 -1  1 -4 -5 -5 -3  0 -5 -4 -5 0 0 1 35
 1  2 -1  2 -3  2  1 -2 -2 -1 -1  3  0 -4 -3 -1 -1 -4 -3 -1 0 0 1 75
-2  0  2  1 -5  3  5 -4 -2 -5 -4  3 -1 -5 -3 -1 -2 -5 -2 -3 0 1 1 75
 1  1  2  1  0  1  1 -1  2 -3 -2  1  0 -2 -2  0  0 -3 -1 -2 1 1 1 55
 0  2  0 -2 -3  2  1 -3 -1 -1 -2  2 -1 -3 -1  2  1 -1 -3 -1 1 1 1 75
-1  4 -1  0 -5  0  3 -2  4 -1 -2  0 -3  0 -3 -2 -2 -4 -2 -3 1 1 1 85
-2  0 -1  3 -4  0  3  0 -2 -4 -3  4 -3 -4 -3  0 -2 -4 -3 -3 1 1 1 90
-2  0  2  3 -4  2  2 -2  3 -3 -2  0 -3 -4  1  0 -1 -4 -3 -2 1 0 0 50
-1 -3 -4 -1 -3 -1 -2 -2 -4  2  4 -3  3  0 -4 -3 -1 -3 -1  1 1 0 0 45
-2  0 -1 -1 -3  3  0  2  1  2  1 -1 -1  0 -2 -1 -1 -3  0 -1 0 1 0 60
-3 -5 -6 -6 -4 -5 -5 -6 -5  0  6 -4  2 -1 -5 -3 -2 -4 -4  0 0 1 0 35
 4 -4 -3 -4 -4 -2 -4  5 -4 -5 -5 -3 -4 -5 -4  1 -3 -5 -5 -4 0 1 0 5
-5  8 -4 -5 -7 -2 -3 -6 -4 -6 -6  0 -5 -6 -5 -4 -4 -6 -5 -6 1 1 1 30
