 0 -3 -1 -1 -3 -2 -2  6 -2 -4 -4 -2 -3 -3 -2  0 -2 -3 -3 -3 1 1 1 95
-1  2  5  1 -2  0  0 -1  0 -3 -3  0 -2 -3 -2  2  0 -4 -2 -3 1 1 1 80
-1 -2 -3 -3 -2 -1 -2 -3 -2  1  2 -2  6 -1 -3  0 -1 -2 -2  1 1 1 1 90
 2 -2  1 -1 -2 -1 -1 -1 -2 -3 -3 -1  0 -3 -2  4  1 -3 -2 -2 1 0 0 60
 3 -2 -1 -2  2 -1 -1 -1 -2 -2 -2 -1 -2 -3 -2  3  1 -3 -2  0 1 1 1 65
-1 -1 -1  3 -4  1  5 -2 -1 -4 -4  1 -3 -4  0  1 -1 -4 -3 -3 1 1 1 55
 1 -3 -2 -2  0 -2 -3  5 -1  0 -2 -2 -2 -3  1 -1 -2 -3 -3 -1 1 0 0 5
-1 -2 -2 -3 -3  0 -2 -3 -1  0  1  0  0  4 -3 -2 -2 -1  4  1 1 0 0 5
-2  3 -1 -1 -4  5  1 -3 -1 -3 -3  2 -2 -3  1  0 -1 -3  0 -3 1 0 0 20
-1 -3 -4 -5 -4 -3 -3 -4  0 -3 -3 -3 -3  2 -4 -3 -3  0  9 -1 1 0 0 0
-3  7 -2 -3 -5  2 -1 -4 -2 -2 -3  1 -3 -4 -4 -2 -2 -4 -3 -1 1 0 0 40
 6 -3 -3 -3 -2 -2 -2 -1 -3 -2 -3 -2 -2 -4 -2  0 -1 -4 -3  0 1 0 0 0
-2 -3 -4 -5 -2 -3 -4 -5 -4  2  5 -4  3  0 -4 -3 -1 -3 -2  1 1 1 1 35
-4 -4 -4 -5 -4 -3 -4 -5  3 -3 -3 -4 -3  1 -5 -3 -3  0  9 -2 1 1 0 50
 0  1  1  4 -3  0  1 -2 -2 -4 -4  0 -3 -4  4  1 -1 -4 -3 -3 1 1 1 60
-4 -4 -4 -5 -4 -4 -4 -5  0 -3 -3 -4 -3  4 -5 -4 -4  0  9 -3 1 0 1 10
 0  2  0  0 -3  1  2 -2  1 -2 -2  3  0 -3 -1  0  2 -3 -2 -2 1 1 1 65
 1  2 -2 -2 -3 -1 -1 -2 -2 -4 -4  3 -3 -4  5  1 -2 -4 -3 -3 1 1 1 45
 0  1  0  2 -4  4  4 -3 -1 -4 -3  0 -2 -4 -2  0  0 -4 -3 -3 1 1 1 65
-2  3  4  1 -4  1  1 -2 -1 -4 -4  1 -3 -4 -3  2 -1  1 -3 -3 1 1 0 70
 0 -2 -1  3 -4  0  4 -2  1 -4 -4 -1 -3 -4  3  1 -1 -4 -3 -3 0 1 1 85
-2 -2  0  5 -5  1  4 -3  0 -4 -4 -1 -4 -5 -3 -1 -1 -5 -4 -4 0 1 1 55
-3 -2 -1  5 -5  1  5 -2 -2 -5 -5 -1 -4 -5 -3 -2 -2 -5 -4 -4 1 0 1 0
-2 -4 -5 -5 -2 -4 -4 -5 -4  4  4 -4  1 -1 -4 -4 -2 -3 -2  2 1 1 1 0
 0 -2  1  4 -4  0  4 -2 -2 -2 -4 -1 -3 -4 -2  2  0 -4 -3 -3 1 1 1 30
-3 -4 -5 -5 -3 -3 -4 -5 -4  2  5 -4  3  2 -4 -4 -2 -3 -2  0 1 0 1 0
-1  2 -1 -1 -1  3  1 -3  3 -2  0  1  1 -1 -2  0 -1 -3 -2 -2 1 1 1 40
 0 -2 -2  0 -3 -1  3 -3 -2 -1 -2  0 -2 -3  4 -1  0 -4 -3  1 0 1 1 70
-1 -4  0 -2 -4 -3 -4  7 -4 -5 -5 -3 -4 -5 -4 -1 -3 -4 -5 -5 0 1 1 45
-3 -3  0  7 -5 -2  0 -1 -3 -5 -6 -2 -5 -5 -3 -2 -3 -6 -5 -5 1 1 1 5
-2 -2 -4 -4 -2 -1 -2 -4 -4  5  1 -3  2 -1 -3 -3  0 -3 -2  3 1 0 0 25
-2 -4 -4 -4 -2 -3 -4 -5 -4  3  4 -4  1 -1 -4 -3 -2 -3  0  3 1 0 0 0
-1  0 -1  0 -1 -1 -1 -3 -1  0  1 -1  1  1 -2  0  2 -2  0  1 1 0 0 10
-2 -4 -4 -4 -2 -3 -4 -4 -4  1  0 -3 -1 -2 -3 -3 -1 -4 -2  6 1 0 0 0
 0  0  1  0 -1  0  1  0  1 -1 -1  0 -1 -1  0  2  0 -1 -1 -1 1 0 0 50
-1  3  1  0 -1  0  0 -1  0 -1 -1  3 -1 -1  0  0  0 -1  0 -1 0 0 1 40
 1 -1  0 -1 -1  0 -1  3 -1 -1 -1  0 -1 -1  1  0  0 -1 -1 -1 0 0 1 45
 2 -1  0  0 -1  0  1  0 -1 -1 -1  0 -1 -1  1  1  1 -1 -1 -1 0 0 1 30
-1 -1 -1 -1 -1 -1 -1 -1 -1  0  2 -1  1  1 -1 -1  0  2  0  0 0 0 1 5
 0  0 -1 -1 -1  1  0 -1 -1  0  1  0  0 -1  0  0  1 -1 -1  1 0 0 1 60
 2  0  0  0 -1  0  0  0 -1 -1 -1  0 -1 -1  0  1  0 -1 -1 -1 0 0 1 75
-1 -1 -1 -1 -1 -1 -1 -1 -1  1  2 -1  1  0  0 -1  0 -1 -1  0 0 1 1 60
 0 -1  1  0 -1  0  0  3 -1 -1 -1  0 -1 -1  1  0  0 -1 -1 -1 0 1 1 65
-1 -1 -1 -1  1 -1 -1 -1  0  1  0 -1  0  2 -1 -1  0  0  3  1 1 1 1 20
 0  0  0  0 -1  1  0  0 -1 -1  0  1  0  0  0  1  0 -1  0  0 1 1 1 60
-1  0  0  3 -2  0  3 -1 -1 -2 -1  1 -1 -2  0  0 -1 -1 -1 -1 0 1 1 80
 0 -1 -1 -1 -1 -1 -1  5 -1 -2 -2 -1 -1 -2  1  0 -1 -1 -1 -2 0 1 1 30
-1 -1 -1  3  2  0  1  0 -2 -1  0 -1  3 -2 -2  0  1 -2 -2  0 0 0 0 25
-2 -1  0  2 -3  1  5 -3 -2 -1 -2 -1 -2 -3 -2 -1 -2 -3 -3  1 0 0 0 10
 0  2  0 -1 -3  3  2 -2 -1 -2 -2  2 -1 -3 -2  0 -1 -3 -2 -1 0 0 0 35
-1  1  0 -2  7  3  0 -2  1 -2 -2  1 -2 -3 -2  0 -1 -2 -2 -2 1 1 1 45
-2 -1  0  4 -3 -1 -1 -2 -2 -2 -3 -1 -3 -3  6 -1 -1 -3 -3 -2 0 0 1 0
-1  0  1  4 -3  2  3 -1  0 -1 -3 -1 -2 -3 -2  0 -1 -3 -1 -2 0 0 1 45
 0  0  0  2  0  1  3  0  1 -2 -1  0 -1 -2 -1  0  0 -2 -1 -1 0 0 1 55
 0 -1  0  1 -1  0  0 -1 -1  1  0 -1  0 -1  1  0  0 -1 -1  1 0 0 1 10
-1 -4  0 -3 -4 -3 -4  7 -4 -5 -5 -3 -4 -5 -4 -1 -3 -4 -5 -5 1 1 1 30
-5 -5 -6 -7 -5 -4 -5 -5 -5 -5 -4 -6 -4 -1 -6 -5 -5 12  0 -5 1 0 0 40
-2 -3 -4 -4 -3 -1 -3 -4 -2  1  3 -3  4  3 -4 -3 -1  5  4  0 1 0 0 0
-1 -1  0 -2 -2 -1 -1 -1  0  0  0  0  0  0  2 -1  0 -2  1  2 1 0 0 30
-1 -4 -2 -3 -4 -3 -3  7 -3 -5 -5 -3 -4 -4 -3 -2 -3 -4 -4 -4 1 0 0 0
-1  1 -2 -2  1 -1 -2 -2 -1  0 -1  0 -1  3 -2  0  2 -1  2  0 1 0 0 30
-2 -2  6  0  0 -1 -1 -2 -1 -3 -2  0 -2 -3 -3  2 -1 -4 -3  0 1 0 0 -5
-2  1 -1  0 -4  3  5 -3  1 -4 -3  0 -3 -3 -1 -1  0 -3  0 -3 0 1 1 45
-2  7 -1 -3 -4 -1 -1 -4  1 -4 -2  0 -3 -4 -1 -1  1 -4 -3 -3 0 1 1 60
-2 -2  2 -2 -3 -2 -2 -1 -3 -3 -3 -1 -2 -4 -3  0  6 -4 -3 -2 0 1 1 35
-1  1  1 -2  0  3 -1  4 -1 -4 -3  2 -3 -4 -3 -1 -1 -4 -3 -4 1 1 1 50
-1  1 -1 -1  2  5  4 -3  0 -3 -2  1  1 -4 -3 -1 -2 -3 -2 -3 1 1 1 45
-2  4 -1 -2 -1  0  0 -2 -1 -2 -2  2 -2  3 -3  0  0 -2  0 -2 1 0 0 60
-1 -4 -2 -3 -4 -4 -4  7 -4 -6 -5 -3 -4 -5 -4 -2 -3 -4 -5 -5 1 0 0 0
-2 -3 -1  4  0 -2 -1 -2 -1  0  0 -2  2  0 -3  0  2  4 -2  0 1 0 0 25
-4 -5 -5 -5 -4 -5 -5 -5 -3 -1  0 -5 -1  8 -5 -4 -4 -1  1 -1 1 0 0 0
-3 -4 -4 -4 -5 -3 -3 -4 -4 -5 -5 -3 -5 -6  8 -3 -3 -6 -5 -4 1 0 0 5
 1 -1 -2 -2 -3 -1 -2  6 -3 -4 -4 -2 -3 -4 -3  0 -2 -4 -4 -4 0 0 0 0
-1 -2  5 -1 -3 -2 -2 -1 -2 -3 -4 -2 -3 -4 -3  1  5 -4 -3 -3 0 0 0 40
-4 -4 -4 -5 -4 -4 -4 -5  0 -3 -3 -4 -3  3 -5 -4 -4  0  9 -3 0 0 0 25
-1 -4 -4 -4 -2 -3 -4 -4 -4  2  1 -4 -1 -2 -4 -3  0 -4 -3  6 1 0 0 0
-1  1  0  1 -4  1  5 -3 -1 -4 -4  1 -3 -4 -2  0 -2 -4 -3 -4 1 0 0 40
-1  0 -3 -4 -3 -2 -3 -4  1 -1  1 -2 -1  5 -2 -2 -2  0  5 -1 1 0 0 20
-1 -3 -4 -4 -2 -3 -3 -4 -3  3  2 -3  2  0 -2 -3 -1 -2  1  3 1 0 0 45
 0 -2 -1 -1 -3 -1  1  5 -2 -4 -3 -1 -3 -3 -2  1 -1 -3 -3 -3 1 0 0 20
-1  4 -1 -2 -4  0 -1 -3 -2 -3 -3  3 -2 -4  5 -1 -1 -4 -3 -3 1 0 0 50
 1  0 -2 -2 -2  0 -1 -2 -2  1 -1  3  1 -2 -2 -1  0 -3 -2  2 1 1 1 45
 1  3 -1 -1  1  0  0 -2 -1 -3 -2  3 -2 -3 -2  1  0  3 -2 -2 1 0 0 65
-2 -3 -3 -4 -2 -2 -3 -4 -3  3  3 -3  4  0 -1 -3 -1 -2 -2  1 1 1 1 50
 3 -1  0 -1 -1 -1 -1 -1 -2 -2 -2 -1 -2 -3 -1  4  1 -3 -2 -1 1 1 1 55
-1 -2 -2 -2 -3 -2 -1 -2 -2 -3 -3 -1 -3 -4  8 -1 -1 -4 -3 -3 1 1 1 85
