-1 -2 -2 -3 -2 -1 -2 -3 -2  1  2 -2  6  0 -3 -2 -1 -2 -1  1 1 1 1 95
-3 -3 -3 -4 -3 -3 -4 -3 -1  0  0 -3  0  7 -4 -3 -2  1  3 -1 1 1 1 90
-1 -3 -3 -4 -1 -3 -3 -4 -3  3  3 -3  1  0 -3 -2 -1 -2 -1  2 1 1 1 60
 1 -3 -3 -4 -2 -2 -3 -2 -3 -3 -2 -3 -2  0 -3 -2 -2 10  1 -2 1 1 0 90
 2 -2 -1 -2 -1 -1 -2  2 -2  0 -1 -1 -1 -2 -2  0  3 -3 -2  1 1 1 0 50
 2 -2  0 -1 -1 -1 -1  4 -2 -3 -3 -1 -2 -3 -1  3  0 -3 -2 -2 1 1 1 85
 0  2  0 -1 -2  0 -1  4 -1 -3 -3  1 -2 -3 -2  1  1 -3 -2 -2 1 1 1 65
-1  4  2 -1 -3  2  0 -2  0 -3 -3  3 -2 -3 -2  0 -1 -3 -2 -3 1 1 1 95
 2 -2 -1 -2 -1 -1 -1 -1 -2  1 -1 -1  0 -2 -1  2  3 -3 -2  1 1 1 1 90
 2 -1  1 -1 -1 -1 -1 -1 -1 -2 -2 -1 -1 -2 -1  3  2 -3 -2 -1 1 1 1 75
 0 -1  0  3 -2  1  2  2 -1 -3 -3  0 -2 -3 -1  2  1 -3 -2 -2 1 1 1 30
 1 -2  0 -1 -2 -1 -1  3 -2 -2 -1 -1 -2 -2 -2  3  0 -3 -2 -2 1 1 0 50
-1  1 -1 -2 -2 -1 -1  2  0 -2 -1 -1 -1  2 -2  0 -1  0  4 -2 1 1 0 55
-1  4 -1 -1 -3  0 -1  2 -1 -2 -2  2 -1  1 -2 -1 -1 -2 -1 -2 1 1 0 70
 1 -1  0 -1 -2  1  0  2  3 -3 -3 -1 -2 -3  3  2  0 -3 -1 -2 1 1 0 75
-1 -1  2  4 -2  0  2 -1 -1 -3 -3  0 -2 -3 -1  1  2 -3 -2 -2 1 1 1 30
-1  2  0  2 -3  1  4 -2  0 -3 -3  2 -2 -3 -1  0 -1 -3 -2 -3 1 1 0 85
-1  3  0 -1 -2  2  0 -2 -1 -1 -2  3 -1 -3 -1  1  0 -3 -2 -1 0 1 1 85
-1  6  0 -2 -4  1  0 -2  0 -3 -2  2 -1 -3 -2 -1 -1 -3 -2 -3 0 1 1 60
 0 -1  4  0 -1  0  0 -1  0 -2 -3  0 -2 -3 -1  3  2 -3 -2 -2 1 1 0 45
-1 -3 -3 -3 -1 -3 -3 -4 -3  4  1 -3  1  1 -3 -2 -1 -2 -1  2 1 1 0 30
-2 -2 -2 -3 -3 -2 -2 -3  2 -1 -1 -2 -1  3 -3 -2 -2  2  7 -1 0 0 1 55
-1  1  0  0 -3  6  2 -2  0 -3 -2  1 -1 -3 -1  0 -1 -2 -2 -2 0 0 1 60
-1  3  1 -1 -3  1  1 -2 -1 -3 -3  4 -2 -3 -1  0 -1 -3 -2 -2 0 0 1 65
-2 -3 -3 -3 -2 -3 -3 -4 -3  3  1 -3  1  3 -3 -2 -1 -1  1  2 0 0 1 60
-1  6  0 -2 -4  1  0 -2  0 -3 -2  2 -1 -3 -2 -1 -1 -3 -2 -3 0 0 1 70
-1 -1  1  4 -4  1  4 -2 -1 -3 -3  0 -3 -3 -1  0 -1 -4 -3 -3 0 0 1 55
-1 -1 -1 -2 -2 -1 -1 -3  5  0 -1 -2  0  2 -3 -2 -1  0  4  1 0 0 1 75
-2 -1  1  6 -4  0  3 -2 -1 -3 -4  0 -3 -4 -2  0 -1 -4 -3 -3 0 0 1 55
-1 -2 -3 -4 -1 -2 -3 -4 -3  2  3 -3  2  0 -3 -2 -1 -2 -1  2 0 1 1 65
-2 -2 -4 -4 -1 -2 -3 -4 -3  2  4 -3  2  0 -3 -3 -1 -2 -1  1 0 1 1 65
-2 -2  1  6 -4  0  2 -1 -1 -3 -4 -1 -3 -4 -2  0 -1 -4 -3 -3 0 1 1 30
-1  4  0 -1 -3  1  1 -2 -1 -3 -2  4 -1 -3 -1  0 -1 -3 -2 -2 1 1 0 95
-1  5  0 -1 -3  1  0 -2  0 -3 -2  3 -1 -3 -2 -1 -1 -3 -2 -3 1 1 0 95
-1  3  0 -1 -3  1  1 -2 -1 -3 -3  5 -1 -3 -1  0 -1 -3 -2 -2 1 1 0 65
 0 -1  0 -1 -1 -1 -1 -2 -2 -1 -1 -1 -1 -2 -1  1  5 -3 -2  0 1 1 1 85
 0 -2 -3 -2 -1 -2  0 -3 -3  2  1 -2  0 -1 -2 -2  0 -3 -1  4 1 1 1 80
 0 -1  0 -1 -1 -1 -1 -2 -2 -1 -1 -1 -1 -2 -1  1  5 -3 -2  0 1 1 1 80
 4 -2 -2 -2  0 -1 -1  0 -2 -1 -2 -1 -1 -2 -1  1  0 -3 -2  0 1 1 1 65
-2 -2 -4 -4 -1 -2 -3 -4 -3  2  4 -3  2  0 -3 -3 -1 -2 -1  1 1 1 0 95
-1  4  0 -1 -3  2  1 -2 -1 -3 -2  4 -1 -3 -1  0 -1 -3 -2 -2 1 1 1 85
 4 -2 -2 -2 -1 -1 -1  0 -2 -2 -2 -1 -1 -3  4  1  0 -3 -2 -1 1 1 1 85
 0 -2  0 -1 -3 -2 -2  6 -2 -4 -4 -2 -3 -3 -2  0 -2 -3 -3 -3 1 1 0 95
-1  0  0  2 -4  2  5 -2  0 -3 -3  1 -2 -3 -1  0 -1 -3 -2 -3 1 1 1 95
-2 -2  1  6 -4  0  2 -1 -1 -3 -4 -1 -3 -4 -2  0 -1 -4 -3 -3 1 1 1 95
