-1 -3 -1 -2 -3 -3 -3  6 -3 -5 -5 -2 -4 -4 -3 -1 -2 -3 -4 -4 1 1 1 95
 0 -1  1  5 -3 -1  2 -1 -2 -1 -3 -1 -3 -4 -2  0  1 -4 -3 -2 1 1 1 60
-1 -1  2  3 -3  1  2  0 -1 -3 -3  1 -3 -4 -2  2 -1 -4 -3 -2 1 1 1 45
 3 -1 -1  1 -2  0  3  0 -2 -3 -2  0  0 -3 -2  1  0 -3 -3 -2 1 1 1 45
-1 -2  1  3 -2 -1  1 -1 -2  0  1 -1 -1 -2 -2  0  0 -3 -2  1 1 1 1 30
 1 -2  0  0 -2 -1  0 -1 -1  0  2 -2  0 -2  1  0 -1 -3 -2  1 1 1 1 30
-2 -1  0  6 -5  2  3 -1 -2 -5 -5  0 -4 -5 -3 -1 -2 -5 -4 -4 1 1 1 45
 0 -1  0  0 -3  1  3 -2 -2  0 -3  0 -2 -3 -2  2  2 -4 -3 -1 0 1 1 55
-2 -3  0  7 -5 -1  3 -1 -3 -5 -5 -2 -5 -5 -2 -2 -3 -6 -5 -5 1 1 0 45
 2 -2  0  2 -3  1  3  0  0 -2 -3 -1 -1 -4  0  1 -1 -4 -3 -1 1 1 1 50
-1 -3 -2 -1 -3 -2  1 -4 -3  5  1 -3 -1 -2 -3 -2  1 -4 -3  2 0 1 1 15
-1 -2  6  2 -4 -1  2  0 -2 -3 -3 -1 -3 -4 -3 -1  0 -5 -4 -4 1 1 1 40
-1 -3 -1  0 -3 -1  3 -1  0 -3 -4 -2 -4 -5 -2  5 -1 -5 -4 -4 1 1 1 40
-3 -1 -1  6  0 -1  4 -2 -2 -4 -3 -2 -4 -5  0 -2 -3 -5 -4 -4 0 1 1 50
-2 -3 -3 -1 -3 -3 -1 -4 -3 -1  4 -2 -1 -2  4 -1 -2 -3  1 -2 1 1 1 30
-3 -4  2  7 -5 -3 -1 -2 -3 -3  1 -3 -3 -4 -4 -1 -1 -5 -4 -4 1 1 1 50
-2 -3  4  6 -5 -1  2 -3 -2 -5 -3 -2 -4 -5 -4  0 -3 -6 -4 -5 1 1 1 40
-1 -3 -2  0 -3 -2  0 -1 -3 -1 -3 -2  0 -4  4  5  1 -5 -4 -3 0 1 1 45
-3 -3  1  6 -5  0  3  1 -3 -4 -1 -1 -4 -3 -3 -1 -3 -5 -4 -3 0 1 1 55
-3 -3  1  7 -5 -2  2 -2 -3 -2 -4 -3 -4 -4 -2 -1 -1 -5  0 -4 0 1 1 55
-1 -2  1  6 -4  1  2 -2 -2 -2 -1 -1 -3 -4 -1  0 -2 -4 -4 -2 0 1 1 50
-1 -2  1  1 -1 -1  2 -1 -2  0  0 -1  0 -2  0  0 -1 -3  1  1 1 1 1 50
-1 -2  0  2 -3 -1  1  0 -2  0  1 -1 -1 -3 -1  2  1 -4 -3  0 1 1 1 30
 0 -2  2  4 -3 -1  1  0 -2  0 -2 -1 -2 -3  0  1 -1 -4 -3 -2 1 1 1 60
-1 -2 -1  4 -4  2  3  1 -2 -3 -3  0 -2 -3  0  2 -2 -4 -3 -3 0 1 1 60
-1 -2  0  5 -4  0  3  0  2 -1 -2 -1 -1 -4 -3 -1 -1 -4 -3 -3 0 1 1 55
-1 -1  0  3 -3  1  1  1  0 -1 -2  0 -2 -3  1  0 -1 -3  0  0 0 1 1 55
-1 -2 -1  4  2  0  4 -1 -2 -3 -3  0 -3 -4  1 -1 -1 -5 -4 -3 1 1 1 60
 0 -1  0  5 -4  1  3  0 -2 -4 -4 -2  0 -4 -3 -1 -1 -5 -4 -1 0 1 1 60
-1 -2  0  4 -3 -1  3 -1 -2 -1  1  0  0 -3 -2  0 -1 -4 -3 -2 0 1 1 55
-1 -2  0  3 -3 -1  1  0 -2 -1 -2 -1 -1  3  2  0 -2 -2 -1 -2 1 1 1 50
 0 -2  2  3 -1  1  2 -1  1 -2 -3 -1 -1 -3  2  0 -1 -3  0 -2 0 1 1 55
 0 -2  0  1  0 -1  1 -1  0 -1 -1 -1  0 -3  0  2  3 -3 -2  0 0 1 1 50
 0 -1  0  3 -3  2  1  2 -1 -1 -2  1 -2 -3 -1  1 -1 -3 -1 -2 1 1 1 80
-2 -1  6  2 -4  1  0 -2  4 -4 -4 -1 -3 -3 -3  0 -1 -3  1 -4 1 1 1 20
-1 -3 -3 -3  0 -2 -3 -4  0  2  2 -3  1  2 -3 -1 -1 -2  1  2 1 0 0 5
-1 -3 -3 -4  2 -3 -3 -4 -3  3  1 -3  4  0 -3 -2  0 -3 -2  3 1 0 0 -5
-1 -3 -4 -4 -2 -3 -3 -4 -3  2  3 -3  2  1 -3 -3 -1 -2  0  3 1 0 0 0
 1 -4 -3 -4 10 -4 -4  0 -4 -3 -3 -4 -3 -4 -4  0 -2 -4 -4 -2 1 0 0 -5
-1 -1 -2 -2 -2  4 -1 -3 -2  1  1 -1  3  0 -3  0  1 -3 -2  0 1 0 0 15
-2 -3 -3 -4  0 -3 -3 -4  2 -1 -1 -3 -2  4 -4 -3 -2  0  7  0 1 0 0 5
-2 -2  1  6 -4 -1  3 -3 -2 -3 -2 -1 -3 -4 -3 -1 -2 -5 -4 -1 1 0 0 40
-2  3 -1 -2 -5  0  0 -3 -2 -4 -4  6 -3 -4 -2 -2 -2 -4 -3 -4 1 0 0 50
-1 -3 -3 -3 -1 -3 -3 -4 -3  4  1 -3  1 -1 -3 -2  0 -3 -1  3 1 0 0 20
-1 -1  2 -1 -3  3 -1 -2  4 -2 -2  0 -2 -2 -2  1  2 -3  1 -2 1 0 0 45
-3  7 -2 -3 -5  0 -1 -4  2 -4 -3  2  0 -4 -4 -2 -3 -4 -3 -4 1 0 0 40
 1  0  0 -2  1 -1 -2 -2  0  1 -1 -1 -1 -2  0  2  2 -4 -2  2 1 0 0 70
-2  3  0 -2 -4  0 -1 -3 -2 -4 -4  6 -3 -4 -2  0 -2 -4 -3 -4 0 1 1 75
-1 -2  6  0  1 -1 -2  1 -1 -4 -4 -2 -3 -4 -3  2  1 -5 -3 -3 0 1 1 15
-1  3  0 -2 -4  0 -1 -3 -2 -3 -3  6 -2 -4 -2 -1 -2 -4 -3 -2 1 0 0 45
-5 -1 -6 -6 -5 -4 -5 -5 -4 -5 -4 -5 -3 -1 -6 -5 -4 12  3 -5 1 0 0 0
-2  2 -2 -2 -5  0  1 -3 -2 -4 -4  7 -3 -5 -3 -2 -2 -5 -3 -4 1 0 0 35
-1 -4 -4 -4  8 -4 -4 -4 -4  0 -1 -4 -1  4 -4 -1 -1 -2 -1  0 1 0 0 0
 0 -1  1 -2 -1 -1 -1 -2  2  1 -1  1 -1 -1 -2  0  2  0  2  1 1 0 0 20
-3 -4 -5 -5 -3 -4 -4 -5 -4  0  5 -4  2  4 -4 -4 -3 -2 -1 -1 1 0 0 0
-2  3  1 -2 -4  0 -1 -3 -2 -4 -4  6 -3 -4 -3 -2 -2 -4 -3 -3 1 0 0 20
 0 -2  2  6 -2  1  1 -1 -2 -4 -4 -1 -3 -4 -3 -1 -2 -4 -1 -3 1 0 0 10
 0 -2 -2 -3  2 -3 -3  7 -3 -5 -5 -3 -4 -5 -4 -2 -3 -4 -4 -4 1 0 0 -5
-2 -4 -4 -4 -2 -3 -4 -5 -4  5  1 -4  2  1 -4 -3 -1 -3 -2  4 1 0 0 0
 0 -3 -4 -4 -2 -2 -3 -4 -3  2  2 -3  6 -1 -4 -2 -2 -3 -2  2 1 0 0 -5
-1 -1  3 -1  3  1 -1 -1  5 -3 -2  0 -2 -3 -2  1  2 -3 -1 -2 1 0 0 15
-1 -3 -4 -4 -2 -3 -3 -4 -2  4  2 -3  1  1 -3 -2 -1 -3  0  3 1 0 0 0
-2  0  6  3 -4  0 -1  2  0 -5 -5 -1 -3 -4 -3  0 -2 -5 -3 -4 0 1 1 50
-1  1  2  0 -4 -1 -1  6  0 -5 -5  0 -4 -4 -3 -1 -2 -4 -4 -4 0 1 1 95
-2  4 -1 -2 -4  1 -1 -3 -2 -1 -3  5 -2 -4 -3 -1 -1 -4 -2 -1 1 0 0 35
-3 -2  1  6 -5 -1  3 -3 -2 -5 -5 -2 -4 -5 -3  0 -2 -5 -4 -4 1 0 0 20
-3 -3 -3 -4 -3 -2 -3 -4  2  1  0 -3  1  3 -4 -2 -2  1  7  0 1 0 0 5
-1 -3 -4 -4  0 -3 -3 -4 -4  1  2 -3  0  0  0 -2  0 -3 -2  4 1 0 0 0
-4 -5 -5 -5 -4 -5 -5 -5 -3 -2 -1 -5 -2  8 -6 -4 -4 -1  1 -1 1 0 0 -5
 1  1  3  0 -3  3 -1  1  4 -3 -3 -1 -2 -2 -2  2 -1  0 -2 -3 1 0 0 15
-1  2  1 -2 -4  1 -1 -3 -2 -4 -4  5 -3 -2 -2  1 -1 -4 -3 -3 1 0 0 40
 4 -3 -3 -3  5 -2 -3  0 -3  0  0 -2  1 -3 -3  0 -1 -4 -3 -1 1 0 0 0
-1 -1  3 -1 -3  3  0 -2 -1  0 -2  1 -1 -3 -2  1  3 -4 -3  0 1 0 0 20
 0 -4 -2 -3  3 -3 -4  6 -4 -4 -2 -3 -3 -4 -3 -2 -3 -4 -4 -1 1 0 0 0
-3 -2 -1  4 -5  0  6 -3 -2 -5 -5 -1 -4 -5 -3 -2 -2 -5 -4 -4 1 0 0 30
 2 -3 -3 -3  0 -3 -3 -3 -2 -1  1 -3  1  5 -3  0 -1 -1  3 -1 1 0 0 0
-2 -1  0  1 -4  0  5 -3 -2 -1 -2  0 -3  0 -3 -1 -2 -4 -3 -2 1 0 0 55
-5 -5 -6 -6 -5 -4 -5 -5 -4 -4 -3 -5 -3  4 -6 -5 -5 12  0 -5 1 1 1 5
 1 -3 -3 -3 -1 -2 -3 -3 -3  3  2 -2  1 -1 -2 -1  0 -3 -1  3 1 1 1 70
