 0 -2 -3 -3 -1 -2 -2 -3 -3  2  1 -2  1 -1 -2 -2  0 -3 -1  4 1 1 1 85
-2 -3 -3 -4 -2 -3 -3 -3 -2  0  2 -3  1  5 -3 -2 -2  0  2  0 1 1 1 30
-1 -2 -2 -2 -3 -1 -1 -2 -2 -3 -3 -1 -3 -4  8 -1 -1 -4 -3 -2 1 1 1 90
 1 -1  0  0 -1  0  0 -1 -1 -2 -2  0 -1 -2 -1  3  3 -3 -2 -1 1 1 1 95
-2  0  4  0 -3  0  0 -1  6 -3 -3  0 -2 -2 -2  0 -1 -3  0 -3 1 1 1 95
 3  0 -1 -1 -1  0  0  0 -1 -2 -2  2 -1 -2 -1  1  0 -3 -2 -1 1 1 1 55
 1 -1  0 -1 -1 -1 -1 -1 -2 -1 -1 -1 -1 -2 -1  1  4 -3 -2  0 1 1 0 55
-2 -3 -3 -4 -2 -3 -3 -3 -1  0  0 -3  0  6 -4 -2 -2  1  3 -1 1 1 1 5
 1  2  0 -1 -2  0 -1  3 -1 -3 -3  0 -2 -3 -2  1  0 -3 -2 -2 1 1 1 35
-1 -2 -3 -3 -1 -1 -2 -3 -2  1  3 -2  5  0 -3 -2 -1 -2 -1  1 0 1 1 70
 0 -2  0 -1 -3 -2 -2  6 -2 -4 -4 -2 -3 -3 -2  0 -2 -3 -3 -3 0 1 1 40
-2 -2  1  6 -4  0  2 -1 -1 -3 -4 -1 -3 -4 -2  0 -1 -4 -3 -3 1 1 1 25
-1  5  0 -1 -3  1  0 -2  0 -3 -2  3 -1 -3 -2 -1 -1 -3 -2 -2 1 0 0 35
 0 -3 -3 -3 -1 -2 -3 -3 -3  3  1 -2  1 -1 -2 -2  0 -3 -1  4 1 0 0 -5
-1  6  0 -2 -3  1  0 -2  0 -3 -2  2 -1 -3 -2 -1 -1 -3 -2 -3 1 0 0 40
-1  2  0 -1 -3  1  1 -2 -1 -3 -3  5 -1 -3 -1  0 -1 -3 -2 -2 1 0 0 15
-1  1 -1 -1 -2  1  0 -2 -1  0 -1  4 -1 -2 -1 -1 -1 -3 -2  1 1 1 0 50
 1  3  0 -1 -1  0  0 -1 -1 -3 -2  1 -1 -3 -1  3  1 -3 -2 -2 1 1 0 65
 0 -2  0 -1 -3 -2 -2  6 -2 -4 -4 -2 -3 -3 -2  0 -2 -3 -3 -3 1 1 0 85
 3 -1 -1 -1 -1 -1 -1  0 -1 -2 -2 -1 -1 -2 -1  2  0 -3 -2 -1 1 1 0 70
 3 -1 -1 -1 -1  2  0  0 -1 -2 -2  0 -1 -2 -1  1  0 -2 -2 -1 1 1 1 80
-3 -3 -4 -4 -2 -2 -3 -3 -2 -3 -2 -3 -1  1 -4 -3 -3 11  2 -3 1 1 1 15
-1  1  0 -1 -3  5  1 -2  4 -3 -2  1 -1 -3 -2  0 -1 -2  0 -2 1 0 0 30
 0 -2  0 -1 -3 -2 -2  6 -2 -4 -4 -2 -3 -3 -2  0 -2 -3 -3 -3 1 0 0 -5
-1  4  0 -1 -3  4  1 -2  0 -3 -2  2 -1 -3 -2  0 -1 -2 -2 -2 1 0 0 45
-1 -3 -3 -3 -1 -3 -3 -4 -3  4  1 -3  1  0 -3 -2  0 -3 -1  3 1 0 0 0
 0 -3 -3 -3 -1 -2 -3 -3 -3  3  1 -2  1 -1 -2 -2  0 -3 -1  4 1 0 0 35
 0 -2  0 -1 -3 -2 -2  6 -2 -4 -4 -2 -3 -3 -2  0 -2 -3 -3 -3 1 0 0 20
-3 -3 -4 -4 -2 -2 -3 -3 -2 -3 -2 -3 -1  1 -4 -3 -3 11  2 -3 1 0 0 70
-2 -2 -2 -3 -2 -1 -2 -3  2 -1 -1 -2 -1  3 -3 -2 -2  2  7 -1 1 0 0 20
 0 -2 -1 -2  8 -2 -2 -2 -2 -2 -2 -2 -1 -2 -2  1  0 -2 -2 -1 1 1 1 55
 0 -1  0 -1 -1 -1 -1 -2 -2 -1 -1 -1 -1 -2 -1  1  5 -2 -2  0 1 1 1 45
-1  0  2  3 -3  0  1 -1 -1 -2 -3  2 -2 -3 -1  0  1 -3 -2 -2 1 1 0 95
-2 -2 -3 -4 -1 -2 -3 -4 -3  2  4 -3  2  0 -3 -3 -1 -2 -1  1 1 1 0 95
 0 -1  0 -1 -1 -1 -1 -2 -2 -1 -1 -1 -1 -2 -1  1  5 -2 -2  0 1 1 1 10
-1 -2 -2 -2 -3 -1 -1 -2 -2 -3 -3 -1 -3 -4  8 -1 -1 -4 -3 -2 1 1 0 65
-1  0  0  2 -4  2  5 -2  0 -3 -3  1 -2 -3 -1  0 -1 -3 -2 -3 1 1 0 25
 0 -2  0 -1 -3 -2 -2  6 -2 -4 -4 -2 -3 -3 -2  0 -2 -3 -3 -3 1 0 0 0
-2 -2 -2 -3 -2 -1 -2 -3  2 -1 -1 -2 -1  3 -3 -2 -2  2  7 -1 1 0 0 0
 4 -1 -2 -2  0 -1 -1  0 -2 -1 -2 -1 -1 -2 -1  1  0 -3 -2  0 1 0 0 10
 0 -3 -3 -3 -1 -2 -3 -3 -3  3  1 -2  1 -1 -2 -2  0 -3 -1  4 1 0 0 0
-1  0  0  2 -4  2  5 -2  0 -3 -3  1 -2 -3 -1  0 -1 -3 -2 -3 1 0 0 30
 1 -1  1  0 -1  0  0  0 -1 -2 -3  0 -2 -2 -1  4  1 -3 -2 -2 1 0 0 5
-1  0  0  3 -4  1  4 -2  0 -3 -3  0 -2 -3 -1  0 -1 -3 -2 -3 1 1 0 45
 2 -1  0 -1 -1 -1 -1  0 -1 -1 -2 -1 -1 -2 -1  3  2 -3 -2 -1 1 1 0 65
-1  0  0  0 -3  1  2 -2  7 -3 -3  0 -2 -2 -2 -1 -1 -3  1 -3 1 1 0 65
-1  2 -2 -2 -3  0 -1 -2 -2 -3 -3  0 -2 -3  7 -1 -1 -3 -3 -2 0 1 1 80
 0 -2  0 -1 -3 -2 -2  6 -2 -4 -4 -2 -3 -3 -2  0 -2 -3 -3 -3 0 1 1 65
 1 -1  1  0 -1  0  0  0 -1 -2 -3  0 -2 -2 -1  4  1 -3 -2 -2 1 1 1 45
 0 -3 -3 -3 -1 -2 -3 -3 -3  3  1 -2  1 -1 -2 -2  0 -3 -1  4 1 0 0 45
-1  1  0  0 -3  5  2 -2  0 -3 -2  1  0 -3 -1  0 -1 -2 -1 -2 1 0 0 40
-1 -3 -3 -3 -1 -3 -3 -4 -3  4  2 -3  1  0 -3 -2 -1 -3 -1  3 1 0 0 55
-2 -2 -2 -3 -2 -1 -2 -3  2 -1 -1 -2 -1  3 -3 -2 -2  2  7 -1 1 0 0 10
-1 -2 -2 -2 -3 -1 -1 -2 -2 -3 -3 -1 -3 -4  8 -1 -1 -4 -3 -2 1 0 0 35
 2 -2 -2 -3 -1 -1 -2 -2 -2  2  1 -2  2 -1 -2 -1  0 -2 -1  3 0 0 0 20
 3 -1 -1 -1 -1 -1 -1  0 -1 -1 -2 -1 -1 -2 -1  2  2 -3 -2 -1 0 0 0 65
 4 -1 -2 -2  0 -1 -1  0 -2 -1 -2 -1 -1 -2 -1  1  0 -3 -2  0 0 0 0 25
-2 -2 -3 -4 -1 -2 -3 -4 -3  2  4 -3  2  0 -3 -3 -1 -2 -1  1 1 0 0 0
-1  0  0  2 -4  2  5 -2  0 -3 -3  1 -2 -3 -1  0 -1 -3 -2 -3 1 0 0 30
-1  6  0 -2 -3  1  0 -2  0 -3 -2  2 -1 -3 -2 -1 -1 -3 -2 -3 1 0 0 60
-1 -3 -3 -3 -1 -3 -3 -3 -3  3  1 -2  1 -1 -3 -2  0 -3 -1  3 1 1 1 20
-2  0  6  1 -3  0  0  0  1 -3 -3  0 -2 -3 -2  1  0 -4 -2 -3 1 1 1 95
