-4 -3 -3  3 -7  3  6 -5 -3 -6 -6  2 -5 -6 -4 -3 -4 -6 -5 -6 1 1 1 70
-3 -5 -3 -3 -5 -3  3 -5 -4 -3 -3 -4 -5 -6 -3  0  7 -6 -6  0 1 0 0 55
-2 -2 -2 -4 -5 -2 -4 -5  6  2 -2 -1 -3  0 -4 -3  0  0  3  4 1 0 0 25
-3 -1 -1  1 -5  1  4 -5 -4 -3 -4 -1  1 -6 -5 -1  5 -6 -5 -1 1 0 0 50
-5 -7 -7 -8 -5 -7 -7 -8 -8  4 -2 -5 -3 -5 -7 -6 -3 -7 -6  7 1 0 0 0
 0  1  0 -1 -4  1  1 -1 -1 -2  0  3  0 -2 -3 -1  2 -3 -3 -2 1 0 0 35
-3 -5 -4 -6 -5 -3 -6 -6 -6  2  1 -4  8 -4 -6 -3 -4  0 -5  4 1 0 0 0
-1  0 -1 -2 -4 -1 -1  5 -2 -2 -3  1 -4 -4 -4  0  0 -4 -4 -1 1 1 0 0
 3 -2  0  0  1 -2 -1  1 -2 -2 -3 -1  0 -2  1  1  2 -4 -3 -2 1 1 1 5
-1 -2  3  5 -4 -2  2 -1 -1 -2 -4 -1 -4 -4 -2 -1 -2 -5 -3 -1 0 1 1 60
-1 -1  1  3 -3 -1  0  3 -2 -2 -3  0 -1 -3  0  0  0 -3 -2 -2 0 1 1 75
-1 -2  1  0 -4  0  0  5 -1 -4 -4 -1 -3 -4 -3  0 -2 -4 -3 -3 1 1 0 35
 1  0  3  0 -3  0  0  2  0 -2 -1  0  0 -3 -1  1  0 -2 -2 -2 1 1 1 50
-3 -4 -3 -3 -5 -4 -4 -6 -3 -2  3 -3  7  4 -4 -2 -3  1  2 -1 1 1 0 30
 3  1 -3 -3  0 -1 -2 -1 -2 -1 -2  1 -1 -3 -3  0  0 -1  0  3 1 1 0 40
-7 -8 -8 -8 -7 -8 -8 -5 -6 -4 -4 -8 -2  9 -8 -7 -7  0  5 -3 1 0 0 0
-1 -1  1  3 -3  1  4 -1 -2 -1 -3 -1 -3 -4 -4  2  0 -5 -2  0 1 0 0 35
-5 -4 -5 -3 -8 -2 -4 -7 -7 -4 -5 -2 -7 -8  8 -6 -4 -9 -5 -3 1 1 0 45
 3 -2  0  2 -4 -1  0 -1 -2 -2 -3  0  0 -4  2  2  0 -5 -3 -2 1 1 0 35
 0 -1  0  1 -3  0  2 -2 -1 -1 -2 -1 -1  1 -2  1  2 -2  0  0 1 0 0 60
-2 -5 -6 -6 -4 -4 -5 -6 -5  4  3 -5 -1  2 -4 -4 -2 -5 -1  4 1 0 0 5
-2  2 -1 -2 -5  1  1 -4  2 -2 -4  2 -2 -1 -3  0  5  0 -2 -3 1 0 0 55
 1 -6 -6 -6 -1 -6 -6 -5 -6  5 -1 -6 -2 -3 -6 -5 -3 -6 -5  5 1 0 0 0
 1  1  1  1 -3  1  2 -3  1 -4 -3  3 -2 -3  1  1 -1 -5 -3 -3 1 1 1 50
 2 -1 -3 -4 -4  1 -1 -3 -4 -2 -2  1 -2 -5  4  0 -1 -5 -4  2 0 1 1 50
-4 -6 -2 -2 -7 -6 -4  7 -3 -8 -7 -4 -7 -7 -6 -3 -6 -7 -7 -7 0 1 1 45
-2 -3 -2  6 -6  1  3  0 -4 -6 -6 -2 -3 -6 -5 -1  2 -6 -6 -4 1 1 1 10
-3 -1 -3 -5 -3 -2 -2 -4 -3 -1 -4  1 -3 -6 -3  0  7 -3 -5  0 1 0 0 15
-5 -7 -7 -7 -5 -7 -7 -7 -7  4 -1 -4 -4 -5 -7 -6 -3 -7 -6  7 1 0 0 0
-2  3 -2 -3 -5 -1  2 -5  1  0 -2  1 -2 -5 -4 -1  4 -5 -2  0 1 0 0 30
-7 -7 -7 -8 -7 -7 -7 -7 -6 -3  0 -7 -1  7 -8 -7 -7 10 -1 -3 1 0 0 0
-2 -1 -2 -1 -4 -1  2 -4 -2  2 -1  2 -1 -3 -4 -1  2 -1 -2  4 1 0 0 25
-2 -4  7 -2 -5 -1 -3 -3  1 -5 -3 -3 -2 -2  1 -2 -3  5 -3 -2 1 0 0 0
 0 -1  3  1 -3 -1  0  0  0 -2 -2  1 -1 -1 -1 -1  2 -4 -2  0 1 1 1 25
 1 -2  0  5 -5 -1  0  2  0 -5 -3  1 -2 -4 -3  0 -1 -2 -1 -4 1 1 0 45
 0  0  1  0 -3  0  0  2 -1 -2 -1  0  1 -2  0  1  0 -3 -1 -1 1 1 0 50
 1  0  0 -1 -2  0 -1  1 -1  0 -1  0  2  1  0  0  0 -3 -1  0 1 1 1 40
 1 -2  0 -1 -4 -1 -1  1  1 -2 -2 -2 -2 -2  5  1  1 -5 -2 -2 1 1 1 25
-5 -6 -5 -4 -2 -5 -4 -7 11 -8 -6 -6 -7 -4 -3 -6 -4 -7 -2 -8 1 0 0 0
-3 -4  7  1 -5 -3 -1 -3 -2 -5 -6 -3 -1 -2 -5  1  4 -1 -3 -4 1 0 0 5
 1 -5 -5 -6 -2 -5 -5 -5 -5  3 -1 -5  0  0 -5 -2 -1  0  0  6 1 0 0 0
 1 -3 -3 -1 -4 -1  0 -3  1  1 -1 -2 -2 -2 -4 -2  3 -1 -1  4 1 0 0 10
 2 -3 -1 -3 -3 -2 -3 -1 -1  1 -1 -2  0  4 -2  2  0  0 -2  0 1 0 0 0
-1 -1 -1  4 -3 -1  1 -1  2  1 -2  0  0 -2 -1 -1  0 -3  2  0 1 1 1 20
 0 -1  1  3 -2  0  3  1  0 -4 -4  2 -3 -3  0  1  0 -4 -3 -3 0 0 0 20
 0 -1  0  2 -2  0  0  2  1 -2 -1 -1 -1 -1  1  0 -1 -3 -2 -1 0 0 0 60
 1  0  0  0  0  0  1  1  0 -1  0  0  2 -2  0  1  0 -1 -1 -1 1 1 0 45
 0 -1  0  0 -2 -1 -1 -1 -1  2  1 -1  0  1 -1 -1  0  0 -1  1 1 1 0 5
 0 -1 -1  1 -5 -1 -1 -1  1 -1 -2 -1  0 -1  6 -2 -1  0 -1 -2 0 0 0 15
 1  0  0  1  1  0  1  1  0 -2 -2 -1  0  0  0  1 -1  1 -3 -1 0 0 0 95
 0  0  1  0 -5  0  0  3  2 -1 -2 -1  1  0  0  0 -1 -5  0 -1 0 0 0 45
 1 -1 -1  0  1  0  0 -2  1  0 -1 -1  1 -1  1  1 -1  3  0  0 1 1 1 30
 1  0  0  2 -3  0  1  0 -1 -2 -2  1  1 -2  1  0  1 -1 -2 -1 0 0 1 40
 1 -1  0  1 -2  0  1  1 -1 -1 -1  0 -1  0  2  0 -1 -1  0  0 0 0 1 70
 1 -2 -1  0 -3 -1 -1  1 -1 -1  0 -1  1  3 -1  0 -1  4  0  0 0 0 1 10
 2 -1  0  0 -2 -1  0  0 -1 -1 -2  2  0 -1  0  1  0 -3 -1  0 0 0 1 0
 1 -2  0  2 -3 -1  1  2 -2  0 -2 -1 -2 -2  2  2  0 -4 -3 -2 0 0 1 45
 1 -1  0  1 -2  0  2  1 -1 -3 -2  1 -2 -2  0  1  0  0 -3 -2 0 0 1 50
-1 -2 -1  0 -2 -2 -1  1 -2  2  1 -1  4  1  0 -1 -1  2 -1 -1 0 0 1 0
 0 -1  2  1 -3 -1  0  1 -1 -1 -1 -1 -2  1 -1  2 -1  0 -1 -2 1 1 1 10
-1  0  1  0 -3  0  2 -1  5 -2 -2 -1  0  2 -2  0 -1  3  0 -1 1 0 0 10
 0 -1  0  3 -3  0  2  1  0 -3 -3  0 -1 -2 -1  2  0 -1 -2 -2 1 0 0 50
-1 -2  0  3 -3  0  2  0 -1 -2 -3  0 -1 -2  0  3  0 -3 -1 -1 1 0 0 35
 0 -1 -2 -1 -3 -1 -1  2 -1  0  1 -1  0  0  3 -1 -1 -2  0  0 1 0 0 40
 1  0 -1 -2 -2 -2 -1 -2 -1  1  2 -2  2  0  0 -1  1 -2 -1  2 1 0 0 0
-1 -2  1 -2 -3 -2 -2 -1 -3  2  2 -2  3  1 -2  0 -1 -3  0  1 1 1 1 50
 2 -1  1  1 -3  1  1  1 -1 -3 -2  0  0 -2  0  1  0 -1 -2 -2 1 1 0 50
 1 -1 -2 -2 -4  0  0 -1 -2 -3 -4  0 -3 -3  6 -1  1 -4 -3 -3 0 1 1 75
-2 -3  0  0 -5 -2 -1  6 -2 -5 -5 -1 -5 -3 -3 -2 -4 -5 -5 -3 0 1 1 50
 0 -2 -2  1 -5  3  5 -1  0 -4 -4  1 -3  0 -3 -1 -1 -2 -1 -3 1 1 1 25
-1 -1  0 -1 -4 -1  1 -4 -2 -2 -4  0 -3 -3 -3  4  5 -5 -5 -1 1 0 0 30
-2 -2 -2 -2 -5 -2 -2  0 -1 -1 -2 -3 -1  5 -5 -4 -2  6  6  0 1 0 0 10
-1 -1 -1 -1 -3  0  4 -4 -3 -2 -4 -1 -4 -4 -4  3  3 -6 -5 -1 1 0 0 45
-3 -1 -3 -3 -3 -1 -3 -4  5  2  0 -3 -1  2 -5 -3 -1  0  3  3 1 0 0 5
-2  0 -3 -4 -5 -3 -1 -5 -3 -2 -4  0 -5 -4 -4 -1  7 -6 -4  0 1 0 0 45
-5 -6 -3 -6 -6 -6 -6 -6 -5 -1  1 -6 -3  8 -5 -5 -4  2 -1 -1 1 1 1 0
-2 -1  1  3 -4  0  3 -3 -2 -3 -4  0 -4 -4  0  0  4  1 -3 -3 1 1 1 30
 2 -1 -1  0 -3  0  2 -3 -2 -2 -3  2 -2  0 -2 -1  2 -4 -3  0 0 1 1 80
-1 -1  0  2 -2  0  2 -1 -1 -1 -1  1 -1  0  3  0  0 -2 -1 -1 0 1 1 65
 1  0  0  0 -1  0  0  0  0 -1  0  0  0 -1  0  0  1 -1 -1  0 1 1 0 15
-1  0  0  0 -2  0  1 -1  0 -1 -1  1  0 -1  2  0  0  0 -1  0 1 1 1 40
 3 -2 -2 -3 -3 -2 -1 -2 -3 -1 -2 -2 -1 -3  5  0  0  0 -2 -1 1 1 0 45
-3 -6 -5 -4 -6 -6 -6  8 -6 -7 -7 -6 -6 -6 -4 -5 -4 -6 -6 -6 1 0 0 30
-1  0 -1  1 -4 -2  2 -4 -3  1 -1 -2 -2 -2 -3  0  4 -5 -4  2 1 0 0 45
-5 -6 -5 -6 -6 -3 -6 -6  1 -2 -4 -5 -2  4 -4 -4 -4  1  9 -1 1 0 0 -5
-1 -1  0  3 -4  0  1  0  0 -2 -1  0  0 -1  2  0  0  1  0 -1 1 0 0 20
-7 -7 -7 -8 -7 -7 -7 -8 -5 -1 -4 -7 -3  6 -8 -7 -7 -4  9  0 1 0 0 0
 0 -1 -3 -4 -4 -1 -3 -4  3  1 -1  0 -3  3 -6 -2 -2  1  6  1 1 0 0 15
-7 -9 -9 -9 12 -9 -10 -6 -9 -8 -8 -9 -8 -9 -9 -4 -7 -9 -9 -7 1 1 1 -5
 1 -1 -2  0 -4  0  0 -1 -4  1 -1 -1  2 -5 -2  2  3 -5 -4  0 1 1 0 40
-4 -7 -6 -6 -7 -3 -6 -6 -7  2 -1 -4 -4  0  7 -5 -6 -4 -1  1 0 1 1 40
-8 -5 -5 -6 -9 -4 -7 -5 11 -9 -9 -7 -8 -8 -9 -7 -8 -9 -1 -7 0 1 1 15
 0  2 -2 -1  3  1  1 -2  1 -1 -1  0  0  0  0 -1 -1  3  3 -1 0 0 0 45
 1  0 -1 -1 -3  2  0  2  0 -2 -2 -1  1 -2 -1  1  0  0 -1 -1 0 0 0 90
 3 -4 -1 -4 -5 -1 -4 -2 -4 -2  0 -2  5 -1  4 -1 -2 -6 -4 -1 0 0 0 55
-3 -3  1 -3 -5 -3 -3  6 -1 -5 -5 -4 -4 -1 -5 -2 -2  4 -1 -5 0 1 1 50
-6 -6 -5 -9 -8 -4 -6 -9 -3 -4 -3 -8 11 -5 -9 -8 -7 -8 -7 -6 1 1 1 -5
-2  1 -1 -4 -5  0 -2 -3  1  0 -3  3 -2 -1 -5 -2  1 -5  0  4 1 0 0 45
 1 -8 -6 -7 -8 -5 -5  7 -8 -8 -5 -7  1 -5 -8 -5 -7 -8 -8 -6 1 0 0 0
 0  0 -3 -2 -4 -2 -1 -4 -1  0  0  2  1 -5 -3  0  4 -6 -3  2 1 0 0 35
-5 -8 -8 -8 -6 -7 -8 -9 -8  6  1 -7  2 -1 -8 -7 -5 -7 -6  5 1 0 0 0
-2 -2 -3 -3 -5  1 -1 -6 -1  4 -2  0 -3 -4 -5 -2  3 -6 -3  3 1 0 0 20
-4 -8 -9 -9 -7 -8 -8 -9 -9  0 -5 -8 -5 -7 -8 -7 -6 -9 -7  8 1 0 0 0
-3 -2  2 -3 -7  4  6 -3 -4 -7 -7  3 -6 -7 -5 -3 -2 -7 -3 -3 1 1 1 40
 3 -4 -3 -4 -4 -4 -4  6 -4 -5 -5 -4 -4 -5 -4 -2 -3 -5 -5 -4 1 1 1 90
