 0  0  3  0 -2  0  0 -1 -1 -3 -3  2 -2 -3 -1  4  1 -3 -2 -2 1 1 1 65
-2 -1  6  1 -3  0 -1 -1  4 -4 -4 -1 -3 -3 -3  0 -1 -4 -1 -4 0 1 1 40
-1 -3 -3 -2 -3 -2 -2 -3 -3 -3 -4 -2 -3 -4  8 -1 -2 -4 -4 -3 0 1 1 75
 1  2 -1  1 -3  1  4 -2 -1 -3 -3  2 -2 -3 -2  0 -1 -3 -2 -2 0 0 0 70
-2 -1  2  6 -4  2  2 -2 -1 -4 -4 -1 -3 -4 -2 -1 -1 -4 -3 -4 0 0 0 15
-2 -2  1  7 -4 -1  1 -2 -2 -4 -4 -1 -4 -4 -2 -1 -2 -5 -4 -4 0 0 0 30
-3 -3 -3 -4 -3 -2 -3 -3  2 -3 -2 -3 -2  1 -4 -3 -3 10  6 -3 0 0 0 10
-1  3 -1 -1 -4  1  0 -2 -1 -3 -3  5 -2 -4 -2 -1 -1 -4 -2 -3 0 0 0 35
-2 -3 -4 -4 -2 -3 -4 -4 -3  4  2 -3  2  3 -3 -3 -1 -2  0  2 0 0 1 25
-4 -4 -5 -5 -3 -3 -4 -4 -3 -4 -3 -4 -2  0 -5 -4 -3 12  2 -4 0 0 1 5
-2 -2 -3 -4 -2 -2 -3 -4 -3  1  4 -3  3  0 -3 -2  1 -2 -2  0 0 0 1 15
-1 -3 -4 -4 -1 -3 -3 -4 -4  2  0 -3  0 -1 -3 -2 -1 -4 -2  5 0 0 1 15
-1 -3 -4 -4 -1 -3 -3 -4 -4  4  2 -3  1 -1 -3 -2 -1 -3 -2  4 1 1 0 0
-2 -1  7  1 -3 -1 -1 -1  0 -4 -4 -1 -3 -4 -3  0 -1 -5 -3 -4 1 1 1 25
-1 -3 -3 -2 -4 -2 -2 -3 -3 -4 -4 -2 -3 -5  8 -1 -2 -5 -4 -3 0 0 1 5
 4 -2 -1 -2 -1 -1 -1  2 -2 -2 -2 -1 -2 -3 -1  3  0 -3 -2 -1 0 0 1 75
-1 -2  1 -2 -1 -1 -1 -2 -2 -1 -2 -1 -1 -3 -2  1  6 -3 -2  0 0 0 1 55
-4 -4 -5 -5 -3 -3 -4 -4 -3 -4 -3 -4 -2  0 -5 -4 -3 12  2 -4 0 0 1 15
-2 -3 -4 -4 -2 -2 -3 -4 -3  1  5 -3  3  0 -3 -3 -2 -2 -2  0 0 0 1 20
-1 -2 -3 -3 -2 -2 -3 -3 -3  2  1 -2  5 -1  3 -2 -1 -3 -2  2 0 0 1 40
-1 -3 -3 -2 -3 -2 -2 -3 -3 -1 -2 -2 -2 -4  8 -2 -1 -4 -3  1 0 0 1 25
-2 -3 -3 -4 -2 -3 -3 -4 -3  5  1 -3  2  2 -3 -2  0 -2 -1  2 0 0 1 35
-2 -3 -4 -4 -2 -3 -4 -4 -3  0  3 -3  1  4 -4 -3 -2  7  1  0 0 0 1 65
 0 -3 -3 -3 -2 -3 -3 -1 -2  2  1 -3  2  5 -3 -2 -1 -1  2  1 0 0 1 60
 3 -2 -2 -2 -1 -2 -2 -1 -2  1  0 -2  0 -2 -2  1  0 -3 -2  2 0 0 1 20
 1 -3 -3 -4 -1 -2 -3 -3 -3  2  3 -2  1 -1 -3 -2 -1 -3 -2  3 0 0 1 45
 0 -3 -3 -4 -2 -2 -3 -2 -3  1  4 -3  1  2 -3 -2 -1 -2  0  1 0 0 1 55
 1 -3 -3 -3 -1 -2 -3 -1 -3  2  2 -2  1 -1 -3 -1 -1 -3 -2  3 0 0 1 50
-1 -2 -2 -3 -1  1 -2 -3 -3  3  2 -2  1 -1 -3 -1  1 -3 -2  3 0 0 1 30
 4 -2 -2 -2 -1 -1 -2  1 -2 -1 -1 -1  2 -2 -2  0 -1 -3 -2  1 0 0 1 40
-2 -3 -4 -4 -2 -3 -3 -4 -3  3  3 -3  1  0 -3 -3 -1  5 -1  2 0 0 1 65
 3 -2 -2 -2 -1 -1 -2  0 -2  0  1 -1  2 -2 -2  1  1 -3 -2  1 0 0 1 30
-1 -3 -4 -4 -1 -3 -3 -4 -4  3  1 -3  1 -1 -3 -2 -1 -3 -2  5 0 0 1 55
-2 -1  0 -2 -4  0 -1 -3  9 -4 -4 -1 -2 -2 -3 -2 -3 -3  1 -4 0 0 1 60
 2 -2 -2 -2 -1 -2 -2 -2 -2  1  0 -2  1  1 -2  1  0  4  0  1 0 0 1 50
 0 -2 -3 -3 -2 -2 -2 -3  0  0 -1 -2 -1  3 -3 -1  0  0  5  2 0 0 1 20
 2 -3 -3 -3 -1 -2 -2 -2 -3  2  0 -2  0 -2 -2 -1  0 -3 -2  4 0 0 1 20
-1 -3 -4 -4 -2 -3 -3 -4 -2  0  3 -3  1  5 -4 -3 -2  0  3  0 0 0 1 30
 2 -1  1 -1 -1  1  0  0 -1 -3 -3 -1 -2 -3 -1  4  1 -3 -2 -2 0 0 1 70
 0 -2  0 -3 -1 -2 -2 -3 -3  2  3 -2  2 -1 -3 -1 -1 -3 -2  2 1 1 0 0
-1 -2 -1  2 -3 -1  0  1 -2 -3 -3 -1 -2 -3  6 -1 -1 -3 -3 -2 0 0 0 70
-1 -3  1 -1 -3 -2 -2  6 -2 -2 -3 -2 -3 -3 -3 -1 -2  4 -2 -3 0 0 0 35
-2 -2  0 -2 -3  1 -1 -3  0 -1  1 -2  1  4 -3 -2 -2  0  5 -1 0 0 0 0
 0 -2  3 -1 -3 -1 -2  5 -1 -3 -4 -1 -3 -3 -2  0  1 -3 -3 -3 1 1 1 25
-3 -3 -4 -4 -3 -3 -3 -3 -3 -2 -2 -3 -2  4  2 -3 -3 10  2 -3 0 0 1 45
-1 -2 -2 -1 -2 -1  1 -3 -2  2  2 -1  1 -1 -2  1  0 -2 -2  1 0 0 1 55
 3  0 -1 -2 -1 -1 -1  0 -2 -2 -2  0 -1 -3 -1  2  2 -3 -2 -1 0 0 1 45
 0 -2 -1 -2 -1 -1 -1 -2 -1  0  1 -1  0  2 -2  2  1 -1  2 -1 0 0 1 40
 1  0  0  2 -2  0  0  3 -1 -3 -3  1 -2 -3 -2  1  1 -3 -3 -2 0 0 1 40
 4 -2 -2 -2 -1 -1 -1  0 -2  0 -1 -1 -1 -2 -1  1  0 -3 -2  1 0 0 1 60
 3 -2 -1 -2 -1 -1 -1 -1 -2  0 -1 -1 -1 -2 -1  2  1 -3 -2  1 0 0 1 50
-1  1  0  0 -3  2  3 -2 -1 -3 -3  3 -2 -3 -1  0  1 -3 -2 -2 0 0 1 70
 0 -1 -1 -1 -1 -1 -1 -2  3  1 -1 -1  0 -2 -2  2  0 -3 -1  2 0 0 1 50
 4 -1 -1 -1 -1  3  0  0 -1 -2 -2  0 -1 -3 -1  1  0 -3 -2 -1 0 0 1 75
 2 -1  2 -1 -1 -1 -1 -1 -1  0 -1 -1 -1 -2 -1  1  2 -3 -2  1 0 0 1 85
-1  2  0  0 -4  2  3 -2 -1 -3 -3  4 -2 -3 -1  0 -1 -3 -2 -3 1 1 1 95
