-1 -2 -3 -4 -2 -1 -3 -3 -2  1  3 -2  5  0 -3 -2 -1 -2 -1  1 1 1 1 40
-1  0  0  1 -4  4  5 -2  0 -3 -3  1 -2 -4 -1  0 -1 -3 -2 -3 1 0 0 30
-1 -4 -3 -4 10 -3 -4 -3 -3 -1 -1 -3 -2 -3 -3 -1 -1 -3 -3 -1 1 0 0 -5
-2 -2 -2 -3 -3 -2 -2 -3  2 -2 -1 -2 -1  3 -3 -2 -2  2  7 -1 1 0 0 20
-1  5  0 -1 -4  1  0 -2  0 -3 -3  4 -2 -3 -2 -1 -1 -3 -2 -3 1 0 0 40
-1 -4 -3 -4 10 -3 -4 -3 -3 -1 -1 -3 -2 -3 -3 -1 -1 -3 -3 -1 1 0 0 30
 0 -3 -1 -1 -3 -2 -2  6 -2 -4 -4 -2 -3 -3 -2  0 -2 -3 -3 -4 1 0 0 40
 0 -3 -3 -4 -1 -2 -3 -4 -3  3  1 -3  1 -1 -3 -2  0 -3 -1  4 1 0 0 95
 1 -1  1  0 -1  0  0  0 -1 -3 -3  0 -2 -3 -1  4  1 -3 -2 -2 1 0 0 70
 0 -3 -1 -1 -3 -2 -2  6 -2 -4 -4 -2 -3 -3 -2  0 -2 -3 -3 -4 1 0 0 25
-1 -4 -3 -4 10 -3 -4 -3 -3 -1 -1 -3 -2 -3 -3 -1 -1 -3 -3 -1 1 0 0 20
-2  0  1 -1 -3  0  0 -2  8 -4 -3 -1 -2 -1 -2 -1 -2 -3  2 -4 1 0 0 60
-2 -2 -4 -4 -1 -2 -3 -4 -3  2  4 -3  2  0 -3 -3 -1 -2 -1  1 1 0 0 25
-1  4  0 -1 -4  1  1 -2 -1 -3 -3  4 -2 -3 -2  0 -1 -3 -2 -3 1 0 0 60
-1 -2 -2 -2 -1 -2 -2 -3 -3  3  1 -2  1 -1 -2 -1  3 -3 -2  2 1 0 0 30
 0 -1  0 -1 -1 -1 -1 -2 -2 -1 -1 -1 -1 -2 -1  1  5 -3 -2  0 1 0 0 70
-1 -4 -3 -4 10 -3 -4 -3 -3 -1 -1 -3 -2 -3 -3 -1 -1 -3 -3 -1 1 1 1 5
 1 -1  1  0 -1  0  0  0 -1 -3 -3  0 -2 -3 -1  4  1 -3 -2 -2 1 1 1 50
 3 -1 -1  0 -1  0  3  0 -1 -2 -2  0 -1 -3 -1  1  0 -3 -2 -1 0 1 1 95
-1  1  0  4 -4  1  3 -2 -1 -3 -3  3 -2 -4 -1  0 -1 -4 -3 -3 0 1 1 45
-1  0  0  2 -4  2  5 -2  0 -4 -3  1 -2 -4 -1  0 -1 -3 -2 -3 1 1 1 30
-1  2  0 -1 -2  1  0 -2 -1 -2 -2  4 -1 -3 -1  0  2 -3 -2 -2 1 1 1 50
-2 -3 -3 -4 -3 -4 -4 -3 -1  0  0 -3  0  7 -4 -3 -2  1  3 -1 1 0 0 25
-1 -4 -3 -4 10 -3 -4 -3 -3 -1 -1 -3 -2 -3 -3 -1 -1 -3 -3 -1 1 0 0 -5
 2 -2 -2 -3 -2 -1 -2 -2  1 -2 -1 -2 -1  2 -2  0 -1  1  6 -1 1 0 0 15
-1  2  0 -1 -3  1  1 -2 -1 -3 -3  5 -2 -3 -1  0 -1 -3 -2 -3 1 0 0 15
-2  3 -1 -2 -3  3  0 -2 -1 -3 -2  1 -1 -1 -2 -1 -1  8  0 -3 1 0 0 15
-2 -1 -1 -3 -2 -1 -2 -3  5  0  1 -2  0  1 -3 -2 -2  0  5 -1 1 0 0 25
-2 -1  6  1 -3  0  0 -1  1 -4 -4  0 -2 -3 -2  1  0 -4 -2 -3 1 0 0 20
-1  4  0 -1 -4  1  1 -2 -1 -3 -3  4 -2 -3 -2  0 -1 -3 -2 -3 0 1 1 60
-1 -3 -4 -3 -1 -3 -4 -4 -4  5  2 -3  1  0 -3 -3 -1 -3 -2  3 0 1 1 65
 1 -1  1  0 -1  0  0  0 -1 -3 -3  0 -2 -3 -1  4  1 -3 -2 -2 0 1 1 55
-1 -1  3 -1 -2 -1 -1 -2 -1 -1 -1 -1 -1  4 -2  0  2 -1  1 -1 0 1 1 85
-1 -2 -2 -1 -2  0  2 -3 -2  2  2 -1  1 -1 -2 -2 -1 -3 -2  1 0 0 1 50
-2  5 -1 -3 -3  0 -1 -3 -1 -3 -2  1 -2 -1 -3 -1 -2  8  0 -3 1 0 0 45
-2 -2 -2 -3 -2 -2 -2 -2 -2 -2 -2 -2 -1  0 -3 -1  2 10  1 -2 1 0 0 50
-2 -1 -1 -3 -2 -1 -2 -3  5  0  1 -2  0  1 -3 -2 -2  0  5 -1 1 0 0 10
 0 -3 -1 -1 -3 -2 -2  6 -2 -4 -4 -2 -3 -3 -2  0 -2 -3 -3 -4 1 0 0 5
-1 -4 -3 -4 10 -3 -4 -3 -3 -1 -1 -3 -2 -3 -3 -1 -1 -3 -3 -1 1 0 0 10
 3 -2 -2 -2 -1 -1 -1 -1 -2  1 -1 -1  0 -2 -1  0  0 -3 -2  2 1 0 0 20
-1  2  0  0 -4  2  3 -2 -1 -3 -3  4 -2 -3 -1  0 -1 -3 -2 -3 1 1 0 50
 0 -1  0 -1 -1 -1 -1 -2 -2 -1 -1 -1 -1 -2 -1  1  5 -3 -2  0 0 0 1 75
-1 -4 -3 -4 10 -3 -4 -3 -3 -1 -1 -3 -2 -3 -3 -1 -1 -3 -3 -1 1 1 1 30
 0 -1  0 -1 -1 -1 -1 -2 -2 -1 -1 -1 -1 -2 -1  1  5 -3 -2  0 1 1 1 65
-1  0  0  2 -4  2  5 -2  0 -4 -3  1 -2 -4 -1  0 -1 -3 -2 -3 1 1 1 55
-1 -1  0  4 -3  0  3 -2 -1  1 -1 -1 -1 -2 -2 -1 -1 -3 -2  0 1 0 0 25
-2 -1  4  4 -4  1  3 -1  0 -4 -4  0 -3 -4 -2  0 -1 -4 -3 -3 1 0 0 65
-1 -1  4  0 -2 -1 -1 -1 -1 -2 -2 -1 -1 -3 -2  1  4 -3 -2 -1 1 1 0 45
-3 -3 -4 -5 -3 -2 -3 -3 -3 -3 -2 -3 -2  1 -4 -3 -3 12  2 -3 1 1 0 85
-1  1  3  0 -2  0  0 -1 -1 -2 -2  3 -1 -3 -1  1  3 -3 -2 -2 1 1 0 20
 2 -2 -3 -3 -1 -2 -2 -2 -2  1  0 -2  0  4 -2 -1 -1 -1  1  2 1 0 0 10
-1 -2 -1 -2 -2 -1 -1 -2  1 -2 -2 -1 -1  2 -2  2  0  1  6 -2 1 0 0 35
-1  3  3 -1 -2  0 -1 -2 -1  0 -1  0 -1 -2 -2 -1  0 -3 -2  1 1 0 0 0
-1  1 -1 -1 -3  1  0 -2  0 -2 -2  4 -1  0 -2 -1 -1  0  4 -2 1 0 0 35
-1 -4 -3 -4 10 -3 -4 -3 -3 -1 -1 -3 -2 -3 -3 -1 -1 -3 -3 -1 1 0 0 15
-1 -4 -3 -4 10 -3 -4 -3 -3 -1 -1 -3 -2 -3 -3 -1 -1 -3 -3 -1 1 0 0 20
 0 -1  0 -1 -1 -1 -1 -2 -2 -1 -1 -1 -1 -2 -1  1  5 -3 -2  0 0 0 1 65
 0 -1  0 -1 -1 -1 -1 -2 -2 -1 -1 -1 -1 -2 -1  1  5 -3 -2  0 1 1 0 55
-2 -1  6  1 -3  0  0 -1  1 -4 -4  0 -2 -3 -2  1  0 -4 -2 -3 0 0 1 55
-2 -2 -4 -4 -1 -2 -3 -4 -3  2  4 -3  2  0 -3 -3 -1 -2 -1  1 0 0 1 25
-1 -4 -3 -4 10 -3 -4 -3 -3 -1 -1 -3 -2 -3 -3 -1 -1 -3 -3 -1 1 1 1 25
-2 -1  6  1 -3  0  0 -1  1 -4 -4  0 -2 -3 -2  1  0 -4 -2 -3 1 1 1 0
 0 -1  0 -1 -1 -1 -1 -2 -2 -1 -1 -1 -1 -2 -1  2  5 -3 -2  0 1 1 1 85
