-1 -1  0  4 -4  1  4 -2  0 -3 -3  0 -2 -4 -1  0 -1 -3 -3 -3 1 1 1 60
 0 -1  0  3 -1 -1  0 -1 -1 -2 -2 -1 -1 -3 -1  2  3 -3 -2 -1 1 1 1 50
-1 -1  0  4 -3  1  4 -2 -1 -1 -2  0 -2 -3 -2 -1 -1 -4 -2  0 0 0 1 45
 1  0 -1  1 -3  1  4 -2 -1 -3 -3  2 -2 -3 -1  0 -1 -3 -2 -2 0 0 1 75
 1 -1 -1  2 -2  0  2 -1 -1  1 -1 -1 -1 -2 -2  1  0 -3 -2  0 0 0 1 45
-1 -4 -3 -4 10 -3 -4 -3 -3 -2 -2 -4 -2 -3 -3 -1 -1 -3 -3 -1 0 0 1 0
-1 -2 -2 -1 -2 -1  2 -3 -2  2  3 -1  1  0 -2 -2 -1 -2 -2  1 0 0 1 30
 3 -1 -1 -1 -1 -1 -1  0 -2 -2 -2 -1 -1 -3 -1  3  1 -3 -2 -1 0 0 1 75
-1  3  0 -1 -3  1  0 -2 -1 -3 -3  5 -2 -3 -1 -1 -1 -3 -2 -3 1 1 0 30
-1 -2 -2 -2 -3 -2 -1 -3 -3 -3 -3 -1 -3 -4  8 -1 -1 -4 -3 -3 1 1 1 60
 2 -2 -2 -2 -2 -1 -1 -1  3  0 -1 -1 -1 -2  4  0 -1 -3 -1  0 1 1 0 55
-1 -2 -2 -1 -2  0  2 -3 -1  1  1 -1  0  2 -2 -1  1 -2  0  0 1 0 0 10
 1 -1  0  4 -3  3  3 -1 -1 -3 -3  0 -2 -3 -1  0 -1 -3 -2 -2 1 0 0 65
 0 -1  2 -1 -3 -1 -1  5 -1 -4 -4  1 -3 -3 -2  0 -1 -3 -3 -3 1 0 0 35
 0 -1  0 -1 -1 -1 -1 -2 -2  0 -1 -1 -1 -2 -1  2  3 -3 -2  2 1 0 0 30
-2 -3 -3 -4 -2 -3 -3 -4 -1  0  2 -3  1  5 -3 -3 -2  0  4  0 1 0 0 25
 0 -1  3  0 -1  0  0 -1 -1 -2 -3  0 -2 -3 -1  3  2 -3 -2 -2 1 1 0 40
-1 -1  6  1 -3  0 -1  2  0 -4 -4 -1 -3 -3 -2  0 -1 -4 -3 -3 1 1 0 75
 1 -2 -2 -3 -1 -2 -2 -2 -3  2  0 -2  0 -1 -2  0  2 -3 -2  3 1 1 1 10
-1 -2 -2 -2 -2 -2 -2 -2 -1 -2 -1 -2 -1  3 -2  0 -1  8  4 -2 1 0 0 25
-1  3  0 -1 -3  1  0 -2 -1 -3 -2  4 -1 -3 -1  0 -1 -3 -2 -2 1 0 0 50
 0 -1  0  3 -2  0  2  1 -1 -2 -3  0 -2 -3 -1  1  0 -2 -2 -2 1 0 0 25
-1 -2  1  5 -3 -1  1  2 -1 -3 -3 -1 -2 -3 -1  1 -1 -3 -2 -3 0 1 1 60
-2 -1  2  4 -3  0  1 -2  0  0 -2  1 -2 -1 -2 -1 -1 -2  1 -1 0 1 1 75
 0  0  0  1 -2  0  0  1 -1 -2 -2  1 -1 -2 -1  2  3 -2 -2 -1 0 1 1 5
 0 -2 -1 -1 -2 -1 -1  3 -2 -1  0 -1 -1 -1 -2  1 -1  6 -1 -1 0 1 1 75
-1 -1  2  3 -2  0  0  2 -1 -2 -2 -1 -2 -2 -1  0 -1 -2 -2 -2 1 0 0 35
-1  4 -1 -2 -3  0  0 -2  0 -2 -1  2 -1  2 -2 -1 -1 -1  3 -2 1 0 0 20
-2 -2 -3 -4 -3 -2 -3 -4  1 -2 -2 -2 -1  3 -3 -2 -2  2  8 -2 1 0 0 0
 3 -2 -2 -3 -1 -2 -2 -1 -3  2  0 -2  0 -1 -2  0  0 -3 -2  2 1 0 0 -5
-1 -1  5  0 -2 -1 -1 -1  0 -1 -2 -1 -1 -1 -2  0  1 -2  1  0 1 0 0 40
-2 -3 -3 -4 -2 -3 -3 -4  0  1  0 -3  0  4 -3 -2 -2  1  5  1 1 0 0 45
-1 -1  3  3 -4  1  4 -2  3 -4 -3  0 -2 -3 -2  0 -1 -3 -1 -3 0 1 1 85
 0 -2  2 -1 -3 -2 -2  6 -2 -4 -4 -2 -3 -3 -2  0 -2 -3 -3 -3 0 1 1 30
-1 -4 -3 -4 10 -3 -4 -3 -4 -2 -2 -4 -2 -3 -3 -1 -1 -3 -3 -1 1 0 0 0
-1 -1 -2 -1 -2  2  2 -3 -2  3  1 -1  1 -1 -2 -2 -1 -3 -2  1 1 0 0 -5
-2 -2 -3 -4 -3 -2 -3 -3  1 -2 -2 -2 -1  3 -4 -2 -2  6  7 -2 1 0 0 0
-1 -1  2  1 -3  1  4 -2 -1  0 -1  0  2 -2 -2 -1 -1 -3 -2 -1 1 0 0 0
 4 -2 -2 -2 -1 -1 -1 -1 -2 -1  1 -1  0 -2 -1  1  0 -3 -2  0 1 0 0 -5
 0 -1  0 -1 -1  0 -1 -2 -2 -1 -2  1 -1 -3 -1  2  4 -3 -2 -1 1 0 0 65
 0 -3 -1 -2 -3 -2 -2  6 -2 -4 -4 -2 -3 -4 -3 -1 -2 -3 -3 -4 1 0 0 50
-1 -3 -3 -4 -1 -3 -3 -4 -4  3  1 -3  1 -1 -3 -2  0 -3 -2  4 1 0 0 90
-1 -3 -2 -3 -2 -2 -3  2 -3  3  1 -2  0 -1 -3 -1  1 -3 -2  2 1 0 0 10
 0 -3 -2 -3 -1 -2 -2 -3 -3  3  1 -2  0 -1 -2  0  0 -3 -2  4 1 0 0 70
 0 -3 -2 -3  7 -3 -3  4 -3 -3 -3 -3 -2 -3 -3 -1 -2 -3 -3 -2 1 0 0 25
 0 -1  0 -1 -2  2  0  1  0 -2 -2  0 -1 -1 -2  2  1 -1  3 -2 1 0 0 60
-1 -1  3  3 -3  0  2  4 -1 -4 -4 -1 -3 -3 -2  0 -1 -3 -3 -3 0 1 1 45
-2 -2  3  5 -3 -1  1 -1 -1 -3 -3 -1 -3 -4 -2  0  1 -4 -3 -3 0 1 1 90
 0 -2  0  2 -3 -1  1  4 -2 -4 -4 -1 -3 -3 -2  1 -1 -3 -3 -3 0 1 1 55
-1 -2  0  2 -1 -1 -1 -2 -2 -1 -2 -1 -1 -3 -1  1  5 -3 -2 -1 0 1 1 35
 0 -1 -1 -2 -2  1 -1 -2  3  2  0 -1  0 -1 -2  1  0 -3 -1  2 1 0 0 40
 1 -3 -2 -3  8 -2 -2 -2 -2 -1 -1 -2 -1 -2 -2 -1 -1 -2 -2 -1 1 0 0 5
 3 -1  2 -1 -1 -1 -1  0  0 -2 -2 -1 -1 -1 -1  1  0 -2  2 -1 1 0 0 50
 3 -2 -1 -1 -1 -1 -1  3 -2 -2 -2 -1 -2 -3 -1  1  1 -3 -2 -1 1 0 0 10
-1 -1  2  2 -2  0  0 -1  4 -2 -2 -1 -2 -2 -2  1  3 -3 -1 -2 1 0 0 40
-3 -3 -4 -5 -3 -3 -3 -3 -3 -3 -2 -4 -2  0 -4 -3 -3 11  2 -3 1 0 0 -5
-1  1 -1 -2 -2  0  0 -2 -2  1 -1  3 -1 -2 -2  0  2 -3 -2  1 1 0 0 30
-1 -3 -2 -2 -3 -2 -2 -3 -3 -3 -3 -1 -3 -4  8 -1 -1 -4 -3 -3 1 0 0 0
-1 -2 -2 -3 -1 -2 -2 -3 -3  2  1 -2  0 -1 -2  0  3 -3 -2  3 1 0 0 5
 1  2 -1 -2 -2 -1 -2  5 -2 -3 -3  0 -2 -3 -2  0 -1 -3 -3 -2 1 0 0 0
 3 -1 -2 -2 -1 -1 -1 -1 -2 -1  1  1  0 -2 -1  0  0 -3 -2  0 1 1 0 30
 3 -2 -2 -3 -1 -1 -2 -1 -1  0 -1 -1 -1  0 -2  0  0 -1  3  1 1 1 0 25
-1 -2 -2 -1 -2  0  2 -3 -2  2  0 -1  0 -1 -2 -1 -1 -3 -2  2 1 1 0 45
-1 -1 -1  0 -3  0  3 -2 -1 -3 -3  0 -3 -4  7 -1 -1 -4 -3 -3 1 1 1 25
-1  0  0  2 -4  2  5 -2  0 -3 -3  1 -2 -3 -1  0 -1 -3 -2 -3 1 1 1 20
-1  0  5  1 -3  0  0  0  1 -3 -3  0 -2 -3 -2  1  0 -4 -2 -3 1 1 0 65
 4 -1 -1 -2  0 -1 -1  0 -2 -1 -1 -1 -1 -2 -1  1  0 -2 -2  0 1 1 0 50
 4 -1 -1 -2  0 -1 -1  0 -2 -1 -1 -1 -1 -2 -1  1  0 -2 -2  0 1 1 1 60
 4 -1 -1 -2  0 -1 -1  0 -2 -1 -1 -1 -1 -2 -1  1  0 -2 -2  0 1 1 1 65
-2  0  1 -1 -3  0  0 -2  7 -3 -3 -1 -1 -1 -2 -1 -2 -2  2 -3 1 1 1 95
