-1 -2  5  2 -3 -1 -1 -2 -1 -3 -4 -1 -3 -4 -2  3  2 -4 -3 -3 1 1 1 95
 0  2 -1 -2 -3 -1 -2 -1  5 -4 -4 -1 -3 -4 -3  5 -1 -4 -2 -3 1 1 1 80
 0 -3 -1 -1 -3  0 -1 -3  2  0 -1 -3  0  5 -4 -1 -1 -1  4 -1 1 1 1 60
-1 -1  2  1 -3  2  0 -2  2 -3 -3  0  0 -4  2  2  2 -4 -3 -2 1 1 1 45
-1  2 -2  0 -4  0  3  1 -2 -3 -4  2 -3 -5  3  1 -1 -4 -4 -4 1 1 1 80
-4 -7 -7 -7 11 -7 -8 -6 -7 -1 -5 -7 -5 -6 -7 -5 -3 -6 -1 -4 1 1 1 20
-2 -2  1  1 -5 -2 -1  0 -4 -4  0 -2 -2 -5  7 -1 -1 -5 -5 -4 1 1 1 50
 1  0 -2  2  2 -1  2 -3 -3 -3 -3  1 -2 -4  4  1  0 -5 -4 -2 1 1 0 70
-1  0  1  2 -1  0  2 -1 -1 -4 -4  1 -3 -2 -1  2  2 -4 -3 -2 0 1 1 65
-3 -4 -3 -3 -5 -2 -1 -3  6 -2 -1 -3  2  3 -3 -4 -4 -2  6 -2 0 1 1 50
 0  1  1  3 -4  2  2 -3  0 -4 -3  2 -3 -4 -2  1  0 -4 -3 -3 1 1 0 60
 0 -3  2  2 -4 -1 -2  3  3 -4 -4 -1 -3 -3 -3  2  0 -1 -2 -3 1 1 0 45
-5 -5 -6 -6 -6 -5 -3 -7  1 -3 -4 -5 -4  6 -6 -5 -5 -1  9 -4 1 1 0 35
-4 -8 -7 -8 12 -7 -8 -7 -7 -5 -5 -7 -6 -7 -7 -5 -5 -7 -7 -5 1 1 0 5
-3 -5 -5 -5 -3 -4 -4 -6 -1  4  4 -5  1  3 -5 -4 -3 -1 -1  2 1 1 1 25
-4 -2  6 -3 -5 -3 -3 -4  9 -6 -6 -3 -5 -4 -5 -3 -4 -5  1 -5 1 1 0 30
-1 -1  1  1 -2  0 -1  5 -1 -2 -2  0 -2 -2 -1 -1 -1 -2 -2 -2 0 1 1 80
 0 -5 -4 -5 -6 -5 -5  7  0 -7 -7 -5 -6 -6 -5 -3 -5 -6 -6 -6 1 1 1 10
-1  0 -1  0 -3  1  2 -3 -1  0 -2  1 -1 -3 -3  0  4 -4 -2  2 1 0 0 50
-4 -8 -7 -8 12 -7 -8 -7 -7 -5 -5 -7 -6 -7 -7 -5 -5 -7 -7 -5 1 0 0 15
-1  3 -2 -3 -4 -1 -1 -4 -1  1 -1  1  4  3 -4 -2 -1 -2  3 -1 1 0 0 30
-3 -4 -2 -5 -5 -4 -5 -5  2  0 -1 -4 -1  5 -5 -4  0 -1  7 -2 1 0 0 35
-2 -4 -4 -5 -3 -4 -4 -5  2  4  3 -4  0  2 -2 -4 -1 -3  0  2 1 0 0 15
-1  0 -1  0 -3  0  2 -1  3 -1 -2  1 -2 -3  3  0 -1 -4 -1  1 0 1 1 60
 1 -2  0  3 -4  0  3  1  0  0 -2 -1 -2 -3 -3  1  0 -4 -3 -3 0 1 1 55
-2 -3 -3 -2 -3  0  1 -2 -1  3  3 -2  3  0 -4 -2 -1 -3 -2  1 0 1 1 45
-2  1  3  3 -4  2  2  1 -1 -5 -4  1 -3 -5  0  0 -1  0 -3 -4 0 1 1 65
 1  0 -1  0 -3  1  3 -1 -1 -2 -2  1 -1 -4 -3  1  1 -4 -3 -2 0 0 1 45
 1 -4 -2 -3 -4 -2 -3 -4  2 -1  0 -2 -1  1  5 -2 -2 -3  5  0 1 0 0 45
 2 -1  1 -3 -3 -2 -3 -2 -1  0 -1 -2 -1  1 -3  3  1 -3  2 -1 1 0 0 20
-4 -8 -7 -8 12 -7 -8 -7 -7 -5 -5 -7 -6 -7 -7 -5 -5 -7 -7 -5 1 0 0 10
-2  4  2 -2 -4  0  1 -3  1  1 -1  2  0 -3 -3  0 -2 -4 -1  1 1 0 0 40
-4 -8 -7 -8 12 -7 -8 -7 -7 -5 -5 -7 -6 -7 -7 -5 -5 -7 -7 -5 1 1 1 10
 0 -2 -3  0 -4  0  1 -4  4 -1 -2 -1 -1  0  5 -2 -1 -1 -1  0 1 1 1 40
-1 -1  1  1 -3  0  1 -2  0 -1 -1  1 -1 -2  1  1  1 -1 -1  1 0 1 1 65
-3 -3  1  2 -5 -4  0  6 -4 -6 -6 -4 -1 -6 -2 -1 -2  0 -5 -5 0 1 1 15
-5 -5 -6 -7 -6 -2 -5 -7  0 -4 -4 -3 -4  5 -7 -5 -5 -1  9 -5 1 0 0 20
-1 -3 -1 -2 -3 -3 -2 -4  2  1 -1 -2  3  3 -4  0  3  2  0  1 1 0 0 30
-3 -6 -4 -5 -6 -5 -6  8 -6 -7 -7 -5 -6 -7 -6 -4 -5 -6 -7 -7 1 1 0 20
 0 -2 -2  1 -4  2  4 -3 -1 -2 -3  0 -1 -2  2  0 -2 -5 -3 -1 0 1 1 55
-5  8 -4 -5 -7 -1 -4 -6  0 -7 -6 -1 -5 -6 -6 -4 -5 -6 -5 -6 0 1 1 20
-4 -8 -7 -8 12 -7 -8 -7 -7 -5 -5 -7 -6 -7 -7 -5 -5 -7 -7 -5 1 1 0 0
-3 -2 -1 -2 -6  5  6 -3 -3 -6 -4 -2 -2 -6 -4 -2 -3 -5 -5 -4 1 1 1 15
-4 -1  3 -3 -5 -1 -1 -4  7 -4 -3  0 -3  3 -4 -2 -1 -2  5 -3 1 0 0 40
 1  1 -2 -2 -3  1 -1 -2 -2 -1  0  2 -1 -2 -1  2  0 -4 -3  0 1 0 0 30
-3 -3  1  6 -5 -2  2 -2 -3 -4 -5 -2 -2 -2 -2 -1  2 -5 -4 -3 1 1 1 25
-3 -4 -5 -5 -3 -4 -5 -5 -5  2  5 -4  2  1 -5 -2 -3 -3 -3  0 1 1 1 35
-2  2 -1  4 -4  0  3 -3 -2 -4 -4  2 -3 -4  0  0  0 -4 -3 -3 1 0 0 45
-2 -3 -3 -4 -3 -3 -3  0 -3 -3 -3 -3 -2  2 -4  2 -2 10  0 -3 0 0 1 50
-3 -4 -4 -5 -3 -3 -4 -2 -2 -3 -1 -4 -2  2 -5 -4 -3 11  4 -3 1 1 1 65
 1 -1  0  2 -3  1  4 -2 -1 -3 -3  1 -2 -4 -2  1  0 -4 -3 -2 1 1 1 50
-2 -2 -3 -4 -2  1 -2 -4 -3  2  4 -2  4  0 -3 -2 -1 -2 -2  1 1 1 1 85
-2  6 -1 -2 -4  3  0 -3 -1 -4 -3  2 -2 -4 -2 -1 -2 -3 -2 -3 1 1 1 80
