-2 -2 -3 -4 -2 -1 -3 -4 -2  1  2 -2  7  0 -3 -2 -1 -2 -2  0 1 1 1 55
 0 -2  2  6 -4  1  2 -2 -2 -4 -4 -1 -3 -4  1 -1 -2 -4 -3 -3 1 1 1 90
 0  2  1  1 -4  4  2  0  2 -4 -3  2 -2 -4 -2 -1 -1 -3 -2 -3 1 1 1 40
 1 -2  1 -1 -2 -1  0 -2 -2  0 -2  0 -2 -3  1  4  1 -4 -3  0 1 1 1 50
 0  0 -1  2 -4  1  3 -3 -2 -4 -4  2 -3 -4  4  0 -2 -4 -3 -3 1 1 1 50
-2  0  0  0 -4  2  1  1 -2 -4 -4  4 -3 -4  4  0 -2 -4 -3 -4 1 1 1 25
-1  1  0  0 -3  1  2  0  2 -1 -2  1 -2 -1  0  0  1 -3  0 -1 1 0 0 15
-1  2 -2 -2  1  0 -2 -1  1  1  1 -1  3  0 -1 -1 -2 -3  0  2 1 0 0 10
-5 -5 -5 -6 -6 -5 -5 -6  2 -4 -2 -5 -4  4 -6 -5 -5  2  9 -4 1 0 0 0
 3 -4 -1 -4  0 -3 -3  0 -4 -5 -5 -3 -4  1 -4  5  0  1 -4 -4 1 0 0 0
-4 -5 -6 -6 -4 -5 -6 -6 -6  4  4 -5 -1 -3 -6 -5 -4 -5 -1  4 1 0 0 0
 0 -7 -8 -8 -6 -6 -7 -4 -7 -2 -5 -7 -5  0 -7 -6 -6 12 -1  0 1 0 0 5
 2 -5 -5 -6 -4 -4 -5 -3 -4  0  4 -4  0  2 -5 -4 -3 -4  1  1 1 0 0 0
-3 -1 -3 -4  5 -2 -1 -5 -4  2  2 -4  2  1 -4 -2  0  3 -2  2 1 0 0 10
-5 -6 -6 -6 -7 -6 -6 -7 -6 -4 -5 -5 -6  1  9 -5 -5 -7 -6 -6 1 0 0 0
 1 -2 -1  1 -5  0 -2 -1 -4 -5 -5  0 -5 -6  6  2 -1 -6 -3 -4 1 1 1 10
 0  1 -1 -1 -4  2  2  0  1 -2 -3  2 -3 -3  3  0 -2 -4 -2 -3 0 1 1 65
-1  0 -2  2 -4  0  2  0  1 -4 -4  1 -4 -5  5  0 -1 -5 -4 -3 0 1 1 75
-1 -2 -2  1  1  0 -1 -3  0  1  1 -2 -1  0 -2  0  1 -3  0  2 0 1 1 10
 0  2 -1  1  0  2  1  0  1 -2 -1  0 -2 -2 -1  0 -1 -1  2 -2 0 0 1 30
 1  1  0  3 -4  1  3 -1 -1 -2 -2  1 -3 -4 -1  0  0 -4 -3 -3 0 0 1 40
 1  3 -2 -3 -4  2  0 -3  1  0 -2  2 -2 -1 -2 -1  0  4  3 -1 0 0 1 30
 0 -5 -5 -6  0 -5 -5 -5 -5  2  5 -5 -1  1 -5 -1 -3 -4 -1  1 0 0 1 0
-1  2  1  0 -2  3  1 -3  1 -2 -3  2 -2 -4 -1  0  1 -4 -3 -2 0 0 1 30
 0  2  0  1 -3  1  1  1 -2 -3 -2  1  0 -2 -2  1  1 -4 -2 -2 0 0 1 65
-3 -2 -5 -5  0 -4  0 -5 -1  4  4 -4 -1  0 -5 -4 -1 -4 -2  2 0 0 1 0
-1 -4 -3 -5 -4  0 -4 -3 -4  5 -2  1  5  0 -5 -2  0  0 -3  1 0 0 1 0
 1 -1  2  1 -3  2  1  0  1 -3 -2  0 -1 -2 -3  1  1 -4 -3 -1 0 0 1 40
 0  1 -2 -1 -4  2  1  2  3 -2 -2  0 -3 -3 -2  2 -1  0  1 -1 0 0 1 30
-4 -4 -2 -3 -4 -1 -2 -5 -4  1  4 -3 -1  3 -5 -4  0 -3  3  0 0 0 1 0
 3  5 -1 -3 -4  3 -2 -1  0 -3 -4  0 -2 -5 -1  1 -2 -1 -2 -3 0 0 1 25
 2 -1 -1  1 -3  0  2 -2 -1 -3 -3  1 -1 -4 -1  2  2 -4 -1 -2 0 0 1 65
 1  3 -1 -1 -2  1  0 -1  2  0  0  1 -2 -2 -1 -1 -2 -4 -3  0 0 0 1 50
-1 -3  0 -5  0 -4 -3 -2  4 -2 -1 -3 -3  5 -5 -1 -1 -2  5 -1 0 0 1 5
 0 -1  1  0 -4 -1 -1  3  5 -5 -4  0 -4 -2  3  0 -2 -5 -1 -4 0 1 1 70
 2 -1 -1 -2 -4 -1 -3  3 -3 -4 -3 -2 -4 -3 -4  3 -1 -4  3 -2 1 1 1 20
 1 -2 -3 -2  1  0 -2 -1 -5 -5 -3 -2 -5 -6  7 -3 -3 -6 -5 -3 1 1 1 20
 1  0  0  0 -2  0  0 -1  1 -1  0  1 -1  0  0  0  0 -3 -2  1 1 1 1 65
-1 -5 -5 -6 -5 -3 -5 -6 -4  1  0 -5 -3  8 -6 -2 -4 -3  0 -1 1 1 1 10
 1 -1 -3 -1 -5  0  5 -2 -2 -2 -1 -3 -4 -5  4 -2 -1 -5 -5 -2 1 1 1 40
-3 -7 -7 -6 -7 -6 -6 -7 -7 -4 -7 -6 -7 -8  9 -5 -3 -8 -7 -4 1 1 1 0
-7 -5 -4 -6 -8 -4 -5 -7 11 -8 -8 -6 -7 -6 -7 -6 -7 -7 -3 -8 1 1 1 0
 1 -5 -6 -6  0 -5 -5 -6 -6  6  1 -5  1 -3 -5 -4 -2 -5 -4  4 1 0 0 0
-4 -6  0 -5 -5 -5 -5 -6 -6 -5 -6 -5 -5 -7 -6 -3  8 -7 -6 -4 1 0 0 30
-4 -6 -7 -7 -4 -5 -6 -7 -6  3  5 -6 -1 -3 -6 -5 -4 -5 -4  4 1 0 0 0
 1  0 -2 -3 -1  1 -2 -3 -1  0  1  1  0 -1 -3 -1  2 -3  1  2 1 0 0 5
 0 -3 -1 -1 -4 -3  0  4  0 -4 -4 -3 -4 -2  2  2  1 -4 -2 -2 1 0 0 40
 1  0  0  1 -4  0  0  2  1 -3 -2 -2 -3  0  4  0 -2 -4 -1 -2 1 0 0 5
-3 -1 -4 -4 -1 -2 -4 -4  2  4  1 -4  1  5  0 -2 -1 -3  0 -1 1 0 0 45
-1  2  0  1 -4  0  3  0  2 -3 -2  0  0 -1  2  1  0 -1 -2 -2 1 0 0 30
 0 -1 -1 -1  3 -2 -3 -1 -3  0  2 -1  0  1 -1  0  0  4 -2  0 1 0 0 5
 0  1  0  2 -4  1  1 -2 -2 -3 -3  0 -3 -4  1  3  2 -5 -2 -3 1 1 1 5
 0  1  0  0 -1  0  2 -1 -1  0 -1  0 -2 -3  1  1  0 -4 -3 -1 0 0 1 45
 0 -1  0  3 -4  1  4 -2 -1 -3 -4  1 -2 -4 -2  2  0 -5 -2 -3 0 0 1 40
 1 -3  0  4 -5  1  4 -2 -3 -2 -2 -2 -2 -4  0 -2  0 -5 -4 -2 0 0 1 45
 2 -2 -3  0 -3 -2 -1 -3 -2  2  2 -2 -1 -1 -1 -1 -1 -4  0  2 0 0 1 0
 0  0  0  1 -1  0  0 -2 -2  0  0  0  0 -1  1  0  0 -3 -2  1 0 0 1 45
 2  0  2  0 -3  0  2 -1  0 -2 -2  2 -3 -4  1  0  0 -4 -3 -2 0 0 1 50
 0  2  0 -1 -1  0 -1 -3  0  1  1  2  0 -2 -3  0 -1  1 -2  1 0 0 1 20
 1 -1 -4 -3  1 -2 -2 -4 -4  2  3 -2  0  2 -2 -2 -1 -3 -2  1 0 0 1 5
 0  3 -1 -2 -1  3  0  0 -1 -3 -1  2 -2 -3 -1  0  0  2 -3 -2 0 0 1 40
 2 -2 -1  0  1  1  3 -2 -1 -3 -1  0 -1 -4 -2  1  0 -4 -2 -2 0 0 1 45
 1 -4 -4 -1  1 -3 -2 -3 -2  2  3 -3  0  1 -4  0 -2  2 -1  0 0 0 1 0
 4 -1 -3 -3  5 -2 -3 -1 -4 -1  0 -2 -1 -4  1  0 -1 -4 -4  0 0 0 1 5
 2  1  0  2  0  1  2 -1  1 -2 -2  1 -2 -2 -1  0  0 -4 -2 -1 0 0 1 75
 1 -1  0  1  1  0  1  2  0 -1 -2  0 -1 -1 -2  2  0 -3 -3 -2 0 1 1 50
 0  0 -2 -3  2  1 -1 -2 -1  1  2 -1  1  0 -2 -1  1 -1 -2  2 1 1 1 15
 0  2  2  0 -4  2  1  0  0 -4 -3  2 -3 -4  2 -1  0 -4 -2 -3 1 0 1 55
 1 -1 -1 -2 -2 -1 -2  0 -4 -2 -4  0 -4 -5  6  2  0 -5 -4 -2 1 1 1 10
-2 -3 -4 -3 -4 -4 -4 -4 -1  2  1 -4 -2  5  1 -2 -1 -2  4  1 1 0 0 5
-1  1 -1  1 -1  1  0 -3  1 -1  0  0  1 -2  3  0  2 -4 -3 -1 1 0 0 30
 1 -2 -2 -5 -2 -4 -4 -5 -5  3  2 -4  1 -3 -1 -3 -2 -5 -4  4 1 0 0 0
-1  3  0 -2 -2  0  1 -1  2 -1 -2  2 -1 -4  0  1  2  1 -3 -1 1 0 0 20
-2 -4 -1 -5 -4 -4 -4 -5 -4  2  2 -2 -1  6 -1 -2 -2 -3 -1  2 1 0 0 0
 0  0  1  3 -2  1  1  0 -1 -2 -2  1 -2 -3 -2  1  1 -4 -2 -1 1 0 0 40
 0  1  1  1 -4  0  0  3 -2 -4 -2  2 -2 -4 -1  1 -1 -4 -3 -3 1 0 0 45
-1 -4 -4 -5  2 -4 -4 -5 -4  2  1 -4 -2  2 -1 -2 -3  2 -1  5 1 0 0 0
 1  0  0  1  0  0  0  1 -2 -2 -2  0 -2 -2 -2  1  1 -3 -1  0 1 0 0 10
 0  0 -2 -1  2  0 -1 -1 -1  1 -2  0 -1  1 -2  1  2 -3  0  1 1 0 0 25
-1 -2 -1 -3 -4  0  0  5 -2 -4 -3 -1 -3  2 -4  0  1 -4 -3 -2 1 0 0 10
 2  1 -1  2 -3  0  1 -1 -3 -4 -4  1 -3 -3 -1  1  3 -4 -2 -2 1 0 0 65
-1 -1 -2  0 -3  0 -1 -2  2  0 -2  1 -1  3  1  0  1 -3 -1  0 1 0 0 30
-1  0 -4 -5 -5 -4 -4 -2 -3 -3 -1  1 -1  5  0 -3 -3 -2  6  0 0 1 1 5
-4 -3 -1 -4 -5 -4 -4 -5  3 -2 -2 -2 -3  6  2 -2  0  4  4 -3 0 1 1 10
-2  3  2 -1 -4  4  1 -1 -2 -3 -3  2  1 -4  0 -1 -1 -3 -1 -2 1 0 0 25
-1  0  0 -3  6 -2 -2 -2 -3 -2 -2  2  0 -1 -3  2  2 -4 -3  1 1 0 0 0
-1 -4 -4 -5  2 -4 -4 -4 -4  4  2 -4 -1  0 -4 -3 -2 -4 -1  5 1 0 0 0
-1 -1 -2 -5 -4 -3 -4 -4  0 -2 -1 -3 -2  5 -4 -2 -2 -1  7  1 1 0 0 0
-1 -1 -4 -2 -3 -3 -3 -3 -4  3  3 -3  1  1 -4 -3 -2  2 -1  1 1 0 0 0
 0  1  0  0 -3  0  1 -1  0 -1  0  1 -1 -1  0  0 -1 -3 -2 -1 1 0 0 20
-2 -4 -4 -1  5 -3 -4 -2 -4  2  2 -3  1  1 -2 -2 -1  2 -2  3 1 0 0 0
-1  1  0  1 -3  1  3 -2  3 -1 -2  2 -2 -2 -2  1 -1 -4 -2 -2 1 1 1 40
-1  0  0  1 -3  0  1 -3  0 -1 -1  3 -1 -3  4  0 -1 -4 -3 -3 1 1 1 65
 0 -2  3  2 -3 -1  0 -1  1 -2 -3 -2 -2 -4 -3  2  4 -4 -3 -3 1 1 1 25
 1  2 -2  2 -3  0  1 -1 -2 -2 -3  1 -3 -4  4  0 -1 -4 -3 -2 0 0 1 65
 0  1  0  1 -3  2  3  0  2 -2 -2 -1 -1  0 -1  0  0 -2  2 -2 0 0 1 40
-2 -4 -5 -5 -3 -2 -4 -2 -5  1  5 -4  1 -2 -4 -2 -1 -4 -3  2 0 0 1 0
 0 -1 -1 -1 -1 -1 -1 -3  0  0  2  0  4 -2 -3 -1  0 -3  1  2 0 0 1 25
 1  1  0  1 -3  1  2  0 -1 -2 -1  0 -1 -2 -3  2  1 -4 -2 -2 0 0 1 50
 3 -1 -5 -5 -4 -4 -5 -4 -5  2  4 -4  0  1 -5 -3 -2 -4 -3  0 0 0 1 0
 3  3  1 -2 -4  2 -2 -2  6 -4 -4 -1 -3 -1 -4  1 -3 -4  1 -4 0 0 1 0
 2  1 -1  2 -4  3  2 -1  0 -2 -3  2 -3 -4 -3 -1 -1 -4 -3 -2 0 0 1 50
 1  2  0  0 -3  1  1 -2  4  1 -1  0 -1 -3 -1  0 -1 -4 -2  0 0 0 1 25
 1 -3 -3 -2  5 -3 -2 -1 -4  2  2 -3  3  0 -3 -1  0 -3 -3  0 0 0 1 5
 0  5 -2 -4  3  0 -1 -2  4 -2 -1  1  2 -3 -4 -1 -2 -4  1 -2 0 0 1 25
 1  0  0  1 -3  0  3  2  0 -4 -4  1 -3 -2 -1  1  0 -4 -3 -2 0 0 1 45
 1 -1 -2 -3 -2 -1 -1 -2  5  0  1  0  2 -2  0 -1 -1 -3  1  1 0 0 1 45
-2 -5 -1 -4 -2 -5 -5  0 -4 -3  1 -5  1  7 -6 -2 -3  2  2 -1 0 1 1 10
 0 -2  0  1 -1 -2  0  4 -4 -2 -4  0 -4 -5  2 -1 -1 -5 -4  1 0 1 1 65
-1  0 -1  0  1  1  1 -1 -2  1 -1 -1  0  1  0 -1 -1 -2  2  0 1 1 1 20
 0  0  1  1 -3  0  1  0 -2 -1 -1  1  0  1  1  1  0 -3 -2 -1 1 1 1 60
-1  1  0  1 -3  0  0 -1  1 -3 -1  0  0 -1  3  0  1 -3  0 -1 1 1 1 70
-1  2  0  0 -4  1  2  1 -2 -2 -2  1 -3 -4  1  0  1 -4 -3 -1 1 1 1 75
 0  1  1 -1 -3  0  1 -1  1 -2 -3  0  1 -1  0  1  1  0  2 -2 1 1 0 70
-1 -1 -1  0 -5  0  1 -1 -4 -2 -5  0 -4 -3  6  0  0 -5 -4 -2 1 1 1 90
-3 -5 -5 -6 -5 -2 -5 -6 -3 -4 -1 -1  0  7 -6 -3 -5  4  6 -4 1 1 1 20
-1  2  1 -1 -3 -1 -1 -2  1 -1 -1  0  4  2 -4 -1 -1 -3  2  1 1 1 1 40
 0 -7 -7 -6 -7 -6 -6 -7 -7 -7 -8 -6 -7 -8  9 -5 -6 -8 -8 -7 1 1 1 0
-6 -1 -4 -6 -8 -4 -5 -7 11 -8 -7 -5 -6 -6 -7 -5 -6 -7  1 -8 1 0 0 20
-2 -5 -6 -6  1 -5 -5 -6 -5  2  4 -5  5 -1 -5 -5 -4 -5 -4  3 1 0 0 0
-2 -4 -3 -4 -4 -4 -4 -4 -5 -5 -6 -4 -5 -6  1  6  4 -6 -5 -5 1 0 0 0
-4 -5 -6 -6 -4 -5 -6 -7 -6  3  6 -5  2  0 -6 -5 -4 -5 -4  1 1 0 0 0
 3 -4 -4 -4  2 -3 -4  0 -2  1  3 -3  1  0 -4 -1 -2 -4 -1  1 1 0 0 0
-4 -4 -4 -5 -5  0 -4 -5  0 -4 -1 -4 -3  3 -5 -1 -4 -1  9 -4 1 1 1 0
 1  1  0 -1  1 -1 -2  4  2 -1 -2  1 -2 -3 -3  1 -2 -3 -3 -2 1 1 1 5
-2 -1  0  6 -1 -2  1 -3 -1 -2 -3 -1 -3 -4 -2 -2  0 -5 -4  0 1 1 1 35
-2 -3 -2  0  2 -3 -2 -4 -1  1  4 -3  3 -1 -2 -2 -2 -3 -2  1 1 1 1 10
 1 -1  0  0 -3  0  0 -2 -1 -3 -2 -1 -3 -3  3  2  3 -4  1 -3 1 1 1 30
-1  0  0  3 -3  1  0 -1  1  0 -1  1 -1 -3  1  0 -1  2 -2  0 0 0 1 55
 2  1 -2  0 -3  0  3 -1 -2 -1 -1  0 -1 -3 -2  0 -1 -3 -3  0 0 0 1 65
-1  0 -1  2 -4  0  5 -3  0 -2 -2 -1 -3 -4  1  0 -1 -4 -3 -3 0 0 1 35
-1  4 -2 -2 -4  1  1 -2  3 -3 -2  3 -2 -1 -1 -2 -1 -4 -1 -1 0 0 1 5
 2  2  0  2 -4  2  3 -2 -2 -3 -3  1 -1 -3 -1 -1 -2 -4 -3 -2 0 0 1 55
 0  0  1  2 -2  1  2 -1  0 -2  0  1  0 -1 -1 -1 -1 -1 -2 -2 0 0 1 40
 2  0 -2 -3 -2  0 -1 -2 -3  1  1 -1 -1  2 -3 -1 -1 -3 -1  1 0 0 1 -5
 1  2 -2 -3 -1  2  0 -1  2  0  0  0  1 -1 -3 -1 -2  3  1  0 0 0 1 15
 1  1 -1  1 -3  2  2 -1 -2 -1 -1  1 -2 -2 -2  0  0 -4 -3  0 0 0 1 55
 1  2 -2 -2 -3  1  1 -3  0  1 -1  3  0  0 -3 -1 -1 -3 -2  1 0 0 1 20
 2 -1 -3 -2 -3  0  0 -1 -3  1  1 -2  3 -2 -1 -2 -1  4 -1  1 0 0 1 -5
 1  2  1 -1 -3  2  1 -1  0 -2  0  0  1 -2  1 -1  0 -3  2 -2 0 0 1 25
 0  3 -2 -2 -4  0  3 -2 -1  0  1  1  2 -1 -2 -1 -1 -4 -3 -1 0 0 1 70
-2 -1 -3 -1 -3 -1  0 -2 -1  2  2 -1  1  2  0 -2 -2 -2  1  0 0 0 1 40
-1 -2  0  4 -2  2  3 -2  0 -1 -4 -1 -3 -2 -3  1 -1 -4  1 -3 1 1 1 10
-1  0  1  2 -3 -1  1  2  1 -3 -2  1 -1 -2  1  0  0 -4 -3 -2 0 1 1 80
 0  1  1  0 -1 -1  0  0 -2 -1 -1  0 -2 -2  3  1  0 -3 -1 -2 0 1 1 55
-1 -2 -3 -3 -3  0 -1 -1  1  2  2 -1  0  2 -1  0 -2  0  0  1 1 1 1 -5
-1 -2  0  4  2 -1  0  1 -2 -1  0 -2 -2  1  0  0 -1 -3 -1  0 0 1 1 45
 0  1  0 -2 -3 -1 -1  3  1 -1 -2 -1 -1 -2 -1  0  0 -3  0  0 0 1 1 55
 0  1 -1 -1  0  1  0 -1  0  0  1  1  1  1 -1 -1 -1 -2  0 -1 1 1 1 15
-1  0  1 -1 -3  0  2  2 -2 -2 -1  0 -1 -3 -3  0  1 -3 -3 -1 1 0 0 50
-2 -5 -5 -3 -4 -2 -2 -5 -4  2  1 -5 -2  7 -5 -2 -4  6  2 -1 1 0 0 0
-1  1  0  1 -3  1  2 -2 -1 -1 -2  1 -1 -3 -1  0  3 -1 -1  0 1 0 0 35
 1 -4 -1 -3 -3 -3 -4  1 -4  3  0 -3  1  2 -1 -2 -1 -3 -2  3 1 0 0 0
-2 -1  2  4 -4 -2  0  1  0 -4 -4  0 -4 -3 -2  2  2  0 -4 -3 1 0 0 15
-1  4  0 -2 -2  0  3 -4  2 -4 -4  2 -3 -5 -3  2  0 -5 -4 -2 1 0 0 20
-1 -4 -5 -5 -3 -4 -5 -3 -5  3  4 -4  1  2 -2 -2 -3  1 -3  2 1 0 0 0
 2 -1 -2 -2  1  1  0 -1  0 -2 -2  1 -2 -3 -3  0  2  2  0  1 1 0 0 0
-4 -5 -5 -6 -4 -4 -3 -4 -5  3  5 -5  1  0 -5 -3 -3 -4 -1  3 1 0 0 0
-3 -3 -5 -6  0 -1 -5 -3 -4  1  1 -5  0 -2 -5 -4 -2  8  4  3 1 0 0 0
-1  4 -1 -3 -4  0  0 -4 -2  0 -1  3 -2  0  0  1 -2  1  2 -2 1 0 0 25
-1 -3 -3 -3  2  1 -1 -3  3 -3 -2 -3 -3  1  0  0  5 -4 -1  1 1 1 1 0
 0  0  1  4 -3  0  1 -3 -2 -2 -1 -1 -3 -1  1  1 -2 -4 -3 -2 1 1 1 20
 0 -1 -1  0  0 -1  1  3 -2 -1 -2 -1 -2 -3  1  1  1 -3 -1  0 0 1 1 35
 0 -1  1  1 -3  1  4 -1  0  0 -2  0 -2 -2  1  0  0 -2 -1 -2 0 1 1 35
-1 -1  1  5 -2 -1  1 -2 -2 -1 -1 -1 -2 -1  0 -1 -1  4 -2 -2 1 1 1 10
 0  2 -1  0  0  0  0  0  0 -1 -1  2 -1 -2 -1  0  1  2 -1 -1 0 1 1 25
 1 -1  2  0 -2 -1 -1 -1  0 -1 -2 -1 -2 -3  3  2  2 -3 -2 -2 0 1 1 55
-1 -2 -2 -3  3 -2 -2 -1  0  2  2 -2  1 -1 -1 -1  0 -2 -1  3 1 1 1 10
 1  1 -2  1 -3  0  4 -2 -2  0 -2  2 -1 -3 -1 -1  0 -4 -3 -2 0 1 1 70
-2  1 -2  0 -3  2  2 -1  0 -4 -4  0 -1 -4 -3  3  3  0 -3 -3 0 1 1 35
-6 -6 -7 -7  2 -6 -6 -6 -6 -6 -5 -6 -5  0 -7 -6 -6 12 -2 -6 1 1 1 15
-1  2  0 -1  1  3  4 -3 -2 -2 -2  2 -2 -4 -3  1 -1 -4 -3 -1 1 0 0 55
-1  0 -3 -2  0 -1 -1 -4  1  2  1  1 -1 -2  2 -2  0 -4 -3  2 1 0 0 55
-3 -4 -5 -5 -3 -4 -4 -5 -1  4  3  0 -1  0 -5 -4 -3 -4  1  4 1 0 0 55
 3  0 -1  1 -4  1  3 -1  4 -4 -4  0 -3 -4 -3  0 -1 -5 -3 -3 1 0 0 30
-1  1 -2 -1 -1  1  4 -2 -2 -1 -2  1 -3 -4 -3  1  2  0 -3 -1 1 0 0 50
-3 -1 -4 -4  5 -1 -1 -5 -1  1 -1 -3 -2  4 -3 -3 -3  5  3  2 1 0 0 15
 0 -1  2  0 -3 -1  0 -3  3 -3 -3  0 -3 -1  3  1  2 -4  0 -2 1 0 0 70
-4 -5 -6 -6 -4 -5 -6 -6 -6  1  6 -5  1 -2 -6 -5 -4 -4 -4 -1 1 1 1 5
 0  1  2  2 -3  1  1  2 -2 -2 -3  0 -2 -4 -2  2  0 -4 -3 -2 1 0 1 50
-1 -1 -1  1 -3 -1 -1  1 -2 -3 -3  2 -2 -3  5  1 -1 -3 -3 -3 1 1 1 80
 0 -2 -1 -2  5 -2 -2  5 -2 -3 -3 -2 -2 -3 -2 -1 -2 -2 -3 -2 1 1 1 70
 2 -1  0 -1 -1  0 -1 -1 -1 -2 -2 -1 -1 -2 -1  4  2 -2 -2 -1 1 1 1 70
-2  0  1 -1 -3  0  0 -2  8 -3 -3 -1 -2 -1 -2 -1 -2 -3  2 -3 1 1 1 90
-2  0  1 -1 -3  0  0 -2  8 -3 -3 -1 -2 -1 -2 -1 -2 -3  2 -3 1 1 1 95
-2  0  1 -1 -3  0  0 -2  7 -3 -3 -1 -2 -1 -2 -1 -2 -2  2 -3 1 1 1 25
-2  0  1 -1 -3  0  0 -2  7 -3 -3 -1 -2 -1 -2 -1 -2 -2  2 -3 1 1 1 35
-2  0  1 -1 -3  0  0 -2  7 -3 -3 -1 -2 -1 -2 -1 -2 -2  2 -3 1 1 1 45
-2  0  1 -1 -3  0  0 -2  7 -3 -3 -1 -2 -1 -2 -1 -2 -2  2 -3 1 1 1 75
