 2 -4  4 -3 -4 -3 -4  4 -4 -5 -6 -3 -5 -6 -4  3  1 -6 -5 -5 1 1 1 80
-1 -4  1  5 -5 -1  0  4 -2 -6 -6 -2 -5 -6 -4  3 -1 -6 -4 -5 1 1 1 75
 1 -3 -1 -1 -3 -2 -1 -2 -1  2  1 -2  0 -2  1 -1  1 -4 -2  2 0 0 1 45
-1 -1 -1  0 -3  0  2 -1 -1 -1  1  0  0  1  0  0  2 -3  0  0 0 0 1 40
-6 -9 -9 -10 12 -9 -10 -9 -9 -7 -7 -9 -7 -8 -9 -7 -7 -8 -8 -7 0 0 1 15
 0 -1  0  3 -4  2  2 -2 -2 -1 -1 -1 -1 -2 -2  0  1  1 -3  0 0 0 1 50
 1 -4 -3 -2 -3 -1 -1 -1 -4  2  2 -3  3  1 -2 -1 -1 -4 -3  2 0 0 1 10
-6 -10 -9 -10 12 -9 -10 -9 -9 -7 -7 -9 -7 -8 -9 -7 -7 -8 -8 -7 0 0 1 0
-2 -1 -2 -2 -5  3  4 -4 -1 -2 -1  3 -2 -4 -4 -1  1 -5 -4  0 0 0 1 30
 0 -1 -1  0 -4  0 -1 -3 -1  0  1 -1  3  3 -4 -1 -1  2  3 -1 0 0 1 30
 2 -5 -5 -6 -4 -5 -5 -2 -5  4  2 -5  1  1 -5 -2 -1 -5  0  3 0 0 1 5
 0 -6 -6 -6 -4 -5 -4 -6 -6  3  1 -5  4  0 -6 -3  0 -6 -3  5 0 0 1 0
-1  0  2  2 -4  2  0  0  2 -3 -4  3 -3 -4 -4  2  1 -5 -3 -1 0 0 1 55
-1 -1 -2  0 -4  0  2 -3 -1  1  0  2  0  1 -2  0  0  3  2 -1 0 0 1 20
 2 -5 -5 -6 -4 -5 -5 -1 -5  3  3 -5  2 -3 -5 -3 -1 -5 -1  3 0 0 1 5
-2  0 -1  2 -5  3  4 -3  0 -2 -1  1 -1 -3 -4 -1  1 -5 -2 -1 0 0 1 15
-1 -1  2  3 -2  2  1 -1  0 -4 -4  2 -2 -1 -2  2 -1 -5 -1 -3 0 0 1 65
-1 -2 -3 -3 -1  0 -2 -4 -1  0  3 -1  5  0 -5 -2 -2  2  4 -1 0 0 1 25
 0 -5 -6 -6 -4 -5 -5 -6 -6  3  5 -4  1 -2 -5 -3 -1 -5 -3  2 0 0 1 10
 1  0  0  1 -3  1  2  0 -1 -2 -2  2 -1 -3 -1  0  1 -4 -2 -1 1 1 0 50
-1 -1  2  3 -5  2  2  1  1 -3 -3  2 -3 -5 -3  1 -1 -5 -2 -3 1 1 0 45
-2 -3  7  1 -6  0  0 -2  3 -7 -7  1 -6 -7  3 -1 -3 -7 -4 -5 0 0 1 80
 1  0 -1 -1 -1  1  1 -1 -1 -1 -2  2  0 -2  0  1  2 -3  0 -1 0 0 1 50
-2 -4  0 -2 -4 -4 -3 -4 -5 -3 -3 -2 -4  0 -4  2  6 -1 -2 -2 0 0 1 20
-2  0 -2  0 -4  4  4 -3 -3  0 -3  1 -3 -4 -2 -2 -1 -4 -2  1 0 0 1 25
 1  0  1  3 -4  2  3 -3 -1 -3 -3  0  0 -3 -2  0  2 -1 -2 -3 0 0 1 65
 0 -1 -1  2 -4  3  4 -3 -2 -2 -2  0 -1 -1 -2  0  0 -4 -2 -1 0 0 1 35
-4 -7 -3 -7 -5 -6 -7 -7 -7  7  0 -6  1 -2 -7 -6 -3 -6 -2  3 0 0 1 0
-1  0  1 -2 -3 -1  1 -4 -2  3  1  2  1 -2 -3 -1  0 -2 -1  1 0 0 1 35
 0  0  2  1 -5  2  2 -1  5 -2 -4  3 -4 -3 -2  0 -1 -5 -2 -3 0 0 1 55
 3 -3 -2  0 -3  1  0 -1 -1  0 -1  0 -1  2 -3  0  0 -3  2  0 0 0 1 20
 1 -5 -6 -6 -4 -5 -3 -6 -5  2  4 -5  3  0 -5 -3 -2  0 -4  3 0 0 1 5
-2 -2  2  3 -5  0  3  0  3 -2 -3  0 -1 -5 -4  0  1 -5 -4 -3 0 0 1 60
 0  2  1  1 -4  2  2 -1  2 -3 -3  3 -2 -2 -3 -1 -1 -4 -1 -3 0 0 1 65
 1 -3 -3 -1 -3 -1  0 -2 -3  2  1 -2  0  1 -4 -1 -1 -1  0  3 0 0 1 15
-5 -6 -1 -6 11 -6 -6 -6 -6 -5 -5 -6 -5 -6 -6 -5 -5 -6 -6 -5 0 0 1 5
 0  0  3  1 -3  0  1  0  2 -2 -3  1 -2 -2 -2  2  0 -4 -1 -3 0 0 1 65
 0  1 -1 -1 -3  1 -1 -2  1  0  0  2  0  0 -3 -1  0  0  2  0 0 1 1 70
-2 -4 -4 -5  0 -3 -3 -3 -2  2  4 -4  3  2 -4 -3 -2 -3 -1  1 1 1 0 20
-2  0 -2 -2 -4 -2 -2  1 -1 -4 -4 -1 -1  1  7 -1 -2 -4 -3 -4 1 1 1 55
 1 -1  0  0 -3  0  1  2  2 -2 -3  1 -2 -1  0  2 -1 -1 -2 -2 0 1 1 90
 0  0  0  0 -3  1  2 -1 -1 -1 -2  0 -2  0  2  2  0 -4 -3 -1 0 0 1 65
-1 -2  0  0 -3 -1 -2 -2  0  1  2 -2  2  1 -4 -2 -1  4  2  1 0 0 1 25
 0  1  0  0 -3  1  0  0  0 -1 -3  1  0 -1  0  2  0  2 -3  0 0 0 1 20
 0  0  1  0 -3  2  0  0  1 -1 -2  0  0 -1  1  1  0 -3  0 -1 0 0 1 65
-1  0 -1 -1 -4  4  3 -3 -1 -1 -1  1 -1 -1  0 -1  1 -3  0 -1 0 0 1 35
-5 -6 -6 -6 12 -6 -6 -6 -6 -5 -5 -6 -5 -6 -6 -5 -5 -6 -6 -5 0 0 1 5
-2  1  1  1 -5  2  3 -4  2 -1 -2  3 -1 -2 -4 -1  0 -4  0  0 0 0 1 40
 0  0  1  1 -3  1  1 -1  1 -2 -1  1 -1 -1 -3  2  1  0 -1 -2 0 0 1 50
-2 -5 -5 -5 -4 -2 -3 -4 -4  2  3 -5  5  4 -5 -4 -2 -4  1  2 0 0 1 10
-1 -6 -6 -7 -5 -6 -6 -4 -6  3  0 -6  3 -2 -6 -3 -2 -6 -5  6 0 0 1 5
-2  0  3  5 -5  1  2 -3  1 -3 -3  1 -2 -2 -3  0 -2 -5 -2 -3 0 0 1 70
-1  0  1 -1 -4  3  1 -3  0 -1 -1  2  0 -1 -3  0  1 -4  1  0 0 0 1 60
-4 -6 -1 -5 -1 -2 -4 -4  2 -4 -2 -2 -3  3 -5 -3 -4 -3  9 -4 0 0 1 35
 1 -2 -3 -4 -2 -2 -2  4 -4  0  1 -2 -1  1 -4 -1 -1 -4 -1  0 0 0 1 0
-2 -1  0  3 -6  0  0 -4 -1 -4 -4  0 -2 -4  6  0 -1 -3 -5 -4 0 0 1 55
 0  0 -2  0 -2  1  0 -3 -2  0  1  0  1 -2  0  1  1 -3  0  0 0 0 1 35
-3 -4 -7 -7 -5 -6 -6 -7 -6  6  3 -6  2  1 -6 -6 -3 -6 -4  3 0 0 1 5
-1 -3 -5 -6 -4 -3 -5 -6 -5  5  2 -4  2  2 -5 -2  0  2 -2  2 0 0 1 0
-1 -1  0  3 -5  2  3 -3  1 -3 -4  2 -4 -2 -4  0  0 -5 -3 -3 0 0 1 35
 0 -1 -1 -1 -3  0  0 -2 -2  1  2  1  4  0 -4 -1 -2 -1  1 -1 0 0 1 15
-1 -5 -6 -6 -4 -3 -3 -4 -5  4  5 -5  1  2 -6 -5 -3 -5 -2  0 0 0 1 10
 0 -1 -1 -1 -3  1  2 -2  0  1  1 -1  1 -1 -2 -1  0 -3 -1  1 0 0 1 15
 1  0  3  0 -4  3  1 -2  0 -4 -4  1 -2 -5 -4  2  0 -5 -2 -3 0 0 1 70
-1  0  1  1 -4  2  2  2  3 -3 -3  2 -1 -1 -4  0 -1 -4  1 -3 0 1 1 50
 0 -2 -2  0 -3  0  2 -3 -3  2  1  0  2 -1 -4 -2  1 -4  0  2 1 1 1 20
-1  0  3  3 -4  2  0 -2 -1 -5 -4  0 -4 -5 -1  2  2 -5 -4 -4 1 1 1 40
 1 -6 -4 -6 -6 -4 -5 -6 -2 -6 -5 -3 -6 -7  8 -1 -1 -7 -7 -5 0 0 1 25
-1  0  0  3 -5  2  3 -1  2 -3 -3  2 -2 -3 -4  0 -1 -5 -4 -3 0 0 1 55
 1 -1 -1  2 -4  2  2 -2 -3 -1 -2  2 -1 -2 -2  0  1 -4 -1  1 0 0 1 50
-1 -6 -6 -7 -4 -6 -6 -6 -6  5  0 -6 -1  2 -6 -4 -3 -5 -4  5 0 0 1 0
-6 -9 -8 -9 12 -9 -9 -8 -9 -7 -7 -9 -7 -8 -8 -6 -6 -8 -8 -6 0 0 1 0
 0  0 -1 -2 -4  1  1 -1  3 -2 -2  1  0 -3  0  2  2 -3 -2  0 0 0 1 40
 1  0  0  2 -4  3  1 -2  1 -2 -1  2  3 -1 -3 -1  0 -4 -1 -1 0 0 1 50
-3 -6 -4 -7 -2 -5 -6 -7 -4  5  4 -6  3 -1 -6 -5 -3 -5  0  1 0 1 1 20
-2  1  1 -1 -6  1 -1  5  5 -6 -5  2 -3 -4 -5 -2 -2 -3 -4 -6 0 1 1 85
 0 -5 -6 -6  0 -3 -3 -6 -5  1  4 -4  4  2 -4 -4 -3 -4  0  1 1 1 1 20
-6 -9 -8 -9 12 -9 -9 -8 -9 -7 -7 -9 -7 -8 -8 -6 -6 -8 -8 -6 1 1 1 30
-1 -1  1 -1 -5  1 -1  0 -3 -5 -4  3 -3 -5  4  2  2 -6 -5 -4 1 1 1 75
 2 -2  2 -2 -4 -3 -2  1 -1 -5 -4  0 -4 -5  1  4 -1 -5 -4 -4 0 1 1 75
 1  1  0 -2 -3  2  0 -1 -1 -1  0  0  0 -3  2  1 -1 -2 -3  0 0 1 1 75
-1  3 -1 -3 -4  2 -1 -3  1  0 -2  3  0 -4  0 -1  1 -4 -3  1 1 1 1 75
-1  1 -1 -2  1  2 -1 -2  1 -4 -3  2 -3 -5  6 -1 -3 -5 -4 -2 1 1 1 80
-3  5 -2 -3 -5  1 -2 -4  6 -5 -5  5 -3 -5 -4 -3 -3 -5 -2 -5 1 1 1 95
