 0 -2  0 -1 -2 -2 -2  5 -2 -3 -3 -1 -2 -3 -2  0 -1 -2 -3 -3 1 1 1 95
 1 -1  1  0 -1  0  0  0 -1 -2 -2  0 -1 -2 -1  4  1 -3 -2 -2 1 1 1 75
 2 -1  0 -1 -1 -1 -1 -1 -2 -2 -2 -1 -1 -2 -1  3  3 -3 -2 -1 1 1 1 50
-2 -2  1  6 -4  0  2  0 -1 -4 -4 -1 -3 -4 -2 -1 -1 -4 -3 -3 1 1 1 60
-2 -2 -3 -4 -3 -2 -3 -4  1 -2 -2 -3 -2  2 -4 -2 -2  5  7 -2 0 0 1 10
 1 -1  1  1 -2  0  1 -1 -1 -1 -2  1 -2 -3 -1  3  0 -3 -2 -1 0 0 1 50
 1  0  1  0 -2  0  1  1 -1 -3 -3  2 -2 -3 -1  2  0 -3 -2 -2 0 0 1 75
-1 -1  1 -2 -2  3  0 -3 -1  0  2 -1  3  1 -2 -1 -1 -2 -1 -1 1 1 0 25
-1 -1 -1 -2 -2 -1 -1 -2 -2 -1 -2  0 -1 -3 -2  1  5 -3 -2 -1 1 1 1 40
-1 -3 -1 -3 -1 -3 -3 -3 -3  2  0 -3  0 -1 -3 -2 -1 -3 -2  5 0 0 1 45
 3 -2 -2 -2 -1 -2 -2 -1 -3  0 -1 -2 -1 -2  2  0  0 -3 -2  2 0 0 1 65
-1  0 -1 -1 -3  6  2 -2  0 -3 -3  1 -1 -4 -2  0 -1 -3 -2 -3 0 0 1 45
-2 -3 -4 -4 -2 -3 -3 -4 -3  1  5 -3  2  0 -3 -3 -2 -2 -2  0 0 0 1 -5
-1  2 -1 -1 -4  1  0 -2 -1 -3 -3  5 -2 -4 -2 -1 -1 -3 -2 -3 0 0 1 50
 0 -1  0  4 -3  1  4 -2 -1 -3 -3  1 -2 -4 -2  0 -1 -4 -3 -3 0 0 1 60
-1 -2 -2 -2 -2  0  0 -3 -2  1  3 -2  2  0 -3 -2  0 -2 -1  2 0 0 1 20
-2 -3 -4 -4 -2 -3 -3 -4 -3  1  5 -3  2  0 -3 -3 -2 -2 -2  0 0 0 1 -5
 1  3 -1 -1 -2  0  0 -2 -1 -2 -2  4 -1 -3 -1  0  2 -3 -2 -2 0 0 1 60
 0  1  0  1 -3  2  3 -2 -1 -3 -3  1 -2 -3 -1  1 -1 -3 -2 -2 0 0 1 80
-2  6 -1 -2 -4  0 -1 -3 -1 -4 -3  2 -2 -3 -3 -1 -2 -3 -2 -3 0 0 1 35
 0 -1  3  1 -3  0  1  4 -1 -4 -3  0 -2 -3 -2  1 -1 -3 -3 -3 0 1 1 90
-2 -3 -4 -4 -2 -3 -3 -4 -3  1  5 -3  2  0 -3 -3 -2 -2 -2  0 1 1 1 25
 1 -2 -1 -1 -2 -1 -1  0 -2 -3 -3 -1 -2 -3  6  2  0 -4 -3 -2 1 1 1 50
-1 -2 -2 -3 -1 -2 -2 -3 -3  1  1 -2  0 -1  0 -1  3 -3 -2  3 1 1 1 20
 1 -1  0  2 -2  2  2  0 -1 -3 -3  0 -2 -3 -1  1  1 -3 -2 -2 1 1 1 75
 0 -3 -1 -2 -3 -2 -3  6 -3 -4 -4 -2 -3 -4 -3 -1 -2 -3 -4 -4 1 1 0 35
-2  1  0 -2 -2 -1 -1 -3 -2  0  3  2  1 -1 -2 -1 -1 -2 -2 -1 1 1 1 65
-1  2 -1 -1 -4  1  0 -2 -1 -3 -3  6 -2 -4 -2 -1 -1 -4 -2 -3 0 0 1 35
 3 -1  3 -1 -2  1  0 -1 -1 -2 -2  0 -2 -3 -1  1  0 -3 -2 -1 0 0 1 65
-1 -1  1  4 -4  1  4 -2 -1 -3 -3  0 -3 -4 -2  0 -1 -4 -3 -3 0 0 1 30
-2 -3 -4 -4 -2 -3 -3 -4 -3  1  5 -3  2  0 -3 -3 -2 -2 -2  0 0 0 1 0
-1 -3 -3 -4 -1 -3 -3 -4 -4  3  1 -3  0 -1 -3 -2 -1 -3 -2  4 0 0 1 10
 2 -1  0  2 -2  3  3 -1 -1 -3 -3  0 -2 -3 -1  0  0 -3 -2 -2 0 0 1 45
-2  6 -1 -2 -4  0 -1 -3 -1 -4 -3  2 -2 -3 -3 -1 -2 -3 -2 -3 0 0 1 30
-2 -3 -4 -4 -2 -3 -3 -4 -3  1  5 -3  2  0 -3 -3 -2 -2 -2  0 0 0 1 -5
 1 -1 -1 -1 -1  2  1 -2 -1  1  0 -1  0 -2 -2  0  2 -3 -2  1 0 0 1 25
-1  0  1  3 -4  2  3 -2 -1 -3 -3  3 -2 -4 -1  0 -1 -3 -2 -3 0 0 1 60
 1 -1  3  4 -2  0  1 -1  1 -3 -3 -1 -2 -3 -2  1  0 -4 -2 -2 0 0 1 25
-2 -2  1  7 -4 -1  1 -2 -2 -4 -4 -1 -4 -4 -2 -1 -2 -5 -4 -4 0 0 1 30
 2 -1  3  1 -2  0  1  0 -1 -2 -2 -1 -2 -3 -1  2  0 -3 -2 -1 0 0 1 60
 0  0 -1  0 -2  2  3 -2 -1 -2 -2  1 -1 -3 -1  0  2 -3 -2 -1 0 0 1 65
 2 -1  0 -1 -2 -1 -1 -1 -2 -2 -2  1 -2 -3  4  1  1 -3 -2 -1 1 1 1 55
 2 -1  0 -1 -1  1  1  0 -1 -1 -1  1 -1 -2 -1  1  1 -3 -2  0 0 1 1 85
 2 -2  1 -1 -2 -1  1  3 -1 -3 -3 -1 -2 -3 -2  2  0 -3 -2 -2 0 1 1 85
 0 -1  0  3 -3  3  3 -2 -1 -3 -3  0 -2 -3  2  0  0 -3 -2 -2 1 1 1 60
 1 -1  3  1 -2  1  0 -1 -1 -2 -2 -1 -2 -3  3  1  2 -3 -2 -2 1 1 1 70
-1 -1  0  2 -3  1  4  0 -1 -3 -3  0 -2 -3  2  1  1 -3 -2 -2 1 1 1 75
 3 -1 -1 -1 -1  0  2 -1 -2 -1 -2 -1 -1 -3  2  1  1 -3 -2  0 1 1 1 75
 1  0  0 -1 -1  2  0 -1 -1 -2 -2  1 -1 -3 -1  3  2 -3 -2 -1 1 1 1 80
-1 -2 -2 -2 -3  1 -1 -2 -2 -3 -3 -1 -2 -4  7 -1  0 -4 -3 -2 1 1 1 90
-1  0  0  1 -3  4  4 -2  0 -3 -3  1 -1 -3 -1  0 -1 -2 -2 -2 1 1 1 95
