 7 -4 -4 -4 -3 -3 -3 -2 -4 -3 -4 -3 -3 -4 -3 -1 -2 -5 -4 -2 1 1 1 95
-2 -5 -5 -4 -5 -4  4 -6 -5  3 -3 -3  0 -5 -5 -4 -3 -6 -5  6 1 1 1 95
-7 -7 -2  9 -9 -5 -2 -6 -6 -8 -9 -6 -8 -9 -7 -5 -6 -10 -8 -8 1 1 0 25
-4 -2 -4 -6 -5 -3 -5 -7 -5  6  0 -1  1 -1 -5 -5 -2 -6 -5  4 1 1 1 50
-4 -6  5  8 -8 -5 -3 -6 -5 -8 -8 -3 -7 -8 -6 -4 -5 -9 -8 -8 1 1 1 50
-6 -2 -5 -2 -9 -2  8 -7 -5 -8 -8 -4 -7 -8 -6 -5 -6 -8 -7 -8 0 1 1 30
-6 -9 -8 -9 12 -9 -9 -8 -9 -7 -7 -3 -7 -8 -9 -7 -7 -8 -8 -7 0 1 1 20
 2  1 -1  0 -3  2  1 -2 -1 -2  0  0 -1 -3 -3  2  1 -3 -3 -1 0 1 1 60
 0  0  0  2  0  0  1 -1 -1  0 -1  0 -1 -2  0  1  1 -2 -2  0 1 1 1 30
-1  1  2  1 -3  1  0 -1  0 -1 -1 -1 -1  0  2  0 -1  1  1 -2 1 1 0 20
 0  1  4  1 -2 -1 -1 -1  0 -1 -2 -1 -1 -2  0  1  0 -2 -1 -1 0 1 1 75
-1 -1  2  1 -2  0  0  3  0 -1 -1 -1 -1 -2  0  0  0 -2 -2 -2 0 1 1 90
 0  0  0  0  0 -1  0  3  0 -1 -1 -1 -1 -1 -1  1  0 -1 -1  0 0 1 1 70
 0  0  0  0  1  0  0  1  0 -1 -1  0  0 -1  0  0  0 -1  0  0 1 1 1 40
 0  0  0  1  0  1  1  0  0 -1 -1  0  0 -1  0  0  0 -1  0 -1 1 1 1 35
 0  0  0  2  0  0  1  0  0 -1 -1  0 -1 -1  1  0  0  2  0 -1 0 1 1 95
 0  0  1  2 -1  0  1  0  0 -1 -1  0 -1  0  0  0  0  0  0 -1 1 1 1 35
 0 -1  0  0 -1  0  1  1  0 -1 -1  0 -1 -1  2  0  0 -1 -1 -1 1 1 0 95
 0  0  0  0 -1  1  1  1  0 -1 -1  0 -1 -1  1  0  0 -1 -1 -1 1 1 0 35
 0  1  1  0 -1  0  0  0  0 -1 -1  0 -1  0  2  0  0 -1 -1 -1 1 1 1 45
 0  0 -1 -1 -1 -1 -1 -1 -2  0  1 -1  0 -1  3 -1 -1 -1  0  1 0 0 1 15
-5 -7 -7 -7 12 -7 -7 -6 -7 -5 -5 -7 -6 -6 -7 -5 -5 -6 -6 -5 0 0 1 5
-1 -3  0  3 -4  4  1 -2  2 -5 -4 -1 -1 -5 -2  4 -2 -5 -4 -4 1 1 0 35
-5 -3 -4 -5 -7  6 -3 -4 10 -7 -6 -4 -3 -3 -6 -4 -4 -6 -1 -6 1 1 0 35
-2  0  1 -2 -3  0  1 -2  2  1  0  0 -1  2 -3 -1  1 -2  2  0 1 0 0 50
-5 -8 -8 -9 12 -8 -9 -7 -8 -6 -6 -8 -6 -7 -8 -6 -6 -7 -7 -6 1 0 0 20
-2  1  1 -3 -4 -1  0 -4  6  1 -2  1 -2 -3 -4 -2  1 -3 -1  2 1 0 0 45
-6 -5  9  0 -7 -4 -2 -5 -4 -8 -8 -4 -7 -8 -6 -4 -4 -8 -7 -7 1 0 0 45
-2 -1 -2 -4 -4 -2 -3 -4 -1 -2 -2 -2 -1 -1 -4  0  6 -4  3  0 1 0 0 55
-1 -2 -3 -2 -4  0 -1 -4 -1  3  1 -1 -1 -1  4 -2 -3  0  0  2 0 1 1 80
-4 -4 -3 -5 -6 -6 -6  7 -6 -7 -7 -5 -7 -7 -6 -3 -2 -7 -7 -5 0 1 1 70
-2 -2 -3 -3 -5 -4 -4  3 -2 -6 -6 -3 -5 -6 -5  6 -2 -6 -6 -6 1 0 0 -5
-4 -6 -6 -7 -7 -6 -6 -7  0 -5 -5 -6 -5  6 -7 -6 -6 -2  9 -5 1 0 0 20
-2  2 -2 -2 -4  1  0 -4  2 -2 -1 -1  0  3 -4  0 -1 -2  5  0 1 0 0 45
-5 -8 -8 -8 12 -8 -9 -7 -8 -6 -6 -8 -6 -7 -8 -6 -6 -7 -1 -6 1 0 0 5
-1 -1 -2 -2 -4  0  0 -1 -2 -3 -3 -1 -4 -2 -4  5  2 -1 -1 -2 1 0 0 35
-5 -8 -8 -9 12 -8 -9 -7 -8 -6 -6 -8 -6 -7 -8 -6 -6 -7 -7 -6 1 1 1 10
-2  4  1  0 -5  1 -1 -4  4 -4 -3  0 -2 -3  4 -2 -1 -3 -1 -2 1 1 1 65
 1 -1  0  0 -4 -1  0 -4  3 -3 -3  0 -3 -3  5  0 -1 -5  0 -2 0 1 1 75
-3 -6 -4 -3 -6 -4 -2  7 -6 -8 -8 -4 -7 -7 -6 -3 -5 -2 -7 -7 0 1 1 70
-6 -6 -7 -7 -7 -6 -6 -7 -1 -5 -3 -6 -5  5 -7 -6 -6  1  9 -5 1 1 1 40
-1  1 -1 -2 -3  1  1 -3  1  0  0  2  0  0 -3  0  1 -1  1  1 1 0 0 55
-5 -3 -7 -7 -5 -4 -6 -7 -6  0  6 -6  0 -3 -4 -6 -4 -5 -5 -2 1 0 0 25
 0  1  0  1 -4  3  1 -2  5 -4 -1 -1  2 -3 -4  1 -1 -4 -1 -3 1 1 1 20
 1  0 -1  1 -4 -1  2 -1 -2 -3 -3  0 -3 -4  4  2  0 -1 -4 -3 0 1 1 75
-6 -5  4  8 -7 -4 -3 -4 -5 -7 -8 -5 -7 -7 -6 -3 -5 -8 -7 -7 0 1 1 15
-2  2  2 -2 -5  1  0  4 -1 -5 -4  3 -1 -5 -4  0 -2 -5 -4 -5 1 1 0 70
-4  6 -3 -5 -4 -1 -2 -4  7 -4 -5  3 -5 -3 -5 -3 -4 -6 -1 -2 1 1 0 20
-3 -3  1  0 -5 -3 -4 -2 -1 -4 -5 -3 -3 -5 -5  4  6 -6 -4 -4 1 1 1 10
-5 -9 -8 -9 12 -8 -9 -8 -8 -6 -6 -8 -7 -8 -8 -6 -6 -8 -8 -6 1 0 0 -5
-3  2 -1 -3 -5  3  2 -2 -2 -4 -4  4 -4 -5 -3 -1  2 -5 -3 -3 1 0 0 40
 5 -3 -4 -2 -3 -2 -2 -1 -5 -1 -2 -2 -3 -4 -2 -2 -2 -5 -4  4 1 1 1 65
-3  0 -2  2 -6  4  6 -4 -2 -5 -5  2 -4 -5 -3 -2 -3 -5 -4 -5 1 1 1 90
