-1 -2 -2 -2 -3 -1 -1 -2 -2 -3 -3 -1 -3 -4  8 -1 -1 -4 -3 -2 1 1 1 95
-2  6 -1 -2 -4  1  0 -3  0 -3 -2  2 -2 -3 -2 -1 -1 -3 -2 -3 1 1 1 95
 3 -2 -1 -2 -1 -1 -1  3 -2 -2 -2 -1 -1 -3 -1  2  0 -3 -2 -1 1 1 0 50
 1 -1  0 -1 -1 -1 -1 -1 -2 -2 -2 -1 -1 -3  3  2  3 -3 -2 -1 1 1 1 60
 1  1 -1 -2 -2 -1 -1 -2  4  0  2 -1  1 -1 -2 -1 -1 -2 -1  0 1 1 1 65
-2 -2 -4 -4 -1 -2 -3 -4 -3  1  4 -3  2  0 -3 -3 -1 -2 -1  1 1 1 1 0
 1 -1  0 -1 -1  0  0 -1 -1 -2 -2  0 -2 -3 -1  4  2 -3 -2 -2 1 1 1 35
-2 -1  0  4 -3 -1  0 -2  5 -1  1 -1 -1 -1 -2 -1 -1 -3 -1 -2 0 0 1 70
 3 -1 -1 -1 -1  0  1 -1 -1 -2 -2  0 -1 -3 -1  2  2 -3 -2 -1 0 0 1 60
-1  0  0  1 -4  4  5 -2  0 -3 -3  1 -2 -3 -1  0 -1 -3 -2 -3 0 0 1 15
-1  4  0 -1 -3  5  1 -2  0 -3 -2  2 -1 -3 -2 -1 -1 -3 -2 -3 0 0 1 25
 4 -2 -2 -2 -1 -1 -1  0 -2 -2 -2 -1 -1 -2 -1  1  0 -3 -2  0 0 0 1 50
-1  1  0 -1 -3  5  1 -2  0 -3 -3  3 -1 -3 -1  0 -1 -2 -2 -3 0 0 1 45
-1 -3 -3 -4 -1 -3 -3 -4 -3  3  3 -3  1  0 -3 -2 -1 -2 -1  3 0 0 1 -5
-2 -2  1  6 -4 -1  1 -2 -1 -3 -4 -1 -3 -4 -2  0 -1 -5 -3 -4 0 0 1 35
 1 -2 -3 -3 -1 -2 -2 -2 -3  2  1 -2  1 -1 -2 -1  0 -3 -1  3 0 0 1 50
 1 -2 -3 -3 -1 -1 -2 -2 -2  2  1 -2  5  0 -2 -1 -1 -2 -1  1 0 0 1 10
-1  2 -1 -2 -2  0  0 -2 -1  0  0  4  0 -2 -2 -1 -1 -3 -2  0 0 0 1 50
-1  0 -1 -1 -2  4  2 -2 -1 -1  1  0  0 -2 -2  0  1 -2 -2 -1 0 0 1 80
 1 -2 -3 -3 -1 -2 -2 -2 -3  1  3 -2  3  0 -2 -1 -1 -2 -1  1 0 1 1 70
 0 -2  3 -1 -3 -1 -2  5 -1 -4 -4 -1 -3 -3 -2  0 -1 -3 -3 -3 0 1 1 90
-1 -3 -3 -3  4 -2 -3 -3 -3  1  2 -2  0  0 -3 -1  1  6  0  1 1 1 1 25
 1 -1  0 -1 -1 -1 -1 -1 -1 -2 -2 -1 -1 -1 -1  4  2 -1  2 -2 1 1 1 45
-2 -2  2 -2 -2 -2 -2 -3 -2  1  3 -2  1  2 -3 -2 -1 -1  0  0 0 0 1 25
-1  2  0 -1 -3  0  0 -2  7 -3 -3  0 -2 -2 -2  1 -1 -3  1 -3 0 0 1 55
 1  2 -1  1 -3  1  4 -2  0 -3 -3  1 -2 -3 -1  0 -1 -3 -2 -2 0 0 1 35
-1 -2 -3 -3 -2 -1 -3 -3 -2  3  2 -2  5  0 -3 -2 -1 -2 -1  1 0 0 1 0
 3 -1  0 -1 -1 -1 -1  0 -1 -2 -2 -1 -1 -3 -1  3  1 -3 -2 -1 0 0 1 15
 1  5 -1 -2 -3  1  0 -2 -1 -3 -2  2 -2 -3 -2  0 -1 -3 -2 -2 0 0 1 55
-1  4 -1 -2 -3  2  0 -3 -1 -1  1  2  0 -2 -2 -1 -1 -2 -2 -1 0 0 1 55
-1 -3 -3 -4 -1 -3 -3 -4 -3  4  3 -3  1  0 -3 -2 -1 -2 -1  2 0 0 1 10
 0  0  0 -1 -2  1  0  3 -1 -3 -3  1 -2 -3 -1  2  1 -3 -2 -2 0 1 1 80
-1  5 -1 -2 -4  1  0 -2 -1 -3 -3  3 -2 -3 -2 -1 -1 -3 -2 -3 1 1 1 15
 1 -1  0  0 -1  0  0 -1 -1 -3 -3  0 -2 -3 -1  5  1 -3 -2 -2 1 1 1 50
-2  5 -1 -2 -3  0 -1 -3 -1 -2 -2  1 -1  2 -3 -1 -2 -2  0 -2 0 0 1 35
-1 -1  4  2 -3  0  0 -1  4 -3 -2 -1 -2  2 -2  1 -1 -2  0 -3 0 0 1 70
 2 -3 -3 -3  8 -2 -3 -2 -3 -1 -1 -2 -1 -2 -2  0 -1 -3 -2  1 0 0 1 20
-2 -3 -4 -3 -1 -3 -4 -4 -4  5  1 -3  1  0 -3 -3 -1 -3 -2  2 0 0 1 -5
-2  5  2 -1 -4  1  0 -2  0 -3 -3  2 -2 -3 -2 -1 -1 -3 -2 -3 0 0 1 35
-1  4 -1 -1 -3  1  1 -2 -1 -1 -2  2 -1 -3 -2  0  1 -3 -2  0 0 0 1 50
-2 -2 -3 -4 -3 -2 -3 -3  1 -1 -1 -2 -1  4 -3 -2 -2  2  7 -1 0 0 1 0
-1 -2 -3 -4 -1 -2 -3 -4 -3  3  3 -2  3  0 -3 -2 -1 -2 -1  3 0 0 1 15
 0  0  5  1 -3  0  0 -1  0 -3 -3  2 -2 -3 -2  0  0 -4 -2 -2 0 0 1 80
-2 -1  4  5 -3  0  1 -1 -1 -3 -4 -1 -3 -4 -2  0 -1 -4 -3 -3 1 1 1 45
-1 -2 -2 -2 -3 -2 -1 -2 -3 -3 -3 -1 -3 -4  8 -1 -1 -4 -3 -3 1 1 1 35
-1 -2 -2  2 -2 -2 -1 -3 -2  1  3 -2  3 -1 -3 -2 -1 -2 -2  2 1 1 1 85
 1 -1  2  0 -2  0  2 -1  5 -3 -3  0 -2 -2 -2  2  0 -3  0 -2 1 1 1 35
-2 -2 -2 -3 -3 -2 -2 -3  2 -2 -1 -2 -1  3 -3 -2 -2  2  7 -2 0 1 1 30
 0 -2 -1 -1 -3 -1  2  5 -2 -4 -4 -1 -3 -3 -2  0 -2 -3 -3 -3 0 1 1 85
 0 -1  0 -1 -1 -1 -1 -2 -2 -1 -1 -1 -1 -2 -1  1  5 -3 -2  0 1 1 1 65
 3 -1  0 -1 -1  0  0  0 -1 -2 -2  0 -1 -2 -1  3  1 -3 -2 -1 1 1 1 85
