-1 -4 -4 -4 10 -4 -5 -3 -4 -2 -2 -4 -2 -3 -4 -2 -2 -3 -3 -2 1 1 1 70
-1  2 -1 -1 -4  1  0 -2 -1 -3 -3  6 -2 -4 -2 -1 -1 -4 -3 -3 1 1 1 65
-3 -3 -3 -4 -3 -2 -3 -4  1 -2 -2 -3 -2  2 -4 -3 -2  2  8 -2 1 0 0 65
-1  3  0  2 -4  2  1 -2 -1 -3 -3  4 -2 -4 -2 -1 -1 -4 -2 -3 1 0 0 75
-3 -4 -4 -4 -3 -4 -4 -4 -2 -1  0 -4 -1  7 -4 -3 -3  0  2 -2 1 1 1 15
 0 -1  0  1 -3  3  3  2 -1 -3 -3  0 -2 -3 -2  0  0 -3 -2 -2 1 1 1 80
 2  0  4  0 -2  0  0 -1 -1 -3 -3  0 -2 -3  1  2  0 -3 -2 -2 1 1 1 70
-4 -4 -5 -5 -3 -3 -4 -4 -3 -4 -3 -4 -2  0 -5 -4 -4 12  1 -4 1 1 1 20
 0 -3 -1 -2 -3 -2 -3  6 -3 -4 -4 -2 -3 -4 -3 -1 -2 -3 -4 -4 1 1 1 80
 1 -1 -1  1 -3  1  4  1 -1 -3 -3  0 -2 -4  1  0 -1 -3 -3 -2 1 1 1 70
-1 -4 -4 -4 10 -4 -5 -3 -4 -2 -2 -4 -2 -3 -4 -2 -2 -3 -3 -2 1 1 1 20
-2 -2  1  7 -4 -1  1 -2 -2 -4 -4 -1 -4 -4 -2  0 -1 -5 -4 -4 1 1 1 70
 2 -1 -1 -2 -2 -1 -1  1 -2 -1  0 -1  0 -2  3  1  1 -3 -2  0 0 1 1 90
 2 -1  1  0 -2  0  0  2 -1 -2 -2  0 -1 -3 -2  1  2 -3 -2 -1 0 1 1 85
 0 -2 -1 -2 -1 -1 -1 -2 -2 -1 -2 -1  0 -3 -2  2  5 -3 -2 -1 0 1 1 70
 1 -2  1 -1 -3 -2 -2  6 -2 -4 -4 -2 -3 -4 -2  0 -1 -3 -3 -3 1 1 0 20
-1  0 -1 -2 -2  0 -1 -2 -2  0  1  0  1 -2 -2  1  4 -3 -2  0 1 0 0 10
-1  3 -1 -1 -4  1  0 -2 -1 -3 -3  6 -2 -4 -2 -1 -1 -4 -2 -3 1 0 0 10
 1 -1  2 -1 -1 -1 -1  0 -1 -1 -2 -1 -1 -3 -2  2  3 -3 -2  0 1 0 0 35
-2  7 -1 -2 -4  0 -1 -3 -1 -4 -3  2 -2 -4 -3 -1 -2 -3 -2 -3 1 0 0 10
 0 -1  0 -1 -2  2  0 -1 -1 -2 -2  0  1 -3 -1  3  3 -3 -2 -1 1 0 0 45
 0 -3 -1 -2 -3 -2 -3  6 -3 -5 -4 -2 -3 -4 -3 -1 -2 -3 -4 -4 1 0 0 10
 0 -2  0 -2 -1 -1 -2 -2 -2  1 -1 -1 -1 -2 -2  1  4 -3 -2  1 1 0 0 10
-2 -3 -4 -4 -2 -3 -4 -4 -3  1  5 -3  2  0 -4 -3 -2 -2 -2  0 1 0 0 -5
-1  2 -1 -1 -4  1  0 -2 -1 -3 -3  6 -2 -4 -2 -1 -1 -4 -2 -2 1 1 1 55
-1  4 -1 -1 -4  1  0 -2 -1 -3 -3  5 -2 -4 -2 -1 -1 -4 -2 -3 1 1 1 55
 5 -2 -2  0 -1 -1 -1 -1 -2 -1 -2 -1 -1 -3 -1  0 -1 -3 -2  0 1 1 1 15
-2  1 -3 -4 -2 -2 -3 -2 -3  1  4 -2  1  0 -1 -2 -2 -2 -2  0 1 1 0 80
-2 -2 -2 -4 -3 -2 -3 -3  3 -1  0 -3  3  5 -4 -2 -2  1  5 -1 1 1 0 45
-2 -1  6  3 -3  0  0 -1  2 -4 -4  0 -3 -4 -2  0 -1 -4 -2 -3 1 1 0 20
 5 -2 -2 -3 -1 -1 -2 -1 -2 -1  0 -1 -1 -2 -2  0 -1 -3 -2  1 1 1 0 70
-1 -1  1  3 -3  3  4 -2 -1 -3 -3  0 -2 -4 -2  0  1 -3 -2 -2 1 1 0 95
-1 -4 -4 -4 10 -4 -5 -3 -4 -2 -2 -4 -2 -3 -4 -2 -2 -3 -1 -2 1 1 1 5
 0  0 -1 -1 -3  5  3 -2  0 -3 -2  1 -1 -3  1  0  0 -3 -2 -2 1 1 1 60
 1  0  1  0 -2  2  3 -2  1 -3 -3  1 -2 -3  2  0  0 -3 -2 -2 1 1 0 30
-1 -2 -1 -2 -1 -1 -1 -2 -2 -1 -2 -1 -1 -3 -2  1  6 -3 -2  0 1 1 0 50
-1 -3 -4 -4 -1 -3 -3 -4 -4  4  1 -3  1 -1 -3 -2 -1 -3 -2  4 1 0 0 10
-1  2  0 -1 -2  1  0 -2  1 -2 -2  2 -1 -2 -2  2  2 -2  1 -2 1 0 0 65
 2 -3 -3 -3 -1 -2 -3 -2 -3  2  0 -2  0 -1 -2 -1 -1 -3 -2  4 1 0 0 0
 0 -1  0 -1 -1 -1 -1 -1 -2 -2 -2 -1  0 -3 -1  4  4 -3 -2 -1 1 0 0 45
-1  2 -1 -1 -4  1  0 -2 -1 -3 -3  6 -2 -4 -2 -1 -1 -4 -3 -3 1 0 0 45
-1 -3 -3 -2 -4 -2 -2 -3 -3 -4 -4 -2 -3 -4  8 -1 -2 -5 -4 -3 1 1 1 30
-1 -4 -4 -4 10 -4 -5 -3 -4 -2 -2 -4 -2 -3 -4 -2 -2 -3 -3 -2 1 1 1 70
