 0 -2  1  2  2 -1 -1 -1 -2 -3 -4 -1 -3 -3 -2  5  0 -4 -3 -3 1 1 1 65
-3 -2 -1 -3 -1 -1 -2 -1  9 -4 -3 -2 -3 -2 -1 -2 -3 -3  3 -4 1 1 1 80
-1 -3 -2  1  2 -2 -2 -1  4 -3 -3 -2 -2  1 -3  0 -2  2  6 -2 1 1 1 10
 0 -1 -1  2 -4  0  4  1  3 -3 -2  1 -2 -3  0 -1 -1 -3  0 -3 1 1 1 60
-1 -2 -1  2 -4  0  5  3 -2 -4 -4 -1 -3 -4 -2  0 -2 -4 -3 -3 1 1 1 40
-1 -3 -1  0 -3 -3 -3  6 -3  0 -3 -3 -3 -4 -3 -1 -1 -4 -4  0 1 1 0 25
-2 -3 -3 -3 -4 -3 -3 -4 -4 -3 -1 -2 -3 -4  8  0 -2 -5 -4 -3 0 1 1 25
 0 -1 -2 -2 -4 -2  0  6 -3 -5 -5 -2 -4 -4 -3 -1 -3 -4 -4 -4 0 1 1 10
 0  1 -1 -1 -3  1  2 -2  2 -3 -2  5 -2 -4 -2  1 -1 -4 -2 -2 0 1 1 40
-3 -2  8  0 -4 -1 -2 -2 -1 -5 -5 -2 -4 -4 -4  0  0 -5 -2 -4 1 1 0 5
-2 -3 -4 -5 -2 -3 -4 -5 -4  1  5 -3  3 -1 -4 -1 -2 -3 -2  0 1 1 0 10
-2 -3 -3 -3 -4  0 -2 -4 -4 -4 -2 -2 -4 -5  8 -1 -3 -5 -4 -4 1 1 0 20
-4 -4 -5 -5 -4 -5 -5 -5 -3 -1  0 -5 -1  8 -5 -4 -4 -1  2 -2 1 1 0 25
 0 -2  2  2 -2  1 -1 -1 -2 -4 -3  0 -3 -4 -1  5  0 -4 -3 -3 1 1 1 35
-1 -3 -3 -4 -2 -3 -3 -3 -4  3  1 -3  2 -1 -3 -2  1 -4 -2  4 1 1 1 0
-1  0  1  1 -4  2  5 -3  2 -4 -4  2 -2 -2 -2  0  0 -4 -2 -3 1 1 0 65
-3 -2  8  0 -4 -1 -2 -2 -1 -5 -5  0 -4 -5 -3  1 -1 -5 -4 -4 1 1 0 50
-2  4 -1 -2 -4  1  0 -3 -2 -4 -3  6 -1 -4 -2 -1  0 -4 -3 -3 0 0 1 10
-2 -1 -1 -4  0 -1 -3 -4  1 -3 -3 -3 -3  1 -4 -3 -2 10  5 -3 0 0 1 40
 0  5 -1 -2 -4  2 -1 -1 -2 -3 -2  3 -2 -3 -3 -1 -1  5 -2 -2 0 0 1 45
-2 -3 -4 -5 -2 -3 -4 -5 -4  1  5 -4  1  2 -4 -2 -2 -2 -1  0 0 0 1 0
-2 -1 -3 -4  0 -2 -3 -4 -3  0  4 -3  0 -1  0 -1  3 -3 -2  0 0 0 1 5
 3 -3 -3 -3 -1 -2 -2  0 -3  1  0 -2  1  0 -2  0  0 -3 -2  2 0 0 1 40
-2 -1 -1 -3 -2 -1 -2 -2 -2  1  2  1  5 -1 -3 -1  0 -2  1  0 0 0 1 35
-3 -1 -3 -4 -3 -2 -3 -4 -3 -1  1 -2  7  5 -4 -2 -1 -2  1 -1 0 0 1 5
 1 -3 -2 -3  5 -2 -3 -3 -3  1  0 -2  1 -2 -3  0  4 -3 -3  1 0 0 1 15
 1 -3 -4 -4 -2 -3 -3 -3 -3  2  3 -3  2  0 -3 -2 -1  1 -2  2 0 0 1 65
-3 -3 -2 -3 -4 -3 -4 -1  2 -2 -2 -4 -2  6 -5 -3 -3  0  7 -2 0 0 1 35
-2 -4 -4 -5  2 -4 -4 -4 -3  0  1 -4  1  7 -5 -3 -3 -1  1 -1 0 0 1 5
 0  0 -1 -1 -3 -2 -3  6 -3 -3 -2 -2 -3 -4 -3  0 -2 -4 -4 -2 0 0 1 5
 0 -2 -1 -2  0 -2 -2 -2 -2  0 -1 -2 -2 -1 -2  5  2 -4 -2 -2 0 0 1 45
 1 -2 -2 -3  0 -3 -3  6 -3 -4 -4 -2 -3 -4 -3 -1 -2 -4 -4 -3 0 0 1 -5
-3 -4 -4 -5  0 -4 -4 -4 -3  0  1 -4  1  7 -5 -2 -3 -1  1 -1 0 0 1 0
 4 -2 -2 -3 -2 -2 -2  2 -3 -2 -2 -2 -2 -3 -2  2  0 -4 -3  1 0 0 1 10
 3 -3 -3 -3 -1 -2 -2 -2 -3  1  1 -2  1  0 -2  0  0 -3 -2  1 0 0 1 20
-2 -4 -4 -3 -4 -3 -3 -4 -4 -4 -2 -3 -3 -5  8 -2 -1 -5 -4 -4 0 0 1 0
-4 -4 -5 -5 -4 -5 -5 -5 -3 -2 -1 -5 -1  8 -5 -3 -4 -1  2 -2 0 0 1 0
-3 -4 -4 -5 -3 -4 -4 -4 -3  1  3 -4  0  5 -4 -3 -2  2  1  1 0 0 1 35
 1  0 -3 -4 -2 -3 -3 -4 -3  4  1 -2  2 -1 -3 -2 -1 -3 -2  2 0 0 1 15
-1 -4 -4 -4 -2 -3 -3 -4 -4  2  1 -3  0 -1 -4 -3 -1 -4 -2  6 0 0 1 0
-3  7 -2 -3 -5  1 -1 -4 -1 -4 -3  2  0 -4  0 -2 -2 -4 -3 -4 0 0 1 25
-3 -2 -1 -3 -4 -1 -2 -4  9 -4 -3 -2 -3  1 -4 -3 -3 -2  4 -4 0 0 1 10
-2  0 -1 -2 -4  7  1 -3  3 -4 -4  0 -2 -4 -2 -1 -2 -3 -2 -4 0 0 1 5
-2 -3 -4 -5 -2 -3 -4 -5 -4  1  5 -3  4 -1 -1 -3 -2 -3 -2  0 0 0 1 5
-1 -3 -4 -4 -2 -3 -3 -4 -3  0  5 -1  1  0  0 -3 -1 -2  0  0 0 0 1 40
-2  1 -1 -2 -5  0  1 -3 -2 -4 -4  7 -3 -5 -2 -1 -2 -4 -3 -4 0 1 1 15
-2  1  1 -1 -4  3  1 -2 -1 -4 -3  6 -2 -4 -2 -1 -1 -4 -3 -3 1 1 1 90
