-1 -2 -2 -2 -3 -1 -1 -2 -2 -3 -3 -1 -3 -4  7 -1 -1 -4 -3 -2 1 1 1 95
-2 -2  1  6 -4  0  2 -1 -1 -3 -4 -1 -3 -4 -2  0 -1 -4 -3 -3 1 1 1 95
-1  2  0 -1 -3  1  1 -2 -1 -3 -2  5 -1 -3 -1  0 -1 -3 -2 -2 1 1 1 65
-2 -2  1  6 -4  0  2 -1 -1 -3 -4 -1 -3 -4 -2  0 -1 -4 -3 -3 1 1 0 95
-2 -3 -3 -4 -2 -3 -3 -3 -1  0  0 -3  0  6 -4 -2 -2  1  3 -1 1 1 1 55
-1 -3 -3 -3 -1 -3 -3 -4 -3  4  2 -3  1  0 -3 -2 -1 -3 -1  3 1 1 0 55
 0 -3 -3 -3 -1 -2 -2 -3 -3  3  1 -2  1 -1 -2 -2  0 -3 -1  4 1 1 0 70
-2  0  6  1 -3  0  0  0  1 -3 -3  0 -2 -3 -2  1  0 -4 -2 -3 1 1 1 80
-1 -2 -2 -2 -3 -1 -1 -2 -2 -3 -3 -1 -3 -4  7 -1 -1 -4 -3 -2 1 1 0 30
 1 -1  1  0 -1  0  0  0 -1 -2 -2  0 -2 -2 -1  4  1 -3 -2 -2 0 1 1 70
-2 -2  1  6 -4  0  2 -1 -1 -3 -4 -1 -3 -4 -2  0 -1 -4 -3 -3 0 1 1 60
-1 -2 -3 -4 -1 -2 -3 -4 -3  2  4 -2  2  0 -3 -2 -1 -2 -1  1 1 1 1 80
 0 -3 -3 -3 -1 -2 -2 -3 -3  3  1 -2  1 -1 -2 -2  0 -3 -1  4 1 1 0 50
-1 -2 -3 -4 -1 -2 -3 -4 -3  2  4 -2  2  0 -3 -2 -1 -2 -1  1 1 1 1 60
-2 -2  1  6 -4  0  2 -1 -1 -3 -4 -1 -3 -4 -2  0 -1 -4 -3 -3 1 1 0 70
-2  0  6  1 -3  0  0  0  1 -3 -3  0 -2 -3 -2  1  0 -4 -2 -3 1 1 0 95
-1  2  0 -1 -3  1  1 -2 -1 -3 -2  5 -1 -3 -1  0 -1 -3 -2 -2 1 1 1 50
 4 -1 -2 -2  0 -1 -1  0 -2 -1 -1 -1 -1 -2 -1  1  0 -3 -2  0 1 1 0 50
 4 -1 -2 -2  0 -1 -1  0 -2 -1 -1 -1 -1 -2 -1  1  0 -3 -2  0 0 0 1 60
-1 -2 -3 -4 -1 -2 -3 -4 -3  2  4 -2  2  0 -3 -2 -1 -2 -1  1 0 0 1 75
-1  6  0 -2 -3  1  0 -2  0 -3 -2  2 -1 -3 -2 -1 -1 -3 -2 -3 0 0 1 50
-2 -2  1  6 -4  0  2 -1 -1 -3 -4 -1 -3 -4 -2  0 -1 -4 -3 -3 0 0 1 50
-2 -2 -2 -3 -2 -1 -2 -3  2 -1 -1 -2 -1  3 -3 -2 -2  2  7 -1 0 0 1 75
-1 -2 -3 -4 -1 -2 -3 -4 -3  2  4 -2  2  0 -3 -2 -1 -2 -1  1 0 0 1 70
-1  6  0 -2 -3  1  0 -2  0 -3 -2  2 -1 -3 -2 -1 -1 -3 -2 -3 0 0 1 65
-1  1  0  0 -3  5  2 -2  0 -3 -2  1  0 -3 -1  0 -1 -2 -1 -2 0 0 1 50
-1 -3 -3 -3 -1 -3 -3 -4 -3  4  2 -3  1  0 -3 -2 -1 -3 -1  3 0 0 1 35
-2  0  6  1 -3  0  0  0  1 -3 -3  0 -2 -3 -2  1  0 -4 -2 -3 0 0 1 55
-1  0  0  2 -4  2  5 -2  0 -3 -3  1 -2 -3 -1  0 -1 -3 -2 -2 0 0 1 60
-2 -2 -2 -3 -2 -1 -2 -3  2 -1 -1 -2 -1  3 -3 -2 -2  2  7 -1 0 0 1 70
-2 -3 -3 -4 -2 -3 -3 -3 -1  0  0 -3  0  6 -4 -2 -2  1  3 -1 0 0 1 45
 4 -1 -2 -2  0 -1 -1  0 -2 -1 -1 -1 -1 -2 -1  1  0 -3 -2  0 0 0 1 35
-1 -3 -3 -3 -1 -3 -3 -4 -3  4  2 -3  1  0 -3 -2 -1 -3 -1  3 0 0 1 80
-1 -3 -3 -3 -1 -3 -3 -4 -3  4  2 -3  1  0 -3 -2 -1 -3 -1  3 0 0 1 75
 0 -2  0 -1 -3 -2 -2  6 -2 -4 -4 -2 -3 -3 -2  0 -2 -3 -3 -3 0 0 1 45
-1  6  0 -2 -3  1  0 -2  0 -3 -2  2 -1 -3 -2 -1 -1 -3 -2 -3 1 1 1 50
-1 -2 -2 -2 -3 -1 -1 -2 -2 -3 -3 -1 -3 -4  7 -1 -1 -4 -3 -2 1 1 0 60
-1  6  0 -2 -3  1  0 -2  0 -3 -2  2 -1 -3 -2 -1 -1 -3 -2 -3 1 1 1 75
-2 -3 -3 -4 -2 -3 -3 -3 -1  0  0 -3  0  6 -4 -2 -2  1  3 -1 1 1 1 95
-1 -1 -1 -1 -1 -1 -1 -1 -1 -1 -1 -1 -1 -1 -1 -1 -1 -1 -1 -1 1 1 1 85
