 2 -1  1 -1  0 -1 -1 -1 -1 -3 -3 -1 -2 -3 -1  4  1 -3 -2 -2 0 0 1 35
-3 -2 -2  4 -6  1  6 -3 -2 -5 -5 -1 -4 -5 -3 -2 -3 -5 -4 -5 0 0 1 45
 0 -1 -1  0 -4  6  2 -3  1 -3 -4  1 -2 -4 -3 -1 -1 -4 -2 -1 0 0 1 20
-2 -4 -4 -4 -2 -3 -4 -5 -4  3  4 -3  1  0 -4 -3  2 -3 -2  1 0 0 1 10
-1  1  2  3 -4  2  3 -1  0 -3 -3  1 -1 -3 -2  0  0 -4 -3 -3 0 0 1 40
-1  1  1  3 -4  1  4 -1  0 -4 -4  2 -2 -4 -2  1  0 -4 -2 -3 0 0 1 50
 1 -4 -4 -4 -2 -3 -3 -4 -4  2  0 -4  1 -2 -4 -2 -1 -4 -3  5 0 0 1 15
-3 -4 -5 -6 -3 -4 -5 -6 -5  1  6 -4  1 -1 -5 -4 -3 -3 -3  0 0 0 1 10
 1 -1  1  4 -1  1  2 -1  1 -4 -3  1 -2 -4 -2  2 -1 -4 -3 -3 0 1 1 60
 0 -2 -1 -1 -1 -1 -1  1 -2 -2 -3  0 -2 -4 -3  2  5 -4 -3 -2 0 1 1 55
-3 -4 -5 -6 -3 -4 -5 -6 -5  0  6 -4  1 -1 -5 -4 -3 -4 -3 -1 1 1 0 15
-1 -2  0 -2 -3 -1 -1 -2 -3 -3 -3 -1 -3 -4  2  3  5 -4 -3 -2 1 1 1 35
-1 -2 -1  3 -4  0  4 -3 -2 -4 -4 -1 -3 -4  5 -1 -2 -4  0 -4 0 0 1 85
-3  8 -2 -4 -6  0 -2 -4 -2 -5 -4  1 -3 -5 -4 -3 -3 -5 -4 -5 0 0 1 40
-3 -2 -2  0 -6  0  7 -4 -2 -5 -5 -1 -4 -5 -3 -2 -3 -5 -4 -5 0 0 1 10
 2  4 -2 -1 -3  2  3 -2 -1 -4 -3  2 -2 -4 -2 -1 -2 -4 -3 -3 0 0 1 10
-2  3  1  0 -4  1  2  0 -1 -4 -3  4  0 -3 -2 -1 -1 -4 -3 -3 0 0 1 25
-2 -4 -5 -5 -3 -4 -4 -5 -5  3 -1 -4 -1 -2 -4 -4 -2 -5 -3  6 0 0 1 0
-3 -4 -5 -5 -3 -4 -4 -5 -4  4  5 -4  1 -1 -4 -4 -2 -3 -3  1 0 0 1 0
-2  6 -2 -2 -4  1  1 -3 -2 -1 -3  3 -1 -4 -3 -1 -1 -4 -2 -3 0 0 1 25
-3 -3 -4 -5 -3 -1 -3 -5 -2  0  4 -2  7  0 -4 -3 -3 -3  0 -1 0 0 1 5
-4  8 -3 -4 -6 -1 -2 -5 -2 -5 -4  0 -4 -5 -4 -3 -3 -5 -4 -5 0 0 1 20
-4 -4 -3 -5 -4 -5 -5 -5 -2 -2 -2 -3 -2  8 -6 -4 -4 -1  4 -3 0 0 1 15
-2 -4 -2 -3 -5 -4 -4  7 -4 -6 -6 -4 -5 -5 -4 -2 -4 -5 -5 -5 0 1 1 0
-3 -4 -5 -5 -3 -4 -5 -5 -4  4  5 -4  1 -1 -4 -4 -2 -1 -2  0 0 1 1 25
-1 -2  0  4 -4  0  3  2 -2 -1 -2 -1 -2 -3 -3 -1 -1 -4 -2 -1 0 1 1 40
-3 -3  1  7 -1 -1  1 -2 -3 -3 -3 -2  3 -4 -3 -1 -1 -5 -4 -3 0 1 1 35
-1 -2  2 -1 -4 -2 -2  6 -2 -5 -3  0 -4 -4 -2 -1 -2 -4 -4 -4 1 1 0 20
-1  4 -1 -1 -2  2  0 -2  2 -3 -3  2 -2 -1 -3  1  2 -3  2 -2 1 1 0 35
 0 -2 -1  4 -2  1  1 -2 -1 -3 -3 -1 -1 -3  4  1  1 -4 -2 -2 1 1 1 45
-3  5 -2 -3 -5  0 -2 -4  7 -4 -2  2  0 -3 -4 -2 -3 -1  2 -4 1 1 1 15
-2 -3 -2 -3 -3 -3 -3 -4 -4 -3 -3 -3 -3 -4 -3  0  7 -5 -4 -2 1 1 1 35
-3 -4 -5 -6 -3 -4 -5 -6 -5  0  6 -4  0 -1 -5 -4 -3 -3 -3 -1 0 0 1 20
-3 -2 -2  2 -6  0  7 -4 -2 -5 -5  0 -4 -5 -3 -2 -3 -5 -4 -5 0 0 1 50
-3 -1 -2  0 -6  1  7 -4 -2 -5 -5 -1 -4 -5 -3 -2 -3 -5 -4 -5 0 0 1 35
-2 -4 -5 -5 -3 -4 -4 -5 -5  3  0 -4 -1 -2 -4 -4 -2 -5 -3  6 0 0 1 0
-2 -4 -2 -3 -4 -4 -4  7 -4 -6 -6 -3 -5 -5 -4 -1 -3 -5 -5 -5 0 0 1 5
-1  3 -1 -2 -4  3  0 -3 -1 -3 -2  5 -1 -4 -3 -1 -2 -4 -2 -3 0 0 1 70
-1  1 -1  0 -3  3  3 -3  1  0 -1  0  0 -2 -3 -1 -1 -3  1  0 0 0 1 60
-4 -5 -5 -6 -5 -5 -5 -5 -3 -2 -1 -5 -2  9 -6 -5 -4 -1  3 -3 0 0 1 35
-1 -2  4  3 -3 -1  0  4 -1 -4 -5  0 -3 -4 -3  0 -2 -4 -4 -4 0 1 1 75
-2 -4 -5 -5 -3 -4 -4 -5 -5  2  0 -4 -1 -2 -4 -4 -2 -5 -3  6 1 1 0 25
-2 -3 -2 -3 -3 -3 -3 -4 -4 -3 -3 -3 -3 -4 -3  0  7 -5 -4 -2 1 1 1 65
-4  8 -3 -4 -6 -1 -2 -5 -2 -5 -4  0 -4 -5 -4 -3 -3 -5 -4 -5 0 0 1 50
-3 -2 -2  0 -6  0  7 -4 -2 -5 -5 -1 -4 -5 -3 -2 -3 -5 -4 -5 0 0 1 45
-4  8 -3 -4 -6 -1 -2 -5 -2 -5 -4  0 -4 -5 -4 -3 -3 -5 -4 -5 0 0 1 40
-2 -5 -5 -5 -3 -5 -5 -6 -5  7  0 -5 -1 -2 -5 -4 -2 -5 -3  2 0 0 1 0
-4  8 -3 -4 -6 -1 -2 -5 -2 -5 -4  0 -4 -5 -4 -3 -3 -5 -4 -5 0 0 1 35
-3 -1 -2 -3 -5  9  0 -4 -2 -5 -5 -1 -3 -6 -4 -2 -3 -4 -4 -5 0 0 1 40
-3 -5 -5 -5 -3 -5 -5 -6 -5  8  0 -5 -1 -2 -5 -4 -3 -5 -3  1 0 0 1 5
-3 -2 -2  0 -6  1  7 -4 -2 -5 -5 -1 -4 -5 -3 -2 -3 -5 -4 -5 0 0 1 5
 5 -2  0 -2 -2 -1 -1 -1 -3 -3 -3 -1 -2 -4 -2  2 -1 -4 -3  0 0 0 1 30
-3  1 -2 -3 -5  0 -1 -4 -3 -2 -4  7 -3 -5 -3 -2 -3 -5 -4 -3 0 0 1 45
 6 -3 -3 -3 -2 -2 -3 -1 -3 -3 -3 -2 -3 -4 -3  0  1 -4 -3 -1 0 0 1 0
-3 -4 -5 -5 -3 -4 -4 -5 -4  1  5 -4  3 -1 -4 -4 -3 -3 -3  0 0 0 1 20
-1  7 -2 -3 -5 -1 -2 -3 -2 -5 -4  1 -3 -5 -4  0 -3 -5 -4 -4 0 0 1 50
-3  2 -2 -3 -5  0 -1 -4 -3 -5 -4  7 -3 -5 -3 -2 -3 -5 -4 -4 0 0 1 40
-3 -4 -5 -5 -3 -4 -5 -5 -4  1  6 -4  2 -1 -5 -4 -3 -3 -3 -1 0 0 1 10
-3  7 -2 -3 -5  1 -1 -4 -2 -4 -4  2 -3 -4 -3 -2 -3 -4 -3 -4 0 0 1 45
 0  0  1  0 -1  0  0  0  0 -1  0  0  0  0  0  0  0  0  1  0 0 0 1 65
-3 -2 -1 -3 -5 -1 -1 -4 10 -5 -4 -2 -3 -3 -4 -3 -3  0  0 -5 0 0 1 35
-2 -4 -4 -3 -5 -1 -2 -3 -4 -5 -5 -3 -4 -5  8 -3 -3 -5 -5 -4 0 0 1 10
 0  0  0 -2 -2 -1 -1 -2  1 -2 -3  0 -2 -3 -2  4  2 -4 -3 -1 0 0 1 40
-3  7 -2 -3 -3  0 -2 -4 -1 -5 -3  2 -2 -3 -4 -3 -3 -4 -1 -4 0 0 1 65
 2 -1  0 -2 -2 -1 -2  0 -2 -2 -2 -1 -2 -3 -2  5  0 -4 -3 -2 0 0 1 45
-1  4  1  2 -4  2  1 -1  0 -4 -4  4 -3 -4 -2  0 -1 -4 -3 -3 1 1 1 55
-1  2 -1 -2 -4  2  0 -1  1 -1 -2  4 -1 -2 -1  0 -1 -3  0 -1 1 1 1 35
-3 -4 -5 -6 -3 -4 -5 -6 -5  1  6 -4  1 -1 -5 -4 -3 -3 -3  0 1 1 0 10
-2  6 -1 -3 -5  1  0 -3 -1 -4 -3  5 -3 -5 -3 -2 -2 -4 -3 -4 0 0 1 40
-1 -3  0  5 -2 -1  1  2 -2 -4 -4 -2 -4 -4  0  2  0 -5 -4 -4 0 0 0 20
-4 -4 -4 -5 -4 -4 -5 -5 -2 -2 -2 -5 -2  7 -5 -4 -4  0  7 -3 0 0 0 20
-2 -4 -5 -5 -2 -3 -4 -5 -4  2  5 -4  2  0 -4 -3 -2 -3 -1  1 0 0 0 20
-3 -2 -1  6 -5  0  5 -3 -2 -5 -5 -1 -4 -5 -3 -2 -3 -5 -4 -5 1 1 1 75
