 0 -2  0 -1 -3 -2 -2  6 -2 -4 -4 -2 -3 -3 -2  0 -2 -3 -3 -3 1 1 1 65
 0 -1  0 -1 -1 -1 -1 -1 -2 -1 -2 -1 -1 -2 -1  2  4 -3 -2 -1 1 1 1 45
-1 -1  4  4 -3  0  1 -1 -1 -3 -3 -1 -2 -3 -2  0  2 -4 -3 -2 1 1 1 25
 2  0 -1 -2 -1 -1 -1  1 -2 -1  0  1 -1 -2 -1  1  0 -3 -2 -1 0 0 1 60
 2 -1 -1 -1 -2  1 -1  3 -2  0 -2 -1 -1 -2 -2  2  0 -3 -2 -1 0 0 1 65
 0 -1  3 -1 -2 -1 -1 -1 -1 -1 -1 -1  4 -2 -2  3  0 -3 -2 -1 0 0 1 30
-2  4 -1 -2 -4  2  0 -2 -1 -4 -3  5 -2 -4 -2 -1 -1 -4 -2 -3 0 0 1 20
 3  0 -1 -1 -2  0  2 -1 -1 -2 -3  2 -2 -3 -1  1  0 -3 -2 -2 0 0 1 80
 3 -2 -1  0 -1 -1 -1 -1 -2 -1 -1 -1  2 -2 -2  2  1 -3 -2  0 0 0 1 55
 0 -3 -3 -4 -2 -2 -3 -3 -3  1  2 -3  2  3 -3 -2 -1 -2  0  3 0 1 1 30
-1  0  2  1 -3  4  0 -2  5 -4 -3  2 -2 -3 -2  1 -1 -3 -1 -3 0 1 1 60
-3 -3 -3 -4 -4 -2 -3 -4  1 -2 -2 -3 -2  2 -4 -3 -3  1  8 -2 1 1 1 15
-2  1 -1 -1 -4  7  1 -3  0 -4 -3  0 -1 -4 -2 -1  1 -3 -2 -3 1 0 1 35
-2 -2  0  7 -4 -1  2 -2 -2 -4 -4 -1 -4 -4 -2 -1  0 -5 -4 -4 1 1 0 75
-1 -1  0 -1 -2  0  1 -2  4 -2 -2  1  0 -2 -2  2  2 -3 -1  0 1 1 0 55
 0 -3 -3 -2 -3 -2 -2 -3 -3 -4 -4 -2 -3 -4  8  0 -2 -5 -4 -3 1 1 1 35
-1  1  2  1 -3  0  1 -2  2 -3 -1  4 -2 -2 -2  0 -1 -2  1 -2 1 0 1 40
-1 -2  2  4 -3 -1  1  2 -1 -3 -4 -1 -3 -4  1  0  0 -4 -3 -3 0 1 1 90
-1 -1 -1  1 -3 -1 -1  5 -2 -4 -4  2 -3 -4 -2 -1 -2 -3 -3 -4 0 1 1 70
-1  2  1  1 -3  2  2 -2  2 -3 -3  3 -2 -3 -2 -1 -1 -3 -2 -3 1 0 1 35
-1  2  1 -1 -3  4  0 -2  1 -2 -1  3  3 -3 -2 -1  0 -3 -2 -2 1 1 1 40
-1 -5 -4 -5 10 -4 -5 -4 -4 -2 -2 -4 -3 -4 -4 -2 -2 -3 -4 -2 0 0 0 10
 2 -2 -1  0 -1 -1 -1 -1 -2 -1 -2 -1  1 -2 -2  3  0 -3 -2  0 0 0 0 30
-2 -2  5  3 -3 -1 -1  1 -1 -1 -3 -1 -2 -3 -2  0  1 -4 -3 -1 0 0 0 25
-1 -5 -4 -5 10 -4 -5 -4 -4 -2 -2 -4 -3 -4 -4 -2 -2 -3 -4 -2 1 0 1 5
 3  1 -1 -2 -2  2 -1 -1 -2 -1 -1  0  1 -2 -2  0  1 -3 -2  1 0 1 1 45
 1 -1  0 -2 -2  3  0 -2  3 -1  1 -1  0  0 -2 -1 -1 -1  3 -1 0 1 1 25
-3 -3 -4 -4 -3 -3 -4 -4 -1 -1 -1 -4 -1  7 -4 -3 -3  1  5 -2 1 0 0 10
-1 -2 -3 -3 -2 -2 -2 -3 -3  4  1  1  0 -1 -3 -2 -1 -3 -2  3 1 0 0 20
 0 -2 -2 -1 -3 -1  0 -2 -2 -3 -3 -1 -2 -3  7 -1 -1 -3 -3 -2 1 1 1 25
 1 -2 -1  1 -2 -1  0  5 -2 -3 -3 -1 -2 -3 -2  0 -1 -2 -3 -2 1 1 1 10
 1 -1 -1 -1 -2  0  1  1 -1 -2 -2  1 -2 -3  3  2  0 -3 -2 -2 1 1 0 65
 1 -1  2 -1 -1  0 -1 -1 -1 -2 -2  0  1 -2 -1  3  1 -3 -2 -2 1 1 0 30
 2 -1 -1 -1 -1 -1 -1  1 -2 -2 -2 -1 -2 -2  5  1  0 -2 -2 -1 0 1 1 80
 0 -1  0  2 -2  0  1  0 -1 -2 -2  0 -2 -2  2  2  2 -3 -2 -2 0 1 1 85
 3 -1 -1  2 -2  1  0  1 -2 -2 -2  0  1 -3 -1  0 -1 -3 -2 -1 1 1 0 30
 2 -2 -1  1  3  0 -1 -1 -2 -1 -2 -1 -1 -3  3  1  1 -3 -2  0 1 1 1 45
 0 -2 -1 -2 -3 -2 -2  6  2 -4 -4 -2 -3 -3 -2  0 -2 -3 -2 -3 1 0 1 5
 2  1 -1 -1 -2  0  1  1 -1 -2 -2  0 -2 -3 -2  2  2 -3 -2 -2 1 0 0 10
-1 -5 -4 -5 10 -4 -5 -4 -4 -2 -2 -4 -3 -4 -4 -2 -2 -3 -4 -2 1 0 0 15
 0  2 -1 -1 -3  2  0 -2  2 -3 -3  5 -2 -4 -2 -1 -1 -4 -2 -3 0 1 1 55
 1 -3 -3 -4 -1 -2 -3 -3 -3  3  2 -3  2 -1 -3 -2 -1 -3 -2  4 0 1 1 15
-1 -3 -4 -4 -2 -3 -3 -4 -4  4  1 -3  0 -1 -3 -3 -1 -3 -2  5 1 1 0 0
 3 -1 -2 -1 -2 -1  1  2 -2 -3 -3  0 -2 -3  3  0 -1 -3 -3 -2 0 1 1 50
-1 -3 -1 -2 -3 -3 -3  7 -3 -5 -5 -2 -4 -4 -3 -1 -2 -3 -4 -4 0 1 1 85
 0  0  1  2 -1  0  0  0  0  0 -1  0 -1 -1  0  1  1 -1 -1  0 1 1 1 0
 0  0  1  0  0  0  0  0  0 -1  0  0  0 -1  0  1  0  0  0  0 1 1 1 35
 1  0 -1 -1 -2  2  1 -1 -1 -2 -2  1 -1 -2  4  0 -1 -2 -2 -1 1 1 1 50
-2 -4 -4 -4 -2 -3 -4 -4 -4  5  1 -3  1 -1 -3 -3 -1 -3 -2  3 1 0 1 0
 1 -1  1  1 -2  1  0 -1  2 -3 -3 -1 -2  0 -2  4  0 -3 -1 -2 1 1 1 25
-2 -3 -3 -2 -4 -2 -2 -3 -3 -4 -4 -2 -4 -5  8 -2 -2 -5 -4 -3 0 1 1 10
-1 -1  4  1 -3  1  2  0  2 -3 -3  1  1 -3 -2  0  0 -4 -2 -3 0 1 1 40
-1 -3 -1 -2 -3 -3 -3  7 -3 -5 -5 -2 -4 -4 -3 -1 -2 -3 -4 -4 1 1 1 -5
-3 -3 -4 -5 -3 -3 -4 -4 -1 -3 -2 -4 -2  1 -4 -3 -3 10  6 -3 1 0 1 5
-1 -5 -4 -5 10 -4 -5 -4 -4 -2 -2 -4 -3 -4 -4 -2 -2 -3 -4 -2 1 1 1 5
-1  1  0  1 -2  1  0 -3 -1  1  0  0  2 -1 -2 -1  0 -2  0  1 0 1 1 50
 3  0 -2 -2 -1 -1 -2 -1 -2  1  0 -1 -1  1 -2  1  0 -3 -1  0 0 1 1 25
-3 -3 -3 -4 -3 -3 -3 -4  0 -2 -1 -3 -1  6 -4 -3 -3  6  6 -2 1 1 1 20
 1 -2 -1 -2 -1  0 -1 -2 -2  2  0 -1  0 -2 -2  2  1 -3 -2  2 1 1 1 50
-1  1 -2 -1 -3  1  1 -3 -2 -2 -2  2 -2 -3  6 -1 -1 -4 -3  0 1 0 1 50
-1  4 -1 -1 -4  1  0 -2 -1 -3 -3  5 -2 -4 -2 -1 -1 -4 -2 -3 1 1 1 65
-1  2  0 -1 -3  1  1 -2 -1 -3 -3  5 -1 -3 -1  0 -1 -3 -2 -2 1 1 1 95
