 0 -3 -1 -2 -3 -2 -2  6 -2 -4 -4 -2 -3 -3 -2 -1 -2 -3 -3 -3 1 1 1 95
 3 -1  4  0 -2 -1 -1  0  0 -2 -3 -1 -2 -3 -2  1  0 -3 -2 -2 1 1 1 70
 1 -2 -1 -1 -2 -2 -2  5 -2 -2 -2 -1 -2 -3 -2  1 -1 -3 -3  0 1 1 1 50
 2 -1  0 -1 -2  2  0 -1  3 -2 -2  0 -1 -2 -1  2  2 -3 -1 -1 1 1 1 50
 0 -1  3  0 -1  0  0 -1 -1 -3 -3  0 -2 -3 -1  4  2 -3 -2 -2 1 1 1 45
 0  2  3  0 -2  0  0 -1 -1 -2 -3  1 -2 -3 -2  2  2 -3 -2 -2 1 1 1 45
 0 -2  0  3 -2 -1  0 -1 -2 -3 -3 -1 -2 -3  5  2  0 -4 -3 -3 1 1 1 50
 0  1  0  0 -3  2  2 -2 -1 -3 -3  4 -2 -3 -1  0  0 -3 -2 -2 0 1 1 60
 0 -1  3  0 -2  0  2  1 -1 -3 -3  0 -2 -3 -1  2  2 -3 -2 -2 1 1 1 80
-1 -1  4  2 -2  0  0  1  3 -3 -3 -1 -2 -3 -2  2  0 -3 -1 -3 1 1 1 45
 0 -1  2 -1 -2  0 -1 -2 -1  0 -1 -1 -1  1 -2  2  0 -2 -1  1 1 1 0 5
-1  0  4  2 -3  3  1 -1  0 -3 -3  0 -2 -3 -2  2  0 -3 -2 -3 1 1 0 40
 0 -1  1  0 -2  0  2 -1 -1 -2 -2  0  0 -3 -1  3  1 -3 -2 -2 1 1 1 30
 0  1  2  0 -2  0  0 -1 -1 -3 -3  0 -2 -3 -1  4  1 -3 -2 -2 1 1 1 55
 0 -3 -1 -2 -3 -2 -2  6 -2 -4 -4 -2 -3 -3 -2  0 -2 -3 -3 -3 1 1 1 10
-2 -1  6  1 -3  0  0 -1  0 -4 -4  0 -2 -3 -2  0  0 -4 -2 -3 1 1 0 35
-1  0  3  1 -3  2  3 -1  0 -3 -3  0 -2 -3 -1  1  1 -3 -2 -2 1 1 1 55
 0 -3 -1 -2 -3 -2 -2  6 -2 -4 -4 -2 -3 -3 -2  0 -2 -3 -3 -3 1 1 1 90
 0 -1  1 -1 -1 -1 -1 -2 -2  0 -1 -1 -1 -2 -2  2  3 -3 -2  2 1 1 1 80
-1 -3 -3 -3 -1 -2 -3 -4 -3  4  1 -3  2  0 -3 -2  0 -3 -1  2 1 1 0 95
-1 -3 -3 -3 -1 -2 -3 -3 -3  3  1 -2  1 -1 -3 -1  1 -3 -1  3 1 1 0 70
-2 -1  6  1 -3  1  0 -1  0 -3 -3  0 -2  1 -2  0  0 -3 -1 -3 1 1 1 95
-2 -1  6  1 -3  0  0 -1  0 -4 -4  0 -2 -3 -2  0  0 -4 -2 -3 1 1 1 40
-2 -2 -3 -4 -3 -2 -3 -3  0 -1  0 -3 -1  5 -4 -2 -2  1  6 -1 1 1 0 80
-2 -2 -2 -3 -3 -2 -2 -3  2 -2 -1 -2 -1  3 -3 -2 -2  2  7 -1 1 1 0 35
 2 -1 -1 -2 -1 -1 -1 -1 -2 -1  0 -1  3 -1 -1  2  0 -2 -2  0 1 1 1 50
-1  0  5  1 -3  3  1 -1  0 -3 -3  0 -2 -3 -2  0  0 -3 -2 -3 0 0 1 70
-1  0  1  0 -3  5  1 -2  3 -3 -2  1 -1 -3 -2  1  1 -2 -1 -2 0 0 1 65
-2 -2 -2 -3 -3 -2 -2 -3  2 -2 -1 -2 -1  3 -3 -2 -2  2  7 -1 0 0 1 65
-1  0 -1 -1 -3  5  1 -2  1 -3 -2  1 -1  0 -2 -1 -1  0  4 -2 0 0 1 30
 0 -1  5  1 -3  0 -1  2  0 -3 -3 -1 -2 -3 -2  0  0 -4 -2 -3 1 1 0 35
 1 -1  0  0 -1  0  0  0 -1 -3 -3  0 -2 -3 -1  4  1 -3 -2 -2 1 1 1 25
-1 -3 -3 -3 -1 -3 -3 -4 -3  4  1 -3  2  0 -3 -2 -1 -3 -1  3 1 1 1 55
-2 -2  1  6 -4 -1  1 -2 -1 -3 -4 -1 -3 -4 -2  0 -1 -5 -3 -3 1 1 1 65
 2 -2 -2 -3 -1 -2 -2 -2 -2  1  2 -2  1  2 -2  0  0 -2  0  1 1 1 1 90
 1 -1  0  2 -2 -1  0 -1 -1 -3 -3 -1 -2 -3 -1  5  1 -3 -2 -2 1 1 1 85
 3 -1  1 -1 -1  0 -1  2 -1 -2 -2 -1 -2 -3 -1  1  1 -3 -2 -1 1 1 1 45
 0 -1  3  0 -2  2  1 -1  0 -2 -2  0  1 -3 -2  2  0 -3 -2 -2 1 1 1 50
 1 -2 -1 -2 -2 -2 -2  5 -2 -1 -3 -1 -2 -3 -2  1 -1 -3 -3 -2 1 1 1 35
 0 -2  1  1 -2 -1 -1  3 -2 -1 -2 -1 -1 -2  1  1  0 -3 -2  1 0 1 1 40
 1 -1  2 -1 -2  0  0  3 -1 -2 -3 -1 -2 -3 -2  0  2 -3 -2 -2 0 1 1 60
 2 -1  1  1 -1 -1 -1  0 -1 -1 -2 -1 -1 -2  1  2  1 -3 -2  0 1 1 1 45
 0 -2  0  0 -2 -2 -2  5 -2 -3 -3 -1 -3 -3 -2  1  1 -3 -3 -3 1 1 1 50
 1 -1  0  3 -2  0  1  1 -1 -2 -3 -1 -2 -3 -1  2  1 -3 -2 -2 1 1 1 50
 2 -1  1 -1 -1 -1 -1  2 -1 -2 -2 -1 -2 -3  1  2  2 -3 -2 -1 1 1 1 55
-1 -2 -1 -2 -2 -1 -1 -2 -2 -2 -3 -1 -2 -3  6  1  3 -4 -3 -2 1 1 1 40
 0  0  2  0 -3  1  2  1  4 -3 -3  2 -2 -3 -2  0 -1 -3 -1 -3 1 1 0 45
-1 -1  3  0 -2  0  0 -1 -1 -2 -2 -1 -2 -2  4  0  2 -3 -2 -1 1 1 1 40
-1 -1  4  0 -3  1  1 -1  0 -2 -2 -1 -2  2 -2  1 -1 -2  1 -2 1 1 0 35
 0 -2  1 -1 -2 -1 -2  5 -2 -3 -3 -1 -3 -3 -2  1  0 -3 -3 -3 1 1 0 10
 0 -1  1 -1 -2  3  0  1 -1 -2 -2  0 -1 -3 -2  2  3 -3 -2 -2 1 1 0 20
-1 -2 -3 -3 -2  0 -2 -4 -2  2  2 -2  1  2 -3 -2 -1 -2  0  2 1 1 1 0
 1 -1  1 -1 -1 -1 -1  0 -1 -1  1 -1  1 -2 -2  3  0 -3 -2 -1 1 1 1 10
-1 -2  4  3 -3 -1 -1  3 -1 -4 -4 -1 -3 -3 -2  1 -1 -4 -3 -3 1 1 1 20
-2 -3 -4 -4 -2 -3 -3 -4 -3  3  2 -3  1  3 -3 -3 -1 -1  0  2 1 1 1 0
-1 -2 -3 -3 -2 -2 -3 -3 -3  1  4 -3  1  0 -3 -1 -1 -2 -1  1 1 1 1 0
 0  0  0 -1 -2 -1 -2  5 -2 -3 -3 -1 -2 -3 -2  1  1 -3 -3 -3 1 1 1 15
 0 -2  2 -1 -2 -1 -1  2 -2 -1  1 -1  1 -2 -2  1  2 -3 -2 -1 1 1 0 20
 4 -2 -2 -2 -1 -2 -2 -1 -2  0 -1 -2 -1  2 -2  0 -1 -2 -1  0 1 1 1 0
 3 -2 -1 -1 -1 -1 -1  2 -2 -2 -2 -1 -2 -3 -1  3  0 -3 -2 -1 1 1 0 5
 0 -1  3  1 -2 -1  0  1 -1 -3 -3 -1 -2 -3 -2  4  0 -3 -2 -3 1 1 1 45
 4 -2 -2 -2 -1 -1 -1  0 -2  1 -1 -1 -1 -2 -1  1  0 -3 -2  0 1 1 0 5
-2 -3 -4 -4 -2 -3 -4 -4 -2  1  1 -3  0  6 -4 -3 -2  0  2  0 1 1 1 0
 1 -1  3  0 -2  0  0 -1 -1 -3 -3  1 -2 -3  2  2  1 -3 -2 -2 1 1 0 45
 1 -2  2 -1 -2 -1 -1  2 -1 -2 -3 -1 -2 -3  3  1  1 -3 -2 -2 1 1 0 40
 1 -2 -3 -3 -1 -2 -2 -2 -2  2  3 -2  3  0 -2 -1 -1 -2 -1  1 1 1 1 0
 2 -2 -1 -2 -1 -1 -2  2 -2 -1  0 -1 -1  1 -2  1  0 -2 -1  0 1 1 0 5
-1 -2 -2 -3 -2 -2 -2  0 -1  0  0 -2 -1  2  5 -2 -1 -1  2  0 1 1 0 30
 0 -2 -3 -3 -2 -2 -3  0 -3  1  4 -2  1  0 -3 -2 -1 -2 -2  0 1 1 0 25
-2 -2 -4 -4 -1 -2 -3 -4 -3  1  4 -3  2  0 -3 -3 -1 -2 -1  1 1 1 1 30
-1 -2 -3 -4 -1 -2 -3 -4 -3  1  4 -2  3  0 -3 -2 -1 -2 -1  1 1 1 1 60
