-2 -3 -3 -4 -3 -2 -3 -4 -3  0  2 -3  9 -1 -4 -3 -2 -3 -2  0 1 1 1 75
 0 -3 -2 -2 -3 -2 -2 -2 -3 -3 -3 -2 -3 -4  6  2  3 -4 -3 -2 1 1 1 80
-1  1 -1 -2 -3  4  0 -1 -1 -3 -3  3 -2 -4  2  2  2 -4 -3 -3 1 1 0 80
-1  0 -1  0 -3  1  0 -3 -2 -1 -3  4 -2 -4  3  0  1 -4 -3 -1 1 1 1 70
-3 -2  2  7 -5  0  2 -3 -2 -4 -5 -2 -4 -5 -1 -1 -1 -5 -4 -4 1 1 1 30
-3 -4 -4 -3 -5 -3 -3 -4 -4 -4 -2 -3 -4 -5  8 -3 -1 -6 -5 -4 0 1 1 30
-3 -6 -5 -6 11 -5 -6 -5 -5 -4 -4 -6 -4 -5 -5 -3 -3 -5 -5 -3 0 1 1 0
-2  0 -1 -2 -5  5  0 -3  4 -4 -4  5 -3 -4 -3 -2 -2 -4 -1 -4 0 0 1 55
 0  0 -2 -1 -3  1 -1 -3 -2 -2 -2  4 -1 -4  4  0 -1 -4 -3 -1 0 0 1 65
-1  1  0 -1 -4  4  2 -3 -1 -1 -1  0 -1  2 -3  0 -2 -2  1 -2 0 0 1 10
 6 -3 -3 -4 -2 -3 -3 -2 -3 -3 -3 -3 -3 -4 -3 -1 -2 -4 -4 -2 0 0 1 20
-3 -6 -5 -6 11 -5 -6 -5 -5 -4 -4 -6 -4 -5 -5 -3 -3 -5 -5 -3 0 0 1 40
 4  1 -2  2 -3 -1  2 -2 -2 -3 -3  1 -3 -4 -2 -1 -2 -4 -3 -2 0 0 1 45
-3 -5 -5 -5 -3 -4 -5 -6 -5  7  2 -4  0 -2 -5 -4 -2 -4 -3  1 0 0 1 10
-3 -1 -2 -2 -5  8  0 -4 -2 -5 -4 -1 -3 -6 -3 -2 -3 -4 -4 -4 0 0 1 60
 1  0  2  2 -3  0  0 -1  0 -3 -3  3 -2 -4 -2  1  1 -4 -3 -1 0 0 1 65
-3 -6 -5 -6 11 -6 -6 -5 -6 -4 -4 -6 -4 -5 -5 -3 -3 -5 -5 -3 0 0 1 15
-3 -4 -5 -5 -3 -4 -5 -5 -4  2  6 -4  1  1 -5 -4 -3 -3 -2 -1 0 0 1 10
-1  0  1 -2 -3  5  1 -3 -1 -2 -2  2  0 -2 -2  1  1 -3 -3 -3 0 0 1 50
 2  3 -1  2 -3  0  1 -1 -2 -3 -3  3 -3 -4 -2  0 -1 -4 -3 -3 0 0 1 75
-3 -2  8 -1 -5 -2 -2 -2  2 -5 -5 -1 -4 -5 -4  0  0 -6 -4 -5 0 1 1 25
-1  0  4  1 -3 -1 -1  3  0 -1 -1  1 -2 -3 -3  0 -1 -4 -3  0 0 1 1 70
-4 -4 -4 -5 -5 -4 -4 -5 -1 -3 -3 -4 -3  5 -5 -4 -4  0  8 -3 0 1 1 60
-1 -1  3  3 -3  3  0 -3 -2  0 -1  0  2 -3 -3 -1 -2 -4 -3  0 1 1 1 45
-2 -2 -2 -1 -5  2  6 -4 -2 -5 -5 -1 -4 -5  3  0 -2 -5 -4 -4 0 0 1 35
 0  0  0  0 -3  0  1  0 -2 -3 -4  0 -3 -4 -2  4  0 -4 -3 -2 0 0 1 60
-1  5 -2 -3 -5  0 -1 -3  0 -4 -4  5 -1 -5 -3 -2 -2 -5 -3 -4 0 0 1 60
-3 -6 -5 -6 11 -6 -6 -5 -6 -4 -4 -6 -4 -5 -5 -3 -3 -5 -5 -3 0 1 1 -5
 0  0 -1  0 -3  5  3 -3 -1 -3 -1  0 -2 -3 -2  0  1 -3  0 -2 0 0 1 30
 2  1 -1  3 -3  0  0 -1  1 -3 -3  3 -3 -3 -2  1 -1 -4 -1 -3 0 0 1 70
 1 -3 -1 -3 -1  0  0 -3 -3  1  0 -2 -1 -1 -3 -1 -1 -3  1  4 0 0 1 15
-3 -4 -5 -5 -3 -4 -5 -5 -5  6  2 -4  1  0 -4 -4 -2 -4 -2  2 0 0 1 5
-2  2  1  4 -4  4  4 -3 -1 -2 -4  0 -3 -4 -3 -1 -1 -4 -3 -3 0 0 1 40
 3 -2  1  2 -3  1  4 -2 -2 -3 -3 -1 -1 -4 -2  1 -1 -4 -3 -3 0 0 1 40
-3 -4 -5 -5 -3 -3 -4 -5 -4  1  5 -4  5 -1 -1 -4 -3 -3 -3 -1 0 0 1 10
-3  5 -3 -3 -4  1 -1 -4  1 -3 -2  0 -3 -1  0 -3 -3 -1  6 -2 0 0 1 25
 0  2  0 -1 -3  3  2 -3 -1 -2 -2  3  0 -3 -2  0 -1 -3 -1 -2 0 0 1 60
-3 -6 -5 -6 11 -6 -6 -5 -6 -4 -4 -6 -4 -5 -5 -3 -3 -5 -5 -3 0 0 1 5
-3 -6 -5 -6 11 -6 -6 -5 -6 -4 -4 -6 -4 -5 -5 -3 -3 -5 -5 -3 0 0 1 15
 2  1  0  0 -3  0  2 -2 -2 -1  0  2  0 -3 -2  0 -1 -3 -2 -1 0 1 1 70
 0  3 -1 -2 -4  3  1 -3 -2 -2 -1  4 -2 -4 -2 -1 -1 -4 -3 -2 0 1 1 65
-3 -3 -3 -4  4 -3 -4 -4  5 -3 -2 -4 -2  5 -1 -3 -3  5  5 -3 1 1 0 45
-1 -2  0 -2 -3 -2  0 -3  3 -2 -1 -2 -2  1  3 -2  1  2  6 -2 1 1 1 70
 0  1  0  0 -3  2  2  0 -1 -3 -3  4 -1 -2 -2  1 -1 -3  1 -3 0 0 0 40
 0 -1  1 -1 -3  1  2  2 -1 -3 -3  2 -2 -3  0  1  0 -3 -3 -1 0 0 0 65
-1  3  3  1 -3  1  0 -2 -1 -2 -3  2 -2 -2  0  1 -1 -3 -2 -1 0 0 0 30
-1 -2 -1 -2 -3 -2 -2 -2 -3 -4 -4 -2 -3 -4 -2  6  3 -4 -3 -3 1 1 1 0
-1 -2 -3 -3 -2 -2 -3 -4  3  2  2 -3  0  0  0 -1  0 -3 -1  3 0 0 1 60
-2 -4 -4 -5  9 -4 -5 -4  1  0 -2 -4 -2 -3 -4 -2 -2 -4 -3  4 0 0 1 20
-2 -5 -4 -5 11 -5 -6  1 -5 -3 -4 -5 -4 -5 -5 -3 -3 -4 -5 -3 0 0 1 -5
 0 -2 -1  2 -3 -1  1 -2 -2 -4 -3  0 -3 -4  3  4  0 -4 -3 -3 0 0 1 25
-1 -2 -2 -2 -4 -2 -3  6 -3 -5 -5  1 -4 -4 -3 -1 -3 -4 -4 -4 0 0 1 45
-1 -4 -4 -4 -3 -4 -4 -4 -3  3  0 -4  1  6 -4 -3 -3  2  2  0 0 0 1 5
-1  2  3  2 -4  0  3 -2 -1 -4 -4  2 -3 -4 -2  0 -1 -4 -3 -3 0 0 1 35
-1  1 -1 -1 -3  1  0 -3 -2  0  1  4 -1 -2 -2  0  0 -3 -2  0 0 0 1 65
-1 -1 -1  2 -3  0  4 -3 -1 -2 -3  0 -2 -4  3  0  0 -4 -3 -1 0 0 1 10
-2  2  0  1 -4  1  4 -3  2 -3 -3  2 -2 -2 -2 -1 -2 -2  2 -3 0 0 1 35
-1  3  1  1 -4  2  4 -2 -1 -4 -3  2 -2 -4 -2  0  0 -3 -2 -3 0 0 1 55
-1 -1 -1  1 -3  0  3 -2  4 -3 -2 -1 -2  0 -2  1 -1 -1  4 -2 0 0 1 55
-1  3  3 -1 -3  2  0 -2 -1 -2 -1  3 -1 -3 -2  0  1 -3 -2 -2 0 0 1 10
 0 -1 -1 -2 -2  2  1 -2 -2  0  2 -1  0 -1 -2  0  2 -2 -2  0 1 1 1 60
 0  0 -1  1 -2  0  1 -2 -2  0 -1  1 -1 -3  2  0  2 -3 -2  1 1 1 1 70
-1  0 -1  3 -3  0  0 -2  0 -1  1  2  1 -2  1  0 -1 -3 -2 -1 0 1 1 40
-1  1 -1 -1 -3  1  2  0 -1  0 -2  4 -1 -3 -2 -1 -1  2 -2 -1 1 1 1 65
 2 -2 -1 -2  1 -1 -1 -1 -2 -2  0 -1 -1 -2  4  2  0 -3 -2 -1 1 1 0 55
 3 -2 -1 -2 -1 -1 -1  3 -2 -1 -2 -1 -1 -3  0  1  2 -3 -2 -1 1 1 0 70
 1 -1  0  0 -2  0  2 -1 -1 -3 -3  0 -2 -3  3  3  0 -3 -2 -2 1 1 1 40
-1  3  0 -1 -4  2  2 -2 -1 -3 -3  4 -2 -3 -2  0 -1 -3 -2 -3 1 1 1 65
