 4 -2 -3 -3 -1 -2 -2 -1 -3  0 -1 -2 -1 -2 -2  0  0 -3 -2  3 1 1 1 85
-1 -2 -1 -2 -2 -2 -2 -3 -3 -1 -2 -2 -2 -3 -2  1  6 -4 -3  0 1 1 1 55
-2 -5 -4 -5 11 -4 -5 -2 -4 -3 -3 -4 -3 -4 -4 -2 -2 -4 -4 -2 1 1 1 10
-3 -3  0  7 -5 -1  1 -2 -2 -4 -5 -2 -4 -5 -3 -1 -2 -6 -4 -4 1 1 1 50
-2 -3 -4 -4 -2 -3 -4 -4 -4  2  4 -3  1  1 -4 -3 -2 -2 -1  2 1 1 1 60
-2 -3 -4 -4 -2 -3 -4 -4 -4  1  5 -3  2  1 -4 -3 -1  3 -1  0 0 1 1 70
 0 -2  0  0 -2  1 -1  0 -2 -3 -4 -1 -2 -4 -2  5  0 -4 -3 -3 0 1 1 65
 0 -2 -2 -2 -3 -2 -2  4 -2 -2 -1  0 -1  2 -1 -1 -2  6  0 -2 0 1 1 75
-1 -2 -2 -3 -2 -2 -1 -1 -2  0  1 -1  0  3 -3 -1  0  6  1  0 0 1 1 70
-1 -1  3 -1 -3 -1 -1  5 -2 -3 -3  1 -3 -3 -2  1  0 -3 -3 -3 1 1 0 40
-1 -3 -3 -4 -2 -3 -3 -4 -3  2  1 -3  0 -1  1 -2 -1  4 -1  4 1 1 1 55
-2 -1  6  1 -4  0 -1  3 -1 -4 -4  0 -3 -4 -3  0 -1 -4 -3 -4 1 1 1 35
-2 -1  1  3 -4  1  0 -3  8 -4 -4 -1 -3 -3 -3  0 -2 -4  0 -4 0 1 1 40
 3 -2 -1 -1 -1 -1 -1 -1 -2 -3 -3 -1 -2 -3 -2  4  2 -4 -3 -2 0 0 1 55
 5 -2 -2 -3 -1 -2 -2  0 -3 -1 -1 -2 -1 -3 -2  1 -1 -3 -3  0 0 0 1 60
-2 -5 -4 -5 11 -4 -5 -4 -4 -3 -3 -5 -3 -4 -4 -2 -2 -4 -4 -2 0 0 1 15
 5 -2 -2 -3 -1 -2 -2  0 -3 -2 -2 -2 -2 -3 -2  0 -1 -4 -3  0 0 0 1 15
 5 -2 -2 -3 -1 -2 -2  0 -3  1 -1 -2 -1 -2 -2  0  0 -3 -2  0 0 0 1 45
-3  0  2 -2 -4 -1 -1 -3  9 -4 -4 -2 -3 -2 -3 -2 -1 -3  2 -4 0 0 1 60
-2 -5 -4 -5 11 -4 -5 -4 -4 -3 -3 -5 -3 -4 -4 -2 -2 -4 -4 -2 0 0 1 0
-2 -3 -4 -4 -2 -3 -4 -4 -3  4  4 -3  1  0 -4 -3 -2 -2  0  2 0 0 1 55
 2 -2 -2 -2 -1 -1 -2  0 -2  0  1 -2  0  1 -2  1  1 -2  0  0 0 0 1 85
-2  4  0 -2 -3  0 -1 -3  0 -1  1  3  1 -2 -3 -1 -1 -3 -2 -1 0 0 1 65
-1  3 -1 -2 -4 -1 -2  6 -2 -4 -3  0 -3 -4 -3 -1 -2 -3 -3 -4 0 1 1 70
-2  2  2  0 -4  0 -1 -2  2 -3 -2  3 -2  2 -3 -1 -1 -1  3 -3 1 1 1 30
 1  5 -1 -2 -3  0 -1 -1 -1 -2 -2  3 -2 -3 -2  0  1 -3 -2 -1 1 1 0 65
-1 -3 -1 -2 -4 -3 -3  7 -3 -5 -5 -3 -4 -4 -3 -1 -3 -4 -4 -4 1 1 1 5
-1 -3 -1 -2 -4 -3 -3  7 -3 -5 -5 -3 -4 -4 -3 -1 -3 -4 -4 -4 1 0 0 10
-1  2 -2 -3 -3  0 -2 -3  4 -3 -2 -1 -2  1 -3 -1 -2  0  7 -3 1 0 0 40
-2 -5 -4 -5 11 -4 -5 -4 -4 -3 -3 -5 -3 -4 -4 -2 -2 -4 -4 -2 1 0 0 20
-2  0  6  0 -3 -1 -1 -1 -1 -3 -3  1 -2 -4 -2  1  1 -4 -3 -2 1 1 1 30
 0 -1  3  2 -3 -1  0  2 -1 -3 -3  1 -2 -3 -2  2  0 -4 -3 -3 0 1 1 90
-1  1  0  1 -2  2  1 -2 -1 -2 -2  3 -1 -3 -1  0  1 -3 -2 -2 0 1 1 80
 2  1 -1 -2 -2 -1 -1  4 -2 -3 -2  1 -2 -3 -2  0 -1 -3 -3 -2 1 1 0 35
-1 -3 -4 -4 -2 -3 -3 -4 -4  3  1 -3  0 -1 -3 -2  0 -4 -2  5 1 1 1 50
-2 -5 -4 -5 11 -4 -5 -4 -4 -3 -3 -5 -3 -4 -4 -2 -2 -4 -4 -2 1 0 0 15
-1 -2 -1 -3 -2 -1  0 -4  2  3  0 -2  0 -2 -3 -2  0 -3 -2  4 1 0 0 30
-2 -5 -4 -5 11 -4 -5 -4 -4 -3 -3 -5 -3 -4 -4 -2 -2 -4 -4 -2 1 0 0 25
-2  7 -1 -3 -5  0 -1 -3 -1 -4 -3  2 -2 -4 -3 -2 -2 -4 -3 -4 1 1 1 50
-2  3  3 -1 -4  1  1 -2  0 -3 -3  4 -2 -4 -2  0  1 -4 -2 -3 1 1 1 85
