-1 -2 -3 -4 -2 -2 -3 -4 -3  1  4 -2  5  0 -3 -2 -1 -2 -1  1 1 1 1 90
-3 -4 -4 -4 -5 -3 -3 -4 -4 -5 -5 -3 -5 -6  9 -2 -3 -6 -5 -5 1 1 1 70
 2 -3 -4 -4 -5 -3 -3 -4 -4 -5 -5 -3 -4 -6  8 -1 -2 -6 -5 -3 1 1 1 60
-2  4 -2 -3 -4 -1 -2 -4 -2 -1 -1  4 -1 -3 -3  1 -2 -4 -3  3 1 0 0 25
-2 -2 -3 -3  2 -1 -2 -4  0  0  2  3  0  3  1 -2  0 -3 -1  0 1 0 0 35
-1  0 -1  0 -5  2  5 -3 -1 -4 -3  2 -2 -3 -3 -2  0 -2 -2 -2 1 0 0 45
-3  0 -5 -5  1 -2 -3 -5 -4  0  5 -2  0 -1  0 -4 -3  1 -3  0 1 0 0 40
-2  0  0  3 -4  2  4 -3 -2 -2 -2  1 -2 -4 -3 -2 -2 -5 -3  2 1 0 0 20
-2 -3  1  1 -5 -2 -3  6 -4 -5 -4 -2 -3 -5 -4 -2 -1 -5 -5 -5 0 1 1 35
-3  2  5  2 -4  0  0 -2 -2 -4 -4  4 -2 -5 -3  0  0 -5 -4 -3 0 1 1 5
-2  0 -1 -3 -5  2 -1 -4 -1 -3 -4  7 -2 -5 -3 -2  0 -5 -4 -2 1 0 0 5
-6 -6 -7 -7 -5 -5 -5 -6 -5 -5 -4 -6 -4 -2 -7 -6 -5 13  0 -3 1 0 0 15
-1  2 -1 -1 -1  0 -1 -3 -2  2  0  0  1  2 -3 -1  1 -2  0  1 1 0 0 20
-2 -5 -5 -5 -3 -4 -5 -5 -5  5  0 -4 -1 -3 -4 -4 -2 -5 -3  6 1 0 0 -5
-2 -2 -2  0  1  1  7 -4 -2 -4 -4  0 -4 -5 -3 -2 -3 -5 -4 -4 1 0 0 10
-4 -3  7 -2 -5 -2 -3 -2  5 -5 -5 -1 -4 -1 -4 -1 -3  0  5 -5 1 0 0 10
-2 -2 -3 -4 -5  6 -2 -4  3 -4 -3 -1 -3  4 -4 -3 -3 -1  5 -4 1 0 0 10
-1  0 -1  2 -3  0  4 -2  2 -1 -3  2 -2 -3 -2  0  1 -4 -2  1 0 1 1 55
-2 -2  5  2 -4  0 -1  3 -1 -5 -5  1 -4 -5 -3  1 -2 -5 -4 -4 1 1 0 75
 0  1  4  1 -3  1  2  0  0 -2 -3  0 -2 -4  0  0 -1 -3 -3  0 1 1 1 35
 0  1  1  0 -1  2  0  0  1 -3 -3  2 -2 -3  1  2  1  0 -2 -2 1 1 0 95
-1 -2  4  3 -4  1  3  0 -1 -3 -3  0 -3 -4 -2  1  0 -4 -3 -1 1 1 0 70
-2 -3 -2 -4 -2 -3 -3 -4 -4  3  3 -3  0 -1  2 -2  0 -3 -2  1 1 1 1 30
-2 -3 -3 -1 -2 -2 -1 -4 -4  3  1 -1  0 -2 -3 -2  0 -4 -3  4 1 0 0 10
-2 -3 -3 -1 -3 -2  1 -4 -3  4  1 -2  1 -1 -3 -2  1 -3 -2  2 1 0 0 30
-1 -3 -1  3 -3 -1  2 -3 -3  3  0 -2 -2 -3 -1  1 -1 -4 -3  0 1 0 0 0
-2 -1  2  4 -4  2  3 -2  0 -2 -4  0 -3 -4  0 -1 -2 -5 -3 -2 1 0 0 65
 2 -3 -2 -3  2 -2 -1  0 -3  0 -1 -2  0 -3 -1 -1  4 -4 -3  2 1 1 1 10
-1 -2  2  2 -4  2  5 -2  1 -4 -4  0 -3 -5 -1  1  0 -4 -3 -4 1 1 1 55
-2 -2 -2 -2 -3 -1 -1 -4  0  1  3  1  5 -1  2 -1 -1 -3 -2 -1 0 1 1 65
-2  2  3  1 -4  1  0 -1  1 -4 -3  4 -3 -4 -3  0  0 -4 -3 -4 0 1 1 50
-3 -1  2  0 -5  7  2 -4  5 -5 -5 -1 -3 -5 -3  0 -3 -4 -3 -5 1 1 1 5
 1 -1 -2 -2 -2 -1 -2 -1  0  0 -1 -1 -1 -3 -2  3  2 -4 -2  2 1 0 0 10
 0 -4 -4 -4  0 -3 -3 -4 -4  3  0 -3  0 -2 -3 -3 -2 -4 -3  5 1 0 0 0
-3  0  1 -3 -1  0 -2 -3  2 -2  1 -2 -1  3 -3 -2 -1 -1  6 -2 1 0 0 25
-2 -4 -4 -4 -3 -4 -4 -4 -4  6  1 -4  2 -2 -4 -3 -2 -4 -3  3 1 0 0 0
-2  0 -2 -3  2 -2 -1  1  1 -1 -1 -2 -2  4 -3  1 -1 -1  4 -2 1 0 0 0
-1  2  3  0 -1  1  1  2  1 -4 -3  3 -2 -4 -2  0 -1 -3 -3 -3 1 0 0 35
-3 -5 -5 -5 11 -5 -6 -5 -5 -4 -4 -5 -4 -5 -5 -1 -2 -5 -2 -3 1 0 0 0
-1 -1  3  0 -2  1  2 -2  0 -1 -2  1 -2 -1 -2  1  0 -3 -2  0 1 0 0 25
-2 -1  6  3 -4 -1  0  2  1 -5 -5  1 -4 -5 -3 -1 -2 -5 -2 -4 1 0 0 50
 0 -3 -2 -3  5 -2 -3 -2 -3  0 -2 -3 -2 -4 -3  4  3 -4 -3  1 1 0 0 0
-1 -2 -2 -3 -2 -2 -1 -2 -3  0 -1  1  0 -1 -3 -1  5 -4  0  2 1 0 0 35
-3 -4 -5 -5 -3 -4 -4 -5 -4  5  3 -4  0  1 -4 -4 -2 -4 -2  3 1 0 0 0
-2  0  0 -2 -4  5  0 -3  1  1 -1  1 -1 -3 -2 -1  1 -4 -3  0 1 0 0 25
-1 -5 -5 -5 -3 -4 -5 -5 -5  6  1 -4  2 -2 -4 -4 -2 -4 -3  4 1 0 0 0
-1  1  1 -2 -5  0  0 -2  0 -4 -4  5 -3 -5  3 -1 -1 -5 -4 -4 1 0 0 40
-1 -4  1 -1 -4 -3 -2  6 -3 -5 -5 -3 -4 -5 -4 -1 -2 -4 -4 -2 1 1 0 30
-3  1 -3 -3 -5 -1 -2 -4 -3 -5 -5  7 -4 -5 -1 -3 -3 -5 -4 -5 1 1 1 45
 2 -4 -4 -4  2 -3 -3 -1 -4  3  0 -3  0  0 -3 -1  0 -4 -2  4 1 0 1 -5
-2 -1  7 -1 -5 -2 -2 -1 -2 -5 -5  1 -4 -5 -4 -1 -1 -6 -4 -2 1 1 0 0
 3 -2  1 -2 -1  0 -2  0 -3 -4 -4 -1 -2 -4 -3  4  0 -4 -3 -3 1 0 0 15
-3 -5 -5 -2 -3 -4 -4 -5 -5  6  1 -4 -1  0 -4 -4 -2 -4 -3  4 1 0 0 0
 0 -3 -1 -3 -1 -1 -2 -3 -3  0 -2 -2 -1 -1  0  3  4 -4 -3  0 1 0 0 20
-2 -2 -4 -4 -2 -3 -4 -4 -4  3  3 -3  3  0 -4 -3 -2 -3 -2  4 1 0 0 0
-2 -2  1  6 -4  0  2 -3  0 -2 -2 -2 -3 -3 -3  0 -1 -5 -3  0 1 0 0 10
-1  1  5 -1 -3  0  1  1 -1 -4 -4  1 -1 -4 -3  2 -1 -4 -3 -3 1 0 0 50
-2 -4 -3 -4 10 -1 -4 -4 -4 -3 -3 -4 -3 -4 -4  0  1 -4 -4 -3 1 0 0 0
-1  0  1  1 -3  1  1 -2 -1 -2 -3  4 -2 -3 -1  0  1 -4 -3 -1 1 0 0 45
-2  3  3 -1 -4  0 -1  0 -1 -4 -4  5 -1 -4 -1  0 -2 -4 -3 -3 1 0 0 25
-1 -3 -2 -3  4 -2 -3 -2 -3  1  1 -2  1  1 -3  0  3 -3 -2  2 1 0 0 0
 0  0  1 -1 -2  1  0  2 -2 -1 -3  0 -2 -3 -2  3  1 -3 -3 -2 1 0 0 35
-2 -3 -4 -4 -1 -3 -4 -4 -4  2  4 -3  0  0 -3 -3 -2 -3 -2  4 1 0 0 0
-1 -3 -1 -3 -1  0  0 -3 -3  2  1 -2  0 -1 -3 -1 -1 -3 -2  4 1 0 0 15
-2 -3 -4 -4  1 -3 -3 -4 -3  1  2 -3  0  5 -1 -3 -2 -2  0  3 1 0 0 0
-1 -2  2  6 -4  1  2 -1 -2 -4 -4  0 -3 -4 -2 -1 -1 -4 -3 -3 1 1 0 20
-1 -2  2  3 -3 -1 -1 -1  0 -3 -3 -1 -3 -3 -2  4  1 -4 -2 -2 1 1 1 5
 0 -3 -3 -3  2 -3 -3 -3 -3  1  3 -1  0 -2 -3  0  0 -3 -2  3 1 0 1 0
-1 -4 -4 -4 -2 -3 -4 -4 -4  4  0 -4  0 -2 -4 -3 -2 -4 -3  5 1 1 0 45
 2 -2 -1 -2 -2 -2 -2  3 -2 -3 -3 -2 -2 -3 -2  5  0 -3 -3 -2 1 1 0 0
 1 -2 -1 -2 -1  0 -1  2 -2  1 -2 -1 -2 -2  1  3  1 -3 -1  0 1 1 1 0
-1 -3 -3 -3  2 -2 -3 -2 -3  2  2 -3  2  1 -3 -2 -1 -2 -1  3 1 0 0 0
-1  0 -1  3 -1  0  5 -3 -2 -4 -4 -1 -3 -4 -2  0 -2 -4 -3 -3 1 0 0 30
-1 -3 -3 -3 -2 -3 -3 -3 -3  4  1 -3  0  2 -3 -2  0 -3 -1  4 1 0 0 0
-1 -3 -1 -3 -2 -2 -3 -3 -3  4  0 -2  0 -2 -3  0  2 -3 -2  3 1 0 0 30
-1  0  5  1 -3  0 -1  0  0 -3 -3  3 -3 -3 -2  1 -1 -4 -3 -3 1 0 0 45
 0 -2 -2 -3  8 -2 -3 -2 -3 -3 -1 -2 -2 -3 -3  3  1 -3 -3 -2 1 0 0 -5
-1  1  2  0 -3  3  1 -1  0 -2 -2  2 -2 -2  2  0  0 -3 -1 -2 1 0 0 20
-1  2  3  2 -3  0 -1  0 -1 -3 -3  2 -2 -3 -2  3  0 -3 -1 -3 0 1 1 65
-1 -3 -3 -3  2  0 -3 -3 -2  2  0 -3  0  4 -3 -1 -1 -2  0  3 1 0 0 0
 1  0 -1  0 -3  4  2  1 -1 -2 -2  2  0 -3 -2 -1  0 -3 -2 -2 1 0 0 15
 0 -3 -3 -3  1 -2 -3 -3 -3  3  2 -3  2  0 -3 -2 -1 -3 -2  3 1 0 0 0
-2  1 -2 -2 -4  7  0 -3 -1 -3 -1  0 -2 -3 -3 -1  0 -3  1 -3 1 0 0 35
-2 -3 -3 -4  5 -3 -3 -4 -4  2 -1  0 -1 -3 -3  0  0 -4 -3  5 1 0 0 0
 0  0  0  0 -2  1  2 -2  0  0  1  0  2 -2 -2  0  1 -3 -2 -1 1 1 0 35
-2  0  0 -1 -4  0  0  4  1 -4 -4 -1 -3 -2 -3  0 -1 -2  4 -2 1 1 0 40
 1  1  1 -1 -3  0  0 -2  0 -1 -2  2  0  0 -3  1  1 -3 -1  0 1 1 1 25
 1 -4 -4 -5  5 -4 -4 -4 -4  1  1 -4  1 -3 -4 -2  0 -4 -3  5 1 1 1 0
-2 -2 -4 -4  0 -2 -4 -5  0 -5 -4 -2 -5 -6  8 -1 -4 -6 -5 -5 1 1 0 40
 0 -3 -2 -2  0  0  0 -2 -3 -1 -3 -2  1 -4 -3  2  5 -4 -3 -1 1 0 0 0
-1 -4 -5 -5  0  0 -4 -5 -5  6  1 -4 -1 -1 -4 -3 -2 -4 -3  3 1 0 0 -5
 1 -2  0 -1 -3  0 -2 -3  0 -2  0 -2  2 -3 -3  4  2 -3  1 -1 1 0 0 15
-2  0 -5 -5  0 -4 -4 -5 -5  6  1 -4  1 -1 -4 -2 -2 -4 -3  3 1 0 0 0
-2 -3  3  7 -5  0  1 -3 -3 -5 -6 -3 -5 -6 -4 -1  0 -6 -5 -5 1 0 0 25
-2  1  1 -3 -5  3 -1 -3 -2 -4 -4  6  0 -4 -3 -1 -2 -4  1 -2 1 1 0 50
-2 -4 -3 -3  5 -3 -3 -4 -4 -1 -3 -3  0 -4 -3  3  4  4 -3  1 1 1 1 -5
-2 -3  1  6 -5  0  1 -3 -2 -3 -5 -2 -4 -5 -3  1  1 -6 -5 -3 1 0 0 45
-2 -3  0  0 -2  0  0  6 -3 -5 -5 -2 -4 -5 -4  2 -1 -5 -5 -4 1 0 0 15
 0 -1 -1 -4  6 -3 -4  1 -3  1 -1 -3 -2  2 -4 -2 -2 -3  1  2 1 0 0 -5
-1  0  0 -1 -3  3  0 -1  4 -1  0  1  0 -1 -3  0  0 -3 -2 -1 1 0 0 35
-1 -3 -3 -3  4 -2 -3 -3 -3  2  1 -3  3  2 -3 -2  1 -2 -1  2 1 0 0 -5
-3 -4 -4 -4 -5 -4 -4 -5  4 -2 -3 -4 -3  4 -5 -4 -4  4  8 -3 1 0 0 35
-3 -4 -5 -5 -3 -4 -5 -6 -5  1  5 -4  0  2 -5 -4 -3 -3 -2  2 1 1 1 0
 0 -3  1 -2 -3 -2 -2  0  2 -4 -2 -2 -1 -4 -1  5  1 -5 -3 -3 1 1 1 10
-1  1 -1 -1 -4  2  3 -3 -2 -4 -4  5 -3 -4  0  0 -2  1 -3 -4 1 1 0 55
 0 -1  1  3 -4  2  4 -2 -2 -4 -4  1 -3 -5  0  0 -2 -5 -4 -3 0 1 1 60
 2 -2  2 -1  4 -2 -2  0 -3 -4 -4 -1 -3 -4 -3  5  0 -4 -3 -3 0 0 0 0
 0  0 -3 -3 -2 -1 -2 -3 -3  2  3  0  1 -1 -2 -1  0 -1 -2  1 0 1 1 30
-1 -1  3  4 -4  1  2  1  0 -4 -3  0  0 -4 -1  0 -1 -4 -2 -3 0 1 1 90
 1 -3 -2 -3  6 -3 -3 -3 -3  0 -2 -3 -1 -2 -3  1  4 -4 -3  1 1 1 1 10
-2  0 -1  1 -4  2  5 -3 -2  0 -3  0 -3 -4  0  0 -1 -4  0 -3 1 0 0 50
-1 -4 -4 -4 -3 -4 -4 -5  0  5  1 -4  1  2 -4 -3 -2 -3 -2  3 1 0 0 25
-2 -1 -2 -4 -3 -3 -3 -4  1  2  0 -3 -1  4 -4 -2  2 -2  1  4 1 0 0 30
 0 -1 -1 -3 -3 -1 -2 -2 -2 -3 -3 -2 -2 -4 -3  3  6 -5 -3 -1 1 0 0 40
 4  0 -2 -3 -2 -2 -2 -2 -3 -2 -3 -1 -3 -4 -3  5 -1 -4 -3 -1 1 0 0 50
-2  0 -2 -3  5 -1 -2 -1 -3 -2 -2  6  0 -4 -3 -1 -2 -4 -4 -3 1 1 0 70
 0 -3 -2 -3  5 -2 -2 -3 -3 -3 -4 -1 -3 -4 -3  5  2 -5 -2 -1 1 1 1 5
 0 -1 -1  0 -3 -2 -2 -2 -3 -4 -2 -2 -1 -4 -3  6  2 -5 -4 -3 1 0 0 30
 2 -2  1  1 -3 -1  4  1 -2 -2 -4  0 -3 -4 -3  1 -1 -4 -3 -3 1 0 0 45
-2 -3 -1 -5 -3 -3 -4 -5 -4  3  1 -1  7 -1 -4 -3 -2 -4 -3  3 1 0 0 0
-4 -3  8  0 -2 -1 -3 -3 -2 -5 -5 -3 -4  0 -4 -2 -2 -6 -4 -2 1 0 0 15
-2 -4 -5 -5 -3 -4 -4 -5 -5  4  1 -4 -1 -1 -4 -2 -2 -4 -3  5 1 0 0 5
-1 -1  3 -2  1 -2 -2 -3  2 -1  2 -2  3 -2 -3  1  0 -3 -1  0 1 0 0 0
-1 -4 -4 -5 -2 -4 -4 -5 -3  3  2 -4  1  3 -4 -3 -1 -3  1  4 1 0 0 15
-1 -1 -1 -3 -4 -1 -3 -4 -3 -2 -1 -3 -2 -4  8 -2 -3 -5 -4 -2 1 1 0 5
 1  0  0  0 -2  0  0  0 -2  0  0  0 -1 -2  2  0  1 -3 -2  0 1 1 1 45
 0 -1  1  1  0  0  1  3 -2 -3 -3  0 -2  0  0  0 -1 -1 -2 -2 1 1 0 30
-1 -1 -1  2 -4  1  5 -1 -1 -3 -3  0  1 -4  1 -1 -1 -4 -3 -3 0 0 0 75
-2 -2  3  5 -4 -1  2  0 -2 -4 -4  0 -4 -4 -2  1  0 -5 -4 -4 0 0 0 75
-1 -2  0  4 -4  0  2  4 -2 -5 -5 -2 -4 -4 -3  0 -2 -1 -4 -4 0 0 0 55
-3 -3  0  7 -5  0  2 -3 -1 -4 -5 -2 -3 -5 -3 -2 -3 -6 -4 -3 1 1 1 50
-2 -3 -3 -3 -1 -2 -2 -4 -1  0 -1 -1  1  4  0 -1 -1  5  5 -1 1 1 1 50
 0  1  0 -2 -3  0  0 -2  0  1 -1  3  0 -3 -3 -1  1 -4 -2  2 1 0 0 35
-3 -3 -3  2 -6 -1  7 -5 -3 -6 -6 -2 -5 -6 -4 -3 -3 -6 -5 -5 1 0 0 50
-2  0 -2 -3  2 -1 -2 -4  4  0  1 -1  1  3 -4 -2  0 -2  2  0 1 0 0 45
 3 -4 -2 -4 -3 -3 -3 -3 -4 -4 -4 -3 -4 -5  7 -1 -1 -6 -5 -3 1 0 0 65
-2 -4 -4 -4 -2 -4 -4 -5 -4  4  3 -4  1 -2  0 -3 -2 -4 -3  4 1 1 1 25
-1 -4 -4 -4 -5  0 -3 -4 -1 -5 -4 -3 -4 -6  8 -3 -3 -6 -5 -3 1 1 1 45
-3 -2 -2  0 -5  1  7 -4 -2 -5 -5 -1 -4 -5 -3  0 -3 -5 -3 -5 1 1 1 55
-3 -2 -2 -3 -5  8  1 -4 -2 -5 -4 -1  0 -5 -4 -3 -2 -4 -4 -4 1 1 1 65
-4 -4 -5 -5 -4 -4 -5 -5 -3  2  1 -4  1  7 -5 -4 -3 -1  3 -1 1 0 0 65
-2  1 -2 -3  3  0 -1 -3 -2  1 -1  4  2 -3 -3 -2 -1 -4 -2  1 1 0 0 50
-2 -3 -1 -3 -3 -2 -3 -3  6 -1 -4 -3 -3 -4 -3  3  5 -5 -2 -2 1 0 0 45
-1  2 -1 -3  0  0 -2 -3 -1  0  0  1 -1 -1 -3  0  2  1  2  1 1 0 0 35
-3 -3 -5 -5  2 -4 -5 -4 -3  3  0 -4 -1  3 -5 -4 -3  8  3  2 1 0 0 70
-1  0  2  3 -2  1  1 -2 -2 -3 -3  3 -2 -4 -3  1  0 -4 -3  0 1 0 0 30
-1 -1  3  3 -4 -1  1  3 -2 -4 -4  0 -3 -4 -1 -1 -1 -5 -4 -1 0 1 1 90
-1 -2  1  0 -4  0  0  5 -3 -5 -5  2 -4 -5 -3  1 -2 -4 -4 -4 0 1 1 75
-1  1 -2 -1 -5  1  0 -1 -1 -4 -4  6 -3 -5 -3 -1 -1 -5 -4 -1 1 0 0 65
-2 -4 -5 -5 -3 -4 -5 -5 -4  0  5 -4  2  3 -5 -4 -3  2 -2  0 1 0 0 60
-1 -1  0 -1 -1 -1  0 -4 -2  2 -1  0  2 -2 -3 -1  0 -4 -1  4 1 0 0 40
-2 -3  1 -3 -3 -3 -3 -3 -1 -3 -4 -3 -3 -4 -2  3  6 -5 -4 -1 1 0 0 55
-2  0 -1  0 -4  0  4 -3  0 -2 -3  1 -2 -4 -3  0  3 -4 -3  1 1 0 0 45
 0 -4 -4 -4  1 -3 -2 -4  0  3 -1 -3 -1 -3  4 -2 -1 -4 -3  3 1 0 0 60
 0 -3 -2 -3 -2 -3 -3 -3 -3  1  0 -3  1  0 -3  1  2 -3  1  4 1 1 1 45
 0 -2 -1  4 -2  0  5 -2 -2 -4 -4 -1 -3 -2 -3  1 -1 -5 -3 -2 1 1 1 90
-3 -3 -2 -3 -4 -2 -3 -4  9  3 -3 -2 -2 -3 -4  0 -3 -4  1 -2 1 1 1 95
 4 -2 -2 -3  1 -2 -2 -2 -2 -1 -1 -1 -1 -3 -2  2  0 -4 -3  2 1 1 1 40
-2 -4 -2 -3 -4 -4 -4  7 -4 -6 -6 -3 -5 -5 -4 -2 -3 -4 -5 -5 1 1 1 95
