 5 -2 -2 -2 -1 -1 -1  0 -2 -2 -2 -1 -2 -3 -1  2  1 -3 -2 -1 1 1 1 95
-2 -2  0  6 -4 -1  2 -2 -2 -4 -4 -1 -4 -4 -2  1 -1 -5 -4 -4 1 1 1 85
-1  0  2  0 -3  2  2 -2 -1 -3 -2  2 -2 -4  4  0  0 -4 -3 -2 1 1 1 70
 1  1  3  0 -2  1  1 -1 -1 -3 -3  1 -2 -3 -2  1  0 -3 -1 -2 0 1 1 45
-2  0  2  3 -4  1  3 -1 -1 -3 -3  2 -1 -4 -2  0  0 -4 -3 -2 0 0 0 65
 0  1 -1 -1 -2  0 -1  0 -2  0  1  2  0 -2 -2 -1  0 -3 -2  2 0 0 0 85
 0 -2 -1 -2 -2  0 -1 -1 -2 -3 -3 -1 -2 -2 -2  5  1  5  1 -3 0 0 0 50
-2 -3 -3 -4 -2 -2 -3 -4 -3  1  3 -3  2  2  3 -2 -1 -2  0  0 1 1 1 60
 0 -2 -1 -2 -2 -1 -2 -2 -2 -3 -3 -2 -2 -3 -2  4  5 -4 -3 -2 1 1 1 60
-1 -4 -2 -3 -4 -3 -3  7  0 -5 -5 -3 -4 -4 -3 -2 -3 -3  0 -4 1 1 1 50
-3 -3 -5 -5 -2 -3 -4 -5 -4  1  5 -4  2 -1 -4 -4 -2 -3 -2  1 1 1 1 45
-1 -2 -1 -2 -2 -2 -2 -3 -3 -2 -3 -2 -2 -4 -2  2  6 -4 -3 -2 0 0 1 40
-2 -2 -1  4 -4  0  4 -3 -2  0 -1 -1 -2 -3  0  0 -1 -4 -3  0 0 0 1 70
 1  0  0  1 -3  2  4  1 -1 -4 -3  0 -2 -4  0  0 -1 -4 -3 -3 0 0 1 60
-1 -1 -1  0 -5  4  6 -3 -1 -4 -4  0 -3 -5 -2 -1 -2 -4 -3 -4 0 0 1 45
 6 -3 -3 -3 -2 -2 -2 -1 -3 -3 -3 -2 -2 -4 -2  1 -1 -4 -3 -1 0 0 1 35
-1  2 -1 -1 -4  4  2 -3 -1 -2 -2  4 -2 -4 -2 -1 -1 -4 -3 -1 0 0 1 45
-1 -2 -2  0 -5  1  7 -4 -2 -5 -4 -1 -3 -5 -3 -1 -2 -4 -4 -4 0 0 1 55
-3 -4 -4 -5 -3 -4 -4 -4 -3  1  2 -4  0  6 -4 -3 -3 -1  1  1 0 0 1 60
-3 -2  1 -3 -5 -1 -2 -4 10 -5 -5 -2 -3 -3 -4 -2 -3 -4  0 -5 0 0 1 60
 1  0  0  0 -2 -1  1  3 -2 -3 -3  2 -2 -4 -2  2  0 -3 -3 -3 0 0 1 40
-1 -2 -2 -3 -2  3 -1 -2  3  3  1 -2  0  0 -3 -2 -1 -2  2  2 0 0 1 40
-3 -4 -4 -5 -3 -4 -4 -4 -2  0 -1 -4 -1  7 -2 -3 -3  1  5  1 0 0 1 60
-1 -1 -2 -3 -2  0 -2 -3 -3  2  1  1  4 -1 -3 -1  1 -3 -2  2 0 0 1 70
 0 -1  1  2 -2  3  0  0 -1 -2 -2  1 -1 -3 -2  2  2 -3 -2 -1 0 0 1 70
 0 -2 -1 -2 -2 -2 -2  4 -2 -3 -3 -2 -3 -4 -2  3  3 -4 -3 -2 0 1 1 20
-1 -3 -3 -4 -3 -3 -3 -3 -2  0  1 -3  3  5 -3 -2  2  2  3 -1 1 1 1 55
 0  2 -2 -2 -2 -1 -2 -2 -2  1  0 -1  1 -1 -2  1  2  4 -1  0 0 0 1 85
 2 -3 -2 -3 -2 -2 -2  2 -3  1  1 -2  1 -2 -2 -1  0 -3 -2  2 0 0 1 50
-4 -4 -4 -5 -4 -4 -5 -5 -2 -2 -1 -4 -1  8 -5 -4 -4  3  4 -2 0 0 1 70
-1 -3 -2 -3 -2 -2 -3  1 -3  2  1 -2  1  2 -3  0  2 -2 -1  2 0 0 1 50
 3 -3 -2 -3 -2 -2 -2  4 -3  0 -1 -2 -1 -1 -2  0  0 -3 -2  1 0 0 1 35
-1 -3 -4 -4 -2 -3 -4 -4 -4  4  2 -3  0  0 -3 -3 -1  1 -2  3 0 0 1 50
 5 -3 -3 -3  1 -2 -2 -1 -3 -2 -2 -2 -2 -3 -2  0 -1 -4 -3  1 0 0 1 35
 2 -3 -3 -4  0 -3 -3 -3 -4  3  1 -3  0 -1 -3 -2 -1 -3 -2  4 0 0 1 50
 0 -3 -3 -3 -2 -3 -3 -3 -3  3  2 -3  0  2 -3 -2 -1 -3 -1  4 0 0 1 55
 6 -3 -3 -3 -2 -2 -2 -1 -3 -2 -3 -2 -2 -3 -2  0 -1 -4 -3  0 0 0 1 45
-3 -2 -1 -3 -5 -1 -2 -4 10 -5 -5 -2 -3 -3 -4 -3 -3 -4  0 -5 0 0 1 70
-1 -3 -4 -4 -2 -3 -4 -4 -3  3  2 -3  1  3 -4 -3 -2 -2  0  3 0 0 1 50
 0 -3 -4 -5 -2 -3 -4 -4 -4  0  5 -3  1  1 -4 -3 -2 -3 -2  0 0 0 1 35
 3 -3 -3 -3 -1 -2 -2 -2 -3  1  0 -2  0 -2 -2  0  1 -4 -2  4 0 0 1 40
-3 -4 -5 -5 -4 -3 -4 -4 -2 -1 -2 -4 -1  3 -5 -4 -3 10  5 -3 0 0 1 75
 1 -2 -2 -3 -2 -2 -2 -3 -3  2  1 -2  3  2 -3 -1  0 -2 -1  2 0 0 1 60
-1 -3 -2 -3 -4 -3 -3 -4 -2 -4 -3 -2 -3  1 -4 -1 -3 11  5 -4 0 0 1 75
-1  5  1 -2 -4  0 -1 -3  0 -3 -2  3 -2 -4 -3  0  0 -4 -3 -3 1 1 1 70
-2 -4 -4 -3 -5 -3 -3 -4 -4 -5 -5 -3 -4 -5  9 -2 -3 -5 -5 -4 1 1 1 60
-5 -5 -6 -6 -4 -4 -5 -5 -4 -4 -3 -5 -3  2 -6 -5 -4 12  1 -5 1 1 1 80
-3 -3 -4 -4 -3 -3 -4 -4 -3  2  3 -4  1  5 -4 -3 -2 -1  2  0 1 1 1 95
