 4 -1 -1 -1 -1 -1 -1  0 -2 -2 -2 -1 -1 -3 -1  3  0 -3 -2 -1 1 1 1 95
 2 -2  0 -1 -2 -1 -1  4 -2 -3 -3 -1 -2 -3 -2  2  0 -3 -3 -2 1 1 1 70
 0 -2  0 -1 -2 -1 -2  5 -2 -4 -4 -1 -3 -3 -2  2 -1 -3 -3 -3 1 1 1 55
 1 -2  0 -1 -2 -1 -1  4 -2 -3 -3 -1 -2 -3 -2  3  0 -3 -3 -3 1 1 1 45
 0 -3 -1 -2 -3 -2 -2  6 -2 -4 -4 -2 -3 -4 -2  0 -2 -3 -3 -4 1 1 1 45
-1 -3 -3 -4 -1 -3 -3 -4 -4  3  1 -3  1 -1 -3 -2  0 -3 -1  4 1 0 0 25
-2 -2  1  7 -4  0  2 -2 -1 -4 -4 -1 -3 -4 -2  0 -1 -5 -3 -4 1 1 1 45
 0 -3 -3 -4 -1 -3 -3 -4 -4  3  1 -3  1 -1 -3 -2  0 -3 -1  4 0 0 1 20
 1 -2  0 -1 -2 -1 -1  4 -2 -3 -3 -1 -2 -3 -2  3  0 -3 -3 -3 0 0 1 35
 1 -1  0  4 -2  0  3 -1 -1 -3 -3  0 -2 -3 -1  2  0 -4 -2 -2 0 0 1 40
 0 -3 -3 -4 -1 -3 -3 -4 -4  3  1 -3  1 -1 -3 -2  0 -3 -1  4 0 0 1 5
 0 -2 -2 -3 -1 -2 -2 -3 -3  2  0 -2  0 -1 -2 -1  2 -3 -1  4 0 0 1 10
 2 -1  0 -1 -1  0  0  0 -1 -2 -2  0 -2 -3 -1  4  1 -3 -2 -1 0 0 1 35
 5 -2 -2 -2 -1 -1 -1  0 -2 -2 -2 -1 -1 -3 -1  1  0 -3 -2  0 0 0 1 20
-2 -3 -4 -4 -1 -3 -4 -4 -4  5  2 -3  1  0 -3 -3 -1 -3 -2  3 0 0 1 5
-1  1  2  0 -3  3  2  2  0 -3 -3  2 -2 -3 -2  0 -1 -3 -2 -3 0 0 1 35
 3 -2 -1 -2 -2 -2 -2  5 -2 -3 -3 -1 -2 -3 -2  0 -1 -3 -3 -2 0 0 1 40
 5 -2 -2 -2 -1 -1 -1  0 -2 -2 -2 -1 -1 -3 -1  1  0 -3 -2  0 0 0 1 35
 4 -1 -1 -1 -1 -1 -1  0 -2 -2 -2 -1 -1 -3 -1  3  1 -3 -2 -1 0 0 1 35
 1 -2 -1 -2 -2 -2 -2  5 -2 -3 -3 -1 -2 -3 -2  0  1 -3 -3 -2 1 1 0 25
-1 -2 -2 -2 -3 -2 -1 -2 -2 -3 -3 -1 -3 -4  8 -1 -1 -4 -3 -3 0 0 1 25
-2 -3 -4 -4 -1 -3 -4 -4 -4  5  2 -3  1  0 -3 -3 -1 -3 -2  3 0 0 1 5
 4 -2 -1 -2 -1 -1 -1  3 -2 -2 -2 -1 -1 -3 -1  1  0 -3 -2 -1 0 0 1 15
 3 -1  0 -1 -1 -1 -1  0 -2 -2 -2 -1 -1 -3 -1  3  2 -3 -2 -1 0 0 1 25
-2 -3 -4 -4 -1 -3 -4 -4 -4  5  2 -3  1  0 -3 -3 -1 -3 -2  3 0 0 1 15
 0 -3 -1 -2 -3 -2 -2  6 -2 -4 -4 -2 -3 -4 -2  0 -2 -3 -3 -4 0 0 1 20
 2 -2 -1 -2 -1 -2 -2  4 -2  1 -1 -2 -1 -2 -2  0 -1 -3 -2  0 0 0 1 25
 5 -2 -2 -2 -1 -1 -1  0 -2 -2 -2 -1 -1 -3 -1  1  0 -3 -2  0 0 0 1 15
 0 -3 -3 -4 -1 -3 -3 -4 -4  3  1 -3  1 -1 -3 -2  0 -3 -1  4 0 0 1 10
-2 -2 -4 -4 -1 -2 -3 -4 -3  2  4 -3  2  0 -3 -3 -1 -2 -1  1 0 0 1 5
 0 -2 -1 -2 -1 -2 -2  2 -2  1 -1 -2  0 -2 -2  0  3 -3 -2  1 0 0 1 10
 0 -3 -3 -4 -1 -3 -3 -4 -4  3  1 -3  1 -1 -3 -2  0 -3 -1  4 0 0 1 0
-1 -2 -2 -3 -1 -1 -2 -3 -2  1  3 -2  4  0 -2 -1  2 -2 -1  1 0 0 1 10
 0 -3 -3 -4 -1 -3 -3 -4 -4  3  1 -3  1 -1 -3 -2  0 -3 -1  4 0 0 1 10
 2 -2 -1 -2 -2 -2 -2  5 -2 -3 -3 -2 -2 -3 -2  0 -1 -3 -3 -2 0 0 1 15
-1 -3 -3 -3 -1 -2 -3 -4 -3  3  2 -2  1  0 -3 -1  1 -3 -1  2 0 0 1 10
-1  2  0 -1 -3  1  1 -2  4 -3 -3  4 -2 -3 -1  0 -1 -3 -1 -3 0 0 1 40
 0 -3 -3 -4 -1 -3 -3 -4 -4  3  1 -3  1 -1 -3 -2  0 -3 -1  4 0 0 1 5
-2 -2 -2 -4 -3 -2 -2 -3  2 -2 -1 -2 -1  3 -3 -2 -2  2  8 -1 0 0 1 20
-1  2  0 -1 -3  1  1 -2 -1 -3 -3  5 -2 -3 -1  0 -1 -3 -2 -3 0 0 1 45
-3 -3 -4 -5 -3 -2 -3 -3 -3 -3 -2 -3 -2  1 -4 -3 -3 12  2 -3 0 0 1 15
-1 -3 -3 -4 -1 -3 -3 -4 -4  4  1 -3  1 -1 -3 -2  0 -3 -1  4 0 0 1 0
 1  6 -1 -2 -3  1  0 -2 -1 -3 -2  2 -1 -3 -2  0 -1 -3 -2 -2 0 0 1 35
-1  6  0 -2 -4  1  0 -2  0 -3 -3  3 -2 -3 -2 -1 -1 -3 -2 -3 0 0 1 45
 5 -2 -2 -2 -1 -1 -1  0 -2 -2 -2 -1 -1 -3 -1  1  0 -3 -2  0 0 0 1 50
-1 -2 -3 -4 -2 -1 -3 -3 -2  1  2 -2  6  3 -3 -2 -1 -1  1  0 1 1 1 90
