 5 -2 -2 -2 -1 -1 -2  1 -2 -2 -3 -1 -2 -3 -2  2  0 -3 -3 -1 1 1 1 75
 3 -2  0  0 -2 -1 -1  1 -1 -3 -3 -2 -2 -3  0  3  1 -4 -3 -1 1 1 1 55
-4  7 -3 -4 -2  0 -3 -5  3 -5 -2  0 -4 -5 -5 -3 -4 -5 -4 -5 1 1 1 10
-2  2 -3 -3 -3  1 -1 -3 -3  1  3  1  3  0 -3 -1 -2 -1 -2 -1 0 0 0 15
 1  2  3 -1 -3  2 -1 -1  0 -3 -3  3 -1 -3 -3  0  1 -4 -3 -3 0 0 0 60
-1  3  3  0 -3  2  0 -2  0 -3 -2  2  0 -3 -3  1 -1 -4 -1 -2 0 0 0 30
-4 -5 -5 -6 -5 -5 -5 -5  1 -3 -2 -5 -3  7 -6 -3 -4  2  7 -3 1 1 0 10
-3  0 -3 -3 -6  1 -2 -4 -3 -5 -5  7 -4 -6 -4 -3 -3 -6 -4 -5 0 1 1 10
-1 -2  6  0 -3 -2 -2 -1  3 -4 -3 -1 -3  1 -2 -1 -1 -3  2 -3 0 1 1 5
 0  3  0 -3 -4  0 -1 -1 -2 -3 -3  6 -1 -4 -3 -2 -1 -5 -4 -2 0 1 1 20
 0 -4  0 -1 -4 -3 -2  6 -3 -4 -5 -2 -4 -5 -4  1 -1 -4 -3 -3 0 1 1 20
-2  2 -1 -3 -4  0 -1 -3 -2  0  0  5  0 -1 -3 -2 -1 -4 -2 -1 1 1 1 20
-3 -1  2  6 -4  0  1 -2 -2 -4 -4  0 -4 -4 -3  0  1 -4 -2 -4 1 1 0 35
 2 -2 -1 -1 -1  1  0 -1  1 -1 -2 -1  0 -2  2  2  1 -3 -1 -1 0 0 1 30
-1 -1  0  4 -4  1  3 -2 -2 -2 -3 -1 -3 -4 -3  1  2 -4 -1 -2 0 0 1 60
 0 -2 -1  2 -4  0  6 -3 -2 -3 -2  0  1 -4 -3 -1 -1 -2 -3 -1 0 0 1 15
 1  2 -3 -3 -2 -2 -2 -2 -3  0  3 -1  5  0 -2 -1 -1 -3 -2 -1 0 0 1 5
-3  7  0 -3 -5 -1 -2 -4  2 -5 -4  1 -3 -5 -4 -3 -3 -4 -3 -4 0 0 1 10
-3  6 -1 -2 -5  3  0 -4  0 -3 -3  1 -1 -4 -3 -2 -3  0 -3 -3 0 0 1 45
-2  6 -1 -3 -4  3 -1 -3  2 -2 -3  2 -3 -4 -3 -1 -2 -4 -3 -3 0 0 1 40
-3  7 -2 -3 -5  1 -2 -4 -2 -5 -3  1 -3 -4 -4 -3 -3 -4 -2 -4 0 0 1 10
-1 -1  2  0 -3  1  3 -3  0  2 -1 -1  1 -3 -3  0  0 -4 -2  0 0 0 1 20
 0 -2 -1  3 -4  0  5 -2 -2 -3 -4 -1 -3 -5 -3 -1  0 -5 -4 -2 0 0 1 50
 0 -2  1 -1  1  2  1 -2  0  0 -1 -2  0 -3 -3 -1  1 -4 -2  3 0 0 1 35
 0 -2  2 -1  2  1 -1  0  1  0 -2 -1  0 -3 -2  2  2 -3 -2 -1 0 0 1 0
-1 -4 -4 -4 -2 -2 -4 -4 -4  3  1 -3  1 -1 -4 -2 -1 -4 -2  5 0 0 1 35
-1 -1  0  0 -5  4  6 -1 -2 -5 -4  0 -3 -5 -3  0 -2 -4 -4 -3 0 0 1 70
-3 -4 -5 -5 -3 -4 -5 -5 -5  4  5 -4  0 -1 -5 -4 -3 -3 -3  0 0 0 1 30
-4  8 -3 -4 -6  1 -2 -5 -2 -5 -4  0 -3 -5 -4 -3 -3  2 -4 -5 0 0 1 10
-3  2 -2 -3 -5  1 -1 -4 -3 -5 -5  7 -3 -5 -3 -2 -3 -5 -4 -4 0 0 1 35
 3 -2  3 -1 -1  3  0 -2 -2 -3 -3 -1 -2 -4 -2  1  0 -4 -3 -1 0 0 1 50
-1  2 -1 -2 -5  1  0 -3  0 -3 -3  6 -3 -5 -3 -1 -2 -5 -3 -4 0 0 1 45
-3  6 -1 -3 -5  1 -1 -2 -2 -5 -4  5 -3 -5 -3 -2 -3 -5 -4 -4 0 0 1 10
-2 -2  1  5 -5 -1  5 -2 -2 -4 -4 -1 -4 -2 -3 -1 -2 -4 -1 -2 0 0 1 45
-3 -2 -1  4 -5  1  6 -4 -2 -5 -5 -1 -4 -5 -3 -2 -3 -5 -4 -3 0 0 1 50
-1  0  2 -1 -2  6  1 -2  2 -4 -3 -1  0 -4 -3  1  0 -4 -3 -3 0 0 1 45
-1 -3 -4 -5 -3 -3 -4 -4 -4  2  4 -3  5  1 -4 -3  0 -3 -2  0 0 0 1 10
 0 -2  1 -3 -2  1 -2 -3 -2  0  3 -1  3  2 -2  0 -1 -3 -1  0 0 0 1 15
-3  1 -2 -3 -5  1 -1 -4 -3 -5 -5  7 -3 -5 -3 -2 -3 -5 -4 -4 0 0 1 70
-3  7 -2 -3 -5  0 -2 -2  0 -5 -4  3 -3 -5 -4 -3 -3 -5 -4 -5 0 0 1 30
-4  8 -3 -4 -6 -1 -2 -5 -3 -5 -5  0 -4 -5 -4 -3 -3 -5 -4 -5 0 0 1 10
-3  0  8 -1 -5  0 -2 -1 -1 -5 -5 -2 -4 -5 -4 -1 -1 -5 -4 -5 0 1 1 80
-1 -4 -4 -4 -2 -3 -4 -4 -4  4  2 -3  3  0 -4 -3 -2 -3 -1  4 1 1 1 25
 0 -2  4 -1 -2 -1 -1 -2 -2 -3 -3 -1 -2 -3 -2  3  4 -4 -3 -2 1 1 1 85
