-3 -4 -4 -5 -4 -3 -4 -5 -4 -1  0 -4 10 -2 -5 -4 -3 -4 -3  0 1 1 1 95
-2 -2 -2  0 -6  0  7 -3 -2 -5 -5  0 -4 -5 -3 -2 -3 -5 -4 -5 1 1 1 45
-3  1 -2 -3 -5  7  0 -4  1 -1 -2 -1 -1  1 -2 -2 -2 -4 -3 -3 1 1 0 55
 5 -2 -3 -3 -3 -3 -3 -2 -3 -2 -3 -2 -3 -3  4  0 -1 -4 -4 -1 1 1 1 35
-3 -4 -4 -4 -5 -2 -3 -4 -4 -5 -4 -3 -5 -6  9 -2 -3 -6 -5 -5 1 1 1 50
-1 -1 -1  0 -5  0  7 -2 -2 -4 -4 -1 -4 -5 -3 -2 -2 -4 -4 -3 1 1 0 75
-3 -3  3  7 -5 -2  0  0 -3 -5 -5 -2 -5 -5 -3 -2 -3 -6 -5 -4 0 1 1 45
-2  0 -1 -2 -5  7  2 -1  0 -4 -4  0  1 -3 -2 -2 -2 -4 -3 -4 1 1 1 55
-1 -1 -1 -3 -4 -3 -2  6 -3 -5 -5 -3 -4 -4 -3 -1  0 -4 -4 -4 1 1 0 40
-2 -2 -3 -3 -5 -2 -3 -4 -4 -5 -4 -3 -4 -5  8 -2 -2 -5 -5 -4 1 1 1 95
-1  0 -2 -2 -4  7  0 -3  1 -4 -3 -1 -2 -4  3 -1 -1 -4 -3 -4 1 1 1 30
-3  7 -2 -3 -5  1 -1 -2 -2 -4 -4  1 -3 -4 -4 -2 -3 -4 -3 -4 1 1 1 65
-2 -2 -1  1 -5  0  6  0 -2 -4 -4 -1 -3 -5 -2 -2 -2 -4 -4 -3 1 1 1 30
-1 -3 -3 -3 -4  0 -3 -4 -1 -4 -2 -3 -3 -4  8 -2 -3  4 -3 -4 1 1 0 40
-3 -1 -1 -4 -4 -2 -3 -1  3 -3 -2 -3 -2  2 -2 -2  0  5  7 -2 0 1 1 65
-2 -2  6  3 -4 -1  0 -1  0 -3 -1 -2 -2 -4 -3  0 -1 -5 -3 -4 0 1 1 20
-1 -2 -2  2 -5  2  6 -3 -2 -4 -4  0 -3 -4 -3 -2 -2 -4 -2 -3 0 0 1 60
-4 -2 -5 -6 -1 -4 -5 -3 -4 -5 -3 -5 -4 -2 -5 -3 -4 12  0 -5 0 0 1 45
 1 -3 -2 -3 -2 -2 -2 -3 -3  0  0 -2  0 -2 -1  0  5 -3 -3  1 0 0 1 25
-2 -1 -4 -4 -3 -2 -3 -3 -4  2  5 -3  1 -1 -4 -3 -2 -3 -2  0 0 0 1 55
-2 -1 -2  3 -5  1  6 -2 -2 -4 -4  0 -3 -4 -3 -2 -2 -4 -3 -4 0 0 1 50
-3 -2 -4 -5 -3 -3 -4 -5 -4  2  5 -3  2  0 -4 -3  1 -3 -2  1 0 0 1 50
-3 -4 -5 -5 -3 -4 -5 -5 -5  0  6 -4  2 -1 -5 -4 -3 -4 -3 -1 0 0 1 40
-2  1 -2 -1 -5  1  7 -3 -2 -3 -5  0 -2 -5 -3 -2 -2 -5 -4 -3 0 0 1 55
-3 -2 -2  2 -5  0  7 -3 -2 -5 -4 -1 -2 -5 -3 -2 -3 -5 -4 -4 0 0 1 60
-3 -4 -5 -5 -3 -4 -4 -5 -2  3  5 -4  0 -1 -4 -4 -3 -3 -3  0 0 0 1 50
-3  1  1 -2 -5  1 -1 -3 -2 -3 -4  7 -2 -5 -3 -2 -2 -5 -4 -4 0 0 1 50
-1  1  4  0 -3  3  2 -2  1 -3 -3  0 -2 -4 -2  2 -1 -4 -3 -2 0 0 1 60
-3 -2 -2  0 -5  0  7 -4 -2 -5 -5 -1 -4 -5 -3 -2 -2 -5 -4 -4 0 0 1 50
 6 -3 -3 -3 -2 -3 -3 -2 -3 -3 -2 -3 -3 -4 -3  0 -2 -4 -4 -2 0 0 1 25
-1 -1 -4 -4 -2 -1 -2 -4 -4  1  1 -1  0 -2 -4 -2 -2 -4 -3  5 0 0 1 50
-3  7 -2 -1 -2 -1 -2 -3 -2 -4 -3  3 -2 -4 -3 -2 -2 -4 -2 -4 0 0 1 80
-4 -2 -2 -3 -5 -1 -2 -4 10 -5 -5 -3 -4 -4 -4 -3 -2 -4 -1 -5 1 1 0 40
-4 -4 -5 -5 -4 -5 -5 -5 -3 -2 -1 -5 -2  8 -5 -4 -4 -1  1 -2 1 1 1 35
-3 -4 -2  2 -5 -3 -3 -1 -3 -5 -4 -3 -4 -5  8 -2 -1 -5 -5 -4 1 1 1 70
-2  7 -2 -3 -5  0 -1 -2 -2 -3 -3  0  0 -4  2 -1 -2 -2 -2 -4 0 0 1 55
 0  1 -1 -2 -2 -1  0 -1 -2  1 -1 -1  1 -3  4 -1  0 -3 -2  0 0 0 1 50
-4 -4 -5 -6 -3 -4 -5 -4 -4 -1  2 -5  1  0 -5 -5 -3 11  0 -3 0 0 1 60
-3 -4 -5 -5 -3 -4 -4 -5 -3  0  6 -4  1 -1 -4 -4 -3 -3 -3 -1 0 0 1 50
-1 -2 -1 -3 -4  2 -2 -4  9 -1 -2 -2 -3  0 -3 -2  0 -3  0 -2 0 0 1 60
 1  0  1 -1 -3  2 -1  4 -1 -4 -4 -1 -3 -4 -3  1 -1 -2 -3 -3 0 0 1 40
-3 -4 -5 -5 -2 -4 -3 -5 -4  1  5 -4  0 -1 -4 -4 -3 -3 -3  2 0 0 1 35
-2 -2 -2 -3 -4 -3 -3  7 -4 -5 -3 -3 -4 -2 -4 -1 -3  4 -4 -4 0 0 1 35
-3 -1  3 -2 -4  7  0 -2 -1 -4 -3 -1 -1 -4 -3 -1 -1  0 -2 -4 0 0 1 55
-3 -3 -1 -4 -1 -1 -3 -4  6  0 -2  0 -3  1 -4 -2 -3  5  6 -3 0 0 1 50
-3 -4 -4 -4  4 -4 -4 -5 -4  6  0 -4 -1 -1 -4 -2 -1 -3  1  2 0 0 1 40
-2 -3 -2 -4 -1  0 -3 -4  1 -2 -3 -3 -3  3 -4 -2  0 -1  8  1 0 0 1 65
-1 -1  1  2 -3  0  4  0 -1 -2 -3 -1  1 -1 -3  0  0 -3 -2 -2 0 0 1 60
-1  1  1 -2 -3  1  0 -3  0  0 -2  0 -2 -3  0  0  5 -4 -3 -1 0 0 1 40
-3 -1 -3 -2 -4 -1 -3 -1  5 -3  0 -3 -2  0 -4 -2  0 -1  7 -3 1 1 1 70
-2 -1 -1 -2  1 -1  1  6 -3 -4 -4 -2 -4 -4 -3 -2 -3  4 -3 -4 0 1 1 55
-2  1  1  6 -4  1  0  0 -2 -4 -4 -2 -4 -4 -3  1 -2 -4 -4 -4 1 1 1 75
-2  0 -1 -2 -3  0  2 -3  1 -3 -3 -2 -2 -2 -3  1  5 -3  2 -2 1 1 1 60
-3 -1 -1 -4 -4  0 -1 -1 -3 -1  1 -2  0 -1 -3 -3 -3 10 -1 -3 0 0 1 65
 2 -1 -1  0 -3  0  4 -2 -2 -2 -3 -1 -2 -4 -1  0  2 -4 -3 -1 0 0 1 50
 0 -2 -2 -3 -4 -3 -3  6 -4 -5 -5 -2 -4 -4  2 -1 -1 -4 -4 -4 0 0 1 20
 0 -4 -4 -4  3 -3 -4 -4 -4  1 -1 -3  2 -2 -4 -1 -2  4 -3  6 0 0 1 30
-1  0 -1 -1 -4  2  5 -2 -1 -2 -1  0  2 -3 -3 -2 -1 -3  0 -2 0 0 1 45
 4  0 -2 -2 -2  0  1 -2 -3 -2 -2  2 -2 -3 -2 -1 -1 -4 -3 -1 0 0 1 30
-2 -3 -4 -4 -3 -3 -4 -4 -1  4  3 -3  2  2 -3 -3 -2 -2  3  0 0 0 1 45
-3 -4 -3 -4  0 -4 -4 -5 -3  6  0 -3  0 -2 -4 -3 -1 -3  3  1 0 0 1 30
-3  7 -1 -3 -4 -1 -2 -3 -1 -3 -4  2 -1 -4 -3 -1  1 -4 -3 -4 0 0 1 55
-1 -3 -3 -3 -2 -3 -3 -3 -3  5  2 -3  2 -1 -3 -1  1 -3 -2  1 0 0 1 45
-2 -2 -4 -4 -3 -3 -4 -4 -4  0  5 -3  1 -1 -4 -3 -1 -3 -2  2 0 0 1 40
-3 -1  2 -2 -4  8 -1 -3  1 -4 -3 -1 -3 -5 -3 -2 -3 -4 -3 -4 0 0 1 40
-2  3 -2 -2  0  6  0 -3  0 -4 -2  2 -2 -4 -3 -1 -2 -3 -2 -3 0 0 1 45
 3 -3 -3 -4  2 -2 -3 -3 -3  0  4 -3  1 -1 -3 -1 -2 -3 -2 -1 0 0 1 50
-2 -2 -3 -3 -2 -2 -3 -3 -2  2  3 -2  3  2 -3 -2 -1 -1 -1  1 0 0 1 35
-2 -3 -3 -3  2 -3 -3 -3 -2 -1  1 -3  0  5 -3 -1 -2  4  3 -1 0 0 1 50
 0 -2 -3 -3 -1 -1 -2 -3 -3  3  1 -2  2 -1 -3 -2  0 -3 -2  2 0 0 1 40
 0 -1  0 -1 -2  0  0 -1  5 -2 -2 -1 -1 -2 -1  2  0 -2  0 -2 0 0 1 50
-1 -2 -2 -2 -2 -2 -2 -2 -1  0  1 -2  1  5 -2 -1 -1  0  3  0 0 0 1 60
 0  5 -1 -1 -3  1  2 -2 -1 -3 -3  2 -2 -3  1  0 -1 -3 -2 -3 0 0 1 55
-1 -2 -2 -3 -1  0 -3  0  0  4  1 -2  1 -1 -3 -2  0 -3 -1  1 0 0 1 50
-1  0 -2 -1  4 -3 -2  6 -3 -5 -4 -2 -4 -4  0 -2 -3 -4 -4 -4 0 0 1 40
-2 -3 -4 -4 10 -4 -4 -3 -4 -2 -3 -4 -3 -3  2 -2 -1  1 -2  0 0 0 1 55
-1  4  0  0 -4  4  0 -2  3 -3 -3  2 -2 -4 -1  1 -1 -4 -2 -3 0 0 1 70
-3  0 -2 -3  1 -2 -1 -1  9 -3 -3 -3 -3 -3 -4 -3 -4 -3  3 -4 0 0 1 65
-1 -1 -1 -2 -2 -2 -2 -1 -2  0 -3 -2 -2 -3 -2  5  1 -4 -3 -1 1 1 1 50
-3  7 -2 -3 -5  1  0 -3 -2 -3 -4  1 -3 -4 -3 -2 -3 -4 -3 -4 1 1 1 55
-2 -4 -4 -4 -3 -3 -4 -3 -4  6  1 -2  0  0 -4 -3 -2 -3 -2  1 1 0 0 80
-1 -1 -2 -2 -4 -3 -1  6 -3 -2 -4 -2 -4 -4 -3 -1 -2 -4 -4 -3 1 0 0 65
-2  0 -3 -4 -3  0 -3 -3 -2  5  0 -2 -1 -2  1 -2  0 -4 -3  1 0 1 1 40
 0  0  0 -2 -2 -2 -2 -2 -2  2  0 -2  1  1 -2  0  3 -1  1  0 1 1 1 65
-2  6 -2 -3 -4  2  0 -1 -1 -2 -2  0 -3 -4  3 -2 -3 -1 -2 -3 1 1 0 50
-2  3 -2 -2 -5  6  2  0  2 -5 -4 -1 -2 -5 -3 -2 -2 -4 -3 -4 1 1 0 60
-3  8 -2 -4 -5 -1 -2 -3 -2 -5 -4  0 -4 -5 -2 -2 -1 -5 -4 -5 1 1 0 45
-3  8 -3 -4 -5 -1 -2 -1 -3 -2 -4  1 -4 -5 -4 -2 -3 -5 -4 -4 1 1 0 55
 4  0 -1 -1 -2 -2 -1  0 -3 -2 -2 -2 -2 -3  1  1  2 -4 -3  0 1 1 0 60
-3  8 -1 -4 -5 -1 -2  0 -2 -5 -4  0 -2 -5 -3 -2 -3 -5 -4 -5 1 1 0 60
-3 -2  8  1 -5  1 -1 -3  1 -3 -5 -1 -4 -5 -4 -1 -2 -6 -4 -5 0 1 1 70
-2 -2 -2 -3 -4 -3 -3  7 -4 -6 -5 -2 -4 -5 -1 -2 -3 -4 -5 -5 1 1 0 50
 5 -3 -2 -2 -2 -2 -2  1 -3 -3 -2 -2 -2 -4  1  2  1 -1 -3 -2 1 1 0 55
-1  0  1 -2 -3 -2 -2  2 -1 -4 -4 -1 -3 -4 -3  5 -1 -5 -4 -4 1 1 0 65
-3  8 -2 -3 -5 -1 -2 -3 -2 -5 -4  2 -3 -5 -4 -3 -2 -5 -4 -4 1 1 1 90
 1 -3 -1 -2 -3 -2 -2 -2 -3 -4 -4 -2 -3 -4  2  6  0 -5 -4 -3 1 1 1 85
