-3  1 -2  2 -5  2  6 -4 -2 -5 -5  2 -3 -5 -3 -2 -2 -5 -4 -4 1 1 1 95
-2 -2  0  3 -5  2  6 -4 -2 -5 -5  0 -4 -5 -3 -1 -1 -5 -4 -4 1 1 1 60
-3 -2  1  3 -5  2  5 -4 -2 -1 -2 -1 -3 -4 -3 -1 -2 -5 -4 -1 1 1 0 65
-2 -3 -2 -1 -4 -3  0 -4  2  1  1 -3 -1  7 -4 -3 -3 -2  1 -1 1 1 1 50
-3  0 -1  0  0  6  5 -3 -2 -5 -5 -1 -4 -5 -4 -1 -2 -5 -4 -5 1 1 1 65
-4 -4 -4 -1 -4 -3  0 -5 -2 -2  1 -4  1  7 -3 -2 -3  1  0 -2 1 1 1 35
-4 -5 -3 -6 -4 -2 -5 -6 -3  0  6 -5  1 -1 -5 -5 -3 -5 -4 -1 1 0 0 35
-1  1 -1 -3  0  0  1 -3 -1  0 -1 -1 -1 -2 -3  1  4 -3 -3  1 1 0 0 50
-5 -7 -7 -7 12 -7 -7 -7 -7 -6 -6 -7 -6 -7 -7 -6 -6 -7 -7 -6 1 1 1 0
 0 -1 -3 -3 -2  3 -2  0  1 -4 -4  0 -4 -5  5  3 -1 -3 -4 -3 0 1 1 25
-3 -5 -3 -5 -4 -3 -5 -4 -4  6  1 -5 -1 -2 -5 -3 -2 -5 -3  4 0 1 1 50
-5 -7 -7 -7 12 -7 -7 -7 -7 -6 -6 -7 -6 -7 -7 -6 -6 -7 -7 -6 1 1 1 45
-3  0 -3 -4  1  1 -2 -3  2 -1  4  0  2  1 -4 -1 -3 -4  1 -2 1 1 1 65
-2 -2  0  3 -1  1  5  0 -2 -5 -4 -1 -2 -6  0  0 -3 -6 -3 -5 1 1 0 60
-2  2 -1  0 -3  1  0 -3  0  1  1  0 -1 -1  1 -1  0 -2  0  0 0 0 1 85
 0 -6 -3 -7 -3 -6 -6 -5 -4 -1  1 -6 -4  7 -7 -3 -4  0  6 -3 1 1 1 5
-3  3  1  0 -1  0  0 -4  0 -3 -4  5 -3 -4 -3  0  2 -5 -2 -2 0 1 1 65
-2  2  2  4  4  1  1 -3 -1 -3 -4  1 -3 -4 -4 -1  0 -5 -2 -3 1 1 1 20
-1 -7 -7 -7 -8 -6 -6 -7 -1 -4 -5 -6 -7 -9  9 -4 -6 -9 -8 -7 1 1 1 20
-3  2 -4 -4  2 -1 -1 -5 -2 -2 -2  5  0 -4 -5 -1 -3 -2 -3  3 0 1 1 20
-2 -3 -3 -3 -1 -2 -4 -5 -2  3  2 -3  3 -1 -4 -1  2 -4 -3  3 0 0 1 30
-3 -6 -7 -7 -5 -6 -6 -7 -6  0  6 -6  0 -3 -4 -4  0 -6 -5 -1 0 0 1 5
-2 -4 -1 -1 -3 -1 -2 -5 -6 -5 -5 -3 -6 -7  8  1 -2 -7 -7 -4 0 1 1 70
-6 -9 -8 -9 12 -8 -9 -8 -8 -7 -7 -9 -7 -8 -8 -6 -6 -8 -8 -6 0 1 1 25
-2 -3 -2 -3 -1  3 -3  3  0 -3  2 -2  0  0 -4  1 -2  0 -2 -3 1 1 0 25
-7 -5 -5 -6 -8 -5 -5 -7 11 -9 -8 -6 -7 -6 -7 -6 -7 -7  1 -8 1 1 1 0
-3 -3  1 -3 -2 -4 -3 -5 -3 -1 -4 -3 -4 -4 -3  4  6 -6 -3 -1 0 0 1 0
-4 -7 -7 -8 -7 -7 -7 -7 -5 -1 -1 -7 -1  9 -8 -6 -4 -3  2 -2 0 0 1 0
-6 -9 -8 -9 12 -8 -9 -3 -8 -6 -7 -8 -7 -7 -8 -6 -6 -7 -1 -6 0 0 1 5
-1  3 -1 -3 -2  4  1 -3 -1 -4  0  3 -1 -2 -4  1 -1 -2 -2 -3 0 0 1 45
 0  0  0  2 -3  0  1  2  0 -3 -3  1 -2 -3  1  1 -1 -4 -2 -3 0 1 1 60
-6 -9 -8 -9 12 -8 -9 -8 -8 -7 -7 -9 -7 -8 -8 -6 -6 -8 -8 -6 0 0 1 15
-2 -6 -7 -7 -1 -6 -6 -7 -6  3  6 -6  0 -1 -6 -6 -4 -5 -4  0 0 0 1 10
-2  2 -1  2 -6  5  4 -3  0 -4 -4  0 -3 -6 -2 -1  0 -5 -4 -3 0 0 1 55
 0  2  0 -1 -2  2  0  3 -1 -3 -3  2 -3 -4 -2  2 -1 -5 -4 -2 1 1 1 45
 0  0  1  0  0  0 -1  2  2 -1  0  0 -1 -2  1  1 -1 -2 -2 -2 1 1 0 35
 0  0  1  0 -2  1  0  0  0 -2 -2  2 -2 -3  2  1  2 -3 -3 -1 0 1 1 60
-2 -1 -4 -4 -1 -2 -4 -2  0  2  3 -1  1  4 -1 -2 -1 -2  0  0 1 1 1 35
-1  2  0 -1 -1  3  2 -3 -1 -3 -3  2 -2 -3  0  1  1 -3 -3 -2 1 1 1 60
-7 -10 -9 -10 12 -9 -10 -9 -10 -8 -8 -10 -8 -9 -9 -7 -7 -9 -9 -7 1 1 1 25
-3 -8 -3 -5 -9 -5 -7 -8 -4 -8 -7 -7 -8 -9  9 -5 -5 -9 -5 -6 1 1 0 40
-2 -3  1 -2 -4  0  0 -5 -3  3  1 -3  0 -1 -4 -1  3 -5 -2  3 1 0 0 35
-6 -10 -9 -3 12 -9 -10 -4 -9 -7 -7 -9 -8 -9 -9 -7 -7 -9 -9 -7 1 0 0 30
-4  8 -1 -4 -4  2 -2 -4 -1 -7 -5  2 -4 -7 -4 -3 -4 -7 -6 -7 1 1 1 70
 1  2 -2 -1 -2  4  2 -3  0 -4 -3  2 -1 -3 -4  0  0 -5 -1 -2 1 1 0 60
-2  0 -3  1 -4  3  2 -4  1 -4 -3  0 -3 -5  5  0 -1 -3 -4 -1 1 1 1 65
-1 -3 -4 -4  0 -1 -3 -4  2  1  1 -4 -1  2 -3 -1  2  0  0  4 1 1 1 15
-1  1 -1 -1 -5  1 -1 -4 -2 -2 -3  0 -1 -6  6  1 -1 -6 -4 -1 1 1 1 80
 0 -3 -4 -2  1 -2 -2 -3 -2  1  4 -2  1 -2  0 -2 -1 -4 -2  0 1 1 1 65
-1 -1 -1  1 -5 -2 -2  4 -5 -5 -5 -1 -5 -6  5  0 -1  0 -5 -4 0 1 1 60
 2 -1 -1 -2 -2  1  0 -1 -3 -2 -3 -1 -1 -3  4  2  0 -5 -2 -1 1 1 1 65
-2 -2  4  5 -5  1  2  1 -2 -5 -4  0 -3 -5 -2  0 -2 -6 -5 -5 0 1 1 50
 0 -1 -3 -3 -4 -4 -3  5 -4 -2 -2 -3 -4 -5  0  0  0 -1 -3 -1 1 1 1 45
-1 -2 -4 -3 -4  1  0 -4 -4  0  0 -3 -2 -4  5 -2 -1 -5 -4  3 1 1 1 55
 5 -1 -3 -4 -3 -2 -3 -2 -4 -1 -3 -2 -3 -4 -3  1  0 -5 -4  1 1 1 1 35
-3 -4 -5 -5 -3 -4 -5 -5 -5  0  6 -4  1  1 -5 -4 -3 -3 -2 -1 1 1 1 90
