 1 -2 -1 -2 -2 -2 -2 -2 -3 -4 -4 -2 -3 -4 -2  6  0 -5 -3 -3 1 1 1 30
-3 -2  0  6 -5 -1  4  0 -2 -5 -5 -2 -4 -5 -3 -2 -2 -5 -4 -4 1 1 1 25
 5 -3 -3 -3 -2 -2 -3 -2 -3  0 -2 -2 -2 -3 -2  0 -1 -4 -3  2 1 1 1 60
-3 -4 -5 -5 -3 -4 -4 -5 -4  0  6 -4  3 -1 -5 -4 -3 -3 -3 -1 1 1 1 15
-1 -3 -4 -4 -3  1 -3 -4 -3  0  5 -3  4  1 -4 -3 -2 -3 -2 -1 1 1 1 55
-2 -4 -5 -5 -3 -4 -4 -5 -5  1 -1 -4 -1 -3 -4 -3 -2 -5 -3  7 1 1 1 25
-3 -4 -4 -4 -5 -3 -3 -4 -4 -5 -5 -3 -4 -5  8 -3 -3 -5  1 -4 1 1 1 25
-2 -1  1  3 -5  1  5 -3  3 -4 -4  0 -3 -4  2 -1 -1 -4 -3 -4 0 1 1 80
-1  1  1  0 -4  0 -1  3  3 -3 -3  3  1 -3 -3 -1 -2 -4 -2 -1 0 1 1 65
-3 -6 -5 -6 11 -5 -6 -5 -5 -4 -4 -5 -4 -5 -5 -3 -3 -5 -5 -3 1 1 1 10
-1  4 -2 -2 -4  2 -1 -3  1 -1  0  4 -1 -3 -3 -2 -2 -4 -2 -1 1 0 0 55
-4 -5 -5 -6 -4 -5 -5 -5 -3 -2 -1 -5 -2  9 -6 -4 -4 -1  1 -3 1 0 0 20
-1  0 -1  3 -3 -1  0  0 -2 -1  1 -2 -1  4 -3  0 -2 -2  2 -2 1 0 0 20
-4 -2 -2 -3 -5 -2 -2 -4 10 -5 -5 -3 -4 -3 -4 -3 -4 -4  2 -5 1 0 0 45
-2  1 -2 -2 -3  3 -1 -3 -2  2  0  3 -1 -2 -3 -2  0 -3  0  1 1 0 0 35
-3 -2  2  0 -5  0  5 -3  7 -5 -5 -1 -3 -4  0 -2 -3 -4 -2 -4 1 0 0 35
-2  4  3  3 -4  1  0 -2 -1 -4 -4  1 -3 -4  0  1 -1 -4 -3 -4 1 1 1 45
 0  1 -3 -3 -3  2  0  0 -2 -2 -1 -2  7 -3  1  0 -1 -4 -3 -1 0 1 1 55
-1  1  2  5 -4  1  2 -2 -2 -4 -4 -1 -3 -4 -3  2  1 -5 -3 -3 0 1 1 65
-1  1  0 -2 -3  2  1 -3 -2  0  0  1  2 -3 -3  0  0 -4 -2  3 1 1 1 20
-3 -6 -5 -6 11 -6 -6 -5 -5 -4 -4 -6 -4  2 -6 -4 -4 -4 -4 -3 1 1 1 20
-3  0  2 -2 -4  1  3 -3 -2 -3 -1  2 -2 -3 -3 -2 -1  8 -2 -1 1 0 0 25
-1 -2  0  2 -3  2  2  0 -2 -4 -4  0 -3 -4  0  3  1 -4 -1 -3 1 0 0 35
-2 -3 -2 -3 -4 -1 -3  1  6 -3 -3 -3 -2  4  0  1 -2 -2  4 -2 0 0 1 10
 0 -1 -1  2 -3  3  1  1  0 -2 -1  0 -2 -1 -2  0  0 -3 -1  0 0 0 1 70
-3  2 -1 -1 -4  2  0 -4  7 -4 -4  1 -3  1 -3 -1 -3 -3  3 -4 0 0 1 30
-4  1 -5 -6  3 -4 -5 -5 -4 -5 -4 -4 -4 -2 -6  0 -4 12 -1 -5 0 0 1 0
-3  1  5 -2 -5  1 -1  1  7 -5 -5  2 -3 -4 -3 -2 -2 -4 -2 -4 0 0 1 20
 0  1  0  1 -3  2  1  0 -2  0  0 -1 -1 -1 -2  0  2 -3 -2 -1 0 0 1 35
 0 -2 -2 -2 -2  1  1 -3 -3  1 -1  0 -1 -3 -3 -1  3 -4 -3  3 0 0 1 15
 5 -3 -3 -4 -2 -3 -3  0 -3 -2 -3 -3 -2  2 -3 -1 -1 -4 -2  0 0 0 1 0
 1  1 -1  0 -3  2  1  0 -2 -2 -3  3  1 -3  2  0 -1 -3 -1 -2 0 0 1 50
 1  2  0  2 -3  2  2 -2  3 -3 -3  1 -2 -3 -2  1  1 -3 -2 -2 0 0 1 55
 2 -1  1  0 -2  1  1 -2  2 -2 -3  1 -2 -3 -2  1  1 -3  0  0 0 0 1 15
-2  1 -4 -5 10 -4 -5 -4 -4 -3  0 -4 -3 -4 -5 -3 -3 -4 -4 -2 0 0 1 0
 1  1 -1  2 -2  1 -1  1 -2 -2 -1  0  0 -3 -2  2  2 -3 -2 -2 0 0 1 55
 1  0 -1  1 -2  1  2  0 -2 -3 -3  1 -2 -3 -2  2  2 -4 -3 -2 0 0 1 75
-2  4  1  0 -4  3  2 -3 -1 -4 -3  3 -2 -4 -2  1 -1 -4 -3 -3 0 1 1 50
-1  0  1  1 -3 -1  0  2 -2 -1 -1  0 -2 -3 -2  2  0 -4 -3 -1 0 1 1 65
-1 -3 -4 -5 -3 -2 -4 -4 -3  0  3 -3  7  2 -4 -3 -1 -2  1 -1 1 1 1 15
-1  0  2  0 -2  0  1  0  0  2 -1  0 -1 -2 -2  0  1 -3 -2  1 1 0 0 45
-2  1 -4 -4 -2 -2 -3 -4 -3  1  4 -2  2 -1 -4 -3 -1 -3 -2  1 1 0 0 15
 1  3  1 -2 -4  0 -1 -3  7 -4 -2  0 -2 -3 -3 -2 -2 -3  1 -3 1 0 0 35
-1 -2  1  2 -3 -1 -1  0 -2 -4 -4 -2 -3 -3  3  4  1 -4  0 -3 1 0 0 25
-3 -3 -3 -4 -4 -3 -4 -4 -1 -2 -2 -3 -2  6 -4 -1  1  6  6 -2 1 0 0 5
 3 -3 -2 -3  4 -3 -3  5 -3 -4 -4 -3 -3 -4 -3 -1 -2 -4 -4 -3 1 0 0 10
-2 -3 -4 -5  5 -3 -4 -4 -4  1  0 -3  8 -2  0 -3 -2 -3 -3  2 1 0 0 10
-2 -3 -4 -4 -2 -3 -4 -4 -4  1  5 -3  1 -1 -4 -3  0 -3 -2  0 1 0 0 10
 0 -3 -4 -3 -2 -2  0 -4 -3  0  4 -2  1 -1 -3 -2 -2  2 -2  0 1 0 0 30
-2 -3 -1 -2 -4 -2 -2 -3 -3 -4 -4 -2 -3 -5  8  1  1 -5 -4 -3 1 0 0 40
-2 -5 -4 -5 11 -5 -5 -4 -5 -3 -3 -5 -3 -4 -5 -3 -3 -4 -4 -2 1 0 0 20
 1 -1  0 -1 -3  0 -2  5 -2 -4 -4  0 -3 -4 -3 -1 -2 -4 -4 -3 1 0 0 30
-1 -3 -2  0 -2 -2 -2 -3 -3  3  1 -2  0 -1  0 -1  1 -3 -2  2 0 1 1 45
-2 -3  0  7 -4 -2  0  1 -2 -4 -5 -2 -4 -5 -3  1 -2 -5 -4 -4 0 1 1 25
-2  2 -2 -2 -3  1  0 -3  2  0  1  3  2 -2 -2 -1 -1 -3  0  1 1 0 0 30
-4 -4 -4 -5 -4 -4 -5 -5 -2 -2 -1 -4 -1  8 -5 -4 -3  0  4 -2 1 0 0 5
-1  3  0 -2 -3  2 -1 -2  5 -3 -3  1 -2 -3 -2  2  2 -3 -1 -3 1 0 0 20
-1 -4 -2 -3 -4 -3 -3  7 -3 -5 -5 -3 -4 -5 -3 -1 -3 -4 -4 -5 1 0 0 0
 0 -3 -3 -3 -2 -3 -3 -4 -4  1  1 -3  0 -2 -3 -1  3 -4 -2  5 1 0 0 0
-2 -1 -1  0 -5  3  7 -3 -1 -5 -4  0 -3 -5 -2 -1 -2 -4 -3 -4 1 0 0 10
-3 -3 -2 -4 -4 -3 -4 -4 -1 -2 -1 -4 -2  6 -5 -3 -3  1  7 -2 1 0 0 0
-1 -4 -4 -4 -2 -3 -4 -4 -4  2  0 -3  0 -2 -4 -3  0 -4 -2  6 1 0 0 0
-2 -5 -4 -5 11 -5 -5 -4 -5 -3 -3 -5 -3 -4 -5 -3 -3 -4 -4 -2 1 0 0 0
-2 -5 -4 -5 11 -5 -5 -4 -5 -3 -3 -5 -3 -4 -5 -3 -3 -4 -4 -2 1 0 0 5
-2 -4 -4 -3 -4 -3 -3 -4 -4 -4 -4 -2 -4 -5  9 -2 -3 -5 -5 -4 1 1 1 40
-1 -3 -3 -4 -1 -2 -3 -4 -3  3  2 -3  2  0 -3 -2 -1 -2 -1  3 1 1 1 70
