-3  7 -2 -3 -5  0 -1 -4 -2 -5 -4  4 -3 -5 -3 -2 -3 -4 -3 -4 1 1 1 95
 3 -1 -2 -2 -2  0  2 -2 -3 -1 -2 -2 -1 -3 -3  0  3 -4 -3  2 0 1 1 30
-4  8 -3 -4 -6 -1 -3 -5 -3 -5 -5  1 -4  0 -5 -3 -4 -5 -4 -5 0 0 1 65
 1  1 -3  0 -3 -2  0 -3 -3  1  2 -2  6 -2 -4 -2 -2  3 -3 -1 0 0 1 65
-1 -3  0  5 -5 -1  2 -2 -3 -5 -5 -2 -4 -5  5  1 -1 -5 -4 -4 0 0 1 40
-3  4 -2  0 -5  1  3 -2 -1 -4 -4  4 -3 -5 -2 -2 -3 -5 -4 -2 0 0 1 25
-1  0  4  3 -4  2  2  0  0 -4 -4  0 -3 -4  0  0  1 -4 -3 -3 0 0 1 40
 0 -2 -1  2 -4  3  4 -3  0 -3 -2  0 -3 -4 -3  0 -2 -4 -3 -1 0 0 1 55
-2 -4 -5 -5 -3 -4 -5 -5 -5  2  5 -4  2 -2 -5 -4 -3 -4 -3  3 0 0 1 0
-3  2 -3 -3 -3 -1  1 -4 -3  0  3  1  3 -1 -4 -3  0 -4 -3 -1 0 0 1 5
 0 -3  3  6 -5  0  2 -2 -3 -4 -5 -2 -4 -5 -3  0 -2 -6 -5 -4 0 0 1 40
 1  0 -1 -2 -3  1  0 -2  0  1  1  1  3 -2 -3 -1 -1 -3 -2  0 0 0 1 35
-3 -5 -5 -6 -3 -4 -5 -6 -5  5  4 -5  1 -2 -5 -4 -2 -4 -3  1 0 0 1 0
-2 -5 -5 -6 -5 -3 -5 -5 -1 -1 -1 -5  1  8 -6 -4 -2 -2  4 -3 0 0 1 35
 1  0  0  0 -3  2  2  0  2 -4 -3  3 -3 -4 -1  2  0 -4 -3 -3 0 0 1 35
 3 -2 -2 -4  5  0 -3 -3  0  0  2 -3  0 -2  1 -2 -2 -4 -1 -1 0 0 1 0
-5 -6 -6 -7 -5 -6 -6 -6 -4 -3 -2 -6 -3  9 -7 -5 -5 -2  2  0 0 0 1 10
 1  3 -1  1 -4  0  5 -1 -2 -4 -3  1 -3 -5 -3  1 -2 -5 -4 -4 0 0 1 75
-1  3  1  0 -5  2  3 -2 -2 -2 -4  4 -3 -5 -3 -1 -2 -5 -4 -3 0 0 1 70
-2  1 -1 -3 -5  2 -1 -4  7 -4 -4  1 -3  1 -4 -1 -2  1  5 -4 1 1 1 65
-2  0 -1  1 -5  5  2 -4 -2 -5 -4  1 -1 -5  4  0 -1 -5 -4 -4 1 1 0 50
-4 -3  1 -4 -5 -3 -2 -2  5 -4 -2 -4 -3  2 -5 -2 -2 -1  8 -4 1 1 1 55
-3 -5 -5 -6 -5 -4 -5 -5 -3 -4 -2 -5 -4  0 -5 -5 -4 11  6 -1 1 0 1 10
 0 -1  3  0 -3 -2 -2 -2 -1 -4 -3  0 -3 -4  1  4  3 -5 -4 -3 1 1 1 25
-3 -4 -5 -5 -3 -4 -5 -5 -4  4  3 -4  4  2 -5 -4 -2 -3 -2  2 0 0 1 25
-3  2 -3 -2 -5  1 -1 -3 -3 -3 -5  7 -4 -6 -4 -1 -2 -6 -4 -2 0 0 1 75
 1  1  0  4 -4  1  3  0 -1 -3 -3 -1 -1 -4  0 -1 -1 -5 -4 -2 0 0 1 45
-3 -4 -4 -4 -3 -4 -4 -5 -4  2  5 -4  0  1  1 -4 -3 -3 -3 -1 0 0 1 0
-1  3  0 -2 -1  2  1  0 -2  0 -2  2 -1 -3 -2  0 -1 -3 -2  2 0 0 1 25
 1  1  0  2 -3  2  1  1 -1 -2 -1  1 -2 -1 -2  0 -1 -3 -1 -2 0 0 1 80
 0  2 -2 -1 -3  0  1 -3  2  2  0  1  0  0 -3 -2 -1 -3 -1  0 0 0 1 35
-2 -3 -2  0  1 -3 -3 -4 -4  1  0  2 -2 -2 -4  1  5 -5 -4 -1 1 1 1 5
-2  3  0  1 -5  4  2 -1 -1 -4 -3  3  0 -3  0 -1 -2 -4 -3 -3 1 1 1 95
-4  2 -3 -4 -6  8 -1 -5 -3 -5 -1  1 -3 -6 -4  0 -4 -5 -5 -5 1 1 0 20
-1  1 -5 -1 -6 -4 -4 -5 -5 -6 -6 -4 -6 -7  8 -1 -4 -7 -6 -6 1 1 1 60
-1  1 -2  0 -4  1  4 -3  0  0  0  1 -2 -3  0 -2  0 -4 -2  1 0 0 1 40
 0 -1  1  0 -2  1 -1  0  2  0  0  0  1  0  1  0  0 -3 -1  0 0 0 1 60
-3 -4 -4 -4 -5 -4 -2 -5  3 -1 -2 -4 -3  5 -5 -4 -4  4  8 -2 0 0 1 20
-3 -4 -5 -6 -3 -4 -5 -6 -5  2  5 -4  0 -2 -5 -4 -1 -4 -3  1 0 0 1 0
-1  4 -2 -3 -5  1 -1 -4 -3 -5 -4  6 -3 -5 -3 -2 -1 -5 -4 -4 0 0 1 35
-1 -2 -2  3 -5  2  6 -2 -2 -5 -5  1 -4 -5 -3 -1 -1 -5 -4 -4 0 0 1 60
-1 -4 -2 -4  2 -2 -3 -4 -4  5  0 -2  0 -2 -4 -1  2 -4 -3  3 0 0 1 0
-3 -4 -5 -6 -3 -4 -5 -6 -5  1  6 -4  2 -2 -5 -4 -3 -4 -3  1 0 0 1 0
-2  3  2  2 -4  0  3 -1  0 -4 -3  2 -3 -4 -3  0  0 -4 -3 -4 0 0 1 80
-2 -1  0  3 -5  0  5 -1 -2 -4 -4  2  0 -5 -3  0 -1 -5 -4 -4 0 0 1 60
-3 -5 -5 -5 -3 -5 -5 -6 -5  6  1 -5  0 -2 -5 -4 -3 -5 -3  3 0 0 1 5
 5 -4 -4 -4  6 -3 -4  2 -4 -4 -4 -3 -3 -4 -3 -1 -2 -4 -2 -3 1 1 1 5
-2 -3  1  1 -1  0 -1 -3  2  2  0 -2  0  0 -3 -2  1 -3  0  3 1 1 1 30
-3 -1 -4 -5 -1  1 -3 -5 -2 -1  3 -2  1  2 -5 -4 -3 -1  6 -1 0 0 1 30
-1 -2  6  1 -4  0  0 -3  4 -2 -3 -2 -3 -4 -4 -1  0 -5 -3  1 1 1 1 30
-1  3  0 -2 -4  1 -1 -2 -1 -3 -2  4 -1 -4 -1  0  1 -4 -3 -1 1 1 1 70
-1  4  0 -1 -4  0 -1 -3  0 -2 -4  4 -2 -4 -3  2  1 -4 -3 -3 1 1 1 50
-1 -3  0 -1 -4 -3 -3  6 -1 -3 -5 -2 -4 -4  1 -2 -3 -4 -4 -4 0 1 1 80
 0  0 -1  0 -3 -1  1  0 -3 -2 -2 -1 -3 -4  6 -1  1 -4 -4 -2 0 1 1 80
-3  0  3 -3 -4 -1 -2 -4  7 -4 -3 -3 -3  4 -4 -2 -3 -2  5 -4 1 1 1 70
 2  3 -1 -2 -3  2 -1 -3 -1 -3 -3  4  0 -4 -3  0  1 -4 -3 -1 1 1 1 50
-2 -2  5  0 -4  0 -2  2  3 -4 -2 -1  2 -2 -3  1 -1 -4  0 -3 1 1 1 50
-2 -1  1 -3 -1 -1 -1 -3  2  0  1  2  5 -2 -3  0  3 -3  0 -1 1 1 1 10
-5 -5 -6 -7 -5 -5 -5 -6  1 -5 -4 -5 -4  0 -6 -5 -5 11  6 -5 1 0 0 10
-2  0 -1 -1  0  1  5 -1  1 -4 -4  0 -3 -4 -3  1  0 -4  0 -2 1 1 1 15
-4 -2 -6 -6 -3 -4 -5 -6 -5  0  6 -4  0 -2 -5 -5 -3 -4 -3 -1 1 1 1 10
-2  1 -2 -3 -5  1 -1 -4 -3 -5 -5  7 -4 -5 -3 -1 -1 -5 -4 -5 1 1 1 35
 0 -1 -1  1 -4 -1  0 -4 -3 -5 -5 -1 -4 -5  7  0 -2 -5 -5 -4 1 1 1 75
 0 -2  0  1 -5  2  6 -4 -2 -4 -4 -1 -1 -5 -3 -2 -3 -5 -4 -2 1 1 0 80
-1 -4 -2 -5 -5 -4 -5 -5 -1 -3 -3 -4 -3  4 -5 -4 -4  3  8 -3 1 1 0 40
-3  5 -2 -3 -1  2  0 -4 -2 -5 -4  5 -3 -5 -3 -1 -2 -5 -3 -4 1 1 1 15
-2  2  3 -1 -2  2  2 -2  6 -4 -2  1 -2 -3 -3 -1 -2 -3  1 -3 1 1 1 95
-2 -2 -3 -3 -3  1 -2 -4  0  0  1 -1  0  2 -3 -1  0  0  6 -1 1 1 1 45
-2  4 -1 -2 -4  4  1 -3 -1 -4 -3  3 -2 -4 -2  0 -1 -4 -3 -3 1 1 1 85
