-2 -2  1  6 -4  0  2 -2 -1 -3 -4 -1 -3 -4 -2  0 -1 -5 -3 -4 1 1 1 95
-2  6 -1 -2 -4  1  0 -3  0 -3 -2  2 -2 -3 -2 -1 -1 -3 -2 -3 1 1 1 70
-2 -2  1  6 -4  0  2 -2 -1 -4 -4 -1 -3 -4 -2  0 -1 -5 -3 -4 1 1 1 50
 1 -1  1  0 -1  0  0  0 -1 -3 -3  0 -2 -3 -1  4  1 -3 -2 -2 1 1 1 50
-1 -4 -3 -4 10 -3 -4 -3 -3 -1 -2 -3 -2 -3 -3 -1 -1 -3 -3 -1 0 0 0 10
 0 -3 -3 -4 -1 -2 -3 -4 -3  3  1 -3  1 -1 -3 -2  0 -3 -1  4 1 1 1 35
-2 -2  2  6 -4  0  1 -1 -1 -4 -4 -1 -3 -4 -2  0 -1 -5 -3 -3 1 1 1 60
-1  2  0 -1 -3  1  1 -2 -1 -3 -3  5 -2 -3 -1  0 -1 -3 -2 -3 0 0 1 65
 1 -1  1  0 -1  0  0  0 -1 -3 -3  0 -2 -3 -1  4  1 -3 -2 -2 0 0 1 10
-1  5  0 -1 -4  2  0 -2  0 -3 -2  3 -1 -3 -2 -1 -1 -3 -2 -3 1 1 1 65
-1 -4 -3 -4 10 -3 -4 -3 -3 -1 -2 -3 -2 -3 -3 -1 -1 -3 -3 -1 1 1 1 5
 3 -1 -1 -1 -1  2  0  3 -1 -2 -2  0 -1 -3 -1  1  0 -3 -2 -1 1 1 1 40
-1  2  0 -1 -3  1  1 -2 -1 -3 -3  5 -2 -3 -1  0 -1 -3 -2 -3 1 1 0 50
-2 -2 -2 -3 -3 -2 -2 -3  2 -2 -1 -2 -1  3 -3 -2 -2  2  7 -1 1 0 0 70
 0 -3 -1 -2 -3 -2 -2  6 -2 -4 -4 -2 -3 -3 -2  0 -2 -3 -3 -4 1 0 0 40
-2 -2  1 -2 -3 -1 -2 -3  3 -2 -2 -2 -1  2  1 -1 -2  1  7 -2 1 1 1 80
-2 -2 -2 -3 -3 -2 -2 -3  2 -2 -1 -2 -1  3 -3 -2 -2  2  7 -1 1 1 1 30
 1 -1  0 -1 -2  3  0  4 -1 -3 -3  0 -2 -2 -2  1 -1 -2  1 -2 0 0 1 70
-1  1  0  0 -3  5  3 -2  0 -3 -3  1 -1 -4 -1  0 -1 -2 -2 -3 0 0 1 45
-1 -4 -3 -4 10 -3 -4 -3 -3 -1 -2 -3 -2 -3 -3 -1 -1 -3 -3 -1 0 0 1 -5
-1 -1  0  4 -3  2  3 -2 -1 -2 -3  0 -2 -3 -1  0  2 -3 -2 -2 0 0 1 25
 0 -1  0  4 -3  0  3 -2 -1  0 -2 -1 -1 -3 -2  0 -1 -4 -2  0 0 0 1 45
-1 -4 -3 -4 10 -3 -4 -3 -3 -1 -2 -3 -2 -3 -3 -1 -1 -3 -3 -1 0 0 1 25
-1 -4 -3 -4 10 -3 -4 -3 -3 -1 -2 -3 -2 -3 -3 -1 -1 -3 -3 -1 0 0 1 0
-1  2  0 -1 -3  1  1 -2 -1 -3 -3  5 -2 -3 -1  0 -1 -3 -2 -3 0 0 1 45
-1  2  2  0 -3  1  1 -2 -1 -3 -3  5 -2 -3 -1  0 -1 -3 -2 -3 0 0 1 85
 4 -2 -2 -2 -1 -1 -1  0 -1 -2 -2 -1 -1 -1 -1  1  0 -2  1  0 0 0 1 45
 0 -3 -1 -2 -3 -2 -2  6 -2 -4 -4 -2 -3 -3 -2  0 -2 -3 -3 -4 0 1 1 65
-2 -1  1  3 -4  0  1 -2  7 -4 -3 -1 -2 -2 -2 -1 -2 -3  1 -3 1 1 0 45
-1  4  4  0 -3  1  0 -1  0 -3 -3  2 -2 -3 -2  0  0 -3 -2 -3 0 1 1 85
 2 -1 -1 -2 -2 -1 -2  5 -2 -2 -2  0 -2 -3 -2  0 -1 -3 -3 -1 1 1 1 5
 0 -3 -1 -2 -3 -2 -2  6 -2 -4 -4 -2 -3 -3 -2  0 -2 -3 -3 -4 1 0 0 15
 0 -1  1 -1 -1 -1 -1 -2 -2 -1 -2 -1 -1 -2 -1  1  5 -3 -2  0 1 0 0 45
-1 -4 -3 -4 10 -3 -4 -3 -3 -1 -2 -3 -2 -3 -3 -1 -1 -3 -3 -1 1 0 0 0
-1 -2 -1  2 -2 -1  1 -3 -2  2  0 -1  3 -1 -2 -1 -1 -3 -2  2 1 0 0 55
-2 -2 -3 -4 -3 -2 -3 -3  1 -1  0 -3 -1  5 -4 -2 -2  2  6 -1 1 1 0 80
-2 -3 -3 -4 -3 -3 -3 -3  0 -1  0 -3  0  6 -4 -2 -2  1  5 -1 1 1 0 60
-1  2  0 -1 -3  1  1 -2 -1 -3 -3  5 -2 -3 -1  0 -1 -3 -2 -3 1 0 0 45
-1 -4 -3 -4 10 -3 -4 -3 -3 -1 -2 -3 -2 -3 -3 -1 -1 -3 -3 -1 1 0 0 0
-1  2  0 -1 -3  1  1 -2 -1 -2 -2  5  1 -3 -1  0 -1 -3 -2 -2 1 0 0 50
-1 -4 -3 -4 10 -3 -4 -3 -3 -1 -2 -3 -2 -3 -3 -1 -1 -3 -3 -1 1 0 0 30
 2 -2 -1 -2 -1 -1 -1  2 -2  0 -1 -1 -1 -2 -2  1  2 -3 -2  1 1 1 1 95
