-2 -2 -3 -4 -2 -1 -3 -4 -3  0  1 -2  9 -1 -4 -3 -2 -2 -2  0 1 1 1 85
-1  0  1 -1 -2 -1 -2 -3 -2  3  1  0  4 -1 -1 -2 -1 -3 -2  2 1 1 1 15
-2  0  4  3 -3  0  0 -2  3 -4 -4  2 -3 -4 -1  0  0 -4 -2 -3 1 1 1 35
 0  1  0 -1 -3  4  1 -2  0 -2 -1  1 -1 -3  2  0  0 -3 -1 -1 1 1 0 75
 0  1  4  0 -3  0 -1 -2  4 -1 -2  0 -1 -3 -1  1  1 -3 -1 -1 1 1 0 50
-1  0 -2 -2 -3  0  0 -3  2 -3 -2  1 -1 -3  7 -1 -2 -3 -1 -3 1 1 1 10
-1  2 -1 -1 -3  2  0 -2 -1 -3 -3  5 -1 -4  1 -1  0 -4 -2 -2 1 1 1 45
 0  6 -1 -2 -4  1 -1 -3  0 -4 -3  2 -2 -4 -3 -1 -2 -3 -2 -3 1 0 1 30
 0 -1  0 -1 -2 -1 -1 -1  3 -3 -3 -1 -2  0 -2  5  1 -3 -1 -2 1 1 1 0
-1 -2  4  5 -3 -1  0  0  2 -3 -1 -1 -2 -1 -2  0 -1 -4 -2 -2 1 1 0 40
 0  0 -1  1 -4  1  6 -2 -1 -4 -3  1 -3 -4 -2  0 -1 -4 -3 -3 0 0 1 5
-2 -3 -3 -2 -4 -2 -2 -3 -3 -4 -4 -2 -3 -5  8 -2 -2 -5 -4 -3 0 0 1 5
-1 -3 -3 -3 -2 -3 -3 -4 -3  3  1 -3  1  0  4 -2 -1 -3 -2  3 0 0 1 30
-1 -3 -4 -4 -2 -3 -3 -4 -2  0  0 -3  0  5 -4 -3 -2  7  3  2 0 0 1 20
-4 -4 -5 -6 -4 -3 -4 -4 -4 -4 -3 -4 -3  0 -5 -4 -4 12  1 -4 0 0 1 20
 0 -3 -2 -3 -2 -2 -3  4 -3 -1  2 -2  0 -1 -3  0 -1 -3 -2 -1 0 0 1 45
-2 -3 -4 -4 -2 -2 -3 -4 -3  1  5 -3  4  0 -4 -3 -2 -2 -2  0 0 0 1 40
-3 -4 -4 -5 -3 -4 -4 -4 -2 -1  0 -4 -1  8 -5 -3 -3  0  3 -2 0 0 1 10
 0 -2 -1 -2 -3 -2 -2  5 -2 -4 -4 -2 -3 -4 -2  3 -1 -3 -3 -3 0 0 1 30
 5 -2 -2 -3 -1 -2 -2  0 -2 -2 -2 -1 -1 -3 -2  1 -1 -3 -2  0 0 0 1 50
 0 -3 -1 -2 -3 -3 -3  7 -3 -5 -5 -2 -4 -4 -3 -1 -2 -3 -4 -4 0 0 1 0
 0 -3 -1 -2 -3 -2 -3  6 -3 -4 -4 -2 -3 -4 -3 -1  0 -3 -4 -4 0 0 1 -5
 0 -2 -2 -3 -2 -1 -2 -3 -2  1  0 -2  6 -1 -2  0  3 -3 -2  1 0 0 1 30
-1 -3 -4 -4  3 -3 -3 -3 -3  2  1 -3  0  0 -4 -2 -1  9  0  2 0 0 1 20
 2 -2 -1 -2  1 -1 -1  1 -2 -2 -2 -1 -1  3 -2  3  1 -2  0 -1 0 0 1 5
 5 -2 -2 -2 -1 -2 -2  1 -2 -2 -2 -1 -2 -3 -2  1 -1 -3 -3 -1 0 0 1 -5
-2 -3 -4 -4 -2 -2 -3 -4 -3  3  3 -3  4  1 -3 -3 -1 -2 -1  2 0 0 1 15
 1 -3 -3 -4  1 -3 -3 -3 -2  2  1 -3  0  4 -3 -2 -1 -1  1  1 0 1 1 10
 1 -2 -1 -2 -2 -2 -2  1 -1  1  0 -2  0  2 -2  1  1 -1  2  0 0 0 1 5
 1 -3 -3 -2 -3 -2 -2 -2 -3 -3 -3 -2 -3 -4  8 -2 -2 -4 -3 -3 0 0 1 5
 2 -2 -3 -3 -2 -2 -2 -1 -3  1 -1 -2  1 -2  2 -1 -1 -3 -2  3 0 0 1 0
-1 -2 -3 -3 -2 -2 -3 -3 -3  2  3 -2  3 -1 -2 -2  1 -2 -2  2 0 0 1 5
-2 -3 -3 -3 -2 -3 -3 -4 -3  5  1 -3  0 -1 -3 -3 -1 -3 -2  4 0 0 1 0
-1 -3 -4 -4 -2 -3 -3 -4 -3  3  4 -3  1  2 -3 -3 -2 -2 -1  1 0 1 0 30
-2 -3 -3 -4 -2 -3 -3 -4 -3  3  3 -3  1  0  1 -2 -1 -3 -2  3 0 1 0 5
-1 -2 -2 -3 -2 -2 -2 -3 -3  2  2 -2  1  1 -2 -1  2 -2 -1  2 0 1 0 15
 0 -3 -2 -2  3 -3 -3  5 -3 -1 -1 -2 -2 -3 -3  1 -1 -3 -3 -2 0 1 0 0
-2 -4 -4 -4 -2 -3 -4 -2 -4  5  2 -3  0  1 -4 -3 -2  3 -1  2 0 1 0 10
 0 -3 -4 -5  0 -3 -4 -4 -4  1  5 -4  3 -1 -4 -3 -2 -3 -2  0 0 1 0 15
 1 -3 -4 -4 -2 -3 -4 -4 -4  3  4 -3  1  0 -3 -2 -2 -3 -2  2 0 1 1 5
-1 -4 -4 -3 -4 -3 -3 -4 -4 -3  0 -3 -3 -4  8 -2 -2 -5 -4 -1 0 1 1 0
-1 -3 -3 -4 -2 -2 -3 -1  0  0  3 -3  2  3  0 -2 -2 -2 -1  0 0 1 1 55
-1 -3 -2 -3 -3 -3 -3  6  0  0 -2 -3 -3 -3 -3 -2 -2 -4 -3  0 0 1 1 50
-1 -3 -4 -4 -2 -3 -3 -1 -3  3  3 -3  2  0 -3 -3 -2  5  0  2 1 1 1 60
-1 -3 -3 -4 -2 -3 -3 -2 -3  3  3 -3  1  2 -3 -2  0 -2  0  1 1 1 0 20
-1 -2 -1  2 -3 -2 -1  1 -2 -3 -1 -2 -2 -1  5  1  0 -3 -3 -3 1 1 0 40
 2 -1 -1 -1 -2 -1  0  2 -2 -2 -1 -1 -1 -3  4  0 -1 -3 -2 -1 0 1 1 80
-1 -1  0  5 -4  0  2  2 -1 -4 -4  0 -3 -4  0  0 -2 -4 -3 -2 0 1 1 70
 3  0  0 -1 -2 -1  0 -1  2 -1 -1 -1 -1 -1 -2  0  0 -3 -1  0 0 1 1 0
-1  0 -2  0 -2 -1 -1 -1 -2  1  2 -1  2  1 -1 -1 -1 -2 -1  1 0 1 1 10
 2 -2  0  1 -2 -1 -1  0 -2 -3 -3 -1 -2  1  1  4  0 -3 -2 -2 1 1 0 15
-2 -3 -3 -4 -3 -3 -3  1  2 -2 -2 -3 -2  2 -4 -3 -3  2  8  0 0 0 1 25
 0 -1  0  3 -3  2  4 -1  2 -2 -3 -1 -2 -3  0 -1  0 -3 -2 -1 0 0 1 65
-2  5  3 -2 -4  0  0 -2  4 -4 -2  1 -2 -4 -3  1 -1 -4 -2 -3 0 0 1 30
 2 -3 -4 -4 -2 -3 -3 -3 -4  4  1 -3  1 -2 -3 -1 -1 -4 -2  3 0 0 1 20
 0 -1 -2 -3 -2 -2 -2 -3  4  1  2 -2  1  1 -3  0  0 -2  1  1 0 0 1 15
 4 -2 -1 -1 -2 -1 -1  3 -1 -2 -3 -1 -2 -3 -2  1  0  1 -3 -1 0 0 1 55
-3 -4 -4 -5 -4 -4 -5 -5  1 -2  1 -4  1  8 -5 -4 -4  4  2 -1 0 0 1 40
 4 -3 -3 -3  2 -2 -2 -2  2  0  0 -2 -1 -2 -3  1 -1 -3  0  1 0 0 1 5
 0  1 -1 -2 -3  3 -1  0  5 -3 -3  1 -2  0 -3  0  2 -3 -1 -3 0 1 1 40
 0 -2  3 -2 -3 -1 -2 -1  4 -4 -4 -2 -3 -4 -3  4  2  0 -2 -3 1 1 0 30
-1 -3 -2 -4 -3 -3 -3 -2 -3  2  0 -1 -1  3  3 -3 -3  8  0  0 0 0 1 80
 0 -4 -4 -4 -3 -2 -4 -4 -3  4  2 -3  0  3  1 -3 -1  4  1  0 0 0 1 70
-1 -4 -2 -3 -4 -4 -4  7 -4 -4 -4 -3 -4 -5 -4 -2  0 -4 -5  0 0 0 1 -5
 2  3 -2 -3 -3 -1 -1 -1 -2 -3 -2  4  0  1 -3 -1  0 -3  1 -2 0 0 1 20
 0 -3 -4 -4 -1 -3 -4 -2 -4  2  4 -3  2  0 -2 -3 -2 -3 -2  1 0 0 1 45
 0 -4 -4 -4 -2 -4 -4 -4 -3  2  0 -4 -1  6 -4 -3 -2 -2  0  3 0 0 1 20
-2 -3 -4 -4 -2 -3 -4 -5 -4  4  4 -3  1 -1 -4 -3  0  0 -2  2 0 0 1 15
-1 -3 -4 -4 -2 -3 -4  0 -3  2  3 -3  1  3 -4 -3 -2  3  0  1 0 0 1 25
 2 -3 -3 -3 -2 -2 -3  3 -3  0  2 -2  0 -2 -3 -1 -1 -3 -3  2 0 0 1 30
-1 -3 -3 -4 -2 -2 -3 -4 -3  2  2 -3  5 -1 -3 -1  1 -3 -2  3 0 0 1 0
-1 -4 -4 -4 -2 -3 -4 -4 -4  5  2 -3  0 -1 -4 -2  1 -3 -2  3 0 0 1 0
 2 -3 -3 -3  3 -2 -3 -2 -3  3  0 -2  0  1 -3  1 -1 -3 -1  2 0 0 1 0
-1 -3 -4 -5 -2 -3 -4 -4 -4  0  5 -4  2  3 -4 -3 -1 -2 -1  0 0 0 1 20
-1 -3 -3 -3 -4 -3 -3 -4 -3 -2 -1 -3  2  1  7 -1 -2 -4 -2 -1 0 0 1 0
 0 -3 -4 -4 -2 -2 -3 -4 -3  1  4 -3  5  1 -4 -2 -1 -3 -2  1 0 0 1 0
-5 -5 -6 -6 -4 -4 -5 -5 -4 -4 -3 -5 -3  4 -6 -5 -4 12  2 -4 0 0 1 15
 0 -2 -2 -3  6 -2 -2 -1  9 -4 -3 -3 -3 -3 -4 -1 -3 -4 -1 -4 0 0 1 0
 4 -3 -2 -3 -2 -2 -3  5 -3 -3 -3 -2 -3 -4 -3  0  0  2 -3 -2 0 0 1 0
 2 -3 -3 -4  2 -2 -3 -3 -3  0  2 -3  5  1 -3 -2 -2 -3 -2  1 0 0 1 0
-4 -2 -1 -3 -5 -1  0 -4 10 -5 -5 -2 -4 -3 -4 -3 -4 -4  0 -5 0 0 1 5
-3  8 -2 -3 -5  0 -2 -4 -2 -5 -4  1 -3 -5 -4 -2 -3 -5 -3 -4 0 0 1 0
-2 -4 -4 -4 -2 -3 -4 -4 -4  4  2 -3  2  3 -4 -3 -2 -2 -1  2 0 0 1 20
-3  2 -2 -3 -1 -1 -2 -4  8 -4 -2 -2 -2  2 -4 -3 -3 -2  5 -4 0 0 1 20
-3 -2 -1 -3 -5 -1 -2 -4 10 -4 -1 -1 -3  0 -4 -3 -3 -3  3 -4 0 0 1 20
 1 -3 -1 -2 -1 -2 -2  4 -3  0 -2 -2 -1 -3 -3  1  1 -3 -3  0 0 0 1 20
-3 -3 -4 -5 -3 -3 -4 -5 -4  0  5 -3  7 -1 -4 -3 -1 -3 -2  0 0 0 1 20
-3 -2 -1 -3 -5 -1 -2 -4 10 -5 -4 -1 -3  0 -4 -1 -3 -4  0 -5 0 0 1 50
-3 -3  0  8 -5 -2  0 -1 -3 -5 -6 -2 -5 -5 -3 -2 -3 -6 -5 -5 0 0 1 0
-2 -3 -4 -5 -2 -3 -4 -5 -4  2  4 -3  3  2 -4 -3 -2 -2 -1  1 0 1 1 30
-1  2 -1 -2 -4  1 -1  2  3 -4 -4  4 -2 -4 -2  0  0 -4 -2 -3 0 1 1 45
-2 -4 -4 -4 -2 -4 -4 -5 -4  5  2 -4  0  2 -1 -3 -2 -3  0  3 1 1 1 45
-3  1 -1 -3 -4 -1 -2  2  9 -4 -3 -1 -3 -1 -1 -2 -3 -4  0 -4 1 1 1 60
 1  0 -1 -3 -2 -2 -2 -1 -3  2  0 -1  0  0  0 -1  1 -3 -2  3 1 1 1 25
-2 -1 -2  2 -4 -2 -2  4 -3 -4 -3 -2 -3 -4  6 -1  0 -4 -4 -4 0 1 1 45
 3  0  0 -2 -2 -1 -2 -2 -1 -1  0  0 -1 -3 -2  0  1 -4 -2  2 0 1 1 15
 0 -1  1 -1 -3 -1 -2  4 -1  0 -1 -2 -2 -3 -3  1  0 -3 -3 -2 0 0 1 10
 0  2  0 -2 -3  1 -1  1  2 -2 -3  4 -2 -4 -2  0 -1 -4 -2 -3 0 0 1 35
-1 -3 -1 -4 -3 -3 -3 -3 -2  2  1 -1 -1  0 -4 -3 -2  8  2  1 0 0 1 60
 1 -3 -4 -4 -2 -3 -3 -3 -4  3  2 -3  0 -1 -3 -2 -1  2 -2  3 0 0 1 50
-2 -4 -4 -5  7 -4 -4 -4 -3 -2  0 -4  1  6 -4 -2  0 -2  0 -2 0 0 1 10
-4 -4 -4 -5 -4 -3 -4 -5  0 -3 -3 -4 -3  1 -5 -2 -3  1  9 -3 0 0 1 5
 1 -4 -2 -3 -3 -3 -3  6 -3 -2 -2 -3 -3 -2 -3 -1 -3 -4 -4 -3 0 0 1 30
 0 -3 -3 -3 -2 -3 -3  0 -3  1  3 -3  2  3 -3 -1  0 -2 -1  1 0 0 1 45
 6 -3 -2 -3 -2 -2 -2 -1 -3 -3 -3 -2 -2 -4 -2  2  0 -4 -3 -2 0 0 1 0
 4 -3 -3 -3 -2 -2 -2  0 -3  0 -1 -2  0  2 -2  0  1 -3 -1  1 0 0 1 40
 1 -3 -4 -4 -2 -3 -3 -4 -4  3  4 -3  1 -1 -3 -2 -1 -3 -2  2 0 0 1 60
-1 -3 -3 -4 -2 -3 -3  1 -2  2  2 -3  1  1 -3 -2 -2 -1  3  2 0 0 1 15
 0 -2 -1 -2 -2 -2 -2 -2 -2 -3 -3 -2 -2 -1 -2  4  5 -4 -3 -2 0 0 1 15
 2 -3 -3 -4 -2 -3 -3 -2 -3  2  2 -3  1  0 -3 -2 -1 -3 -2  4 0 0 1 25
 0 -3 -3 -4 -2 -3 -3 -4 -3  3  2 -3  1  1 -3 -2  0  0 -1  3 0 0 1 30
 3 -3 -2 -3  3 -2 -2 -2 -3  0 -1 -2 -1 -3 -2  1  3 -4 -3  2 0 0 1 0
 0 -3 -3 -4  0 -3 -3  0 -3  2  3 -3  1  3 -3 -2  0 -2 -1  1 0 0 1 30
 1 -3 -3 -3  2 -3 -3  0 -3  3  0 -3 -1  2 -3 -1  0  4  2  1 0 0 1 15
 2 -3 -3 -3 -2 -2 -3  2 -3  0  2 -2  1  2 -3 -1 -1  1 -1  0 0 0 1 0
-1 -3 -4 -4 -2 -1 -3 -4 -4  3  3 -3  1 -1 -3 -3  0 -3 -2  4 0 0 1 5
-1 -3 -4 -4 -1 -3 -4 -4 -3  3  3 -3  1  4 -4 -3 -2 -2  0  2 0 0 1 50
 2 -1  0 -2 -2  2 -1 -1 -2 -1 -1 -1  2 -2 -2  1  3 -3 -2 -1 0 0 1 30
-2 -3 -4 -4 -2 -3 -4 -5 -4  4  3 -3  3 -1 -4 -3 -2 -3 -2  2 1 1 1 40
