 5 -4 -4 -4 -3 -4 -4 -3 -5 -4 -4 -4 -4 -5 -4  0  5 -6 -5 -3 1 1 1 15
-5 -4 -5 -6 -6 -5 -5 -7  6 -3 -3 -5 -3  4 -7 -5 -5  0  8 -4 1 0 0 5
-3 -1 -4 -6 -4 -4 -4 -6 -5  3 -2  0 -2 -1 -5 -3 -1 -5 -1  6 1 0 0 0
-4 -6 -6 -5 -4 -4 -6 -7 -7  7 -1 -6 -1 -4 -6 -5 -3 -6 -5  5 1 0 0 0
 1 -4  0 -2 -1 -3 -2  0 -4 -3 -3 -3 -3 -5 -2  1  6 -6 -5 -3 1 1 1 0
-3 -2  1  5 -6  2  4 -3 -3 -6 -4 -1 -5 -5 -3  0 -3 -6 -5 -5 0 0 0 5
 1 -2  3  1 -4 -1  1 -2 -2 -2 -2 -1 -1 -4  3  1  0 -5 -4 -2 0 0 0 15
-5 -8 -8 -8 12 -8 -9 -7 -8 -6 -6 -8 -6 -7 -8 -6 -6 -7 -1 -6 0 0 0 5
-3  1 -4 -4 -4 -1 -1 -5 -4  6 -1 -2 -1 -2 -4 -3 -2 -5 -4  3 0 1 1 -5
 1  0  1  2 -3  0 -2  4 -2 -4 -3  2 -2 -3 -3  1 -2 -4 -3 -4 0 1 1 25
-4 -6 -6 -6 11 -6 -3 -6 -1 -1 -4 -6 -5 -6 -6 -2 -2 -6 -5  2 0 1 1 0
-2  0  0 -1 -3 -2 -1  3 -3 -2 -1  4  2 -4 -3 -1 -1 -4 -3 -2 1 1 1 5
 0 -1 -1  4 -2 -1 -1 -1  1 -2 -2 -1 -1  0 -1 -1 -1 -1  4 -2 1 1 1 15
 1  1 -1 -2 -2  0 -1  0  3 -2 -1  1  0 -2 -1  0  3 -2 -1 -1 1 1 1 0
 3 -3 -2  3  0 -2 -1 -3 -2 -2 -3 -1 -2 -4  1  2  1 -5 -2 -2 0 0 1 25
-5 -8 -8 -9 12 -8 -9 -8 -8 -6 -6 -8 -6 -7 -8 -6 -6 -7 -7 -6 0 0 1 5
 1 -2 -4 -3 -3 -1  1 -5 -4  2 -1 -2  1 -3 -4 -3  0 -5 -3  5 0 0 1 0
 1 -2  1  3 -4  0  4  0 -2 -4 -4 -1 -3 -3  1  1 -1 -5 -3 -2 0 0 1 55
 1 -3 -3 -2 -3 -2  4 -4 -4 -1 -3 -3 -2 -4 -4  0 -1 -5 -3  5 0 0 1 30
-5 -8 -8 -8 12 -8 -9 -7 -8 -6 -6 -8 -6 -7 -8 -6 -6 -7 -7 -6 1 1 1 10
-4 -5 -4 -6 -7 -5 -5 -6 -6 -7 -4 -3 -7 -8  9 -5 -4 -8 -7 -7 0 1 1 50
-1 -4 -2 -4 -2 -4 -4 -6 -6 -1 -3 -2  0 -1 -5 -3  0 -6 -4  7 0 1 1 40
-1 -4  3  6 -6 -2  2  1 -4 -5 -6 -2 -4 -6 -4  0 -3 -6 -4 -6 1 1 1 40
 5 -6 -6 -6  9 -5 -6 -4 -6 -5 -5 -5 -5 -6 -4 -2 -4 -6 -6 -3 1 1 1 0
-5 -7 -7 -7 -5 -7 -7 -7 -6  7 -1 -6 -1  5 -7 -6 -5 -5 -3  0 1 0 0 0
-2  1 -2 -2 -4 -2 -1 -4  6 -3 -5 -2 -3 -1 -5  3  0 -3  5 -3 1 0 0 10
-2 -3 -3  0 -6  1  6 -2 -1 -1 -3 -2  2 -2  3 -2 -3 -5 -4 -3 1 0 0 20
-1 -3 -2  0 -5 -3 -1  6 -3 -2 -6 -1 -5 -6 -5 -1  0 -6 -5 -3 1 1 1 0
 0 -2  0  4 -5  0  3  0 -2 -4 -4  0 -3 -5  4 -1 -2 -5 -4 -4 1 1 0 40
-2  2  4  4 -5 -1  1  1 -1 -5 -5  0 -3 -4  0  0 -1 -5 -3 -4 1 1 0 0
-2  0 -2 -3 -2  2 -2 -4  2  1 -1  2  5  3 -2 -1  0  2  0 -1 1 1 1 -5
 0 -2 -5 -5 -3 -4 -4 -5  0 -1  4 -4  2  1 -3 -2 -2 -2  5 -1 1 0 0 0
-1 -3 -3 -4 -3 -3  0 -5  2  0 -2 -2 -1  0 -5 -1 -2  3  6  4 1 0 0 -5
-5 -7 -7 -7 -5 -6 -7 -7 -7  8 -2 -6 -2 -4 -6 -6 -4 -6 -5  2 1 0 0 0
-4 -4  4  7 -4 -2 -1 -3  4 -4 -6 -3 -4 -6 -5 -2 -3 -7 -2 -5 1 1 1 5
 1 -4 -3 -4 -5  0  0 -4 -3 -4 -5 -1 -5 -1  7 -3 -2 -6 -3 -4 0 1 1 30
-1 -3  0  6 -4 -1  3 -2 -2 -2 -5 -2 -4 -6 -3 -1 -2 -6 -4 -3 0 1 1 80
 0  0 -2 -1 -4  0  4 -3 -3 -2 -1  2 -2 -4 -3  0  1 -5 -4 -1 0 1 1 35
-5 -8 -7 -8 12 -7 -8 -7 -7 -6 -6 -8 -6 -1 -7 -5 -5 -7 -7 -5 1 1 1 10
-3 -4 -3 -6 -2 -4 -4 -6 -6  7 -1 -3 -1 -3 -5 -3  1 -6 -4  3 1 1 1 55
-4 -2  0  7 -4 -3  3 -1  1 -6 -6 -1 -6 -4 -4 -2 -4 -7 -3 -5 1 1 1 45
-5 -8 -7 -8 12 -7 -8 -7 -7 -6 -6 -8 -6 -6 -7 -5 -5 -7 -1 -5 1 1 1 35
-1 -5 -1  0 -3 -4 -3  7 -3 -6 -6 -3 -1 -6 -3 -1 -2 -6 -6 -3 1 1 1 35
 4 -1 -2 -3 -3 -1 -2 -2 -4  0  1 -1  1 -3 -3  0  0 -4 -3  1 1 1 1 50
-5 -8 -7 -8 12 -7 -8 -7 -8 -6 -6 -8 -6 -7 -7 -5 -5 -7 -7 -5 0 0 1 5
 2 -1 -3 -2 -4 -1  3 -4 -2  0 -1  0 -1 -3 -3 -2 -2 -5 -2  3 0 0 0 30
 0 -2 -1  2 -3  0  0 -1 -2 -1 -2 -1 -1 -4  5  1  0 -4 -2  0 0 0 0 65
 1 -2 -2 -1 -4 -1  4 -3 -3  0 -2 -1 -1 -4 -1 -1  0 -5 -4  3 0 0 0 45
-5  1 -7 -8 11 -7 -7 -7 -7 -5 -5 -6 -6 -7 -7 -5 -5 -7 -7 -5 1 1 1 10
-2 -1 -4 -1 -5 -4 -2 -2 -5 -2 -5 -1 -5 -6  8 -2 -2 -6 -6 -5 0 1 1 45
 1 -3 -1 -3 -3 -1 -1 -4 -3  1 -1 -1  0 -1 -1 -1  1  1  0  4 0 1 1 0
 0  0  2  2 -4  1  3  1  0 -4 -3  0 -3 -4 -3  1 -1 -4 -3 -2 1 1 1 60
 6 -4 -4 -4  3 -3 -3  0 -4 -3 -4  0 -3 -5 -3  0  0 -5 -4  0 1 1 1 0
 1 -5 -5 -5  2 -5 -5 -5 -5  7  0 -5 -2 -3  0 -4 -3 -5 -4  1 1 0 0 0
-1 -1 -1 -2 -1 -1 -1 -2  1  1 -1 -1  0  3 -2  1  0  0  2  1 1 0 0 20
 1 -2 -2 -1 -4  0  1 -3  0 -2  0 -1 -1 -2  4  0 -2  0  1 -1 1 0 0 10
 1 -4 -2  4 -6 -1  5 -3 -2 -4 -4 -2 -1 -2  0 -2 -3  0 -1 -3 0 0 0 40
-2  1 -1  5 -6 -2  3 -2  1 -5 -4 -2 -5 -3  0 -1  1 -1 -1 -1 0 0 0 80
-1  2  0  5 -2  1  4 -3 -1 -3 -3  0 -1 -2 -4 -1 -2 -6 -5 -4 0 0 0 60
-2  1 -2 -3  0 -2 -2 -5 -1  0  4 -2  0 -3 -3 -3 -2  2 -1  3 1 1 1 5
-1 -3 -3  0 -5 -1 -2 -3 -5 -2 -4 -1 -4 -5  7 -1  1 -6 -5 -1 1 1 1 25
 1 -2 -2  4 -5 -1  4 -1 -1 -3 -5 -1 -5 -4  2 -1 -1 -6 -5 -4 0 0 0 80
-1 -1  0  3 -4  0  3  1 -1 -3 -1  0 -3 -4 -1  0  1 -5 -2 -3 0 0 0 65
 0 -2 -2  0 -5  5  1 -4  1 -2  0 -2  1 -1 -5 -2 -3  6 -1 -2 0 0 0 15
 0  2  0 -1 -2  2  3 -2  1 -2 -1  3 -2 -4 -3 -1 -1 -2 -2 -2 0 1 1 45
 1  0 -1  1 -4  2  2 -2  3 -1 -3  2 -2 -3  2 -1 -2 -1 -3 -1 0 0 1 45
-4 -6 -6 -4 -3 -5 -4 -4  0 -4 -1 -6  0  6 -6 -4 -5  8  6 -3 0 0 1 0
 1 -2 -3 -4 -3 -2 -2 -4 -2  4  2 -1  0 -2 -3 -2  0 -4  1  2 0 0 1 20
 2  0 -2  2 -5  2  5 -2 -3 -5 -3  1 -3 -5 -1 -2 -2 -5 -4 -2 0 0 1 60
 0 -1 -4 -1 -3 -2 -2 -3 -3  4  3  1  1 -1 -4 -2 -2 -2 -3  1 0 0 1 20
-2 -5  8 -1 -6 -4 -2 -4 -4 -7 -7 -2 -1 -6 -6 -3 -2 -7 -2 -6 0 0 1 0
 5  3 -4 -4 -4 -2 -1 -3 -5 -3 -4  0 -2 -5 -4 -1 -1 -6 -4  0 0 0 1 30
 1  1 -1  3 -6  0  5 -4 -1 -2 -4  2 -2 -3 -4 -1 -2 -6 -3 -4 0 0 1 50
-4 -2 -5 -6 -3 -4 -3 -5 -1 -2  3 -2  0  6 -6 -5 -5  0  6 -2 0 0 1 5
 4 -5 -2 -5 -2 -4 -2 -3 -2 -3 -4 -4 -4  6 -5  2 -2 -3  3 -2 0 0 1 0
 2  2 -1  2 -4  2  3 -2 -3 -4 -4  2 -2 -5  1 -1 -1 -5 -4 -3 0 1 1 65
-1  1  0  1 -2  1  1 -1  0  0  0  2 -1 -2 -1 -1  0 -3 -2  0 0 1 1 50
-4  0 -2 -4 -1 -3 -4 -4  4 -4  1 -4 -4  1 -5 -2 -2 10  1 -4 1 1 0 5
-3  0 -3 -1 -6 -2 -2 -2 -5 -6 -5  1 -5 -6  8 -4 -2 -6 -6 -5 1 1 1 60
 0  0  4  0 -3 -1 -2  0 -2 -2 -2 -2 -1 -4  1  0  0 -5 -4  2 1 0 1 45
-2  0 -4 -4 -4 -2 -4 -4 -5  6  2 -3 -1 -1 -1 -2 -2 -5 -4  1 1 1 1 5
-1  0 -1  0 -4 -3 -2 -1 -2  0 -2 -3 -2 -2  1  0  5 -5 -3  0 1 1 1 45
 1  2 -2 -1 -4  1  3  1 -1 -3 -3  1 -1 -3  0  0 -1 -4 -3 -2 1 1 0 75
 0  3 -3 -2 -5  0 -2 -1 -3 -3 -1  4 -1 -5  2 -1 -1  2 -3 -1 1 1 1 35
-2  2 -3  1 -3  0 -1  0 -2 -1  0  5 -2 -4 -2 -2 -1 -3 -3 -1 1 1 1 40
 2 -2 -2  4 -4 -2  2  0 -2 -3 -3 -1 -3 -5  3  0  0 -5 -5 -2 1 1 1 85
 3 -2 -4 -4 -6 -3 -1 -4 -2 -6 -5 -4 -4 -7  7  0 -2 -7 -5 -2 1 1 1 30
-3 -3 -4 -2 -3 -4 -5 -3 -5 -2  4 -3  3 -2  5 -3 -4 -5 -2  0 1 1 1 25
 2 -2 -3  1 -5 -3  1  0 -2 -4 -4 -2 -2 -6  6 -2 -1 -6 -5 -3 0 1 1 85
-3 -3  0  6 -1  1  2  2 -4 -3 -3 -2 -2 -6 -1 -2 -2 -6 -5 -3 0 1 1 55
 6 -2 -2 -2 -4 -3 -3 -1  2 -5 -5 -3 -4  0 -1 -2 -3  0 -2 -4 0 0 1 0
 0 -2 -2  5 -5  0  4 -2  2 -2 -4  1 -4 -5 -1 -2 -3 -2 -4 -4 0 0 1 70
 1  0 -1  3 -5  1  4 -3 -1 -4 -4  2 -3 -5 -2 -1 -2 -5 -4 -2 0 0 1 55
-2 -2 -5 -7 -6 -4 -4 -6  3 -5 -4 -4  2  2  1 -5 -3 11  2 -2 0 0 1 25
 1  2  2  3 -4 -1  1 -2 -1 -3 -2  3 -2 -3  0 -1 -1 -2 -4 -3 0 1 1 30
-1  0  0  3 -5 -1  0  5 -1 -5 -3 -1 -4 -3 -2 -1 -2 -5 -2 -4 0 1 1 55
-1  0 -2 -2 -4 -1  2 -3 -1  0 -2  2  0 -4 -1 -2 -1 -5 -4  4 1 1 1 35
 1  0 -1  0 -4 -1  1 -3 -3 -4 -2  3 -3 -5  5  0  1 -5 -4 -4 1 1 0 80
 0 -1  4  4 -5 -3 -1  4 -1 -6 -6 -3 -5 -6 -2 -2 -3 -6 -4 -5 1 1 1 40
-4  2 -1 -4 -7 -2 -3 -1 -4 -6 -6  7 -5 -7 -5 -4 -4 -6 -5 -6 0 0 0 0
 0  2 -4 -5 -4 -3 -3 -5 -3  0  4  0 -1  4 -2 -3 -2  1  2 -2 0 0 0 35
 1  0  0  1 -4  2  3  0  1 -3 -4  1 -3 -4  1  0 -1 -4 -3 -3 0 0 0 75
-2 -1 -3 -3 -4  0  0 -4  2 -2  2  4  0  2 -4 -2 -3 -1  4 -3 0 0 0 30
-4 -5 -6 -6 -4 -5 -5 -6 -4  0  5 -5 -1  3 -6 -5 -4 -3  5 -2 1 1 1 25
-2 -1 -1  2 -4  1  5  0 -2 -1 -4  1 -3 -4 -3  2 -2 -5 -4 -3 1 1 1 50
-3  6 -2 -3 -5  2 -1 -4 -2 -5 -4  4 -3 -5 -4 -2 -3 -5 -4 -4 1 1 1 75
