-1 -4 -3 -4 10 -3 -4 -3 -3 -1 -1 -3 -2 -3 -3 -1 -1 -3 -3 -1 1 1 1 70
 4 -1 -1 -1 -1 -1 -1  0 -2 -2 -2 -1 -1 -2 -1  2  0 -3 -2 -1 1 1 1 10
-1  5  0 -1 -4  1  0 -2 -1 -3 -3  4 -2 -3 -2 -1 -1 -3 -2 -3 1 1 1 75
 0  2  0 -1 -3  1  1 -1 -1 -3 -3  4 -2 -3 -1  2  0 -3 -2 -2 0 1 1 40
-2  5  0  3 -4  1  0 -2 -1 -3 -3  2 -2 -3 -2 -1 -1 -3 -2 -3 0 1 1 80
 1 -1  4  0 -2  0  2  3 -1 -3 -3  0 -2 -3 -2  0 -1 -3 -2 -2 1 1 0 55
-3 -3 -4 -5 -3 -2 -3 -3 -3 -3 -2 -3 -2  1 -4 -3 -3 12  2 -3 1 0 1 65
-1 -4 -3 -4 10 -3 -4 -3 -3 -1 -1 -3 -2 -3 -3 -1 -1 -3 -3 -1 1 1 1 15
 1 -2 -1 -1 -2  0  2  5 -2 -3 -3 -1 -2 -3 -2  0 -1 -3 -3 -2 1 1 0 35
-1  2  0 -1 -3  1  1 -2 -1 -3 -3  5 -2 -3 -1  0 -1 -3 -2 -3 1 1 0 65
 0 -1  2 -1 -1 -1 -1 -1 -1 -1 -2 -1 -1 -3 -1  1  5 -3 -2  0 1 1 1 75
-1  0  0  2 -4  2  5 -2  0 -4 -3  1 -2 -4 -1  0 -1 -3 -2 -3 1 1 1 60
-2 -1  3  6 -4  0  1 -1 -1 -3 -4 -1 -3 -4 -2  0 -1 -5 -3 -3 0 1 1 70
-1 -4 -3 -4 10 -3 -4 -3 -3 -1 -1 -3 -2 -3 -3 -1 -1 -3 -3 -1 1 1 1 5
-1 -4 -3 -4 10 -3 -4 -3 -3 -1 -1 -3 -2 -3 -3 -1 -1 -3 -3 -1 1 1 1 35
-1 -4 -3 -4 10 -3 -4 -3 -3 -1 -1 -3 -2 -3 -3 -1 -1 -3 -3 -1 0 1 1 35
-1 -2 -2 -2 -3 -1 -1 -2 -2 -3 -3 -1 -3 -4  8 -1 -1 -4 -3 -3 0 1 1 25
-1 -2 -2 -3 -2 -1 -2 -3 -2  1  2 -2  6  0 -3 -2 -1 -2 -1  1 1 1 1 10
-1  2  0 -1 -3  1  1 -2 -1 -3 -3  5 -2 -3 -1  0 -1 -3 -2 -3 1 0 0 35
-1 -4 -3 -4 10 -3 -4 -3 -3 -1 -1 -3 -2 -3 -3 -1 -1 -3 -3 -1 1 0 0 15
-1 -3 -3 -3 -1 -3 -3 -4 -4  4  2 -3  1  0 -3 -2 -1 -3 -1  3 1 0 0 30
-2  0 -2 -3 -3 -1 -1 -3  1 -2 -2  1 -1  2 -3 -1 -2  2  7 -2 1 1 1 45
 4 -2 -2 -2  0 -1 -1  0 -2 -1 -2 -1 -1 -2 -1  1  0 -3 -2  0 1 1 1 50
-3 -3 -4 -5 -3 -2 -3 -3 -3 -3 -2 -3 -2  1 -4 -3 -3 12  2 -3 1 1 0 85
-2 -2 -2 -3 -3 -2 -2 -3  2 -2 -1 -2 -1  3 -3 -2 -2  2  7 -1 1 1 0 55
-1  0  6  1 -3  0  0 -1  0 -3 -3  2 -2 -3 -2  0  0 -4 -2 -3 1 1 1 40
-1  0  0  0 -3  4  3  2  0 -3 -3  1 -1 -3 -2  0 -1 -3 -2 -3 1 1 0 80
-1  1  3  0 -3  5  2 -2  0 -3 -3  1 -1 -3 -2  0 -1 -3 -2 -3 0 1 1 40
 1 -2  0 -1 -2 -1 -1  5 -2 -3 -3 -1 -2 -3 -2  2  0 -3 -3 -3 1 1 1 0
 1 -1  3  0 -1  0  0  0 -1 -3 -3  0 -2 -3 -1  4  1 -3 -2 -2 1 0 0 15
-1 -4 -3 -4 10 -3 -4 -3 -3 -1 -1 -3 -2 -3 -3 -1 -1 -3 -3 -1 1 0 0 0
-1  1  0  3 -3  5  2 -2  0 -3 -3  1 -1 -4 -2  0 -1 -3 -2 -3 1 0 0 40
 0 -1  3  0 -2  0  0 -1  4 -2 -2 -1 -1 -2 -2  2  3 -3 -1 -2 0 0 1 40
 0 -1  0 -1 -1 -1 -1 -2 -2 -1 -1 -1 -1 -2 -1  1  5 -3 -2  0 1 1 1 30
-2 -3 -4 -4 -2 -3 -4 -4 -3  4  1 -3  1  3 -3 -3 -1 -2  0  2 0 0 1 70
 1 -1  0  0 -1  0  0 -1 -1 -2 -2  0 -1 -3 -1  4  3 -3 -2 -1 0 0 1 30
 3 -2 -1 -2 -1 -1 -1  4 -2 -2 -2 -1 -2 -3 -1  1  2 -3 -2 -1 0 0 1 0
-1 -3 -3 -4 -1 -2 -3 -4 -3  3  3 -3  3  0 -3 -2 -1 -2 -1  2 0 0 1 65
-3 -3 -4 -4 -3 -3 -3 -3 -2 -2 -1 -3 -1  4 -4 -3 -3 10  3 -2 0 0 1 75
-1  2  0 -1 -3  1  0 -2 -1 -2 -2  4 -1 -3 -1  0  2 -3 -2 -2 0 0 1 50
 0  1  3  0 -3  1  0 -1  0 -3 -3  4 -2 -3 -1  2  0 -3 -2 -2 1 1 1 75
-1 -4 -3 -4 10 -3 -4 -3 -3 -1 -1 -3 -2 -3 -3 -1 -1 -3 -3 -1 1 1 1 80
