-2 -1  5  0 -3 -1 -1 -2  3 -3 -2 -1 -2  2 -3 -1 -1 -1  4 -3 1 1 1 95
-2 -3 -3 -3 -2  1 -1 -4 -3  3  2 -2  5 -1 -3  0 -1 -3 -2  2 1 1 1 85
 0 -3 -1 -3 -3 -3 -3 -4 -3  1  0 -3  5 -3  2  0  4 -4 -3  1 1 1 1 85
-2  1 -3 -2 -6  1  5 -5 -1 -4 -4  4  0 -6 -1 -1 -3 -6 -5 -5 1 1 0 80
-3  0  0  0 -5  1  4 -4 -3 -2 -5  3 -2 -5  4 -1 -1 -5 -3 -4 1 0 0 95
-1 -1 -1  1 -3 -2  0 -4 -4  2  2 -2 -1 -2 -2 -1  0 -4 -2  3 1 1 1 80
 0  0 -1  0 -3  0  2 -3 -3  0  0  0  2 -3  1  1  1 -4 -2  0 1 1 1 75
 0 -2 -2  2 -3  1  3 -3 -2  0 -3  2 -3 -4 -3  1 -1 -3 -3  1 0 1 1 85
 1 -1  1  4 -3  0  3 -3 -3 -2 -3 -1 -3 -4 -1  0 -1 -6 -5  0 0 1 1 75
-2 -3  1  2 -5 -1  3  3 -2 -5 -6  0 -3 -3  1  0 -1 -3 -3 -5 1 1 1 70
-3 -2  0  2 -6  1  5 -2  0 -5 -4  0 -2 -4  1  0  0 -6 -2 -4 1 1 1 30
-2  0  1  2 -4  2  5 -1 -1 -4 -5  1 -2 -6  0 -1 -1 -3 -3 -4 1 1 1 75
-2 -3 -3  0 -6  0  6 -5 -2  0 -1 -3 -3 -1 -5 -4 -3 -6 -2  3 1 1 1 55
-7 -7 -8 -8  1 -7 -5 -8 -1 -6 -5 -7 -4  7 -8 -5 -6  5  8 -5 1 0 0 35
 1 -4 -3 -1 -6 -1  5 -5 -2  0 -3 -1 -1 -3 -4 -2  0 -6 -3  2 1 0 0 35
 0 -7 -8 -8 -6 -7 -5 -6 -8  2 -3 -7 -2 -6 -4 -6 -5 -8 -6  7 1 0 0 10
-5 -3 -4  0 -9  0  8 -5 -1 -9 -8 -1 -7 -9 -7 -4 -6 -8 -7 -8 1 0 0 40
 0  3 -2 -1  3  0  0 -3 -2 -5 -5  5 -3 -3 -5  0 -2 -1  0 -5 1 0 0 45
-6 -7 -8 -8 -6 -7 -5 -8 -8  8  0 -7 -4 -1 -7 -7 -5 -7 -6  3 1 0 0 10
-4 -1 -6 -6  1 -3 -3 -6 -2  3  5 -3  2 -4 -4 -5 -3 -3 -5  2 1 0 0 40
 0 -1  1  6 -2 -3  0  1 -2 -7 -6  0 -2 -5 -6  0 -4 -7 -7 -7 1 0 0 50
-2  2 -3 -3 -1 -1  0 -4  5 -1 -5  5  1 -3 -3  1 -3 -2  0 -2 1 0 0 35
-5  7 -4 -4  0  0 -3 -5 -1 -4 -4  3 -2 -4 -6 -4 -5  0 -5 -3 1 0 0 40
-2  1 -3 -2 -2 -1 -1 -3 -2  2  1  1  0  2 -2 -2  0  1  1  2 1 0 0 55
-2  3  1  0 -3  0  0 -3  2  1 -2  2 -1 -2 -3 -2  0 -2 -1  2 1 0 0 40
-3  3  4  1 -1  0  0  0  1 -6 -4  4 -3 -4 -2 -1 -2 -1 -2 -5 0 1 1 90
-3  0  1  0 -3 -3 -2  6 -2 -6 -6  1 -5 -4 -5 -2 -4 -6 -3 -2 0 1 1 85
-3  3 -1 -3 -2  2  1 -1  0 -2 -4  5 -3 -4 -3 -2 -1 -1 -4 -2 1 0 0 40
 0 -1 -1 -2 -2 -1 -1 -3 -2  1  1  0  0 -1  1 -2  1  2 -1  2 1 0 0 15
-1 -1 -1 -2 -3  4  5 -4  0 -4 -1  0  1 -2 -4 -2 -3 -1  1 -3 1 0 0 15
-6  0 -6 -7 -1 -6 -4 -5 -1 -5 -2 -6 -5  4 -7 -6 -6 -2  9 -2 1 0 0 0
-4  0 -4 -4 -2  0 -4 -6 -1 -2  5 -1  0  3 -6 -4 -4 -4  1 -2 1 0 0 20
-3 -6 -6 -4 -1 -3 -6 -6 -6  4  1 -5  0 -4 -6 -1 -2 -6 -4  6 1 0 0 0
-4  3 -2 -2 -6  1 -2 -4  0 -4 -2  6 -3 -6  0 -3 -3 -1 -5 -5 1 0 0 15
-7 -3 -8 -8 -7 -7 -7 -7 -7 -7 -6 -7 -6 -4  0 -7 -7 13  0 -7 1 0 0 0
-1  1 -2 -2 -5  0  1 -5 -1 -2 -2  6 -1 -3 -4 -2  0 -6 -2 -1 0 1 1 55
-3 -2  1  1 -6 -4 -2  6  0 -6 -6 -2 -5 -6 -5 -3 -2  1 -1 -3 0 1 1 85
-5 -5 -5 -6  1 -5 -5 -6  1 -2 -2 -2 -4  5 -6 -5 -2  7  8 -4 1 1 0 40
 0 -1  0  2  1  0  0  1  1 -2 -2 -1 -4 -1  3  2  0 -5 -4 -4 1 1 1 55
-1 -1  0  2 -4  0  2 -2  2 -1 -1  0  0 -1  2  1 -1  2  0 -1 0 0 0 65
 0  0  0  1 -1  0  3 -2  1 -3 -2  2 -1 -2 -3  2 -1 -4 -1 -2 0 0 0 75
-2 -2  0  4 -1  1  4 -2  3 -5 -3 -1 -4 -1 -4 -1 -2  0  2 -3 0 0 0 40
-1  0  6  3  1 -2 -2 -3 -3 -5 -4 -2 -1 -5  0  1 -1 -6  0 -5 1 1 1 20
-3 -3 -2 -2 -1 -3  0 -5 -5 -5 -4 -3  0 -6 -3  2  7 -6 -5 -3 1 0 0 25
-3 -3 -9 -10 -8 -7 -8 -8 -8 -8 -3 -8  0 -1 -9 -8 -8 13  0 -8 1 0 0 30
-4 -3 -3 -2 -7 -1  7 -4 -5 -1 -3 -2 -6 -7 -6 -3 -3 -7 -6  1 1 0 0 5
-2 -4 -3  0 -7 -3 -2 -5 -3 -5 -4 -3 -6 -4  8 -1 -2 -7 -4 -5 1 0 0 15
 2 -1 -4 -2 -5 -1  5 -3 -1 -1 -1  0  0 -3 -2 -1 -2 -1 -2 -1 0 0 0 35
 0  0 -2  1 -3  0  5 -3 -1 -3 -4  1 -3 -5 -1  2 -1 -2 -2 -3 0 0 0 60
-3 -3  7  4 -3 -1 -1 -4  5 -4 -7 -2 -1 -5 -4 -1 -3 -7 -3 -5 0 0 0 25
-4 -6 -6 -7  4 -6 -6 -7 -6  3  5 -6  2  1 -6 -4 -3  0 -4  1 1 1 1 10
-2 -1  4  3 -5 -1  0 -2  3 -3  0  0 -2 -1 -2  0  0 -5 -1 -2 1 1 1 40
 2 -4  0  2  9 -5 -3 -3 -2 -2 -3 -5 -5 -2 -3 -1 -1 -6 -5 -1 1 1 1 5
-1 -1 -1 -1  1  0  0 -4  0 -2 -2  2  0 -4  5  0  0 -5 -2 -3 0 0 1 40
-1  2  0  3 -3  1  4 -2  0 -4 -3  0 -4 -5 -3  0  0 -1 -1 -3 0 0 1 40
 0 -4 -6 -4 -2 -5 -2 -5 -3  1  5 -2  3 -1 -5 -3 -2 -5 -2  0 0 0 1 10
-3 -4 -4 -6 -5 -6 -6 -7 -6  6  3 -6  0  0 -4 -4 -2 -5 -4  3 0 0 1 10
 1  1  0  2 -1  2  3 -3  1 -4 -2  2 -1 -4 -3 -1 -2 -5 -3 -3 0 0 1 35
 2 -1  0  3 -3  2  4 -3 -2 -2 -4  1 -2 -6 -4 -1 -2 -2 -4 -3 0 0 1 25
-6 -7 -7 -8 -7 -4 -7 -8 -3 -3 -4 -2 -3  8 -8 -7 -7  4  6 -6 0 0 1 15
-3  0  1 -1 -4 -1  4 -5  5 -1  0 -1  1 -1 -3 -3 -2  4  1 -3 0 0 1 35
 0  3  2 -1 -5  3  3 -3 -1 -4 -3  3 -3 -5 -3  0 -1 -5 -3 -2 0 0 1 60
-1  3  1 -1 -3  1  0 -3 -1 -5 -4  4 -4 -5 -4  3  0 -3 -3 -3 0 0 1 35
-3  2  1 -1 -5  5  1 -4  3 -2  0  1  0  0 -3 -2 -3 -3  2 -3 0 0 1 45
-1  3 -2 -2 -6  1  2 -1 -2 -5 -4  5 -3 -5  3 -1 -2 -3 -3 -4 1 1 1 65
 2  0  1  0 -4  1  1  0 -1 -3 -2  2 -2 -3 -1  2  0 -5 -3 -2 1 1 0 70
 1  2  0 -1 -4  1  1  1 -2 -2 -2  3 -2 -3 -2  0  0 -5 -3 -2 1 1 0 45
-2  2  0 -1 -1  1  1 -1  3 -5 -4  4 -4 -5  3 -2 -3 -3 -2 -4 1 1 1 70
 0  2  1  0 -5  1  3 -1 -1 -4 -4  3 -3 -5  0 -1 -1 -5 -2 -4 0 1 1 65
-1  1  1 -2 -3  0  0  1 -2 -4 -3  4 -2 -5  1  0  1 -5 -2 -3 0 1 1 75
-2  2  0  3 -5  0  2 -2 -1 -4 -4  4 -4 -5  1  1 -1 -6 -4 -4 1 1 1 70
-2  5 -1 -2 -6  0  0  1 -3 -6 -5  5 -4 -4 -3 -2 -2 -6 -5 -5 1 1 1 90
 3 -4 -2 -3 -3 -3 -3  1 -4 -4 -4 -3 -4 -5 -3  5  3 -5 -4 -3 1 1 1 95
