-1  1  0  0 -3  5  2 -2  0 -3 -2  3 -1 -3 -1  0 -1 -2 -2 -2 1 1 1 75
-1  1  0  0 -3  5  1 -2  0 -3 -2  1 -1 -3 -1  1  0 -2 -2 -2 1 1 1 85
 0 -2  0 -1 -3 -2 -2  6 -2 -4 -4 -2 -3 -3 -2  1 -1 -3 -3 -3 1 1 0 45
-1 -3 -2 -2 -3 -2 -1 -3 -3 -3 -3 -1 -3 -4  8 -1 -1 -4 -3 -3 1 1 1 35
-1  0  0  0 -3  6  2 -2  0 -3 -3  1 -1 -4 -2 -1 -1 -2 -2 -3 1 1 1 50
-1  0 -1 -1 -4  6  2 -2  0 -3 -3  1 -1 -4  1 -1 -1 -3 -2 -3 1 1 1 80
-1  5 -1 -2 -4  1  0  2  1 -4 -3  1 -2 -3 -2 -1 -2 -3 -2 -3 1 1 1 35
-1  1 -1 -1 -3  3  0  0  2 -3 -3  0 -2 -3  5  0 -1 -3 -2 -3 1 1 1 40
-1 -1 -1 -1 -3  3  1 -2 -1 -3 -3  0 -2 -3  6  0 -1  4 -2 -3 0 0 1 70
 1 -2 -3 -3  3 -2 -2 -2 -3  1  3 -2  1 -1 -2  0 -1 -2 -2  0 0 0 1 40
-2  0 -3 -3 -2 -2 -2 -3  1  1  3  0  1  2 -1 -2 -2 -2  0  0 0 0 1 25
-1  3  0 -1 -3  5  2 -2  0 -3 -2  2 -1 -3 -2 -1 -1 -2 -2 -3 0 0 1 65
-1  0 -1 -1 -3  5  2 -3  0 -2  0  1  2 -3 -2 -1 -1 -2 -2 -2 0 0 1 60
-1 -4 -3 -4  9 -4 -4 -3 -3 -2 -2 -4 -2 -2 -4 -2 -2 -3  0 -1 0 0 1 0
-1 -4 -3 -4 10 -4 -4 -3 -4 -2 -2 -4 -2 -3 -4 -2 -2 -3 -3 -2 0 0 1 5
-1 -1  6  0 -3  3  0 -1  0 -4 -3  0 -2 -3 -2  1  0 -4 -2 -3 0 0 1 50
-1  0 -1  1 -4  3  5 -3 -1 -4 -3  0 -2 -4 -2 -1 -1 -3 -2 -3 0 0 1 25
-2 -3 -4 -4 -2 -3 -3 -4 -3  1  5 -3  2  0 -3 -3 -2 -2 -1  0 0 0 1 0
-2  4  0 -2 -4  3  0 -3  5 -3 -3  1 -2 -2 -2 -1 -2 -2  1 -3 0 1 1 50
-1  0 -1  0 -4  6  3 -2  0 -3 -3  1 -1 -4 -2 -1 -1 -3 -2 -3 0 1 1 70
-1 -1 -2  0 -3  0  4 -3 -1  0 -1 -1 -1 -2 -2 -1 -1 -3 -2  3 1 1 0 25
-2 -1  1  5 -4  1  4 -2 -1 -4 -4  0 -3 -4 -2 -1 -1 -4 -3 -3 1 1 1 55
-1  2 -1 -2 -3  1  0 -2 -2 -3 -3  3 -2 -4  6 -1 -1 -4 -3 -3 0 0 0 35
-1  1 -2 -1 -2 -1 -1 -3 -2  1  2  0  2 -1  2 -2 -1 -2 -1  1 0 0 0 40
-1 -4 -4 -4 10 -4 -4 -3 -4 -2 -2 -4 -2 -3 -4 -2 -2 -3 -3 -2 0 0 0 5
-1  2 -3 -3 -2 -2 -2 -3 -3  2  0 -1  0 -2 -3 -2 -1 -3 -2  4 0 0 1 0
-1 -4 -4 -4 10 -4 -4 -3 -4 -2 -2 -4 -2 -3 -4 -2 -2 -3 -3 -2 0 0 1 15
-1 -2 -2 -2 -3  2 -1 -3 -2 -3 -3 -1 -3 -4  7 -1 -2 -4 -3 -3 0 0 1 20
-1 -2  3 -1 -2 -1 -1 -2 -2 -1 -2 -1 -1 -3 -2  1  5 -3 -2  1 0 0 1 0
-2 -3 -4 -4 -2 -3 -3 -4 -3  1  5 -3  2  0 -3 -3 -2 -2 -2  0 0 0 1 0
-1  4 -1 -1 -4  1  2 -2 -1 -3 -3  4 -2 -3 -2 -1 -1 -3 -2 -3 0 0 1 45
 0  0 -1 -1 -3  5  1  3 -1 -3 -3  1 -2 -4 -2 -1 -1 -3 -2 -3 0 0 1 25
 4 -2 -2 -2 -1 -1 -2 -1 -2 -1 -1 -1  3 -2 -2  0 -1 -3 -2  0 0 0 1 0
 3 -2 -1 -2 -1 -1 -1 -1 -2 -1 -1 -1 -1 -2 -1  2  0 -3 -2  1 0 0 1 0
-1  3 -1 -1 -4  3  0 -2  2 -3 -3  4 -2 -3 -2 -1 -1 -3 -2 -3 0 0 1 50
 3  1 -1 -1 -2  3  0 -1 -1 -2 -2  0 -1 -3 -1  1 -1 -3 -2 -1 0 0 1 35
-1 -2 -3 -3 -2  2 -2 -3 -3  2  1 -2  0 -1 -3 -2 -1 -3 -2  4 0 0 1 5
-1  4 -1 -1 -3  3  0 -2 -1 -2  0  2 -1 -3 -2  0 -1 -3 -2 -2 0 0 1 40
-1 -1 -1 -2 -3  4  1 -1 -1 -1  1  0  1  2 -2  0 -1 -1  1  0 0 0 1 30
-2  1 -1 -1 -4  7  1 -3  0 -4 -3  1 -1 -4 -2 -1 -1 -3 -2 -3 0 0 1 75
 0 -2 -1 -1 -2  0  0  5 -2 -1 -2 -1 -2 -3 -2 -1  0 -3 -3  0 0 1 1 70
-1  2 -1 -1 -3  6  1 -3  0 -1 -2  1  2 -3 -2 -1 -1 -3 -2 -2 1 1 1 85
-2 -1 -1 -1 -3  3  1  0  6  0 -2 -1 -1  1  0 -1 -2 -2  0 -2 1 1 1 35
-1  1 -1 -1 -3  3  0  3 -1 -3 -1  2  0 -3 -2 -1 -1 -3 -2 -2 1 1 0 45
-1 -1 -1 -1 -3  3  0  3 -1 -4 -3 -1 -2 -4  5 -1 -2 -3 -3 -3 0 0 1 85
-1  1 -1 -1 -3  3  2  0  3 -2 -2  0  1  1 -2  0 -1 -2  0 -2 0 0 1 50
-1  0 -1 -1 -3  5  2 -2 -1 -1 -1  2  2 -3 -2 -1 -1 -3 -2  0 0 0 1 30
-1 -2 -2 -3 -1 -2 -2 -3 -3  3  2 -2  1 -1 -3  0  0 -3 -2  3 0 0 1 30
-1  4  1 -1 -2  2  0 -2 -1 -3 -3  1 -2 -3 -2  2  1 -3 -2 -2 0 0 1 70
-2  4 -1 -1 -4  2  2 -2  2 -3 -2  2 -2 -3 -2 -1 -1 -3 -2 -3 0 0 1 50
-2 -3 -4 -4 -2 -3 -3 -4 -3  4  3 -3  1  0 -3 -3 -1 -3 -2  2 0 0 1 0
-2 -2 -3 -4 -3 -2 -3 -4  1 -1 -1 -3 -1  4 -4 -2 -2  1  7 -2 0 0 1 20
-1  1  0  1 -4  5  3 -2  0 -3 -3  1 -1 -4 -2 -1 -1 -3 -2 -3 0 0 1 50
 1 -2 -1 -2 -1 -1 -1 -2 -2  0 -1 -1 -1 -2 -2  1  5 -3 -2  0 0 0 1 20
 5 -2 -2 -2 -1 -1 -1  0 -2 -2 -2 -1 -1 -3 -1  1  0 -3 -2 -1 0 0 1 0
 0  2  0 -1 -2  1  0 -2 -1 -2 -2  3 -1 -3 -1  2  2 -3 -2 -2 0 0 1 30
-2 -1  4  0 -3  0  2 -2  6 -3 -3 -1 -2 -1 -2 -1 -1 -2  2 -3 0 0 1 10
-2 -3 -4 -4 -2 -3 -3 -4 -3  1  5 -3  2  0 -3 -3 -2 -2 -1  0 0 0 1 5
-1 -3 -3 -2 -3 -2 -2 -3 -3 -3 -4 -2 -3 -4  8 -1 -2 -4 -4 -3 0 0 1 40
-2  4  4  0 -3  0  0 -2  0 -3 -3  3 -2 -3 -2  0 -1 -3 -2 -3 0 0 1 50
-1 -3 -3 -4 -1 -3 -3 -4 -3  4  1 -3  2 -1 -3 -2 -1 -3 -2  4 0 0 1 45
-1 -4 -3 -4 10 -4 -4 -3 -4 -2 -2 -4 -2 -3 -4 -2 -2 -3 -3 -1 1 1 1 5
-1  1  5  1 -3  0  0 -1  0 -3 -3  2 -2 -3 -2  1  0 -4 -2 -3 1 0 0 85
-2 -3 -4 -4 -2 -3 -4 -4 -4  5  1 -3  2 -1 -3 -3 -1 -3 -2  2 1 1 1 10
-1  1 -1 -1 -3  1 -1 -2 -2 -3 -3  1 -2 -4  6  1 -1 -4 -3 -3 0 1 1 60
 1  0  1 -1 -3  5  1 -2 -1 -3 -3  0 -1 -3  3  0  0 -3 -2 -2 0 1 1 85
 0 -3 -2 -3 -1 -2 -2 -3 -3  3  0 -2  0 -1 -2  1  0 -3 -2  4 1 1 1 50
 0 -1  0  1 -2  2  1  3 -1 -3 -3  0 -2 -3 -2  2  0 -3 -2 -3 1 1 1 20
 0  0 -1 -2 -2 -1  0  2 -2  1 -1 -1  0 -2 -2  0  1 -3 -2  2 1 1 1 25
-1 -4 -3 -4 10 -4 -4 -3 -4 -2 -2 -4 -2 -3 -4 -2 -2 -3 -3 -1 1 1 1 5
-1 -1 -2 -1 -3  4  0 -3 -1 -3 -3  0 -2 -4  7 -1 -1 -3 -3 -3 1 1 1 30
-3 -3 -4 -4 -3 -4 -4 -4 -2 -1  0 -4 -1  7 -4 -3 -3  0  2 -1 1 1 1 10
-1  2  0 -1 -3  5  1 -2  0 -1 -2  2 -1 -3 -2  1 -1 -3 -2 -2 1 1 1 35
 4 -1 -1 -1 -1 -1 -1  0 -1 -2 -2 -1 -1 -2 -1  3  0 -3 -2 -1 1 1 1 55
-1 -3 -3 -3 -1 -3 -3 -4 -3  4  2 -3  1  0 -3 -2 -1 -3 -1  3 1 1 1 75
