 0 -2  0 -1 -2 -2 -2  5 -2 -4 -3 -1 -3 -3 -2  0 -2 -2 -3 -3 1 1 1 95
 4 -1 -1 -2 -1 -1 -1  0 -2 -2 -2 -1 -1 -2 -1  2  0 -3 -2 -1 1 1 1 35
 0 -1 -1 -2 -3 -1 -2  6 -2 -4 -4  1 -3 -4 -2 -1 -2 -3 -3 -3 1 1 1 45
-1  2 -3 -3 -2 -1 -2 -4 -2  2  3 -1  2 -1 -3 -2 -1 -2 -1  1 1 1 0 15
 2 -1  2 -1 -1 -1 -1 -1 -1 -2 -2 -1 -2 -3 -1  3  1 -3 -2  0 1 1 0 55
 3 -1 -1 -2 -2 -1 -1  1 -2 -1 -2  1 -2 -3  2  2  0 -3 -2 -1 1 1 0 0
 0  1  0  2 -3  2  3 -2  4 -3 -3  0 -2 -3 -2  1 -1 -3 -1 -3 0 1 1 45
-2  3  0  6 -4 -1  1 -2 -2 -4 -4  0 -3 -4 -2 -1 -2 -5 -3 -4 0 1 1 65
-2 -4 -4 -4 -2 -4 -4 -5 -3  6  1 -4  0  0 -4 -3 -2 -2  2  2 1 1 1 -5
 0 -2  0 -1 -2 -1 -1 -1 -2 -3 -3 -1 -3 -3  2  5  0 -4 -3 -3 1 1 1 15
 0  3 -1 -1 -3  2  1 -2 -1 -2 -2  3  0 -3  0  0  1 -3 -2 -1 1 1 1 5
-2 -3 -3 -3 -4 -2 -2 -3 -3 -4 -4 -2 -4 -5  8 -2 -2 -5 -4 -4 1 1 0 5
-1 -2 -3 -3 -1 -2 -3 -3 -3  2  4 -2  1  0 -3 -2 -1 -2 -1  2 1 1 1 30
 0  3  0 -1 -3  3  1 -2 -1 -3 -3  4 -2 -4  0 -1 -1 -3 -2 -3 1 1 0 65
-1  1  4  1 -3 -1  0  3  3 -4 -4 -1 -3 -3 -3 -1 -1 -3  0 -3 1 1 0 95
 0 -2  0 -1 -2 -1 -1 -1 -2 -3 -4 -1 -3 -3 -2  6  0 -4 -3 -3 1 1 1 10
-3 -4 -4 -5 -3 -4 -4 -4 -2 -1  2 -4  0  7 -4 -3 -3  0  2 -1 1 1 1 50
-2 -3 -3 -3 -2  1 -3 -4  2  5  1 -2  3 -1 -3 -3 -2 -3 -2  1 1 1 1 50
-3 -1 -1 -2 -4 -1 -1 -3 10 -5 -4 -2 -3 -2 -3 -2 -3 -4  1 -4 1 1 1 55
 2 -2 -1 -2 -2 -2 -2 -2 -3 -2 -2 -2 -2 -3 -2  1  5 -3 -3 -1 1 1 1 55
 0 -3 -1 -2 -3 -3 -3  6 -3 -4 -4 -2 -3 -4 -3 -1 -2 -3 -4 -4 1 1 1 30
-3 -1 -1 -2 -4 -1 -1 -3 10 -5 -4 -2 -3 -2 -3 -2 -3 -4  1 -4 1 1 1 60
-1 -3 -1  1 -3 -2 -2  6  1 -5 -4 -2 -4 -4 -3 -1 -2 -4 -3 -4 1 1 1 0
 0 -2  0  6 -3 -1  0  2 -2 -4 -4 -1 -3 -4 -2  0 -1 -4 -3 -3 1 1 1 50
 0 -2 -1  0 -2 -2 -2  1 -2  2 -1 -2 -1  0  2  1  2 -3 -2  1 1 1 1 0
 0 -1  3  3 -3  0  0 -1  1 -2 -1  1 -2  0  1  0 -1 -3 -1 -2 1 1 1 70
 0 -2 -2 -2 -2 -2 -2  1 -2  0 -2 -1 -2 -1  5  1  0 -3 -2 -1 1 1 1 50
-1  1 -1  0 -3  1  2  4  3 -3 -3  0 -2 -3 -2 -1 -2 -3 -2 -2 1 1 0 50
-1  3  2 -1 -3  3  1 -2  3 -3 -3  1 -2 -3  0 -1  0 -3 -1 -3 1 1 0 80
 0 -2  1 -1  5  0 -1 -2 -1 -2 -2 -1 -2 -2 -2  4  1 -2  2 -2 1 1 1 40
-4 -4 -5 -5 -3 -3 -4 -4 -3 -4 -3 -4 -3  0 -4 -4 -3 12  1 -4 1 1 1 25
-1 -3 -1 -2 -4 -3 -3  7 -3 -5 -5 -2 -4 -4 -3 -1 -3 -3 -4 -4 1 1 1 80
 0 -1  1 -1 -2  2  0 -2  3 -2 -2  0 -1  2 -2  2  2 -2  0 -2 1 1 0 85
 0 -1 -3 -2 -3 -2 -2 -3  1 -4 -4 -2 -3 -4  7 -1 -2 -4 -3 -3 1 1 0 25
 1 -2  2  5 -3  0  1 -1 -1 -3 -3 -1 -3 -4 -2  1 -1 -4 -3 -2 1 1 1 60
-1  3  1 -2 -3  0 -1 -2  2 -2 -1  2 -1  1 -2  0  0 -1  3 -1 1 1 1 15
-2 -4 -4 -4 -2 -4 -4 -5 -4  6  2 -4  1 -1 -4 -3 -2 -3 -2  2 1 1 1 35
-1 -3  0  7 -4 -1  1 -2 -2 -4 -5 -2 -4 -5 -2 -1 -2 -5 -4 -4 1 1 1 20
-2 -2  0  6 -4  1  3 -2 -1 -4 -4 -1 -3 -4 -2  0  0 -4 -3 -3 0 1 1 0
-1 -2 -2 -3 -1 -2 -3 -3 -3  2  2 -2  3 -1 -3  0  0 -2 -2  2 0 1 1 25
-3 -3 -3 -4 -3 -2 -3 -4  1  1 -1 -3 -1  2 -4 -3 -2  1  8 -1 0 1 1 60
-2 -3 -4 -4 -2 -3 -4 -4 -3  1  5 -3  2  0 -4 -3 -2 -2 -2  0 1 1 1 5
-1  2  2  0 -3  0  2  3 -1 -4 -3  2 -2 -3 -2  0 -1 -3 -3 -3 1 1 1 0
-2 -1  7  1 -3 -1 -1 -1  0 -4 -4 -1 -3 -4 -3  0 -1 -5 -3 -4 1 1 1 50
