-2  4 -1 -2 -5  3  1 -3 -2 -4 -4  5 -2 -4 -3 -2 -2 -4 -3 -4 1 1 1 90
-2  3  0 -2 -5 -1  0 -2 -2 -5 -4  6 -3 -5 -3  0 -1 -5 -4 -4 1 1 1 70
-1 -3  5  2  1 -1  1 -1  2 -4 -3 -1 -3 -5 -3  0  2 -5 -4 -4 1 1 1 95
 0 -3  4 -1 -4 -1 -2 -1  1 -3 -4  0 -4 -3 -1  4  2 -5 -4 -3 1 1 1 70
 3  0 -1 -1 -3  0 -1  0  1 -2 -2  0 -2 -4 -2  2  3 -4 -3  0 1 1 1 65
 1 -1 -1  0 -3  1  0 -2 -3 -2 -3  2 -3 -2  4  2  2 -4 -3 -3 1 1 1 65
 0 -2 -1 -2 -3  0 -2 -2 -1 -2 -1  0 -2 -1  5  3  0 -4 -1 -2 1 1 1 50
 1 -1  0 -1 -2  0  1 -1  0  0  1  1 -1 -1  0  1  1 -3  0  0 1 1 1 60
-1  1  1  0 -4  1  1 -1  4 -1 -2  3 -1 -3 -1 -1  0 -2 -2 -2 1 1 1 65
 0  0  0 -1 -3  1  1 -1 -1 -1 -2  3 -1 -3  0  1  1 -4 -3  0 1 1 1 80
-5 -6 -6 -7 -5 -5 -6 -6 -5 -5 -1 -6 -1  3  0 -5 -5 12  2 -4 1 1 1 15
-2  2  1 -1 -5  2 -1 -4  2 -4 -4  5 -2 -4 -2  0  0 -5 -3 -4 1 1 1 60
 0  0 -3 -4 -2 -1 -2 -4 -4  2 -1 -2 -2 -3  1 -1 -1 -5 -4  5 0 1 1 60
-3 -5 -1 -2 -6 -2 -5  7 -5 -7 -6 -5 -6 -6 -5 -4 -5 -6 -6 -6 0 1 1 55
-1 -3 -1  6 -5  1  1 -2 -2 -3 -2 -2  0 -3 -4  0 -1 -5 -4 -4 1 1 1 20
-1  2 -1 -2  0  1  0 -3  1 -1  0  1 -1  1  2 -1 -1 -1  2 -1 1 0 0 60
-2 -7 -6 -7 11 -6 -7 -6 -6 -2 -4 -6 -5 -6 -6 -4 -4 -6 -6  1 1 0 0 0
 1  2 -1 -3  4  0 -1 -3 -3  1  1 -1  3 -1 -3  0 -2 -3 -1  0 1 0 0 0
 6 -5 -5 -5  2 -4 -4 -2 -5 -1 -4 -4 -4 -5 -4 -1 -2 -6 -5  0 1 0 0 0
-2  1 -3 -3  1  1 -2 -4 -3  0  0  3  1  0  0 -2  0 -4 -1  2 1 0 0 35
-5 -3 -6 -6 -1 -5 -5 -6 -1 -2 -3 -5 -4  5 -6 -3 -3  9  7 -4 1 1 1 20
 0 -3 -1 -2 -3 -2  0 -2  0 -3 -4  0 -2 -3 -2  5  2  5 -2 -3 0 1 1 70
-1  0 -1  2 -4  1  5  0 -2 -2 -3  1 -1 -4 -3 -1 -2 -4 -4  0 0 1 1 70
-5 -5  2  8 -7 -4  1 -5 -5 -7 -7 -4 -7 -7 -5  0 -4 -8 -7 -7 0 1 1 50
-2 -1  2 -1 -5  2 -1  5  1 -5 -3  0 -4 -2 -4 -1 -3 -5 -1 -5 1 1 1 55
-1  0  1 -1  2  2  1 -2  2  0  0  1  0 -1 -4 -1 -1  2  0  0 1 1 1 40
-2 -3 -2  1  3 -2  0 -3  2  1  0 -2 -1  2  1 -2  0  5  2  0 1 0 0 45
-6 -2 -1 -7 -7 -6 -6 -7 -3 -6 -5 -6 -5  1 -7 -6 -6 -2 10 -6 1 0 0 20
-2  5  0  1 -6 -1  3 -5 -1 -3 -4 -1 -4 -2  3 -2 -2 -6 -2 -5 1 0 0 25
 6 -5 -5 -6  1 -5 -5  1 -6 -5 -5 -5 -5 -6 -5  0 -4 -6 -6 -1 1 0 0 0
-2  2 -2 -2 -1 -1  1 -4 -3  1  0  2  0 -4 -4 -1  4 -5 -2  1 1 0 0 30
-5 -7 -7 -7 -5 -6 -7 -7 -7  7  0 -6 -2 -4 -6 -6 -4 -6 -5  5 1 0 0 0
 0  1 -1  0  0  0  2 -3  0  0  0  1  0 -3 -3  0  2 -4 -3  1 1 0 0 40
 2  0 -1 -1 -2 -1  2  0 -3 -4 -4  1 -2 -3 -3  4  0 -5 -2 -4 1 0 0 45
-2 -3  1 -2 -3 -4 -3 -5 -2  5  1 -3  2 -1 -4 -4 -2 -1 -2  3 1 0 0 15
-1 -2  2  4  0 -1 -1  1  2 -2 -3 -1 -1 -1 -3  1  1 -4 -1 -2 1 0 0 35
 0  1  0  1 -3  0  2 -1 -1 -2 -1 -1  0 -2  3  0 -1  0 -2 -1 0 1 1 65
-1  0  2  3 -1  1  2 -1 -1 -2 -3  2 -3 -2 -1  1  0 -4 -3 -2 0 1 1 85
 1  2  2  0 -4  1  0  2 -1 -4 -2  1 -1 -4 -3  0  0 -4 -3 -3 0 1 1 75
-1  0  0  1 -3  0  1  3 -1 -2 -2  1  0 -1 -1  0 -1 -3  1 -2 0 1 1 60
-2  0 -1 -1 -2  1  0 -3  1 -2 -3  1  3 -3 -3  0  4 -4 -1  0 1 0 0 10
 3 -4 -2 -4  8 -3 -3 -3 -4 -2 -2 -4 -3  0 -4 -2 -3 -4  1  2 1 0 0 0
-1 -1 -1  0 -3  1  1 -2 -1  0 -1  0 -1 -1 -3  1  2 -1  0  3 1 0 0 20
-5 -7 -7 -8 -5 -7 -7 -8 -7  3 -2 -7 -1 -5 -7 -6 -4 -7 -5  7 1 0 0 -5
-2  2 -2 -3 -2  0 -1 -3  2  1  0  0 -1  1 -4 -1  1 -3  0  2 1 0 0 30
-6 -7 -7 -7 -7 -6 -2 -8  0 -2 -5 -7 -5  7 -8 -5 -6 -3  8 -5 1 0 0 0
-1 -2 -1  2  1 -2  0 -4 -4  3  0  0 -1 -2 -2 -1  1 -5 -2  3 0 1 1 45
-1 -5 -2  6 -6 -2  2  4  0 -6 -6 -2 -2 -4 -5 -2 -4 -6 -1 -4 0 1 1 95
-6 -6 -1 -7 -3 -6 -6 -5 -1 -3 -5 -6 -5  2 -7 -6 -6  4  9 -6 0 1 1 60
-4 -5  1  1 -6 -1  0  6  0 -6 -3 -3 -6 -6 -5 -3 -4 -6 -6 -6 1 1 1 65
-5 -5  8  0 -6 -4 -3 -3  0 -7 -7 -3 -1 -7 -6 -1  0 -7 -6 -5 1 1 1 45
-1  2 -1 -2 -1  0  2 -2  0 -1 -3  1 -1 -2 -3  1  2 -4  1 -1 1 0 0 70
-1 -2 -4  0 -2  1  7 -5 -2 -5 -6 -3 -1 -7 -5 -1 -3 -7 -4 -6 1 0 0 20
-2 -1 -1 -1 -4  0  4 -4 -3  1 -1  1 -1 -4 -4  0  2 -5 -4  2 1 0 0 60
-3 -5 -4 -5  1  1 -5 -6 -3  2  0 -2 -1 -4 -5 -3  1 -1 -4  6 1 0 0 10
-1 -1  2  1 -2  0 -1 -2  1 -3  0  0 -2 -1  4  1  1 -5 -2 -3 1 0 0 45
-1 -3 -3 -4 -2 -2 -3 -4 -2  2  4 -1  2  1 -1 -2 -2  3 -2  1 0 0 0 5
 1 -1  1  2  0 -1  1 -1  0 -3 -3  0 -3 -2 -3  4  1 -5 -2 -2 0 0 0 60
-3  0  2  5 -5  1  1 -3  0 -5 -4  1 -1 -2 -2  1 -3 -5  0 -3 0 0 0 45
-5 -6 -6 -5  1 -6 -6 -7 -3  4  5 -6 -1 -2 -6 -5 -4 -5 -5  2 1 1 1 0
-3  4 -3 -4 -1 -2 -1 -4  0  1  2  2  0 -1 -4 -3 -2  1 -2  0 1 0 1 30
-2  1 -2 -2 -4  1  0 -4 -2 -3 -2  1  0 -2  6  2 -1 -5 -4 -4 1 1 1 40
-2 -2  0 -3  0  0  1 -4 -4  1 -1 -2  0 -5  6  1 -3 -5 -5 -2 1 1 1 40
 0 -2  0  0 -3  0  1 -2 -2  1  0 -1 -1 -1  1  1  1  2 -2  0 1 1 1 65
 1 -2 -1 -1  2 -1  0  1 -3 -1 -2 -1  0 -3  0  2  2  0 -2 -1 1 1 1 65
 0  0  1  3 -4  2  4 -1 -1 -4 -4  1 -4 -4 -1  1 -2 -5 -4 -3 1 1 1 90
 1 -1 -1 -1 -2  0  0 -1 -2  0  1  0  0  1 -1  0 -1  0 -1  1 1 1 1 40
 2  1  0  1 -3  2  1 -1 -2 -1 -1  1  0 -1  0  0 -1  2 -2 -1 1 1 1 50
-1  3  2  2 -4  0  2 -2 -1 -3 -2  1 -3 -1 -1  0 -1 -2 -3 -2 0 1 1 55
 0  2  1  1 -3  1  1 -3  2 -1  0 -1 -2 -3 -1  1  0 -4 -3  0 1 1 1 55
 0  0 -2  0 -3  0  1 -2 -3  0  0  0  0 -1  3 -1  0 -4 -2  1 0 0 1 40
 1 -1 -1  1 -4  2  2  0 -1 -3 -1  1  0 -2  2  0 -2 -4 -3 -3 0 0 1 50
 0  1 -1  1 -4  4  2 -1  1 -4 -3  2  0 -1 -1  0  0 -4 -1 -3 0 0 1 50
-1 -1  3  1 -2 -1  1 -1  0 -1 -1  2  0 -1 -2  0  0 -3  1 -1 0 0 1 45
 2  1 -1  0 -1  0  0 -1 -2  0  0  1  0 -1 -2  0 -1 -3  0  1 0 0 1 30
 0  1  1  1 -1  4  2 -2  2 -5 -5  2 -3 -5  1  0 -2 -5 -1 -4 0 0 1 55
 0 -1 -2  0 -2  3  4 -2  2 -2 -3  2 -3 -4  0 -1 -1 -5 -4 -3 1 0 0 45
 1  1  2 -1 -3  0  1 -2 -2 -1 -2  3 -2 -2 -1  0  1 -4  0 -1 1 1 1 50
-1  1  1  0 -4  2  4 -2 -2 -1 -3  1 -3 -5  1  0 -1 -5 -4 -3 0 1 1 60
-1 -1  4  2 -2  0  0 -2 -2 -1 -3  0  0 -3 -2  2  0 -4  0 -1 0 1 1 50
-1  0  1  3 -5  3  4 -1 -2 -5 -5  1 -4 -5 -3  0 -1 -5 -4 -4 1 1 1 50
 1  0  0  0  0 -1  0 -3 -3 -4 -3  1 -3 -3  0  4  2  2 -3 -3 1 1 1 45
-3  1  0  1 -5  6  3 -3  1 -5 -4  0 -3 -5  1 -1 -1 -4 -4 -4 1 1 1 50
-1  0 -1 -2 -3  0  0 -2  2  1  0 -1  0  1 -1  0  0 -2  4  0 1 1 1 40
 0  1 -1 -1 -4 -2 -2 -2 -3 -5 -5  2 -4 -4 -3  5  1 -5 -1 -4 1 1 1 30
 0 -2 -2  0 -3  0 -2 -3 -3 -3 -3  2  2 -3 -3  2  5 -4  0 -1 1 1 1 45
-3 -2  1  6 -5  0  3 -3 -2 -5 -5  1  0 -5 -3 -2 -3 -5 -4 -4 1 1 1 65
-2 -2 -1  2 -5  2  6 -4 -2 -5 -4 -1 -3 -5 -3 -2 -2 -4 -4 -4 1 1 1 90
