-4 -5 -5 -6 -5 -4 -5 -5 -3 -4 -3 -5 -3  5 -6 -5 -4 10  6 -4 1 1 1 95
-3 -1 -2  4 -5 -1  5 -4  2 -4 -3 -1  2 -5  0 -1 -2 -5 -4 -4 1 1 1 80
-1  1 -1 -1 -2 -2 -1 -3 -3  2  1  0  1 -1 -1  0  1 -3 -2  1 1 1 1 25
-1 -2 -4 -1 -1 -3 -1 -4 -4 -1 -4 -3 -3 -6  7  0  0 -6 -5 -3 1 1 1 45
-2 -2  3  5 -3  3  2 -1  0 -4 -4 -2 -3 -5 -3  0 -1 -5 -4 -5 1 1 0 75
-2 -2  1  5 -5  1  4 -2 -2 -4 -1 -2 -4 -5 -2  0 -1 -5 -4 -4 1 1 0 95
-1 -1  0 -1 -2  0  1  2 -2  0  1 -1  2 -1  1 -1 -1 -3 -3  0 1 1 1 45
-2 -4 -4 -1 -6 -2  0 -3 -5 -6 -6 -3 -4 -5  8 -3 -3 -7 -6 -5 1 1 1 65
-5 -6 -7 -7 -5 -6 -7 -7 -6 -1  6 -6  1 -3 -7 -6 -5  1 -5 -3 1 1 0 30
-5 -6 -6 -2 -7 -6 -5 -6 -6 -7 -4 -5 -6 -3  9 -5 -5 -7 -7 -6 1 1 1 25
 1 -1 -3  1 -3 -1  1 -3  1 -3 -3 -1 -4 -2  6 -1 -2 -1  1 -1 0 1 1 85
-2 -4  1 -3 -6 -5 -3  7 -2 -5 -6 -3 -3 -4 -6 -3 -5 -6 -6 -7 0 1 1 40
-8 -8 -9 -10 -8 -8 -9 -8 -8 -8 -3 -9 -7 -4 -9 -8 -8 13  0 -8 1 0 0 20
-3 -4 -3  1 -7  0  7 -4 -4 -7 -7 -3 -2 -7 -5  0 -2 -7 -6 -6 1 0 0 50
 0  0 -4 -4 -2  1  3 -5 -4  1 -1  0  6 -3 -5 -2 -1 -5 -2  1 1 0 0 35
 3  6 -3 -1  1 -1 -2 -2 -2 -4 -4  2 -1 -6 -5 -2 -3 -6 -3 -3 1 0 0 20
-2  2 -3 -4 -2  0 -2 -5  1  1  0  0  0  2 -4 -1  1  1  5  1 1 0 0 70
 0 -5 -2  5 -6 -4 -2 -5  1 -6 -4 -5 -5 -6 -5  0  6 -7 -6 -5 1 1 1 20
 1 -2  0  1 -4  0  2 -2  0 -3 -2 -1 -2 -1  4  1 -1 -4  0 -2 1 1 0 80
-3  0  2  4 -2  1  2 -3  1 -4 -4 -1 -3 -3 -4  2  2 -5 -3 -4 1 1 0 80
-3 -4 -1 -3 -7 -6 -6  7 -6 -4 -8 -6 -7 -4 -7 -4 -6 -7 -3 -4 1 1 0 65
-3  6 -2 -2 -2  3  1 -3  1 -2 -4  2 -2 -3 -5 -3 -3  1 -3 -2 0 0 1 40
-2  2 -3 -4 -4 -2 -3 -5 -3  2 -1  1 -1 -2  3 -2  1  0 -1  4 1 0 0 50
-7 -7 -7 -8 -7 -2 -7 -8 -4 -6 -2 -7 -5  5 -8 -7 -7 -3  9 -6 1 0 0 5
-7 -7 -8 -8 -7 -7 -8 -8 -4 -5 -5 -8 -5  8 -8 -7 -7 -3  7 -6 1 0 0 5
-2 -3 -6 -7 -1 -6 -4 -7 -2  6  0 -3  0 -2 -6 -5 -4 -6 -5  5 1 0 0 10
-3 -4  6  7 -7 -4 -1 -5 -1 -7 -7 -1 -6 -7 -5 -3 -4 -8 -6 -7 1 0 0 5
-6 -3 -3 -6 -7 -4 -5 -2 11 -3 -5 -3 -6 -2 -7 -5 -3  2 -3 -7 0 1 1 40
-2 -2  6 -2 -3 -2 -1 -3  1  1  0 -2 -1 -2 -5  0  0 -5 -1 -1 0 1 1 65
-2 -1  3  1 -2  0 -1 -3 -2 -2 -4 -3 -4 -5 -4  1  5 -6 -4 -2 0 1 1 60
-4  5 -1 -4 -6  3 -1 -2  2 -6 -5  5 -2 -6 -1 -3 -3 -6 -4 -5 0 1 1 65
-2  1 -2 -4 -2 -1 -2 -3 -4  0 -2  1 -3 -5 -4  0  6 -5 -4 -2 1 0 0 45
-3 -5 -2 -5 -5 -5 -5 -6  1 -2 -5 -5 -5 -6 -5 -1  8 -6 -5 -2 1 0 0 20
-2 -4 -3 -4 -5  4 -2 -5  3 -2 -5 -3 -4 -5 -4  2  6 -6 -2 -4 1 0 0 20
-5 -7 -8 -9 -1 -4 -7 -7 -6 -3 -5 -7 -6  3 -8 -7 -7 12  2 -3 1 1 0 35
-2 -1  0  1 -3  2  3 -3 -1  1  0  1  0 -3 -3  0  2 -4 -2 -1 1 1 0 55
-4  1 -1  7 -7 -3 -1 -5  5 -3 -5  0 -6 -5 -4 -4 -5 -7 -3 -6 1 1 1 25
-5 -7 -7 -6 -7 -6 -6 -7 -7 -7 -2 -6 -7 -8  9 -5 -6 -8 -7 -7 1 1 0 30
-3  8 -3 -5 -6 -1 -3 -5 -2 -6 -5  2 -3 -6 -4 -3 -3 -6 -5 -2 1 1 1 40
-1  0  0  0 -3 -1  0 -2 -3  0  2  2  0 -3  0 -1  2 -4 -3 -1 1 1 1 60
 2  0 -1 -1 -3  1  0  2 -1 -3 -3  0 -2 -4  2  1  1 -4 -2 -2 0 0 1 50
-1  2 -2 -3 -3  2 -2 -3  0  1  2  2  2  1 -3 -2 -2  1  0 -1 1 1 0 60
 1  0  0 -2 -2  0 -1 -2 -1  0  1  0  1 -1  2  0  0 -3  0  0 1 1 0 95
 1  0  0 -2 -3  3  0 -2 -3 -1 -2  2 -3 -3 -2  3  1 -4 -3 -2 1 1 1 60
-3  2  0 -3 -5  5  2 -4  3 -5 -5  2 -3 -5  4 -1 -2 -5 -4 -5 1 1 1 95
-3 -4 -5 -5 -3 -3 -4 -5 -4  3  3 -4  6 -2 -4 -4 -2 -4 -3  3 1 1 1 95
