 0 -1  4  0 -2  0  0  0  0 -3 -3  0 -2 -3 -1  3  1 -3 -2 -2 1 1 1 95
-2 -2  1  6 -4 -1  1 -2 -1 -3 -4 -1 -3 -4 -2  0 -1 -5 -3 -3 1 1 0 25
-1 -2 -2 -2 -3 -1 -1 -2 -2 -3 -3 -1 -3 -4  7 -1  0 -4 -3 -2 1 1 1 65
 4 -2 -2 -2 -1 -1 -1  0 -2 -1 -1 -1 -1 -2 -1  1  0 -3 -2  1 1 1 1 45
-2 -1  0 -2 -3  0 -1 -2  8 -3 -3 -1 -2  0 -3 -1 -2 -1  3 -3 1 1 1 35
 0 -1  0 -1 -1 -1 -1 -2 -2  0 -1 -1 -1 -2 -1  1  5 -3 -2  0 1 0 0 40
 4 -2 -2 -2 -1 -1 -1  1 -2 -2 -2 -1 -1 -3 -1  1  1 -3 -2  0 1 0 0 10
 0 -1 -1 -2 -1  1 -1 -2 -1  0 -1 -1 -1  1 -2  1  4 -2  1  1 1 0 0 30
 2 -2 -1 -2 -2 -2 -2  5 -2 -3 -3 -1 -2 -3 -2  0 -1 -3 -3 -2 1 0 0 5
 0 -1 -1 -1 -2  0 -1 -2 -2 -1 -2  0 -1 -3  5  1  1 -3 -2  0 1 0 0 25
 0 -2  1 -1 -2 -1 -1  4 -1 -3 -3 -1 -2 -3 -2  3  0 -3 -3 -3 1 0 1 10
 0 -2 -1 -1 -3 -1  1  6 -2 -4 -4 -1 -3 -3 -2  0 -2 -3 -3 -3 1 1 1 25
-2 -3 -4 -4 -1 -3 -3 -4 -3  4  3 -3  1  0 -3 -3 -1 -2 -1  2 1 1 1 5
 1 -1  2  0 -1  0 -1 -1 -1 -2 -2 -1 -1 -3 -1  3  3 -3 -2 -1 1 1 1 85
 3 -1 -1 -1 -1  0  0 -1 -2  0 -1  0 -1 -2 -1  2  1 -3 -2  1 1 1 0 50
 3  0 -1 -1 -1  0  0  0 -1 -2 -2  2 -1 -2  2  1  0 -2 -2 -1 1 1 1 85
 2 -1 -1 -1 -1 -1 -1 -1 -2  0 -1 -1 -1 -2 -1  1  4 -2 -2  1 1 0 1 10
-1 -3 -2 -2 -3 -2 -2 -3 -3 -3 -3 -1 -3 -4  8 -1 -2 -4 -3 -3 1 1 1 50
 4  1 -1 -1 -1  0  1 -1 -1 -2 -2  0  0 -3 -1  1  0 -3 -2 -1 0 1 1 30
-2  0 -3 -3 -2 -2 -3 -3 -2  2  3 -2  4  2 -3 -2 -1 -1  0  1 1 1 1 20
-1 -2 -1 -2 -1 -1 -1 -2 -2 -1 -1 -1 -1  1 -2  1  5 -2 -1 -1 1 1 1 10
-1 -3 -3 -2 -3 -2 -2 -3 -3 -3 -3 -2 -3 -4  8 -1 -2 -4 -4 -3 1 0 0 0
-2 -3 -4 -4 -2 -3 -3 -4 -3  2  4 -3  2  0 -3 -3 -1 -2 -1  1 1 0 0 -5
-2 -2 -3 -4 -2 -1 -3 -3 -2  1  2 -2  8 -1 -3 -2 -1 -2 -2  0 1 0 0 15
-1 -2 -3 -3 -2  0 -2 -4 -3  1  4 -2  2  0  0 -2 -1 -2 -1  1 1 0 0 20
-1 -1  1  5 -3  0  2 -1 -1 -3 -3  1 -2 -3 -1  0 -1 -3 -2 -2 1 1 1 30
 1 -1  0  3 -2  0  1 -1 -2 -2 -2 -1 -2 -3 -1  1  3 -3 -2 -1 0 1 1 80
 2 -1  0  3 -2  0  1 -1 -2  0 -2 -1 -1 -2 -1  2  1 -3 -2 -1 0 1 1 75
 1 -1  2 -1 -1 -1 -1 -1 -1 -2 -2 -1 -1 -3 -1  2  3 -3 -2 -1 0 1 1 40
 1  1  1 -1 -3 -1 -2  5 -2 -4 -3 -1 -3 -3 -2  0 -1 -3 -3 -3 1 1 1 30
 0  1 -1 -1 -2  1  2 -2 -1 -2 -2  4 -1 -3 -1  0  1 -3 -2  0 1 1 1 35
-2 -3 -4 -4 -2 -3 -3 -4 -3  2  4 -3  1  3 -3 -3 -2 -1  0  1 1 0 0 -5
 0 -1 -2 -2 -1 -1 -1 -3 -3  1  0  1  0 -2 -2 -1  1 -3 -2  3 1 0 0 10
 2 -2 -2 -2 -1 -1  0 -2 -2  1 -1  0  0 -2  2  0  0 -3 -2  2 1 0 0 40
-3 -3 -4 -5 -3 -3 -4 -3 -3 -3 -2 -4 -2  0 -4 -3 -3 11  2 -4 1 1 1 5
-2 -2  1  7 -4 -1  1 -2 -2 -4 -4 -1 -4 -4 -2 -1 -1 -5 -4 -4 1 1 1 40
 0 -3 -1 -2 -3 -2 -3  6 -2 -4 -4 -2 -3 -4 -3 -1 -2 -3 -4 -4 1 1 0 5
 0  0  0 -1 -2  4  1 -2 -1 -2 -2  0 -1 -3 -1  2  2 -3 -2 -2 1 1 0 55
-1  0  0  0 -3  0  2 -2  2 -1 -2  2 -2 -3  3  0  1 -3 -2 -2 1 1 0 45
 3 -1  0  1 -1  0  0  0 -1 -1 -2 -1 -1 -2 -1  2  0 -2 -1 -1 0 1 1 55
 0 -3 -1 -2 -3 -2 -3  6 -2 -4 -4 -2 -3 -4 -3 -1 -2 -3 -4 -4 0 1 1 55
 2  0 -1 -1 -2  0  0 -1  0 -2 -2  3 -1 -3 -1  1  2 -3 -2 -1 1 1 1 15
 5 -2 -2 -2 -1 -1 -1  0 -2 -2 -2 -1 -1 -3 -1  1  0 -3 -2 -1 1 0 0 0
-1 -3 -3 -4  1 -3 -3 -4 -3  3  1 -3  1 -1 -3 -2 -1 -3 -2  4 1 0 0 15
 1 -2 -1 -2 -3 -2 -2  5 -1 -3 -3 -2 -2 -1 -2 -1 -2 -1  3 -3 1 0 0 -5
-1 -3 -3 -4 -1 -3 -3 -4 -3  3  2 -3  1  0 -3 -2 -1 -3 -1  3 1 0 0 -5
-1 -2 -2 -2 -1 -2 -2 -3 -2  1  3 -2  1 -1 -2  1  2 -2 -2  0 1 0 0 -5
 4 -2 -2 -2 -1 -1 -1  0 -2 -1 -1 -1 -1 -2 -1  1  0 -3 -2  1 1 1 0 20
-1 -2 -2 -3 -1 -2 -2 -3 -2  2  2 -2  1  0 -3 -1  1 -1  3  2 1 1 0 60
 2 -2 -1 -2 -2  0  0  1 -2 -1 -2 -1 -1 -3  4  0  0 -3 -2  0 1 1 1 60
 2 -2 -2 -3 -1 -2 -2 -2 -3  1  2 -2  1 -1 -2  0  0 -2 -2  1 1 0 1 10
 0 -2  1  5 -3  0  2 -1 -1 -3 -3 -1 -3 -4  2  0  0 -4 -3 -2 1 1 1 25
 1 -1 -1 -1 -2  3  0  3 -1 -2 -3  0 -1 -3 -2  0  2 -3 -2 -2 1 1 0 50
 0  0  1  0 -2  0  1  0 -1 -2 -2  1 -2 -3 -1  2  2 -3 -2 -2 1 1 1 70
 0  0  0  2 -3  2  3 -2 -1 -3 -3  1 -2 -3 -1  2  0 -3 -2 -3 1 1 1 20
 0  0  0 -1 -2  2  0 -2 -1 -2 -2  1 -1 -3  2  1  3 -3 -2 -1 1 1 0 80
 0 -1 -1 -1 -1  1  1 -1  0  0  0 -1  0 -2 -2  1  2 -3 -2  1 1 0 0 55
 1 -2 -3 -3  2 -2 -2 -2 -2  1  3 -2  1 -1 -2 -1 -1 -2 -1  1 1 0 0 0
 1 -1  0 -1 -1  3  0 -1 -1 -2 -2  0 -1 -2 -1  2  3 -2 -2 -1 1 0 0 30
-2 -2 -2 -3  4 -2 -2 -3  0 -1 -1 -2 -1  3 -3 -2 -2  1  6  0 1 0 0 5
-2 -2 -3 -4 -3 -2 -3 -4  1 -2 -2 -3 -2  2 -4 -2 -2  5  8 -2 1 0 0 30
-1  2 -1 -1 -3  1  0 -2 -1 -2 -1  5 -1 -3 -2 -1 -1 -3 -2 -2 1 1 1 15
 0 -1  0 -1 -2  1  0  1 -1 -2 -3 -1 -2 -3 -1  3  3 -3 -2 -2 1 0 0 10
 0 -3 -1 -2 -3 -2 -3  6 -3 -4 -4 -2 -3 -4 -3 -1 -2 -3 -4 -4 1 0 0 10
 0 -2 -1 -2  3 -1 -2  1 -2  1 -1 -1 -1 -2 -2  2  3 -3 -2  1 1 0 0 50
-3 -3 -4 -4 -3 -3 -4 -4 -2  0  1 -3  2  7 -4 -3 -2  0  2 -1 1 0 0 10
 2  4  3 -1 -2  0 -1 -1 -1 -3 -3  1 -2 -3 -2  0 -1 -3 -2 -2 1 0 0 55
-1 -2 -2 -3 -2 -2 -2 -3 -2  3  0 -2  0  0 -2 -1  3 -1  3  2 0 1 1 20
 1 -1  0  2 -3  0  4  1 -1 -3 -3  0 -2 -3 -1  1  0 -3 -2 -2 0 1 1 60
 3 -2 -1  2 -1 -1 -1 -1 -2 -2 -2 -1 -2  1 -1  1  0 -3 -1 -1 0 1 1 45
-1 -3 -4 -4 -1 -3 -3 -4 -3  2  3 -3  1  0 -3 -2 -1 -3 -1  3 1 1 0 0
-1 -1  4  0 -2 -1 -1 -2  2 -1  1  0  0 -2 -2 -1 -1 -3 -2  0 1 1 1 55
-3 -4 -5 -5 -3 -3 -4 -3 -3 -3 -3 -4 -2  0 -5 -4 -3 12  1 -4 1 1 1 15
-1 -2 -2 -2 -3 -2 -2 -2 -2 -3 -3 -1 -3 -4  8 -1 -1 -4 -3 -3 1 1 1 20
-1 -1  0  3 -3  1  4  0 -1 -3 -3  0 -2 -3 -1  1 -1 -3 -2 -3 0 1 1 95
 2 -1  0 -1 -1 -1 -1 -1 -2 -2 -2 -1 -2 -3 -1  4  2 -3 -2 -1 0 1 1 45
 1 -3 -3 -3 -1 -2 -3 -3 -3  2  0 -2  0 -1 -3 -1  0 -3 -2  5 1 1 1 5
 0  1  0  1 -1  0  0 -1 -1 -1 -1  0 -1 -2 -1  1  3 -2 -1  0 1 1 1 85
-2 -2  1  5 -3 -1  2 -2 -2 -3 -3 -1 -3 -4 -2  0  2 -4 -3 -3 1 1 1 40
 1 -1  1  2 -2  0  2 -1 -1 -1  0 -1 -1 -2 -2  0 -1 -3 -2  1 0 0 1 50
 1 -1  0 -2 -2 -1 -1 -2  2  1 -1  1 -1 -2 -2  1  1 -3 -1  2 0 0 1 30
 0  1 -1  1 -3  2  0 -2 -1  0 -2  4 -1 -3 -2 -1 -1 -3 -2 -1 0 0 1 35
-1  2  1 -1 -4  2  0 -2 -1 -3 -3  5 -2 -4 -2 -1 -1 -3 -2 -3 0 0 1 10
 2  3 -2 -2  4 -1 -1 -2 -1 -1 -2  1 -1 -1 -2  0 -1 -2  1  0 0 0 1 25
 3 -1  4  0 -2 -1 -1 -1 -1 -2 -3 -1 -2 -3 -2  1  1 -3 -2 -2 0 1 1 15
 5 -2 -2 -2 -1 -1 -1  0 -2 -2 -2 -1 -1 -3 -1  1  0 -3 -2 -1 0 1 1 0
-3 -3 -4 -4 -3 -4 -4 -4 -2 -1  0 -4 -1  7 -4 -3 -3  0  3 -1 0 1 1 0
 3 -2 -2 -2 -1 -2 -2 -1 -2  1  0 -2  0 -2 -2  0  0 -3 -2  2 0 1 1 35
 0 -3 -1 -2 -3 -2 -1  6 -2 -4 -4 -2 -3 -4 -3 -1 -2 -3 -4 -4 0 1 1 45
 0 -1  0 -1  4 -1 -1 -1 -2 -2 -2 -1 -2 -3 -1  4  3 -3 -2 -1 1 1 0 20
 3 -2 -2 -2 -1 -1 -1  2 -2 -2 -2 -1 -2 -3  3  0 -1 -3 -3 -1 1 0 0 25
-1 -3 -4 -4 -1 -3 -3 -4 -4  4  2 -3  1 -1 -3 -2 -1 -3 -2  3 1 0 0 0
 0 -1  0 -1 -1 -1 -1 -1 -1 -2 -2 -1 -2  1 -1  4  2 -3 -1 -2 1 0 0 20
-1 -2 -2 -3 -1 -2 -2 -3  3  3  0 -2  0 -1 -3 -2 -1 -3 -1  4 1 0 0 5
 0 -3 -3 -3 -1 -2 -3 -3 -3  3  1 -2  1 -1 -3 -2  0 -3 -1  4 1 1 1 65
