 0 -2 -1 -1 -3 -2 -2  6 -2 -4 -4 -2 -3 -3 -2  0 -2 -3 -3 -3 1 1 0 80
 0 -1  0  3 -3  2  3 -2 -1 -2 -2  0 -2 -3 -1  0 -1 -3 -2 -1 1 1 1 65
-1  5  0 -1 -3  2  0 -2 -1 -3 -3  4 -1 -3 -2 -1 -1 -3 -2 -3 1 1 1 75
-1  4  2 -1 -3  0  0  0  0 -3 -3  2 -2 -3 -2  1 -1 -3 -2 -3 1 1 1 80
-1  5 -1 -1 -4  1  1  1 -1 -3 -3  2 -2 -3 -2 -1 -1 -3 -2 -3 1 1 1 60
 1  0 -1 -1 -2 -1 -1 -2 -2 -1 -1  0 -1 -2  5  1  2 -3 -2 -1 1 1 1 65
-1  1 -1 -1 -3  2  0 -2  1 -3 -3  1 -2 -3  5  0 -1 -3 -2 -2 1 1 0 65
-2 -2 -4 -4 -1 -2 -3 -4 -3  1  4 -3  2  0 -3 -3 -1 -2 -1  1 1 1 1 40
-1  1  0  5 -4  2  3  1 -1 -3 -3  0 -2 -4 -2  0 -1 -4 -3 -3 1 1 1 50
-1  3 -1 -1  2  1  0 -2  2 -3 -3  4 -2 -3 -2 -1 -1 -3 -2 -2 0 1 1 75
-2 -1  3  6 -3  0  1 -1 -1 -3 -4 -1 -3 -4 -2  0 -1 -4 -3 -3 0 1 1 60
-1  1  0 -1 -3  6  2 -2  0 -3 -2  1 -1 -3 -2  0 -1 -2 -2 -2 1 0 1 20
-1 -4 -3 -4  9 -3 -4 -3 -3 -2 -2 -3 -2 -3 -3 -1 -1 -3 -3 -1 1 1 1 0
 4 -2 -1 -2 -1 -1 -1  0 -2 -1 -2 -1 -1 -2 -1  1  2 -3 -2  0 0 1 1 50
-2 -2 -2 -3 -3 -2 -2 -3  1 -1 -1 -2 -1  3 -3 -2 -2  2  7 -1 0 1 1 55
-1 -4 -3 -4  9 -3 -4 -3 -3 -1 -2 -3 -2 -2 -3 -1 -1 -2  0 -1 0 1 1 25
-1  2  0 -1 -3  1  1 -2 -1 -3 -3  5 -2 -3 -1  0 -1 -3 -2 -2 1 1 1 35
-1  0  0  1 -4  2  5 -2  0 -3 -3  1 -2 -3 -1  0 -1 -3 -2 -3 1 1 1 50
-1  2 -1 -1 -3  2  1 -2 -1 -1 -1  4 -1 -2 -2 -1 -1 -3 -2 -1 1 0 1 75
 0 -3 -1 -1 -3 -2 -2  6 -2 -4 -4 -2 -3 -3 -2  0 -2 -3 -3 -3 1 1 0 70
-2 -1  0 -1 -3  0  0 -2  8 -4 -3 -1 -2 -2 -2 -1 -2 -3  1 -3 1 1 0 15
-3 -3 -4 -5 -3 -2 -3 -3 -3 -3 -2 -3 -2  1 -4 -3 -3 11  2 -3 1 1 1 50
 3  0 -1 -2 -1  0 -1 -1 -2  0 -1  2 -1 -2 -1  0  0 -3 -2  0 0 0 0 20
-1  4  1 -1 -3  1  0 -2  2 -3 -3  3 -2 -3 -2 -1 -1 -3 -1 -3 0 0 0 80
-1 -1  2  4 -4  1  3 -2  2 -3 -3  0 -3 -3 -2  0 -1 -4 -2 -3 0 0 0 65
-1 -4 -3 -4  9 -3 -4 -3 -3 -2 -2 -3 -2 -3 -3 -1 -1 -3 -3 -1 1 1 1 0
-1 -2 -2 -2 -3 -2 -1 -2 -2 -3 -3 -1 -3 -4  8 -1 -1 -4 -3 -3 0 1 1 70
-1  2  1 -1 -3  1  0 -2 -1 -3 -2  4 -1  0 -1  0 -1 -2 -1 -2 0 1 1 60
-1  3  1 -1 -3  2  0 -2 -1 -2 -1  4 -1 -3 -2  0 -1 -3 -2 -2 1 1 0 35
-1  1 -1 -1 -3 -1 -1 -2 -2 -2 -2  1 -2 -3  6 -1  0 -3 -2 -1 1 1 1 80
-1  4  1  0 -2  1  1 -2  0 -2 -2  1 -1 -2 -2  1  0 -3 -2 -1 1 1 1 70
 0  0  0  0 -2 -1 -1  5 -2 -3 -3  0 -2 -3 -2  0 -1 -2 -3 -3 1 1 1 40
 1  0  1 -1 -2  1  0  0 -1 -2 -1  1 -1 -2  4  0 -1 -3 -2 -1 1 1 0 90
 0  4 -1 -1 -3  1  0 -2 -1 -1 -2  2 -1 -3  2  0 -1 -3 -2 -1 1 1 1 80
-1  1 -1 -2 -3  0 -1  3 -2 -2 -2  2  1 -2  3 -1 -1  4 -2 -2 1 1 1 55
 0 -2 -2 -2 -3 -2 -1 -2 -2 -3 -3 -1 -2 -4  7 -1  0 -4 -3 -2 1 1 1 80
 0  4 -1 -2 -3  0 -1 -2 -1 -3 -2  2 -2 -2  2  0  0  4 -1 -2 1 1 1 70
-1 -2  0 -1 -3 -1 -1 -2 -2 -3 -3 -1 -3 -4  7 -1 -1 -4 -3 -3 1 1 1 80
 0  2  0 -1 -3  5  1 -2  0 -3 -2  1 -1 -3 -1  1  0 -2 -2 -2 1 1 0 80
 0 -1  0 -1 -1 -1 -1 -2 -2 -1 -1 -1 -1 -2 -1  1  5 -2 -2  0 1 1 1 80
