-2 -4 -5 -5 -3 -3 -4 -5 -4  4  2 -4  6 -2 -4 -4 -2 -4 -3  4 1 1 1 85
-1 -2 -2  5 -4 -1  2 -2 -3 -5 -5 -1 -3 -5  4  2  0 -5 -4 -4 1 1 1 70
 2  0 -2  1 -3  3  3 -1  0 -2 -2  1 -1 -3  2  0 -1 -4 -3 -1 0 1 1 65
 1 -1  1 -2 -2  0  0 -2 -1 -1 -1  0 -2 -3  3  2  2 -4 -3  0 1 1 0 75
 1 -1  0 -1 -3  1  1  4 -2 -4 -4  0 -3 -4  1  0 -1 -4 -3 -3 1 1 1 65
 0  1  1 -1 -4  2  2  0 -1 -2 -2  3 -1 -4  0 -1  0 -4 -2  0 1 1 1 75
-2  0  1  0 -2  1  4 -1 -2 -2 -2  1 -1 -2  1 -1  1 -4 -3 -2 1 1 1 45
-2  2 -2 -2  3  2 -1 -4 -1  0  1  0  0  0 -3 -1  1  2  3  0 1 0 0 35
 2 -5 -5 -6  6 -5 -5 -4 -5 -1 -2 -5 -2  1 -5 -4 -3 -4  3  5 1 0 0 0
-3  4 -3 -4 -3  1  0 -5 -2  2 -1  3  0 -4 -4 -2  0 -5 -3  2 1 0 0 25
 6 -5 -5 -6 -2 -5 -5 -2 -5 -3 -4 -5 -4 -6 -5 -2 -3 -6 -5  2 1 0 0 0
-4 -2 -5 -6 -3 -1 -4 -7 -6  2  6 -3  3 -3 -6 -5 -3 -5 -4  0 1 1 1 30
-4 -6 -6 -7 -7 -3 -6 -7  2 -5 -5 -6 -5  4 -7 -6 -6  2  9 -5 1 1 0 55
-2 -4  1  7 -6 -3 -1 -4 -3 -6 -7 -2 -6 -7  1  0 -1 -7 -6 -6 1 1 1 55
-6 -6 -7 -7 -7 -6 -7 -7  0 -5 -3 -6 -4  7 -7 -6 -6 -2  8 -5 1 0 1 10
 0 -2  0  2 -3  3  3 -3 -2 -2 -3  1 -2 -5 -3  0  2 -5 -4  0 1 1 1 65
 5 -3 -4 -4 -4 -1 -1  1 -3 -5 -5 -2 -4 -6  3  0 -2 -6 -5 -4 1 1 1 35
 0  3  0 -1 -5  5  2 -3  0 -4 -3  1  0 -4 -3  0  0 -5 -3 -2 1 1 1 70
-1  0  4  2 -1  1  3 -1 -1 -4 -4 -2 -3 -5 -4  1  1 -5 -4 -4 1 1 0 25
 0 -1  0  3 -4  0  4 -3 -2 -5 -5 -1 -3 -5  4  0 -1 -6 -4 -3 0 1 1 90
-3  0  1  6 -6 -2  0  3 -1 -6 -5 -1 -3 -5 -4 -1 -1 -6 -3 -6 0 1 1 60
-4 -4 -4  4 -4 -1  7 -6 -4 -7 -7 -3 -6 -7 -5 -3 -5 -7 -6 -7 1 0 1 10
-5 -6 -7 -7 -5 -6 -6 -7 -6  1  6 -6  1 -3 -6 -6 -5 -5 -5  0 1 1 1 0
 0 -3  0  1  0 -2  0  0 -2 -5 -5 -2 -4 -5  0  4  3 -5 -4 -4 1 1 1 30
-5 -6 -7 -7 -3 -6 -7 -7 -5  2  2 -6  3  8 -7 -6 -5 -3 -1 -2 1 0 1 0
-2  3  1 -1 -2  1  1 -3  1 -4 -4  5 -1 -4 -3  1 -1 -5 -2 -3 1 1 1 60
 2  1 -3 -3 -2 -1  3 -4 -3 -4 -4  5 -2 -5  1 -2 -2 -6 -4 -2 0 1 1 65
-4 -4  0  0 -6 -5 -6  7 -6 -8 -8 -5 -7 -7 -6 -3 -5 -7 -7 -7 0 1 1 50
-3 -5 -2  8 -5  2  2 -5 -5 -7 -7 -4 -2 -7 -5 -3 -4 -7 -4 -7 1 1 1 30
-3  0 -4 -5 -3 -2 -3 -6 -2  5  0  0  0 -3 -5 -4  0 -5 -4  4 1 0 0 50
-4 -6 -7 -7 -4 -6 -6 -7 -6  7  2 -6  0  0 -6 -6 -4 -6 -4  3 1 0 0 0
-2  0  1  0 -2  0  2 -3  1 -1 -2  0 -1 -3 -2  0  4 -4 -1 -1 1 0 0 25
-3 -6 -3 -3 -4 -5 -6 -6 -3  5  3 -5 -2 -3 -6 -5 -3 -6 -4  5 1 0 0 5
-3 -4 -4 -5 -4 -4 -4 -6  2  4  4 -4  0 -2 -5 -3  2 -4 -1  2 1 0 0 35
-2  0  3  4 -5  2  3 -3 -1 -5 -4  1 -4 -5 -4  1 -1 -5 -2 -5 1 0 0 40
-3  3  0  0 -4  2  1 -4 -1 -3 -5  5  0 -5 -4  1 -2 -5 -4 -3 1 1 1 30
-1 -3  0  2 -3 -1  1 -2 -2  1 -2 -2 -2 -3 -2  3  2 -5 -3  1 1 1 1 85
-3 -4  4  6 -6 -2  3 -3 -1 -6 -4 -3 -5 -5 -1  0 -3 -6  0 -5 1 1 0 45
-1  0  2  2 -4 -1  3  1 -3 -5 -4  2 -4 -5  3  0 -2 -5 -4 -3 1 1 0 80
-3 -4  3  5 -6 -3  0  4  0 -6 -6 -4 -6 -6 -5 -2 -3 -6 -6 -6 1 1 0 50
-8 -8 -9 -10 -8 -7 -8 -8 -8 -8 -7 -8 -7 -4 -9 -8 -8 13 -3 -8 1 0 0 35
-8 -8 -9 -9 -7 -7 -8 -8 -7 -7 -4 -8 -6  0 -9 -8 -7 13  2 -8 1 0 0 15
-3  2 -2 -1 -5  2  3 -4 -1 -3 -2  4 -1  1 -4 -1  1 -1 -2 -4 1 0 0 30
 0 -6 -4 -5  0 -5 -6  7 -6 -3 -6 -5 -5 -6 -6 -4 -5 -6 -6  1 1 0 0 0
-2  3 -2 -1 -4  1  5 -4 -3 -4 -4  1  0 -5 -4  1  1 -3 -4 -3 1 0 0 25
-1 -2 -1 -4  4 -3 -4 -4  0  2  4 -2  0  0 -4  0 -1 -4 -1  1 1 0 0 10
-3  2  6  2 -2 -1 -2  1  3 -6 -5  0 -4 -5 -4 -1  0 -6 -4 -5 0 1 1 85
-3 -3  0  2 -6 -3 -3  7 -3 -7 -6 -3 -3 -7 -5 -2 -3 -6 -5 -6 0 1 1 85
-2  5 -1 -3 -5  4 -1 -1  1 -4 -4  4 -1 -5 -4 -2 -2 -3 -4 -1 1 0 0 45
-2  2 -2 -2 -3  3  2 -4  0  0 -2  1 -1 -2 -3  0  3 -4 -2  1 1 0 0 45
-3 -6 -5 -5 -7 -6 -6  8 -6 -8 -8 -6 -7 -4 -6 -4 -6 -7 -7 -7 1 0 0 0
-4 -5 -4 -6 -4 -2 -5 -6  0  2  3 -4  2  4 -5 -4 -4  7  4  0 1 0 0 30
-4 -7 -7 -7 -3 -7 -7 -7 -5  1 -2 -7 -3  8 -7 -6 -5 -3 -1  3 1 0 0 0
-3 -7 -7 -6 -7 -6 -6 -7 -7 -7 -8 -6 -7 -8  9 -5 -6 -8 -8 -7 1 0 0 10
 4 -1 -2  0 -2 -2 -3  0 -3 -2 -2 -2 -3 -5 -4  4 -1 -5 -3 -1 0 0 0 10
 1 -3  8 -3 -6 -2 -2 -4 -3 -5 -5 -2 -5 -6 -3  2 -1 -7 -5 -3 0 0 0 65
-6 -6 -7 -8 -1 -6 -7 -8 -1 -5 -5 -6 -5  4 -7 -6 -6 -2  9 -4 0 0 0 35
-3 -6 -7 -7  0 -6 -6 -7 -7  0  0 -6 -3 -3 -6 -5 -2 -6 -5  7 1 0 0 5
 0  1 -2 -2 -3  3  4 -3 -2 -5 -5  4 -1 -5 -4 -1  0 -5 -4 -3 1 0 0 55
-2  0 -3 -2 -3  0  2 -4 -3 -1  0  3 -1 -4  4 -2 -2 -5 -4  1 1 0 0 40
-2 -3 -5 -4 -3 -2 -4 -5 -5  4  3 -1  3 -2 -5 -3 -2 -4 -3  3 1 1 1 45
-4 -3  2  6 -6 -1  5 -4 -3 -6 -6 -2 -5 -6 -4 -2 -3 -6 -5 -5 1 1 1 90
