-3 -4 -5 -5 -3 -3 -4 -5 -4  1  1 -4  9 -2 -5 -4 -3 -4 -3  3 1 1 1 95
 1 -2  1  2 -3  0  3 -1 -2 -2 -3  0 -2 -4 -3  1  2 -4 -3 -1 1 1 1 70
 0 -1 -1 -1 -2  2 -1 -3 -2  1  1  0  2 -2 -3 -1  2 -3 -2  1 1 0 0 25
 0 -2  1  4 -4  0  3  0 -3 -4 -4  0 -4 -4  2  0 -2 -5 -3 -4 1 1 1 45
-2 -2  0  1 -2  1  1 -3 -1 -3 -2 -1  2  1  1  1  2 -3  3 -2 1 1 0 65
 1  0  0  2 -4  0  0  2  1 -4 -4  4 -2 -5 -1 -1 -1 -5 -3 -3 1 1 0 15
-2  4 -2 -2 -3  0 -2 -4 -3 -1 -1  5  0 -5 -3  0  0 -5 -4 -2 1 1 1 20
-4 -5 -6 -7 -6 -4 -6 -7  3 -4 -2 -6  3  3 -7 -6 -6  9  8 -5 1 0 0 15
-3  2 -4 -3 -5  3  3 -5 -1  2 -2  0  3 -4 -4 -3 -2 -5 -3  2 1 0 0 35
-6 -4 -8 -9 12 -8 -9 -8 -8 -7 -7 -8 -7 -8 -8 -6 -6 -8 -8 -6 1 0 0 0
-2  2  1  0 -3  0  0 -1 -2  0  0  1  0 -3  0  0  1 -4 -3  0 0 1 1 65
 0 -4  0 -3 -2 -1 -1 -1 -2  3 -1 -3 -1 -2  0  0 -1 -5 -2  4 0 1 1 45
-6 -9 -8 -9 12 -8 -9 -8 -8 -7 -7 -8 -7 -8 -8 -6 -6 -8 -8 -6 0 1 1 40
-3 -4 -1 -1 -6 -1 -2  6 -2 -6 -5 -4 -3 -3 -6 -2 -4  5 -4 -6 1 1 1 40
-6 -6 -5 -6 -4 -4 -6 -7  2 -5 -3 -5  0  3 -7 -5 -1  8  8 -4 1 1 1 20
-4 -3 -5 -5 -3 -3  1 -6 -4  5 -1 -3 -1 -4 -3 -4 -1 -6 -3  5 1 0 0 40
-7 -7 -7 -8  0 -6 -7 -8 -3 -6 -6 -7 -6  0 -8 -7 -7 -3 10 -6 1 0 0 -5
-5 -4  1  8 -7 -3  0 -5 -3 -5 -7 -2 -7 -6 -6 -3 -4 -8 -5 -5 1 1 1 25
-4 -5 -5 -4 -7 -2  4 -6 -6 -7 -7 -3 -4 -8  8 -3 -4 -8 -7 -5 0 1 1 5
 4 -2 -2  0 -3 -1  3 -2 -3 -4 -3  0 -2 -4 -4  0 -1 -5 -4 -2 0 1 1 65
 0  0 -2 -1 -3  1  3 -4 -2  0  0  3 -1 -2 -4 -2 -2 -5 -3  2 0 1 1 60
-3 -6 -2 -5 -7 -6 -6  8 -6 -8 -8 -6 -7 -7 -6 -4 -6 -7 -7 -7 1 1 1 5
-2 -4 -1  7  0 -3  1 -5 -3 -3 -2 -4 -2 -5 -5 -2 -4  3 -4 -3 1 0 1 0
-1 -2 -4  0 -6 -3  0 -4 -3 -4 -4 -1 -5 -5  7  0 -3 -7 -5 -3 0 0 0 85
-1  0  0  4 -4 -1  3 -2 -1 -3 -3  1 -1 -2 -3  0 -1 -3 -3 -1 0 0 0 80
 0  0  3  1 -2  1  1  1  3 -4 -3 -1 -2 -2 -3  1 -1  3  1 -3 0 0 0 45
-3 -3  2  1 -5  1 -1  6 -2 -6 -5 -1 -3 -6  0 -2 -4 -5 -5 -6 0 1 1 70
-3 -6 -6 -6 -4 -6 -6 -6 -6  7 -1 -6 -2  0 -6 -5 -1 -3 -3  3 1 0 1 15
 4 -3 -3 -1 -4 -2  2 -3 -3 -5 -3  0 -3 -5  5 -1 -2 -6 -5 -3 1 1 1 60
 2 -3 -6 -5 -6 -4 -4 -5 -6 -5 -6 -2 -6 -7  8 -3 -4 -7 -7 -5 0 1 1 55
-4 -5 -1 -1 -6 -3 -4  7 -4 -7 -7 -4 -6 -7 -6 -3 -5 -6 -5 -7 0 1 1 70
-4 -6 -5 -6 -5 -5 -5 -6 -6 -1 -4 -5 -1 -4 -6 -3  8 -7 -4 -1 1 1 1 10
 2  3 -4 -2 -3  0 -1 -3 -3 -4 -2  1 -3 -3  5  0 -1 -6 -4 -3 1 1 1 40
-7 -7 -8 -8 -7 -7 -8 -6 -6 -5 -3 -8 -5  9 -8 -7 -7  9  0 -6 0 0 0 5
 2 -2 -2  2 -6  0  6 -4 -2 -5 -5 -1 -3 -6 -4  0 -2 -6 -4 -4 0 0 0 65
 1 -3  0  7 -4  0  2 -4 -4 -6 -6  0 -4 -7 -5 -2 -3 -7 -6 -5 0 0 0 65
-5 -6 -7 -7 -5 -6 -6 -7 -6  4  5 -6 -2 -3 -6 -6 -4 -5 -5  3 1 1 0 5
-3 -7 -6 -2 -7 -5 -6 -6 -7 -7 -6 -4 -7 -6  9 -3 -5 -8 -8 -7 1 1 1 55
 0 -3 -1  6 -3 -1  4 -3 -2 -3 -3 -2 -1 -6 -2 -1 -3 -6 -5 -3 0 1 1 80
-4 -4  1  7 -5 -3  0 -2  1 -5 -6 -3 -4 -5 -5  1  0 -7 -1 -5 0 1 1 70
-8 -8 -9 -9 -8 -7 -8 -8 -7 -7 -7 -8 -6  3 -9 -8 -8 12  1 -8 1 1 1 5
-2  3 -2 -4  3 -2 -2 -4  0  0  0  0 -1 -2 -3 -1  2 -5 -3  3 1 0 1 60
-6 -5 -8 -9 12 -8 -9 -8 -8 -6 -6 -8 -7 -7 -8 -6 -6 -7 -1 -6 1 1 1 0
-6 -7 -7 -6 -8 -6 -6 -7 -7 -8 -8 -6 -7 -9  9 -3 -4 -9 -8 -7 0 1 1 20
-2 -1  0  2 -4 -1  2 -4 -2  2  0 -2  0 -3 -3 -2  0 -1 -3  3 0 1 1 50
-6 -9 -8 -9 12 -8 -9 -8 -8 -7 -7 -8 -7 -8 -8 -6 -6 -8 -8 -6 0 1 1 30
-2  0  0  1 -6 -2 -3  6 -2 -6 -5 -1 -5 -2 -4  0 -4 -6 -4 -6 1 1 1 75
 5 -3 -3 -4 -1 -3 -1 -1 -3 -1 -1 -4  0 -3 -4  0 -1 -5 -3  3 1 1 1 15
 1  1 -2  1 -3 -2  1  3 -4 -5 -4 -1 -3 -5  3  1  0 -5 -4 -4 1 0 1 50
-4  1 -5 -5 -7  0 -4 -6 -5 -4 -7  8 -3 -5 -3 -4 -3 -7 -5 -4 0 0 0 10
 1 -1  0  4 -4 -1  3 -1 -2 -2 -4  0 -3 -5 -3  2  0 -1 -4 -2 0 0 0 80
 0 -1  0  4 -2  3  1 -2  0 -3 -2  0  2  0 -4 -1 -1 -4  0 -1 0 0 0 30
-7 -8 -8 -8 -7 -8 -8 -8 -6 -5 -3 -8 -5  9 -9 -7 -7 -4  1 -4 1 0 0 5
-2  0 -1  0 -5  1  4 -4 -2 -1 -2  2  2 -3 -4  0 -2 -3 -2  1 1 0 0 60
-1 -1  0  0 -5 -2  1 -4 -4 -3 -1  1  4 -2  5  0 -3 -5 -4  0 1 0 0 25
-2 -2 -5 -5 -3 -2 -4 -3 -3  4  2 -1  2 -1 -5 -3 -1 -4  2  4 1 1 1 25
-2  2 -2  1 -5  0  5  2 -2 -5 -5  2 -3 -5 -3  1 -1 -5 -4 -3 1 1 1 60
 0 -1  0  2 -4 -1  3 -2 -3 -2 -3  1 -1 -3  2  0 -2 -5 -4  2 1 1 1 70
 1  0 -2 -1 -3  0  2 -2 -2 -1 -2  2 -2 -2  0  0  1  0 -2  0 1 0 0 55
 2  0 -3 -2 -3 -2 -1 -1 -3  2 -2 -1 -1 -3  4 -1 -1 -4 -3  2 1 1 1 80
 4 -2 -2  0 -3  0 -1 -1 -3 -4 -4 -2 -3 -4 -1  4 -1 -4 -4 -3 1 1 1 75
 1 -4 -2 -2 -4 -3 -1  6 -4 -5 -5 -3 -4 -5 -4 -1 -3 -4 -5 -3 1 1 1 70
-1 -2 -5 -5 -4 -4  0 -5 -3 -2 -1 -4 -2  8 -5 -4 -4 -1  2 -3 1 1 0 95
 3 -1 -2  1 -3  2  4 -1 -2 -4 -4  1 -3 -4 -2  0  0  1 -3 -3 1 1 1 50
-2 -2 -1  2 -5  4  6 -4 -2 -4 -4 -1 -3 -5 -3 -2 -3 -5 -4 -2 1 1 1 75
-1 -2  8  1 -5 -2 -2 -2 -1 -5 -5 -2 -4 -5 -4 -1  0 -6 -4 -5 1 1 1 95
-1  0 -2 -3 -3  5 -1 -4 -2 -1  3 -1  0 -2 -3 -1 -1 -3 -3  0 1 1 0 70
-1  2  3 -1 -4  3 -1  3 -1 -4 -4  2 -2 -4 -3  0  0 -4 -3 -2 1 1 1 90
-4 -4 -4 -5 -4 -4 -4 -5  0 -3 -3 -4 -3  4 -5 -4 -4  0  9 -3 1 1 1 95
-1 -4 -2 -3 -4 -3 -4  7 -4 -6 -5 -3 -4 -5 -4 -2 -3 -4 -5 -5 1 1 1 95
