 3 -2 -1 -2 -2 -2 -2  2 -2 -1 -2 -2 -2 -3 -2  2  2 -3 -3  1 1 1 1 95
-1  4  0 -1 -4  2  2 -3 -1 -4 -4  4 -2 -4 -2 -1 -1 -2 -3 -3 1 1 1 65
-1  1 -1  0 -4  1  2  2 -1 -4 -4  3 -3 -3  0 -1 -1  4 -2 -3 1 1 1 65
-1  3  2 -2 -2  1 -1 -1 -1 -1 -2  3 -1 -3  0  0  0 -3 -2 -1 1 1 1 95
-1  3  1 -2 -2  1 -1 -2  5 -2 -1  2 -1 -2 -2  0 -1 -3 -1 -2 1 1 1 85
-3 -3 -4 -5 -4 -3 -4 -5  0 -2 -2 -4 -1  5 -5 -3 -3  1  8 -2 1 1 1 25
-3  7 -2 -3 -5  0 -2 -4  0 -1 -2  2 -2 -4 -3 -2 -2 -2 -2 -3 0 1 1 60
-1 -4 -2 -3 -4 -3 -4  7 -4 -5 -5 -3 -4 -5 -4 -2 -3 -4 -5 -5 0 1 1 30
 0 -4 -4 -4 -2 -4 -4 -3 -4  3  0 -4 -1 -2 -4 -3 -1 -4 -3  6 1 0 0 10
-3  8 -2 -3 -5 -1 -2 -4 -2 -5 -4  1 -3 -5 -4 -2 -3 -4 -3 -4 1 0 0 55
-2  5 -1 -2 -4  5  0 -3 -1 -4 -3  3 -1 -4 -3 -1 -2 -4 -3 -4 1 0 0 60
-3  8 -2 -3 -5 -1 -2 -4 -2 -5 -4  1 -3 -5 -4 -2 -3 -4 -3 -4 1 1 1 45
-2 -4 -3 -3 -4 -1 -3 -4  2 -4 -4 -3 -4 -5  8 -2 -2 -5 -4 -3 1 1 1 85
-5 -4 -6 -6 -5 -4 -5 -5 -1 -5 -3 -5 -4 -1 -6 -2 -5 12  0 -5 0 1 1 90
-1 -4 -2 -3 -4 -3 -2  7 -4 -6 -5 -3 -4 -5 -4 -2 -3 -4 -5 -5 1 1 0 55
-2  4 -2 -2 -5  0 -1 -3 -2 -4 -4  6 -3 -5 -3 -1 -2 -5 -3 -4 0 0 1 40
-4 -4 -5 -6 -4 -4 -5 -5 -2 -3 -2 -5 -2  6 -5 -4 -4 10  5 -3 1 0 0 15
 6 -3 -3 -3 -2 -2 -2 -1 -3 -2 -3 -2 -2 -4 -2  0 -1 -4 -3  1 1 0 0 0
 6 -3 -3 -3 -2 -2 -2 -1 -3 -3 -3 -2 -3 -4 -2  0 -2 -4 -3 -2 1 0 0 -5
-3 -2 -2  0 -6  1  7 -4 -2 -5 -5 -1 -4 -5 -3 -2 -3 -5 -4 -4 1 0 0 15
-3 -5 -5 -5 -3 -5 -5 -6 -5  7  0 -4  0 -2 -5 -4 -2 -4 -3  1 1 0 0 5
-3  8 -2 -3 -5 -1 -2 -4 -1 -5 -4  0 -3 -5 -4 -3 -2  1 -3 -4 1 0 0 75
-3 -3  0  7 -5 -2  1 -3 -1 -4 -2 -2 -4 -5 -3 -2 -3 -6 -4 -3 1 0 0 5
-2 -3 -3 -3 -4 -3 -3 -3 -4 -4 -4 -2 -4 -4  8  1 -2 -5 -4 -4 0 1 1 65
 1  0  1 -1 -2  0  0 -1  1 -1 -1  1 -1 -1 -1  1  1  3 -1  0 0 1 1 85
-2  5 -2 -2 -4  1 -1 -3 -2 -2 -2  5 -2 -4 -3 -1 -1 -4 -3 -3 0 1 1 65
-1  2  4  0 -3  1  0 -1  1 -3 -3  3 -2 -3 -1  0 -1 -3 -2 -2 0 1 1 95
 1  1 -1 -2 -3 -2 -2  5 -1 -3 -2 -1 -2 -3 -2 -1 -1 -3 -3 -2 1 1 0 50
 3 -1 -2 -2  1 -1 -1  0 -2  0 -1 -1 -1 -2 -1  1  1 -3 -2  2 1 0 0 35
-3  8 -2 -3 -5 -1 -2 -4 -1 -5 -4  1 -3 -4 -4 -2 -3  0 -3 -4 1 0 0 75
-1 -1 -3 -4 -2 -2 -3 -4  0  2  2 -2  0 -2 -3 -2 -1 -3 -2  5 1 0 0 30
-5 -5 -6 -7 -5 -4 -5 -5 -5 -5 -4 -6 -4 -1 -6 -5 -5 13  0 -5 1 0 0 55
-3 -4 -5 -5 -3 -4 -4 -5 -4  1  6 -4  1 -1 -4 -4 -3 -3 -3 -1 1 0 0 35
-1 -4 -2 -3 -4 -4 -4  7 -4 -6 -6 -3 -4 -5 -4 -2 -3 -4 -5 -5 1 0 0 20
-2 -3 -2 -3 -3 -2 -3 -3 -4 -3 -3 -2 -3 -4 -3  0  7 -4 -3 -2 1 0 0 50
-4 -4 -4 -5 -2 -4 -5 -5 -1 -2 -2 -4 -2  8 -5 -4 -4  0  5 -3 1 0 0 20
-1 -2  2  6 -4  0  3 -2 -2 -4 -4 -1 -4 -5 -1 -1 -2 -5 -4 -3 1 1 0 75
-1 -2 -1 -2 -2 -2 -2 -3 -3 -3 -3 -2 -2 -4 -3  2  7 -4 -3 -2 1 1 0 40
 6 -3 -3 -2 -3 -3  0 -1 -4 -4 -4 -2 -3 -4  2 -1 -2 -5 -4 -2 0 0 1 10
-3 -2 -3  0 -6  0  7 -4 -2 -1 -4 -1 -3 -5 -3 -2 -3 -5 -3 -1 0 0 1 60
 1 -2 -1  3 -5  1  5 -2 -2 -5 -4 -1 -4 -5 -3 -1 -2 -5 -4 -4 0 0 1 40
 7 -4 -4 -4 -3 -3 -3 -2 -4 -4 -4 -3 -3 -5 -3 -1 -2 -5 -4 -2 0 0 1 -5
 6 -4 -4 -4 -3 -3 -3 -1 -4 -4 -4 -3 -3 -5 -3 -1 -2 -5 -4 -2 0 0 1 -5
-2  5 -2 -4 -1 -1 -2 -4 -1  0  3  0  2 -2 -4 -3 -2 -4 -2 -1 0 0 1 45
 6 -4 -4 -4 -2 -3 -3 -2 -4 -3 -3 -3 -3 -4 -3 -1 -2 -5 -4  0 0 0 1 20
-5 -4 -5 -6 -3 -4 -5 -6  0 -4 -4 -5 -4  1 -6 -4 -4  0  9 -4 0 0 1 10
-4 -4 -1  8 -6 -3 -1 -2 -4 -6 -6 -3 -6 -6 -4 -3 -4 -7 -6 -6 0 0 1 5
 1  4  1  0 -1  3  1 -2  1 -2 -2  1 -2 -3 -3  0 -1 -4 -2 -1 0 0 1 75
 6 -3 -4 -4 -3 -2  0 -2 -4 -4 -4 -2 -3 -4 -3 -1 -2 -5 -4 -2 0 0 1 15
 6 -4 -2 -4  0 -3 -3 -2 -4 -3 -4 -3 -3 -4 -3 -1 -2 -5 -4 -2 0 0 1 0
-3  3 -3 -4 -4 -2 -3 -4 -2  1  1 -1 -1  5 -4 -3 -3  0  3  0 0 0 1 45
 0  4  0 -1 -4  1  1 -2  0 -3 -3  3 -1 -4 -3  1 -1 -4 -3 -3 0 0 1 90
-3 -4 -4 -5 -3 -3 -4 -5 -4  3  3 -4  6  4 -4 -4 -2 -1 -1  0 0 0 1 35
-4  7 -3 -4 -1 -1 -2 -4  0 -5 -4  2 -4 -5 -4 -2 -3 -5 -2 -5 0 1 1 55
-1 -4 -3 -2 -5 -4 -4  7 -4 -6 -6 -3 -5 -5 -4 -2 -4 -5 -5 -5 1 1 1 50
 1  0  0  1 -1  0  0 -2  1 -2 -3  0 -2 -4  4  3  0 -4 -2 -2 1 1 0 65
-1  3  1 -1 -2  0 -1 -2 -1 -3 -1  5 -1 -2 -3  0 -1 -1 -1 -3 0 1 1 90
 6 -4 -4 -4 -3 -3 -3 -2 -4 -4 -4 -3 -3 -5 -3  0 -1 -5 -4 -2 1 1 1 25
-2  2 -2 -3 -3  0 -1 -3 -1  1  1  4 -1 -3 -2 -2 -1 -4 -2  1 1 1 1 75
-3 -4 -3 -4 -3 -3 -4 -5 -4  0  5 -4  0 -2 -3 -2  3 -4 -3  0 1 1 1 10
-4 -2  8  0 -5 -2 -2 -3 -2 -6 -6 -3 -5 -6 -5 -2 -2 -6 -5 -5 1 1 0 15
-5 -5 -5 -6 -5 -6 -6 -4 -4 -3 -1 -6 -2  9 -6 -4 -4 -1  1 -3 1 1 0 25
-2 -4 -4 -4 -1 -3 -3 -4 -4 -5 -5 -3 -5 -5  8 -2 -3 -6 -5 -5 1 1 1 55
-1 -2  1  0 -2 -1  1 -2  4  0  2 -2  0 -1 -2 -1 -1 -3 -1  0 1 1 1 90
-1  2  0  1 -3  0  3 -3  0 -2  1  0 -1 -3  1 -1 -1 -4 -2 -2 1 1 1 85
 1 -1 -1  0 -1 -2 -2 -3 -2  3  0 -2  0  0  1 -1 -1 -3  0  2 1 1 1 95
 0  0  1  0 -3  0  0  3  3 -3 -3 -1 -2 -3 -1  1  0 -3  0 -2 1 1 1 50
 1 -1  1 -1 -2  0 -1  0  0 -3 -2  1 -1 -2 -1  3  2 -4 -2 -2 1 1 1 55
 1 -2  3  1  0 -1 -1  3  0 -4 -4 -1 -3 -3  1  1 -1 -4 -2 -3 1 1 1 70
-2 -1  0  4 -4  3  4 -3  2 -4 -4  0 -3 -4 -2 -1 -2 -4 -3 -4 1 1 1 90
