-3 -4 -4 -5 -4 -3 -4 -5 -4 -1  1 -4 10 -2 -5 -4 -3 -4 -3 -1 1 1 1 95
-1  4  1 -2 -3  1 -1 -1  0 -3 -3  1 -2  0 -2  1  3 -3 -1 -3 1 1 1 85
 0  0  2 -2 -3 -1 -1 -1  0 -1 -3  3 -1 -3  1  2  2 -4 -3 -1 1 1 1 95
 0 -1  2  0 -2  0 -1 -2  0 -2 -2  1 -1 -3  2  3  2 -4 -2 -1 1 1 1 35
 2  0  0  2 -2  1  2 -1 -1 -2 -3  0 -2 -3  1  1  1 -3 -1 -1 1 1 1 95
-2  3  2 -2 -2  1  0 -3 -2 -4 -4  5 -1 -4 -2 -1  1 -4 -3 -4 1 1 1 60
-1  1 -1  0 -4  5  2 -2  1 -3 -3  4 -3 -4 -2 -1 -1 -4 -3 -4 1 1 0 50
 1  1  0  2 -3  3  2 -2  1 -2 -3  2 -2 -4 -2  0 -1 -4 -3 -2 0 1 1 55
 0  2  2  2 -3  1  1 -2 -1 -2 -1  1 -2 -3  0  0  0 -3 -3 -2 0 1 1 50
-2  4 -3 -3 -3  2 -2 -4 -1  2  3 -1  1 -2 -3 -2 -1 -3 -2 -1 0 0 1 0
-1 -1  0 -1 -2  0 -2 -3  0  1  2 -2  1 -1 -3 -1  1 -3 -1  1 0 0 1 20
 1  1  0  1 -3  2  3 -2  1 -2 -3  3 -2 -3 -2  0  0 -3 -2 -3 0 0 1 55
 3  0 -2 -2 -2 -1 -1 -1 -2  0  0  0  1 -2 -2  0  1 -3 -2  1 0 0 1 0
-2 -4 -4 -4  4 -3 -3 -4 -3  5  2 -3 -1  4 -3 -3 -2 -2 -1  1 0 0 1 -5
-2  4 -2 -2 -4  2 -1 -2 -2 -3 -3  5 -2 -4 -2 -1 -2 -4 -3 -3 0 0 1 10
 1  2 -1  1 -3  2  3 -2  0 -3 -2  1  2 -3 -2  0 -1 -4 -3 -2 0 0 1 40
-3 -4 -5 -5 -3 -4 -5 -6 -5  5  5 -4  1 -1 -5 -4 -3 -4 -3  0 0 0 1 0
-3 -5 -5 -6 -3 -4 -5 -6 -5  5  4 -5  0 -2 -5 -4 -3 -4 -3  1 0 0 1 -5
 1  1  1 -1 -3  2  0 -1  0 -3 -2  2 -2 -4 -2  2  1 -1 -3 -3 0 0 1 45
 0  2  2  0 -4  2  4 -2 -1 -4 -3  0 -3 -4 -3  2  0 -4 -3 -3 0 1 1 65
-3  1  1 -1 -5  3  4 -2  4 -4 -4  2 -1 -3 -3 -1 -2 -4  0 -4 1 1 1 40
-1  1  1  0 -2  1  3 -1  1 -3 -3  2 -2 -4  2  2 -1 -4 -3 -2 1 1 1 60
-1 -4 -4 -5  0 -4 -4 -5 -3  4  1 -4  0  4 -4 -3 -2 -2  2  3 1 1 1 5
 0  2 -1 -1 -2 -1  1  3  0 -4 -2 -1 -3 -3 -3  2  0 -4 -3 -3 1 1 1 35
-1  0  0 -2  0 -2 -2 -3 -3 -4 -4 -1 -3 -4 -3  5  4 -5 -4 -3 1 1 0 35
-4 -2 -3 -3 -6  8 -1 -5  2 -6 -5 -2 -3 -6 -4 -3 -4 -5 -4 -5 0 0 1 25
 0 -2  1  2 -4  0  4  1  0 -3 -4 -1 -3 -2 -2  1 -1 -4 -1 -3 0 0 1 45
-3 -2 -2  3 -6  2  6 -3  0 -5 -5 -1 -1 -5 -3 -2 -3 -5 -3 -5 0 0 1 30
-3 -4 -5 -5 -3 -4 -5 -6 -5  5  4 -4  0 -2 -5 -4 -3 -4 -3  1 0 0 1 -5
 1  2 -3 -4  2 -2 -3 -3 -3  0  1 -1 -1 -2 -3 -1 -1 -4 -3  4 0 0 1 10
 0  1  0  3 -3  2  3 -2  0 -2 -2  1 -2 -3 -2  0  0 -3 -1 -2 0 0 1 45
 3  1 -2  0 -2  0  1 -2  1 -1  1  0  0 -1 -3  0 -1 -3  1 -1 0 0 1 15
-4 -4 -6 -6 -4 -4 -5 -6 -5 -1  6 -5  1  0 -5 -5 -3 -4 -3 -1 0 0 1 -5
 1  1 -1 -1 -3  3  2 -1 -1 -1 -2  3 -2 -4 -2  0 -1 -4 -3 -1 0 0 1 45
 1  1  1  2 -3  2  3 -1 -2 -4 -3  2 -3 -4 -2  1  0 -4 -3 -3 0 0 1 90
 0  1 -1  1 -3  3  3 -3  2 -1  0  0  1 -2 -3 -1 -2 -3  0 -1 0 0 1 50
-2 -5 -1 -3 -5 -4 -4  7 -4 -6 -6 -4 -5 -6 -5 -3 -4 -5 -5 -6 0 1 1 60
-3 -4 -4 -5 -4 -4 -4 -5 -2  3  0 -4 -1  7 -5 -4 -3 -1  4  1 1 1 1 15
-1  0  0  3 -3  1  3 -2  0 -2 -2  1 -2 -3 -1  0  0 -3 -2 -1 1 1 0 90
 0 -1  4  1 -2  0 -1  1  0 -2 -2  0 -1 -2 -1  1  1 -2 -1 -2 1 1 0 55
 0 -4 -4 -4 -2 -4 -4 -4 -4  4  1 -4  1 -2 -4 -3 -2 -4 -3  5 1 1 1 5
-2 -3  3 -2 -3 -2 -3 -2 -3 -3 -4 -3 -3 -4 -3  3  6 -5 -4 -3 1 1 1 50
-4 -2 -3 -3 -6  9 -1 -5 -2 -6 -5 -2 -3 -6 -2 -3 -4 -5 -4 -5 0 0 1 65
 5 -3 -2 -3 -3 -2 -3 -2 -3 -4 -4 -2 -3 -4  1  4  0 -5 -4 -3 0 0 1 55
-2 -2 -2 -3 -4  0 -2 -4 -4 -3 -4  3 -3 -5 -3  0  6 -5 -4 -3 0 0 1 25
-2 -4 -5 -5 -3 -4 -5 -5 -5  3  3 -4  0 -2 -4 -4 -2 -4 -3  5 0 0 1 -5
-1 -3 -1 -3 -3 -3 -3 -3 -3 -5 -5 -3 -4 -5 -3  7 -1 -5 -4 -4 0 0 1 20
-4  8 -3 -4 -6 -2 -3 -5 -3 -6 -5  0 -4 -6 -5 -4 -4 -6 -5 -5 0 0 1 60
-4 -4 -2  6 -5 -3 -1 -4 -4 -1  1 -3  5 -4 -4 -3 -3  2 -4 -3 0 0 1 10
-3 -4 -5 -6 -3 -4 -5 -6 -5  3  5 -5  1 -1 -5 -4 -3 -4 -3  0 0 0 1 5
-1  2  1  1 -4 -1  0 -3 -1 -3 -3  4 -1 -4 -3  1  1 -4 -3  0 0 0 1 85
-2  0 -1  1 -5  4  5 -4 -2 -3 -1  3 -1 -4 -3 -2 -2 -4 -4 -4 0 0 1 60
-3 -4 -5 -5 -3 -3 -5 -5 -3  2  5 -4  2  3 -5 -3 -3 -3 -1  0 0 0 1 0
-2  0 -1 -2 -4  1 -1  5  2 -5 -4  2 -3 -5 -4 -1 -3 -4 -4 -4 0 1 1 30
 4 -4 -4 -4 -2 -3 -3 -3 -4  1  2 -3 -1 -3 -3 -2 -2 -4 -3  3 1 1 1 15
 1 -4 -4 -4 -3 -4 -3 -3 -4  3  0 -4  0 -2 -4 -2  0 -4 -3  5 1 0 0 40
-3  4 -2 -3 -5 -1 -2 -4 -3 -5 -5  6 -4 -5 -4 -1 -3 -5 -4 -5 1 0 0 50
 1 -2 -3 -4 -2 -3 -3 -4 -4  3  1 -3  0 -2 -3 -1  2 -4 -3  4 1 0 0 35
 1  5 -3 -3 -4  0 -2 -4 -1 -3 -4  1 -1 -3  4 -1 -2 -5 -4 -4 1 0 0 70
-1 -1  5  2 -4 -2 -2  0  1 -3 -1 -2 -1 -3 -3  1  0 -5 -3 -3 1 1 1 15
 3 -1 -1 -1 -2  0  1  0 -2 -1 -2  0  2 -3  1  1  1 -4 -3 -1 0 1 1 90
-1  1  3  3  0  1  0 -1  1 -3 -3  3 -2 -4 -3  1 -1 -4 -1 -3 0 1 1 75
-2 -3 -1 -1 -4 -1 -3  6 -4 -5 -4 -3  3 -5 -4 -1 -3 -5 -5 -4 1 1 0 75
 0  2  1  0 -4  3  3  0 -1 -3 -3  2 -2 -4 -2  0  0 -4 -2 -3 1 1 1 55
-2  0 -2 -4 -3 -1 -3 -4  0 -1  2  1  4  1 -4 -2 -1 -1  5 -1 1 0 0 45
-1 -1 -3 -4 -3 -2 -2 -4  0  3 -1  0 -1 -2 -4 -3 -1 -4  1  5 1 0 0 0
-5 -5 -5 -6 -5 -4 -5 -6 -1 -4 -4 -5 -4  1 -6 -5 -5 -1 10 -4 1 0 0 10
 2  0 -2 -3  6 -1 -2 -2  1 -1 -2 -1 -2 -3 -3  2  0 -4 -3  2 1 0 0 10
-3 -4 -5 -5 -3 -4 -5 -5 -5  2  5 -4  1 -1 -5 -4 -3 -4 -3  2 1 1 1 10
-2 -4  0 -3 -5 -1 -3 -3 -4 -5 -3 -3 -4 -5  8 -1  0 -6 -5 -4 1 1 1 35
 2  0  3  1 -2 -1  0  0 -2 -2 -2  0 -2 -3  2  1  0 -4 -1 -1 1 1 0 75
-2 -2 -1  2 -5  3  6 -4  0 -5 -4 -1 -4 -5 -1 -1 -2 -5 -4 -3 1 1 0 80
-1 -2 -2 -1 -3 -2 -2 -2 -2  0  3 -2  0 -2  4  0  1 -3 -3  0 1 1 1 55
 1  0 -2 -1 -3 -1  0  4 -2 -2 -1 -2  2 -3 -1  1 -1 -3 -3 -1 1 1 1 20
-1 -3 -1 -2 -2 -2 -2 -2 -3  1  0 -2  2 -2  3 -1  0 -4 -3  4 1 1 1 80
-2 -4 -4 -3 -5 -3 -1 -4 -4 -5 -5 -3 -4 -6  8 -2 -1 -6 -5 -4 1 1 0 55
-1 -2  1 -2 -2 -1  0 -2 -2 -2 -3 -1 -2 -4 -2  2  6 -4 -3 -2 1 1 1 80
 0 -2 -1 -2 -2 -1 -1 -2 -2 -2 -2 -1 -1 -3 -2  2  6 -3 -2 -1 1 1 1 95
