-3 -3  3  7 -5 -1  2 -3 -2 -5 -5 -2 -4 -5 -3 -2 -2 -6 -4 -5 1 1 1 70
 0 -2 -3 -2 -4  4  4 -4 -2 -2  2 -2 -2 -3 -1 -2 -2 -4 -3  1 1 1 1 75
-1 -2 -1  4 -4  0  4 -3 -3 -4 -2  1 -1 -5 -2  1  1 -1 -4 -3 1 1 1 55
-3 -4 -1 -4 -5 -4 -4 -4 -5 -6 -6 -4 -5 -6 -5  7  1 -7 -5 -5 1 1 1 40
-5 -8 -7 -8 12 -8 -8 -7 -8 -6 -6 -8 -6 -7 -7 -5 -5 -7 -7 -5 0 0 1 10
 2  2 -3 -2 -4  2  0 -3 -3 -1 -2  4  0 -4 -3 -1 -2 -5 -2  1 0 1 1 60
-2 -5  2 -2 -5 -4 -3  7 -2 -6 -5 -3 -5 -6 -5  0 -4 -6 -1 -6 0 1 1 60
-6  8 -5 -6 -7 -3 -4 -6 -1 -7 -3 -2 -5 -7 -6 -5 -3 -7 -6 -6 0 1 1 45
-5 -8 -7 -8 12 -8 -8 -3 -8 -6 -6 -8 -6 -7 -8 -6 -6 -7 -7 -6 1 1 1 15
-3 -2  2 -1  0 -2  0  4  0 -4 -3 -3 -3  4 -4 -2  0 -3  1 -4 1 1 1 55
-2 -3  2  0 -6  1  6 -5 -1 -6 -6 -2 -5 -6 -4  0 -2 -6 -1 -3 1 1 0 60
 1 -1 -1 -1 -3  0 -1  3 -2 -1 -1  1 -2 -3  1  1  0 -3 -2 -1 1 1 1 35
-3 -5 -5 -5 -5 -1 -1 -6 -1 -1 -3 -4 -3  7 -2 -5 -2  1  6 -2 1 1 1 25
-2  1  4  4 -5  0  1 -3 -1 -3 -4  0 -2 -5 -4  1 -1 -5 -4 -1 1 1 1 40
 2  4 -1 -2 -4 -1  0 -2  1 -2 -3  1 -3 -4  0  2  0 -5 -2 -3 0 1 1 70
-1 -1  0  3 -4  1  2  3  1 -4 -4  0 -1 -1 -2  1  0 -4 -2 -4 0 1 1 75
 2  3  2  0 -4  1 -2 -2  2 -3 -2  2  0 -1  1  0  0 -4 -1 -2 1 1 0 45
 1 -1  1  0 -4  0  0 -2 -3 -2 -1  3 -2 -4  3  1  1 -5 -4 -2 1 1 0 70
-5  0 -7 -8 11 -7 -8 -7 -7 -6 -6 -7 -6 -7 -7 -5 -5 -7 -7 -5 1 1 0 10
-4  2  1  0 -6  6  0 -3  5 -5 -4 -2 -4 -2 -4 -1 -1 -5  0 -5 1 1 1 10
-5 -8 -7 -8 12 -8 -8 -7 -8 -6 -6 -8 -6 -7 -7 -5 -5 -7 -7 -5 1 1 1 5
-5 -5  4  8 -7 -4 -2 -5 -4 -7 -7 -4 -7 -7 -5 -4 -4 -8 -7 -7 1 1 0 5
 0  0  1  1 -3 -1  1 -1  1 -1 -2 -1 -2 -1  2  2  0 -3  0 -1 0 1 1 50
-1  1  2  2 -4  2 -1 -2 -1 -1  2  0  2 -2 -3 -1 -2 -4 -1 -2 0 1 1 25
-5 -8 -7 -8 12 -8 -8 -7 -8 -6 -6 -8 -6 -7 -7 -5 -5 -7 -7 -5 0 0 1 0
-1  0 -1 -1 -3  2  0 -2 -1 -1  0  2  0 -2  3  1  0 -4 -3  1 0 0 1 40
-1  1 -1  0 -4  3  1 -3  2 -2 -1  1  0 -2 -3  0  0  1  4 -2 0 0 1 30
-4  0 -5 -6 -6 -5 -5 -6  4 -2 -2 -5 -1  4 -6 -3 -3 -2  8 -4 0 0 1 20
-2  0  4 -1 -5  2 -1  4 -1 -5 -4  1  1 -4 -4  0 -2 -1 -1 -4 0 1 1 55
-2 -3  3  5 -5  1  1 -3 -3 -5 -5  0 -2 -5 -4  4 -1 -6 -2 -5 1 1 1 20
-5 -8 -7 -8 12 -8 -8 -7 -8 -6 -6 -8 -6 -7 -7 -5 -5 -7 -7 -5 1 1 1 25
-5 -8 -7 -8 12 -8 -8 -7 -8 -6 -6 -8 -6 -7 -7 -5 -5 -7 -7 -5 1 1 1 10
 0 -1 -1  1 -4  0  1 -2  2 -1 -2 -1 -1  0  4  2 -1  0  0 -2 0 1 1 95
-6 -5  1  8 -7 -4 -2 -5 -5 -7 -8 -5 -7 -7 -5 -4 -5 -8 -7 -7 0 1 1 25
-5 -5 -6 -7 -6 -5 -6 -7  1 -3 -4 -4  0  6 -7 -4 -5 -2  8 -3 0 0 1 10
-1 -1  1  3 -4  1  3 -1  1 -2 -2  1  1 -2 -1  0 -1 -4 -1 -1 0 0 1 65
 1 -1 -1  2 -3  0  2 -2  2 -3 -3  0 -3 -2 -2  2  2 -4 -3 -2 0 0 1 65
-1 -3 -2 -3 -3 -1  0 -4  3  1  2 -2  1  1 -4 -2  0 -1  1  2 0 0 1 40
-5 -8 -7 -8 12 -8 -8 -7 -8 -6 -6 -8 -6 -7 -7 -5 -5 -7 -7 -5 1 0 0 25
-1  0  1  0 -3 -1 -1  1 -2 -3 -2  3 -3 -4  1  0  3 -4 -3 -3 1 1 1 45
 2 -1 -2 -1 -3 -2 -1  0  0 -1 -1  1 -1 -3  4  0  0 -4 -3  1 1 1 1 60
-1 -1 -2  0 -5  3  4 -1  0 -4 -3  4  1 -4 -3 -1  0 -4 -1 -4 1 1 1 55
 0 -3  0 -1 -3  0  2 -3 -1  1  2 -2  0 -2 -3 -1  0 -4 -3  2 1 1 1 65
 1 -3  0 -2  1 -1 -2 -1 -1 -1 -3 -1 -3 -4 -3  4  4 -4 -3 -2 1 1 1 60
-1  7  0 -3 -5  1 -2 -4 -2 -5 -4  3 -3 -5 -4 -2 -3 -5 -4 -4 1 1 1 65
-2 -4 -2 -3 -5 -4 -4  7 -4 -6 -6 -4 -5 -5 -4 -2 -4 -5 -5 -5 1 1 0 55
-3  3  0  6 -5 -1  2 -3 -2 -4 -5 -1 -4 -5 -3 -1 -2 -5 -4 -4 1 1 0 65
-1 -3 -3 -3  5 -3 -3 -3 -4  2  0 -3  1 -2 -3 -1  3 -4 -2  3 1 0 0 50
-3 -4 -4 -5 -4 -4 -4 -5 -3 -1  1 -4 -1  8 -5 -4 -3  0  2 -2 1 0 0 60
 1 -2 -1  1 -3  0  3 -2  0 -2 -2 -1 -2 -3  3  0  1 -4 -3  0 1 1 1 75
-2 -3 -3 -4 -2 -2 -3 -4 -3  2  3 -3  4  3 -3 -2 -1 -2  0  2 1 1 1 95
