-1 -2 -2 -3 -2 -1 -2 -3 -2  2  2 -2  6  0 -3 -2 -1 -2 -1  1 1 1 1 80
-1  0  0  2 -4  2  5 -2  0 -3 -3  1 -2 -4 -1  0 -1 -3 -2 -3 1 1 1 50
-1 -1 -1 -1 -3  2  0 -2 -2 -2 -2 -1 -2 -3  7 -1  0 -3 -3 -2 1 1 1 50
-1 -1  0  5 -3  1  4 -2 -1 -3 -3  0 -3 -4 -2  1 -1 -4 -3 -3 1 1 1 50
-2 -2  2  5  1  0  2 -2 -1 -3 -4 -1 -3 -4  2  0 -1 -4 -3 -3 1 1 1 55
 0 -2 -1 -2  2 -2 -2 -2 -2  0  0 -2 -1  4 -2  2  0 -1  1  0 1 1 1 20
 1 -2  0  4 -2 -1  0 -1 -2 -1 -2 -1 -2 -3  3  1 -1 -4 -3 -1 1 1 1 40
 0 -1  0  0  1  0  2 -2 -1 -2 -2 -1  0 -3  3  2  1 -3 -2 -1 1 1 1 45
-1  4 -1  0 -3  1  3 -2 -1 -3 -3  2 -2 -3  1  0  0 -3 -2 -2 0 1 1 60
 0 -2  2  4 -3  0  0  2  1 -3 -4 -1 -3 -3 -2  1 -1 -4 -3 -3 0 1 1 50
-1  3  3 -1 -3  0  0  1 -1 -3 -3  3 -2 -3  0  0  0 -3 -2 -3 1 1 1 50
-1 -1  0  2 -3  1  4 -1 -1  0 -2  0  0 -3 -2  0  0 -3 -2 -1 1 0 0 55
-1 -1 -1 -2 -1  0 -1 -1 -2  2  1  0  2 -1 -1  0  1 -2 -1  1 1 0 0 25
 0  0 -1 -1 -1 -1 -1 -1 -1  1  2 -1  1  0  0  0  0 -1 -1  0 1 1 1 75
-1 -1  3  2 -2  1  2 -1 -1 -2 -2  0 -2 -3 -1  1  1 -3 -2 -2 1 1 1 70
-3 -3 -3 -4 -3 -2 -3 -3 -3 -3 -2 -3 -2  0 -3 -3 -3 11  1 -3 1 1 1 35
-2 -2  0  7 -3 -1  1 -2 -2 -3 -3 -1 -3 -3 -2 -1 -1 -4 -3 -3 1 1 1 10
-2 -3 -3 -3 -2 -3 -3 -3 -3  5  1 -3  0 -1 -2 -2 -1 -3 -2  2 1 1 0 40
-2 -1  6  2 -4 -1  1 -2 -1 -4 -4  0 -3 -4 -3  0 -1 -5 -3 -4 1 1 0 65
-3 -3  0  7 -5 -1  0 -2 -2 -4 -5 -2 -4 -5 -3 -1 -2 -6 -4 -4 1 1 1 40
 1 -1  1 -2 -2 -1 -1 -2 -2  0 -1  1  3 -2  4  0  0 -3 -2  0 1 1 0 80
-1  1  1 -1 -3  3  0 -2  1 -1 -3  5 -2 -3 -2  0 -1 -4 -2 -1 1 1 0 55
-1 -2 -2 -3 -2 -2 -2 -3 -3  2  3 -2  3 -1 -2  0  0 -2 -2  2 1 1 1 5
-2 -3 -3 -2 -3 -2  0 -3 -3 -3 -3 -1 -3 -4  8 -2 -1 -4 -3 -3 1 1 1 30
-1  1 -1 -1 -3  4  0 -2  1 -2 -2  2 -1 -2 -2  2  1 -3 -2 -2 1 1 1 50
 1 -2  2  4 -2  0  1 -1 -1 -1 -2 -1 -2 -3 -1  0  0 -3 -2  1 1 1 1 80
 0 -2 -2 -2  0 -2 -2 -2 -3  1  0 -2  0 -2  2  2  1 -3 -2  3 1 1 1 25
-1  1  0  2 -3  0  1  0 -1 -2  0  2 -1 -2 -2  0  0 -3 -2 -2 1 1 1 95
-1  2  0  0 -3  3  2 -2  4 -3 -2  1 -2 -2 -2  1 -1 -2  2 -2 1 1 1 75
-1 -3 -3 -3 -3 -2 -1 -4 -2  2  0 -3 -1  5 -3 -2  0 -1  3  1 1 1 1 40
-3 -2  1  6 -5 -1  2 -3 -2 -4 -5  0 -4 -5  3 -1 -2 -5 -4 -4 1 1 1 30
-1 -1  0  3 -2  1  2 -2  1 -1 -2  0 -2 -2  1  0  1  4 -1 -1 1 1 1 95
-2 -3 -2  0 -3 -2 -2 -3  2 -1 -1 -3 -1  6 -3 -2 -2  5  2 -1 1 1 1 20
-1  1  2  2 -1  3  1 -2  0  0 -2  0 -1 -3  1  0  0 -3 -2 -2 1 1 1 40
-2 -1  0  4 -3  0  4  0 -1 -3 -2 -1 -1 -3 -2 -1 -2 -3 -3 -3 1 1 0 40
-3 -3 -4 -4 -3 -3 -3 -3 -3 -3 -3 -3 -3  0 -4 -3 -3 11  3 -3 1 1 0 20
 1 -2 -2 -2 -1 -2 -2 -2 -2  0 -2 -2 -2 -3  7  0  0 -3 -3 -1 1 1 1 0
-2 -2  5  5 -3  0  0 -2 -1 -3 -3 -1 -3 -3 -2 -1  0 -4 -3 -3 1 1 1 25
 0 -2 -1 -2 -3 -2 -2  6 -2 -3 -3 -2 -3 -3 -2  2 -1 -3 -3 -3 1 1 0 45
-2 -1  3  3 -3 -1 -1 -2  5 -3 -3 -1 -2 -1 -2 -1 -1 -2  4 -3 1 1 0 50
 0 -2 -2 -3  5 -2 -2 -3 -3  1  0 -2  0  1 -2 -1  1 -2 -1  3 1 1 1 25
-2  5 -2 -2  4  1 -1 -3 -2 -3 -3  3 -2 -4 -3 -1 -1 -4 -3  0 1 0 0 40
-2  3 -2 -2 -1  0  2 -3  3 -2  0  0  0  3 -3 -2 -2 -2  2 -2 1 0 0 5
-1  0 -1  0  3 -3 -3 -4 -3  4  0 -2  2 -2 -3 -2 -1 -4 -2  3 1 1 1 15
-3 -3 -4 -4 -3 -3 -1 -4  0  0  2 -3 -1  3 -4 -3 -3  0  7 -1 1 1 1 -5
 0  1  0  0 -2  0  1 -1  0 -3 -2  2 -2 -3  2  3  1 -3 -2 -2 1 0 1 20
 2 -2 -1  0 -2 -1 -1  1 -2 -3 -2 -1 -2 -3  4  2  1 -4 -3 -2 0 1 1 10
 1 -1 -1  1 -2  0  2  0  1 -1  0  0 -1 -2 -2  0  0 -3 -1  0 0 1 1 60
-1 -1  1  4  3  0  2 -2 -2 -4 -4  1 -3 -4 -2  2 -1 -4 -3 -3 1 1 1 20
-1  1  1  0 -3  2  2 -2 -1  0 -2  3 -2 -3  0  1 -1 -3 -2 -2 0 0 1 70
-2  0  2  1 -3  0  3 -2  0  0  0  0 -1 -3  2 -1 -1 -3 -2 -1 0 0 1 40
 4 -2 -2 -3 -2 -2 -2  0 -2 -2 -1 -2 -2 -2  1  0  1 -2  2 -1 0 0 1 -5
-2  3  1 -2 -4  3  0  0  4 -4 -3  1 -2 -3 -3 -1  0  3 -1 -3 0 0 1 40
-1  4 -1 -3 -3 -1 -1  0  3 -3  0  2 -1  1 -3 -2 -2  4 -1 -3 0 1 1 55
-2 -2  1 -2 -4 -1  0  1  9 -5 -4 -2 -3 -3 -3  0 -3 -4  0 -4 0 1 1 30
 0 -2 -2 -2 -1 -1  0  0 -1  1  2 -2  0  3 -3 -1 -1 -1  0  0 1 1 1 20
 0  0 -1 -2 -2 -1 -1 -2 -2 -2 -3 -1 -2 -3 -2  5  1 -4 -3  0 1 1 1 10
-1 -1 -1 -2 -3  2 -1  5  2 -4 -4  2 -3 -4 -2  0 -2 -3 -3 -3 1 1 0 5
-4 -4 -5 -6 -4 -4 -5 -4 -4  1 -3 -5 -3 -1 -5 -4 -4 12  0 -3 1 1 0 0
 4 -3 -3 -3 -2 -2 -2 -1 -3 -1 -2 -2 -1  2 -2  0  1 -3 -1  1 1 1 1 -5
-2 -3 -4 -5 -3 -2 -4 -4 -3  2  0 -3  7  1 -4 -3 -2  7 -1  1 1 0 0 5
-2  6 -1 -2 -5  0 -1 -3 -1 -4 -3  4 -2 -4 -3 -2 -2 -4 -3 -4 1 0 0 35
-2 -2  6  0  4 -1 -2  0 -1 -2 -3 -2 -2 -2 -3  0 -1 -3  1  0 1 0 0 65
-1  0 -1  1 -2 -1  0 -2 -2 -2 -2 -1 -2  0 -2  2  5 -3 -2 -2 1 0 0 20
-2 -2  6  1 -3 -1 -1  1  2 -4 -4 -1 -3 -4 -3  0  2 -4 -3 -3 1 1 1 65
-2 -2  5  1 -3 -1 -2  3  1 -3 -1 -2 -2 -3 -3 -1  0 -4 -3 -3 1 1 1 30
-1 -2  2 -2 -4 -1  0  0  9 -5 -4 -2 -3 -3 -3 -2 -3 -4  0 -4 1 1 0 85
-2  1  6  1 -4  2 -1  0 -1 -4 -4  1 -3 -4  0 -1 -1 -4 -3 -4 1 1 1 50
 0  0 -2 -2  3  2 -1  1 -2 -2 -2  1 -2 -2  2  0 -1  5 -2  0 0 1 1 95
-1  2  0 -2 -3  3  1 -3  3 -2 -1  1  3 -2 -3  0 -1 -2  1 -1 0 1 1 65
-1 -3 -2 -3 -2 -3 -3  0 -3  4  0 -3  0 -2 -3 -1  3 -3 -2  2 1 1 1 5
 0 -2 -3 -3 -2 -2 -1 -1  2  1  3 -2  1 -1 -3 -2 -1 -3 -1  2 1 0 0 30
-1  1 -1 -1 -3  2  0 -2 -1 -3 -3  5 -2 -3 -2  2  1 -3 -2 -3 1 0 0 20
-2  2  1 -2 -4  0 -1 -3 -1 -3 -3  5  1 -3 -2 -1 -2 -3  2 -3 1 0 0 20
 1 -1  2 -1  4 -1 -1 -1 -2 -3 -3  1 -2 -3 -2  4  0 -4 -3 -2 1 0 0 10
-2 -5 -4 -5 10 -5 -5 -4 -5  1 -2 -5 -3 -4 -4 -3 -2 -4 -4 -2 1 0 0 0
-2 -3 -4 -5  2 -3 -4 -4 -4  1  5 -3  4 -1 -4 -3 -2 -3 -2  0 1 1 1 5
 1 -3 -2 -3 -3 -3 -3  6 -3 -5 -5 -3 -4 -4 -3 -1 -3 -4 -4 -4 1 1 1 -5
-1  1 -4 -4 -2 -3 -3 -4 -3  1 -1 -2 -1 -2 -4 -3 -1 -3  1  5 1 0 0 -5
-2 -3 -4 -4 -2 -3 -3 -4 -3  2  3 -3  3  2 -3 -3 -1 -2 -1  3 1 0 0 -5
-1 -2 -3 -3 -2  1  0 -4 -2  2  1 -2  0 -1 -3 -2 -1 -2  2  3 1 0 0 10
-2 -5 -4 -5 10 -4 -5 -4 -5 -2  0 -5 -2 -3 -4 -3 -2 -4 -4 -2 1 0 0 5
 1 -2  0  1 -2 -1 -1  2 -2 -3 -3 -1 -3 -4 -2  4  0 -4 -3 -3 0 1 1 35
 0  3  3 -1 -3  3  1 -2  0 -3 -2  2 -1 -3 -2  0 -1 -3 -2 -2 0 1 1 60
 1  2  1  3  1  0  1  0  1 -3 -3  0 -2 -3  1  0 -1 -3 -2 -2 1 1 1 75
-1 -3 -3 -3 10 -3 -3 -3 -3 -2 -2 -3 -2 -3 -3 -1 -2 -3 -3 -2 1 1 1 10
 2  1 -1 -1 -1  0 -1 -1 -1 -1 -1  1  0 -2 -1  2  2 -2 -1  0 1 1 1 35
 0  0 -1 -1 -1 -1 -2 -2 -2  1  2 -1  1 -1 -2  0  2 -2 -1  1 1 1 1 15
-1 -2 -1 -1 -2 -1  0 -2  0 -2  0 -1 -1 -2  6  0  1 -3 -2 -1 1 1 0 95
-1  0  2  3 -2  2  1 -1  0 -2 -2  0 -1 -2  0  1  0 -2 -1 -2 1 1 0 70
 0 -2 -1 -1 -2 -1 -1  5 -2 -2 -2 -1 -2 -2 -2  2 -1 -2 -2 -2 1 1 0 60
 0  1 -1  0  4 -1  0  0 -1 -2 -1  0 -1 -1 -1  1  0  5 -1 -1 1 1 1 60
-1  3 -1 -1 -2  1  0 -2  3 -2 -2  2 -1 -2  2  0 -1 -2 -1 -1 1 1 1 45
-1  0 -2 -2 -1 -2 -2 -3 -2  2  3 -2  1  0 -2 -2 -1 -2 -1  2 1 1 1 10
 1 -1  0 -1 -2  2 -1 -1  3 -2 -2 -1 -1 -1 -1  0  0  5  2 -1 1 0 0 35
-2  0 -4 -4 -2 -2 -3 -4 -3  2  4 -2  2 -1 -3 -3 -1 -3 -2  3 1 0 0 10
-2  7 -1 -3 -4  0 -1 -3 -2 -4 -3  2 -3 -4 -3  0 -2 -4 -3 -4 1 1 1 10
-2 -4 -4 -3 -4 -3 -3 -4 -4 -4 -5 -3 -4 -5  8 -2 -3 -5 -5 -4 1 1 1 0
 5 -1 -2 -3 -2 -1 -1 -1  2 -3 -3  2 -2 -3  2  0 -1 -4 -2 -2 1 1 1 20
-2 -3 -3 -3 -2 -3 -3 -4 -4  4  1 -3  0 -2 -3 -1  4 -3 -2  1 1 1 0 40
 0 -2 -2 -3  8  3 -2  0 -3 -2 -2 -2 -2 -3 -3  1 -1 -3 -3  1 1 1 0 60
 0 -2  0  5 -3 -1  0 -2  3 -1 -3 -2 -3 -3 -2  2  0 -4 -3 -2 0 0 1 45
 1  1 -1 -1 -3  1  2  0 -2 -3 -3  5 -2 -4 -2 -1 -1 -4 -3 -3 0 0 1 70
 5 -2 -2 -3 -2 -2 -2  1 -3 -2 -2  1 -2 -3 -2  1 -1 -4 -3  0 0 0 1 30
-2  6  2 -2 -4  1 -1 -3 -1  1 -2  1 -2 -3 -3 -2 -2 -1 -3 -2 0 0 1 10
-2  2  2  1 -4  3  2 -2  3 -3 -2  2 -2 -3 -2 -1 -1 -3 -2 -3 0 0 1 55
 0  2 -1 -2 -4  0  1 -3 -2 -3 -3  5 -2 -4 -2 -1 -2 -4 -3 -1 0 0 1 60
-2 -1 -1 -1 -4  7  2 -3 -1 -4 -4  0 -2 -4 -3  1 -2 -3 -3 -4 0 0 1 10
-1 -1 -2 -2 -1  4  0 -2 -2  1  2 -1  0  1 -3 -1  1 -2 -2 -1 0 0 1 40
 0  1  2  1 -3 -1  1  3 -1 -3 -3  1  0 -3 -2  0  0  4 -2 -3 0 0 1 85
-2  2 -1 -1 -4  1  2 -3 -2 -3 -3  5  1 -4 -2 -1  1 -4 -3 -3 1 1 0 50
 0  1 -1 -2 -1  0 -1  1 -1 -2 -1  0 -1 -3  5 -1 -1 -4 -3 -2 1 0 1 55
-2 -5 -5 -5 11 -5 -6 -4 -5 -3 -3 -5 -3 -4 -5 -3 -3 -4 -4 -3 1 1 1 0
 0 -3 -2  0 -3 -2 -2 -3 -3 -3 -3 -2 -3 -4  7 -1  1 -4 -3 -3 1 1 0 50
-2 -1  5  0 -3  1  1  0  2 -1 -1 -1 -2 -2 -3  0 -1 -3  1 -3 1 1 0 40
-2 -4 -4 -5 11 -5 -5 -4 -5 -3 -3 -4 -3 -4 -5 -3 -3 -4 -4 -3 1 1 0 25
-1  0  3  2 -3  0  0  1  3 -3 -3  3 -2 -4 -1  0  0 -4 -2 -3 1 1 1 70
 2 -3 -1 -2 -3 -2 -2  5 -3 -4 -4 -2 -3 -4 -2  2 -1 -4 -3 -3 1 1 1 0
 0  2  0 -2 -3 -1  0 -2 -1  1 -2  0 -2 -3  4  0 -1 -4 -3  0 1 0 1 45
-2 -3 -4 -4 -2  1 -3 -5 -3  1  5 -3  2 -1 -4 -3 -2 -3 -2  0 1 0 0 10
 0  0  1  0 -3  1  3 -2 -1  0 -2  2 -1 -1 -2  1  0 -3  0  0 1 0 0 50
-2 -2 -1 -3 -3  1 -2 -4  6  2  2 -2  0 -1 -3 -2 -2 -3 -1  1 1 0 0 10
-2  1 -1 -3 -2  1 -2 -3  3  3  1 -1  1 -1 -3 -2 -1 -2  1  1 1 0 0 30
 0  2 -1 -2 -3  0 -1 -3 -2 -2 -3  1 -3 -4  6  0 -2 -4 -3 -3 1 1 1 30
-2 -5 -5 -5 11 -5 -6 -4 -5 -3 -3 -5 -3 -4 -5 -3 -3 -4 -4 -3 1 1 1 0
-1  6  3  1 -4  0 -1 -2  0 -4 -3  0 -3 -4 -3  0 -1 -4 -3 -3 1 1 1 40
 1 -3 -2 -2 -3 -2 -3  6 -3 -3 -3 -2 -3 -3 -3 -1 -2 -3 -3 -1 0 1 1 20
-2 -1  1 -2 -4  2 -1  1  8 -4 -3  2 -2 -3 -3 -1 -2 -3  0 -3 1 0 1 30
 0 -2  1 -1  6 -1  0  2 -2 -3 -2  0 -2 -3 -2  2  1 -3 -3 -2 0 1 1 90
-1 -2 -1 -2 -3  1 -2  5 -2 -3 -3 -2 -2 -3 -2 -1  0 -3 -3 -1 0 1 1 55
-2 -2 -2  0 -3 -2 -2 -3  0 -2 -2 -2 -2  4 -3 -2 -2  1  7 -2 1 0 1 75
-1 -2 -2 -2 -3 -2  0 -2 -2  0 -2 -2 -2 -3  7  0  0 -3 -3 -2 1 1 1 30
-1 -3 -3 -3 -2 -3 -3 -3 -3  2  0 -3  0 -2 -3 -2 -1 -3 -2  5 1 1 1 0
-1 -2 -1 -2 -2 -1 -1 -2 -2 -1  0 -1 -1  1 -2  1  5 -2 -1  0 1 0 0 5
-2 -1  4  1 -3 -1 -1 -2  7 -3 -3 -1 -3 -2 -3 -1 -2 -3  2 -3 1 0 0 0
-3 -3 -3 -4 -3 -3 -3 -3  2 -1  1 -3 -1  7 -3 -3 -2  0  3 -2 1 0 0 20
-3 -4 -4 -5 -3 -3 -4 -4 -4 -4 -3 -4 -3 -1 -4 -3  0 12  0 -4 1 0 0 0
 0  6 -1  0 -3  0  0 -3 -1 -2 -2  1 -2 -3 -2  0 -2 -3 -2  0 1 0 0 5
-2 -1 -1  0 -4  0  1 -3  7 -2 -1 -2 -2 -1 -1 -2 -2  4  0  0 1 0 0 60
 0 -1  0  4 -3  2  2 -2  0 -2 -2 -1 -1 -3 -2  0  1 -3 -2 -1 1 1 1 15
 0 -2  1  1 -2 -1  0  4 -2 -3 -3 -1 -2 -3 -1  1 -1 -3 -3 -3 1 1 0 40
-1  2  2  2 -3  0  0  2  1 -2 -2  1 -2 -2  0  0  0 -2 -1 -2 1 1 0 55
 2 -2 -2 -2 -2 -1  0  1 -2 -1 -1 -1 -1  2 -2  0  0  4  1  0 1 0 1 5
-1 -2 -2 -2 -2 -2 -2 -3 -3  5  0 -2  0 -1 -2  0  1 -3 -2  2 1 0 0 0
-1 -2 -2 -3 -2 -2 -2 -3  2  0  1 -2 -1  5 -3 -2 -2  0  4 -1 1 0 0 0
-2 -3 -3 -3 -3 -3 -3 -3 -2 -1  1 -3 -1  6 -3 -2 -2  4  3 -1 1 0 0 0
-2  0 -1 -1 -3  6  3 -2 -1 -3 -3  0 -2 -3 -2 -1 -1 -3 -2 -3 1 0 0 5
 3 -1  1 -1 -1 -1 -1 -1  4 -2 -2 -1 -2 -2 -1  3  0 -3 -1 -1 1 0 0 0
-1  1 -1 -1 -3  2  0  1 -1  0 -2  5 -2 -3 -2 -1 -1 -3 -2 -2 1 0 0 40
-1 -4 -2 -3 -4 -3 -3  7 -3 -5 -5 -3 -4 -5 -3 -1 -3 -4 -4 -5 1 1 1 0
 0 -2 -1 -2 -2  1  0 -3 -2  0 -1 -1 -1  1 -2  0  3 -2  2  2 1 1 1 50
-3 -2 -1 -3 -5  0 -2 -4 10 -5 -5 -2 -3 -3 -4 -3 -3 -4  0 -5 1 1 1 10
-1  1  1  6 -4 -1  0 -2 -2 -4 -4 -1 -3 -4 -2 -1  2 -5 -4 -3 1 1 1 50
-3 -2 -1 -3 -5 -1 -2 -4 10 -5 -5 -2 -3 -3 -4 -3 -3 -4  0 -5 1 1 0 5
-1  2 -1 -3 -4 -2 -2 -3 -3 -2 -2  0 -2 -2  7 -2 -2 -4 -3  0 1 1 1 40
-3  6 -2 -3 -5  0 -1 -3 -2 -4 -3  3 -3 -4 -3 -2 -2  4 -2 -4 1 1 1 50
-2 -4 -4 -3 -4 -3 -3 -4 -4 -4 -5 -3 -4 -5  8 -2 -3 -5 -5 -4 1 1 1 5
-2 -1  0  4 -4  1  5 -3 -1 -4 -4  0 -3 -4  2  0 -2 -4 -3 -3 1 1 1 15
 2 -2 -1 -2 -1 -1 -2 -2 -2 -1  1 -1 -1 -2  1  2  3 -3 -2  0 1 1 1 5
-2  2  2 -1 -4  0  0 -2 -1 -4 -4  6 -2 -4 -2 -1 -2 -4 -3 -3 0 0 1 60
 0  0  0 -2 -2 -1 -2 -1 -2 -1  1 -1  0  3 -2  2  2 -2  0 -1 0 0 1 65
 0 -1 -1  0 -3  0  4 -2 -1 -2  0 -1 -1 -1 -2  1  2 -3 -2 -2 0 0 1 50
 3 -2 -1  0 -1 -1 -1  0 -2 -2 -2 -1 -2 -3 -2  2  4 -3 -2 -1 0 0 1 20
-1  0  0  0 -4  1  5 -3  4 -3 -3  0 -2 -3  0  0 -1 -4 -2 -2 0 0 1 65
 4 -1 -1  2 -2 -1 -1 -1 -2 -2 -1 -1 -1 -3 -2  1  1 -3 -2 -1 0 0 1 50
-2  6 -1 -2 -4  0  2 -3 -1 -4 -3  2 -2 -4  0 -1 -2 -4 -3 -3 0 0 1 40
-2  5 -1 -2 -4  0 -1 -1 -1 -1  0  3  0 -3 -3 -2 -2 -3 -2 -2 0 0 1 80
 3 -2 -1 -2 -1  0 -1 -1 -2 -1  0 -1 -1 -2 -2  3  0 -3 -2 -1 1 1 0 70
 2 -2 -1 -2 -1  0 -2 -2 -2  0  2 -2  2  1 -2  0 -1 -2 -1  1 1 1 1 80
-1  1 -1 -2 -2  2 -1  1 -1  1  0  1  0 -1 -2 -1  0 -3 -2  1 1 1 1 95
-1  2 -1 -1 -3  0  1 -2 -2 -1 -2  4 -1 -3 -2 -1  1 -4 -2  1 0 0 1 50
 1  3 -2 -2  3 -1 -1 -2 -1 -1 -1  1 -1 -2 -2  0  0 -2  1  1 0 0 1 45
-2  2  0 -2 -3  4  0 -3  6 -3 -3  0 -2 -3  0  0  1 -3 -1 -3 1 1 1 55
-1 -2 -3 -4 -2 -2 -3 -4 -3  2  3 -3  4  0 -3 -2 -1 -2 -1  2 1 1 1 75
