 1 -3 -1 -2 -2 -2 -2 -2 -3 -3 -3 -2 -3 -4 -3  4  5 -4 -3 -2 1 1 1 95
 0 -1  0  3  0 -1  1 -1 -3 -2 -2 -1  1 -4  0  3  0 -4 -3 -1 1 1 1 75
 0 -2 -1  1 -4  1  1 -1 -3 -2 -1  2 -3 -4  5 -1 -1 -5 -4 -1 1 1 1 50
 0  1 -1  0 -3  2  1  2 -1 -3 -3  0 -2 -1 -1  1  1 -3  1 -2 1 1 1 85
 0  6 -2 -4 -5  0  0 -3  1 -2 -3  2 -4 -5 -4 -1  0 -5  0 -3 1 1 1 45
-2  2  0  1 -5  3  3 -1  0 -4 -4  3  2 -5 -4 -1  0 -5 -4 -3 1 1 1 70
 3 -3 -4 -5 -2 -4 -2 -1 -5 -1 -3 -4 -5 -6  6 -2 -3  2 -5 -1 1 1 1 10
-1  1  3  2 -4  1  2 -3  1  0 -2  2 -2 -2 -1  0  2 -4 -2 -2 1 1 1 65
-4 -8 -5  0 12 -8 -8 -6 -3 -4 -6 -8 -7 -8 -5 -6 -3 -8 -7 -6 1 1 1 20
-1  1  1  1 -4  0  2 -1 -1 -1 -2  1  2 -2  1  0  0 -4 -3  1 1 1 1 45
 0  0  0 -1  8  0 -2 -1  2 -4 -4  1 -1 -5 -1  0 -1 -5  0 -2 0 1 1 65
-1  0  0 -1  1  1  2 -3  1 -4 -3  1 -3 -2  4 -2 -1 -3  4 -3 0 1 1 55
-1 -1 -1 -1  0 -1  0 -2 -2  1  1  0  1  1  0  1  1 -1 -1  1 1 1 0 20
-1 -1  1  1 -2  1  0 -2  0 -1 -1  0 -1 -1  4  0  0 -4 -3  0 1 1 0 60
 2 -1  0  1  2 -1 -1  1  0 -1 -1 -1  0 -1  0  0  0 -3 -1  0 1 1 0 10
-6 -9 -2 -9 12 -8 -9 -8 -8 -7 -7 -8 -7 -8 -8 -6 -6 -8 -8 -6 1 1 1 5
-3 -3 -1 -3 -5 -1 -3 -4 -1 -2 -4 -1 -5 -3  6  0  4 -6 -2 -4 1 0 0 15
-2  4 -1  0 -5  2 -1 -2 -1 -2 -1  3  2 -3  0 -1 -1 -5 -1 -3 1 1 1 25
-2 -2  3  1 -4  0  3 -3  2  1 -2 -1 -1 -2 -2 -1  1 -4  0  0 1 1 1 15
-3 -2 -2 -2 -5 -4 -4 -4  0 -1  0 -1 -2  3 -3  1 -2  3  7 -2 1 1 1 20
 1  0  2  2 -3  1  1 -2  1 -2 -2  1  0 -2 -1  1  0 -2 -2 -2 1 1 1 40
-3 -4 -5 -5 -6 -3 -3 -6 -2 -6 -2 -2 -5 -4  8 -3 -5 -7 -1 -4 1 1 1 5
-1 -3 -5 -2 -4 -3 -5 -6 -1  3 -1 -5 -1 -3 -5 -4 -3 -5 -4  6 1 0 0 0
-4 -7 -7 -8 12 -7 -8 -7 -7 -5 -5 -7 -5 -6 -7 -5 -5 -6  0 -5 1 0 0 0
 0 -5 -3 -1 -5 -5 -5  7 -5 -7 -7 -4 -6 -6 -5  0 -4 -6 -6 -6 1 0 0 -5
-2 -3 -1 -1 -1 -3 -2 -4 -4 -2 -4 -3 -1 -5 -4  5  5 -5 -4 -1 0 1 1 40
-2 -4  4  7 -6 -3 -2 -4 -4 -6 -4 -4 -6 -6 -5 -2 -4 -7 -6 -6 0 1 1 35
 0 -3  1 -2 -5  0 -3  6 -1 -5 -4 -3 -1 -3 -4 -1 -1 -2 -2 -5 1 1 0 50
-2  0  1 -1 -2  1  0 -3  1  0 -2  3  0 -2 -3 -1 -2 -4 -2  3 1 1 1 50
-3 -3 -2 -3 -4 -4 -4 -5 -5 -2 -3 -4 -4 -2 -4 -1  8 -6 -3 -2 1 0 0 30
-6 -6 -6 -7  1 -5 -6 -7  0 -5 -5 -6 -5  1 -7 -5 -5 -2 10 -5 1 0 0 5
 0 -1  1  2  1  1  0  1 -1 -3 -3 -1 -2 -3  1  3 -1 -4 -2 -3 1 1 0 10
-5 -4  8 -1 -6 -3 -4 -2  0 -7 -7 -4 -6 -6 -5  0 -2 -7 -5 -6 1 1 0 0
-2  1 -2  2 -5  1  5 -4  2 -3 -2  1 -1 -5  1 -1 -2 -5 -3 -3 0 0 1 15
-4 -8 -7 -8 12 -7 -8 -2 -7 -5 -5 -7 -6 -7 -7 -5 -5 -6 -7 -5 0 0 1 5
-1 -1 -1 -1 -3  2  1 -2  2  0  1  0  2  1 -3 -1  1 -1  0  0 0 0 1 10
-2 -3 -6 -6 -4 -5 -5 -6 -5  0  5 -5  2  5 -5 -5 -4 -3  0 -1 0 0 1 -5
-1  2 -1 -2  9 -1  0 -3  3 -3 -4  0 -3 -5 -5 -3 -2 -5 -4 -3 0 0 1 5
 1  1  1 -2  3  0 -1 -2  1  0  0  1  1 -1 -3  0 -1 -2  0  0 0 0 1 15
 4 -1 -2 -1 -4  0  4 -3  0 -2 -2  0 -1 -3 -3 -1  1 -5 -1 -3 0 0 1 25
 2  2  3 -1 -2  1 -2 -2 -1  0 -2  1 -1 -2 -3  1 -1  2 -2 -1 0 0 1 10
-1  1 -3 -4  8 -2 -3 -5 -3  0  1 -1  4 -2 -5 -3 -1  1 -2 -1 0 0 1 50
-2  2  0 -1  1  1  2 -3 -1 -1  0  4 -1 -2 -2 -2 -2 -4 -1 -1 0 0 1 65
-1  1  2  0 -3  2  0 -1  2 -3 -2  2 -2 -1 -3  2  1 -2 -2 -3 0 0 1 35
-2  2  2  1 -5  3  0  3  1 -3 -4  2 -2 -5 -2  0 -3 -5 -3 -4 0 1 1 90
-1  2  0  0 -3  1  0  1  1 -1 -1  2 -2 -1 -1  0  1 -1 -2 -1 1 1 1 40
-1  1  3  3 -4  0  1 -2  3 -3 -3  2 -4 -3  0  0  0 -1 -2 -3 1 1 1 65
-4 -6 -7 -7 -5 -6 -6 -7 -6  6  2 -6 -1  0 -6 -5 -2 -2 -2  3 1 1 1 15
-1  2  0 -1 -4  2  0 -1  2 -1  0  1 -2 -3 -4  0  2 -2 -2 -2 1 1 1 20
-3 -3 -5 -5 -5 -3 -4 -6 -5  5  1  2  2  3 -6 -5 -3 -5 -1  3 1 0 0 0
 1  1 -1 -1 -3  0 -1 -3 -2  0  1  2  0 -2 -4  0 -2 -1 -1  2 1 0 0 50
-3  1  0 -5 -4 -1 -4 -5  9 -6 -7  3 -6 -4 -6  1 -4 -1  3 -7 1 0 0 40
-2  1  1  4 -5  1  2 -3  0 -4 -3  1 -1  1 -2  0 -2 -1  2 -3 1 0 0 60
-5 -7 -2 -4 -7 -5 -2  7 -7 -9 -9 -3 -8 -8 -7 -3 -5 -8 -8 -6 1 1 0 20
 0  1 -1 -1 -6  0  3 -4  0 -4 -3  3 -2 -3  4 -1 -1 -6 -3 -2 1 1 1 45
-6 -10 -9 -10 12 -9 -10 -9 -9 -7 -7 -9 -8 -9 -9 -7 -7 -9 -9 -7 1 1 1 65
