-1 -1 -1 -1 -1 -1 -1 -1 -1 -1 -1 -1 -1 -1 -1 -1 -1 -1 -1 -1 1 1 1 75
-4 -5 -5 -6 -4 -5 -5 -5 -3 -2  1 -5 -2  8 -6 -5 -4 -1  1 -3 1 1 1 15
-3 -4 -5 -6 -3 -4 -5 -6 -5  0  6 -4  0 -1 -5 -4 -3 -4 -3  0 1 1 0 0
-1 -1  3  0 -3  2 -1 -3  3 -2  1 -2 -1  1  1  2 -1 -3 -2 -2 1 1 1 35
 0 -2 -2 -2 -1  0 -2 -1 -3 -1 -1  2  1 -2  5  1  1 -4 -3 -2 0 0 1 55
 2 -2  1  0 -2 -1  0  2  1 -2 -3 -1 -2 -3  1  2  1 -3  0 -2 0 0 1 40
 1 -3 -3 -2 -3 -3 -1 -3 -3  1  1 -3  0 -3  6  0 -2 -4 -3  1 0 0 1 10
-3 -4 -5 -6 -3 -4 -5 -6 -5  1  6 -4  1 -1 -5 -4 -3 -4 -3  0 0 0 1 -5
-1  1 -2 -3 -4  7  0 -3  2 -3  0  1 -2 -4 -3 -1 -1 -4 -3 -1 0 0 1 40
 1  4  0 -2 -4  1  0 -3  1 -4 -4  4 -3 -4 -3  1  0 -4 -3 -3 0 0 1 55
-3  6 -2 -3  0  0 -1 -4 -2 -3 -4  5 -3 -5 -3 -1 -2 -5 -4 -4 0 0 1 15
 0 -4 -5 -5 -3 -4 -4 -5 -4  6  2 -4  4 -2 -4 -3 -2 -4 -3  2 0 0 1 0
 0  1 -2 -3 -3  2 -1 -2 -2  0  3  0  0 -2 -3  0 -1 -3 -2 -1 0 0 1 35
 0  1  0  3 -4  1  4 -2  2 -4 -3  0 -3 -4 -3  0 -1 -4 -3 -3 0 0 1 50
-2 -4 -4 -4 -3 -4 -4 -5 -5  6  0 -3  0 -2 -4 -1  2 -4 -3  1 0 0 1 0
 2 -3 -3 -3  3 -3 -3  4 -3  0 -1 -3  3 -3 -3 -1 -1 -4 -3  1 0 0 1 0
 1  3  0 -2 -3  1  0 -2 -2 -2 -2  3 -1 -3  0  1  0 -4 -3 -1 0 0 1 70
-2  4 -1  0 -5  0  0 -2 -2 -4 -4  5 -3 -5  0  0 -2 -5 -4 -4 0 0 1 60
-1  0  0 -3  4  0 -1 -2  6 -2 -1 -1 -2  2 -3 -2 -2 -2  1 -1 0 1 1 30
-1 -3  1  1  2 -3 -1  6 -3 -4 -4 -2 -4 -4 -3 -1 -3 -4 -4 -4 0 1 1 35
-2 -4 -4 -4 -2 -3 -4 -4 -4  4  3 -3  0 -1 -4 -3 -2 -3 -2  3 1 1 1 0
-1  0 -1  0 -3  0  1 -1 -2 -1 -3  3  0 -3 -2  1  4 -4 -3 -2 1 1 1 70
-2  1  2  3 -4  0  4 -2  0 -2 -1 -1 -2 -3 -3  0  0 -4 -2 -3 1 0 0 65
 0 -3 -4 -4  2 -3 -3 -4 -4  3  3 -3  0  0  2 -1 -2 -3 -2  2 1 0 0 10
 0 -2  1 -1 -1  1  0  2  3 -4 -4 -2 -3 -4  3  2  0 -4 -3 -3 1 1 1 40
 1 -2  1  0 -3  1  2 -2 -2 -4 -3 -1 -1 -4  5  1 -1 -4 -4 -3 0 1 1 65
-2 -3  3  7 -5 -1  3 -3 -3 -5 -5 -2 -5 -5 -3 -2 -3 -6 -5 -5 0 0 1 45
 0 -3 -4 -4  1  0 -3 -4 -4  2  0 -3  0 -2 -4 -1 -1 -4 -1  5 0 0 1 -5
 0 -3 -3 -3  2 -2  1 -2 -3  2  1 -3  0 -2 -1 -2 -2 -3  1  4 0 0 1 0
 1  2  2  0 -3  0  2  1  0 -2 -3  0 -2 -3 -2  1  0 -4 -3  0 0 0 1 40
-2  0 -3 -4  5 -3 -3 -4 -2  0  3 -3  0  3 -3 -1 -2 -1  4  0 0 0 1 10
-2 -4 -4 -4  2 -3 -4 -4 -4  4  3 -3  0 -1 -4 -3 -2 -3 -2  3 0 0 1 0
 0 -3 -1 -2 -3 -2 -2 -2 -3 -4 -4 -2 -3 -4 -3  6 -1 -4 -3 -3 0 0 1 0
-3 -2 -2 -3  0  0 -2 -4  9 -1  1 -3  2 -2 -4  0 -3 -4 -1 -3 0 0 1 45
 5 -3 -3 -3  5 -2 -3  0 -3 -3 -3  0 -3 -4 -3 -1 -2 -4 -3 -2 0 0 1 0
 2 -3 -2 -3  4 -2  0 -3 -3 -1 -1 -2 -1 -3 -2 -1  4 -3 -3  2 0 0 1 -5
-2 -1 -2 -1 -4  7  4 -3 -2 -4 -4  0 -3 -5 -3 -2 -2 -4 -3 -4 0 0 1 10
-2 -1  0  1 -4  3  5 -3  0 -1 -3 -1  1 -1 -2  0  0 -3 -2 -3 0 0 1 25
-3  7  0 -3 -1 -1 -2 -4  1 -4 -4  0 -3  0 -4 -2 -3 -3  1 -4 0 0 1 5
-3 -3 -4 -4 -3 -3 -4 -5 -4  1  5 -4  3 -1 -4 -3 -2 -3 -2  0 0 0 1 -5
-3  6 -2 -3 -5  3 -1 -4  1 -5 -3  3 -1 -5  0 -2 -3 -5 -3 -4 0 0 1 15
-2 -1  4  1  3 -2 -1  3 -1 -4 -4 -1 -3 -4 -3  1  2 -4 -4 -2 0 0 1 25
-3 -4 -5 -5 -3 -4 -5 -5 -4  2  5 -4  3  1 -5 -4 -3 -3 -2  2 0 0 1 -5
-3 -4 -5 -5 -3 -4 -4 -5 -4  3  4 -4  2  1 -4 -4 -2 -3 -2  3 0 0 1 0
-1  0 -2 -1 -5  0  6 -4 -2 -5 -3 -1 -4 -5 -3  2 -2 -5 -1 -4 0 0 1 35
-3  1  0 -2 -5  0 -1 -1 -1 -4 -4  6 -1 -1  0 -2  0 -4  0 -4 0 0 1 20
-3 -4 -5 -5 -3 -4 -4 -5 -5  2  4 -4  2  0 -4 -4 -2 -4 -3  4 0 0 1 10
 2 -1 -2 -3  0 -2 -2 -2 -3  3 -2 -2 -2 -3 -3  4  2 -4 -3  0 0 0 1 30
 1  1 -1 -1 -1  0  0 -3  0  1  0  1 -1 -2 -3 -1  0 -3 -2  2 1 1 1 85
 0 -3 -3 -4  1 -3 -3 -4 -3  4  1 -3  1 -2 -3 -2  2 -3  0  3 0 0 1 0
 5 -3 -2 -3  1 -2 -2 -2 -3 -1 -3 -2 -2 -3 -2  3  0 -4 -3  0 0 0 1 0
-2  0 -2 -2  0  5  2 -1  1 -4 -1  3 -2 -4 -3 -1 -2  5 -2 -4 0 0 1 40
-3 -2  0 -3 -5  5 -2 -4  9 -5 -2 -2 -3 -4  0 -1 -3 -5 -2 -5 0 0 1 20
-4  7 -1 -4 -6 -1 -2 -5 -3 -5 -4  2 -3  0 -4 -3 -3 -5 -3 -2 0 0 1 25
-1 -1  2 -2  0 -1 -2 -3 -1  1  1  0  3 -2 -1  0  0 -3 -1  2 0 0 1 30
-1 -2  0  4 -4 -1  3 -2  0  0 -1 -2 -1  1 -3 -1  0 -4 -2 -1 0 0 1 45
 1 -1  2 -2 -2 -2 -2 -1 -2  1 -1 -2  1 -1  1  2  1 -4 -2  1 0 0 1 20
-2 -2 -1 -2  1  0  1 -3  3  0  1 -2 -1  2 -1 -2 -2 -1  5  1 0 0 1 20
-3  3 -2 -3 -5  1 -1 -2 -3 -5 -5  7 -4 -5 -3 -2 -3 -5 -4 -5 0 0 1 50
-1 -2  1  3 -4  0  4 -2 -2 -3 -2 -1 -2 -4  0  0  1 -5 -4 -2 0 1 1 60
-1  1  0  6 -5 -2  1 -1  0 -5 -5 -1 -4 -5 -3  2 -2 -5 -4 -4 1 1 1 40
-1 -2 -1  1 -4 -1  3 -1  4 -3 -1  0 -2 -3  3  1 -1 -1 -2 -2 0 1 1 60
-3  6  0 -3 -5  0 -2 -4  0 -3 -3  2 -3 -1  0 -1 -2  4  0 -4 0 1 1 40
-3 -4 -4 -5  0 -1 -4 -5  4 -3 -1 -4 -3  2 -2 -2  1 -1  8 -2 1 0 0 15
-2 -1 -2  0 -4 -1  5 -4 -2  0 -1 -1 -2 -2 -3 -2  2 -4 -1  1 1 0 0 45
-1  0 -3 -1 -3  4 -1 -2 -3  2  1  0  0 -3  1 -2 -1 -4 -3  2 1 0 0 40
 2 -3 -2 -2  1 -2 -2 -1 -3  1 -2 -2 -2 -3 -1  1  4 -4 -2  2 1 0 0 25
-1 -1  3  1 -1  1  0 -1 -2 -4 -3  0 -3 -4 -3  5  0 -5 -3 -3 0 0 1 50
-4 -4  1  8 -6  0  0 -4  1 -6 -6 -3 -5 -6 -4 -2 -3 -7 -5 -6 0 0 1 50
-1 -4 -4 -4 -3 -2 -4 -4 -4  2 -1 -4 -1 -3 -1 -2  3 -5 -3  5 0 0 1 15
-3  7 -3 -4  0  0 -2 -2 -3 -5 -5  3 -4 -5 -4 -3 -3 -5 -4 -5 0 0 1 40
 2  1 -1 -2 -3  2  0  1 -2 -3 -2  1 -1 -4 -2  3  0 -4 -3 -2 0 0 1 55
-3 -1 -3 -3 -6  8 -1 -4 -2 -6 -5  1 -3 -6 -4 -3 -3 -5 -4 -5 0 0 1 50
-3 -4 -5 -5 -3 -4 -5 -6 -5  3  5 -4  0 -1 -5 -4 -3 -4 -3  1 1 1 1 35
-3  6 -2 -3 -5  0 -1 -4 -2 -5 -4  5 -3 -5 -3 -2 -2 -5 -3 -4 1 1 1 90
