 0 -2  0 -1 -2 -1 -1 -1 -2 -3 -3 -1 -2 -3 -2  5  2 -4 -3 -2 1 1 1 90
 4 -2 -1 -2 -1 -1 -2  3 -2 -3 -3 -1 -2 -3 -2  2  0 -3 -3 -2 1 1 1 65
-1 -1 -2  0 -2 -1 -1 -1  1  0  2  1  2  1  1 -2 -1 -2 -1 -1 1 0 0 35
-2 -1 -3 -4 -2 -3 -3 -4 -3  3  2 -2  1  2  0 -3 -1 -2 -1  2 1 0 0 30
-1 -2  0  2 -3 -1  0  1 -2  0  2 -2  2 -2  3 -1 -1 -3 -2 -1 1 0 0 45
-2  1  4 -1 -3 -1 -1 -2  2 -4 -4 -1 -3 -4  6  0  0 -4 -3 -3 1 1 1 95
-1  2 -2 -2 -3  0  0 -3  0 -2 -1  1 -2 -3  6 -1  0 -3 -2 -1 1 1 1 65
-1  0 -2 -3 -2 -1 -2 -2  0  2  2 -2  3 -1  2 -1  1 -3 -2  1 1 0 0 30
 0  0 -1  0 -2 -1  0 -2 -2  2  0  0 -1 -2 -1  0  3 -3 -2  1 1 0 0 40
-1 -3 -4 -4 -2 -3 -3 -4 -4  3  2 -3  2 -1 -3 -3 -1 -3 -2  4 1 0 0 0
-2  4  1  0 -1  2  0 -2  4 -3 -3  1 -2 -2 -2  0 -1  0  1 -3 1 0 0 35
-3 -4 -4 -5 -3 -4 -4 -4 -2 -1  1 -4 -1  8 -5 -4 -3  0  3 -1 1 1 1 0
-3 -2  7  3 -4 -1 -1 -2 -1 -5 -5 -1 -3 -4 -3 -1 -1 -5 -3 -4 1 1 1 15
-3  7 -2 -3 -5  0 -1 -3 -1 -4 -3  2 -3 -4 -3 -2 -2 -4 -3 -4 1 1 0 15
-2 -3 -3 -3 -4 -3 -2 -3 -3 -4 -4 -2 -4 -5  8 -1 -2 -5 -4 -4 1 1 1 15
-4 -4 -4 -5 -4 -5 -5 -5 -2 -1 -1 -4 -1  8 -5 -4 -3  0  2 -2 1 0 0 -5
-2 -3 -4 -5 -2 -3 -4 -5 -4  1  5 -3  3  0 -4 -3 -2 -2 -2  1 1 0 0 0
-2 -3 -3 -4  1 -2 -3 -4 -3  2  2 -3  5  3 -3 -2 -1 -2 -1  2 1 0 0 0
 1 -3 -3 -3  0 -2 -3 -3 -3  3  1 -2  2  0 -3  0  0 -3  0  3 1 0 0 0
-2 -4 -4 -4 -2 -4 -4 -5 -4  6  1 -4  0 -1 -4 -3 -1 -4 -2  3 1 0 0 0
-1 -1 -2 -3 -2 -2 -2 -3  0  1  1 -2  0  3 -3  0  1 -1  3  1 1 0 0 0
-1 -2  1  4  1 -1  1 -2  4 -3 -1 -1 -2 -3  1  2 -1 -4 -2 -3 1 0 0 0
-1  1  0 -2 -3  0  0 -2 -2 -2 -1  3  1 -3 -2  1  4 -3 -2 -2 1 1 0 35
-2 -2  4  4 -4 -1  1  0 -1 -2 -3 -1 -3 -3  0  0 -1 -4 -1 -3 1 1 0 65
 0 -2 -1 -2 -2 -2 -2 -1 -3 -1 -2 -2 -2 -3 -1  1  6 -4 -3  0 1 1 0 45
-1  1  0 -1 -4  6  2 -1  1 -4 -3  1 -2 -4 -2 -1 -2 -3 -2 -3 1 0 0 25
 0 -2  2 -1 -2  0 -1 -1 -2 -1 -3 -1  0 -3 -2  5  2 -4 -3 -2 1 1 1 5
-1 -3 -3 -4 -2 -3 -3 -4 -4  5  1 -3  0 -1  2 -1 -1 -4 -2  2 1 1 1 0
-2 -3 -4 -4 -2 -3 -4 -4 -4  2  4 -3  1  2 -4 -3 -1 -2 -1  0 1 1 0 5
-4 -4 -4 -5 -4 -5 -5 -5 -2 -1 -1 -4 -1  8 -5 -4 -3  0  2 -2 1 0 0 0
-2 -3 -3 -4  0 -2 -3 -2 -3  2  3 -3  5 -1 -3 -2 -2  3 -1  1 1 0 0 0
 2 -3 -1 -2 -3 -2 -2  6 -3 -4 -4 -2 -3 -4 -2  1 -2 -3 -3 -3 1 0 0 0
-2  1 -1 -2 -4  0  0 -3 -2 -4 -4  7 -3 -4 -2 -1 -2 -4 -3 -4 1 0 0 0
-1 -4 -4 -4 -2 -3 -4 -4 -4  3  0 -3  0  0 -3 -3 -1 -4 -2  5 1 0 0 -5
 0 -2 -1 -3 -2 -2 -2 -3 -3  1  0 -2 -1 -2 -2  0  4 -3 -2  3 1 1 0 10
-3 -1  7  2 -4 -1 -1 -2 -1 -4 -5  0 -3 -4 -3  0 -1 -5 -3 -4 1 1 1 20
-2 -4 -3 -3 -4 -3 -2 -4 -4 -4 -4 -2 -4 -5  8 -2 -2 -5 -4 -4 1 1 0 5
-1  0  2 -1 -2  1  0 -2  0 -3 -3  3 -2 -3 -2  2  2 -3 -2 -2 0 1 1 55
-1  2  0 -1 -4  5  2 -2  1 -3 -3  3 -2 -4 -2 -1 -1 -3 -2 -3 1 1 1 50
 5 -2 -2 -2 -1 -1 -1  0 -2 -2 -2 -1 -2 -3 -1  1  0 -3 -2 -1 1 1 1 95
