-2 -2  4  5 -4  0  3 -2 -1 -4 -5 -1 -4 -4 -3 -1 -2 -5 -4 -4 1 1 1 50
-2 -3 -4 -4 -3 -3 -4 -5 -4  1  4 -3  1 -1  4 -3 -2 -3 -3  0 0 0 1 45
 0  2  0  2  1  1  3 -2 -1 -3 -3  3 -2 -4 -2  0  0 -4 -3 -2 0 0 1 55
 0 -1  1  3 -5  1  6 -3 -2 -4 -4  0 -3 -5 -2 -1 -2 -4 -3 -4 0 0 1 45
-1 -4 -5 -5 -3 -3 -4 -5 -4  3  5 -4  3 -1 -4 -3 -2 -3 -2  0 0 0 1 0
 0  0 -2  1 -2  1  6 -3  1 -4 -4  1 -3 -4 -3 -1 -2 -4 -2 -4 0 0 1 35
 1  2  0  1 -3  4  2 -2  1 -2 -2  1 -1 -4 -2 -1 -1 -2 -2 -1 0 0 1 55
-4 -5 -5 -6 -4 -5 -5 -5 -3 -1  2 -5 -1  8 -5 -4 -4 -1  1 -2 0 0 1 15
 5 -3 -3 -3 -2 -2 -3 -2 -3  0 -2 -2 -2 -3 -3  0  1 -4 -3  1 0 0 1 -5
-1  3  0  1 -4  1  2 -3  1 -3 -3  3  0 -2 -2  0  0 -4 -2 -2 0 0 1 50
 0  2  0  1 -3  0  2 -2  1 -2  0  0  1 -2 -2  0  1 -3  0 -1 0 0 1 45
-3 -4 -4 -5 -3 -4 -4 -4 -3  0  2 -4  0  7 -4 -3 -3 -1  1  1 0 0 1 0
-2  3 -1 -2 -4  0 -1 -3 -2 -1 -3  6 -2 -4 -2 -1 -1 -4 -3 -1 0 0 1 35
-1  1  0  0 -3  5  2 -3  1 -1  0  1 -1 -3 -2 -1 -1 -3 -2 -1 0 0 1 45
 0  5 -1 -2 -4  2 -1 -3 -1 -3 -3  3 -2 -1 -3 -1 -2 -3  0 -2 0 0 1 35
-2  6 -1  0 -4  0 -1 -3 -1 -4 -3  1 -3 -4  1  1 -2 -4 -3 -4 0 0 1 0
-2 -3 -3 -4 -2 -3 -3 -4  1  4  2 -3  1  0 -3 -3 -1 -3 -1  2 0 0 1 55
 0  2  1 -1 -3  1  0 -1 -1 -3 -3  4 -1 -3 -2  1  1 -3 -2 -2 0 0 1 80
-1 -3 -3 -3 -2 -2  0  1 -3  0  4 -2  2  0  0 -2 -2 -2 -2  0 0 1 1 35
-1 -2  1  2 -3 -2 -2  5 -2 -2 -4 -1 -3 -4 -3 -1 -2 -4 -4 -3 0 1 1 50
-2 -3 -3 -4 -2 -3 -3  0 -1  2  2 -3  0  3 -4 -2 -2  0  4  1 1 1 1 15
-1  1 -1 -2 -2 -1 -1 -2 -2 -1 -1 -1 -1 -3  0  3  4 -3 -2 -1 1 1 1 50
 0  1 -1 -2 -4  7  0 -3  4 -4 -4  0 -2 -4 -3 -1 -2 -3 -2 -3 0 0 1 80
 2 -1  0  2  1  0 -1  1 -2 -2 -2  0 -2 -3 -2  1  1 -3 -3 -1 0 0 1 20
 0 -1  2  4 -3  2  2 -2 -1 -3 -3 -1  1 -3 -2  1 -1 -4 -3 -3 0 0 1 35
-1 -3 -3 -4 -2 -2 -3  0 -3  2  2 -3  3 -1 -3 -2 -1 -3 -2  4 0 0 1 0
 2 -4 -3 -4 -4 -4 -4  6 -4 -5 -5 -4 -4 -5 -4 -1  0 -5 -5 -4 0 0 1 5
 0  1  0 -1 -3  2  0 -2  1  0  1  0  1  1 -3  0 -1 -3  0  0 0 0 1 65
 4  1 -2 -2 -3 -2  1 -1 -3 -1 -3 -2 -3 -4  2  2  0 -4 -3 -2 0 0 1 0
-2 -3 -4 -4 -3 -3 -4 -2 -4  1  5 -1  2  0 -4 -2 -2 -3 -2  1 0 0 1 0
 3 -1  1 -3  0 -2 -3  4 -3 -4 -4  0 -3 -4  0  1 -1 -4 -4 -3 0 0 1 30
 1  0  0  0  0  0 -1  0  0  0 -1  0 -1  0 -2  0  0 -3 -1  0 0 0 1 70
-2  0 -2 -3 -3  0  0 -3  1  1  3  0  1 -2  0  0  0 -3 -2  0 0 0 1 35
 0 -2  0 -2 -3  0  0  0  2 -2 -1  0 -2  3 -3 -1 -2  3  4 -2 1 1 0 40
 0  0  1 -2 -3 -2  0  4  3  0 -1 -2 -2 -3 -3 -2 -2 -3  1  0 1 1 1 35
 0  0  1  1 -3  0  0  1  2 -1 -3  1 -2 -3  1  1  0 -3 -2 -1 0 0 0 90
 0  0  1  1  1 -1  1  0  1 -1 -2  0  1 -2 -1  1  0 -3  0  1 1 1 1 40
-1  1 -3 -4 -3 -1 -3 -4 -2  0  2 -2 -1  5 -4 -3 -2 -1  4  0 1 1 1 0
 0 -1  0  0  1 -1 -1  0  3 -2 -3 -1 -2 -2 -1  4  2 -3 -1 -2 1 1 1 50
-1  0 -1 -1 -3  6  2 -1 -1 -3 -3  0 -1 -3  2  0 -1 -3 -2 -2 0 0 1 25
 0  1  0  1 -2 -1 -1 -2 -2 -2 -2 -1 -2 -3  3  2  3 -3 -2 -2 0 0 1 55
 0 -2 -1 -2 -1 -1 -1  0 -2 -1  0 -1  1  0 -2  2  3 -2  0 -1 0 0 1 10
-1 -3 -2 -3 -2 -2 -2 -3 -3  4  1 -2  0 -1  2 -1  1 -3 -2  2 0 0 1 0
 1 -3 -2 -3  8 -3 -3 -2 -3 -1  0 -3 -1 -2 -3  1 -1 -3 -3 -1 0 0 1 40
-1  2 -1 -2  4  2  0 -2 -1 -3 -3  2 -2 -3  3  1 -1 -3 -2 -2 0 0 1 45
-2 -3 -3 -4 -2 -3 -3 -3 -2  1  1 -3  2  6 -4  0 -2  0  2  0 0 0 1 -5
-3 -2 -2  0 -6  0  7 -4 -2 -5 -5 -1 -4 -5 -3 -2 -3 -5 -4 -4 0 0 1 15
 2  1  1 -1 -2  0 -1  0  2 -3 -3  1 -2 -3  1  2  0 -4 -2 -2 0 1 1 65
-2 -2 -3 -4 -3  2 -2 -4 -3  1  4  0  3 -1 -4 -3 -2 -3 -2  0 0 1 1 25
-2 -1  3  3 -4  5  2 -3  2 -4 -4  0 -2 -4 -3 -1  1 -4 -3 -3 1 1 1 55
-2 -3 -4 -4 -2 -3 -3 -4 -3  2  4 -3  1  2 -3 -3 -2 -2 -1  1 1 1 0 15
 0 -2  1 -1 -2 -1 -1  1 -2 -3 -3 -1 -3 -3 -2  5  2 -4 -3 -3 1 1 1 70
-1 -2 -2 -3  0 -2 -2 -3  3 -1  1 -2  1  4  3 -1  0 -1  1  0 0 0 1 40
 1  2  3 -1 -3  0  0 -2 -1 -3 -3  4 -2 -3 -2  2 -1 -3 -2 -3 0 0 1 70
 0  1  5  1 -3 -1 -1 -2  1 -2 -3  1 -3 -4 -3  1  0 -4 -3 -3 0 0 1 40
 3 -3 -3 -3  0 -2 -3 -3 -2 -1  1 -2  6 -1 -3 -1  1 -2  1  1 0 0 1 0
-1 -1 -2 -3  7  0 -1 -3 -3  0  1 -1 -1  0 -3  0 -2  3 -1 -1 0 0 1 40
 0  3 -1 -2 -4  2  0 -3 -2 -4 -3  5 -2 -4 -2  0  0 -4 -3 -3 0 0 1 65
-2 -3 -4 -5 -2 -3 -4 -5 -4  2  4 -3  4 -1 -2 -3 -2 -3 -2  2 0 0 1 0
-1  4 -2 -2 -4  1 -1 -2 -1 -3 -1  4  1 -2 -3 -2 -2  1  1 -2 0 0 1 20
-2 -4  1 -3 -4 -3 -3 -4 -4 -4 -5 -3 -4 -5  8 -1 -1 -5 -5 -4 0 0 1 45
-2  0 -4 -4 -2 -3 -3 -4 -3  3  3 -3  1  0 -4 -3 -2 -2  1  3 0 0 1 45
-3 -4 -5 -5 -3 -4 -4 -5 -4  1  6 -4  2 -1 -4 -4 -3 -3 -3  0 0 0 1 -5
-1  0  0  0 -4  4  3 -2  1 -2 -1  2 -1 -3 -2  0 -1 -3 -2 -2 0 0 1 55
 0  3 -1 -2 -3  2  0 -2 -2 -3 -2  4  0 -4 -2  0  0 -4 -3 -3 0 0 1 55
-5 -1 -6 -7 -5 -4 -5 -5 -5 -5 -4 -5 -4 -1 -6 -5 -5 12  0 -5 0 0 1 0
-2 -3 -5 -5 -2 -3 -4 -5 -4  2  5 -4  2 -1 -4 -4 -2 -3 -2  2 0 0 1 25
-1  0  1  2 -3  1  3 -1  0 -1 -2  1 -2 -3 -2  0 -1 -3 -1 -1 0 0 1 75
-2 -1 -1  3 -5  2  5 -3  2 -2 -4  0 -3 -3 -3  0 -2 -4 -1 -3 0 0 1 45
 4 -2 -2 -3 -2 -2 -1 -2 -3 -2 -2  0 -1 -3 -2  0  3 -4 -3  1 0 0 1 35
-3 -2 -1  4 -5  1  6 -4 -2 -5 -5 -1 -4 -5 -3 -2 -2 -5 -4 -4 0 0 1 45
