 3 -1  0 -1 -1 -1 -1 -1 -2 -2 -2 -1 -2 -3 -1  4  2 -3 -2 -1 1 1 1 60
 0 -1  4  0 -2 -1 -1 -1 -1 -3 -3  0 -2 -3 -2  4  1 -4 -2 -2 1 1 1 70
 0  0  4  0 -2  0  1 -1  2 -3 -3 -1 -2 -3 -2  1  2 -4 -2 -2 1 1 1 50
 3 -1  1 -1 -2  0  1 -1 -1 -2 -2  0 -2 -3  1  1  1 -3 -2 -1 0 0 1 65
-2  2  2  0 -4  3  1 -2 -1 -4 -3  5 -2 -4 -2 -1 -1 -4 -3 -3 0 0 1 45
-1 -3 -3 -3 -2 -3 -3 -4 -3  4  2 -3  2  0 -3 -2  1 -3 -2  3 0 0 1 15
-1 -1  3  4 -3  1  2 -2 -1 -3 -3  1 -2 -4 -2  0  2 -4 -3 -3 0 0 1 45
-2  2 -1 -1 -4  4  3 -3  3 -4 -3  3 -2 -4 -2 -1 -1 -3 -2 -3 0 0 1 50
-2 -3 -4 -4 -2 -3 -4 -4 -4  2  5 -3  1  0 -4 -3 -2 -3 -2  1 0 0 1 15
 2 -1  0  1 -2  0  2 -1 -2 -3 -3 -1 -2 -3 -2  4  1 -4 -3 -2 0 0 1 20
 1  0  0 -1 -2  0 -1  0  0 -3 -3  0 -2 -2 -2  3  2 -3  0 -2 0 0 1 45
-2 -2  2  6 -4  1  2 -2 -1 -4 -4 -1 -3 -4 -2  0 -1 -5 -3 -4 0 0 1 25
-1 -3 -4 -4 -2 -3 -3 -4 -4  3  1 -3  0 -1 -3 -2 -1 -3 -2  4 0 0 1 15
-1  0  2 -1 -4  6  1 -2  1 -4 -3  1 -2 -4 -2  0 -1 -3 -2 -3 0 0 1 50
 0 -1  1  1 -2  1  0 -2 -2 -2 -1  0  0 -3 -2  1  4 -3 -2 -1 0 0 1 50
-2 -3 -4 -4 -2 -3 -4 -4 -4  1  5 -3  1  0 -4 -3 -2 -2 -2  1 0 0 1 15
-1 -1  6  0 -3  1 -1  0 -1 -4 -4  1 -3 -4 -2  1  0 -4 -3 -3 0 0 1 25
 2  0  1  1 -2  0  0  0 -1 -1 -2 -1 -1 -2 -2  1  1 -3  0 -1 0 0 1 55
-2  3 -1 -2 -4  0  0 -3 -2 -4 -3  6 -2 -4 -2 -1 -2 -4 -3 -3 0 0 1 30
-1 -3 -4 -4 -2 -3 -3 -4 -4  4  1 -3  0 -1 -3 -3 -1 -3 -2  5 0 0 1 15
 0 -2  3  5 -3 -1  2 -2 -1 -4 -4 -1 -3 -4 -2  0  0 -4 -3 -3 0 0 1 45
-1  2  1 -1 -4  6  1 -3  1 -4 -3  0 -2 -4 -2 -1 -2 -3 -2 -3 0 0 1 50
-2 -3 -4 -4 -2 -3 -4 -4 -4  3  4 -3  1  0 -3 -3 -2 -3 -2  2 0 0 1 15
 0  0  2  0 -2  3  2 -1 -1 -3 -3  0 -2 -3 -2  3  1 -3 -2 -2 0 0 1 25
-1  0  4  0 -3  3  2  0 -1 -3 -3  0  1 -3 -2  2  0 -3 -2 -3 0 0 1 60
-2 -2  2  6 -4 -1  2 -2 -2 -4 -4  0 -4 -4 -2 -1 -2 -5 -4 -4 0 0 1 30
-1 -3 -3 -4 -2 -3 -3 -4 -4  4  1 -3  2 -1 -3 -2  0 -3 -2  4 0 0 1 15
-1 -1  5  3 -3  2  0 -1 -1 -4 -4  0 -3 -4 -2  1  0 -4 -3 -3 0 0 1 55
 3 -2 -2 -2 -1 -1 -2 -1  1  0 -1 -1 -1 -2 -2  1  0 -3 -2  2 0 0 1 30
-1 -3 -4 -4 -2 -2 -3 -4 -3  3  3 -3  3  0 -3 -3 -1 -2 -2  2 0 0 1 15
-1  5  1 -2 -4  2  0 -3  2 -4 -3  2 -2 -3 -2 -1 -2 -3 -2 -3 0 0 1 45
 1 -2 -1 -1 -2  1 -1 -2 -2 -3 -3 -1 -2 -3  5  3  2 -4 -3 -2 0 0 1 55
-1 -2  0  5 -4  1  4 -2 -1 -4 -4 -1 -3 -4 -2 -1 -2 -4 -3 -3 0 0 1 35
-1 -3 -4 -4 -2 -3 -3 -4 -4  4  1 -3  0 -1 -3 -2 -1 -3 -2  4 0 0 1 15
-1  0  0 -1 -3  6  2 -3  0 -2 -2  0 -1 -2 -2 -1 -1 -2  1 -2 0 0 1 40
 3 -1  1  0 -2  2  0 -1 -1 -1 -2  1 -1 -3 -2  1  0 -3 -2 -1 0 0 1 40
 4 -2 -2 -3  0 -2 -2 -1 -3  0 -1 -2 -1 -2 -2  0  1 -3 -2  1 0 0 1 15
-1  2 -1 -2 -4  1  0 -2 -1 -4 -3  6 -2 -4 -2  0 -1 -4 -3 -3 0 0 1 35
-1  1  2  4 -3  1  3  0 -1 -3 -3  0 -3 -4 -2  0  0 -4 -3 -3 0 0 1 50
 0 -1  0  4 -4  1  5 -2 -1 -4 -4  0 -3 -4 -2 -1 -1 -4 -3 -3 0 0 1 30
 5 -2 -2 -2 -1 -2 -2 -1 -2 -2 -2 -1 -2 -3 -2  0  1 -3 -3 -1 0 0 1 15
 4 -2  1 -1 -2 -1  1 -1  1 -2 -2 -1  0 -3 -2  1 -1 -3 -2  0 0 0 1 40
-2  7 -1 -2 -4  1 -1 -3  2 -4 -3  1 -2 -4 -3 -2 -2 -4 -2 -3 0 0 1 45
 5 -2 -2 -2 -1  1 -1 -1 -2 -2 -2 -1 -1 -3 -2  0 -1 -3 -2  0 0 0 1 15
-2 -1  7  0 -4 -1 -1 -1  1 -4 -4  1 -3 -4 -3  0 -1 -5 -3 -4 0 0 1 20
-2  0  1 -1 -3  5  0 -2  0 -3 -3  2 -1 -2 -2 -1  1  3  2 -2 0 0 1 50
-2  7 -1 -3 -4  0 -1 -3 -1 -4 -3  1 -2 -4 -3 -2 -2 -4 -3 -4 0 0 1 40
-2 -3 -4 -4 -2 -3 -4 -4 -3  2  4 -3  2  0 -4 -3 -2 -2 -2  1 0 0 1 30
-3 -2  2  7 -4 -1  1 -2 -2 -4 -5 -2 -4 -4 -2 -1 -2 -5 -4 -4 0 0 1 55
 0 -1  6  2 -3 -1 -1 -1  0 -3 -4 -1 -3 -4 -3  0 -1 -4 -3 -1 0 0 1 75
-2  2  1 -1 -3  5  1 -2  0 -2 -2  2  2 -3 -2 -1 -1 -3 -2 -2 0 0 1 55
 2 -1  1 -2 -1 -2 -2 -2 -2  2  0 -1  0 -2 -2  0  1 -3 -2  2 0 0 1 60
-1  3  0 -1 -2  0 -1 -1  4 -3 -3  0 -2 -3 -2  2  2 -3 -1 -2 0 0 1 65
 0  0 -1 -1 -2 -1 -1 -1 -1 -1 -1  1 -1 -2  3  2  1 -2  1 -1 0 0 1 65
-3 -3 -3 -4 -3 -2 -3 -4  1 -2 -2 -3 -2  3 -4 -3 -2  1  8 -1 0 1 1 40
-2  4 -1 -2 -4  1  0 -2  1 -3 -3  5 -2 -3 -2 -1 -1 -3 -2 -3 1 1 1 80
