-2 -2 -3 -4 -2 -2 -3 -4 -3  1  4 -2  5  0 -3 -3 -1 -2 -1  0 1 1 1 90
 1 -3  2 -2 -3 -2 -2  6 -2 -4 -4 -2 -3 -4 -3 -1 -2 -3 -3 -3 1 1 1 55
 1  0 -1 -1 -2 -1 -1 -2 -2 -3 -3  2 -2 -3  1  4  0 -4 -3 -1 1 1 1 40
 0 -1 -2 -2 -2  2 -1 -2 -2 -1  2  0  2  1  0  0 -1 -2 -1 -1 1 1 1 35
-2  1  6  0 -4  1  1  1 -1 -4 -4 -1 -3 -4 -3  1 -1 -4 -3 -4 0 1 1 55
 0  4  0  0 -3  2 -1  3 -2 -4 -4  1 -3 -4 -3  0  0 -4 -3 -3 1 1 0 50
 0 -1  0  0 -3  0 -2  5 -3 -4 -3 -2  2 -4  1  1 -1 -4 -4 -3 1 1 1 50
 1  1  0  0 -3  1  0  2 -2 -3 -3  2 -2 -1 -2  2  1 -3 -3 -3 1 1 1 50
-1  0 -3 -3 -3  0 -2 -1 -3 -2  1 -2 -1 -2  5  1  0 -4 -3  0 1 1 1 95
 0  0  0  2 -4  1  3  2  0 -4 -4  0 -3 -4 -3  1 -1 -4 -3 -4 1 1 1 85
 0 -2  1 -2 -3  1  0  4 -2 -4 -3  1 -1 -2  0  1 -2 -4 -3 -2 1 1 0 85
 1 -2  0  0 -2  0  1 -1 -2  0  1  0  0 -1  2  0  0 -3 -2  1 1 1 1 45
-1  0  1  1 -3  2  3  2 -2 -2 -2 -1 -2 -4 -3 -1  0  0 -3 -1 1 1 1 90
 1  0  1 -1 -3 -1 -2  0 -1 -3 -2  0  1 -3  2  3  2 -4 -3 -1 1 1 0 65
-1  2 -1  2 -4  3  3 -3  1 -4 -4  3 -3 -3 -1  0  0 -4 -3 -3 1 1 1 70
-1  0  1  4 -4  1  2  0  1 -3 -3  1 -1 -4  0  0 -1 -4 -3 -2 1 1 1 40
-2  1  2  1 -3 -1  0  1 -1  0  0  0  0 -1 -3 -1  0 -3 -2  0 0 1 1 85
 0  3 -2 -2 -2  0  0 -1 -2  0  1  1  0 -2 -3 -1  1  0 -1  1 0 0 1 60
 1  1  1  4  1 -1  2 -2  0 -1 -2  0 -1 -3 -2 -1 -1 -4 -2 -2 0 0 1 40
 0  2 -1  2 -4  2  2 -2  4 -3 -3  1 -3 -4 -1  0 -2 -4 -1 -3 0 0 1 70
-1 -4 -5 -5  0 -4 -5 -5 -2  4  2 -4  0  4 -2 -4 -3  0  2  1 0 0 1 10
-2  4  0  1 -4  0  1 -3  2 -3 -3  2 -2 -1 -3  0 -1 -3  3 -4 0 0 1 25
 2  0  0 -1 -1  1  2 -2 -1 -1 -2  1 -2 -3 -2  2  1 -4 -1 -1 0 0 1 45
 0  0 -2 -2 -3  3  1 -3 -1  1  1  0  3 -3 -3 -1  0 -3 -3  1 0 0 1 35
-3 -4 -5 -5 -3 -4 -5 -5 -5  5  4 -4  1 -1 -4 -4 -2 -4 -3  2 0 0 1 -5
-1  2  0  0 -3  1  3 -2 -1 -1  0  2  1 -3 -2  0  0 -3 -3  0 0 0 1 50
 0  2  3  1 -3  0  2 -2 -2 -2  0  0  0 -2 -3  0 -1 -4 -3 -1 0 0 1 65
-5 -4 -2 -2 -5 -5 -5 -6 -4 -3 -2 -5 -3  8 -6 -5 -5  2  4 -4 0 0 1 0
 0  2 -2 -3 -3  0 -2 -3 -2  1  2  1  2 -1 -3 -1 -2 -3  1  2 0 0 1 35
 2  0  1  1 -3  2  1 -2 -1 -2 -2  1  0 -3 -3  1 -1 -4 -1 -2 0 0 1 80
-2 -2  1  4 -4 -1 -1  0 -2 -5 -5 -3 -4 -5 -4  5  0 -6 -5 -5 0 1 1 35
-1 -1  1  4 -4  0  2  0  1 -4 -4  0 -3 -5  1  2  1 -5 -4 -3 0 1 1 75
-1  1  2  2 -4  2  3 -3 -1 -2 -3  2  0 -4 -3  0  0 -4 -3 -3 1 1 1 55
 0  2  1  1 -3  1  1 -2  0 -2 -2  1  0 -4 -1  0  2 -4 -2 -1 1 1 0 70
-2  1 -1  2 -4  3  4 -4 -2 -1 -3 -1 -3 -3 -2  1  0 -5 -4  0 1 0 0 45
-4 -3 -5 -6 -4 -4 -5 -6 -1  2  5 -3  4  1 -5 -5 -3 -3  3  0 1 0 0 20
 0  0 -2  1 -4  1  3 -3  1 -1 -3 -1 -3 -4 -3  1  2 -5 -3  1 1 0 0 50
-6 -6 -7 -7 -6 -7 -7 -7 -5 -3  2 -7 -3  9 -7 -6 -6 -3 -1 -4 1 1 1 0
-2 -5 -4 -1 -5 -4  1 -5 -5 -6 -6 -4 -5 -6  8  1 -2 -6 -6 -5 1 1 1 45
 2  0  0 -2 -1 -1 -3 -3 -1 -4 -4 -1 -4 -5  5  3  0 -5 -4 -2 0 1 1 55
-1 -1  2  1 -3 -1  1  0  0 -3 -3 -2 -1 -3 -3  4  2 -4 -3 -3 0 1 1 70
-4 -4 -5 -6 -4 -4 -5 -6 -5  1  5 -3  4  4 -5 -5 -3 -3 -1 -1 1 1 1 5
 0 -3  3  1  0 -2 -3 -2 -3 -4 -4 -2 -4 -3 -1  4  4 -5 -4 -3 1 1 1 65
 2  0  3 -2 -4 -2 -2 -1 -3 -2 -3  3 -2 -5  3  2 -1 -5 -4 -3 0 0 1 60
-1  1  1  1 -4  1  3 -4  5 -2 -2  0 -3  1 -2 -1 -1 -3  2 -3 0 0 1 70
-2 -1 -2  4 -6  4  5 -3  1 -3 -4 -2 -3 -4 -4 -2 -2 -5 -4 -5 0 0 1 15
-5  9 -4 -6 -7 -3 -4 -6 -4 -7 -6 -2 -5 -7 -6 -5 -5 -7 -6 -7 0 0 1 15
 3  3 -3 -4 -4 -1 -2 -1 -2 -2  1  3  1 -4 -3 -1 -2  0 -2 -2 0 0 1 50
 0  0 -2 -1 -2  1 -1 -3 -1  1  1 -1  1  1 -3 -1  0  1  2  1 0 0 1 20
-2 -5 -6 -6 -4 -5 -5 -6 -6  5  1 -5 -2  0 -5 -5 -3  0 -4  5 0 0 1 -5
-6 -4 -4 -5 -7 -1 -4 -6 11 -8 -7 -5 -6 -6 -6 -5 -6 -7 -2 -8 0 0 1 20
-1  1  0  0 -4  4  3  0 -1 -1 -2  0 -2 -4 -3  0  0 -4 -2 -2 0 0 1 40
-1 -4 -5 -5  1 -4 -3 -5 -4  4  4 -3  3 -1 -5 -3 -1  1  0  1 0 0 1 0
 6 -5 -5 -5  5 -4 -4 -3 -5 -4 -5 -4 -4 -5 -4  0 -3 -6 -5 -2 0 0 1 -5
-1  2  2  0 -5  3  3 -3  4 -3 -3  1 -2 -4 -2 -1 -2 -5 -2 -4 0 0 1 70
 0  2  2 -1 -4  1  2 -3  0 -4 -4  4 -2 -3 -2  1 -1  0 -3 -4 0 0 1 60
-4 -2 -2 -5 -1 -4 -5 -5  2 -1  3 -3  5  4 -5 -4 -4  0  4 -2 0 0 1 25
-1 -2  1 -2 -5 -1 -3  6 -1 -6 -5  0 -5 -6 -5 -1 -4 -5 -5 -6 0 1 1 40
-4 -2 -6 -6 -4 -5 -6 -6 -5  0  6 -5  2  1 -6 -5 -4 -4 -2  0 1 1 1 5
-1  2  0 -2 -4  0  1  0  1 -1 -3  3 -1 -1 -2  0 -1 -4 -1  0 1 0 0 50
-1 -1 -3 -4 -5 -3 -3 -4  8 -6 -6 -1 -5 -5 -5  5  0 -6 -3 -5 1 0 0 25
 0  2  0 -1 -2  2  1 -2  1 -2 -3  4 -3 -3 -3  0 -1  0 -1 -1 1 0 0 40
-1 -4 -3 -4 -5 -4 -4 -4 -5 -6 -6 -4 -5 -6 -4  7  0 -7 -5 -5 1 0 0 20
-1  2 -2 -2 -3  1  0 -3  3  1 -2  1 -1 -1 -3  1  0 -2  4  0 1 0 0 30
-3 -5 -2 -3 -6 -5 -5  7 -5 -7 -7 -5 -6 -6 -5 -4 -5 -1 -6 -6 1 1 0 55
-1  0 -1  0 -2  2  3 -3 -2 -1 -3  3 -2 -3 -2  1  1 -1 -2 -1 1 1 1 75
-1 -2  0 -1 -5 -1 -3  7 -4 -6 -6 -2 -5 -5 -3 -2 -3 -5 -5 -5 1 1 0 45
 0  1  1  3 -2  0  2 -1  1 -4 -3  1 -2 -4  1  1 -1 -2 -2 -3 1 1 1 85
 0  0  3  3 -4  3  3 -1  0 -4 -3  0 -3 -3 -3  1 -1 -5 -4 -4 1 1 1 70
-5  8 -4 -6 -8 -3 -4 -6 -4 -7 -6  0 -5 -7 -6 -5 -5 -7 -6 -7 1 1 1 45
-3  3 -3 -3  1  2 -3 -5  4 -2 -3  0 -3  4 -5 -2 -1 -2  4  1 1 0 0 25
-2 -5 -5 -6 -4 -5 -5 -6 -5  4  4 -5  0 -2  1 -4 -2 -5 -4  3 1 0 0 0
-2 -3 -3 -4  0 -1 -3 -4  3  1 -1 -2  0 -4 -4  1  4 -5 -3  3 1 0 0 5
-3 -5 -6 -6 -4 -5 -6 -6 -6  4  2 -5 -1 -2 -5 -5 -3 -5 -4  6 1 0 0 -5
-2  1 -2 -3 -3 -1 -2  0 -1 -2 -2  0 -2  2 -4  3  2  2  4 -2 1 0 0 25
-4  5 -2 -4 -7 -2 -3 -5 -2 -6 -6  7 -5 -3 -5 -4 -4 -6 -5 -4 1 0 0 20
-2  4 -2  0 -5 -1 -1 -2 -3 -3 -3  5 -2 -5  0 -1  1 -5 -4 -3 1 1 1 65
 1  0 -1  0 -1  0  1 -1 -1  1 -1  0 -1 -3 -1  1  0 -3 -2  0 1 1 1 90
 0  1  0  0 -3  0 -1  4  0 -3 -3  1 -3 -2  0  0  0 -4 -3 -1 1 1 1 35
 2 -1  2 -2 -2 -1 -2 -1 -2 -2 -3  0 -2 -3 -1  3  3 -4 -3  0 1 1 1 50
-1  3  1  3 -3 -1  1 -3  0 -3 -2 -1 -2 -4  0  0  3 -4 -3 -3 1 1 1 45
 0  1  4  1 -3  2  0  0  3 -3 -3  0 -2 -3 -2  0  1 -4 -2 -3 1 1 1 35
 0 -1 -1 -2 -3  2  1  0  3 -2 -2  0 -1  2  0 -1  0 -1  3 -1 1 1 1 40
-2 -1  2 -2 -4  3  0 -3  8 -3 -3  1  2 -2 -3 -1 -2 -3  0 -3 1 1 1 45
-1 -1 -1 -1 -4  3  3  1  6 -4 -3  0 -2 -3  2 -1 -2 -3 -1 -3 1 1 1 55
-2 -1  0 -2 -4  0 -1 -3  8 -4 -3 -1 -2  0 -3 -2 -2 -2  4 -3 1 1 1 85
