 3 -2 -1 -2 -2 -2 -2  1 -2 -2 -3 -1 -2 -3 -2  2  4 -4 -3 -1 1 1 1 95
 1 -1 -2 -2 -3 -1 -2 -2 -3 -4 -4 -2 -3 -4  2  5  3 -5 -4 -2 1 1 1 90
-2 -1  2  1 -3  0  1 -2  4  0  1 -1 -1 -2 -3  0 -1 -3 -1  0 1 1 1 85
-1 -1 -1 -2 -3 -1  0 -2  0  3  1  1  1  0 -2  0  0 -3 -2  1 1 1 1 70
-3 -1  0  4 -6  0  6 -4 -3 -6 -6  2 -5 -6 -4 -2 -3 -6 -5 -3 1 1 1 85
 0 -1  1  4 -5  1  4  0 -3 -4 -5  1 -4 -5 -3  0  0 -2 -4 -3 1 1 1 60
 3 -2  2  4 -4  1  3 -2 -3 -3 -4  0  0 -5 -3 -1 -1 -5 -4 -2 1 1 1 60
-1 -2 -1 -2 -4 -3  0 -4 -4  0  0 -1  1  1  0 -2 -2  8 -1  2 1 1 1 40
 0  0  2  2 -4  2  3 -1 -2 -3 -3  3 -2 -4 -2 -1 -1 -4 -4 -2 1 1 0 95
-1 -3  5  0 -4  0 -1  1 -1 -4 -4 -2 -1 -3 -3  0  4 -3 -3 -3 1 1 0 50
 1  0 -2 -3 -2 -2 -1  0 -2 -1  3  0  1 -2 -4 -1 -1 -1 -2  1 1 1 0 45
 1 -3 -1  3 -5  1 -2 -4 -4 -3 -5 -2 -3 -4  7 -1 -3 -6 -5 -4 1 1 1 60
-2  3 -2 -3 -4  1 -2 -4  1  0 -3  2 -2 -4 -3  1  4 -5 -3  0 1 0 0 50
 0 -3 -2  1 -1 -2 -2 -3 -2  2 -3 -3 -2 -4 -4  1  5 -5 -3  1 1 0 0 30
 0  0  1  3 -4  1  3 -2 -2 -3 -1  2  0 -4  0 -1 -1 -5 -2 -3 1 0 0 90
 0  0 -2 -2 -3 -1  2 -2  2  1 -1  1  0  2 -3 -2 -1 -1 -1  1 1 1 1 20
-2  2 -1 -1 -4  2  2 -4 -1 -1 -3  3 -2 -3  3 -1  2 -3 -3 -1 1 1 1 55
-3 -8 -8 -8 12 -8 -9 -7 -8 -6 -6 -8 -6 -7 -8 -6 -6 -7 -7 -6 1 1 1 0
-2 -2 -2 -1 -6 -1  0  1 -5 -4 -3 -2 -5 -4  7 -1 -2 -6 -3 -3 0 1 1 80
 0  3  1 -1 -5  0  0 -3  0 -4 -4  5 -2 -3 -4  0 -1 -5 -2 -2 0 1 1 70
-5 -8 -8 -8 12 -8 -9 -7 -8 -6 -6 -8 -6 -1 -8 -6 -6 -7 -7 -6 0 1 1 40
-1 -1  1  0 -5 -1  1  5  4 -6 -5  2 -4 -5 -2  0 -3 -5 -3 -5 1 1 1 60
-2 -1  3 -3 -1  2 -1  0  8 -6 -5  1 -3 -2 -4  1 -3 -2  0 -5 1 1 1 10
-2  3  1  1 -5  0  1  1  2 -4 -3  2  1 -5  1 -1  0 -5 -3 -4 1 1 0 65
-3  2  1  1 -3  0  5 -1 -2 -4 -4  3 -3 -3 -3 -2 -1 -5 -3 -3 1 0 0 25
 5 -4 -3 -5  5 -4 -4 -3 -3 -1 -2 -4  3 -5 -4 -1 -1 -5 -3  1 1 0 0 -5
-1 -1 -3 -4 -2 -2 -2 -2  1  0 -2 -1 -1  1 -4  0  2  1  4  3 1 0 0 15
-3 -4 -4 -5 -2 -4 -4 -5 -1  0 -1 -5 -2  6 -4 -3 -3  5  6 -2 1 0 0 40
-2 -1 -2 -3 -4 -2 -2 -4  1 -1 -1 -2  2  6 -4 -2  1  5  4 -1 1 0 0 25
-2 -2 -2 -1 -2  7  1 -4 -1 -2 -1 -1  2 -3 -4 -1  1 -4 -4 -3 1 0 0 65
 1  1 -2  1 -2  0 -1 -2 -2  1  1  0  1 -1 -2  1 -1 -3 -2  1 1 0 0 40
-4 -1 -3 -3 -5  8 -1 -5  2 -5 -4 -2  0 -5 -4 -3 -2 -5 -4 -5 1 1 1 60
-1 -3 -2 -2 -3  0 -2 -2 -3  1  0 -3  2 -3 -3  2  5 -4 -3  0 1 1 1 70
-2  7  0 -3 -2 -2 -2 -3 -1 -3 -3  2 -1 -4 -4 -1 -2 -4 -1 -4 1 1 0 95
 0  3 -2 -1 -1 -2 -2  0 -3 -4 -2  1 -3 -4 -1  4 -1 -4 -3 -3 1 1 0 80
 5 -3 -2 -3 -2 -3 -1  1 -1 -1 -3 -1 -2 -4 -3  0 -2 -5 -4 -2 1 1 0 90
-2 -4 -1  7 -6 -1  2 -4 -4 -5 -3 -2 -5 -6 -1 -3 -2 -6 -5 -5 1 1 0 60
-2 -1  0  0 -5  0  6 -3 -1 -5 -5 -1 -4 -5 -3 -1  2 -5 -4 -4 1 1 1 30
-1 -1  0 -3 -4 -2 -1  4 -4 -5 -4 -2 -1 -5  6  0 -1 -5 -5 -4 1 1 0 60
-1 -3 -4 -4 -5  2  0 -5 -4 -2 -1  0  9 -4  0  0 -1 -5 -4 -3 1 1 0 40
-2  1 -3 -4 -4 -1 -3 -4 -4  0 -3  0 -3 -5 -4  0  6 -5 -4  0 1 0 0 0
-2  1 -2 -4 -2 -1 -3 -3 -3  1  3 -2  0 -2 -2 -1  2 -4 -2  1 1 0 0 15
-5 -4 -6 -6 -5 -6 -4 -6 -1  0 -2 -4  0  8 -7 -4 -5 -2  4 -4 1 0 0 25
-2 -5 -5 -6  1 -4 -5 -6  0 -2 -1 -5 -2  4 -6 -4 -3 -1  8  1 1 0 0 15
-1  2 -2 -2 -1 -1  0 -4 -2  0 -1  2  0 -1 -3 -1  2 -2 -1  3 1 0 0 15
-4 -7 -6 -7 11 -6 -7 -3 -6 -5 -5 -6 -5 -6 -6 -5 -5 -6 -6 -5 1 0 0 0
-1 -1  0 -2  5 -2 -2 -3 -2  0  0  0  0 -2  0 -1  3 -4 -2  1 1 1 0 30
-1  0  4  0 -4  1  2 -1  0 -3 -4  2 -3 -4 -3  2 -1 -4 -2 -2 1 1 0 75
-5 -8 -7 -8 12 -7 -8 -7 -7 -6 -6 -8 -6 -2 -7 -5 -5 -6 -1 -5 1 1 0 40
 0 -1  1 -2 -3  0 -1  5 -1 -5 -4  1 -3 -4 -3  0 -3 -5 -5 -5 1 1 1 40
-3 -1  3 -2  0  0 -1 -3  8 -5 -4  1 -4  1 -5 -2 -2 -4  3 -5 1 1 1 35
-2  5 -1 -3 -1  2 -1 -3  0 -1 -3  2 -2 -4 -3 -1  2 -5 -4 -1 1 0 0 25
-7 -7 -7 -4 -7 -6 -3 -7 -2 -6 -5 -7 -5  4 -8 -4 -7 12  1 -7 1 0 0 20
-3  6 -1 -4 -6  2 -1 -4 -2 -4 -5  4 -4 -5 -4 -2  1 -5 -4 -5 1 0 0 45
-3 -2  0  4 -6  1  6 -3 -3 -6 -5 -1 -5 -4 -3 -1  0 -6 -5 -5 1 1 1 10
-4 -4 -3  2 -4 -3 -3 -5  3 -3 -1 -4 -3  2 -5 -3 -3  0  8 -3 1 1 1 65
-3 -2  3  6 -5 -1  3 -2 -2 -4 -5 -1 -4 -5 -3 -1 -2 -5 -4 -4 1 1 1 90
