-1 -1 -2 -3 -1  0 -2 -3 -2  1  2 -1  5  0 -2 -1 -1 -1 -1  1 1 1 1 95
-1  2  0 -1 -3  1  1 -1 -1 -3 -2  4 -1 -3 -1  0 -1 -3 -2 -2 1 1 1 95
 4 -1 -1 -2  0 -1 -1  0 -2 -1 -1 -1 -1 -2 -1  1  0 -2 -2  0 1 0 0 70
-1 -3 -3 -3 -1 -3 -3 -4 -3  4  1 -3  1  0 -3 -2 -1 -3 -1  2 1 0 0 75
-2 -3 -3 -3 -2 -3 -3 -3 -1  0  0 -3  0  6 -3 -2 -2  1  3 -1 1 1 1 80
 0 -2 -3 -3 -1 -2 -2 -3 -3  2  1 -2  1 -1 -2 -2  0 -3 -1  4 1 0 0 90
-2 -2 -4 -4 -1 -2 -3 -4 -3  2  4 -3  2  0 -3 -3 -1 -2 -1  1 1 1 0 85
-1  0  4  1 -3  1  4 -1  0 -3 -3  0 -2 -3 -2  0  0 -3 -2 -3 1 1 1 40
 3 -1 -1  0 -2  1  3 -1 -1 -2 -2  0 -2 -3 -1  1  0 -3 -2 -1 0 0 1 80
-1  2  0 -1 -3  4  1 -2  0 -3 -2  4 -1 -3 -1  0 -1 -3 -2 -2 0 0 1 70
-1 -1  0 -1 -3  0 -1 -2  6 -3 -3 -1 -2 -2  6 -1 -1 -3  0 -3 0 0 1 75
-1  0  0  3 -4  2  5 -2  0 -3 -3  1 -2 -4 -1  0 -1 -3 -2 -3 1 1 1 55
-2  0  1  5 -4  0  2 -2 -1 -3 -4  2 -3 -4 -2  0 -1 -4 -3 -3 1 1 0 95
 1 -2 -1 -2 -1 -1 -2 -2 -2  2  0 -1  0 -2 -2  1  4 -3 -2  1 1 1 0 75
 2 -2 -3 -3 -1 -2 -2 -2 -3  2  1 -2  1 -1 -2 -1  0 -3 -1  3 1 1 1 50
-1  2  0  2 -3  1  1 -2 -1 -3 -3  5 -2 -3 -1  0 -1 -3 -2 -3 0 0 1 60
 2 -1  0  2 -2  0  2 -1 -1 -3 -3  0 -2 -3 -1  2  0 -3 -2 -2 0 0 1 65
-1  0  1 -1 -2  0  1 -2  0  1  1  2  0  0 -2 -1 -1 -1  3  0 0 0 1 75
 3  0 -1  0 -1  0  2 -1 -1 -2 -2  1 -1 -3 -1  1  0 -3 -2 -1 0 0 1 30
-2 -2 -4 -4 -2 -2 -3 -4 -3  1  4 -3  2  0 -3 -3 -1 -2 -1  1 0 0 1 25
 1  0 -1 -1 -2  0  2 -1 -1 -2  0  2 -1 -2 -1  2  0 -3 -2 -1 0 0 1 50
-1  0  0  3 -4  1  5 -2 -1 -3 -3  2 -2 -4 -1  0 -1 -3 -2 -3 0 0 1 50
 5 -2 -2 -2 -1 -1 -1  0 -2 -2 -2 -1 -1 -3 -1  1  0 -3 -2  0 0 0 1 20
-1  2  0 -1 -3  1  1 -2 -1 -3 -3  5 -2 -3 -1  0 -1 -3 -2 -3 0 0 1 20
 0 -1 -1  0 -2  1  3 -2 -1 -1 -2  0 -1 -2 -1  1  1 -3 -2  1 0 0 1 60
 0  0 -2 -3 -2 -1 -1 -2 -2  1  3  1  2 -1 -2 -1 -1 -2 -1  0 0 0 1 50
 4 -2 -2 -2 -1 -1 -1  0 -2 -2 -2 -1 -1 -2 -1  1  0 -3 -2  0 0 0 1 10
-1 -1  1 -2 -2 -1 -2 -3 -2  3  1  1  1 -1 -2 -1 -1 -3 -2  2 0 0 1 30
-1  4  2  0 -3  1  3 -2  0 -3 -3  1 -2 -3 -2  1  0 -3 -2 -3 0 0 1 55
 1 -1 -1  1 -3  1  4 -2 -1  0 -2  0 -1 -3 -1  0 -1 -3 -2 -1 0 0 1 30
-2 -2 -4 -4 -2 -2 -3 -4 -3  1  4 -3  2  2 -3 -3 -1 -1  0  1 0 0 1 0
-1  1  0  4 -3  1  1 -2 -1 -3 -3  4 -2 -4 -1  0 -1 -4 -2 -3 0 0 1 55
 1  1  1  0 -2  2  2 -1 -1 -3 -3  3 -1 -3 -1  1  0 -3 -2 -2 0 0 1 70
-2 -1  2 -1 -3  1  1 -2  1 -2 -2 -1 -1  1 -2 -1 -1  1  5 -2 0 0 1 55
 0 -3 -1 -2 -3 -2 -2  6 -2 -4 -4 -2 -3 -3 -2  0 -2 -3 -3 -3 0 1 1 65
 1 -3 -3 -3 -1 -2 -3 -3 -3  3  1 -2  1 -1 -2 -1  0 -3 -2  3 1 1 1 30
 1 -1  0 -1 -1  0  0  2 -1 -3 -3  0 -2 -3 -1  4  1 -3 -2 -2 1 1 1 45
-2 -1  1  6 -4  0  3 -2 -1 -3 -4  0 -3 -4 -2  0 -1 -4 -3 -3 0 0 1 55
-2 -1 -2 -3 -3 -1 -2 -3  1 -1 -1  1 -1  4 -3 -2 -2  1  6 -1 0 0 1 65
-2 -2 -2 -3 -3 -2 -2 -3  2 -2 -1 -2 -1  3 -3 -2 -2  2  7 -1 0 0 1 40
-1  0 -2 -2 -2 -1 -1 -3 -2  3  0  2  0 -1 -2 -1 -1 -3 -2  2 0 0 1 20
-1  0  4  2 -3  0  1 -1  0 -3 -3  2 -2 -3 -2  0  1 -4 -2 -2 0 0 1 55
-1  0 -2 -2 -2  2  0 -3 -1  0  3  2  1 -1 -2 -1 -1 -2 -1  0 0 0 1 35
-1 -3 -3 -3 -1 -3 -3 -4 -4  5  1 -3  1  0 -3 -3 -1 -3 -2  3 0 0 1 0
-2 -1  6  3 -3  0  0 -1  0 -4 -4  0 -3 -3 -2  0  0 -4 -3 -3 0 0 1 70
 0  1  4  0 -2  0  0 -1  0 -3 -3  2 -2 -3 -1  2  0 -3 -2 -3 0 1 1 75
 4 -2 -2 -2 -1 -1 -1  2 -2 -2 -2 -1 -1 -3 -1  1  0 -3 -2 -1 1 1 1 15
-1  2  2  0 -3  1  1 -2 -1 -3 -3  5 -2 -3 -1  0 -1 -3 -2 -3 1 1 0 90
 0 -1  0 -1 -1 -1 -1 -2 -2 -1 -1 -1 -1 -2 -1  1  5 -3 -2  0 1 1 0 45
 1 -3 -3 -3 -1 -2 -2 -3 -3  2  0 -2  0 -1 -2 -1  0 -3 -1  4 0 0 1 35
-1  0  0  1 -4  2  5 -2  0 -4 -3  1 -2 -4 -1  0 -1 -3 -2 -3 0 0 1 70
 0 -3 -1 -2 -3 -2 -2  6 -2 -4 -4 -2 -3 -3 -2  0 -2 -3 -3 -3 0 0 1 35
 0 -3 -3 -3 -1 -2 -3 -3 -3  3  1 -3  1 -1 -3 -2  0 -3 -1  4 0 0 1 0
 0  0  4  0 -2  0  0 -1  0 -1 -2  1 -1 -3 -2  0  1 -3 -2  0 0 0 1 65
 4 -1 -1 -2 -1 -1 -1  0 -2 -2 -2 -1 -1 -2 -1  2  0 -3 -2 -1 0 0 1 45
-2 -2 -4 -4 -1 -2 -3 -4 -3  1  4 -3  2  0 -3 -3 -1 -2 -1  1 0 0 1 20
-1  2 -1 -1 -3  1  0 -2 -1  0 -1  5 -1 -3 -1 -1 -1 -3 -2 -1 0 0 1 5
 0 -2  1  6 -3 -1  1 -1 -1 -3 -4 -1 -3 -4 -2  0 -1 -4 -3 -3 0 0 1 55
-1 -1 -1  1 -3  1  4 -2 -1 -1  0  0 -1 -2 -2  1 -1 -3 -2 -1 0 0 1 65
-2 -3 -4 -3 -1 -3 -4 -4 -4  5  1 -3  1  0 -3 -3 -1 -3 -2  3 0 0 1 15
-2 -3 -4 -4 -1 -3 -3 -4 -3  3  3 -3  2  0 -3 -3 -1 -2 -1  2 0 0 1 40
 2  0  2  0 -2  0  2 -1 -1 -3 -3  2 -2 -3 -1  1  0 -3 -2 -2 0 0 1 65
 3 -1  0 -1 -1  0 -1  0 -1 -2 -2 -1 -1 -3 -1  3  1 -3 -2 -1 0 1 1 70
-1 -1 -3 -3 -2 -1 -2 -3 -3  1  4  1  2  0 -3 -2 -1 -2 -1  0 1 1 1 60
-1 -2 -2 -2 -3 -1 -1 -2 -2 -3 -3 -1 -3 -4  8 -1 -1 -4 -3 -3 1 1 1 95
