-1 -2 -1 -2 -2 -2 -2 -2 -3 -3 -3 -2 -2 -4 -2  5  5 -4 -3 -2 1 1 1 95
-2 -2  1  5 -5  3  4 -3 -2 -5 -5  0 -3 -5 -3 -1 -2 -5 -4 -4 1 0 0 50
-2 -3 -3 -4 -3 -2 -2 -4 -4  2  0 -1  3 -2 -4 -2  2 -4 -1  5 1 0 0 45
-2 -2  1 -3 -3 -3 -3 -3 -3 -3 -3 -2 -3 -4 -3  2  7 -5 -4 -2 1 1 1 50
-2 -5 -5 -5 -3 -4 -5 -5 -5  4  0 -4 -1 -2 -4 -4 -2 -5 -3  6 0 1 1 0
 0  2 -1 -1 -4  3  2 -3 -2 -4 -4  5 -3 -5 -3  0 -1 -4 -3 -4 0 1 1 50
 0 -1  0  2 -3  4  2 -2 -2 -3 -3  2 -2 -4 -2  2  0 -4 -3 -3 0 0 1 65
-4 -4 -5 -6 -3 -4 -5 -6 -4  0  5 -5  0  4 -5 -4 -3 -3 -1 -1 0 0 1 5
 6 -3 -3 -4 -2 -3 -3 -1 -4 -4 -4 -3 -3 -4 -3  1 -2 -5 -4 -2 0 0 1 -5
 2 -1  0  1 -3  1  3  0 -1 -2 -3  1 -2 -4 -2  1  0 -4 -3 -1 0 0 1 30
-2 -2 -2  2 -4  0  5 -3 -2 -1 -1  0 -1 -4 -3  0  1 -4 -3  1 0 0 1 55
-2 -3 -5 -5 -3 -4 -4 -5 -5  4  2 -4  2 -2 -4 -3 -2 -4 -3  5 0 0 1 45
-2 -1  2  1 -4  3 -1  5 -2 -5 -5  2 -3 -5 -3 -1 -2 -4 -4 -4 1 1 0 65
 0  0 -2 -3 -3 -2 -2 -3 -3  2  0  1  2 -3 -3 -1  4 -4 -3  0 1 1 0 65
-2 -3 -2 -1 -4 -3 -2 -3 -4 -4 -5 -3 -4 -5  7  3  2 -5 -4 -4 1 1 0 15
 0 -4 -3 -5 -3 -4 -3 -5 -5  1  0 -4  0 -3 -2 -2 -1 -5 -3  6 0 0 1 0
-2 -3  0  6 -5 -1  4 -2 -3 -5 -5 -2 -4 -5  0 -1 -3 -6 -5 -5 0 0 1 35
-2  7 -2 -2 -5  0 -2 -4  0 -3 -2  2 -3 -4 -4 -2 -1 -5 -2 -4 0 0 1 50
-3 -4 -6 -6 -3 -4 -5 -6 -5  0  6 -5  0 -1 -5 -5 -3 -4 -3 -1 0 0 1 -5
-2 -4 -5 -5 -3 -4 -4 -5 -5  3  4 -4  1 -1 -4 -4 -2 -4 -3  3 0 0 1 -5
-1 -1 -1 -1 -4  5  4 -2 -1 -4 -3  1 -2 -4 -3  0  1 -4 -3 -3 0 0 1 55
-3 -1 -2 -3 -5  8 -1 -4  0 -3 -4 -1 -3 -5 -4 -3 -3  1 -4 -2 0 0 1 35
-3 -4 -5 -5  0 -4 -5 -5 -4  0  4 -4  5  6 -5 -4 -3 -2  0 -1 0 0 1 5
 3  1  1 -2 -3  1 -1 -1 -2 -2 -2  3 -2 -3 -2  1 -1 -4 -3 -1 0 0 1 35
 0 -2  0  5 -5  1  4 -2 -2 -5 -5  0 -4 -4 -3 -1 -2 -5 -1 -4 0 0 1 85
 6 -4 -4 -4 -2 -3 -3 -2 -4  0 -3 -3 -3 -4 -3  0 -1 -5 -4 -1 0 0 1 45
-2 -5 -3 -2 -5 -4 -4  7 -4 -6 -6 -4 -5 -5 -4 -2 -4 -5 -5 -6 0 1 1 65
-3 -4 -5 -5 -3 -4 -4 -5 -4  5  3 -4  3  0 -4 -4 -2 -4 -2  2 1 1 0 20
-1  0  2 -1 -3  0  0 -1  3 -3 -2  2 -2 -3  1  1  2 -4 -1 -2 1 1 1 35
-1  0 -2 -1 -4  1 -1 -3  1 -2 -3  6 -3 -1 -3 -2 -1 -4 -3 -1 1 1 1 55
 0 -1  1  0 -3  0 -1  0 -1 -3 -3  1 -3 -4 -2  4  4 -4 -3 -3 1 1 0 10
 3 -1 -1  1 -1  0  2  1 -1 -3 -2  1 -2 -4  0  0 -1 -4 -3 -1 1 1 0 80
 1 -1  1  2 -2 -1  1  1 -2 -1 -2 -1 -2 -1  1  1  1 -3 -1 -1 1 1 0 60
-1 -3 -1  7 -5  1  2 -2 -3 -5 -5 -2 -5 -5 -3 -1 -2 -6 -5 -5 1 1 0 55
 1 -1  0  0 -2  1  0 -1  0 -1 -2  0  0  0 -1  2  2 -2  1  0 1 1 1 25
-2 -4 -5 -5 -3 -4 -5 -5 -5  3  1 -4  0 -2 -4 -4 -2 -5 -3  6 1 0 0 -5
-1 -3  1 -2 -3 -2 -2 -3 -1 -4 -4 -2 -3 -4 -3  5  5 -5 -4 -3 1 0 0 10
-1 -2 -1  4 -4  4  4 -3 -2 -4 -2 -1 -3 -4 -1  0 -2 -4 -4 -4 0 1 1 25
 1  0  0  3 -3  2  3 -2  0 -3 -2  1 -2 -4 -2  0  0 -4 -3 -2 0 1 1 65
-3 -1 -2  3 -6  3  6 -4 -2 -5 -5 -1 -4 -5 -3 -2 -3 -5 -4 -5 0 0 0 20
-3  1 -2 -3 -6 -1 -1 -4 -3 -5 -5  7 -4 -6 -3 -2 -3 -5 -4 -5 0 0 0 40
-1  1 -2 -1 -4  5  2 -3  0 -2 -1  1  1 -4 -3 -1 -1 -4 -3 -1 0 0 0 40
 1  1 -1 -2 -3  3 -1 -3 -2  1 -2  2 -2 -3 -2  0  3 -4 -3 -1 0 0 1 -5
-3 -4 -6 -6 -3 -4 -5 -6 -5  1  6 -5  0 -1 -5 -5 -3 -4 -3 -1 0 0 1 45
-3 -4 -3 -5 -3 -4 -5 -5 -4  0  6 -4  0  1 -5 -4 -1 -3 -2 -1 0 0 1 55
 2  0  1  2 -2 -1  0  1 -2 -3 -3  0 -2 -3 -2  1  1 -4 -3 -2 0 0 1 60
-4 -3 -3 -4 -5 -2 -3 -5  8 -4 -4 -3 -3  4 -5 -2 -4  0  6 -4 0 0 1 20
-3 -4 -5 -6 -3 -4 -5 -6 -5  0  6 -4  3 -1 -5 -4 -3 -4 -3 -1 0 0 1 75
-1 -1  6  0 -3 -1 -1 -1 -1 -4 -4 -1 -3 -4 -3  3  0 -4 -3 -3 1 1 1 95
