-2 -2 -3 -4 -2 -1 -3 -4 -3  1  1 -2  8 -1 -4 -2 -1 -2 -2  0 1 1 1 95
-2  0 -1 -1 -4  7  1 -3  0 -4 -3  1 -1 -4 -2 -1 -2 -3 -2 -3 1 1 1 70
-2  6  0 -2 -4  1  0 -2 -1 -4 -3  4 -2 -4 -2 -1 -1 -4 -2 -3 1 1 1 85
 0 -2  0 -1 -3 -2 -2  6 -2 -4 -4 -2 -3 -4 -2  2 -1 -3 -3 -3 0 1 1 55
-2 -1  7  1 -4  0 -1 -1  0 -4 -4  0 -3 -4 -3  0 -1 -5 -3 -4 1 1 1 70
-3 -4 -4 -4 -2 -4 -4 -4 -2 -1  0 -4 -1  7 -3 -3 -3  0  3 -1 1 1 1 60
-2  5  0 -2 -4  1  0 -2 -1 -4 -3  4 -2 -4 -2 -1 -1 -1 -2 -3 0 1 1 65
-1 -2  4  0 -3 -1 -1  4 -1 -4 -4 -1 -3 -4 -2  0 -1 -4 -2 -4 0 1 1 55
-1  0 -1 -1 -3  5  1 -2  1 -3 -2  0 -1 -3  4  0 -1 -3 -2 -3 1 1 1 50
-2  6  0 -2 -4  1  0 -2 -1 -4 -3  3 -2 -4 -2 -1 -1 -3 -2 -3 1 0 0 70
-2  5 -1 -2 -4  1  0 -2 -1 -3 -3  5 -2 -4 -2 -1 -1 -3 -2 -3 1 1 1 75
-1 -1  1 -2 -2 -1 -2 -2 -2  2  0 -1  1 -1  2  0  3 -3 -2  1 1 1 1 50
-1 -3 -4 -4 -2 -3 -3 -4 -4  4  1 -3  1 -1 -2 -2 -1 -3 -2  4 1 1 1 40
-1  2 -1 -1 -4  1  0 -2 -1 -4 -3  6 -2 -4 -2 -1 -1 -4 -3 -3 1 0 1 55
-1 -5 -4 -5 10 -4 -5 -4 -4 -2 -2 -4 -2 -3 -4 -2 -2 -3 -4 -2 1 1 1 0
-3 -4 -4 -4 -3 -4 -4 -4 -2 -1  0 -4 -1  8 -5 -3 -3  0  3 -2 0 1 1 60
-2 -1  7  1 -4 -1 -1 -1  0 -4 -4  0 -3 -4 -3  0 -1 -5 -3 -4 0 1 1 25
-1 -5 -4 -5 10 -4 -5 -4 -4 -2 -2 -4 -2 -3 -4 -2 -2 -3 -4 -2 0 1 1 40
 0 -3 -1 -2 -3 -3 -3  7 -3 -5 -5 -2 -4 -4 -3 -1 -2 -3 -4 -4 1 1 1 45
-1  3 -1 -1 -4  1  0 -2 -1 -4 -3  6 -2 -4 -2 -1 -1 -4 -3 -3 1 1 1 65
-1 -1 -1  1 -4  2  6 -2 -1 -3 -3  0 -2 -4 -2 -1 -1 -4 -3 -2 1 0 1 60
 0 -2 -1 -2 -3 -2 -2  7 -3 -5 -5 -2 -3 -4 -3 -1 -2 -3 -4 -4 1 1 0 60
-3 -1  0 -2 -4  0 -1 -3 10 -4 -4 -2 -3 -2 -3 -2 -3 -3  1 -4 1 1 0 20
-2 -3 -4 -4 -2 -3 -4 -4 -4  5  2 -3  1 -1 -3 -3  0 -3 -2  2 1 1 1 30
 5 -2 -2 -3 -1 -1 -2  0 -2 -2 -2 -1 -2 -3 -1  1 -1 -3 -3 -1 0 1 1 20
-2  5  0 -2 -4  1  0 -2  0 -4 -3  4 -2 -4 -2 -1 -1 -4 -2 -3 0 1 1 80
-2 -1  7  1 -4 -1 -1 -1  2 -4 -4 -1 -3 -3 -3  0 -1 -4 -1 -4 0 1 1 60
-1 -5 -4 -5 10 -4 -5 -4 -4 -2 -2 -4 -2 -3 -4 -2 -2 -3 -4 -2 1 1 1 15
-2  7 -1 -2 -4  1 -1 -3 -1 -4 -3  3 -2 -4 -3 -1 -2 -4 -2 -3 1 1 1 90
 5 -2 -2 -2 -1 -1 -2  0 -2 -2 -2 -1 -2 -3 -1  1  0 -3 -3 -1 1 1 0 40
-2 -3 -3 -2 -4 -2 -2 -3 -3 -4 -4 -2 -3 -5  8 -2 -2 -5 -4 -3 1 1 1 80
-2  7 -1 -2 -4  0 -1 -3 -1 -4 -3  2 -2 -4 -3 -1 -2 -4 -3 -3 1 1 1 60
-1  2 -1 -1 -4  1  0 -2 -1 -4 -3  6 -2 -4 -2 -1 -1 -4 -3 -3 1 1 1 60
-1  4 -1 -1 -4  1  0 -2 -1 -4 -3  5 -2 -4 -2 -1 -1 -4 -3 -3 1 1 0 70
 0 -3 -1 -2 -3 -3 -3  7 -3 -5 -5 -2 -4 -4 -3 -1 -2 -3 -4 -4 1 1 0 15
-1 -5 -4 -5 10 -4 -5 -4 -4 -2 -2 -4 -2 -3 -4 -2 -2 -3 -4 -2 1 1 1 0
-4 -4 -5 -6 -4 -3 -4 -2 -4 -4 -3 -4 -3  0 -5 -4 -4 12  1 -4 0 1 1 45
-1  2 -1 -1 -4  1  0 -2 -1 -3 -3  6 -2 -4 -2 -1 -1 -4 -3 -3 0 1 1 50
-1 -5 -4 -5 10 -4 -5 -4 -4 -2 -2 -4 -2 -3 -4 -2 -2 -3 -4 -2 0 1 1 40
 0 -2 -1 -2 -3 -2 -3  6 -3 -4 -4 -2 -3 -4 -3 -1 -2 -3 -4 -3 1 1 1 55
-1  3 -1 -1 -4  2  0 -2 -1 -3 -3  5 -2 -4 -2 -1 -1 -4 -2 -3 1 1 1 60
-2 -1 -1  1 -5  1  6 -3 -1 -4 -4  0 -3 -4 -2 -1 -2 -4 -3 -3 1 1 0 70
 0 -2 -1 -2 -3 -2 -2  6 -3 -5 -5 -2 -3 -4 -3 -1 -2 -3 -4 -4 1 1 0 80
-3 -1  0 -2 -4  0 -1 -3 10 -4 -4 -2 -3 -2 -3 -2 -3 -3  1 -4 1 1 0 20
-2  1 -1 -1 -4  7  1 -3  0 -4 -3  1 -1 -4 -2 -1 -2 -3 -2 -3 1 1 1 50
-2 -2 -3 -4 -2 -1 -3 -4 -3  1  1 -2  8 -1 -3 -2 -2 -2 -2  0 0 1 1 25
-1  2 -1 -1 -4  1  0 -2 -1 -4 -3  6 -2 -4 -2 -1 -1 -4 -3 -3 0 1 1 80
-2 -2  1  7 -4 -1  2 -2 -2 -4 -4 -1 -4 -4 -2 -1 -2 -5 -4 -4 0 1 1 65
-1 -5 -4 -5 10 -4 -5 -4 -4 -2 -2 -4 -2 -3 -4 -2 -2 -3 -4 -2 1 1 1 15
-1 -2  1  0 -2 -1 -1 -2 -2 -1 -2 -1 -1 -3  0  1  5 -3 -2 -1 1 1 1 75
-2 -1 -1  1 -4  1  6 -1 -1 -4 -4  0 -3 -4 -2 -1 -1 -4 -3 -3 1 1 0 50
-2  7 -1 -2 -4  0 -1 -2 -1 -4 -3  2 -2 -4 -3 -1 -2 -4 -3 -3 1 1 0 75
-2  0 -1 -1 -4  7  1 -3  0 -4 -3  1 -1 -4 -2 -1 -2 -3 -2 -3 1 1 1 75
 5 -2 -2 -2 -1 -1 -1  0 -2 -2 -2 -1 -2 -3 -1  1  0 -3 -2  0 1 1 1 75
-2 -1  7  1 -4 -1 -1 -1  0 -4 -4 -1 -3 -4 -3  0 -1 -5 -3 -4 1 1 1 95
-1 -1 -1 -1 -1 -1 -1 -1 -1 -1 -1 -1 -1 -1 -1 -1 -1 -1 -1 -1 1 1 1 95
