-2 -3 -4 -5 -3 -2 -4 -4 -3  0  1 -3  9 -1 -4 -3 -2 -3 -2  2 1 1 1 95
 0 -3 -3 -4 -2 -2 -3 -2 -3  3  0 -2  6 -2 -1 -1  1 -3 -2  2 1 1 1 5
 0 -2  0  0 -2  0  1 -1 -2 -2 -2  0  1 -1 -1  3  3 -4 -2 -2 1 1 1 40
-2 -4 -5 -3 -5  0 -2 -4 -4 -2  0 -2  9 -2  3 -2 -3 -5 -4 -1 1 1 1 35
 0 -1  0  3 -3  0  2 -1 -2 -1 -1  1 -2 -3  0  2  0 -4 -3 -1 1 1 1 55
 3 -4 -2 -2  2 -2 -1 -3 -1  0 -2 -4  2  3  0 -2 -3  7  2 -1 1 1 1 5
-2 -5 -5 -6 -2 -5 -5 -6 -4  4  2 -5 -1  2 -5 -4 -3  6  4  3 1 0 0 0
-2  5 -1 -2 -3  1  1 -4  0 -3 -3  3 -2 -2 -4  1  0  0 -1 -3 1 0 0 50
 0  1 -2 -1 -4  2  3 -3 -1 -1 -1  1 -2 -2 -1  0 -1  6  0 -1 1 0 0 65
 0  0  0  2 -1  1  1 -2  1 -1 -1  1  0 -1 -2  1  1 -3 -2  0 1 0 0 40
 1  0  1  2 -4  0  0  3 -1 -4 -4  2 -4 -5  1  1 -1 -5 -4 -3 0 1 1 75
-1 -2  3  5 -5 -1  2  1  1 -5 -5  0 -5 -5 -3  0 -1 -6 -4 -5 0 1 1 80
-1 -3  1  2 -3 -2 -2  5  1 -4 -4 -2 -5 -6 -4 -1  0 -3 -5 -2 1 0 0 15
-1 -4 -5 -6  0 -5 -5 -5 -5  3  3 -4  2 -1 -5 -3 -1  1 -2  4 1 0 0 -5
-2  2 -3 -3 -1 -1 -1 -5 -2  3  2 -2 -1 -2 -3 -2  1 -3  1  2 1 0 0 10
-4 -6 -7 -7 -5 -6 -6 -7 -6  5  5 -6 -1  1 -6 -6 -4 -5 -4  3 1 0 0 -5
 2  2  2  1 -2  1  0 -2  1 -4 -3  1 -3 -1 -1  1  1 -3 -2 -2 1 0 0 10
-4 -6 -7 -7  2 -6 -6 -7 -7  5  2 -6 -2 -1 -6 -5 -3 -6 -4  5 1 0 0 0
-4  5 -1 -1 -6 -1  0 -5  5 -4 -1  3 -3 -2 -5 -3 -3  0  3 -4 1 0 0 10
 2 -6 -6 -7 -3 -6 -6 -2 -6  2  1 -6 -3 -4 -6 -5 -3 -6 -5  6 1 1 0 5
-3  0 -2 -4 -6  5 -2 -4 -1 -1 -4  5 -3 -5 -5 -1  4 -6 -5 -2 1 1 1 -5
-1 -7 -7 -4 -8 -6 -6 -7 -7 -8 -6 -6 -7 -9  9 -4 -3 -9 -8 -6 1 1 1 -5
-2  4  4 -3 -6 -3 -3  4 -4 -7 -5  3 -5 -6 -5 -1 -3 -6 -4 -6 1 1 1 -5
 6 -5 -5 -5 -3 -3 -4  0 -6 -6 -6 -3 -5 -7 -5  4 -3 -7 -6 -4 1 1 0 15
-1  2 -2 -2 -3 -1 -3  0 -3 -6 -6  5 -5 -6 -2  4 -3 -6 -5 -6 1 1 0 55
-2  5 -1 -3  0  2  0 -4 -1 -3 -4  4 -3 -3 -4 -1  0 -5 -3 -2 1 1 0 80
-2 -3  4  5 -4 -1 -1 -2 -1 -3 -3 -3 -4 -3 -2  2  2 -6 -5 -3 1 1 1 0
 2  1 -1 -1  0  2  2  1 -2 -4 -2  1 -1 -2 -1  1 -2 -4 -3 -2 1 1 1 0
-3 -6 -6 -6 -3 -6 -3 -7 -6  6  1 -5 -1  2 -4 -5 -4 -2 -3  4 1 1 1 -5
 0 -1 -2  0  0 -1  1  1 -2  0 -1 -1 -1 -3  1  0  1 -4 -2  2 1 1 1 15
-1 -2 -1  0 -2 -2  0  6 -4 -2 -3  0 -3 -4 -3 -1 -3 -5 -3 -2 1 1 1 10
 0 -2 -2 -2  0 -1 -1 -3 -3  2  1 -2  0  1 -1 -1 -1  1  2  2 1 1 1 10
 0 -1  2  2 -3  0  2  0  4 -3 -3 -1 -2 -3 -2  1  0 -2 -2 -1 1 1 1 40
 0  0  0  3 -3  0  3 -2 -1 -1 -2 -1 -2 -2  2 -1 -1 -1 -2 -1 0 1 1 75
-1 -2 -1  0 -2 -1 -1  3  1  0 -1 -1 -2  0 -1 -1 -1  6  1 -2 0 1 1 95
 0  3  0  0 -2  0  0  3 -2 -2 -2  0 -1 -3 -1 -1 -1 -3 -3 -2 0 1 1 60
-1 -1  2  3 -3  0  2  1  1 -3 -2  1 -2 -3 -1  0 -1 -2 -2 -3 0 1 1 40
 2  2 -2 -1 -1  1  1 -1  1 -2 -2  0 -1 -1 -2  0 -1 -1  0  0 1 1 1 15
-3 -5 -5 -6 -1 -4 -5 -6 -5  3  5 -5  0  0 -5 -4 -3 -1  0  2 1 1 1 0
-1  2 -1 -1 -1  0  2 -1 -1 -2 -3  5 -3 -4 -3  0 -1 -5 -2 -1 1 1 1 55
 0 -5 -5 -5  0 -4 -5 -4 -5  5  1 -5  1 -1 -5 -4 -2 -5 -3  5 1 1 1 10
 1  5 -1 -1  2  1 -2 -3  0 -4 -3  3 -2 -3 -3  1 -1 -4  1 -3 1 1 1 35
-2 -5 -5 -5 -1 -5 -5 -6 -2  4  3 -5 -1 -3 -5 -4 -2 -5 -3  5 1 1 1 15
 2  2 -1 -2 -1  0 -2 -2 -1 -4 -4  2 -2 -4 -3  1  4 -5 -4 -2 1 1 1 50
 6 -3 -4 -3 -2 -1  1 -3 -4 -4 -4 -2 -4 -5 -4  1  0 -5 -5 -2 0 1 1 65
 0  0 -2 -4 -5  1 -3 -4 -3 -1 -3  0 -3 -4  7 -2 -2 -6 -5  1 0 1 1 45
 3 -5 -5 -5 -6 -5 -4 -5 -6 -6 -6 -4 -6 -7  8 -1 -4 -7 -6 -5 0 1 0 -5
-2  1 -3 -1 -4  1  3 -4 -1  2 -1 -1 -1 -3 -4 -2 -1 -5 -3  4 0 1 0 60
-2  0  1  5 -6  0  4 -1 -1 -6 -6  2 -5 -6 -4 -2 -3 -6 -5 -5 0 1 0 80
-2 -5  0 -1 -6 -5 -5  7 -5 -7 -7 -5 -6 -6 -5 -3 -5 -6 -6 -3 0 1 0 45
 2  2 -3 -3 -5  1  3 -3 -3 -5 -4  5 -4 -5 -4 -2 -3 -5 -4 -4 0 1 0 30
 7 -5 -5 -5 -1 -4 -4 -2 -5 -5 -5 -4 -4 -6 -4 -1 -3 -6 -5 -2 0 0 1 -5
-5 -4  9 -2 -6 -4 -4 -4 -3 -6 -4 -4 -5 -7 -6 -3  1 -7 -6 -6 0 0 1 20
 2  1  0  2 -4  1  2 -2 -2 -3 -3  3 -1 -4 -3  0  0 -5 -3 -2 0 0 1 75
 4 -2 -2 -2 -3  1  4 -2  4 -3 -3 -2 -1 -5 -3 -1 -2 -5 -2 -3 0 0 1 5
-2 -5 -6 -6  3 -5 -5 -6 -5  2  5 -5  2 -2 -5 -4 -3 -4 -4  3 0 0 1 -5
-1 -1 -4 -4  4 -1 -2 -4 -4  4  2 -3  0 -2 -4 -2  0 -4 -3  3 0 0 1 40
 1  3  0  0  2  1  2 -2 -1 -3 -3  3 -2 -4 -3 -1 -2 -4 -2 -2 0 0 1 45
-1 -3 -3 -5 -2 -4 -3 -5 -2 -1  2 -4  0  6 -5 -2 -3  1  4  0 0 0 1 15
-3 -5 -6 -6  0 -5 -5 -6 -5  2  5 -5  2  2 -5 -5 -1 -4 -3  1 0 0 1 -5
 5 -3 -3 -4 -2 -2 -3 -1 -4 -4 -3 -2 -1 -5 -4  4 -2 -5 -5 -3 0 0 1 25
-1  2 -1  2 -3  1  2 -1  0 -4 -4  5 -3 -5 -2  0 -2 -5 -3 -2 0 0 1 65
 1 -1 -2 -3 -1  1  0 -2  1  1  1 -1  0  0 -3 -1  0  1  0  1 0 0 1 15
-3 -5 -6 -6 -1 -5 -5 -6 -5 -1  4 -2  0  6 -4 -4 -3  1 -1 -2 0 0 1 35
-2  1  1 -2 -5 -2 -2  5  0 -6 -5  4 -4 -6 -4  0 -3 -5 -5 -5 1 1 0 65
 0  2  0 -3  0  0 -3 -2  0 -4 -4  1 -3 -5 -4  5  0 -5 -4 -1 1 1 0 0
 1  2  1  3 -2  3  1 -2  0 -4 -4  1 -2 -5 -2  1 -1 -5 -3 -4 1 0 0 35
-3 -6 -6 -5 -2 -5 -4 -6 -6  5  1 -5  0 -2 -5 -4 -3 -6 -4  5 1 0 0 0
-1  1 -1  0 -2  1  3 -3  0 -1 -2  0 -2 -2 -3  2  2 -2 -2 -1 1 0 0 40
-3 -5 -6 -6 -4 -5 -6 -6 -6  6  4 -5  0  0 -4 -5 -3 -5 -4  2 1 0 0 15
-1 -1 -1  0 -2 -1  1 -3 -3  2  1  0 -1 -2 -4 -2  0  1 -2  3 1 1 1 35
 1  3 -2 -3 -4  1 -2 -2  0 -5 -4  3 -2  0 -2  4 -1 -3 -1 -4 1 1 0 55
-4 -6 -4 -5  0 -6 -6  7 -6 -8 -8 -3 -7 -7 -6 -4 -6 -7 -7 -5 1 1 1 25
 2  0 -2  0 -4  2  3  0  4 -3 -1 -1 -2 -3 -3  0 -1 -1 -3 -3 0 0 0 45
-1  1 -1 -3 -3  0 -2 -3  0 -3 -1  3  0 -3 -4  1  5 -5 -4 -3 0 0 0 95
 1 -3  2 -1 -2 -2 -3  1 -1 -5 -6 -3 -5 -6 -4  6 -1 -6 -5 -5 0 0 0 65
-3  7 -3 -5 -6 -2 -4 -5  1 -4 -5  2 -5 -6 -1  0 -3 -6 -4 -2 1 1 0 50
-2  1  2  2 -4  2  1 -3  4 -2  0  1 -2 -3 -3  0 -1 -4  0 -2 1 0 0 20
-5 -2 -4 -5 -7 -3 -3 -6 -5 -7 -7  8 -6 -7 -5 -4 -5 -7 -6 -7 1 0 0 -5
-1  2 -3 -2 -2  3 -2 -4 -3  2  0  0 -1 -3 -4 -1  3 -2 -2  2 1 0 0 5
-3 -5 -6 -6 -2 -5 -6 -6 -6  4  3 -5 -1  1 -5 -5 -3 -2 -3  4 1 0 0 -5
 0  4 -3 -2 -1 -1  1 -3  0 -1  1  1  0 -2 -3 -2 -2 -2 -1  0 1 0 0 20
-3 -6 -6 -6 -1 -6 -6 -7 -6  6  2 -6  0  0 -6 -5 -4 -5 -3  4 1 0 0 -5
 0  1 -1  1 -3  1  3 -2  1 -2 -2  2 -2 -2  0  1  0 -2 -1 -2 1 0 0 40
 0 -3  2  2  0 -3 -2  5 -4 -4 -4 -2 -3 -4 -4  0 -2 -3 -5 -4 1 1 0 45
 0 -2 -1  2  0 -2 -1 -2 -3  2  1 -1  1 -2  0 -1 -1  0 -2  2 1 1 1 0
 0 -2 -1  2 -1 -2  0  0 -2 -3 -4  0 -3 -3  2  2  3 -5 -3 -2 1 1 1 5
 1  1 -2 -1 -4  1  2 -2 -2 -2 -1  1 -2 -3  3 -1  0 -4  0 -1 0 0 1 40
 0 -1 -1  4 -5  1  4 -2  0 -4 -4  0 -4 -5 -2 -1 -1 -5 -4 -3 0 0 1 65
 0  0 -2  1 -2  3  3 -2  0 -1  0  1 -1 -2 -2 -1  0 -3  1 -1 0 0 1 35
 2 -4 -4 -3 -2 -4 -3 -3 -4  3  2 -4  0  0 -4 -2 -1 -1 -3  3 0 0 1 -5
 0  2  0 -1 -3  0  0 -2 -2  1  2  0  0 -1 -1 -1 -1 -1  0  0 0 0 1 10
 1  2  0  1 -3  1  3 -1 -2 -4 -3  2 -3 -3 -3  1  0 -4 -3 -3 0 0 1 60
 0  2 -2 -3 -2  0 -1 -3 -3  2  2  2 -1  0 -3 -2 -2 -2 -2  0 0 0 1 5
-2 -5 -6 -6 -4 -5 -4 -6 -5  3  5 -5  1  0 -5 -5 -3 -4 -2  1 0 0 1 -5
 1  2  1  1 -3  2  1 -2 -1 -3 -2  2 -2 -2 -2  1  0 -4 -2 -2 0 0 1 35
 1  0  0  0 -4  2  4  0 -2 -4 -3  1 -2 -5  1  1 -1 -5 -4 -3 0 0 1 80
 0  1 -1 -2 -3  0  1 -2  1  0  0  2 -1 -1 -2  0 -1 -1  2  0 0 1 1 45
-2 -4 -3 -4 -1 -4 -3 -5 -4  3  4 -4  2  2 -5 -3 -2 -3 -1  0 1 1 0 30
-2 -3  1  0 -4  0 -3  6 -3 -5 -5  1 -4 -5 -4 -2 -1 -4 -4 -5 1 1 1 55
-1 -2  0  3 -2 -1  0  0 -2  0  2 -2  1 -2 -3 -1  0 -3 -2  1 1 1 1 35
-2  2 -1  1 -4  2  4 -3 -1 -2 -3  2 -2 -3  0 -1 -2 -3  0 -3 1 1 1 55
-1 -3 -3 -3 -2 -3 -3 -4 -3  4  2 -3  1 -1 -3 -2  2 -3 -2  3 1 1 1 5
-1 -2 -2 -2 -3 -2 -1 -2 -2 -3 -3 -1 -3 -4  8 -1 -1 -4 -3 -3 1 1 1 80
