 0 -2  0 -1 -2 -2 -2  5 -2 -4 -4 -2 -3 -3 -2  0 -2 -2 -3 -3 1 1 1 95
 1 -1  1  0 -1  0  0  0 -1 -2 -2  0 -1 -2 -1  4  1 -3 -2 -2 1 1 1 90
-2 -2 -1 -3 -3 -1 -2 -3  5 -1 -1 -2 -1  4 -3 -2 -2  1  5 -2 1 1 1 70
-1 -1 -2 -1 -2  0  2 -3 -2  1  1 -1  5 -1 -2 -1 -1 -2 -1  2 1 1 1 95
-1 -1 -1 -1 -2 -1 -1 -2 -2 -2 -2  1 -1 -3  5  1  4 -3 -2 -1 1 1 1 40
-1 -2 -3 -4 -2 -1 -1 -4 -3  0  2 -2  8 -1 -3 -2 -2 -3 -2  0 1 1 1 95
 1 -1  1  2 -2 -1  0  2 -2 -2 -3  0 -2 -3 -2  2  2 -3 -3 -1 1 1 0 50
 0 -3 -2  2 -2 -2 -1 -3 -3  1  0 -2  3 -2 -3 -1  1 -3 -2  3 0 0 1 25
 0  4 -1 -1 -4  1  2 -3 -1 -1 -3  4 -2 -3 -2 -1 -1 -4 -3 -2 0 0 1 20
 0 -1  0  4 -3  2  4 -2 -1 -3 -3  0 -2 -4 -2  1 -1 -4 -3 -1 0 0 1 65
-1 -1 -1  3 -4  3  4 -3 -1 -3 -3  0 -2 -4 -2 -1  1 -4 -3 -3 0 0 1 65
-2 -3 -4 -4 -2 -3 -4 -4 -3  4  3 -3  1  3 -4 -3 -2 -2 -1  1 0 0 1 -5
-2  4 -1 -2 -4  0 -1 -3  5 -3 -2  3 -2  1 -3 -2 -2 -3  1 -1 0 0 1 20
 2 -1  0  0 -2  1  2  0 -1 -2  0  0 -1 -3 -2  2  0 -3 -2 -1 0 0 1 45
-2  1 -1 -1 -4  6  2 -3 -1 -2 -3  2 -2 -4 -2 -1 -2 -3 -3 -3 0 0 1 45
-2 -3 -4 -4 -2 -3 -4 -4 -3  4  3 -3  3  2 -4 -3 -2  4 -1  1 0 0 1 0
 0 -2 -2 -1 -2  0  1 -3  1  2  0 -1  1 -1 -2  0  1 -3 -1  1 0 0 1 30
 0 -2  0  3 -3  0  3  3 -2 -4 -4 -1 -3 -4 -2  0 -1 -4 -3 -3 0 0 1 45
 4 -3 -3 -3 -2 -2 -2  0 -2  0 -2 -2 -1  1 -2  0 -1 -2  2  0 0 0 1 5
-2 -3 -4 -4 -2 -3 -3 -4 -2  0  3 -3  2  6 -4 -3 -2 -1  1 -1 0 0 1 0
 1  1 -1 -1 -3  1  3 -1 -1 -3 -3  3 -2 -3 -1  0  0 -3 -2 -2 0 1 1 60
-1 -2  2  3 -3 -1  1  4 -2 -4 -4 -1 -3 -4 -2  0 -1 -4 -3 -4 0 1 1 85
 5 -2 -2 -3 -2 -1 -2 -1 -3  0 -2  1 -1 -3 -2  0 -1 -4 -3  1 1 1 0 10
-2  0  1  4 -4  1  2 -2 -1 -3 -4  4 -3 -4 -2  0 -1 -4 -3 -2 1 1 0 55
-3 -4 -4 -5 -4 -4 -4 -4 -1 -2 -1 -4 -1  7 -5 -3 -3  0  5 -2 1 1 0 35
-2 -4 -3 -3 -4 -3 -3 -4 -4 -4 -4 -2 -4 -5  8 -2 -2 -5 -4 -4 0 1 1 50
-2 -4 -4 -4 -2 -4 -4 -5 -4  5  1 -4  0 -1 -4 -3 -1 -4 -2  4 0 1 1 0
 0  0  3  1 -3  1  2  0  0 -3 -3  3 -2 -4 -2  2 -1 -4 -2 -3 1 0 1 20
-1 -2  4  0 -2 -1  0 -2 -1 -2 -3 -1 -2 -3 -2  3  3 -4 -3 -2 0 0 1 0
-2  0 -2 -2 -4  2 -1 -3 -2 -2 -2  2  0 -4  6 -2 -2 -4 -3 -1 0 0 1 10
 0 -2 -2  2 -3  0  3 -3 -2  0  0 -1  5 -2 -2 -1 -1 -3 -2  1 0 0 1 70
 0 -1 -1  3 -4  0  5 -1 -1 -4 -4 -1 -3 -4 -2  0 -1 -4 -3 -3 0 0 1 25
-2 -3 -4 -5 -2 -3 -4 -5 -4  1  5 -4  1 -1 -4 -3 -2 -3 -2  1 0 0 1 -5
 0 -3 -3 -4 -2 -3 -3 -1 -3  2  2 -3  1  0 -3 -2 -1 -2  1  3 0 0 1 10
 2 -2  2  0 -2 -1  0 -1 -2 -3 -3  0 -2 -4  5  0 -1 -4 -3 -2 0 0 1 50
 5 -2 -2 -3 -1 -2 -2  1 -3 -2 -2 -2 -2 -3 -2  1  0 -4 -3  1 0 0 1 20
-3 -3 -4 -5 -3 -3 -4 -4 -3  0  4 -4  2  5 -4 -3 -2 -1  0  0 1 1 1 0
-2 -4 -3 -3 -4 -3 -3 -4 -4 -4 -4 -2 -4 -5  8 -2 -2 -5 -4 -4 0 1 1 75
 0 -1  3  3  4  1  1 -1 -1 -3 -3  2 -2 -4 -2  0 -1 -4 -3 -3 0 1 1 55
-1 -3 -2 -2 -4 -3 -3  7 -3 -5 -5 -3 -4 -4  1 -1 -3 -4 -4 -4 1 1 0 50
 3 -3 -3 -3 -2 -2 -2 -2 -3  0  0 -2 -1 -3  5 -1  0 -4 -3 -1 1 1 0 65
 1 -2  0  3 -3 -1  1  2 -2 -3 -3  0 -3 -4  2  2 -1 -4 -3 -3 1 1 1 25
-1 -2 -1 -2 -2 -2 -2 -3 -3 -1  0 -2  3 -2 -2  1  6 -3 -3 -1 1 1 1 20
-1  1  1 -1 -2 -1 -1  0 -2 -2 -3  2 -2 -3  3  1  4 -4 -3 -2 1 1 1 25
-2 -4 -4 -5  9 -4 -5 -2 -3  0 -1 -4 -2  5 -4 -3 -2 -2  0 -2 1 1 1 0
-1  2  0  0  0  2  3 -2  1 -3 -2  2 -2 -3 -1  1 -1 -3 -2 -2 1 1 1 45
 3 -2 -1 -1  0 -1 -1 -1 -1  0 -1 -1 -1 -1 -1  2  0 -2  1  1 1 0 1 35
-1 -3 -1  0 -4 -2 -1  6 -3 -5 -5  0 -4 -4 -3 -1 -2 -4 -4 -4 0 1 1 95
-2 -2  1  6 -4 -1  2  2 -2 -4 -5 -1 -4 -4 -2 -1 -2 -5 -4 -4 0 1 1 75
-1 -2 -3 -3  0 -2 -2 -4 -3  2  2  0  0  2 -3 -2  0 -2 -1  3 1 0 1 45
 0  0 -1  0 -3  0  4 -2 -1 -2 -3  2 -2 -3 -2  2  1 -4 -3 -1 1 1 1 45
-1 -2 -3 -3 -2 -2 -2 -3 -2  2  2 -2  4  2 -2 -2 -1  1 -1  3 1 1 1 5
-1 -1 -1 -2 -2 -1 -1  0 -2 -2 -2  0 -1 -3 -2  0  6 -3 -2 -1 1 1 1 15
 5 -3 -3 -3 -2 -2 -2  1 -3 -2 -2 -2  1 -3 -2  0 -1 -4 -3  0 0 1 1 5
 0 -1 -2  0 -3 -2 -2  4 -2 -1  0 -2  5  1 -3 -1 -2 -3 -2 -2 0 1 1 35
-2 -1 -1  4 -5  0  6 -3 -1 -4 -1 -1 -3 -4 -2 -1 -2 -4 -3 -3 0 1 1 30
 3 -3 -3 -3 -2 -2 -2 -2 -3  0  3 -2  1  2 -3 -1 -1 -2 -1  0 0 1 1 0
 1 -2  1 -2 -2 -2 -1  4 -2  0 -2 -1 -2 -3 -2 -1 -1 -3 -1  1 0 0 0 0
-1  2  0 -1 -3  0  0 -1 -2 -3 -3  4 -2 -4 -2  1  2 -4 -3 -2 0 0 0 75
-2  1 -3 -3 -2 -1 -2 -4 -2  0  3  1  1  2 -3 -2 -2 -2  1  1 0 0 0 35
 0 -3 -2 -3 -2 -2 -3  0 -3  2  4 -3  2 -1 -3 -2  0 -3 -2  0 1 1 0 5
-1  0  2  1 -2  0  0 -1 -1 -2 -2  2 -2 -3 -2  1  3 -3 -2 -2 1 1 1 60
 1 -2 -1  3 -3 -1  2  1  2 -3 -3 -1 -3 -2  3  0 -1 -3  1 -3 0 0 0 65
 0  0  1  1 -2  3  1  1 -1 -3 -3  1 -2 -3 -2  2  1 -3 -2 -2 0 0 0 85
-3 -3  0  7 -5 -1  2 -3 -2 -4 -5 -2 -4 -5 -3 -1 -2 -5 -4 -4 0 0 0 20
-4 -4 -4 -5 -4 -4 -5 -5 -2 -1 -1 -4 -1  8 -5 -4 -3  0  3 -2 1 1 0 35
-2 -4 -3 -3 -4 -3 -3 -4 -4 -4 -4 -2 -4 -5  8 -2 -2 -5 -4 -4 1 0 1 70
-3 -3 -4 -4 -3 -3 -4 -4 -1  2  1 -3  0  5 -4 -3 -2  0  5  0 1 1 1 5
-1  1  0  2 -4  1  3 -2 -1 -3 -3  4 -2 -4 -2 -1  0 -4 -3 -3 1 1 0 75
-1 -2  3  4 -3 -1  0 -1 -1 -3 -4 -1 -3 -4 -2  3  1 -4 -3 -3 0 0 1 35
 5 -3 -3 -3 -1 -2 -2 -1 -3 -1 -2 -2 -2 -1  2  0 -1 -3 -2  1 0 0 1 15
-1  0 -1  3 -4  2  4  0 -1 -4 -4  3 -3 -4 -2 -1 -2 -4 -3 -3 0 0 1 65
 1 -1  0  3 -3  2  2 -2 -1 -3 -3  0 -2 -3  0  1  0 -3 -1 -2 0 0 1 25
-2 -3 -4 -4 -2 -3 -4 -4 -4  1  3 -3  1  1 -4 -3 -1 -3 -1  4 0 0 1 -5
 4 -3 -3 -3 -1 -2 -2 -1 -3  1 -1 -2 -1 -2 -2  0 -1 -4 -2  3 0 0 1 -5
-1 -2  2  6 -4 -1  2 -2 -2 -3 -3 -1  1 -4 -2 -1 -2 -5 -4 -3 0 0 1 35
-1 -2 -1  4 -2 -1  0 -3 -2  1  1  0 -1 -2 -2 -1  2 -4 -2  1 0 0 1 10
-2 -3 -4 -4 -2 -3 -4 -4 -4  4  3 -3  2 -1 -4 -3 -1 -3 -2  3 0 0 1 0
 0 -3 -3 -4 -2 -2 -3 -3 -3  3  2 -3  3 -1 -3 -2  0 -3 -2  3 0 0 1 0
-1 -1  2  3 -3  1  3 -2 -1 -3 -3  0 -2 -3 -2  1  2 -3 -2 -2 0 0 1 60
-2  6 -1 -2 -3  2  0 -2 -1 -3 -2  2 -2 -3 -2 -1 -1 -3 -2 -3 0 0 1 55
 5 -2 -2 -3  3 -2 -2 -1 -3 -2 -2 -2 -2 -3 -2  0 -1 -3 -3 -1 0 0 1 35
-1 -2  0 -2 -3  1 -2  6 -2 -4 -4 -1 -3 -4 -3 -1 -2 -3 -3 -4 1 1 1 65
-2 -3 -4 -4 -2 -3 -4 -4 -4  1  5 -3  2  0 -4 -3 -2 -2 -2  0 1 1 1 15
