 0 -2 -1 -2 -1 -2 -2 -3 -3  2  0 -2  0 -2 -2  1  4 -3 -2  3 1 1 1 95
 1 -1  0  2 -2 -1 -1 -2 -2 -2 -2  0 -2 -3 -2  1  5 -3 -2 -1 1 1 1 60
 0 -3 -3 -4 -1 -3 -3 -3 -4  2  0 -3  2 -1 -3 -2  1 -3 -2  5 1 1 1 50
-1 -2  0  0 -2  0  2 -2 -2 -2 -2 -1 -2 -3 -2  1  5 -3 -2 -1 1 1 1 95
-1  0 -1 -2 -3  5  0 -3 -1 -1  0  0  4 -2 -2 -1  0 -3 -2  0 1 1 1 65
-1 -2 -3 -4 -2 -2 -3 -4 -3  2  1 -2  6 -1 -3 -2  0 -3 -2  3 1 0 1 25
-1  2 -1 -1 -4  1  0 -2 -1 -4 -3  6 -2 -4 -2 -1 -1 -4 -3 -3 1 1 1 75
-1 -5 -4 -5 10 -4 -5 -4 -4 -2 -2 -4 -2 -3 -4 -2 -2 -3 -3 -2 1 1 1 5
 5 -2 -2 -2 -1 -1 -1  0 -2 -2 -2 -1 -2 -3 -1  1 -1 -3 -2 -1 1 1 0 30
-1 -5 -4 -5 10 -4 -5 -4 -4 -2 -2 -4 -2 -3 -4 -2 -2 -3 -3 -2 1 1 0 5
-1 -1 -1  0 -3  2  3  0 -1 -4 -3  0 -2 -4  5  1 -1 -4 -3 -3 0 1 1 95
 1 -2  0  3 -2 -1  0 -1 -2 -3 -3 -1 -2 -3  1  4  1 -4 -3 -2 0 1 1 45
-1 -5 -4 -5 10 -4 -5 -4 -4 -2 -2 -4 -2 -3 -4 -2 -2 -3 -3 -2 1 1 1 5
-1 -2 -1 -3 -1 -2 -3 -3 -3  1  3 -2  1 -1 -3 -1  1 -3 -2  2 1 1 1 80
-1 -5 -4 -5 10 -4 -5 -4 -4 -2 -2 -4 -2 -3 -4 -2 -2 -3 -3 -2 1 1 1 15
-1 -2  0 -2 -2  0  0 -3 -3  3  0 -2  0 -1 -3 -2 -1 -3 -2  4 1 1 1 65
-1 -3 -4 -4 -1 -3 -3 -4 -4  3  0 -3  0 -1 -3 -2 -1 -4 -2  5 1 0 1 15
 0 -2  2  3 -2 -1  0 -1 -1 -3 -3 -1 -2 -3  3  3  1 -4 -3 -3 1 1 1 35
-1 -3 -3 -3 -2 -2 -3 -3 -3  2  3 -2  1  0  1 -1  0 -3 -2  2 0 1 1 40
 2 -1  1  0 -2  0  2 -1 -1 -2 -3 -1 -2 -3 -1  3  2 -3 -2 -1 0 1 1 85
-1  0  1  4 -3  1  2 -2 -1 -3 -3  3 -2 -4 -2  1  0 -4 -3 -3 0 1 1 90
 5 -2 -2 -2 -1 -1 -1  0 -2 -2 -2 -1 -2 -3 -1  1 -1 -3 -2 -1 1 1 0 10
-1 -3 -4 -4 -2 -3 -4 -4 -4  5  1 -3  1 -1 -3 -3 -1 -3 -2  4 1 0 0 45
 0  0  1  1 -3  3  2 -2 -1 -2 -2  2 -1 -3 -2  1  0 -3 -2 -2 1 0 0 45
-2  4  1 -1 -4  1  0 -2  1 -4 -3  5 -2 -4 -2 -1 -1 -4 -2 -3 1 1 0 75
-2 -1  4  5 -4  0  2 -2 -1 -4 -4 -1 -3 -4 -2  0 -1 -5 -3 -4 1 1 0 95
-1 -3  0  1 -3 -2 -1  6 -2 -4 -4 -2 -3 -4 -3 -1 -2 -3 -4 -4 1 1 0 65
-1  2 -1 -1 -4  3  0 -2  2 -3 -1  4 -1 -3 -2 -1 -1 -3 -2 -3 1 1 1 45
 2 -2 -1 -2 -2 -1 -2 -2  0 -2 -2 -1 -2  1  0  2  0  0  6 -1 1 0 0 35
-3 -3 -3 -4 -3 -2 -3 -4  1 -2 -2 -3 -2  4 -4 -3 -2  2  8 -2 1 0 0 15
-1 -5 -4 -5 10 -4 -5 -4 -4 -2 -2 -4 -2 -3 -4 -2 -2 -3 -3 -2 1 1 0 10
 0 -2 -1 -2  7 -2 -2  1 -2 -3 -3 -2 -2 -3 -2  4  0 -3 -3 -2 1 1 0 25
-1 -1  1  5 -4  2  3  0 -1 -4 -4  0 -3 -4 -2  1 -1 -4 -3 -3 0 0 1 70
 4 -2 -1  1 -2  0  2  0 -2 -2 -3 -1 -2 -3  1  0 -1 -3 -3 -1 0 0 1 20
-1 -5 -4 -5 10 -4 -5 -4 -4 -2 -2 -4 -2 -3 -4 -2 -2 -3 -3 -2 0 0 1 0
 5 -2 -2 -2 -1 -1 -1  0 -2 -2 -2 -1 -2 -3 -1  1 -1 -3 -2 -1 0 0 1 20
-1 -1  4  4 -3  0  2 -1 -1 -3 -4 -1 -3 -4 -2  1  0 -4 -3 -3 0 0 1 55
 0 -3  0 -2 -3 -2 -3  6 -3 -5 -5 -2 -3 -4 -3 -1 -2 -3 -4 -4 0 1 1 25
-2 -1  0 -2 -4  1 -1 -3  9 -4 -4 -1 -2 -2 -3 -2 -3 -3  1 -4 1 1 0 10
-1  1 -2 -2 -3  0 -1 -3 -2 -3 -3  1 -2 -4  7 -1  0 -4 -3 -1 1 1 1 70
-1 -1  4  4 -2  0  1  1  0 -3 -3 -1 -2 -3 -1  0 -1 -3 -2 -2 1 1 0 95
-1 -1  2 -1 -3 -1 -1  4  5 -4 -4  0 -3 -3 -2  0  0 -3 -1 -3 1 1 0 60
 2 -1 -1  0  2  0  1 -1 -1 -1 -2 -1 -1 -3 -1  2  1 -3 -2 -1 1 1 1 65
 0  0  0  1 -1  1  1 -1  0 -1 -1  2 -1 -1  2  0  0 -1 -1 -1 1 1 1 70
 1 -3 -1 -2 -3 -2 -3  6 -3 -4 -4 -2 -3 -4 -3 -1 -2 -3 -4 -4 1 1 1 10
 0 -4 -4 -4 10 -4 -4 -3 -4 -2 -2 -4 -2 -3 -4 -1 -2 -3 -3 -2 1 1 1 0
 0 -2  0  2 -3 -1  0  5 -2 -4 -4 -2 -3 -4 -2  1 -1 -3 -3 -4 1 1 0 95
 0 -1  0 -2 -4  0 -1 -3  9 -4 -4 -1 -2 -2 -3 -1 -2 -3  1 -4 1 1 0 50
 2 -1  0  0  3  0 -1  0  1 -2 -2  0 -2 -3  1  1  3 -3 -2 -1 0 1 1 95
 0 -3 -1 -2 -3 -3 -3  7 -3 -5 -5 -2 -4 -4 -3 -1 -2 -3 -4 -4 0 1 1 90
-1 -5 -4 -5 10 -4 -5 -4 -4 -2 -2 -4 -2 -3 -4 -2 -2 -3 -3 -2 1 1 1 5
 0 -1  3  1 -2  0  2  2 -1 -2 -3 -1 -2 -3 -2  1  2 -3 -2 -1 1 1 1 60
-1 -5 -4 -5 10 -4 -5 -4 -4 -2 -2 -4 -2 -3 -4 -2 -2 -3 -3 -2 1 1 1 -5
-2  0  1 -1 -4  2  0 -2  8 -4 -3 -1 -2 -2 -3 -1 -2 -3  1 -4 1 1 1 60
 2 -2 -1 -2 -2 -2 -2  5 -2 -3 -3 -2 -2 -3 -2  0 -1 -3 -3 -2 1 1 1 95
