 0 -2 -1 -2 -2 -1 -2 -2 -2 -2 -3 -1 -2 -3 -2  3  5 -4 -3 -1 1 1 1 95
 4 -2 -2 -2 -2  0  0 -1 -2 -2 -3 -1 -2 -3  1  2  2 -4 -3 -1 1 1 1 45
 0 -2 -1 -1 -2  0  1 -3 -2  0  1 -1  1 -2 -1  0  0 -3 -2  3 1 1 0 70
 1 -2 -1 -1 -2 -1 -2 -1 -2  2  0 -2  0  0  0  1  1 -3 -2  1 1 1 1 15
-1  1  2  1 -3  1  1 -1  0 -2 -2  0 -2 -1 -1  2  1 -3  0 -2 1 1 1 40
-1 -2 -3 -2 -2  2 -2 -1 -2  2  2 -2  2 -1 -2 -1 -1 -3 -1  2 0 1 1 20
-2 -2  3  4 -4  0  3 -2 -1 -3 -3  0 -3 -3  0  0  0 -4 -3 -1 0 1 1 80
-1 -1 -1  2 -1  2  4 -2 -1  0 -2  0 -2  0 -2  1 -1 -3 -2  0 1 1 0 55
 0 -1  1 -1 -2  0 -1 -1 -1  1  1 -1  0  1 -2  1  0  0  0  0 0 1 1 0
-1 -1 -1  1 -2  1  3  0 -2 -1  0  0  0  1 -1  1  0 -3 -2 -1 0 1 1 65
-1 -2  2  2 -3  0  3  2  0 -1 -3 -1 -1 -3  0 -1 -1 -4 -3  0 1 1 0 50
 0  0  0  0 -3  0  0  3 -2 -1 -1  2 -1 -2 -2  0 -1 -3 -3 -2 1 1 0 20
-1 -2  1  0 -3 -1 -2 -1 -3 -4 -4 -1 -3 -4  2  4  4 -4 -3 -3 1 1 1 60
-4 -4 -6 -6 -3 -4 -5 -6 -5  0  6 -5  0  1 -5 -5 -3  2  0 -1 1 1 0 0
-2  2 -1  3 -5  1  3 -3 -2 -4 -4  4 -3 -5  0  0 -2 -5 -4 -3 1 1 0 60
 0 -2 -1  3 -4  2  5 -3  0 -4 -4  1 -3 -4 -3  0 -1 -4 -2 -2 1 1 0 70
 3 -2 -3 -4 -2  0 -2 -2 -3  4  0 -2  3 -2 -3 -2 -1  0 -1  1 1 1 0 20
-1 -3 -3 -4 -1 -2 -4 -4 -4  2  1 -2  4 -2 -4 -2  0 -4 -3  5 1 1 1 15
 2  0  0  1 -4  1  4  1 -2 -4 -3  2 -3 -4 -2  0 -2 -4 -3 -3 1 1 0 40
 0  3  0  1 -3  2  2  0  1 -3 -3  1 -1 -3 -2  0  0 -4 -1 -2 0 0 1 95
 0 -2 -4 -4 -1 -2 -3 -4 -2  0  0 -3  0  6 -4 -3 -1  2  4  2 0 0 1 15
-3 -2 -3 -1 -6  0  8 -5 -2 -6 -5 -2 -5 -6 -4 -3 -3 -5 -5 -5 0 0 1 -5
 1  5 -2 -3 -1  0 -1 -3 -2 -4 -3  4 -3 -4 -3  1 -2 -4 -3 -3 0 0 1 50
 0  0  1  1 -2  3  3 -1 -1 -3 -3  1 -2 -4 -2  1 -1 -4 -3 -3 0 0 1 60
 0 -3 -4 -4 -2 -3 -4 -4 -4  3  3 -3  1  0 -4 -3 -1 -3  0  3 0 0 1 -5
-3 -4 -5 -5 -3 -4 -5 -6 -5  4  5 -4  0  0 -5 -4 -3 -4 -3  0 0 0 1 -5
 0  2 -1  0 -1  3  3 -3 -1 -1 -1  1 -1 -2 -2  0  1 -4 -3 -2 0 0 1 70
-1  4  1  0 -4  2  1 -1  2 -3 -3  3 -2 -4 -3  0 -1 -4 -2 -3 0 0 1 25
 3 -3 -2 -4 -2 -3 -3 -3 -3  0  3 -3  1  1 -3 -1 -1 -3  0  1 0 0 1 -5
-2 -3 -4 -5 -1 -2 -4 -5  0  0  3 -2  2  2 -4 -3 -3 -1  6  0 0 0 1 25
 1  1  1 -1 -3  1  2 -2 -1 -3 -2  2 -2 -4  3  0  0 -4 -3 -1 0 0 1 75
 0  1  1  1 -3  2  2 -1  0 -3 -2  2 -2 -4 -2  1  1 -4 -3 -3 0 0 1 55
-1 -2  0 -2 -1 -2 -2 -3  5 -3 -1 -2 -2  3 -4 -1 -2 -1  7 -3 1 1 0 0
-2  2 -1 -3 -4 -2 -2  1 -2 -4 -4  2 -2 -5  6 -2 -1 -5 -4 -2 1 1 1 60
-1 -3 -1 -2 -3 -2 -2 -3 -3 -4 -5 -1 -4 -5 -3  6  2 -5 -4 -4 1 1 0 45
 0 -3 -2 -3  0 -2 -2 -3 -3  1 -1 -2 -2 -1 -3  3  5 -4 -3  0 0 0 1 5
-4  8 -3 -4 -6 -1 -2 -5 -1 -5 -4  0 -4 -5 -4 -3 -1 -5  0 -3 0 0 1 60
-1  1 -2 -2 -4  4  1 -3  0 -4 -2  5 -2 -4 -3 -1 -1 -4 -3 -4 0 0 1 50
 2 -3 -4 -4 -2 -3 -3 -3 -4  2  3 -3  2 -2 -3 -2  0 -3 -3  1 0 0 1 -5
 6 -4 -3 -4 -3 -3 -3  2 -4 -4 -4 -3 -3 -4 -3  0 -2 -5 -4 -2 0 0 1 0
 0  2  0 -1 -4  2  1 -2 -2 -4 -3  5 -3 -4 -3 -1 -1 -4 -3 -3 0 0 1 70
 1  4 -2 -3 -3  0  0 -3 -1 -1 -1  2 -1 -3 -3 -1 -1 -4 -1  0 0 0 1 55
-3 -4 -5 -6 -3 -4 -5 -6 -5  0  6 -5  0  0 -5 -4 -3 -3 -3  0 0 1 1 0
-1 -2  1 -2 -4  0 -2  6  1 -5 -5 -1 -4 -5 -4 -2 -3 -4 -4 -5 0 1 1 40
-2 -4 -4 -5 -2 -4 -4 -5 -4  3  2 -4  1 -2 -4 -3  1 -4 -3  5 1 1 0 20
-1 -3  2  1 -3 -2 -2 -2 -3 -4 -5 -2 -4 -5 -3  6  1 -5 -4 -4 1 1 1 65
-1 -2  0 -3 -5  2 -2 -4 10 -6 -5 -3 -4 -4 -4 -3 -4 -5 -1 -5 0 1 1 35
-1 -3  0 -3 -3 -2 -3 -3 -3 -3 -4 -2 -3 -4  1  3  6 -5 -4 -2 0 0 1 65
 4 -3 -2 -3 -2 -2 -2 -2 -3 -3 -2 -1 -1 -4 -3  2  5 -4 -3 -2 0 0 1 40
-2 -4 -5 -5 -3 -4 -5 -5 -5  5  2 -4  0 -2 -4 -4 -2 -4 -3  4 0 0 1 -5
 3 -2 -3 -4 -2 -3 -3 -2 -3  2  2 -3  1  0 -3 -1 -2 -3 -2  2 0 0 1 15
-3  3  6  0 -5  0 -2 -3  1 -5 -4  2 -1 -5 -4 -1 -2 -5 -4 -4 0 0 1 65
-3  3 -2 -3 -5 -1 -1 -4 -3 -5 -5  7 -4 -5 -3 -2 -3 -5 -4 -5 0 0 1 35
 0 -4 -5 -5  0 -3 -4 -4 -4  3  4 -4  4 -1 -4 -3 -2 -3 -3  0 0 0 1 -5
 0  5  0 -3 -5  1 -1 -3  0 -4 -4  4 -3 -5 -3 -1 -2 -4 -3 -4 0 0 1 55
-1  3 -1  1 -4  2  2 -2 -2 -4 -3  5 -3 -4 -3  0 -2 -4 -3 -4 0 1 1 65
-4 -4 -4 -5 -5 -4 -4 -5  5 -4 -2 -4 -3  1 -5 -4 -4  2  9 -4 0 1 1 40
-1 -1  2 -1 -4  0 -1  6  1 -5 -5  0 -4 -5 -3 -1 -3 -4 -4 -5 0 1 1 75
-3 -4 -5 -5 -3 -4 -5 -6 -5  6  4 -4  0 -2 -5 -4 -3 -4 -3  1 1 1 1 15
 1  1  2  0  0 -1 -1  3 -2 -3 -3  0 -2 -4 -1  2  0 -4 -3 -2 1 1 1 10
-2  2 -1 -2 -4  3  0 -3 -2 -4 -4  6 -2 -4 -2 -1 -2 -4 -3 -4 1 1 1 95
