 0 -3 -3 -3  8 -3 -3 -2 -3 -1 -1 -3 -1 -2 -3 -1 -1 -2 -2 -1 1 1 1 95
-1 -2 -2 -2 -3 -1 -1 -2 -2 -3 -3 -1 -3 -4  8  0 -1 -4 -3 -3 1 1 1 85
-1  0 -1  1 -4  2  5 -2  0 -4 -3  2 -2 -4 -1  0 -1 -3 -2 -3 1 1 1 75
-2 -3 -4 -4 -2 -3 -4 -4 -4  5  1 -3  1  0 -3 -3 -1 -3 -2  2 1 1 1 95
-1  0 -1  1 -4  2  5 -2  0 -3 -3  2 -2 -4 -1  0 -1 -3 -2 -3 1 1 1 90
 5 -2 -2 -2 -1 -1 -1  0 -2 -2 -2 -1 -1 -3 -1  1  0 -3 -2  0 1 1 1 65
-1  1  0 -1 -3  5  1 -2  2 -3 -3  3 -1 -2 -2  0 -1 -2  1 -3 1 1 1 60
-2 -2  1  5 -3 -1  1  2 -2 -3 -2 -1 -3 -3 -2 -1 -1 -4 -3 -3 1 1 0 70
 0  1  2  2 -2  1  0 -1 -1 -3 -3  1 -2 -3 -1  3  0 -3 -2 -2 1 1 0 95
-1  0  0  2 -4  1  5 -2 -1 -3 -3  3 -2 -4 -1  0 -1 -3 -2 -3 1 1 1 65
-1 -4 -3 -4 10 -4 -4 -3 -4 -2 -2 -4 -2 -3 -3 -1 -1 -3 -3 -1 1 1 1 35
-2 -3 -4 -4 -2 -2 -3 -4 -3  2  4 -3  2  0 -3 -3 -1 -2 -1  1 1 1 1 30
-1  2 -1 -1 -3  1  1 -2 -1 -2 -2  5 -1 -3 -1 -1 -1 -3 -2  0 1 1 1 60
-1 -1 -1  1 -4  1  5  1 -1 -4 -3  0 -2 -4 -2  0 -1 -3 -3 -3 1 0 1 65
-2 -2 -3 -4 -3 -2 -3 -4  1 -2 -2 -2 -1  3 -3 -2 -2  2  8 -2 1 1 1 60
 0 -3 -1 -2 -3 -2 -3  6 -3  0 -3 -2 -2 -3 -3 -1 -2 -3 -3 -2 1 1 1 25
 0 -2 -1 -1 -2 -1 -1  5 -2 -2 -3 -1 -2 -3 -2  0 -1 -2 -3 -1 1 1 0 40
-2 -2  2  6 -4 -1  1 -2 -1 -4 -4 -1 -3 -4 -2 -1 -1 -5 -3 -4 1 1 0 55
 1 -3 -3 -1 -1 -2 -2 -3 -3  2  0 -2  0 -1 -2 -1  0 -3 -2  4 1 1 1 0
 0 -3 -1  0 -3 -2 -2  6 -2 -4 -4 -2 -3 -4  2 -1 -2 -3 -3 -3 1 1 0 5
-2 -3 -3 -4 -3 -3 -3 -3 -2  0  1 -3  0  6  2 -3 -2  0  2 -1 0 1 1 30
 0  1  0 -1 -2 -1 -1  3 -2 -3 -3  0 -2 -3  2  2  1 -3 -2 -2 0 1 1 40
-3 -3 -3 -4 -3 -3 -3 -4 -1 -1  0 -3 -1  6 -4 -3 -2  1  5 -1 0 1 1 20
-1 -4 -3 -4 10 -4 -4 -3 -4 -2 -2 -4 -2 -3 -3 -1 -1 -3 -3 -1 1 1 1 30
 4 -2  1 -2 -1 -1 -1  0 -2 -1 -1 -1  2 -2 -1  1  0 -3 -2 -1 1 1 0 15
 0 -2 -2 -2 -3 -2 -2 -2 -3 -1 -2 -1 -2 -3  7 -1 -1 -4 -3 -1 0 1 1 95
-2  5 -1 -2 -3  1  1 -3 -1 -2 -1  3 -1 -3 -2 -1 -1 -3 -2 -2 0 1 1 80
-2 -3 -4 -4 -2 -3 -4 -4 -3  5  1 -3  1  2 -3 -3 -1 -2 -1  2 1 1 1 55
-3 -3 -3 -4 -3 -3 -3 -4 -1 -1  0 -3  0  6 -4 -3 -2  1  4 -1 1 1 1 90
-1 -3 -2 -2 -3 -2 -2 -3 -3 -3 -3 -1 -3 -4  8 -1 -2 -4 -3 -3 1 1 1 30
 0 -1  0 -1 -1 -1 -1 -1 -2 -2 -2 -1 -1 -3 -1  3  4 -3 -2 -1 1 1 1 35
-2 -3 -3 -4 -2 -3 -3 -4 -3  2  3 -3  1  4 -3 -3 -1 -1  1  1 0 0 1 30
-1 -4 -3 -4 10 -4 -4 -3 -4 -2 -2 -4 -2 -3 -3 -1 -1 -3 -3 -1 0 0 1 5
-2  1 -2  1 -3 -1 -1 -3  1 -1 -2 -1 -1  2 -3 -2 -2  1  7 -1 0 0 1 75
-1  4 -1 -1 -2  3  0 -2 -1  0 -2  1 -1 -3 -2  0  2 -3 -2 -1 0 0 1 50
-2  4  5  0 -3  0  0 -1  0 -3 -3  2 -2 -3 -2  0 -1 -4 -2 -3 0 0 1 45
-1 -4 -3 -4 10 -4 -4 -3 -4 -2 -2 -4 -2 -3 -3 -1 -1 -3 -3 -1 0 0 1 10
-2  6 -1 -2 -4  3  0 -3  0 -3 -3  2 -2 -3 -2 -1 -1 -3 -2 -3 0 0 1 60
 0  1  1  0 -3  2  2 -2 -1 -2 -2  3 -1  1 -1  1 -1 -2 -1 -2 0 0 1 75
-2 -2  4  4 -3 -1  0 -2  0 -1 -2 -1 -2  1 -2  0 -1 -2  2 -2 0 0 1 25
-1  2 -1 -1 -4  1  0 -2 -1 -3 -3  5 -2 -4 -1 -1 -1 -3 -2 -3 1 1 1 60
 0 -3 -1 -2 -3 -2 -3  6 -2 -4 -4 -2 -3 -4 -3 -1 -2 -3 -4 -4 1 1 1 35
 5 -2 -2 -2 -1 -1 -1  0 -2 -2 -2 -1 -1 -3 -1  1  0 -3 -2  0 1 1 1 25
-1  2  1 -1 -3  1  0 -2 -1 -2  0  5 -1 -3 -2 -1 -1 -3 -2 -2 1 1 0 45
 0 -3 -1 -2 -3 -2 -2  6 -2 -4 -4 -2 -3 -3 -2  0 -2 -3 -3 -3 1 0 0 30
 0 -3 -1 -2 -3 -2 -3  6 -2 -4 -4 -2 -3 -4 -3 -1 -2 -3 -4 -4 1 0 0 40
-1  4 -1 -1 -3  1  0 -2 -1 -1 -2  4 -1 -3 -2 -1  0 -3 -2 -1 1 0 0 70
-1 -4 -3 -4 10 -4 -4 -3 -4 -2 -2 -4 -2 -3 -3 -1 -1 -3 -3 -1 1 0 0 30
-1  4 -1 -2 -2  1  0 -2 -1  1  0  2  0 -2 -2 -1 -1 -2 -1  0 1 1 1 35
-1 -2 -2 -3 -2  1 -1 -2  2 -3 -2 -2 -1  0 -3 -2 -2 10  1 -2 1 1 0 75
 0 -2  0  1 -3 -1  1  5 -2 -3 -3 -1 -2 -3  2  0 -1 -2 -3 -3 1 1 1 20
 0  0  0  1 -3  3  3 -1  0 -3 -2  2 -1 -3 -1  0 -1 -2 -2 -2 1 1 1 65
 0  0  2  0 -2  0  1  4  2 -3 -3  0 -2 -2 -1  0 -1 -2 -1 -2 1 1 0 55
 0  0  2  3 -2  0  0  1 -1 -3 -3  1 -2 -3 -1  2  1 -3 -2 -2 1 1 0 65
 0  0  4  1 -3  0  0  1  3 -3 -2  1  0 -3 -2  0 -1 -3 -2 -2 1 1 0 85
-1 -3 -3 -4 -1 -3 -3 -4 -3  3  2 -3  1  1 -3 -2 -1 -2 -1  4 1 1 0 5
-1  2  0 -1 -3  1  0 -2 -1 -2 -2  5 -1 -3 -1  0  1 -3 -2 -2 1 1 1 30
-1 -4 -3 -4 10 -4 -4 -3 -4 -2 -2 -4 -2 -3 -3 -1 -1 -3 -3 -1 1 0 0 0
-2 -3 -4 -4 -2 -3 -3 -4 -3  1  4 -3  1  4 -3 -3 -2 -1  1  0 1 0 0 15
-1 -4 -3 -4 10 -4 -4 -3 -4 -2 -2 -4 -2 -3 -3 -1 -1 -3 -3 -1 1 0 0 10
-2 -2  3  6 -4 -1  1 -2 -1 -4 -4 -1 -3 -4 -2  0 -1 -5 -3 -4 1 0 0 10
-2 -3 -3 -3 -3 -3 -3 -3  0 -1  0 -3 -1  6 -4 -1 -2  1  6 -1 1 1 0 60
-1 -4 -3 -4 10 -4 -4 -3 -4 -2 -2 -4 -2 -3 -3 -1 -1 -3 -3 -1 1 1 1 40
 0  1  3  1 -2  0  0  1 -1 -3 -3  1 -2 -3 -1  3  0 -3 -2 -2 1 1 0 50
-1 -1  1  5 -3  0  3 -2  2 -3 -4  0 -3 -3 -2  1 -1 -4 -2 -3 1 1 0 70
 0  0  0  1 -2  1  3 -2 -1 -1 -2  2 -1 -3 -1  1  1 -3 -2 -1 1 1 1 70
-1 -3 -2 -2 -3 -2 -1 -3 -3 -3 -3 -1 -3 -4  8 -1 -1 -4 -3 -3 1 1 1 65
 0  0  2  0 -2  3  1 -1  0 -3 -3  0 -1 -3 -1  3  1 -3 -2 -2 1 1 1 95
